0.009149 0.000010 0.000010 0.000010 0.990801 0.000010 0.000010
0.003895 0.011723 0.000010 0.000010 0.967970 0.016382 0.000010
0.000010 0.000010 0.000010 0.000010 0.999940 0.000010 0.000010
0.000010 0.000010 0.000010 0.013913 0.985228 0.000818 0.000010
0.019077 0.005201 0.000010 0.000010 0.975682 0.000010 0.000010
0.000010 0.000010 0.000010 0.000010 0.999940 0.000010 0.000010
0.000010 0.005378 0.000010 0.000010 0.994572 0.000010 0.000010
0.640990 0.036405 0.000010 0.188846 0.000013 0.133727 0.000010
0.999940 0.000010 0.000010 0.000010 0.000010 0.000010 0.000010
0.336985 0.074283 0.000010 0.264977 0.000010 0.323725 0.000010
0.999940 0.000010 0.000010 0.000010 0.000010 0.000010 0.000010
0.000011 0.000010 0.999939 0.000010 0.000010 0.000010 0.000010
0.000010 0.000010 0.999940 0.000010 0.000010 0.000010 0.000010
0.000010 0.999940 0.000010 0.000010 0.000010 0.000010 0.000010
0.000010 0.000010 0.999940 0.000010 0.000010 0.000010 0.000010
0.000010 0.000010 0.999940 0.000010 0.000010 0.000010 0.000010
0.032183 0.034468 0.000010 0.869990 0.000010 0.063328 0.000010
0.000010 0.000010 0.999940 0.000010 0.000010 0.000010 0.000010
0.000010 0.051811 0.000860 0.849967 0.000537 0.096805 0.000010
0.000010 0.999940 0.000010 0.000010 0.000010 0.000010 0.000010
0.000010 0.025890 0.000010 0.000010 0.974060 0.000010 0.000010
0.000010 0.000010 0.999940 0.000010 0.000010 0.000010 0.000010
0.000015 0.000010 0.999935 0.000010 0.000010 0.000010 0.000010
0.000010 0.000010 0.000010 0.000010 0.999940 0.000010 0.000010
0.056390 0.027843 0.048104 0.766856 0.018267 0.082530 0.000010
0.492009 0.017536 0.000010 0.077543 0.000010 0.412883 0.000010
0.033404 0.010390 0.000010 0.033434 0.922742 0.000010 0.000010
0.029193 0.000010 0.007861 0.050268 0.907538 0.005120 0.000010
0.999940 0.000010 0.000010 0.000010 0.000010 0.000010 0.000010
0.999940 0.000010 0.000010 0.000010 0.000010 0.000010 0.000010
0.000010 0.000010 0.999940 0.000010 0.000010 0.000010 0.000010
0.563804 0.009906 0.000010 0.323028 0.015131 0.062384 0.025737
0.289803 0.000010 0.007486 0.022734 0.040322 0.000010 0.639636
0.000010 0.000010 0.999940 0.000010 0.000010 0.000010 0.000010
0.000010 0.028778 0.000010 0.000010 0.000010 0.000010 0.971172
0.000010 0.000010 0.999940 0.000010 0.000010 0.000010 0.000010
0.000010 0.000010 0.999940 0.000010 0.000010 0.000010 0.000010
0.000010 0.037850 0.034737 0.701375 0.000010 0.171582 0.054436
0.060498 0.025054 0.000010 0.012709 0.901708 0.000010 0.000010
0.000010 0.000010 0.025593 0.027069 0.947298 0.000010 0.000010
0.000010 0.011876 0.000010 0.000010 0.988074 0.000010 0.000010
0.000010 0.000010 0.000010 0.048213 0.920415 0.031332 0.000010
0.035396 0.018500 0.000010 0.015730 0.929903 0.000010 0.000451
0.001317 0.000010 0.010472 0.018176 0.970005 0.000010 0.000010
0.000010 0.015130 0.000010 0.448091 0.518700 0.018049 0.000010
0.000010 0.000010 0.999940 0.000010 0.000010 0.000010 0.000010
0.000010 0.000010 0.999940 0.000010 0.000010 0.000010 0.000010
0.000010 0.000010 0.963303 0.000010 0.000010 0.000010 0.036647
0.000010 0.000010 0.999940 0.000010 0.000010 0.000010 0.000010
0.000010 0.000010 0.999940 0.000010 0.000010 0.000010 0.000010
0.000010 0.024897 0.969275 0.000010 0.000010 0.000010 0.005788
0.000010 0.029753 0.970197 0.000010 0.000010 0.000010 0.000010
0.000010 0.000010 0.000010 0.000010 0.999940 0.000010 0.000010
0.272881 0.091001 0.082904 0.069133 0.186604 0.087763 0.209714
0.000010 0.000010 0.000010 0.000010 0.999940 0.000010 0.000010
0.000010 0.000010 0.000010 0.000010 0.999940 0.000010 0.000010
0.072349 0.000010 0.000010 0.030412 0.897199 0.000010 0.000010
0.000010 0.000010 0.000010 0.000010 0.999940 0.000010 0.000010
0.000010 0.007885 0.992065 0.000010 0.000010 0.000010 0.000010
0.000010 0.000010 0.999940 0.000010 0.000010 0.000010 0.000010
0.000010 0.071902 0.928048 0.000010 0.000010 0.000010 0.000010
0.000010 0.000010 0.999940 0.000010 0.000010 0.000010 0.000010
0.286462 0.000010 0.026682 0.000010 0.100427 0.010632 0.575777
0.000010 0.000010 0.000010 0.000010 0.999940 0.000010 0.000010
0.000010 0.000010 0.000010 0.000010 0.999940 0.000010 0.000010
0.403885 0.043414 0.070049 0.074051 0.185023 0.072824 0.150755
0.000010 0.061440 0.000010 0.000010 0.000010 0.000010 0.938510
0.000010 0.695172 0.000010 0.000010 0.000010 0.304778 0.000010
0.000010 0.063061 0.936889 0.000010 0.000010 0.000010 0.000010
0.000010 0.069544 0.930406 0.000010 0.000010 0.000010 0.000010
0.092675 0.000010 0.000010 0.907275 0.000010 0.000010 0.000010
0.000010 0.007015 0.992935 0.000010 0.000010 0.000010 0.000010
0.000010 0.000010 0.999940 0.000010 0.000010 0.000010 0.000010
0.000010 0.000010 0.999940 0.000010 0.000010 0.000010 0.000010
0.509763 0.014211 0.000010 0.037094 0.000010 0.000010 0.438902
0.000010 0.098070 0.000010 0.006132 0.000010 0.033689 0.862079
0.825399 0.000010 0.000010 0.135389 0.000010 0.039172 0.000010
0.913202 0.000010 0.000010 0.000010 0.086748 0.000010 0.000010
0.864376 0.000010 0.000010 0.077692 0.000010 0.057892 0.000010
0.132541 0.000010 0.032774 0.000010 0.062269 0.000639 0.771757
0.866179 0.000010 0.000010 0.094007 0.000010 0.039773 0.000010
0.269599 0.044315 0.000010 0.000010 0.000010 0.000010 0.686047
0.000010 0.000011 0.999939 0.000010 0.000010 0.000010 0.000010
0.000010 0.000010 0.999940 0.000010 0.000010 0.000010 0.000010
0.000010 0.000010 0.999940 0.000010 0.000010 0.000010 0.000010
0.000010 0.502716 0.052788 0.000010 0.000010 0.444456 0.000010
0.840155 0.027257 0.000010 0.132548 0.000010 0.000010 0.000010
0.000010 0.000010 0.999940 0.000010 0.000010 0.000010 0.000010
0.026518 0.000010 0.000010 0.866680 0.081143 0.025629 0.000010
0.000010 0.000010 0.999940 0.000010 0.000010 0.000010 0.000010
0.627982 0.055461 0.000010 0.181375 0.000010 0.135153 0.000010
0.814199 0.000010 0.000010 0.140782 0.000010 0.044980 0.000010
0.727381 0.001071 0.016412 0.196379 0.000010 0.058738 0.000010
0.316035 0.000010 0.023241 0.000010 0.062151 0.000010 0.598543
0.908021 0.000010 0.000010 0.000010 0.091929 0.000010 0.000010
0.000010 0.000010 0.999940 0.000010 0.000010 0.000010 0.000010
0.000010 0.042306 0.957644 0.000010 0.000010 0.000010 0.000010
0.811361 0.000010 0.000010 0.000010 0.158706 0.015732 0.014171
0.096173 0.008868 0.000010 0.841066 0.000010 0.053862 0.000010
0.998484 0.000010 0.000010 0.000010 0.001466 0.000010 0.000010
0.135545 0.488600 0.000010 0.021073 0.012611 0.014881 0.327279
0.000010 0.018420 0.924175 0.000010 0.000010 0.000010 0.057365
0.000010 0.000010 0.074565 0.000010 0.476977 0.000010 0.448418
0.534253 0.000010 0.014090 0.414050 0.037577 0.000010 0.000010
0.000010 0.000010 0.000010 0.501575 0.498375 0.000010 0.000010
0.000010 0.000010 0.000010 0.999940 0.000010 0.000010 0.000010
0.614857 0.000010 0.000010 0.246958 0.104405 0.033750 0.000010
0.560406 0.007721 0.000010 0.363109 0.061708 0.000010 0.007037
0.556724 0.000010 0.000010 0.438736 0.000010 0.000010 0.004500
0.113287 0.004730 0.005958 0.875995 0.000010 0.000010 0.000010
0.087091 0.127810 0.000010 0.109577 0.007694 0.075192 0.592625
0.744926 0.000010 0.000010 0.000010 0.171246 0.000010 0.083789
0.221176 0.576163 0.009836 0.016297 0.000010 0.011196 0.165322
0.000010 0.144845 0.000010 0.000010 0.000010 0.000010 0.855105
0.887825 0.007699 0.034224 0.059281 0.000010 0.000010 0.010951
0.461175 0.009670 0.000010 0.056071 0.464521 0.008544 0.000010
0.000010 0.105063 0.026664 0.000010 0.000010 0.387659 0.480585
0.055192 0.052558 0.027349 0.220890 0.000010 0.610114 0.033887
0.000010 0.065783 0.024993 0.184697 0.000010 0.724498 0.000010
0.239057 0.293865 0.004882 0.049744 0.163804 0.000010 0.248638
0.000010 0.052638 0.000010 0.181588 0.000010 0.765734 0.000010
0.527458 0.037878 0.000010 0.099714 0.000010 0.313046 0.021883
0.000010 0.091281 0.000010 0.188365 0.000010 0.720314 0.000010
0.000010 0.000010 0.069885 0.467144 0.000010 0.254508 0.208432
0.370821 0.000010 0.000010 0.000010 0.268548 0.000010 0.360591
0.126222 0.000010 0.012143 0.076028 0.770274 0.015313 0.000010
0.584639 0.000010 0.000010 0.039845 0.375476 0.000010 0.000010
0.378232 0.022486 0.008100 0.303953 0.000010 0.245352 0.041867
0.999940 0.000010 0.000010 0.000010 0.000010 0.000010 0.000010
0.914820 0.000010 0.000010 0.085130 0.000010 0.000010 0.000010
0.927568 0.000010 0.000010 0.012765 0.014706 0.044931 0.000010
0.282328 0.020405 0.019185 0.484314 0.000010 0.143730 0.050028
0.894882 0.017571 0.000010 0.016135 0.009865 0.061527 0.000010
0.362646 0.005220 0.038068 0.380948 0.000010 0.170895 0.042212
0.000010 0.447203 0.069941 0.000010 0.013501 0.381479 0.087856
0.156807 0.014851 0.000010 0.000010 0.000010 0.000010 0.828303
0.000010 0.759434 0.000010 0.000010 0.000010 0.000010 0.240516
0.057197 0.407270 0.000010 0.000010 0.012079 0.000010 0.523423
0.339092 0.274636 0.000010 0.060149 0.037079 0.000010 0.289024
0.000010 0.000010 0.000011 0.000010 0.706776 0.210064 0.083119
0.178860 0.377671 0.074784 0.059143 0.062819 0.080524 0.166199
0.000010 0.445555 0.009761 0.019530 0.496135 0.029000 0.000010
0.000010 0.009168 0.100707 0.525158 0.000010 0.292836 0.072112
0.203730 0.502568 0.040713 0.006323 0.032952 0.014987 0.198727
0.015339 0.056619 0.102947 0.377590 0.014424 0.350588 0.082493
0.000010 0.999940 0.000010 0.000010 0.000010 0.000010 0.000010
0.000010 0.999940 0.000010 0.000010 0.000010 0.000010 0.000010
0.000010 0.010027 0.043281 0.809596 0.000010 0.136901 0.000176
0.000010 0.018272 0.072570 0.470060 0.000010 0.403837 0.035240
0.237856 0.130976 0.000010 0.092688 0.008997 0.116562 0.412910
0.048528 0.462265 0.122065 0.019930 0.017701 0.000137 0.329375
0.000010 0.000010 0.065064 0.703701 0.000010 0.213671 0.017534
0.000010 0.015792 0.058738 0.647932 0.000010 0.212103 0.065415
0.000010 0.022787 0.038695 0.541250 0.000010 0.329909 0.067339
0.212317 0.568174 0.000010 0.044404 0.000010 0.000010 0.175075
0.000010 0.032838 0.040253 0.545656 0.000010 0.304355 0.076878
0.000010 0.051427 0.011651 0.643843 0.000010 0.213981 0.079078
0.051434 0.057207 0.005028 0.398986 0.000010 0.436856 0.050479
0.111670 0.018923 0.003984 0.030013 0.835390 0.000010 0.000010
0.133285 0.117000 0.000010 0.286490 0.000010 0.463196 0.000010
0.000010 0.538914 0.000010 0.000010 0.000010 0.461036 0.000010
0.000010 0.000010 0.066419 0.708764 0.000010 0.178728 0.046059
0.000010 0.008349 0.069328 0.630181 0.000010 0.254804 0.037318
0.000010 0.000012 0.049860 0.697875 0.000010 0.188451 0.063783
0.000010 0.999940 0.000010 0.000010 0.000010 0.000010 0.000010
0.000010 0.024804 0.000010 0.000010 0.975146 0.000010 0.000010
0.695062 0.036034 0.000010 0.144351 0.000010 0.124523 0.000010
0.032669 0.000010 0.082945 0.000010 0.121052 0.000010 0.763304
0.530851 0.445126 0.000010 0.000010 0.000010 0.008936 0.015057
0.000010 0.201592 0.000010 0.000010 0.000014 0.000010 0.798354
0.000010 0.000010 0.000010 0.000010 0.000010 0.000010 0.999940
0.432955 0.246489 0.000010 0.000010 0.029868 0.000010 0.290659
0.000010 0.606793 0.000010 0.012419 0.000010 0.380749 0.000010
0.000010 0.418695 0.020352 0.023094 0.000010 0.007768 0.530071
0.405969 0.000010 0.031476 0.000010 0.155083 0.046873 0.360579
0.011148 0.000010 0.000010 0.000010 0.940667 0.048145 0.000010
0.104385 0.089975 0.512674 0.043543 0.020894 0.052879 0.175649
0.000016 0.179208 0.000010 0.000010 0.000010 0.000010 0.820735
0.000010 0.999940 0.000010 0.000010 0.000010 0.000010 0.000010
0.000010 0.273441 0.000010 0.000010 0.000010 0.000010 0.726509
0.000010 0.999940 0.000010 0.000010 0.000010 0.000010 0.000010
0.000010 0.000010 0.999939 0.000011 0.000010 0.000010 0.000010
0.000010 0.607164 0.000010 0.000010 0.000010 0.000010 0.392786
0.000010 0.586543 0.000010 0.000010 0.000010 0.000010 0.413407
0.000010 0.733206 0.000010 0.000010 0.000010 0.000010 0.266744
0.000010 0.000946 0.999004 0.000010 0.000010 0.000010 0.000010
0.000010 0.196744 0.803206 0.000010 0.000010 0.000010 0.000010
0.000010 0.000010 0.999940 0.000010 0.000010 0.000010 0.000010
0.000010 0.037431 0.937698 0.000010 0.000010 0.000010 0.024832
0.000010 0.033245 0.966705 0.000010 0.000010 0.000010 0.000010
0.000010 0.011059 0.988891 0.000010 0.000010 0.000010 0.000010
0.000010 0.000010 0.000010 0.000010 0.999940 0.000010 0.000010
0.107694 0.193073 0.083291 0.134669 0.135559 0.166489 0.179225
0.899758 0.000010 0.000010 0.076873 0.006960 0.016379 0.000010
0.000010 0.000017 0.054739 0.699621 0.000010 0.177566 0.068037
0.000010 0.487455 0.000010 0.000010 0.000010 0.000010 0.512495
0.000010 0.000010 0.678347 0.012621 0.025611 0.000010 0.283391
0.016703 0.000010 0.134385 0.000010 0.161793 0.029084 0.658015
0.912886 0.020668 0.000010 0.000010 0.066406 0.000010 0.000010
0.999940 0.000010 0.000010 0.000010 0.000010 0.000010 0.000010
0.000010 0.000010 0.000010 0.000010 0.000010 0.999940 0.000010
0.000010 0.000010 0.000010 0.000010 0.000010 0.999940 0.000010
0.729901 0.028241 0.000010 0.031841 0.209987 0.000010 0.000010
0.000010 0.521454 0.000010 0.000010 0.000010 0.478496 0.000010
0.000010 0.017518 0.982432 0.000010 0.000010 0.000010 0.000010
0.000014 0.214779 0.000010 0.141930 0.000010 0.313143 0.330114
0.330242 0.000010 0.057681 0.422520 0.000010 0.150922 0.038614
0.852777 0.000010 0.000010 0.077935 0.043902 0.025355 0.000010
0.908094 0.000010 0.000010 0.091856 0.000010 0.000010 0.000010
0.000010 0.999940 0.000010 0.000010 0.000010 0.000010 0.000010
0.916701 0.000010 0.000010 0.000010 0.083249 0.000010 0.000010
0.908394 0.000010 0.000010 0.000010 0.091556 0.000010 0.000010
0.038166 0.000010 0.143321 0.000010 0.096848 0.000010 0.721636
0.000010 0.000010 0.000010 0.000010 0.000010 0.999940 0.000010
0.000010 0.000010 0.000010 0.000010 0.000010 0.999940 0.000010
0.000010 0.000010 0.000010 0.000010 0.000010 0.999940 0.000010
0.000010 0.000010 0.000010 0.000010 0.343449 0.656501 0.000010
0.000010 0.107944 0.000010 0.000010 0.000010 0.000010 0.892006
0.000010 0.999940 0.000010 0.000010 0.000010 0.000010 0.000010
0.054615 0.403941 0.158600 0.014276 0.035683 0.000010 0.332875
0.000010 0.999940 0.000010 0.000010 0.000010 0.000010 0.000010
0.000010 0.999940 0.000010 0.000010 0.000010 0.000010 0.000010
0.000010 0.860521 0.139429 0.000010 0.000010 0.000010 0.000010
0.000010 0.999933 0.000010 0.000017 0.000010 0.000010 0.000010
0.014364 0.056162 0.105967 0.025978 0.026104 0.592366 0.179059
0.061871 0.376361 0.155089 0.027765 0.025264 0.000010 0.353641
0.000010 0.999940 0.000010 0.000010 0.000010 0.000010 0.000010
0.272009 0.000010 0.032645 0.000010 0.067386 0.000010 0.627929
0.270698 0.000010 0.039334 0.004530 0.000010 0.000010 0.685408
0.275212 0.000010 0.025843 0.000010 0.000010 0.000010 0.698905
0.000010 0.999940 0.000010 0.000010 0.000010 0.000010 0.000010
0.000010 0.999940 0.000010 0.000010 0.000010 0.000010 0.000010
0.121531 0.144496 0.024367 0.185262 0.000010 0.483961 0.040373
0.123425 0.115280 0.000014 0.255269 0.000010 0.448496 0.057507
0.182110 0.297257 0.059134 0.067568 0.077128 0.081462 0.235340
0.000010 0.000010 0.000010 0.000010 0.696809 0.229523 0.073628
0.065367 0.114177 0.000013 0.104779 0.000010 0.706280 0.009375
0.073804 0.419768 0.087281 0.000010 0.000010 0.015287 0.403841
0.027236 0.014476 0.000010 0.059854 0.898403 0.000010 0.000010
0.163461 0.021215 0.000010 0.588645 0.221598 0.005061 0.000010
0.026430 0.026350 0.019403 0.926535 0.000010 0.001262 0.000010
0.191432 0.000010 0.000010 0.035818 0.772710 0.000010 0.000010
0.823273 0.017091 0.000010 0.140421 0.011590 0.000010 0.007605
0.027407 0.005843 0.000010 0.379870 0.550748 0.036112 0.000010
0.057414 0.000010 0.000010 0.552628 0.389918 0.000010 0.000010
0.007168 0.000010 0.000010 0.992782 0.000010 0.000010 0.000010
0.000010 0.000010 0.000010 0.000010 0.000010 0.000010 0.999940
0.000010 0.000010 0.000010 0.999940 0.000010 0.000010 0.000010
0.000010 0.199012 0.000010 0.000010 0.000010 0.000010 0.800938
0.000010 0.000010 0.000010 0.999940 0.000010 0.000010 0.000010
0.000010 0.000010 0.999940 0.000010 0.000010 0.000010 0.000010
0.000010 0.034024 0.934442 0.000010 0.000010 0.000010 0.031494
0.000010 0.000010 0.999940 0.000010 0.000010 0.000010 0.000010
0.213914 0.115121 0.000011 0.000010 0.000010 0.000010 0.670923
0.111207 0.025325 0.000010 0.000010 0.853655 0.009783 0.000010
0.000010 0.745374 0.000010 0.000010 0.000010 0.000010 0.254576
0.232545 0.000010 0.000010 0.163810 0.603605 0.000010 0.000010
0.414260 0.008400 0.000010 0.112634 0.428377 0.036309 0.000010
0.031097 0.000010 0.000010 0.000821 0.968042 0.000010 0.000010
0.000010 0.000010 0.999940 0.000010 0.000010 0.000010 0.000010
0.000010 0.000010 0.999940 0.000010 0.000010 0.000010 0.000010
0.065348 0.000010 0.075395 0.025802 0.477121 0.022768 0.333555
0.827933 0.028208 0.000010 0.104235 0.033914 0.005690 0.000010
0.000010 0.000010 0.000010 0.000010 0.999940 0.000010 0.000010
0.806167 0.046591 0.000010 0.144089 0.000120 0.003012 0.000010
0.714111 0.027221 0.000010 0.141536 0.000010 0.117102 0.000010
0.070676 0.000010 0.000010 0.000010 0.918391 0.000010 0.010893
0.896501 0.000010 0.000010 0.103449 0.000010 0.000010 0.000010
0.000010 0.000010 0.144637 0.051162 0.050109 0.000010 0.754063
0.000010 0.000010 0.116951 0.017295 0.086972 0.000010 0.778752
0.000010 0.000010 0.000010 0.999940 0.000010 0.000010 0.000010
0.000010 0.000010 0.000010 0.000010 0.999940 0.000010 0.000010
0.000010 0.012303 0.000010 0.000010 0.987647 0.000010 0.000010
0.000010 0.000010 0.000010 0.999940 0.000010 0.000010 0.000010
0.832527 0.011919 0.000010 0.148031 0.000010 0.000010 0.007493
0.000010 0.000010 0.000010 0.999940 0.000010 0.000010 0.000010
0.000010 0.000010 0.000010 0.999940 0.000010 0.000010 0.000010
0.416025 0.000010 0.000010 0.583920 0.000015 0.000010 0.000010
0.443213 0.000010 0.000010 0.472289 0.033725 0.050743 0.000010
0.000010 0.040414 0.000010 0.959536 0.000010 0.000010 0.000010
0.025176 0.000010 0.000010 0.000010 0.974774 0.000010 0.000010
0.000010 0.000010 0.000010 0.999940 0.000010 0.000010 0.000010
0.000010 0.000010 0.999940 0.000010 0.000010 0.000010 0.000010
0.000010 0.000010 0.999940 0.000010 0.000010 0.000010 0.000010
0.000010 0.000010 0.996053 0.000010 0.000010 0.000010 0.003897
0.000010 0.000010 0.999940 0.000010 0.000010 0.000010 0.000010
