0.999970 0.000010 0.000010 0.000010
0.999970 0.000010 0.000010 0.000010
0.999970 0.000010 0.000010 0.000010
0.994836 0.005144 0.000010 0.000010
0.999970 0.000010 0.000010 0.000010
0.999970 0.000010 0.000010 0.000010
0.999970 0.000010 0.000010 0.000010
0.205098 0.757109 0.037784 0.000010
0.414821 0.585159 0.000010 0.000010
0.060330 0.853449 0.086211 0.000010
0.459019 0.540961 0.000010 0.000010
0.000010 0.000010 0.984192 0.015788
0.000010 0.000010 0.983418 0.016562
0.000010 0.000010 0.999970 0.000010
0.000010 0.000010 0.995143 0.004837
0.000010 0.000010 0.977569 0.022411
0.002731 0.954532 0.042728 0.000010
0.000010 0.000010 0.980936 0.019044
0.004823 0.921977 0.073190 0.000010
0.000010 0.000010 0.999970 0.000010
0.984180 0.000010 0.015800 0.000010
0.000010 0.000010 0.967534 0.032446
0.000010 0.000010 0.999970 0.000010
0.999970 0.000010 0.000010 0.000010
0.046004 0.862286 0.090255 0.001455
0.179943 0.753067 0.061806 0.005184
0.970095 0.022804 0.007091 0.000010
0.926806 0.064718 0.008466 0.000010
0.440658 0.559322 0.000010 0.000010
0.431252 0.568728 0.000010 0.000010
0.000010 0.000010 0.987061 0.012919
0.234247 0.739999 0.000010 0.025744
0.187461 0.194945 0.000010 0.617584
0.000010 0.000010 0.979489 0.020491
0.000010 0.000010 0.000010 0.999970
0.000010 0.000010 0.965173 0.034807
0.000010 0.000010 0.999970 0.000010
0.000010 0.831012 0.099245 0.069733
0.944880 0.040569 0.014541 0.000010
0.964023 0.021278 0.014689 0.000010
0.996700 0.000010 0.003280 0.000010
0.929868 0.070112 0.000010 0.000010
0.955946 0.043653 0.000010 0.000391
0.978689 0.007057 0.014244 0.000010
0.519931 0.449125 0.030701 0.000242
0.000010 0.000010 0.964670 0.035310
0.000010 0.000010 0.959304 0.040676
0.005045 0.000010 0.907924 0.087022
0.000010 0.000010 0.959093 0.040887
0.000010 0.000010 0.951205 0.048775
0.000013 0.000010 0.954507 0.045471
0.000010 0.000010 0.968263 0.031717
0.999970 0.000010 0.000010 0.000010
0.297139 0.315721 0.165486 0.221655
0.999970 0.000010 0.000010 0.000010
0.999970 0.000010 0.000010 0.000010
0.951608 0.048372 0.000010 0.000010
0.999970 0.000010 0.000010 0.000010
0.000010 0.000010 0.993151 0.006829
0.000010 0.000010 0.974392 0.025588
0.000010 0.000010 0.951471 0.048509
0.000010 0.000010 0.971395 0.028585
0.257656 0.158380 0.000010 0.583954
0.999970 0.000010 0.000010 0.000010
0.999970 0.000010 0.000010 0.000010
0.349955 0.388443 0.102002 0.159600
0.000010 0.000010 0.019129 0.980851
0.000010 0.267345 0.732635 0.000010
0.000010 0.000010 0.985597 0.014383
0.000010 0.000010 0.999970 0.000010
0.000010 0.999970 0.000010 0.000010
0.000012 0.000010 0.947693 0.052285
0.000010 0.000010 0.993000 0.006980
0.000010 0.000010 0.980722 0.019258
0.173966 0.415605 0.007449 0.402980
0.000010 0.057956 0.069420 0.872614
0.303411 0.696569 0.000010 0.000010
0.483040 0.502939 0.000010 0.014011
0.283733 0.716247 0.000010 0.000010
0.124185 0.087184 0.000010 0.788622
0.264166 0.735814 0.000010 0.000010
0.069998 0.214230 0.016703 0.699070
0.000010 0.000010 0.955228 0.044752
0.000010 0.000010 0.990760 0.009220
0.000010 0.000010 0.942597 0.057383
0.301523 0.698457 0.000010 0.000010
0.000010 0.000010 0.976839 0.023141
0.087175 0.912805 0.000010 0.000010
0.000010 0.000010 0.993864 0.006116
0.182993 0.771357 0.045640 0.000010
0.227312 0.772668 0.000010 0.000010
0.230151 0.756054 0.013786 0.000010
0.215534 0.195518 0.000010 0.588938
0.527242 0.472738 0.000010 0.000010
0.000010 0.000010 0.999970 0.000010
0.000010 0.000010 0.982462 0.017518
0.501639 0.495016 0.000010 0.003335
0.024022 0.945683 0.030285 0.000010
0.390140 0.609840 0.000010 0.000010
0.069250 0.165234 0.486658 0.278858
0.000010 0.000010 0.890667 0.109313
0.470556 0.000010 0.000010 0.529424
0.252008 0.736320 0.011662 0.000010
0.509025 0.490955 0.000010 0.000010
0.026605 0.973375 0.000010 0.000010
0.343803 0.656177 0.000010 0.000010
0.262419 0.733070 0.000010 0.004501
0.222097 0.774931 0.000010 0.002962
0.000010 0.980580 0.019400 0.000010
0.028676 0.252553 0.114213 0.604558
0.528940 0.361217 0.000010 0.109833
0.037050 0.250299 0.582756 0.129895
0.000010 0.000010 0.127737 0.872243
0.344634 0.623797 0.024904 0.006665
0.630515 0.369465 0.000010 0.000010
0.000010 0.361981 0.149953 0.488056
0.018512 0.771055 0.147802 0.062631
0.000010 0.810881 0.163691 0.025419
0.247494 0.217616 0.295937 0.238952
0.000010 0.864687 0.129746 0.005557
0.163634 0.746306 0.046263 0.043796
0.012689 0.796117 0.173373 0.017821
0.000010 0.663856 0.094161 0.241972
0.490858 0.114469 0.000010 0.394663
0.832331 0.157801 0.009858 0.000010
0.611213 0.388767 0.000010 0.000010
0.076712 0.805923 0.050510 0.066855
0.415662 0.584318 0.000010 0.000010
0.290301 0.709679 0.000010 0.000010
0.376076 0.623904 0.000010 0.000010
0.065843 0.806529 0.050858 0.076769
0.333383 0.666597 0.000010 0.000010
0.070195 0.807928 0.060559 0.061319
0.000010 0.000010 0.776165 0.223815
0.044325 0.032317 0.388627 0.534732
0.156773 0.308262 0.256610 0.278355
0.815145 0.000010 0.000010 0.184835
0.125300 0.254314 0.464216 0.156169
0.469163 0.072336 0.458491 0.000010
0.000010 0.734650 0.152370 0.112970
0.106985 0.170066 0.548737 0.174212
0.022705 0.679924 0.193249 0.104123
0.000010 0.000010 0.999970 0.000010
0.000010 0.000010 0.999970 0.000010
0.000010 0.916388 0.071149 0.012454
0.000010 0.799406 0.131709 0.068875
0.083552 0.370450 0.120027 0.425971
0.018717 0.082171 0.584209 0.314903
0.000010 0.847944 0.092237 0.059809
0.003371 0.780664 0.113104 0.102861
0.000010 0.792198 0.102790 0.105002
0.032959 0.269314 0.547327 0.150400
0.000010 0.782401 0.107505 0.110084
0.000010 0.806705 0.088703 0.104582
0.000010 0.814593 0.115078 0.070319
0.900471 0.065950 0.030271 0.003308
0.041249 0.776346 0.154159 0.028245
0.000010 0.386991 0.612989 0.000010
0.000010 0.833925 0.091931 0.074134
0.000010 0.836236 0.099186 0.064568
0.000010 0.817701 0.082567 0.099722
0.000010 0.000010 0.999970 0.000010
0.979797 0.000010 0.020183 0.000010
0.195270 0.769900 0.034820 0.000010
0.145284 0.000010 0.000010 0.854696
0.218148 0.342310 0.439532 0.000010
0.000010 0.000010 0.153040 0.846940
0.000010 0.000010 0.000010 0.999970
0.206300 0.277933 0.226791 0.288976
0.000010 0.358677 0.641303 0.000010
0.000010 0.048627 0.431143 0.520219
0.323475 0.300107 0.001771 0.374647
0.974731 0.025249 0.000010 0.000010
0.064277 0.143817 0.588578 0.203328
0.000010 0.000010 0.172509 0.827471
0.000010 0.000010 0.999970 0.000010
0.000010 0.000010 0.257095 0.742885
0.000010 0.000012 0.999968 0.000010
0.000010 0.000010 0.936443 0.063537
0.000010 0.000010 0.610795 0.389185
0.000010 0.000010 0.571667 0.428313
0.000010 0.000010 0.730956 0.269024
0.000010 0.000010 0.999970 0.000010
0.000010 0.000010 0.999970 0.000010
0.000010 0.000010 0.999970 0.000010
0.000010 0.000010 0.947706 0.052274
0.000010 0.000010 0.999970 0.000010
0.000010 0.000010 0.997957 0.002023
0.999970 0.000010 0.000010 0.000010
0.179961 0.354055 0.285680 0.180305
0.329968 0.670012 0.000010 0.000010
0.000010 0.816814 0.072953 0.110223
0.000010 0.000010 0.475514 0.524466
0.038163 0.000010 0.619345 0.342481
0.191745 0.000010 0.072050 0.736195
0.464919 0.523701 0.011370 0.000010
0.426478 0.573502 0.000010 0.000010
0.000010 0.921789 0.078191 0.000010
0.000010 0.893289 0.106691 0.000010
0.504312 0.476673 0.019005 0.000010
0.472887 0.000010 0.000010 0.527093
0.000010 0.000010 0.972970 0.027010
0.000010 0.446492 0.218856 0.334642
0.096656 0.778900 0.066125 0.058319
0.362437 0.637543 0.000010 0.000010
0.332615 0.667365 0.000010 0.000010
0.000010 0.000010 0.999970 0.000010
0.441568 0.558412 0.000010 0.000010
0.490503 0.509477 0.000010 0.000010
0.131354 0.000010 0.071915 0.796721
0.000010 0.887037 0.112943 0.000010
0.000010 0.902787 0.097193 0.000010
0.002330 0.917179 0.080481 0.000010
0.404135 0.512259 0.047551 0.036055
0.000010 0.000010 0.053443 0.946537
0.000010 0.000010 0.999970 0.000010
0.054683 0.059360 0.557467 0.328489
0.000010 0.000010 0.999970 0.000010
0.000010 0.000010 0.999970 0.000010
0.000010 0.001275 0.998705 0.000010
0.000010 0.000010 0.999970 0.000010
0.032424 0.549312 0.217400 0.200864
0.033192 0.095647 0.518202 0.352959
0.000010 0.000010 0.999970 0.000010
0.201497 0.167172 0.007195 0.624137
0.118372 0.187640 0.000010 0.693978
0.146100 0.131420 0.000010 0.722470
0.000010 0.000010 0.999970 0.000010
0.000010 0.000010 0.999970 0.000010
0.034139 0.692461 0.218844 0.054556
0.029574 0.733008 0.158799 0.078619
0.154051 0.265375 0.364421 0.216153
0.817498 0.000010 0.000010 0.182482
0.057154 0.756571 0.181663 0.004611
0.004786 0.120392 0.509369 0.365454
0.923944 0.066407 0.009639 0.000010
0.277218 0.710258 0.012514 0.000010
0.020488 0.921524 0.057978 0.000010
0.870146 0.129834 0.000010 0.000010
0.335731 0.658744 0.000010 0.005515
0.562744 0.430408 0.001330 0.005519
0.417187 0.582793 0.000010 0.000010
0.000010 0.971855 0.000010 0.028125
0.000010 0.000010 0.000010 0.999970
0.000010 0.999970 0.000010 0.000010
0.000010 0.000010 0.153233 0.846747
0.000010 0.999970 0.000010 0.000010
0.000010 0.000010 0.966937 0.033043
0.000010 0.000010 0.929363 0.070617
0.000010 0.000010 0.959133 0.040847
0.000010 0.391130 0.563728 0.045132
0.102499 0.101093 0.108711 0.687697
0.914344 0.061566 0.024080 0.000010
0.000010 0.000010 0.762085 0.237895
0.706589 0.293391 0.000010 0.000010
0.578103 0.421877 0.000010 0.000010
0.999970 0.000010 0.000010 0.000010
0.000010 0.000010 0.956672 0.043308
0.000010 0.000010 0.942756 0.057224
0.521496 0.083957 0.032903 0.361644
0.337067 0.662913 0.000010 0.000010
0.999970 0.000010 0.000010 0.000010
0.287370 0.683218 0.017353 0.012059
0.181467 0.812429 0.006094 0.000010
0.978662 0.011133 0.003255 0.006949
0.306445 0.693535 0.000010 0.000010
0.072798 0.031643 0.059938 0.835621
0.109607 0.000010 0.038964 0.851418
0.000010 0.999970 0.000010 0.000010
0.999970 0.000010 0.000010 0.000010
0.999966 0.000010 0.000014 0.000010
0.000010 0.995573 0.004407 0.000010
0.283328 0.702830 0.000010 0.013832
0.000010 0.999970 0.000010 0.000010
0.000010 0.999970 0.000010 0.000010
0.149910 0.850070 0.000010 0.000010
0.201038 0.798942 0.000010 0.000010
0.035958 0.907279 0.056752 0.000010
0.999970 0.000010 0.000010 0.000010
0.000010 0.999970 0.000010 0.000010
0.000010 0.000010 0.957042 0.042938
0.000010 0.000010 0.999246 0.000734
0.000010 0.000010 0.939102 0.060878
0.000010 0.000010 0.999970 0.000010
