0.000010 0.007629 0.000010 0.000010 0.000010 0.992331
0.000010 0.008752 0.015929 0.000010 0.000010 0.975289
0.000010 0.000010 0.000010 0.000010 0.000010 0.999950
0.000010 0.000010 0.000010 0.009796 0.000010 0.990164
0.000010 0.023014 0.000010 0.000010 0.000010 0.976946
0.000010 0.000010 0.000010 0.000010 0.000010 0.999950
0.000010 0.000010 0.000373 0.000010 0.000010 0.999587
0.000010 0.653153 0.052820 0.293997 0.000010 0.000010
0.000010 0.999950 0.000010 0.000010 0.000010 0.000010
0.000010 0.354515 0.105020 0.540435 0.000010 0.000010
0.000010 0.999950 0.000010 0.000010 0.000010 0.000010
0.000010 0.000010 0.000010 0.000010 0.999950 0.000010
0.000010 0.000010 0.000010 0.000010 0.999950 0.000010
0.000010 0.000010 0.999950 0.000010 0.000010 0.000010
0.000010 0.000010 0.000010 0.000010 0.999950 0.000010
0.000010 0.000010 0.000010 0.000010 0.999950 0.000010
0.000010 0.057174 0.025659 0.899503 0.013389 0.004264
0.000010 0.000010 0.000010 0.000010 0.999950 0.000010
0.000010 0.000010 0.043994 0.902004 0.020769 0.033213
0.000010 0.000010 0.999950 0.000010 0.000010 0.000010
0.000010 0.000010 0.023306 0.000010 0.000010 0.976654
0.000010 0.000010 0.000010 0.000010 0.999950 0.000010
0.000010 0.000010 0.000010 0.000010 0.999950 0.000010
0.000010 0.000010 0.000010 0.000010 0.000010 0.999950
0.000010 0.066892 0.030664 0.815516 0.046861 0.040057
0.000010 0.487759 0.072885 0.439326 0.000010 0.000010
0.000010 0.049645 0.013864 0.000010 0.000010 0.936461
0.000010 0.037132 0.000010 0.045166 0.006593 0.911089
0.000010 0.999950 0.000010 0.000010 0.000010 0.000010
0.000010 0.999950 0.000010 0.000010 0.000010 0.000010
0.000010 0.000010 0.000010 0.000010 0.999950 0.000010
0.026438 0.571447 0.012950 0.369110 0.000010 0.020045
0.645858 0.298486 0.000010 0.007008 0.009214 0.039424
0.000010 0.000010 0.000010 0.000010 0.999950 0.000010
0.974622 0.000010 0.025338 0.000010 0.000010 0.000010
0.000010 0.000010 0.000010 0.000010 0.999950 0.000010
0.000010 0.000010 0.000010 0.000010 0.999950 0.000010
0.038355 0.000010 0.044749 0.866794 0.050082 0.000010
0.000010 0.064693 0.023415 0.000010 0.000010 0.911862
0.000010 0.013961 0.000010 0.005907 0.027993 0.952118
0.000010 0.000010 0.006658 0.000010 0.000010 0.993302
0.000010 0.003375 0.000010 0.068413 0.000010 0.928182
0.003969 0.043587 0.017522 0.000010 0.000010 0.934902
0.000010 0.006522 0.000010 0.004178 0.011146 0.978133
0.000010 0.000010 0.001223 0.452822 0.011816 0.534120
0.000010 0.000010 0.000010 0.000010 0.999950 0.000010
0.000010 0.000010 0.000010 0.000010 0.999950 0.000010
0.037237 0.000010 0.000010 0.000010 0.962723 0.000010
0.000010 0.000010 0.000010 0.000010 0.999950 0.000010
0.000010 0.000010 0.000010 0.000010 0.999950 0.000010
0.005894 0.000010 0.025884 0.000010 0.968191 0.000010
0.000010 0.000010 0.027550 0.000010 0.972410 0.000010
0.000010 0.000010 0.000010 0.000010 0.000010 0.999950
0.208780 0.274710 0.099622 0.146668 0.082002 0.188217
0.000010 0.000010 0.000010 0.000010 0.000010 0.999950
0.000010 0.000010 0.000010 0.000010 0.000010 0.999950
0.000010 0.093746 0.000010 0.002833 0.000010 0.903391
0.000010 0.000010 0.000010 0.000010 0.000010 0.999950
0.000010 0.000010 0.009480 0.000010 0.990480 0.000010
0.000010 0.000010 0.000010 0.000010 0.999950 0.000010
0.000010 0.000010 0.077754 0.000010 0.922206 0.000010
0.000010 0.000010 0.000010 0.000010 0.999950 0.000010
0.581539 0.289713 0.000010 0.000010 0.028178 0.100550
0.000010 0.000010 0.000010 0.000010 0.000010 0.999950
0.000010 0.000010 0.000010 0.000010 0.000010 0.999950
0.151568 0.409580 0.054557 0.131246 0.066633 0.186416
0.940554 0.000010 0.059406 0.000010 0.000010 0.000010
0.000010 0.000010 0.763967 0.235993 0.000010 0.000010
0.000010 0.000010 0.059161 0.000010 0.940799 0.000010
0.000010 0.000012 0.063951 0.000010 0.936007 0.000010
0.000010 0.132021 0.000010 0.867939 0.000010 0.000010
0.000010 0.000010 0.000010 0.000010 0.999950 0.000010
0.000010 0.000010 0.000010 0.000010 0.999950 0.000010
0.000010 0.000010 0.000010 0.000010 0.999950 0.000010
0.441838 0.519176 0.015632 0.023335 0.000010 0.000010
0.860707 0.000010 0.107988 0.031275 0.000010 0.000010
0.000010 0.839073 0.003217 0.157681 0.000010 0.000010
0.000010 0.916969 0.000010 0.000010 0.000010 0.082991
0.000010 0.869263 0.000010 0.130697 0.000010 0.000010
0.774194 0.132951 0.000010 0.000010 0.032219 0.060616
0.000010 0.872205 0.000010 0.127755 0.000010 0.000010
0.685765 0.269651 0.044554 0.000010 0.000010 0.000010
0.000010 0.000010 0.000010 0.000010 0.999950 0.000010
0.000010 0.000010 0.000010 0.000010 0.999950 0.000010
0.000010 0.000010 0.000010 0.000010 0.999950 0.000010
0.012565 0.000010 0.608696 0.365031 0.013688 0.000010
0.000010 0.857347 0.025676 0.116947 0.000010 0.000010
0.000010 0.000010 0.000010 0.000010 0.999950 0.000010
0.000010 0.044879 0.000010 0.867555 0.000010 0.087537
0.000010 0.000010 0.000010 0.000010 0.999950 0.000010
0.000010 0.637077 0.068842 0.294051 0.000010 0.000010
0.000010 0.818163 0.000010 0.181797 0.000010 0.000010
0.000010 0.732833 0.003405 0.244741 0.019002 0.000010
0.600573 0.318289 0.000010 0.000010 0.022099 0.059019
0.000010 0.910653 0.000010 0.000010 0.000010 0.089307
0.000010 0.000010 0.000010 0.000010 0.999950 0.000010
0.000010 0.000010 0.038351 0.000010 0.961609 0.000010
0.018333 0.821233 0.002933 0.000010 0.000010 0.157480
0.000010 0.128468 0.017726 0.853776 0.000010 0.000010
0.000010 0.999950 0.000010 0.000010 0.000010 0.000010
0.328622 0.139787 0.493300 0.025700 0.000010 0.012581
0.056868 0.000010 0.017785 0.000010 0.925317 0.000010
0.454593 0.000010 0.000010 0.000010 0.067676 0.477701
0.000010 0.565090 0.000010 0.379243 0.014706 0.040941
0.000010 0.000010 0.000010 0.482054 0.000010 0.517906
0.000010 0.000010 0.000010 0.959399 0.000010 0.040561
0.000010 0.623817 0.000010 0.267217 0.000010 0.108937
0.002778 0.578000 0.008495 0.343265 0.000010 0.067452
0.003629 0.568328 0.000010 0.428013 0.000010 0.000010
0.000010 0.142466 0.000010 0.842786 0.014718 0.000010
0.594014 0.092654 0.135118 0.171719 0.000010 0.006485
0.084706 0.746428 0.000010 0.000010 0.000010 0.168836
0.163882 0.223639 0.572703 0.024091 0.015675 0.000010
0.856433 0.000010 0.143527 0.000010 0.000010 0.000010
0.008582 0.893838 0.004691 0.055764 0.037114 0.000010
0.000010 0.465724 0.007655 0.060820 0.000010 0.465781
0.467770 0.000010 0.150131 0.357725 0.015816 0.008549
0.048173 0.082003 0.112770 0.715111 0.026332 0.015612
0.013007 0.000010 0.149559 0.823997 0.013417 0.000010
0.249350 0.246238 0.291265 0.036530 0.010573 0.166044
0.000010 0.066186 0.136200 0.797585 0.000010 0.000010
0.029650 0.527939 0.073141 0.369250 0.000010 0.000010
0.014299 0.041514 0.162509 0.760031 0.000010 0.021637
0.209890 0.001823 0.023180 0.689390 0.075707 0.000010
0.361122 0.373408 0.000010 0.000010 0.000010 0.265439
0.000010 0.134201 0.000010 0.075363 0.013650 0.776766
0.000010 0.609095 0.000010 0.009001 0.000010 0.381873
0.042589 0.389772 0.048422 0.516454 0.002753 0.000010
0.000010 0.999950 0.000010 0.000010 0.000010 0.000010
0.000010 0.915494 0.000010 0.084466 0.000010 0.000010
0.000010 0.938974 0.000010 0.053135 0.000010 0.007861
0.043982 0.289688 0.024893 0.612729 0.028700 0.000010
0.000010 0.898530 0.021657 0.078660 0.000010 0.001133
0.038887 0.364875 0.030282 0.537051 0.028895 0.000010
0.099606 0.000010 0.534668 0.275502 0.042614 0.047599
0.833048 0.152150 0.014772 0.000010 0.000010 0.000010
0.239324 0.000010 0.760636 0.000010 0.000010 0.000010
0.523342 0.060279 0.405951 0.000010 0.000010 0.010407
0.289504 0.340671 0.274460 0.057276 0.000010 0.038079
0.178400 0.000010 0.000010 0.000010 0.000010 0.821560
0.168697 0.182543 0.385633 0.124397 0.076559 0.062171
0.000012 0.000010 0.448061 0.043769 0.010113 0.498035
0.067937 0.000010 0.046798 0.794212 0.091033 0.000010
0.200261 0.208306 0.506112 0.012564 0.041112 0.031645
0.084292 0.025834 0.104800 0.674668 0.082567 0.027839
0.000010 0.000010 0.999950 0.000010 0.000010 0.000010
0.000010 0.000010 0.999950 0.000010 0.000010 0.000010
0.000010 0.000010 0.022011 0.935924 0.042035 0.000010
0.029175 0.000010 0.055002 0.846929 0.068874 0.000010
0.410486 0.243810 0.145585 0.193005 0.000010 0.007104
0.328743 0.050514 0.460452 0.022034 0.124563 0.013694
0.006592 0.000010 0.000010 0.915139 0.078239 0.000010
0.057439 0.000010 0.033778 0.847760 0.061002 0.000010
0.066662 0.000010 0.058480 0.840282 0.034556 0.000010
0.174484 0.216716 0.569787 0.038993 0.000010 0.000010
0.071816 0.000010 0.055239 0.824605 0.047261 0.001069
0.074076 0.000010 0.067675 0.842444 0.015785 0.000010
0.052678 0.076845 0.101605 0.766574 0.002288 0.000010
0.003587 0.126061 0.013526 0.000010 0.013131 0.843687
0.011475 0.143175 0.157755 0.672733 0.000010 0.014852
0.000010 0.000010 0.646447 0.353513 0.000010 0.000010
0.032745 0.000010 0.000010 0.886444 0.080781 0.000010
0.031667 0.000010 0.032243 0.864581 0.071489 0.000010
0.056744 0.000010 0.007319 0.877874 0.058042 0.000010
0.000010 0.000010 0.999950 0.000010 0.000010 0.000010
0.000013 0.000010 0.019203 0.000010 0.000010 0.980754
0.000010 0.707303 0.050980 0.241688 0.000010 0.000010
0.765806 0.030972 0.000010 0.000010 0.081272 0.121930
0.014903 0.535052 0.450015 0.000010 0.000010 0.000010
0.799992 0.000010 0.199968 0.000010 0.000010 0.000010
0.999950 0.000010 0.000010 0.000010 0.000010 0.000010
0.291887 0.437972 0.245528 0.000010 0.000010 0.024593
0.000010 0.000010 0.666772 0.333188 0.000010 0.000010
0.527501 0.000010 0.420193 0.031311 0.020975 0.000010
0.364123 0.410494 0.000010 0.032446 0.037371 0.155556
0.000010 0.049421 0.007028 0.000010 0.000010 0.943520
0.177295 0.110328 0.111293 0.079478 0.500709 0.020897
0.821936 0.000010 0.178024 0.000010 0.000010 0.000010
0.000010 0.000010 0.999950 0.000010 0.000010 0.000010
0.726976 0.000010 0.272984 0.000010 0.000010 0.000010
0.000010 0.000010 0.999950 0.000010 0.000010 0.000010
0.000010 0.000010 0.000010 0.000010 0.999950 0.000010
0.389673 0.000010 0.610287 0.000010 0.000010 0.000010
0.414503 0.000010 0.585457 0.000010 0.000010 0.000010
0.266693 0.000010 0.733267 0.000010 0.000010 0.000010
0.000010 0.000010 0.000010 0.000010 0.999950 0.000010
0.000010 0.000010 0.194708 0.000010 0.805252 0.000010
0.000010 0.000010 0.000010 0.000010 0.999950 0.000010
0.023755 0.000010 0.040270 0.000010 0.935945 0.000010
0.000010 0.000010 0.035992 0.000010 0.963968 0.000010
0.000010 0.000010 0.006078 0.000010 0.993882 0.000010
0.000010 0.000010 0.000010 0.000010 0.000010 0.999950
0.179480 0.110124 0.225651 0.271193 0.070903 0.142649
0.000010 0.913853 0.000010 0.081440 0.000010 0.004677
0.059813 0.000010 0.000010 0.863075 0.077082 0.000010
0.512047 0.000010 0.487913 0.000010 0.000010 0.000010
0.286963 0.002578 0.000010 0.000732 0.681631 0.028085
0.667555 0.024877 0.000010 0.000010 0.140387 0.167161
0.000010 0.919757 0.022055 0.000010 0.000010 0.058159
0.000010 0.999943 0.000017 0.000010 0.000010 0.000010
0.000010 0.017566 0.105176 0.877229 0.000010 0.000010
0.000010 0.043519 0.120653 0.835798 0.000010 0.000010
0.000010 0.747615 0.029921 0.014187 0.000010 0.208257
0.000010 0.000010 0.622286 0.377674 0.000010 0.000010
0.000010 0.000010 0.010095 0.000010 0.989865 0.000010
0.324649 0.044143 0.251129 0.380059 0.000010 0.000010
0.030475 0.334197 0.000010 0.568265 0.067043 0.000010
0.000010 0.860449 0.000010 0.095483 0.000010 0.044037
0.000010 0.927555 0.000010 0.072405 0.000010 0.000010
0.000010 0.000010 0.999950 0.000010 0.000010 0.000010
0.000010 0.921291 0.000010 0.000010 0.000010 0.078669
0.000010 0.911523 0.000010 0.000010 0.000010 0.088437
0.720450 0.033345 0.000010 0.008177 0.141760 0.096258
0.000010 0.000010 0.105279 0.887333 0.000010 0.007357
0.000010 0.005503 0.117099 0.877368 0.000010 0.000010
0.000010 0.000010 0.098293 0.880736 0.000010 0.020941
0.008838 0.050899 0.052995 0.481267 0.000010 0.405992
0.888508 0.000010 0.111452 0.000010 0.000010 0.000010
0.000010 0.000010 0.999950 0.000010 0.000010 0.000010
0.334508 0.062892 0.404082 0.000010 0.163944 0.034564
0.000010 0.000010 0.999950 0.000010 0.000010 0.000010
0.000010 0.000010 0.999950 0.000010 0.000010 0.000010
0.000010 0.000010 0.860694 0.000010 0.139266 0.000010
0.000010 0.000010 0.999950 0.000010 0.000010 0.000010
0.183539 0.033137 0.139734 0.522910 0.088909 0.031771
0.354270 0.063310 0.375830 0.022969 0.160410 0.023211
0.000010 0.000010 0.999950 0.000010 0.000010 0.000010
0.628594 0.272864 0.000010 0.000010 0.031328 0.067193
0.689456 0.271774 0.000010 0.000010 0.038740 0.000010
0.702315 0.274324 0.000010 0.000010 0.023331 0.000010
0.000010 0.000010 0.999950 0.000010 0.000010 0.000010
0.000010 0.000010 0.999950 0.000010 0.000010 0.000010
0.051246 0.139191 0.196979 0.570423 0.025315 0.016846
0.061189 0.156249 0.171532 0.603975 0.000010 0.007046
0.237642 0.188167 0.311019 0.130474 0.055346 0.077353
0.175968 0.000010 0.000010 0.000010 0.000010 0.823992
0.005442 0.119112 0.180479 0.651900 0.000010 0.043057
0.409370 0.077211 0.422847 0.000010 0.090553 0.000010
0.000010 0.040864 0.011986 0.040890 0.000010 0.906240
0.000010 0.179185 0.020296 0.571694 0.000010 0.228805
0.000010 0.045358 0.024075 0.885882 0.015478 0.029198
0.000010 0.204398 0.000010 0.014959 0.000010 0.780613
0.008152 0.843167 0.017994 0.122774 0.000010 0.007903
0.000010 0.037954 0.006254 0.395395 0.000010 0.560377
0.000010 0.066248 0.000010 0.531246 0.000010 0.402476
0.006934 0.070640 0.000010 0.922396 0.000010 0.000010
0.999950 0.000010 0.000010 0.000010 0.000010 0.000010
0.000010 0.000010 0.000010 0.999950 0.000010 0.000010
0.800656 0.000010 0.199304 0.000010 0.000010 0.000010
0.000010 0.023944 0.000010 0.966997 0.000010 0.009029
0.000010 0.000010 0.000010 0.000010 0.999950 0.000010
0.031298 0.000010 0.033402 0.000010 0.935270 0.000010
0.000010 0.000010 0.000010 0.000010 0.999950 0.000010
0.672273 0.214136 0.113562 0.000010 0.000010 0.000010
0.000010 0.117183 0.026734 0.000010 0.000010 0.856054
0.254975 0.000010 0.744985 0.000010 0.000010 0.000010
0.000010 0.245095 0.000010 0.139861 0.000010 0.615014
0.000010 0.422640 0.012191 0.132401 0.000010 0.432748
0.000010 0.029551 0.000010 0.000010 0.000010 0.970409
0.000010 0.000010 0.000010 0.000010 0.999950 0.000010
0.000010 0.000010 0.000010 0.000010 0.999950 0.000010
0.333667 0.065833 0.000010 0.045629 0.075546 0.479316
0.000010 0.832707 0.027695 0.103699 0.000010 0.035880
0.000010 0.000010 0.000010 0.000010 0.000010 0.999950
0.000010 0.807469 0.044951 0.147255 0.000010 0.000306
0.000010 0.724563 0.041680 0.233727 0.000010 0.000010
0.007926 0.071417 0.000010 0.000010 0.000010 0.920627
0.000010 0.904118 0.000010 0.095842 0.000010 0.000010
0.754522 0.000010 0.000010 0.051907 0.142595 0.050955
0.781128 0.000010 0.000010 0.013489 0.116904 0.088459
0.000010 0.000010 0.000010 0.999950 0.000010 0.000010
0.000010 0.000010 0.000010 0.000010 0.000010 0.999950
0.000010 0.000010 0.009804 0.000010 0.000010 0.990156
0.000010 0.000010 0.000010 0.999950 0.000010 0.000010
0.009910 0.853472 0.010223 0.126375 0.000010 0.000010
0.000010 0.019387 0.000013 0.980569 0.000010 0.000010
0.000010 0.000010 0.000010 0.999950 0.000010 0.000010
0.000010 0.484751 0.000010 0.510952 0.000010 0.004267
0.000010 0.449268 0.000010 0.507071 0.000010 0.043631
0.000010 0.000010 0.041985 0.914353 0.000010 0.043633
0.000010 0.024855 0.000010 0.000010 0.000010 0.975105
0.000010 0.000010 0.000010 0.999950 0.000010 0.000010
0.000010 0.000010 0.000010 0.000010 0.999950 0.000010
0.000010 0.000010 0.000010 0.000010 0.999950 0.000010
0.003572 0.000010 0.000010 0.000010 0.996388 0.000010
0.000010 0.000010 0.000010 0.000010 0.999950 0.000010
