0.000010 0.000010 0.000010 0.009760 0.000010 0.000010 0.000010 0.000010 0.148852 0.000010 0.000010 0.000010 0.000010 0.000010 0.841257 0.000010
0.003059 0.000010 0.000010 0.000010 0.000010 0.000010 0.000010 0.000010 0.157752 0.000010 0.000010 0.016534 0.000010 0.000010 0.822534 0.000010
0.000010 0.000010 0.000010 0.000010 0.000010 0.000010 0.000010 0.000010 0.000010 0.000010 0.000010 0.000010 0.000010 0.000010 0.999850 0.000010
0.000010 0.000010 0.000010 0.000010 0.000010 0.000010 0.000010 0.003766 0.130710 0.000010 0.000010 0.000010 0.000010 0.000010 0.853568 0.011836
0.000010 0.000010 0.000010 0.000010 0.000010 0.000010 0.000010 0.000010 0.140826 0.000010 0.030375 0.000010 0.000010 0.000010 0.828669 0.000010
0.000010 0.000010 0.000010 0.000010 0.000010 0.000010 0.000010 0.000010 0.000010 0.000010 0.000010 0.000010 0.000010 0.000010 0.999850 0.000010
0.000010 0.000010 0.000010 0.009938 0.000010 0.000010 0.000010 0.000010 0.060082 0.000010 0.000010 0.000010 0.000010 0.000010 0.929849 0.000010
0.000010 0.000010 0.016978 0.867119 0.000010 0.050763 0.000010 0.000957 0.000010 0.049772 0.000010 0.014311 0.000010 0.000010 0.000010 0.000010
0.000010 0.000010 0.000010 0.000010 0.000010 0.000010 0.000010 0.000010 0.000010 0.000010 0.999850 0.000010 0.000010 0.000010 0.000010 0.000010
0.000010 0.000010 0.000010 0.380725 0.000010 0.306977 0.000010 0.041092 0.000010 0.089577 0.057294 0.109478 0.014768 0.000010 0.000010 0.000010
0.000010 0.000010 0.000010 0.000010 0.000010 0.000010 0.000010 0.000010 0.000010 0.000010 0.999850 0.000010 0.000010 0.000010 0.000010 0.000010
0.000010 0.000010 0.607612 0.000010 0.000010 0.000010 0.000010 0.000010 0.000010 0.000010 0.000010 0.000010 0.000010 0.392248 0.000010 0.000010
0.000010 0.000010 0.668983 0.000010 0.000010 0.000010 0.000010 0.000010 0.000010 0.000010 0.000010 0.000011 0.000010 0.330876 0.000010 0.000010
0.000010 0.472524 0.000010 0.000010 0.000010 0.000010 0.000010 0.000010 0.000010 0.057218 0.000010 0.000010 0.470128 0.000010 0.000010 0.000010
0.000010 0.000010 0.569939 0.000010 0.000010 0.000010 0.000010 0.000010 0.000010 0.000010 0.000010 0.000010 0.000010 0.429921 0.000010 0.000010
0.000010 0.000010 0.560573 0.000010 0.000010 0.000010 0.000010 0.000010 0.000010 0.000010 0.000010 0.000010 0.000010 0.439287 0.000010 0.000010
0.000010 0.034788 0.000010 0.029218 0.000010 0.144711 0.000010 0.758700 0.000010 0.000010 0.000010 0.032473 0.000010 0.000010 0.000010 0.000010
0.000010 0.000010 0.590613 0.000010 0.000010 0.000010 0.000010 0.000010 0.000010 0.000010 0.000010 0.000010 0.000010 0.409247 0.000010 0.000010
0.000010 0.023618 0.000010 0.011277 0.000010 0.216004 0.024947 0.660532 0.000010 0.034890 0.000010 0.028643 0.000010 0.000010 0.000010 0.000010
0.000010 0.999850 0.000010 0.000010 0.000010 0.000010 0.000010 0.000010 0.000010 0.000010 0.000010 0.000010 0.000010 0.000010 0.000010 0.000010
0.000010 0.000010 0.000010 0.000010 0.000010 0.000010 0.000010 0.000010 0.000010 0.000010 0.000010 0.000010 0.016365 0.000010 0.983495 0.000010
0.000014 0.000010 0.507935 0.000010 0.000010 0.000010 0.000010 0.000010 0.000010 0.000010 0.000010 0.000010 0.000010 0.491921 0.000010 0.000010
0.000010 0.000010 0.580471 0.000010 0.000010 0.000010 0.000010 0.000010 0.000010 0.000010 0.000010 0.000010 0.000010 0.419389 0.000010 0.000010
0.000010 0.000010 0.000010 0.000010 0.000010 0.000010 0.000010 0.000010 0.000010 0.000010 0.000010 0.000010 0.000010 0.000010 0.999850 0.000010
0.000010 0.013527 0.002546 0.038887 0.000010 0.168225 0.000010 0.653794 0.034194 0.029069 0.000010 0.017544 0.009924 0.026585 0.000010 0.005656
0.000010 0.005286 0.000010 0.000010 0.000010 0.372157 0.000010 0.000010 0.000010 0.000010 0.463711 0.158725 0.000010 0.000010 0.000010 0.000010
0.006689 0.002273 0.000010 0.000010 0.000010 0.000010 0.000010 0.019220 0.158913 0.000010 0.033802 0.000010 0.000010 0.000010 0.779003 0.000010
0.000010 0.000010 0.000010 0.019877 0.000010 0.000010 0.004035 0.047595 0.177204 0.000010 0.009897 0.011602 0.000010 0.000010 0.729699 0.000010
0.000010 0.000010 0.000010 0.000010 0.000010 0.000010 0.000010 0.000010 0.000010 0.000010 0.999850 0.000010 0.000010 0.000010 0.000010 0.000010
0.000010 0.000010 0.000010 0.000010 0.000010 0.000010 0.000010 0.000010 0.000010 0.000010 0.999850 0.000010 0.000010 0.000010 0.000010 0.000010
0.000010 0.000010 0.494820 0.000010 0.000010 0.000010 0.000010 0.000010 0.000010 0.000010 0.000010 0.000010 0.000010 0.505040 0.000010 0.000010
0.021895 0.000010 0.000010 0.069759 0.000010 0.094361 0.000010 0.276425 0.000010 0.000010 0.484524 0.046297 0.006649 0.000010 0.000010 0.000010
0.000010 0.000010 0.000010 0.000010 0.000010 0.000010 0.999850 0.000010 0.000010 0.000010 0.000010 0.000010 0.000010 0.000010 0.000010 0.000010
0.000010 0.000010 0.557113 0.000010 0.000010 0.000010 0.000010 0.000010 0.000010 0.000010 0.000010 0.000010 0.000010 0.442747 0.000010 0.000010
0.999850 0.000010 0.000010 0.000010 0.000010 0.000010 0.000010 0.000010 0.000010 0.000010 0.000010 0.000010 0.000010 0.000010 0.000010 0.000010
0.000010 0.000010 0.613080 0.000010 0.000010 0.000010 0.000010 0.000010 0.000010 0.000010 0.000010 0.000010 0.000010 0.386780 0.000010 0.000010
0.000010 0.000010 0.546159 0.000010 0.000010 0.000010 0.000010 0.000010 0.000010 0.000010 0.000010 0.000010 0.000010 0.453701 0.000010 0.000010
0.000010 0.000010 0.000010 0.000010 0.000010 0.999850 0.000010 0.000010 0.000010 0.000010 0.000010 0.000010 0.000010 0.000010 0.000010 0.000010
0.000010 0.009203 0.000010 0.000010 0.000010 0.000010 0.000010 0.028320 0.142805 0.000010 0.053239 0.000010 0.000010 0.000010 0.758164 0.008168
0.005450 0.000010 0.012372 0.005213 0.000010 0.000010 0.000010 0.011641 0.102576 0.000010 0.000010 0.000010 0.000010 0.000010 0.862649 0.000010
0.000010 0.000010 0.000010 0.000010 0.000010 0.000010 0.000010 0.000010 0.000010 0.000010 0.000010 0.000010 0.000010 0.000010 0.999850 0.000010
0.000010 0.000010 0.000010 0.000010 0.000010 0.000010 0.000010 0.043525 0.100759 0.000010 0.000010 0.029487 0.000010 0.000010 0.826109 0.000010
0.000010 0.000010 0.000010 0.000010 0.000010 0.000010 0.028531 0.000010 0.176432 0.000010 0.039699 0.000010 0.005471 0.000010 0.749757 0.000010
0.000010 0.000010 0.000010 0.040096 0.000010 0.000010 0.000010 0.000010 0.108986 0.000010 0.000010 0.000010 0.000010 0.000010 0.850787 0.000010
0.000010 0.000010 0.000010 0.000010 0.019089 0.000010 0.000010 0.417725 0.047407 0.000010 0.000010 0.037119 0.026204 0.000010 0.452355 0.000010
0.000010 0.000010 0.113075 0.000010 0.000010 0.000010 0.000010 0.000010 0.000010 0.000010 0.000010 0.000010 0.000010 0.886785 0.000010 0.000010
0.000010 0.000010 0.585846 0.000010 0.000010 0.000010 0.000010 0.000010 0.000010 0.000010 0.000010 0.000010 0.000010 0.414014 0.000010 0.000010
0.002993 0.000010 0.172690 0.000010 0.023587 0.000010 0.003141 0.000010 0.000010 0.000010 0.000010 0.000010 0.000010 0.797479 0.000010 0.000010
0.000010 0.000010 0.521836 0.000010 0.000010 0.000010 0.000010 0.000010 0.000010 0.000010 0.000010 0.000010 0.000010 0.478024 0.000010 0.000010
0.000010 0.011067 0.328011 0.000010 0.000010 0.000010 0.000010 0.000010 0.000010 0.000010 0.000010 0.000010 0.000010 0.657562 0.000010 0.003239
0.000010 0.000010 0.000010 0.000010 0.000010 0.000010 0.000010 0.000010 0.000010 0.000010 0.000010 0.000010 0.000010 0.999850 0.000010 0.000010
0.000010 0.000010 0.101303 0.000010 0.000010 0.000010 0.000010 0.000010 0.000010 0.000010 0.000010 0.000010 0.028412 0.870156 0.000010 0.000010
0.000010 0.000010 0.000010 0.000010 0.000010 0.000010 0.000010 0.000010 0.000010 0.000010 0.000010 0.000010 0.000010 0.000010 0.999850 0.000010
0.006760 0.000010 0.000010 0.052062 0.228910 0.132533 0.016370 0.000010 0.057278 0.026268 0.213438 0.021540 0.118098 0.017747 0.085263 0.023703
0.000010 0.000010 0.000010 0.000010 0.000010 0.000010 0.000010 0.000010 0.000010 0.000010 0.000010 0.000010 0.000010 0.000010 0.999850 0.000010
0.000010 0.000010 0.000010 0.000010 0.000010 0.000010 0.000010 0.000010 0.116995 0.000010 0.000010 0.000010 0.000010 0.000010 0.869834 0.013042
0.000010 0.000010 0.000010 0.000010 0.000010 0.000010 0.000010 0.029460 0.106710 0.000010 0.064288 0.000010 0.000010 0.000010 0.799421 0.000010
0.000010 0.000010 0.000010 0.000010 0.000010 0.000010 0.000010 0.000010 0.090945 0.000010 0.000010 0.000010 0.000010 0.000010 0.908915 0.000010
0.000010 0.003362 0.266936 0.000010 0.000010 0.000010 0.000010 0.000010 0.000010 0.000010 0.000010 0.000010 0.000010 0.729572 0.000010 0.000010
0.000010 0.000010 0.000010 0.000010 0.000010 0.000010 0.000010 0.000010 0.000010 0.000010 0.000010 0.000010 0.000010 0.999850 0.000010 0.000010
0.000010 0.057064 0.000010 0.000010 0.000010 0.000010 0.000010 0.000010 0.000010 0.000010 0.000010 0.000010 0.000010 0.942796 0.000010 0.000010
0.000010 0.000010 0.158615 0.000010 0.000010 0.000010 0.000010 0.000010 0.000010 0.000010 0.000010 0.000010 0.000010 0.841245 0.000010 0.000010
0.000010 0.000010 0.000010 0.000010 0.000010 0.000010 0.999850 0.000010 0.000010 0.000010 0.000010 0.000010 0.000010 0.000010 0.000010 0.000010
0.000010 0.000010 0.000010 0.000010 0.000010 0.000010 0.000010 0.000010 0.000010 0.000010 0.000010 0.000010 0.000010 0.000010 0.999850 0.000010
0.000010 0.000010 0.000010 0.000010 0.000010 0.000010 0.000010 0.000010 0.000010 0.000010 0.000010 0.000010 0.000010 0.000010 0.999850 0.000010
0.020997 0.000010 0.019275 0.142969 0.132341 0.148925 0.000010 0.000010 0.032967 0.023754 0.293822 0.006519 0.053113 0.000010 0.098512 0.026766
0.822815 0.000010 0.000010 0.000010 0.000010 0.000010 0.177045 0.000010 0.000010 0.000010 0.000010 0.000010 0.000010 0.000010 0.000010 0.000010
0.000010 0.268116 0.000010 0.000010 0.000010 0.000010 0.000010 0.000010 0.000015 0.696724 0.000010 0.000010 0.035026 0.000010 0.000010 0.000010
0.000010 0.043739 0.271037 0.000010 0.000010 0.000010 0.000010 0.000010 0.000010 0.002906 0.000010 0.000010 0.000010 0.682197 0.000010 0.000010
0.000010 0.090125 0.000010 0.000010 0.000010 0.000010 0.000010 0.000010 0.000010 0.000010 0.000010 0.000010 0.000010 0.909735 0.000010 0.000010
0.000010 0.000010 0.000010 0.041033 0.000010 0.000010 0.000010 0.958827 0.000010 0.000010 0.000010 0.000010 0.000010 0.000010 0.000010 0.000010
0.002065 0.001200 0.268431 0.000010 0.000010 0.000010 0.000010 0.000010 0.000010 0.000010 0.000010 0.000010 0.000010 0.728068 0.000010 0.000126
0.000010 0.000010 0.000010 0.000010 0.000010 0.000010 0.000010 0.000010 0.000010 0.000010 0.000010 0.000010 0.000010 0.999850 0.000010 0.000010
0.000010 0.000010 0.160249 0.000010 0.000010 0.000010 0.000010 0.000010 0.000010 0.000010 0.000010 0.000010 0.000010 0.839611 0.000010 0.000010
0.000010 0.000010 0.000010 0.410062 0.000010 0.000010 0.589798 0.000010 0.000010 0.000010 0.000010 0.000010 0.000010 0.000010 0.000010 0.000010
0.610405 0.000010 0.000010 0.000010 0.036406 0.000010 0.250512 0.000010 0.000010 0.102557 0.000010 0.000010 0.000010 0.000010 0.000010 0.000010
0.000010 0.000010 0.000010 0.999850 0.000010 0.000010 0.000010 0.000010 0.000010 0.000010 0.000010 0.000010 0.000010 0.000010 0.000010 0.000010
0.000010 0.000010 0.000010 0.000010 0.000010 0.000010 0.000010 0.000010 0.000010 0.000010 0.999850 0.000010 0.000010 0.000010 0.000010 0.000010
0.000010 0.000010 0.000010 0.999850 0.000010 0.000010 0.000010 0.000010 0.000010 0.000010 0.000010 0.000010 0.000010 0.000010 0.000010 0.000010
0.352411 0.000010 0.000010 0.000010 0.207903 0.006768 0.353782 0.000010 0.000010 0.000010 0.038625 0.000010 0.000010 0.000010 0.000010 0.040411
0.000010 0.000010 0.000010 0.999850 0.000010 0.000010 0.000010 0.000010 0.000010 0.000010 0.000010 0.000010 0.000010 0.000010 0.000010 0.000010
0.502720 0.000010 0.000010 0.000010 0.000010 0.000010 0.234099 0.000010 0.000010 0.018486 0.244574 0.000010 0.000010 0.000010 0.000010 0.000010
0.000010 0.000010 0.440310 0.000010 0.000010 0.000010 0.000010 0.000010 0.000010 0.000010 0.000010 0.000010 0.000010 0.559550 0.000010 0.000010
0.000010 0.000010 0.434016 0.000010 0.000010 0.000010 0.000010 0.000010 0.000010 0.000010 0.000010 0.000010 0.000010 0.565844 0.000010 0.000010
0.000010 0.000010 0.074570 0.000010 0.000010 0.000010 0.000010 0.000010 0.000010 0.000010 0.000010 0.000010 0.000010 0.925290 0.000010 0.000010
0.000010 0.000010 0.000010 0.999850 0.000010 0.000010 0.000010 0.000010 0.000010 0.000010 0.000010 0.000010 0.000010 0.000010 0.000010 0.000010
0.000010 0.000010 0.319029 0.000010 0.000010 0.000010 0.000010 0.000010 0.000010 0.000010 0.000010 0.000010 0.000010 0.680831 0.000010 0.000010
0.000010 0.000010 0.000010 0.012426 0.000010 0.089331 0.000010 0.795865 0.000010 0.000010 0.000010 0.028143 0.000010 0.000010 0.070549 0.003586
0.000010 0.000010 0.000010 0.000010 0.000010 0.000010 0.000010 0.000010 0.000010 0.000010 0.000010 0.000010 0.000010 0.999850 0.000010 0.000010
0.000010 0.000010 0.000010 0.838374 0.000010 0.067311 0.000010 0.000010 0.000010 0.091877 0.000010 0.000010 0.002318 0.000010 0.000010 0.000010
0.000010 0.000010 0.000010 0.999850 0.000010 0.000010 0.000010 0.000010 0.000010 0.000010 0.000010 0.000010 0.000010 0.000010 0.000010 0.000010
0.000010 0.000010 0.020240 0.886354 0.000010 0.000010 0.000010 0.068218 0.000010 0.025067 0.000010 0.000010 0.000010 0.000010 0.000010 0.000010
0.000010 0.000010 0.000010 0.000010 0.061168 0.000010 0.849060 0.000010 0.000010 0.000010 0.044881 0.000010 0.000010 0.000010 0.000010 0.044771
0.000010 0.000010 0.000010 0.000010 0.000010 0.000010 0.000010 0.000010 0.000010 0.000010 0.999850 0.000010 0.000010 0.000010 0.000010 0.000010
0.000010 0.000010 0.000010 0.000010 0.000010 0.000010 0.000010 0.000010 0.000010 0.000010 0.000010 0.000010 0.000010 0.999850 0.000010 0.000010
0.000010 0.000010 0.000010 0.000010 0.000010 0.000010 0.000010 0.000010 0.000010 0.000010 0.000010 0.000010 0.000010 0.999850 0.000010 0.000010
0.000010 0.000010 0.000010 0.083831 0.032232 0.000010 0.000010 0.000010 0.000010 0.000010 0.751137 0.011443 0.000010 0.000010 0.121248 0.000010
0.000010 0.000010 0.000010 0.000010 0.000010 0.149113 0.000010 0.745784 0.000010 0.003390 0.072086 0.006760 0.015530 0.007246 0.000010 0.000010
0.000010 0.000010 0.000010 0.456389 0.000010 0.000010 0.000010 0.000010 0.000010 0.000010 0.543471 0.000010 0.000010 0.000010 0.000010 0.000010
0.000010 0.000010 0.000010 0.000010 0.000010 0.000010 0.485426 0.000010 0.000010 0.006733 0.000010 0.000010 0.507711 0.000010 0.000010 0.000010
0.000010 0.000010 0.999850 0.000010 0.000010 0.000010 0.000010 0.000010 0.000010 0.000010 0.000010 0.000010 0.000010 0.000010 0.000010 0.000010
0.000010 0.000010 0.000010 0.000010 0.000010 0.000010 0.000010 0.000010 0.000010 0.000010 0.000010 0.000010 0.000010 0.000010 0.000010 0.999850
0.000010 0.000010 0.032222 0.044523 0.000010 0.000010 0.000010 0.444527 0.000010 0.000010 0.467753 0.000010 0.000010 0.000010 0.010866 0.000010
0.000010 0.000010 0.000010 0.000010 0.000010 0.012348 0.000010 0.483817 0.127319 0.000010 0.000010 0.000010 0.000010 0.000010 0.376397 0.000010
0.000010 0.000010 0.000010 0.000010 0.000010 0.000010 0.000010 0.999850 0.000010 0.000010 0.000010 0.000010 0.000010 0.000010 0.000010 0.000010
0.000010 0.000010 0.000010 0.000010 0.007342 0.011998 0.000010 0.282947 0.054889 0.000010 0.614528 0.028196 0.000010 0.000010 0.000010 0.000010
0.000010 0.002898 0.000010 0.056443 0.000010 0.000010 0.000010 0.398428 0.000010 0.000010 0.492482 0.000010 0.013480 0.000010 0.008625 0.027555
0.000010 0.000010 0.000010 0.000010 0.000010 0.011810 0.000010 0.469378 0.000010 0.000010 0.518682 0.000010 0.000010 0.000010 0.000010 0.000010
0.000010 0.023747 0.006362 0.000010 0.000010 0.023167 0.000010 0.867544 0.000010 0.000010 0.079071 0.000010 0.000010 0.000010 0.000010 0.000010
0.535478 0.034560 0.014403 0.146458 0.000010 0.087336 0.041142 0.033128 0.000010 0.028062 0.000010 0.028740 0.000010 0.018940 0.005613 0.026100
0.000010 0.000010 0.000010 0.000010 0.024467 0.000010 0.138460 0.000010 0.003166 0.000010 0.701562 0.000010 0.000010 0.000010 0.052778 0.079467
0.154052 0.000010 0.000010 0.245693 0.000010 0.000010 0.000010 0.000010 0.000010 0.000010 0.000010 0.000010 0.600125 0.000010 0.000010 0.000010
0.516123 0.025212 0.000010 0.000010 0.000010 0.000010 0.406948 0.000010 0.000010 0.000010 0.000010 0.000010 0.051598 0.000010 0.000010 0.000010
0.010921 0.000010 0.031244 0.586547 0.000010 0.000010 0.013278 0.000010 0.000327 0.000010 0.357583 0.000010 0.000010 0.000010 0.000010 0.000010
0.000010 0.000010 0.000010 0.534507 0.000010 0.000010 0.000010 0.000010 0.000010 0.000010 0.000010 0.000010 0.000010 0.000010 0.465353 0.000010
0.325927 0.028180 0.000010 0.000010 0.175542 0.071463 0.000010 0.000010 0.000010 0.030283 0.000010 0.322965 0.013830 0.031731 0.000010 0.000010
0.000010 0.000010 0.000010 0.000010 0.000010 0.553116 0.006521 0.000010 0.000010 0.018639 0.054377 0.322069 0.018738 0.024990 0.000010 0.001471
0.000010 0.033752 0.000010 0.000010 0.000010 0.654993 0.000010 0.000010 0.000010 0.000010 0.000010 0.311125 0.000010 0.000010 0.000010 0.000010
0.228887 0.000010 0.001592 0.130951 0.003546 0.000010 0.000010 0.021465 0.130792 0.000010 0.149831 0.000010 0.293198 0.000010 0.039669 0.000010
0.000010 0.000010 0.000010 0.000010 0.000010 0.603772 0.000010 0.000010 0.000010 0.046221 0.000010 0.342093 0.007794 0.000010 0.000010 0.000010
0.021397 0.010362 0.000010 0.029110 0.000010 0.314128 0.000010 0.000010 0.000010 0.000010 0.471278 0.153625 0.000010 0.000010 0.000010 0.000010
0.000010 0.000010 0.000010 0.000010 0.000010 0.525495 0.000010 0.000010 0.000010 0.063828 0.000010 0.383140 0.027417 0.000010 0.000010 0.000010
0.117390 0.000010 0.000010 0.000010 0.080077 0.445950 0.000010 0.201419 0.000010 0.018193 0.000010 0.080856 0.000010 0.033493 0.000010 0.022541
0.000010 0.000010 0.000010 0.000010 0.162614 0.000010 0.308223 0.000010 0.073022 0.000010 0.275975 0.000010 0.000010 0.000010 0.000010 0.180056
0.000010 0.000010 0.000010 0.021350 0.019532 0.000564 0.000010 0.059721 0.391685 0.000010 0.088763 0.001555 0.000010 0.023327 0.389027 0.004417
0.000010 0.000010 0.000010 0.176724 0.000010 0.000010 0.000010 0.057820 0.206610 0.000010 0.392064 0.000010 0.000010 0.000010 0.151677 0.015006
0.000010 0.000010 0.000010 0.435407 0.047177 0.468245 0.000010 0.000010 0.000010 0.000010 0.000010 0.049051 0.000010 0.000010 0.000010 0.000010
0.000010 0.000010 0.000010 0.408785 0.000010 0.000010 0.000010 0.000010 0.000010 0.000010 0.591075 0.000010 0.000010 0.000010 0.000010 0.000010
0.000010 0.000010 0.000010 0.999850 0.000010 0.000010 0.000010 0.000010 0.000010 0.000010 0.000010 0.000010 0.000010 0.000010 0.000010 0.000010
0.000010 0.000010 0.000010 0.445561 0.000010 0.003542 0.000010 0.000010 0.005241 0.000010 0.531461 0.014085 0.000010 0.000010 0.000010 0.000010
0.007140 0.000010 0.000010 0.283802 0.000010 0.588680 0.000010 0.039317 0.000010 0.004094 0.076866 0.000010 0.000010 0.000010 0.000010 0.000010
0.000668 0.000010 0.000010 0.642124 0.000010 0.000010 0.000010 0.000010 0.000010 0.000010 0.305892 0.035810 0.015396 0.000010 0.000010 0.000010
0.015139 0.000010 0.000010 0.320629 0.000010 0.524463 0.000010 0.000010 0.000010 0.025793 0.113866 0.000010 0.000010 0.000010 0.000010 0.000010
0.254850 0.199157 0.000010 0.000010 0.000010 0.000010 0.000010 0.000010 0.000010 0.000010 0.000010 0.000010 0.545863 0.000010 0.000010 0.000010
0.443572 0.019949 0.000010 0.000010 0.000010 0.000010 0.109473 0.000010 0.021207 0.000010 0.042978 0.000010 0.356131 0.000010 0.000010 0.006601
0.287903 0.142182 0.000010 0.399239 0.000010 0.010873 0.000010 0.000010 0.000010 0.000010 0.031342 0.000010 0.095797 0.000010 0.032573 0.000010
0.000010 0.000020 0.000010 0.000010 0.000010 0.000010 0.000010 0.000010 0.000010 0.000010 0.000010 0.000010 0.000010 0.000010 0.000010 0.999840
0.023415 0.171599 0.019180 0.009749 0.046490 0.024105 0.197801 0.049849 0.017151 0.049310 0.095405 0.042059 0.205450 0.019075 0.000010 0.029350
0.000010 0.186086 0.000010 0.000010 0.000010 0.026088 0.034853 0.000010 0.000010 0.008062 0.000010 0.000010 0.244190 0.006644 0.493987 0.000010
0.000010 0.000010 0.028204 0.000010 0.000010 0.965785 0.000010 0.000010 0.000010 0.005881 0.000010 0.000010 0.000010 0.000010 0.000010 0.000010
0.000010 0.453598 0.000010 0.035412 0.027929 0.000010 0.349763 0.000010 0.000010 0.000010 0.041081 0.012494 0.058372 0.021272 0.000010 0.000010
0.000010 0.000010 0.014955 0.000010 0.048853 0.840789 0.000010 0.000010 0.000010 0.087567 0.000010 0.000010 0.007727 0.000010 0.000010 0.000010
0.000010 0.000010 0.000010 0.000010 0.000010 0.000010 0.000010 0.000010 0.000010 0.000010 0.000010 0.000010 0.999850 0.000010 0.000010 0.000010
0.000010 0.000010 0.000010 0.000010 0.000010 0.000010 0.000010 0.000010 0.000010 0.000010 0.000010 0.000010 0.999850 0.000010 0.000010 0.000010
0.000010 0.000010 0.000010 0.000010 0.000010 0.461876 0.000010 0.499018 0.000010 0.038694 0.000010 0.000010 0.000010 0.000292 0.000010 0.000010
0.000010 0.005510 0.000010 0.000010 0.000010 0.966789 0.000010 0.000010 0.000010 0.000010 0.000010 0.027571 0.000010 0.000010 0.000010 0.000010
0.343116 0.000010 0.021271 0.321407 0.000010 0.024946 0.066249 0.004829 0.000866 0.217235 0.000010 0.000010 0.000010 0.000010 0.000010 0.000010
0.011841 0.151996 0.000010 0.000010 0.403063 0.000010 0.019357 0.000010 0.000010 0.000010 0.000010 0.000010 0.413632 0.000010 0.000010 0.000010
0.000010 0.000010 0.000010 0.000010 0.000010 0.999850 0.000010 0.000010 0.000010 0.000010 0.000010 0.000010 0.000010 0.000010 0.000010 0.000010
0.000010 0.000010 0.000010 0.000010 0.000010 0.999850 0.000010 0.000010 0.000010 0.000010 0.000010 0.000010 0.000010 0.000010 0.000010 0.000010
0.019602 0.000010 0.000010 0.000010 0.000010 0.869025 0.000010 0.000010 0.000010 0.000010 0.000010 0.102298 0.008955 0.000010 0.000010 0.000010
0.177386 0.077048 0.000010 0.258363 0.000010 0.000010 0.000010 0.000010 0.000010 0.000010 0.000010 0.000010 0.487083 0.000010 0.000010 0.000010
0.014728 0.000010 0.000010 0.000010 0.000010 0.976745 0.000010 0.000010 0.000010 0.000010 0.000010 0.005696 0.002710 0.000010 0.000010 0.000010
0.000010 0.000010 0.000010 0.000010 0.000010 0.999850 0.000010 0.000010 0.000010 0.000010 0.000010 0.000010 0.000010 0.000010 0.000010 0.000010
0.015894 0.011623 0.000010 0.000010 0.000010 0.652210 0.000010 0.022264 0.000010 0.017931 0.057420 0.222569 0.000010 0.000010 0.000010 0.000010
0.000010 0.000010 0.019461 0.083339 0.000010 0.000010 0.000010 0.020678 0.172282 0.000010 0.029352 0.000010 0.000010 0.000010 0.647299 0.027499
0.000010 0.026906 0.000010 0.089443 0.000010 0.469128 0.000010 0.016688 0.004604 0.083609 0.083562 0.204538 0.020042 0.000010 0.000010 0.001420
0.000010 0.000010 0.000010 0.000010 0.000010 0.000010 0.000010 0.000010 0.000010 0.999850 0.000010 0.000010 0.000010 0.000010 0.000010 0.000010
0.000010 0.000010 0.000010 0.000010 0.000010 0.944251 0.000010 0.055609 0.000010 0.000010 0.000010 0.000010 0.000010 0.000010 0.000010 0.000010
0.000010 0.000010 0.000010 0.000010 0.000010 0.994489 0.000010 0.003345 0.000010 0.002035 0.000010 0.000010 0.000010 0.000010 0.000010 0.000010
0.000010 0.000010 0.000010 0.000010 0.000010 0.999850 0.000010 0.000010 0.000010 0.000010 0.000010 0.000010 0.000010 0.000010 0.000010 0.000010
0.000010 0.999849 0.000010 0.000010 0.000010 0.000010 0.000010 0.000010 0.000010 0.000010 0.000010 0.000010 0.000011 0.000010 0.000010 0.000010
0.000010 0.007486 0.000010 0.000384 0.000010 0.000010 0.000749 0.000010 0.051573 0.000010 0.000010 0.000010 0.000010 0.000010 0.916999 0.022710
0.000010 0.000010 0.000010 0.876582 0.000010 0.001504 0.000010 0.014080 0.000010 0.092143 0.000010 0.015580 0.000010 0.000010 0.000010 0.000010
0.000010 0.000010 0.000010 0.000010 0.999850 0.000010 0.000010 0.000010 0.000010 0.000010 0.000010 0.000010 0.000010 0.000010 0.000010 0.000010
0.007244 0.085014 0.005893 0.038293 0.000010 0.000010 0.000010 0.000010 0.000010 0.000010 0.453295 0.043217 0.366955 0.000010 0.000010 0.000010
0.854182 0.145678 0.000010 0.000010 0.000010 0.000010 0.000010 0.000010 0.000010 0.000010 0.000010 0.000010 0.000010 0.000010 0.000010 0.000010
0.742799 0.000010 0.000010 0.000010 0.257061 0.000010 0.000010 0.000010 0.000010 0.000010 0.000010 0.000010 0.000010 0.000010 0.000010 0.000010
0.000010 0.000010 0.000010 0.000010 0.000010 0.000010 0.477101 0.000010 0.000010 0.000010 0.252472 0.000010 0.259983 0.000010 0.000010 0.010324
0.000010 0.000010 0.000010 0.000010 0.000010 0.000010 0.000010 0.000010 0.000010 0.999850 0.000010 0.000010 0.000010 0.000010 0.000010 0.000010
0.536028 0.104790 0.028464 0.000010 0.000010 0.036931 0.000010 0.000010 0.000010 0.008100 0.000010 0.000010 0.261433 0.024164 0.000010 0.000010
0.000010 0.000010 0.000010 0.000010 0.089956 0.000010 0.518520 0.000010 0.000933 0.000010 0.274082 0.029572 0.000010 0.004813 0.000010 0.082035
0.000010 0.000010 0.000010 0.006004 0.000010 0.000010 0.000010 0.000010 0.024253 0.000010 0.000010 0.022163 0.000010 0.000010 0.920665 0.026805
0.168336 0.000010 0.510084 0.129645 0.000010 0.000010 0.000010 0.000010 0.000010 0.166587 0.021704 0.000010 0.000010 0.003544 0.000010 0.000010
0.395944 0.085685 0.000010 0.000010 0.000010 0.000010 0.503874 0.000010 0.000010 0.000010 0.000010 0.000010 0.014377 0.000010 0.000010 0.000010
0.000010 0.999850 0.000010 0.000010 0.000010 0.000010 0.000010 0.000010 0.000010 0.000010 0.000010 0.000010 0.000010 0.000010 0.000010 0.000010
0.559570 0.000010 0.000010 0.000010 0.105068 0.000010 0.093428 0.000010 0.000010 0.000010 0.000010 0.000010 0.237557 0.000010 0.000010 0.004267
0.000010 0.592512 0.000010 0.000013 0.000010 0.000010 0.000011 0.000010 0.000010 0.008660 0.000010 0.000016 0.398687 0.000010 0.000010 0.000010
0.000010 0.000010 0.999850 0.000010 0.000010 0.000010 0.000010 0.000010 0.000010 0.000010 0.000010 0.000010 0.000010 0.000010 0.000010 0.000010
0.417399 0.312808 0.000010 0.000010 0.000010 0.000010 0.000010 0.000010 0.000010 0.071920 0.000010 0.000010 0.197754 0.000010 0.000010 0.000010
0.439936 0.000010 0.000010 0.000010 0.000010 0.000010 0.000010 0.000010 0.000010 0.000010 0.000010 0.000010 0.559924 0.000010 0.000010 0.000010
0.296675 0.264531 0.000010 0.000010 0.000010 0.000010 0.000010 0.000010 0.000010 0.000010 0.000010 0.000010 0.438664 0.000010 0.000010 0.000010
0.000010 0.000010 0.999850 0.000010 0.000010 0.000010 0.000010 0.000010 0.000010 0.000010 0.000010 0.000010 0.000010 0.000010 0.000010 0.000010
0.000010 0.083409 0.916442 0.000010 0.000010 0.000010 0.000010 0.000019 0.000010 0.000010 0.000010 0.000010 0.000010 0.000010 0.000010 0.000010
0.000010 0.000010 0.326906 0.000010 0.000010 0.000010 0.000010 0.000010 0.000010 0.000010 0.000010 0.000010 0.000010 0.672954 0.000010 0.000010
0.000010 0.000010 0.999850 0.000010 0.000010 0.000010 0.000010 0.000010 0.000010 0.000010 0.000010 0.000010 0.000010 0.000010 0.000010 0.000010
0.000010 0.000010 0.999850 0.000010 0.000010 0.000010 0.000010 0.000010 0.000010 0.000010 0.000010 0.000010 0.000010 0.000010 0.000010 0.000010
0.000010 0.000010 0.999850 0.000010 0.000010 0.000010 0.000010 0.000010 0.000010 0.000010 0.000010 0.000010 0.000010 0.000010 0.000010 0.000010
0.000010 0.000010 0.000010 0.000010 0.000010 0.000010 0.000010 0.000010 0.000010 0.000010 0.000010 0.000010 0.000010 0.000010 0.999850 0.000010
0.000010 0.000010 0.011570 0.099829 0.217660 0.170829 0.000010 0.000550 0.000010 0.282438 0.000010 0.000010 0.089963 0.000010 0.127080 0.000010
0.000010 0.000010 0.000010 0.932260 0.000010 0.000010 0.000010 0.000010 0.000010 0.000010 0.067600 0.000010 0.000010 0.000010 0.000010 0.000010
0.000010 0.000010 0.000010 0.000010 0.000010 0.999850 0.000010 0.000010 0.000010 0.000010 0.000010 0.000010 0.000010 0.000010 0.000010 0.000010
0.492592 0.000010 0.000010 0.000010 0.040566 0.000010 0.000010 0.000010 0.000010 0.000010 0.000010 0.000010 0.466712 0.000010 0.000010 0.000010
0.000010 0.000010 0.577065 0.000010 0.341355 0.000010 0.000010 0.000010 0.000010 0.000010 0.000010 0.000010 0.000010 0.069278 0.000010 0.012182
0.000010 0.000010 0.000010 0.000010 0.999850 0.000010 0.000010 0.000010 0.000010 0.000010 0.000010 0.000010 0.000010 0.000010 0.000010 0.000010
0.000010 0.000010 0.000010 0.000010 0.000010 0.000010 0.000010 0.000010 0.000010 0.000010 0.999850 0.000010 0.000010 0.000010 0.000010 0.000010
0.000010 0.000010 0.000010 0.000010 0.000010 0.000010 0.000010 0.000010 0.000010 0.000010 0.999850 0.000010 0.000010 0.000010 0.000010 0.000010
0.000010 0.000010 0.000010 0.000010 0.000010 0.000010 0.000010 0.000010 0.000010 0.000010 0.000010 0.999850 0.000010 0.000010 0.000010 0.000010
0.000010 0.000010 0.000010 0.000010 0.000010 0.000010 0.000010 0.000010 0.000010 0.000010 0.000010 0.999850 0.000010 0.000010 0.000010 0.000010
0.000010 0.027739 0.000013 0.132974 0.000010 0.000010 0.000240 0.049236 0.114545 0.000010 0.598476 0.000010 0.000010 0.000010 0.076697 0.000010
0.000010 0.000010 0.000010 0.000010 0.000010 0.000010 0.000010 0.000010 0.000010 0.000010 0.000010 0.000010 0.000010 0.000010 0.000010 0.999850
0.000010 0.000010 0.097144 0.000010 0.000010 0.000010 0.000010 0.000010 0.000010 0.000010 0.000010 0.000010 0.018420 0.884306 0.000010 0.000010
0.324103 0.000703 0.000010 0.055400 0.000010 0.233048 0.000010 0.024054 0.000010 0.087272 0.000010 0.130115 0.142693 0.000010 0.000010 0.002541
0.000010 0.000010 0.000010 0.241869 0.025675 0.614612 0.000010 0.000010 0.000010 0.000010 0.117723 0.000010 0.000010 0.000010 0.000010 0.000010
0.000010 0.000010 0.004480 0.642357 0.000010 0.000010 0.000010 0.019030 0.045857 0.000010 0.275682 0.005086 0.000010 0.000010 0.007417 0.000010
0.000010 0.000010 0.000010 0.706223 0.000010 0.033272 0.000010 0.000010 0.000010 0.000010 0.260375 0.000010 0.000010 0.000010 0.000010 0.000010
0.000011 0.409825 0.000010 0.000010 0.000010 0.000010 0.000010 0.000010 0.000010 0.000010 0.000010 0.000010 0.590033 0.000011 0.000010 0.000010
0.000010 0.000010 0.000010 0.414084 0.000010 0.000010 0.000010 0.000010 0.000010 0.000010 0.519743 0.000010 0.000010 0.000010 0.066044 0.000010
0.000010 0.000010 0.000010 0.000010 0.000010 0.000010 0.000010 0.000010 0.000010 0.000010 0.999850 0.000010 0.000010 0.000010 0.000010 0.000010
0.000010 0.000010 0.000010 0.000010 0.999850 0.000010 0.000010 0.000010 0.000010 0.000010 0.000010 0.000010 0.000010 0.000010 0.000010 0.000010
0.000010 0.000017 0.000010 0.000010 0.000010 0.000010 0.000010 0.000010 0.000010 0.000010 0.000010 0.999843 0.000010 0.000010 0.000010 0.000010
0.000010 0.000010 0.000010 0.000010 0.000010 0.000010 0.000010 0.000010 0.000010 0.000010 0.000010 0.999850 0.000010 0.000010 0.000010 0.000010
0.000010 0.000010 0.000010 0.000010 0.000010 0.000010 0.000010 0.000010 0.000017 0.000010 0.000010 0.999843 0.000010 0.000010 0.000010 0.000010
0.000010 0.000010 0.000010 0.000010 0.000010 0.000010 0.000010 0.000010 0.000010 0.000010 0.000010 0.601610 0.000010 0.000010 0.207441 0.190818
0.913106 0.000014 0.000015 0.000010 0.000010 0.000010 0.000010 0.000010 0.000011 0.086744 0.000010 0.000010 0.000010 0.000010 0.000010 0.000010
0.000010 0.787893 0.000010 0.000010 0.000010 0.000010 0.000010 0.000010 0.000010 0.000010 0.000010 0.000010 0.211967 0.000010 0.000010 0.000010
0.003215 0.199848 0.012314 0.000010 0.403250 0.000010 0.059281 0.000010 0.000010 0.000010 0.000010 0.000010 0.296623 0.025380 0.000010 0.000010
0.000010 0.609614 0.000010 0.000010 0.000010 0.000010 0.000010 0.000010 0.000010 0.000010 0.000010 0.000010 0.390246 0.000010 0.000010 0.000010
0.000010 0.999846 0.000010 0.000010 0.000010 0.000010 0.000010 0.000014 0.000010 0.000010 0.000010 0.000010 0.000010 0.000010 0.000010 0.000010
0.000010 0.999850 0.000010 0.000010 0.000010 0.000010 0.000010 0.000010 0.000010 0.000010 0.000010 0.000010 0.000010 0.000010 0.000010 0.000010
0.000010 0.000010 0.000010 0.000010 0.000010 0.000010 0.000010 0.000010 0.000010 0.000010 0.000010 0.000010 0.999850 0.000010 0.000010 0.000010
0.035564 0.003496 0.053583 0.000010 0.203871 0.000010 0.015176 0.011246 0.000010 0.146757 0.000010 0.514556 0.000010 0.015681 0.000010 0.000010
0.022636 0.164263 0.054878 0.000010 0.428954 0.000010 0.040486 0.000010 0.000010 0.000010 0.000010 0.000010 0.288683 0.000010 0.000010 0.000010
0.000010 0.732598 0.000010 0.000010 0.000010 0.000010 0.000010 0.000010 0.000010 0.000010 0.000010 0.000010 0.267262 0.000010 0.000010 0.000010
0.000010 0.000010 0.000010 0.000010 0.060535 0.000010 0.939325 0.000010 0.000010 0.000010 0.000010 0.000010 0.000010 0.000010 0.000010 0.000010
0.000010 0.000010 0.000010 0.000010 0.000010 0.000010 0.999850 0.000010 0.000010 0.000010 0.000010 0.000010 0.000010 0.000010 0.000010 0.000010
0.000010 0.000010 0.000010 0.000010 0.000010 0.000010 0.999850 0.000010 0.000010 0.000010 0.000010 0.000010 0.000010 0.000010 0.000010 0.000010
0.000010 0.999850 0.000010 0.000010 0.000010 0.000010 0.000010 0.000010 0.000010 0.000010 0.000010 0.000010 0.000010 0.000010 0.000010 0.000010
0.000010 0.999850 0.000010 0.000010 0.000010 0.000010 0.000010 0.000010 0.000010 0.000010 0.000010 0.000010 0.000010 0.000010 0.000010 0.000010
0.000010 0.081175 0.000010 0.125288 0.000010 0.466998 0.000010 0.000010 0.000010 0.110592 0.005098 0.173491 0.000010 0.008453 0.000010 0.028824
0.005410 0.000010 0.000010 0.060496 0.000010 0.560182 0.000010 0.000010 0.000010 0.134300 0.072408 0.119330 0.022081 0.000010 0.000010 0.025713
0.000010 0.062679 0.000010 0.060030 0.016202 0.033267 0.449436 0.003290 0.000010 0.193940 0.000010 0.000010 0.167979 0.000010 0.013107 0.000010
0.000010 0.000010 0.000010 0.000010 0.000010 0.000010 0.000010 0.000010 0.000010 0.000010 0.000010 0.000010 0.000010 0.000010 0.000010 0.999850
0.000010 0.000010 0.000010 0.011491 0.000010 0.292239 0.000010 0.000010 0.000010 0.062012 0.010178 0.515517 0.077619 0.000010 0.000010 0.030854
0.105875 0.062571 0.085723 0.000010 0.000010 0.000010 0.384869 0.000010 0.000010 0.053247 0.000010 0.000010 0.299934 0.007691 0.000010 0.000010
0.000010 0.000010 0.000010 0.000010 0.000010 0.000010 0.000010 0.045461 0.185581 0.000852 0.049057 0.000010 0.006117 0.000010 0.712833 0.000010
0.000010 0.024524 0.000010 0.182788 0.000010 0.001830 0.000010 0.562080 0.000010 0.000010 0.001670 0.006777 0.002113 0.000010 0.218137 0.000010
0.020160 0.040996 0.013258 0.000010 0.000010 0.000010 0.000010 0.925466 0.000010 0.000010 0.000010 0.000010 0.000010 0.000010 0.000010 0.000010
0.000010 0.000010 0.000010 0.163495 0.000010 0.000010 0.000010 0.000010 0.612057 0.000010 0.021027 0.000010 0.000010 0.000010 0.200492 0.002818
0.000010 0.000010 0.000010 0.906877 0.000010 0.000010 0.021282 0.000010 0.000182 0.026416 0.039576 0.000010 0.000010 0.000010 0.000010 0.005567
0.000010 0.000015 0.000010 0.025205 0.024504 0.008952 0.000010 0.344125 0.025258 0.014780 0.000010 0.041120 0.000010 0.000010 0.515970 0.000010
0.000010 0.000010 0.000010 0.002710 0.000010 0.002119 0.000010 0.559240 0.099855 0.000010 0.030591 0.000010 0.000010 0.000010 0.305385 0.000010
0.018066 0.000010 0.000010 0.000010 0.000010 0.130228 0.000010 0.845205 0.000010 0.006381 0.000010 0.000010 0.000010 0.000010 0.000010 0.000010
0.999847 0.000010 0.000010 0.000010 0.000010 0.000010 0.000013 0.000011 0.000010 0.000010 0.000010 0.000010 0.000010 0.000010 0.000010 0.000010
0.000010 0.000010 0.000010 0.000010 0.000010 0.000010 0.000010 0.999850 0.000010 0.000010 0.000010 0.000010 0.000010 0.000010 0.000010 0.000010
0.870543 0.129317 0.000010 0.000010 0.000010 0.000010 0.000010 0.000010 0.000010 0.000010 0.000010 0.000010 0.000010 0.000010 0.000010 0.000010
0.000010 0.000010 0.000010 0.000010 0.000010 0.000010 0.000010 0.999850 0.000010 0.000010 0.000010 0.000010 0.000010 0.000010 0.000010 0.000010
0.000010 0.000010 0.000010 0.000010 0.000010 0.000010 0.000010 0.000010 0.000010 0.000010 0.000010 0.000010 0.000010 0.999850 0.000010 0.000010
0.014885 0.000010 0.068161 0.000010 0.000010 0.000010 0.000010 0.000010 0.000010 0.015523 0.000010 0.000010 0.017648 0.872780 0.000010 0.010903
0.000010 0.000010 0.000010 0.000010 0.000010 0.000010 0.000010 0.000010 0.000010 0.000010 0.000010 0.000010 0.000010 0.999850 0.000010 0.000010
0.000010 0.000010 0.000010 0.000010 0.000010 0.000010 0.000010 0.000010 0.000010 0.999850 0.000010 0.000010 0.000010 0.000010 0.000010 0.000010
0.414476 0.000010 0.000010 0.000010 0.000010 0.000010 0.346144 0.000010 0.000010 0.000010 0.135138 0.000010 0.094121 0.000010 0.000010 0.010010
0.000010 0.000010 0.000010 0.000010 0.000010 0.000010 0.000010 0.000010 0.999850 0.000010 0.000010 0.000010 0.000010 0.000010 0.000010 0.000010
0.273863 0.183758 0.000010 0.000010 0.000010 0.000010 0.000010 0.000010 0.000010 0.000010 0.000010 0.000010 0.542250 0.000010 0.000010 0.000010
0.000010 0.000010 0.000010 0.183567 0.000010 0.000010 0.000010 0.140432 0.317578 0.000010 0.060058 0.000010 0.000010 0.000010 0.298255 0.000010
0.000010 0.000010 0.000010 0.528437 0.000010 0.000010 0.000010 0.020615 0.437733 0.000010 0.000010 0.000010 0.013095 0.000010 0.000010 0.000010
0.000010 0.000010 0.000010 0.000010 0.000010 0.000010 0.000010 0.000010 0.999850 0.000010 0.000010 0.000010 0.000010 0.000010 0.000010 0.000010
0.000010 0.000010 0.225242 0.000010 0.000010 0.000010 0.000010 0.000010 0.000010 0.000010 0.000010 0.000010 0.000010 0.774618 0.000010 0.000010
0.000010 0.000010 0.359588 0.000010 0.000010 0.000010 0.000010 0.000010 0.000010 0.000010 0.000010 0.000010 0.000010 0.640272 0.000010 0.000010
0.029709 0.000010 0.000010 0.000010 0.413640 0.000010 0.015191 0.002809 0.497839 0.000010 0.000010 0.000010 0.000010 0.040712 0.000010 0.000010
0.000010 0.000010 0.000010 0.999850 0.000010 0.000010 0.000010 0.000010 0.000010 0.000010 0.000010 0.000010 0.000010 0.000010 0.000010 0.000010
0.000010 0.000010 0.000010 0.000010 0.000010 0.000010 0.000010 0.000010 0.999850 0.000010 0.000010 0.000010 0.000010 0.000010 0.000010 0.000010
0.009027 0.044404 0.000010 0.943365 0.000010 0.000010 0.000010 0.000010 0.000010 0.000010 0.000010 0.000010 0.000010 0.000010 0.000010 0.003085
0.000010 0.000010 0.000010 0.987025 0.000010 0.000010 0.000010 0.000010 0.000010 0.012835 0.000010 0.000010 0.000010 0.000010 0.000010 0.000010
0.000010 0.000010 0.000010 0.000010 0.000010 0.000010 0.000010 0.000010 0.999850 0.000010 0.000010 0.000010 0.000010 0.000010 0.000010 0.000010
0.000010 0.000010 0.000010 0.999850 0.000010 0.000010 0.000010 0.000010 0.000010 0.000010 0.000010 0.000010 0.000010 0.000010 0.000010 0.000010
0.000010 0.000010 0.000010 0.000010 0.999850 0.000010 0.000010 0.000010 0.000010 0.000010 0.000010 0.000010 0.000010 0.000010 0.000010 0.000010
0.000010 0.000010 0.000010 0.000010 0.999850 0.000010 0.000010 0.000010 0.000010 0.000010 0.000010 0.000010 0.000010 0.000010 0.000010 0.000010
0.000010 0.000010 0.000010 0.000010 0.000010 0.000010 0.000010 0.999850 0.000010 0.000010 0.000010 0.000010 0.000010 0.000010 0.000010 0.000010
0.000010 0.000010 0.000010 0.000010 0.000010 0.000010 0.000010 0.000010 0.999850 0.000010 0.000010 0.000010 0.000010 0.000010 0.000010 0.000010
0.000010 0.000010 0.000010 0.000010 0.000010 0.000010 0.000010 0.000010 0.999850 0.000010 0.000010 0.000010 0.000010 0.000010 0.000010 0.000010
0.000010 0.000010 0.000010 0.000010 0.000010 0.000010 0.000010 0.999850 0.000010 0.000010 0.000010 0.000010 0.000010 0.000010 0.000010 0.000010
0.000010 0.000010 0.000010 0.999850 0.000010 0.000010 0.000010 0.000010 0.000010 0.000010 0.000010 0.000010 0.000010 0.000010 0.000010 0.000010
0.000010 0.000010 0.000010 0.000010 0.000010 0.000010 0.000010 0.999850 0.000010 0.000010 0.000010 0.000010 0.000010 0.000010 0.000010 0.000010
0.000010 0.000010 0.000010 0.000010 0.000010 0.000010 0.000010 0.999850 0.000010 0.000010 0.000010 0.000010 0.000010 0.000010 0.000010 0.000010
0.000010 0.000010 0.000010 0.476551 0.000010 0.000010 0.000010 0.523309 0.000010 0.000010 0.000010 0.000010 0.000010 0.000010 0.000010 0.000010
0.000010 0.000010 0.000010 0.521823 0.000010 0.000010 0.000010 0.396270 0.000010 0.000010 0.000010 0.042801 0.000010 0.000010 0.038986 0.000010
