0.982639 0.017321 0.000010 0.000010 0.000010 0.000010
0.967380 0.014146 0.000010 0.018444 0.000010 0.000010
0.999950 0.000010 0.000010 0.000010 0.000010 0.000010
0.984170 0.000010 0.000010 0.000010 0.000010 0.015790
0.968089 0.030878 0.000010 0.001003 0.000010 0.000010
0.999950 0.000010 0.000010 0.000010 0.000010 0.000010
0.996009 0.000010 0.000010 0.003951 0.000010 0.000010
0.000010 0.656758 0.000010 0.051326 0.000010 0.291887
0.000010 0.999950 0.000010 0.000010 0.000010 0.000010
0.000010 0.355172 0.000010 0.103476 0.000010 0.541322
0.000010 0.999950 0.000010 0.000010 0.000010 0.000010
0.000010 0.000010 0.999950 0.000010 0.000010 0.000010
0.000010 0.000010 0.999950 0.000010 0.000010 0.000010
0.000010 0.000010 0.000010 0.999950 0.000010 0.000010
0.000010 0.000010 0.999950 0.000010 0.000010 0.000010
0.000010 0.000010 0.999950 0.000010 0.000010 0.000010
0.003477 0.051391 0.008639 0.030242 0.000010 0.906241
0.000010 0.000010 0.999950 0.000010 0.000010 0.000010
0.029610 0.000010 0.022017 0.041860 0.000010 0.906493
0.000010 0.000010 0.000010 0.999950 0.000010 0.000010
0.975572 0.000010 0.000010 0.024388 0.000010 0.000010
0.000010 0.000010 0.999950 0.000010 0.000010 0.000010
0.000010 0.000010 0.999950 0.000010 0.000010 0.000010
0.999950 0.000010 0.000010 0.000010 0.000010 0.000010
0.040545 0.061387 0.044740 0.032863 0.000010 0.820454
0.000010 0.488267 0.000010 0.070144 0.000010 0.441559
0.924503 0.059305 0.000010 0.016162 0.000010 0.000010
0.899893 0.046542 0.006769 0.000010 0.000010 0.046775
0.000010 0.999950 0.000010 0.000010 0.000010 0.000010
0.000010 0.999950 0.000010 0.000010 0.000010 0.000010
0.000010 0.000010 0.999950 0.000010 0.000010 0.000010
0.018122 0.572512 0.000010 0.013540 0.024508 0.371307
0.030699 0.324530 0.024536 0.000010 0.595967 0.024258
0.000010 0.000010 0.999950 0.000010 0.000010 0.000010
0.000010 0.000010 0.000010 0.042816 0.957144 0.000010
0.000010 0.000010 0.999950 0.000010 0.000010 0.000010
0.000010 0.000010 0.999950 0.000010 0.000010 0.000010
0.000010 0.000010 0.051057 0.045119 0.034815 0.868990
0.903899 0.071142 0.000010 0.024929 0.000010 0.000010
0.944650 0.018620 0.027420 0.000010 0.000010 0.009290
0.990331 0.000010 0.000010 0.009629 0.000010 0.000010
0.921719 0.007874 0.000010 0.000165 0.000010 0.070221
0.926279 0.052760 0.000010 0.020931 0.000010 0.000010
0.967982 0.012187 0.011154 0.000010 0.000010 0.008657
0.528687 0.000010 0.008831 0.003874 0.000010 0.458587
0.000010 0.000010 0.999950 0.000010 0.000010 0.000010
0.000010 0.000010 0.999950 0.000010 0.000010 0.000010
0.000010 0.000010 0.961608 0.000010 0.038352 0.000010
0.000010 0.000010 0.999950 0.000010 0.000010 0.000010
0.000010 0.000010 0.999823 0.000010 0.000137 0.000010
0.000012 0.000010 0.965987 0.025836 0.008145 0.000010
0.000010 0.000010 0.972840 0.027120 0.000010 0.000010
0.999950 0.000010 0.000010 0.000010 0.000010 0.000010
0.182400 0.278146 0.077763 0.102922 0.210874 0.147896
0.999950 0.000010 0.000010 0.000010 0.000010 0.000010
0.994588 0.005372 0.000010 0.000010 0.000010 0.000010
0.896895 0.098336 0.000010 0.000010 0.000010 0.004738
0.999950 0.000010 0.000010 0.000010 0.000010 0.000010
0.000010 0.000010 0.993464 0.006496 0.000010 0.000010
0.000010 0.000010 0.999950 0.000010 0.000010 0.000010
0.000010 0.000010 0.927804 0.068949 0.003218 0.000010
0.000010 0.000010 0.999950 0.000010 0.000010 0.000010
0.088599 0.317129 0.040334 0.000010 0.553917 0.000010
0.999950 0.000010 0.000010 0.000010 0.000010 0.000010
0.999950 0.000010 0.000010 0.000010 0.000010 0.000010
0.180415 0.412651 0.062488 0.056662 0.154264 0.133519
0.000010 0.000010 0.000010 0.083407 0.916553 0.000010
0.000010 0.000010 0.038505 0.709187 0.000010 0.252278
0.000010 0.000010 0.940964 0.058996 0.000010 0.000010
0.000010 0.000010 0.934332 0.065628 0.000010 0.000010
0.000010 0.127550 0.000010 0.000010 0.000010 0.872410
0.000010 0.000010 0.999950 0.000010 0.000010 0.000010
0.000010 0.000010 0.999950 0.000010 0.000010 0.000010
0.000010 0.000010 0.999950 0.000010 0.000010 0.000010
0.000010 0.538305 0.000010 0.033143 0.386185 0.042347
0.000010 0.005013 0.000010 0.121278 0.834120 0.039568
0.000010 0.841765 0.000010 0.003183 0.000010 0.155022
0.080366 0.919594 0.000010 0.000010 0.000010 0.000010
0.000010 0.871339 0.000010 0.000010 0.000010 0.128621
0.045126 0.153162 0.046200 0.000010 0.755493 0.000010
0.000010 0.872274 0.000010 0.000814 0.000010 0.126882
0.000010 0.285463 0.000010 0.061611 0.652897 0.000010
0.000010 0.000010 0.999950 0.000010 0.000010 0.000010
0.000010 0.000010 0.999950 0.000010 0.000010 0.000010
0.000010 0.000010 0.997484 0.000010 0.002476 0.000010
0.000010 0.859804 0.000010 0.025675 0.000010 0.114490
0.000010 0.000010 0.999950 0.000010 0.000010 0.000010
0.086411 0.039964 0.000010 0.000010 0.000010 0.873595
0.000010 0.000010 0.999950 0.000010 0.000010 0.000010
0.000010 0.636019 0.000010 0.068625 0.000010 0.295326
0.000010 0.816309 0.000010 0.000010 0.000010 0.183651
0.000010 0.733477 0.016819 0.006392 0.000010 0.243291
0.053917 0.350371 0.040878 0.000010 0.554814 0.000010
0.088475 0.911485 0.000010 0.000010 0.000010 0.000010
0.000010 0.000010 0.999950 0.000010 0.000010 0.000010
0.000010 0.000010 0.962315 0.037645 0.000010 0.000010
0.154925 0.824560 0.000010 0.001338 0.019157 0.000010
0.000010 0.122141 0.000010 0.020266 0.000010 0.857563
0.000010 0.999950 0.000010 0.000010 0.000010 0.000010
0.010825 0.152228 0.000010 0.501849 0.289196 0.045892
0.000010 0.000010 0.923674 0.016642 0.059655 0.000010
0.436691 0.000010 0.000010 0.000010 0.563269 0.000010
0.040006 0.562612 0.014158 0.000010 0.000010 0.383205
0.513455 0.000010 0.000010 0.000010 0.000010 0.486505
0.037162 0.000010 0.000010 0.000010 0.000010 0.962798
0.107422 0.623981 0.000010 0.000010 0.000010 0.268567
0.066474 0.574388 0.000010 0.009462 0.004333 0.345333
0.000010 0.567379 0.000010 0.000010 0.001239 0.431352
0.000010 0.137149 0.014049 0.000010 0.000010 0.848772
0.000010 0.095667 0.000010 0.144444 0.583214 0.176655
0.165219 0.748072 0.000010 0.000010 0.086679 0.000010
0.000010 0.219675 0.015807 0.572270 0.160631 0.031607
0.000013 0.000010 0.000010 0.181691 0.818266 0.000010
0.000010 0.893314 0.034114 0.010030 0.003686 0.058846
0.461594 0.467046 0.000010 0.009280 0.000010 0.062060
0.000010 0.000010 0.004151 0.163144 0.469325 0.363360
0.011866 0.082694 0.031266 0.106703 0.050108 0.717363
0.000010 0.000010 0.018761 0.142891 0.014133 0.824195
0.159764 0.249100 0.002833 0.302258 0.245323 0.040722
0.000010 0.065056 0.000010 0.134063 0.000010 0.800851
0.000010 0.530122 0.000010 0.070242 0.029364 0.370252
0.021343 0.040541 0.000010 0.156764 0.015625 0.765717
0.000010 0.000010 0.066895 0.028328 0.218383 0.686374
0.257848 0.376759 0.000010 0.000010 0.365362 0.000010
0.769782 0.138067 0.012450 0.000010 0.000010 0.079681
0.378984 0.612151 0.000010 0.000010 0.000010 0.008835
0.000010 0.391496 0.002477 0.047935 0.044407 0.513676
0.000010 0.999950 0.000010 0.000010 0.000010 0.000010
0.000010 0.921234 0.000010 0.000010 0.000010 0.078726
0.007494 0.945818 0.000010 0.000010 0.000010 0.046658
0.000010 0.289376 0.028274 0.025740 0.043741 0.612859
0.000010 0.900852 0.000010 0.023544 0.000010 0.075573
0.000010 0.366640 0.035753 0.024032 0.034456 0.539109
0.000010 0.000010 0.000010 0.764024 0.235936 0.000010
0.000010 0.067676 0.000010 0.417152 0.515142 0.000010
0.031424 0.346350 0.000010 0.280520 0.280296 0.061400
0.799272 0.000010 0.000010 0.000010 0.200688 0.000010
0.059544 0.186827 0.076180 0.386338 0.164896 0.126214
0.495569 0.000010 0.011474 0.446934 0.000010 0.046003
0.000010 0.000010 0.095018 0.043122 0.067259 0.794581
0.029705 0.215945 0.043303 0.508207 0.185642 0.017199
0.024108 0.026175 0.088120 0.097579 0.084669 0.679349
0.000010 0.000010 0.000010 0.999950 0.000010 0.000010
0.000010 0.000010 0.000010 0.999950 0.000010 0.000010
0.000010 0.000010 0.039783 0.023719 0.000010 0.936468
0.000010 0.000010 0.069698 0.056252 0.018545 0.855484
0.000364 0.254098 0.000010 0.148725 0.400949 0.195853
0.001363 0.053547 0.111881 0.474803 0.331935 0.026472
0.000010 0.000010 0.079758 0.000010 0.001349 0.918863
0.000010 0.000010 0.063177 0.031140 0.057551 0.848112
0.000010 0.000010 0.031382 0.059330 0.068001 0.841267
0.000010 0.213039 0.000010 0.571253 0.169722 0.045967
0.000010 0.000010 0.044067 0.057695 0.070335 0.827883
0.000010 0.000010 0.016020 0.067774 0.071751 0.844436
0.000010 0.073902 0.001045 0.102496 0.051234 0.771313
0.837090 0.133452 0.012529 0.014530 0.002388 0.000010
0.011729 0.143775 0.000010 0.155431 0.018590 0.670465
0.000010 0.000010 0.050171 0.572397 0.000010 0.377402
0.000010 0.000010 0.082594 0.000010 0.030394 0.886982
0.000010 0.000010 0.070731 0.033042 0.029587 0.866619
0.000010 0.000010 0.056429 0.009913 0.054014 0.879624
0.000010 0.000010 0.000010 0.999950 0.000010 0.000010
0.976113 0.000010 0.000010 0.023847 0.000010 0.000010
0.000010 0.707626 0.000010 0.048376 0.000010 0.243967
0.081351 0.042556 0.076246 0.000010 0.799826 0.000010
0.000010 0.534855 0.000010 0.449371 0.015745 0.000010
0.000010 0.000010 0.000010 0.213041 0.786919 0.000010
0.000010 0.000010 0.000010 0.000010 0.999950 0.000010
0.019470 0.451317 0.000010 0.250219 0.278975 0.000010
0.000010 0.000010 0.030859 0.620664 0.005002 0.343455
0.000010 0.000010 0.017634 0.429817 0.520164 0.032365
0.144858 0.423079 0.038267 0.000010 0.359109 0.034678
0.937025 0.053527 0.000010 0.009418 0.000010 0.000010
0.017825 0.115131 0.508244 0.104322 0.176388 0.078091
0.000010 0.000010 0.000010 0.222098 0.777862 0.000010
0.000010 0.000010 0.000010 0.999950 0.000010 0.000010
0.000010 0.000010 0.000010 0.285925 0.714035 0.000010
0.000010 0.000010 0.000010 0.999950 0.000010 0.000010
0.000010 0.000010 0.999950 0.000010 0.000010 0.000010
0.000010 0.000010 0.000010 0.616059 0.383901 0.000010
0.000010 0.000010 0.000010 0.595197 0.404763 0.000010
0.000010 0.000010 0.000010 0.736512 0.263448 0.000010
0.000010 0.000010 0.998577 0.001383 0.000010 0.000010
0.000010 0.000010 0.804622 0.195338 0.000010 0.000010
0.000010 0.000010 0.999950 0.000010 0.000010 0.000010
0.000010 0.000010 0.936101 0.041053 0.022816 0.000010
0.000010 0.000010 0.964519 0.035441 0.000010 0.000010
0.000010 0.000010 0.988567 0.011393 0.000010 0.000010
0.999950 0.000010 0.000010 0.000010 0.000010 0.000010
0.138362 0.118783 0.078517 0.214970 0.180749 0.268618
0.006895 0.917257 0.000010 0.000010 0.000010 0.075817
0.000010 0.000010 0.077271 0.000010 0.059130 0.863569
0.000010 0.000010 0.000010 0.498501 0.501459 0.000010
0.019208 0.004097 0.683090 0.000010 0.292804 0.000791
0.141541 0.025347 0.136462 0.000010 0.696630 0.000010
0.054832 0.924128 0.000010 0.021011 0.000010 0.000010
0.000010 0.999950 0.000010 0.000010 0.000010 0.000010
0.000010 0.009339 0.000010 0.103572 0.000010 0.887059
0.000010 0.037575 0.000010 0.118866 0.000010 0.843529
0.206480 0.754502 0.000010 0.027746 0.000010 0.011253
0.438921 0.000010 0.000010 0.000010 0.561039 0.000010
0.000010 0.000010 0.984466 0.015494 0.000010 0.000010
0.000010 0.042705 0.000010 0.254314 0.321047 0.381914
0.000010 0.334755 0.067592 0.000010 0.030484 0.567150
0.043958 0.862524 0.000010 0.000010 0.000010 0.093488
0.000010 0.930754 0.000010 0.000010 0.000010 0.069206
0.000010 0.000010 0.000010 0.999950 0.000010 0.000010
0.078173 0.921787 0.000010 0.000010 0.000010 0.000010
0.087724 0.912236 0.000010 0.000010 0.000010 0.000010
0.066126 0.051949 0.140020 0.000010 0.741885 0.000010
0.004162 0.000010 0.000010 0.102297 0.000010 0.893512
0.000010 0.000010 0.000010 0.115014 0.000010 0.884946
0.016011 0.000010 0.000010 0.097152 0.000010 0.886807
0.401334 0.048616 0.000010 0.045825 0.024347 0.479868
0.000010 0.000010 0.000010 0.119920 0.880040 0.000010
0.000010 0.000010 0.000010 0.999950 0.000010 0.000010
0.025366 0.066786 0.156633 0.413330 0.336752 0.001132
0.000010 0.000010 0.000010 0.999950 0.000010 0.000010
0.000010 0.000010 0.000010 0.999946 0.000014 0.000010
0.000010 0.000010 0.150117 0.849843 0.000010 0.000010
0.000010 0.000010 0.000010 0.999950 0.000010 0.000010
0.027329 0.036985 0.094914 0.131725 0.182728 0.526319
0.010510 0.072148 0.152787 0.385454 0.354889 0.024212
0.000010 0.000010 0.000010 0.999950 0.000010 0.000010
0.060954 0.295116 0.042083 0.003717 0.598119 0.000010
0.000010 0.299752 0.052038 0.000010 0.648180 0.000010
0.000010 0.292300 0.039695 0.000010 0.667975 0.000010
0.000010 0.000010 0.000010 0.999950 0.000010 0.000010
0.000016 0.000010 0.000010 0.999944 0.000010 0.000010
0.015602 0.140939 0.028864 0.191116 0.053617 0.569861
0.004822 0.156511 0.000010 0.165533 0.066806 0.606319
0.073831 0.200300 0.062172 0.309778 0.221004 0.132914
0.801877 0.000010 0.000010 0.000010 0.198083 0.000010
0.041313 0.115559 0.000010 0.178024 0.007974 0.657120
0.000010 0.102327 0.103957 0.425081 0.368615 0.000010
0.897249 0.045431 0.000010 0.013130 0.000010 0.044170
0.227538 0.174665 0.000010 0.021889 0.000010 0.575888
0.030720 0.039418 0.010116 0.029906 0.000010 0.889830
0.773904 0.209839 0.000010 0.000010 0.000010 0.016228
0.006647 0.848397 0.000010 0.017772 0.007970 0.119205
0.554155 0.038015 0.000010 0.006726 0.000010 0.401084
0.400600 0.061434 0.000010 0.000010 0.000010 0.537936
0.000010 0.065354 0.000010 0.000010 0.005296 0.929320
0.000010 0.000010 0.000010 0.000010 0.999950 0.000010
0.000010 0.000010 0.000010 0.000010 0.000010 0.999950
0.000010 0.000010 0.000010 0.210755 0.789205 0.000010
0.009664 0.016068 0.000010 0.000010 0.000010 0.974238
0.000010 0.000010 0.999950 0.000010 0.000010 0.000010
0.000010 0.000010 0.934331 0.031684 0.033956 0.000010
0.000010 0.000010 0.998125 0.000010 0.001835 0.000010
0.000010 0.000010 0.012702 0.560164 0.065726 0.361389
0.000010 0.222156 0.000010 0.129576 0.648237 0.000010
0.848341 0.124773 0.000010 0.026856 0.000010 0.000010
0.000010 0.000010 0.000010 0.750761 0.249199 0.000010
0.608248 0.248663 0.000010 0.000010 0.000010 0.143059
0.427736 0.425716 0.000010 0.013659 0.000010 0.132869
0.961249 0.038711 0.000010 0.000010 0.000010 0.000010
0.000010 0.000010 0.999950 0.000010 0.000010 0.000010
0.000010 0.000010 0.999950 0.000010 0.000010 0.000010
0.466620 0.076576 0.074720 0.000010 0.336154 0.045921
0.035194 0.833618 0.000010 0.029524 0.000010 0.101644
0.999950 0.000010 0.000010 0.000010 0.000010 0.000010
0.001213 0.806437 0.000010 0.043495 0.000010 0.148835
0.000010 0.722515 0.000010 0.042097 0.000010 0.235358
0.914381 0.081420 0.000010 0.000010 0.004169 0.000010
0.000010 0.907984 0.000010 0.000010 0.000010 0.091976
0.026256 0.000010 0.140373 0.000010 0.780054 0.053297
0.066277 0.000010 0.121526 0.000010 0.801710 0.010467
0.000010 0.000010 0.000010 0.000010 0.000010 0.999950
0.999950 0.000010 0.000010 0.000010 0.000010 0.000010
0.989453 0.000010 0.000010 0.010507 0.000010 0.000010
0.000010 0.000010 0.000010 0.000010 0.000010 0.999950
0.000010 0.851275 0.000010 0.013579 0.009289 0.125837
0.000010 0.014118 0.000010 0.000010 0.000010 0.985842
0.000010 0.000010 0.000010 0.000010 0.000010 0.999950
0.005827 0.479946 0.000010 0.000010 0.000010 0.514196
0.041927 0.447938 0.000010 0.000010 0.000010 0.510105
0.043706 0.000010 0.000010 0.039275 0.000010 0.916988
0.968986 0.030974 0.000010 0.000010 0.000010 0.000010
0.000010 0.000010 0.000010 0.000010 0.000010 0.999950
0.000010 0.000010 0.999950 0.000010 0.000010 0.000010
0.000010 0.000010 0.999950 0.000010 0.000010 0.000010
0.000010 0.000010 0.996535 0.000010 0.003425 0.000010
0.000020 0.000010 0.999940 0.000010 0.000010 0.000010
