0.000010 0.000010 0.000010 0.000010 0.000010 0.000010 0.021302 0.000010 0.144153 0.000010 0.000010 0.834395 0.000010 0.000010 0.000010 0.000010 0.000010 0.000010
0.012352 0.000010 0.000010 0.000010 0.000010 0.000010 0.000010 0.000010 0.148750 0.000010 0.000010 0.824713 0.000010 0.000010 0.000010 0.009794 0.000010 0.004261
0.000010 0.000010 0.000010 0.000010 0.000010 0.000010 0.000010 0.000010 0.000010 0.000010 0.000010 0.999830 0.000010 0.000010 0.000010 0.000010 0.000010 0.000010
0.021701 0.000010 0.000010 0.000010 0.000010 0.000010 0.000010 0.000010 0.127772 0.000010 0.006941 0.843445 0.000010 0.000010 0.000010 0.000010 0.000010 0.000010
0.000010 0.035900 0.000010 0.000010 0.000010 0.000010 0.000010 0.000010 0.141458 0.000010 0.000010 0.822492 0.000010 0.000010 0.000010 0.000010 0.000010 0.000010
0.000010 0.000010 0.000010 0.000010 0.000010 0.000010 0.000010 0.000010 0.000010 0.000010 0.000010 0.999830 0.000010 0.000010 0.000010 0.000010 0.000010 0.000010
0.000010 0.000010 0.000010 0.000010 0.000010 0.000010 0.020670 0.000010 0.056525 0.000010 0.000010 0.922655 0.000010 0.000010 0.000010 0.000010 0.000010 0.000010
0.999830 0.000010 0.000010 0.000010 0.000010 0.000010 0.000010 0.000010 0.000010 0.000010 0.000010 0.000010 0.000010 0.000010 0.000010 0.000010 0.000010 0.000010
0.000010 0.999830 0.000010 0.000010 0.000010 0.000010 0.000010 0.000010 0.000010 0.000010 0.000010 0.000010 0.000010 0.000010 0.000010 0.000010 0.000010 0.000010
0.502295 0.026465 0.000010 0.000010 0.000010 0.000010 0.000010 0.000010 0.000010 0.046396 0.000010 0.000010 0.013924 0.342354 0.000010 0.068446 0.000010 0.000010
0.000010 0.999830 0.000010 0.000010 0.000010 0.000010 0.000010 0.000010 0.000010 0.000010 0.000010 0.000010 0.000010 0.000010 0.000010 0.000010 0.000010 0.000010
0.000010 0.000010 0.000010 0.000010 0.388692 0.611148 0.000010 0.000010 0.000010 0.000010 0.000010 0.000010 0.000010 0.000010 0.000010 0.000010 0.000010 0.000010
0.000010 0.000010 0.000010 0.000010 0.328155 0.671683 0.000010 0.000010 0.000012 0.000010 0.000010 0.000010 0.000010 0.000010 0.000010 0.000010 0.000010 0.000010
0.000010 0.000010 0.000010 0.000010 0.000010 0.000010 0.000010 0.000010 0.000010 0.639491 0.000010 0.000010 0.038084 0.000010 0.322274 0.000010 0.000010 0.000010
0.000010 0.000010 0.000010 0.000010 0.425472 0.574368 0.000010 0.000010 0.000010 0.000010 0.000010 0.000010 0.000010 0.000010 0.000010 0.000010 0.000010 0.000010
0.000010 0.000010 0.000010 0.000010 0.433874 0.565966 0.000010 0.000010 0.000010 0.000010 0.000010 0.000010 0.000010 0.000010 0.000010 0.000010 0.000010 0.000010
0.000010 0.000010 0.758090 0.000010 0.000010 0.000010 0.031137 0.000010 0.000010 0.000010 0.000010 0.000010 0.000010 0.137880 0.045768 0.026995 0.000010 0.000010
0.000010 0.000010 0.000010 0.000010 0.406227 0.593613 0.000010 0.000010 0.000010 0.000010 0.000010 0.000010 0.000010 0.000010 0.000010 0.000010 0.000010 0.000010
0.022804 0.000010 0.659315 0.016516 0.000010 0.000010 0.001284 0.000010 0.000010 0.000010 0.003106 0.000010 0.026259 0.214757 0.030480 0.025389 0.000010 0.000010
0.000010 0.000010 0.000010 0.000010 0.000010 0.000010 0.000010 0.000010 0.000010 0.999830 0.000010 0.000010 0.000010 0.000010 0.000010 0.000010 0.000010 0.000010
0.000010 0.000010 0.000010 0.008308 0.000010 0.000010 0.000010 0.000010 0.000010 0.000010 0.000010 0.979686 0.000010 0.000010 0.011856 0.000010 0.000010 0.000010
0.000010 0.000010 0.000010 0.000010 0.486758 0.513082 0.000010 0.000010 0.000010 0.000010 0.000010 0.000010 0.000010 0.000010 0.000010 0.000010 0.000010 0.000010
0.000010 0.000010 0.000010 0.000010 0.411536 0.588304 0.000010 0.000010 0.000010 0.000010 0.000010 0.000010 0.000010 0.000010 0.000010 0.000010 0.000010 0.000010
0.000010 0.000010 0.000010 0.000010 0.000010 0.000010 0.000010 0.000010 0.000010 0.000010 0.000010 0.999830 0.000010 0.000010 0.000010 0.000010 0.000010 0.000010
0.043160 0.000010 0.646030 0.000010 0.021536 0.000010 0.007842 0.000010 0.026444 0.030581 0.008094 0.000010 0.019720 0.156958 0.000010 0.013630 0.025935 0.000010
0.000010 0.464541 0.000010 0.000010 0.000010 0.000010 0.000010 0.000010 0.000010 0.006254 0.000010 0.000010 0.000010 0.384349 0.000010 0.144715 0.000010 0.000010
0.000010 0.034053 0.014812 0.000010 0.000010 0.000010 0.004728 0.000010 0.151714 0.000010 0.000010 0.782190 0.000010 0.000010 0.003639 0.000010 0.000010 0.008753
0.041620 0.004989 0.041302 0.004543 0.000010 0.000010 0.000010 0.000010 0.174440 0.000010 0.000010 0.727314 0.000010 0.000010 0.000010 0.005682 0.000010 0.000010
0.000010 0.999827 0.000010 0.000010 0.000010 0.000010 0.000010 0.000010 0.000013 0.000010 0.000010 0.000010 0.000010 0.000010 0.000010 0.000010 0.000010 0.000010
0.000010 0.999830 0.000010 0.000010 0.000010 0.000010 0.000010 0.000010 0.000010 0.000010 0.000010 0.000010 0.000010 0.000010 0.000010 0.000010 0.000010 0.000010
0.000010 0.000010 0.000010 0.000010 0.500612 0.499228 0.000010 0.000010 0.000010 0.000010 0.000010 0.000010 0.000010 0.000010 0.000010 0.000010 0.000010 0.000010
0.088688 0.473182 0.268398 0.025172 0.000010 0.000010 0.000010 0.000010 0.000010 0.000010 0.000010 0.000010 0.000010 0.088756 0.006506 0.034092 0.000010 0.015106
0.000010 0.000010 0.000010 0.078266 0.000010 0.000010 0.000010 0.000010 0.000010 0.000010 0.000010 0.000010 0.000010 0.000010 0.000010 0.000010 0.921574 0.000010
0.000010 0.000010 0.000010 0.000010 0.441795 0.558045 0.000010 0.000010 0.000010 0.000010 0.000010 0.000010 0.000010 0.000010 0.000010 0.000010 0.000010 0.000010
0.000010 0.000010 0.000010 0.000010 0.000010 0.000010 0.000010 0.000010 0.000010 0.000011 0.000010 0.000010 0.000010 0.000010 0.000010 0.000010 0.000010 0.999829
0.000010 0.000010 0.000010 0.000010 0.386453 0.613387 0.000010 0.000010 0.000010 0.000010 0.000010 0.000010 0.000010 0.000010 0.000010 0.000010 0.000010 0.000010
0.000010 0.000010 0.000010 0.000010 0.450684 0.549156 0.000010 0.000010 0.000010 0.000010 0.000010 0.000010 0.000010 0.000010 0.000010 0.000010 0.000010 0.000010
0.000010 0.000010 0.000010 0.000010 0.000010 0.000010 0.000010 0.000010 0.000010 0.000010 0.000010 0.000010 0.000010 0.999830 0.000010 0.000010 0.000010 0.000010
0.000010 0.055729 0.028277 0.000010 0.000010 0.000010 0.000010 0.000010 0.134649 0.000010 0.003298 0.766946 0.000010 0.000010 0.010981 0.000010 0.000010 0.000010
0.000010 0.000010 0.010951 0.000010 0.000010 0.012013 0.013227 0.000010 0.100236 0.000010 0.000010 0.858716 0.000010 0.000010 0.000010 0.000010 0.000010 0.004737
0.000010 0.000010 0.000010 0.000010 0.000010 0.000010 0.000010 0.000010 0.000010 0.000010 0.000010 0.999830 0.000010 0.000010 0.000010 0.000010 0.000010 0.000010
0.000010 0.000010 0.042652 0.010331 0.000010 0.000010 0.000010 0.000010 0.103611 0.000010 0.000010 0.820137 0.000010 0.000413 0.000010 0.022736 0.000010 0.000010
0.000010 0.040686 0.000010 0.016710 0.000010 0.000010 0.000010 0.000010 0.179380 0.000010 0.000010 0.747463 0.000010 0.000010 0.001828 0.000207 0.013616 0.000010
0.000010 0.000010 0.000010 0.000010 0.000010 0.000010 0.060165 0.000010 0.106015 0.000010 0.000010 0.833670 0.000010 0.000010 0.000010 0.000010 0.000010 0.000010
0.000010 0.000010 0.419330 0.000010 0.000010 0.000010 0.000010 0.021682 0.045708 0.021105 0.000010 0.455412 0.000010 0.000010 0.000010 0.036644 0.000010 0.000010
0.000010 0.000010 0.000010 0.000010 0.881744 0.118096 0.000010 0.000010 0.000010 0.000010 0.000010 0.000010 0.000010 0.000010 0.000010 0.000010 0.000010 0.000010
0.000010 0.000010 0.000010 0.000010 0.411106 0.588734 0.000010 0.000010 0.000010 0.000010 0.000010 0.000010 0.000010 0.000010 0.000010 0.000010 0.000010 0.000010
0.000010 0.000010 0.000010 0.002477 0.796449 0.174661 0.000010 0.023781 0.000010 0.000010 0.000010 0.000010 0.000010 0.000010 0.000010 0.000010 0.000010 0.002503
0.000010 0.000010 0.000010 0.000010 0.474056 0.525778 0.000010 0.000016 0.000010 0.000010 0.000010 0.000010 0.000010 0.000010 0.000010 0.000010 0.000010 0.000010
0.000010 0.000010 0.000010 0.000010 0.661668 0.338172 0.000010 0.000010 0.000010 0.000010 0.000010 0.000010 0.000010 0.000010 0.000010 0.000010 0.000010 0.000010
0.000010 0.000010 0.000010 0.000010 0.999829 0.000010 0.000010 0.000011 0.000010 0.000010 0.000010 0.000010 0.000010 0.000010 0.000010 0.000010 0.000010 0.000010
0.000010 0.000010 0.000010 0.000010 0.869927 0.103314 0.000010 0.000010 0.000010 0.026609 0.000010 0.000010 0.000010 0.000010 0.000010 0.000010 0.000010 0.000010
0.000010 0.000010 0.000010 0.000010 0.000010 0.000010 0.000010 0.000010 0.000010 0.000010 0.000010 0.999830 0.000010 0.000010 0.000010 0.000010 0.000010 0.000010
0.132628 0.185279 0.000010 0.008173 0.018060 0.000010 0.000010 0.226330 0.057243 0.098181 0.024504 0.069854 0.000010 0.112767 0.023906 0.009401 0.033420 0.000215
0.000010 0.000010 0.000010 0.000010 0.000010 0.000010 0.000010 0.000010 0.000010 0.000010 0.000010 0.999830 0.000010 0.000010 0.000010 0.000010 0.000010 0.000010
0.000010 0.000010 0.000010 0.000010 0.000010 0.000010 0.000010 0.000010 0.115479 0.000010 0.029120 0.855252 0.000010 0.000010 0.000010 0.000010 0.000010 0.000010
0.039066 0.047942 0.012048 0.000010 0.000010 0.000010 0.000010 0.000010 0.094896 0.000010 0.000010 0.805918 0.000010 0.000010 0.000010 0.000010 0.000010 0.000010
0.000010 0.000010 0.000010 0.000010 0.000010 0.000010 0.000010 0.000010 0.078210 0.000010 0.000010 0.921630 0.000010 0.000010 0.000010 0.000010 0.000010 0.000010
0.000010 0.000010 0.000010 0.000010 0.727571 0.269683 0.000010 0.000010 0.000010 0.002596 0.000010 0.000010 0.000010 0.000010 0.000010 0.000010 0.000010 0.000010
0.000010 0.000010 0.000010 0.000010 0.999830 0.000010 0.000010 0.000010 0.000010 0.000010 0.000010 0.000010 0.000010 0.000010 0.000010 0.000010 0.000010 0.000010
0.000010 0.000010 0.000010 0.000010 0.954065 0.000010 0.000010 0.000010 0.000010 0.000010 0.000010 0.000010 0.000010 0.000010 0.045775 0.000010 0.000010 0.000010
0.000010 0.000010 0.000010 0.000010 0.836820 0.163020 0.000010 0.000010 0.000010 0.000010 0.000010 0.000010 0.000010 0.000010 0.000010 0.000010 0.000010 0.000010
0.000010 0.000010 0.000010 0.000010 0.000010 0.000010 0.000010 0.000010 0.000010 0.000010 0.000010 0.000010 0.000010 0.000010 0.000010 0.000010 0.999830 0.000010
0.000010 0.000010 0.000010 0.000010 0.000010 0.000010 0.000010 0.000010 0.000010 0.000010 0.000010 0.999830 0.000010 0.000010 0.000010 0.000010 0.000010 0.000010
0.000010 0.000010 0.000010 0.000010 0.000010 0.000010 0.000010 0.000010 0.000010 0.000010 0.000010 0.999830 0.000010 0.000010 0.000010 0.000010 0.000010 0.000010
0.136671 0.289477 0.000010 0.000010 0.003535 0.018571 0.026531 0.130953 0.029816 0.008487 0.041937 0.093906 0.001106 0.149741 0.046837 0.000010 0.000010 0.022392
0.000010 0.000010 0.000010 0.256713 0.000010 0.000010 0.000010 0.000010 0.000010 0.000010 0.000010 0.000010 0.000010 0.000010 0.000010 0.000010 0.000010 0.743127
0.000010 0.000011 0.000010 0.000010 0.000010 0.000010 0.000010 0.000010 0.000010 0.259061 0.000010 0.000010 0.611181 0.000010 0.129606 0.000010 0.000010 0.000010
0.000010 0.000010 0.000010 0.000017 0.685927 0.271205 0.000010 0.000010 0.000010 0.018187 0.000010 0.000010 0.000010 0.000010 0.024535 0.000010 0.000010 0.000010
0.000010 0.000010 0.000010 0.000010 0.910611 0.000010 0.000010 0.000010 0.000010 0.089229 0.000010 0.000010 0.000010 0.000010 0.000010 0.000010 0.000010 0.000010
0.000010 0.000010 0.943567 0.000010 0.000010 0.000010 0.056273 0.000010 0.000010 0.000010 0.000010 0.000010 0.000010 0.000010 0.000010 0.000010 0.000010 0.000010
0.000010 0.000010 0.000010 0.000010 0.723468 0.261480 0.000010 0.000010 0.000010 0.014757 0.000010 0.000010 0.000010 0.000010 0.000010 0.000010 0.000010 0.000155
0.000010 0.000010 0.000010 0.000010 0.999830 0.000010 0.000010 0.000010 0.000010 0.000010 0.000010 0.000010 0.000010 0.000010 0.000010 0.000010 0.000010 0.000010
0.000010 0.000010 0.000010 0.000010 0.840444 0.159396 0.000010 0.000010 0.000010 0.000010 0.000010 0.000010 0.000010 0.000010 0.000010 0.000010 0.000010 0.000010
0.000010 0.000010 0.000010 0.673088 0.000010 0.000010 0.326752 0.000010 0.000010 0.000010 0.000010 0.000010 0.000010 0.000010 0.000010 0.000010 0.000010 0.000010
0.000010 0.000010 0.000015 0.223738 0.000010 0.000010 0.000010 0.053727 0.000010 0.000010 0.000010 0.000010 0.092279 0.000010 0.000010 0.000010 0.037018 0.593103
0.000010 0.000010 0.000010 0.000010 0.000010 0.000010 0.999830 0.000010 0.000010 0.000010 0.000010 0.000010 0.000010 0.000010 0.000010 0.000010 0.000010 0.000010
0.000010 0.999830 0.000010 0.000010 0.000010 0.000010 0.000010 0.000010 0.000010 0.000010 0.000010 0.000010 0.000010 0.000010 0.000010 0.000010 0.000010 0.000010
0.000010 0.000010 0.000010 0.000010 0.000010 0.000010 0.999830 0.000010 0.000010 0.000010 0.000010 0.000010 0.000010 0.000010 0.000010 0.000010 0.000010 0.000010
0.000010 0.023335 0.000010 0.210025 0.000010 0.000010 0.000010 0.204453 0.000010 0.000010 0.080123 0.000010 0.000010 0.000010 0.000010 0.000010 0.137555 0.344389
0.000010 0.000010 0.000010 0.000010 0.000010 0.000010 0.999830 0.000010 0.000010 0.000010 0.000010 0.000010 0.000010 0.000010 0.000010 0.000010 0.000010 0.000010
0.000010 0.220035 0.000010 0.328840 0.000010 0.000010 0.000010 0.000010 0.000010 0.000010 0.000010 0.000010 0.000010 0.000010 0.000010 0.000010 0.000010 0.450975
0.000010 0.000010 0.000010 0.000010 0.561335 0.438505 0.000010 0.000010 0.000010 0.000010 0.000010 0.000010 0.000010 0.000010 0.000010 0.000010 0.000010 0.000010
0.000010 0.000010 0.000010 0.000010 0.563447 0.436393 0.000010 0.000010 0.000010 0.000010 0.000010 0.000010 0.000010 0.000010 0.000010 0.000010 0.000010 0.000010
0.000010 0.000010 0.000010 0.000010 0.923921 0.075919 0.000010 0.000010 0.000010 0.000010 0.000010 0.000010 0.000010 0.000010 0.000010 0.000010 0.000010 0.000010
0.000010 0.000010 0.000010 0.000010 0.000010 0.000010 0.000010 0.000010 0.000010 0.000010 0.000010 0.000010 0.999830 0.000010 0.000010 0.000010 0.000010 0.000010
0.000010 0.000010 0.000010 0.000010 0.000010 0.000010 0.999829 0.000010 0.000010 0.000010 0.000010 0.000010 0.000011 0.000010 0.000010 0.000010 0.000010 0.000010
0.000010 0.000010 0.000010 0.000010 0.679194 0.320646 0.000010 0.000010 0.000010 0.000010 0.000010 0.000010 0.000010 0.000010 0.000010 0.000010 0.000010 0.000010
0.029750 0.000010 0.797029 0.000010 0.000010 0.000010 0.000010 0.000010 0.000010 0.000010 0.016381 0.055304 0.000010 0.080755 0.000010 0.020662 0.000010 0.000010
0.000010 0.000010 0.000010 0.000010 0.999830 0.000010 0.000010 0.000010 0.000010 0.000010 0.000010 0.000010 0.000010 0.000010 0.000010 0.000010 0.000010 0.000010
0.999830 0.000010 0.000010 0.000010 0.000010 0.000010 0.000010 0.000010 0.000010 0.000010 0.000010 0.000010 0.000010 0.000010 0.000010 0.000010 0.000010 0.000010
0.999830 0.000010 0.000010 0.000010 0.000010 0.000010 0.000010 0.000010 0.000010 0.000010 0.000010 0.000010 0.000010 0.000010 0.000010 0.000010 0.000010 0.000010
0.999830 0.000010 0.000010 0.000010 0.000010 0.000010 0.000010 0.000010 0.000010 0.000010 0.000010 0.000010 0.000010 0.000010 0.000010 0.000010 0.000010 0.000010
0.000010 0.000010 0.000010 0.999830 0.000010 0.000010 0.000010 0.000010 0.000010 0.000010 0.000010 0.000010 0.000010 0.000010 0.000010 0.000010 0.000010 0.000010
0.000010 0.999830 0.000010 0.000010 0.000010 0.000010 0.000010 0.000010 0.000010 0.000010 0.000010 0.000010 0.000010 0.000010 0.000010 0.000010 0.000010 0.000010
0.000010 0.000010 0.000010 0.000010 0.999830 0.000010 0.000010 0.000010 0.000010 0.000010 0.000010 0.000010 0.000010 0.000010 0.000010 0.000010 0.000010 0.000010
0.000010 0.000010 0.000010 0.000010 0.999830 0.000010 0.000010 0.000010 0.000010 0.000010 0.000010 0.000010 0.000010 0.000010 0.000010 0.000010 0.000010 0.000010
0.048889 0.740304 0.000010 0.000012 0.000010 0.000010 0.046037 0.034764 0.000010 0.000010 0.000010 0.121896 0.000010 0.000010 0.000010 0.007987 0.000010 0.000010
0.000010 0.066294 0.743976 0.018211 0.013321 0.000010 0.000010 0.000010 0.000010 0.000010 0.000010 0.000010 0.000010 0.151530 0.005307 0.001251 0.000010 0.000010
0.000010 0.512710 0.000010 0.000010 0.000010 0.000010 0.487130 0.000010 0.000010 0.000010 0.000010 0.000010 0.000010 0.000010 0.000010 0.000010 0.000010 0.000010
0.000010 0.000010 0.000010 0.450265 0.000010 0.000010 0.000010 0.000010 0.000010 0.363210 0.000010 0.000010 0.010269 0.000010 0.103852 0.000010 0.072274 0.000010
0.000010 0.000010 0.000010 0.000010 0.000010 0.999830 0.000010 0.000010 0.000010 0.000010 0.000010 0.000010 0.000010 0.000010 0.000010 0.000010 0.000010 0.000010
0.000010 0.000010 0.000010 0.000010 0.000010 0.000010 0.000010 0.000010 0.000010 0.000010 0.999830 0.000010 0.000010 0.000010 0.000010 0.000010 0.000010 0.000010
0.000010 0.445061 0.431973 0.021317 0.000010 0.024307 0.069443 0.000010 0.000010 0.000010 0.000010 0.007779 0.000010 0.000010 0.000010 0.000010 0.000010 0.000010
0.000010 0.000010 0.487023 0.000010 0.000010 0.000010 0.000010 0.000010 0.124734 0.000010 0.000010 0.378666 0.000010 0.009438 0.000010 0.000010 0.000010 0.000010
0.000010 0.000010 0.999830 0.000010 0.000010 0.000010 0.000010 0.000010 0.000010 0.000010 0.000010 0.000010 0.000010 0.000010 0.000010 0.000010 0.000010 0.000010
0.000016 0.615149 0.283812 0.000010 0.000010 0.000010 0.000010 0.006043 0.056830 0.000010 0.000010 0.000010 0.000010 0.008219 0.000010 0.029821 0.000010 0.000010
0.058067 0.484566 0.393073 0.006379 0.000010 0.000010 0.000010 0.000010 0.000010 0.000010 0.043900 0.000010 0.000010 0.000010 0.013895 0.000010 0.000010 0.000010
0.000010 0.519984 0.468541 0.000010 0.000010 0.000010 0.000010 0.000010 0.000010 0.002323 0.000010 0.000010 0.000010 0.009013 0.000010 0.000010 0.000010 0.000010
0.000010 0.082418 0.862171 0.000010 0.000010 0.005934 0.000010 0.000010 0.000010 0.000010 0.000010 0.000010 0.000010 0.025206 0.024141 0.000010 0.000010 0.000010
0.094261 0.000010 0.039145 0.067996 0.011851 0.017939 0.053391 0.000010 0.000010 0.054475 0.026816 0.009887 0.007602 0.076383 0.000010 0.024186 0.000010 0.516020
0.010149 0.701259 0.000010 0.071378 0.000010 0.000010 0.000010 0.029289 0.000010 0.000010 0.103950 0.037640 0.000010 0.000010 0.000010 0.000010 0.046227 0.000010
0.272622 0.000010 0.000010 0.000010 0.000010 0.000010 0.000010 0.000010 0.000010 0.567441 0.000010 0.000010 0.000010 0.000010 0.000010 0.000010 0.000010 0.159786
0.000010 0.000010 0.000010 0.542057 0.000010 0.000010 0.000010 0.000010 0.000010 0.019079 0.000010 0.000010 0.000010 0.000010 0.000010 0.000010 0.000010 0.438714
0.465361 0.355687 0.000010 0.000010 0.000010 0.000010 0.137577 0.000010 0.009101 0.000010 0.000010 0.000010 0.000010 0.000010 0.000010 0.000010 0.032145 0.000010
0.138429 0.000010 0.000010 0.004376 0.000010 0.000010 0.402148 0.000010 0.000010 0.000010 0.000010 0.454908 0.000010 0.000010 0.000010 0.000010 0.000010 0.000010
0.000010 0.000010 0.000010 0.000010 0.024829 0.000010 0.000010 0.180139 0.000010 0.063363 0.000010 0.000010 0.005117 0.080498 0.000010 0.327187 0.000010 0.318757
0.072408 0.021457 0.000010 0.000010 0.012643 0.000010 0.000010 0.000010 0.000010 0.008274 0.024041 0.000010 0.025882 0.542592 0.004887 0.287726 0.000010 0.000010
0.000010 0.000010 0.000010 0.000010 0.000010 0.000010 0.000010 0.000010 0.000010 0.032762 0.000010 0.000010 0.000010 0.672656 0.000010 0.294432 0.000010 0.000010
0.142943 0.150481 0.015665 0.000010 0.000010 0.002127 0.000010 0.002273 0.136622 0.275741 0.000010 0.041852 0.000010 0.000010 0.000010 0.000010 0.006535 0.225680
0.025086 0.000010 0.000010 0.000010 0.000010 0.000010 0.000010 0.000010 0.000010 0.000107 0.000010 0.000010 0.035005 0.618856 0.000010 0.320815 0.000010 0.000010
0.047869 0.464931 0.000010 0.000010 0.000010 0.000010 0.000010 0.000010 0.000010 0.000010 0.000010 0.000010 0.025134 0.300780 0.000010 0.139792 0.000010 0.021374
0.037516 0.000010 0.000010 0.000010 0.000010 0.000010 0.000010 0.000010 0.000010 0.036624 0.002670 0.000010 0.038888 0.527058 0.000010 0.357124 0.000010 0.000010
0.041822 0.000010 0.182923 0.000010 0.034497 0.000010 0.000010 0.059781 0.000010 0.000010 0.031244 0.000010 0.001056 0.444260 0.000010 0.060028 0.025363 0.118947
0.000010 0.286753 0.000010 0.141586 0.000010 0.000010 0.000010 0.163092 0.029137 0.000010 0.236712 0.000010 0.000010 0.000010 0.000010 0.000010 0.142599 0.000010
0.013182 0.081489 0.055887 0.000010 0.021511 0.000010 0.021465 0.025922 0.391291 0.000010 0.000358 0.387112 0.000010 0.000010 0.000010 0.001704 0.000010 0.000010
0.000010 0.389110 0.053244 0.000010 0.000010 0.000010 0.184614 0.000010 0.207054 0.000010 0.022426 0.143432 0.000010 0.000010 0.000010 0.000010 0.000010 0.000010
0.012654 0.000010 0.000010 0.000010 0.000010 0.000010 0.425382 0.032098 0.000010 0.000010 0.000010 0.000010 0.000010 0.482667 0.000013 0.047065 0.000010 0.000010
0.095879 0.579519 0.000010 0.000010 0.000010 0.000010 0.324453 0.000010 0.000010 0.000010 0.000010 0.000010 0.000010 0.000010 0.000010 0.000010 0.000010 0.000010
0.000010 0.000010 0.000010 0.000010 0.000010 0.000010 0.999830 0.000010 0.000010 0.000010 0.000010 0.000010 0.000010 0.000010 0.000010 0.000010 0.000010 0.000010
0.132803 0.526731 0.000010 0.014848 0.000010 0.000010 0.308956 0.000010 0.003317 0.000010 0.000011 0.000010 0.000010 0.000010 0.000010 0.013224 0.000010 0.000010
0.106409 0.074645 0.038910 0.000010 0.000010 0.000010 0.190990 0.000010 0.000010 0.000010 0.000010 0.000010 0.000010 0.583487 0.000010 0.000010 0.000010 0.005439
0.301405 0.303167 0.000010 0.000010 0.000010 0.000010 0.361925 0.000010 0.000010 0.000010 0.000010 0.000010 0.000010 0.000010 0.000010 0.033363 0.000010 0.000010
0.262094 0.130919 0.000010 0.000010 0.000010 0.000010 0.069761 0.000010 0.000010 0.000010 0.000010 0.000010 0.007317 0.515409 0.000010 0.000010 0.000010 0.014380
0.000010 0.000010 0.000010 0.118358 0.000010 0.000010 0.000010 0.000010 0.000010 0.000010 0.000010 0.000010 0.759585 0.000010 0.121907 0.000010 0.000010 0.000010
0.000010 0.000010 0.000010 0.999830 0.000010 0.000010 0.000010 0.000010 0.000010 0.000010 0.000010 0.000010 0.000010 0.000010 0.000010 0.000010 0.000010 0.000010
0.000010 0.000010 0.000010 0.000010 0.000010 0.000010 0.000010 0.000010 0.000010 0.478408 0.000010 0.000010 0.000010 0.000010 0.259224 0.000010 0.000010 0.262218
0.000010 0.037486 0.000208 0.040512 0.000010 0.000802 0.000010 0.000010 0.024177 0.368247 0.013437 0.000010 0.000010 0.000010 0.000010 0.000010 0.074722 0.440319
0.000010 0.000010 0.000010 0.001455 0.000010 0.000010 0.465393 0.000010 0.000010 0.159754 0.000010 0.000822 0.000010 0.000010 0.088446 0.000010 0.000010 0.284010
0.000010 0.000010 0.000010 0.000010 0.000010 0.000010 0.000010 0.000010 0.000010 0.000010 0.999830 0.000010 0.000010 0.000010 0.000010 0.000010 0.000010 0.000010
0.020495 0.091890 0.051013 0.056455 0.029429 0.013361 0.003471 0.042340 0.011713 0.230603 0.040115 0.000010 0.049567 0.019579 0.144620 0.036889 0.132932 0.025516
0.000010 0.000010 0.000010 0.053460 0.003742 0.000010 0.000010 0.000010 0.000010 0.269362 0.000010 0.488782 0.011168 0.021712 0.151665 0.000010 0.000010 0.000010
0.000010 0.000010 0.000010 0.000010 0.000010 0.025557 0.000010 0.000010 0.000010 0.000010 0.000010 0.000010 0.006671 0.967622 0.000010 0.000010 0.000010 0.000010
0.000010 0.049117 0.010509 0.122138 0.053971 0.000010 0.024778 0.016325 0.000010 0.000010 0.000010 0.000010 0.000010 0.000010 0.490431 0.014837 0.217804 0.000010
0.000010 0.000010 0.000010 0.000010 0.000010 0.008890 0.005488 0.051915 0.000010 0.032244 0.000010 0.000010 0.054322 0.847021 0.000010 0.000010 0.000010 0.000010
0.000010 0.000010 0.000010 0.000010 0.000010 0.000010 0.000010 0.000010 0.000010 0.999830 0.000010 0.000010 0.000010 0.000010 0.000010 0.000010 0.000010 0.000010
0.000010 0.000010 0.000010 0.000010 0.000010 0.000010 0.000010 0.000010 0.000010 0.999825 0.000010 0.000010 0.000010 0.000010 0.000010 0.000015 0.000010 0.000010
0.000010 0.000010 0.495346 0.013398 0.000011 0.000010 0.000010 0.000010 0.000010 0.012054 0.000010 0.000010 0.015140 0.463930 0.000010 0.000010 0.000010 0.000010
0.000010 0.000010 0.000010 0.021519 0.000010 0.000010 0.000010 0.000010 0.000010 0.000010 0.000010 0.000010 0.000010 0.953338 0.000010 0.024993 0.000010 0.000010
0.409641 0.000010 0.000010 0.024338 0.000010 0.026568 0.000010 0.000010 0.000010 0.000010 0.000010 0.000010 0.112391 0.000010 0.032844 0.000010 0.053065 0.341043
0.000010 0.000010 0.000010 0.000010 0.000010 0.000010 0.000010 0.363437 0.000010 0.226988 0.000010 0.000010 0.000010 0.000010 0.322371 0.000010 0.062307 0.024767
0.000010 0.000010 0.000017 0.000010 0.000010 0.000010 0.000010 0.000010 0.000010 0.000010 0.000010 0.000010 0.000010 0.999823 0.000010 0.000010 0.000010 0.000010
0.000010 0.000010 0.000010 0.000010 0.000010 0.000010 0.000010 0.000010 0.000010 0.000010 0.000010 0.000010 0.000010 0.999830 0.000010 0.000010 0.000010 0.000010
0.000010 0.000010 0.000010 0.000010 0.000010 0.000010 0.000010 0.000010 0.000010 0.000010 0.000010 0.000010 0.000010 0.870364 0.007272 0.099798 0.000010 0.022426
0.270310 0.000010 0.000010 0.000337 0.000010 0.000010 0.000010 0.000010 0.000010 0.538755 0.000010 0.000010 0.000010 0.000010 0.012698 0.000010 0.000010 0.177770
0.000010 0.000010 0.000010 0.000010 0.000010 0.000010 0.000010 0.000010 0.000010 0.000010 0.000010 0.000010 0.000010 0.973893 0.000010 0.008280 0.000010 0.017677
0.000010 0.000010 0.000010 0.000010 0.000010 0.000010 0.000010 0.000010 0.000010 0.000010 0.000010 0.000010 0.000010 0.999830 0.000010 0.000010 0.000010 0.000010
0.012557 0.053874 0.023048 0.001203 0.000010 0.000010 0.000010 0.000010 0.000010 0.007505 0.000010 0.000010 0.000010 0.660287 0.008865 0.214822 0.000010 0.017748
0.020238 0.028397 0.018259 0.000010 0.000010 0.014464 0.065578 0.000010 0.172166 0.001041 0.036784 0.642983 0.000010 0.000010 0.000010 0.000010 0.000010 0.000010
0.194253 0.020535 0.000010 0.000010 0.000010 0.000010 0.000010 0.000010 0.000010 0.000010 0.040738 0.000010 0.024953 0.451643 0.086176 0.181592 0.000010 0.000010
0.000010 0.000010 0.000010 0.000010 0.000010 0.000010 0.000010 0.000010 0.000010 0.000010 0.000010 0.000010 0.999830 0.000010 0.000010 0.000010 0.000010 0.000010
0.000010 0.000010 0.075169 0.000010 0.000010 0.000010 0.000010 0.000010 0.000010 0.000010 0.000010 0.000010 0.000010 0.924671 0.000010 0.000010 0.000010 0.000010
0.000010 0.000010 0.022356 0.000010 0.000010 0.000010 0.000010 0.000010 0.000010 0.000010 0.000010 0.000010 0.000010 0.977484 0.000010 0.000010 0.000010 0.000010
0.000010 0.000010 0.000010 0.000010 0.000010 0.000010 0.000010 0.000010 0.000010 0.000010 0.000010 0.000010 0.000010 0.999830 0.000010 0.000010 0.000010 0.000010
0.000010 0.000010 0.000010 0.000010 0.000010 0.000010 0.000010 0.000010 0.000010 0.716669 0.000010 0.000010 0.000010 0.000010 0.283171 0.000010 0.000010 0.000010
0.000010 0.000010 0.000010 0.000010 0.000010 0.000010 0.001591 0.000010 0.036692 0.005161 0.030984 0.911863 0.000010 0.000010 0.000010 0.000010 0.013589 0.000010
0.999830 0.000010 0.000010 0.000010 0.000010 0.000010 0.000010 0.000010 0.000010 0.000010 0.000010 0.000010 0.000010 0.000010 0.000010 0.000010 0.000010 0.000010
0.000010 0.000010 0.000010 0.000010 0.000010 0.000010 0.000010 0.999827 0.000010 0.000010 0.000010 0.000010 0.000010 0.000013 0.000010 0.000010 0.000010 0.000010
0.075829 0.432917 0.000010 0.000010 0.000010 0.000010 0.000010 0.000010 0.000010 0.451683 0.000010 0.000010 0.000010 0.000010 0.000010 0.029327 0.000010 0.010115
0.000010 0.000010 0.000012 0.000010 0.000010 0.000010 0.000010 0.000010 0.000010 0.000010 0.000010 0.000010 0.000010 0.000010 0.148894 0.000010 0.000010 0.850944
0.000010 0.000010 0.000010 0.000010 0.000010 0.000010 0.000010 0.232683 0.000010 0.000010 0.000010 0.000010 0.000010 0.000010 0.000010 0.000010 0.029598 0.737569
0.000010 0.279269 0.000010 0.079483 0.000010 0.000010 0.000010 0.000010 0.000010 0.138958 0.000012 0.000010 0.000010 0.000010 0.107469 0.000010 0.394689 0.000010
0.000010 0.000010 0.000010 0.000010 0.000010 0.000010 0.000010 0.000010 0.000010 0.083098 0.000010 0.000010 0.762219 0.000010 0.154533 0.000010 0.000010 0.000010
0.000010 0.000010 0.000010 0.000010 0.026599 0.020584 0.000010 0.000010 0.000010 0.314088 0.000010 0.000010 0.015400 0.034987 0.055274 0.000010 0.000010 0.532956
0.000010 0.295543 0.000010 0.107521 0.017027 0.000010 0.000010 0.095787 0.000010 0.000010 0.095572 0.000010 0.000010 0.000010 0.000010 0.029528 0.358911 0.000010
0.000010 0.000010 0.000010 0.000010 0.000010 0.000010 0.029030 0.000010 0.007135 0.000010 0.035157 0.917196 0.000010 0.000010 0.000010 0.011352 0.000010 0.000010
0.181273 0.000010 0.000010 0.000010 0.000010 0.522331 0.000010 0.000010 0.000010 0.000010 0.010821 0.000010 0.097113 0.000010 0.021233 0.000010 0.011724 0.155396
0.000010 0.000010 0.000010 0.667770 0.000010 0.000010 0.000010 0.000010 0.000010 0.000010 0.000010 0.000010 0.000010 0.000010 0.015583 0.000010 0.000010 0.316497
0.000010 0.000010 0.000010 0.000010 0.000010 0.000010 0.000010 0.000010 0.000010 0.999830 0.000010 0.000010 0.000010 0.000010 0.000010 0.000010 0.000010 0.000010
0.000010 0.000015 0.000010 0.079105 0.000010 0.000010 0.000010 0.103721 0.000010 0.231641 0.006576 0.000010 0.000010 0.000010 0.000010 0.000010 0.027210 0.551623
0.000010 0.000010 0.000010 0.000010 0.000010 0.000010 0.000010 0.000010 0.000010 0.749007 0.000010 0.000010 0.000010 0.000010 0.250828 0.000014 0.000010 0.000010
0.000010 0.000010 0.000010 0.000010 0.000010 0.999830 0.000010 0.000010 0.000010 0.000010 0.000010 0.000010 0.000010 0.000010 0.000010 0.000010 0.000010 0.000010
0.000010 0.000010 0.000010 0.000010 0.000010 0.000010 0.000010 0.000010 0.000010 0.536387 0.000010 0.000010 0.049553 0.000010 0.000010 0.000010 0.000010 0.413910
0.000010 0.000010 0.000010 0.000010 0.000010 0.000010 0.000010 0.000019 0.000010 0.460957 0.000013 0.000010 0.000010 0.000010 0.087248 0.000010 0.000010 0.451632
0.000010 0.000010 0.000010 0.000013 0.000010 0.000010 0.000010 0.000010 0.000010 0.704457 0.000010 0.000010 0.000010 0.000010 0.000010 0.000010 0.000010 0.295380
0.000010 0.000010 0.000010 0.000010 0.000010 0.999830 0.000010 0.000010 0.000010 0.000010 0.000010 0.000010 0.000010 0.000010 0.000010 0.000010 0.000010 0.000010
0.000010 0.000010 0.000010 0.000010 0.000010 0.879833 0.000010 0.000010 0.000010 0.120006 0.000011 0.000010 0.000010 0.000010 0.000010 0.000010 0.000010 0.000010
0.000010 0.000010 0.000010 0.000010 0.670658 0.329182 0.000010 0.000010 0.000010 0.000010 0.000010 0.000010 0.000010 0.000010 0.000010 0.000010 0.000010 0.000010
0.000010 0.000010 0.000010 0.000010 0.000010 0.999830 0.000010 0.000010 0.000010 0.000010 0.000010 0.000010 0.000010 0.000010 0.000010 0.000010 0.000010 0.000010
0.000010 0.000010 0.000010 0.000010 0.000010 0.999830 0.000010 0.000010 0.000010 0.000010 0.000010 0.000010 0.000010 0.000010 0.000010 0.000010 0.000010 0.000010
0.000010 0.000010 0.000010 0.000010 0.000010 0.999830 0.000010 0.000010 0.000010 0.000010 0.000010 0.000010 0.000010 0.000010 0.000010 0.000010 0.000010 0.000010
0.000010 0.000010 0.000010 0.000010 0.000010 0.000010 0.000010 0.000010 0.000010 0.000010 0.000010 0.999830 0.000010 0.000010 0.000010 0.000010 0.000010 0.000010
0.118881 0.000010 0.001787 0.000010 0.000010 0.003221 0.000010 0.209748 0.000010 0.120466 0.000010 0.121209 0.223819 0.163407 0.000010 0.000010 0.037372 0.000010
0.000010 0.000010 0.000010 0.000010 0.000010 0.000010 0.999830 0.000010 0.000010 0.000010 0.000010 0.000010 0.000010 0.000010 0.000010 0.000010 0.000010 0.000010
0.000010 0.000010 0.000010 0.000010 0.000010 0.000010 0.000010 0.000010 0.000010 0.000010 0.000010 0.000010 0.000010 0.999830 0.000010 0.000010 0.000010 0.000010
0.000010 0.000010 0.000010 0.000010 0.000010 0.000010 0.000010 0.050331 0.000010 0.345784 0.000010 0.000010 0.000010 0.000010 0.115955 0.000010 0.000010 0.487790
0.000010 0.000010 0.000010 0.000010 0.057850 0.586760 0.000010 0.354865 0.000010 0.000010 0.000010 0.000010 0.000010 0.000010 0.000010 0.000010 0.000386 0.000010
0.000010 0.000010 0.000010 0.000010 0.000010 0.000010 0.000010 0.999830 0.000010 0.000010 0.000010 0.000010 0.000010 0.000010 0.000010 0.000010 0.000010 0.000010
0.000010 0.991043 0.000010 0.007562 0.000010 0.000010 0.000010 0.000010 0.000010 0.000010 0.000010 0.000010 0.001245 0.000010 0.000010 0.000010 0.000010 0.000010
0.000010 0.999830 0.000010 0.000010 0.000010 0.000010 0.000010 0.000010 0.000010 0.000010 0.000010 0.000010 0.000010 0.000010 0.000010 0.000010 0.000010 0.000010
0.000010 0.000010 0.000010 0.000010 0.000010 0.000010 0.000010 0.000010 0.000010 0.000010 0.000010 0.000010 0.000010 0.000010 0.000010 0.999830 0.000010 0.000010
0.000010 0.000010 0.000010 0.000010 0.000010 0.000010 0.000010 0.000010 0.000010 0.000010 0.000010 0.000010 0.000010 0.000010 0.000010 0.999830 0.000010 0.000010
0.051015 0.589183 0.038210 0.019197 0.000010 0.000010 0.085762 0.000010 0.109929 0.000010 0.000010 0.072318 0.000010 0.000010 0.034287 0.000010 0.000010 0.000010
0.000010 0.000010 0.000010 0.000010 0.000010 0.000010 0.000010 0.000010 0.000010 0.000010 0.000010 0.000010 0.999830 0.000010 0.000010 0.000010 0.000010 0.000010
0.000010 0.000010 0.000010 0.000010 0.891562 0.089733 0.000010 0.000010 0.000010 0.018554 0.000010 0.000010 0.000010 0.000010 0.000010 0.000010 0.000010 0.000010
0.139007 0.000010 0.000010 0.000010 0.000010 0.000010 0.000010 0.000010 0.000010 0.102768 0.012575 0.000010 0.045590 0.233656 0.050588 0.099528 0.000010 0.316189
0.000010 0.086503 0.000010 0.000010 0.000010 0.000010 0.290722 0.025357 0.000010 0.000010 0.000010 0.000010 0.000010 0.597278 0.000010 0.000010 0.000010 0.000010
0.000010 0.264256 0.023230 0.000010 0.000010 0.000010 0.672707 0.000010 0.006418 0.000010 0.000010 0.019026 0.004859 0.000010 0.000010 0.009392 0.000010 0.000010
0.000010 0.220393 0.000010 0.000010 0.000010 0.000010 0.779447 0.000010 0.000010 0.000010 0.000010 0.000010 0.000010 0.000010 0.000010 0.000010 0.000010 0.000010
0.000010 0.000010 0.000010 0.000010 0.000010 0.000010 0.000010 0.000010 0.000010 0.527781 0.000010 0.000010 0.000010 0.000010 0.472059 0.000010 0.000010 0.000010
0.038375 0.502058 0.000010 0.000010 0.000010 0.000010 0.391283 0.000010 0.000010 0.000903 0.000010 0.067252 0.000010 0.000010 0.000010 0.000010 0.000010 0.000010
0.000010 0.999830 0.000010 0.000010 0.000010 0.000010 0.000010 0.000010 0.000010 0.000010 0.000010 0.000010 0.000010 0.000010 0.000010 0.000010 0.000010 0.000010
0.000010 0.000010 0.000010 0.000011 0.000010 0.000010 0.000010 0.999829 0.000010 0.000010 0.000010 0.000010 0.000010 0.000010 0.000010 0.000010 0.000010 0.000010
0.000010 0.000010 0.000010 0.000010 0.000010 0.000010 0.000010 0.000010 0.000010 0.000010 0.000010 0.000010 0.000010 0.000010 0.000010 0.999830 0.000010 0.000010
0.000010 0.000010 0.000010 0.000010 0.000010 0.000010 0.000010 0.000010 0.000010 0.000010 0.000010 0.000010 0.000010 0.000010 0.000010 0.999830 0.000010 0.000010
0.000010 0.000010 0.000010 0.000010 0.000010 0.000010 0.000010 0.000010 0.000010 0.000010 0.000010 0.000010 0.000010 0.000010 0.000010 0.999830 0.000010 0.000010
0.000010 0.000010 0.000010 0.000010 0.000010 0.000010 0.000010 0.000010 0.000010 0.000010 0.403771 0.000010 0.000010 0.000010 0.000010 0.596069 0.000010 0.000010
0.000010 0.000010 0.000010 0.000010 0.000010 0.000010 0.000010 0.000010 0.000010 0.000010 0.000010 0.000010 0.086712 0.000010 0.000010 0.000010 0.000010 0.913128
0.000010 0.000010 0.000010 0.000010 0.000010 0.000010 0.000010 0.000010 0.000010 0.000010 0.000010 0.000010 0.000010 0.000010 0.999830 0.000010 0.000010 0.000010
0.000010 0.000010 0.000010 0.019540 0.049878 0.016693 0.000010 0.365506 0.000010 0.086069 0.000010 0.000010 0.000010 0.000010 0.382303 0.000010 0.061583 0.018329
0.000010 0.000010 0.000010 0.000010 0.000010 0.000011 0.000010 0.000010 0.000010 0.362762 0.000010 0.000010 0.000010 0.000017 0.637070 0.000010 0.000010 0.000010
0.000010 0.000010 0.000010 0.000011 0.000010 0.000010 0.000010 0.000010 0.000010 0.000010 0.000010 0.000010 0.000010 0.000010 0.999829 0.000010 0.000010 0.000010
0.000010 0.000010 0.000010 0.000010 0.000010 0.000010 0.000010 0.000010 0.000010 0.999830 0.000010 0.000010 0.000010 0.000010 0.000010 0.000010 0.000010 0.000010
0.000010 0.000010 0.000010 0.000010 0.000010 0.000010 0.000010 0.000010 0.000010 0.999830 0.000010 0.000010 0.000010 0.000010 0.000010 0.000010 0.000010 0.000010
0.000010 0.000010 0.010219 0.017805 0.009115 0.050501 0.000010 0.203425 0.000010 0.000010 0.000010 0.000010 0.143588 0.000010 0.017907 0.513816 0.000010 0.033534
0.000010 0.000010 0.000010 0.000010 0.000010 0.059332 0.000010 0.385609 0.000010 0.000010 0.000010 0.000010 0.000010 0.000010 0.446190 0.000010 0.067646 0.041093
0.000010 0.000010 0.000010 0.000010 0.000010 0.000010 0.000010 0.000010 0.000010 0.391157 0.000010 0.000010 0.000010 0.000010 0.608683 0.000010 0.000010 0.000010
0.000010 0.000010 0.000010 0.000010 0.000010 0.000010 0.000010 0.000010 0.000010 0.000010 0.000010 0.000010 0.000010 0.000010 0.000010 0.000010 0.999830 0.000010
0.000010 0.000010 0.000010 0.000010 0.000010 0.000010 0.000010 0.000010 0.000010 0.000010 0.000010 0.000012 0.000010 0.000010 0.000010 0.000010 0.999828 0.000010
0.000010 0.000010 0.000010 0.000010 0.000010 0.000010 0.000010 0.000010 0.000010 0.000010 0.000010 0.000010 0.000010 0.000010 0.000010 0.000010 0.999830 0.000010
0.000010 0.000010 0.000012 0.000010 0.000010 0.000010 0.000010 0.000010 0.000010 0.000010 0.000010 0.000012 0.000010 0.000010 0.999826 0.000010 0.000010 0.000010
0.000010 0.000010 0.000010 0.000010 0.000010 0.000010 0.000010 0.000010 0.000011 0.000010 0.000010 0.000010 0.000010 0.000010 0.999829 0.000010 0.000010 0.000010
0.209759 0.000010 0.000010 0.000010 0.014999 0.000010 0.000010 0.000010 0.000010 0.007308 0.039083 0.000010 0.072102 0.442578 0.075559 0.138510 0.000010 0.000010
0.160126 0.017953 0.000010 0.000010 0.000010 0.000010 0.000010 0.000010 0.000010 0.030307 0.063661 0.000010 0.088659 0.547737 0.007249 0.084207 0.000010 0.000010
0.000010 0.000010 0.000010 0.058623 0.000010 0.000010 0.068155 0.001404 0.000010 0.225468 0.000010 0.000010 0.108555 0.066457 0.059147 0.000010 0.412091 0.000010
0.000010 0.000010 0.000010 0.000010 0.000010 0.000010 0.000010 0.000010 0.000010 0.000010 0.999830 0.000010 0.000010 0.000010 0.000010 0.000010 0.000010 0.000010
0.022967 0.000010 0.000010 0.042711 0.000010 0.000010 0.000010 0.000010 0.000010 0.000010 0.029329 0.000010 0.031170 0.289974 0.081270 0.502467 0.000010 0.000010
0.000010 0.000010 0.000010 0.451035 0.000010 0.061862 0.000010 0.000010 0.000010 0.304089 0.000010 0.000010 0.042212 0.000010 0.056207 0.000010 0.000010 0.084475
0.001723 0.051521 0.044269 0.000010 0.000010 0.000010 0.000010 0.000010 0.175660 0.000010 0.000010 0.718821 0.007886 0.000010 0.000010 0.000010 0.000010 0.000010
0.015815 0.000010 0.555330 0.000010 0.000010 0.000010 0.173404 0.000010 0.000010 0.000010 0.000010 0.217355 0.000010 0.004499 0.025169 0.008320 0.000010 0.000010
0.000010 0.000010 0.918085 0.000010 0.000010 0.013613 0.011197 0.000010 0.000010 0.000010 0.000010 0.000010 0.000010 0.000010 0.035841 0.000010 0.000010 0.021135
0.000010 0.000010 0.000010 0.000010 0.000010 0.000010 0.186259 0.000010 0.622588 0.000010 0.011183 0.179830 0.000010 0.000010 0.000010 0.000010 0.000010 0.000010
0.000010 0.000010 0.000010 0.000010 0.000010 0.000010 0.968516 0.000010 0.000010 0.000010 0.000010 0.000010 0.025972 0.000010 0.000010 0.000010 0.000010 0.005362
0.047878 0.000010 0.333058 0.003540 0.000010 0.000010 0.000010 0.023499 0.025247 0.000010 0.000010 0.510015 0.000010 0.009516 0.012162 0.034995 0.000010 0.000010
0.000010 0.031839 0.553203 0.000010 0.000010 0.000010 0.012594 0.000010 0.096078 0.000010 0.000010 0.305046 0.000010 0.001120 0.000010 0.000010 0.000010 0.000010
0.018905 0.000010 0.839064 0.000010 0.000010 0.000010 0.000010 0.000010 0.000010 0.000010 0.000010 0.000010 0.000014 0.122727 0.000010 0.000010 0.000010 0.019160
