0.000010 0.030248 0.000010 0.000010 0.969682 0.000010 0.000010 0.000010 0.000010
0.000010 0.021862 0.000011 0.000010 0.962007 0.000010 0.005424 0.000010 0.010656
0.000010 0.000010 0.000010 0.000010 0.999920 0.000010 0.000010 0.000010 0.000010
0.000010 0.007514 0.000010 0.000010 0.980817 0.008485 0.000010 0.000010 0.003134
0.000010 0.000010 0.000010 0.041332 0.958597 0.000010 0.000010 0.000010 0.000010
0.000010 0.000010 0.000010 0.000010 0.999920 0.000010 0.000010 0.000010 0.000010
0.000010 0.038875 0.000010 0.000010 0.961055 0.000010 0.000010 0.000010 0.000010
0.000010 0.871765 0.010122 0.000010 0.000010 0.024915 0.009813 0.011536 0.071818
0.000010 0.000010 0.000010 0.999920 0.000010 0.000010 0.000010 0.000010 0.000010
0.000010 0.408397 0.000010 0.035694 0.000010 0.190583 0.068017 0.000010 0.297270
0.000010 0.000010 0.000010 0.999920 0.000010 0.000010 0.000010 0.000010 0.000010
0.000010 0.000010 0.000010 0.000010 0.000010 0.000010 0.000010 0.999920 0.000010
0.000010 0.000010 0.000010 0.000010 0.000010 0.000010 0.000010 0.999920 0.000010
0.000010 0.000010 0.000010 0.000010 0.000010 0.000010 0.999920 0.000010 0.000010
0.000010 0.000010 0.000010 0.000010 0.000010 0.000010 0.000010 0.999920 0.000010
0.000010 0.000010 0.000010 0.000010 0.000010 0.000010 0.000010 0.999920 0.000010
0.000010 0.068512 0.000010 0.000010 0.000010 0.847917 0.029904 0.000010 0.053617
0.000010 0.000010 0.000010 0.000010 0.000010 0.000010 0.000010 0.999920 0.000010
0.029373 0.036020 0.000010 0.000010 0.000010 0.809476 0.046760 0.000010 0.078332
0.000010 0.000010 0.000010 0.000010 0.000010 0.000010 0.999920 0.000010 0.000010
0.000010 0.000010 0.000010 0.000010 0.976169 0.000010 0.023761 0.000010 0.000010
0.000010 0.000010 0.000010 0.000010 0.000010 0.000010 0.000010 0.999920 0.000010
0.000010 0.000010 0.000010 0.000010 0.000010 0.000010 0.000010 0.999920 0.000010
0.000010 0.000010 0.000010 0.000010 0.999920 0.000010 0.000010 0.000010 0.000010
0.005376 0.071142 0.000010 0.003460 0.014677 0.754354 0.028113 0.042435 0.080433
0.000010 0.000010 0.000010 0.487021 0.000010 0.071243 0.016623 0.000010 0.425063
0.000010 0.000010 0.009424 0.043964 0.912599 0.028229 0.005744 0.000010 0.000010
0.000010 0.045911 0.000010 0.012852 0.893719 0.042115 0.000010 0.005364 0.000010
0.000010 0.000010 0.000010 0.999920 0.000010 0.000010 0.000010 0.000010 0.000010
0.000010 0.000010 0.000010 0.999920 0.000010 0.000010 0.000010 0.000010 0.000010
0.000010 0.000010 0.000010 0.000010 0.000010 0.000010 0.000010 0.999920 0.000010
0.000010 0.077167 0.020565 0.495826 0.000010 0.342313 0.006800 0.000010 0.057300
0.999920 0.000010 0.000010 0.000010 0.000010 0.000010 0.000010 0.000010 0.000010
0.000010 0.000010 0.000010 0.000010 0.000010 0.000010 0.000010 0.999920 0.000010
0.000010 0.000010 0.999920 0.000010 0.000010 0.000010 0.000010 0.000010 0.000010
0.000010 0.000010 0.000010 0.000010 0.000010 0.000010 0.000010 0.999920 0.000010
0.000010 0.000010 0.000010 0.000010 0.000010 0.000010 0.000010 0.999920 0.000010
0.072467 0.000010 0.000010 0.000010 0.000010 0.694644 0.052523 0.015351 0.164976
0.000010 0.000010 0.000010 0.075141 0.894040 0.007636 0.023132 0.000010 0.000010
0.000010 0.031004 0.008125 0.000010 0.938831 0.002336 0.000010 0.019664 0.000010
0.000010 0.000012 0.000010 0.000010 0.991828 0.000010 0.008100 0.000010 0.000010
0.000010 0.000010 0.000010 0.000620 0.919337 0.048342 0.000010 0.000010 0.031651
0.013811 0.000010 0.000010 0.063716 0.900098 0.009209 0.013125 0.000010 0.000010
0.000010 0.068912 0.000010 0.000010 0.931016 0.000010 0.000010 0.000013 0.000010
0.000010 0.000010 0.000010 0.000010 0.521159 0.446435 0.011776 0.002713 0.017877
0.000010 0.000010 0.000010 0.000010 0.000010 0.000010 0.000010 0.999920 0.000010
0.008199 0.000010 0.000010 0.000010 0.000010 0.000010 0.000010 0.991731 0.000010
0.038929 0.000010 0.001163 0.000010 0.000010 0.000010 0.000010 0.959847 0.000010
0.000010 0.000010 0.000013 0.000010 0.000010 0.000010 0.000010 0.999917 0.000010
0.000010 0.000010 0.000010 0.000010 0.000010 0.000010 0.000010 0.999920 0.000010
0.003457 0.000010 0.001492 0.000010 0.000010 0.000010 0.026579 0.968422 0.000010
0.000010 0.000010 0.000010 0.000010 0.000010 0.000010 0.026825 0.973105 0.000010
0.000010 0.000010 0.000010 0.000010 0.999911 0.000010 0.000019 0.000010 0.000010
0.248667 0.061124 0.045719 0.195404 0.145195 0.069564 0.108417 0.048342 0.077568
0.000010 0.000010 0.000010 0.000010 0.999920 0.000010 0.000010 0.000010 0.000010
0.011772 0.000010 0.000010 0.000456 0.987712 0.000010 0.000010 0.000010 0.000010
0.000010 0.023805 0.000010 0.068551 0.886298 0.021295 0.000010 0.000010 0.000010
0.000010 0.000010 0.004615 0.000010 0.995315 0.000010 0.000010 0.000010 0.000010
0.000010 0.000010 0.000010 0.000010 0.000010 0.000010 0.004289 0.995641 0.000010
0.000010 0.000010 0.000010 0.000010 0.000010 0.000010 0.000010 0.999920 0.000010
0.018731 0.000010 0.000010 0.000010 0.000010 0.000010 0.069147 0.912062 0.000010
0.000010 0.000010 0.000010 0.000010 0.000010 0.000010 0.000010 0.999920 0.000010
0.795500 0.000411 0.080979 0.123060 0.000010 0.000010 0.000010 0.000010 0.000010
0.000010 0.000010 0.000010 0.000010 0.999920 0.000010 0.000010 0.000010 0.000010
0.000010 0.000010 0.000010 0.000010 0.999920 0.000010 0.000010 0.000010 0.000010
0.147736 0.142200 0.047722 0.284703 0.144430 0.065468 0.049202 0.054532 0.064006
0.146248 0.000010 0.853682 0.000010 0.000010 0.000010 0.000010 0.000010 0.000010
0.000010 0.000010 0.000010 0.000010 0.000010 0.000010 0.693311 0.000010 0.306619
0.000010 0.000010 0.000010 0.000010 0.000010 0.000010 0.061301 0.938629 0.000010
0.000010 0.000010 0.000010 0.000010 0.000010 0.000010 0.068476 0.931454 0.000010
0.000010 0.103570 0.000010 0.018430 0.000010 0.877940 0.000010 0.000010 0.000010
0.000010 0.000010 0.000010 0.000010 0.000010 0.000010 0.003781 0.996149 0.000010
0.000010 0.000010 0.000010 0.000010 0.000010 0.000010 0.000010 0.999920 0.000010
0.000010 0.000010 0.000010 0.000010 0.000010 0.000010 0.000010 0.999920 0.000010
0.557724 0.442206 0.000010 0.000010 0.000010 0.000010 0.000010 0.000010 0.000010
0.291907 0.000010 0.649213 0.000010 0.000010 0.000010 0.040524 0.001946 0.016370
0.000010 0.999920 0.000010 0.000010 0.000010 0.000010 0.000010 0.000010 0.000010
0.000010 0.000010 0.000010 0.999920 0.000010 0.000010 0.000010 0.000010 0.000010
0.000010 0.999920 0.000010 0.000010 0.000010 0.000010 0.000010 0.000010 0.000010
0.516870 0.000010 0.395276 0.064652 0.022505 0.000010 0.000010 0.000010 0.000657
0.000010 0.999920 0.000010 0.000010 0.000010 0.000010 0.000010 0.000010 0.000010
0.213687 0.000010 0.523854 0.262400 0.000010 0.000010 0.000010 0.000010 0.000010
0.000010 0.000010 0.000011 0.000010 0.000010 0.000010 0.000010 0.999919 0.000010
0.000010 0.000010 0.000010 0.000010 0.000010 0.000010 0.000010 0.999920 0.000010
0.000010 0.000010 0.002490 0.000010 0.000010 0.000010 0.000010 0.997440 0.000010
0.000010 0.000010 0.000010 0.000010 0.000010 0.000010 0.506159 0.049102 0.444679
0.000010 0.999920 0.000010 0.000010 0.000010 0.000010 0.000010 0.000010 0.000010
0.000010 0.000010 0.000010 0.000010 0.000010 0.000010 0.000010 0.999920 0.000010
0.000010 0.043505 0.000010 0.000010 0.083334 0.855835 0.000010 0.000010 0.017275
0.000010 0.000010 0.000010 0.000010 0.000010 0.000010 0.000010 0.999920 0.000010
0.000010 0.862033 0.000010 0.000010 0.000010 0.015517 0.046775 0.000010 0.075625
0.000010 0.999920 0.000010 0.000010 0.000010 0.000010 0.000010 0.000010 0.000010
0.000010 0.900907 0.000010 0.000010 0.000010 0.070340 0.000010 0.027074 0.001629
0.879054 0.016142 0.000010 0.104743 0.000010 0.000010 0.000010 0.000010 0.000010
0.000010 0.000010 0.000010 0.999920 0.000010 0.000010 0.000010 0.000010 0.000010
0.000010 0.000010 0.000010 0.000010 0.000010 0.000010 0.000010 0.999920 0.000010
0.000010 0.000010 0.000010 0.000010 0.000010 0.000010 0.040345 0.959585 0.000010
0.014486 0.092227 0.004345 0.743658 0.125954 0.000010 0.000010 0.000010 0.019301
0.000010 0.000010 0.000010 0.100073 0.000010 0.839351 0.010175 0.000010 0.050351
0.000010 0.447316 0.000010 0.552614 0.000010 0.000010 0.000010 0.000010 0.000010
0.431745 0.004174 0.000010 0.026520 0.000010 0.023963 0.509268 0.000010 0.004300
0.049914 0.000010 0.018494 0.000010 0.000010 0.000010 0.016927 0.914615 0.000010
0.668766 0.000010 0.050984 0.000010 0.280190 0.000010 0.000010 0.000010 0.000010
0.000010 0.052066 0.000010 0.474481 0.013852 0.445567 0.000010 0.013994 0.000010
0.000010 0.000010 0.000010 0.000010 0.503165 0.496765 0.000010 0.000010 0.000010
0.000010 0.000010 0.000010 0.000010 0.000010 0.999920 0.000010 0.000010 0.000010
0.000010 0.000010 0.000010 0.625753 0.054543 0.285105 0.000020 0.000010 0.034540
0.000010 0.075543 0.000010 0.507122 0.031391 0.378919 0.006986 0.000010 0.000010
0.000010 0.000010 0.000010 0.530656 0.000010 0.469274 0.000010 0.000010 0.000010
0.000010 0.000010 0.000010 0.107196 0.000010 0.886830 0.005914 0.000010 0.000010
0.039439 0.154272 0.548581 0.000010 0.025052 0.070711 0.043541 0.040459 0.077935
0.202170 0.000010 0.000010 0.699731 0.098039 0.000010 0.000010 0.000010 0.000010
0.000010 0.276102 0.176656 0.000010 0.000010 0.000010 0.540407 0.006785 0.000010
0.370125 0.000010 0.535630 0.000010 0.000010 0.000010 0.094185 0.000010 0.000010
0.000010 0.599293 0.014173 0.362839 0.000010 0.000010 0.000010 0.023646 0.000010
0.000010 0.541480 0.000010 0.000010 0.458450 0.000010 0.000010 0.000010 0.000010
0.146055 0.000010 0.361270 0.000010 0.000010 0.000010 0.061080 0.041596 0.389960
0.040636 0.023414 0.008261 0.034289 0.000010 0.213426 0.054472 0.021582 0.603912
0.000010 0.000010 0.000010 0.000010 0.000010 0.183310 0.067979 0.020200 0.728461
0.000010 0.132678 0.239305 0.148441 0.166082 0.037346 0.257745 0.018383 0.000010
0.000010 0.000010 0.000010 0.000010 0.000010 0.178956 0.053470 0.000010 0.767514
0.000010 0.072159 0.030431 0.460499 0.000010 0.091201 0.031018 0.000010 0.314662
0.000010 0.012152 0.000010 0.000010 0.000010 0.179391 0.090592 0.000010 0.717814
0.102644 0.000010 0.135359 0.000010 0.000010 0.455081 0.000010 0.056505 0.250371
0.585680 0.000010 0.000010 0.297223 0.117037 0.000010 0.000010 0.000010 0.000010
0.000010 0.021431 0.000010 0.108737 0.762762 0.070822 0.000010 0.011755 0.024463
0.000010 0.179913 0.000010 0.416935 0.361749 0.041352 0.000010 0.000010 0.000010
0.079269 0.431912 0.000010 0.000010 0.000010 0.237001 0.020605 0.009212 0.221971
0.000010 0.410522 0.000010 0.589408 0.000010 0.000010 0.000010 0.000010 0.000010
0.000010 0.999920 0.000010 0.000010 0.000010 0.000010 0.000010 0.000010 0.000010
0.000010 0.433843 0.000010 0.541784 0.000010 0.000010 0.000010 0.000010 0.024312
0.042806 0.260785 0.021563 0.071643 0.000010 0.442490 0.021129 0.013697 0.125878
0.000010 0.657872 0.006165 0.312340 0.000010 0.000010 0.006225 0.000010 0.017359
0.020467 0.317796 0.025039 0.104671 0.000010 0.337108 0.000010 0.041300 0.153599
0.134845 0.000010 0.000010 0.000010 0.000010 0.000010 0.462568 0.040003 0.362535
0.999920 0.000010 0.000010 0.000010 0.000010 0.000010 0.000010 0.000010 0.000010
0.000010 0.000010 0.267034 0.000010 0.000010 0.000010 0.732896 0.000010 0.000010
0.095869 0.000010 0.464817 0.072416 0.006915 0.000014 0.359938 0.000010 0.000010
0.000010 0.398800 0.292640 0.025114 0.032069 0.017292 0.234054 0.000010 0.000010
0.243039 0.000010 0.000010 0.000010 0.614961 0.000010 0.000010 0.000010 0.141940
0.247928 0.003723 0.034731 0.119539 0.019111 0.063520 0.402500 0.037322 0.071626
0.008983 0.000010 0.000010 0.000010 0.494423 0.017772 0.440825 0.011627 0.026340
0.133808 0.000010 0.000010 0.000010 0.000010 0.494449 0.037216 0.061336 0.273152
0.327003 0.045751 0.000010 0.082205 0.000010 0.004679 0.540130 0.000010 0.000203
0.124976 0.000010 0.000923 0.014229 0.000010 0.364298 0.072468 0.083844 0.339243
0.000010 0.000010 0.000010 0.000010 0.000010 0.000010 0.999920 0.000010 0.000010
0.000010 0.000010 0.000010 0.000010 0.000010 0.000019 0.999911 0.000010 0.000010
0.000010 0.000010 0.001692 0.000010 0.000010 0.808860 0.013226 0.039122 0.137059
0.085760 0.000010 0.000010 0.000010 0.000010 0.449137 0.034033 0.043992 0.387038
0.067186 0.326720 0.358154 0.000010 0.011212 0.043541 0.095817 0.000010 0.097350
0.372994 0.000010 0.081095 0.000010 0.000010 0.000010 0.514213 0.031648 0.000010
0.000010 0.000010 0.013382 0.000010 0.000010 0.699624 0.000010 0.066739 0.220205
0.073331 0.000010 0.009633 0.000010 0.000010 0.637059 0.025659 0.044721 0.209567
0.066196 0.000010 0.009702 0.000010 0.000010 0.536069 0.028189 0.030417 0.329397
0.000010 0.272475 0.188500 0.000010 0.000010 0.000010 0.538966 0.000010 0.000010
0.063035 0.000010 0.039294 0.000010 0.000010 0.531613 0.039021 0.028304 0.298703
0.100207 0.000010 0.006770 0.000010 0.000010 0.626126 0.060826 0.000010 0.206030
0.033275 0.033305 0.026792 0.031168 0.000010 0.384544 0.056691 0.000418 0.433796
0.000010 0.091938 0.004569 0.042646 0.826608 0.016843 0.007588 0.009787 0.000010
0.000010 0.085195 0.005367 0.077917 0.000010 0.264597 0.111480 0.000010 0.455415
0.000010 0.000010 0.000010 0.000012 0.000010 0.000010 0.536718 0.000010 0.463210
0.066322 0.000010 0.000010 0.000010 0.000010 0.702162 0.000010 0.059795 0.171671
0.080298 0.000010 0.000010 0.000010 0.000010 0.614161 0.022544 0.041951 0.241006
0.069462 0.000010 0.005210 0.000010 0.000010 0.688958 0.007389 0.040490 0.188461
0.000010 0.000010 0.000010 0.000010 0.000010 0.000010 0.999920 0.000010 0.000010
0.000010 0.014865 0.000010 0.000010 0.964946 0.000010 0.020130 0.000010 0.000010
0.000010 0.883137 0.000010 0.000010 0.000010 0.013166 0.027352 0.000010 0.076296
0.893131 0.000010 0.106799 0.000010 0.000010 0.000010 0.000010 0.000010 0.000010
0.000010 0.097530 0.015359 0.432012 0.000010 0.000010 0.446910 0.000010 0.008149
0.000010 0.000010 0.864486 0.000010 0.000010 0.000010 0.135444 0.000010 0.000010
0.242811 0.000010 0.757119 0.000010 0.000010 0.000010 0.000010 0.000010 0.000010
0.430043 0.000010 0.000010 0.314088 0.000010 0.000010 0.255809 0.000010 0.000010
0.003496 0.000010 0.000010 0.000010 0.000010 0.008339 0.607633 0.000010 0.380481
0.000010 0.000010 0.556074 0.000010 0.000010 0.005249 0.371472 0.053056 0.014109
0.596216 0.000010 0.000010 0.323664 0.035933 0.000010 0.000162 0.016111 0.027885
0.000010 0.018490 0.000010 0.000516 0.937710 0.000010 0.000010 0.000010 0.043234
0.010703 0.116006 0.168486 0.028416 0.023142 0.019995 0.067440 0.520831 0.044982
0.442777 0.000010 0.427244 0.000010 0.000010 0.000010 0.129920 0.000010 0.000010
0.000010 0.000010 0.000010 0.000010 0.000010 0.000010 0.999920 0.000010 0.000010
0.187114 0.000010 0.583305 0.000010 0.000010 0.000010 0.229521 0.000010 0.000010
0.000010 0.000010 0.000010 0.000010 0.000010 0.000010 0.999920 0.000010 0.000010
0.000010 0.000010 0.012458 0.000010 0.000010 0.000010 0.000010 0.987472 0.000010
0.000010 0.000010 0.439341 0.000010 0.000010 0.000010 0.560589 0.000010 0.000010
0.000010 0.000010 0.461180 0.000010 0.000010 0.000010 0.538750 0.000010 0.000010
0.000010 0.000010 0.304089 0.000010 0.000010 0.000010 0.695841 0.000010 0.000010
0.000010 0.000010 0.000010 0.000010 0.000010 0.000010 0.001031 0.998899 0.000010
0.000010 0.000010 0.000010 0.000010 0.000010 0.000010 0.190240 0.809690 0.000010
0.000010 0.000010 0.000010 0.000010 0.000010 0.000010 0.000010 0.999920 0.000010
0.000010 0.000010 0.020611 0.000010 0.000010 0.000010 0.030102 0.949227 0.000010
0.000010 0.000010 0.000010 0.000010 0.000010 0.000010 0.025081 0.974849 0.000010
0.000010 0.000010 0.000010 0.000010 0.000010 0.000010 0.007754 0.992176 0.000010
0.000010 0.000010 0.000010 0.000010 0.999920 0.000010 0.000010 0.000010 0.000010
0.232550 0.105804 0.027954 0.000010 0.105217 0.115021 0.212589 0.048554 0.152301
0.000010 0.932841 0.000010 0.067089 0.000010 0.000010 0.000010 0.000010 0.000010
0.122007 0.000010 0.000017 0.000010 0.000010 0.679015 0.000010 0.038105 0.160816
0.010018 0.000010 0.534516 0.000010 0.000010 0.000010 0.455406 0.000010 0.000010
0.310170 0.000010 0.042019 0.000010 0.000010 0.000010 0.000010 0.647751 0.000010
0.895699 0.000010 0.044470 0.000010 0.000010 0.000010 0.000010 0.059771 0.000010
0.000010 0.000010 0.000010 0.999823 0.000010 0.000010 0.000107 0.000010 0.000010
0.000010 0.000010 0.000010 0.999920 0.000010 0.000010 0.000010 0.000010 0.000010
0.000010 0.000010 0.000010 0.000010 0.000010 0.000010 0.000010 0.000010 0.999920
0.000010 0.000010 0.000010 0.000010 0.000010 0.000010 0.000010 0.000010 0.999920
0.000010 0.140913 0.000010 0.609449 0.181174 0.039146 0.029278 0.000010 0.000010
0.000010 0.000010 0.000010 0.000010 0.000010 0.000010 0.521120 0.000010 0.478810
0.000010 0.000010 0.000010 0.000010 0.000010 0.000010 0.014628 0.985302 0.000010
0.000010 0.049180 0.343947 0.000010 0.000010 0.129338 0.176637 0.000010 0.300857
0.095478 0.272353 0.000010 0.077197 0.000010 0.383513 0.000010 0.041301 0.130128
0.000010 0.644321 0.000010 0.290651 0.051778 0.007011 0.000010 0.000010 0.006199
0.000010 0.743056 0.000010 0.256874 0.000010 0.000010 0.000010 0.000010 0.000010
0.000010 0.000010 0.000010 0.000010 0.000010 0.000010 0.999916 0.000014 0.000010
0.000010 0.422400 0.000010 0.522977 0.054562 0.000010 0.000010 0.000010 0.000010
0.000010 0.000010 0.000010 0.999920 0.000010 0.000010 0.000010 0.000010 0.000010
0.772627 0.000010 0.168867 0.000010 0.000010 0.000010 0.000010 0.058446 0.000010
0.000010 0.000010 0.000010 0.000010 0.000010 0.000010 0.000010 0.000010 0.999920
0.000010 0.000010 0.000010 0.000010 0.000010 0.000010 0.000010 0.000010 0.999920
0.000010 0.000010 0.000010 0.000010 0.000010 0.000010 0.000010 0.000010 0.999920
0.000010 0.000010 0.000010 0.002699 0.347518 0.000010 0.000010 0.000010 0.649722
0.000010 0.000010 0.999920 0.000010 0.000010 0.000010 0.000010 0.000010 0.000010
0.000010 0.000010 0.000010 0.000010 0.000010 0.000010 0.999920 0.000010 0.000010
0.398591 0.000010 0.067799 0.000010 0.000010 0.000010 0.442767 0.090793 0.000010
0.000010 0.000010 0.000010 0.000010 0.000010 0.000010 0.999920 0.000010 0.000010
0.000010 0.000010 0.000010 0.000010 0.000010 0.000010 0.999920 0.000010 0.000010
0.000010 0.000010 0.000010 0.000010 0.000010 0.000010 0.856567 0.143363 0.000010
0.000010 0.000010 0.000010 0.000010 0.000010 0.000010 0.999920 0.000010 0.000010
0.189551 0.000010 0.055157 0.000010 0.000010 0.010064 0.064290 0.084541 0.596367
0.404144 0.000010 0.093008 0.000010 0.000010 0.000010 0.413087 0.089711 0.000010
0.000010 0.000010 0.000010 0.000010 0.000010 0.000010 0.999920 0.000010 0.000010
0.909128 0.017954 0.061962 0.000010 0.000010 0.000010 0.010907 0.000010 0.000010
0.999920 0.000010 0.000010 0.000010 0.000010 0.000010 0.000010 0.000010 0.000010
0.999920 0.000010 0.000010 0.000010 0.000010 0.000010 0.000010 0.000010 0.000010
0.000010 0.000010 0.000010 0.000010 0.000010 0.000010 0.999920 0.000010 0.000010
0.000010 0.000010 0.000010 0.000010 0.000010 0.000010 0.999920 0.000010 0.000010
0.036494 0.142297 0.022898 0.010362 0.000010 0.158411 0.141412 0.018728 0.469386
0.039604 0.125803 0.029416 0.025810 0.000010 0.232935 0.112788 0.000010 0.433624
0.412499 0.048356 0.000010 0.035895 0.024138 0.069123 0.342976 0.000010 0.066992
0.245476 0.000010 0.000010 0.000010 0.593117 0.000010 0.000010 0.000010 0.161347
0.025638 0.062040 0.000010 0.017143 0.000010 0.084703 0.110680 0.000010 0.699765
0.359309 0.000010 0.134282 0.000010 0.000010 0.000010 0.428557 0.067645 0.010167
0.000010 0.000010 0.000010 0.051995 0.885802 0.054071 0.008081 0.000010 0.000010
0.000010 0.197060 0.000010 0.008090 0.223570 0.556299 0.014940 0.000010 0.000010
0.000010 0.052120 0.013047 0.000010 0.000010 0.899238 0.027509 0.008046 0.000010
0.000010 0.145948 0.000010 0.074053 0.765499 0.014450 0.000010 0.000010 0.000010
0.000010 0.943175 0.011090 0.045674 0.000010 0.000010 0.000010 0.000010 0.000010
0.000010 0.052513 0.000010 0.000011 0.547087 0.366136 0.003339 0.000010 0.030883
0.000010 0.009501 0.000010 0.051026 0.388132 0.551291 0.000010 0.000010 0.000010
0.000010 0.018204 0.012479 0.001498 0.000010 0.967768 0.000010 0.000010 0.000010
0.000010 0.000010 0.999920 0.000010 0.000010 0.000010 0.000010 0.000010 0.000010
0.000010 0.000010 0.000010 0.000010 0.000010 0.999920 0.000010 0.000010 0.000010
0.000010 0.000010 0.889518 0.000010 0.000010 0.000010 0.110412 0.000010 0.000010
0.000010 0.000010 0.000010 0.000010 0.000010 0.999920 0.000010 0.000010 0.000010
0.000010 0.000010 0.000010 0.000010 0.000010 0.000010 0.000010 0.999920 0.000010
0.018715 0.000010 0.018857 0.000010 0.000010 0.000010 0.027996 0.934382 0.000010
0.000010 0.000010 0.000010 0.000010 0.000010 0.000010 0.000010 0.999920 0.000010
0.324052 0.000010 0.425840 0.162786 0.000010 0.000010 0.087272 0.000010 0.000010
0.000010 0.019813 0.000010 0.097574 0.847832 0.000010 0.022100 0.000010 0.012640
0.000010 0.000010 0.286643 0.000013 0.000010 0.000010 0.713284 0.000010 0.000010
0.000010 0.191612 0.000010 0.073607 0.598211 0.136520 0.000010 0.000010 0.000010
0.000010 0.531746 0.007779 0.000010 0.419300 0.032937 0.000333 0.000010 0.007874
0.000010 0.018274 0.000010 0.024476 0.957191 0.000010 0.000010 0.000010 0.000010
0.000010 0.000010 0.000010 0.000010 0.000010 0.000010 0.000010 0.999920 0.000010
0.000010 0.000010 0.000010 0.000010 0.000010 0.000010 0.000010 0.999920 0.000010
0.337094 0.000010 0.098600 0.079373 0.407928 0.017356 0.000010 0.048080 0.011549
0.000010 0.999920 0.000010 0.000010 0.000010 0.000010 0.000010 0.000010 0.000010
0.000010 0.000010 0.000010 0.006720 0.993210 0.000010 0.000010 0.000010 0.000010
0.000010 0.953973 0.013073 0.000010 0.000010 0.000010 0.032894 0.000010 0.000010
0.000010 0.999537 0.000010 0.000010 0.000010 0.000010 0.000010 0.000010 0.000393
0.018664 0.000010 0.000010 0.075043 0.906233 0.000010 0.000010 0.000010 0.000010
0.000010 0.999920 0.000010 0.000010 0.000010 0.000010 0.000010 0.000010 0.000010
0.775146 0.000010 0.185034 0.000010 0.000010 0.000010 0.000010 0.039760 0.000010
0.827368 0.000010 0.163227 0.000010 0.000010 0.000010 0.000010 0.009345 0.000010
0.000010 0.000010 0.000010 0.000010 0.000010 0.999920 0.000010 0.000010 0.000010
0.000010 0.000010 0.000010 0.000010 0.999920 0.000010 0.000010 0.000010 0.000010
0.000010 0.000010 0.000010 0.003803 0.985432 0.000010 0.007642 0.003073 0.000010
0.000010 0.000010 0.000010 0.000010 0.000010 0.999920 0.000010 0.000010 0.000010
0.000010 0.999920 0.000010 0.000010 0.000010 0.000010 0.000010 0.000010 0.000010
0.000010 0.000010 0.000010 0.000010 0.000010 0.999920 0.000010 0.000010 0.000010
0.000010 0.000010 0.000010 0.000010 0.000010 0.999920 0.000010 0.000010 0.000010
0.000010 0.511112 0.000010 0.000010 0.000010 0.488818 0.000010 0.000010 0.000010
0.000010 0.550808 0.000010 0.000010 0.030252 0.394009 0.000010 0.000010 0.024881
0.000010 0.000010 0.000010 0.000010 0.000010 0.963725 0.036205 0.000010 0.000010
0.000010 0.000010 0.000010 0.026816 0.973114 0.000010 0.000010 0.000010 0.000010
0.000010 0.000010 0.000010 0.000010 0.000010 0.999920 0.000010 0.000010 0.000010
0.000010 0.000010 0.000010 0.000010 0.000010 0.000010 0.000010 0.999920 0.000010
0.000010 0.000010 0.000010 0.000010 0.000010 0.000010 0.000010 0.999920 0.000010
0.000010 0.000010 0.005454 0.000010 0.000010 0.000010 0.000010 0.994476 0.000010
0.000010 0.000010 0.000010 0.000010 0.000010 0.000010 0.000010 0.999920 0.000010
