0.000010 0.000010 0.000010 0.000010 0.018466 0.000010 0.140873 0.000010 0.000010 0.840521 0.000010 0.000010 0.000010 0.000010 0.000010 0.000010 0.000010
0.000010 0.009722 0.000010 0.000010 0.000010 0.000010 0.149756 0.000010 0.000010 0.828286 0.000010 0.000010 0.004673 0.000010 0.000010 0.007444 0.000010
0.000010 0.000010 0.000010 0.000010 0.000010 0.000010 0.000010 0.000010 0.000010 0.999840 0.000010 0.000010 0.000010 0.000010 0.000010 0.000010 0.000010
0.000010 0.023529 0.000010 0.000010 0.000010 0.000010 0.125298 0.000010 0.000010 0.845372 0.000010 0.000010 0.000010 0.005672 0.000010 0.000010 0.000010
0.000010 0.000010 0.000010 0.000010 0.000010 0.000010 0.140546 0.000010 0.033920 0.824018 0.000010 0.000010 0.000010 0.000010 0.000010 0.000010 0.001385
0.000010 0.000010 0.000010 0.000010 0.000010 0.000010 0.000010 0.000010 0.000010 0.999840 0.000010 0.000010 0.000010 0.000010 0.000010 0.000010 0.000010
0.000010 0.000010 0.000010 0.000010 0.017807 0.000010 0.059414 0.000010 0.000010 0.922639 0.000010 0.000010 0.000010 0.000010 0.000010 0.000010 0.000010
0.000010 0.999840 0.000010 0.000010 0.000010 0.000010 0.000010 0.000010 0.000010 0.000010 0.000010 0.000010 0.000010 0.000010 0.000010 0.000010 0.000010
0.000010 0.000010 0.000010 0.000010 0.000010 0.000010 0.000010 0.000010 0.999840 0.000010 0.000010 0.000010 0.000010 0.000010 0.000010 0.000010 0.000010
0.000010 0.365503 0.000010 0.000010 0.054528 0.000010 0.000010 0.000010 0.000010 0.000010 0.000010 0.037504 0.000010 0.000010 0.542335 0.000010 0.000010
0.000010 0.000010 0.000010 0.000010 0.000010 0.000010 0.000010 0.000010 0.999840 0.000010 0.000010 0.000010 0.000010 0.000010 0.000010 0.000010 0.000010
0.000010 0.000010 0.603801 0.396049 0.000010 0.000010 0.000010 0.000010 0.000010 0.000010 0.000010 0.000010 0.000010 0.000010 0.000010 0.000010 0.000010
0.000010 0.000010 0.664113 0.335737 0.000010 0.000010 0.000010 0.000010 0.000010 0.000010 0.000010 0.000010 0.000010 0.000010 0.000010 0.000010 0.000010
0.945563 0.000010 0.000010 0.000010 0.000010 0.000010 0.000010 0.000010 0.000010 0.000010 0.000010 0.000010 0.000010 0.000010 0.000010 0.000010 0.054287
0.000010 0.000010 0.564870 0.434980 0.000010 0.000010 0.000010 0.000010 0.000010 0.000010 0.000010 0.000010 0.000010 0.000010 0.000010 0.000010 0.000010
0.000010 0.000010 0.555840 0.444010 0.000010 0.000010 0.000010 0.000010 0.000010 0.000010 0.000010 0.000010 0.000010 0.000010 0.000010 0.000010 0.000010
0.017732 0.000010 0.000010 0.011135 0.017257 0.000010 0.000010 0.000010 0.000010 0.000010 0.041039 0.771880 0.000010 0.000010 0.135366 0.005492 0.000010
0.000010 0.000010 0.589362 0.410488 0.000010 0.000010 0.000010 0.000010 0.000010 0.000010 0.000010 0.000010 0.000010 0.000010 0.000010 0.000010 0.000010
0.019510 0.000010 0.000010 0.000010 0.009579 0.021823 0.000010 0.000010 0.000010 0.000010 0.150829 0.667001 0.000010 0.000010 0.094559 0.003689 0.032921
0.999840 0.000010 0.000010 0.000010 0.000010 0.000010 0.000010 0.000010 0.000010 0.000010 0.000010 0.000010 0.000010 0.000010 0.000010 0.000010 0.000010
0.014867 0.000010 0.000010 0.000010 0.000010 0.000010 0.000010 0.000010 0.000010 0.983446 0.000010 0.000010 0.000010 0.001547 0.000010 0.000010 0.000010
0.000010 0.000010 0.503499 0.496351 0.000010 0.000010 0.000010 0.000010 0.000010 0.000010 0.000010 0.000010 0.000010 0.000010 0.000010 0.000010 0.000010
0.000010 0.000010 0.579197 0.420653 0.000010 0.000010 0.000010 0.000010 0.000010 0.000010 0.000010 0.000010 0.000010 0.000010 0.000010 0.000010 0.000010
0.000010 0.000010 0.000010 0.000010 0.000010 0.000010 0.000010 0.000010 0.000017 0.999833 0.000010 0.000010 0.000010 0.000010 0.000010 0.000010 0.000010
0.022683 0.023272 0.005618 0.024016 0.020320 0.000010 0.035351 0.000010 0.000010 0.000010 0.117174 0.647168 0.000010 0.003987 0.080696 0.006442 0.013224
0.000010 0.000010 0.000010 0.000010 0.000010 0.000010 0.000010 0.000010 0.359128 0.000010 0.000010 0.000010 0.000010 0.000010 0.640722 0.000010 0.000010
0.000010 0.000010 0.000010 0.000010 0.006828 0.000010 0.149049 0.000010 0.036064 0.782759 0.000010 0.016861 0.008329 0.000010 0.000010 0.000010 0.000010
0.000010 0.037974 0.000010 0.000010 0.000010 0.003502 0.173006 0.000010 0.008795 0.727162 0.000010 0.040596 0.000010 0.000010 0.000010 0.008864 0.000010
0.000010 0.000010 0.000010 0.000010 0.000010 0.000010 0.000010 0.000010 0.999840 0.000010 0.000010 0.000010 0.000010 0.000010 0.000010 0.000010 0.000010
0.000010 0.000010 0.000010 0.000010 0.000010 0.000010 0.000010 0.000010 0.999840 0.000010 0.000010 0.000010 0.000010 0.000010 0.000010 0.000010 0.000010
0.000010 0.000010 0.490569 0.509281 0.000010 0.000010 0.000010 0.000010 0.000010 0.000010 0.000010 0.000010 0.000010 0.000010 0.000010 0.000010 0.000010
0.000010 0.092123 0.000010 0.000010 0.000010 0.000762 0.000010 0.000010 0.474324 0.000010 0.036295 0.276442 0.018491 0.000010 0.090837 0.010636 0.000010
0.000010 0.000010 0.000010 0.000010 0.000010 0.999839 0.000010 0.000011 0.000010 0.000010 0.000010 0.000010 0.000010 0.000010 0.000010 0.000010 0.000010
0.000010 0.000010 0.550912 0.448938 0.000010 0.000010 0.000010 0.000010 0.000010 0.000010 0.000010 0.000010 0.000010 0.000010 0.000010 0.000010 0.000010
0.000010 0.000010 0.000010 0.000010 0.000010 0.000010 0.000010 0.000010 0.000010 0.000010 0.000010 0.000010 0.999840 0.000010 0.000010 0.000010 0.000010
0.000010 0.000010 0.608835 0.391015 0.000010 0.000010 0.000010 0.000010 0.000010 0.000010 0.000010 0.000010 0.000010 0.000010 0.000010 0.000010 0.000010
0.000010 0.000010 0.543154 0.456696 0.000010 0.000011 0.000010 0.000010 0.000010 0.000010 0.000010 0.000010 0.000010 0.000010 0.000010 0.000010 0.000010
0.000010 0.000010 0.000010 0.000010 0.000010 0.000010 0.000010 0.000010 0.000010 0.000010 0.999840 0.000010 0.000010 0.000010 0.000010 0.000010 0.000010
0.007077 0.000010 0.000010 0.000010 0.000010 0.000010 0.129327 0.000010 0.056402 0.774031 0.000010 0.029188 0.000010 0.003865 0.000010 0.000010 0.000010
0.000010 0.000010 0.011452 0.000010 0.013881 0.000010 0.099053 0.000010 0.000010 0.860353 0.000010 0.008796 0.006354 0.000010 0.000010 0.000010 0.000010
0.000010 0.000010 0.000010 0.000010 0.000010 0.000010 0.000010 0.000010 0.000010 0.999840 0.000010 0.000010 0.000010 0.000010 0.000010 0.000010 0.000010
0.000010 0.000010 0.000010 0.000010 0.000010 0.000010 0.106709 0.000010 0.000010 0.821406 0.000010 0.044060 0.000010 0.000010 0.009388 0.018317 0.000010
0.000010 0.000010 0.000010 0.000010 0.000010 0.030911 0.178763 0.000010 0.037295 0.748313 0.000010 0.000010 0.000010 0.000010 0.000010 0.004598 0.000010
0.000010 0.000010 0.000010 0.000010 0.061801 0.000010 0.108910 0.000010 0.000010 0.829150 0.000010 0.000010 0.000010 0.000010 0.000010 0.000010 0.000010
0.010367 0.000010 0.000010 0.000010 0.000010 0.000010 0.043793 0.016175 0.000010 0.458159 0.033091 0.401392 0.000010 0.000010 0.000010 0.036922 0.000010
0.000010 0.000010 0.112549 0.887301 0.000010 0.000010 0.000010 0.000010 0.000010 0.000010 0.000010 0.000010 0.000010 0.000010 0.000010 0.000010 0.000010
0.000010 0.000010 0.584569 0.415281 0.000010 0.000010 0.000010 0.000010 0.000010 0.000010 0.000010 0.000010 0.000010 0.000010 0.000010 0.000010 0.000010
0.000010 0.000010 0.170513 0.799924 0.000010 0.000483 0.000010 0.027953 0.000010 0.000010 0.000010 0.000010 0.001008 0.000010 0.000010 0.000010 0.000010
0.000010 0.000010 0.518582 0.481263 0.000015 0.000010 0.000010 0.000010 0.000010 0.000010 0.000010 0.000010 0.000010 0.000010 0.000010 0.000010 0.000010
0.000010 0.000010 0.333864 0.665986 0.000010 0.000010 0.000010 0.000010 0.000010 0.000010 0.000010 0.000010 0.000010 0.000010 0.000010 0.000010 0.000010
0.000010 0.000010 0.000010 0.999840 0.000010 0.000010 0.000010 0.000010 0.000010 0.000010 0.000010 0.000010 0.000010 0.000010 0.000010 0.000010 0.000010
0.002506 0.000010 0.110868 0.886486 0.000010 0.000010 0.000010 0.000010 0.000010 0.000010 0.000010 0.000010 0.000010 0.000010 0.000010 0.000010 0.000010
0.000010 0.000010 0.000010 0.000010 0.000010 0.000010 0.000010 0.000010 0.000010 0.999840 0.000010 0.000010 0.000010 0.000010 0.000010 0.000010 0.000010
0.112921 0.145284 0.000010 0.021529 0.000010 0.028905 0.053012 0.227422 0.184407 0.070974 0.081102 0.000010 0.005012 0.026690 0.040865 0.000899 0.000948
0.000010 0.000010 0.000010 0.000010 0.000010 0.000010 0.000010 0.000010 0.000010 0.999840 0.000010 0.000010 0.000010 0.000010 0.000010 0.000010 0.000010
0.000010 0.000010 0.000010 0.000010 0.000010 0.000010 0.114052 0.000010 0.000010 0.864415 0.000010 0.000010 0.000010 0.021393 0.000010 0.000010 0.000010
0.000010 0.036512 0.000010 0.000010 0.000010 0.000010 0.095382 0.000010 0.050123 0.805511 0.000010 0.012351 0.000010 0.000010 0.000010 0.000010 0.000010
0.000010 0.000010 0.000010 0.000010 0.000010 0.000010 0.077838 0.000010 0.000010 0.922012 0.000010 0.000010 0.000010 0.000010 0.000010 0.000010 0.000010
0.003233 0.000010 0.266325 0.730302 0.000010 0.000010 0.000010 0.000010 0.000010 0.000010 0.000010 0.000010 0.000010 0.000010 0.000010 0.000010 0.000010
0.000010 0.000010 0.000010 0.999840 0.000010 0.000010 0.000010 0.000010 0.000010 0.000010 0.000010 0.000010 0.000010 0.000010 0.000010 0.000010 0.000010
0.034542 0.000010 0.000010 0.950420 0.000010 0.000010 0.000010 0.000010 0.000010 0.000010 0.000010 0.000010 0.000010 0.000010 0.000010 0.000010 0.014898
0.000010 0.000010 0.159909 0.839941 0.000010 0.000010 0.000010 0.000010 0.000010 0.000010 0.000010 0.000010 0.000010 0.000010 0.000010 0.000010 0.000010
0.000010 0.026637 0.017322 0.000010 0.000010 0.774475 0.000010 0.121137 0.012208 0.000010 0.000010 0.000010 0.048111 0.000010 0.000010 0.000010 0.000010
0.000010 0.000010 0.000010 0.000010 0.000010 0.000010 0.000010 0.000010 0.000010 0.999840 0.000010 0.000010 0.000010 0.000010 0.000010 0.000010 0.000010
0.000010 0.000010 0.000010 0.000010 0.000010 0.000010 0.000010 0.000010 0.000010 0.999840 0.000010 0.000010 0.000010 0.000010 0.000010 0.000010 0.000010
0.050610 0.156231 0.020563 0.001294 0.009587 0.000010 0.023912 0.131614 0.292861 0.098673 0.119154 0.000010 0.023000 0.039065 0.030516 0.000010 0.002890
0.000010 0.000010 0.000010 0.000010 0.000010 0.208253 0.000010 0.000010 0.000010 0.000010 0.000010 0.000010 0.791597 0.000010 0.000010 0.000010 0.000010
0.383045 0.000010 0.000010 0.000010 0.000010 0.000010 0.000010 0.000010 0.000010 0.000010 0.000010 0.000010 0.000010 0.000010 0.000010 0.000010 0.616805
0.043985 0.000010 0.267872 0.688003 0.000010 0.000010 0.000010 0.000010 0.000010 0.000010 0.000010 0.000010 0.000010 0.000010 0.000010 0.000010 0.000010
0.068589 0.000010 0.003922 0.927349 0.000010 0.000010 0.000010 0.000010 0.000010 0.000010 0.000010 0.000010 0.000010 0.000010 0.000010 0.000010 0.000010
0.000010 0.000010 0.000010 0.000010 0.057716 0.000010 0.000010 0.000010 0.000010 0.000010 0.000010 0.942134 0.000010 0.000010 0.000010 0.000010 0.000010
0.000010 0.000010 0.263943 0.734622 0.000010 0.000010 0.000010 0.000010 0.000010 0.000010 0.000010 0.000010 0.001296 0.000010 0.000010 0.000010 0.000010
0.000010 0.000010 0.000010 0.999840 0.000010 0.000010 0.000010 0.000010 0.000010 0.000010 0.000010 0.000010 0.000010 0.000010 0.000010 0.000010 0.000010
0.000010 0.000010 0.152155 0.847695 0.000010 0.000010 0.000010 0.000010 0.000010 0.000010 0.000010 0.000010 0.000010 0.000010 0.000010 0.000010 0.000010
0.000010 0.000010 0.000010 0.000010 0.396144 0.603706 0.000010 0.000010 0.000010 0.000010 0.000010 0.000010 0.000010 0.000010 0.000010 0.000010 0.000010
0.000010 0.000010 0.000010 0.000010 0.000010 0.246827 0.000010 0.049373 0.000010 0.000010 0.000010 0.000010 0.608116 0.000011 0.000010 0.000010 0.095554
0.000010 0.000010 0.000010 0.000010 0.999840 0.000010 0.000010 0.000010 0.000010 0.000010 0.000010 0.000010 0.000010 0.000010 0.000010 0.000010 0.000010
0.000010 0.000010 0.000010 0.000010 0.000010 0.000010 0.000010 0.000010 0.999840 0.000010 0.000010 0.000010 0.000010 0.000010 0.000010 0.000010 0.000010
0.000010 0.000010 0.000010 0.000010 0.999840 0.000010 0.000010 0.000010 0.000010 0.000010 0.000010 0.000010 0.000010 0.000010 0.000010 0.000010 0.000010
0.000010 0.000010 0.000010 0.000010 0.000010 0.326383 0.000010 0.211318 0.011683 0.000010 0.000010 0.000010 0.347530 0.077996 0.024979 0.000010 0.000010
0.000010 0.000010 0.000010 0.000010 0.999840 0.000010 0.000010 0.000010 0.000010 0.000010 0.000010 0.000010 0.000010 0.000010 0.000010 0.000010 0.000010
0.000010 0.000010 0.000010 0.000010 0.000010 0.273355 0.000010 0.000010 0.236526 0.000010 0.000010 0.000010 0.487467 0.000010 0.000010 0.000010 0.002522
0.000010 0.000010 0.436386 0.563464 0.000010 0.000010 0.000010 0.000010 0.000010 0.000010 0.000010 0.000010 0.000010 0.000010 0.000010 0.000010 0.000010
0.000010 0.000010 0.433742 0.566108 0.000010 0.000010 0.000010 0.000010 0.000010 0.000010 0.000010 0.000010 0.000010 0.000010 0.000010 0.000010 0.000010
0.000010 0.000010 0.069981 0.929869 0.000010 0.000010 0.000010 0.000010 0.000010 0.000010 0.000010 0.000010 0.000010 0.000010 0.000010 0.000010 0.000010
0.000010 0.000010 0.000010 0.000010 0.000010 0.000010 0.000010 0.000010 0.000010 0.000010 0.000010 0.000010 0.000010 0.000010 0.000010 0.000010 0.999840
0.000010 0.000010 0.000010 0.000010 0.999840 0.000010 0.000010 0.000010 0.000010 0.000010 0.000010 0.000010 0.000010 0.000010 0.000010 0.000010 0.000010
0.000010 0.000010 0.317647 0.682203 0.000010 0.000010 0.000010 0.000010 0.000010 0.000010 0.000010 0.000010 0.000010 0.000010 0.000010 0.000010 0.000010
0.000010 0.032996 0.000010 0.000010 0.000010 0.000010 0.000010 0.000010 0.000010 0.052620 0.101917 0.775091 0.000010 0.014437 0.000010 0.022829 0.000010
0.000010 0.000010 0.000010 0.999840 0.000010 0.000010 0.000010 0.000010 0.000010 0.000010 0.000010 0.000010 0.000010 0.000010 0.000010 0.000010 0.000010
0.000010 0.999840 0.000010 0.000010 0.000010 0.000010 0.000010 0.000010 0.000010 0.000010 0.000010 0.000010 0.000010 0.000010 0.000010 0.000010 0.000010
0.000010 0.671017 0.000010 0.000010 0.328833 0.000010 0.000010 0.000010 0.000010 0.000010 0.000010 0.000010 0.000010 0.000010 0.000010 0.000010 0.000010
0.000010 0.999840 0.000010 0.000010 0.000010 0.000010 0.000010 0.000010 0.000010 0.000010 0.000010 0.000010 0.000010 0.000010 0.000010 0.000010 0.000010
0.000010 0.000010 0.000010 0.000010 0.000010 0.775908 0.000010 0.102959 0.078808 0.000010 0.000010 0.000010 0.000010 0.042195 0.000010 0.000010 0.000010
0.000010 0.000010 0.000010 0.000010 0.000010 0.000010 0.000010 0.000010 0.999840 0.000010 0.000010 0.000010 0.000010 0.000010 0.000010 0.000010 0.000010
0.000010 0.000010 0.000010 0.999840 0.000010 0.000010 0.000010 0.000010 0.000010 0.000010 0.000010 0.000010 0.000010 0.000010 0.000010 0.000010 0.000010
0.000017 0.000010 0.000010 0.999833 0.000010 0.000010 0.000010 0.000010 0.000010 0.000010 0.000010 0.000010 0.000010 0.000010 0.000010 0.000010 0.000010
0.000010 0.026990 0.000010 0.000010 0.061012 0.000010 0.000010 0.024692 0.739626 0.124070 0.000010 0.000010 0.000010 0.000010 0.023500 0.000010 0.000010
0.000010 0.000010 0.000010 0.014167 0.000010 0.000010 0.000010 0.000010 0.056643 0.000010 0.038052 0.759559 0.000010 0.000010 0.131459 0.000010 0.000010
0.000010 0.000010 0.000010 0.000010 0.496015 0.000010 0.000010 0.000010 0.503835 0.000010 0.000010 0.000010 0.000010 0.000010 0.000010 0.000010 0.000010
0.472219 0.000010 0.000010 0.000010 0.000010 0.494543 0.000010 0.000010 0.000010 0.000010 0.000010 0.000010 0.000010 0.000010 0.000010 0.000010 0.033098
0.000010 0.000010 0.999840 0.000010 0.000010 0.000010 0.000010 0.000010 0.000010 0.000010 0.000010 0.000010 0.000010 0.000010 0.000010 0.000010 0.000010
0.000010 0.000010 0.000010 0.000010 0.000010 0.000010 0.000010 0.000010 0.000010 0.000010 0.000010 0.000010 0.000010 0.999840 0.000010 0.000010 0.000010
0.000010 0.000010 0.029879 0.000010 0.077565 0.000010 0.000010 0.000010 0.444969 0.011835 0.000010 0.435632 0.000010 0.000010 0.000010 0.000010 0.000010
0.000010 0.000010 0.000010 0.000010 0.000010 0.000010 0.126511 0.000010 0.000010 0.375730 0.000010 0.487079 0.000010 0.000010 0.010551 0.000010 0.000010
0.000010 0.000010 0.000010 0.000010 0.000010 0.000010 0.000010 0.000010 0.000010 0.000010 0.000010 0.999840 0.000010 0.000010 0.000010 0.000010 0.000010
0.000010 0.000010 0.000010 0.000010 0.000010 0.000010 0.062776 0.000646 0.599794 0.000010 0.000010 0.273601 0.000010 0.000010 0.054625 0.008448 0.000010
0.000010 0.041427 0.000010 0.000010 0.000010 0.000010 0.000010 0.000010 0.466443 0.000010 0.000010 0.373486 0.000010 0.035941 0.082583 0.000010 0.000010
0.000010 0.000010 0.000010 0.000010 0.000010 0.000010 0.000010 0.000010 0.517673 0.000010 0.000010 0.466163 0.000010 0.000010 0.016023 0.000011 0.000010
0.013957 0.000010 0.017777 0.000010 0.000010 0.000010 0.000010 0.000010 0.085749 0.000010 0.011789 0.870608 0.000010 0.000010 0.000010 0.000010 0.000010
0.030293 0.039227 0.022157 0.020582 0.073101 0.054102 0.000010 0.000010 0.000010 0.015005 0.000010 0.051298 0.526801 0.017729 0.149647 0.000010 0.000010
0.000010 0.026882 0.000010 0.000010 0.000010 0.109283 0.000010 0.030824 0.693764 0.032166 0.000010 0.000010 0.000010 0.106970 0.000010 0.000010 0.000010
0.516934 0.290414 0.022715 0.000010 0.000010 0.000010 0.000010 0.000010 0.000010 0.000010 0.000010 0.000010 0.169807 0.000010 0.000010 0.000010 0.000010
0.064753 0.000010 0.000010 0.000010 0.000010 0.449777 0.000010 0.000010 0.000010 0.000010 0.000010 0.000010 0.485331 0.000010 0.000010 0.000010 0.000010
0.000010 0.462936 0.000010 0.000010 0.142659 0.024836 0.005419 0.000010 0.364030 0.000010 0.000010 0.000010 0.000010 0.000010 0.000010 0.000010 0.000010
0.000010 0.127743 0.000010 0.000010 0.407745 0.000010 0.000010 0.000010 0.000010 0.457136 0.000010 0.000010 0.000010 0.000010 0.000010 0.007246 0.000010
0.057298 0.000010 0.000010 0.028576 0.000010 0.000010 0.000010 0.186182 0.000010 0.000010 0.025697 0.000010 0.320741 0.000010 0.070895 0.310512 0.000010
0.000010 0.000010 0.000010 0.000010 0.000010 0.000010 0.000010 0.000010 0.000010 0.000010 0.000010 0.000010 0.000010 0.000010 0.912751 0.087099 0.000010
0.000010 0.000010 0.000010 0.000010 0.000010 0.000010 0.000010 0.000010 0.000010 0.000010 0.000010 0.000010 0.000010 0.000010 0.999840 0.000010 0.000010
0.253784 0.152253 0.013094 0.000010 0.000010 0.000010 0.125678 0.000010 0.149541 0.046806 0.028733 0.000010 0.230020 0.000010 0.000010 0.000010 0.000010
0.000010 0.000010 0.000010 0.000010 0.000010 0.000010 0.000010 0.000010 0.000010 0.000010 0.000010 0.000010 0.000010 0.000010 0.999840 0.000010 0.000010
0.000010 0.000010 0.000010 0.000010 0.015762 0.000010 0.000010 0.000010 0.464071 0.000010 0.000010 0.000010 0.013549 0.000010 0.478943 0.027555 0.000010
0.000010 0.000010 0.000010 0.000010 0.000010 0.000010 0.000010 0.000010 0.000010 0.000010 0.000010 0.000010 0.000010 0.000010 0.878094 0.121756 0.000010
0.000010 0.000010 0.000010 0.010483 0.000010 0.000010 0.000010 0.100135 0.000010 0.000010 0.163937 0.212145 0.119715 0.012543 0.380943 0.000010 0.000010
0.000010 0.000010 0.000010 0.000010 0.000010 0.274794 0.023151 0.171708 0.290968 0.000010 0.000010 0.000010 0.000010 0.239260 0.000010 0.000010 0.000010
0.000010 0.020862 0.000010 0.021450 0.016626 0.000010 0.388009 0.022866 0.079072 0.390089 0.000010 0.054254 0.000010 0.001848 0.000010 0.004855 0.000010
0.000010 0.000010 0.000010 0.000010 0.183832 0.000010 0.203445 0.000010 0.391122 0.148497 0.000010 0.052986 0.000010 0.020008 0.000010 0.000010 0.000010
0.000010 0.000010 0.000010 0.000010 0.425648 0.000010 0.000010 0.031528 0.000010 0.000010 0.338854 0.000010 0.000010 0.000010 0.195633 0.008216 0.000010
0.000010 0.089105 0.000010 0.000010 0.337431 0.000010 0.000010 0.000010 0.573325 0.000010 0.000010 0.000010 0.000010 0.000010 0.000010 0.000010 0.000010
0.000010 0.000010 0.000010 0.000010 0.999840 0.000010 0.000010 0.000010 0.000010 0.000010 0.000010 0.000010 0.000010 0.000010 0.000010 0.000010 0.000010
0.000010 0.134570 0.000010 0.000010 0.297617 0.000010 0.004892 0.000010 0.530197 0.000010 0.000010 0.000010 0.000010 0.000010 0.031975 0.000639 0.000010
0.000010 0.134341 0.000010 0.000010 0.158360 0.000010 0.000010 0.000010 0.088049 0.000010 0.619120 0.000010 0.000010 0.000010 0.000010 0.000010 0.000010
0.000010 0.314510 0.000010 0.000010 0.342857 0.000010 0.000010 0.000010 0.309679 0.000010 0.000010 0.000010 0.000010 0.000010 0.000010 0.032824 0.000010
0.000010 0.276342 0.000010 0.000010 0.050433 0.000010 0.000010 0.000010 0.136044 0.000010 0.528865 0.000010 0.005074 0.000010 0.000010 0.000010 0.003131
0.127294 0.000010 0.000010 0.000010 0.000010 0.086410 0.000010 0.000010 0.000010 0.000010 0.000010 0.000010 0.000010 0.000010 0.000010 0.000010 0.786156
0.000010 0.000010 0.000010 0.000014 0.000010 0.999836 0.000010 0.000010 0.000010 0.000010 0.000010 0.000010 0.000010 0.000010 0.000010 0.000010 0.000010
0.730741 0.000010 0.000010 0.000010 0.000010 0.000010 0.000010 0.000010 0.000010 0.000010 0.000010 0.000010 0.269109 0.000010 0.000010 0.000010 0.000010
0.362514 0.000010 0.006027 0.000010 0.000010 0.097157 0.017753 0.000010 0.041111 0.000010 0.000010 0.004655 0.448288 0.022406 0.000010 0.000010 0.000010
0.244086 0.000010 0.000594 0.000010 0.464277 0.000010 0.000010 0.000010 0.000010 0.000348 0.000295 0.000010 0.290289 0.000010 0.000010 0.000010 0.000010
0.000010 0.000010 0.000010 0.000010 0.000010 0.000010 0.000010 0.000010 0.000010 0.000010 0.000010 0.000010 0.000010 0.999840 0.000010 0.000010 0.000010
0.368045 0.021415 0.017922 0.025992 0.000016 0.166340 0.008966 0.054750 0.093235 0.000010 0.000010 0.050411 0.024748 0.043286 0.051418 0.027019 0.046416
0.410829 0.000010 0.000010 0.008541 0.000010 0.052722 0.000010 0.000010 0.000010 0.487754 0.004502 0.000010 0.000010 0.000010 0.020686 0.000010 0.014865
0.000010 0.000010 0.010277 0.000010 0.000010 0.000010 0.000010 0.000010 0.000010 0.000010 0.952604 0.000010 0.000010 0.000010 0.000010 0.000010 0.036979
0.495142 0.015625 0.000010 0.031063 0.030419 0.313456 0.000010 0.037629 0.054213 0.000014 0.000010 0.008502 0.000010 0.000010 0.000010 0.013867 0.000010
0.000010 0.000010 0.026339 0.000010 0.000010 0.000010 0.000010 0.058266 0.000010 0.000010 0.517279 0.000010 0.000010 0.000010 0.355038 0.000010 0.042958
0.999839 0.000011 0.000010 0.000010 0.000010 0.000010 0.000010 0.000010 0.000010 0.000010 0.000010 0.000010 0.000010 0.000010 0.000010 0.000010 0.000010
0.999840 0.000010 0.000010 0.000010 0.000010 0.000010 0.000010 0.000010 0.000010 0.000010 0.000010 0.000010 0.000010 0.000010 0.000010 0.000010 0.000010
0.000010 0.000010 0.001002 0.000010 0.000010 0.000010 0.000010 0.000010 0.000010 0.000010 0.406594 0.486920 0.000010 0.000010 0.082446 0.000010 0.022918
0.000010 0.000010 0.000010 0.000010 0.000010 0.002839 0.000010 0.000010 0.000010 0.000010 0.646612 0.000010 0.000010 0.000010 0.350409 0.000010 0.000010
0.007757 0.406187 0.038940 0.000010 0.000010 0.062283 0.000010 0.000010 0.000010 0.000010 0.025194 0.000010 0.343767 0.000010 0.000010 0.000010 0.115771
0.555516 0.000010 0.000010 0.000010 0.000010 0.008037 0.000010 0.420566 0.000010 0.000010 0.000010 0.000010 0.015752 0.000010 0.000010 0.000010 0.000010
0.000010 0.000010 0.000010 0.000010 0.000010 0.000010 0.000010 0.000010 0.000010 0.000010 0.999840 0.000010 0.000010 0.000010 0.000010 0.000010 0.000010
0.000010 0.000010 0.000010 0.000010 0.000010 0.000010 0.000010 0.000010 0.000010 0.000010 0.999840 0.000010 0.000010 0.000010 0.000010 0.000010 0.000010
0.000010 0.000010 0.000010 0.000010 0.000010 0.000010 0.000010 0.000010 0.000010 0.000010 0.743059 0.000010 0.026627 0.000010 0.139668 0.090516 0.000010
0.526882 0.290285 0.000010 0.000010 0.000010 0.000010 0.000010 0.000010 0.000010 0.000010 0.000010 0.000010 0.182693 0.000010 0.000010 0.000010 0.000010
0.000643 0.000010 0.000010 0.000010 0.000010 0.000010 0.000010 0.000010 0.000010 0.000010 0.844295 0.000010 0.012137 0.000010 0.142795 0.000010 0.000010
0.000010 0.000010 0.000010 0.000010 0.000010 0.000010 0.000010 0.000010 0.000010 0.000010 0.999840 0.000010 0.000010 0.000010 0.000010 0.000010 0.000010
0.000010 0.000010 0.000010 0.000010 0.000010 0.000010 0.000010 0.000010 0.042853 0.000010 0.408984 0.038199 0.010883 0.000010 0.365304 0.133666 0.000010
0.000010 0.016344 0.014914 0.000010 0.068222 0.000010 0.171618 0.000010 0.028774 0.643192 0.000010 0.017861 0.000010 0.038985 0.000010 0.000010 0.000010
0.000010 0.000010 0.000010 0.000010 0.000010 0.000010 0.000010 0.000010 0.000010 0.000010 0.000010 0.000010 0.000010 0.000010 0.999840 0.000010 0.000010
0.000010 0.000010 0.000010 0.000010 0.000010 0.000010 0.000010 0.000010 0.000010 0.000010 0.000010 0.000010 0.000010 0.000010 0.000010 0.000010 0.999840
0.000010 0.000010 0.000010 0.000010 0.000010 0.000010 0.000010 0.000010 0.000010 0.000010 0.999840 0.000010 0.000010 0.000010 0.000010 0.000010 0.000010
0.000010 0.000010 0.000010 0.000010 0.000010 0.000010 0.000010 0.000010 0.000010 0.000010 0.999840 0.000010 0.000010 0.000010 0.000010 0.000010 0.000010
0.000010 0.000010 0.000010 0.000010 0.000010 0.000010 0.000010 0.000010 0.000010 0.000010 0.999840 0.000010 0.000010 0.000010 0.000010 0.000010 0.000010
0.999835 0.000010 0.000010 0.000010 0.000010 0.000013 0.000010 0.000010 0.000010 0.000010 0.000010 0.000010 0.000010 0.000010 0.000012 0.000010 0.000010
0.002589 0.000010 0.000010 0.000010 0.015864 0.000015 0.038057 0.000010 0.000010 0.915099 0.000010 0.000010 0.000010 0.028264 0.000010 0.000010 0.000010
0.000010 0.999840 0.000010 0.000010 0.000010 0.000010 0.000010 0.000010 0.000010 0.000010 0.000010 0.000010 0.000010 0.000010 0.000010 0.000010 0.000010
0.000010 0.000010 0.000010 0.000010 0.000010 0.000010 0.000010 0.999840 0.000010 0.000010 0.000010 0.000010 0.000010 0.000010 0.000010 0.000010 0.000010
0.424008 0.089424 0.018994 0.000010 0.000010 0.000590 0.000010 0.000010 0.424183 0.000010 0.000010 0.000010 0.011065 0.003385 0.000010 0.028261 0.000010
0.146751 0.000010 0.000010 0.000010 0.000010 0.000010 0.000010 0.000010 0.000010 0.000010 0.000010 0.000010 0.853099 0.000010 0.000010 0.000010 0.000010
0.000010 0.000010 0.000010 0.000010 0.000010 0.005166 0.000010 0.255784 0.000010 0.000010 0.000010 0.000010 0.738909 0.000010 0.000010 0.000010 0.000010
0.244160 0.000010 0.000010 0.000010 0.000010 0.419663 0.000010 0.015952 0.290838 0.000010 0.000010 0.000010 0.000010 0.029267 0.000010 0.000010 0.000010
0.242237 0.000010 0.000010 0.000010 0.000010 0.000010 0.000010 0.000010 0.000010 0.000010 0.000010 0.000010 0.000010 0.000010 0.000010 0.000010 0.757613
0.350973 0.000010 0.022632 0.034946 0.000010 0.000010 0.000010 0.000010 0.000010 0.000010 0.000010 0.000010 0.535642 0.000010 0.047586 0.000010 0.008111
0.000010 0.000010 0.000010 0.007099 0.000010 0.413770 0.000010 0.131704 0.298219 0.000010 0.000010 0.007591 0.000010 0.102324 0.000010 0.039194 0.000010
0.000015 0.000010 0.000010 0.000010 0.008231 0.000010 0.020864 0.000010 0.000010 0.901311 0.000010 0.000010 0.000010 0.029007 0.040462 0.000010 0.000010
0.008987 0.182929 0.518265 0.010796 0.000010 0.005532 0.000010 0.000010 0.003068 0.000010 0.000010 0.000010 0.157203 0.011285 0.000010 0.000010 0.101855
0.086858 0.000010 0.000010 0.000010 0.000010 0.550508 0.000010 0.000010 0.000010 0.000010 0.000010 0.000010 0.362494 0.000010 0.000010 0.000010 0.000010
0.999840 0.000010 0.000010 0.000010 0.000010 0.000010 0.000010 0.000010 0.000010 0.000010 0.000010 0.000010 0.000010 0.000010 0.000010 0.000010 0.000010
0.229736 0.000010 0.000010 0.000010 0.000010 0.100324 0.000010 0.104426 0.000010 0.000010 0.000010 0.000010 0.557715 0.007679 0.000010 0.000010 0.000010
0.969075 0.000010 0.000010 0.000010 0.000010 0.000010 0.000010 0.000010 0.000010 0.000010 0.000010 0.000010 0.000010 0.000010 0.000010 0.000010 0.030775
0.000010 0.000010 0.999839 0.000010 0.000010 0.000010 0.000010 0.000010 0.000010 0.000011 0.000010 0.000010 0.000010 0.000010 0.000010 0.000010 0.000010
0.513866 0.000010 0.000010 0.000010 0.000010 0.000010 0.000010 0.000010 0.000010 0.000010 0.000010 0.000010 0.421057 0.000010 0.000010 0.000010 0.064938
0.544788 0.000010 0.000010 0.000010 0.000010 0.000010 0.000010 0.000010 0.000010 0.000010 0.000010 0.000010 0.455062 0.000010 0.000010 0.000010 0.000010
0.694438 0.000010 0.000010 0.000010 0.000010 0.000010 0.000010 0.000010 0.000010 0.000010 0.000010 0.000010 0.305412 0.000010 0.000010 0.000010 0.000010
0.000010 0.000010 0.999840 0.000010 0.000010 0.000010 0.000010 0.000010 0.000010 0.000010 0.000010 0.000010 0.000010 0.000010 0.000010 0.000010 0.000010
0.070301 0.000010 0.929549 0.000010 0.000010 0.000010 0.000010 0.000010 0.000010 0.000010 0.000010 0.000010 0.000010 0.000010 0.000010 0.000010 0.000010
0.000010 0.000010 0.323724 0.676126 0.000010 0.000010 0.000010 0.000010 0.000010 0.000010 0.000010 0.000010 0.000010 0.000010 0.000010 0.000010 0.000010
0.000010 0.000010 0.999837 0.000010 0.000010 0.000013 0.000010 0.000010 0.000010 0.000010 0.000010 0.000010 0.000010 0.000010 0.000010 0.000010 0.000010
0.000010 0.000010 0.999840 0.000010 0.000010 0.000010 0.000010 0.000010 0.000010 0.000010 0.000010 0.000010 0.000010 0.000010 0.000010 0.000010 0.000010
0.000010 0.000013 0.999837 0.000010 0.000010 0.000010 0.000010 0.000010 0.000010 0.000010 0.000010 0.000010 0.000010 0.000010 0.000010 0.000010 0.000010
0.000010 0.000010 0.000010 0.000010 0.000010 0.000010 0.000010 0.000010 0.000010 0.999840 0.000010 0.000010 0.000010 0.000010 0.000010 0.000010 0.000010
0.113525 0.134377 0.011548 0.000010 0.000010 0.002691 0.000010 0.229960 0.000010 0.123303 0.123682 0.010808 0.000010 0.000010 0.026288 0.000010 0.223747
0.000010 0.000010 0.000010 0.000010 0.999840 0.000010 0.000010 0.000010 0.000010 0.000010 0.000010 0.000010 0.000010 0.000010 0.000010 0.000010 0.000010
0.000010 0.000010 0.000010 0.000018 0.000010 0.000010 0.000010 0.000010 0.000010 0.000010 0.999832 0.000010 0.000010 0.000010 0.000010 0.000010 0.000010
0.455902 0.000010 0.000010 0.000010 0.000010 0.000010 0.000010 0.049772 0.000010 0.000010 0.000010 0.000010 0.494186 0.000010 0.000010 0.000010 0.000010
0.000010 0.000010 0.583282 0.060049 0.000010 0.009955 0.000010 0.346584 0.000010 0.000010 0.000010 0.000010 0.000010 0.000010 0.000010 0.000010 0.000010
0.000010 0.000010 0.000010 0.000010 0.000010 0.000010 0.000010 0.999840 0.000010 0.000010 0.000010 0.000010 0.000010 0.000010 0.000010 0.000010 0.000010
0.000010 0.000010 0.000010 0.000010 0.000010 0.000010 0.000010 0.000010 0.990530 0.000010 0.000010 0.000010 0.000010 0.000010 0.000010 0.000010 0.009320
0.000010 0.000010 0.000010 0.000010 0.000010 0.000010 0.000010 0.000010 0.999840 0.000010 0.000010 0.000010 0.000010 0.000010 0.000010 0.000010 0.000010
0.000010 0.000010 0.000010 0.000010 0.000010 0.000010 0.000010 0.000010 0.000010 0.000010 0.000010 0.000010 0.000010 0.000010 0.000010 0.999840 0.000010
0.000010 0.000010 0.000010 0.000010 0.000010 0.000010 0.000010 0.000010 0.000010 0.000010 0.000010 0.000010 0.000010 0.000010 0.000010 0.999840 0.000010
0.019752 0.045391 0.000010 0.000010 0.094135 0.006839 0.114845 0.000010 0.593328 0.073463 0.000010 0.044463 0.000010 0.000010 0.000010 0.000010 0.007703
0.000012 0.000010 0.000010 0.000010 0.000010 0.000010 0.000010 0.000010 0.000010 0.000010 0.000010 0.000010 0.000010 0.000010 0.000010 0.000010 0.999838
0.001217 0.000010 0.089676 0.908967 0.000010 0.000010 0.000010 0.000010 0.000010 0.000010 0.000010 0.000010 0.000010 0.000010 0.000010 0.000010 0.000010
0.114438 0.064458 0.000010 0.000010 0.000010 0.000010 0.000010 0.000010 0.000010 0.000010 0.000010 0.000010 0.327172 0.000010 0.481048 0.000010 0.012765
0.000010 0.000010 0.000010 0.000010 0.290616 0.000010 0.000010 0.008413 0.095884 0.000010 0.602014 0.000010 0.000010 0.000010 0.000010 0.000010 0.002953
0.000010 0.000010 0.000010 0.000010 0.660412 0.000010 0.018149 0.000010 0.267997 0.008779 0.000010 0.021316 0.000010 0.000010 0.000010 0.017567 0.005680
0.000010 0.000010 0.000010 0.000010 0.775279 0.000010 0.000010 0.000010 0.224571 0.000010 0.000010 0.000010 0.000010 0.000010 0.000010 0.000010 0.000010
0.999840 0.000010 0.000010 0.000010 0.000010 0.000010 0.000010 0.000010 0.000010 0.000010 0.000010 0.000010 0.000010 0.000010 0.000010 0.000010 0.000010
0.000010 0.031268 0.000010 0.000010 0.393597 0.000010 0.000010 0.000010 0.508696 0.066310 0.000010 0.000010 0.000010 0.000010 0.000010 0.000010 0.000010
0.000010 0.000010 0.000010 0.000010 0.000010 0.000010 0.000010 0.000010 0.999840 0.000010 0.000010 0.000010 0.000010 0.000010 0.000010 0.000010 0.000010
0.000010 0.000010 0.000010 0.000010 0.000010 0.000010 0.000010 0.999840 0.000010 0.000010 0.000010 0.000010 0.000010 0.000010 0.000010 0.000010 0.000010
0.000010 0.000010 0.000010 0.000010 0.000010 0.000010 0.000010 0.000010 0.000010 0.000010 0.000010 0.000010 0.000010 0.000010 0.000010 0.999840 0.000010
0.000010 0.000010 0.000010 0.000010 0.000010 0.000010 0.000010 0.000010 0.000010 0.000010 0.000010 0.000010 0.000010 0.000010 0.000010 0.999840 0.000010
0.000010 0.000010 0.000010 0.000010 0.000010 0.000010 0.000010 0.000010 0.000010 0.000010 0.000010 0.000010 0.000010 0.000010 0.000010 0.999840 0.000010
0.000010 0.000010 0.000010 0.000010 0.000010 0.000010 0.000010 0.000010 0.000010 0.000010 0.000010 0.000010 0.000010 0.416088 0.012349 0.571423 0.000010
0.000010 0.000010 0.000010 0.000010 0.000010 0.000010 0.000010 0.000014 0.000010 0.000019 0.000010 0.000010 0.917399 0.000010 0.000010 0.000010 0.082438
0.999838 0.000010 0.000011 0.000010 0.000010 0.000010 0.000010 0.000010 0.000010 0.000010 0.000010 0.000010 0.000010 0.000010 0.000010 0.000010 0.000010
0.482834 0.000010 0.007289 0.038674 0.000010 0.052255 0.000010 0.412830 0.000010 0.000010 0.000010 0.000010 0.006009 0.000010 0.000010 0.000010 0.000010
0.999840 0.000010 0.000010 0.000010 0.000010 0.000010 0.000010 0.000010 0.000010 0.000010 0.000010 0.000010 0.000010 0.000010 0.000010 0.000010 0.000010
0.999840 0.000010 0.000010 0.000010 0.000010 0.000010 0.000010 0.000010 0.000010 0.000010 0.000010 0.000010 0.000010 0.000010 0.000010 0.000010 0.000010
0.835316 0.000010 0.000010 0.137628 0.000010 0.000010 0.000010 0.000010 0.000010 0.000010 0.000010 0.000010 0.000010 0.000010 0.000010 0.000010 0.026916
0.999839 0.000011 0.000010 0.000010 0.000010 0.000010 0.000010 0.000010 0.000010 0.000010 0.000010 0.000010 0.000010 0.000010 0.000010 0.000010 0.000010
0.014948 0.000010 0.045681 0.014451 0.000010 0.021605 0.000010 0.215452 0.000010 0.000010 0.000010 0.000010 0.024964 0.000010 0.000010 0.510617 0.152192
0.449620 0.000010 0.053108 0.000010 0.000010 0.020044 0.000010 0.448848 0.000010 0.000010 0.000010 0.000010 0.028260 0.000010 0.000010 0.000010 0.000010
0.999838 0.000010 0.000012 0.000010 0.000010 0.000010 0.000010 0.000010 0.000010 0.000010 0.000010 0.000010 0.000010 0.000010 0.000010 0.000010 0.000010
0.000010 0.000010 0.000010 0.000010 0.000010 0.772245 0.000010 0.188318 0.000010 0.000010 0.000010 0.000010 0.039297 0.000010 0.000010 0.000010 0.000010
0.000010 0.000010 0.000010 0.000010 0.000010 0.999840 0.000010 0.000010 0.000010 0.000010 0.000010 0.000010 0.000010 0.000010 0.000010 0.000010 0.000010
0.000010 0.000010 0.000010 0.000010 0.000010 0.999840 0.000010 0.000010 0.000010 0.000010 0.000010 0.000010 0.000010 0.000010 0.000010 0.000010 0.000010
0.999839 0.000010 0.000010 0.000010 0.000010 0.000010 0.000010 0.000010 0.000010 0.000010 0.000010 0.000010 0.000010 0.000010 0.000011 0.000010 0.000010
0.999840 0.000010 0.000010 0.000010 0.000010 0.000010 0.000010 0.000010 0.000010 0.000010 0.000010 0.000010 0.000010 0.000010 0.000010 0.000010 0.000010
0.001168 0.000010 0.000010 0.000010 0.000010 0.000010 0.000010 0.000010 0.000010 0.000010 0.000010 0.000010 0.000010 0.000010 0.998682 0.000010 0.000010
0.000010 0.000010 0.000010 0.000010 0.000010 0.000010 0.000010 0.000010 0.000010 0.000010 0.000010 0.000010 0.000010 0.000010 0.982721 0.000010 0.017129
0.263276 0.025432 0.000010 0.000010 0.041448 0.369332 0.000010 0.051372 0.024653 0.032947 0.052611 0.022191 0.000010 0.000010 0.010326 0.000010 0.106352
0.000010 0.000010 0.000010 0.000010 0.000010 0.000010 0.000010 0.000010 0.000010 0.000010 0.000010 0.000010 0.000010 0.999839 0.000010 0.000011 0.000010
0.047886 0.000010 0.000010 0.000010 0.000010 0.022814 0.000010 0.000010 0.000010 0.000010 0.000010 0.000010 0.000010 0.000010 0.538580 0.379034 0.011566
0.345155 0.000010 0.086899 0.000010 0.000010 0.400435 0.000010 0.000010 0.000010 0.000010 0.000010 0.000010 0.102879 0.000010 0.000010 0.000010 0.064512
0.000010 0.000010 0.000010 0.000010 0.000010 0.000010 0.176348 0.000010 0.050464 0.718937 0.000010 0.044418 0.000010 0.000978 0.000010 0.000010 0.008744
0.022495 0.000010 0.000010 0.000010 0.184634 0.000010 0.000010 0.000010 0.000010 0.215267 0.013473 0.550438 0.000010 0.000010 0.000010 0.013583 0.000010
0.018710 0.000010 0.023939 0.000010 0.007952 0.000010 0.000010 0.000010 0.000010 0.000010 0.000010 0.910405 0.018201 0.000010 0.020684 0.000010 0.000010
0.000010 0.000010 0.000010 0.000010 0.185156 0.000010 0.626137 0.000010 0.000489 0.181058 0.000010 0.000010 0.000010 0.007041 0.000010 0.000010 0.000010
0.000010 0.000010 0.000010 0.000010 0.972988 0.000010 0.000010 0.000010 0.000010 0.000010 0.000010 0.000010 0.004673 0.000010 0.000010 0.000010 0.022199
0.000010 0.062226 0.000010 0.000010 0.000010 0.000010 0.025219 0.020180 0.000010 0.507228 0.032510 0.316761 0.000010 0.000010 0.000010 0.035775 0.000010
0.000010 0.000010 0.000010 0.000010 0.007892 0.000010 0.092772 0.000010 0.034095 0.306711 0.007104 0.551313 0.000010 0.000010 0.000010 0.000014 0.000010
0.000010 0.011786 0.000010 0.000010 0.000010 0.000010 0.000010 0.000010 0.000010 0.000010 0.146649 0.831232 0.010202 0.000011 0.000010 0.000010 0.000010
0.000010 0.000013 0.000010 0.000010 0.000010 0.000010 0.000010 0.000010 0.000010 0.000010 0.000010 0.000010 0.999837 0.000010 0.000010 0.000010 0.000010
0.000010 0.000010 0.000010 0.000010 0.000010 0.000010 0.000010 0.000010 0.000010 0.000010 0.000010 0.999840 0.000010 0.000010 0.000010 0.000010 0.000010
0.123888 0.000010 0.000010 0.000010 0.000010 0.000010 0.000010 0.000010 0.000010 0.000010 0.000010 0.000010 0.875962 0.000010 0.000010 0.000010 0.000010
0.000010 0.000010 0.000010 0.000010 0.000010 0.000010 0.000010 0.000010 0.000010 0.000010 0.000010 0.999840 0.000010 0.000010 0.000010 0.000010 0.000010
0.000010 0.000010 0.000010 0.999840 0.000010 0.000010 0.000010 0.000010 0.000010 0.000010 0.000010 0.000010 0.000010 0.000010 0.000010 0.000010 0.000010
0.015364 0.000010 0.059552 0.895353 0.000010 0.000010 0.000010 0.000010 0.000010 0.000010 0.000010 0.000010 0.020687 0.000010 0.000010 0.000010 0.008924
0.000010 0.000019 0.000010 0.999828 0.000010 0.000010 0.000010 0.000010 0.000011 0.000010 0.000010 0.000010 0.000012 0.000010 0.000010 0.000010 0.000010
0.084554 0.000010 0.000012 0.000010 0.000010 0.332793 0.000010 0.001929 0.151426 0.000010 0.000010 0.000010 0.415860 0.013326 0.000010 0.000010 0.000010
0.000010 0.000010 0.000010 0.000010 0.000010 0.000010 0.999840 0.000010 0.000010 0.000010 0.000010 0.000010 0.000010 0.000010 0.000010 0.000010 0.000010
0.713773 0.000010 0.000010 0.000010 0.000010 0.000010 0.000010 0.000010 0.000010 0.000010 0.000010 0.000010 0.286076 0.000010 0.000010 0.000010 0.000010
0.000010 0.000010 0.000010 0.000010 0.204380 0.000010 0.316320 0.000010 0.051567 0.292368 0.000010 0.135244 0.000010 0.000010 0.000010 0.000010 0.000010
0.000010 0.565763 0.000010 0.000010 0.000010 0.000010 0.434087 0.000010 0.000010 0.000010 0.000010 0.000010 0.000010 0.000010 0.000010 0.000010 0.000010
0.000010 0.000010 0.000010 0.000010 0.000010 0.000010 0.999840 0.000010 0.000010 0.000010 0.000010 0.000010 0.000010 0.000010 0.000010 0.000010 0.000010
0.000010 0.000010 0.221144 0.778706 0.000010 0.000010 0.000010 0.000010 0.000010 0.000010 0.000010 0.000010 0.000010 0.000010 0.000010 0.000010 0.000010
0.000010 0.000010 0.355043 0.644807 0.000010 0.000010 0.000010 0.000010 0.000010 0.000010 0.000010 0.000010 0.000010 0.000010 0.000010 0.000010 0.000010
