0.000010 0.000010 0.000010 0.000010 0.999910 0.000010 0.000010 0.000010 0.000010 0.000010
0.000010 0.000010 0.000010 0.005003 0.986167 0.008761 0.000010 0.000010 0.000010 0.000010
0.000010 0.000010 0.000010 0.000010 0.999910 0.000010 0.000010 0.000010 0.000010 0.000010
0.001352 0.007658 0.000010 0.000010 0.990920 0.000010 0.000010 0.000010 0.000010 0.000010
0.000010 0.000010 0.000010 0.000010 0.994065 0.000010 0.000010 0.000010 0.000010 0.005855
0.000010 0.000010 0.000010 0.000010 0.999910 0.000010 0.000010 0.000010 0.000010 0.000010
0.000010 0.000010 0.000010 0.000010 0.999910 0.000010 0.000010 0.000010 0.000010 0.000010
0.000010 0.000010 0.025883 0.017175 0.000010 0.134945 0.000010 0.000010 0.169013 0.652934
0.000010 0.000010 0.000010 0.000010 0.000010 0.000010 0.000010 0.000010 0.000010 0.999910
0.000010 0.000010 0.075701 0.000010 0.000010 0.313487 0.000010 0.000010 0.249782 0.360970
0.000010 0.000010 0.000010 0.000010 0.000010 0.000010 0.000010 0.000010 0.000010 0.999910
0.000010 0.000010 0.000010 0.000010 0.000010 0.000010 0.999910 0.000010 0.000010 0.000010
0.000010 0.000010 0.000010 0.000010 0.000010 0.000010 0.999910 0.000010 0.000010 0.000010
0.000010 0.000010 0.999908 0.000010 0.000010 0.000010 0.000010 0.000010 0.000012 0.000010
0.000010 0.000010 0.000010 0.000010 0.000010 0.000010 0.999910 0.000010 0.000010 0.000010
0.000010 0.000010 0.000010 0.000010 0.000010 0.000010 0.999910 0.000010 0.000010 0.000010
0.000010 0.000010 0.030704 0.005704 0.000010 0.072000 0.000010 0.000010 0.853023 0.038518
0.000010 0.000010 0.000010 0.000010 0.000010 0.000010 0.999910 0.000010 0.000010 0.000010
0.000010 0.000010 0.046304 0.000010 0.000010 0.087721 0.000010 0.047357 0.818558 0.000010
0.000010 0.000010 0.999905 0.000010 0.000010 0.000010 0.000010 0.000010 0.000015 0.000010
0.000010 0.011512 0.019051 0.000010 0.969358 0.000010 0.000010 0.000020 0.000010 0.000010
0.000010 0.000010 0.000010 0.000010 0.000010 0.000010 0.999910 0.000010 0.000010 0.000010
0.000010 0.000010 0.000010 0.000017 0.000010 0.000010 0.999903 0.000010 0.000010 0.000010
0.000010 0.000010 0.000010 0.000010 0.999910 0.000010 0.000010 0.000010 0.000010 0.000010
0.017386 0.017042 0.030613 0.000010 0.003680 0.080677 0.040306 0.004446 0.753960 0.051880
0.046595 0.000010 0.012034 0.000010 0.000010 0.404964 0.000010 0.000010 0.047451 0.488905
0.000010 0.000010 0.000132 0.013566 0.945288 0.000010 0.000010 0.000010 0.020191 0.020773
0.000010 0.000010 0.000010 0.000010 0.923394 0.006302 0.003012 0.013126 0.042447 0.011679
0.000010 0.000010 0.000010 0.000010 0.000010 0.000010 0.000010 0.000010 0.000010 0.999910
0.000010 0.000010 0.000010 0.000010 0.000010 0.000010 0.000010 0.000010 0.000010 0.999910
0.000010 0.000010 0.000010 0.000010 0.000010 0.000010 0.999910 0.000010 0.000010 0.000010
0.000010 0.014514 0.003718 0.022286 0.000010 0.060640 0.000010 0.027651 0.318665 0.552496
0.000010 0.000010 0.000010 0.000010 0.000010 0.000010 0.000010 0.999910 0.000010 0.000010
0.000010 0.000010 0.000010 0.000010 0.000010 0.000010 0.999910 0.000010 0.000010 0.000010
0.000010 0.000010 0.000010 0.999910 0.000010 0.000010 0.000010 0.000010 0.000010 0.000010
0.000010 0.000010 0.000010 0.000010 0.000010 0.000010 0.999910 0.000010 0.000010 0.000010
0.000010 0.000010 0.000010 0.000010 0.000010 0.000010 0.999910 0.000010 0.000010 0.000010
0.206985 0.000010 0.054809 0.000010 0.000010 0.136506 0.000010 0.000010 0.601640 0.000010
0.000010 0.019963 0.018608 0.000010 0.901181 0.000010 0.000010 0.000010 0.013710 0.046488
0.000010 0.000010 0.000010 0.011231 0.966677 0.000010 0.015557 0.000010 0.006475 0.000010
0.000010 0.000010 0.000071 0.000010 0.999849 0.000010 0.000010 0.000010 0.000010 0.000010
0.000010 0.000010 0.000010 0.000010 0.927942 0.032357 0.000010 0.000010 0.039631 0.000010
0.000010 0.000010 0.001191 0.000010 0.949684 0.000010 0.000010 0.049053 0.000012 0.000010
0.000010 0.000010 0.000010 0.000010 0.983587 0.000010 0.006317 0.000010 0.007394 0.002642
0.007510 0.011908 0.007746 0.000010 0.514974 0.017624 0.005203 0.000010 0.435005 0.000010
0.000010 0.000010 0.000010 0.000010 0.000010 0.000010 0.999907 0.000013 0.000010 0.000010
0.000010 0.000010 0.000010 0.000010 0.000010 0.000010 0.990507 0.009413 0.000010 0.000010
0.038093 0.000010 0.000010 0.000983 0.000010 0.000010 0.955075 0.005788 0.000010 0.000010
0.000010 0.000010 0.000010 0.000010 0.000010 0.000010 0.999910 0.000010 0.000010 0.000010
0.000010 0.000010 0.000010 0.000607 0.000010 0.000010 0.999313 0.000010 0.000010 0.000010
0.022244 0.000010 0.026819 0.000010 0.000010 0.000010 0.950866 0.000010 0.000010 0.000010
0.000010 0.000010 0.030547 0.000010 0.000010 0.000010 0.969373 0.000010 0.000010 0.000010
0.000010 0.000010 0.000010 0.000010 0.999910 0.000010 0.000010 0.000010 0.000010 0.000010
0.266754 0.038509 0.136863 0.004493 0.138460 0.060570 0.009461 0.035111 0.052899 0.256880
0.000010 0.000010 0.000010 0.000010 0.999910 0.000010 0.000010 0.000010 0.000010 0.000010
0.000010 0.035066 0.000010 0.000010 0.964854 0.000010 0.000011 0.000010 0.000010 0.000010
0.000010 0.000010 0.000010 0.000010 0.908322 0.000010 0.000010 0.000010 0.012974 0.078634
0.000010 0.000010 0.000010 0.000163 0.999757 0.000010 0.000010 0.000010 0.000010 0.000010
0.000010 0.000010 0.002575 0.000010 0.000010 0.000010 0.997345 0.000010 0.000010 0.000010
0.000010 0.000010 0.000010 0.000010 0.000010 0.000010 0.999910 0.000010 0.000010 0.000010
0.008557 0.008401 0.075609 0.000010 0.000010 0.000010 0.907373 0.000010 0.000010 0.000010
0.000010 0.000010 0.000010 0.000010 0.000010 0.000010 0.999910 0.000010 0.000010 0.000010
0.126203 0.000010 0.000010 0.053582 0.000010 0.000010 0.001963 0.816498 0.000010 0.001704
0.000010 0.000010 0.000010 0.000010 0.999910 0.000010 0.000010 0.000010 0.000010 0.000010
0.000010 0.000010 0.000010 0.000010 0.999910 0.000010 0.000010 0.000010 0.000010 0.000010
0.176474 0.050686 0.074162 0.021673 0.129051 0.055470 0.018369 0.000010 0.055475 0.418631
0.000010 0.000010 0.000010 0.793949 0.000010 0.000010 0.000010 0.205971 0.000010 0.000010
0.000010 0.000010 0.692246 0.000010 0.000010 0.307674 0.000010 0.000010 0.000010 0.000010
0.000010 0.000010 0.059947 0.000010 0.000010 0.000010 0.939973 0.000010 0.000010 0.000010
0.000010 0.000010 0.064810 0.000010 0.000010 0.000010 0.935110 0.000010 0.000010 0.000010
0.000010 0.000010 0.000010 0.000010 0.000010 0.000010 0.000010 0.000010 0.907842 0.092078
0.000010 0.000010 0.000010 0.000015 0.000010 0.000010 0.999905 0.000010 0.000010 0.000010
0.000010 0.000010 0.000010 0.000010 0.000010 0.000010 0.999910 0.000010 0.000010 0.000010
0.000010 0.000010 0.000010 0.000010 0.000010 0.000010 0.999910 0.000010 0.000010 0.000010
0.000010 0.000010 0.000010 0.000010 0.000010 0.000010 0.000010 0.633291 0.001352 0.365287
0.047472 0.000010 0.000010 0.631220 0.000010 0.016948 0.033419 0.270890 0.000010 0.000010
0.000010 0.000010 0.000010 0.000010 0.000010 0.046381 0.000010 0.000010 0.121064 0.832485
0.000010 0.058902 0.000010 0.000010 0.031192 0.000010 0.000010 0.000010 0.000010 0.909835
0.000010 0.000010 0.000010 0.000010 0.000010 0.060167 0.000010 0.000010 0.064139 0.875625
0.215195 0.090036 0.000010 0.358402 0.000010 0.000010 0.000010 0.336307 0.000010 0.000010
0.000010 0.000010 0.000010 0.000010 0.000010 0.038732 0.000010 0.000010 0.087823 0.873375
0.000010 0.000011 0.000010 0.487355 0.000010 0.000010 0.000010 0.281708 0.000010 0.230866
0.000010 0.000010 0.000010 0.000010 0.000010 0.000010 0.999910 0.000010 0.000010 0.000010
0.000010 0.000010 0.000010 0.000010 0.000010 0.000010 0.999910 0.000010 0.000010 0.000010
0.000010 0.000010 0.000010 0.004251 0.000010 0.000010 0.995669 0.000010 0.000010 0.000010
0.002127 0.000010 0.503697 0.000741 0.000010 0.440905 0.045376 0.007113 0.000010 0.000010
0.000010 0.000010 0.025166 0.000010 0.000010 0.000010 0.000010 0.000010 0.120606 0.854158
0.000010 0.000010 0.000010 0.000010 0.000010 0.000010 0.999910 0.000010 0.000010 0.000010
0.000010 0.024248 0.000010 0.000010 0.065775 0.018242 0.000010 0.000010 0.866078 0.025608
0.000010 0.000010 0.000010 0.000010 0.000010 0.000010 0.999910 0.000010 0.000010 0.000010
0.000010 0.009687 0.052271 0.007251 0.000010 0.122988 0.000010 0.000010 0.164861 0.642903
0.003910 0.000010 0.000010 0.000010 0.000010 0.032115 0.000010 0.000010 0.121206 0.842709
0.000010 0.000010 0.000010 0.012737 0.000010 0.056072 0.016995 0.000010 0.175377 0.738769
0.096477 0.055471 0.000010 0.000010 0.000010 0.000010 0.000010 0.803194 0.000010 0.044798
0.000010 0.036779 0.000010 0.000010 0.061078 0.000010 0.000010 0.009133 0.000010 0.892950
0.000010 0.000010 0.000010 0.000010 0.000010 0.000010 0.999910 0.000010 0.000010 0.000010
0.000010 0.000010 0.039766 0.000010 0.000010 0.000010 0.960154 0.000010 0.000010 0.000010
0.024464 0.025324 0.000010 0.000010 0.136249 0.003107 0.000010 0.014676 0.000010 0.796139
0.000010 0.000010 0.005682 0.000010 0.000010 0.061650 0.001123 0.000896 0.841410 0.089199
0.000010 0.000010 0.000010 0.000010 0.000010 0.000010 0.000010 0.017134 0.000010 0.982786
0.000010 0.000010 0.496597 0.000010 0.000010 0.000010 0.000010 0.503323 0.000010 0.000010
0.088851 0.000010 0.025818 0.000010 0.000010 0.000010 0.885262 0.000010 0.000010 0.000010
0.000010 0.999910 0.000010 0.000010 0.000010 0.000010 0.000010 0.000010 0.000010 0.000010
0.000010 0.000010 0.000010 0.000010 0.039078 0.000010 0.011884 0.024828 0.407387 0.516773
0.000010 0.000010 0.000010 0.000010 0.508677 0.000010 0.000010 0.000010 0.491243 0.000010
0.000010 0.000010 0.000010 0.000010 0.000010 0.000010 0.000010 0.000010 0.999910 0.000010
0.002041 0.013787 0.000010 0.000010 0.097834 0.031251 0.000010 0.003604 0.243283 0.608171
0.000010 0.065970 0.003779 0.000010 0.000010 0.000010 0.000010 0.001062 0.375777 0.553362
0.014053 0.010434 0.000010 0.000010 0.000010 0.000010 0.000010 0.008444 0.428108 0.538911
0.000010 0.000010 0.000225 0.000010 0.000010 0.000010 0.007096 0.000010 0.882711 0.109908
0.000010 0.027057 0.052715 0.546294 0.007997 0.069956 0.034479 0.056903 0.100200 0.104388
0.001528 0.142620 0.000010 0.000010 0.034540 0.000010 0.000010 0.126458 0.000010 0.694804
0.000010 0.000010 0.549020 0.188865 0.000010 0.008760 0.011408 0.000010 0.000010 0.241897
0.000010 0.000010 0.058154 0.490113 0.000010 0.000010 0.000010 0.451663 0.000010 0.000010
0.000010 0.000010 0.000010 0.018617 0.000010 0.000010 0.031334 0.022594 0.045204 0.882202
0.000010 0.000010 0.000676 0.000010 0.475286 0.016362 0.000768 0.000010 0.051468 0.455400
0.200366 0.000010 0.074715 0.332790 0.000010 0.384152 0.007926 0.000010 0.000010 0.000010
0.082118 0.015256 0.061641 0.001169 0.000010 0.587022 0.008699 0.005285 0.196551 0.042248
0.071115 0.000010 0.075300 0.000010 0.000010 0.701828 0.001829 0.000010 0.149877 0.000010
0.017070 0.005319 0.260443 0.233504 0.173490 0.000010 0.013918 0.000010 0.047435 0.248801
0.080954 0.000010 0.047597 0.000010 0.000010 0.742032 0.000010 0.000010 0.129358 0.000010
0.038399 0.000702 0.033866 0.018909 0.000010 0.295009 0.000010 0.000010 0.082642 0.530442
0.032426 0.010234 0.092354 0.001307 0.000010 0.700427 0.000010 0.000010 0.163212 0.000010
0.169133 0.025539 0.017467 0.118205 0.000010 0.236943 0.017797 0.000010 0.414886 0.000010
0.124435 0.321624 0.000010 0.000010 0.000010 0.000010 0.000010 0.319944 0.000010 0.233937
0.024161 0.018856 0.000010 0.000010 0.762743 0.013957 0.004321 0.000010 0.058302 0.117628
0.000010 0.023826 0.000010 0.000010 0.359644 0.000010 0.000010 0.000010 0.040020 0.576450
0.160920 0.000010 0.024151 0.000010 0.000010 0.220217 0.000010 0.000010 0.234422 0.360240
0.000010 0.000010 0.000010 0.000010 0.000010 0.000010 0.000010 0.000010 0.000010 0.999910
0.000010 0.000010 0.000010 0.000285 0.000010 0.010353 0.000010 0.000010 0.057444 0.931858
0.000010 0.014464 0.000010 0.000010 0.006044 0.042024 0.000010 0.002934 0.006729 0.927765
0.150066 0.000010 0.027855 0.000010 0.000010 0.134286 0.000010 0.000010 0.406478 0.281265
0.000010 0.000010 0.009278 0.017984 0.013430 0.059566 0.000010 0.000010 0.002837 0.896865
0.115359 0.000010 0.020337 0.009293 0.000010 0.159828 0.000017 0.000010 0.317991 0.377145
0.000010 0.043516 0.465069 0.000010 0.000010 0.336378 0.037283 0.117704 0.000010 0.000010
0.000010 0.000010 0.000010 0.000010 0.000010 0.000010 0.000010 0.999910 0.000010 0.000010
0.000010 0.000010 0.732709 0.267211 0.000010 0.000010 0.000010 0.000010 0.000010 0.000010
0.000010 0.031510 0.362952 0.459057 0.000010 0.000010 0.000010 0.105849 0.000010 0.040583
0.000010 0.000010 0.237771 0.295387 0.043946 0.000010 0.000010 0.000010 0.059440 0.363407
0.000010 0.999910 0.000010 0.000010 0.000010 0.000010 0.000010 0.000010 0.000010 0.000010
0.047975 0.064020 0.403934 0.026114 0.000010 0.069027 0.039332 0.176453 0.064517 0.108617
0.000010 0.000010 0.436155 0.000010 0.487661 0.020448 0.000015 0.055672 0.000010 0.000010
0.251622 0.000010 0.071479 0.000012 0.000010 0.245992 0.005769 0.000010 0.425086 0.000010
0.036194 0.000010 0.508620 0.000010 0.001217 0.000010 0.020973 0.325194 0.002375 0.105396
0.224417 0.000010 0.101396 0.000010 0.000010 0.306529 0.027919 0.000010 0.319256 0.020444
0.000010 0.000010 0.999910 0.000010 0.000010 0.000010 0.000010 0.000010 0.000010 0.000010
0.000010 0.000010 0.999910 0.000010 0.000010 0.000010 0.000010 0.000010 0.000010 0.000010
0.019728 0.000010 0.011422 0.002623 0.000010 0.130658 0.037412 0.017287 0.780839 0.000010
0.172545 0.000010 0.057345 0.000010 0.000010 0.370847 0.004382 0.002289 0.392551 0.000010
0.033271 0.000010 0.093314 0.358247 0.017748 0.116595 0.000010 0.055315 0.077767 0.247725
0.411213 0.000010 0.542745 0.030598 0.000010 0.000010 0.000010 0.015384 0.000010 0.000010
0.203419 0.000010 0.000794 0.000010 0.000010 0.189317 0.000010 0.000010 0.606411 0.000010
0.219566 0.000010 0.043087 0.000010 0.000010 0.185492 0.000010 0.000010 0.551796 0.000010
0.179702 0.000010 0.045199 0.000010 0.000010 0.303983 0.000010 0.000010 0.471057 0.000010
0.000010 0.000010 0.541681 0.190165 0.000010 0.000016 0.000010 0.000010 0.038759 0.229329
0.197400 0.000010 0.060264 0.001383 0.000010 0.279746 0.000010 0.000010 0.461158 0.000010
0.203465 0.000010 0.056925 0.000010 0.000010 0.187986 0.000010 0.000010 0.551564 0.000010
0.109507 0.000010 0.060379 0.013349 0.000010 0.417703 0.000010 0.000010 0.338723 0.060298
0.000010 0.045227 0.012259 0.000010 0.816131 0.000010 0.000010 0.000010 0.023729 0.102603
0.051768 0.035626 0.117925 0.000010 0.000010 0.424384 0.000010 0.000010 0.256552 0.113705
0.000010 0.000010 0.534959 0.000010 0.000010 0.464961 0.000010 0.000010 0.000010 0.000010
0.191539 0.000010 0.000010 0.000010 0.000010 0.158498 0.017690 0.000010 0.632213 0.000010
0.188859 0.000010 0.043300 0.000010 0.000010 0.220865 0.000010 0.000010 0.546916 0.000010
0.218047 0.000010 0.027322 0.000010 0.000010 0.168161 0.000010 0.000010 0.586410 0.000010
0.000012 0.000010 0.999908 0.000010 0.000010 0.000010 0.000010 0.000010 0.000010 0.000010
0.000010 0.023953 0.015137 0.000010 0.958942 0.000010 0.000010 0.001907 0.000010 0.000010
0.003283 0.000010 0.032142 0.000508 0.000010 0.117922 0.000010 0.000010 0.127540 0.718565
0.999910 0.000010 0.000010 0.000010 0.000010 0.000010 0.000010 0.000010 0.000010 0.000010
0.000010 0.024703 0.443375 0.008796 0.000010 0.000010 0.000010 0.018150 0.000010 0.504926
0.000010 0.000010 0.136154 0.863766 0.000010 0.000010 0.000010 0.000010 0.000010 0.000010
0.259941 0.000010 0.000010 0.739232 0.000010 0.000010 0.000010 0.000758 0.000010 0.000010
0.009336 0.040976 0.241415 0.000010 0.000010 0.000010 0.000010 0.434137 0.000010 0.274086
0.014695 0.000010 0.600554 0.000010 0.000010 0.373798 0.000010 0.010893 0.000010 0.000010
0.000010 0.000010 0.365241 0.551552 0.000010 0.011711 0.061038 0.000010 0.010408 0.000010
0.136006 0.127398 0.000010 0.000010 0.000010 0.018010 0.006141 0.447420 0.000010 0.264985
0.000010 0.034005 0.000010 0.000010 0.932248 0.033676 0.000010 0.000010 0.000010 0.000010
0.011234 0.009083 0.070490 0.171293 0.015366 0.049177 0.518182 0.000010 0.033119 0.122047
0.000010 0.000010 0.080652 0.367802 0.000010 0.000010 0.000010 0.551476 0.000010 0.000010
0.000010 0.000010 0.999910 0.000010 0.000010 0.000010 0.000010 0.000010 0.000010 0.000010
0.094819 0.010932 0.224299 0.567436 0.000010 0.000012 0.000010 0.102462 0.000010 0.000010
0.000010 0.000010 0.999910 0.000010 0.000010 0.000010 0.000010 0.000010 0.000010 0.000010
0.000010 0.000010 0.000010 0.013701 0.000010 0.000010 0.986219 0.000010 0.000010 0.000010
0.000010 0.000010 0.559197 0.440723 0.000010 0.000010 0.000010 0.000010 0.000010 0.000010
0.000010 0.000011 0.539004 0.460915 0.000010 0.000010 0.000010 0.000010 0.000010 0.000010
0.000010 0.000010 0.696415 0.303505 0.000010 0.000010 0.000010 0.000010 0.000010 0.000010
0.000010 0.000010 0.001314 0.000010 0.000010 0.000010 0.998606 0.000010 0.000010 0.000010
0.000010 0.009525 0.196826 0.000010 0.000010 0.000010 0.793579 0.000010 0.000010 0.000010
0.000010 0.000010 0.000010 0.000010 0.000010 0.000010 0.999910 0.000010 0.000010 0.000010
0.000010 0.000010 0.029864 0.019435 0.000010 0.000010 0.950631 0.000010 0.000010 0.000010
0.000010 0.000010 0.025540 0.000010 0.000010 0.000010 0.974380 0.000010 0.000010 0.000010
0.000010 0.000010 0.008944 0.000010 0.000010 0.000010 0.990976 0.000010 0.000010 0.000010
0.000010 0.000010 0.000010 0.000010 0.999907 0.000013 0.000010 0.000010 0.000010 0.000010
0.273714 0.000010 0.233921 0.000010 0.115596 0.149310 0.016427 0.009236 0.106955 0.094821
0.000010 0.000010 0.000013 0.000010 0.007141 0.020027 0.000010 0.000010 0.064359 0.908411
0.231850 0.000010 0.009761 0.000010 0.000010 0.160270 0.000010 0.000010 0.598058 0.000010
0.048343 0.000010 0.450412 0.501175 0.000010 0.000010 0.000010 0.000010 0.000010 0.000010
0.359033 0.000010 0.000010 0.000010 0.000010 0.000010 0.627966 0.012930 0.000010 0.000010
0.999910 0.000010 0.000010 0.000010 0.000010 0.000010 0.000010 0.000010 0.000010 0.000010
0.000010 0.013413 0.014234 0.000010 0.052180 0.000010 0.000010 0.036561 0.000010 0.883561
0.000010 0.000010 0.000010 0.000010 0.000010 0.000010 0.000010 0.000010 0.000010 0.999910
0.000010 0.000010 0.000010 0.000010 0.000010 0.999910 0.000010 0.000010 0.000010 0.000010
0.000010 0.000010 0.000010 0.000010 0.000010 0.999910 0.000010 0.000010 0.000010 0.000010
0.000010 0.000010 0.021158 0.000010 0.211819 0.000010 0.000010 0.029771 0.020408 0.716794
0.000010 0.000010 0.519859 0.000010 0.000010 0.480061 0.000010 0.000010 0.000010 0.000010
0.000010 0.000010 0.011599 0.000018 0.000010 0.000010 0.988313 0.000010 0.000010 0.000010
0.000010 0.000010 0.174852 0.351581 0.000010 0.302798 0.000010 0.000010 0.145108 0.025610
0.179267 0.000010 0.015427 0.000010 0.000010 0.128487 0.004640 0.000010 0.353485 0.318655
0.000010 0.000010 0.000010 0.000010 0.055659 0.032557 0.000010 0.000010 0.070767 0.840957
0.000010 0.000010 0.000010 0.000010 0.000010 0.000010 0.000010 0.002243 0.080536 0.917151
0.000010 0.000010 0.999910 0.000010 0.000010 0.000010 0.000010 0.000010 0.000010 0.000010
0.000010 0.000010 0.000010 0.000010 0.084874 0.000010 0.000010 0.000010 0.000010 0.915046
0.000010 0.014634 0.000010 0.000010 0.081001 0.000010 0.000010 0.013931 0.000010 0.890375
0.999910 0.000010 0.000010 0.000010 0.000010 0.000010 0.000010 0.000010 0.000010 0.000010
0.000010 0.000010 0.000010 0.000010 0.000010 0.999910 0.000010 0.000010 0.000010 0.000010
0.000010 0.000010 0.000010 0.000010 0.000010 0.999910 0.000010 0.000010 0.000010 0.000010
0.000010 0.000010 0.000010 0.000010 0.000010 0.999910 0.000010 0.000010 0.000010 0.000010
0.000010 0.363484 0.000014 0.000010 0.000010 0.636431 0.000010 0.000010 0.000010 0.000010
0.000010 0.000010 0.000010 0.999910 0.000010 0.000010 0.000010 0.000010 0.000010 0.000010
0.000010 0.000010 0.999910 0.000010 0.000010 0.000010 0.000010 0.000010 0.000010 0.000010
0.409554 0.000010 0.479895 0.018622 0.000010 0.000010 0.036538 0.055341 0.000010 0.000010
0.000010 0.000010 0.999910 0.000010 0.000010 0.000010 0.000010 0.000010 0.000010 0.000010
0.000010 0.000010 0.999910 0.000010 0.000010 0.000010 0.000010 0.000010 0.000010 0.000010
0.000010 0.000010 0.855310 0.000010 0.000010 0.000010 0.144610 0.000010 0.000010 0.000010
0.000010 0.000010 0.999910 0.000010 0.000010 0.000010 0.000010 0.000010 0.000010 0.000010
0.182923 0.000010 0.069843 0.034838 0.000010 0.589841 0.066936 0.055579 0.000010 0.000010
0.449515 0.000010 0.455302 0.042169 0.000010 0.000010 0.023250 0.029715 0.000010 0.000010
0.000010 0.000010 0.999910 0.000010 0.000010 0.000010 0.000010 0.000010 0.000010 0.000010
0.182837 0.000010 0.000010 0.041278 0.000010 0.000010 0.000010 0.775815 0.000010 0.000010
0.000010 0.000010 0.000010 0.000010 0.000010 0.000010 0.000010 0.999910 0.000010 0.000010
0.000010 0.000010 0.000010 0.000010 0.000010 0.000010 0.000010 0.999910 0.000010 0.000010
0.000010 0.000010 0.999910 0.000010 0.000010 0.000010 0.000010 0.000010 0.000010 0.000010
0.000010 0.000010 0.999910 0.000010 0.000010 0.000010 0.000010 0.000010 0.000010 0.000010
0.088894 0.020888 0.157735 0.007868 0.000010 0.461802 0.000010 0.000010 0.151650 0.111134
0.066536 0.053752 0.123114 0.018592 0.000010 0.413478 0.000010 0.000010 0.219702 0.104797
0.072431 0.005104 0.323296 0.000010 0.022707 0.078291 0.000010 0.377949 0.061044 0.059159
0.000010 0.999910 0.000010 0.000010 0.000010 0.000010 0.000010 0.000010 0.000010 0.000010
0.000010 0.052231 0.115400 0.000010 0.000010 0.689408 0.000010 0.019538 0.094118 0.029265
0.000010 0.000010 0.389800 0.108766 0.000010 0.000010 0.083400 0.417974 0.000010 0.000010
0.000010 0.014612 0.007459 0.000019 0.898627 0.000010 0.000010 0.000010 0.048047 0.031197
0.000010 0.003564 0.015297 0.000010 0.223195 0.011303 0.000010 0.000010 0.578502 0.168100
0.000010 0.000010 0.018606 0.022046 0.000010 0.000010 0.017917 0.000010 0.912823 0.028557
0.000010 0.011304 0.000010 0.000010 0.776291 0.000010 0.000010 0.000010 0.028961 0.183384
0.000010 0.000010 0.007401 0.029909 0.020445 0.000010 0.000010 0.002150 0.120127 0.819928
0.015404 0.014600 0.001279 0.000010 0.540867 0.032456 0.000010 0.000010 0.366184 0.029181
0.000010 0.000010 0.000010 0.000010 0.403283 0.000010 0.000010 0.000010 0.542535 0.054112
0.000010 0.000010 0.000010 0.026679 0.000010 0.000010 0.000010 0.000010 0.959738 0.013513
0.000010 0.000010 0.000017 0.999902 0.000010 0.000011 0.000010 0.000010 0.000010 0.000010
0.000010 0.000010 0.000010 0.000010 0.000010 0.000015 0.000010 0.000010 0.999905 0.000010
0.000010 0.000010 0.110834 0.889086 0.000010 0.000010 0.000010 0.000010 0.000010 0.000010
0.000010 0.000010 0.000010 0.000010 0.000010 0.000010 0.000010 0.000010 0.999910 0.000010
0.000010 0.000010 0.000010 0.000010 0.000010 0.000010 0.999910 0.000010 0.000010 0.000010
0.000010 0.015247 0.027601 0.019315 0.000010 0.000010 0.937778 0.000010 0.000010 0.000010
0.000010 0.000010 0.000010 0.000010 0.000010 0.000010 0.999910 0.000010 0.000010 0.000010
0.006187 0.015016 0.077045 0.416205 0.000010 0.000010 0.000010 0.343303 0.000010 0.142204
0.000010 0.000010 0.019632 0.000010 0.865228 0.012215 0.000010 0.000010 0.000010 0.102865
0.000010 0.000010 0.713151 0.286769 0.000010 0.000010 0.000010 0.000010 0.000010 0.000010
0.000010 0.000010 0.000010 0.000010 0.617005 0.000010 0.000010 0.000010 0.146140 0.236785
0.000010 0.008547 0.000010 0.014946 0.423689 0.032881 0.000010 0.000010 0.100055 0.419843
0.000010 0.002680 0.000010 0.000010 0.974734 0.000010 0.000010 0.000010 0.000010 0.022517
0.000010 0.000010 0.000010 0.000010 0.000010 0.000010 0.999910 0.000010 0.000010 0.000010
0.000010 0.000010 0.000010 0.000010 0.000010 0.000010 0.999910 0.000010 0.000010 0.000010
0.404253 0.000010 0.000010 0.048632 0.452263 0.000010 0.019763 0.036766 0.000010 0.038282
0.000010 0.000010 0.017228 0.022876 0.038372 0.010347 0.000010 0.000010 0.070614 0.840523
0.000010 0.000010 0.000010 0.000010 0.999910 0.000010 0.000010 0.000010 0.000010 0.000010
0.000010 0.000010 0.036608 0.025523 0.005151 0.004582 0.000010 0.000010 0.119016 0.809080
0.000010 0.000010 0.014105 0.033383 0.000010 0.111428 0.000010 0.000010 0.123647 0.717386
0.000010 0.007104 0.000010 0.000010 0.911673 0.000010 0.000010 0.025173 0.000010 0.055989
0.000010 0.000010 0.000010 0.000010 0.000010 0.000010 0.000010 0.000010 0.089224 0.910696
0.999910 0.000010 0.000010 0.000010 0.000010 0.000010 0.000010 0.000010 0.000010 0.000010
0.999907 0.000010 0.000013 0.000010 0.000010 0.000010 0.000010 0.000010 0.000010 0.000010
0.000010 0.000010 0.000010 0.000010 0.000010 0.000010 0.000010 0.000010 0.999910 0.000010
0.000010 0.000010 0.000010 0.000010 0.999910 0.000010 0.000010 0.000010 0.000010 0.000010
0.000010 0.000010 0.000010 0.000010 0.999910 0.000010 0.000010 0.000010 0.000010 0.000010
0.000010 0.000010 0.000010 0.000010 0.000010 0.000010 0.000010 0.000010 0.999910 0.000010
0.000010 0.000010 0.000010 0.026139 0.000010 0.000010 0.000010 0.000010 0.136823 0.836968
0.000010 0.000010 0.000010 0.000010 0.000010 0.000010 0.000010 0.000010 0.999910 0.000010
0.000010 0.000010 0.000010 0.000010 0.000010 0.000010 0.000010 0.000010 0.999910 0.000010
0.000010 0.000010 0.000010 0.000010 0.000010 0.000010 0.000010 0.000010 0.577668 0.422252
0.000010 0.000010 0.000010 0.000010 0.040794 0.056509 0.000010 0.000010 0.456336 0.446301
0.000010 0.000010 0.030043 0.000010 0.000016 0.000010 0.000010 0.000010 0.969871 0.000010
0.000010 0.000010 0.000010 0.000010 0.999620 0.000010 0.000010 0.000010 0.000010 0.000300
0.000010 0.000010 0.000010 0.000010 0.000010 0.000010 0.000010 0.000010 0.999910 0.000010
0.000010 0.000010 0.000010 0.000010 0.000010 0.000010 0.999910 0.000010 0.000010 0.000010
0.000010 0.000010 0.000010 0.000010 0.000010 0.000010 0.999910 0.000010 0.000010 0.000010
0.000010 0.000010 0.000010 0.005456 0.000010 0.000010 0.994464 0.000010 0.000010 0.000010
0.000010 0.000010 0.000010 0.000010 0.000010 0.000010 0.999910 0.000010 0.000010 0.000010
