0.000010 0.987422 0.000010 0.000010 0.000010 0.000010 0.000010 0.000010 0.000010 0.000010 0.000010 0.012448 0.000010 0.000010 0.000010
0.000010 0.972121 0.000220 0.000010 0.000010 0.000010 0.000010 0.000010 0.000010 0.027539 0.000010 0.000010 0.000010 0.000010 0.000010
0.000010 0.999860 0.000010 0.000010 0.000010 0.000010 0.000010 0.000010 0.000010 0.000010 0.000010 0.000010 0.000010 0.000010 0.000010
0.011159 0.979309 0.000010 0.000010 0.000010 0.001241 0.005740 0.000010 0.000010 0.000010 0.000010 0.000010 0.000010 0.000010 0.002451
0.000010 0.965936 0.000010 0.000010 0.000010 0.000010 0.000010 0.000010 0.033934 0.000010 0.000010 0.000010 0.000010 0.000010 0.000010
0.000010 0.999860 0.000010 0.000010 0.000010 0.000010 0.000010 0.000010 0.000010 0.000010 0.000010 0.000010 0.000010 0.000010 0.000010
0.000010 0.964044 0.000010 0.000010 0.000010 0.000010 0.000010 0.000010 0.000010 0.000010 0.000010 0.035826 0.000010 0.000010 0.000010
0.000010 0.000010 0.000206 0.026367 0.000010 0.000010 0.000010 0.000010 0.000010 0.016944 0.000010 0.869648 0.000010 0.046627 0.040118
0.000010 0.000010 0.000010 0.000010 0.000010 0.000010 0.000010 0.000010 0.999860 0.000010 0.000010 0.000010 0.000010 0.000010 0.000010
0.000010 0.000010 0.000010 0.000010 0.000010 0.039976 0.000010 0.027278 0.051612 0.105538 0.000010 0.391201 0.000010 0.333452 0.050863
0.000010 0.000010 0.000010 0.000010 0.000010 0.000010 0.000010 0.000010 0.999860 0.000010 0.000010 0.000010 0.000010 0.000010 0.000010
0.000010 0.000010 0.000010 0.000010 0.999860 0.000010 0.000010 0.000010 0.000010 0.000010 0.000010 0.000010 0.000010 0.000010 0.000010
0.000010 0.000010 0.000010 0.183511 0.816359 0.000010 0.000010 0.000010 0.000010 0.000010 0.000010 0.000010 0.000010 0.000010 0.000010
0.000010 0.000010 0.000010 0.000010 0.000010 0.000010 0.000010 0.945833 0.000010 0.000010 0.000010 0.000010 0.000010 0.000010 0.054037
0.000010 0.000010 0.000010 0.000010 0.999860 0.000010 0.000010 0.000010 0.000010 0.000010 0.000010 0.000010 0.000010 0.000010 0.000010
0.000010 0.000010 0.000010 0.000010 0.999860 0.000010 0.000010 0.000010 0.000010 0.000010 0.000010 0.000010 0.000010 0.000010 0.000010
0.000010 0.000010 0.000010 0.000010 0.011825 0.759425 0.000010 0.020654 0.000010 0.034017 0.000010 0.027179 0.000010 0.145671 0.001148
0.000010 0.000012 0.000010 0.000010 0.999852 0.000010 0.000010 0.000010 0.000013 0.000010 0.000012 0.000010 0.000010 0.000010 0.000010
0.000010 0.000010 0.000010 0.000010 0.000010 0.663423 0.000010 0.024289 0.000010 0.029503 0.024234 0.009619 0.000010 0.218636 0.030216
0.000010 0.000010 0.000010 0.000010 0.000010 0.000010 0.000010 0.999860 0.000010 0.000010 0.000010 0.000010 0.000010 0.000010 0.000010
0.000010 0.964121 0.000010 0.000010 0.000010 0.000010 0.015517 0.017552 0.000010 0.000010 0.001688 0.000010 0.000010 0.000010 0.001022
0.000010 0.000010 0.000010 0.000010 0.999860 0.000010 0.000010 0.000010 0.000010 0.000010 0.000010 0.000010 0.000010 0.000010 0.000010
0.000010 0.000010 0.000010 0.000010 0.999860 0.000010 0.000010 0.000010 0.000010 0.000010 0.000010 0.000010 0.000010 0.000010 0.000010
0.000010 0.999860 0.000010 0.000010 0.000010 0.000010 0.000010 0.000010 0.000010 0.000010 0.000010 0.000010 0.000010 0.000010 0.000010
0.000010 0.000010 0.000010 0.032133 0.000010 0.654938 0.018179 0.022954 0.000010 0.015371 0.000010 0.060228 0.006278 0.172958 0.016902
0.000010 0.000010 0.000010 0.000010 0.000010 0.000010 0.000010 0.000017 0.462443 0.146704 0.000010 0.000010 0.000010 0.390725 0.000010
0.000010 0.916421 0.007487 0.010798 0.000010 0.022606 0.000010 0.000010 0.042588 0.000010 0.000010 0.000010 0.000010 0.000010 0.000010
0.000010 0.895823 0.000010 0.006551 0.000010 0.040515 0.000010 0.000010 0.015186 0.013034 0.006920 0.021890 0.000010 0.000010 0.000010
0.000010 0.000010 0.000010 0.000010 0.000010 0.000010 0.000010 0.000010 0.999860 0.000010 0.000010 0.000010 0.000010 0.000010 0.000010
0.000010 0.000010 0.000010 0.000010 0.000010 0.000010 0.000010 0.000010 0.999860 0.000010 0.000010 0.000010 0.000010 0.000010 0.000010
0.000010 0.000010 0.000010 0.000010 0.999860 0.000010 0.000010 0.000010 0.000010 0.000010 0.000010 0.000010 0.000010 0.000010 0.000010
0.000010 0.000010 0.021038 0.000010 0.000010 0.274540 0.000013 0.002807 0.479366 0.042982 0.003563 0.075999 0.000010 0.099632 0.000010
0.000010 0.000010 0.000010 0.000010 0.000010 0.000010 0.000010 0.000010 0.000010 0.000010 0.999860 0.000010 0.000010 0.000010 0.000010
0.000010 0.000010 0.000010 0.000010 0.999860 0.000010 0.000010 0.000010 0.000010 0.000010 0.000010 0.000010 0.000010 0.000010 0.000010
0.000010 0.000010 0.999857 0.000010 0.000010 0.000010 0.000010 0.000010 0.000010 0.000013 0.000010 0.000010 0.000010 0.000010 0.000010
0.000010 0.000010 0.000010 0.000010 0.999860 0.000010 0.000010 0.000010 0.000010 0.000010 0.000010 0.000010 0.000010 0.000010 0.000010
0.000010 0.000010 0.000010 0.000010 0.999860 0.000010 0.000010 0.000010 0.000010 0.000010 0.000010 0.000010 0.000010 0.000010 0.000010
0.000010 0.000010 0.000010 0.000010 0.000010 0.000010 0.000010 0.000010 0.000010 0.000010 0.000010 0.000010 0.000010 0.999860 0.000010
0.000010 0.888805 0.000010 0.000010 0.000010 0.021242 0.014347 0.015256 0.053638 0.006623 0.000010 0.000010 0.000010 0.000010 0.000010
0.000010 0.954612 0.009308 0.012805 0.005858 0.000010 0.000010 0.000010 0.000010 0.000010 0.000010 0.017316 0.000010 0.000010 0.000010
0.000010 0.997232 0.000010 0.000010 0.000010 0.000010 0.000010 0.002638 0.000010 0.000010 0.000010 0.000010 0.000010 0.000010 0.000010
0.000010 0.922640 0.000010 0.000010 0.000010 0.035987 0.000010 0.000010 0.000010 0.023219 0.000010 0.000010 0.000010 0.018045 0.000010
0.000010 0.907793 0.000010 0.000010 0.000010 0.005666 0.000010 0.000010 0.041501 0.007706 0.037234 0.000010 0.000010 0.000010 0.000010
0.000010 0.941078 0.000010 0.000010 0.003456 0.000010 0.000713 0.000010 0.000010 0.000010 0.000010 0.054642 0.000010 0.000010 0.000010
0.021583 0.496164 0.000010 0.001466 0.011478 0.420231 0.000010 0.008390 0.000010 0.040608 0.000010 0.000010 0.000010 0.000010 0.000010
0.000010 0.000010 0.000010 0.169430 0.000010 0.000010 0.000010 0.000010 0.000010 0.000010 0.000010 0.000010 0.830440 0.000010 0.000010
0.000010 0.000010 0.000010 0.000010 0.999860 0.000010 0.000010 0.000010 0.000010 0.000010 0.000010 0.000010 0.000010 0.000010 0.000010
0.026301 0.000010 0.000010 0.089081 0.200986 0.000010 0.000010 0.000010 0.000010 0.000010 0.000010 0.000010 0.683522 0.000010 0.000010
0.000010 0.000010 0.000010 0.022030 0.977840 0.000010 0.000010 0.000010 0.000010 0.000010 0.000010 0.000010 0.000010 0.000010 0.000010
0.000010 0.000010 0.000010 0.048043 0.517234 0.000010 0.000010 0.000010 0.000010 0.000010 0.000010 0.000010 0.434603 0.000010 0.000010
0.000010 0.000010 0.000010 0.000010 0.000010 0.000010 0.000010 0.000010 0.000010 0.000010 0.000010 0.000010 0.999860 0.000010 0.000010
0.000010 0.000010 0.000010 0.000010 0.255805 0.000010 0.000010 0.000010 0.000010 0.000010 0.000010 0.000010 0.744065 0.000010 0.000010
0.000010 0.999860 0.000010 0.000010 0.000010 0.000010 0.000010 0.000010 0.000010 0.000010 0.000010 0.000010 0.000010 0.000010 0.000010
0.221928 0.135670 0.007718 0.009243 0.000010 0.000010 0.026696 0.109792 0.208001 0.018464 0.024993 0.059867 0.027540 0.142841 0.007225
0.000010 0.999860 0.000010 0.000010 0.000010 0.000010 0.000010 0.000010 0.000010 0.000010 0.000010 0.000010 0.000010 0.000010 0.000010
0.000010 0.963574 0.000010 0.000010 0.000010 0.000010 0.036296 0.000010 0.000010 0.000010 0.000010 0.000010 0.000010 0.000010 0.000010
0.000010 0.892317 0.000010 0.000010 0.000010 0.034626 0.000010 0.000010 0.069249 0.000010 0.000010 0.003699 0.000010 0.000010 0.000010
0.000010 0.996167 0.003703 0.000010 0.000010 0.000010 0.000010 0.000010 0.000010 0.000010 0.000010 0.000010 0.000010 0.000010 0.000010
0.000010 0.000010 0.000010 0.088604 0.350785 0.000010 0.000010 0.000010 0.000010 0.000010 0.000010 0.000010 0.560492 0.000010 0.000010
0.000010 0.000010 0.000010 0.000010 0.000010 0.000010 0.000010 0.000010 0.000010 0.000010 0.000010 0.000010 0.999860 0.000010 0.000010
0.000010 0.000010 0.000010 0.000010 0.000010 0.000010 0.000010 0.000010 0.000010 0.000010 0.000010 0.000010 0.999860 0.000010 0.000010
0.000010 0.000010 0.000010 0.029857 0.373167 0.000010 0.000010 0.000010 0.000010 0.000010 0.000010 0.000010 0.596856 0.000010 0.000010
0.119087 0.000010 0.051142 0.028409 0.000010 0.000010 0.000010 0.000010 0.019662 0.000010 0.781600 0.000010 0.000010 0.000010 0.000010
0.000010 0.999860 0.000010 0.000010 0.000010 0.000010 0.000010 0.000010 0.000010 0.000010 0.000010 0.000010 0.000010 0.000010 0.000010
0.000010 0.999853 0.000010 0.000010 0.000010 0.000010 0.000010 0.000010 0.000017 0.000010 0.000010 0.000010 0.000010 0.000010 0.000010
0.126334 0.121765 0.021629 0.043078 0.000010 0.000010 0.039929 0.045935 0.292069 0.000010 0.000010 0.147281 0.000010 0.157980 0.003950
0.000010 0.000010 0.792581 0.000010 0.000010 0.000010 0.000010 0.000010 0.000010 0.000010 0.207289 0.000010 0.000010 0.000010 0.000010
0.000010 0.000010 0.000010 0.000010 0.000010 0.000010 0.000010 0.383595 0.000010 0.000010 0.000010 0.000010 0.000010 0.000010 0.616275
0.000010 0.000010 0.000010 0.083703 0.374678 0.000010 0.000010 0.034378 0.000010 0.000010 0.000010 0.000010 0.507132 0.000010 0.000010
0.000010 0.000010 0.000010 0.053350 0.000010 0.000010 0.000010 0.040872 0.000010 0.000010 0.000010 0.000010 0.905658 0.000010 0.000010
0.000010 0.000010 0.000010 0.000010 0.000010 0.957680 0.000010 0.000010 0.000010 0.000010 0.000010 0.042190 0.000010 0.000010 0.000010
0.000010 0.000010 0.000314 0.074963 0.411784 0.000010 0.000010 0.000010 0.000010 0.000010 0.000010 0.000010 0.512829 0.000010 0.000010
0.000010 0.000010 0.000010 0.000010 0.452467 0.000010 0.000010 0.000010 0.000010 0.000010 0.000010 0.000010 0.547403 0.000010 0.000010
0.000010 0.000010 0.000010 0.000010 0.361004 0.000010 0.000010 0.000010 0.000010 0.000010 0.000010 0.000010 0.638866 0.000010 0.000010
0.000010 0.000010 0.000010 0.000010 0.000010 0.000010 0.000010 0.000010 0.000010 0.000010 0.615768 0.384102 0.000010 0.000010 0.000010
0.048929 0.000010 0.608504 0.000010 0.000010 0.000010 0.000010 0.000010 0.000010 0.000010 0.247902 0.000010 0.000010 0.000010 0.094554
0.000010 0.000010 0.000010 0.000010 0.000010 0.000010 0.000010 0.000010 0.000010 0.000010 0.000010 0.999860 0.000010 0.000010 0.000010
0.000010 0.000010 0.000010 0.000010 0.000010 0.000010 0.000010 0.000010 0.999860 0.000010 0.000010 0.000010 0.000010 0.000010 0.000010
0.000010 0.000010 0.000010 0.000010 0.000010 0.000010 0.000010 0.000010 0.000010 0.000010 0.000010 0.999860 0.000010 0.000010 0.000010
0.216003 0.000010 0.353290 0.000010 0.000010 0.000010 0.080747 0.000010 0.019799 0.000010 0.330060 0.000010 0.000010 0.000010 0.000010
0.000010 0.000010 0.000010 0.000010 0.000010 0.000010 0.000010 0.000010 0.000010 0.000010 0.000010 0.999860 0.000010 0.000010 0.000010
0.000010 0.000010 0.487960 0.000010 0.000010 0.000010 0.000010 0.000010 0.238125 0.000010 0.272094 0.000010 0.000010 0.000010 0.001712
0.000010 0.000010 0.000010 0.000010 0.999860 0.000010 0.000010 0.000010 0.000010 0.000010 0.000010 0.000010 0.000010 0.000010 0.000010
0.000010 0.000010 0.000010 0.000010 0.915118 0.000010 0.000010 0.000010 0.000010 0.000010 0.000010 0.000010 0.084752 0.000010 0.000010
0.000010 0.000010 0.000010 0.000010 0.351941 0.000010 0.000010 0.000010 0.000010 0.000010 0.000010 0.000010 0.647929 0.000010 0.000010
0.000010 0.000010 0.000010 0.000010 0.000010 0.000010 0.000010 0.000010 0.000010 0.000010 0.000010 0.000010 0.000010 0.000010 0.999860
0.000010 0.000010 0.000010 0.000010 0.000010 0.000010 0.000010 0.000010 0.000010 0.000010 0.000010 0.999860 0.000010 0.000010 0.000010
0.000010 0.000010 0.000010 0.000010 0.634152 0.000010 0.000010 0.000010 0.000010 0.000010 0.000010 0.000010 0.365718 0.000010 0.000010
0.000010 0.055798 0.000010 0.000010 0.000010 0.799960 0.016644 0.000010 0.000010 0.027007 0.000010 0.015252 0.000010 0.085249 0.000010
0.000010 0.000010 0.000010 0.000010 0.000010 0.000010 0.000010 0.000010 0.000010 0.000010 0.000010 0.000010 0.999860 0.000010 0.000010
0.000010 0.000010 0.000010 0.000010 0.000010 0.000010 0.000010 0.028728 0.000010 0.000010 0.000010 0.854393 0.000010 0.083627 0.033142
0.000010 0.000010 0.000010 0.000010 0.000010 0.000010 0.000010 0.000010 0.000010 0.000010 0.000010 0.999860 0.000010 0.000010 0.000010
0.000010 0.000010 0.000010 0.039328 0.000010 0.071238 0.000010 0.000010 0.000010 0.000010 0.000010 0.887182 0.000010 0.000010 0.002141
0.103515 0.000010 0.000010 0.000010 0.000010 0.000010 0.043896 0.000010 0.074230 0.000010 0.778248 0.000010 0.000010 0.000010 0.000010
0.000010 0.000010 0.000010 0.000010 0.000010 0.000010 0.000010 0.000010 0.999860 0.000010 0.000010 0.000010 0.000010 0.000010 0.000010
0.000010 0.000010 0.000010 0.000010 0.195745 0.000010 0.000010 0.000010 0.000010 0.000010 0.000010 0.000010 0.804125 0.000010 0.000010
0.000010 0.000010 0.000010 0.000010 0.000010 0.000010 0.000010 0.000010 0.000010 0.000010 0.000010 0.000010 0.999860 0.000010 0.000010
0.030520 0.121905 0.000010 0.001239 0.000010 0.000010 0.000010 0.000010 0.751006 0.014981 0.000010 0.080259 0.000010 0.000010 0.000010
0.000010 0.000010 0.000010 0.000010 0.000010 0.741473 0.000010 0.000010 0.073027 0.006871 0.000010 0.000010 0.022997 0.155531 0.000010
0.000010 0.000010 0.000010 0.000010 0.000010 0.000010 0.000010 0.000010 0.551018 0.000010 0.000010 0.448852 0.000010 0.000010 0.000010
0.000010 0.000010 0.000010 0.000010 0.000010 0.000010 0.000010 0.472140 0.000010 0.000010 0.494824 0.000010 0.000010 0.000010 0.032916
0.000010 0.000010 0.000010 0.999860 0.000010 0.000010 0.000010 0.000010 0.000010 0.000010 0.000010 0.000010 0.000010 0.000010 0.000010
0.000010 0.000010 0.000010 0.000010 0.000010 0.000010 0.999860 0.000010 0.000010 0.000010 0.000010 0.000010 0.000010 0.000010 0.000010
0.000010 0.010445 0.000010 0.000010 0.037472 0.442079 0.000010 0.000010 0.462112 0.000010 0.000010 0.047792 0.000010 0.000010 0.000010
0.000010 0.502536 0.000010 0.000010 0.000010 0.482705 0.000010 0.000010 0.000010 0.000010 0.000010 0.000010 0.000010 0.014639 0.000010
0.000010 0.000010 0.000010 0.000010 0.000010 0.999860 0.000010 0.000010 0.000010 0.000010 0.000010 0.000010 0.000010 0.000010 0.000010
0.013531 0.043388 0.000010 0.000010 0.000010 0.283101 0.000010 0.000010 0.619680 0.032420 0.000010 0.000010 0.000010 0.007790 0.000010
0.000010 0.000010 0.000010 0.000010 0.000010 0.399219 0.046433 0.015739 0.490057 0.000010 0.000010 0.048453 0.000010 0.000010 0.000010
0.000010 0.000010 0.000010 0.000010 0.000010 0.467174 0.000010 0.000010 0.519147 0.000010 0.000010 0.000010 0.000010 0.013559 0.000010
0.000010 0.000010 0.000010 0.021942 0.000010 0.863614 0.000010 0.006686 0.080111 0.000010 0.000010 0.000010 0.000010 0.027547 0.000010
0.000010 0.001392 0.527579 0.040484 0.000010 0.033778 0.027581 0.039278 0.000010 0.028105 0.054257 0.140811 0.004912 0.093459 0.008336
0.031096 0.030840 0.000010 0.000010 0.000010 0.000010 0.109307 0.000010 0.713256 0.000010 0.115399 0.000010 0.000013 0.000010 0.000010
0.000010 0.000010 0.159882 0.080134 0.000010 0.000010 0.000010 0.489563 0.000010 0.000010 0.000010 0.270312 0.000010 0.000010 0.000010
0.000010 0.000010 0.485455 0.000010 0.000010 0.000010 0.000010 0.064552 0.000010 0.000010 0.449873 0.000010 0.000010 0.000010 0.000010
0.000010 0.000010 0.001058 0.000010 0.042259 0.000010 0.000010 0.000010 0.354821 0.000010 0.018919 0.582842 0.000010 0.000010 0.000010
0.000010 0.465497 0.000010 0.000010 0.000010 0.000010 0.000010 0.000010 0.000010 0.000010 0.000010 0.534373 0.000010 0.000010 0.000010
0.180560 0.000010 0.323908 0.000010 0.000010 0.000010 0.000010 0.056778 0.000010 0.327133 0.000010 0.000010 0.027985 0.081251 0.002305
0.000010 0.000010 0.000010 0.000010 0.000010 0.000010 0.023848 0.012421 0.046774 0.299910 0.000010 0.000010 0.013506 0.575572 0.027890
0.000010 0.000010 0.000010 0.000010 0.000010 0.000010 0.000010 0.026156 0.000010 0.294281 0.000010 0.000010 0.000010 0.679444 0.000010
0.003594 0.168920 0.233281 0.000010 0.018673 0.019959 0.000010 0.258706 0.144993 0.000010 0.000010 0.137053 0.003255 0.011516 0.000010
0.000010 0.000010 0.000010 0.000010 0.000010 0.000010 0.000010 0.000010 0.000010 0.326835 0.000010 0.000010 0.000010 0.636220 0.036825
0.000010 0.000010 0.019985 0.000010 0.000010 0.000010 0.000010 0.000010 0.473521 0.140660 0.000010 0.025122 0.000010 0.313398 0.027225
0.000010 0.000010 0.000010 0.000010 0.000010 0.000010 0.004012 0.033703 0.000010 0.368468 0.000010 0.000010 0.000010 0.553438 0.040279
0.079091 0.000010 0.121869 0.000010 0.000010 0.195391 0.034330 0.000010 0.000010 0.072278 0.000010 0.000010 0.029241 0.462263 0.005468
0.171908 0.000010 0.000010 0.000010 0.000010 0.000010 0.247083 0.000010 0.301536 0.000010 0.279363 0.000010 0.000010 0.000010 0.000010
0.022971 0.757294 0.000010 0.000010 0.000010 0.059156 0.006961 0.000010 0.107396 0.012149 0.000010 0.000925 0.033077 0.000010 0.000010
0.000010 0.355615 0.000010 0.000010 0.000010 0.064055 0.010376 0.000010 0.406228 0.000010 0.000010 0.163626 0.000010 0.000010 0.000010
0.052813 0.000010 0.000010 0.000010 0.000010 0.000010 0.000010 0.000010 0.000010 0.046137 0.000010 0.432504 0.000010 0.468436 0.000010
0.000010 0.000010 0.000010 0.000010 0.000010 0.000010 0.000010 0.000010 0.590055 0.000010 0.000010 0.409815 0.000010 0.000010 0.000010
0.000010 0.000010 0.000010 0.000010 0.000010 0.000010 0.000010 0.000010 0.000010 0.000010 0.000010 0.999860 0.000010 0.000010 0.000010
0.000010 0.000010 0.000010 0.000010 0.000010 0.000010 0.000010 0.000010 0.537056 0.013418 0.000010 0.435990 0.007327 0.006109 0.000010
0.000010 0.000010 0.007791 0.000010 0.000010 0.043117 0.000010 0.000010 0.081592 0.000010 0.000010 0.279297 0.000010 0.588103 0.000010
0.000010 0.000010 0.003042 0.000010 0.000010 0.000010 0.000010 0.009576 0.307931 0.039071 0.000010 0.640280 0.000010 0.000010 0.000010
0.000010 0.000010 0.015126 0.000010 0.000010 0.000010 0.000010 0.000010 0.116151 0.000010 0.000010 0.321212 0.000010 0.527573 0.019838
0.000010 0.000010 0.000010 0.000010 0.000010 0.000010 0.000010 0.126157 0.000010 0.000010 0.085046 0.000010 0.000010 0.000010 0.788677
0.000010 0.000010 0.000010 0.000010 0.000010 0.000010 0.000017 0.000010 0.000010 0.000010 0.999853 0.000010 0.000010 0.000010 0.000010
0.000010 0.000010 0.269377 0.000010 0.000010 0.000010 0.000010 0.730493 0.000010 0.000010 0.000010 0.000010 0.000010 0.000010 0.000010
0.000010 0.000010 0.448099 0.009588 0.000010 0.006367 0.025980 0.361357 0.049494 0.000010 0.099035 0.000010 0.000010 0.000010 0.000010
0.000010 0.032496 0.283617 0.019809 0.000010 0.000010 0.000010 0.224733 0.033076 0.000010 0.000010 0.394446 0.000010 0.011743 0.000010
0.000010 0.000010 0.000010 0.000010 0.000010 0.000010 0.999860 0.000010 0.000010 0.000010 0.000010 0.000010 0.000010 0.000010 0.000010
0.052492 0.000010 0.024824 0.000010 0.047817 0.057177 0.048441 0.369728 0.098095 0.040684 0.168021 0.021693 0.000010 0.020399 0.050598
0.000010 0.479062 0.000010 0.000010 0.000010 0.000010 0.000010 0.407166 0.000010 0.000010 0.048725 0.000010 0.017272 0.032933 0.014752
0.000010 0.000010 0.000010 0.000010 0.011006 0.000010 0.000010 0.000010 0.000010 0.000010 0.000010 0.000010 0.000010 0.978157 0.010716
0.037291 0.000010 0.000010 0.000010 0.000010 0.009279 0.000010 0.494038 0.056115 0.013222 0.315915 0.039840 0.034232 0.000010 0.000010
0.055200 0.000010 0.000010 0.005266 0.001053 0.000010 0.000010 0.019334 0.000010 0.000010 0.000010 0.000010 0.000010 0.859307 0.059751
0.000010 0.000010 0.000010 0.000010 0.000010 0.000010 0.000010 0.999860 0.000010 0.000010 0.000010 0.000010 0.000010 0.000010 0.000010
0.000010 0.000010 0.000010 0.000010 0.000010 0.000010 0.000010 0.999860 0.000010 0.000010 0.000010 0.000010 0.000010 0.000010 0.000010
0.000010 0.000010 0.000010 0.011087 0.000010 0.497786 0.000010 0.000010 0.000010 0.000010 0.000010 0.000010 0.000010 0.470715 0.020302
0.000010 0.000010 0.000010 0.000010 0.000010 0.000010 0.000010 0.000010 0.000010 0.025661 0.000010 0.000010 0.000010 0.974209 0.000010
0.000010 0.009333 0.339301 0.079863 0.000010 0.013760 0.000010 0.000010 0.000010 0.008570 0.061294 0.325008 0.000010 0.040818 0.121993
0.419746 0.000010 0.016434 0.000010 0.002188 0.000010 0.000010 0.553761 0.000010 0.000010 0.007771 0.000010 0.000010 0.000010 0.000010
0.000010 0.000010 0.000010 0.000010 0.000010 0.000010 0.000010 0.000010 0.000010 0.000010 0.000010 0.000010 0.000010 0.999860 0.000010
0.000010 0.000010 0.000010 0.000010 0.000010 0.000010 0.000010 0.000010 0.000010 0.000010 0.000010 0.000010 0.000010 0.999860 0.000010
0.000010 0.000010 0.020106 0.000010 0.000010 0.000010 0.000010 0.001128 0.000010 0.101661 0.000010 0.000010 0.000010 0.876995 0.000010
0.000010 0.000010 0.179185 0.024677 0.000010 0.000010 0.000010 0.520147 0.000010 0.000010 0.000010 0.275881 0.000010 0.000010 0.000010
0.000010 0.000010 0.015512 0.000010 0.000010 0.000010 0.000010 0.000010 0.000010 0.008934 0.000010 0.000010 0.000010 0.975434 0.000010
0.000010 0.000010 0.000010 0.000010 0.000010 0.000010 0.000010 0.000010 0.000010 0.000010 0.000010 0.000010 0.000010 0.999860 0.000010
0.000010 0.000010 0.016029 0.000010 0.000010 0.021182 0.000010 0.014690 0.058987 0.217798 0.000010 0.000010 0.000010 0.671224 0.000010
0.000010 0.809342 0.000010 0.023829 0.000010 0.013235 0.039452 0.000010 0.034048 0.000010 0.000010 0.080004 0.000010 0.000010 0.000010
0.000010 0.000010 0.000010 0.000010 0.000010 0.010467 0.039178 0.071651 0.058242 0.190969 0.000010 0.098502 0.000010 0.490649 0.040272
0.000010 0.000010 0.000010 0.000010 0.000010 0.000010 0.000010 0.000010 0.000010 0.000010 0.000010 0.000010 0.000010 0.000010 0.999860
0.000010 0.000010 0.000010 0.000010 0.000010 0.066186 0.000010 0.000010 0.000010 0.000010 0.000010 0.000010 0.000010 0.933684 0.000010
0.000010 0.000010 0.000010 0.000010 0.000010 0.017883 0.000010 0.000010 0.000010 0.000010 0.000010 0.000010 0.000010 0.981987 0.000010
0.000010 0.000010 0.000010 0.000010 0.000010 0.000010 0.000010 0.000010 0.000010 0.000010 0.000010 0.000010 0.000010 0.999860 0.000010
0.000010 0.000010 0.000010 0.000010 0.000010 0.000010 0.000010 0.999859 0.000010 0.000010 0.000011 0.000010 0.000010 0.000010 0.000010
0.000010 0.948701 0.000010 0.000010 0.000010 0.000010 0.027702 0.016366 0.000010 0.000010 0.007122 0.000010 0.000010 0.000010 0.000010
0.000010 0.000010 0.000010 0.005686 0.000010 0.012961 0.000010 0.000010 0.000010 0.020138 0.000010 0.879626 0.000010 0.027707 0.053791
0.999858 0.000012 0.000010 0.000010 0.000010 0.000010 0.000010 0.000010 0.000010 0.000010 0.000010 0.000010 0.000010 0.000010 0.000010
0.000010 0.000010 0.012307 0.012304 0.000010 0.000010 0.000010 0.428367 0.415581 0.038552 0.004626 0.088182 0.000010 0.000010 0.000010
0.000010 0.000010 0.853545 0.000010 0.000010 0.000010 0.000010 0.146325 0.000010 0.000010 0.000010 0.000010 0.000010 0.000010 0.000010
0.253964 0.000010 0.740805 0.000010 0.000010 0.000010 0.000012 0.000010 0.000010 0.000010 0.005110 0.000010 0.000010 0.000010 0.000010
0.018715 0.000010 0.000010 0.000010 0.000010 0.000010 0.028096 0.244155 0.287381 0.000010 0.421553 0.000010 0.000010 0.000010 0.000010
0.000010 0.000010 0.000010 0.000010 0.000010 0.000010 0.000010 0.240323 0.000010 0.000010 0.000010 0.000010 0.000010 0.000010 0.759547
0.000010 0.000010 0.542403 0.000010 0.066319 0.000010 0.000010 0.354021 0.000010 0.000010 0.000010 0.000010 0.000010 0.025644 0.011513
0.129514 0.000010 0.000010 0.013008 0.000010 0.007204 0.104305 0.000010 0.295575 0.030542 0.417584 0.000010 0.002197 0.000010 0.000010
0.000010 0.930635 0.000010 0.000010 0.000010 0.000010 0.034181 0.000010 0.000010 0.031465 0.000010 0.003608 0.000010 0.000010 0.000010
0.000010 0.000010 0.167334 0.456483 0.098792 0.000010 0.000665 0.000010 0.028465 0.000010 0.005309 0.130514 0.000010 0.000010 0.112367
0.000010 0.000010 0.362609 0.000010 0.000010 0.000010 0.000010 0.086680 0.000010 0.000010 0.550590 0.000010 0.000010 0.000010 0.000010
0.000010 0.000010 0.000010 0.000010 0.000010 0.000010 0.000010 0.999860 0.000010 0.000010 0.000010 0.000010 0.000010 0.000010 0.000010
0.104014 0.000010 0.558952 0.000010 0.000010 0.000010 0.007397 0.229548 0.000010 0.000010 0.099988 0.000010 0.000010 0.000010 0.000010
0.000010 0.000010 0.000010 0.033684 0.000010 0.000010 0.000010 0.947241 0.000010 0.000010 0.000010 0.000010 0.000010 0.000010 0.018955
0.000010 0.000010 0.000010 0.999860 0.000010 0.000010 0.000010 0.000010 0.000010 0.000010 0.000010 0.000010 0.000010 0.000010 0.000010
0.000010 0.000010 0.422146 0.000010 0.000010 0.000010 0.000010 0.513926 0.000010 0.000010 0.000010 0.000010 0.000010 0.000010 0.063809
0.000010 0.000010 0.454203 0.000010 0.000010 0.000010 0.000010 0.545667 0.000010 0.000010 0.000010 0.000010 0.000010 0.000010 0.000010
0.000010 0.000010 0.305527 0.000010 0.000010 0.000010 0.000010 0.694343 0.000010 0.000010 0.000010 0.000010 0.000010 0.000010 0.000010
0.000010 0.000010 0.000010 0.999860 0.000010 0.000010 0.000010 0.000010 0.000010 0.000010 0.000010 0.000010 0.000010 0.000010 0.000010
0.000010 0.000010 0.000010 0.999860 0.000010 0.000010 0.000010 0.000010 0.000010 0.000010 0.000010 0.000010 0.000010 0.000010 0.000010
0.000010 0.000010 0.000010 0.132699 0.370617 0.000010 0.000010 0.000010 0.000010 0.000010 0.000010 0.000010 0.496563 0.000010 0.000010
0.000010 0.000010 0.000010 0.999860 0.000010 0.000010 0.000010 0.000010 0.000010 0.000010 0.000010 0.000010 0.000010 0.000010 0.000010
0.000010 0.000010 0.000010 0.999860 0.000010 0.000010 0.000010 0.000010 0.000010 0.000010 0.000010 0.000010 0.000010 0.000010 0.000010
0.000010 0.000010 0.000010 0.999860 0.000010 0.000010 0.000010 0.000010 0.000010 0.000010 0.000010 0.000010 0.000010 0.000010 0.000010
0.000010 0.999860 0.000010 0.000010 0.000010 0.000010 0.000010 0.000010 0.000010 0.000010 0.000010 0.000010 0.000010 0.000010 0.000010
0.219241 0.117114 0.000010 0.043422 0.000010 0.004286 0.000010 0.096354 0.000010 0.000010 0.000019 0.113066 0.000010 0.180710 0.225727
0.000010 0.000010 0.000010 0.000010 0.000010 0.000010 0.000010 0.000010 0.074383 0.000010 0.000010 0.907077 0.000010 0.000010 0.018420
0.000010 0.000010 0.000010 0.000010 0.000010 0.000010 0.000010 0.000010 0.000010 0.000010 0.000010 0.000010 0.000010 0.999860 0.000010
0.051158 0.000010 0.493003 0.000010 0.000010 0.000010 0.000010 0.455719 0.000010 0.000010 0.000010 0.000010 0.000010 0.000010 0.000010
0.353897 0.000010 0.000010 0.483776 0.162207 0.000010 0.000010 0.000010 0.000010 0.000010 0.000010 0.000010 0.000010 0.000010 0.000010
0.999860 0.000010 0.000010 0.000010 0.000010 0.000010 0.000010 0.000010 0.000010 0.000010 0.000010 0.000010 0.000010 0.000010 0.000010
0.000010 0.000010 0.000010 0.000010 0.000010 0.000010 0.000010 0.000010 0.991269 0.000010 0.000010 0.000010 0.000010 0.000010 0.008601
0.000010 0.000010 0.000010 0.000010 0.000010 0.000010 0.000010 0.000010 0.999860 0.000010 0.000010 0.000010 0.000010 0.000010 0.000010
0.000010 0.000010 0.000010 0.000010 0.000010 0.000010 0.000010 0.000010 0.000010 0.999859 0.000010 0.000011 0.000010 0.000010 0.000010
0.000010 0.000010 0.000010 0.000010 0.000010 0.000010 0.000010 0.000010 0.000010 0.999860 0.000010 0.000010 0.000010 0.000010 0.000010
0.000010 0.182681 0.000010 0.010676 0.000010 0.045363 0.000010 0.014931 0.601443 0.000010 0.008871 0.126366 0.000010 0.000010 0.009599
0.000010 0.000010 0.000010 0.000010 0.000010 0.000010 0.000010 0.000010 0.000010 0.000010 0.000010 0.000010 0.000010 0.000010 0.999860
0.000010 0.000010 0.000010 0.000010 0.413563 0.000010 0.000010 0.000010 0.000010 0.000010 0.000010 0.000010 0.586307 0.000010 0.000010
0.000010 0.000010 0.323036 0.000010 0.000010 0.015343 0.015353 0.155719 0.000010 0.119597 0.000010 0.059347 0.000010 0.262994 0.048541
0.029379 0.000010 0.000010 0.000010 0.000010 0.000010 0.000010 0.000010 0.115199 0.000010 0.000010 0.244764 0.000010 0.610548 0.000010
0.000010 0.053447 0.000010 0.000010 0.000014 0.019716 0.000010 0.000010 0.283448 0.011712 0.000010 0.629822 0.000010 0.000010 0.001762
0.000010 0.000010 0.000010 0.000010 0.000010 0.000010 0.000010 0.000010 0.262432 0.000010 0.000010 0.704955 0.000010 0.032493 0.000010
0.000010 0.000010 0.000010 0.000010 0.000010 0.000010 0.000010 0.999860 0.000010 0.000010 0.000010 0.000010 0.000010 0.000010 0.000010
0.000010 0.062129 0.000010 0.007794 0.000010 0.000010 0.000010 0.000010 0.521216 0.000010 0.000010 0.408751 0.000010 0.000010 0.000010
0.000010 0.000010 0.000010 0.000010 0.000010 0.000010 0.000010 0.000010 0.999860 0.000010 0.000010 0.000010 0.000010 0.000010 0.000010
0.999860 0.000010 0.000010 0.000010 0.000010 0.000010 0.000010 0.000010 0.000010 0.000010 0.000010 0.000010 0.000010 0.000010 0.000010
0.000010 0.000010 0.000010 0.000010 0.000010 0.000010 0.000010 0.000010 0.000010 0.999860 0.000010 0.000010 0.000010 0.000010 0.000010
0.000010 0.000010 0.000010 0.000010 0.000010 0.000010 0.000010 0.000010 0.000010 0.999860 0.000010 0.000010 0.000010 0.000010 0.000010
0.000010 0.000010 0.000010 0.000010 0.000010 0.000010 0.000010 0.000010 0.000010 0.999860 0.000010 0.000010 0.000010 0.000010 0.000010
0.000010 0.000010 0.000010 0.000010 0.000010 0.000010 0.403164 0.000010 0.000010 0.596706 0.000010 0.000010 0.000010 0.000010 0.000010
0.000010 0.000010 0.918141 0.000010 0.000010 0.000010 0.000010 0.000010 0.000010 0.000010 0.000010 0.000010 0.000010 0.000010 0.081729
0.000010 0.000010 0.000010 0.000010 0.000010 0.000010 0.000010 0.999860 0.000010 0.000010 0.000010 0.000010 0.000010 0.000010 0.000010
0.407493 0.000010 0.007062 0.000010 0.056549 0.000010 0.000010 0.477112 0.000010 0.000010 0.051684 0.000010 0.000010 0.000010 0.000010
0.000010 0.000012 0.000010 0.000010 0.000010 0.000010 0.000010 0.999858 0.000010 0.000010 0.000010 0.000010 0.000010 0.000010 0.000010
0.000010 0.000010 0.000010 0.000010 0.000010 0.000010 0.000010 0.999860 0.000010 0.000010 0.000010 0.000010 0.000010 0.000010 0.000010
0.000010 0.000010 0.000010 0.027371 0.000010 0.000010 0.000010 0.817486 0.000010 0.000010 0.000010 0.000010 0.130878 0.000010 0.024156
0.000010 0.000010 0.000010 0.000010 0.000010 0.000010 0.000010 0.999860 0.000010 0.000010 0.000010 0.000010 0.000010 0.000010 0.000010
0.203932 0.000010 0.028711 0.000010 0.070680 0.006594 0.000010 0.003132 0.000010 0.513133 0.023448 0.000010 0.000010 0.000010 0.150301
0.440660 0.000010 0.030539 0.000010 0.058564 0.000010 0.000010 0.446603 0.000010 0.000010 0.023535 0.000010 0.000010 0.000010 0.000010
0.000011 0.000010 0.000010 0.000010 0.000010 0.000010 0.000010 0.999859 0.000010 0.000010 0.000010 0.000010 0.000010 0.000010 0.000010
0.186982 0.000010 0.039376 0.000010 0.000010 0.000010 0.000010 0.000010 0.000010 0.000010 0.773521 0.000010 0.000010 0.000010 0.000010
0.000010 0.000010 0.000010 0.000010 0.000010 0.000010 0.000010 0.000010 0.000010 0.000010 0.999860 0.000010 0.000010 0.000010 0.000010
0.000010 0.000010 0.000010 0.000010 0.000010 0.000010 0.000010 0.000010 0.000010 0.000010 0.999860 0.000010 0.000010 0.000010 0.000010
0.000010 0.000010 0.000010 0.000010 0.000010 0.000010 0.000010 0.999860 0.000010 0.000010 0.000010 0.000010 0.000010 0.000010 0.000010
0.000012 0.000010 0.000010 0.000010 0.000017 0.000010 0.000010 0.999851 0.000010 0.000010 0.000010 0.000010 0.000010 0.000010 0.000010
0.000010 0.000010 0.000010 0.000010 0.000010 0.000010 0.048352 0.084463 0.000010 0.166019 0.000010 0.116623 0.019505 0.488329 0.076629
0.000010 0.000010 0.002398 0.000010 0.000010 0.000010 0.061223 0.039905 0.053846 0.103734 0.000010 0.056142 0.000010 0.589919 0.092763
0.052411 0.028137 0.000010 0.000010 0.000010 0.023741 0.000010 0.263604 0.020836 0.000010 0.373417 0.065850 0.000010 0.063768 0.108175
0.000010 0.000010 0.000010 0.000010 0.000010 0.000010 0.999860 0.000010 0.000010 0.000010 0.000010 0.000010 0.000010 0.000010 0.000010
0.000010 0.000010 0.000010 0.000010 0.000010 0.000010 0.042014 0.086231 0.008923 0.503097 0.004199 0.008721 0.000010 0.311008 0.035737
0.000010 0.000010 0.102272 0.081185 0.000010 0.000010 0.000010 0.341825 0.000010 0.000010 0.402339 0.000010 0.008085 0.000010 0.064204
0.000010 0.886700 0.000010 0.000010 0.000010 0.039932 0.006977 0.000010 0.052366 0.000010 0.000010 0.000010 0.000010 0.000010 0.013925
0.000010 0.211833 0.000010 0.000010 0.000010 0.557859 0.000010 0.023729 0.011369 0.006118 0.000010 0.176059 0.000010 0.012954 0.000010
0.000010 0.000010 0.016966 0.055924 0.000010 0.926740 0.000010 0.000260 0.000010 0.000010 0.000010 0.000010 0.000010 0.000010 0.000010
0.000010 0.763576 0.000010 0.000010 0.000010 0.015814 0.014889 0.000010 0.064994 0.000010 0.000010 0.140627 0.000010 0.000010 0.000010
0.000010 0.000010 0.003713 0.000010 0.000010 0.000010 0.006547 0.000010 0.038362 0.000010 0.014859 0.911713 0.000010 0.000010 0.024716
0.027740 0.526607 0.000010 0.000010 0.000010 0.337336 0.002752 0.003407 0.000010 0.040224 0.000010 0.036176 0.000010 0.025689 0.000010
0.000010 0.400006 0.000010 0.000010 0.000010 0.562308 0.000010 0.000010 0.037566 0.000010 0.000010 0.000010 0.000010 0.000010 0.000010
0.000010 0.000010 0.017891 0.000010 0.000010 0.846076 0.000010 0.000010 0.000010 0.000010 0.000010 0.000010 0.000010 0.135912 0.000010
0.000010 0.000010 0.999854 0.000010 0.000010 0.000010 0.000010 0.000011 0.000010 0.000015 0.000010 0.000010 0.000010 0.000010 0.000010
0.000010 0.000010 0.000010 0.000010 0.000010 0.999860 0.000010 0.000010 0.000010 0.000010 0.000010 0.000010 0.000010 0.000010 0.000010
0.000010 0.000010 0.875704 0.000010 0.000010 0.000010 0.000010 0.124166 0.000010 0.000010 0.000010 0.000010 0.000010 0.000010 0.000010
0.000010 0.000010 0.000010 0.000010 0.000010 0.999860 0.000010 0.000010 0.000010 0.000010 0.000010 0.000010 0.000010 0.000010 0.000010
0.000010 0.000010 0.000010 0.000010 0.000010 0.000010 0.000010 0.000010 0.000010 0.000010 0.000010 0.000010 0.999860 0.000010 0.000010
0.000010 0.000010 0.017000 0.000010 0.200051 0.000010 0.000010 0.002985 0.000010 0.000010 0.000010 0.000010 0.774681 0.000010 0.005184
0.000010 0.000010 0.000010 0.000010 0.000010 0.000010 0.000010 0.000010 0.000010 0.000010 0.000010 0.000010 0.999860 0.000010 0.000010
0.005985 0.000010 0.414251 0.000010 0.017595 0.000010 0.003217 0.073678 0.151591 0.000010 0.333605 0.000010 0.000010 0.000010 0.000010
0.000010 0.855926 0.000010 0.000010 0.000010 0.000010 0.000010 0.016548 0.096092 0.025881 0.000010 0.000010 0.005454 0.000010 0.000010
0.000010 0.000010 0.285912 0.000010 0.000010 0.000010 0.000010 0.713958 0.000010 0.000010 0.000010 0.000010 0.000010 0.000010 0.000010
0.000010 0.602793 0.000010 0.000010 0.000010 0.143095 0.000010 0.000010 0.082594 0.000010 0.000010 0.171409 0.000010 0.000010 0.000010
0.000010 0.411171 0.000282 0.000010 0.000010 0.039599 0.013885 0.000043 0.000010 0.005198 0.000010 0.523605 0.006146 0.000010 0.000010
0.000010 0.966021 0.000010 0.000010 0.000010 0.000010 0.000018 0.000010 0.018674 0.000010 0.000010 0.015177 0.000010 0.000010 0.000010
0.000010 0.000010 0.000010 0.000010 0.500854 0.000010 0.000010 0.000010 0.000010 0.000010 0.000010 0.000010 0.499016 0.000010 0.000010
0.000010 0.000010 0.000010 0.104325 0.545004 0.000010 0.000010 0.000010 0.000010 0.000010 0.000010 0.000010 0.350551 0.000010 0.000010
0.388269 0.419068 0.046944 0.000010 0.000010 0.005344 0.000010 0.000010 0.082548 0.000010 0.022938 0.000010 0.034809 0.000010 0.000010
0.000010 0.000010 0.000010 0.000010 0.000010 0.000010 0.000010 0.000010 0.000010 0.000010 0.000010 0.999860 0.000010 0.000010 0.000010
0.000010 0.998342 0.000010 0.000010 0.000010 0.000010 0.000010 0.000010 0.001528 0.000010 0.000010 0.000010 0.000010 0.000010 0.000010
0.000010 0.000010 0.012560 0.000010 0.000010 0.000010 0.000160 0.036305 0.000010 0.000010 0.000010 0.950437 0.000010 0.000010 0.000439
0.000010 0.000010 0.000010 0.000010 0.000010 0.000010 0.000010 0.000010 0.000010 0.008072 0.000010 0.991798 0.000010 0.000010 0.000010
0.000010 0.904181 0.000010 0.000010 0.000010 0.000010 0.004405 0.000010 0.069045 0.000010 0.022259 0.000010 0.000010 0.000010 0.000010
0.000010 0.000010 0.000010 0.000010 0.000010 0.000010 0.000010 0.000010 0.000010 0.000010 0.000010 0.999860 0.000010 0.000010 0.000010
0.999860 0.000010 0.000010 0.000010 0.000010 0.000010 0.000010 0.000010 0.000010 0.000010 0.000010 0.000010 0.000010 0.000010 0.000010
0.999860 0.000010 0.000010 0.000010 0.000010 0.000010 0.000010 0.000010 0.000010 0.000010 0.000010 0.000010 0.000010 0.000010 0.000010
0.000010 0.000010 0.000010 0.000010 0.000010 0.999860 0.000010 0.000010 0.000010 0.000010 0.000010 0.000010 0.000010 0.000010 0.000010
0.000010 0.999860 0.000010 0.000010 0.000010 0.000010 0.000010 0.000010 0.000010 0.000010 0.000010 0.000010 0.000010 0.000010 0.000010
0.000010 0.983863 0.000010 0.000010 0.000010 0.000010 0.000010 0.000010 0.000010 0.000010 0.000010 0.000010 0.016007 0.000010 0.000010
0.000010 0.000010 0.000010 0.000010 0.000010 0.999860 0.000010 0.000010 0.000010 0.000010 0.000010 0.000010 0.000010 0.000010 0.000010
0.000010 0.000010 0.000010 0.000010 0.000010 0.000010 0.000010 0.000010 0.000010 0.000010 0.000010 0.999860 0.000010 0.000010 0.000010
0.000010 0.000010 0.000010 0.000010 0.000010 0.991351 0.000010 0.000010 0.000010 0.000010 0.000010 0.000010 0.000010 0.000010 0.008519
0.000010 0.000010 0.000010 0.000010 0.000010 0.999860 0.000010 0.000010 0.000010 0.000010 0.000010 0.000010 0.000010 0.000010 0.000010
0.000010 0.000010 0.000010 0.000010 0.000010 0.525188 0.000010 0.000010 0.000010 0.000010 0.000010 0.474682 0.000010 0.000010 0.000010
0.000010 0.037547 0.000010 0.000010 0.000010 0.395761 0.000010 0.000010 0.000010 0.048168 0.000010 0.518414 0.000010 0.000010 0.000010
0.000010 0.000010 0.000010 0.000010 0.000010 0.936322 0.000010 0.000010 0.000010 0.000010 0.000010 0.000010 0.000010 0.000010 0.063548
0.000010 0.978695 0.000010 0.000010 0.000010 0.000010 0.000010 0.000010 0.021175 0.000010 0.000010 0.000010 0.000010 0.000010 0.000010
0.000010 0.000010 0.000010 0.000010 0.000010 0.999860 0.000010 0.000010 0.000010 0.000010 0.000010 0.000010 0.000010 0.000010 0.000010
0.000010 0.000010 0.000010 0.000010 0.999860 0.000010 0.000010 0.000010 0.000010 0.000010 0.000010 0.000010 0.000010 0.000010 0.000010
0.000010 0.000010 0.000010 0.000010 0.999860 0.000010 0.000010 0.000010 0.000010 0.000010 0.000010 0.000010 0.000010 0.000010 0.000010
0.000010 0.000010 0.000010 0.000010 0.999860 0.000010 0.000010 0.000010 0.000010 0.000010 0.000010 0.000010 0.000010 0.000010 0.000010
0.000010 0.000010 0.000010 0.000010 0.999860 0.000010 0.000010 0.000010 0.000010 0.000010 0.000010 0.000010 0.000010 0.000010 0.000010
