0.000010 0.000010 0.000010 0.000010 0.000010 0.000010 0.000010 0.975459 0.000010 0.000010 0.024411 0.000010 0.000010 0.000010 0.000010
0.000010 0.000010 0.000010 0.000010 0.000010 0.000010 0.023118 0.964835 0.000010 0.011927 0.000010 0.000010 0.000010 0.000010 0.000010
0.000010 0.000010 0.000010 0.000010 0.000010 0.000010 0.000010 0.999860 0.000010 0.000010 0.000010 0.000010 0.000010 0.000010 0.000010
0.000010 0.000010 0.000010 0.000010 0.000010 0.017056 0.000010 0.964363 0.000010 0.018462 0.000010 0.000010 0.000010 0.000010 0.000010
0.000010 0.000010 0.000010 0.000010 0.000010 0.000010 0.000010 0.962561 0.000010 0.000010 0.000010 0.000010 0.000010 0.000010 0.037309
0.000010 0.000010 0.000010 0.000010 0.000010 0.000010 0.000010 0.999860 0.000010 0.000010 0.000010 0.000010 0.000010 0.000010 0.000010
0.000010 0.011219 0.000010 0.000010 0.000010 0.000010 0.000010 0.957556 0.000010 0.000010 0.031105 0.000010 0.000010 0.000010 0.000010
0.000010 0.000010 0.000010 0.000010 0.000010 0.000010 0.000010 0.000010 0.000010 0.999860 0.000010 0.000010 0.000010 0.000010 0.000010
0.000010 0.000010 0.000010 0.000010 0.000010 0.000010 0.000010 0.000010 0.000010 0.000010 0.000010 0.000010 0.000010 0.000010 0.999860
0.000010 0.107051 0.029004 0.029238 0.000010 0.000010 0.039874 0.000010 0.285233 0.380371 0.069340 0.046545 0.000010 0.000010 0.013284
0.000010 0.000010 0.000010 0.000010 0.000010 0.000010 0.000010 0.000010 0.000010 0.000010 0.000010 0.000010 0.000010 0.000010 0.999860
0.000010 0.000010 0.000010 0.000010 0.000010 0.000010 0.000010 0.000010 0.000010 0.000010 0.000010 0.000010 0.615618 0.384252 0.000010
0.000010 0.000010 0.000010 0.000010 0.000010 0.000010 0.000010 0.000010 0.000010 0.000010 0.000010 0.000010 0.677391 0.322479 0.000010
0.000010 0.000010 0.000010 0.924219 0.000010 0.000010 0.000010 0.000010 0.000010 0.000010 0.000010 0.075651 0.000010 0.000010 0.000010
0.000010 0.000010 0.000010 0.000010 0.000010 0.000010 0.000010 0.000010 0.000010 0.000010 0.000010 0.000010 0.578587 0.421283 0.000010
0.000010 0.000010 0.000010 0.000010 0.000010 0.000010 0.000010 0.000010 0.000010 0.000010 0.000010 0.000010 0.569528 0.430342 0.000010
0.000010 0.000010 0.758873 0.024290 0.000010 0.000010 0.034646 0.000017 0.135471 0.000010 0.036370 0.003296 0.000010 0.006967 0.000010
0.000010 0.000010 0.000010 0.000010 0.000010 0.000010 0.000010 0.000010 0.000010 0.000010 0.000010 0.000010 0.597914 0.401956 0.000010
0.000010 0.033123 0.673489 0.021462 0.015723 0.000010 0.011367 0.000010 0.193555 0.000010 0.008357 0.042855 0.000010 0.000010 0.000010
0.000010 0.000010 0.000010 0.999860 0.000010 0.000010 0.000010 0.000010 0.000010 0.000010 0.000010 0.000010 0.000010 0.000010 0.000010
0.000010 0.035047 0.000010 0.009746 0.000010 0.000010 0.000010 0.954918 0.000010 0.000010 0.000010 0.000180 0.000010 0.000010 0.000010
0.000010 0.000010 0.000010 0.000010 0.000010 0.000010 0.000010 0.000010 0.000010 0.000010 0.000010 0.000010 0.516549 0.483321 0.000010
0.000010 0.000010 0.000010 0.000010 0.000010 0.000010 0.000010 0.000010 0.000010 0.000010 0.000010 0.000010 0.590501 0.409369 0.000010
0.000010 0.001777 0.000010 0.000010 0.000010 0.000010 0.000010 0.998093 0.000010 0.000010 0.000010 0.000010 0.000010 0.000010 0.000010
0.000010 0.036220 0.651036 0.017989 0.000010 0.000010 0.007797 0.000010 0.162369 0.027183 0.036968 0.029305 0.001941 0.029141 0.000010
0.000010 0.168420 0.000010 0.009120 0.000010 0.000010 0.061171 0.000010 0.316079 0.000010 0.000010 0.000010 0.000010 0.000010 0.445109
0.008975 0.000010 0.026307 0.002181 0.000010 0.000010 0.000010 0.909535 0.000010 0.000010 0.008227 0.001304 0.000010 0.000010 0.043391
0.000010 0.000010 0.036692 0.000010 0.010099 0.000010 0.005961 0.891537 0.000010 0.044270 0.000010 0.000010 0.000010 0.000010 0.011351
0.000010 0.000010 0.000010 0.000010 0.000010 0.000010 0.000010 0.000010 0.000010 0.000010 0.000010 0.000010 0.000010 0.000010 0.999860
0.000010 0.000010 0.000010 0.000010 0.000010 0.000010 0.000010 0.000010 0.000010 0.000010 0.000010 0.000010 0.000010 0.000010 0.999860
0.000010 0.000010 0.000010 0.000010 0.000010 0.000010 0.000010 0.000010 0.000010 0.000010 0.000010 0.000010 0.502638 0.497232 0.000010
0.019846 0.012599 0.270829 0.002780 0.000010 0.000010 0.026787 0.000010 0.095617 0.092485 0.000010 0.000010 0.000010 0.000010 0.478986
0.000010 0.000010 0.000010 0.000010 0.999860 0.000010 0.000010 0.000010 0.000010 0.000010 0.000010 0.000010 0.000010 0.000010 0.000010
0.000010 0.000010 0.000010 0.000010 0.000010 0.000010 0.000010 0.000010 0.000010 0.000010 0.000010 0.000010 0.559668 0.440202 0.000010
0.999860 0.000010 0.000010 0.000010 0.000010 0.000010 0.000010 0.000010 0.000010 0.000010 0.000010 0.000010 0.000010 0.000010 0.000010
0.000010 0.000010 0.000010 0.000010 0.000010 0.000010 0.000010 0.000010 0.000010 0.000010 0.000010 0.000010 0.619457 0.380413 0.000010
0.000010 0.000010 0.000010 0.000010 0.000010 0.000010 0.000010 0.000010 0.000010 0.000010 0.000010 0.000010 0.548406 0.451464 0.000010
0.000010 0.000010 0.000010 0.000010 0.000010 0.000010 0.000010 0.000010 0.999860 0.000010 0.000010 0.000010 0.000010 0.000010 0.000010
0.000010 0.000010 0.029036 0.013898 0.000010 0.000010 0.000010 0.890506 0.000010 0.000010 0.000010 0.000010 0.000010 0.000010 0.066450
0.007484 0.000010 0.000010 0.000010 0.000010 0.000010 0.000010 0.945887 0.000010 0.000010 0.025742 0.000010 0.020777 0.000010 0.000010
0.000010 0.000010 0.000010 0.004352 0.000010 0.000010 0.000010 0.995518 0.000010 0.000010 0.000010 0.000010 0.000010 0.000010 0.000010
0.000010 0.029117 0.047912 0.000010 0.000010 0.000010 0.008279 0.913291 0.001300 0.000010 0.000010 0.000010 0.000010 0.000010 0.000010
0.000010 0.000010 0.009918 0.000010 0.040707 0.000010 0.009321 0.900590 0.000010 0.000010 0.000010 0.000010 0.000010 0.000010 0.039364
0.000010 0.004594 0.000010 0.000010 0.000010 0.000010 0.000010 0.924611 0.000010 0.000010 0.070675 0.000010 0.000010 0.000010 0.000010
0.000010 0.000010 0.411802 0.006019 0.000010 0.002292 0.041737 0.500564 0.024772 0.000010 0.000010 0.000010 0.012734 0.000010 0.000010
0.000010 0.000010 0.000010 0.000010 0.000010 0.000010 0.000010 0.000010 0.000010 0.000010 0.000010 0.000010 0.120226 0.879644 0.000010
0.000010 0.000010 0.000010 0.000010 0.000010 0.000010 0.000010 0.000010 0.000010 0.000010 0.000010 0.000010 0.596157 0.403713 0.000010
0.003535 0.000010 0.000010 0.000010 0.000010 0.027871 0.000010 0.000010 0.000010 0.000010 0.000010 0.000010 0.180970 0.787514 0.000010
0.000010 0.000010 0.000010 0.000010 0.000010 0.000010 0.000010 0.000010 0.000010 0.000010 0.000010 0.000010 0.534006 0.465864 0.000010
0.000010 0.000010 0.000010 0.000010 0.000010 0.001055 0.000010 0.000010 0.000010 0.000010 0.000010 0.000010 0.334193 0.664632 0.000010
0.000010 0.000010 0.000010 0.000010 0.000010 0.000010 0.000010 0.000010 0.000010 0.000010 0.000010 0.000010 0.000010 0.999860 0.000010
0.000010 0.000010 0.000010 0.003149 0.000010 0.000010 0.000010 0.000010 0.000010 0.000010 0.000010 0.000010 0.112625 0.884106 0.000010
0.000010 0.000010 0.000010 0.000010 0.000010 0.000010 0.000010 0.999860 0.000010 0.000010 0.000010 0.000010 0.000010 0.000010 0.000010
0.038042 0.005029 0.000010 0.109660 0.023878 0.186806 0.000010 0.118602 0.155774 0.143916 0.000010 0.006215 0.011676 0.007319 0.193053
0.000010 0.000014 0.000010 0.000010 0.000010 0.000010 0.000010 0.999856 0.000010 0.000010 0.000010 0.000010 0.000010 0.000010 0.000010
0.000010 0.042874 0.000010 0.000010 0.000010 0.000010 0.000010 0.956996 0.000010 0.000010 0.000010 0.000010 0.000010 0.000010 0.000010
0.000010 0.000010 0.018473 0.000010 0.000010 0.000010 0.000010 0.885647 0.000010 0.045171 0.000010 0.000010 0.000010 0.000010 0.050600
0.005450 0.003907 0.000010 0.000010 0.000010 0.000010 0.000010 0.990522 0.000010 0.000010 0.000010 0.000010 0.000010 0.000010 0.000010
0.000010 0.000010 0.000010 0.004235 0.000010 0.000010 0.000010 0.000010 0.000010 0.000010 0.000010 0.000010 0.269247 0.726398 0.000010
0.000010 0.000010 0.000010 0.000010 0.000010 0.000010 0.000010 0.000010 0.000010 0.000010 0.000010 0.000010 0.000010 0.999860 0.000010
0.000010 0.000010 0.000010 0.039767 0.000010 0.000010 0.000010 0.000010 0.000010 0.000010 0.000010 0.000010 0.000010 0.960103 0.000010
0.000010 0.000010 0.000010 0.000010 0.000010 0.000010 0.000010 0.000010 0.000010 0.000010 0.000010 0.000010 0.166715 0.833155 0.000010
0.000010 0.000010 0.000010 0.000010 0.999860 0.000010 0.000010 0.000010 0.000010 0.000010 0.000010 0.000010 0.000010 0.000010 0.000010
0.000010 0.000010 0.000010 0.000010 0.000010 0.000010 0.000010 0.999860 0.000010 0.000010 0.000010 0.000010 0.000010 0.000010 0.000010
0.000010 0.000010 0.000010 0.000010 0.000010 0.000010 0.000010 0.999860 0.000010 0.000010 0.000010 0.000010 0.000010 0.000010 0.000010
0.040576 0.000930 0.000010 0.041642 0.000010 0.120705 0.000010 0.138827 0.173865 0.144611 0.000010 0.012966 0.023868 0.000010 0.301960
0.831440 0.000010 0.000010 0.000010 0.168430 0.000010 0.000010 0.000010 0.000010 0.000010 0.000010 0.000010 0.000010 0.000010 0.000010
0.000010 0.000010 0.000010 0.311604 0.000010 0.000010 0.000010 0.000010 0.000010 0.000010 0.000010 0.688266 0.000010 0.000010 0.000010
0.000010 0.000010 0.000010 0.037074 0.000010 0.000010 0.000010 0.000010 0.000010 0.000010 0.000010 0.011064 0.272005 0.679747 0.000010
0.000010 0.000010 0.000010 0.066759 0.000010 0.000010 0.000010 0.000010 0.000010 0.000010 0.000010 0.000010 0.000010 0.933111 0.000010
0.000010 0.000010 0.941383 0.000010 0.000010 0.000010 0.000010 0.000010 0.000010 0.000010 0.058486 0.000010 0.000011 0.000010 0.000010
0.001399 0.000010 0.000010 0.000010 0.000010 0.000010 0.000010 0.000010 0.000010 0.000010 0.000010 0.000010 0.268308 0.730174 0.000010
0.000010 0.000010 0.000010 0.000010 0.000010 0.000010 0.000010 0.000010 0.000010 0.000010 0.000010 0.000010 0.000010 0.999860 0.000010
0.000010 0.000010 0.000012 0.000010 0.000010 0.000010 0.000010 0.000010 0.000010 0.000010 0.000010 0.000010 0.167644 0.832225 0.000010
0.000010 0.000010 0.000010 0.000010 0.572023 0.000010 0.000010 0.000010 0.000010 0.000010 0.425046 0.002811 0.000010 0.000010 0.000010
0.633657 0.000010 0.000010 0.000010 0.253328 0.007975 0.000010 0.000010 0.000010 0.000010 0.000010 0.104930 0.000010 0.000010 0.000010
0.000010 0.000010 0.000010 0.000010 0.000010 0.000010 0.000010 0.000010 0.000010 0.000010 0.999860 0.000010 0.000010 0.000010 0.000010
0.000010 0.000010 0.000010 0.000010 0.000010 0.000010 0.000010 0.000010 0.000010 0.000010 0.000010 0.000010 0.000010 0.000010 0.999860
0.000010 0.000010 0.000010 0.000010 0.000010 0.000010 0.000010 0.000010 0.000010 0.000010 0.999860 0.000010 0.000010 0.000010 0.000010
0.395739 0.102395 0.000010 0.000010 0.368339 0.133418 0.000010 0.000010 0.000010 0.000010 0.000010 0.000010 0.000010 0.000010 0.000010
0.000010 0.000010 0.000010 0.000010 0.000010 0.000010 0.000010 0.000010 0.000010 0.000010 0.999860 0.000010 0.000010 0.000010 0.000010
0.503182 0.000010 0.000010 0.000010 0.228518 0.000010 0.000010 0.000010 0.000010 0.000010 0.000010 0.025591 0.000015 0.000010 0.242594
0.000010 0.000010 0.000010 0.000010 0.000010 0.000010 0.000010 0.000010 0.000010 0.000010 0.000010 0.000010 0.446850 0.553020 0.000010
0.000010 0.000010 0.000010 0.000010 0.000010 0.000010 0.000010 0.000011 0.000010 0.000010 0.000010 0.000010 0.439227 0.560642 0.000010
0.000010 0.000010 0.000010 0.000010 0.000010 0.000010 0.000010 0.000010 0.000010 0.000010 0.000010 0.000010 0.071374 0.928496 0.000010
0.000010 0.000010 0.000010 0.000010 0.000010 0.000010 0.000010 0.000010 0.000010 0.000010 0.999860 0.000010 0.000010 0.000010 0.000010
0.000010 0.000010 0.000010 0.000010 0.000010 0.000010 0.000010 0.000010 0.000010 0.000010 0.000010 0.000010 0.327471 0.672399 0.000010
0.000010 0.012598 0.789937 0.000010 0.000010 0.000010 0.016235 0.063278 0.089716 0.028147 0.000010 0.000010 0.000010 0.000010 0.000010
0.000010 0.000010 0.000010 0.000010 0.000010 0.000010 0.000010 0.000010 0.000010 0.000010 0.000010 0.000010 0.000010 0.999860 0.000010
0.000010 0.000010 0.000010 0.000010 0.000010 0.000010 0.000010 0.000010 0.000010 0.999860 0.000010 0.000010 0.000010 0.000010 0.000010
0.000010 0.000010 0.000010 0.000010 0.000010 0.000010 0.000010 0.000010 0.000010 0.642347 0.357523 0.000010 0.000010 0.000010 0.000010
0.000010 0.000010 0.000010 0.000010 0.000010 0.000010 0.000010 0.000010 0.000010 0.999860 0.000010 0.000010 0.000010 0.000010 0.000010
0.000010 0.000010 0.000010 0.000010 0.811029 0.131810 0.000010 0.000010 0.000010 0.000010 0.000010 0.000010 0.000010 0.000010 0.057041
0.000010 0.000010 0.000010 0.000010 0.000010 0.000010 0.000010 0.000010 0.000010 0.000010 0.000010 0.000010 0.000010 0.000010 0.999860
0.000010 0.000010 0.000010 0.000010 0.000010 0.000010 0.000010 0.000010 0.000010 0.000010 0.000010 0.000010 0.000010 0.999860 0.000010
0.000010 0.000010 0.000010 0.000010 0.000010 0.000010 0.000010 0.000010 0.000010 0.000010 0.000010 0.000010 0.000010 0.999860 0.000010
0.000012 0.018375 0.000010 0.000010 0.000010 0.024598 0.006885 0.113953 0.000010 0.030872 0.067535 0.000010 0.000010 0.000010 0.737702
0.000010 0.000010 0.749543 0.000010 0.000010 0.000010 0.003707 0.000010 0.140083 0.000010 0.000010 0.016908 0.000010 0.011781 0.077888
0.000010 0.006068 0.000010 0.000010 0.000010 0.000010 0.000010 0.000010 0.000010 0.000010 0.488864 0.000010 0.000010 0.000010 0.504947
0.000010 0.000010 0.000010 0.478250 0.491619 0.000010 0.000010 0.000010 0.000010 0.000010 0.000010 0.030011 0.000010 0.000010 0.000010
0.000010 0.000010 0.000010 0.000010 0.000010 0.000010 0.000010 0.000010 0.000010 0.000010 0.000010 0.000010 0.999860 0.000010 0.000010
0.000010 0.000010 0.000010 0.000010 0.000010 0.999860 0.000010 0.000010 0.000010 0.000010 0.000010 0.000010 0.000010 0.000010 0.000010
0.000010 0.000017 0.432526 0.000010 0.000010 0.000010 0.000010 0.010389 0.002137 0.000010 0.082770 0.000010 0.029712 0.000010 0.442369
0.000010 0.000010 0.488311 0.000010 0.000010 0.000010 0.000010 0.500398 0.011170 0.000010 0.000010 0.000010 0.000010 0.000010 0.000010
0.000010 0.000010 0.999860 0.000010 0.000010 0.000010 0.000010 0.000010 0.000010 0.000010 0.000010 0.000010 0.000010 0.000010 0.000010
0.000638 0.015485 0.282370 0.000010 0.000010 0.003477 0.025446 0.041298 0.015798 0.000010 0.000010 0.000010 0.000010 0.000010 0.615418
0.000010 0.076084 0.395394 0.004730 0.000010 0.000010 0.000010 0.000010 0.000010 0.047001 0.000010 0.000010 0.000010 0.000010 0.476690
0.000010 0.000010 0.458743 0.000010 0.000010 0.000010 0.001259 0.000010 0.022127 0.000010 0.000010 0.000010 0.000010 0.000010 0.517762
0.000010 0.000010 0.865696 0.013213 0.000010 0.000010 0.000010 0.000010 0.022409 0.000010 0.000010 0.000010 0.014420 0.000010 0.084162
0.545326 0.068140 0.058679 0.041564 0.045723 0.000010 0.002585 0.000010 0.021239 0.059886 0.084976 0.036172 0.018474 0.017205 0.000010
0.000010 0.000233 0.000010 0.000010 0.134293 0.096696 0.000010 0.074682 0.000010 0.008188 0.000010 0.000010 0.000010 0.000010 0.685817
0.170391 0.000010 0.000010 0.515889 0.000010 0.000010 0.000010 0.000010 0.000010 0.292345 0.000010 0.000010 0.021265 0.000010 0.000010
0.518532 0.000010 0.000010 0.081063 0.400285 0.000010 0.000010 0.000010 0.000010 0.000010 0.000010 0.000010 0.000010 0.000010 0.000010
0.002001 0.000010 0.000010 0.000010 0.019290 0.000010 0.000010 0.000010 0.000010 0.464643 0.143142 0.000010 0.000010 0.000010 0.370824
0.000010 0.000010 0.000010 0.000010 0.000010 0.000010 0.005147 0.455406 0.000010 0.130731 0.408606 0.000010 0.000010 0.000010 0.000010
0.351862 0.000010 0.000010 0.048814 0.000010 0.129200 0.312117 0.000010 0.113383 0.000010 0.000010 0.023007 0.000010 0.021538 0.000010
0.000010 0.250975 0.000010 0.043734 0.000010 0.000010 0.211767 0.000010 0.486092 0.000010 0.000010 0.007333 0.000010 0.000010 0.000010
0.000010 0.234676 0.000010 0.047719 0.000010 0.000010 0.172463 0.000010 0.545032 0.000010 0.000010 0.000010 0.000010 0.000010 0.000010
0.233057 0.000010 0.007637 0.250857 0.000010 0.000010 0.000010 0.173284 0.013068 0.151286 0.000010 0.000010 0.018096 0.000010 0.152644
0.000010 0.219701 0.000010 0.007186 0.000010 0.000010 0.219449 0.000010 0.509900 0.000017 0.000010 0.043657 0.000010 0.000010 0.000010
0.017281 0.092107 0.000010 0.019455 0.000010 0.000010 0.108922 0.000010 0.268564 0.026649 0.017291 0.000010 0.000010 0.000010 0.449661
0.000010 0.223610 0.000010 0.039357 0.000010 0.000010 0.258676 0.000010 0.439940 0.000010 0.000010 0.038317 0.000010 0.000010 0.000010
0.145547 0.115952 0.207518 0.000010 0.000010 0.031635 0.000010 0.000010 0.431442 0.010711 0.000010 0.013759 0.000010 0.043365 0.000010
0.000010 0.000010 0.000010 0.000010 0.290953 0.357479 0.000013 0.054806 0.000010 0.000010 0.000010 0.000010 0.000010 0.000010 0.296648
0.000010 0.000010 0.057719 0.000010 0.000010 0.036476 0.014217 0.750557 0.000010 0.021977 0.000010 0.002643 0.000010 0.019253 0.097088
0.000010 0.000010 0.059007 0.000010 0.000010 0.011517 0.000010 0.355063 0.000010 0.000010 0.168474 0.000010 0.000010 0.000010 0.405839
0.000010 0.046787 0.000010 0.000010 0.000010 0.000010 0.032762 0.000010 0.486288 0.005263 0.428800 0.000010 0.000010 0.000010 0.000010
0.000010 0.000010 0.000010 0.000010 0.000010 0.000010 0.000010 0.000010 0.000010 0.085317 0.338398 0.000010 0.000010 0.000010 0.576165
0.000010 0.000010 0.000010 0.000010 0.000010 0.000010 0.000010 0.000010 0.000010 0.000010 0.999860 0.000010 0.000010 0.000010 0.000010
0.000010 0.010911 0.000010 0.000010 0.000010 0.000010 0.011231 0.000010 0.000010 0.131971 0.308414 0.000010 0.000010 0.000010 0.537373
0.003333 0.000010 0.022105 0.000010 0.000010 0.000010 0.000010 0.000010 0.597675 0.105249 0.175956 0.000010 0.000010 0.000010 0.095593
0.000010 0.000010 0.000010 0.000010 0.000010 0.000010 0.037004 0.000010 0.000010 0.298509 0.354482 0.000010 0.000010 0.000010 0.309895
0.005920 0.000010 0.000010 0.000010 0.000010 0.000010 0.000010 0.000010 0.523776 0.260899 0.060690 0.009310 0.000010 0.000010 0.139316
0.269747 0.000010 0.000010 0.730123 0.000010 0.000010 0.000010 0.000010 0.000010 0.000010 0.000010 0.000010 0.000010 0.000010 0.000010
0.445433 0.000010 0.003313 0.361737 0.116502 0.013348 0.000010 0.004879 0.000010 0.000010 0.000010 0.000010 0.001103 0.000010 0.053615
0.292269 0.000010 0.000010 0.242148 0.000010 0.000010 0.000010 0.000010 0.000010 0.000010 0.465464 0.000010 0.000010 0.000010 0.000010
0.000010 0.999860 0.000010 0.000010 0.000010 0.000010 0.000010 0.000010 0.000010 0.000010 0.000010 0.000010 0.000010 0.000010 0.000010
0.028079 0.000010 0.047959 0.370715 0.193061 0.083319 0.039856 0.006226 0.022080 0.025916 0.000010 0.045248 0.014778 0.022468 0.100273
0.000010 0.020685 0.000010 0.408994 0.039001 0.000010 0.000010 0.470063 0.028860 0.000010 0.000010 0.019204 0.000010 0.013112 0.000010
0.000010 0.000010 0.000010 0.000010 0.000010 0.000010 0.000010 0.000010 0.985763 0.000010 0.000010 0.000010 0.014107 0.000010 0.000010
0.000010 0.000010 0.000016 0.502849 0.356391 0.017877 0.013729 0.000010 0.000010 0.003615 0.033378 0.000010 0.000010 0.031004 0.041082
0.000010 0.104908 0.000010 0.003381 0.000010 0.000010 0.000010 0.000010 0.786420 0.000010 0.000010 0.078718 0.026474 0.000010 0.000010
0.000010 0.000010 0.000010 0.999860 0.000010 0.000010 0.000010 0.000010 0.000010 0.000010 0.000010 0.000010 0.000010 0.000010 0.000010
0.000010 0.000010 0.000010 0.999860 0.000010 0.000010 0.000010 0.000010 0.000010 0.000010 0.000010 0.000010 0.000010 0.000010 0.000010
0.000010 0.000010 0.500388 0.000010 0.000010 0.000010 0.000010 0.000010 0.454654 0.000010 0.000010 0.044838 0.000010 0.000010 0.000010
0.000010 0.000010 0.000010 0.000010 0.000010 0.000010 0.022942 0.000010 0.976928 0.000010 0.000010 0.000010 0.000010 0.000010 0.000010
0.346638 0.000010 0.000010 0.000010 0.077337 0.000010 0.000010 0.000010 0.000010 0.401728 0.000010 0.139461 0.034736 0.000010 0.000010
0.091583 0.000010 0.000010 0.519473 0.089867 0.217209 0.000010 0.000010 0.060322 0.000010 0.000010 0.000010 0.021456 0.000010 0.000010
0.000010 0.000010 0.000010 0.000010 0.000010 0.000010 0.000010 0.000010 0.999860 0.000010 0.000010 0.000010 0.000010 0.000010 0.000010
0.000010 0.000010 0.000010 0.000010 0.000010 0.000010 0.000010 0.000010 0.999860 0.000010 0.000010 0.000010 0.000010 0.000010 0.000010
0.019688 0.000010 0.000010 0.000010 0.000010 0.000010 0.107650 0.000010 0.872542 0.000010 0.000010 0.000010 0.000010 0.000010 0.000010
0.183008 0.000010 0.000010 0.523959 0.000010 0.000010 0.000010 0.000010 0.000010 0.292913 0.000010 0.000010 0.000010 0.000010 0.000010
0.004639 0.000010 0.000010 0.000010 0.000010 0.000010 0.002300 0.000010 0.992941 0.000010 0.000010 0.000010 0.000010 0.000010 0.000010
0.000010 0.000010 0.000010 0.000010 0.000010 0.000010 0.000010 0.000010 0.999860 0.000010 0.000010 0.000010 0.000010 0.000010 0.000010
0.012458 0.079272 0.032752 0.014934 0.000010 0.000010 0.182846 0.000010 0.616888 0.000010 0.000010 0.021269 0.000010 0.000010 0.039510
0.000010 0.016644 0.023625 0.000010 0.000010 0.001916 0.000010 0.819902 0.000010 0.000010 0.076565 0.000010 0.023655 0.000010 0.037613
0.000010 0.225733 0.017416 0.073465 0.000010 0.000010 0.118553 0.000010 0.392934 0.113784 0.000010 0.058034 0.000010 0.000010 0.000010
0.000010 0.000010 0.000010 0.000010 0.000010 0.000010 0.000010 0.000010 0.000010 0.000010 0.000010 0.999860 0.000010 0.000010 0.000010
0.000010 0.000010 0.020810 0.000010 0.000010 0.000010 0.000010 0.000010 0.979060 0.000010 0.000010 0.000010 0.000010 0.000010 0.000010
0.000010 0.000010 0.000010 0.000010 0.000010 0.000010 0.000010 0.000010 0.999860 0.000010 0.000010 0.000010 0.000010 0.000010 0.000010
0.000010 0.000010 0.000010 0.000010 0.000010 0.000010 0.000010 0.000010 0.999860 0.000010 0.000010 0.000010 0.000010 0.000010 0.000010
0.000010 0.000010 0.000010 0.999860 0.000010 0.000010 0.000010 0.000010 0.000010 0.000010 0.000010 0.000010 0.000010 0.000010 0.000010
0.000010 0.008926 0.000010 0.011966 0.010729 0.000010 0.000010 0.953184 0.000010 0.000010 0.015095 0.000010 0.000010 0.000010 0.000010
0.000010 0.000010 0.000010 0.000010 0.000010 0.000010 0.000010 0.000010 0.000010 0.999860 0.000010 0.000010 0.000010 0.000010 0.000010
0.000010 0.000010 0.000010 0.000010 0.000010 0.999860 0.000010 0.000010 0.000010 0.000010 0.000010 0.000010 0.000010 0.000010 0.000010
0.014264 0.004183 0.000010 0.421241 0.000182 0.000010 0.030005 0.000010 0.000010 0.084723 0.000010 0.000010 0.021569 0.000010 0.423763
0.852092 0.000010 0.000010 0.147778 0.000010 0.000010 0.000010 0.000010 0.000010 0.000010 0.000010 0.000010 0.000010 0.000010 0.000010
0.812114 0.000010 0.000010 0.000010 0.005712 0.182054 0.000010 0.000010 0.000010 0.000010 0.000010 0.000010 0.000010 0.000010 0.000010
0.000010 0.000013 0.000010 0.236609 0.497934 0.000010 0.000010 0.000010 0.000010 0.000010 0.000010 0.000010 0.000010 0.000010 0.265335
0.000010 0.000010 0.000010 0.000010 0.000010 0.000010 0.000010 0.000010 0.000010 0.000010 0.000010 0.999860 0.000010 0.000010 0.000010
0.543375 0.012643 0.000010 0.354616 0.000010 0.000010 0.000010 0.000010 0.011041 0.007413 0.000010 0.013003 0.022137 0.035701 0.000010
0.000010 0.000010 0.000010 0.000010 0.514236 0.169340 0.035179 0.000010 0.000010 0.000010 0.000010 0.000010 0.000010 0.000010 0.281134
0.000010 0.047383 0.000010 0.000010 0.000010 0.000010 0.000010 0.911628 0.000010 0.000010 0.040869 0.000010 0.000010 0.000010 0.000010
0.159859 0.000010 0.000010 0.000010 0.016379 0.000010 0.000010 0.011107 0.000010 0.175707 0.000010 0.106982 0.528225 0.000446 0.001226
0.396584 0.000010 0.000010 0.106766 0.496530 0.000010 0.000010 0.000010 0.000010 0.000010 0.000010 0.000010 0.000010 0.000010 0.000010
0.000010 0.000010 0.000010 0.999860 0.000010 0.000010 0.000010 0.000010 0.000010 0.000010 0.000010 0.000010 0.000010 0.000010 0.000010
0.585361 0.013788 0.000010 0.232709 0.100420 0.067622 0.000010 0.000010 0.000010 0.000010 0.000010 0.000010 0.000010 0.000010 0.000010
0.000010 0.000010 0.000010 0.964947 0.000010 0.000010 0.000010 0.000010 0.000010 0.000010 0.000010 0.034923 0.000010 0.000010 0.000010
0.000010 0.000010 0.000010 0.000010 0.000010 0.000010 0.000010 0.000010 0.000010 0.000010 0.000010 0.000010 0.999860 0.000010 0.000010
0.419500 0.000010 0.000010 0.503814 0.000010 0.000010 0.000010 0.000010 0.000010 0.000010 0.000010 0.076566 0.000010 0.000010 0.000010
0.456782 0.000010 0.000010 0.543088 0.000010 0.000010 0.000010 0.000010 0.000010 0.000010 0.000010 0.000010 0.000010 0.000010 0.000010
0.306665 0.000010 0.000010 0.693205 0.000010 0.000010 0.000010 0.000010 0.000010 0.000010 0.000010 0.000010 0.000010 0.000010 0.000010
0.000010 0.000010 0.000010 0.000010 0.000010 0.000010 0.000010 0.000010 0.000010 0.000010 0.000010 0.000010 0.999860 0.000010 0.000010
0.000010 0.000010 0.000010 0.075397 0.000010 0.000010 0.000010 0.000011 0.000010 0.000010 0.000010 0.000010 0.924472 0.000010 0.000010
0.000010 0.000010 0.000010 0.000010 0.000010 0.000010 0.000010 0.000010 0.000010 0.000010 0.000010 0.000010 0.327242 0.672628 0.000010
0.000010 0.000010 0.000010 0.000010 0.000010 0.000010 0.000010 0.000010 0.000010 0.000010 0.000010 0.000010 0.999860 0.000010 0.000010
0.000010 0.000010 0.000010 0.000010 0.000010 0.000010 0.000010 0.000010 0.000010 0.000010 0.000010 0.000016 0.999854 0.000010 0.000010
0.000010 0.000010 0.000010 0.000010 0.000010 0.000010 0.000010 0.000010 0.000010 0.000010 0.000010 0.000010 0.999860 0.000010 0.000010
0.000010 0.000010 0.000010 0.000010 0.000010 0.000010 0.000010 0.999860 0.000010 0.000010 0.000010 0.000010 0.000010 0.000010 0.000010
0.023958 0.000010 0.000010 0.068988 0.014058 0.146092 0.000010 0.116264 0.207675 0.126295 0.000010 0.259720 0.036891 0.000010 0.000010
0.000010 0.000010 0.000010 0.000010 0.000010 0.000010 0.000010 0.000010 0.000010 0.000010 0.999860 0.000010 0.000010 0.000010 0.000010
0.000010 0.000010 0.000010 0.000010 0.000010 0.000010 0.000010 0.000010 0.999860 0.000010 0.000010 0.000010 0.000010 0.000010 0.000010
0.519767 0.000010 0.000010 0.458164 0.000010 0.021949 0.000010 0.000010 0.000010 0.000010 0.000010 0.000010 0.000010 0.000010 0.000010
0.050307 0.000010 0.000010 0.000010 0.017816 0.254335 0.000010 0.000010 0.011081 0.000010 0.000010 0.000010 0.621957 0.044412 0.000010
0.000010 0.000010 0.000010 0.000010 0.000010 0.999860 0.000010 0.000010 0.000010 0.000010 0.000010 0.000010 0.000010 0.000010 0.000010
0.000010 0.000010 0.000010 0.000655 0.000010 0.000010 0.000010 0.000010 0.000010 0.000010 0.000010 0.000010 0.000010 0.000010 0.999215
0.000010 0.000010 0.000010 0.000010 0.000010 0.000010 0.000010 0.000010 0.000010 0.000010 0.000010 0.000010 0.000010 0.000010 0.999860
0.000010 0.000010 0.000010 0.000010 0.000010 0.000010 0.999860 0.000010 0.000010 0.000010 0.000010 0.000010 0.000010 0.000010 0.000010
0.000010 0.000010 0.000010 0.000010 0.000010 0.000010 0.999860 0.000010 0.000010 0.000010 0.000010 0.000010 0.000010 0.000010 0.000010
0.000010 0.000010 0.047297 0.024911 0.002172 0.000010 0.000010 0.186768 0.000010 0.050470 0.086824 0.000010 0.000010 0.000010 0.601479
0.000010 0.000010 0.000010 0.000010 0.000010 0.999858 0.000010 0.000010 0.000012 0.000010 0.000010 0.000010 0.000010 0.000010 0.000010
0.000010 0.000010 0.000010 0.000010 0.000010 0.000010 0.000010 0.000010 0.000010 0.000010 0.000010 0.000010 0.105823 0.894047 0.000010
0.334290 0.152734 0.000010 0.160863 0.000010 0.000010 0.053078 0.000010 0.157944 0.087121 0.000010 0.053889 0.000010 0.000010 0.000010
0.000010 0.000010 0.000010 0.000010 0.000010 0.027578 0.000010 0.000010 0.598767 0.000010 0.288941 0.000010 0.000010 0.000010 0.084604
0.000010 0.000010 0.022849 0.000010 0.000010 0.000010 0.019251 0.027074 0.000010 0.000010 0.663920 0.000010 0.000010 0.000010 0.266806
0.000010 0.000010 0.000010 0.000010 0.000010 0.000010 0.000010 0.000010 0.000011 0.000010 0.777294 0.000010 0.000010 0.000010 0.222575
0.000010 0.000010 0.000010 0.999860 0.000010 0.000010 0.000010 0.000010 0.000010 0.000010 0.000010 0.000010 0.000010 0.000010 0.000010
0.000010 0.000010 0.000010 0.000010 0.000010 0.000010 0.000010 0.057900 0.000010 0.030440 0.399723 0.000010 0.000010 0.000010 0.511827
0.000010 0.000010 0.000010 0.000010 0.000010 0.000010 0.000010 0.000010 0.000010 0.000010 0.000010 0.000010 0.000010 0.000010 0.999860
0.186703 0.000010 0.000010 0.000010 0.049750 0.598547 0.000010 0.000010 0.113986 0.000010 0.000010 0.000010 0.050915 0.000010 0.000010
0.000017 0.000010 0.000010 0.000010 0.000010 0.000010 0.999853 0.000010 0.000010 0.000010 0.000010 0.000010 0.000010 0.000010 0.000010
0.000010 0.000010 0.000010 0.000010 0.000010 0.000010 0.999860 0.000010 0.000010 0.000010 0.000010 0.000010 0.000010 0.000010 0.000010
0.000010 0.000010 0.000010 0.000010 0.000010 0.000010 0.999860 0.000010 0.000010 0.000010 0.000010 0.000010 0.000010 0.000010 0.000010
0.000010 0.630987 0.000010 0.000010 0.000010 0.000010 0.368883 0.000010 0.000010 0.000010 0.000010 0.000010 0.000010 0.000010 0.000010
0.911814 0.000010 0.000013 0.000010 0.000010 0.000018 0.000010 0.000010 0.000010 0.000010 0.000010 0.088045 0.000010 0.000010 0.000010
0.000010 0.000010 0.000010 0.999860 0.000010 0.000010 0.000010 0.000010 0.000010 0.000010 0.000010 0.000010 0.000010 0.000010 0.000010
0.069151 0.000010 0.000010 0.451228 0.102181 0.237432 0.000010 0.000010 0.073930 0.000010 0.000010 0.000010 0.046566 0.019432 0.000010
0.000010 0.000010 0.000010 0.999860 0.000010 0.000010 0.000010 0.000010 0.000010 0.000010 0.000010 0.000010 0.000010 0.000010 0.000010
0.000010 0.000010 0.000010 0.999860 0.000010 0.000010 0.000010 0.000010 0.000010 0.000010 0.000010 0.000010 0.000010 0.000010 0.000010
0.000010 0.000010 0.000010 0.836462 0.000010 0.000010 0.000010 0.000010 0.000010 0.000010 0.000010 0.016105 0.000010 0.147312 0.000010
0.000010 0.000010 0.000010 0.999860 0.000010 0.000010 0.000010 0.000010 0.000010 0.000010 0.000010 0.000010 0.000010 0.000010 0.000010
0.066745 0.000010 0.005656 0.000010 0.034654 0.125286 0.507251 0.000010 0.034996 0.000010 0.000010 0.142407 0.061348 0.021596 0.000010
0.094761 0.000010 0.000010 0.398562 0.091583 0.224981 0.000010 0.000010 0.098045 0.000010 0.000010 0.000010 0.091979 0.000010 0.000010
0.000010 0.000010 0.000010 0.999860 0.000010 0.000010 0.000010 0.000010 0.000010 0.000010 0.000010 0.000010 0.000010 0.000010 0.000010
0.000010 0.000010 0.000010 0.000010 0.999860 0.000010 0.000010 0.000010 0.000010 0.000010 0.000010 0.000010 0.000010 0.000010 0.000010
0.000010 0.000010 0.000010 0.000010 0.999860 0.000010 0.000010 0.000010 0.000010 0.000010 0.000010 0.000010 0.000010 0.000010 0.000010
0.000010 0.000010 0.000010 0.000010 0.999860 0.000010 0.000010 0.000010 0.000010 0.000010 0.000010 0.000010 0.000010 0.000010 0.000010
0.000010 0.000010 0.000010 0.999860 0.000010 0.000010 0.000010 0.000010 0.000010 0.000010 0.000010 0.000010 0.000010 0.000010 0.000010
0.000010 0.000010 0.000010 0.999860 0.000010 0.000010 0.000010 0.000010 0.000010 0.000010 0.000010 0.000010 0.000010 0.000010 0.000010
0.000010 0.261282 0.000010 0.100450 0.000010 0.000010 0.053412 0.000010 0.385470 0.115286 0.000010 0.084010 0.000010 0.000010 0.000010
0.000010 0.339041 0.000010 0.040546 0.000010 0.000010 0.000010 0.000010 0.504183 0.000015 0.000010 0.116115 0.000010 0.000010 0.000010
0.000010 0.019760 0.000010 0.239307 0.471897 0.000010 0.000010 0.000010 0.056292 0.000010 0.053638 0.159017 0.000010 0.000010 0.000010
0.000010 0.999860 0.000010 0.000010 0.000010 0.000010 0.000010 0.000010 0.000010 0.000010 0.000010 0.000010 0.000010 0.000010 0.000010
0.000010 0.164679 0.000010 0.076616 0.000010 0.000010 0.432157 0.000010 0.255441 0.000010 0.003720 0.067296 0.000010 0.000010 0.000010
0.111138 0.000010 0.000010 0.348572 0.383685 0.000010 0.000010 0.000010 0.000010 0.000010 0.000010 0.068484 0.081450 0.006581 0.000010
0.000010 0.000010 0.042443 0.000010 0.000010 0.000010 0.000010 0.888268 0.000010 0.007063 0.000010 0.005626 0.000010 0.000010 0.056500
0.000010 0.000010 0.549243 0.021514 0.000010 0.000010 0.012312 0.207077 0.019975 0.000010 0.186799 0.000010 0.000010 0.000010 0.003000
0.017220 0.000010 0.906466 0.020821 0.000010 0.000010 0.003122 0.000010 0.014688 0.000010 0.014368 0.000010 0.023235 0.000010 0.000010
0.000010 0.000010 0.016866 0.000010 0.000010 0.000010 0.000010 0.768347 0.000010 0.000010 0.143586 0.000010 0.000010 0.000010 0.071091
0.000010 0.000010 0.000010 0.000010 0.000010 0.000010 0.000010 0.000010 0.000010 0.000010 0.974395 0.025475 0.000010 0.000010 0.000010
0.000010 0.002461 0.323767 0.000010 0.000010 0.002832 0.030552 0.533344 0.044769 0.056787 0.000010 0.005416 0.000010 0.000010 0.000010
0.000010 0.000010 0.554664 0.000010 0.000010 0.000010 0.002459 0.395605 0.006865 0.000010 0.004755 0.000010 0.000010 0.000010 0.035563
0.011246 0.000010 0.829718 0.000010 0.000010 0.000010 0.000010 0.000010 0.135737 0.015552 0.000010 0.007647 0.000010 0.000010 0.000010
0.999860 0.000010 0.000010 0.000010 0.000010 0.000010 0.000010 0.000010 0.000010 0.000010 0.000010 0.000010 0.000010 0.000010 0.000010
0.000010 0.000010 0.999860 0.000010 0.000010 0.000010 0.000010 0.000010 0.000010 0.000010 0.000010 0.000010 0.000010 0.000010 0.000010
0.873454 0.000010 0.000010 0.126416 0.000010 0.000010 0.000010 0.000010 0.000010 0.000010 0.000010 0.000010 0.000010 0.000010 0.000010
0.000010 0.000010 0.999860 0.000010 0.000010 0.000010 0.000010 0.000010 0.000010 0.000010 0.000010 0.000010 0.000010 0.000010 0.000010
0.000010 0.000010 0.000010 0.000010 0.000010 0.000010 0.000010 0.000010 0.000010 0.000010 0.000010 0.000010 0.000010 0.999860 0.000010
0.011257 0.000010 0.000010 0.009185 0.000010 0.014319 0.000010 0.000010 0.000010 0.000010 0.000010 0.019219 0.063909 0.882021 0.000010
0.000010 0.000010 0.000010 0.000010 0.000010 0.000010 0.000010 0.000010 0.000010 0.000010 0.000010 0.000010 0.000010 0.999860 0.000010
0.000010 0.000010 0.000010 0.000010 0.000010 0.000010 0.000010 0.000010 0.000010 0.000010 0.000010 0.999860 0.000010 0.000010 0.000010
0.419272 0.000010 0.000010 0.086463 0.351450 0.002156 0.000010 0.000010 0.000010 0.000010 0.000010 0.000010 0.000010 0.000010 0.140560
0.000010 0.000010 0.000010 0.018076 0.000010 0.000010 0.023403 0.852971 0.000010 0.000010 0.009105 0.000010 0.000010 0.003715 0.092640
0.287817 0.000010 0.000010 0.712053 0.000010 0.000010 0.000010 0.000010 0.000010 0.000010 0.000010 0.000010 0.000010 0.000010 0.000010
0.000010 0.000010 0.138145 0.000010 0.000010 0.000010 0.000010 0.595684 0.000010 0.000010 0.194901 0.000010 0.000010 0.000010 0.071160
0.000010 0.000010 0.000010 0.000010 0.000010 0.000010 0.000010 0.426149 0.000010 0.573721 0.000010 0.000010 0.000010 0.000010 0.000010
0.000010 0.000010 0.000010 0.000010 0.000010 0.000010 0.000010 0.964499 0.000010 0.019052 0.001053 0.000010 0.000010 0.000010 0.015285
0.000010 0.000010 0.000010 0.000010 0.000010 0.000010 0.000010 0.000010 0.000010 0.000010 0.000010 0.000010 0.229700 0.770170 0.000010
0.000010 0.000010 0.000010 0.000010 0.000010 0.000010 0.000010 0.000010 0.000010 0.000010 0.000010 0.000010 0.361470 0.638400 0.000010
0.101690 0.000010 0.005167 0.000010 0.047484 0.255813 0.000010 0.391295 0.074651 0.000010 0.000010 0.000010 0.013144 0.017351 0.093344
0.000010 0.000010 0.000010 0.000010 0.000010 0.000010 0.000010 0.000010 0.000010 0.000010 0.999860 0.000010 0.000010 0.000010 0.000010
0.000010 0.000010 0.000010 0.000010 0.000010 0.000010 0.000010 0.998159 0.000010 0.000010 0.000010 0.000010 0.000010 0.000010 0.001711
0.006821 0.000010 0.000010 0.037213 0.000010 0.000010 0.000010 0.000010 0.000010 0.096833 0.859023 0.000010 0.000010 0.000010 0.000010
0.000010 0.000010 0.000010 0.000010 0.000010 0.000010 0.000010 0.000010 0.000010 0.999860 0.000010 0.000010 0.000010 0.000010 0.000010
0.000010 0.000010 0.000010 0.000010 0.021609 0.000010 0.000010 0.905937 0.000010 0.000010 0.002873 0.000010 0.000010 0.000010 0.069472
0.000010 0.000010 0.000010 0.000010 0.000010 0.000010 0.000010 0.000010 0.000010 0.000010 0.999860 0.000010 0.000010 0.000010 0.000010
0.196845 0.000010 0.000010 0.000010 0.000010 0.724933 0.000010 0.000010 0.078102 0.000010 0.000010 0.000010 0.000010 0.000010 0.000010
0.206331 0.000010 0.000010 0.000010 0.000010 0.763186 0.000010 0.000010 0.030363 0.000010 0.000010 0.000010 0.000010 0.000010 0.000010
0.000010 0.000010 0.999860 0.000010 0.000010 0.000010 0.000010 0.000010 0.000010 0.000010 0.000010 0.000010 0.000010 0.000010 0.000010
0.000010 0.000010 0.000010 0.000010 0.000010 0.000010 0.000010 0.999860 0.000010 0.000010 0.000010 0.000010 0.000010 0.000010 0.000010
0.000010 0.000010 0.000010 0.000010 0.000010 0.000010 0.000010 0.983275 0.000010 0.000010 0.000010 0.000010 0.000010 0.015467 0.001138
0.000010 0.000010 0.999860 0.000010 0.000010 0.000010 0.000010 0.000010 0.000010 0.000010 0.000010 0.000010 0.000010 0.000010 0.000010
0.000010 0.000010 0.000010 0.000010 0.000010 0.000010 0.000010 0.000010 0.000010 0.000010 0.999860 0.000010 0.000010 0.000010 0.000010
0.000010 0.000010 0.999220 0.000010 0.000010 0.000010 0.000010 0.000010 0.000010 0.000010 0.000010 0.000650 0.000010 0.000010 0.000010
0.000010 0.000010 0.999851 0.000010 0.000010 0.000010 0.000019 0.000010 0.000010 0.000010 0.000010 0.000010 0.000010 0.000010 0.000010
0.000010 0.000010 0.517551 0.000010 0.000010 0.000010 0.000010 0.000010 0.000010 0.017471 0.464858 0.000010 0.000010 0.000010 0.000010
0.000010 0.000010 0.389161 0.000010 0.000010 0.000010 0.048540 0.000010 0.008405 0.000010 0.553785 0.000010 0.000010 0.000010 0.000010
0.000010 0.000010 0.913530 0.000010 0.000010 0.000010 0.000010 0.000010 0.000010 0.000010 0.000010 0.086340 0.000010 0.000010 0.000010
0.000010 0.000010 0.000011 0.000010 0.000010 0.000010 0.000010 0.976465 0.000010 0.000010 0.000010 0.000010 0.000010 0.000010 0.023404
0.000010 0.000010 0.999860 0.000010 0.000010 0.000010 0.000010 0.000010 0.000010 0.000010 0.000010 0.000010 0.000010 0.000010 0.000010
0.000010 0.000010 0.000010 0.000010 0.000010 0.000010 0.000010 0.000010 0.000010 0.000010 0.000010 0.000010 0.539446 0.460424 0.000010
0.000010 0.000010 0.000010 0.000010 0.000010 0.000010 0.000010 0.000010 0.000010 0.000010 0.000010 0.000010 0.519405 0.480465 0.000010
0.005629 0.000010 0.000010 0.000010 0.000010 0.000010 0.000010 0.000010 0.000010 0.000010 0.000010 0.000010 0.524766 0.469485 0.000010
0.000010 0.000010 0.000010 0.000010 0.000010 0.000010 0.000010 0.000010 0.000010 0.000010 0.000010 0.000010 0.562225 0.437645 0.000010
