0.019845 0.000010 0.000010 0.000010 0.000010 0.980105 0.000010
0.003977 0.011107 0.000010 0.000010 0.026535 0.958351 0.000010
0.000010 0.000010 0.000010 0.000010 0.000010 0.999940 0.000010
0.000010 0.000010 0.000010 0.023396 0.000010 0.976554 0.000010
0.027930 0.005507 0.000010 0.000010 0.000010 0.966523 0.000010
0.000010 0.000010 0.000010 0.000010 0.000010 0.999940 0.000010
0.000010 0.007839 0.000010 0.000010 0.000010 0.992111 0.000010
0.647107 0.038925 0.000010 0.191490 0.122449 0.000010 0.000010
0.999940 0.000010 0.000010 0.000010 0.000010 0.000010 0.000010
0.336693 0.081050 0.000010 0.273351 0.308875 0.000010 0.000010
0.999940 0.000010 0.000010 0.000010 0.000010 0.000010 0.000010
0.000010 0.000010 0.999940 0.000010 0.000010 0.000010 0.000010
0.000010 0.000010 0.999940 0.000010 0.000010 0.000010 0.000010
0.000010 0.999940 0.000010 0.000010 0.000010 0.000010 0.000010
0.000010 0.000010 0.999940 0.000010 0.000010 0.000010 0.000010
0.000010 0.000010 0.999940 0.000010 0.000010 0.000010 0.000010
0.034486 0.034786 0.000010 0.873676 0.057022 0.000010 0.000010
0.000010 0.000010 0.999940 0.000010 0.000010 0.000010 0.000010
0.000010 0.051969 0.001622 0.857448 0.084995 0.003946 0.000010
0.000010 0.999940 0.000010 0.000010 0.000010 0.000010 0.000010
0.000010 0.027835 0.000010 0.000010 0.000010 0.972115 0.000010
0.000010 0.000010 0.999940 0.000010 0.000010 0.000010 0.000010
0.000010 0.000010 0.999940 0.000010 0.000010 0.000010 0.000010
0.000010 0.000010 0.000010 0.000010 0.000010 0.999940 0.000010
0.056949 0.029846 0.046758 0.767662 0.078510 0.020266 0.000010
0.490636 0.022500 0.000010 0.083219 0.403615 0.000010 0.000010
0.040572 0.012101 0.000010 0.035924 0.000010 0.911372 0.000010
0.038379 0.000010 0.007200 0.052269 0.006449 0.895683 0.000010
0.999940 0.000010 0.000010 0.000010 0.000010 0.000010 0.000010
0.999940 0.000010 0.000010 0.000010 0.000010 0.000010 0.000010
0.000010 0.000010 0.999940 0.000010 0.000010 0.000010 0.000010
0.567118 0.010294 0.000010 0.322787 0.063118 0.013108 0.023565
0.316625 0.000010 0.021965 0.035270 0.000010 0.033675 0.592445
0.000010 0.000010 0.999940 0.000010 0.000010 0.000010 0.000010
0.000010 0.043020 0.000010 0.000010 0.000010 0.000010 0.956930
0.000010 0.000010 0.999940 0.000010 0.000010 0.000010 0.000010
0.000010 0.000010 0.999940 0.000010 0.000010 0.000010 0.000010
0.000010 0.042105 0.036154 0.719591 0.152575 0.000010 0.049555
0.068964 0.024912 0.000010 0.013759 0.000010 0.892335 0.000010
0.003515 0.000010 0.024672 0.032876 0.000010 0.938907 0.000010
0.000010 0.014734 0.000010 0.000010 0.000010 0.985216 0.000010
0.000010 0.000010 0.000010 0.056023 0.028743 0.915194 0.000010
0.042269 0.019610 0.000010 0.020657 0.000010 0.917434 0.000010
0.007558 0.000010 0.010446 0.021875 0.000010 0.960092 0.000010
0.000010 0.014571 0.000010 0.448894 0.021984 0.514521 0.000010
0.000010 0.000010 0.999940 0.000010 0.000010 0.000010 0.000010
0.000010 0.000010 0.999940 0.000010 0.000010 0.000010 0.000010
0.000010 0.000019 0.962192 0.000010 0.000010 0.000010 0.037748
0.000010 0.000010 0.999940 0.000010 0.000010 0.000010 0.000010
0.000010 0.000010 0.999793 0.000010 0.000010 0.000010 0.000157
0.000010 0.023976 0.967840 0.000010 0.000010 0.000010 0.008145
0.000010 0.028145 0.971805 0.000010 0.000010 0.000010 0.000010
0.000010 0.000588 0.000010 0.000010 0.000010 0.999362 0.000010
0.275717 0.096420 0.078384 0.074412 0.081458 0.181610 0.211999
0.000010 0.000010 0.000010 0.000010 0.000010 0.999940 0.000010
0.002215 0.000010 0.000010 0.000010 0.008378 0.989366 0.000010
0.074870 0.000010 0.000010 0.036037 0.000010 0.889053 0.000010
0.000010 0.000010 0.000010 0.000010 0.000010 0.999940 0.000010
0.000010 0.003875 0.996075 0.000010 0.000010 0.000010 0.000010
0.000010 0.000010 0.999940 0.000010 0.000010 0.000010 0.000010
0.000010 0.066560 0.930220 0.000010 0.000010 0.000010 0.003179
0.000010 0.000010 0.999940 0.000010 0.000010 0.000010 0.000010
0.310073 0.000010 0.036676 0.000010 0.014429 0.089909 0.548893
0.000010 0.000010 0.000010 0.000010 0.000010 0.999940 0.000010
0.000010 0.000010 0.000010 0.000010 0.000010 0.999940 0.000010
0.407659 0.048440 0.064894 0.076471 0.067632 0.180305 0.154598
0.000010 0.083071 0.000010 0.000010 0.000010 0.000010 0.916879
0.000010 0.689401 0.044226 0.000010 0.266334 0.000010 0.000010
0.000010 0.060726 0.939224 0.000010 0.000010 0.000010 0.000010
0.000010 0.067303 0.932647 0.000010 0.000010 0.000010 0.000010
0.093810 0.000010 0.000010 0.906140 0.000010 0.000010 0.000010
0.000010 0.004983 0.994967 0.000010 0.000010 0.000010 0.000010
0.000010 0.000010 0.999940 0.000010 0.000010 0.000010 0.000010
0.000010 0.000010 0.999940 0.000010 0.000010 0.000010 0.000010
0.530480 0.031067 0.000010 0.053888 0.000010 0.000010 0.384536
0.009512 0.118974 0.000010 0.033714 0.002647 0.000010 0.835133
0.829983 0.000020 0.000010 0.134763 0.035204 0.000010 0.000010
0.915022 0.000010 0.000010 0.000010 0.000010 0.084928 0.000010
0.865810 0.000010 0.000010 0.074258 0.059892 0.000010 0.000010
0.149722 0.000010 0.044215 0.000010 0.003763 0.048297 0.753984
0.864115 0.000010 0.000010 0.087297 0.048548 0.000010 0.000010
0.285180 0.061001 0.000010 0.000010 0.000010 0.000010 0.653779
0.000010 0.000010 0.999940 0.000010 0.000010 0.000010 0.000010
0.000010 0.000010 0.999940 0.000010 0.000010 0.000010 0.000010
0.000010 0.000010 0.997076 0.000010 0.000010 0.000010 0.002874
0.843092 0.025181 0.000010 0.131686 0.000010 0.000010 0.000010
0.000010 0.000010 0.999940 0.000010 0.000010 0.000010 0.000010
0.026081 0.000010 0.000010 0.866215 0.026720 0.080953 0.000010
0.000010 0.000010 0.999940 0.000010 0.000010 0.000010 0.000010
0.628592 0.056310 0.000010 0.184577 0.130491 0.000010 0.000010
0.813835 0.000010 0.000010 0.138104 0.048021 0.000010 0.000010
0.728507 0.001429 0.016553 0.193804 0.059687 0.000010 0.000010
0.347444 0.000010 0.040498 0.000010 0.000010 0.058573 0.553455
0.909035 0.000010 0.000010 0.000010 0.000010 0.090915 0.000010
0.000010 0.000010 0.999940 0.000010 0.000010 0.000010 0.000010
0.000010 0.039689 0.960261 0.000010 0.000010 0.000010 0.000010
0.816254 0.000010 0.000010 0.000010 0.012073 0.156781 0.014863
0.095395 0.011527 0.000010 0.843441 0.049607 0.000010 0.000010
0.999940 0.000010 0.000010 0.000010 0.000010 0.000010 0.000010
0.149177 0.498176 0.000010 0.036657 0.016013 0.011523 0.288443
0.000010 0.016889 0.923156 0.000010 0.000010 0.000010 0.059915
0.000010 0.000010 0.000010 0.000010 0.000010 0.443337 0.556613
0.538308 0.000010 0.014207 0.410328 0.000010 0.037127 0.000010
0.000010 0.000010 0.000010 0.503280 0.000010 0.496670 0.000010
0.000010 0.000010 0.000010 0.999940 0.000010 0.000010 0.000010
0.615631 0.000010 0.000010 0.243621 0.037834 0.102883 0.000010
0.562251 0.008550 0.000010 0.359281 0.000010 0.062477 0.007421
0.559771 0.000010 0.000010 0.437565 0.000010 0.000010 0.002624
0.114699 0.007176 0.002226 0.875869 0.000010 0.000010 0.000010
0.091018 0.137005 0.000010 0.110944 0.076391 0.001476 0.583157
0.746199 0.000010 0.000010 0.000010 0.000010 0.168326 0.085434
0.220222 0.576682 0.011544 0.012892 0.016834 0.000010 0.161818
0.000010 0.181251 0.000010 0.000010 0.000010 0.000010 0.818699
0.889425 0.012379 0.031193 0.056302 0.003350 0.000010 0.007340
0.462779 0.009148 0.000010 0.055119 0.013194 0.459740 0.000010
0.000010 0.119651 0.015395 0.000010 0.383579 0.000010 0.481345
0.050839 0.056310 0.036497 0.218866 0.603867 0.000010 0.033612
0.000010 0.072692 0.030258 0.182076 0.714944 0.000010 0.000010
0.243951 0.302627 0.000010 0.051420 0.000010 0.157189 0.244793
0.000010 0.064778 0.000010 0.180804 0.754378 0.000010 0.000010
0.529025 0.041601 0.000010 0.103951 0.302961 0.000010 0.022442
0.000010 0.098395 0.000010 0.186881 0.714684 0.000010 0.000010
0.000010 0.000164 0.068786 0.470213 0.245665 0.000010 0.215151
0.373140 0.000010 0.000010 0.000010 0.000010 0.262228 0.364592
0.130833 0.000010 0.010618 0.081613 0.013282 0.763634 0.000010
0.587861 0.000010 0.000010 0.038528 0.000010 0.373571 0.000010
0.380605 0.027358 0.006700 0.307512 0.234709 0.000010 0.043106
0.999940 0.000010 0.000010 0.000010 0.000010 0.000010 0.000010
0.917637 0.000010 0.000010 0.082313 0.000010 0.000010 0.000010
0.934024 0.000010 0.000010 0.008364 0.043833 0.013749 0.000010
0.283893 0.022363 0.019796 0.495392 0.129686 0.000010 0.048861
0.896421 0.016806 0.000010 0.007986 0.070615 0.008151 0.000010
0.366443 0.009982 0.038594 0.394459 0.151114 0.000010 0.039399
0.000010 0.763746 0.000010 0.000010 0.000010 0.000010 0.236204
0.066877 0.417125 0.000010 0.000010 0.000010 0.000072 0.515896
0.345782 0.280622 0.000010 0.060743 0.000010 0.031189 0.281644
0.000010 0.000010 0.000010 0.000010 0.182854 0.699337 0.117769
0.183745 0.380423 0.076279 0.065114 0.071805 0.060054 0.162580
0.000010 0.447843 0.010619 0.021893 0.025477 0.494147 0.000010
0.000010 0.016377 0.101519 0.539906 0.270351 0.000010 0.071827
0.211068 0.506266 0.043299 0.009201 0.014995 0.031290 0.183881
0.017485 0.062152 0.105373 0.388829 0.330434 0.012264 0.083464
0.000010 0.999940 0.000010 0.000010 0.000010 0.000010 0.000010
0.000010 0.999940 0.000010 0.000010 0.000010 0.000010 0.000010
0.000010 0.011620 0.044972 0.821177 0.122201 0.000010 0.000010
0.000010 0.025017 0.074799 0.482960 0.393030 0.000010 0.024173
0.247558 0.138756 0.000010 0.104476 0.104253 0.001820 0.403128
0.050696 0.474499 0.111681 0.018364 0.008918 0.004991 0.330851
0.000010 0.000010 0.073251 0.730595 0.184290 0.000010 0.011834
0.000010 0.019024 0.060109 0.667918 0.186866 0.000010 0.066062
0.000010 0.030404 0.035890 0.545716 0.320043 0.000010 0.067928
0.213511 0.571850 0.000010 0.043528 0.000850 0.000010 0.170241
0.000010 0.040771 0.038128 0.553110 0.292328 0.000010 0.075643
0.000010 0.054406 0.014739 0.660430 0.193372 0.000010 0.077033
0.045564 0.063646 0.006180 0.403363 0.431564 0.000010 0.049674
0.117769 0.019081 0.003542 0.030858 0.000010 0.828729 0.000010
0.129583 0.122325 0.000010 0.290862 0.452789 0.000010 0.004421
0.000010 0.510495 0.078766 0.081020 0.329690 0.000010 0.000010
0.000010 0.000010 0.070934 0.735114 0.149196 0.000010 0.044726
0.000010 0.016038 0.068595 0.652052 0.226615 0.000010 0.036679
0.000010 0.005775 0.049361 0.719504 0.163807 0.000010 0.061534
0.000010 0.999940 0.000010 0.000010 0.000010 0.000010 0.000010
0.000010 0.026524 0.000010 0.002697 0.000010 0.970739 0.000010
0.697519 0.038378 0.000010 0.144243 0.119830 0.000010 0.000010
0.041255 0.000010 0.075890 0.000010 0.000010 0.084844 0.797981
0.523147 0.443641 0.000010 0.000010 0.018682 0.000010 0.014500
0.000010 0.212704 0.000010 0.000010 0.000010 0.000010 0.787246
0.000010 0.000010 0.000010 0.000010 0.000010 0.000010 0.999940
0.444398 0.251878 0.000010 0.000010 0.000010 0.025879 0.277815
0.000010 0.585093 0.041316 0.096593 0.270863 0.000010 0.006116
0.000010 0.428790 0.016409 0.020766 0.012533 0.000010 0.521482
0.417499 0.000010 0.031909 0.001994 0.044280 0.146830 0.357478
0.012843 0.000010 0.000010 0.000010 0.051236 0.935881 0.000010
0.109878 0.094500 0.512803 0.052059 0.037752 0.017826 0.175183
0.000010 0.221420 0.000010 0.000010 0.000010 0.000010 0.778530
0.000010 0.999940 0.000010 0.000010 0.000010 0.000010 0.000010
0.000010 0.285344 0.000010 0.000010 0.000010 0.000010 0.714606
0.000010 0.999940 0.000010 0.000010 0.000010 0.000010 0.000010
0.000010 0.000010 0.999940 0.000010 0.000010 0.000010 0.000010
0.000010 0.614407 0.000010 0.000010 0.000010 0.000010 0.385543
0.000010 0.595494 0.000010 0.000010 0.000010 0.000010 0.404456
0.000010 0.736770 0.000010 0.000010 0.000010 0.000010 0.263180
0.000010 0.001962 0.997988 0.000010 0.000010 0.000010 0.000010
0.000010 0.195109 0.804841 0.000010 0.000010 0.000010 0.000010
0.000010 0.000010 0.999940 0.000010 0.000010 0.000010 0.000010
0.000010 0.038748 0.938378 0.000010 0.000010 0.000010 0.022835
0.000010 0.031117 0.968833 0.000010 0.000010 0.000010 0.000010
0.000010 0.012156 0.987794 0.000010 0.000010 0.000010 0.000010
0.000010 0.000010 0.000010 0.000010 0.000010 0.999940 0.000010
0.116780 0.197507 0.084678 0.156351 0.128468 0.134203 0.182012
0.905591 0.000010 0.000010 0.079120 0.006716 0.008543 0.000010
0.000010 0.000010 0.058016 0.710904 0.164789 0.000010 0.066261
0.000010 0.497745 0.000010 0.000010 0.000010 0.000010 0.502205
0.000010 0.000010 0.678621 0.015319 0.000010 0.016353 0.289678
0.021529 0.000010 0.133050 0.000010 0.009846 0.144553 0.691001
0.916817 0.020669 0.000010 0.000010 0.000010 0.062474 0.000010
0.999940 0.000010 0.000010 0.000010 0.000010 0.000010 0.000010
0.000010 0.000010 0.000010 0.000010 0.999940 0.000010 0.000010
0.000010 0.000010 0.000010 0.000010 0.999940 0.000010 0.000010
0.735981 0.026057 0.000010 0.031203 0.000010 0.206729 0.000010
0.000010 0.000010 0.000010 0.000010 0.000010 0.445430 0.554520
0.000010 0.016817 0.983133 0.000010 0.000010 0.000010 0.000010
0.000010 0.225778 0.000010 0.142163 0.305074 0.000010 0.326955
0.333132 0.000010 0.060596 0.438906 0.129120 0.000010 0.038226
0.855891 0.000010 0.000010 0.078505 0.022391 0.043183 0.000010
0.910936 0.000010 0.000010 0.089014 0.000010 0.000010 0.000010
0.000010 0.999940 0.000010 0.000010 0.000010 0.000010 0.000010
0.917994 0.000010 0.000010 0.000010 0.000010 0.081956 0.000010
0.909050 0.000010 0.000010 0.000010 0.000010 0.090900 0.000010
0.051649 0.000010 0.138673 0.000010 0.000010 0.068748 0.740900
0.000010 0.000010 0.000010 0.000010 0.999940 0.000010 0.000010
0.000010 0.000010 0.000010 0.000010 0.999940 0.000010 0.000010
0.000010 0.000010 0.000010 0.000010 0.999940 0.000010 0.000010
0.000010 0.000010 0.000010 0.000010 0.660248 0.339702 0.000010
0.000010 0.117972 0.000010 0.000010 0.000010 0.000010 0.881978
0.000010 0.999940 0.000010 0.000010 0.000010 0.000010 0.000010
0.057264 0.412492 0.153120 0.017041 0.000010 0.026156 0.333916
0.000010 0.999940 0.000010 0.000010 0.000010 0.000010 0.000010
0.000010 0.999940 0.000010 0.000010 0.000010 0.000010 0.000010
0.000010 0.852326 0.147624 0.000010 0.000010 0.000010 0.000010
0.000010 0.999940 0.000010 0.000010 0.000010 0.000010 0.000010
0.018646 0.061273 0.111289 0.038205 0.570835 0.020301 0.179451
0.069548 0.386121 0.149148 0.027421 0.000010 0.013507 0.354245
0.000010 0.999940 0.000010 0.000010 0.000010 0.000010 0.000010
0.293484 0.005924 0.040016 0.000010 0.000010 0.062528 0.598029
0.292234 0.000010 0.048174 0.014735 0.000010 0.000010 0.644827
0.293330 0.000010 0.039666 0.000010 0.000010 0.000010 0.666963
0.000016 0.999930 0.000014 0.000010 0.000010 0.000010 0.000010
0.000010 0.999940 0.000010 0.000010 0.000010 0.000010 0.000010
0.121522 0.147044 0.031827 0.191530 0.464997 0.000010 0.043071
0.119507 0.122387 0.000010 0.266067 0.428034 0.000010 0.063986
0.195228 0.302132 0.064290 0.080942 0.063312 0.073765 0.220330
0.000010 0.000010 0.000010 0.000010 0.185567 0.696305 0.118088
0.042947 0.125899 0.000010 0.103832 0.715631 0.000010 0.011671
0.099634 0.422986 0.102545 0.000010 0.008081 0.000010 0.366734
0.031862 0.013499 0.000010 0.065740 0.000010 0.888870 0.000010
0.163023 0.021920 0.000010 0.585542 0.007810 0.221685 0.000010
0.027152 0.027453 0.018403 0.923795 0.003177 0.000010 0.000010
0.196488 0.000010 0.000010 0.037863 0.000010 0.765609 0.000010
0.828648 0.016073 0.000010 0.138387 0.000010 0.009687 0.007185
0.028915 0.005171 0.000010 0.381340 0.040643 0.543911 0.000010
0.057326 0.000010 0.000010 0.554224 0.000010 0.388410 0.000010
0.005794 0.000010 0.000010 0.994156 0.000010 0.000010 0.000010
0.000014 0.000010 0.000010 0.000010 0.000010 0.000010 0.999936
0.000010 0.000010 0.000010 0.999940 0.000010 0.000010 0.000010
0.000010 0.208761 0.000010 0.000010 0.000010 0.000010 0.791189
0.000010 0.000010 0.000010 0.999940 0.000010 0.000010 0.000010
0.000010 0.000010 0.999940 0.000010 0.000010 0.000010 0.000010
0.000010 0.032779 0.932973 0.000010 0.000010 0.000010 0.034209
0.000010 0.000010 0.997862 0.000010 0.000010 0.000010 0.002088
0.000010 0.505698 0.037827 0.070688 0.317836 0.000010 0.067931
0.222230 0.129925 0.000010 0.000010 0.000010 0.000010 0.647804
0.117800 0.024178 0.000010 0.001509 0.012358 0.844134 0.000010
0.000010 0.750834 0.000010 0.000010 0.000010 0.000010 0.249116
0.238157 0.000010 0.000010 0.164488 0.000010 0.597315 0.000010
0.418183 0.009235 0.000010 0.110759 0.038523 0.423281 0.000010
0.037163 0.000010 0.000010 0.005198 0.000010 0.957599 0.000010
0.000010 0.000010 0.999940 0.000010 0.000010 0.000010 0.000010
0.000010 0.000010 0.999940 0.000010 0.000010 0.000010 0.000010
0.075392 0.000010 0.074231 0.031379 0.017899 0.464815 0.336273
0.829343 0.028601 0.000010 0.096522 0.012384 0.033129 0.000010
0.000010 0.001604 0.000010 0.000010 0.000010 0.998346 0.000010
0.806751 0.044942 0.000010 0.140449 0.007205 0.000633 0.000010
0.713548 0.028155 0.000010 0.134579 0.123688 0.000010 0.000010
0.078938 0.000010 0.000010 0.005574 0.000010 0.910224 0.005234
0.900777 0.000020 0.000010 0.099163 0.000010 0.000010 0.000010
0.000010 0.000010 0.138209 0.057868 0.000010 0.023778 0.780115
0.000010 0.000010 0.117940 0.018800 0.000010 0.065095 0.798135
0.000010 0.000010 0.000010 0.999940 0.000010 0.000010 0.000010
0.000010 0.000010 0.000010 0.000010 0.000010 0.999940 0.000010
0.000010 0.013089 0.000013 0.000010 0.000010 0.986858 0.000010
0.000010 0.000010 0.000010 0.999940 0.000010 0.000010 0.000010
0.835353 0.013972 0.000010 0.142913 0.000010 0.000010 0.007732
0.000010 0.000010 0.000010 0.999940 0.000010 0.000010 0.000010
0.000010 0.000010 0.000010 0.999940 0.000010 0.000010 0.000010
0.418743 0.000010 0.000010 0.581207 0.000010 0.000010 0.000010
0.444157 0.000010 0.000010 0.471739 0.051056 0.033018 0.000010
0.000010 0.035063 0.000010 0.964887 0.000010 0.000010 0.000010
0.032180 0.000010 0.000010 0.000010 0.000010 0.967770 0.000010
0.000010 0.000010 0.000010 0.999940 0.000010 0.000010 0.000010
0.000010 0.000010 0.999940 0.000010 0.000010 0.000010 0.000010
0.000010 0.000010 0.999940 0.000010 0.000010 0.000010 0.000010
0.000010 0.000010 0.996193 0.000010 0.000010 0.000010 0.003757
0.000010 0.000010 0.999940 0.000010 0.000010 0.000010 0.000010
