0.000010 0.836732 0.000010 0.150120 0.000010 0.000010 0.000010 0.013007 0.000010 0.000010 0.000010 0.000010 0.000010 0.000010 0.000010 0.000010 0.000010
0.000010 0.820896 0.000010 0.158874 0.000010 0.000010 0.000010 0.004739 0.000010 0.000010 0.000010 0.000010 0.005763 0.000010 0.009607 0.000010 0.000010
0.000010 0.999840 0.000010 0.000010 0.000010 0.000010 0.000010 0.000010 0.000010 0.000010 0.000010 0.000010 0.000010 0.000010 0.000010 0.000010 0.000010
0.009234 0.858138 0.000010 0.120736 0.000010 0.000010 0.000010 0.000010 0.010177 0.000010 0.000010 0.000010 0.000010 0.001595 0.000010 0.000010 0.000010
0.012217 0.802531 0.000010 0.166669 0.000010 0.018453 0.000010 0.000010 0.000010 0.000010 0.000010 0.000010 0.000010 0.000010 0.000010 0.000010 0.000010
0.000010 0.999840 0.000010 0.000010 0.000010 0.000010 0.000010 0.000010 0.000010 0.000010 0.000010 0.000010 0.000010 0.000010 0.000010 0.000010 0.000010
0.000010 0.926772 0.000010 0.054058 0.000010 0.000010 0.000010 0.014432 0.004608 0.000010 0.000010 0.000010 0.000010 0.000010 0.000010 0.000010 0.000010
0.000010 0.000010 0.000010 0.000010 0.000010 0.000010 0.000010 0.850421 0.000010 0.069899 0.036100 0.000010 0.002045 0.003227 0.010280 0.016571 0.011366
0.000010 0.000010 0.000010 0.000010 0.000010 0.999840 0.000010 0.000010 0.000010 0.000010 0.000010 0.000010 0.000010 0.000010 0.000010 0.000010 0.000010
0.000010 0.000010 0.000010 0.000010 0.000010 0.000010 0.000010 0.361905 0.000010 0.572205 0.028854 0.000010 0.000010 0.036906 0.000010 0.000010 0.000010
0.000010 0.000010 0.000010 0.000010 0.000010 0.999840 0.000010 0.000010 0.000010 0.000010 0.000010 0.000010 0.000010 0.000010 0.000010 0.000010 0.000010
0.000010 0.000010 0.000010 0.000010 0.000010 0.000010 0.000010 0.000010 0.000010 0.000010 0.000010 0.396439 0.000010 0.000010 0.000010 0.603411 0.000010
0.000010 0.000010 0.000010 0.000010 0.000010 0.000010 0.000010 0.000010 0.000010 0.000010 0.000010 0.335239 0.000010 0.000010 0.000010 0.664611 0.000010
0.000010 0.000010 0.927987 0.000010 0.000010 0.000010 0.000010 0.000010 0.000010 0.000010 0.071863 0.000010 0.000010 0.000010 0.000010 0.000010 0.000010
0.000010 0.000010 0.000010 0.000010 0.000010 0.000010 0.000010 0.000010 0.000010 0.000010 0.000010 0.434789 0.000010 0.000010 0.000010 0.565061 0.000010
0.000010 0.000010 0.000010 0.000010 0.000010 0.000010 0.000010 0.000010 0.000010 0.000010 0.000010 0.443370 0.000010 0.000010 0.000010 0.556480 0.000010
0.000010 0.000010 0.019298 0.000010 0.000010 0.000010 0.000010 0.007600 0.000010 0.122016 0.000010 0.012498 0.000010 0.777932 0.013226 0.000010 0.047330
0.000010 0.000010 0.000010 0.000010 0.000010 0.000010 0.000010 0.000010 0.000010 0.000010 0.000010 0.411309 0.000010 0.000010 0.000010 0.588541 0.000010
0.000010 0.000010 0.019103 0.000010 0.000010 0.000010 0.023762 0.005566 0.000010 0.088514 0.034821 0.000010 0.000010 0.666347 0.007149 0.000010 0.154647
0.000010 0.000010 0.999840 0.000010 0.000010 0.000010 0.000010 0.000010 0.000010 0.000010 0.000010 0.000010 0.000010 0.000010 0.000010 0.000010 0.000010
0.000010 0.984523 0.015327 0.000010 0.000010 0.000010 0.000010 0.000010 0.000010 0.000010 0.000010 0.000010 0.000010 0.000010 0.000010 0.000010 0.000010
0.000010 0.000010 0.000010 0.000010 0.000010 0.000010 0.000010 0.000010 0.000010 0.000010 0.000010 0.495169 0.000010 0.000010 0.000010 0.504681 0.000010
0.000010 0.000010 0.000010 0.000010 0.000010 0.000010 0.000010 0.000010 0.000010 0.000010 0.000010 0.421861 0.000010 0.000010 0.000010 0.577989 0.000010
0.000010 0.999840 0.000010 0.000010 0.000010 0.000010 0.000010 0.000010 0.000010 0.000010 0.000010 0.000010 0.000010 0.000010 0.000010 0.000010 0.000010
0.000010 0.000010 0.020384 0.038019 0.000010 0.000010 0.000010 0.031033 0.003672 0.076616 0.023002 0.022647 0.000010 0.651808 0.006076 0.006338 0.120344
0.000010 0.000010 0.000010 0.000010 0.000010 0.364573 0.000010 0.000010 0.000010 0.635277 0.000010 0.000010 0.000010 0.000010 0.000010 0.000010 0.000010
0.044858 0.755400 0.000010 0.163445 0.000010 0.019676 0.000010 0.000010 0.000010 0.000010 0.000870 0.000010 0.003610 0.012040 0.000010 0.000010 0.000010
0.026061 0.711470 0.000010 0.184931 0.000010 0.000010 0.000010 0.026553 0.000010 0.000010 0.000010 0.000010 0.000010 0.041812 0.009062 0.000010 0.000010
0.000010 0.000010 0.000010 0.000010 0.000010 0.999840 0.000010 0.000010 0.000010 0.000010 0.000010 0.000010 0.000010 0.000010 0.000010 0.000010 0.000010
0.000010 0.000010 0.000010 0.000010 0.000010 0.999840 0.000010 0.000010 0.000010 0.000010 0.000010 0.000010 0.000010 0.000010 0.000010 0.000010 0.000010
0.000010 0.000010 0.000010 0.000010 0.000010 0.000010 0.000010 0.000010 0.000010 0.000010 0.000010 0.509384 0.000010 0.000010 0.000010 0.490466 0.000010
0.044627 0.000010 0.000010 0.000010 0.000010 0.442097 0.000010 0.073707 0.000010 0.101372 0.000010 0.000010 0.017521 0.276262 0.010613 0.000010 0.033709
0.000010 0.000010 0.000010 0.000010 0.000010 0.000010 0.999840 0.000010 0.000010 0.000010 0.000010 0.000010 0.000010 0.000010 0.000010 0.000010 0.000010
0.000010 0.000010 0.000010 0.000010 0.000010 0.000010 0.000010 0.000010 0.000010 0.000010 0.000010 0.447125 0.000010 0.000010 0.000010 0.552725 0.000010
0.000010 0.000010 0.000010 0.000010 0.000010 0.000010 0.000010 0.000010 0.000010 0.000010 0.000010 0.000010 0.999840 0.000010 0.000010 0.000010 0.000010
0.000010 0.000010 0.000010 0.000010 0.000010 0.000010 0.000010 0.000010 0.000010 0.000010 0.000010 0.389478 0.000010 0.000010 0.000010 0.610372 0.000010
0.000010 0.000010 0.000010 0.000010 0.000010 0.000010 0.000010 0.000010 0.000010 0.000010 0.000010 0.456967 0.000010 0.000010 0.000010 0.542883 0.000010
0.000010 0.000010 0.000010 0.000010 0.000010 0.000010 0.000010 0.000010 0.000010 0.000010 0.000010 0.000010 0.000010 0.000010 0.000010 0.000010 0.999840
0.000010 0.754364 0.007809 0.146268 0.000010 0.060875 0.000010 0.000010 0.003741 0.000010 0.000010 0.000010 0.000010 0.026832 0.000010 0.000010 0.000010
0.000010 0.827826 0.000010 0.132004 0.000010 0.000010 0.000010 0.012375 0.000010 0.000010 0.000010 0.000010 0.006888 0.007261 0.000010 0.013536 0.000010
0.000010 0.941551 0.000010 0.058299 0.000010 0.000010 0.000010 0.000010 0.000010 0.000010 0.000010 0.000010 0.000010 0.000010 0.000010 0.000010 0.000010
0.025745 0.807331 0.000010 0.107117 0.000010 0.000010 0.000010 0.000010 0.000010 0.000010 0.000010 0.000010 0.000010 0.044350 0.015336 0.000010 0.000010
0.000010 0.729635 0.000010 0.186672 0.000010 0.041371 0.038510 0.000010 0.000010 0.000010 0.000010 0.000010 0.000010 0.000014 0.003688 0.000010 0.000010
0.000010 0.830591 0.000010 0.118564 0.000010 0.000010 0.000010 0.050705 0.000010 0.000010 0.000010 0.000010 0.000010 0.000010 0.000010 0.000010 0.000010
0.000010 0.437525 0.009511 0.063101 0.016358 0.000010 0.000010 0.000010 0.000010 0.000010 0.000010 0.000010 0.000010 0.402401 0.037351 0.001541 0.032122
0.000010 0.000010 0.000010 0.000010 0.000010 0.000010 0.000010 0.000010 0.000010 0.000010 0.000010 0.886796 0.000010 0.000010 0.000010 0.113054 0.000010
0.000010 0.000010 0.000010 0.000010 0.000010 0.000010 0.000010 0.000010 0.000010 0.000010 0.000010 0.414871 0.000010 0.000010 0.000010 0.584979 0.000010
0.000010 0.000010 0.000010 0.000010 0.021694 0.000010 0.005088 0.000010 0.001113 0.000010 0.000010 0.798246 0.001968 0.000010 0.000010 0.171781 0.000010
0.000010 0.000010 0.000010 0.000010 0.000010 0.000010 0.000010 0.000010 0.000010 0.000010 0.000010 0.481080 0.000010 0.000010 0.000010 0.518770 0.000010
0.000010 0.000010 0.000010 0.000010 0.000010 0.000010 0.000010 0.000010 0.002220 0.000010 0.000010 0.669400 0.000010 0.000010 0.000010 0.328240 0.000010
0.000010 0.000010 0.000010 0.000010 0.000010 0.000010 0.000010 0.000010 0.000010 0.000010 0.000010 0.999840 0.000010 0.000010 0.000010 0.000010 0.000010
0.000010 0.000010 0.002396 0.000010 0.000010 0.000010 0.000010 0.000010 0.000010 0.000010 0.000010 0.885733 0.000010 0.000010 0.000010 0.111731 0.000010
0.000010 0.999840 0.000010 0.000010 0.000010 0.000010 0.000010 0.000010 0.000010 0.000010 0.000010 0.000010 0.000010 0.000010 0.000010 0.000010 0.000010
0.000010 0.076806 0.111605 0.066506 0.221843 0.196780 0.026455 0.059201 0.031530 0.060587 0.018322 0.018188 0.008644 0.000010 0.009193 0.000010 0.094309
0.000010 0.999840 0.000010 0.000010 0.000010 0.000010 0.000010 0.000010 0.000010 0.000010 0.000010 0.000010 0.000010 0.000010 0.000010 0.000010 0.000010
0.056415 0.840266 0.000010 0.103179 0.000010 0.000010 0.000010 0.000010 0.000010 0.000010 0.000010 0.000010 0.000010 0.000010 0.000010 0.000010 0.000010
0.000010 0.791034 0.000010 0.112193 0.000010 0.067662 0.000010 0.000010 0.000010 0.000010 0.000010 0.000010 0.000010 0.028981 0.000010 0.000010 0.000010
0.000010 0.905738 0.000010 0.093736 0.000010 0.000010 0.000010 0.000010 0.000010 0.000010 0.000010 0.000010 0.000386 0.000010 0.000010 0.000010 0.000010
0.000010 0.000010 0.003883 0.000010 0.000010 0.000010 0.000010 0.000010 0.000010 0.000010 0.000010 0.729754 0.000010 0.000010 0.000010 0.266223 0.000010
0.000010 0.000010 0.000010 0.000010 0.000010 0.000010 0.000010 0.000010 0.000010 0.000010 0.000010 0.999840 0.000010 0.000010 0.000010 0.000010 0.000010
0.000010 0.000010 0.039370 0.000010 0.000010 0.000010 0.000010 0.000010 0.000010 0.000010 0.000010 0.960480 0.000010 0.000010 0.000010 0.000010 0.000010
0.000010 0.000010 0.000010 0.000010 0.000010 0.000010 0.000010 0.000010 0.000010 0.000010 0.000010 0.839179 0.000010 0.000010 0.000010 0.160671 0.000010
0.000010 0.000010 0.000010 0.000010 0.000010 0.000010 0.999840 0.000010 0.000010 0.000010 0.000010 0.000010 0.000010 0.000010 0.000010 0.000010 0.000010
0.000010 0.999840 0.000010 0.000010 0.000010 0.000010 0.000010 0.000010 0.000010 0.000010 0.000010 0.000010 0.000010 0.000010 0.000010 0.000010 0.000010
0.000010 0.999840 0.000010 0.000010 0.000010 0.000010 0.000010 0.000010 0.000010 0.000010 0.000010 0.000010 0.000010 0.000010 0.000010 0.000010 0.000010
0.035605 0.087897 0.045964 0.043543 0.124713 0.264735 0.000010 0.147945 0.024775 0.049076 0.023300 0.000010 0.020899 0.000010 0.000010 0.021478 0.110032
0.000010 0.000010 0.000010 0.000013 0.000010 0.000010 0.181222 0.000010 0.000017 0.000010 0.000010 0.000010 0.818618 0.000010 0.000010 0.000010 0.000010
0.000010 0.000010 0.310978 0.000010 0.000010 0.000010 0.000010 0.000010 0.000010 0.000010 0.688872 0.000010 0.000010 0.000010 0.000010 0.000010 0.000010
0.000010 0.000010 0.038516 0.000010 0.000010 0.000010 0.000010 0.000010 0.000010 0.000010 0.008884 0.682886 0.000010 0.000010 0.000010 0.269584 0.000010
0.000010 0.000010 0.067292 0.000010 0.000010 0.000010 0.000010 0.000010 0.000010 0.000010 0.000010 0.924077 0.000010 0.000010 0.000010 0.008492 0.000010
0.000010 0.000010 0.000010 0.000010 0.000010 0.000010 0.000010 0.039267 0.000010 0.000010 0.000010 0.000010 0.000010 0.960583 0.000010 0.000010 0.000010
0.000010 0.000010 0.000013 0.000010 0.000010 0.000010 0.000010 0.000010 0.000496 0.000010 0.000010 0.731514 0.002344 0.000010 0.000010 0.265514 0.000010
0.000010 0.000010 0.000010 0.000010 0.000010 0.000010 0.000010 0.000010 0.000010 0.000010 0.000010 0.999840 0.000010 0.000010 0.000010 0.000010 0.000010
0.000010 0.000010 0.000010 0.000010 0.000010 0.000010 0.000010 0.000010 0.000010 0.000010 0.000010 0.843151 0.000010 0.000010 0.000010 0.156699 0.000010
0.000010 0.000010 0.000010 0.000010 0.000010 0.000010 0.574797 0.424796 0.000010 0.000010 0.000268 0.000010 0.000010 0.000010 0.000010 0.000010 0.000010
0.000010 0.000010 0.000010 0.000010 0.041531 0.000010 0.243612 0.000010 0.000010 0.000010 0.105912 0.000010 0.608815 0.000010 0.000010 0.000010 0.000010
0.000010 0.000010 0.000010 0.000010 0.000010 0.000010 0.000010 0.999840 0.000010 0.000010 0.000010 0.000010 0.000010 0.000010 0.000010 0.000010 0.000010
0.044811 0.000010 0.000010 0.000010 0.000010 0.955039 0.000010 0.000010 0.000010 0.000010 0.000010 0.000010 0.000010 0.000010 0.000010 0.000010 0.000010
0.000010 0.000010 0.000010 0.000010 0.000010 0.000010 0.000010 0.999840 0.000010 0.000010 0.000010 0.000010 0.000010 0.000010 0.000010 0.000010 0.000010
0.000010 0.000010 0.000010 0.000010 0.197502 0.028113 0.337268 0.000010 0.043131 0.046844 0.000010 0.000010 0.347031 0.000010 0.000010 0.000010 0.000010
0.000010 0.000010 0.000010 0.000010 0.000010 0.000010 0.000010 0.999840 0.000010 0.000010 0.000010 0.000010 0.000010 0.000010 0.000010 0.000010 0.000010
0.000010 0.000010 0.000010 0.000010 0.000010 0.246654 0.229054 0.000010 0.000010 0.000010 0.018986 0.000010 0.505176 0.000010 0.000010 0.000010 0.000010
0.000010 0.000010 0.000010 0.000010 0.000010 0.000010 0.000010 0.000010 0.000010 0.000010 0.000010 0.565484 0.000010 0.000010 0.000010 0.434366 0.000010
0.000010 0.000010 0.000010 0.000010 0.000010 0.000010 0.000010 0.000010 0.000010 0.000010 0.000010 0.567884 0.000010 0.000010 0.000010 0.431966 0.000010
0.000010 0.000010 0.000010 0.000010 0.000010 0.000010 0.000010 0.000010 0.000010 0.000010 0.000010 0.929139 0.000010 0.000010 0.000010 0.070711 0.000010
0.000010 0.000010 0.000010 0.000010 0.000010 0.000010 0.000010 0.999840 0.000010 0.000010 0.000010 0.000010 0.000010 0.000010 0.000010 0.000010 0.000010
0.000010 0.000010 0.000010 0.000010 0.000010 0.000010 0.000010 0.000010 0.000010 0.000010 0.000010 0.683759 0.000010 0.000010 0.000010 0.316091 0.000010
0.002592 0.067741 0.000010 0.000010 0.000010 0.000010 0.000010 0.020614 0.000743 0.000010 0.000010 0.000010 0.000010 0.775584 0.025363 0.000010 0.107262
0.000010 0.000010 0.000010 0.000010 0.000010 0.000010 0.000010 0.000010 0.000010 0.000010 0.000010 0.999840 0.000010 0.000010 0.000010 0.000010 0.000010
0.000010 0.000010 0.000010 0.000010 0.000010 0.000010 0.000010 0.790305 0.000010 0.158052 0.051503 0.000010 0.000010 0.000010 0.000010 0.000010 0.000010
0.000010 0.000010 0.000010 0.000010 0.000010 0.000010 0.000010 0.999840 0.000010 0.000010 0.000010 0.000010 0.000010 0.000010 0.000010 0.000010 0.000010
0.000010 0.000010 0.000010 0.000010 0.000010 0.000010 0.000010 0.853234 0.000010 0.102336 0.000010 0.000010 0.000010 0.039544 0.000010 0.004756 0.000010
0.345266 0.000010 0.000010 0.000010 0.000010 0.000010 0.654584 0.000010 0.000010 0.000010 0.000010 0.000010 0.000010 0.000010 0.000010 0.000010 0.000010
0.051360 0.000010 0.000010 0.000010 0.000010 0.948490 0.000010 0.000010 0.000010 0.000010 0.000010 0.000010 0.000010 0.000010 0.000010 0.000010 0.000010
0.000010 0.000010 0.000010 0.000010 0.000010 0.000010 0.000010 0.000010 0.000010 0.000010 0.000010 0.999840 0.000010 0.000010 0.000010 0.000010 0.000010
0.000010 0.000010 0.000010 0.000010 0.000010 0.000010 0.000010 0.000010 0.000010 0.000010 0.000010 0.999840 0.000010 0.000010 0.000010 0.000010 0.000010
0.036785 0.120152 0.000010 0.000010 0.020109 0.726115 0.000010 0.076619 0.000010 0.020111 0.000010 0.000010 0.000010 0.000010 0.000010 0.000010 0.000010
0.000010 0.000010 0.000010 0.000010 0.000010 0.054064 0.000010 0.000010 0.000010 0.130638 0.000010 0.017204 0.000010 0.763346 0.000010 0.000010 0.034628
0.014840 0.000010 0.000010 0.000010 0.000010 0.521084 0.000010 0.463936 0.000010 0.000010 0.000010 0.000010 0.000010 0.000010 0.000010 0.000010 0.000010
0.035270 0.000010 0.476045 0.000010 0.000010 0.000010 0.454173 0.000010 0.000010 0.000010 0.034383 0.000010 0.000010 0.000010 0.000010 0.000010 0.000010
0.000010 0.000010 0.000010 0.000010 0.000010 0.000010 0.000010 0.000010 0.000010 0.000010 0.000010 0.000010 0.000010 0.000010 0.000010 0.999840 0.000010
0.000010 0.000010 0.000010 0.000010 0.000010 0.000010 0.000010 0.000010 0.999840 0.000010 0.000010 0.000010 0.000010 0.000010 0.000010 0.000010 0.000010
0.000018 0.012936 0.000010 0.000010 0.000010 0.462974 0.000010 0.037319 0.000010 0.000010 0.000010 0.000010 0.000010 0.451680 0.000010 0.034962 0.000010
0.000010 0.377007 0.000010 0.124021 0.000010 0.000010 0.000010 0.000010 0.000010 0.014763 0.000010 0.000010 0.000010 0.484080 0.000010 0.000010 0.000010
0.000010 0.000010 0.000010 0.000010 0.000010 0.000010 0.000010 0.000010 0.000010 0.000010 0.000010 0.000010 0.000010 0.999840 0.000010 0.000010 0.000010
0.004579 0.000010 0.000010 0.068972 0.000012 0.592624 0.000010 0.000010 0.000010 0.053977 0.000010 0.000010 0.000010 0.274359 0.005378 0.000010 0.000010
0.046197 0.003664 0.000010 0.000010 0.000010 0.438362 0.000010 0.034569 0.018385 0.092838 0.000010 0.000010 0.000010 0.365884 0.000010 0.000010 0.000010
0.000010 0.000010 0.000010 0.000010 0.000010 0.514225 0.000010 0.000010 0.000010 0.012612 0.000010 0.000010 0.000010 0.471906 0.000010 0.001126 0.000010
0.000010 0.000010 0.014272 0.000010 0.000010 0.081659 0.000010 0.000010 0.000010 0.000010 0.000010 0.000010 0.000010 0.873079 0.000010 0.018256 0.012615
0.032297 0.000159 0.025239 0.000010 0.000010 0.000010 0.018593 0.120453 0.023247 0.141936 0.016738 0.019544 0.538099 0.042792 0.000010 0.020852 0.000010
0.460112 0.000010 0.000010 0.000010 0.000010 0.539738 0.000010 0.000010 0.000010 0.000010 0.000010 0.000010 0.000010 0.000010 0.000010 0.000010 0.000010
0.000010 0.000010 0.517777 0.000010 0.000010 0.000010 0.000010 0.276218 0.000010 0.000010 0.000010 0.000010 0.169456 0.000010 0.000010 0.036420 0.000010
0.000010 0.000010 0.081668 0.000010 0.000010 0.000010 0.402268 0.000010 0.000010 0.000010 0.000010 0.000010 0.515924 0.000010 0.000010 0.000010 0.000010
0.000010 0.000010 0.000010 0.009377 0.000010 0.348425 0.021140 0.556542 0.000010 0.035087 0.000010 0.000010 0.004732 0.000010 0.000010 0.024597 0.000010
0.012486 0.455660 0.000010 0.000010 0.000010 0.000010 0.000010 0.527189 0.000010 0.000010 0.000010 0.000010 0.000010 0.000010 0.004535 0.000010 0.000010
0.000010 0.000010 0.042393 0.000010 0.180812 0.000010 0.000010 0.000010 0.000010 0.065399 0.028597 0.026025 0.323443 0.000010 0.309379 0.000010 0.023862
0.000010 0.000010 0.000010 0.000010 0.000010 0.000010 0.000010 0.000010 0.000010 0.911084 0.000010 0.000010 0.000010 0.000010 0.088766 0.000010 0.000010
0.000010 0.000010 0.000010 0.000010 0.000010 0.000010 0.000010 0.000010 0.000010 0.999828 0.000010 0.000018 0.000010 0.000010 0.000010 0.000015 0.000010
0.011555 0.040230 0.261793 0.129898 0.000010 0.133573 0.000010 0.137239 0.000010 0.000010 0.000010 0.000010 0.232132 0.006040 0.000010 0.016168 0.031302
0.000010 0.000010 0.000010 0.000010 0.000010 0.000010 0.000010 0.000010 0.000010 0.999840 0.000010 0.000010 0.000010 0.000010 0.000010 0.000010 0.000010
0.000010 0.000010 0.000010 0.000010 0.000010 0.475031 0.000010 0.000202 0.000010 0.468272 0.000010 0.000010 0.014248 0.000010 0.026819 0.000010 0.015317
0.000010 0.000010 0.000010 0.000010 0.000010 0.000010 0.000010 0.000010 0.000010 0.875762 0.000010 0.000010 0.000010 0.000010 0.124088 0.000010 0.000010
0.000010 0.000010 0.000010 0.000010 0.097596 0.000010 0.000010 0.000010 0.013276 0.375021 0.000010 0.013060 0.118802 0.210830 0.000010 0.000010 0.171317
0.999840 0.000010 0.000010 0.000010 0.000010 0.000010 0.000010 0.000010 0.000010 0.000010 0.000010 0.000010 0.000010 0.000010 0.000010 0.000010 0.000010
0.000010 0.389120 0.000010 0.391223 0.020557 0.087491 0.000010 0.023952 0.003612 0.000010 0.000010 0.021674 0.000010 0.056253 0.005541 0.000010 0.000507
0.041607 0.152586 0.000010 0.202395 0.000010 0.360069 0.000010 0.184909 0.006275 0.000010 0.000010 0.000010 0.000010 0.052059 0.000010 0.000010 0.000010
0.000010 0.000010 0.000010 0.000010 0.043374 0.000010 0.000010 0.419459 0.000010 0.182035 0.000010 0.000010 0.000010 0.000010 0.014187 0.000010 0.340825
0.000010 0.000010 0.000010 0.000010 0.000010 0.590106 0.000010 0.409744 0.000010 0.000010 0.000010 0.000010 0.000010 0.000010 0.000010 0.000010 0.000010
0.000010 0.000010 0.000010 0.000010 0.000010 0.000010 0.000010 0.999840 0.000010 0.000010 0.000010 0.000010 0.000010 0.000010 0.000010 0.000010 0.000010
0.000010 0.000010 0.000010 0.001598 0.000010 0.525713 0.000010 0.433759 0.000010 0.037840 0.000010 0.000010 0.000010 0.000010 0.000970 0.000010 0.000010
0.000010 0.000010 0.000010 0.000010 0.000010 0.078938 0.000010 0.291861 0.000010 0.000010 0.004869 0.000010 0.000010 0.000010 0.000010 0.000010 0.624202
0.000010 0.000010 0.011767 0.000010 0.000010 0.307760 0.000010 0.630470 0.000010 0.000010 0.000010 0.000010 0.002331 0.000010 0.047552 0.000010 0.000010
0.000010 0.000010 0.000010 0.000010 0.000010 0.121288 0.000010 0.312941 0.000010 0.000010 0.020896 0.000010 0.007417 0.000010 0.000010 0.000010 0.537337
0.000010 0.000010 0.731287 0.000010 0.000010 0.000010 0.000010 0.000010 0.000010 0.000010 0.000010 0.000010 0.268563 0.000010 0.000010 0.000010 0.000010
0.173607 0.000010 0.365361 0.000010 0.000010 0.000010 0.003626 0.000010 0.000010 0.000010 0.000010 0.000010 0.457276 0.000010 0.000010 0.000010 0.000010
0.000010 0.033272 0.234837 0.000010 0.000010 0.030565 0.000010 0.389135 0.000010 0.000010 0.000010 0.000010 0.287592 0.000010 0.000010 0.000010 0.024489
0.000010 0.000010 0.000010 0.000010 0.000010 0.000010 0.000010 0.000010 0.999840 0.000010 0.000010 0.000010 0.000010 0.000010 0.000010 0.000010 0.000010
0.451657 0.000010 0.410593 0.000010 0.000010 0.000010 0.000010 0.000010 0.000010 0.018587 0.057319 0.000010 0.019083 0.000010 0.004138 0.038524 0.000010
0.000010 0.490640 0.412129 0.000010 0.000010 0.000010 0.043602 0.000010 0.000010 0.008703 0.014304 0.013613 0.000010 0.000010 0.000010 0.000010 0.016908
0.000010 0.000010 0.000010 0.000010 0.000010 0.000010 0.000010 0.000010 0.000010 0.000010 0.027524 0.000010 0.000010 0.000010 0.000010 0.011874 0.960462
0.088496 0.000010 0.506241 0.000010 0.013547 0.015823 0.297722 0.033865 0.000010 0.000010 0.000010 0.030168 0.000010 0.000010 0.014048 0.000010 0.000010
0.000010 0.000010 0.000010 0.000010 0.061489 0.000010 0.000010 0.000010 0.000010 0.339225 0.058901 0.000010 0.000010 0.000010 0.000010 0.020951 0.519313
0.000010 0.000010 0.999828 0.000012 0.000010 0.000010 0.000010 0.000010 0.000010 0.000010 0.000010 0.000010 0.000010 0.000020 0.000010 0.000010 0.000010
0.000010 0.000010 0.999833 0.000010 0.000010 0.000010 0.000010 0.000011 0.000010 0.000010 0.000010 0.000010 0.000010 0.000010 0.000010 0.000015 0.000010
0.000010 0.000010 0.000010 0.000010 0.000010 0.000010 0.000010 0.000010 0.000010 0.077997 0.033181 0.000010 0.000010 0.487392 0.000010 0.000010 0.401300
0.000010 0.000010 0.000010 0.000010 0.000010 0.000010 0.000010 0.000010 0.000010 0.325989 0.000010 0.000010 0.000010 0.000010 0.000010 0.000010 0.673861
0.034563 0.000010 0.000010 0.000010 0.000010 0.000010 0.033894 0.308049 0.000010 0.007882 0.196802 0.000010 0.343605 0.000010 0.003873 0.022294 0.048958
0.000010 0.000010 0.553488 0.000010 0.411778 0.000010 0.016327 0.000010 0.000010 0.000010 0.000010 0.000010 0.018277 0.000010 0.000010 0.000010 0.000010
0.000010 0.000010 0.000010 0.000010 0.000010 0.000010 0.000010 0.000010 0.000010 0.000010 0.000010 0.000011 0.000010 0.000010 0.000010 0.000010 0.999839
0.000010 0.000010 0.000010 0.000010 0.000010 0.000010 0.000010 0.000010 0.000010 0.000010 0.000010 0.000010 0.000010 0.000010 0.000010 0.000010 0.999840
0.000010 0.000010 0.000010 0.000010 0.000010 0.000010 0.000010 0.000010 0.000010 0.119282 0.000010 0.000010 0.028167 0.000010 0.094818 0.000010 0.757604
0.010891 0.000010 0.535358 0.000010 0.000010 0.000010 0.000010 0.270046 0.000010 0.000010 0.000010 0.000010 0.183574 0.000010 0.000010 0.000010 0.000010
0.000010 0.000010 0.000244 0.000010 0.000010 0.000010 0.000010 0.000010 0.000010 0.142650 0.000010 0.000010 0.012053 0.000010 0.000010 0.000010 0.844923
0.000010 0.000010 0.000010 0.000010 0.000010 0.000010 0.000010 0.000010 0.000010 0.000010 0.000010 0.000010 0.000010 0.000010 0.000010 0.000010 0.999840
0.013587 0.000010 0.000010 0.000010 0.000010 0.030934 0.000010 0.000010 0.000010 0.357096 0.006245 0.000010 0.011716 0.037711 0.133759 0.000010 0.408861
0.003402 0.647606 0.000010 0.167819 0.000010 0.027798 0.000010 0.086363 0.029571 0.000010 0.000010 0.000010 0.000010 0.018601 0.000010 0.018751 0.000010
0.000010 0.000010 0.000010 0.000010 0.000010 0.000010 0.000010 0.000010 0.000010 0.991699 0.008151 0.000010 0.000010 0.000010 0.000010 0.000010 0.000010
0.000010 0.000010 0.000010 0.000010 0.000010 0.000010 0.000010 0.000010 0.000010 0.000010 0.999840 0.000010 0.000010 0.000010 0.000010 0.000010 0.000010
0.000010 0.000010 0.000010 0.000010 0.000010 0.000010 0.000010 0.000010 0.000010 0.000010 0.000010 0.000010 0.000010 0.000010 0.000010 0.000010 0.999840
0.000010 0.000010 0.000010 0.000010 0.000010 0.000010 0.000010 0.000010 0.000010 0.000010 0.000010 0.000010 0.000010 0.000010 0.000010 0.000010 0.999840
0.000010 0.000010 0.000010 0.000010 0.000010 0.000010 0.000010 0.000010 0.000010 0.000010 0.000010 0.000010 0.000010 0.000010 0.000010 0.000010 0.999840
0.000010 0.000011 0.999835 0.000011 0.000010 0.000010 0.000013 0.000010 0.000010 0.000011 0.000010 0.000010 0.000010 0.000010 0.000010 0.000010 0.000010
0.000010 0.894688 0.003699 0.068611 0.000010 0.000010 0.009148 0.001435 0.022310 0.000010 0.000010 0.000010 0.000010 0.000010 0.000010 0.000010 0.000010
0.000010 0.000010 0.000010 0.000010 0.000010 0.000010 0.000010 0.808924 0.000010 0.147720 0.043216 0.000010 0.000010 0.000010 0.000010 0.000010 0.000010
0.000010 0.000010 0.000010 0.000010 0.999840 0.000010 0.000010 0.000010 0.000010 0.000010 0.000010 0.000010 0.000010 0.000010 0.000010 0.000010 0.000010
0.032473 0.000010 0.429781 0.000010 0.000010 0.394775 0.000010 0.092903 0.000010 0.003224 0.000010 0.000010 0.007550 0.000010 0.022816 0.016388 0.000010
0.000010 0.000010 0.146384 0.000010 0.000010 0.000010 0.000010 0.000010 0.000010 0.000010 0.000010 0.000010 0.853466 0.000010 0.000010 0.000010 0.000010
0.000010 0.000010 0.000010 0.000010 0.258653 0.000010 0.000010 0.000010 0.000010 0.000010 0.000010 0.000010 0.741197 0.000010 0.000010 0.000010 0.000010
0.000010 0.000010 0.241643 0.000010 0.000010 0.264187 0.471789 0.000010 0.022251 0.000010 0.000010 0.000010 0.000010 0.000010 0.000010 0.000010 0.000010
0.000010 0.000010 0.000010 0.000010 0.000010 0.000010 0.000010 0.000010 0.000010 0.000010 0.999840 0.000010 0.000010 0.000010 0.000010 0.000010 0.000010
0.000010 0.000010 0.352775 0.000010 0.000010 0.000010 0.000010 0.000010 0.000010 0.046067 0.003286 0.031999 0.538270 0.000010 0.000010 0.027494 0.000010
0.999830 0.000010 0.000010 0.000010 0.000010 0.000010 0.000010 0.000010 0.000016 0.000010 0.000013 0.000010 0.000010 0.000010 0.000010 0.000010 0.000010
0.000010 0.850622 0.000010 0.070917 0.000010 0.000010 0.000010 0.000010 0.033457 0.044874 0.000010 0.000010 0.000010 0.000010 0.000010 0.000010 0.000010
0.025917 0.000010 0.000010 0.000010 0.000010 0.011473 0.000010 0.127318 0.000010 0.000010 0.156003 0.004255 0.164579 0.000010 0.000010 0.510355 0.000010
0.000010 0.000010 0.104929 0.000010 0.000010 0.000010 0.502721 0.000010 0.000010 0.000010 0.000010 0.000010 0.392209 0.000010 0.000010 0.000010 0.000010
0.000010 0.000010 0.999837 0.000010 0.000010 0.000010 0.000013 0.000010 0.000010 0.000010 0.000010 0.000010 0.000010 0.000010 0.000010 0.000010 0.000010
0.000010 0.000010 0.230798 0.000010 0.095104 0.000010 0.099562 0.000010 0.013208 0.000010 0.000010 0.000010 0.561207 0.000010 0.000010 0.000010 0.000010
0.000010 0.000010 0.969394 0.000010 0.000010 0.000010 0.000010 0.000010 0.000010 0.000010 0.030456 0.000010 0.000010 0.000010 0.000010 0.000010 0.000010
0.000010 0.000010 0.000010 0.000010 0.000010 0.000010 0.000010 0.000010 0.000010 0.000010 0.000010 0.000010 0.000010 0.000010 0.000010 0.999840 0.000010
0.000010 0.000010 0.505354 0.000010 0.000010 0.000010 0.000010 0.000010 0.000010 0.000010 0.074791 0.000010 0.419714 0.000010 0.000010 0.000010 0.000010
0.000010 0.000010 0.543990 0.000010 0.000010 0.000010 0.000010 0.000010 0.000010 0.000010 0.000010 0.000010 0.455860 0.000010 0.000010 0.000010 0.000010
0.000010 0.000010 0.694751 0.000010 0.000010 0.000010 0.000010 0.000010 0.000010 0.000010 0.000010 0.000010 0.305099 0.000010 0.000010 0.000010 0.000010
0.000010 0.000010 0.000010 0.000010 0.000010 0.000010 0.000010 0.000010 0.000010 0.000010 0.000010 0.000010 0.000010 0.000010 0.000010 0.999840 0.000010
0.000010 0.000010 0.071356 0.000010 0.000010 0.000010 0.000010 0.000010 0.000010 0.000010 0.000010 0.000010 0.000010 0.000010 0.000010 0.928494 0.000010
0.000010 0.000010 0.000010 0.000010 0.000010 0.000010 0.000010 0.000010 0.000010 0.000010 0.000010 0.676810 0.000010 0.000010 0.000010 0.323040 0.000010
0.000010 0.000010 0.000010 0.000010 0.000010 0.000010 0.000010 0.000010 0.000010 0.000010 0.000010 0.000010 0.000010 0.000010 0.000010 0.999840 0.000010
0.000010 0.000010 0.000010 0.000010 0.000010 0.000010 0.000010 0.000010 0.000010 0.000010 0.000010 0.000010 0.000010 0.000010 0.000010 0.999840 0.000010
0.000010 0.000010 0.000010 0.000010 0.000010 0.000010 0.000010 0.000010 0.000010 0.000010 0.000010 0.000010 0.000010 0.000010 0.000010 0.999840 0.000010
0.000010 0.999840 0.000010 0.000010 0.000010 0.000010 0.000010 0.000010 0.000010 0.000010 0.000010 0.000010 0.000010 0.000010 0.000010 0.000010 0.000010
0.000010 0.123416 0.086742 0.000010 0.218528 0.000010 0.011646 0.101701 0.000010 0.046243 0.271493 0.000010 0.000010 0.008354 0.000010 0.010846 0.120960
0.042790 0.000010 0.000010 0.000010 0.000010 0.040056 0.000010 0.915158 0.000010 0.000010 0.001865 0.000010 0.000010 0.000010 0.000010 0.000010 0.000010
0.000010 0.000010 0.000010 0.000010 0.000010 0.000010 0.000010 0.000010 0.000010 0.000010 0.000010 0.000010 0.000010 0.000010 0.000010 0.000010 0.999840
0.000010 0.000010 0.455236 0.000010 0.050785 0.000010 0.000010 0.000010 0.000010 0.000010 0.000010 0.000010 0.493840 0.000010 0.000010 0.000010 0.000010
0.000010 0.000010 0.000010 0.000010 0.345839 0.000010 0.007968 0.000010 0.004922 0.000010 0.000010 0.062647 0.000010 0.000010 0.000010 0.578504 0.000010
0.000010 0.000010 0.000010 0.000010 0.999840 0.000010 0.000010 0.000010 0.000010 0.000010 0.000010 0.000010 0.000010 0.000010 0.000010 0.000010 0.000010
0.045955 0.004681 0.007157 0.000010 0.000010 0.942077 0.000010 0.000010 0.000010 0.000010 0.000010 0.000010 0.000010 0.000010 0.000010 0.000010 0.000010
0.000010 0.000010 0.000010 0.000010 0.000010 0.999840 0.000010 0.000010 0.000010 0.000010 0.000010 0.000010 0.000010 0.000010 0.000010 0.000010 0.000010
0.000010 0.000010 0.000010 0.000010 0.000010 0.000010 0.000010 0.000010 0.000010 0.000010 0.000010 0.000010 0.000010 0.000010 0.999840 0.000010 0.000010
0.000010 0.000010 0.000010 0.000010 0.000010 0.000010 0.000010 0.000010 0.000010 0.000010 0.000010 0.000010 0.000010 0.000010 0.999840 0.000010 0.000010
0.031755 0.080247 0.027385 0.105058 0.000010 0.578634 0.000010 0.131596 0.000010 0.000010 0.000010 0.000010 0.000010 0.045224 0.000010 0.000010 0.000010
0.000010 0.000010 0.000010 0.000010 0.000010 0.000010 0.000010 0.000010 0.999840 0.000010 0.000010 0.000010 0.000010 0.000010 0.000010 0.000010 0.000010
0.000010 0.000010 0.000761 0.000010 0.000010 0.000010 0.000010 0.000010 0.000010 0.000010 0.000010 0.903573 0.000010 0.000010 0.000010 0.095526 0.000010
0.000010 0.000010 0.113696 0.000010 0.000010 0.000010 0.000010 0.000010 0.000010 0.538131 0.011717 0.000010 0.336326 0.000010 0.000010 0.000010 0.000010
0.006484 0.000010 0.000010 0.000010 0.007603 0.107913 0.000010 0.264825 0.000010 0.000010 0.000010 0.000010 0.000010 0.000010 0.000010 0.000010 0.613055
0.000010 0.029653 0.000010 0.020187 0.000010 0.275525 0.000010 0.636014 0.000010 0.000010 0.000010 0.000010 0.000010 0.013574 0.022045 0.002902 0.000010
0.000010 0.000350 0.000010 0.000010 0.000010 0.249482 0.005995 0.724297 0.000010 0.000010 0.000010 0.000010 0.000010 0.000010 0.000010 0.000010 0.019756
0.000010 0.000010 0.999840 0.000010 0.000010 0.000010 0.000010 0.000010 0.000010 0.000010 0.000010 0.000010 0.000010 0.000010 0.000010 0.000010 0.000010
0.000010 0.066122 0.000010 0.000010 0.000010 0.514929 0.000010 0.418809 0.000010 0.000010 0.000010 0.000010 0.000010 0.000010 0.000010 0.000010 0.000010
0.000010 0.000010 0.000010 0.000010 0.000010 0.999840 0.000010 0.000010 0.000010 0.000010 0.000010 0.000010 0.000010 0.000010 0.000010 0.000010 0.000010
0.000010 0.000010 0.000010 0.000010 0.999840 0.000010 0.000010 0.000010 0.000010 0.000010 0.000010 0.000010 0.000010 0.000010 0.000010 0.000010 0.000010
0.000010 0.000010 0.000010 0.000010 0.000010 0.000010 0.000010 0.000010 0.000010 0.000010 0.000010 0.000010 0.000010 0.000010 0.999840 0.000010 0.000010
0.000010 0.000010 0.000010 0.000010 0.000010 0.000010 0.000010 0.000010 0.000010 0.000010 0.000010 0.000010 0.000010 0.000010 0.999840 0.000010 0.000010
0.000010 0.000010 0.000010 0.000010 0.000010 0.000010 0.000010 0.000010 0.000012 0.000010 0.000010 0.000010 0.000010 0.000010 0.999838 0.000010 0.000010
0.000010 0.174596 0.000010 0.000010 0.000010 0.000010 0.000010 0.000010 0.200705 0.179371 0.000010 0.000010 0.000010 0.000010 0.445198 0.000010 0.000010
0.000010 0.000010 0.000010 0.000010 0.000010 0.000010 0.000010 0.000010 0.000010 0.000010 0.082206 0.000010 0.917644 0.000010 0.000010 0.000010 0.000010
0.000010 0.000010 0.999832 0.000018 0.000010 0.000010 0.000010 0.000010 0.000010 0.000010 0.000010 0.000010 0.000010 0.000010 0.000010 0.000010 0.000010
0.014679 0.000010 0.480379 0.000010 0.398355 0.000010 0.046364 0.000010 0.000010 0.000010 0.000010 0.040415 0.011057 0.000010 0.000010 0.008650 0.000010
0.000010 0.000010 0.999840 0.000010 0.000010 0.000010 0.000010 0.000010 0.000010 0.000010 0.000010 0.000010 0.000010 0.000010 0.000010 0.000010 0.000010
0.000010 0.000010 0.999832 0.000011 0.000010 0.000017 0.000010 0.000010 0.000010 0.000010 0.000010 0.000010 0.000010 0.000010 0.000010 0.000010 0.000010
0.000010 0.000010 0.844150 0.000010 0.000010 0.000010 0.000010 0.000010 0.000010 0.000010 0.009465 0.146245 0.000010 0.000010 0.000010 0.000010 0.000010
0.000010 0.000010 0.999840 0.000010 0.000010 0.000010 0.000010 0.000010 0.000010 0.000010 0.000010 0.000010 0.000010 0.000010 0.000010 0.000010 0.000010
0.027712 0.000010 0.002581 0.000010 0.204753 0.000010 0.000506 0.000010 0.000010 0.000010 0.154147 0.021525 0.032155 0.000010 0.510146 0.046394 0.000010
0.013946 0.000010 0.446908 0.000010 0.432422 0.000010 0.023281 0.000010 0.000010 0.000010 0.000010 0.000010 0.030922 0.000010 0.000010 0.052410 0.000010
0.000010 0.000010 0.999833 0.000017 0.000010 0.000010 0.000010 0.000010 0.000010 0.000010 0.000010 0.000010 0.000010 0.000010 0.000010 0.000010 0.000010
0.000010 0.000010 0.000010 0.000010 0.000010 0.000010 0.999840 0.000010 0.000010 0.000010 0.000010 0.000010 0.000010 0.000010 0.000010 0.000010 0.000010
0.000010 0.000010 0.000010 0.000010 0.000010 0.000010 0.999840 0.000010 0.000010 0.000010 0.000010 0.000010 0.000010 0.000010 0.000010 0.000010 0.000010
0.000010 0.000010 0.000010 0.000010 0.000010 0.000010 0.999840 0.000010 0.000010 0.000010 0.000010 0.000010 0.000010 0.000010 0.000010 0.000010 0.000010
0.000010 0.000010 0.999838 0.000010 0.000010 0.000010 0.000012 0.000010 0.000010 0.000010 0.000010 0.000010 0.000010 0.000010 0.000010 0.000010 0.000010
0.000010 0.000010 0.999838 0.000012 0.000010 0.000010 0.000010 0.000010 0.000010 0.000010 0.000010 0.000010 0.000010 0.000010 0.000010 0.000010 0.000010
0.000010 0.000010 0.010628 0.000010 0.000010 0.000010 0.000010 0.000010 0.000010 0.989222 0.000010 0.000010 0.000010 0.000010 0.000010 0.000010 0.000010
0.000010 0.000010 0.000010 0.000010 0.000010 0.000010 0.000010 0.000010 0.000010 0.936599 0.063251 0.000010 0.000010 0.000010 0.000010 0.000010 0.000010
0.094124 0.000010 0.236023 0.000010 0.000010 0.000010 0.393672 0.058566 0.000010 0.000010 0.174547 0.000010 0.000010 0.000010 0.000010 0.000010 0.042959
0.000010 0.000010 0.000010 0.000010 0.000010 0.000010 0.000010 0.000010 0.999840 0.000010 0.000010 0.000010 0.000010 0.000010 0.000010 0.000010 0.000010
0.043130 0.000010 0.034637 0.000010 0.000010 0.000010 0.000010 0.000010 0.000010 0.515209 0.041395 0.000010 0.000010 0.000010 0.365509 0.000010 0.000010
0.000010 0.000010 0.351624 0.000010 0.000010 0.000010 0.384846 0.000010 0.000010 0.000010 0.066795 0.006323 0.108319 0.000010 0.000010 0.081983 0.000010
0.000010 0.695635 0.000010 0.200707 0.000010 0.052837 0.000010 0.000010 0.000010 0.000010 0.004156 0.000010 0.000010 0.046545 0.000010 0.000010 0.000010
0.000010 0.212812 0.022210 0.000010 0.000010 0.007762 0.000010 0.178312 0.000010 0.000010 0.000010 0.000010 0.000010 0.553433 0.011854 0.000010 0.013517
0.000010 0.000010 0.019300 0.000010 0.000010 0.000010 0.000010 0.000010 0.000010 0.017622 0.000010 0.000010 0.019046 0.918083 0.000010 0.025828 0.000010
0.025898 0.201178 0.000010 0.607148 0.000010 0.000010 0.000010 0.165046 0.000610 0.000010 0.000010 0.000010 0.000010 0.000010 0.000010 0.000010 0.000010
0.011897 0.000010 0.000010 0.000010 0.000010 0.035797 0.008243 0.915982 0.000010 0.000010 0.022993 0.000010 0.004977 0.000010 0.000010 0.000010 0.000010
0.009201 0.511827 0.000010 0.023627 0.017552 0.000010 0.000010 0.023942 0.000010 0.000010 0.011266 0.000010 0.000010 0.331281 0.037936 0.000010 0.033287
0.000010 0.299859 0.000010 0.101247 0.000010 0.033868 0.000010 0.001585 0.000010 0.000010 0.000010 0.000010 0.000010 0.555605 0.000240 0.000010 0.007496
0.000010 0.000010 0.000010 0.000010 0.000010 0.000010 0.000010 0.000010 0.000010 0.000010 0.007947 0.000010 0.009568 0.835094 0.000010 0.000010 0.147261
0.000010 0.000010 0.000010 0.000010 0.000010 0.000012 0.000010 0.000010 0.000010 0.000010 0.000010 0.000010 0.999838 0.000010 0.000010 0.000010 0.000010
0.000010 0.000010 0.000010 0.000010 0.000010 0.000010 0.000010 0.000010 0.000010 0.000010 0.000010 0.000010 0.000010 0.999840 0.000010 0.000010 0.000010
0.000010 0.000010 0.123351 0.000010 0.000010 0.000010 0.000012 0.000010 0.000010 0.000010 0.000010 0.000010 0.876497 0.000010 0.000010 0.000010 0.000010
0.000010 0.000010 0.000010 0.000010 0.000010 0.000010 0.000010 0.000010 0.000010 0.000010 0.000010 0.000010 0.000010 0.999840 0.000010 0.000010 0.000010
0.000010 0.000010 0.000010 0.000010 0.000010 0.000010 0.000010 0.000010 0.000010 0.000010 0.000010 0.999840 0.000010 0.000010 0.000010 0.000010 0.000010
0.000010 0.000010 0.014228 0.000010 0.000010 0.000010 0.000010 0.000010 0.013289 0.000010 0.015248 0.877080 0.013519 0.000010 0.000010 0.066525 0.000010
0.000010 0.000010 0.000010 0.000010 0.000010 0.000010 0.000010 0.000010 0.000010 0.000010 0.000010 0.999840 0.000010 0.000010 0.000010 0.000010 0.000010
0.000010 0.000010 0.000010 0.000010 0.000010 0.000010 0.000010 0.000010 0.000010 0.000010 0.999840 0.000010 0.000010 0.000010 0.000010 0.000010 0.000010
0.000010 0.000010 0.086034 0.000010 0.000010 0.139097 0.347534 0.000010 0.014547 0.000010 0.000010 0.000010 0.412668 0.000010 0.000010 0.000010 0.000010
0.000010 0.000010 0.000010 0.999840 0.000010 0.000010 0.000010 0.000010 0.000010 0.000010 0.000010 0.000010 0.000010 0.000010 0.000010 0.000010 0.000010
0.000010 0.000010 0.713603 0.000010 0.000010 0.000010 0.000010 0.000010 0.000010 0.000010 0.000010 0.000010 0.286247 0.000010 0.000010 0.000010 0.000010
0.000010 0.291672 0.000010 0.323509 0.000010 0.057203 0.000010 0.185817 0.000010 0.000010 0.000010 0.000010 0.000010 0.141679 0.000010 0.000010 0.000010
0.000010 0.000010 0.000010 0.439174 0.000010 0.000010 0.000010 0.498048 0.000010 0.054565 0.000010 0.000010 0.000010 0.008083 0.000010 0.000010 0.000010
0.000010 0.000010 0.000010 0.999840 0.000010 0.000010 0.000010 0.000010 0.000010 0.000010 0.000010 0.000010 0.000010 0.000010 0.000010 0.000010 0.000010
0.000010 0.000010 0.000010 0.000010 0.000010 0.000010 0.000010 0.000010 0.000010 0.000010 0.000010 0.775115 0.000010 0.000010 0.000010 0.224735 0.000010
0.000010 0.000010 0.000010 0.000010 0.000010 0.000010 0.000010 0.000010 0.000010 0.000010 0.000010 0.642680 0.000010 0.000010 0.000010 0.357170 0.000010
0.000010 0.000010 0.000010 0.502441 0.410687 0.000010 0.023465 0.000010 0.000010 0.000010 0.000010 0.036143 0.027145 0.000010 0.000010 0.000010 0.000010
0.000010 0.000010 0.000010 0.000010 0.000010 0.000010 0.000010 0.999840 0.000010 0.000010 0.000010 0.000010 0.000010 0.000010 0.000010 0.000010 0.000010
