0.000010 0.000010 0.000010 0.017030 0.000010 0.982860 0.000010 0.000010 0.000010 0.000010 0.000010 0.000010 0.000010
0.000010 0.000010 0.000010 0.002979 0.000010 0.967429 0.000085 0.000010 0.000010 0.000010 0.000010 0.029416 0.000010
0.000010 0.000010 0.000010 0.000010 0.000010 0.999880 0.000010 0.000010 0.000010 0.000010 0.000010 0.000010 0.000010
0.000010 0.000010 0.013490 0.000010 0.000010 0.979073 0.000010 0.000010 0.000010 0.002435 0.004912 0.000010 0.000010
0.000010 0.000010 0.000010 0.000010 0.000010 0.967349 0.000010 0.031734 0.000010 0.000817 0.000010 0.000010 0.000010
0.000010 0.000010 0.000010 0.000010 0.000010 0.999880 0.000010 0.000010 0.000010 0.000010 0.000010 0.000010 0.000010
0.000010 0.000010 0.000010 0.037767 0.000010 0.962123 0.000010 0.000010 0.000010 0.000010 0.000010 0.000010 0.000010
0.000010 0.000010 0.000010 0.879449 0.000731 0.000010 0.004457 0.000010 0.000656 0.048667 0.000010 0.012624 0.053355
0.000010 0.000010 0.000010 0.000010 0.000010 0.000010 0.000010 0.999880 0.000010 0.000010 0.000010 0.000010 0.000010
0.000010 0.000010 0.000010 0.392765 0.027424 0.000010 0.000010 0.048067 0.000010 0.051721 0.040897 0.117874 0.321194
0.000010 0.000010 0.000010 0.000010 0.000010 0.000010 0.000010 0.999880 0.000010 0.000010 0.000010 0.000010 0.000010
0.000010 0.000010 0.000010 0.000010 0.000010 0.000010 0.000010 0.000010 0.999880 0.000010 0.000010 0.000010 0.000010
0.000010 0.000010 0.000010 0.000010 0.000010 0.000010 0.000010 0.000010 0.999880 0.000010 0.000010 0.000010 0.000010
0.000010 0.000010 0.000010 0.000010 0.945038 0.000010 0.000010 0.000010 0.000010 0.054852 0.000010 0.000010 0.000010
0.000010 0.000010 0.000010 0.000010 0.000010 0.000010 0.000010 0.000010 0.999880 0.000010 0.000010 0.000010 0.000010
0.000010 0.000010 0.000010 0.000010 0.000010 0.000010 0.000010 0.000010 0.999880 0.000010 0.000010 0.000010 0.000010
0.003277 0.000010 0.000010 0.024705 0.027653 0.000010 0.000010 0.000010 0.000010 0.003198 0.763483 0.032361 0.145263
0.000010 0.000010 0.000010 0.000010 0.000010 0.000010 0.000010 0.000010 0.999880 0.000010 0.000010 0.000010 0.000010
0.027326 0.000010 0.000010 0.006838 0.022169 0.000010 0.000010 0.000010 0.000010 0.033857 0.665084 0.029624 0.215044
0.000010 0.000010 0.000010 0.000010 0.999880 0.000010 0.000010 0.000010 0.000010 0.000010 0.000010 0.000010 0.000010
0.002654 0.000010 0.000010 0.000010 0.017458 0.975771 0.000010 0.000010 0.000010 0.004028 0.000010 0.000010 0.000010
0.000010 0.000010 0.000010 0.000010 0.000010 0.000010 0.000010 0.000010 0.999880 0.000010 0.000010 0.000010 0.000010
0.000010 0.000010 0.000010 0.000010 0.000010 0.000010 0.000010 0.000010 0.999880 0.000010 0.000010 0.000010 0.000010
0.000010 0.000010 0.000010 0.000010 0.000010 0.999880 0.000010 0.000010 0.000010 0.000010 0.000010 0.000010 0.000010
0.000010 0.031399 0.000010 0.054181 0.026682 0.000010 0.000010 0.000010 0.027113 0.018927 0.649709 0.018958 0.172981
0.000010 0.000010 0.000010 0.000010 0.002333 0.000010 0.000010 0.467002 0.000010 0.000010 0.000010 0.161354 0.369222
0.000010 0.000010 0.000010 0.000010 0.002904 0.914656 0.010708 0.040455 0.000010 0.000010 0.031197 0.000010 0.000010
0.006024 0.000199 0.000010 0.031170 0.000010 0.893855 0.000010 0.011517 0.000010 0.000010 0.044220 0.012954 0.000010
0.000010 0.000010 0.000010 0.000010 0.000010 0.000010 0.000010 0.999880 0.000010 0.000010 0.000010 0.000010 0.000010
0.000010 0.000010 0.000010 0.000010 0.000010 0.000010 0.000010 0.999880 0.000010 0.000010 0.000010 0.000010 0.000010
0.000010 0.000010 0.000010 0.000010 0.000010 0.000010 0.000010 0.000010 0.999880 0.000010 0.000010 0.000010 0.000010
0.000010 0.047203 0.000010 0.079988 0.001634 0.000010 0.015559 0.449185 0.000010 0.000010 0.274602 0.041389 0.090390
0.999880 0.000010 0.000010 0.000010 0.000010 0.000010 0.000010 0.000010 0.000010 0.000010 0.000010 0.000010 0.000010
0.000010 0.000010 0.000010 0.000010 0.000010 0.000010 0.000010 0.000010 0.999880 0.000010 0.000010 0.000010 0.000010
0.000010 0.000011 0.000010 0.000010 0.000010 0.000010 0.999879 0.000010 0.000010 0.000010 0.000010 0.000010 0.000010
0.000010 0.000010 0.000010 0.000010 0.000010 0.000010 0.000010 0.000010 0.999880 0.000010 0.000010 0.000010 0.000010
0.000010 0.000010 0.000010 0.000010 0.000010 0.000010 0.000010 0.000010 0.999880 0.000010 0.000010 0.000010 0.000010
0.000010 0.000010 0.000010 0.000010 0.000010 0.000010 0.000010 0.000010 0.000010 0.000010 0.000010 0.000010 0.999880
0.000010 0.000010 0.000010 0.000010 0.013987 0.891605 0.000010 0.066149 0.000010 0.000010 0.023001 0.005178 0.000010
0.000010 0.000018 0.000010 0.021680 0.000010 0.951048 0.010173 0.000010 0.017001 0.000010 0.000010 0.000010 0.000010
0.000010 0.000010 0.000010 0.000010 0.004266 0.995623 0.000010 0.000010 0.000010 0.000011 0.000010 0.000010 0.000010
0.000010 0.020906 0.000010 0.000010 0.000010 0.911903 0.000010 0.000010 0.000010 0.000010 0.039813 0.022137 0.005160
0.029473 0.000010 0.000010 0.000010 0.001725 0.903433 0.000010 0.050249 0.000010 0.000010 0.011883 0.003166 0.000010
0.000010 0.000010 0.000010 0.059811 0.000010 0.940079 0.000010 0.000010 0.000010 0.000010 0.000010 0.000010 0.000010
0.000010 0.000010 0.019321 0.000010 0.012756 0.493182 0.000010 0.000010 0.007517 0.000010 0.422531 0.038899 0.005734
0.000010 0.000010 0.000010 0.000010 0.000010 0.000010 0.000010 0.000010 0.999880 0.000010 0.000010 0.000010 0.000010
0.015110 0.000010 0.000010 0.000010 0.000010 0.000010 0.000010 0.000010 0.984780 0.000010 0.000010 0.000010 0.000010
0.004506 0.003433 0.024851 0.000010 0.000010 0.000010 0.005557 0.000010 0.961574 0.000010 0.000010 0.000010 0.000010
0.000010 0.000010 0.000010 0.000010 0.000010 0.000010 0.000010 0.000010 0.999880 0.000010 0.000010 0.000010 0.000010
0.000010 0.000010 0.009273 0.000010 0.000010 0.000010 0.000010 0.000010 0.990617 0.000010 0.000010 0.000010 0.000010
0.000010 0.000010 0.015829 0.000010 0.032524 0.000010 0.000010 0.000010 0.951547 0.000010 0.000010 0.000010 0.000010
0.000010 0.000010 0.000010 0.000010 0.029729 0.000010 0.000010 0.000010 0.970161 0.000010 0.000010 0.000010 0.000010
0.000010 0.000010 0.000010 0.000010 0.000010 0.999880 0.000010 0.000010 0.000010 0.000010 0.000010 0.000010 0.000010
0.026518 0.000010 0.217073 0.057885 0.123673 0.119722 0.036375 0.220795 0.019145 0.000010 0.000010 0.013648 0.165136
0.000010 0.000010 0.000010 0.000010 0.000010 0.999880 0.000010 0.000010 0.000010 0.000010 0.000010 0.000010 0.000010
0.000010 0.028959 0.000010 0.000010 0.000010 0.970931 0.000010 0.000010 0.000010 0.000010 0.000010 0.000010 0.000010
0.000010 0.000010 0.000010 0.006544 0.000010 0.886594 0.000010 0.071151 0.000010 0.000010 0.035621 0.000010 0.000010
0.000010 0.000010 0.000010 0.000010 0.000010 0.996181 0.003709 0.000010 0.000010 0.000010 0.000010 0.000010 0.000010
0.000010 0.000010 0.000010 0.000010 0.001304 0.000010 0.000010 0.000010 0.998586 0.000010 0.000010 0.000010 0.000010
0.000010 0.000010 0.000010 0.000010 0.000010 0.000010 0.000010 0.000010 0.999880 0.000010 0.000010 0.000010 0.000010
0.000010 0.000010 0.021349 0.000010 0.055905 0.000010 0.000010 0.000010 0.900415 0.022240 0.000010 0.000010 0.000010
0.000010 0.000010 0.000010 0.000010 0.000010 0.000010 0.000010 0.000010 0.999880 0.000010 0.000010 0.000010 0.000010
0.380314 0.573441 0.000010 0.000010 0.000010 0.000010 0.046146 0.000010 0.000010 0.000010 0.000010 0.000010 0.000010
0.000010 0.000010 0.000010 0.000010 0.000010 0.999880 0.000010 0.000010 0.000010 0.000010 0.000010 0.000010 0.000010
0.000010 0.000010 0.000010 0.000010 0.000010 0.999880 0.000010 0.000010 0.000010 0.000010 0.000010 0.000010 0.000010
0.000010 0.023288 0.136147 0.145320 0.053478 0.119763 0.036640 0.286210 0.024151 0.003992 0.000010 0.003011 0.167979
0.227324 0.000010 0.000010 0.000010 0.000010 0.000010 0.772566 0.000010 0.000010 0.000010 0.000010 0.000010 0.000010
0.000010 0.000010 0.000010 0.000010 0.383176 0.000010 0.000010 0.000010 0.000010 0.616714 0.000010 0.000010 0.000010
0.000010 0.000010 0.000010 0.000010 0.051325 0.000010 0.000010 0.000010 0.943005 0.005571 0.000010 0.000010 0.000010
0.000010 0.000010 0.000010 0.000010 0.071679 0.000010 0.000010 0.000010 0.928211 0.000010 0.000010 0.000010 0.000010
0.000010 0.000010 0.000010 0.041573 0.000010 0.000010 0.000010 0.000010 0.000010 0.000010 0.958317 0.000010 0.000010
0.000209 0.000010 0.000010 0.000010 0.003360 0.000010 0.000010 0.000010 0.996330 0.000010 0.000010 0.000010 0.000010
0.000010 0.000010 0.000010 0.000010 0.000010 0.000010 0.000010 0.000010 0.999880 0.000010 0.000010 0.000010 0.000010
0.000010 0.000010 0.000010 0.000010 0.000010 0.000010 0.000010 0.000010 0.999880 0.000010 0.000010 0.000010 0.000010
0.601516 0.000010 0.000010 0.398374 0.000010 0.000010 0.000010 0.000010 0.000010 0.000010 0.000010 0.000010 0.000010
0.253672 0.007282 0.009332 0.000010 0.000010 0.000010 0.625656 0.000010 0.000010 0.103978 0.000010 0.000010 0.000010
0.000010 0.000010 0.000010 0.999880 0.000010 0.000010 0.000010 0.000010 0.000010 0.000010 0.000010 0.000010 0.000010
0.000010 0.000010 0.000010 0.000010 0.000010 0.000010 0.000010 0.999880 0.000010 0.000010 0.000010 0.000010 0.000010
0.000010 0.000010 0.000010 0.999880 0.000010 0.000010 0.000010 0.000010 0.000010 0.000010 0.000010 0.000010 0.000010
0.290379 0.043099 0.208327 0.000010 0.000010 0.000010 0.381869 0.052214 0.000010 0.000010 0.000010 0.000010 0.024042
0.000010 0.000010 0.000010 0.999880 0.000010 0.000010 0.000010 0.000010 0.000010 0.000010 0.000010 0.000010 0.000010
0.285988 0.000010 0.000010 0.000010 0.000010 0.000010 0.472755 0.239557 0.000010 0.001609 0.000010 0.000010 0.000010
0.000010 0.000010 0.000010 0.000010 0.000010 0.000010 0.000010 0.000010 0.999880 0.000010 0.000010 0.000010 0.000010
0.000010 0.000010 0.000010 0.000010 0.000010 0.000010 0.000010 0.000010 0.999880 0.000010 0.000010 0.000010 0.000010
0.000010 0.000010 0.000010 0.000010 0.000010 0.000010 0.005305 0.000010 0.994585 0.000010 0.000010 0.000010 0.000010
0.000010 0.000010 0.000010 0.000010 0.000010 0.000010 0.000010 0.000010 0.000010 0.999880 0.000010 0.000010 0.000010
0.000010 0.000010 0.000010 0.999880 0.000010 0.000010 0.000010 0.000010 0.000010 0.000010 0.000010 0.000010 0.000010
0.000010 0.000010 0.000010 0.000010 0.000010 0.000010 0.000010 0.000010 0.999880 0.000010 0.000010 0.000010 0.000010
0.000010 0.000010 0.005754 0.014693 0.000010 0.066260 0.000010 0.000010 0.000010 0.000010 0.798931 0.029052 0.085241
0.000010 0.000010 0.000010 0.000010 0.002705 0.000010 0.000010 0.000010 0.997185 0.000010 0.000010 0.000010 0.000010
0.000010 0.000010 0.000010 0.858157 0.028775 0.000010 0.000010 0.000010 0.000010 0.032123 0.000010 0.000010 0.080855
0.000010 0.000010 0.000010 0.999880 0.000010 0.000010 0.000010 0.000010 0.000010 0.000010 0.000010 0.000010 0.000010
0.000010 0.000010 0.000010 0.890959 0.000010 0.000010 0.002602 0.000010 0.027160 0.007719 0.071480 0.000010 0.000010
0.636979 0.355328 0.007593 0.000010 0.000010 0.000010 0.000010 0.000010 0.000010 0.000010 0.000010 0.000010 0.000010
0.000010 0.000010 0.000010 0.000010 0.000010 0.000010 0.000010 0.999880 0.000010 0.000010 0.000010 0.000010 0.000010
0.000010 0.000010 0.000010 0.000010 0.000010 0.000010 0.000010 0.000010 0.999880 0.000010 0.000010 0.000010 0.000010
0.000010 0.000010 0.000010 0.000010 0.038336 0.000010 0.000010 0.000010 0.961554 0.000010 0.000010 0.000010 0.000010
0.000010 0.020692 0.031670 0.079964 0.000010 0.112168 0.000010 0.744942 0.000010 0.000010 0.000010 0.010493 0.000010
0.000010 0.000010 0.000010 0.000010 0.014659 0.000010 0.000010 0.076494 0.000010 0.000010 0.746831 0.004920 0.157017
0.003709 0.000010 0.000010 0.448780 0.000010 0.000010 0.000010 0.547410 0.000010 0.000010 0.000010 0.000010 0.000010
0.391583 0.116953 0.000010 0.000010 0.464692 0.000010 0.000010 0.000010 0.000010 0.026682 0.000010 0.000010 0.000010
0.000010 0.000010 0.057891 0.000010 0.016419 0.000010 0.015547 0.000010 0.910001 0.000062 0.000010 0.000010 0.000010
0.000010 0.000010 0.999880 0.000010 0.000010 0.000010 0.000010 0.000010 0.000010 0.000010 0.000010 0.000010 0.000010
0.014114 0.000010 0.000010 0.033478 0.000011 0.002912 0.000010 0.470774 0.028553 0.000010 0.450098 0.000010 0.000010
0.000010 0.000010 0.000010 0.000010 0.000010 0.499775 0.000010 0.000010 0.000010 0.000010 0.483301 0.000010 0.016824
0.000010 0.000010 0.000010 0.000010 0.000010 0.000010 0.000010 0.000010 0.000010 0.000010 0.999880 0.000010 0.000010
0.000010 0.000010 0.001911 0.000013 0.000010 0.042801 0.002963 0.619661 0.000010 0.000010 0.287840 0.029270 0.015491
0.003516 0.025890 0.000010 0.048733 0.015089 0.014997 0.000010 0.492583 0.000010 0.000010 0.399132 0.000010 0.000010
0.000010 0.000010 0.000010 0.000010 0.000010 0.000010 0.000010 0.518732 0.000010 0.000010 0.471449 0.000010 0.009719
0.000010 0.000010 0.000010 0.000010 0.021305 0.000010 0.000010 0.080848 0.000010 0.000010 0.869839 0.000010 0.027918
0.048768 0.033691 0.000010 0.141226 0.036565 0.014922 0.520732 0.000010 0.037413 0.016934 0.038072 0.035798 0.075859
0.000010 0.431041 0.000010 0.000010 0.000010 0.000010 0.000010 0.568849 0.000010 0.000010 0.000010 0.000010 0.000010
0.000010 0.000010 0.000010 0.280735 0.532192 0.000010 0.172437 0.000010 0.012293 0.002263 0.000010 0.000010 0.000010
0.463892 0.000010 0.000010 0.000010 0.069661 0.000010 0.466347 0.000010 0.000010 0.000010 0.000010 0.000010 0.000010
0.030739 0.000010 0.000010 0.589461 0.000014 0.000010 0.003864 0.358389 0.017462 0.000010 0.000010 0.000010 0.000010
0.000010 0.000010 0.000010 0.537860 0.000010 0.462030 0.000010 0.000010 0.000010 0.000010 0.000010 0.000010 0.000010
0.000010 0.000010 0.132860 0.000010 0.064620 0.000010 0.353787 0.000010 0.019525 0.005032 0.000010 0.317006 0.107109
0.002878 0.000010 0.000010 0.000010 0.017890 0.000010 0.000010 0.059186 0.006609 0.030715 0.000010 0.323738 0.558924
0.000010 0.000010 0.000010 0.000010 0.030353 0.000010 0.000010 0.000010 0.000010 0.000013 0.000010 0.314891 0.654653
0.000010 0.000010 0.011897 0.130740 0.266516 0.165480 0.230771 0.152052 0.015020 0.000010 0.023481 0.000010 0.004001
0.000010 0.000010 0.000010 0.000010 0.000016 0.000010 0.000010 0.000010 0.000010 0.039340 0.000010 0.349117 0.611436
0.000010 0.000010 0.000010 0.018440 0.000010 0.000010 0.017531 0.483202 0.000010 0.026693 0.000010 0.151649 0.302414
0.000010 0.000010 0.000010 0.000010 0.034419 0.000010 0.000010 0.000010 0.000010 0.042599 0.000010 0.390476 0.532416
0.000010 0.000010 0.097712 0.000010 0.000010 0.000010 0.131373 0.000010 0.008131 0.015863 0.206403 0.085323 0.455135
0.000010 0.999875 0.000015 0.000010 0.000010 0.000010 0.000010 0.000010 0.000010 0.000010 0.000010 0.000010 0.000010
0.000010 0.000010 0.027554 0.008494 0.000010 0.754385 0.000010 0.114865 0.003739 0.009250 0.062733 0.011251 0.007689
0.000010 0.035936 0.000010 0.160471 0.000010 0.354477 0.000010 0.387926 0.000010 0.000010 0.061110 0.000010 0.000010
0.000010 0.016965 0.007643 0.437222 0.000010 0.000010 0.000010 0.000010 0.000010 0.000010 0.000010 0.048173 0.489917
0.000010 0.000010 0.000010 0.403271 0.000010 0.000010 0.000010 0.596619 0.000010 0.000010 0.000010 0.000010 0.000010
0.000010 0.000010 0.000010 0.999880 0.000010 0.000010 0.000010 0.000010 0.000010 0.000010 0.000010 0.000010 0.000010
0.000010 0.015544 0.000010 0.435432 0.000010 0.000010 0.000010 0.530861 0.000010 0.000010 0.000010 0.014656 0.003427
0.000010 0.010719 0.000010 0.283088 0.000010 0.000010 0.003628 0.074107 0.000010 0.000010 0.039720 0.000010 0.588669
0.000010 0.000010 0.000010 0.648065 0.009851 0.000010 0.001453 0.304870 0.000010 0.000010 0.000010 0.035682 0.000010
0.000010 0.000010 0.000010 0.319877 0.000010 0.000010 0.012819 0.119868 0.000010 0.020196 0.000010 0.000010 0.527160
0.100759 0.000010 0.000010 0.000010 0.123969 0.000010 0.000010 0.000010 0.000010 0.775172 0.000010 0.000010 0.000010
0.999880 0.000010 0.000010 0.000010 0.000010 0.000010 0.000010 0.000010 0.000010 0.000010 0.000010 0.000010 0.000010
0.000010 0.000010 0.000010 0.000010 0.731000 0.000010 0.268890 0.000010 0.000010 0.000010 0.000010 0.000010 0.000010
0.002523 0.189293 0.000010 0.000010 0.359679 0.000010 0.448415 0.000010 0.000010 0.000010 0.000010 0.000010 0.000010
0.003637 0.000010 0.000010 0.393770 0.237970 0.035087 0.285014 0.035086 0.000010 0.000010 0.002634 0.000010 0.006752
0.000010 0.000010 0.999880 0.000010 0.000010 0.000010 0.000010 0.000010 0.000010 0.000010 0.000010 0.000010 0.000010
0.000010 0.489933 0.000010 0.000010 0.394305 0.000010 0.022358 0.000010 0.015646 0.059504 0.000099 0.018095 0.000010
0.044312 0.000014 0.000010 0.000010 0.416841 0.483214 0.000010 0.000010 0.001894 0.016640 0.000010 0.000010 0.037026
0.000010 0.000010 0.000010 0.000010 0.000010 0.000010 0.000010 0.000010 0.000010 0.025492 0.000010 0.000010 0.974398
0.198347 0.235716 0.000010 0.012067 0.505911 0.000010 0.000010 0.008620 0.028329 0.001790 0.000010 0.009169 0.000010
0.000010 0.000010 0.049238 0.000010 0.022896 0.000010 0.000010 0.000010 0.001241 0.061078 0.000010 0.000010 0.865467
0.000010 0.000010 0.000010 0.000010 0.999880 0.000010 0.000010 0.000010 0.000010 0.000010 0.000010 0.000010 0.000010
0.000010 0.000010 0.000010 0.000010 0.999880 0.000010 0.000010 0.000010 0.000010 0.000010 0.000010 0.000010 0.000010
0.000010 0.000010 0.000010 0.000010 0.000012 0.000010 0.000010 0.000010 0.005389 0.022985 0.499644 0.000010 0.471890
0.018442 0.000010 0.000010 0.000010 0.000012 0.000010 0.000010 0.000010 0.000010 0.000010 0.000010 0.028839 0.952617
0.000010 0.130334 0.000010 0.307872 0.025447 0.000010 0.348643 0.000010 0.000010 0.141561 0.011685 0.002413 0.031994
0.000010 0.166643 0.197534 0.000010 0.523090 0.000010 0.098266 0.000010 0.014386 0.000010 0.000010 0.000010 0.000010
0.000010 0.000010 0.000010 0.000010 0.000010 0.000010 0.000010 0.000010 0.000010 0.000010 0.000010 0.000010 0.999880
0.000010 0.000010 0.000010 0.000010 0.000010 0.000010 0.000010 0.000010 0.000010 0.000010 0.000010 0.000010 0.999880
0.000010 0.000010 0.000010 0.000010 0.001637 0.000010 0.021526 0.000010 0.000010 0.000010 0.000010 0.108094 0.868653
0.000010 0.000010 0.000010 0.280327 0.536516 0.000010 0.183057 0.000010 0.000010 0.000010 0.000010 0.000010 0.000010
0.000010 0.000010 0.000010 0.000010 0.000010 0.000010 0.013200 0.000010 0.000010 0.000010 0.000010 0.009583 0.977117
0.000010 0.000010 0.000010 0.000010 0.000010 0.000010 0.000010 0.000010 0.000010 0.000010 0.000010 0.000010 0.999880
0.000010 0.000010 0.000010 0.000010 0.016245 0.000010 0.015187 0.059634 0.000010 0.000010 0.022560 0.226754 0.659549
0.000010 0.040226 0.000010 0.079724 0.004118 0.814668 0.000010 0.029505 0.005765 0.000010 0.025934 0.000010 0.000010
0.000010 0.020624 0.000010 0.097185 0.063207 0.000010 0.000010 0.072246 0.000010 0.044030 0.012038 0.213455 0.477165
0.000010 0.000010 0.000010 0.000010 0.000010 0.000010 0.000010 0.000010 0.000010 0.999880 0.000010 0.000010 0.000010
0.000010 0.000010 0.000010 0.000010 0.000010 0.000010 0.000010 0.000010 0.000010 0.000010 0.056318 0.000010 0.943572
0.000010 0.000010 0.000010 0.000010 0.000010 0.000010 0.000010 0.000010 0.000010 0.000010 0.004854 0.000010 0.995036
0.000010 0.000010 0.000010 0.000010 0.000010 0.000010 0.000010 0.000010 0.000010 0.000010 0.000010 0.000010 0.999880
0.000010 0.000010 0.000010 0.000010 0.999880 0.000010 0.000010 0.000010 0.000010 0.000010 0.000010 0.000010 0.000010
0.012918 0.000010 0.000010 0.001071 0.016572 0.969349 0.000010 0.000010 0.000010 0.000010 0.000010 0.000010 0.000010
0.000010 0.000010 0.000010 0.884518 0.001207 0.000010 0.000010 0.000010 0.000010 0.056101 0.012934 0.018926 0.026244
0.000010 0.000010 0.999872 0.000010 0.000010 0.000010 0.000010 0.000010 0.000010 0.000018 0.000010 0.000010 0.000010
0.000010 0.053849 0.000010 0.086182 0.437862 0.000010 0.003470 0.389785 0.000010 0.000010 0.000010 0.028782 0.000010
0.000010 0.000010 0.000010 0.000010 0.149246 0.000010 0.850644 0.000010 0.000010 0.000010 0.000010 0.000010 0.000010
0.053285 0.000010 0.175031 0.000010 0.000010 0.000010 0.771585 0.000010 0.000010 0.000010 0.000010 0.000010 0.000010
0.000010 0.804740 0.000010 0.000010 0.195150 0.000010 0.000010 0.000010 0.000010 0.000010 0.000010 0.000010 0.000010
0.000010 0.000010 0.000010 0.000010 0.240528 0.000010 0.000010 0.000010 0.000010 0.759362 0.000010 0.000010 0.000010
0.000010 0.000010 0.000010 0.000010 0.355008 0.000010 0.540289 0.000010 0.056470 0.019033 0.000010 0.000010 0.029119
0.000010 0.999880 0.000010 0.000010 0.000010 0.000010 0.000010 0.000010 0.000010 0.000010 0.000010 0.000010 0.000010
0.000010 0.000010 0.000010 0.022319 0.000016 0.941951 0.000010 0.000018 0.000010 0.000010 0.000010 0.035617 0.000010
0.000010 0.065690 0.000010 0.129411 0.013127 0.000010 0.161318 0.000010 0.513299 0.117084 0.000010 0.000010 0.000010
0.568831 0.000010 0.000010 0.000010 0.088982 0.000010 0.342087 0.000010 0.000010 0.000010 0.000010 0.000010 0.000010
0.000010 0.000010 0.000010 0.000010 0.999880 0.000010 0.000010 0.000010 0.000010 0.000010 0.000010 0.000010 0.000010
0.112991 0.000013 0.085100 0.000010 0.232206 0.000010 0.569610 0.000010 0.000010 0.000010 0.000010 0.000010 0.000010
0.000010 0.000010 0.000010 0.000010 0.969753 0.000010 0.000010 0.000010 0.000010 0.030137 0.000010 0.000010 0.000010
0.000010 0.000010 0.000010 0.000010 0.000010 0.000010 0.013198 0.000010 0.986692 0.000010 0.000010 0.000010 0.000010
0.000010 0.000010 0.000010 0.000010 0.513028 0.000010 0.419342 0.000010 0.000010 0.067530 0.000010 0.000010 0.000010
0.000010 0.000010 0.000010 0.000010 0.546048 0.000010 0.453842 0.000010 0.000010 0.000010 0.000010 0.000010 0.000010
0.000010 0.000010 0.000010 0.000010 0.694293 0.000010 0.305597 0.000010 0.000010 0.000010 0.000010 0.000010 0.000010
0.000010 0.000010 0.000010 0.000010 0.012625 0.000010 0.000010 0.000010 0.987265 0.000010 0.000010 0.000010 0.000010
0.000010 0.000010 0.000010 0.000010 0.184562 0.000010 0.000010 0.000010 0.815328 0.000010 0.000010 0.000010 0.000010
0.000010 0.000010 0.000010 0.000010 0.000010 0.000010 0.000010 0.000010 0.999880 0.000010 0.000010 0.000010 0.000010
0.000010 0.000010 0.000010 0.000010 0.035100 0.000010 0.020004 0.000010 0.944796 0.000010 0.000010 0.000010 0.000010
0.000010 0.000010 0.000010 0.000010 0.020415 0.000010 0.000010 0.000010 0.973397 0.006088 0.000010 0.000010 0.000010
0.000010 0.000010 0.000010 0.000010 0.016591 0.000010 0.000010 0.000010 0.983299 0.000010 0.000010 0.000010 0.000010
0.000010 0.000010 0.000010 0.000010 0.000010 0.999880 0.000010 0.000010 0.000010 0.000010 0.000010 0.000010 0.000010
0.019320 0.000010 0.183181 0.101520 0.115486 0.097203 0.016598 0.006260 0.018364 0.220825 0.006983 0.000010 0.214239
0.000010 0.002264 0.000010 0.910051 0.000010 0.000010 0.000010 0.068943 0.000010 0.018651 0.000010 0.000010 0.000010
0.000010 0.000010 0.000010 0.000010 0.000010 0.000010 0.000010 0.000010 0.000010 0.000010 0.000010 0.000010 0.999880
0.000010 0.000010 0.024362 0.000010 0.461775 0.000010 0.513763 0.000010 0.000010 0.000010 0.000010 0.000010 0.000010
0.034209 0.000010 0.264712 0.000010 0.000010 0.000010 0.041054 0.000010 0.659935 0.000010 0.000010 0.000010 0.000010
0.000018 0.000010 0.999872 0.000010 0.000010 0.000010 0.000010 0.000010 0.000010 0.000010 0.000010 0.000010 0.000010
0.000010 0.000010 0.000010 0.000010 0.000010 0.000010 0.000010 0.988626 0.000010 0.011264 0.000010 0.000010 0.000010
0.000010 0.000010 0.000010 0.000010 0.000010 0.000010 0.000011 0.999875 0.000010 0.000010 0.000014 0.000010 0.000010
0.000010 0.000010 0.000010 0.000010 0.000010 0.000010 0.000010 0.000010 0.000010 0.000010 0.000010 0.999880 0.000010
0.000010 0.000010 0.000010 0.000010 0.000010 0.000010 0.000010 0.000010 0.000010 0.000010 0.000010 0.999880 0.000010
0.004243 0.021571 0.000010 0.125635 0.021411 0.176984 0.000010 0.595671 0.000010 0.007499 0.046935 0.000010 0.000010
0.000010 0.000010 0.000010 0.000010 0.000010 0.000010 0.000010 0.000010 0.000010 0.999880 0.000010 0.000010 0.000010
0.000010 0.000010 0.000010 0.000010 0.016847 0.000010 0.000010 0.000010 0.983043 0.000010 0.000010 0.000010 0.000010
0.000010 0.000010 0.000010 0.061233 0.153883 0.000010 0.324390 0.000010 0.000010 0.052539 0.027446 0.142094 0.238355
0.000010 0.000010 0.015369 0.246167 0.000010 0.000010 0.000010 0.115523 0.000010 0.000010 0.000010 0.000010 0.622850
0.000010 0.000010 0.000010 0.634428 0.000010 0.052776 0.000010 0.281974 0.000010 0.003028 0.020827 0.006897 0.000010
0.000013 0.000010 0.000010 0.706167 0.000010 0.000010 0.000010 0.262521 0.000010 0.000010 0.000010 0.000010 0.031210
0.000010 0.000010 0.000010 0.000010 0.999880 0.000010 0.000010 0.000010 0.000010 0.000010 0.000010 0.000010 0.000010
0.000010 0.000010 0.000010 0.412057 0.000010 0.057217 0.000010 0.530627 0.000010 0.000010 0.000010 0.000010 0.000010
0.000010 0.000012 0.000010 0.000010 0.000010 0.000010 0.000010 0.999878 0.000010 0.000010 0.000010 0.000010 0.000010
0.037672 0.000010 0.692756 0.000010 0.000010 0.000010 0.197660 0.000010 0.038176 0.000010 0.000010 0.000010 0.033656
0.000010 0.000010 0.000010 0.000010 0.000010 0.000010 0.000010 0.000010 0.000010 0.000010 0.000010 0.999880 0.000010
0.000010 0.000010 0.000010 0.000010 0.000010 0.000010 0.000010 0.000010 0.000010 0.000010 0.000010 0.999880 0.000010
0.000010 0.000010 0.000010 0.000010 0.000010 0.000010 0.000010 0.000010 0.000010 0.000010 0.000010 0.999880 0.000010
0.000010 0.000010 0.187850 0.000010 0.000010 0.236348 0.000010 0.000010 0.000010 0.000010 0.000010 0.575701 0.000010
0.000017 0.000010 0.000010 0.000010 0.000010 0.000010 0.914649 0.000010 0.000011 0.085233 0.000010 0.000010 0.000010
0.000010 0.000010 0.000010 0.000010 0.999880 0.000010 0.000010 0.000010 0.000010 0.000010 0.000010 0.000010 0.000010
0.000010 0.175148 0.208088 0.000010 0.445201 0.000010 0.082052 0.000010 0.083716 0.000010 0.000010 0.000010 0.005725
0.000010 0.000010 0.000010 0.000011 0.999879 0.000010 0.000010 0.000010 0.000010 0.000010 0.000010 0.000010 0.000010
0.000010 0.000010 0.000010 0.000010 0.999880 0.000010 0.000010 0.000010 0.000010 0.000010 0.000010 0.000010 0.000010
0.000789 0.000010 0.000010 0.000010 0.829333 0.000010 0.000010 0.000010 0.142535 0.027252 0.000010 0.000010 0.000010
0.000010 0.000010 0.000010 0.000010 0.999880 0.000010 0.000010 0.000010 0.000010 0.000010 0.000010 0.000010 0.000010
0.036153 0.034368 0.113124 0.000010 0.000010 0.000010 0.067596 0.000010 0.087007 0.141426 0.018304 0.501972 0.000010
0.000010 0.179360 0.206822 0.000010 0.408243 0.000010 0.101105 0.000010 0.074973 0.000010 0.000010 0.000010 0.029427
0.000010 0.000010 0.000010 0.000010 0.999880 0.000010 0.000010 0.000010 0.000010 0.000010 0.000010 0.000010 0.000010
0.525546 0.318218 0.071750 0.000010 0.000010 0.000010 0.084395 0.000010 0.000010 0.000010 0.000010 0.000010 0.000010
0.999880 0.000010 0.000010 0.000010 0.000010 0.000010 0.000010 0.000010 0.000010 0.000010 0.000010 0.000010 0.000010
0.999880 0.000010 0.000010 0.000010 0.000010 0.000010 0.000010 0.000010 0.000010 0.000010 0.000010 0.000010 0.000010
0.000010 0.000010 0.000010 0.000010 0.999880 0.000010 0.000010 0.000010 0.000010 0.000010 0.000010 0.000010 0.000010
0.000010 0.000010 0.000010 0.000010 0.999873 0.000013 0.000010 0.000010 0.000010 0.000010 0.000010 0.000014 0.000010
0.000010 0.000010 0.046233 0.131861 0.093342 0.000010 0.000010 0.000010 0.000010 0.079656 0.000010 0.181513 0.467324
0.000010 0.000010 0.033364 0.074991 0.033164 0.000010 0.004971 0.070593 0.000010 0.101823 0.000010 0.121824 0.559219
0.000010 0.637375 0.000010 0.000010 0.255462 0.000010 0.000010 0.000010 0.000010 0.107063 0.000010 0.000010 0.000010
0.000010 0.000010 0.999880 0.000010 0.000010 0.000010 0.000010 0.000010 0.000010 0.000010 0.000010 0.000010 0.000010
0.000010 0.053596 0.000010 0.006354 0.085244 0.000010 0.000010 0.000010 0.000010 0.030618 0.000010 0.529996 0.294122
0.403011 0.000014 0.000010 0.000010 0.359259 0.000010 0.098617 0.000010 0.071812 0.067217 0.000010 0.000010 0.000010
0.000010 0.000010 0.000010 0.000010 0.000010 0.886873 0.000010 0.059254 0.000010 0.011880 0.041902 0.000010 0.000010
0.000010 0.000010 0.000010 0.176749 0.024152 0.208075 0.000010 0.013826 0.000010 0.000010 0.559214 0.006136 0.011788
0.000010 0.000010 0.000010 0.000010 0.029058 0.000010 0.022137 0.000010 0.015915 0.000010 0.932801 0.000010 0.000010
0.000010 0.041758 0.000010 0.146215 0.000010 0.760344 0.000010 0.046766 0.000010 0.000010 0.004837 0.000010 0.000010
0.000010 0.046120 0.000010 0.916319 0.000010 0.000010 0.000018 0.019386 0.000010 0.018077 0.000010 0.000010 0.000010
0.000010 0.004323 0.024086 0.034816 0.002880 0.524611 0.000010 0.000010 0.000010 0.000010 0.340425 0.039120 0.029689
0.000010 0.000010 0.000010 0.000010 0.000010 0.397672 0.000010 0.035972 0.000010 0.000010 0.565597 0.000010 0.000669
0.000010 0.000010 0.000010 0.000010 0.000010 0.000010 0.015509 0.000010 0.000010 0.000010 0.849035 0.000010 0.135356
0.000010 0.000010 0.000011 0.000012 0.000010 0.000010 0.999876 0.000010 0.000011 0.000010 0.000010 0.000010 0.000010
0.000010 0.000010 0.000010 0.000010 0.000010 0.000010 0.000010 0.000010 0.000010 0.000010 0.999880 0.000010 0.000010
0.000010 0.000010 0.000010 0.000010 0.128319 0.000010 0.871571 0.000010 0.000010 0.000010 0.000010 0.000010 0.000010
0.000010 0.000010 0.000010 0.000010 0.000010 0.000010 0.000010 0.000010 0.000010 0.000010 0.999880 0.000010 0.000010
0.000010 0.000010 0.000010 0.000010 0.000010 0.000010 0.000010 0.000010 0.999880 0.000010 0.000010 0.000010 0.000010
0.000010 0.000010 0.020650 0.000010 0.022339 0.000010 0.016042 0.000010 0.932101 0.008788 0.000010 0.000010 0.000010
0.000010 0.000010 0.000010 0.000010 0.000010 0.000010 0.000010 0.000010 0.999880 0.000010 0.000010 0.000010 0.000010
0.178510 0.279445 0.000010 0.000010 0.071927 0.000010 0.412838 0.057200 0.000010 0.000010 0.000010 0.000010 0.000010
0.000010 0.000010 0.000010 0.008798 0.017937 0.847515 0.000010 0.100795 0.002140 0.000010 0.000010 0.022746 0.000010
0.000010 0.000010 0.000010 0.000010 0.715120 0.000010 0.284770 0.000010 0.000010 0.000010 0.000010 0.000010 0.000010
0.000010 0.000010 0.000010 0.172761 0.000010 0.597958 0.000010 0.085265 0.000010 0.000010 0.143926 0.000010 0.000010
0.000010 0.000010 0.000010 0.527380 0.002489 0.417711 0.004014 0.000010 0.000010 0.000010 0.041429 0.006906 0.000010
0.000010 0.000010 0.000010 0.030203 0.000010 0.961406 0.000010 0.008292 0.000010 0.000010 0.000010 0.000010 0.000010
0.000010 0.000010 0.000010 0.000010 0.000010 0.000010 0.000010 0.000010 0.999880 0.000010 0.000010 0.000010 0.000010
0.000010 0.000010 0.000010 0.000010 0.000010 0.000010 0.000010 0.000010 0.999880 0.000010 0.000010 0.000010 0.000010
0.046765 0.000010 0.289600 0.000010 0.000010 0.377588 0.100766 0.101703 0.030780 0.000010 0.010714 0.000010 0.042035
0.000010 0.000010 0.000010 0.999880 0.000010 0.000010 0.000010 0.000010 0.000010 0.000010 0.000010 0.000010 0.000010
0.000010 0.049344 0.000010 0.000010 0.000010 0.950546 0.000010 0.000010 0.000010 0.000010 0.000010 0.000010 0.000010
0.000010 0.000010 0.000010 0.952904 0.033739 0.000010 0.011168 0.000010 0.000010 0.002099 0.000010 0.000010 0.000010
0.000010 0.000010 0.000010 0.995079 0.000014 0.000010 0.000010 0.000010 0.000010 0.000010 0.000010 0.004806 0.000010
0.000010 0.053103 0.000010 0.000010 0.000010 0.892412 0.000010 0.054385 0.000010 0.000010 0.000010 0.000010 0.000010
0.000010 0.000010 0.000010 0.999880 0.000010 0.000010 0.000010 0.000010 0.000010 0.000010 0.000010 0.000010 0.000010
0.000010 0.000010 0.838162 0.000010 0.000010 0.000010 0.161728 0.000010 0.000010 0.000010 0.000010 0.000010 0.000010
0.000010 0.000010 0.849907 0.000010 0.000010 0.000010 0.149983 0.000010 0.000010 0.000010 0.000010 0.000010 0.000010
0.000010 0.000010 0.000010 0.000010 0.000010 0.000010 0.000010 0.000010 0.000010 0.000010 0.999880 0.000010 0.000010
0.000019 0.000010 0.000010 0.000010 0.000010 0.999871 0.000010 0.000010 0.000010 0.000010 0.000010 0.000010 0.000010
0.000010 0.000010 0.000010 0.000010 0.000010 0.984211 0.000010 0.011726 0.003963 0.000010 0.000010 0.000010 0.000010
0.000010 0.000010 0.000010 0.000010 0.000010 0.000010 0.000010 0.000010 0.000010 0.000010 0.999880 0.000010 0.000010
0.000010 0.000010 0.000010 0.999880 0.000010 0.000010 0.000010 0.000010 0.000010 0.000010 0.000010 0.000010 0.000010
0.000010 0.000010 0.000010 0.000010 0.000010 0.000010 0.000010 0.000010 0.000010 0.010902 0.988988 0.000010 0.000010
0.000010 0.000010 0.000010 0.000010 0.000010 0.000010 0.000010 0.000010 0.000010 0.000010 0.999880 0.000010 0.000010
0.000010 0.000010 0.000010 0.474062 0.000010 0.000010 0.000010 0.000010 0.000010 0.000010 0.525828 0.000010 0.000010
0.000010 0.000010 0.000010 0.519394 0.000010 0.036295 0.000010 0.000010 0.000010 0.000010 0.398968 0.045253 0.000010
0.000010 0.000010 0.000010 0.000010 0.000010 0.000010 0.000010 0.000010 0.000010 0.063647 0.936243 0.000010 0.000010
0.000010 0.069927 0.000010 0.000010 0.000010 0.929963 0.000010 0.000010 0.000010 0.000010 0.000010 0.000010 0.000010
0.000010 0.000010 0.000010 0.000010 0.000010 0.000010 0.000010 0.000010 0.000010 0.000010 0.999880 0.000010 0.000010
0.000010 0.000010 0.000010 0.000010 0.000010 0.000010 0.000010 0.000010 0.999880 0.000010 0.000010 0.000010 0.000010
0.000010 0.000010 0.000010 0.000010 0.000010 0.000010 0.000010 0.000010 0.999880 0.000010 0.000010 0.000010 0.000010
0.000010 0.000010 0.000010 0.000010 0.000010 0.000010 0.006339 0.000010 0.993551 0.000010 0.000010 0.000010 0.000010
0.000010 0.000010 0.000010 0.000010 0.000010 0.000010 0.000010 0.000010 0.999880 0.000010 0.000010 0.000010 0.000010
