0.000010 0.000010 0.986183 0.000010 0.000010 0.000010 0.000010 0.000010 0.000010 0.013737
0.019083 0.000010 0.975245 0.000010 0.000010 0.000010 0.000010 0.000010 0.000010 0.005603
0.000010 0.000010 0.999910 0.000010 0.000010 0.000010 0.000010 0.000010 0.000010 0.000010
0.000010 0.000010 0.986701 0.002336 0.000010 0.000010 0.000010 0.000010 0.010894 0.000010
0.000010 0.000010 0.967699 0.000010 0.000010 0.000010 0.000010 0.032221 0.000010 0.000010
0.000010 0.000010 0.999910 0.000010 0.000010 0.000010 0.000010 0.000010 0.000010 0.000010
0.000010 0.000010 0.967647 0.000010 0.000010 0.000010 0.000010 0.000010 0.000010 0.032273
0.063868 0.014329 0.000010 0.027024 0.007461 0.000010 0.010708 0.000010 0.000010 0.876569
0.000010 0.000010 0.000010 0.000010 0.000010 0.000010 0.000010 0.999910 0.000010 0.000010
0.292111 0.000010 0.000010 0.186353 0.000010 0.000010 0.073381 0.036878 0.000010 0.411227
0.000010 0.000010 0.000010 0.000010 0.000010 0.000010 0.000010 0.999910 0.000010 0.000010
0.000010 0.999910 0.000010 0.000010 0.000010 0.000010 0.000010 0.000010 0.000010 0.000010
0.000010 0.999910 0.000010 0.000010 0.000010 0.000010 0.000010 0.000010 0.000010 0.000010
0.000010 0.000010 0.000010 0.000010 0.000010 0.000010 0.999910 0.000010 0.000010 0.000010
0.000010 0.999910 0.000010 0.000010 0.000010 0.000010 0.000010 0.000010 0.000010 0.000010
0.000010 0.999910 0.000010 0.000010 0.000010 0.000010 0.000010 0.000010 0.000010 0.000010
0.053625 0.000010 0.000010 0.846243 0.000010 0.000010 0.031100 0.000018 0.000010 0.068965
0.000010 0.999910 0.000010 0.000010 0.000010 0.000010 0.000010 0.000010 0.000010 0.000010
0.072698 0.000010 0.000010 0.807984 0.000010 0.032965 0.048002 0.000010 0.000010 0.038301
0.000010 0.000010 0.000010 0.000010 0.000010 0.000010 0.999910 0.000010 0.000010 0.000010
0.000010 0.000010 0.972975 0.000010 0.000010 0.000010 0.018423 0.000010 0.008531 0.000010
0.000010 0.999910 0.000010 0.000010 0.000010 0.000010 0.000010 0.000010 0.000010 0.000010
0.000010 0.999910 0.000010 0.000010 0.000010 0.000010 0.000010 0.000010 0.000010 0.000010
0.000010 0.000010 0.999910 0.000010 0.000010 0.000010 0.000010 0.000010 0.000010 0.000010
0.077814 0.036109 0.003069 0.750625 0.000010 0.010878 0.032736 0.001292 0.011269 0.076199
0.429486 0.000010 0.000010 0.062701 0.000148 0.000010 0.020647 0.486969 0.000010 0.000010
0.000010 0.000010 0.919799 0.017803 0.009150 0.000010 0.002007 0.051190 0.000010 0.000010
0.000010 0.003848 0.904949 0.038731 0.000010 0.004718 0.000010 0.015736 0.000010 0.031979
0.000010 0.000010 0.000010 0.000010 0.000010 0.000010 0.000010 0.999910 0.000010 0.000010
0.000010 0.000010 0.000010 0.000010 0.000010 0.000010 0.000010 0.999910 0.000010 0.000010
0.000010 0.999910 0.000010 0.000010 0.000010 0.000010 0.000010 0.000010 0.000010 0.000010
0.060850 0.000010 0.000010 0.337447 0.024073 0.000010 0.005975 0.501724 0.000010 0.069890
0.000010 0.000010 0.000010 0.000010 0.000010 0.999910 0.000010 0.000010 0.000010 0.000010
0.000010 0.999910 0.000010 0.000010 0.000010 0.000010 0.000010 0.000010 0.000010 0.000010
0.000010 0.000010 0.000010 0.000010 0.999910 0.000010 0.000010 0.000010 0.000010 0.000010
0.000010 0.999910 0.000010 0.000010 0.000010 0.000010 0.000010 0.000010 0.000010 0.000010
0.000010 0.999910 0.000010 0.000010 0.000010 0.000010 0.000010 0.000010 0.000010 0.000010
0.150522 0.000010 0.000010 0.654354 0.000010 0.135485 0.059579 0.000010 0.000010 0.000010
0.000010 0.000010 0.900515 0.000950 0.000010 0.000010 0.019360 0.072697 0.006428 0.000010
0.000010 0.016029 0.953927 0.000010 0.008887 0.000010 0.000010 0.000010 0.000010 0.021097
0.000010 0.000010 0.998038 0.000010 0.000010 0.000010 0.001882 0.000010 0.000010 0.000010
0.032750 0.000010 0.927754 0.039056 0.000010 0.000010 0.000010 0.000379 0.000010 0.000010
0.000010 0.000010 0.914689 0.000010 0.000010 0.016681 0.009521 0.059050 0.000010 0.000010
0.000010 0.000010 0.941271 0.000010 0.000010 0.000016 0.000010 0.000010 0.002064 0.056589
0.024532 0.006337 0.524862 0.438457 0.000010 0.000010 0.005762 0.000010 0.000010 0.000010
0.000010 0.999910 0.000010 0.000010 0.000010 0.000010 0.000010 0.000010 0.000010 0.000010
0.000010 0.987039 0.000010 0.000010 0.000010 0.012881 0.000010 0.000010 0.000010 0.000010
0.000010 0.959024 0.000010 0.000010 0.000010 0.030132 0.000010 0.000010 0.010774 0.000010
0.000010 0.999910 0.000010 0.000010 0.000010 0.000010 0.000010 0.000010 0.000010 0.000010
0.000010 0.989608 0.000010 0.000010 0.000010 0.000010 0.000010 0.000010 0.010312 0.000010
0.000010 0.966557 0.000010 0.000010 0.000010 0.007109 0.026264 0.000010 0.000010 0.000010
0.000010 0.966328 0.000010 0.000010 0.000010 0.000010 0.028558 0.000010 0.005044 0.000010
0.000010 0.000010 0.999910 0.000010 0.000010 0.000010 0.000010 0.000010 0.000010 0.000010
0.069422 0.031971 0.130224 0.067300 0.027621 0.257225 0.118899 0.188232 0.042114 0.066992
0.000010 0.000010 0.999910 0.000010 0.000010 0.000010 0.000010 0.000010 0.000010 0.000010
0.000010 0.000010 0.981370 0.000010 0.000010 0.005316 0.000010 0.000010 0.013244 0.000010
0.000010 0.000010 0.896581 0.015092 0.000010 0.000010 0.000010 0.076434 0.000010 0.011833
0.000010 0.000010 0.996823 0.000010 0.003097 0.000010 0.000010 0.000010 0.000010 0.000010
0.000010 0.998745 0.000010 0.000010 0.000010 0.000010 0.001175 0.000010 0.000010 0.000010
0.000010 0.999910 0.000010 0.000010 0.000010 0.000010 0.000010 0.000010 0.000010 0.000010
0.000010 0.907543 0.000010 0.000010 0.000010 0.000010 0.071499 0.000010 0.020888 0.000010
0.000010 0.999910 0.000010 0.000010 0.000010 0.000010 0.000010 0.000010 0.000010 0.000010
0.000010 0.000010 0.000010 0.000010 0.034172 0.887313 0.000010 0.078446 0.000010 0.000010
0.000010 0.000010 0.999910 0.000010 0.000010 0.000010 0.000010 0.000010 0.000010 0.000010
0.000010 0.000010 0.999910 0.000010 0.000010 0.000010 0.000010 0.000010 0.000010 0.000010
0.060662 0.041773 0.125620 0.063209 0.036538 0.146162 0.057775 0.278141 0.038197 0.151922
0.000010 0.000010 0.000010 0.000010 0.907751 0.092169 0.000010 0.000010 0.000010 0.000010
0.275904 0.043423 0.000010 0.000010 0.000010 0.000010 0.680604 0.000010 0.000010 0.000010
0.000010 0.937453 0.000010 0.000010 0.000010 0.000010 0.059154 0.000010 0.003322 0.000010
0.000010 0.932091 0.000010 0.000010 0.000010 0.000010 0.067829 0.000010 0.000010 0.000010
0.000010 0.000010 0.000010 0.880031 0.000010 0.000010 0.000010 0.016836 0.000010 0.103063
0.000010 0.984523 0.000010 0.000010 0.000010 0.000010 0.005574 0.000010 0.009833 0.000010
0.000010 0.999910 0.000010 0.000010 0.000010 0.000010 0.000010 0.000010 0.000010 0.000010
0.000010 0.999910 0.000010 0.000010 0.000010 0.000010 0.000010 0.000010 0.000010 0.000010
0.000010 0.000010 0.000010 0.000010 0.034428 0.501462 0.000010 0.000010 0.000010 0.464040
0.000010 0.015866 0.000010 0.007439 0.658396 0.290629 0.027619 0.000010 0.000010 0.000010
0.000010 0.000010 0.000010 0.000010 0.000010 0.000010 0.000010 0.000010 0.000010 0.999910
0.000010 0.000010 0.000010 0.000010 0.000010 0.000010 0.000010 0.999910 0.000010 0.000010
0.000010 0.000010 0.000010 0.000010 0.000010 0.000010 0.000010 0.000010 0.000010 0.999910
0.000010 0.000010 0.003115 0.000010 0.386311 0.501662 0.000010 0.066119 0.042744 0.000010
0.000010 0.000010 0.000010 0.000010 0.000010 0.000010 0.000010 0.000010 0.000010 0.999910
0.000010 0.000010 0.000010 0.000010 0.550545 0.168960 0.000010 0.280425 0.000010 0.000010
0.000010 0.999910 0.000010 0.000010 0.000010 0.000010 0.000010 0.000010 0.000010 0.000010
0.000010 0.999910 0.000010 0.000010 0.000010 0.000010 0.000010 0.000010 0.000010 0.000010
0.000010 0.988794 0.000010 0.000010 0.000010 0.000010 0.000010 0.000010 0.011126 0.000010
0.000010 0.000010 0.000010 0.000010 0.000010 0.000010 0.000010 0.000010 0.000010 0.999910
0.000010 0.999910 0.000010 0.000010 0.000010 0.000010 0.000010 0.000010 0.000010 0.000010
0.019566 0.000010 0.080615 0.854879 0.000010 0.000010 0.000010 0.005175 0.000862 0.038862
0.000010 0.999910 0.000010 0.000010 0.000010 0.000010 0.000010 0.000010 0.000010 0.000010
0.073855 0.000010 0.000010 0.018758 0.000010 0.000010 0.047818 0.000010 0.000010 0.859509
0.000010 0.000010 0.000010 0.000010 0.000010 0.000010 0.000010 0.000010 0.000010 0.999910
0.003597 0.026557 0.000010 0.073527 0.000010 0.000010 0.000010 0.000010 0.000010 0.896260
0.000010 0.000010 0.000010 0.000010 0.000010 0.811498 0.000010 0.147430 0.032896 0.008116
0.000010 0.000010 0.000010 0.000010 0.000010 0.000010 0.000010 0.999910 0.000010 0.000010
0.000010 0.999910 0.000010 0.000010 0.000010 0.000010 0.000010 0.000010 0.000010 0.000010
0.000010 0.961160 0.000010 0.000010 0.000010 0.000010 0.038760 0.000010 0.000010 0.000010
0.017111 0.000010 0.122618 0.000010 0.004346 0.011582 0.000010 0.748668 0.004657 0.090988
0.052589 0.000010 0.000010 0.833830 0.000010 0.000010 0.011195 0.102326 0.000010 0.000010
0.000010 0.000010 0.000010 0.000010 0.000010 0.000010 0.000010 0.555824 0.000010 0.444096
0.002332 0.000010 0.000010 0.020293 0.006734 0.420864 0.496474 0.044325 0.000010 0.008947
0.000010 0.907101 0.000010 0.000010 0.008409 0.055581 0.019253 0.000010 0.009605 0.000010
0.000010 0.000010 0.000010 0.000010 0.000010 0.000010 0.000010 0.000010 0.999910 0.000010
0.000010 0.015159 0.014739 0.442559 0.000016 0.000010 0.000010 0.479917 0.000010 0.047570
0.000010 0.000010 0.511485 0.488435 0.000010 0.000010 0.000010 0.000010 0.000010 0.000010
0.000010 0.000010 0.000010 0.999910 0.000010 0.000010 0.000010 0.000010 0.000010 0.000010
0.039308 0.000010 0.057165 0.279059 0.000010 0.000010 0.000010 0.624408 0.000010 0.000010
0.000010 0.000010 0.002403 0.381277 0.000010 0.000010 0.005367 0.509009 0.026904 0.075001
0.000010 0.000010 0.000010 0.467127 0.000010 0.000010 0.000010 0.532793 0.000010 0.000010
0.000010 0.000010 0.000010 0.885706 0.000010 0.000010 0.006014 0.108210 0.000010 0.000010
0.073579 0.040678 0.006771 0.077086 0.566711 0.000010 0.046350 0.000010 0.028017 0.160787
0.000010 0.000010 0.053276 0.000010 0.000010 0.150120 0.000010 0.722739 0.073804 0.000010
0.000010 0.009601 0.000010 0.000010 0.178261 0.000010 0.537325 0.000010 0.000010 0.274754
0.000010 0.000010 0.000010 0.000010 0.571960 0.330148 0.097822 0.000010 0.000010 0.000010
0.000010 0.023712 0.000010 0.000010 0.015062 0.000010 0.000010 0.365300 0.000010 0.595867
0.000010 0.000010 0.464604 0.000010 0.000010 0.000010 0.000010 0.000010 0.000010 0.535316
0.381752 0.031991 0.000010 0.000010 0.352609 0.155242 0.063145 0.000010 0.015220 0.000010
0.608588 0.026310 0.000010 0.184370 0.000010 0.080298 0.057009 0.025888 0.001334 0.016183
0.737833 0.021203 0.000010 0.147390 0.000010 0.017733 0.075790 0.000010 0.000010 0.000010
0.000010 0.017903 0.168161 0.037534 0.241540 0.000010 0.257521 0.144815 0.000010 0.132496
0.773677 0.000010 0.000010 0.133114 0.000010 0.033960 0.059188 0.000010 0.000010 0.000010
0.309688 0.000010 0.000010 0.086415 0.028496 0.018922 0.033720 0.456725 0.000010 0.066005
0.732584 0.000013 0.000010 0.159970 0.002016 0.000010 0.097222 0.000010 0.000010 0.008155
0.243123 0.048383 0.000010 0.435778 0.124308 0.127639 0.000010 0.000010 0.020728 0.000010
0.000010 0.000010 0.025606 0.000010 0.000010 0.440923 0.000010 0.336611 0.196801 0.000010
0.021585 0.008847 0.761537 0.071755 0.000010 0.000010 0.000010 0.106246 0.017281 0.012720
0.000010 0.000010 0.357977 0.040639 0.000010 0.000010 0.000010 0.415367 0.009690 0.176277
0.217111 0.000010 0.000010 0.204426 0.000010 0.130346 0.024176 0.000010 0.000010 0.423891
0.000010 0.000010 0.000010 0.000010 0.000010 0.000010 0.000010 0.587992 0.000010 0.411928
0.000010 0.000010 0.000010 0.000010 0.000010 0.000010 0.000010 0.000010 0.000010 0.999910
0.023033 0.000010 0.000010 0.000010 0.000010 0.000010 0.000010 0.542060 0.000010 0.434837
0.115507 0.004612 0.000010 0.423565 0.011279 0.088426 0.026614 0.068399 0.000010 0.261579
0.028511 0.000010 0.000010 0.000010 0.003137 0.000010 0.005416 0.312683 0.000010 0.650204
0.141367 0.026433 0.000010 0.317262 0.014598 0.074456 0.006959 0.096719 0.000010 0.322185
0.000010 0.000010 0.000010 0.000010 0.267846 0.000010 0.732074 0.000010 0.000010 0.000010
0.000010 0.000010 0.000010 0.000010 0.475796 0.069203 0.359186 0.078610 0.017154 0.000010
0.000010 0.000010 0.031789 0.015712 0.296357 0.000010 0.232600 0.022228 0.000010 0.401273
0.000010 0.000010 0.000010 0.000010 0.000010 0.000010 0.000010 0.000010 0.999910 0.000010
0.063523 0.035107 0.007705 0.065530 0.029203 0.225032 0.404277 0.129288 0.032925 0.007410
0.025304 0.015494 0.502654 0.007785 0.000010 0.014024 0.434700 0.000010 0.000010 0.000010
0.252321 0.035260 0.000010 0.452720 0.000010 0.205731 0.053919 0.000010 0.000010 0.000010
0.000030 0.002557 0.000010 0.001937 0.000010 0.335913 0.526265 0.083697 0.000010 0.049570
0.327522 0.072821 0.000010 0.335023 0.000010 0.172518 0.078407 0.013669 0.000010 0.000010
0.000010 0.000010 0.000010 0.000010 0.000010 0.000010 0.999910 0.000010 0.000010 0.000010
0.000010 0.000010 0.000010 0.000010 0.000010 0.000010 0.999910 0.000010 0.000010 0.000010
0.128953 0.037145 0.000010 0.797041 0.002687 0.018728 0.015405 0.000010 0.000010 0.000010
0.387692 0.027831 0.000010 0.404460 0.000010 0.137332 0.042635 0.000010 0.000010 0.000010
0.084346 0.000156 0.011008 0.045765 0.352324 0.090624 0.093478 0.000010 0.000010 0.322279
0.000010 0.015127 0.000010 0.000010 0.050528 0.407629 0.513638 0.000010 0.013028 0.000010
0.203848 0.053777 0.000010 0.668579 0.001522 0.072224 0.000010 0.000010 0.000010 0.000010
0.199231 0.030335 0.000010 0.602804 0.000010 0.135237 0.032343 0.000010 0.000010 0.000010
0.327087 0.013079 0.000010 0.493523 0.000010 0.128987 0.037275 0.000010 0.000010 0.000010
0.000010 0.000010 0.000010 0.000010 0.191716 0.000010 0.537377 0.000010 0.000010 0.270837
0.294728 0.019899 0.000010 0.490430 0.023434 0.124400 0.047070 0.000010 0.000010 0.000010
0.194046 0.000010 0.000010 0.589605 0.000010 0.156897 0.059392 0.000010 0.000010 0.000010
0.434548 0.000010 0.000010 0.353297 0.020020 0.076820 0.060416 0.035206 0.000010 0.019662
0.000010 0.003643 0.815638 0.018041 0.000010 0.000010 0.009495 0.038270 0.025712 0.089171
0.449443 0.000010 0.000010 0.247466 0.004136 0.025988 0.115921 0.071015 0.000977 0.085034
0.342154 0.073576 0.000010 0.010190 0.000010 0.035646 0.503444 0.000010 0.000010 0.034949
0.148500 0.042646 0.000010 0.673691 0.000010 0.135104 0.000010 0.000010 0.000010 0.000010
0.220419 0.017279 0.000010 0.582940 0.000010 0.142473 0.036839 0.000010 0.000010 0.000010
0.176083 0.010475 0.000010 0.645968 0.000010 0.141393 0.026030 0.000010 0.000010 0.000010
0.000010 0.000010 0.000010 0.000010 0.000010 0.000010 0.999910 0.000010 0.000010 0.000010
0.000010 0.000010 0.960256 0.000010 0.000010 0.000010 0.015581 0.000010 0.019876 0.004228
0.070134 0.000010 0.000010 0.015862 0.000010 0.000010 0.030088 0.000010 0.000010 0.883857
0.000010 0.000010 0.000010 0.000010 0.000010 0.932189 0.000010 0.000010 0.067731 0.000010
0.015756 0.000010 0.000010 0.000010 0.015796 0.000010 0.445438 0.425658 0.007074 0.090238
0.000010 0.000010 0.000010 0.000010 0.863720 0.000010 0.136200 0.000010 0.000010 0.000010
0.000010 0.000010 0.000010 0.000010 0.751395 0.229539 0.000010 0.000010 0.018996 0.000010
0.000010 0.000010 0.000010 0.000010 0.000010 0.420771 0.244982 0.314257 0.019931 0.000010
0.280320 0.017266 0.000010 0.049599 0.000010 0.059261 0.593504 0.000010 0.000010 0.000010
0.009212 0.058587 0.000010 0.003390 0.561963 0.000010 0.366799 0.000010 0.000010 0.000010
0.023221 0.000010 0.000010 0.000010 0.000010 0.551211 0.003778 0.346139 0.075602 0.000010
0.042767 0.000010 0.933184 0.000010 0.000010 0.000010 0.000010 0.000010 0.023980 0.000010
0.027922 0.518967 0.020714 0.028691 0.168413 0.019855 0.068486 0.030532 0.000010 0.116410
0.000010 0.000010 0.000010 0.000010 0.465583 0.400586 0.133761 0.000010 0.000010 0.000010
0.000010 0.000010 0.000010 0.000010 0.000010 0.000010 0.999910 0.000010 0.000010 0.000010
0.000010 0.000010 0.000010 0.000010 0.588889 0.174400 0.224041 0.000010 0.012609 0.000010
0.000010 0.000010 0.000010 0.000010 0.000010 0.000010 0.999910 0.000010 0.000010 0.000010
0.000010 0.987641 0.000010 0.000010 0.012279 0.000010 0.000010 0.000010 0.000010 0.000010
0.000010 0.000010 0.000010 0.000010 0.443077 0.000010 0.556843 0.000010 0.000010 0.000010
0.000010 0.000010 0.000010 0.000010 0.462292 0.000010 0.537628 0.000010 0.000010 0.000010
0.000010 0.000010 0.000010 0.000010 0.305984 0.000010 0.693936 0.000010 0.000010 0.000010
0.000010 0.998864 0.000010 0.000010 0.000010 0.000010 0.001056 0.000010 0.000010 0.000010
0.000010 0.781239 0.000010 0.000010 0.000010 0.000010 0.203546 0.000010 0.015145 0.000010
0.000010 0.999910 0.000010 0.000010 0.000010 0.000010 0.000010 0.000010 0.000010 0.000010
0.000010 0.947027 0.000010 0.000010 0.021043 0.000010 0.031860 0.000010 0.000010 0.000010
0.000010 0.972277 0.000010 0.000010 0.000010 0.000010 0.027643 0.000010 0.000010 0.000010
0.000010 0.986818 0.000010 0.000010 0.000010 0.000010 0.013102 0.000010 0.000010 0.000010
0.000010 0.000010 0.999910 0.000010 0.000010 0.000010 0.000010 0.000010 0.000010 0.000010
0.115360 0.047290 0.110106 0.109716 0.008633 0.282558 0.210403 0.000010 0.000010 0.115916
0.000010 0.000010 0.000010 0.000010 0.000010 0.000010 0.000010 0.066598 0.000010 0.933322
0.158083 0.024447 0.000010 0.637650 0.000010 0.178424 0.001346 0.000010 0.000010 0.000010
0.000010 0.000010 0.000010 0.000010 0.521478 0.031057 0.447395 0.000010 0.000010 0.000010
0.000010 0.638283 0.000010 0.000010 0.014898 0.313702 0.000010 0.000010 0.033057 0.000010
0.000010 0.009644 0.000010 0.000010 0.000010 0.855837 0.000010 0.000010 0.134449 0.000010
0.000010 0.000010 0.000010 0.000010 0.000010 0.000010 0.000010 0.999910 0.000010 0.000010
0.000010 0.000010 0.000010 0.000010 0.000010 0.000010 0.000017 0.999903 0.000010 0.000010
0.999910 0.000010 0.000010 0.000010 0.000010 0.000010 0.000010 0.000010 0.000010 0.000010
0.999910 0.000010 0.000010 0.000010 0.000010 0.000010 0.000010 0.000010 0.000010 0.000010
0.000010 0.000010 0.185657 0.040279 0.000010 0.000010 0.026660 0.610470 0.000010 0.136884
0.000010 0.000010 0.000010 0.000010 0.000010 0.000010 0.000010 0.000010 0.999910 0.000010
0.000010 0.983877 0.000010 0.000010 0.000010 0.000010 0.016043 0.000010 0.000010 0.000010
0.298474 0.000010 0.000010 0.130400 0.349162 0.000010 0.180245 0.000010 0.000010 0.041669
0.120295 0.032932 0.000010 0.363138 0.000010 0.136174 0.000010 0.075742 0.000010 0.271679
0.003617 0.000010 0.054304 0.014981 0.000010 0.000010 0.000010 0.290758 0.000010 0.636291
0.000010 0.000010 0.000010 0.000010 0.000010 0.000010 0.000010 0.258828 0.000010 0.741092
0.000014 0.000010 0.000010 0.000010 0.000010 0.000012 0.999904 0.000010 0.000010 0.000010
0.000010 0.000010 0.058196 0.000010 0.000010 0.000010 0.000010 0.522543 0.000010 0.419190
0.000010 0.000010 0.000010 0.000010 0.000010 0.000010 0.000010 0.999910 0.000010 0.000010
0.000010 0.022127 0.000010 0.000010 0.109176 0.821245 0.000010 0.000010 0.047392 0.000010
0.999910 0.000010 0.000010 0.000010 0.000010 0.000010 0.000010 0.000010 0.000010 0.000010
0.999910 0.000010 0.000010 0.000010 0.000010 0.000010 0.000010 0.000010 0.000010 0.000010
0.999910 0.000010 0.000010 0.000010 0.000010 0.000010 0.000010 0.000010 0.000010 0.000010
0.630778 0.000010 0.192015 0.000010 0.000010 0.000010 0.000010 0.000010 0.177137 0.000010
0.000010 0.000010 0.000010 0.000010 0.999904 0.000010 0.000016 0.000010 0.000010 0.000010
0.000010 0.000010 0.000010 0.000010 0.000010 0.000010 0.999910 0.000010 0.000010 0.000010
0.000010 0.077338 0.000010 0.000010 0.045512 0.427405 0.438348 0.000010 0.011347 0.000010
0.000010 0.000010 0.000010 0.000010 0.000010 0.000010 0.999910 0.000010 0.000010 0.000010
0.000010 0.000010 0.000010 0.000010 0.000010 0.000010 0.999910 0.000010 0.000010 0.000010
0.000010 0.149490 0.000010 0.000010 0.000010 0.000010 0.850430 0.000010 0.000010 0.000010
0.000010 0.000010 0.000010 0.000010 0.000010 0.000010 0.999910 0.000010 0.000010 0.000010
0.578466 0.088113 0.002274 0.000010 0.046110 0.225251 0.059745 0.000010 0.000010 0.000010
0.000010 0.078376 0.000010 0.000010 0.061532 0.453875 0.406158 0.000010 0.000010 0.000010
0.000010 0.000010 0.000010 0.000010 0.000010 0.000010 0.999910 0.000010 0.000010 0.000010
0.000010 0.000010 0.000010 0.000010 0.000016 0.999901 0.000010 0.000010 0.000013 0.000010
0.000010 0.000010 0.000010 0.000010 0.000010 0.999910 0.000010 0.000010 0.000010 0.000010
0.000010 0.000010 0.000010 0.000010 0.000010 0.999910 0.000010 0.000010 0.000010 0.000010
0.000010 0.000010 0.000010 0.000010 0.000010 0.000010 0.999910 0.000010 0.000010 0.000010
0.000010 0.000010 0.000010 0.000010 0.000010 0.000010 0.999910 0.000010 0.000010 0.000010
0.460433 0.016957 0.000010 0.151442 0.010813 0.038481 0.151121 0.010862 0.024418 0.135463
0.422012 0.000010 0.000010 0.222367 0.025254 0.045721 0.120531 0.018355 0.026830 0.118909
0.049076 0.000010 0.026260 0.054736 0.000010 0.445206 0.334571 0.042210 0.000010 0.047911
0.000016 0.000010 0.000010 0.000010 0.000010 0.000010 0.000010 0.000010 0.999904 0.000010
0.721633 0.000010 0.000010 0.067234 0.000010 0.006832 0.121933 0.014019 0.029274 0.039045
0.005865 0.079244 0.000010 0.000010 0.144253 0.354829 0.409409 0.000010 0.000010 0.006359
0.000010 0.000010 0.896088 0.045500 0.000010 0.000010 0.003129 0.055222 0.000010 0.000010
0.000388 0.000010 0.219398 0.551476 0.000010 0.000010 0.016329 0.013034 0.007341 0.192004
0.000010 0.006422 0.000010 0.900971 0.017213 0.000010 0.027067 0.000010 0.000010 0.048276
0.000010 0.000010 0.770372 0.011257 0.000010 0.000010 0.000010 0.076289 0.006129 0.135903
0.000010 0.000010 0.000010 0.000010 0.009980 0.000010 0.000010 0.042596 0.004951 0.942413
0.032325 0.000010 0.548162 0.359121 0.000010 0.007056 0.001385 0.003001 0.000535 0.048394
0.000010 0.000010 0.395765 0.546773 0.000010 0.000010 0.000010 0.054780 0.000010 0.002621
0.000010 0.000010 0.000010 0.961355 0.016924 0.000010 0.000010 0.007163 0.000010 0.014498
0.000010 0.000010 0.000010 0.000010 0.999909 0.000010 0.000010 0.000011 0.000010 0.000010
0.000010 0.000010 0.000010 0.999910 0.000010 0.000010 0.000010 0.000010 0.000010 0.000010
0.000010 0.000010 0.000010 0.000010 0.889648 0.000010 0.110272 0.000010 0.000010 0.000010
0.000010 0.000010 0.000010 0.999910 0.000010 0.000010 0.000010 0.000010 0.000010 0.000010
0.000010 0.998248 0.000010 0.000010 0.000010 0.000010 0.000010 0.000010 0.001672 0.000010
0.000010 0.926601 0.000010 0.000010 0.014036 0.000010 0.033544 0.000010 0.025759 0.000010
0.000010 0.987574 0.000010 0.000010 0.000010 0.000010 0.000010 0.000010 0.012346 0.000010
0.340921 0.016689 0.000010 0.000010 0.002451 0.132069 0.507820 0.000010 0.000010 0.000010
0.000010 0.000010 0.000010 0.000010 0.431843 0.308746 0.082314 0.170195 0.006852 0.000010
0.018696 0.000010 0.858860 0.000010 0.000010 0.000010 0.019987 0.098766 0.000010 0.003641
0.000010 0.000010 0.000010 0.000010 0.288785 0.000010 0.711135 0.000010 0.000010 0.000010
0.000010 0.000010 0.608323 0.132048 0.000010 0.000010 0.000010 0.076657 0.000010 0.182912
0.010306 0.000010 0.419843 0.033613 0.003743 0.000010 0.000542 0.000010 0.007267 0.524656
0.000010 0.000010 0.967272 0.000010 0.000010 0.000010 0.000010 0.024112 0.000010 0.008546
0.000010 0.999910 0.000010 0.000010 0.000010 0.000010 0.000010 0.000010 0.000010 0.000010
0.000010 0.999910 0.000010 0.000010 0.000010 0.000010 0.000010 0.000010 0.000010 0.000010
0.006827 0.035546 0.399712 0.012292 0.071546 0.367263 0.000010 0.077760 0.029033 0.000010
0.000010 0.000010 0.000010 0.000010 0.000010 0.000010 0.000010 0.000010 0.000010 0.999910
0.000010 0.000010 0.999910 0.000010 0.000010 0.000010 0.000010 0.000010 0.000010 0.000010
0.000010 0.000010 0.000010 0.000010 0.013050 0.000010 0.032241 0.000010 0.001054 0.953595
0.007798 0.000010 0.000010 0.000010 0.000010 0.000010 0.000010 0.000010 0.000010 0.992122
0.000010 0.000010 0.908156 0.000010 0.000010 0.006396 0.000010 0.076143 0.009245 0.000010
0.000010 0.000010 0.000010 0.000010 0.000010 0.000010 0.000010 0.000010 0.000010 0.999910
0.000010 0.000010 0.000010 0.000010 0.113635 0.851743 0.000010 0.000010 0.034552 0.000010
0.000010 0.000010 0.000010 0.000010 0.092971 0.865230 0.000010 0.000010 0.041729 0.000010
0.000010 0.000010 0.000010 0.999910 0.000010 0.000010 0.000010 0.000010 0.000010 0.000010
0.000010 0.000010 0.999910 0.000010 0.000010 0.000010 0.000010 0.000010 0.000010 0.000010
0.000010 0.002800 0.992184 0.000010 0.000010 0.000010 0.000010 0.004946 0.000010 0.000010
0.000010 0.000010 0.000010 0.999910 0.000010 0.000010 0.000010 0.000010 0.000010 0.000010
0.000010 0.000010 0.000010 0.000010 0.000010 0.000010 0.000010 0.000010 0.000010 0.999910
0.000010 0.000010 0.000010 0.999910 0.000010 0.000010 0.000010 0.000010 0.000010 0.000010
0.000010 0.000010 0.000010 0.999910 0.000010 0.000010 0.000010 0.000010 0.000010 0.000010
0.000010 0.000010 0.000010 0.491331 0.000010 0.000010 0.000010 0.000010 0.000010 0.508589
0.025241 0.000010 0.033132 0.394581 0.000010 0.000010 0.000010 0.000010 0.000010 0.546986
0.000010 0.000010 0.000010 0.970098 0.000010 0.000010 0.029822 0.000010 0.000010 0.000010
0.000010 0.000010 0.979433 0.000010 0.000010 0.000010 0.000010 0.020487 0.000010 0.000010
0.000010 0.000010 0.000010 0.999910 0.000010 0.000010 0.000010 0.000010 0.000010 0.000010
0.000010 0.999910 0.000010 0.000010 0.000010 0.000010 0.000010 0.000010 0.000010 0.000010
0.000010 0.999910 0.000010 0.000010 0.000010 0.000010 0.000010 0.000010 0.000010 0.000010
0.000010 0.993863 0.000010 0.000010 0.006057 0.000010 0.000010 0.000010 0.000010 0.000010
0.000010 0.999910 0.000010 0.000010 0.000010 0.000010 0.000010 0.000010 0.000010 0.000010
