0.000010 0.000010 0.000010 0.139802 0.000010 0.000010 0.000010 0.008772 0.851296 0.000010 0.000010 0.000010 0.000010 0.000010 0.000010 0.000010
0.000010 0.000010 0.000010 0.154178 0.005756 0.000010 0.000010 0.000807 0.825389 0.000010 0.000010 0.000010 0.000010 0.000010 0.013760 0.000010
0.000010 0.000010 0.000010 0.000010 0.000010 0.000010 0.000010 0.000010 0.999850 0.000010 0.000010 0.000010 0.000010 0.000010 0.000010 0.000010
0.000010 0.009149 0.000010 0.129390 0.000010 0.018977 0.000010 0.000010 0.842364 0.000010 0.000010 0.000010 0.000010 0.000010 0.000010 0.000010
0.000010 0.000010 0.000010 0.129189 0.000010 0.000010 0.032240 0.000010 0.837763 0.000010 0.000010 0.000010 0.000010 0.000010 0.000010 0.000688
0.000010 0.000010 0.000010 0.000010 0.000010 0.000010 0.000010 0.000010 0.999850 0.000010 0.000010 0.000010 0.000010 0.000010 0.000010 0.000010
0.000010 0.000010 0.000010 0.050797 0.000010 0.000010 0.000010 0.007371 0.941702 0.000010 0.000010 0.000010 0.000010 0.000010 0.000010 0.000010
0.000016 0.000010 0.000010 0.000010 0.003706 0.000010 0.000010 0.859329 0.000010 0.000010 0.000010 0.052897 0.000010 0.022675 0.017530 0.043757
0.000010 0.000010 0.000010 0.000010 0.000010 0.000010 0.999846 0.000010 0.000010 0.000010 0.000010 0.000010 0.000010 0.000010 0.000014 0.000010
0.038596 0.000010 0.027728 0.000010 0.000010 0.000010 0.054475 0.388806 0.000010 0.000010 0.000010 0.335227 0.000010 0.000010 0.104758 0.050318
0.000010 0.000010 0.000010 0.000010 0.000010 0.000010 0.999850 0.000010 0.000010 0.000010 0.000010 0.000010 0.000010 0.000010 0.000010 0.000010
0.000010 0.000010 0.000010 0.000010 0.000010 0.000010 0.000010 0.000010 0.000010 0.000010 0.000010 0.000010 0.395918 0.603942 0.000010 0.000010
0.000010 0.000010 0.000010 0.000010 0.000010 0.000010 0.000010 0.000010 0.000010 0.000010 0.000010 0.000010 0.336742 0.663118 0.000010 0.000010
0.000010 0.000010 0.945662 0.000010 0.000010 0.000010 0.000010 0.000010 0.000010 0.000010 0.000010 0.000010 0.000010 0.000010 0.000010 0.054198
0.000010 0.000010 0.000017 0.000010 0.000010 0.000010 0.000010 0.000010 0.000010 0.000010 0.000010 0.000010 0.435169 0.564683 0.000010 0.000010
0.000010 0.000010 0.000010 0.000010 0.000010 0.000010 0.000010 0.000010 0.000010 0.000010 0.000010 0.000010 0.444013 0.555847 0.000010 0.000010
0.760455 0.000010 0.024768 0.000010 0.000010 0.000010 0.000010 0.027259 0.000010 0.000010 0.000010 0.145433 0.005859 0.000010 0.034300 0.001836
0.000010 0.000010 0.000010 0.000010 0.000010 0.000010 0.000010 0.000010 0.000010 0.000010 0.000010 0.000010 0.410683 0.589177 0.000010 0.000010
0.661649 0.000010 0.023830 0.000010 0.000010 0.000010 0.000010 0.013566 0.000010 0.000010 0.023860 0.218337 0.000010 0.000010 0.027210 0.031457
0.000010 0.000010 0.999849 0.000011 0.000010 0.000010 0.000010 0.000010 0.000010 0.000010 0.000010 0.000010 0.000010 0.000010 0.000010 0.000010
0.000010 0.000010 0.014748 0.000010 0.000010 0.000010 0.000010 0.000010 0.985112 0.000010 0.000010 0.000010 0.000010 0.000010 0.000010 0.000010
0.000010 0.000010 0.000010 0.000010 0.000010 0.000010 0.000010 0.000010 0.000010 0.000010 0.000010 0.000010 0.496892 0.502968 0.000010 0.000010
0.000010 0.000010 0.000010 0.000010 0.000010 0.000010 0.000010 0.000010 0.000010 0.000010 0.000010 0.000010 0.423433 0.576427 0.000010 0.000010
0.000010 0.000010 0.000010 0.000010 0.000010 0.000010 0.000010 0.000010 0.999850 0.000010 0.000010 0.000010 0.000010 0.000010 0.000010 0.000010
0.651516 0.007667 0.022532 0.024433 0.000010 0.061639 0.000010 0.015040 0.000010 0.000010 0.000010 0.161168 0.024928 0.000010 0.016387 0.014630
0.000010 0.000010 0.000535 0.000010 0.000010 0.000010 0.462480 0.000010 0.000010 0.000010 0.000010 0.391656 0.000010 0.000010 0.145209 0.000010
0.018187 0.000010 0.000010 0.145560 0.009123 0.000010 0.031433 0.000010 0.795587 0.000010 0.000010 0.000010 0.000010 0.000010 0.000010 0.000010
0.046051 0.000010 0.000010 0.168721 0.000010 0.009457 0.002480 0.022781 0.736699 0.000010 0.002312 0.000010 0.000010 0.000010 0.011418 0.000010
0.000010 0.000010 0.000010 0.000010 0.000010 0.000010 0.999850 0.000010 0.000010 0.000010 0.000010 0.000010 0.000010 0.000010 0.000010 0.000010
0.000010 0.000010 0.000010 0.000010 0.000010 0.000010 0.999850 0.000010 0.000010 0.000010 0.000010 0.000010 0.000010 0.000010 0.000010 0.000010
0.000010 0.000010 0.000010 0.000010 0.000010 0.000010 0.000010 0.000010 0.000010 0.000010 0.000010 0.000010 0.508689 0.491171 0.000010 0.000010
0.273331 0.000010 0.000010 0.000010 0.019284 0.023314 0.468011 0.071176 0.000010 0.000010 0.004405 0.098827 0.000010 0.000010 0.041572 0.000010
0.000010 0.000010 0.000010 0.000010 0.000010 0.000010 0.000010 0.000010 0.000010 0.000010 0.999850 0.000010 0.000010 0.000010 0.000010 0.000010
0.000010 0.000010 0.000010 0.000010 0.000010 0.000010 0.000010 0.000010 0.000010 0.000010 0.000010 0.000010 0.449307 0.550553 0.000010 0.000010
0.000010 0.000010 0.000010 0.000010 0.999850 0.000010 0.000010 0.000010 0.000010 0.000010 0.000010 0.000010 0.000010 0.000010 0.000010 0.000010
0.000010 0.000010 0.000010 0.000010 0.000010 0.000010 0.000010 0.000010 0.000010 0.000010 0.000010 0.000010 0.391147 0.608713 0.000010 0.000010
0.000010 0.000010 0.000010 0.000010 0.000010 0.000010 0.000010 0.000010 0.000010 0.000010 0.000010 0.000010 0.455703 0.544157 0.000010 0.000010
0.000010 0.000010 0.000010 0.000010 0.000010 0.000010 0.000010 0.000010 0.000010 0.000010 0.000010 0.999850 0.000010 0.000010 0.000010 0.000010
0.028934 0.006909 0.007445 0.135734 0.000010 0.005124 0.048493 0.000010 0.766239 0.000010 0.000010 0.000010 0.000010 0.000010 0.001042 0.000010
0.010663 0.000010 0.000010 0.107594 0.006283 0.000010 0.000010 0.006840 0.856498 0.000010 0.000010 0.000010 0.000010 0.012023 0.000010 0.000010
0.000010 0.000010 0.000010 0.000010 0.000010 0.000010 0.000010 0.000010 0.999850 0.000010 0.000010 0.000010 0.000010 0.000010 0.000010 0.000010
0.041050 0.000010 0.000010 0.100147 0.000010 0.000010 0.000010 0.000010 0.828872 0.000010 0.000010 0.006848 0.000010 0.000010 0.022974 0.000010
0.000010 0.000010 0.000010 0.165475 0.000010 0.000010 0.036094 0.000010 0.769219 0.000010 0.029091 0.000010 0.000010 0.000010 0.000010 0.000010
0.000010 0.000010 0.000010 0.101546 0.000010 0.000010 0.000010 0.042916 0.855408 0.000010 0.000010 0.000010 0.000010 0.000010 0.000010 0.000010
0.415919 0.000010 0.008586 0.051757 0.000010 0.022158 0.000010 0.000010 0.443083 0.017592 0.000010 0.000010 0.000010 0.003995 0.036831 0.000010
0.000010 0.000010 0.000010 0.000010 0.000010 0.000010 0.000010 0.000010 0.000010 0.000010 0.000010 0.000010 0.887538 0.112322 0.000010 0.000010
0.000010 0.000010 0.000010 0.000010 0.000010 0.000010 0.000010 0.000010 0.000010 0.000010 0.000010 0.000010 0.415523 0.584337 0.000010 0.000010
0.000010 0.000010 0.000010 0.000010 0.000954 0.000010 0.000010 0.000010 0.000010 0.029205 0.000488 0.000010 0.800282 0.168962 0.000010 0.000010
0.000010 0.000010 0.000010 0.000010 0.000010 0.000010 0.000010 0.000010 0.000010 0.000010 0.000010 0.000010 0.480922 0.518938 0.000010 0.000010
0.000010 0.000010 0.000010 0.000010 0.000010 0.000010 0.000010 0.000010 0.000010 0.000010 0.000010 0.000010 0.667375 0.332485 0.000010 0.000010
0.000010 0.000010 0.000010 0.000010 0.000010 0.000010 0.000010 0.000010 0.000010 0.000010 0.000010 0.000010 0.999850 0.000010 0.000010 0.000010
0.000010 0.000010 0.003393 0.000010 0.000010 0.000010 0.000010 0.000010 0.000010 0.000010 0.000010 0.000010 0.887279 0.109198 0.000010 0.000010
0.000010 0.000010 0.000010 0.000010 0.000010 0.000010 0.000010 0.000010 0.999850 0.000010 0.000010 0.000010 0.000010 0.000010 0.000010 0.000010
0.000010 0.000010 0.000010 0.000010 0.000010 0.999850 0.000010 0.000010 0.000010 0.000010 0.000010 0.000010 0.000010 0.000010 0.000010 0.000010
0.000010 0.000010 0.000010 0.000010 0.000010 0.000010 0.000010 0.000010 0.999850 0.000010 0.000010 0.000010 0.000010 0.000010 0.000010 0.000010
0.000010 0.031257 0.000010 0.105091 0.000010 0.000010 0.000010 0.000010 0.863522 0.000010 0.000010 0.000010 0.000010 0.000010 0.000010 0.000010
0.018162 0.000010 0.000010 0.101673 0.000010 0.036037 0.045938 0.000010 0.798081 0.000010 0.000010 0.000010 0.000010 0.000010 0.000010 0.000010
0.000010 0.000010 0.000010 0.082032 0.000010 0.000010 0.000010 0.000010 0.917828 0.000010 0.000010 0.000010 0.000010 0.000010 0.000010 0.000010
0.000010 0.000010 0.004200 0.000010 0.000010 0.000010 0.000010 0.000010 0.000010 0.000010 0.000010 0.000010 0.730059 0.265611 0.000010 0.000010
0.000010 0.000010 0.000010 0.000010 0.000010 0.000010 0.000010 0.000010 0.000010 0.000010 0.000010 0.000010 0.999850 0.000010 0.000010 0.000010
0.000010 0.000010 0.036025 0.000010 0.000010 0.000010 0.000010 0.000010 0.000010 0.000010 0.000010 0.000010 0.954257 0.000010 0.000010 0.009587
0.000010 0.000010 0.000010 0.000010 0.000010 0.000010 0.000010 0.000010 0.000010 0.000010 0.000010 0.000010 0.838813 0.161047 0.000010 0.000010
0.000010 0.000010 0.000010 0.000010 0.057497 0.000010 0.032090 0.000010 0.000010 0.120559 0.770361 0.000010 0.000010 0.019382 0.000010 0.000010
0.000010 0.000010 0.000010 0.000010 0.000010 0.000010 0.000010 0.000010 0.999850 0.000010 0.000010 0.000010 0.000010 0.000010 0.000010 0.000010
0.000010 0.000010 0.000010 0.000010 0.000010 0.000010 0.000010 0.000010 0.999850 0.000010 0.000010 0.000010 0.000010 0.000010 0.000010 0.000010
0.000010 0.000010 0.000010 0.000010 0.000010 0.999850 0.000010 0.000010 0.000010 0.000010 0.000010 0.000010 0.000010 0.000010 0.000010 0.000010
0.000010 0.000010 0.000010 0.000010 0.792155 0.000010 0.000011 0.000010 0.000010 0.000010 0.207704 0.000010 0.000010 0.000010 0.000010 0.000010
0.000010 0.000010 0.383057 0.000010 0.000010 0.000010 0.000010 0.000010 0.000010 0.000010 0.000010 0.000010 0.000010 0.000010 0.000010 0.616803
0.000010 0.000010 0.043584 0.000010 0.000010 0.000010 0.000010 0.000010 0.000010 0.000010 0.000010 0.000010 0.687874 0.268412 0.000010 0.000010
0.000010 0.000010 0.069189 0.000010 0.000010 0.000010 0.000010 0.000010 0.000010 0.000010 0.000010 0.000010 0.923637 0.007043 0.000010 0.000010
0.960000 0.000010 0.000010 0.000010 0.000010 0.000010 0.000012 0.039857 0.000010 0.000010 0.000010 0.000010 0.000010 0.000010 0.000010 0.000010
0.000010 0.000010 0.000010 0.000010 0.002088 0.000010 0.000010 0.000010 0.000010 0.000010 0.000010 0.000010 0.733518 0.264264 0.000010 0.000010
0.000010 0.000010 0.000010 0.000010 0.000010 0.000010 0.000010 0.000010 0.000010 0.000010 0.000010 0.000010 0.999850 0.000010 0.000010 0.000010
0.000010 0.000010 0.000010 0.000010 0.000010 0.000010 0.000010 0.000010 0.000010 0.000010 0.000010 0.000010 0.846819 0.153041 0.000010 0.000010
0.000010 0.000010 0.000010 0.000010 0.000010 0.000010 0.000010 0.384239 0.000010 0.000010 0.615621 0.000010 0.000010 0.000010 0.000010 0.000010
0.000010 0.000010 0.000010 0.000010 0.607889 0.000010 0.000010 0.000010 0.000010 0.051520 0.246388 0.000010 0.000010 0.000010 0.000010 0.094083
0.000010 0.000010 0.000010 0.000010 0.000010 0.000010 0.000010 0.999850 0.000010 0.000010 0.000010 0.000010 0.000010 0.000010 0.000010 0.000010
0.000010 0.000010 0.000010 0.000010 0.000010 0.000010 0.999850 0.000010 0.000010 0.000010 0.000010 0.000010 0.000010 0.000010 0.000010 0.000010
0.000010 0.000010 0.000010 0.000010 0.000010 0.000010 0.000010 0.999850 0.000010 0.000010 0.000010 0.000010 0.000010 0.000010 0.000010 0.000010
0.000010 0.082518 0.000010 0.000010 0.351571 0.000010 0.021637 0.000010 0.000010 0.219269 0.324896 0.000010 0.000010 0.000010 0.000010 0.000010
0.000010 0.000010 0.000010 0.000010 0.000010 0.000010 0.000010 0.999850 0.000010 0.000010 0.000010 0.000010 0.000010 0.000010 0.000010 0.000010
0.000010 0.000010 0.000010 0.000010 0.486998 0.000010 0.239384 0.000010 0.000010 0.000010 0.273488 0.000010 0.000010 0.000010 0.000010 0.000010
0.000010 0.000010 0.000010 0.000010 0.000010 0.000010 0.000010 0.000010 0.000010 0.000010 0.000010 0.000010 0.564506 0.435354 0.000010 0.000010
0.000010 0.000010 0.000010 0.000010 0.000010 0.000010 0.000010 0.000010 0.000010 0.000010 0.000010 0.000010 0.566552 0.433308 0.000010 0.000010
0.000010 0.000010 0.000010 0.000010 0.000010 0.000010 0.000010 0.000010 0.000010 0.000010 0.000010 0.000010 0.928573 0.071287 0.000010 0.000010
0.000010 0.000010 0.000010 0.000010 0.000010 0.000010 0.000010 0.000010 0.000010 0.000010 0.000010 0.000010 0.000010 0.000010 0.000010 0.999850
0.000010 0.000010 0.000010 0.000010 0.000010 0.000010 0.000010 0.999850 0.000010 0.000010 0.000010 0.000010 0.000010 0.000010 0.000010 0.000010
0.000010 0.000010 0.000010 0.000010 0.000010 0.000010 0.000010 0.000010 0.000010 0.000010 0.000010 0.000010 0.682591 0.317269 0.000010 0.000010
0.800894 0.010108 0.000010 0.000010 0.000010 0.038901 0.000010 0.004179 0.053554 0.000010 0.000010 0.067205 0.000010 0.000010 0.025068 0.000010
0.000010 0.000010 0.000010 0.000010 0.000010 0.000010 0.000010 0.000010 0.000010 0.000010 0.000010 0.000010 0.999850 0.000010 0.000010 0.000010
0.000010 0.000010 0.020053 0.000010 0.000010 0.054774 0.000010 0.820417 0.000010 0.000010 0.000010 0.073225 0.000010 0.000010 0.000010 0.031422
0.000010 0.000010 0.000010 0.000010 0.000010 0.000010 0.000010 0.999850 0.000010 0.000010 0.000010 0.000010 0.000010 0.000010 0.000010 0.000010
0.051211 0.000010 0.000010 0.000010 0.000010 0.102479 0.000010 0.838338 0.000010 0.000010 0.000010 0.000010 0.000010 0.007852 0.000010 0.000010
0.000010 0.041414 0.000010 0.000010 0.000010 0.000010 0.075184 0.000010 0.000010 0.108236 0.775046 0.000010 0.000010 0.000010 0.000010 0.000010
0.000010 0.000010 0.000010 0.000010 0.000010 0.098737 0.901123 0.000010 0.000010 0.000010 0.000010 0.000010 0.000010 0.000010 0.000010 0.000010
0.000010 0.000010 0.000010 0.000010 0.000010 0.000010 0.000010 0.000010 0.000010 0.000010 0.000010 0.000010 0.999850 0.000010 0.000010 0.000010
0.000010 0.000010 0.000010 0.000010 0.000010 0.000010 0.000010 0.000010 0.000010 0.000010 0.000010 0.000010 0.999850 0.000010 0.000010 0.000010
0.000010 0.000010 0.000010 0.000010 0.000010 0.000010 0.742217 0.086293 0.126915 0.035547 0.000010 0.000010 0.000010 0.000010 0.008918 0.000010
0.740753 0.000010 0.003748 0.000010 0.000010 0.000010 0.076841 0.000010 0.000010 0.000010 0.000010 0.158192 0.015498 0.000010 0.004867 0.000010
0.000010 0.000010 0.000010 0.000010 0.000010 0.000010 0.546393 0.452599 0.000010 0.000010 0.000879 0.000010 0.000010 0.000010 0.000010 0.000010
0.000010 0.000010 0.470575 0.000010 0.000010 0.000010 0.000010 0.000010 0.000010 0.000010 0.493860 0.000010 0.000010 0.000010 0.000010 0.035435
0.000010 0.000010 0.000010 0.000010 0.000010 0.000010 0.000010 0.000010 0.000010 0.000010 0.000010 0.000010 0.000010 0.999850 0.000010 0.000010
0.000010 0.999850 0.000010 0.000010 0.000010 0.000010 0.000010 0.000010 0.000010 0.000010 0.000010 0.000010 0.000010 0.000010 0.000010 0.000010
0.442143 0.000010 0.000010 0.000010 0.000010 0.000010 0.457178 0.049297 0.017621 0.000010 0.001754 0.000010 0.000010 0.031908 0.000010 0.000010
0.483168 0.000010 0.000010 0.127958 0.000010 0.004260 0.000010 0.000010 0.374835 0.000010 0.000010 0.009670 0.000010 0.000010 0.000010 0.000010
0.999850 0.000010 0.000010 0.000010 0.000010 0.000010 0.000010 0.000010 0.000010 0.000010 0.000010 0.000010 0.000010 0.000010 0.000010 0.000010
0.283414 0.000010 0.000010 0.053842 0.000010 0.000010 0.614119 0.000010 0.000010 0.012497 0.000010 0.005494 0.000010 0.000010 0.030535 0.000010
0.397913 0.045845 0.017770 0.000010 0.000010 0.000010 0.486106 0.052255 0.000010 0.000010 0.000010 0.000010 0.000010 0.000010 0.000010 0.000010
0.467715 0.000010 0.000010 0.000010 0.000010 0.000010 0.520144 0.000010 0.000010 0.000010 0.000010 0.012012 0.000010 0.000010 0.000010 0.000010
0.861636 0.000010 0.010535 0.000010 0.000010 0.000010 0.084220 0.000010 0.000010 0.000010 0.000010 0.027068 0.000010 0.016430 0.000010 0.000010
0.034806 0.026467 0.042604 0.000010 0.525356 0.034521 0.000010 0.127629 0.001799 0.000010 0.052765 0.085968 0.007363 0.022211 0.027792 0.010690
0.000010 0.106100 0.000010 0.000010 0.000010 0.051727 0.679303 0.000010 0.031148 0.023653 0.107969 0.000010 0.000010 0.000010 0.000010 0.000010
0.000010 0.000010 0.516402 0.000010 0.168606 0.000010 0.000010 0.276684 0.000010 0.000010 0.000010 0.000010 0.000010 0.036884 0.000010 0.001314
0.000010 0.000010 0.063629 0.000010 0.485535 0.000010 0.000010 0.000010 0.000010 0.000010 0.450706 0.000010 0.000010 0.000010 0.000010 0.000010
0.000010 0.000010 0.000010 0.000492 0.007053 0.000010 0.355260 0.583381 0.000010 0.000010 0.023560 0.000010 0.000010 0.030154 0.000010 0.000010
0.000010 0.000010 0.000010 0.000010 0.000010 0.000010 0.000010 0.530269 0.469591 0.000010 0.000010 0.000010 0.000010 0.000010 0.000010 0.000010
0.000010 0.000010 0.000010 0.000010 0.328587 0.307562 0.000010 0.000010 0.000010 0.066587 0.000010 0.000010 0.000010 0.000010 0.297144 0.000010
0.000010 0.026023 0.016752 0.000010 0.000010 0.000010 0.045435 0.000010 0.000010 0.000010 0.000010 0.582295 0.007256 0.000010 0.294564 0.027585
0.000010 0.000010 0.026684 0.000010 0.000010 0.000010 0.000010 0.000010 0.000010 0.000010 0.000010 0.681414 0.000010 0.000010 0.291772 0.000010
0.000010 0.000010 0.162747 0.000010 0.154103 0.683021 0.000010 0.000010 0.000010 0.000010 0.000010 0.000010 0.000010 0.000010 0.000010 0.000010
0.000010 0.000010 0.000010 0.000010 0.000010 0.000010 0.000010 0.000010 0.000010 0.000010 0.000010 0.641102 0.000010 0.000010 0.322482 0.036286
0.000010 0.000010 0.000010 0.000010 0.019847 0.000010 0.473155 0.020859 0.000010 0.000010 0.000010 0.319233 0.000010 0.000010 0.140458 0.026348
0.000010 0.004880 0.034127 0.000010 0.000010 0.000010 0.000010 0.000010 0.000010 0.000010 0.000010 0.556289 0.000010 0.000010 0.364992 0.039601
0.186733 0.030572 0.000010 0.000010 0.115118 0.055616 0.000010 0.000010 0.000010 0.068832 0.000010 0.449990 0.027689 0.000010 0.062866 0.002514
0.000010 0.245935 0.000010 0.019663 0.000010 0.000010 0.287406 0.000010 0.000010 0.171865 0.275022 0.000010 0.000010 0.000010 0.000010 0.000010
0.055317 0.000139 0.000010 0.380868 0.000010 0.052719 0.076950 0.009436 0.391851 0.013131 0.000010 0.000010 0.012563 0.000010 0.006964 0.000010
0.054109 0.016231 0.000010 0.201132 0.000010 0.029588 0.374446 0.172933 0.151470 0.000010 0.000010 0.000010 0.000010 0.000010 0.000010 0.000010
0.000010 0.000010 0.000010 0.000010 0.000010 0.000010 0.000010 0.431637 0.000010 0.054583 0.000010 0.468716 0.000010 0.000010 0.044944 0.000010
0.000010 0.000010 0.000010 0.000010 0.000010 0.000010 0.590885 0.408975 0.000010 0.000010 0.000010 0.000010 0.000010 0.000010 0.000010 0.000010
0.000010 0.000010 0.000010 0.000010 0.000010 0.000010 0.000010 0.999850 0.000010 0.000010 0.000010 0.000010 0.000010 0.000010 0.000010 0.000010
0.000010 0.000010 0.000010 0.011521 0.000010 0.000010 0.528365 0.439728 0.000010 0.000010 0.000010 0.011096 0.000203 0.000010 0.008986 0.000010
0.043426 0.000010 0.000010 0.000010 0.009915 0.000010 0.078946 0.281124 0.000010 0.000016 0.000010 0.586472 0.000010 0.000010 0.000010 0.000010
0.000010 0.000010 0.010610 0.000010 0.004375 0.000010 0.310516 0.635685 0.000010 0.000010 0.000010 0.000010 0.000010 0.000010 0.038705 0.000010
0.000010 0.000010 0.000010 0.000010 0.010595 0.072433 0.085090 0.308079 0.000010 0.000010 0.000010 0.509647 0.000010 0.000010 0.000010 0.014055
0.000010 0.000010 0.125073 0.000010 0.000010 0.000010 0.000010 0.000010 0.000010 0.000010 0.088031 0.000010 0.000010 0.000010 0.000010 0.786766
0.000010 0.000010 0.000010 0.000010 0.000012 0.000010 0.000010 0.000010 0.000012 0.000010 0.999847 0.000010 0.000010 0.000010 0.000010 0.000010
0.000010 0.000010 0.731215 0.000010 0.268645 0.000010 0.000010 0.000010 0.000010 0.000010 0.000010 0.000010 0.000010 0.000010 0.000010 0.000010
0.002100 0.022591 0.361356 0.016796 0.447876 0.000010 0.044550 0.000010 0.000010 0.000010 0.096137 0.000010 0.000010 0.008514 0.000010 0.000010
0.000010 0.000010 0.228267 0.000010 0.280336 0.063049 0.002493 0.398251 0.027503 0.000010 0.000010 0.000010 0.000010 0.000010 0.000010 0.000010
0.000010 0.999850 0.000010 0.000010 0.000010 0.000010 0.000010 0.000010 0.000010 0.000010 0.000010 0.000010 0.000010 0.000010 0.000010 0.000010
0.055559 0.044288 0.370352 0.009786 0.024639 0.029660 0.083746 0.015189 0.000010 0.052925 0.165586 0.018515 0.027151 0.016005 0.040322 0.046266
0.000010 0.000010 0.412940 0.000010 0.000010 0.000010 0.000010 0.000010 0.489104 0.000010 0.050120 0.025703 0.007102 0.000010 0.000010 0.014931
0.000010 0.000010 0.000010 0.000010 0.000010 0.000010 0.000010 0.000010 0.000010 0.000010 0.000010 0.964596 0.000010 0.026514 0.000010 0.008760
0.006596 0.000010 0.491676 0.000010 0.000010 0.048804 0.043018 0.024014 0.000010 0.032310 0.311580 0.000010 0.027734 0.000010 0.014197 0.000010
0.000010 0.000010 0.010412 0.000010 0.000010 0.024753 0.000010 0.000010 0.000010 0.045908 0.000010 0.842125 0.000010 0.019492 0.000010 0.057209
0.000010 0.000010 0.999850 0.000010 0.000010 0.000010 0.000010 0.000010 0.000010 0.000010 0.000010 0.000010 0.000010 0.000010 0.000010 0.000010
0.000010 0.000010 0.999850 0.000010 0.000010 0.000010 0.000010 0.000010 0.000010 0.000010 0.000010 0.000010 0.000010 0.000010 0.000010 0.000010
0.496043 0.000010 0.000010 0.000010 0.000010 0.000010 0.000010 0.000010 0.000010 0.000010 0.000010 0.474937 0.003006 0.003655 0.000010 0.022248
0.000010 0.000010 0.000010 0.000010 0.000010 0.000010 0.000010 0.000010 0.000010 0.000010 0.000011 0.974413 0.000010 0.000010 0.025445 0.000010
0.012459 0.000010 0.000010 0.000694 0.339444 0.086461 0.000010 0.308186 0.000010 0.000010 0.047981 0.028973 0.000010 0.040975 0.005614 0.129152
0.000010 0.000010 0.557056 0.000010 0.013081 0.000010 0.000010 0.000010 0.000010 0.428019 0.001724 0.000010 0.000010 0.000010 0.000010 0.000010
0.000010 0.000010 0.000010 0.000010 0.000010 0.000010 0.000010 0.000010 0.000010 0.000010 0.000010 0.999850 0.000010 0.000010 0.000010 0.000010
0.000010 0.000010 0.000010 0.000010 0.000010 0.000010 0.000010 0.000010 0.000010 0.000010 0.000010 0.999850 0.000010 0.000010 0.000010 0.000010
0.000010 0.000010 0.001731 0.000010 0.018111 0.000010 0.000010 0.000010 0.000010 0.000010 0.000010 0.878419 0.000010 0.000010 0.101620 0.000010
0.000010 0.000010 0.534213 0.000010 0.182472 0.011217 0.000010 0.271977 0.000010 0.000010 0.000010 0.000010 0.000010 0.000010 0.000010 0.000010
0.000010 0.000010 0.000010 0.000010 0.014429 0.000010 0.000010 0.000010 0.000010 0.000010 0.000010 0.977767 0.000010 0.000010 0.007674 0.000010
0.000010 0.000010 0.000010 0.000010 0.000010 0.000010 0.000010 0.000010 0.000010 0.000010 0.000010 0.999850 0.000010 0.000010 0.000010 0.000010
0.020306 0.000010 0.010108 0.000010 0.010917 0.043991 0.042463 0.000010 0.000010 0.000010 0.000010 0.655707 0.000010 0.000010 0.216418 0.000010
0.007666 0.034786 0.000010 0.169455 0.000010 0.059110 0.013102 0.068750 0.641560 0.000010 0.000010 0.000010 0.000010 0.005492 0.000010 0.000010
0.006436 0.038091 0.070584 0.000010 0.000010 0.000010 0.059349 0.099332 0.000010 0.000010 0.000010 0.497638 0.000010 0.000010 0.189420 0.039070
0.000010 0.000010 0.000010 0.000010 0.000010 0.000010 0.000010 0.000010 0.000010 0.000010 0.000010 0.000010 0.000010 0.000010 0.000010 0.999850
0.060029 0.000010 0.000010 0.000010 0.000010 0.000010 0.000010 0.000010 0.000010 0.000010 0.000010 0.939831 0.000010 0.000010 0.000010 0.000010
0.016890 0.000010 0.000010 0.000010 0.000010 0.000010 0.000010 0.000010 0.000010 0.000010 0.000010 0.982970 0.000010 0.000010 0.000010 0.000010
0.000010 0.000010 0.000010 0.000010 0.000010 0.000010 0.000010 0.000010 0.000010 0.000010 0.000010 0.999850 0.000010 0.000010 0.000010 0.000010
0.000010 0.000012 0.999844 0.000010 0.000010 0.000010 0.000013 0.000010 0.000010 0.000010 0.000011 0.000010 0.000010 0.000010 0.000010 0.000010
0.000010 0.032523 0.006229 0.045207 0.000010 0.000010 0.000010 0.001651 0.914280 0.000010 0.000010 0.000010 0.000010 0.000010 0.000010 0.000010
0.006797 0.000010 0.000010 0.000010 0.000010 0.086226 0.000010 0.831746 0.000010 0.000010 0.000010 0.010853 0.000010 0.000010 0.015562 0.048717
0.000010 0.000014 0.000010 0.000010 0.000010 0.000010 0.000010 0.000010 0.000010 0.999846 0.000010 0.000010 0.000010 0.000010 0.000010 0.000010
0.000010 0.000010 0.412497 0.000010 0.000010 0.177789 0.362241 0.025326 0.000010 0.000010 0.000010 0.000010 0.000010 0.000010 0.022038 0.000010
0.000010 0.000010 0.146352 0.000010 0.853508 0.000010 0.000010 0.000010 0.000010 0.000010 0.000010 0.000010 0.000010 0.000010 0.000010 0.000010
0.000010 0.000010 0.000010 0.000010 0.735164 0.000010 0.000010 0.000010 0.000010 0.255443 0.009263 0.000010 0.000010 0.000010 0.000010 0.000010
0.000010 0.000010 0.194450 0.000010 0.000010 0.232185 0.190848 0.000010 0.000010 0.000010 0.382397 0.000010 0.000010 0.000010 0.000010 0.000010
0.000010 0.000010 0.240645 0.000010 0.000010 0.000010 0.000010 0.000010 0.000010 0.000010 0.000010 0.000010 0.000010 0.000010 0.000010 0.759215
0.000010 0.000010 0.353704 0.000010 0.539315 0.000010 0.000010 0.000010 0.000010 0.000010 0.000010 0.032147 0.042138 0.018032 0.000010 0.014564
0.010125 0.106706 0.000010 0.000010 0.000010 0.000014 0.294681 0.000010 0.000010 0.132911 0.414703 0.000010 0.010837 0.000010 0.029942 0.000010
0.000010 0.037198 0.000010 0.000129 0.000010 0.000010 0.000010 0.007159 0.939043 0.000010 0.000010 0.000010 0.000010 0.000010 0.016361 0.000010
0.000010 0.002863 0.005581 0.005074 0.156411 0.069800 0.000010 0.122301 0.000010 0.000010 0.000232 0.000010 0.000011 0.522842 0.000010 0.114824
0.000010 0.000011 0.086198 0.000010 0.362566 0.000010 0.000010 0.000010 0.000010 0.000010 0.551105 0.000010 0.000010 0.000010 0.000010 0.000010
0.000010 0.000010 0.999850 0.000010 0.000010 0.000010 0.000010 0.000010 0.000010 0.000010 0.000010 0.000010 0.000010 0.000010 0.000010 0.000010
0.000010 0.009694 0.228265 0.000010 0.558377 0.000010 0.000010 0.000010 0.000010 0.104770 0.098783 0.000010 0.000010 0.000010 0.000010 0.000010
0.000010 0.000010 0.969471 0.000010 0.000010 0.000010 0.000010 0.000010 0.000010 0.000010 0.000010 0.000010 0.000010 0.000010 0.000010 0.030389
0.000010 0.000010 0.000010 0.000010 0.000010 0.000010 0.000010 0.000010 0.000010 0.000010 0.000010 0.000010 0.000010 0.999850 0.000010 0.000010
0.000010 0.000010 0.513188 0.000010 0.420729 0.000010 0.000010 0.000010 0.000010 0.000010 0.000010 0.000010 0.000010 0.000010 0.000010 0.065953
0.000010 0.000010 0.544808 0.000010 0.455052 0.000010 0.000010 0.000010 0.000010 0.000010 0.000010 0.000010 0.000010 0.000010 0.000010 0.000010
0.000010 0.000010 0.694580 0.000010 0.305280 0.000010 0.000010 0.000010 0.000010 0.000010 0.000010 0.000010 0.000010 0.000010 0.000010 0.000010
0.000010 0.000010 0.000010 0.000010 0.000010 0.000010 0.000010 0.000010 0.000010 0.000010 0.000010 0.000010 0.000010 0.999850 0.000010 0.000010
0.000010 0.000010 0.069556 0.000010 0.000010 0.000010 0.000010 0.000010 0.000010 0.000010 0.000010 0.000010 0.000010 0.930304 0.000010 0.000010
0.000010 0.000010 0.000010 0.000010 0.000010 0.000010 0.000010 0.000010 0.000010 0.000010 0.000010 0.000010 0.677101 0.322759 0.000010 0.000010
0.000010 0.000010 0.000010 0.000010 0.000010 0.000010 0.000010 0.000010 0.000010 0.000010 0.000010 0.000010 0.000010 0.999850 0.000010 0.000010
0.000010 0.000010 0.000010 0.000010 0.000010 0.000010 0.000010 0.000010 0.000010 0.000010 0.000010 0.000010 0.000010 0.999850 0.000010 0.000010
0.000010 0.000010 0.000010 0.000010 0.000010 0.000010 0.000010 0.000010 0.000010 0.000010 0.000010 0.000010 0.000010 0.999850 0.000010 0.000010
0.000010 0.000010 0.000010 0.000010 0.000010 0.000010 0.000010 0.000010 0.999850 0.000010 0.000010 0.000010 0.000010 0.000010 0.000010 0.000010
0.000010 0.000010 0.000010 0.000010 0.000010 0.792842 0.000010 0.000010 0.000010 0.000010 0.000010 0.000010 0.000010 0.000010 0.000010 0.207018
0.000010 0.000010 0.000010 0.000010 0.000010 0.000010 0.074450 0.906074 0.000010 0.000010 0.000010 0.000010 0.000010 0.000010 0.000010 0.019346
0.000010 0.000010 0.000010 0.000010 0.000010 0.000010 0.000010 0.000010 0.000010 0.000010 0.000010 0.999850 0.000010 0.000010 0.000010 0.000010
0.000010 0.000010 0.455280 0.000010 0.492945 0.000010 0.000010 0.000010 0.000010 0.051645 0.000010 0.000010 0.000010 0.000010 0.000010 0.000010
0.000010 0.000010 0.000010 0.000010 0.000010 0.000010 0.000010 0.000010 0.000010 0.346484 0.010634 0.000010 0.062634 0.580127 0.000010 0.000010
0.000010 0.000010 0.000010 0.000010 0.000010 0.000010 0.000010 0.000010 0.000010 0.999850 0.000010 0.000010 0.000010 0.000010 0.000010 0.000010
0.000010 0.000010 0.000010 0.000010 0.000010 0.122753 0.877107 0.000010 0.000010 0.000010 0.000010 0.000010 0.000010 0.000010 0.000010 0.000010
0.000010 0.000010 0.000010 0.000010 0.000010 0.000010 0.999850 0.000010 0.000010 0.000010 0.000010 0.000010 0.000010 0.000010 0.000010 0.000010
0.000010 0.000010 0.000010 0.000010 0.000010 0.000010 0.000010 0.000010 0.000010 0.000010 0.000010 0.000010 0.000010 0.000010 0.999850 0.000010
0.000010 0.000010 0.000010 0.000010 0.000010 0.000010 0.000010 0.000010 0.000010 0.000010 0.000010 0.000010 0.000010 0.000010 0.999850 0.000010
0.041542 0.000010 0.014607 0.111463 0.000010 0.046271 0.575611 0.129019 0.071858 0.000010 0.001122 0.000010 0.000010 0.000010 0.000010 0.008436
0.000010 0.000010 0.000010 0.000010 0.000010 0.000010 0.000010 0.000015 0.000010 0.000010 0.000010 0.000010 0.000010 0.000010 0.000010 0.999845
0.000010 0.000010 0.000312 0.000010 0.000010 0.000010 0.000010 0.000010 0.000010 0.000010 0.000010 0.000010 0.909974 0.089583 0.000010 0.000010
0.015529 0.000010 0.145610 0.000010 0.317396 0.108922 0.000010 0.000010 0.000010 0.000010 0.000010 0.239920 0.000010 0.000010 0.128341 0.044192
0.000010 0.000010 0.000010 0.000010 0.000010 0.000010 0.117176 0.243328 0.000010 0.026903 0.000010 0.612473 0.000010 0.000010 0.000010 0.000010
0.018288 0.000010 0.000010 0.041057 0.000010 0.000010 0.274854 0.640075 0.014124 0.000010 0.000010 0.000010 0.000010 0.005851 0.005660 0.000010
0.000010 0.000010 0.000010 0.000010 0.000010 0.000010 0.262617 0.705549 0.000010 0.000010 0.000010 0.031704 0.000010 0.000010 0.000010 0.000010
0.000010 0.000010 0.999850 0.000010 0.000010 0.000010 0.000010 0.000010 0.000010 0.000010 0.000010 0.000010 0.000010 0.000010 0.000010 0.000010
0.000010 0.000010 0.000010 0.000010 0.000010 0.000010 0.511974 0.415336 0.072560 0.000010 0.000010 0.000010 0.000010 0.000010 0.000010 0.000010
0.000010 0.000010 0.000010 0.000010 0.000010 0.000010 0.999850 0.000010 0.000010 0.000010 0.000010 0.000010 0.000010 0.000010 0.000010 0.000010
0.000010 0.000010 0.000010 0.000010 0.000010 0.000010 0.000013 0.000010 0.000010 0.999847 0.000010 0.000010 0.000010 0.000010 0.000010 0.000010
0.000010 0.000010 0.000010 0.000010 0.000010 0.000010 0.000010 0.000010 0.000010 0.000010 0.000010 0.000010 0.000010 0.000010 0.999850 0.000010
0.000010 0.000010 0.000010 0.000010 0.000010 0.000010 0.000010 0.000010 0.000010 0.000010 0.000010 0.000010 0.000010 0.000010 0.999850 0.000010
0.000010 0.000010 0.000010 0.000010 0.000010 0.000010 0.000010 0.000010 0.000010 0.000010 0.000010 0.000010 0.000010 0.000010 0.999850 0.000010
0.000010 0.402403 0.000010 0.000010 0.000010 0.000010 0.000010 0.000010 0.000010 0.000010 0.000010 0.000010 0.000010 0.000010 0.597457 0.000010
0.000010 0.000010 0.000010 0.000010 0.918115 0.000010 0.000010 0.000010 0.000010 0.000010 0.000010 0.000010 0.000010 0.000010 0.000010 0.081745
0.000010 0.000010 0.999849 0.000010 0.000010 0.000010 0.000010 0.000010 0.000010 0.000010 0.000010 0.000010 0.000010 0.000011 0.000010 0.000010
0.000010 0.000010 0.489077 0.000010 0.004331 0.000010 0.000010 0.000010 0.000010 0.420640 0.047557 0.000010 0.037138 0.001158 0.000010 0.000010
0.000010 0.000012 0.999848 0.000010 0.000010 0.000010 0.000010 0.000010 0.000010 0.000010 0.000010 0.000010 0.000010 0.000010 0.000010 0.000010
0.000012 0.000010 0.999848 0.000010 0.000010 0.000010 0.000010 0.000010 0.000010 0.000010 0.000010 0.000010 0.000010 0.000010 0.000010 0.000010
0.000010 0.000010 0.833829 0.000010 0.000010 0.000010 0.000010 0.000010 0.000010 0.000010 0.000010 0.000010 0.139480 0.000010 0.000010 0.026561
0.000010 0.000010 0.999850 0.000010 0.000010 0.000010 0.000010 0.000010 0.000010 0.000010 0.000010 0.000010 0.000010 0.000010 0.000010 0.000010
0.006979 0.000010 0.005659 0.000010 0.029545 0.001134 0.000010 0.000010 0.000010 0.204339 0.025564 0.000010 0.018181 0.046413 0.515292 0.146834
0.000010 0.000010 0.458182 0.000010 0.024231 0.000010 0.000010 0.000010 0.000010 0.461441 0.011490 0.000010 0.000010 0.044546 0.000010 0.000010
0.000010 0.000010 0.999849 0.000010 0.000010 0.000010 0.000010 0.000010 0.000011 0.000010 0.000010 0.000010 0.000010 0.000010 0.000010 0.000010
0.000010 0.000010 0.000010 0.000010 0.045741 0.000010 0.000010 0.000010 0.000010 0.182936 0.771192 0.000010 0.000010 0.000010 0.000010 0.000010
0.000010 0.000010 0.000010 0.000010 0.000010 0.000010 0.000010 0.000010 0.000010 0.000010 0.999850 0.000010 0.000010 0.000010 0.000010 0.000010
0.000010 0.000010 0.000010 0.000010 0.000010 0.000010 0.000010 0.000010 0.000010 0.000010 0.999850 0.000010 0.000010 0.000010 0.000010 0.000010
0.000010 0.000010 0.999850 0.000010 0.000010 0.000010 0.000010 0.000010 0.000010 0.000010 0.000010 0.000010 0.000010 0.000010 0.000010 0.000010
0.000010 0.000010 0.999850 0.000010 0.000010 0.000010 0.000010 0.000010 0.000010 0.000010 0.000010 0.000010 0.000010 0.000010 0.000010 0.000010
0.000010 0.047549 0.087972 0.000010 0.000010 0.000010 0.000010 0.119980 0.000010 0.000010 0.000010 0.488016 0.012990 0.000010 0.164846 0.078557
0.000010 0.060349 0.035544 0.000010 0.000010 0.052461 0.038521 0.047322 0.000010 0.000010 0.000010 0.572567 0.000010 0.000010 0.101947 0.091209
0.000010 0.000010 0.234337 0.000010 0.000010 0.306445 0.000010 0.000010 0.000010 0.000010 0.353358 0.000010 0.000010 0.000010 0.000010 0.105739
0.000010 0.999850 0.000010 0.000010 0.000010 0.000010 0.000010 0.000010 0.000010 0.000010 0.000010 0.000010 0.000010 0.000010 0.000010 0.000010
0.000010 0.040673 0.086328 0.000010 0.000010 0.000010 0.012101 0.013211 0.000010 0.000010 0.006280 0.307243 0.000010 0.000010 0.500345 0.033740
0.000010 0.000010 0.343603 0.000010 0.102669 0.000010 0.000010 0.000010 0.000010 0.000010 0.402295 0.000010 0.000010 0.087115 0.000010 0.064208
0.039211 0.001120 0.000010 0.180807 0.000010 0.030053 0.039252 0.000010 0.705709 0.000010 0.000010 0.000010 0.000010 0.000010 0.000010 0.003757
0.555508 0.000010 0.023655 0.000010 0.000010 0.000010 0.005355 0.182002 0.220355 0.000010 0.000010 0.006704 0.000010 0.000010 0.006331 0.000010
0.930125 0.000010 0.018002 0.000010 0.021638 0.000010 0.000010 0.000010 0.000010 0.000010 0.000010 0.000010 0.000010 0.029263 0.000861 0.000010
0.000010 0.012055 0.000010 0.607913 0.000010 0.000010 0.016008 0.165653 0.198262 0.000010 0.000010 0.000010 0.000010 0.000010 0.000010 0.000010
0.000010 0.007666 0.000010 0.000456 0.005501 0.000010 0.043391 0.904455 0.000010 0.000010 0.013973 0.000010 0.000010 0.000010 0.000010 0.024468
0.345161 0.000010 0.000010 0.024553 0.000010 0.047777 0.000010 0.016679 0.506545 0.017510 0.000010 0.002153 0.000010 0.000010 0.039541 0.000010
0.557551 0.000010 0.000010 0.092991 0.000010 0.000010 0.039767 0.000010 0.309571 0.000010 0.000010 0.000010 0.000010 0.000010 0.000010 0.000010
0.845038 0.000010 0.000010 0.000010 0.018251 0.000010 0.000010 0.000010 0.000010 0.000010 0.000010 0.135864 0.000010 0.000010 0.000010 0.000727
0.000010 0.000010 0.000010 0.000010 0.999838 0.000017 0.000010 0.000010 0.000012 0.000010 0.000010 0.000010 0.000013 0.000010 0.000010 0.000010
0.999850 0.000010 0.000010 0.000010 0.000010 0.000010 0.000010 0.000010 0.000010 0.000010 0.000010 0.000010 0.000010 0.000010 0.000010 0.000010
0.000010 0.000010 0.123838 0.000010 0.876021 0.000010 0.000010 0.000011 0.000010 0.000010 0.000010 0.000010 0.000010 0.000010 0.000010 0.000010
0.999850 0.000010 0.000010 0.000010 0.000010 0.000010 0.000010 0.000010 0.000010 0.000010 0.000010 0.000010 0.000010 0.000010 0.000010 0.000010
0.000010 0.000010 0.000010 0.000010 0.000010 0.000010 0.000010 0.000010 0.000010 0.000010 0.000010 0.000010 0.999850 0.000010 0.000010 0.000010
0.000010 0.000010 0.015933 0.000010 0.020719 0.000010 0.000010 0.000010 0.000010 0.000010 0.000010 0.000010 0.892945 0.060087 0.000010 0.010206
0.000010 0.000010 0.000010 0.000010 0.000010 0.000010 0.000010 0.000010 0.000010 0.000010 0.000010 0.000010 0.999850 0.000010 0.000010 0.000010
0.000010 0.000010 0.069801 0.000010 0.413530 0.063947 0.126114 0.000010 0.000010 0.000010 0.326499 0.000010 0.000010 0.000010 0.000010 0.000010
0.000010 0.000010 0.000010 0.999850 0.000010 0.000010 0.000010 0.000010 0.000010 0.000010 0.000010 0.000010 0.000010 0.000010 0.000010 0.000010
0.000010 0.000010 0.713792 0.000010 0.286058 0.000019 0.000010 0.000010 0.000010 0.000010 0.000010 0.000010 0.000010 0.000010 0.000010 0.000010
0.142437 0.000010 0.000010 0.316514 0.000010 0.000010 0.058872 0.180935 0.301132 0.000010 0.000010 0.000010 0.000010 0.000010 0.000010 0.000010
0.026253 0.002748 0.003867 0.437583 0.000010 0.000010 0.000010 0.529438 0.000010 0.000010 0.000010 0.000010 0.000010 0.000010 0.000010 0.000010
0.000010 0.000010 0.000010 0.999850 0.000010 0.000010 0.000010 0.000010 0.000010 0.000010 0.000010 0.000010 0.000010 0.000010 0.000010 0.000010
0.000010 0.000010 0.000010 0.000010 0.000010 0.000010 0.000010 0.000010 0.000010 0.000010 0.000010 0.000010 0.776573 0.223287 0.000010 0.000010
0.000010 0.000010 0.000010 0.000010 0.000010 0.000010 0.000010 0.000010 0.000010 0.000010 0.000010 0.000010 0.643774 0.356086 0.000010 0.000010
0.000010 0.000010 0.000010 0.492878 0.031888 0.025011 0.000010 0.000010 0.000010 0.407736 0.005372 0.000010 0.037015 0.000010 0.000010 0.000010
0.000010 0.000010 0.000010 0.000010 0.000010 0.067087 0.000010 0.932773 0.000010 0.000010 0.000010 0.000010 0.000010 0.000010 0.000010 0.000010
0.000010 0.000010 0.000010 0.999850 0.000010 0.000010 0.000010 0.000010 0.000010 0.000010 0.000010 0.000010 0.000010 0.000010 0.000010 0.000010
0.000010 0.000010 0.029524 0.000010 0.011725 0.039407 0.000010 0.918337 0.000010 0.000010 0.000010 0.000010 0.000010 0.000010 0.000010 0.000898
0.000010 0.000010 0.001301 0.000010 0.000010 0.000010 0.000010 0.993032 0.000010 0.000010 0.000010 0.000010 0.000010 0.000010 0.005537 0.000010
0.000010 0.000010 0.000010 0.999850 0.000010 0.000010 0.000010 0.000010 0.000010 0.000010 0.000010 0.000010 0.000010 0.000010 0.000010 0.000010
0.000010 0.000010 0.000010 0.000010 0.000010 0.000010 0.000010 0.999850 0.000010 0.000010 0.000010 0.000010 0.000010 0.000010 0.000010 0.000010
0.000010 0.000010 0.000010 0.000010 0.000010 0.000010 0.000010 0.000010 0.000010 0.999850 0.000010 0.000010 0.000010 0.000010 0.000010 0.000010
0.000010 0.000010 0.000010 0.000010 0.000010 0.000010 0.000010 0.000010 0.000010 0.999850 0.000010 0.000010 0.000010 0.000010 0.000010 0.000010
0.999850 0.000010 0.000010 0.000010 0.000010 0.000010 0.000010 0.000010 0.000010 0.000010 0.000010 0.000010 0.000010 0.000010 0.000010 0.000010
0.000010 0.000010 0.000010 0.999850 0.000010 0.000010 0.000010 0.000010 0.000010 0.000010 0.000010 0.000010 0.000010 0.000010 0.000010 0.000010
0.000010 0.000010 0.000010 0.999850 0.000010 0.000010 0.000010 0.000010 0.000010 0.000010 0.000010 0.000010 0.000010 0.000010 0.000010 0.000010
0.999850 0.000010 0.000010 0.000010 0.000010 0.000010 0.000010 0.000010 0.000010 0.000010 0.000010 0.000010 0.000010 0.000010 0.000010 0.000010
0.000010 0.000010 0.000010 0.000010 0.000010 0.000010 0.000010 0.999850 0.000010 0.000010 0.000010 0.000010 0.000010 0.000010 0.000010 0.000010
0.991143 0.000010 0.000010 0.000010 0.000010 0.000010 0.000010 0.000010 0.000010 0.000010 0.000010 0.000010 0.000010 0.000010 0.000010 0.008717
0.999850 0.000010 0.000010 0.000010 0.000010 0.000010 0.000010 0.000010 0.000010 0.000010 0.000010 0.000010 0.000010 0.000010 0.000010 0.000010
