0.000010 0.999920 0.000010 0.000010 0.000010 0.000010 0.000010 0.000010 0.000010
0.000010 0.970841 0.000010 0.000010 0.000010 0.000010 0.000010 0.000010 0.029089
0.000010 0.999920 0.000010 0.000010 0.000010 0.000010 0.000010 0.000010 0.000010
0.010668 0.982455 0.000010 0.006816 0.000010 0.000010 0.000010 0.000010 0.000010
0.000010 0.993738 0.000010 0.000010 0.006192 0.000010 0.000010 0.000010 0.000010
0.000010 0.999920 0.000010 0.000010 0.000010 0.000010 0.000010 0.000010 0.000010
0.000010 0.999920 0.000010 0.000010 0.000010 0.000010 0.000010 0.000010 0.000010
0.000010 0.000010 0.000010 0.147181 0.649045 0.031103 0.106062 0.000010 0.066569
0.000010 0.000010 0.000010 0.000010 0.999920 0.000010 0.000010 0.000010 0.000010
0.000010 0.000010 0.000010 0.087205 0.347025 0.052368 0.368012 0.000010 0.145350
0.000010 0.000010 0.000010 0.000010 0.999920 0.000010 0.000010 0.000010 0.000010
0.000010 0.000010 0.000010 0.000010 0.000010 0.000010 0.000010 0.999920 0.000010
0.000010 0.000010 0.000010 0.000010 0.000010 0.000010 0.000010 0.999920 0.000010
0.000010 0.000010 0.000010 0.000010 0.000010 0.999920 0.000010 0.000010 0.000010
0.000010 0.000010 0.000010 0.000010 0.000010 0.000010 0.000010 0.999920 0.000010
0.000010 0.000010 0.000010 0.000010 0.000010 0.000010 0.000010 0.999920 0.000010
0.000010 0.000010 0.000010 0.788075 0.006102 0.027663 0.134090 0.004046 0.039994
0.000010 0.000010 0.000010 0.000010 0.000010 0.000010 0.000010 0.999920 0.000010
0.005279 0.000010 0.000010 0.689444 0.000010 0.042116 0.226167 0.000010 0.036954
0.000010 0.000010 0.000010 0.000010 0.000011 0.999919 0.000010 0.000010 0.000010
0.000010 0.980987 0.000010 0.000010 0.000010 0.018943 0.000010 0.000010 0.000010
0.000010 0.000010 0.000010 0.000010 0.000010 0.000010 0.000010 0.999920 0.000010
0.000010 0.000010 0.000010 0.000010 0.000010 0.000010 0.000010 0.999920 0.000010
0.000010 0.999920 0.000010 0.000010 0.000010 0.000010 0.000010 0.000010 0.000010
0.013585 0.000010 0.000010 0.669207 0.047084 0.033887 0.174992 0.034100 0.027126
0.000010 0.000010 0.000010 0.000010 0.475839 0.000010 0.340760 0.000010 0.183341
0.000010 0.934533 0.003725 0.035006 0.025515 0.001181 0.000010 0.000010 0.000010
0.000010 0.916879 0.000010 0.050455 0.015958 0.000010 0.000010 0.000010 0.016658
0.000010 0.000010 0.000010 0.000010 0.999920 0.000010 0.000010 0.000010 0.000010
0.000010 0.000010 0.000010 0.000010 0.999920 0.000010 0.000010 0.000010 0.000010
0.000010 0.000010 0.000010 0.000010 0.000010 0.000010 0.000010 0.999920 0.000010
0.000010 0.008148 0.028738 0.279159 0.567086 0.004594 0.059480 0.000010 0.052775
0.222466 0.000010 0.393108 0.023469 0.249131 0.000012 0.111785 0.000010 0.000010
0.000010 0.000010 0.000010 0.000010 0.000010 0.000010 0.000010 0.999920 0.000010
0.000010 0.000010 0.999920 0.000010 0.000010 0.000010 0.000010 0.000010 0.000010
0.000010 0.000010 0.000010 0.000010 0.000010 0.000010 0.000010 0.999920 0.000010
0.000010 0.000010 0.000010 0.000010 0.000010 0.000010 0.000010 0.999920 0.000010
0.000010 0.000010 0.000010 0.102883 0.000010 0.000010 0.897047 0.000010 0.000010
0.010421 0.903672 0.000010 0.021813 0.046325 0.013906 0.000010 0.000010 0.003832
0.000010 0.963941 0.008631 0.011627 0.000010 0.000010 0.000010 0.015752 0.000010
0.000010 0.999267 0.000010 0.000010 0.000010 0.000663 0.000010 0.000010 0.000010
0.000010 0.924342 0.000010 0.045156 0.000010 0.000010 0.000010 0.000010 0.030442
0.000018 0.942724 0.002753 0.019514 0.022204 0.009998 0.000010 0.000010 0.002769
0.000010 0.975423 0.000010 0.022519 0.000010 0.000010 0.000010 0.001998 0.000010
0.000010 0.504069 0.000010 0.424949 0.000010 0.002242 0.007504 0.021417 0.039790
0.000010 0.000010 0.000010 0.000010 0.000010 0.000010 0.000010 0.999920 0.000010
0.000010 0.000010 0.000010 0.000010 0.000010 0.000010 0.000010 0.999920 0.000010
0.017260 0.000010 0.019441 0.000010 0.000010 0.000010 0.000010 0.963240 0.000010
0.000010 0.000010 0.000010 0.000010 0.000010 0.000010 0.000010 0.999920 0.000010
0.004819 0.000010 0.000010 0.000010 0.000010 0.000010 0.000010 0.995111 0.000010
0.000010 0.000011 0.004043 0.000010 0.000010 0.027627 0.000010 0.968269 0.000010
0.000010 0.000010 0.000010 0.000010 0.000010 0.028631 0.000010 0.971299 0.000010
0.000010 0.999920 0.000010 0.000010 0.000010 0.000010 0.000010 0.000010 0.000010
0.123049 0.137258 0.094744 0.000010 0.265024 0.112977 0.223258 0.031342 0.012338
0.000010 0.999920 0.000010 0.000010 0.000010 0.000010 0.000010 0.000010 0.000010
0.025470 0.974460 0.000010 0.000010 0.000010 0.000010 0.000010 0.000010 0.000010
0.000010 0.900336 0.000010 0.038775 0.060829 0.000010 0.000010 0.000010 0.000010
0.000010 0.999920 0.000010 0.000010 0.000010 0.000010 0.000010 0.000010 0.000010
0.000010 0.000010 0.000010 0.000010 0.000010 0.002702 0.000010 0.997228 0.000010
0.000010 0.000010 0.000010 0.000010 0.000010 0.000010 0.000010 0.999920 0.000010
0.024294 0.000010 0.000010 0.000010 0.000010 0.074335 0.000010 0.901312 0.000010
0.000010 0.000010 0.000010 0.000010 0.000010 0.000010 0.000010 0.999920 0.000010
0.214502 0.000010 0.371129 0.000010 0.293408 0.000010 0.117760 0.003160 0.000010
0.000010 0.999920 0.000010 0.000010 0.000010 0.000010 0.000010 0.000010 0.000010
0.000010 0.999920 0.000010 0.000010 0.000010 0.000010 0.000010 0.000010 0.000010
0.088512 0.138986 0.068154 0.000010 0.409638 0.058023 0.201997 0.026797 0.007883
0.000010 0.000010 0.999920 0.000010 0.000010 0.000010 0.000010 0.000010 0.000010
0.000010 0.000010 0.000010 0.000010 0.000010 0.677766 0.322164 0.000010 0.000010
0.000010 0.000010 0.000010 0.000010 0.000010 0.059762 0.000010 0.940168 0.000010
0.000010 0.000010 0.000010 0.000010 0.000010 0.069209 0.000010 0.930721 0.000010
0.000010 0.000010 0.000010 0.981198 0.018732 0.000010 0.000010 0.000010 0.000010
0.002019 0.000010 0.000010 0.000010 0.000010 0.002106 0.000010 0.995815 0.000010
0.000010 0.000010 0.000010 0.000010 0.000010 0.000010 0.000010 0.999920 0.000010
0.000010 0.000010 0.000010 0.000010 0.000010 0.000010 0.000010 0.999920 0.000010
0.028318 0.000010 0.362088 0.066716 0.527265 0.005470 0.000010 0.010112 0.000010
0.042823 0.000010 0.833859 0.018465 0.014860 0.035132 0.043355 0.011486 0.000010
0.000010 0.000010 0.000010 0.074885 0.823942 0.000010 0.084466 0.000010 0.016657
0.008695 0.081191 0.000010 0.000010 0.910055 0.000010 0.000010 0.000010 0.000010
0.000010 0.000010 0.000010 0.069190 0.854440 0.000010 0.030256 0.000010 0.046064
0.167743 0.000010 0.629766 0.000010 0.115481 0.000010 0.086959 0.000010 0.000010
0.000010 0.000010 0.000010 0.087698 0.860255 0.000010 0.013835 0.000010 0.038161
0.000014 0.000010 0.678881 0.000010 0.317831 0.003224 0.000010 0.000010 0.000010
0.000010 0.000010 0.000010 0.000010 0.000010 0.000010 0.000010 0.999920 0.000010
0.000010 0.000010 0.000010 0.000010 0.000010 0.000010 0.000010 0.999920 0.000010
0.000010 0.000010 0.000903 0.000010 0.000010 0.000010 0.000010 0.999027 0.000010
0.000010 0.000010 0.000010 0.131376 0.841743 0.026200 0.000631 0.000010 0.000010
0.000010 0.000010 0.000010 0.000010 0.000010 0.000010 0.000010 0.999920 0.000010
0.000010 0.074663 0.000010 0.815280 0.004975 0.000010 0.074119 0.000010 0.030923
0.000010 0.000010 0.000010 0.000010 0.000010 0.000010 0.000010 0.999920 0.000010
0.000010 0.000010 0.000010 0.127714 0.625099 0.048189 0.137603 0.000010 0.061355
0.000010 0.000010 0.000010 0.103214 0.810886 0.000010 0.051948 0.000010 0.033902
0.000010 0.000010 0.000010 0.154207 0.726576 0.000010 0.072715 0.016863 0.029599
0.209137 0.000010 0.380299 0.000010 0.312306 0.000010 0.082545 0.015673 0.000010
0.010978 0.083954 0.000010 0.000010 0.905007 0.000010 0.000010 0.000010 0.000010
0.000010 0.000010 0.000010 0.000010 0.000010 0.000010 0.000010 0.999920 0.000010
0.000010 0.000010 0.000010 0.000010 0.000010 0.039312 0.000010 0.960618 0.000010
0.035526 0.133065 0.000010 0.000010 0.821069 0.000010 0.000010 0.000010 0.010291
0.000010 0.000010 0.000010 0.757146 0.068864 0.007869 0.157867 0.000010 0.008214
0.000010 0.000010 0.000010 0.000010 0.999920 0.000010 0.000010 0.000010 0.000010
0.056106 0.000515 0.238574 0.024233 0.138912 0.475987 0.065653 0.000010 0.000010
0.025232 0.000010 0.032469 0.000010 0.000010 0.020573 0.008407 0.913279 0.000010
0.999920 0.000010 0.000010 0.000010 0.000010 0.000010 0.000010 0.000010 0.000010
0.000010 0.025696 0.000010 0.418628 0.531108 0.000010 0.000010 0.024518 0.000010
0.000010 0.502302 0.000010 0.494264 0.000010 0.000010 0.003374 0.000010 0.000010
0.000010 0.000010 0.000010 0.999920 0.000010 0.000010 0.000010 0.000010 0.000010
0.011770 0.090595 0.000010 0.237931 0.610774 0.000010 0.021343 0.000010 0.027557
0.028052 0.028432 0.000010 0.380408 0.548160 0.014908 0.000010 0.000010 0.000010
0.005785 0.000010 0.009518 0.433573 0.542921 0.000010 0.001429 0.000010 0.006744
0.000010 0.000010 0.000010 0.878673 0.095791 0.015384 0.000010 0.010102 0.000010
0.020378 0.019204 0.595364 0.082447 0.097402 0.081931 0.047284 0.008970 0.047021
0.153411 0.076198 0.002546 0.000010 0.767795 0.000010 0.000010 0.000010 0.000010
0.000010 0.000010 0.191111 0.017882 0.209326 0.549355 0.000010 0.008746 0.023550
0.000015 0.000010 0.870477 0.000010 0.000010 0.129448 0.000010 0.000010 0.000010
0.000010 0.000010 0.020432 0.051554 0.890100 0.007207 0.000010 0.030666 0.000010
0.000010 0.466684 0.000010 0.064306 0.442130 0.000010 0.000010 0.000208 0.026632
0.057156 0.000010 0.417310 0.000010 0.000010 0.067399 0.132192 0.020790 0.305123
0.005933 0.000010 0.000010 0.000010 0.061198 0.034234 0.544456 0.002059 0.352089
0.000010 0.000010 0.000010 0.000010 0.000010 0.030803 0.632087 0.000010 0.337050
0.000010 0.176273 0.257302 0.043977 0.239918 0.261673 0.004870 0.015968 0.000010
0.000010 0.000010 0.000010 0.000010 0.000010 0.010618 0.613241 0.000010 0.376080
0.000010 0.000010 0.010783 0.000010 0.529421 0.019371 0.276094 0.000010 0.164292
0.000010 0.000010 0.000010 0.000010 0.000010 0.054676 0.536689 0.000010 0.408576
0.047568 0.000010 0.148768 0.235791 0.000010 0.000010 0.448221 0.024905 0.094718
0.392761 0.039147 0.122671 0.020049 0.425332 0.000010 0.000010 0.000010 0.000010
0.027531 0.762272 0.000010 0.061448 0.108996 0.000010 0.025492 0.005902 0.008339
0.022360 0.355751 0.000010 0.057055 0.564784 0.000010 0.000010 0.000010 0.000010
0.000010 0.000010 0.000010 0.003323 0.400295 0.000010 0.519205 0.000010 0.077126
0.000010 0.000010 0.000010 0.000010 0.999920 0.000010 0.000010 0.000010 0.000010
0.000010 0.000010 0.000792 0.076130 0.909415 0.000010 0.000010 0.000010 0.013614
0.004726 0.012838 0.000010 0.010240 0.938569 0.000010 0.000016 0.000010 0.033580
0.000010 0.000010 0.000010 0.107119 0.308195 0.000010 0.584626 0.000010 0.000010
0.000010 0.007991 0.000010 0.014294 0.890689 0.015061 0.000010 0.000010 0.071925
0.000010 0.000010 0.013097 0.057571 0.387626 0.000010 0.525925 0.000010 0.015741
0.000010 0.000010 0.265538 0.000010 0.000010 0.734392 0.000010 0.000010 0.000010
0.029939 0.012701 0.524874 0.014516 0.050928 0.367011 0.000010 0.000010 0.000010
0.000010 0.047987 0.314149 0.044187 0.344639 0.245750 0.000012 0.000010 0.003256
0.999920 0.000010 0.000010 0.000010 0.000010 0.000010 0.000010 0.000010 0.000010
0.102504 0.000010 0.094909 0.050880 0.176913 0.398905 0.088834 0.047773 0.039271
0.000010 0.498382 0.000010 0.000010 0.000010 0.430639 0.064216 0.006713 0.000010
0.000010 0.000010 0.000010 0.000010 0.000010 0.000010 0.999920 0.000010 0.000010
0.083697 0.000010 0.114252 0.021597 0.194995 0.518064 0.025324 0.030190 0.011871
0.006105 0.000010 0.000010 0.000010 0.001103 0.051917 0.940825 0.000011 0.000010
0.000010 0.000010 0.000010 0.000010 0.000010 0.999920 0.000010 0.000010 0.000010
0.000010 0.000010 0.000010 0.000010 0.000010 0.999920 0.000010 0.000010 0.000010
0.000010 0.000010 0.000010 0.532162 0.000010 0.001304 0.454617 0.010192 0.001685
0.000010 0.000010 0.000010 0.000010 0.000010 0.000010 0.939362 0.000010 0.060568
0.000010 0.025665 0.405770 0.037345 0.243064 0.091735 0.166536 0.000010 0.029865
0.142719 0.000010 0.183328 0.000010 0.000010 0.500005 0.126043 0.047864 0.000010
0.000010 0.000010 0.000010 0.021207 0.000010 0.000010 0.978723 0.000010 0.000010
0.000010 0.000010 0.000010 0.051533 0.000010 0.000010 0.948397 0.000010 0.000010
0.000010 0.000010 0.010989 0.073274 0.000010 0.001417 0.799851 0.000010 0.114429
0.000010 0.000010 0.199644 0.042659 0.208910 0.541115 0.000010 0.000010 0.007632
0.000010 0.000010 0.000010 0.002658 0.000010 0.000010 0.949414 0.000010 0.047868
0.000010 0.000010 0.000010 0.085945 0.000010 0.000010 0.913985 0.000010 0.000010
0.000010 0.000010 0.004777 0.069515 0.060495 0.023383 0.606738 0.000010 0.235061
0.017227 0.824265 0.000010 0.036212 0.106619 0.007768 0.000010 0.007880 0.000010
0.000010 0.000010 0.000010 0.053114 0.157032 0.084016 0.474786 0.000010 0.231012
0.000010 0.000010 0.000010 0.000010 0.000010 0.521424 0.467398 0.000010 0.011118
0.000010 0.000010 0.000010 0.154191 0.000010 0.000010 0.845739 0.000010 0.000010
0.000010 0.000010 0.000010 0.109253 0.000010 0.000010 0.890677 0.000010 0.000010
0.000010 0.000010 0.000010 0.105391 0.000010 0.000010 0.894539 0.000010 0.000010
0.000010 0.000010 0.000010 0.000010 0.000010 0.999920 0.000010 0.000010 0.000010
0.008070 0.974993 0.000010 0.000343 0.000010 0.016545 0.000010 0.000010 0.000010
0.000010 0.000010 0.000010 0.111227 0.699555 0.031542 0.090840 0.000010 0.066796
0.414307 0.000010 0.393420 0.000010 0.000010 0.000010 0.184280 0.007942 0.000010
0.020002 0.000010 0.003259 0.000012 0.506607 0.443589 0.000010 0.000010 0.026502
0.000010 0.000010 0.852477 0.000010 0.000010 0.147453 0.000010 0.000010 0.000010
0.087901 0.000010 0.912029 0.000010 0.000010 0.000010 0.000010 0.000010 0.000010
0.145033 0.000010 0.160959 0.019360 0.413443 0.261164 0.000010 0.000010 0.000010
0.000010 0.000010 0.000010 0.000010 0.000010 0.582908 0.417022 0.000010 0.000010
0.000010 0.000010 0.571632 0.016733 0.000010 0.370237 0.000010 0.041348 0.000010
0.251418 0.000010 0.170457 0.005750 0.426241 0.000010 0.091812 0.024982 0.029319
0.002570 0.950830 0.000010 0.000010 0.008631 0.000010 0.000010 0.000010 0.037918
0.000010 0.027130 0.182903 0.001754 0.113968 0.071124 0.096553 0.506548 0.000010
0.000010 0.000010 0.833614 0.000010 0.000015 0.166311 0.000010 0.000010 0.000010
0.000010 0.000010 0.000010 0.000010 0.000010 0.999920 0.000010 0.000010 0.000010
0.052140 0.000010 0.706903 0.000010 0.000010 0.239775 0.000010 0.000010 0.001132
0.000010 0.000010 0.000010 0.000010 0.000010 0.999920 0.000010 0.000010 0.000010
0.000010 0.000010 0.009649 0.000010 0.000010 0.000010 0.000010 0.990281 0.000010
0.000010 0.000010 0.439751 0.000010 0.000010 0.560179 0.000010 0.000010 0.000010
0.000010 0.000016 0.457555 0.000010 0.000010 0.542369 0.000010 0.000010 0.000010
0.000010 0.000010 0.303692 0.000010 0.000010 0.696238 0.000010 0.000010 0.000010
0.000010 0.000010 0.000010 0.000010 0.000010 0.002421 0.000010 0.997509 0.000010
0.008656 0.000010 0.000010 0.000010 0.000010 0.201780 0.000010 0.789505 0.000010
0.000010 0.000010 0.000010 0.000010 0.000010 0.000010 0.000010 0.999920 0.000010
0.000010 0.000010 0.025333 0.000010 0.000010 0.030668 0.000010 0.943939 0.000010
0.000010 0.000010 0.000010 0.000010 0.000010 0.031168 0.000010 0.968762 0.000010
0.000010 0.000010 0.000010 0.000010 0.000010 0.014099 0.000010 0.985831 0.000010
0.000010 0.999920 0.000010 0.000010 0.000010 0.000010 0.000010 0.000010 0.000010
0.079709 0.108392 0.074809 0.000010 0.111761 0.201984 0.385336 0.037989 0.000010
0.000010 0.005910 0.000010 0.084046 0.900153 0.000010 0.000010 0.000010 0.009840
0.000010 0.000010 0.000010 0.098395 0.000010 0.000010 0.901535 0.000010 0.000010
0.000010 0.000010 0.554489 0.000010 0.000010 0.445441 0.000010 0.000010 0.000010
0.124823 0.000010 0.133676 0.000010 0.000010 0.000010 0.074901 0.666550 0.000010
0.440271 0.000010 0.299103 0.000010 0.000010 0.000010 0.196356 0.064220 0.000010
0.000010 0.065495 0.000010 0.000010 0.913468 0.020976 0.000010 0.000010 0.000010
0.000010 0.000010 0.000010 0.000010 0.999920 0.000010 0.000010 0.000010 0.000010
0.000010 0.000010 0.000010 0.000010 0.000010 0.000010 0.000010 0.000010 0.999920
0.000010 0.000010 0.000010 0.000010 0.000010 0.000010 0.000010 0.000010 0.999920
0.000928 0.207264 0.000010 0.043288 0.725221 0.023259 0.000010 0.000010 0.000010
0.999920 0.000010 0.000010 0.000010 0.000010 0.000010 0.000010 0.000010 0.000010
0.000010 0.000010 0.000010 0.000010 0.000010 0.015932 0.000010 0.983998 0.000010
0.000010 0.000010 0.336036 0.060167 0.026314 0.181285 0.235873 0.000010 0.160295
0.007041 0.000010 0.000010 0.039489 0.337348 0.000010 0.616072 0.000010 0.000010
0.000010 0.045522 0.000010 0.081004 0.844493 0.000010 0.000010 0.000010 0.028930
0.000010 0.000010 0.000010 0.049547 0.900724 0.000010 0.049669 0.000010 0.000010
0.000010 0.000010 0.000010 0.000010 0.000012 0.999918 0.000010 0.000010 0.000010
0.000010 0.081483 0.000010 0.014522 0.903935 0.000010 0.000010 0.000010 0.000010
0.000010 0.087342 0.000010 0.000010 0.912588 0.000010 0.000010 0.000010 0.000010
0.326109 0.000010 0.391217 0.000010 0.000010 0.000010 0.244339 0.038285 0.000010
0.000010 0.000010 0.000010 0.000010 0.000010 0.000010 0.000010 0.000010 0.999920
0.000010 0.000010 0.000010 0.000010 0.000010 0.000010 0.000010 0.000010 0.999920
0.000010 0.000010 0.000010 0.000010 0.000010 0.000010 0.000010 0.000010 0.999920
0.199394 0.193186 0.000010 0.000010 0.000010 0.000010 0.000010 0.000010 0.607360
0.000010 0.000010 0.967696 0.000010 0.000010 0.032234 0.000010 0.000010 0.000010
0.000010 0.000010 0.000010 0.000010 0.000010 0.999918 0.000012 0.000010 0.000010
0.149022 0.000010 0.169028 0.000010 0.000010 0.425678 0.149265 0.106966 0.000010
0.000010 0.000010 0.000010 0.000010 0.000010 0.999920 0.000010 0.000010 0.000010
0.000010 0.000010 0.000010 0.000010 0.000010 0.999920 0.000010 0.000010 0.000010
0.000010 0.000010 0.000010 0.000010 0.000010 0.853820 0.000010 0.146110 0.000010
0.000010 0.000010 0.000010 0.000010 0.000010 0.999920 0.000010 0.000010 0.000010
0.061179 0.000010 0.129969 0.006002 0.000010 0.050428 0.142422 0.104463 0.505516
0.126367 0.000010 0.192756 0.000010 0.000010 0.378185 0.194069 0.108583 0.000010
0.000010 0.000010 0.000010 0.000010 0.000010 0.999920 0.000010 0.000010 0.000010
0.218185 0.000010 0.423505 0.004564 0.262961 0.014809 0.067712 0.008246 0.000010
0.250653 0.000010 0.399159 0.009047 0.188590 0.000010 0.125260 0.027261 0.000010
0.267125 0.000010 0.434560 0.000010 0.203131 0.000010 0.055485 0.039659 0.000010
0.000010 0.000010 0.000010 0.000010 0.000010 0.999920 0.000010 0.000010 0.000010
0.000010 0.000010 0.000010 0.000010 0.000010 0.999920 0.000010 0.000010 0.000010
0.034334 0.000010 0.000010 0.000010 0.111475 0.132351 0.516363 0.000010 0.205437
0.037253 0.000010 0.000010 0.000010 0.129362 0.083504 0.602100 0.000010 0.147741
0.121790 0.022557 0.102332 0.029803 0.181656 0.322581 0.191636 0.027635 0.000010
0.999920 0.000010 0.000010 0.000010 0.000010 0.000010 0.000010 0.000010 0.000010
0.020536 0.000010 0.000010 0.000010 0.027244 0.107470 0.304615 0.000010 0.540096
0.009590 0.000010 0.358448 0.000010 0.094523 0.373226 0.053676 0.110508 0.000010
0.000010 0.908258 0.000010 0.056710 0.029903 0.005078 0.000010 0.000010 0.000010
0.000010 0.210473 0.000010 0.577518 0.155259 0.021376 0.028737 0.000010 0.006608
0.000010 0.000010 0.019410 0.923542 0.000010 0.014509 0.012526 0.029973 0.000010
0.000010 0.776299 0.000010 0.036599 0.187042 0.000010 0.000010 0.000010 0.000010
0.000010 0.017893 0.019985 0.109955 0.816414 0.011469 0.024254 0.000010 0.000010
0.002838 0.544095 0.000010 0.348766 0.017043 0.001818 0.045535 0.000010 0.039884
0.000010 0.401512 0.000010 0.560724 0.037704 0.000010 0.000010 0.000010 0.000010
0.000010 0.000010 0.011683 0.848528 0.000010 0.000010 0.139728 0.000010 0.000010
0.000010 0.000010 0.999920 0.000010 0.000010 0.000010 0.000010 0.000010 0.000010
0.000010 0.000010 0.000010 0.999920 0.000010 0.000010 0.000010 0.000010 0.000010
0.000010 0.000010 0.865654 0.000010 0.000010 0.134276 0.000010 0.000010 0.000010
0.000010 0.000010 0.000010 0.999920 0.000010 0.000010 0.000010 0.000010 0.000010
0.000010 0.000010 0.000010 0.000010 0.000010 0.000010 0.000010 0.999920 0.000010
0.022244 0.000010 0.017495 0.000010 0.000010 0.032380 0.000010 0.927831 0.000010
0.004644 0.000010 0.000010 0.000010 0.000010 0.000010 0.000010 0.995286 0.000010
0.000010 0.000010 0.012609 0.000010 0.000010 0.488588 0.479246 0.000010 0.019507
0.069975 0.000010 0.614744 0.000010 0.223204 0.091354 0.000010 0.000683 0.000010
0.000010 0.862386 0.000010 0.000010 0.098796 0.019157 0.000010 0.000415 0.019206
0.000010 0.000010 0.287069 0.000010 0.000010 0.712861 0.000010 0.000010 0.000010
0.000010 0.610909 0.000010 0.161908 0.226808 0.000010 0.000010 0.000010 0.000325
0.000010 0.428131 0.011458 0.108514 0.413517 0.005180 0.000010 0.000010 0.033170
0.000010 0.974976 0.000010 0.000010 0.024954 0.000010 0.000010 0.000010 0.000010
0.000010 0.000010 0.000010 0.000010 0.000010 0.000010 0.000010 0.999920 0.000010
0.000010 0.000010 0.000010 0.000010 0.000010 0.000010 0.000010 0.999920 0.000010
0.139648 0.423330 0.206609 0.000010 0.049558 0.000010 0.133692 0.047133 0.000010
0.000010 0.037043 0.011429 0.089961 0.819655 0.023304 0.000010 0.000010 0.018579
0.000010 0.999920 0.000010 0.000010 0.000010 0.000010 0.000010 0.000010 0.000010
0.000010 0.004085 0.008598 0.097529 0.799835 0.033648 0.056275 0.000010 0.000010
0.000010 0.000010 0.021308 0.155691 0.703698 0.025651 0.000010 0.000010 0.093612
0.009342 0.917056 0.000410 0.000010 0.073142 0.000010 0.000010 0.000010 0.000010
0.000010 0.000010 0.000010 0.028177 0.885376 0.000010 0.086387 0.000010 0.000010
0.318440 0.000010 0.404571 0.000010 0.000010 0.000010 0.244919 0.032020 0.000010
0.342207 0.000010 0.408393 0.000010 0.000010 0.000010 0.223117 0.026233 0.000010
0.000010 0.000010 0.000010 0.999920 0.000010 0.000010 0.000010 0.000010 0.000010
0.000010 0.999920 0.000010 0.000010 0.000010 0.000010 0.000010 0.000010 0.000010
0.000010 0.998869 0.000010 0.000010 0.000010 0.000010 0.000010 0.001061 0.000010
0.000010 0.000010 0.000010 0.999920 0.000010 0.000010 0.000010 0.000010 0.000010
0.000010 0.000010 0.011207 0.161529 0.817356 0.006715 0.000010 0.000010 0.003153
0.000010 0.000010 0.000010 0.999920 0.000010 0.000010 0.000010 0.000010 0.000010
0.000010 0.000010 0.000010 0.999920 0.000010 0.000010 0.000010 0.000010 0.000010
0.000010 0.000010 0.000010 0.604434 0.395496 0.000010 0.000010 0.000010 0.000010
0.000010 0.037991 0.000010 0.456224 0.429540 0.000010 0.016161 0.000010 0.060044
0.000010 0.000010 0.000010 0.955193 0.000010 0.044737 0.000010 0.000010 0.000010
0.000010 0.987722 0.000010 0.000010 0.012208 0.000010 0.000010 0.000010 0.000010
0.000010 0.000010 0.000010 0.999920 0.000010 0.000010 0.000010 0.000010 0.000010
0.000010 0.000010 0.000010 0.000010 0.000010 0.000010 0.000010 0.999920 0.000010
0.000010 0.000010 0.000010 0.000010 0.000010 0.000010 0.000010 0.999920 0.000010
0.000010 0.000010 0.008066 0.000010 0.000010 0.000010 0.000010 0.991864 0.000010
0.000010 0.000010 0.000010 0.000010 0.000010 0.000010 0.000010 0.999920 0.000010
