0.000010 0.000010 0.000010 0.000010 0.000010 0.000010 0.022978 0.000010 0.000010 0.000010 0.976922 0.000010
0.000010 0.000010 0.000010 0.000010 0.028350 0.000010 0.004634 0.002003 0.000010 0.000010 0.964933 0.000010
0.000010 0.000010 0.000010 0.000010 0.000010 0.000010 0.000010 0.000010 0.000010 0.000010 0.999890 0.000010
0.000010 0.000010 0.000010 0.000010 0.000010 0.000010 0.000736 0.000010 0.000010 0.010867 0.979936 0.008381
0.000010 0.040982 0.000010 0.000010 0.000010 0.000010 0.000010 0.000010 0.000010 0.000010 0.958918 0.000010
0.000010 0.000010 0.000010 0.000010 0.000010 0.000010 0.000010 0.000010 0.000010 0.000010 0.999890 0.000010
0.000010 0.000010 0.000010 0.000010 0.000010 0.000010 0.038304 0.000010 0.000010 0.000010 0.961596 0.000010
0.021375 0.000010 0.021087 0.002329 0.023846 0.000010 0.881555 0.000010 0.000010 0.000010 0.000010 0.049749
0.000010 0.999890 0.000010 0.000010 0.000010 0.000010 0.000010 0.000010 0.000010 0.000010 0.000010 0.000010
0.213671 0.037484 0.000010 0.000010 0.203533 0.000010 0.415280 0.030545 0.000010 0.000010 0.000010 0.099428
0.000010 0.999890 0.000010 0.000010 0.000010 0.000010 0.000010 0.000010 0.000010 0.000010 0.000010 0.000010
0.000010 0.000010 0.603999 0.000010 0.000010 0.000010 0.000010 0.000010 0.395901 0.000010 0.000010 0.000010
0.000010 0.000010 0.668524 0.000010 0.000010 0.000010 0.000010 0.000010 0.331376 0.000010 0.000010 0.000010
0.000010 0.000010 0.000010 0.000010 0.000010 0.000010 0.000010 0.946572 0.000010 0.000010 0.000010 0.053328
0.000010 0.000010 0.570460 0.000010 0.000010 0.000010 0.000010 0.000010 0.429440 0.000010 0.000010 0.000010
0.000010 0.000010 0.560219 0.000010 0.000010 0.000010 0.000010 0.000010 0.439681 0.000010 0.000010 0.000010
0.849551 0.000010 0.000010 0.000010 0.031546 0.000010 0.068882 0.024770 0.000010 0.000010 0.000010 0.025181
0.000010 0.000010 0.587712 0.000010 0.000010 0.000010 0.000010 0.000010 0.412188 0.000010 0.000010 0.000010
0.804238 0.000010 0.000010 0.000010 0.042737 0.038803 0.034470 0.023615 0.000010 0.000010 0.000010 0.056078
0.000010 0.000010 0.000010 0.000010 0.000010 0.000010 0.000010 0.999890 0.000010 0.000010 0.000010 0.000010
0.000010 0.000010 0.000010 0.000010 0.000010 0.005400 0.000010 0.017243 0.000010 0.000010 0.974634 0.002643
0.000010 0.000010 0.507587 0.000010 0.000010 0.000010 0.000010 0.000010 0.492313 0.000010 0.000010 0.000010
0.000010 0.000010 0.581016 0.000010 0.000010 0.000010 0.000010 0.000010 0.418884 0.000010 0.000010 0.000010
0.000010 0.000010 0.000010 0.000010 0.000010 0.000010 0.000010 0.000010 0.000010 0.000010 0.999890 0.000010
0.759067 0.008036 0.012012 0.000010 0.040430 0.005054 0.067764 0.018954 0.032724 0.004086 0.016421 0.035441
0.112519 0.480570 0.000010 0.000010 0.338793 0.000010 0.000010 0.000010 0.002873 0.000010 0.000010 0.065175
0.019674 0.047160 0.000010 0.012131 0.000010 0.000010 0.000010 0.006457 0.000010 0.000010 0.914508 0.000010
0.033936 0.015458 0.006967 0.000010 0.002884 0.009613 0.037561 0.000010 0.000010 0.000010 0.893531 0.000010
0.000010 0.999890 0.000010 0.000010 0.000010 0.000010 0.000010 0.000010 0.000010 0.000010 0.000010 0.000010
0.000010 0.999890 0.000010 0.000010 0.000010 0.000010 0.000010 0.000010 0.000010 0.000010 0.000010 0.000010
0.000010 0.000010 0.494693 0.000010 0.000010 0.000010 0.000010 0.000010 0.505207 0.000010 0.000010 0.000010
0.347256 0.490136 0.000010 0.022588 0.055852 0.002087 0.073137 0.008895 0.000010 0.000010 0.000010 0.000010
0.000010 0.000010 0.000010 0.000010 0.000010 0.999883 0.000010 0.000010 0.000010 0.000010 0.000017 0.000010
0.000010 0.000010 0.552650 0.000010 0.000010 0.000010 0.000010 0.000010 0.447250 0.000010 0.000010 0.000010
0.000010 0.000010 0.000010 0.999888 0.000010 0.000010 0.000010 0.000012 0.000010 0.000010 0.000010 0.000010
0.000010 0.000010 0.615276 0.000010 0.000010 0.000010 0.000010 0.000010 0.384624 0.000010 0.000010 0.000010
0.000010 0.000010 0.545494 0.000010 0.000010 0.000010 0.000010 0.000010 0.454406 0.000010 0.000010 0.000010
0.711650 0.000010 0.000010 0.000010 0.044059 0.000010 0.000010 0.037763 0.000010 0.122564 0.000010 0.083895
0.008950 0.074594 0.000010 0.000010 0.000111 0.000010 0.000010 0.021651 0.000010 0.000010 0.894624 0.000010
0.000010 0.000010 0.024391 0.007826 0.000010 0.000010 0.023020 0.000010 0.000010 0.000010 0.944683 0.000010
0.000010 0.000010 0.000010 0.000010 0.000010 0.000010 0.000010 0.005836 0.000010 0.000010 0.994064 0.000010
0.046248 0.000010 0.000010 0.000010 0.033437 0.000010 0.000010 0.000010 0.000010 0.000010 0.920224 0.000010
0.006607 0.049724 0.000010 0.000010 0.000010 0.037009 0.000010 0.005041 0.000010 0.000010 0.901549 0.000010
0.000010 0.000010 0.000010 0.000010 0.000010 0.000010 0.063224 0.000010 0.000853 0.000010 0.935833 0.000010
0.438981 0.000010 0.006946 0.000010 0.027602 0.000010 0.000010 0.006902 0.000010 0.000714 0.518795 0.000010
0.000010 0.000010 0.118525 0.000010 0.000010 0.000010 0.000010 0.000010 0.881375 0.000010 0.000010 0.000010
0.000010 0.000010 0.587601 0.000010 0.000010 0.000010 0.000010 0.000010 0.412299 0.000010 0.000010 0.000010
0.000010 0.000010 0.177391 0.003709 0.000010 0.001153 0.000010 0.000010 0.792549 0.025128 0.000010 0.000010
0.000010 0.000010 0.521690 0.000010 0.000010 0.000010 0.000010 0.000010 0.478210 0.000010 0.000010 0.000010
0.000010 0.000010 0.332733 0.000010 0.000010 0.000010 0.000010 0.000010 0.667167 0.000010 0.000010 0.000010
0.000010 0.000010 0.000010 0.000010 0.000010 0.000010 0.000010 0.000010 0.999890 0.000010 0.000010 0.000010
0.000010 0.000010 0.110948 0.000010 0.000010 0.000010 0.000010 0.003084 0.885878 0.000010 0.000010 0.000010
0.000010 0.000010 0.000010 0.000010 0.000010 0.000010 0.000010 0.000010 0.000010 0.000010 0.999890 0.000010
0.079532 0.208939 0.001684 0.020871 0.043514 0.020505 0.061958 0.122540 0.016521 0.263201 0.128163 0.032572
0.000010 0.000010 0.000010 0.000010 0.000010 0.000010 0.000010 0.000010 0.000010 0.000010 0.999890 0.000010
0.000010 0.000558 0.000010 0.000010 0.000010 0.000010 0.000010 0.000010 0.000010 0.014698 0.984654 0.000010
0.014390 0.074979 0.000010 0.000010 0.000010 0.000010 0.022138 0.000010 0.000010 0.000010 0.888412 0.000010
0.000010 0.000010 0.000010 0.005403 0.000010 0.000010 0.000010 0.000010 0.000010 0.000010 0.994497 0.000010
0.000010 0.000010 0.265656 0.000010 0.000010 0.000010 0.000010 0.002922 0.731332 0.000010 0.000010 0.000010
0.000010 0.000010 0.000010 0.000010 0.000010 0.000010 0.000010 0.000010 0.999890 0.000010 0.000010 0.000010
0.000010 0.000010 0.000010 0.000010 0.000010 0.000010 0.000010 0.040202 0.959698 0.000010 0.000010 0.000010
0.000010 0.000010 0.165641 0.000010 0.000010 0.000010 0.000010 0.000010 0.834259 0.000010 0.000010 0.000010
0.000010 0.031268 0.025916 0.064037 0.000010 0.759153 0.000010 0.000010 0.000010 0.119557 0.000010 0.000010
0.000010 0.000010 0.000010 0.000010 0.000010 0.000010 0.000010 0.000010 0.000010 0.000010 0.999890 0.000010
0.000010 0.000010 0.000010 0.000010 0.000010 0.000010 0.000010 0.000010 0.000010 0.000010 0.999890 0.000010
0.065927 0.292525 0.026928 0.029303 0.038754 0.000010 0.151698 0.056347 0.000010 0.184222 0.125733 0.028542
0.000010 0.000010 0.000010 0.794807 0.000010 0.205093 0.000010 0.000010 0.000010 0.000010 0.000010 0.000010
0.000010 0.000010 0.000010 0.000010 0.000010 0.000010 0.000010 0.375096 0.000010 0.000010 0.000010 0.624804
0.000010 0.000010 0.269405 0.000010 0.000010 0.000010 0.000010 0.043081 0.687424 0.000010 0.000010 0.000010
0.000010 0.000010 0.013350 0.000010 0.000010 0.000010 0.000010 0.066563 0.919996 0.000010 0.000010 0.000010
0.877914 0.023630 0.000010 0.000010 0.000010 0.000010 0.098366 0.000010 0.000010 0.000010 0.000010 0.000010
0.000010 0.000010 0.266325 0.001216 0.000010 0.000010 0.000010 0.000010 0.732369 0.000010 0.000010 0.000010
0.000010 0.000010 0.000010 0.000010 0.000010 0.000010 0.000010 0.000010 0.999890 0.000010 0.000010 0.000010
0.000010 0.000010 0.164522 0.000010 0.000010 0.000010 0.000010 0.000010 0.835378 0.000010 0.000010 0.000010
0.000010 0.000010 0.000010 0.000010 0.000010 0.613205 0.386695 0.000010 0.000010 0.000010 0.000010 0.000010
0.000010 0.000010 0.000010 0.624348 0.000010 0.256205 0.000010 0.000010 0.000010 0.022456 0.000010 0.096911
0.000010 0.000010 0.000010 0.000010 0.000010 0.000010 0.999890 0.000010 0.000010 0.000010 0.000010 0.000010
0.000010 0.999890 0.000010 0.000010 0.000010 0.000010 0.000010 0.000010 0.000010 0.000010 0.000010 0.000010
0.000010 0.000010 0.000010 0.000010 0.000010 0.000010 0.999890 0.000010 0.000010 0.000010 0.000010 0.000010
0.000010 0.051484 0.000010 0.364794 0.002441 0.322869 0.000010 0.000010 0.000010 0.256270 0.002083 0.000010
0.000010 0.000010 0.000010 0.000010 0.000010 0.000010 0.999890 0.000010 0.000010 0.000010 0.000010 0.000010
0.000010 0.233428 0.000010 0.486984 0.000010 0.271411 0.000010 0.000010 0.000010 0.000010 0.000010 0.008097
0.000010 0.000010 0.437611 0.000010 0.000010 0.000010 0.000010 0.000010 0.562289 0.000010 0.000010 0.000010
0.000010 0.000010 0.433659 0.000010 0.000010 0.000010 0.000010 0.000010 0.566241 0.000010 0.000010 0.000010
0.000010 0.000010 0.069876 0.000010 0.000010 0.000010 0.000010 0.000010 0.930024 0.000010 0.000010 0.000010
0.000010 0.000010 0.000010 0.000010 0.000010 0.000010 0.000010 0.000010 0.000010 0.000010 0.000010 0.999890
0.000010 0.000010 0.000010 0.000010 0.000010 0.000010 0.999890 0.000010 0.000010 0.000010 0.000010 0.000010
0.000010 0.000010 0.321152 0.000010 0.000010 0.000010 0.000010 0.000010 0.678748 0.000010 0.000010 0.000010
0.856288 0.003846 0.000010 0.000010 0.011962 0.000010 0.040518 0.000010 0.000010 0.000010 0.087316 0.000010
0.000010 0.000010 0.000010 0.000010 0.000010 0.000010 0.000010 0.000010 0.999890 0.000010 0.000010 0.000010
0.011595 0.000010 0.000010 0.000010 0.022673 0.000010 0.878620 0.027433 0.000010 0.000010 0.000010 0.059610
0.000010 0.000010 0.000010 0.000010 0.000010 0.000010 0.999890 0.000010 0.000010 0.000010 0.000010 0.000010
0.066502 0.000010 0.025573 0.000010 0.000010 0.000010 0.899189 0.000010 0.000010 0.000010 0.000010 0.008657
0.000010 0.076816 0.000010 0.000010 0.000010 0.767116 0.000010 0.000010 0.000010 0.155978 0.000010 0.000010
0.000010 0.999890 0.000010 0.000010 0.000010 0.000010 0.000010 0.000010 0.000010 0.000010 0.000010 0.000010
0.000010 0.000010 0.000010 0.000010 0.000010 0.000010 0.000010 0.000010 0.999890 0.000010 0.000010 0.000010
0.000010 0.000010 0.000010 0.000010 0.000010 0.000010 0.000010 0.000010 0.999890 0.000010 0.000010 0.000010
0.000010 0.745100 0.000010 0.000010 0.015304 0.000010 0.090166 0.000010 0.000010 0.032015 0.117345 0.000010
0.843071 0.100645 0.000010 0.000010 0.022320 0.000010 0.000010 0.006367 0.015314 0.000010 0.000010 0.012223
0.000010 0.550950 0.000010 0.000010 0.000010 0.000010 0.448950 0.000010 0.000010 0.000010 0.000010 0.000010
0.000010 0.000010 0.000010 0.000010 0.000010 0.492585 0.000010 0.473133 0.000010 0.000010 0.000010 0.034192
0.000010 0.000010 0.999890 0.000010 0.000010 0.000010 0.000010 0.000010 0.000010 0.000010 0.000010 0.000010
0.000010 0.000010 0.000010 0.000010 0.000010 0.000010 0.000010 0.000010 0.000010 0.999890 0.000010 0.000010
0.444453 0.473120 0.022325 0.000010 0.000010 0.002908 0.041279 0.000010 0.000010 0.000010 0.015855 0.000010
0.494698 0.000010 0.000010 0.000010 0.000010 0.000010 0.000010 0.000010 0.000010 0.000010 0.505202 0.000010
0.999890 0.000010 0.000010 0.000010 0.000010 0.000010 0.000010 0.000010 0.000010 0.000010 0.000010 0.000010
0.289053 0.620171 0.000010 0.000010 0.034634 0.000010 0.000010 0.000010 0.000010 0.000010 0.056062 0.000010
0.384468 0.507069 0.000010 0.000010 0.000010 0.000010 0.065551 0.010381 0.000010 0.000010 0.032461 0.000010
0.473514 0.526386 0.000010 0.000010 0.000010 0.000010 0.000010 0.000010 0.000010 0.000010 0.000010 0.000010
0.881273 0.101029 0.017609 0.000010 0.000010 0.000010 0.000010 0.000010 0.000010 0.000010 0.000010 0.000010
0.077433 0.000010 0.027843 0.529447 0.059345 0.065288 0.148459 0.033811 0.019021 0.000010 0.016969 0.022363
0.000010 0.700729 0.000010 0.000010 0.000010 0.108180 0.000010 0.000010 0.000010 0.099292 0.091719 0.000010
0.000010 0.000010 0.034018 0.167831 0.000010 0.000010 0.277176 0.516498 0.000010 0.000010 0.000010 0.004407
0.000010 0.000010 0.000010 0.487656 0.000010 0.447269 0.000010 0.064985 0.000010 0.000010 0.000010 0.000010
0.000010 0.350046 0.028695 0.004900 0.000010 0.025476 0.590814 0.000010 0.000010 0.000010 0.000010 0.000010
0.000010 0.000010 0.000010 0.000010 0.000010 0.000010 0.539894 0.000010 0.000010 0.000010 0.460006 0.000010
0.000010 0.000010 0.000010 0.346040 0.364614 0.000010 0.000010 0.061781 0.034044 0.174711 0.000010 0.018751
0.241949 0.023466 0.000010 0.007510 0.500737 0.008909 0.020744 0.012569 0.043549 0.047668 0.000010 0.092878
0.235393 0.000010 0.022723 0.000010 0.589564 0.000010 0.000010 0.045664 0.000010 0.014473 0.000010 0.092122
0.035897 0.145703 0.019501 0.230464 0.000010 0.000010 0.132935 0.261576 0.000010 0.012050 0.161833 0.000010
0.222550 0.000010 0.000010 0.000010 0.602171 0.000010 0.000010 0.017329 0.000010 0.027997 0.000010 0.129884
0.115687 0.449167 0.000010 0.029107 0.246261 0.000010 0.076046 0.007784 0.000010 0.007505 0.000010 0.068403
0.219830 0.000010 0.000687 0.000010 0.599098 0.006562 0.009398 0.052693 0.001128 0.000010 0.000010 0.110563
0.453686 0.000010 0.000010 0.121429 0.181332 0.000010 0.000010 0.000010 0.041953 0.143973 0.000010 0.057567
0.000010 0.304772 0.000010 0.000010 0.000010 0.254350 0.000010 0.000010 0.000010 0.358538 0.082259 0.000010
0.059094 0.106079 0.000010 0.000010 0.007139 0.000010 0.016403 0.000010 0.024174 0.024667 0.756305 0.006100
0.044339 0.416058 0.000010 0.000010 0.000010 0.000010 0.178592 0.000010 0.000010 0.000010 0.360931 0.000010
0.252149 0.000010 0.003921 0.000010 0.150773 0.000010 0.430006 0.009626 0.000010 0.102214 0.000010 0.051261
0.000010 0.588248 0.000010 0.000010 0.000010 0.000010 0.411652 0.000010 0.000010 0.000010 0.000010 0.000010
0.000010 0.000010 0.000010 0.000010 0.000010 0.000010 0.999890 0.000010 0.000010 0.000010 0.000010 0.000010
0.000010 0.534351 0.000010 0.000010 0.029344 0.000010 0.436215 0.000010 0.000010 0.000010 0.000010 0.000010
0.449101 0.069395 0.000010 0.002804 0.043972 0.000010 0.264272 0.000010 0.001730 0.085370 0.000010 0.083317
0.000010 0.307024 0.000010 0.004026 0.031153 0.000010 0.647662 0.010065 0.000010 0.000010 0.000010 0.000010
0.339705 0.102610 0.000010 0.020535 0.049226 0.000010 0.331646 0.000010 0.000010 0.054443 0.000010 0.101784
0.000010 0.000010 0.000010 0.000010 0.000010 0.091965 0.000010 0.126265 0.000010 0.000010 0.000010 0.781680
0.000010 0.000010 0.000010 0.000010 0.000010 0.999890 0.000010 0.000010 0.000010 0.000010 0.000010 0.000010
0.000010 0.000010 0.000010 0.269190 0.000010 0.000010 0.000010 0.730710 0.000010 0.000010 0.000010 0.000010
0.000010 0.062783 0.011467 0.448634 0.000010 0.114144 0.000010 0.354026 0.000010 0.000010 0.008886 0.000010
0.019833 0.028873 0.000010 0.287815 0.000010 0.000010 0.393933 0.236314 0.000010 0.000010 0.033172 0.000010
0.000010 0.000010 0.000010 0.000010 0.000801 0.000010 0.000010 0.000010 0.000010 0.539576 0.459534 0.000010
0.063332 0.109151 0.013326 0.024503 0.048006 0.164120 0.012684 0.370144 0.030391 0.101207 0.015693 0.047442
0.002214 0.000010 0.000010 0.000010 0.008870 0.053725 0.000010 0.412672 0.016566 0.000010 0.482845 0.023058
0.517872 0.000010 0.051657 0.000010 0.130839 0.000010 0.000010 0.000010 0.000010 0.156973 0.000010 0.142588
0.000010 0.056817 0.000010 0.000010 0.006174 0.318523 0.048799 0.500190 0.033223 0.036225 0.000010 0.000010
0.399322 0.021419 0.064563 0.000010 0.192673 0.000010 0.000010 0.017704 0.000010 0.148658 0.000010 0.155610
0.000010 0.000010 0.000010 0.000010 0.000010 0.000010 0.000010 0.999890 0.000010 0.000010 0.000010 0.000010
0.000010 0.000010 0.000010 0.000010 0.000010 0.000010 0.000010 0.999890 0.000010 0.000010 0.000010 0.000010
0.818677 0.000010 0.007057 0.008512 0.064448 0.003505 0.000010 0.000010 0.016289 0.000010 0.000010 0.081461
0.484513 0.000010 0.053389 0.000010 0.259135 0.017733 0.000010 0.000010 0.000010 0.086407 0.000010 0.098762
0.041931 0.000010 0.046018 0.347393 0.002086 0.063765 0.339467 0.002913 0.000010 0.000010 0.006197 0.150200
0.000010 0.000010 0.000010 0.065709 0.000010 0.028397 0.000010 0.554632 0.000010 0.351182 0.000010 0.000010
0.727978 0.000010 0.011081 0.000010 0.059438 0.000010 0.000010 0.000010 0.000010 0.098561 0.000010 0.102873
0.653549 0.000010 0.000010 0.000010 0.076834 0.000010 0.000010 0.000010 0.000010 0.127967 0.000010 0.141570
0.554972 0.000010 0.000010 0.000010 0.232156 0.000010 0.000010 0.027127 0.020554 0.113382 0.000010 0.051750
0.000010 0.000010 0.000010 0.185106 0.000010 0.000010 0.278597 0.536206 0.000010 0.000010 0.000010 0.000010
0.556704 0.000010 0.004865 0.019605 0.181802 0.000010 0.000010 0.032809 0.000010 0.119238 0.000010 0.084929
0.650116 0.000010 0.000010 0.000010 0.080818 0.000010 0.000010 0.029217 0.000010 0.131716 0.000010 0.108062
0.400285 0.014815 0.000010 0.025282 0.347115 0.000010 0.040537 0.039739 0.000217 0.062260 0.000010 0.069722
0.019549 0.045161 0.027436 0.000010 0.000010 0.000010 0.084451 0.000010 0.000010 0.000010 0.823332 0.000010
0.286638 0.061558 0.000010 0.000010 0.328920 0.000010 0.087284 0.075999 0.000010 0.047526 0.000010 0.112025
0.000010 0.000010 0.000010 0.000010 0.000010 0.000010 0.000010 0.000010 0.000010 0.000010 0.000010 0.999890
0.733979 0.000010 0.006245 0.000010 0.021484 0.000010 0.000010 0.000010 0.000010 0.104584 0.000010 0.133638
0.636792 0.000010 0.000010 0.000010 0.103689 0.000010 0.000010 0.000010 0.002994 0.124054 0.000010 0.132401
0.694330 0.000010 0.000010 0.000010 0.036733 0.000010 0.000010 0.000010 0.000010 0.121394 0.000010 0.147463
0.000010 0.000010 0.000010 0.000010 0.000010 0.000010 0.000010 0.999890 0.000010 0.000010 0.000010 0.000010
0.000010 0.000010 0.000010 0.000010 0.000010 0.016134 0.004684 0.015197 0.000010 0.000010 0.963905 0.000010
0.014951 0.000010 0.000010 0.000010 0.025430 0.000010 0.893124 0.000010 0.000010 0.000010 0.000010 0.066415
0.000010 0.000010 0.000010 0.000010 0.000010 0.000010 0.000010 0.000010 0.000010 0.999890 0.000010 0.000010
0.000010 0.412660 0.021110 0.010301 0.033935 0.004258 0.092577 0.425110 0.000010 0.000010 0.000010 0.000010
0.000010 0.000010 0.000010 0.853572 0.000010 0.000010 0.000010 0.146328 0.000010 0.000010 0.000010 0.000010
0.000010 0.000010 0.000010 0.760113 0.000010 0.004290 0.000010 0.000010 0.000010 0.235507 0.000010 0.000010
0.000010 0.301427 0.000010 0.000010 0.000010 0.417754 0.000010 0.242427 0.000010 0.038312 0.000010 0.000010
0.000010 0.000010 0.000010 0.000010 0.000010 0.000010 0.000010 0.234700 0.000010 0.000010 0.000010 0.765200
0.004635 0.000010 0.021562 0.546161 0.007439 0.000010 0.000010 0.352625 0.040378 0.000010 0.000010 0.027150
0.000010 0.304773 0.000010 0.000010 0.029966 0.406055 0.000010 0.000010 0.013789 0.221168 0.024189 0.000010
0.000010 0.002178 0.000010 0.000010 0.044242 0.000010 0.016174 0.000010 0.000010 0.000010 0.937326 0.000010
0.000010 0.026013 0.514126 0.167479 0.000010 0.003148 0.127770 0.008208 0.011360 0.000010 0.020008 0.121858
0.000010 0.000010 0.000010 0.365053 0.000010 0.549057 0.000010 0.085800 0.000010 0.000010 0.000010 0.000010
0.000010 0.000010 0.000010 0.000010 0.000010 0.000010 0.000010 0.999890 0.000010 0.000010 0.000010 0.000010
0.000010 0.000010 0.000010 0.563429 0.000010 0.099917 0.000010 0.230583 0.000010 0.105990 0.000010 0.000010
0.000010 0.000010 0.004846 0.000010 0.000010 0.000010 0.000010 0.972668 0.000010 0.000010 0.000010 0.022396
0.000010 0.000010 0.999883 0.000017 0.000010 0.000010 0.000010 0.000010 0.000010 0.000010 0.000010 0.000010
0.000010 0.000010 0.000010 0.419527 0.000010 0.000010 0.000010 0.510808 0.000010 0.000010 0.000010 0.069575
0.000010 0.000010 0.000010 0.454283 0.000010 0.000010 0.000010 0.545617 0.000010 0.000010 0.000010 0.000010
0.000010 0.000010 0.000010 0.305505 0.000010 0.000010 0.000010 0.694395 0.000010 0.000010 0.000010 0.000010
0.000010 0.000010 0.999890 0.000010 0.000010 0.000010 0.000010 0.000010 0.000010 0.000010 0.000010 0.000010
0.000010 0.000010 0.929057 0.000010 0.000010 0.000010 0.000010 0.070843 0.000010 0.000010 0.000010 0.000010
0.000010 0.000010 0.323622 0.000010 0.000010 0.000010 0.000010 0.000010 0.676278 0.000010 0.000010 0.000010
0.000010 0.000010 0.999890 0.000010 0.000010 0.000010 0.000010 0.000010 0.000010 0.000010 0.000010 0.000010
0.000010 0.000010 0.999890 0.000010 0.000010 0.000010 0.000010 0.000010 0.000010 0.000010 0.000010 0.000010
0.000010 0.000010 0.999890 0.000010 0.000010 0.000010 0.000010 0.000010 0.000010 0.000010 0.000010 0.000010
0.000010 0.000010 0.000010 0.000010 0.000010 0.000010 0.000010 0.000010 0.000010 0.000010 0.999890 0.000010
0.130291 0.000010 0.027810 0.000010 0.000010 0.000037 0.119515 0.115627 0.000010 0.249646 0.100291 0.256743
0.000010 0.070251 0.000010 0.000010 0.000010 0.000010 0.923476 0.000010 0.000010 0.000010 0.000010 0.006183
0.686709 0.000010 0.000010 0.000010 0.074908 0.000010 0.000010 0.000010 0.000010 0.154712 0.000010 0.083592
0.000010 0.000010 0.000010 0.504175 0.000010 0.000010 0.000010 0.457731 0.000010 0.038004 0.000010 0.000010
0.000010 0.000010 0.608169 0.005976 0.000010 0.004078 0.000010 0.000010 0.051096 0.330612 0.000010 0.000010
0.000010 0.000010 0.000010 0.000010 0.000010 0.000010 0.000010 0.000010 0.000010 0.999890 0.000010 0.000010
0.000010 0.988234 0.000010 0.000010 0.000010 0.000010 0.000010 0.000010 0.000010 0.000010 0.000010 0.011666
0.000010 0.999890 0.000010 0.000010 0.000010 0.000010 0.000010 0.000010 0.000010 0.000010 0.000010 0.000010
0.000010 0.000010 0.000010 0.000010 0.999890 0.000010 0.000010 0.000010 0.000010 0.000010 0.000010 0.000010
0.000010 0.000010 0.000010 0.000010 0.999890 0.000010 0.000010 0.000010 0.000010 0.000010 0.000010 0.000010
0.034007 0.606620 0.000284 0.000010 0.000010 0.009381 0.136705 0.022920 0.000010 0.000010 0.181458 0.008585
0.000010 0.000010 0.000010 0.000010 0.000010 0.000010 0.000010 0.000010 0.000010 0.000010 0.000010 0.999890
0.000010 0.000010 0.094402 0.000010 0.000010 0.000010 0.000010 0.000298 0.905210 0.000010 0.000010 0.000010
0.150045 0.000010 0.000010 0.335529 0.227086 0.000010 0.059717 0.156595 0.000010 0.000010 0.000010 0.070968
0.391685 0.080952 0.004723 0.000010 0.025884 0.000010 0.282162 0.000010 0.000010 0.118640 0.000010 0.095904
0.006836 0.286182 0.004848 0.000010 0.000010 0.000010 0.642904 0.000010 0.000010 0.000010 0.052395 0.006775
0.000010 0.262246 0.000010 0.000010 0.000010 0.000482 0.737182 0.000010 0.000010 0.000010 0.000010 0.000010
0.000010 0.000010 0.000010 0.000010 0.000010 0.000010 0.000010 0.999890 0.000010 0.000010 0.000010 0.000010
0.000010 0.519705 0.000010 0.000010 0.000010 0.000010 0.421018 0.000010 0.000010 0.000010 0.059188 0.000010
0.000010 0.999890 0.000010 0.000010 0.000010 0.000010 0.000010 0.000010 0.000010 0.000010 0.000010 0.000010
0.000010 0.000010 0.010205 0.118821 0.000010 0.000010 0.000010 0.000010 0.000010 0.870884 0.000010 0.000010
0.000010 0.000010 0.000010 0.000010 0.999890 0.000010 0.000010 0.000010 0.000010 0.000010 0.000010 0.000010
0.000010 0.000010 0.000010 0.000010 0.999890 0.000010 0.000010 0.000010 0.000010 0.000010 0.000010 0.000010
0.000010 0.000010 0.000010 0.000010 0.999890 0.000010 0.000010 0.000010 0.000010 0.000010 0.000010 0.000010
0.000010 0.000010 0.000010 0.000010 0.605828 0.000010 0.000010 0.000010 0.000010 0.094510 0.299571 0.000010
0.000010 0.000010 0.000010 0.916753 0.000010 0.000010 0.000013 0.000010 0.000010 0.000010 0.000010 0.083144
0.000010 0.000010 0.000010 0.000010 0.000010 0.000010 0.000010 0.999890 0.000010 0.000010 0.000010 0.000010
0.000010 0.000010 0.034695 0.045252 0.000010 0.058364 0.000010 0.477126 0.026813 0.356478 0.000010 0.001221
0.000010 0.000010 0.000010 0.000010 0.000010 0.000010 0.000010 0.999890 0.000010 0.000010 0.000010 0.000010
0.000010 0.000010 0.000010 0.000010 0.000010 0.000010 0.000010 0.999890 0.000010 0.000010 0.000010 0.000010
0.000010 0.000010 0.000010 0.000010 0.000010 0.000010 0.000010 0.837105 0.143857 0.000010 0.000010 0.018947
0.000010 0.000010 0.000010 0.000010 0.000010 0.000010 0.000010 0.999890 0.000010 0.000010 0.000010 0.000010
0.012475 0.000010 0.066186 0.047988 0.516179 0.047372 0.000010 0.011004 0.012639 0.145878 0.000010 0.140250
0.000010 0.000010 0.085710 0.067832 0.000010 0.038950 0.000010 0.432427 0.000010 0.375009 0.000010 0.000010
0.000010 0.000010 0.000010 0.000010 0.000010 0.000010 0.000010 0.999890 0.000010 0.000010 0.000010 0.000010
0.000010 0.000010 0.000010 0.061651 0.000010 0.762377 0.000010 0.000010 0.000010 0.175881 0.000010 0.000010
0.000010 0.000010 0.000010 0.000010 0.000010 0.999890 0.000010 0.000010 0.000010 0.000010 0.000010 0.000010
0.000010 0.000010 0.000010 0.000010 0.000010 0.999890 0.000010 0.000010 0.000010 0.000010 0.000010 0.000010
0.000010 0.000010 0.000010 0.000010 0.000010 0.000010 0.000010 0.999890 0.000010 0.000010 0.000010 0.000010
0.000010 0.000010 0.000010 0.000010 0.000010 0.000010 0.000010 0.999890 0.000010 0.000010 0.000010 0.000010
0.176761 0.000010 0.000010 0.005634 0.338004 0.000010 0.148112 0.089337 0.026544 0.075005 0.000010 0.140563
0.250613 0.019034 0.000010 0.012836 0.289107 0.000010 0.131458 0.049900 0.000010 0.084836 0.000010 0.162176
0.064079 0.022980 0.000010 0.000010 0.008323 0.367533 0.062984 0.264246 0.000010 0.060124 0.024718 0.124984
0.000010 0.000010 0.000010 0.000010 0.032047 0.000010 0.000010 0.000010 0.000010 0.476888 0.490975 0.000010
0.119969 0.000010 0.000010 0.003352 0.655035 0.037314 0.026654 0.087508 0.014845 0.000010 0.000010 0.055284
0.000010 0.000010 0.086797 0.101166 0.000010 0.397844 0.000010 0.343939 0.000010 0.000010 0.000010 0.070184
0.038628 0.056751 0.000010 0.000010 0.000010 0.000010 0.000010 0.000010 0.000010 0.000010 0.888216 0.016326
0.553819 0.009074 0.000010 0.000010 0.000010 0.000010 0.192419 0.019823 0.000010 0.000010 0.224795 0.000010
0.890837 0.000010 0.018999 0.009480 0.004953 0.000010 0.049778 0.025893 0.000010 0.000010 0.000010 0.000010
0.012828 0.080140 0.000010 0.000010 0.000010 0.000010 0.140560 0.000010 0.000010 0.000010 0.766393 0.000010
0.000010 0.042473 0.000010 0.004162 0.000010 0.017238 0.915758 0.000010 0.000010 0.000010 0.000010 0.020299
0.356715 0.000010 0.000010 0.000010 0.033820 0.000010 0.049961 0.003034 0.000010 0.013847 0.542563 0.000010
0.545672 0.052986 0.000010 0.000010 0.000010 0.000010 0.009569 0.000010 0.000010 0.000010 0.391694 0.000010
0.955780 0.009490 0.000010 0.018332 0.000010 0.000010 0.008838 0.000010 0.000010 0.000010 0.000010 0.007489
0.000010 0.000010 0.000010 0.999890 0.000010 0.000010 0.000010 0.000010 0.000010 0.000010 0.000010 0.000010
0.999890 0.000010 0.000010 0.000010 0.000010 0.000010 0.000010 0.000010 0.000010 0.000010 0.000010 0.000010
0.000010 0.000010 0.000010 0.874687 0.000010 0.000010 0.000010 0.125213 0.000010 0.000010 0.000010 0.000010
0.999890 0.000010 0.000010 0.000010 0.000010 0.000010 0.000010 0.000010 0.000010 0.000010 0.000010 0.000010
0.000010 0.000010 0.000010 0.000010 0.000010 0.000010 0.000010 0.000010 0.999890 0.000010 0.000010 0.000010
0.000010 0.000010 0.061240 0.021413 0.000010 0.000010 0.000010 0.015906 0.894055 0.000010 0.000010 0.007316
0.000010 0.000010 0.000010 0.000010 0.000010 0.000010 0.000010 0.000010 0.999890 0.000010 0.000010 0.000010
0.000010 0.151940 0.000010 0.414108 0.000010 0.330885 0.000010 0.084135 0.000010 0.018862 0.000010 0.000010
0.000010 0.099479 0.000010 0.000010 0.017392 0.000010 0.012532 0.016352 0.006765 0.000010 0.847420 0.000010
0.000010 0.000010 0.000010 0.285920 0.000010 0.000010 0.000010 0.713980 0.000010 0.000010 0.000010 0.000010
0.131744 0.074448 0.000010 0.000010 0.000010 0.000010 0.190526 0.000010 0.000010 0.000010 0.603202 0.000010
0.031410 0.000010 0.000010 0.006807 0.012468 0.000010 0.522894 0.000010 0.004120 0.000010 0.422241 0.000010
0.000010 0.019880 0.000010 0.000010 0.000010 0.000010 0.022339 0.000010 0.000010 0.000010 0.957691 0.000010
0.000010 0.000010 0.226051 0.000010 0.000010 0.000010 0.000010 0.000010 0.773849 0.000010 0.000010 0.000010
0.000010 0.000010 0.357798 0.000010 0.000010 0.000010 0.000010 0.000010 0.642102 0.000010 0.000010 0.000010
0.027367 0.094737 0.008977 0.074174 0.000010 0.023938 0.000010 0.000010 0.024286 0.357052 0.389429 0.000010
0.000010 0.000010 0.000010 0.000010 0.000010 0.000010 0.999890 0.000010 0.000010 0.000010 0.000010 0.000010
0.000010 0.005269 0.000010 0.000010 0.000010 0.000010 0.000010 0.000010 0.000010 0.000010 0.994631 0.000010
0.000010 0.000010 0.000010 0.013189 0.000010 0.000010 0.951656 0.031116 0.000010 0.000010 0.000010 0.003959
0.000010 0.000010 0.000010 0.000010 0.009310 0.000010 0.990590 0.000010 0.000010 0.000010 0.000010 0.000010
0.000010 0.072846 0.000010 0.000010 0.000010 0.024130 0.000010 0.000010 0.000010 0.000010 0.902933 0.000010
0.000010 0.000010 0.000010 0.000010 0.000010 0.000010 0.999890 0.000010 0.000010 0.000010 0.000010 0.000010
0.000010 0.000010 0.000010 0.017864 0.000010 0.000010 0.000010 0.000010 0.000010 0.982036 0.000010 0.000010
0.000010 0.000010 0.000010 0.000010 0.000010 0.000010 0.000010 0.000010 0.000010 0.999890 0.000010 0.000010
0.999890 0.000010 0.000010 0.000010 0.000010 0.000010 0.000010 0.000010 0.000010 0.000010 0.000010 0.000010
0.000010 0.000010 0.000010 0.000010 0.000010 0.000010 0.000010 0.000010 0.000010 0.000010 0.999890 0.000010
0.000010 0.000010 0.000010 0.000010 0.000010 0.000010 0.000010 0.000010 0.018601 0.000010 0.981299 0.000010
0.999890 0.000010 0.000010 0.000010 0.000010 0.000010 0.000010 0.000010 0.000010 0.000010 0.000010 0.000010
0.000010 0.000010 0.000010 0.000010 0.000010 0.000010 0.999890 0.000010 0.000010 0.000010 0.000010 0.000010
0.977454 0.000010 0.000010 0.000010 0.000010 0.000010 0.000010 0.000010 0.000010 0.000010 0.000010 0.022446
0.999890 0.000010 0.000010 0.000010 0.000010 0.000010 0.000010 0.000010 0.000010 0.000010 0.000010 0.000010
0.489588 0.000010 0.000010 0.000010 0.000010 0.000010 0.510312 0.000010 0.000010 0.000010 0.000010 0.000010
0.395923 0.000010 0.000010 0.000010 0.024058 0.000010 0.544757 0.000010 0.000010 0.000010 0.035182 0.000010
0.947453 0.000010 0.000010 0.000010 0.000010 0.000010 0.000010 0.005168 0.000010 0.000010 0.000010 0.047289
0.000010 0.025608 0.000010 0.000010 0.000010 0.000010 0.000010 0.000010 0.000010 0.000010 0.974292 0.000010
0.999890 0.000010 0.000010 0.000010 0.000010 0.000010 0.000010 0.000010 0.000010 0.000010 0.000010 0.000010
0.000010 0.000010 0.534221 0.000010 0.000010 0.000010 0.000010 0.000010 0.465679 0.000010 0.000010 0.000010
0.000010 0.000010 0.512585 0.000010 0.000010 0.000010 0.000010 0.000010 0.487315 0.000010 0.000010 0.000010
0.000010 0.000010 0.515283 0.003001 0.000010 0.000010 0.000010 0.000010 0.481626 0.000010 0.000010 0.000010
0.000010 0.000010 0.553738 0.000010 0.000010 0.000010 0.000010 0.000010 0.446162 0.000010 0.000010 0.000010
