0.000010 0.000010 0.000010 0.000010 0.000010 0.000010 0.014169 0.000010 0.000010 0.000010 0.985731 0.000010
0.000010 0.000010 0.000010 0.000010 0.000010 0.028848 0.000010 0.000010 0.000010 0.000010 0.971052 0.000010
0.000010 0.000010 0.000010 0.000010 0.000010 0.000010 0.000010 0.000010 0.000010 0.000010 0.999890 0.000010
0.000010 0.000010 0.011915 0.000010 0.000010 0.000010 0.000010 0.007564 0.000010 0.000010 0.980432 0.000010
0.000010 0.032160 0.000010 0.000010 0.000010 0.000010 0.000010 0.000010 0.000010 0.000010 0.967740 0.000010
0.000010 0.000010 0.000010 0.000010 0.000010 0.000010 0.000010 0.000010 0.000010 0.000010 0.999890 0.000010
0.000010 0.000010 0.000010 0.000010 0.000010 0.000010 0.035744 0.000010 0.000010 0.000010 0.964156 0.000010
0.000010 0.000010 0.000010 0.000010 0.054851 0.012494 0.879631 0.001680 0.000010 0.003841 0.000010 0.047444
0.000010 0.999890 0.000010 0.000010 0.000010 0.000010 0.000010 0.000010 0.000010 0.000010 0.000010 0.000010
0.000010 0.053775 0.000010 0.005895 0.092879 0.111201 0.385390 0.042005 0.000010 0.000010 0.000010 0.308805
0.000010 0.999881 0.000010 0.000010 0.000010 0.000019 0.000010 0.000010 0.000010 0.000010 0.000010 0.000010
0.000010 0.000010 0.000010 0.000010 0.000010 0.000010 0.000010 0.000010 0.999890 0.000010 0.000010 0.000010
0.000010 0.000010 0.000010 0.000010 0.000010 0.000010 0.000010 0.000010 0.999890 0.000010 0.000010 0.000010
0.000010 0.000010 0.000014 0.928556 0.071340 0.000010 0.000010 0.000010 0.000010 0.000010 0.000010 0.000010
0.000010 0.000010 0.000010 0.000010 0.000010 0.000010 0.000010 0.000010 0.999890 0.000010 0.000010 0.000010
0.000010 0.000010 0.000010 0.000010 0.000010 0.000010 0.000010 0.000010 0.999890 0.000010 0.000010 0.000010
0.000010 0.000010 0.000010 0.028407 0.000010 0.032910 0.030943 0.758968 0.001316 0.000010 0.000010 0.147396
0.000010 0.000010 0.000010 0.000010 0.000010 0.000010 0.000010 0.000010 0.999890 0.000010 0.000010 0.000010
0.006257 0.000010 0.000010 0.022667 0.037978 0.029583 0.017752 0.665327 0.000010 0.000010 0.000010 0.220385
0.000010 0.000010 0.000010 0.999890 0.000010 0.000010 0.000010 0.000010 0.000010 0.000010 0.000010 0.000010
0.000010 0.000010 0.004479 0.017739 0.001711 0.000010 0.000010 0.000010 0.000010 0.000010 0.975991 0.000010
0.000010 0.000010 0.000010 0.000010 0.000010 0.000010 0.000010 0.000010 0.999890 0.000010 0.000010 0.000010
0.000010 0.000010 0.000010 0.000010 0.000010 0.000010 0.000010 0.000010 0.999890 0.000010 0.000010 0.000010
0.000010 0.000010 0.000010 0.000010 0.000010 0.000010 0.000010 0.000010 0.000010 0.000010 0.999890 0.000010
0.001900 0.000010 0.007938 0.021767 0.030268 0.017870 0.061324 0.657807 0.030124 0.000010 0.000010 0.170972
0.000010 0.464154 0.000010 0.000010 0.000010 0.156146 0.000010 0.000010 0.000010 0.000010 0.000010 0.379610
0.000010 0.043245 0.000010 0.002397 0.000010 0.000010 0.000010 0.030109 0.000010 0.007008 0.917171 0.000010
0.004065 0.011584 0.000010 0.000010 0.000010 0.012207 0.026018 0.045525 0.000010 0.000010 0.900542 0.000010
0.000010 0.999890 0.000010 0.000010 0.000010 0.000010 0.000010 0.000010 0.000010 0.000010 0.000010 0.000010
0.000010 0.999890 0.000010 0.000010 0.000010 0.000010 0.000010 0.000010 0.000010 0.000010 0.000010 0.000010
0.000010 0.000010 0.000010 0.000010 0.000010 0.000010 0.000010 0.000010 0.999890 0.000010 0.000010 0.000010
0.000010 0.486117 0.000010 0.003798 0.000010 0.047478 0.069457 0.276754 0.000010 0.020364 0.000010 0.095981
0.999890 0.000010 0.000010 0.000010 0.000010 0.000010 0.000010 0.000010 0.000010 0.000010 0.000010 0.000010
0.000010 0.000010 0.000010 0.000010 0.000010 0.000010 0.000010 0.000010 0.999890 0.000010 0.000010 0.000010
0.000010 0.000010 0.000010 0.000010 0.000010 0.000010 0.000010 0.000010 0.000010 0.999890 0.000010 0.000010
0.000010 0.000010 0.000010 0.000010 0.000010 0.000010 0.000010 0.000010 0.999890 0.000010 0.000010 0.000010
0.000010 0.000010 0.000010 0.000010 0.000010 0.000010 0.000010 0.000010 0.999890 0.000010 0.000010 0.000010
0.000010 0.000010 0.000010 0.000010 0.000010 0.000010 0.000010 0.000010 0.000010 0.000010 0.000010 0.999890
0.000010 0.060821 0.002939 0.012398 0.000010 0.003588 0.000012 0.024412 0.000010 0.000010 0.895780 0.000010
0.000010 0.000010 0.000010 0.000010 0.000010 0.000010 0.023365 0.000010 0.015267 0.008482 0.952806 0.000010
0.000010 0.000010 0.000010 0.002664 0.000010 0.000010 0.000010 0.000010 0.000010 0.000010 0.997236 0.000010
0.000010 0.000010 0.000010 0.000010 0.000010 0.028812 0.000010 0.040813 0.000010 0.000010 0.922471 0.007823
0.019650 0.051772 0.000010 0.005671 0.000010 0.005411 0.000010 0.011277 0.000015 0.000010 0.906155 0.000010
0.000010 0.000010 0.000329 0.000010 0.000010 0.000010 0.055906 0.000010 0.000010 0.000010 0.943674 0.000010
0.000010 0.000010 0.000010 0.006122 0.000010 0.041653 0.000010 0.423852 0.017318 0.000010 0.501717 0.009278
0.000010 0.000010 0.000010 0.000010 0.000010 0.000010 0.000010 0.000010 0.999890 0.000010 0.000010 0.000010
0.013499 0.000010 0.000010 0.000010 0.000010 0.000010 0.000010 0.000010 0.986401 0.000010 0.000010 0.000010
0.029992 0.000010 0.010196 0.000010 0.000010 0.000010 0.000010 0.000010 0.959326 0.000406 0.000010 0.000010
0.000010 0.000010 0.000010 0.000010 0.000010 0.000010 0.000010 0.000010 0.999890 0.000010 0.000010 0.000010
0.000010 0.000010 0.010436 0.000010 0.000010 0.000010 0.000010 0.000010 0.989464 0.000010 0.000010 0.000010
0.000010 0.000010 0.000010 0.022671 0.017077 0.000010 0.000010 0.000010 0.959260 0.000911 0.000010 0.000010
0.000010 0.000010 0.005401 0.026935 0.000010 0.000010 0.000010 0.000010 0.967574 0.000010 0.000010 0.000010
0.000010 0.000010 0.000010 0.000010 0.000010 0.000010 0.000010 0.000010 0.000010 0.000010 0.999890 0.000010
0.199323 0.198367 0.048539 0.095691 0.023414 0.011392 0.052694 0.000010 0.032409 0.035827 0.131484 0.170851
0.000010 0.000010 0.000010 0.000010 0.000010 0.000010 0.000010 0.000010 0.000010 0.000010 0.999890 0.000010
0.005087 0.000347 0.011298 0.000010 0.000010 0.000010 0.000010 0.000010 0.000010 0.000010 0.983189 0.000010
0.000010 0.071099 0.000010 0.000010 0.000010 0.000010 0.000500 0.036663 0.000010 0.000010 0.891658 0.000010
0.000010 0.000010 0.000010 0.000010 0.000010 0.000010 0.000010 0.000010 0.000010 0.003154 0.996746 0.000010
0.000010 0.000010 0.000010 0.004263 0.000010 0.000010 0.000010 0.000010 0.995637 0.000010 0.000010 0.000010
0.000010 0.000010 0.000010 0.000010 0.000010 0.000010 0.000010 0.000010 0.999890 0.000010 0.000010 0.000010
0.000010 0.000010 0.019499 0.067380 0.006686 0.000010 0.000010 0.000010 0.906355 0.000010 0.000010 0.000010
0.000010 0.000010 0.000010 0.000010 0.000010 0.000010 0.000010 0.000010 0.999890 0.000010 0.000010 0.000010
0.999890 0.000010 0.000010 0.000010 0.000010 0.000010 0.000010 0.000010 0.000010 0.000010 0.000010 0.000010
0.000010 0.000010 0.000010 0.000010 0.000010 0.000010 0.000010 0.000010 0.000010 0.000010 0.999890 0.000010
0.000010 0.000010 0.000010 0.000010 0.000010 0.000010 0.000010 0.000010 0.000010 0.000010 0.999890 0.000010
0.088671 0.288592 0.044677 0.037774 0.020252 0.000010 0.133512 0.000010 0.036640 0.038133 0.126777 0.184952
0.116828 0.000010 0.000010 0.003940 0.003110 0.000010 0.000010 0.000010 0.000010 0.876042 0.000010 0.000010
0.000010 0.000010 0.000010 0.308203 0.691697 0.000010 0.000010 0.000010 0.000010 0.000010 0.000010 0.000010
0.000010 0.000010 0.000095 0.047540 0.012111 0.000010 0.000010 0.000010 0.940174 0.000010 0.000010 0.000010
0.000010 0.000010 0.000010 0.073016 0.000010 0.000010 0.000010 0.000010 0.926884 0.000010 0.000010 0.000010
0.000010 0.000010 0.000010 0.000010 0.000010 0.000010 0.042491 0.957409 0.000010 0.000010 0.000010 0.000010
0.000010 0.000010 0.009579 0.007730 0.000010 0.000010 0.000010 0.000010 0.982601 0.000010 0.000010 0.000010
0.000010 0.000010 0.000010 0.000010 0.000010 0.000010 0.000010 0.000010 0.999890 0.000010 0.000010 0.000010
0.000010 0.000010 0.000010 0.000010 0.000010 0.000010 0.000010 0.000010 0.999890 0.000010 0.000010 0.000010
0.532114 0.000010 0.000010 0.000010 0.010292 0.000010 0.441710 0.000010 0.000010 0.015804 0.000010 0.000010
0.266680 0.000010 0.000010 0.000010 0.108659 0.000010 0.000010 0.000010 0.000010 0.624571 0.000010 0.000010
0.000010 0.000010 0.000010 0.000010 0.000010 0.000010 0.999890 0.000010 0.000010 0.000010 0.000010 0.000010
0.000010 0.999890 0.000010 0.000010 0.000010 0.000010 0.000010 0.000010 0.000010 0.000010 0.000010 0.000010
0.000010 0.000010 0.000010 0.000010 0.000010 0.000010 0.999890 0.000010 0.000010 0.000010 0.000010 0.000010
0.502006 0.057104 0.046623 0.000010 0.000010 0.000010 0.000010 0.000010 0.000010 0.387723 0.000010 0.006474
0.000010 0.000010 0.000010 0.000010 0.000010 0.000010 0.999890 0.000010 0.000010 0.000010 0.000010 0.000010
0.178799 0.262154 0.000010 0.000010 0.034861 0.000010 0.000010 0.000010 0.000010 0.524106 0.000010 0.000010
0.000010 0.000010 0.000010 0.000010 0.000010 0.000010 0.000010 0.000010 0.999890 0.000010 0.000010 0.000010
0.000010 0.000010 0.000010 0.000010 0.000010 0.000010 0.000010 0.000010 0.999890 0.000010 0.000010 0.000010
0.000010 0.000010 0.010534 0.000010 0.000010 0.000010 0.000010 0.000010 0.989366 0.000010 0.000010 0.000010
0.000010 0.000010 0.000010 0.000010 0.000010 0.000010 0.999890 0.000010 0.000010 0.000010 0.000010 0.000010
0.000010 0.000010 0.000010 0.000010 0.000010 0.000010 0.000010 0.000010 0.999890 0.000010 0.000010 0.000010
0.000010 0.000010 0.002334 0.000010 0.000010 0.029293 0.014186 0.797020 0.000010 0.000010 0.067975 0.089133
0.000010 0.000010 0.000010 0.002975 0.000010 0.000010 0.000010 0.000010 0.996925 0.000010 0.000010 0.000010
0.000010 0.000010 0.000010 0.000010 0.089672 0.000010 0.841070 0.000010 0.000010 0.000010 0.000010 0.069169
0.000010 0.000010 0.000010 0.000010 0.000010 0.000010 0.999890 0.000010 0.000010 0.000010 0.000010 0.000010
0.000010 0.000010 0.000010 0.000010 0.024890 0.000010 0.888505 0.069113 0.017412 0.000010 0.000010 0.000010
0.845049 0.125212 0.029649 0.000010 0.000010 0.000010 0.000010 0.000010 0.000010 0.000010 0.000010 0.000010
0.000010 0.999890 0.000010 0.000010 0.000010 0.000010 0.000010 0.000010 0.000010 0.000010 0.000010 0.000010
0.000010 0.000010 0.000010 0.000010 0.000010 0.000010 0.000010 0.000010 0.999890 0.000010 0.000010 0.000010
0.000010 0.000010 0.000010 0.038700 0.000010 0.000010 0.000010 0.000010 0.961200 0.000010 0.000010 0.000010
0.012025 0.750771 0.005830 0.000010 0.000010 0.017684 0.086948 0.000010 0.000010 0.006582 0.120110 0.000010
0.000010 0.074745 0.000010 0.010191 0.008662 0.005173 0.000010 0.749190 0.000010 0.000010 0.000010 0.151979
0.000010 0.545351 0.000010 0.000010 0.000010 0.000010 0.454549 0.000010 0.000010 0.000010 0.000010 0.000010
0.449969 0.010127 0.000010 0.478578 0.034464 0.004737 0.000010 0.022065 0.000010 0.000010 0.000010 0.000010
0.036410 0.000010 0.011104 0.003767 0.024601 0.000010 0.000010 0.000010 0.909965 0.014094 0.000010 0.000010
0.000010 0.000010 0.999890 0.000010 0.000010 0.000010 0.000010 0.000010 0.000010 0.000010 0.000010 0.000010
0.000010 0.462712 0.000010 0.000010 0.000010 0.000010 0.053084 0.444963 0.029051 0.000010 0.010120 0.000010
0.000010 0.000010 0.000010 0.000010 0.000010 0.000010 0.000010 0.484584 0.000010 0.000010 0.501687 0.013639
0.000010 0.000010 0.000010 0.000010 0.000010 0.000010 0.000010 0.999890 0.000010 0.000010 0.000010 0.000010
0.000010 0.620908 0.000010 0.000010 0.000010 0.030119 0.000010 0.279443 0.000010 0.000010 0.046106 0.023354
0.000010 0.497659 0.025632 0.016397 0.000010 0.000010 0.060371 0.399870 0.000010 0.000010 0.000010 0.000010
0.000010 0.519366 0.000010 0.000010 0.000010 0.000010 0.000010 0.465534 0.000010 0.000010 0.000010 0.015010
0.000010 0.082682 0.000010 0.022710 0.000010 0.000010 0.000010 0.871572 0.000010 0.000010 0.000010 0.022956
0.000010 0.000010 0.026209 0.036067 0.029784 0.033635 0.158666 0.041284 0.033988 0.551576 0.009537 0.079234
0.172785 0.708384 0.068178 0.000010 0.000010 0.000010 0.000010 0.000010 0.000010 0.000010 0.050573 0.000010
0.000010 0.000010 0.000010 0.533518 0.000010 0.000010 0.278845 0.000010 0.012775 0.174782 0.000010 0.000010
0.348144 0.000010 0.000010 0.101864 0.000010 0.000010 0.000010 0.000010 0.000010 0.549902 0.000010 0.000010
0.000010 0.364746 0.000010 0.000010 0.000010 0.000010 0.594324 0.000010 0.025640 0.015210 0.000010 0.000010
0.000010 0.000010 0.000010 0.000010 0.000010 0.000012 0.537618 0.000010 0.000010 0.000010 0.462280 0.000010
0.116486 0.000010 0.018050 0.034719 0.032000 0.306986 0.000010 0.000010 0.036935 0.351491 0.000010 0.103294
0.000010 0.054624 0.004809 0.020475 0.024842 0.321622 0.000010 0.000010 0.007623 0.000010 0.000010 0.565953
0.000010 0.000010 0.000010 0.030101 0.000010 0.310090 0.000010 0.000010 0.000010 0.000010 0.000010 0.659719
0.000010 0.145876 0.000010 0.261642 0.000010 0.000010 0.136520 0.017559 0.016262 0.236537 0.167222 0.018342
0.000010 0.000010 0.000010 0.000010 0.050532 0.341393 0.000010 0.000010 0.000010 0.000010 0.000010 0.607985
0.000010 0.472868 0.000010 0.011075 0.000010 0.152201 0.027810 0.000010 0.000010 0.017927 0.000010 0.318059
0.000010 0.000010 0.000010 0.023375 0.063222 0.382583 0.000010 0.000010 0.000010 0.000010 0.000010 0.530740
0.060301 0.000010 0.030375 0.000010 0.017704 0.074855 0.000010 0.200876 0.015459 0.128704 0.000010 0.471685
0.464292 0.315797 0.195853 0.000010 0.000010 0.000010 0.000010 0.000010 0.000010 0.000010 0.023978 0.000010
0.000010 0.108862 0.017528 0.000010 0.004122 0.009113 0.010310 0.060514 0.005988 0.000010 0.758900 0.024634
0.000010 0.407961 0.007219 0.000010 0.000010 0.000010 0.163704 0.064033 0.000010 0.000010 0.357013 0.000010
0.036493 0.000010 0.000010 0.000010 0.000010 0.047429 0.434566 0.000010 0.000010 0.000010 0.000010 0.481433
0.000010 0.587420 0.000010 0.000010 0.000010 0.000010 0.412480 0.000010 0.000010 0.000010 0.000010 0.000010
0.000010 0.000010 0.000010 0.000010 0.000010 0.000010 0.999890 0.000010 0.000010 0.000010 0.000010 0.000010
0.000010 0.540838 0.000010 0.000010 0.000010 0.014030 0.441145 0.000010 0.000010 0.000010 0.000010 0.003908
0.000010 0.083453 0.000010 0.000010 0.000010 0.000010 0.279599 0.040988 0.000010 0.004155 0.000010 0.591735
0.000010 0.310320 0.000010 0.009462 0.000010 0.037476 0.639784 0.000010 0.000010 0.002888 0.000010 0.000010
0.000010 0.112963 0.000010 0.000010 0.026107 0.000010 0.324934 0.000010 0.000010 0.014676 0.000010 0.521250
0.000010 0.000010 0.000012 0.731480 0.000010 0.000010 0.000010 0.000010 0.000010 0.268418 0.000010 0.000010
0.096498 0.063998 0.009843 0.365783 0.000010 0.000010 0.000010 0.008672 0.000010 0.455146 0.000010 0.000010
0.000010 0.027711 0.000010 0.237414 0.000010 0.000010 0.405455 0.000010 0.000010 0.291852 0.029705 0.007803
0.000010 0.000010 0.999890 0.000010 0.000010 0.000010 0.000010 0.000010 0.000010 0.000010 0.000010 0.000010
0.229818 0.119025 0.032885 0.376841 0.050578 0.044181 0.008708 0.061955 0.033707 0.029801 0.004329 0.008173
0.000010 0.000010 0.000010 0.412046 0.023901 0.000010 0.000010 0.000010 0.011626 0.000010 0.497061 0.055297
0.000010 0.000010 0.000010 0.000010 0.019327 0.000010 0.000010 0.000010 0.000010 0.000010 0.000010 0.980573
0.346809 0.068840 0.000010 0.521691 0.000010 0.018688 0.025238 0.018285 0.000399 0.000010 0.000010 0.000010
0.000010 0.002357 0.000869 0.000010 0.090584 0.000010 0.000010 0.000010 0.010393 0.000010 0.000010 0.895728
0.000010 0.000010 0.000010 0.999890 0.000010 0.000010 0.000010 0.000010 0.000010 0.000010 0.000010 0.000010
0.000010 0.000010 0.000010 0.999890 0.000010 0.000010 0.000010 0.000010 0.000010 0.000010 0.000010 0.000010
0.000010 0.000010 0.000010 0.000010 0.038391 0.000010 0.000010 0.501239 0.000010 0.000010 0.000010 0.460280
0.000010 0.000010 0.000010 0.000010 0.000010 0.026587 0.000010 0.000010 0.000010 0.000010 0.000010 0.973313
0.061216 0.000010 0.000010 0.000010 0.218152 0.000010 0.330755 0.021663 0.000010 0.353891 0.000010 0.014262
0.381325 0.000010 0.017045 0.508325 0.000010 0.000010 0.000010 0.000010 0.024141 0.061185 0.000010 0.007918
0.000010 0.000010 0.000010 0.000010 0.000010 0.000010 0.000010 0.000010 0.000010 0.000010 0.000010 0.999890
0.000010 0.000010 0.000010 0.000010 0.000010 0.000010 0.000010 0.000010 0.000010 0.000010 0.000010 0.999890
0.000010 0.000010 0.000010 0.002181 0.000010 0.104574 0.000010 0.000010 0.000010 0.018974 0.000010 0.874191
0.000010 0.000010 0.000010 0.535463 0.000010 0.000010 0.277483 0.000010 0.000010 0.186964 0.000010 0.000010
0.000010 0.000010 0.000010 0.000010 0.000010 0.006899 0.000010 0.000010 0.000010 0.010953 0.000010 0.982058
0.000010 0.000010 0.000010 0.000010 0.000010 0.000010 0.000010 0.000010 0.000010 0.000010 0.000010 0.999890
0.000010 0.055884 0.000010 0.005753 0.022696 0.222631 0.000010 0.026410 0.000010 0.014195 0.000010 0.652382
0.000010 0.034719 0.026659 0.010053 0.000010 0.000010 0.090463 0.023526 0.001893 0.000010 0.812638 0.000010
0.000010 0.092441 0.000010 0.043172 0.085951 0.203911 0.083971 0.018457 0.000010 0.000010 0.000010 0.472046
0.000010 0.000010 0.000010 0.000010 0.999890 0.000010 0.000010 0.000010 0.000010 0.000010 0.000010 0.000010
0.000010 0.000010 0.000010 0.000010 0.000010 0.000010 0.000010 0.068369 0.000010 0.000010 0.000010 0.931531
0.000010 0.000010 0.000010 0.000010 0.006879 0.000010 0.000010 0.017356 0.000010 0.000010 0.000010 0.975675
0.000010 0.000010 0.000010 0.000010 0.000010 0.000010 0.000010 0.000010 0.000010 0.000010 0.000010 0.999890
0.000010 0.000010 0.000010 0.999890 0.000010 0.000010 0.000010 0.000010 0.000010 0.000010 0.000010 0.000010
0.000010 0.000010 0.017978 0.016595 0.000010 0.000010 0.003642 0.000010 0.000010 0.000010 0.961705 0.000010
0.000010 0.000010 0.000010 0.000010 0.084247 0.017356 0.878312 0.010310 0.000010 0.000010 0.000010 0.009706
0.835734 0.000010 0.092213 0.000010 0.000010 0.000010 0.000010 0.000010 0.000010 0.071962 0.000010 0.000010
0.000010 0.416910 0.006189 0.439415 0.000010 0.035309 0.087772 0.000010 0.000010 0.014345 0.000010 0.000010
0.000010 0.000010 0.000010 0.146755 0.000010 0.000010 0.000017 0.000010 0.000010 0.853138 0.000010 0.000010
0.212880 0.000010 0.020873 0.000010 0.000010 0.000010 0.000010 0.000010 0.000010 0.766158 0.000010 0.000010
0.458386 0.282842 0.015566 0.243120 0.000015 0.000010 0.000010 0.000010 0.000010 0.000010 0.000010 0.000010
0.000010 0.000010 0.000010 0.000010 0.999890 0.000010 0.000010 0.000010 0.000010 0.000010 0.000010 0.000010
0.000010 0.000010 0.000010 0.358703 0.012564 0.000010 0.000010 0.000010 0.054755 0.546896 0.000010 0.027013
0.569773 0.305199 0.075682 0.002985 0.000010 0.037161 0.000010 0.009140 0.000010 0.000010 0.000010 0.000010
0.000010 0.001481 0.023963 0.000010 0.000010 0.034866 0.007806 0.000010 0.000010 0.000010 0.931814 0.000010
0.000043 0.020048 0.000010 0.000010 0.149932 0.000010 0.140979 0.000010 0.518920 0.170008 0.000020 0.000010
0.427140 0.000010 0.000010 0.134851 0.000010 0.000010 0.000010 0.000010 0.000010 0.437919 0.000010 0.000010
0.000010 0.000010 0.000010 0.999890 0.000010 0.000010 0.000010 0.000010 0.000010 0.000010 0.000010 0.000010
0.170715 0.000010 0.014177 0.231728 0.000010 0.000010 0.000010 0.000010 0.000010 0.583301 0.000010 0.000010
0.000010 0.000010 0.000010 0.970486 0.029414 0.000010 0.000010 0.000010 0.000010 0.000010 0.000010 0.000010
0.000010 0.000010 0.000010 0.000010 0.000010 0.000010 0.000010 0.000010 0.987694 0.012206 0.000010 0.000010
0.000010 0.000010 0.000010 0.506804 0.073406 0.000012 0.000010 0.000010 0.000010 0.419697 0.000010 0.000010
0.000010 0.000010 0.000010 0.542789 0.000010 0.000010 0.000010 0.000010 0.000010 0.457111 0.000010 0.000010
0.000010 0.000010 0.000010 0.694003 0.000010 0.000010 0.000010 0.000010 0.000010 0.305897 0.000010 0.000010
0.000010 0.000010 0.000010 0.010401 0.000010 0.000010 0.000010 0.000010 0.989499 0.000010 0.000010 0.000010
0.000010 0.000010 0.014619 0.201568 0.000010 0.000010 0.000010 0.000010 0.783724 0.000010 0.000010 0.000010
0.000010 0.000010 0.000010 0.000010 0.000010 0.000010 0.000010 0.000010 0.999890 0.000010 0.000010 0.000010
0.000010 0.000010 0.000010 0.039291 0.000010 0.000010 0.000010 0.000010 0.940087 0.020532 0.000010 0.000010
0.000010 0.000010 0.000010 0.003651 0.030950 0.000010 0.000010 0.000010 0.965309 0.000010 0.000010 0.000010
0.000010 0.000010 0.000010 0.017189 0.000010 0.000010 0.000010 0.000010 0.982711 0.000010 0.000010 0.000010
0.000010 0.000010 0.000010 0.000010 0.000010 0.000010 0.000010 0.000010 0.000010 0.000010 0.999890 0.000010
0.201524 0.000010 0.003840 0.067327 0.262309 0.000010 0.098447 0.000010 0.037302 0.009391 0.117419 0.202411
0.000010 0.069697 0.000010 0.000010 0.000010 0.000010 0.930203 0.000010 0.000010 0.000010 0.000010 0.000010
0.000010 0.000010 0.000010 0.000010 0.000010 0.000010 0.000010 0.000010 0.000010 0.000010 0.000010 0.999890
0.016613 0.000010 0.000010 0.457647 0.000010 0.000010 0.000010 0.000010 0.000010 0.525650 0.000010 0.000010
0.274416 0.000010 0.040483 0.000010 0.000010 0.000010 0.000010 0.000010 0.649734 0.035287 0.000010 0.000010
0.749605 0.000010 0.157233 0.000010 0.000010 0.000010 0.000010 0.000010 0.048520 0.044562 0.000010 0.000010
0.000010 0.999890 0.000010 0.000010 0.000010 0.000010 0.000010 0.000010 0.000010 0.000010 0.000010 0.000010
0.000010 0.999890 0.000010 0.000010 0.000010 0.000010 0.000010 0.000010 0.000010 0.000010 0.000010 0.000010
0.000010 0.000010 0.000010 0.000010 0.000010 0.999890 0.000010 0.000010 0.000010 0.000010 0.000010 0.000010
0.000010 0.000010 0.000010 0.000010 0.000010 0.999890 0.000010 0.000010 0.000010 0.000010 0.000010 0.000010
0.000010 0.607160 0.000010 0.027085 0.000010 0.000010 0.129455 0.051423 0.000010 0.000010 0.184807 0.000010
0.000010 0.000010 0.999873 0.000010 0.000011 0.000010 0.000010 0.000010 0.000017 0.000011 0.000018 0.000010
0.000010 0.000010 0.000010 0.018006 0.000010 0.000010 0.000010 0.000010 0.981894 0.000010 0.000010 0.000010
0.000010 0.000010 0.000010 0.139627 0.079118 0.129334 0.057356 0.023573 0.000010 0.328308 0.000010 0.242634
0.017587 0.114623 0.000010 0.000010 0.000010 0.000010 0.246601 0.000010 0.000010 0.000010 0.000010 0.621109
0.000010 0.285695 0.000010 0.000010 0.000010 0.010894 0.631752 0.020962 0.000010 0.000010 0.050627 0.000010
0.000010 0.259135 0.000010 0.000010 0.000010 0.000010 0.710152 0.000010 0.000010 0.000010 0.000010 0.030622
0.000010 0.000010 0.000010 0.999890 0.000010 0.000010 0.000010 0.000010 0.000010 0.000010 0.000010 0.000010
0.000010 0.523801 0.000010 0.000010 0.000010 0.000010 0.416222 0.000010 0.000012 0.000010 0.059886 0.000010
0.000010 0.999890 0.000010 0.000010 0.000010 0.000010 0.000010 0.000010 0.000010 0.000010 0.000010 0.000010
0.727141 0.000010 0.066051 0.000010 0.000010 0.000010 0.000010 0.000010 0.042803 0.146426 0.000010 0.017508
0.000010 0.000010 0.000010 0.000010 0.000010 0.999890 0.000010 0.000010 0.000010 0.000010 0.000010 0.000010
0.000010 0.000010 0.000010 0.000010 0.000010 0.999889 0.000011 0.000010 0.000010 0.000010 0.000010 0.000010
0.000010 0.000010 0.000010 0.000010 0.000010 0.999890 0.000010 0.000010 0.000010 0.000010 0.000010 0.000010
0.000010 0.000010 0.186921 0.000010 0.000010 0.603925 0.000010 0.000010 0.000010 0.000010 0.209064 0.000010
0.000010 0.000010 0.000010 0.000010 0.083583 0.000010 0.000010 0.000010 0.000010 0.916317 0.000010 0.000010
0.000010 0.000010 0.000010 0.999890 0.000010 0.000010 0.000010 0.000010 0.000010 0.000010 0.000010 0.000010
0.390832 0.000010 0.017421 0.431242 0.000010 0.000010 0.000010 0.000010 0.084930 0.055155 0.000010 0.020361
0.000010 0.000010 0.000010 0.999889 0.000011 0.000010 0.000010 0.000010 0.000010 0.000010 0.000010 0.000010
0.000010 0.000010 0.000010 0.999890 0.000010 0.000010 0.000010 0.000010 0.000010 0.000010 0.000010 0.000010
0.000010 0.000010 0.000010 0.826213 0.023101 0.000010 0.000010 0.000010 0.150596 0.000010 0.000010 0.000010
0.000010 0.000010 0.000010 0.999890 0.000010 0.000010 0.000010 0.000010 0.000010 0.000010 0.000010 0.000010
0.216334 0.000010 0.000010 0.000010 0.137737 0.500292 0.000010 0.003861 0.083902 0.057814 0.000010 0.000010
0.415401 0.000010 0.000010 0.397618 0.000010 0.000010 0.000010 0.000010 0.084704 0.072534 0.000010 0.029673
0.000010 0.000010 0.000010 0.999890 0.000010 0.000010 0.000010 0.000010 0.000010 0.000010 0.000010 0.000010
0.999890 0.000010 0.000010 0.000010 0.000010 0.000010 0.000010 0.000010 0.000010 0.000010 0.000010 0.000010
0.999890 0.000010 0.000010 0.000010 0.000010 0.000010 0.000010 0.000010 0.000010 0.000010 0.000010 0.000010
0.999887 0.000010 0.000010 0.000010 0.000010 0.000010 0.000013 0.000010 0.000010 0.000010 0.000010 0.000010
0.000010 0.000010 0.000010 0.999881 0.000010 0.000010 0.000019 0.000010 0.000010 0.000010 0.000010 0.000010
0.000010 0.000010 0.000010 0.999888 0.000010 0.000010 0.000010 0.000010 0.000012 0.000010 0.000010 0.000010
0.000010 0.004367 0.030097 0.076998 0.111466 0.174859 0.125685 0.000010 0.000010 0.002561 0.000010 0.473926
0.000010 0.069085 0.026632 0.008781 0.141650 0.119923 0.064640 0.000010 0.000010 0.004981 0.000010 0.564268
0.458695 0.000010 0.000010 0.239748 0.178716 0.000010 0.064190 0.048032 0.000010 0.000010 0.010560 0.000010
0.000010 0.000010 0.999890 0.000010 0.000010 0.000010 0.000010 0.000010 0.000010 0.000010 0.000010 0.000010
0.000010 0.016216 0.025411 0.073116 0.062115 0.514167 0.012456 0.000010 0.000010 0.000010 0.000010 0.296469
0.356565 0.000010 0.000010 0.367671 0.071214 0.000010 0.000010 0.000010 0.075082 0.129397 0.000010 0.000010
0.000010 0.053844 0.000010 0.000010 0.005789 0.000010 0.000010 0.047011 0.000010 0.000010 0.893276 0.000010
0.000010 0.008365 0.000015 0.023337 0.000010 0.007128 0.179760 0.561094 0.000010 0.000010 0.210517 0.009744
0.000010 0.000010 0.000010 0.028304 0.000010 0.000010 0.000010 0.932778 0.016327 0.022511 0.000010 0.000010
0.000010 0.073941 0.005218 0.000010 0.000010 0.000010 0.136107 0.017433 0.000010 0.000010 0.767231 0.000010
0.000010 0.044463 0.003125 0.000010 0.027860 0.000010 0.920466 0.000010 0.000010 0.004016 0.000010 0.000010
0.006973 0.000010 0.000010 0.000010 0.012132 0.037394 0.034389 0.340141 0.000010 0.000010 0.537049 0.031872
0.000010 0.037131 0.000010 0.000010 0.000010 0.000010 0.000014 0.563855 0.000010 0.000010 0.398920 0.000010
0.000010 0.000010 0.000010 0.000010 0.006225 0.000010 0.000010 0.848217 0.000010 0.014269 0.000010 0.131209
0.000010 0.000010 0.000010 0.000010 0.000010 0.000010 0.000010 0.000012 0.000010 0.999887 0.000010 0.000010
0.000010 0.000010 0.000010 0.000010 0.000010 0.000010 0.000010 0.999890 0.000010 0.000010 0.000010 0.000010
0.000010 0.000010 0.000010 0.124023 0.000010 0.000010 0.000010 0.000010 0.000010 0.875877 0.000010 0.000010
0.000010 0.000010 0.000010 0.000010 0.000010 0.000010 0.000010 0.999890 0.000010 0.000010 0.000010 0.000010
0.000010 0.000010 0.000010 0.000010 0.000010 0.000010 0.000010 0.000010 0.999890 0.000010 0.000010 0.000010
0.000010 0.000010 0.024225 0.021985 0.012611 0.000010 0.000010 0.000010 0.928899 0.012211 0.000010 0.000010
0.000010 0.000010 0.012930 0.000010 0.000010 0.000010 0.000010 0.000010 0.986970 0.000010 0.000010 0.000010
0.000010 0.000010 0.000010 0.000010 0.999890 0.000010 0.000010 0.000010 0.000010 0.000010 0.000010 0.000010
0.327734 0.155081 0.006366 0.089688 0.000010 0.000010 0.000010 0.000010 0.000010 0.421061 0.000010 0.000010
0.000010 0.097374 0.000010 0.019334 0.000010 0.024428 0.002057 0.000010 0.000010 0.000010 0.856736 0.000010
0.000010 0.000010 0.000010 0.713006 0.000010 0.000010 0.000010 0.000010 0.000016 0.286888 0.000010 0.000010
0.000010 0.078388 0.000010 0.000010 0.000010 0.000010 0.177526 0.142543 0.000010 0.000010 0.601463 0.000010
0.000010 0.000017 0.006947 0.003042 0.000010 0.004473 0.525444 0.042375 0.000010 0.001693 0.415969 0.000010
0.000010 0.018678 0.000010 0.000010 0.000010 0.000010 0.016378 0.000010 0.000010 0.000010 0.964853 0.000010
0.000010 0.000010 0.000010 0.000010 0.000010 0.000010 0.000010 0.000010 0.999890 0.000010 0.000010 0.000010
0.000010 0.000010 0.000010 0.000010 0.000010 0.000010 0.000010 0.000010 0.999890 0.000010 0.000010 0.000010
0.331097 0.074710 0.034993 0.000010 0.000010 0.000010 0.000010 0.000010 0.036517 0.081546 0.396917 0.044169
0.000010 0.000010 0.000010 0.000010 0.000010 0.000010 0.999890 0.000010 0.000010 0.000010 0.000010 0.000010
0.000010 0.000010 0.000010 0.000010 0.000010 0.000010 0.000010 0.000010 0.000010 0.000010 0.999890 0.000010
0.000010 0.000013 0.000010 0.033479 0.004579 0.000010 0.949711 0.000010 0.000010 0.012149 0.000010 0.000010
0.000010 0.000010 0.000010 0.000010 0.009660 0.001514 0.988737 0.000010 0.000010 0.000010 0.000010 0.000010
0.008508 0.075051 0.007149 0.000010 0.000010 0.000010 0.000010 0.000010 0.000010 0.000010 0.909212 0.000010
0.000010 0.000010 0.000010 0.000010 0.000010 0.000010 0.999890 0.000010 0.000010 0.000010 0.000010 0.000010
0.757155 0.000010 0.058053 0.000010 0.000010 0.000010 0.000010 0.000010 0.024092 0.160620 0.000010 0.000010
0.782952 0.000010 0.068533 0.000010 0.000010 0.000010 0.000010 0.000010 0.001516 0.146920 0.000010 0.000010
0.000010 0.000010 0.000010 0.000010 0.000010 0.000010 0.000010 0.999890 0.000010 0.000010 0.000010 0.000010
0.000010 0.000010 0.000010 0.000010 0.000010 0.000010 0.000010 0.000010 0.000010 0.000010 0.999890 0.000010
0.000010 0.003226 0.000010 0.001371 0.000010 0.000818 0.000010 0.000010 0.002180 0.000010 0.992334 0.000010
0.000010 0.000010 0.000010 0.000010 0.000010 0.000010 0.000010 0.999890 0.000010 0.000010 0.000010 0.000010
0.000010 0.000010 0.000010 0.000010 0.000010 0.000010 0.999890 0.000010 0.000010 0.000010 0.000010 0.000010
0.000010 0.000010 0.000010 0.000010 0.000010 0.000010 0.000010 0.999890 0.000010 0.000010 0.000010 0.000010
0.000010 0.000010 0.000010 0.000010 0.000010 0.000010 0.000010 0.999890 0.000010 0.000010 0.000010 0.000010
0.000010 0.000010 0.000010 0.000010 0.000010 0.000010 0.477666 0.522234 0.000010 0.000010 0.000010 0.000010
0.000010 0.000010 0.000010 0.000010 0.000010 0.045796 0.522603 0.397663 0.000010 0.000010 0.033858 0.000010
0.000010 0.000010 0.000010 0.000010 0.083858 0.000010 0.000010 0.916042 0.000010 0.000010 0.000010 0.000010
0.000010 0.021658 0.000010 0.000010 0.000010 0.000010 0.000010 0.000010 0.000010 0.000010 0.978242 0.000010
0.000010 0.000010 0.000010 0.000010 0.000010 0.000010 0.000010 0.999890 0.000010 0.000010 0.000010 0.000010
0.000010 0.000010 0.000010 0.000010 0.000010 0.000010 0.000010 0.000010 0.999890 0.000010 0.000010 0.000010
0.000010 0.000010 0.000010 0.000010 0.000010 0.000010 0.000010 0.000010 0.999890 0.000010 0.000010 0.000010
0.000010 0.000010 0.000010 0.000010 0.000010 0.000010 0.000010 0.000010 0.992766 0.007134 0.000010 0.000010
0.000010 0.000010 0.000010 0.000010 0.000010 0.000010 0.000010 0.000010 0.999890 0.000010 0.000010 0.000010
