0.012168 0.000010 0.000010 0.000010 0.000010 0.000010 0.000010 0.000010 0.000010 0.000010 0.987712 0.000010 0.000010 0.000010
0.000010 0.000010 0.000010 0.000010 0.000011 0.000010 0.000010 0.000010 0.000010 0.000010 0.972533 0.027346 0.000010 0.000010
0.000010 0.000010 0.000010 0.000010 0.000010 0.000010 0.000010 0.000010 0.000010 0.000010 0.999870 0.000010 0.000010 0.000010
0.000012 0.000010 0.000010 0.006074 0.000010 0.010693 0.000010 0.000010 0.002195 0.000010 0.979640 0.000010 0.001306 0.000010
0.000010 0.033709 0.000010 0.000010 0.000010 0.000010 0.000010 0.000010 0.000010 0.000010 0.966171 0.000010 0.000010 0.000010
0.000010 0.000010 0.000010 0.000010 0.000010 0.000010 0.000010 0.000010 0.000010 0.000010 0.999867 0.000010 0.000013 0.000010
0.035157 0.000010 0.000010 0.000010 0.000010 0.000010 0.000010 0.000010 0.000010 0.000010 0.964723 0.000010 0.000010 0.000010
0.872217 0.000010 0.047150 0.000010 0.001329 0.000010 0.000010 0.019449 0.042513 0.000010 0.000010 0.017263 0.000010 0.000010
0.000010 0.999870 0.000010 0.000010 0.000010 0.000010 0.000010 0.000010 0.000010 0.000010 0.000010 0.000010 0.000010 0.000010
0.392091 0.051356 0.333469 0.000010 0.000010 0.000010 0.000010 0.000010 0.051142 0.000010 0.000010 0.105088 0.039997 0.026787
0.000010 0.999865 0.000010 0.000010 0.000010 0.000010 0.000010 0.000010 0.000010 0.000015 0.000010 0.000010 0.000010 0.000010
0.000010 0.000010 0.000010 0.000010 0.000010 0.000010 0.000010 0.602245 0.000010 0.397635 0.000010 0.000010 0.000010 0.000010
0.000010 0.000010 0.000010 0.000010 0.000010 0.000010 0.000010 0.663209 0.000010 0.336671 0.000010 0.000010 0.000010 0.000010
0.000010 0.000010 0.000010 0.000010 0.000010 0.000010 0.000010 0.000010 0.053191 0.000010 0.000010 0.000010 0.000010 0.946689
0.000010 0.000010 0.000010 0.000010 0.000010 0.000010 0.000010 0.565864 0.000010 0.434016 0.000010 0.000010 0.000010 0.000010
0.000010 0.000010 0.000010 0.000010 0.000010 0.000010 0.000010 0.556053 0.000010 0.443827 0.000010 0.000010 0.000010 0.000010
0.026729 0.000010 0.146768 0.000010 0.000010 0.000010 0.000010 0.000010 0.001094 0.006998 0.000010 0.034059 0.760658 0.023624
0.000010 0.000010 0.000010 0.000010 0.000010 0.000010 0.000016 0.587707 0.000010 0.412167 0.000010 0.000010 0.000010 0.000010
0.008890 0.000010 0.218589 0.000015 0.000010 0.000010 0.024463 0.000010 0.030104 0.000010 0.000010 0.029544 0.664100 0.024234
0.000010 0.000010 0.000010 0.000010 0.000010 0.000010 0.000010 0.000010 0.000010 0.000010 0.000010 0.000010 0.000010 0.999870
0.000010 0.000010 0.000010 0.015328 0.000010 0.000010 0.001707 0.000010 0.001029 0.000010 0.964561 0.000010 0.000010 0.017284
0.000010 0.000010 0.000010 0.000010 0.000010 0.000010 0.000010 0.502406 0.000010 0.497474 0.000010 0.000010 0.000010 0.000010
0.000010 0.000010 0.000010 0.000010 0.000010 0.000010 0.000010 0.576385 0.000010 0.423495 0.000010 0.000010 0.000010 0.000010
0.000010 0.000010 0.000010 0.000010 0.000010 0.000010 0.000010 0.000010 0.000010 0.000010 0.999870 0.000010 0.000010 0.000010
0.059816 0.000011 0.172534 0.019743 0.000010 0.000010 0.000010 0.003010 0.020442 0.025371 0.000010 0.016491 0.654643 0.027901
0.000010 0.462642 0.390886 0.000010 0.000010 0.000010 0.000010 0.000010 0.000010 0.000010 0.000010 0.146361 0.000010 0.000010
0.000010 0.044263 0.000010 0.000010 0.010342 0.000010 0.000010 0.000010 0.000010 0.000010 0.917734 0.000010 0.025113 0.002457
0.022852 0.015335 0.000010 0.000015 0.000010 0.000010 0.007763 0.000012 0.000010 0.000010 0.897601 0.013719 0.042643 0.000010
0.000010 0.999870 0.000010 0.000010 0.000010 0.000010 0.000010 0.000010 0.000010 0.000010 0.000010 0.000010 0.000010 0.000010
0.000010 0.999870 0.000010 0.000010 0.000010 0.000010 0.000010 0.000010 0.000010 0.000010 0.000010 0.000010 0.000010 0.000010
0.000010 0.000010 0.000010 0.000010 0.000010 0.000010 0.000010 0.489787 0.000010 0.510093 0.000010 0.000010 0.000010 0.000010
0.075843 0.479517 0.099570 0.000010 0.020893 0.000010 0.003481 0.000010 0.000010 0.000010 0.000010 0.042972 0.275010 0.002655
0.000010 0.000010 0.000010 0.000010 0.000010 0.000010 0.999870 0.000010 0.000010 0.000010 0.000010 0.000010 0.000010 0.000010
0.000010 0.000010 0.000010 0.000010 0.000010 0.000010 0.000010 0.550006 0.000010 0.449874 0.000010 0.000010 0.000010 0.000010
0.000010 0.000010 0.000010 0.000010 0.999870 0.000010 0.000010 0.000010 0.000010 0.000010 0.000010 0.000010 0.000010 0.000010
0.000010 0.000010 0.000010 0.000010 0.000010 0.000010 0.000010 0.609215 0.000010 0.390665 0.000010 0.000010 0.000010 0.000010
0.000010 0.000010 0.000010 0.000010 0.000010 0.000010 0.000010 0.542087 0.000010 0.457793 0.000010 0.000010 0.000010 0.000010
0.000010 0.000010 0.999870 0.000010 0.000010 0.000010 0.000010 0.000010 0.000010 0.000010 0.000010 0.000010 0.000010 0.000010
0.000010 0.053911 0.000010 0.014303 0.000010 0.000010 0.000010 0.000010 0.000010 0.000010 0.889072 0.006593 0.021393 0.014648
0.015746 0.000010 0.000010 0.000010 0.007597 0.000010 0.000010 0.021592 0.000010 0.000010 0.954965 0.000010 0.000010 0.000010
0.000010 0.000010 0.000010 0.000010 0.000010 0.000010 0.000010 0.000010 0.000010 0.000010 0.997811 0.000010 0.000010 0.002069
0.000010 0.000010 0.017895 0.000010 0.000010 0.000010 0.000010 0.000010 0.000010 0.000010 0.922516 0.023167 0.036322 0.000010
0.000010 0.041726 0.000010 0.000010 0.000010 0.000010 0.037231 0.000010 0.000010 0.000010 0.908049 0.007862 0.005042 0.000010
0.056105 0.000010 0.000010 0.000682 0.000010 0.000010 0.000010 0.000010 0.000010 0.000010 0.943103 0.000010 0.000010 0.000010
0.000010 0.000010 0.000010 0.000011 0.000010 0.023018 0.000010 0.005427 0.000010 0.000010 0.496795 0.040769 0.420999 0.012910
0.000010 0.000010 0.000010 0.000010 0.000010 0.000010 0.000010 0.113130 0.000010 0.886750 0.000010 0.000010 0.000010 0.000010
0.000010 0.000010 0.000010 0.000010 0.000010 0.000010 0.000010 0.585226 0.000010 0.414654 0.000010 0.000010 0.000010 0.000010
0.000010 0.000010 0.000010 0.000010 0.001478 0.027973 0.000314 0.170298 0.000010 0.799847 0.000010 0.000010 0.000010 0.000010
0.000010 0.000010 0.000010 0.000010 0.000019 0.000010 0.000010 0.517258 0.000010 0.482612 0.000010 0.000010 0.000010 0.000010
0.000010 0.000010 0.000010 0.000010 0.000016 0.000010 0.000010 0.331415 0.000010 0.668459 0.000010 0.000010 0.000010 0.000010
0.000010 0.000010 0.000010 0.000010 0.000010 0.000010 0.000010 0.000010 0.000010 0.999870 0.000010 0.000010 0.000010 0.000010
0.000010 0.000010 0.000010 0.000010 0.000010 0.000010 0.000010 0.110761 0.000010 0.885898 0.000010 0.000010 0.000010 0.003230
0.000010 0.000010 0.000010 0.000010 0.000010 0.000010 0.000010 0.000010 0.000010 0.000010 0.999870 0.000010 0.000010 0.000010
0.061056 0.207692 0.143901 0.027165 0.008062 0.223280 0.025748 0.000010 0.008232 0.024927 0.135504 0.018231 0.000010 0.116183
0.000010 0.000010 0.000010 0.000010 0.000010 0.000010 0.000010 0.000010 0.000010 0.000010 0.999870 0.000010 0.000010 0.000010
0.000010 0.000010 0.000010 0.036214 0.000010 0.000010 0.000010 0.000010 0.000010 0.000010 0.963666 0.000010 0.000010 0.000010
0.003364 0.069278 0.000010 0.000010 0.000010 0.000010 0.000010 0.000010 0.000010 0.000010 0.892612 0.000010 0.034646 0.000010
0.000010 0.000010 0.000010 0.000015 0.003417 0.000010 0.000010 0.000010 0.000010 0.000010 0.996458 0.000010 0.000010 0.000010
0.000010 0.000010 0.000010 0.000010 0.000010 0.000010 0.000010 0.265385 0.000010 0.731199 0.000010 0.000010 0.000010 0.003306
0.000010 0.000010 0.000010 0.000010 0.000010 0.000010 0.000010 0.000010 0.000010 0.999870 0.000010 0.000010 0.000010 0.000010
0.000010 0.000010 0.000010 0.000010 0.000010 0.000010 0.000010 0.000010 0.007377 0.955552 0.000010 0.000010 0.000010 0.036961
0.000010 0.000010 0.000010 0.000010 0.000010 0.000010 0.000010 0.161898 0.000010 0.837982 0.000010 0.000010 0.000010 0.000010
0.000010 0.020470 0.000010 0.000010 0.051509 0.119727 0.787956 0.020248 0.000010 0.000010 0.000010 0.000010 0.000010 0.000010
0.000010 0.000010 0.000010 0.000010 0.000010 0.000010 0.000010 0.000010 0.000010 0.000010 0.999870 0.000010 0.000010 0.000010
0.000010 0.000010 0.000010 0.000010 0.000010 0.000010 0.000010 0.000010 0.000010 0.000010 0.999870 0.000010 0.000010 0.000010
0.148353 0.292567 0.161378 0.040339 0.022691 0.126933 0.000010 0.023743 0.005425 0.000010 0.122081 0.000010 0.000010 0.056450
0.000010 0.000010 0.000010 0.000010 0.793174 0.000010 0.206702 0.000010 0.000010 0.000014 0.000010 0.000010 0.000010 0.000010
0.000010 0.000010 0.000010 0.000010 0.000010 0.000010 0.000010 0.000010 0.617109 0.000010 0.000010 0.000010 0.000010 0.382771
0.000010 0.000010 0.000010 0.000010 0.000010 0.000010 0.000010 0.268380 0.000013 0.688505 0.000010 0.000010 0.000010 0.043001
0.000010 0.000017 0.000010 0.000010 0.000010 0.000010 0.000010 0.013679 0.000010 0.918540 0.000010 0.000010 0.000010 0.067663
0.042436 0.000010 0.000010 0.000010 0.000010 0.000010 0.000010 0.000010 0.000010 0.000010 0.000010 0.000010 0.957444 0.000010
0.000010 0.000010 0.000010 0.000011 0.001435 0.000010 0.000010 0.265073 0.000010 0.733377 0.000010 0.000014 0.000010 0.000010
0.000010 0.000010 0.000010 0.000010 0.000010 0.000010 0.000010 0.000010 0.000010 0.999870 0.000010 0.000010 0.000010 0.000010
0.000010 0.000010 0.000010 0.000010 0.000010 0.000010 0.000010 0.155001 0.000010 0.844879 0.000010 0.000010 0.000010 0.000010
0.383772 0.000010 0.000010 0.000010 0.000010 0.000010 0.616108 0.000010 0.000010 0.000010 0.000010 0.000010 0.000010 0.000010
0.000010 0.000010 0.000010 0.000010 0.608742 0.048307 0.248199 0.000010 0.094653 0.000010 0.000010 0.000010 0.000010 0.000010
0.999870 0.000010 0.000010 0.000010 0.000010 0.000010 0.000010 0.000010 0.000010 0.000010 0.000010 0.000010 0.000010 0.000010
0.000010 0.999870 0.000010 0.000010 0.000010 0.000010 0.000010 0.000010 0.000010 0.000010 0.000010 0.000010 0.000010 0.000010
0.999870 0.000010 0.000010 0.000010 0.000010 0.000010 0.000010 0.000010 0.000010 0.000010 0.000010 0.000010 0.000010 0.000010
0.000010 0.019358 0.000010 0.081242 0.353715 0.214701 0.330894 0.000010 0.000010 0.000010 0.000010 0.000010 0.000010 0.000010
0.999870 0.000010 0.000010 0.000010 0.000010 0.000010 0.000010 0.000010 0.000010 0.000010 0.000010 0.000010 0.000010 0.000010
0.000010 0.238411 0.000010 0.000010 0.488023 0.000010 0.271952 0.000010 0.001513 0.000010 0.000010 0.000010 0.000010 0.000010
0.000010 0.000010 0.000010 0.000010 0.000010 0.000010 0.000010 0.433383 0.000010 0.566497 0.000010 0.000010 0.000010 0.000010
0.000010 0.000010 0.000010 0.000010 0.000010 0.000010 0.000010 0.432625 0.000010 0.567255 0.000010 0.000010 0.000010 0.000010
0.000010 0.000010 0.000010 0.000010 0.000010 0.000010 0.000010 0.069922 0.000010 0.929958 0.000010 0.000010 0.000010 0.000010
0.000010 0.000010 0.000010 0.000010 0.000010 0.000010 0.000010 0.000010 0.999870 0.000010 0.000010 0.000010 0.000010 0.000010
0.999870 0.000010 0.000010 0.000010 0.000010 0.000010 0.000010 0.000010 0.000010 0.000010 0.000010 0.000010 0.000010 0.000010
0.000010 0.000010 0.000010 0.000010 0.000010 0.000010 0.000010 0.317038 0.000010 0.682842 0.000010 0.000010 0.000010 0.000010
0.014834 0.000010 0.084534 0.016771 0.000010 0.000010 0.000010 0.000010 0.000010 0.000010 0.055716 0.027001 0.801065 0.000010
0.000010 0.000010 0.000010 0.000010 0.000010 0.000010 0.000010 0.000010 0.000010 0.999870 0.000010 0.000010 0.000010 0.000010
0.855903 0.000010 0.083160 0.000010 0.000010 0.000010 0.000010 0.000010 0.033391 0.000010 0.000010 0.000010 0.000010 0.027446
0.999870 0.000010 0.000010 0.000010 0.000010 0.000010 0.000010 0.000010 0.000010 0.000010 0.000010 0.000010 0.000010 0.000010
0.891179 0.000010 0.000010 0.000010 0.000010 0.000010 0.000010 0.031190 0.005794 0.000010 0.000010 0.000010 0.071737 0.000010
0.000010 0.073805 0.000010 0.043325 0.000010 0.103828 0.778942 0.000010 0.000010 0.000010 0.000010 0.000010 0.000010 0.000010
0.000010 0.999870 0.000010 0.000010 0.000010 0.000010 0.000010 0.000010 0.000010 0.000010 0.000010 0.000010 0.000010 0.000010
0.000010 0.000010 0.000010 0.000010 0.000010 0.000010 0.000010 0.000010 0.000010 0.999870 0.000010 0.000010 0.000010 0.000010
0.000010 0.000010 0.000010 0.000010 0.000010 0.000010 0.000010 0.000010 0.000010 0.999870 0.000010 0.000010 0.000010 0.000010
0.081092 0.751044 0.000010 0.000010 0.000010 0.030606 0.000010 0.000010 0.000010 0.000010 0.122026 0.015141 0.000010 0.000010
0.000010 0.074107 0.157157 0.000010 0.000010 0.000010 0.000010 0.000010 0.000010 0.016145 0.000010 0.006742 0.742685 0.003084
0.448657 0.551223 0.000010 0.000010 0.000010 0.000010 0.000010 0.000010 0.000010 0.000010 0.000010 0.000010 0.000010 0.000010
0.000010 0.000010 0.000010 0.000010 0.000010 0.000010 0.494666 0.000010 0.032867 0.000010 0.000010 0.000010 0.000010 0.472357
0.000010 0.000010 0.000010 0.000010 0.000010 0.000011 0.000010 0.999869 0.000010 0.000010 0.000010 0.000010 0.000010 0.000010
0.000010 0.000010 0.000010 0.999870 0.000010 0.000010 0.000010 0.000010 0.000010 0.000010 0.000010 0.000010 0.000010 0.000010
0.047070 0.464571 0.000010 0.000010 0.000010 0.000010 0.000196 0.031711 0.000010 0.000010 0.012012 0.000010 0.444360 0.000010
0.000010 0.000010 0.014060 0.000010 0.000010 0.000010 0.000010 0.000010 0.000010 0.000010 0.502728 0.000010 0.483102 0.000010
0.000010 0.000010 0.000010 0.000010 0.000010 0.000010 0.000010 0.000010 0.000010 0.000010 0.000010 0.000010 0.999870 0.000010
0.000010 0.619656 0.008304 0.000010 0.000010 0.012838 0.000010 0.000010 0.000010 0.000010 0.043513 0.032211 0.283399 0.000010
0.048768 0.489782 0.000010 0.046520 0.000010 0.000010 0.000010 0.000010 0.000010 0.000010 0.000010 0.000010 0.399588 0.015252
0.000010 0.519117 0.012974 0.000010 0.000010 0.000010 0.000010 0.000010 0.000010 0.000010 0.000010 0.000010 0.467799 0.000010
0.000010 0.080902 0.026807 0.000010 0.000010 0.000010 0.000010 0.016878 0.000010 0.000010 0.000010 0.000010 0.864967 0.010356
0.142570 0.000010 0.093081 0.028235 0.528290 0.000010 0.055179 0.027480 0.011648 0.007010 0.001152 0.027432 0.034022 0.043880
0.000010 0.712988 0.000010 0.109154 0.000010 0.031937 0.115125 0.000010 0.000010 0.000010 0.030705 0.000010 0.000010 0.000010
0.278283 0.000010 0.000010 0.000010 0.167445 0.000010 0.000010 0.036088 0.000010 0.000010 0.000010 0.000010 0.000010 0.518084
0.000010 0.000010 0.000010 0.000010 0.486021 0.000010 0.449530 0.000010 0.000010 0.000010 0.000010 0.000010 0.000010 0.064339
0.586414 0.354403 0.000010 0.000010 0.005486 0.000010 0.024209 0.029398 0.000010 0.000010 0.000010 0.000010 0.000010 0.000010
0.534502 0.000010 0.000010 0.000010 0.000010 0.000010 0.000010 0.000010 0.000010 0.000010 0.465378 0.000010 0.000010 0.000010
0.000010 0.000010 0.080912 0.000010 0.323857 0.179323 0.000010 0.000010 0.002506 0.030761 0.000010 0.327315 0.000010 0.055256
0.000010 0.046867 0.576857 0.024597 0.000010 0.000010 0.000010 0.000010 0.028347 0.008785 0.000010 0.299329 0.000010 0.015148
0.000010 0.000010 0.679501 0.000010 0.000010 0.000010 0.000010 0.000010 0.000010 0.000010 0.000010 0.293390 0.000010 0.026999
0.137432 0.144560 0.012448 0.000010 0.233511 0.003532 0.000010 0.019443 0.000010 0.000010 0.169658 0.000010 0.019624 0.259742
0.000010 0.000010 0.636700 0.000017 0.000010 0.000010 0.000010 0.000010 0.037178 0.000010 0.000010 0.326006 0.000010 0.000010
0.025385 0.473429 0.313283 0.000010 0.020200 0.000010 0.000010 0.000010 0.027075 0.000010 0.000010 0.140548 0.000010 0.000010
0.000010 0.000010 0.553160 0.004176 0.000010 0.000010 0.000010 0.000010 0.042088 0.000010 0.000010 0.367581 0.000010 0.032905
0.000010 0.000010 0.460970 0.034647 0.121313 0.077366 0.000010 0.000010 0.006322 0.032750 0.000010 0.071156 0.195416 0.000010
0.000010 0.301393 0.000010 0.246500 0.000010 0.172440 0.279567 0.000010 0.000010 0.000010 0.000010 0.000010 0.000010 0.000010
0.003001 0.107345 0.000010 0.007480 0.000010 0.024580 0.000010 0.000010 0.000978 0.023993 0.758266 0.013195 0.061112 0.000010
0.163460 0.406166 0.000010 0.010291 0.000010 0.000010 0.000010 0.000010 0.000010 0.000010 0.355915 0.000010 0.064078 0.000010
0.432155 0.000010 0.468507 0.000010 0.000010 0.053011 0.000010 0.000010 0.000010 0.000010 0.000010 0.046227 0.000010 0.000010
0.409530 0.590350 0.000010 0.000010 0.000010 0.000010 0.000010 0.000010 0.000010 0.000010 0.000010 0.000010 0.000010 0.000010
0.999870 0.000010 0.000010 0.000010 0.000010 0.000010 0.000010 0.000010 0.000010 0.000010 0.000010 0.000010 0.000010 0.000010
0.438068 0.537474 0.009845 0.000010 0.000010 0.000010 0.000010 0.000010 0.000010 0.000010 0.000010 0.014513 0.000010 0.000010
0.279957 0.081505 0.587884 0.000010 0.007641 0.000010 0.000010 0.000010 0.000010 0.000010 0.000010 0.000010 0.042923 0.000010
0.641506 0.308182 0.000010 0.000010 0.003056 0.000010 0.000010 0.000010 0.000010 0.000010 0.000010 0.038540 0.000010 0.008626
0.321412 0.115985 0.527331 0.000010 0.015160 0.000010 0.000010 0.000010 0.020022 0.000010 0.000010 0.000010 0.000010 0.000010
0.000010 0.000010 0.000010 0.000010 0.000010 0.000010 0.085098 0.000010 0.789002 0.000010 0.000010 0.000010 0.000010 0.125790
0.000010 0.000010 0.000010 0.000010 0.000010 0.000010 0.999867 0.000010 0.000010 0.000010 0.000013 0.000010 0.000010 0.000010
0.000010 0.000011 0.000010 0.000010 0.269195 0.000010 0.000010 0.000010 0.000010 0.000010 0.000010 0.000010 0.000010 0.730684
0.000010 0.049457 0.000010 0.026447 0.448732 0.000019 0.098361 0.007636 0.000010 0.000010 0.000010 0.000010 0.006634 0.362654
0.396002 0.033490 0.013155 0.000010 0.286681 0.000010 0.000028 0.002348 0.000010 0.000010 0.033094 0.000010 0.000010 0.235141
0.000010 0.000010 0.000011 0.999865 0.000012 0.000010 0.000012 0.000010 0.000010 0.000010 0.000010 0.000010 0.000010 0.000010
0.020661 0.099040 0.020307 0.047767 0.025096 0.054502 0.167566 0.016101 0.050272 0.030460 0.000010 0.040000 0.057823 0.370396
0.000010 0.000010 0.033202 0.000010 0.000010 0.000010 0.049456 0.000010 0.015459 0.010255 0.480148 0.000010 0.000010 0.411400
0.000010 0.000010 0.968332 0.000010 0.000010 0.000010 0.000010 0.024704 0.006854 0.000010 0.000010 0.000010 0.000010 0.000010
0.039544 0.055352 0.000010 0.000010 0.000010 0.037991 0.316317 0.000010 0.000015 0.030750 0.000010 0.013500 0.009956 0.496525
0.000010 0.000010 0.855630 0.000010 0.000010 0.051190 0.000010 0.024085 0.059162 0.000010 0.000010 0.000010 0.000010 0.009843
0.000010 0.000010 0.000015 0.000010 0.000010 0.000010 0.000010 0.000010 0.000010 0.000010 0.000010 0.000010 0.000010 0.999865
0.000010 0.000010 0.000010 0.000010 0.000010 0.000010 0.000010 0.000010 0.000010 0.000010 0.000010 0.000010 0.000010 0.999870
0.000010 0.000010 0.472814 0.000010 0.000010 0.000010 0.000010 0.005034 0.021397 0.001711 0.000010 0.000010 0.498954 0.000010
0.000010 0.000010 0.974142 0.000010 0.000010 0.000010 0.000010 0.000010 0.000010 0.000010 0.000010 0.025738 0.000010 0.000010
0.329589 0.000010 0.040982 0.000010 0.341594 0.004744 0.061069 0.047284 0.132256 0.000010 0.012611 0.008648 0.016400 0.004795
0.000010 0.000010 0.000010 0.000010 0.017142 0.420779 0.007242 0.000010 0.000010 0.000010 0.000010 0.000010 0.000010 0.554736
0.000010 0.000010 0.999870 0.000010 0.000010 0.000010 0.000010 0.000010 0.000010 0.000010 0.000010 0.000010 0.000010 0.000010
0.000010 0.000010 0.999870 0.000010 0.000010 0.000010 0.000010 0.000010 0.000010 0.000010 0.000010 0.000010 0.000010 0.000010
0.000010 0.000010 0.877020 0.000010 0.020152 0.000010 0.000010 0.000010 0.000010 0.000010 0.000010 0.101736 0.000010 0.000992
0.279980 0.000010 0.000010 0.000010 0.183353 0.000010 0.000010 0.000010 0.000010 0.000010 0.000010 0.000010 0.000010 0.536557
0.000010 0.000010 0.975530 0.000010 0.015594 0.000010 0.000010 0.000010 0.000010 0.000010 0.000010 0.008766 0.000010 0.000010
0.000010 0.000010 0.999870 0.000010 0.000010 0.000010 0.000010 0.000010 0.000010 0.000010 0.000010 0.000010 0.000010 0.000010
0.000010 0.058787 0.671418 0.000010 0.015814 0.000010 0.000010 0.000010 0.000010 0.000010 0.000010 0.217622 0.021146 0.015133
0.082718 0.034579 0.000010 0.039392 0.000010 0.000010 0.000010 0.017905 0.000010 0.000010 0.810373 0.000010 0.014953 0.000010
0.098673 0.058164 0.490883 0.039172 0.000010 0.000010 0.000010 0.000010 0.040241 0.000010 0.000010 0.190984 0.010469 0.071354
0.000010 0.000010 0.000010 0.000010 0.000010 0.000010 0.000010 0.000010 0.999870 0.000010 0.000010 0.000010 0.000010 0.000010
0.000010 0.000010 0.933339 0.000010 0.000010 0.000010 0.000010 0.000010 0.000010 0.000010 0.000010 0.000010 0.066541 0.000010
0.000010 0.000010 0.982014 0.000010 0.000010 0.000010 0.000010 0.000010 0.000010 0.000010 0.000010 0.000010 0.017866 0.000010
0.000010 0.000010 0.999870 0.000010 0.000010 0.000010 0.000010 0.000010 0.000010 0.000010 0.000010 0.000010 0.000010 0.000010
0.000010 0.000010 0.000010 0.000010 0.000010 0.000010 0.000010 0.000010 0.000010 0.000010 0.000010 0.000010 0.000010 0.999870
0.000010 0.000010 0.000010 0.027643 0.000010 0.000010 0.007161 0.000010 0.000010 0.000010 0.949181 0.000010 0.000010 0.015916
0.883887 0.000010 0.027973 0.000010 0.000010 0.000010 0.000010 0.000010 0.055963 0.000010 0.000010 0.019714 0.012374 0.000010
0.000010 0.000010 0.000010 0.000010 0.000010 0.999870 0.000010 0.000010 0.000010 0.000010 0.000010 0.000010 0.000010 0.000010
0.088468 0.415557 0.000010 0.000010 0.010168 0.000010 0.002954 0.021638 0.000010 0.000010 0.000010 0.038575 0.000010 0.422571
0.000010 0.000010 0.000010 0.000010 0.853748 0.000010 0.000010 0.000010 0.000010 0.000010 0.000010 0.000010 0.000010 0.146132
0.000010 0.000010 0.000010 0.000010 0.741030 0.254359 0.004502 0.000010 0.000010 0.000010 0.000010 0.000010 0.000010 0.000010
0.000010 0.287411 0.000010 0.028130 0.000010 0.018509 0.421971 0.000010 0.000010 0.000010 0.000010 0.000010 0.000010 0.243889
0.000010 0.000010 0.000010 0.000010 0.000010 0.000010 0.000010 0.000010 0.760478 0.000010 0.000010 0.000010 0.000010 0.239402
0.000010 0.000010 0.030490 0.000010 0.541748 0.000010 0.000010 0.020477 0.012694 0.039521 0.000010 0.000010 0.000010 0.354991
0.000010 0.296715 0.000010 0.103682 0.000010 0.130463 0.418709 0.000010 0.000010 0.011220 0.000010 0.031032 0.008108 0.000010
0.003245 0.000010 0.000010 0.034152 0.000010 0.000010 0.000010 0.000010 0.000010 0.000010 0.931334 0.031169 0.000010 0.000010
0.128705 0.026711 0.000010 0.007662 0.165133 0.000012 0.001607 0.516356 0.116622 0.012473 0.014637 0.000010 0.000010 0.010052
0.000010 0.000010 0.000010 0.000015 0.363013 0.000010 0.550508 0.000010 0.000010 0.000010 0.000010 0.000010 0.000010 0.086364
0.000010 0.000010 0.000010 0.000010 0.000010 0.000010 0.000010 0.000010 0.000010 0.000010 0.000010 0.000010 0.000010 0.999870
0.000010 0.000010 0.000010 0.007525 0.559363 0.104034 0.099735 0.000010 0.000010 0.000010 0.000010 0.000010 0.000010 0.229253
0.000010 0.000010 0.000010 0.000010 0.000010 0.000010 0.000010 0.000996 0.029483 0.000010 0.000010 0.000010 0.000010 0.969412
0.000010 0.000010 0.000010 0.000010 0.000010 0.000010 0.000010 0.999870 0.000010 0.000010 0.000010 0.000010 0.000010 0.000010
0.000010 0.000010 0.000010 0.000010 0.421924 0.000010 0.000010 0.000010 0.063667 0.000010 0.000010 0.000010 0.000010 0.514299
0.000010 0.000010 0.000010 0.000010 0.454565 0.000010 0.000010 0.000010 0.000010 0.000010 0.000010 0.000010 0.000010 0.545315
0.000010 0.000010 0.000010 0.000010 0.305139 0.000010 0.000010 0.000010 0.000010 0.000010 0.000010 0.000010 0.000010 0.694741
0.000010 0.000010 0.000010 0.000010 0.000010 0.000010 0.000010 0.999870 0.000010 0.000010 0.000010 0.000010 0.000010 0.000010
0.000010 0.000010 0.000010 0.000010 0.000010 0.000010 0.000010 0.930052 0.000010 0.000010 0.000010 0.000010 0.000010 0.069828
0.000010 0.000010 0.000010 0.000010 0.000010 0.000010 0.000010 0.322319 0.000010 0.677561 0.000010 0.000010 0.000010 0.000010
0.000010 0.000010 0.000010 0.000010 0.000010 0.000010 0.000010 0.999870 0.000010 0.000010 0.000010 0.000010 0.000010 0.000010
0.000010 0.000010 0.000010 0.000010 0.000010 0.000010 0.000010 0.999870 0.000010 0.000010 0.000010 0.000010 0.000010 0.000010
0.000010 0.000010 0.000010 0.000010 0.000010 0.000010 0.000010 0.999870 0.000010 0.000010 0.000010 0.000010 0.000010 0.000010
0.000010 0.000010 0.000010 0.000010 0.000010 0.000010 0.000010 0.000010 0.000010 0.000010 0.999870 0.000010 0.000010 0.000010
0.116469 0.000010 0.180526 0.000010 0.000010 0.222545 0.000577 0.017224 0.229127 0.000010 0.116669 0.000010 0.006156 0.110658
0.907485 0.074607 0.000010 0.000010 0.000010 0.000010 0.000010 0.000010 0.017798 0.000010 0.000010 0.000010 0.000010 0.000010
0.000010 0.000010 0.999866 0.000010 0.000010 0.000014 0.000010 0.000010 0.000010 0.000010 0.000010 0.000010 0.000010 0.000010
0.000010 0.000010 0.000010 0.000010 0.493877 0.050247 0.000010 0.000010 0.000010 0.000010 0.000010 0.000010 0.000010 0.455767
0.000010 0.000010 0.000010 0.000010 0.000010 0.346423 0.009955 0.582036 0.000010 0.061485 0.000010 0.000010 0.000010 0.000010
0.000010 0.000010 0.000010 0.000010 0.000010 0.999870 0.000010 0.000010 0.000010 0.000010 0.000010 0.000010 0.000010 0.000010
0.000010 0.991126 0.000010 0.000010 0.000010 0.000010 0.000010 0.000010 0.008754 0.000010 0.000010 0.000010 0.000010 0.000010
0.000010 0.999870 0.000010 0.000010 0.000010 0.000010 0.000010 0.000010 0.000010 0.000010 0.000010 0.000010 0.000010 0.000010
0.000010 0.000010 0.000010 0.000010 0.000010 0.000010 0.000010 0.000010 0.000010 0.000010 0.000010 0.999870 0.000010 0.000010
0.000010 0.000010 0.000010 0.000010 0.000010 0.000010 0.000010 0.000010 0.000010 0.000010 0.000010 0.999870 0.000010 0.000010
0.126779 0.602678 0.000010 0.000010 0.000010 0.000010 0.009052 0.000010 0.011368 0.000010 0.183680 0.000010 0.047017 0.019357
0.000010 0.000010 0.000010 0.000010 0.000010 0.000016 0.000010 0.000010 0.999864 0.000010 0.000010 0.000010 0.000010 0.000010
0.000010 0.000010 0.000010 0.000010 0.000010 0.000010 0.000010 0.090516 0.000010 0.908906 0.000010 0.000010 0.000010 0.000468
0.059457 0.000010 0.264626 0.015461 0.323014 0.000010 0.000010 0.000010 0.048192 0.000010 0.000010 0.119237 0.014462 0.155492
0.244740 0.115756 0.610692 0.000010 0.000010 0.028712 0.000010 0.000010 0.000010 0.000010 0.000010 0.000010 0.000010 0.000010
0.628208 0.282914 0.000010 0.000010 0.000010 0.000010 0.000010 0.004667 0.000010 0.000010 0.053512 0.010780 0.019839 0.000010
0.703267 0.264433 0.032190 0.000010 0.000010 0.000010 0.000010 0.000010 0.000010 0.000010 0.000010 0.000010 0.000010 0.000010
0.000010 0.000010 0.000010 0.000010 0.000010 0.000010 0.000010 0.000010 0.000010 0.000010 0.000010 0.000010 0.000010 0.999870
0.411910 0.524193 0.000010 0.000010 0.000010 0.000010 0.000010 0.000010 0.000010 0.000010 0.063787 0.000010 0.000010 0.000010
0.000010 0.999863 0.000010 0.000017 0.000010 0.000010 0.000010 0.000010 0.000010 0.000010 0.000010 0.000010 0.000010 0.000010
0.000010 0.000010 0.000010 0.000010 0.000010 0.999870 0.000010 0.000010 0.000010 0.000010 0.000010 0.000010 0.000010 0.000010
0.000010 0.000010 0.000010 0.000010 0.000010 0.000010 0.000010 0.000010 0.000010 0.000010 0.000010 0.999870 0.000010 0.000010
0.000010 0.000010 0.000010 0.000010 0.000010 0.000010 0.000010 0.000010 0.000010 0.000010 0.000010 0.999870 0.000010 0.000010
0.000010 0.000010 0.000010 0.000010 0.000010 0.000010 0.000010 0.000010 0.000010 0.000010 0.000010 0.999870 0.000010 0.000010
0.000010 0.000010 0.000010 0.403402 0.000010 0.000010 0.000010 0.000010 0.000010 0.000010 0.000010 0.596478 0.000010 0.000010
0.000010 0.000010 0.000010 0.000010 0.918310 0.000010 0.000010 0.000010 0.081570 0.000010 0.000010 0.000010 0.000010 0.000010
0.000010 0.000010 0.000010 0.000010 0.000010 0.000010 0.000010 0.000010 0.000010 0.000010 0.000010 0.000010 0.000010 0.999870
0.000010 0.000010 0.000010 0.000010 0.009291 0.409140 0.051882 0.004628 0.000010 0.044492 0.000010 0.000010 0.000010 0.480487
0.000010 0.000010 0.000010 0.000010 0.000010 0.000010 0.000010 0.000010 0.000010 0.000010 0.000010 0.000010 0.000010 0.999870
0.000010 0.000010 0.000010 0.000010 0.000010 0.000010 0.000010 0.000010 0.000010 0.000010 0.000010 0.000010 0.000010 0.999870
0.000010 0.000010 0.000010 0.000010 0.000010 0.000010 0.000010 0.000010 0.026264 0.138256 0.000010 0.000010 0.000010 0.835370
0.000010 0.000010 0.000010 0.000010 0.000010 0.000010 0.000010 0.000010 0.000010 0.000010 0.000010 0.000010 0.000010 0.999870
0.000010 0.000010 0.000010 0.000010 0.028920 0.207266 0.022342 0.050457 0.150807 0.013673 0.000010 0.513189 0.007701 0.005595
0.000010 0.000010 0.000010 0.000010 0.030385 0.444791 0.022029 0.055000 0.000010 0.000010 0.000010 0.000010 0.000010 0.447705
0.000019 0.000010 0.000010 0.000010 0.000010 0.000010 0.000010 0.000010 0.000010 0.000010 0.000010 0.000010 0.000010 0.999861
0.000010 0.000010 0.000010 0.000010 0.039512 0.186472 0.773904 0.000010 0.000010 0.000010 0.000010 0.000010 0.000012 0.000010
0.000010 0.000010 0.000010 0.000010 0.000010 0.000010 0.999870 0.000010 0.000010 0.000010 0.000010 0.000010 0.000010 0.000010
0.000010 0.000010 0.000010 0.000010 0.000010 0.000010 0.999870 0.000010 0.000010 0.000010 0.000010 0.000010 0.000010 0.000010
0.000010 0.000010 0.000010 0.000010 0.000010 0.000010 0.000010 0.000010 0.000010 0.000010 0.000010 0.000010 0.000010 0.999870
0.000010 0.000010 0.000010 0.000010 0.000010 0.000010 0.000010 0.000010 0.000010 0.000010 0.000010 0.000010 0.000010 0.999870
0.116535 0.000010 0.489965 0.049818 0.000019 0.000010 0.000010 0.000010 0.078159 0.011984 0.000010 0.165415 0.000010 0.088047
0.056107 0.053292 0.590604 0.061522 0.002263 0.000010 0.000010 0.000010 0.092923 0.000010 0.000010 0.103164 0.000010 0.040065
0.065372 0.021319 0.064017 0.000010 0.000010 0.052397 0.373540 0.000010 0.107863 0.000010 0.028120 0.000010 0.023788 0.263533
0.000010 0.000010 0.000010 0.999870 0.000010 0.000010 0.000010 0.000010 0.000010 0.000010 0.000010 0.000010 0.000010 0.000010
0.009060 0.008594 0.311034 0.042053 0.000010 0.000010 0.004314 0.000010 0.035452 0.000010 0.000010 0.502721 0.000010 0.086712
0.000010 0.000010 0.000010 0.000010 0.101487 0.000010 0.402063 0.087330 0.064972 0.000010 0.000010 0.000010 0.000010 0.344058
0.000010 0.052528 0.000010 0.006348 0.000010 0.000010 0.000010 0.000010 0.013364 0.000010 0.887693 0.000010 0.039978 0.000010
0.176478 0.011170 0.012222 0.000010 0.000010 0.000010 0.000010 0.000010 0.000010 0.000010 0.211863 0.006674 0.557980 0.023543
0.000010 0.000010 0.000010 0.000010 0.021703 0.000010 0.000010 0.029822 0.000010 0.000010 0.000010 0.000010 0.929715 0.018661
0.140226 0.065144 0.000010 0.014751 0.000010 0.000010 0.000010 0.000010 0.000010 0.000010 0.763829 0.000010 0.015960 0.000010
0.911688 0.039383 0.000010 0.006027 0.003604 0.000010 0.014701 0.000010 0.024517 0.000010 0.000010 0.000010 0.000010 0.000010
0.035939 0.000010 0.025894 0.002799 0.000010 0.027245 0.000010 0.000010 0.000010 0.000010 0.526977 0.040270 0.337615 0.003201
0.000010 0.037295 0.000010 0.000010 0.000010 0.000010 0.000010 0.000010 0.000010 0.000010 0.399991 0.000010 0.562604 0.000010
0.000010 0.000010 0.135295 0.000010 0.017964 0.000010 0.000010 0.000010 0.000010 0.000010 0.000010 0.000010 0.846631 0.000010
0.000010 0.000010 0.000010 0.000010 0.999869 0.000010 0.000010 0.000010 0.000010 0.000011 0.000010 0.000010 0.000010 0.000010
0.000010 0.000010 0.000010 0.000010 0.000010 0.000010 0.000010 0.000010 0.000010 0.000010 0.000010 0.000010 0.999870 0.000010
0.000010 0.000010 0.000010 0.000010 0.876535 0.000010 0.000010 0.000010 0.000010 0.000010 0.000010 0.000010 0.000010 0.123345
0.000010 0.000010 0.000010 0.000010 0.000010 0.000010 0.000010 0.000010 0.000010 0.000010 0.000010 0.000010 0.999870 0.000010
0.000010 0.000010 0.000010 0.000010 0.000010 0.000010 0.000010 0.000010 0.000010 0.999869 0.000010 0.000010 0.000010 0.000010
0.000010 0.000010 0.000010 0.000010 0.020448 0.000010 0.000010 0.060353 0.009954 0.893945 0.000010 0.000010 0.000010 0.015209
0.000010 0.000010 0.000010 0.000010 0.000010 0.000010 0.000010 0.000010 0.000010 0.999870 0.000010 0.000010 0.000010 0.000010
0.000010 0.152968 0.000010 0.002809 0.415877 0.009479 0.335104 0.000010 0.000010 0.000010 0.000010 0.000010 0.000010 0.083682
0.000010 0.096227 0.000010 0.000010 0.000010 0.000010 0.000010 0.000010 0.000010 0.005709 0.856158 0.025838 0.000010 0.015977
0.000010 0.000010 0.000010 0.000010 0.285931 0.000010 0.000010 0.000010 0.000010 0.000010 0.000010 0.000010 0.000010 0.713949
0.171277 0.082543 0.000010 0.000010 0.000010 0.000010 0.000010 0.000010 0.000010 0.000010 0.602943 0.000010 0.143138 0.000010
0.524558 0.000010 0.000010 0.014427 0.001166 0.000010 0.000010 0.000010 0.000010 0.000010 0.411320 0.005190 0.040094 0.003175
0.014711 0.018609 0.000010 0.000010 0.000010 0.000010 0.000010 0.000010 0.000010 0.000010 0.966570 0.000010 0.000010 0.000010
0.000010 0.000010 0.000010 0.000010 0.000010 0.000010 0.000010 0.223389 0.000010 0.776491 0.000010 0.000010 0.000010 0.000010
0.000010 0.000010 0.000010 0.000010 0.000010 0.000010 0.000010 0.356659 0.000010 0.643221 0.000010 0.000010 0.000010 0.000010
0.000010 0.082207 0.000010 0.000010 0.047020 0.390327 0.023566 0.000010 0.000010 0.030732 0.419458 0.000010 0.006622 0.000010
0.999870 0.000010 0.000010 0.000010 0.000010 0.000010 0.000010 0.000010 0.000010 0.000010 0.000010 0.000010 0.000010 0.000010
0.000010 0.001051 0.000010 0.000010 0.000010 0.000010 0.000010 0.000010 0.000010 0.000010 0.998829 0.000010 0.000010 0.000010
0.951174 0.000010 0.000010 0.000080 0.012899 0.000010 0.000010 0.000010 0.000578 0.000010 0.000010 0.000010 0.000010 0.035179
0.993103 0.000010 0.000010 0.000010 0.000010 0.000010 0.000010 0.000010 0.000010 0.000010 0.000010 0.006777 0.000010 0.000010
0.000010 0.068991 0.000010 0.004793 0.000010 0.000010 0.021981 0.000010 0.000010 0.000010 0.904134 0.000010 0.000010 0.000010
0.999870 0.000010 0.000010 0.000010 0.000010 0.000010 0.000010 0.000010 0.000010 0.000010 0.000010 0.000010 0.000010 0.000010
0.000010 0.000010 0.000010 0.000010 0.000010 0.999870 0.000010 0.000010 0.000010 0.000010 0.000010 0.000010 0.000010 0.000010
0.000010 0.000010 0.000010 0.000010 0.000010 0.999870 0.000010 0.000010 0.000010 0.000010 0.000010 0.000010 0.000010 0.000010
0.000010 0.000010 0.000010 0.000010 0.000010 0.000010 0.000010 0.000010 0.000010 0.000010 0.000010 0.000010 0.999870 0.000010
0.000010 0.000010 0.000010 0.000010 0.000010 0.000010 0.000010 0.000010 0.000010 0.000010 0.999870 0.000010 0.000010 0.000010
0.000010 0.000016 0.000010 0.000010 0.000010 0.000010 0.000010 0.000010 0.000010 0.012741 0.987133 0.000010 0.000010 0.000010
0.000010 0.000010 0.000010 0.000010 0.000010 0.000010 0.000010 0.000010 0.000010 0.000010 0.000010 0.000010 0.999870 0.000010
0.999870 0.000010 0.000010 0.000010 0.000010 0.000010 0.000010 0.000010 0.000010 0.000010 0.000010 0.000010 0.000010 0.000010
0.000010 0.000010 0.000010 0.000010 0.000010 0.000010 0.000010 0.000010 0.008194 0.000010 0.000010 0.000010 0.991686 0.000010
0.000010 0.000010 0.000010 0.000010 0.000010 0.000010 0.000010 0.000010 0.000010 0.000010 0.000010 0.000010 0.999870 0.000010
0.474799 0.000010 0.000010 0.000010 0.000010 0.000010 0.000010 0.000010 0.000010 0.000010 0.000010 0.000010 0.525081 0.000010
0.518547 0.000015 0.000010 0.000010 0.000010 0.000010 0.000010 0.000010 0.000010 0.000010 0.037241 0.047843 0.396265 0.000010
0.000010 0.000010 0.000010 0.000010 0.000010 0.000010 0.000010 0.000010 0.062773 0.000010 0.000010 0.000010 0.937107 0.000010
0.000010 0.021092 0.000010 0.000010 0.000010 0.000010 0.000010 0.000010 0.000010 0.000010 0.978788 0.000010 0.000010 0.000010
0.000010 0.000010 0.000010 0.000010 0.000010 0.000010 0.000010 0.000010 0.000010 0.000010 0.000010 0.000010 0.999870 0.000010
0.000010 0.000010 0.000010 0.000010 0.000010 0.000010 0.000010 0.531656 0.000010 0.468224 0.000010 0.000010 0.000010 0.000010
0.000010 0.000010 0.000010 0.000010 0.000010 0.000010 0.000010 0.509795 0.000010 0.490085 0.000010 0.000010 0.000010 0.000010
0.000010 0.000010 0.000010 0.000010 0.002758 0.000010 0.000010 0.511920 0.000010 0.485212 0.000010 0.000010 0.000010 0.000010
0.000010 0.000010 0.000010 0.000010 0.000010 0.000010 0.000010 0.551949 0.000010 0.447931 0.000010 0.000010 0.000010 0.000010
