0.479505 0.000010 0.211842 0.300238 0.008406
0.206772 0.006436 0.099634 0.448543 0.238615
0.704365 0.000010 0.057508 0.207916 0.030201
0.480697 0.000010 0.235738 0.283545 0.000010
0.370767 0.003097 0.163092 0.351564 0.111481
0.465519 0.000010 0.218630 0.276907 0.038933
0.378378 0.005427 0.176547 0.351605 0.088043
0.449440 0.024567 0.202216 0.219971 0.103806
0.212089 0.037429 0.110258 0.438412 0.201814
0.417357 0.000016 0.187275 0.314562 0.080789
0.063479 0.017853 0.079327 0.470861 0.368481
0.481354 0.050058 0.090796 0.212056 0.165737
0.026988 0.012189 0.089714 0.568412 0.302697
0.242946 0.188547 0.262085 0.136839 0.169583
0.244270 0.199512 0.323497 0.138862 0.093859
0.491408 0.118153 0.085827 0.209236 0.095376
0.008575 0.011238 0.118661 0.587101 0.274425
0.103965 0.067447 0.070005 0.469460 0.289122
0.415884 0.030536 0.244599 0.256417 0.052564
0.341163 0.008233 0.252176 0.263474 0.134954
0.061555 0.021165 0.052834 0.479474 0.384972
0.081943 0.000936 0.068713 0.595779 0.252629
0.085737 0.007770 0.069414 0.600953 0.236126
0.031181 0.030441 0.070581 0.472268 0.395528
0.039371 0.029364 0.083884 0.548480 0.298902
0.346412 0.093761 0.277378 0.169208 0.113240
0.090253 0.009833 0.062847 0.466072 0.370995
0.403051 0.087674 0.265687 0.154317 0.089270
0.368635 0.060147 0.258943 0.162454 0.149821
0.081784 0.013810 0.073204 0.603833 0.227368
