0.999930 0.000010 0.000010 0.000010 0.000010 0.000010 0.000010 0.000010
0.978169 0.000010 0.000010 0.000010 0.021771 0.000010 0.000010 0.000010
0.999930 0.000010 0.000010 0.000010 0.000010 0.000010 0.000010 0.000010
0.988751 0.011055 0.000010 0.000144 0.000010 0.000010 0.000010 0.000010
0.993129 0.000010 0.000010 0.000010 0.000010 0.006811 0.000010 0.000010
0.999930 0.000010 0.000010 0.000010 0.000010 0.000010 0.000010 0.000010
0.999930 0.000010 0.000010 0.000010 0.000010 0.000010 0.000010 0.000010
0.000010 0.000010 0.000010 0.178474 0.128720 0.656585 0.003239 0.032952
0.000010 0.000010 0.000010 0.000010 0.000010 0.999930 0.000010 0.000010
0.000010 0.000010 0.000010 0.259532 0.319992 0.342645 0.000010 0.077791
0.000010 0.000010 0.000010 0.000010 0.000010 0.999930 0.000010 0.000010
0.000010 0.000010 0.999930 0.000010 0.000010 0.000010 0.000010 0.000010
0.000010 0.000010 0.999930 0.000010 0.000010 0.000010 0.000010 0.000010
0.000010 0.000010 0.000010 0.000010 0.000010 0.000010 0.000010 0.999930
0.000010 0.000010 0.999930 0.000010 0.000010 0.000010 0.000010 0.000010
0.000010 0.000010 0.999930 0.000010 0.000010 0.000010 0.000010 0.000010
0.000010 0.000010 0.000010 0.863619 0.063252 0.040060 0.000010 0.033029
0.000010 0.000010 0.999930 0.000010 0.000010 0.000010 0.000010 0.000010
0.000010 0.015029 0.000010 0.845704 0.085780 0.000010 0.000010 0.053447
0.000010 0.000010 0.000010 0.000010 0.000010 0.000010 0.000010 0.999930
0.980788 0.000010 0.000010 0.000010 0.000010 0.000010 0.000010 0.019152
0.000010 0.000010 0.999930 0.000010 0.000010 0.000010 0.000010 0.000010
0.000010 0.000010 0.999930 0.000010 0.000010 0.000010 0.000010 0.000010
0.999930 0.000010 0.000010 0.000010 0.000010 0.000010 0.000010 0.000010
0.009016 0.011739 0.043428 0.767216 0.079227 0.057649 0.000010 0.031714
0.000010 0.000010 0.000010 0.068756 0.415458 0.493697 0.003286 0.018773
0.939352 0.000010 0.000010 0.019667 0.000010 0.033845 0.004624 0.002482
0.921667 0.000010 0.005022 0.046414 0.004664 0.022203 0.000010 0.000010
0.000010 0.000010 0.000010 0.000010 0.000010 0.999930 0.000010 0.000010
0.000010 0.000010 0.000010 0.000010 0.000010 0.999930 0.000010 0.000010
0.000010 0.000010 0.999930 0.000010 0.000010 0.000010 0.000010 0.000010
0.014550 0.000010 0.000010 0.312450 0.063812 0.575506 0.027524 0.006137
0.000010 0.260011 0.009250 0.067206 0.000010 0.254383 0.408571 0.000560
0.000010 0.000010 0.999930 0.000010 0.000010 0.000010 0.000010 0.000010
0.000010 0.000010 0.000010 0.000010 0.000010 0.000010 0.999930 0.000010
0.000010 0.000010 0.999930 0.000010 0.000010 0.000010 0.000010 0.000010
0.000010 0.000010 0.999930 0.000010 0.000010 0.000010 0.000010 0.000010
0.000010 0.000010 0.041913 0.712843 0.169994 0.000010 0.038972 0.036248
0.909229 0.009640 0.000010 0.000341 0.000010 0.060531 0.000010 0.020229
0.966140 0.000010 0.017951 0.005027 0.000010 0.000010 0.010843 0.000010
0.999104 0.000010 0.000010 0.000010 0.000010 0.000010 0.000010 0.000836
0.929885 0.000010 0.000010 0.036556 0.033510 0.000010 0.000010 0.000010
0.950316 0.000010 0.000010 0.000010 0.000010 0.028811 0.006343 0.014491
0.983491 0.000010 0.007873 0.008586 0.000010 0.000010 0.000010 0.000010
0.525119 0.000010 0.005206 0.440258 0.023172 0.000010 0.000010 0.006216
0.000010 0.000010 0.999930 0.000010 0.000010 0.000010 0.000010 0.000010
0.000010 0.000010 0.999930 0.000010 0.000010 0.000010 0.000010 0.000010
0.000010 0.018458 0.962223 0.000010 0.000010 0.000010 0.019268 0.000010
0.000010 0.000010 0.999930 0.000010 0.000010 0.000010 0.000010 0.000010
0.000010 0.002137 0.997803 0.000010 0.000010 0.000010 0.000010 0.000010
0.000010 0.000010 0.969442 0.000010 0.000010 0.000010 0.004266 0.026243
0.000010 0.000010 0.971276 0.000010 0.000010 0.000010 0.000010 0.028664
0.999930 0.000010 0.000010 0.000010 0.000010 0.000010 0.000010 0.000010
0.129413 0.146088 0.050461 0.092341 0.077314 0.268307 0.115911 0.120166
0.999930 0.000010 0.000010 0.000010 0.000010 0.000010 0.000010 0.000010
0.973492 0.026448 0.000010 0.000010 0.000010 0.000010 0.000010 0.000010
0.907000 0.000010 0.000010 0.016785 0.000010 0.076165 0.000010 0.000010
0.999930 0.000010 0.000010 0.000010 0.000010 0.000010 0.000010 0.000010
0.000010 0.000010 0.996973 0.000010 0.000010 0.000010 0.000010 0.002967
0.000010 0.000010 0.999930 0.000010 0.000010 0.000010 0.000010 0.000010
0.000010 0.024861 0.902262 0.000010 0.000010 0.000010 0.000010 0.072827
0.000010 0.000010 0.999930 0.000010 0.000010 0.000010 0.000010 0.000010
0.000010 0.251122 0.031329 0.000010 0.010349 0.317913 0.389257 0.000010
0.999930 0.000010 0.000010 0.000010 0.000010 0.000010 0.000010 0.000010
0.999930 0.000010 0.000010 0.000010 0.000010 0.000010 0.000010 0.000010
0.132644 0.104111 0.046685 0.087405 0.068006 0.411951 0.089424 0.059774
0.000010 0.000010 0.000010 0.000010 0.000010 0.000010 0.999930 0.000010
0.000010 0.000010 0.043192 0.000010 0.273707 0.000010 0.000010 0.683051
0.000010 0.000010 0.941029 0.000010 0.000010 0.000010 0.000010 0.058911
0.000010 0.000010 0.932004 0.000011 0.000010 0.000010 0.000010 0.067935
0.000010 0.000010 0.000010 0.904869 0.000010 0.095071 0.000010 0.000010
0.000010 0.000010 0.997421 0.000010 0.000010 0.000010 0.000337 0.002191
0.000010 0.000010 0.999930 0.000010 0.000010 0.000010 0.000010 0.000010
0.000010 0.000010 0.999930 0.000010 0.000010 0.000010 0.000010 0.000010
0.000010 0.039109 0.008222 0.049770 0.000010 0.537267 0.361704 0.003909
0.000010 0.050809 0.022888 0.018765 0.009216 0.022084 0.847203 0.029025
0.000010 0.000010 0.000010 0.123042 0.039387 0.837521 0.000010 0.000010
0.083460 0.012623 0.000010 0.000010 0.000010 0.903867 0.000010 0.000010
0.000010 0.000010 0.000010 0.065485 0.061378 0.873087 0.000010 0.000010
0.004441 0.190637 0.009155 0.000010 0.000327 0.141940 0.653481 0.000010
0.000010 0.000010 0.000010 0.076477 0.048571 0.874902 0.000010 0.000010
0.000010 0.000020 0.000010 0.000010 0.000010 0.317361 0.682569 0.000010
0.000010 0.000010 0.999930 0.000010 0.000010 0.000010 0.000010 0.000010
0.000010 0.000010 0.999930 0.000010 0.000010 0.000010 0.000010 0.000010
0.000010 0.000010 0.998538 0.000010 0.000010 0.000010 0.001402 0.000010
0.000010 0.000010 0.000010 0.122147 0.000010 0.855206 0.000010 0.022597
0.000010 0.000010 0.999930 0.000010 0.000010 0.000010 0.000010 0.000010
0.081582 0.000010 0.000010 0.862514 0.027018 0.028846 0.000010 0.000010
0.000010 0.000010 0.999930 0.000010 0.000010 0.000010 0.000010 0.000010
0.000010 0.000010 0.000010 0.173968 0.135467 0.636757 0.000010 0.053768
0.000010 0.000010 0.000010 0.121571 0.054567 0.823811 0.000010 0.000010
0.000010 0.000010 0.017667 0.181329 0.064781 0.736183 0.000010 0.000010
0.000010 0.237786 0.031476 0.004161 0.000010 0.331696 0.394850 0.000010
0.089606 0.005427 0.000010 0.000010 0.000010 0.904917 0.000010 0.000010
0.000010 0.000010 0.999930 0.000010 0.000010 0.000010 0.000010 0.000010
0.000010 0.000010 0.961160 0.000010 0.000010 0.000010 0.000010 0.038780
0.136349 0.038266 0.000010 0.000010 0.003715 0.821631 0.000010 0.000010
0.000010 0.000010 0.000010 0.838794 0.052529 0.098570 0.000010 0.010068
0.000452 0.000010 0.000010 0.000010 0.000010 0.999488 0.000010 0.000010
0.000010 0.069587 0.000010 0.042371 0.016748 0.140231 0.247498 0.483545
0.000010 0.032162 0.913974 0.000010 0.000010 0.000010 0.033499 0.020325
0.000010 0.999930 0.000010 0.000010 0.000010 0.000010 0.000010 0.000010
0.042573 0.000010 0.013539 0.405728 0.000010 0.538119 0.000010 0.000010
0.510165 0.000010 0.000010 0.489775 0.000010 0.000010 0.000010 0.000010
0.000010 0.000010 0.000010 0.999930 0.000010 0.000010 0.000010 0.000010
0.100300 0.009843 0.000010 0.238017 0.035393 0.616417 0.000010 0.000010
0.045805 0.021452 0.000010 0.357636 0.000010 0.568354 0.000010 0.006723
0.000010 0.003854 0.000010 0.432968 0.000010 0.561936 0.001201 0.000010
0.000010 0.000010 0.004820 0.870252 0.000010 0.119993 0.000010 0.004895
0.028141 0.016689 0.016121 0.094300 0.075439 0.095448 0.601401 0.072460
0.085634 0.156345 0.000010 0.000010 0.000010 0.757971 0.000010 0.000010
0.000010 0.000010 0.009478 0.000010 0.020817 0.224630 0.194528 0.550517
0.000010 0.000010 0.000010 0.000010 0.000010 0.000010 0.873358 0.126582
0.000010 0.000010 0.027623 0.044535 0.007046 0.893676 0.020919 0.006181
0.472443 0.000010 0.000687 0.046231 0.017080 0.461474 0.000010 0.002066
0.000010 0.073995 0.031743 0.000010 0.383811 0.000010 0.433592 0.076828
0.000010 0.016364 0.035491 0.204278 0.614279 0.047083 0.029778 0.052717
0.000010 0.000010 0.028032 0.164515 0.735200 0.000010 0.000010 0.072213
0.181583 0.000010 0.015956 0.043055 0.000010 0.240059 0.259118 0.260209
0.000010 0.000010 0.000010 0.156299 0.785600 0.000010 0.000010 0.058051
0.000010 0.000010 0.000010 0.091673 0.310850 0.533437 0.030234 0.033775
0.000010 0.000010 0.000010 0.173610 0.730942 0.000010 0.000010 0.095398
0.000010 0.059013 0.062027 0.461285 0.247175 0.000010 0.170470 0.000010
0.048679 0.414961 0.000010 0.000010 0.000010 0.414039 0.122281 0.000010
0.766031 0.028628 0.009452 0.069809 0.014963 0.111097 0.000010 0.000010
0.362763 0.021554 0.000010 0.030655 0.000010 0.584988 0.000010 0.000010
0.000010 0.003742 0.011806 0.296178 0.245337 0.389486 0.031182 0.022260
0.000010 0.000010 0.000010 0.000010 0.000010 0.999930 0.000010 0.000010
0.000010 0.000010 0.000010 0.068040 0.000010 0.927934 0.003976 0.000010
0.015442 0.001183 0.000010 0.000010 0.040771 0.942563 0.000010 0.000010
0.000010 0.007587 0.022375 0.485772 0.136879 0.287394 0.044283 0.015701
0.012404 0.000010 0.000010 0.000010 0.075189 0.900121 0.000010 0.012245
0.000010 0.000010 0.042740 0.377597 0.160172 0.372541 0.046920 0.000010
0.000010 0.000010 0.000010 0.000010 0.000010 0.000010 0.267249 0.732691
0.018860 0.030205 0.000010 0.000010 0.000010 0.059586 0.526995 0.364325
0.053194 0.000010 0.000010 0.042295 0.000010 0.344444 0.317439 0.242598
0.000010 0.999930 0.000010 0.000010 0.000010 0.000010 0.000010 0.000010
0.000010 0.114869 0.052847 0.074762 0.069826 0.181857 0.101966 0.403863
0.504980 0.000010 0.017074 0.009958 0.026621 0.000010 0.005253 0.436094
0.000010 0.030810 0.100447 0.535286 0.279812 0.000010 0.031686 0.021940
0.000010 0.099771 0.029254 0.018726 0.010002 0.199860 0.116723 0.525652
0.000010 0.051224 0.098138 0.382878 0.338605 0.012859 0.046503 0.069784
0.000010 0.000010 0.000010 0.000010 0.000010 0.000010 0.000010 0.999930
0.000010 0.000010 0.000010 0.000010 0.000010 0.000010 0.000010 0.999930
0.000010 0.000010 0.038979 0.808743 0.124307 0.000010 0.015562 0.012380
0.000010 0.010231 0.075081 0.472120 0.404272 0.000010 0.014564 0.023713
0.029071 0.000010 0.002072 0.089844 0.112367 0.243219 0.427205 0.096213
0.000010 0.184181 0.062233 0.011568 0.000010 0.000010 0.213788 0.528201
0.000010 0.000010 0.064022 0.703604 0.200242 0.000010 0.032093 0.000010
0.000010 0.022319 0.058704 0.654808 0.201101 0.000010 0.043925 0.019123
0.000010 0.013917 0.041787 0.538905 0.334994 0.000010 0.046177 0.024199
0.000010 0.000010 0.000010 0.024646 0.002579 0.224320 0.205375 0.543051
0.000010 0.014623 0.043240 0.539394 0.303607 0.000010 0.064798 0.034317
0.000010 0.032333 0.012841 0.651536 0.202947 0.000010 0.044632 0.055691
0.000010 0.007172 0.011889 0.388912 0.442538 0.051674 0.043020 0.054784
0.829333 0.015787 0.008743 0.027384 0.000010 0.110205 0.000010 0.008527
0.000010 0.009673 0.000010 0.278007 0.458343 0.130244 0.005071 0.118642
0.000010 0.000010 0.082019 0.068004 0.346125 0.000010 0.000010 0.503812
0.000010 0.000010 0.073746 0.725812 0.160221 0.000010 0.040181 0.000010
0.000010 0.014999 0.071820 0.643653 0.235336 0.000010 0.020495 0.013677
0.000010 0.000010 0.055587 0.712598 0.180573 0.000010 0.051202 0.000010
0.000010 0.000010 0.000010 0.000010 0.000010 0.000010 0.000010 0.999930
0.973979 0.010473 0.000010 0.000010 0.000010 0.000010 0.000010 0.015498
0.000010 0.000010 0.000010 0.133345 0.121650 0.710250 0.000010 0.034715
0.000010 0.510349 0.046434 0.000010 0.000010 0.000010 0.443167 0.000010
0.000010 0.022157 0.000010 0.000010 0.007833 0.518806 0.007335 0.443840
0.000010 0.000010 0.000011 0.000010 0.000010 0.000010 0.856703 0.143236
0.000010 0.097048 0.000010 0.000010 0.000010 0.000010 0.902892 0.000010
0.000010 0.160490 0.000010 0.000010 0.000010 0.415612 0.159653 0.264205
0.000010 0.000010 0.039390 0.084811 0.284171 0.000010 0.010311 0.581286
0.000010 0.000010 0.042108 0.000010 0.017611 0.000010 0.575688 0.364553
0.000010 0.281300 0.039568 0.017535 0.043116 0.438626 0.179835 0.000010
0.951456 0.000010 0.000010 0.000010 0.048484 0.000010 0.000010 0.000010
0.028591 0.000010 0.515723 0.044970 0.039377 0.111408 0.190034 0.069887
0.000010 0.000010 0.000010 0.000010 0.000010 0.000010 0.838748 0.161192
0.000010 0.000010 0.000010 0.000010 0.000010 0.000010 0.000010 0.999930
0.000010 0.058783 0.000010 0.000010 0.000010 0.000010 0.707201 0.233966
0.000010 0.000010 0.000010 0.000010 0.000010 0.000010 0.000010 0.999930
0.000010 0.000010 0.989881 0.000010 0.000010 0.000010 0.010059 0.000010
0.000010 0.000010 0.000010 0.000010 0.000010 0.000010 0.443934 0.556006
0.000010 0.000010 0.000010 0.000010 0.000010 0.000010 0.460659 0.539281
0.000010 0.000020 0.000010 0.000010 0.000010 0.000010 0.305834 0.694096
0.000010 0.000010 0.999268 0.000010 0.000010 0.000010 0.000010 0.000672
0.000010 0.003149 0.807336 0.000010 0.000010 0.000010 0.000010 0.189464
0.000010 0.000010 0.999930 0.000010 0.000010 0.000010 0.000010 0.000010
0.000010 0.000010 0.941081 0.000010 0.000010 0.000010 0.026095 0.032774
0.000010 0.000010 0.973175 0.000010 0.000010 0.000010 0.000010 0.026765
0.000010 0.000010 0.985795 0.000010 0.000010 0.000010 0.000010 0.014145
0.999930 0.000010 0.000010 0.000010 0.000010 0.000010 0.000010 0.000010
0.097554 0.108455 0.072935 0.169709 0.131009 0.104311 0.105581 0.210446
0.010161 0.000010 0.000010 0.068895 0.006811 0.914093 0.000010 0.000010
0.000010 0.039932 0.062824 0.710644 0.171091 0.000010 0.015479 0.000010
0.000010 0.000010 0.000014 0.000010 0.000010 0.000010 0.558973 0.440962
0.000010 0.155257 0.688534 0.000010 0.000010 0.000010 0.156159 0.000010
0.000010 0.528401 0.124191 0.000010 0.000010 0.000010 0.347359 0.000010
0.068291 0.000010 0.000010 0.000010 0.000010 0.913095 0.000010 0.018564
0.000010 0.000010 0.000010 0.000010 0.000010 0.999930 0.000010 0.000010
0.000010 0.000010 0.000010 0.000010 0.999930 0.000010 0.000010 0.000010
0.000010 0.000010 0.000010 0.000010 0.999930 0.000010 0.000010 0.000010
0.214272 0.000010 0.000010 0.026885 0.000010 0.736270 0.000010 0.022533
0.000010 0.999930 0.000010 0.000010 0.000010 0.000010 0.000010 0.000010
0.000010 0.000010 0.983573 0.000010 0.000010 0.000010 0.000010 0.016367
0.000010 0.000010 0.000010 0.142174 0.305024 0.011861 0.354168 0.186742
0.000010 0.032115 0.061715 0.436689 0.135824 0.324388 0.009248 0.000010
0.051093 0.000010 0.000010 0.071202 0.023519 0.854147 0.000010 0.000010
0.000010 0.000010 0.000010 0.078576 0.000010 0.921364 0.000010 0.000010
0.000010 0.000010 0.000010 0.000010 0.000010 0.000010 0.000010 0.999930
0.086104 0.000010 0.000010 0.000010 0.000010 0.913836 0.000010 0.000010
0.091771 0.000010 0.000010 0.000010 0.000010 0.908169 0.000010 0.000010
0.000010 0.413197 0.125779 0.000010 0.000010 0.000010 0.460974 0.000010
0.000010 0.000010 0.000010 0.000010 0.999930 0.000010 0.000010 0.000010
0.000013 0.000010 0.000010 0.000010 0.999927 0.000010 0.000010 0.000010
0.000010 0.000010 0.000010 0.000010 0.999930 0.000010 0.000010 0.000010
0.200990 0.180535 0.000010 0.000010 0.618425 0.000010 0.000010 0.000010
0.000010 0.000010 0.000010 0.000010 0.000010 0.000010 0.978243 0.021697
0.000010 0.000010 0.000010 0.000010 0.000010 0.000010 0.000010 0.999930
0.000010 0.197111 0.123948 0.018999 0.000010 0.000010 0.202430 0.457482
0.000010 0.000010 0.000010 0.000010 0.000010 0.000010 0.000010 0.999930
0.000010 0.000010 0.000010 0.000010 0.000010 0.000010 0.000010 0.999930
0.000010 0.000010 0.148845 0.000010 0.000010 0.000010 0.000010 0.851095
0.000010 0.000010 0.000010 0.000010 0.000010 0.000010 0.000010 0.999930
0.000010 0.075810 0.103116 0.038292 0.586225 0.007546 0.126669 0.062332
0.000010 0.184510 0.125088 0.033106 0.000010 0.000010 0.236637 0.420629
0.000010 0.000010 0.000010 0.000010 0.000010 0.000010 0.000010 0.999930
0.000010 0.251385 0.011010 0.013721 0.000010 0.267313 0.432631 0.023920
0.000010 0.295124 0.046481 0.054813 0.000010 0.190618 0.412934 0.000010
0.000010 0.306489 0.046985 0.001603 0.000010 0.203881 0.441012 0.000010
0.000010 0.000010 0.000010 0.000010 0.000010 0.000010 0.000010 0.999930
0.000010 0.000011 0.000010 0.000010 0.000010 0.000010 0.000010 0.999929
0.000010 0.042543 0.019092 0.185928 0.473944 0.108012 0.014751 0.155720
0.000010 0.051610 0.000010 0.255500 0.430472 0.101936 0.036029 0.124432
0.016725 0.145590 0.042162 0.100142 0.061180 0.180334 0.120380 0.333486
0.000010 0.999930 0.000010 0.000010 0.000010 0.000010 0.000010 0.000010
0.000010 0.028643 0.000010 0.088387 0.725745 0.033625 0.000010 0.123570
0.000010 0.022009 0.117726 0.000010 0.006793 0.106952 0.367120 0.379381
0.907627 0.000010 0.000010 0.054013 0.000010 0.032997 0.000010 0.005323
0.225632 0.000010 0.000010 0.579149 0.008541 0.168189 0.000010 0.018458
0.000010 0.000010 0.015254 0.918894 0.002511 0.028352 0.008754 0.026215
0.780059 0.000010 0.000010 0.028164 0.000010 0.191727 0.000010 0.000010
0.017516 0.000010 0.000010 0.120942 0.000010 0.831620 0.019443 0.010449
0.554173 0.001727 0.000010 0.373585 0.038685 0.029510 0.000010 0.002300
0.397973 0.000010 0.000010 0.540854 0.000010 0.061123 0.000010 0.000010
0.000010 0.000010 0.000010 0.983597 0.000010 0.008606 0.007747 0.000010
0.000010 0.000010 0.000010 0.000010 0.000010 0.000010 0.999930 0.000010
0.000010 0.000010 0.000010 0.999930 0.000010 0.000010 0.000010 0.000010
0.000010 0.000010 0.000010 0.000010 0.000010 0.000010 0.870542 0.129398
0.000010 0.000010 0.000010 0.999930 0.000010 0.000010 0.000010 0.000010
0.000010 0.000010 0.999930 0.000010 0.000010 0.000010 0.000010 0.000010
0.000010 0.021879 0.927106 0.000010 0.000010 0.000010 0.017879 0.033097
0.000010 0.005023 0.994917 0.000010 0.000010 0.000010 0.000010 0.000010
0.000010 0.000014 0.042586 0.054307 0.340962 0.000010 0.074609 0.487502
0.000010 0.076210 0.002504 0.000010 0.000010 0.219414 0.615162 0.086680
0.864907 0.000010 0.000594 0.000010 0.011382 0.102673 0.000010 0.020415
0.000010 0.000010 0.000010 0.000010 0.000010 0.000010 0.288385 0.711555
0.617664 0.000010 0.000010 0.150177 0.000010 0.232110 0.000010 0.000010
0.433623 0.000010 0.000010 0.095812 0.039611 0.417498 0.010487 0.002949
0.976498 0.000010 0.000010 0.000010 0.000010 0.023442 0.000010 0.000010
0.000010 0.000010 0.999929 0.000010 0.000010 0.000010 0.000011 0.000010
0.000010 0.000010 0.999930 0.000010 0.000010 0.000010 0.000010 0.000010
0.415369 0.170198 0.068299 0.048541 0.013624 0.060749 0.223209 0.000010
0.041907 0.000010 0.000010 0.080663 0.015039 0.831162 0.009645 0.021565
0.999930 0.000010 0.000010 0.000010 0.000010 0.000010 0.000010 0.000010
0.005288 0.000010 0.000010 0.123440 0.015487 0.807997 0.011438 0.036330
0.000010 0.000010 0.000010 0.116592 0.120845 0.718884 0.023150 0.020498
0.919732 0.005391 0.000010 0.000010 0.000010 0.072486 0.002351 0.000010
0.000010 0.000010 0.000010 0.090596 0.000010 0.909344 0.000010 0.000010
0.000010 0.408337 0.120047 0.000010 0.000010 0.000010 0.471566 0.000010
0.000010 0.433906 0.098187 0.000010 0.000010 0.000010 0.467857 0.000010
0.000010 0.000010 0.000010 0.999930 0.000010 0.000010 0.000010 0.000010
0.999930 0.000010 0.000010 0.000010 0.000010 0.000010 0.000010 0.000010
0.999349 0.000010 0.000591 0.000010 0.000010 0.000010 0.000010 0.000010
0.000010 0.000010 0.000010 0.999930 0.000010 0.000010 0.000010 0.000010
0.000010 0.000010 0.000010 0.133868 0.000010 0.846930 0.012123 0.007039
0.000010 0.000010 0.000010 0.999930 0.000010 0.000010 0.000010 0.000010
0.000010 0.000010 0.000010 0.999930 0.000010 0.000010 0.000010 0.000010
0.000010 0.000010 0.000010 0.572895 0.000010 0.427045 0.000010 0.000010
0.039485 0.000010 0.000010 0.457706 0.054245 0.448524 0.000010 0.000010
0.000010 0.000010 0.000010 0.963482 0.000010 0.000010 0.000010 0.036458
0.991295 0.000010 0.000010 0.000010 0.000010 0.008645 0.000010 0.000010
0.000010 0.000010 0.000010 0.999930 0.000010 0.000010 0.000010 0.000010
0.000010 0.000010 0.999930 0.000010 0.000010 0.000010 0.000010 0.000010
0.000010 0.000010 0.999930 0.000010 0.000010 0.000010 0.000010 0.000010
0.000010 0.000010 0.992393 0.000010 0.000010 0.000010 0.007547 0.000010
0.000010 0.000010 0.999930 0.000010 0.000010 0.000010 0.000010 0.000010
