0.000010 0.999960 0.000010 0.000010 0.000010
0.000010 0.990435 0.009535 0.000010 0.000010
0.000010 0.999960 0.000010 0.000010 0.000010
0.000010 0.999685 0.000010 0.000010 0.000285
0.000010 0.999960 0.000010 0.000010 0.000010
0.000010 0.999960 0.000010 0.000010 0.000010
0.000010 0.999960 0.000010 0.000010 0.000010
0.000010 0.211290 0.052124 0.000010 0.736566
0.000010 0.421640 0.000010 0.000010 0.578330
0.000010 0.068034 0.116391 0.000010 0.815555
0.000838 0.468124 0.000010 0.000010 0.531018
0.000010 0.000010 0.000010 0.999960 0.000010
0.000010 0.000010 0.000010 0.999960 0.000010
0.000010 0.000010 0.999960 0.000010 0.000010
0.000010 0.000010 0.000010 0.999960 0.000010
0.000010 0.000010 0.000010 0.999960 0.000010
0.000010 0.003125 0.029356 0.028045 0.939464
0.000010 0.000010 0.000010 0.999960 0.000010
0.000010 0.004775 0.034917 0.052881 0.907417
0.000010 0.000010 0.999960 0.000010 0.000010
0.000010 0.976736 0.023234 0.000010 0.000010
0.000010 0.000010 0.000010 0.999960 0.000010
0.000010 0.000010 0.000010 0.999960 0.000010
0.000010 0.999960 0.000010 0.000010 0.000010
0.000010 0.044921 0.037969 0.064889 0.852211
0.003554 0.187057 0.079313 0.000010 0.730066
0.000010 0.976989 0.015251 0.000010 0.007740
0.000010 0.930996 0.000010 0.013187 0.055797
0.000010 0.451695 0.000010 0.000010 0.548275
0.000010 0.441406 0.000010 0.000010 0.558564
0.000010 0.000010 0.000010 0.999960 0.000010
0.028956 0.237281 0.016699 0.000010 0.717054
0.672239 0.177585 0.000010 0.000010 0.150155
0.000010 0.000010 0.000010 0.999960 0.000010
0.973250 0.000010 0.026720 0.000010 0.000010
0.000010 0.000010 0.000010 0.999960 0.000010
0.000010 0.000010 0.000010 0.999960 0.000010
0.064168 0.000010 0.053006 0.062660 0.820156
0.000010 0.953478 0.022540 0.000010 0.023962
0.000010 0.963615 0.000010 0.024081 0.012284
0.000010 0.991242 0.008728 0.000010 0.000010
0.000010 0.935723 0.000010 0.000010 0.064247
0.000010 0.969544 0.019969 0.000010 0.010467
0.000010 0.981705 0.000010 0.018265 0.000010
0.000010 0.521838 0.006104 0.032295 0.439753
0.000010 0.000010 0.000010 0.999960 0.000010
0.000010 0.000010 0.000010 0.999960 0.000010
0.036566 0.000010 0.000010 0.963404 0.000010
0.000010 0.000010 0.000010 0.999960 0.000010
0.000010 0.000010 0.000010 0.999960 0.000010
0.004729 0.000010 0.024340 0.970912 0.000010
0.000010 0.000010 0.025077 0.974893 0.000010
0.000010 0.990889 0.009081 0.000010 0.000010
0.215076 0.300842 0.104000 0.080133 0.299950
0.000010 0.999960 0.000010 0.000010 0.000010
0.000010 0.999960 0.000010 0.000010 0.000010
0.000010 0.956752 0.000010 0.000010 0.043218
0.000012 0.999958 0.000010 0.000010 0.000010
0.000010 0.000010 0.009189 0.990781 0.000010
0.000010 0.000010 0.000010 0.999960 0.000010
0.000010 0.000010 0.077335 0.922635 0.000010
0.000010 0.000010 0.000010 0.999960 0.000010
0.604516 0.250500 0.000010 0.029709 0.115266
0.000010 0.999960 0.000010 0.000010 0.000010
0.000010 0.999960 0.000010 0.000010 0.000010
0.152455 0.355796 0.055523 0.064494 0.371732
0.942138 0.000010 0.057832 0.000010 0.000010
0.000010 0.000010 0.782102 0.000010 0.217868
0.000010 0.000010 0.058549 0.941421 0.000010
0.000010 0.000010 0.062468 0.937502 0.000010
0.000010 0.000010 0.000010 0.000010 0.999960
0.000010 0.000010 0.000010 0.999960 0.000010
0.000010 0.000010 0.000010 0.999960 0.000010
0.000010 0.000010 0.000010 0.999960 0.000010
0.455686 0.162228 0.020339 0.000010 0.361738
0.874331 0.000010 0.110611 0.000010 0.015038
0.000010 0.309491 0.010249 0.000010 0.680240
0.018292 0.491645 0.000010 0.000010 0.490043
0.000010 0.289787 0.000010 0.000010 0.710183
0.789978 0.122199 0.000010 0.033212 0.054601
0.000010 0.270284 0.012202 0.000010 0.717494
0.710582 0.067461 0.052858 0.000010 0.169089
0.000010 0.000010 0.000010 0.999960 0.000010
0.000010 0.000010 0.000010 0.999960 0.000010
0.000010 0.000010 0.000010 0.999960 0.000010
0.021168 0.000010 0.627722 0.017994 0.333106
0.000010 0.305355 0.028013 0.000010 0.666612
0.000010 0.000010 0.000010 0.999960 0.000010
0.000010 0.089640 0.000010 0.000010 0.910330
0.000010 0.000010 0.000010 0.999960 0.000010
0.000010 0.188648 0.061315 0.000010 0.750016
0.000010 0.237546 0.008224 0.000010 0.754210
0.000010 0.232934 0.011005 0.013920 0.742132
0.629722 0.195959 0.000010 0.023456 0.150853
0.000010 0.537020 0.000010 0.000010 0.462950
0.000010 0.000010 0.000010 0.999960 0.000010
0.000010 0.000010 0.038013 0.961957 0.000010
0.009716 0.508206 0.000010 0.000010 0.482058
0.000010 0.021064 0.020464 0.016006 0.942455
0.000010 0.400934 0.000010 0.000010 0.599036
0.337924 0.071019 0.491676 0.000010 0.099370
0.056755 0.000010 0.017482 0.925743 0.000010
0.443460 0.485728 0.000010 0.070792 0.000010
0.000010 0.255180 0.000010 0.024635 0.720165
0.000010 0.512468 0.002165 0.000010 0.485347
0.000010 0.024667 0.013603 0.000010 0.961710
0.000010 0.347725 0.000010 0.000010 0.652245
0.000998 0.268025 0.008397 0.000010 0.722569
0.007979 0.225991 0.000010 0.000010 0.766010
0.000010 0.000010 0.003380 0.027413 0.969187
0.600983 0.033844 0.137721 0.000010 0.227442
0.113380 0.533513 0.000010 0.000010 0.353086
0.163382 0.050394 0.567012 0.015223 0.203989
0.862804 0.000010 0.137166 0.000010 0.000010
0.008321 0.352648 0.007874 0.027684 0.603474
0.000010 0.637633 0.006322 0.000010 0.356025
0.477646 0.004446 0.150248 0.028866 0.338794
0.060482 0.027456 0.122000 0.042835 0.747226
0.027786 0.000010 0.162608 0.018885 0.790711
0.252476 0.262999 0.294856 0.006724 0.182944
0.009487 0.000010 0.151221 0.000010 0.839272
0.041414 0.167495 0.078645 0.000010 0.712437
0.025990 0.022883 0.187895 0.000010 0.763221
0.217984 0.000010 0.030096 0.089555 0.662355
0.392251 0.487871 0.000010 0.011245 0.108624
0.000010 0.833535 0.000010 0.018238 0.148207
0.000010 0.615645 0.000010 0.000010 0.384325
0.062497 0.084035 0.056427 0.007825 0.789216
0.000010 0.426539 0.000010 0.000010 0.573431
0.000010 0.296517 0.000010 0.000010 0.703453
0.000010 0.383821 0.000010 0.000010 0.616149
0.067306 0.068976 0.026533 0.041112 0.796073
0.000010 0.341216 0.006689 0.000010 0.652075
0.057487 0.071613 0.036285 0.041823 0.792792
0.105181 0.048117 0.550593 0.043717 0.252393
0.932281 0.028401 0.039298 0.000010 0.000010
0.238385 0.000010 0.761585 0.000010 0.000010
0.537223 0.051035 0.411722 0.000010 0.000010
0.286273 0.169937 0.274757 0.000010 0.269024
0.171146 0.828824 0.000010 0.000010 0.000010
0.178564 0.140115 0.391478 0.074317 0.215526
0.000010 0.505047 0.450681 0.008423 0.035839
0.100813 0.000010 0.079431 0.093446 0.726301
0.210909 0.121618 0.512420 0.035413 0.119639
0.101193 0.028714 0.119220 0.094257 0.656615
0.000010 0.000010 0.999960 0.000010 0.000010
0.000010 0.000010 0.999960 0.000010 0.000010
0.010483 0.000010 0.016707 0.064545 0.908255
0.064316 0.000010 0.064470 0.084140 0.787065
0.420734 0.091064 0.150833 0.000010 0.337359
0.339756 0.040951 0.466113 0.121637 0.031544
0.049255 0.000010 0.012784 0.096307 0.841644
0.088933 0.000405 0.046498 0.084667 0.779497
0.095763 0.000010 0.080483 0.045034 0.778710
0.177752 0.044356 0.565499 0.000010 0.212382
0.101974 0.000010 0.067104 0.058778 0.772133
0.099430 0.000010 0.078654 0.024707 0.797200
0.070247 0.000922 0.111048 0.019851 0.797932
0.007268 0.905315 0.009743 0.021409 0.056264
0.026880 0.050620 0.174535 0.000010 0.747956
0.000010 0.000010 0.673393 0.000010 0.326577
0.059142 0.000010 0.000010 0.107404 0.833434
0.053723 0.000010 0.030179 0.085366 0.830721
0.086802 0.000010 0.027474 0.072949 0.812765
0.000010 0.000010 0.999960 0.000010 0.000010
0.000010 0.974812 0.025158 0.000010 0.000010
0.000010 0.202690 0.053259 0.000010 0.744032
0.780262 0.139231 0.000010 0.080486 0.000010
0.026515 0.235165 0.444218 0.000010 0.294092
0.801468 0.000010 0.198502 0.000010 0.000010
0.999960 0.000010 0.000010 0.000010 0.000010
0.311747 0.212781 0.248740 0.000010 0.226721
0.003075 0.000010 0.684025 0.000010 0.312880
0.534661 0.000010 0.421048 0.026643 0.017638
0.376155 0.319649 0.000010 0.033967 0.270219
0.000010 0.977456 0.011280 0.000010 0.011244
0.181014 0.064215 0.114695 0.500172 0.139904
0.829253 0.000010 0.170717 0.000010 0.000010
0.000010 0.000010 0.999959 0.000011 0.000010
0.728949 0.000010 0.271021 0.000010 0.000010
0.000010 0.000010 0.999960 0.000010 0.000010
0.000010 0.000010 0.000010 0.999960 0.000010
0.388577 0.000010 0.611393 0.000010 0.000010
0.413618 0.000010 0.586352 0.000010 0.000010
0.265730 0.000010 0.734240 0.000010 0.000010
0.000010 0.000010 0.000010 0.999960 0.000010
0.000010 0.000010 0.194297 0.805673 0.000010
0.000010 0.000010 0.000010 0.999960 0.000010
0.023747 0.000010 0.038782 0.937451 0.000010
0.000010 0.000010 0.035075 0.964895 0.000010
0.000010 0.000010 0.003439 0.996531 0.000010
0.000010 0.999960 0.000010 0.000010 0.000010
0.187363 0.183535 0.232341 0.073057 0.323704
0.000010 0.336432 0.001901 0.000010 0.661647
0.091932 0.000010 0.000010 0.095470 0.812578
0.512233 0.000010 0.487737 0.000010 0.000010
0.290755 0.028138 0.000010 0.681086 0.000010
0.675481 0.183456 0.000010 0.141043 0.000010
0.000016 0.473104 0.036678 0.000010 0.490192
0.000010 0.432353 0.012933 0.000010 0.554694
0.000010 0.000010 0.124630 0.000010 0.875340
0.000010 0.000010 0.138355 0.000010 0.861615
0.000010 0.508573 0.034327 0.000010 0.457080
0.000010 0.000010 0.646343 0.000010 0.353627
0.000010 0.000010 0.009075 0.990895 0.000010
0.330191 0.000010 0.261952 0.000010 0.407837
0.048549 0.094036 0.000010 0.083232 0.774174
0.000010 0.371010 0.000010 0.000010 0.628960
0.000010 0.340086 0.000012 0.000010 0.659882
0.000010 0.000010 0.999960 0.000010 0.000010
0.000010 0.448960 0.000010 0.000010 0.551010
0.000010 0.504669 0.000010 0.000010 0.495301
0.732567 0.123207 0.000010 0.144206 0.000010
0.000010 0.008487 0.134411 0.000010 0.857082
0.000010 0.000010 0.136067 0.000010 0.863903
0.000010 0.012257 0.116968 0.000010 0.870754
0.021741 0.411729 0.069838 0.000010 0.496681
0.888642 0.000010 0.111328 0.000010 0.000010
0.000010 0.000010 0.999960 0.000010 0.000010
0.348181 0.071054 0.410140 0.161067 0.009559
0.000010 0.000010 0.999960 0.000010 0.000010
0.000010 0.000010 0.999960 0.000010 0.000010
0.000010 0.000010 0.862795 0.137175 0.000010
0.000010 0.000010 0.999960 0.000010 0.000010
0.197318 0.038449 0.150290 0.093647 0.520295
0.369733 0.057931 0.382026 0.157749 0.032561
0.000010 0.000010 0.999960 0.000010 0.000010
0.644980 0.193219 0.000010 0.031976 0.129815
0.720533 0.100506 0.000010 0.040715 0.138236
0.742912 0.132259 0.000010 0.040895 0.083925
0.000010 0.000010 0.999960 0.000010 0.000010
0.000010 0.000010 0.999960 0.000010 0.000010
0.057694 0.045666 0.203803 0.033469 0.659368
0.075967 0.042691 0.186466 0.000010 0.694865
0.250025 0.158267 0.319641 0.052402 0.219665
0.167178 0.832792 0.000010 0.000010 0.000010
0.005477 0.067294 0.197814 0.000010 0.729404
0.428564 0.000010 0.425148 0.090094 0.056184
0.000010 0.930641 0.014344 0.000010 0.054995
0.000010 0.276553 0.031372 0.000010 0.692055
0.000010 0.016421 0.017614 0.046507 0.919449
0.000010 0.877418 0.000010 0.000010 0.122552
0.005643 0.340730 0.011825 0.000010 0.641792
0.009291 0.564643 0.012514 0.000010 0.413542
0.000010 0.419770 0.000010 0.000010 0.580200
0.025314 0.000010 0.002901 0.000010 0.971765
0.999960 0.000010 0.000010 0.000010 0.000010
0.000010 0.000010 0.000010 0.000010 0.999960
0.800609 0.000010 0.199361 0.000010 0.000010
0.000010 0.000010 0.000010 0.000010 0.999960
0.000010 0.000010 0.000010 0.999960 0.000010
0.031562 0.000010 0.031815 0.936603 0.000010
0.000010 0.000010 0.000010 0.999960 0.000010
0.700385 0.101311 0.125212 0.000010 0.073082
0.000010 0.925175 0.028209 0.000010 0.046597
0.253769 0.000010 0.746201 0.000010 0.000010
0.000010 0.712710 0.000010 0.000010 0.287260
0.000010 0.584351 0.008913 0.000010 0.406717
0.000010 0.999960 0.000010 0.000010 0.000010
0.000010 0.000010 0.000010 0.999960 0.000010
0.000010 0.000010 0.000010 0.999960 0.000010
0.337451 0.516824 0.000010 0.077721 0.067994
0.000010 0.341854 0.023995 0.000010 0.634132
0.000010 0.999960 0.000010 0.000010 0.000010
0.002680 0.294139 0.052751 0.000010 0.650419
0.000010 0.185012 0.045141 0.000010 0.769827
0.012903 0.980941 0.006136 0.000010 0.000010
0.000010 0.315386 0.000010 0.000010 0.684584
0.772336 0.060610 0.000010 0.147701 0.019343
0.793078 0.088847 0.000010 0.118054 0.000010
0.000010 0.000010 0.001620 0.003147 0.995214
0.000010 0.999960 0.000010 0.000010 0.000010
0.000010 0.997141 0.002829 0.000010 0.000010
0.000010 0.000010 0.020598 0.000010 0.979372
0.015457 0.285854 0.011873 0.000010 0.686806
0.000010 0.000010 0.007057 0.000010 0.992913
0.000010 0.000010 0.000010 0.000010 0.999960
0.000010 0.154602 0.000010 0.000010 0.845368
0.000010 0.206205 0.000010 0.000010 0.793765
0.000010 0.031500 0.069493 0.000010 0.898987
0.000010 0.999960 0.000010 0.000010 0.000010
0.000010 0.000010 0.000010 0.000010 0.999960
0.000010 0.000010 0.000010 0.999960 0.000010
0.000010 0.000010 0.000010 0.999960 0.000010
0.002835 0.000010 0.000010 0.997135 0.000010
0.000010 0.000010 0.000010 0.999960 0.000010
