0.000010 0.000010 0.999970 0.000010
0.000010 0.000010 0.999970 0.000010
0.000010 0.000010 0.999970 0.000010
0.000010 0.000010 0.999970 0.000010
0.000010 0.000010 0.999970 0.000010
0.000010 0.000010 0.999970 0.000010
0.000010 0.000010 0.999970 0.000010
0.037305 0.751313 0.211373 0.000010
0.000010 0.567278 0.432702 0.000010
0.085152 0.851746 0.063093 0.000010
0.000010 0.524926 0.475054 0.000010
0.989578 0.000010 0.000010 0.010402
0.983704 0.000010 0.000010 0.016276
0.999970 0.000010 0.000010 0.000010
0.995347 0.000018 0.000010 0.004625
0.980065 0.000010 0.000010 0.019915
0.042274 0.951205 0.006511 0.000010
0.986485 0.000010 0.000010 0.013495
0.072428 0.918011 0.009551 0.000010
0.999967 0.000013 0.000010 0.000010
0.013599 0.000010 0.986381 0.000010
0.973171 0.000010 0.000010 0.026809
0.999970 0.000010 0.000010 0.000010
0.000010 0.000010 0.999970 0.000010
0.089849 0.862028 0.048113 0.000010
0.062562 0.748536 0.188104 0.000798
0.007251 0.011807 0.980932 0.000010
0.007399 0.056924 0.935668 0.000010
0.000010 0.543588 0.456392 0.000010
0.000010 0.552977 0.447003 0.000010
0.986991 0.000010 0.000010 0.012989
0.000010 0.728193 0.243011 0.028786
0.000010 0.127858 0.187987 0.684145
0.982632 0.000010 0.000010 0.017348
0.000010 0.000010 0.000010 0.999970
0.966839 0.000010 0.000010 0.033141
0.999970 0.000010 0.000010 0.000010
0.097957 0.830970 0.000010 0.071062
0.015924 0.031501 0.952566 0.000010
0.013307 0.015885 0.970798 0.000010
0.000010 0.000010 0.999970 0.000010
0.000010 0.063314 0.936666 0.000010
0.000010 0.023368 0.969264 0.007358
0.014713 0.000010 0.985267 0.000010
0.030202 0.443492 0.526295 0.000010
0.969114 0.000010 0.000010 0.030866
0.957292 0.000010 0.000010 0.042688
0.910254 0.000010 0.004849 0.084886
0.959491 0.000010 0.000010 0.040489
0.953513 0.000010 0.000010 0.046467
0.957219 0.000010 0.000010 0.042761
0.973977 0.000010 0.000010 0.026003
0.000010 0.000010 0.999970 0.000010
0.166264 0.305217 0.304597 0.223922
0.000010 0.000010 0.999970 0.000010
0.000010 0.000010 0.999970 0.000010
0.000010 0.039591 0.960389 0.000010
0.000010 0.000010 0.999970 0.000010
0.999970 0.000010 0.000010 0.000010
0.978286 0.000010 0.000010 0.021694
0.958200 0.000010 0.000010 0.041780
0.971716 0.000010 0.000010 0.028264
0.000010 0.107670 0.265568 0.626752
0.000010 0.000010 0.999970 0.000010
0.000010 0.000010 0.999970 0.000010
0.103490 0.376708 0.359505 0.160297
0.000010 0.000010 0.000010 0.999970
0.735958 0.264022 0.000010 0.000010
0.990120 0.000010 0.000010 0.009860
0.999970 0.000010 0.000010 0.000010
0.000010 0.999970 0.000010 0.000010
0.947694 0.000010 0.000010 0.052286
0.993981 0.000010 0.000010 0.005999
0.985140 0.000010 0.000010 0.014840
0.000010 0.358871 0.167990 0.473129
0.060269 0.035757 0.000010 0.903964
0.000010 0.686041 0.313939 0.000010
0.000010 0.486646 0.497474 0.015869
0.000010 0.707786 0.292194 0.000010
0.000010 0.045581 0.135754 0.818655
0.000010 0.724075 0.275905 0.000010
0.000010 0.180043 0.077211 0.742737
0.956143 0.000010 0.000010 0.043837
0.993359 0.000010 0.000010 0.006621
0.945460 0.000010 0.000010 0.054520
0.612099 0.387881 0.000010 0.000010
0.000010 0.688096 0.311884 0.000010
0.976021 0.000010 0.000010 0.023959
0.000010 0.909720 0.090260 0.000010
0.999970 0.000010 0.000010 0.000010
0.044928 0.764887 0.190175 0.000010
0.000010 0.763190 0.236790 0.000010
0.013323 0.748143 0.238524 0.000010
0.000010 0.139611 0.212144 0.648235
0.000010 0.456171 0.543809 0.000010
0.999970 0.000010 0.000010 0.000010
0.983715 0.000010 0.000010 0.016265
0.000010 0.477626 0.515276 0.007089
0.027889 0.942703 0.029397 0.000010
0.000010 0.594457 0.405523 0.000010
0.472522 0.131396 0.066658 0.329424
0.896077 0.000010 0.000010 0.103903
0.000010 0.000010 0.519130 0.480850
0.010775 0.725530 0.263685 0.000010
0.000010 0.484813 0.515167 0.000010
0.000010 0.971583 0.028397 0.000010
0.000010 0.644391 0.355589 0.000010
0.000010 0.723395 0.273315 0.003280
0.000010 0.761187 0.232537 0.006266
0.018877 0.976013 0.005100 0.000010
0.109839 0.239545 0.035086 0.615530
0.000010 0.342770 0.542305 0.114915
0.582693 0.243302 0.041799 0.132206
0.083661 0.000010 0.000010 0.916319
0.022725 0.606635 0.356981 0.013658
0.000010 0.358358 0.641622 0.000010
0.150280 0.355318 0.003446 0.490956
0.147770 0.770508 0.021718 0.060003
0.163718 0.813304 0.000010 0.022968
0.293458 0.205694 0.256064 0.244783
0.129820 0.867982 0.000010 0.002187
0.046732 0.738240 0.170969 0.044060
0.173812 0.800734 0.010951 0.014503
0.097431 0.668280 0.000010 0.234280
0.000010 0.095334 0.500146 0.404510
0.010344 0.149656 0.839991 0.000010
0.000010 0.377739 0.622241 0.000010
0.050765 0.801730 0.083778 0.063727
0.000010 0.569063 0.430917 0.000010
0.000010 0.698518 0.301462 0.000010
0.000010 0.608794 0.391186 0.000010
0.050683 0.802034 0.071776 0.075508
0.000010 0.653096 0.346884 0.000010
0.060408 0.801596 0.075063 0.062934
0.567187 0.321398 0.033256 0.078160
0.000010 0.000010 0.032486 0.967494
0.775604 0.000010 0.000010 0.224376
0.384869 0.012427 0.055326 0.547378
0.253249 0.295381 0.163757 0.287613
0.000010 0.000010 0.829677 0.170303
0.462915 0.243072 0.128386 0.165628
0.458884 0.067478 0.473628 0.000010
0.152533 0.737277 0.000010 0.110180
0.543586 0.150610 0.109793 0.196010
0.194134 0.679238 0.024999 0.101629
0.999970 0.000010 0.000010 0.000010
0.999970 0.000010 0.000010 0.000010
0.069115 0.915312 0.000010 0.015563
0.128227 0.794129 0.000010 0.077634
0.116875 0.355995 0.090241 0.436890
0.583188 0.069773 0.028613 0.318426
0.091777 0.848813 0.000010 0.059400
0.113791 0.783302 0.004789 0.098117
0.104626 0.794616 0.000010 0.100748
0.546200 0.258921 0.038873 0.156006
0.107431 0.783274 0.000010 0.109285
0.088155 0.806545 0.000010 0.105290
0.113947 0.815337 0.000010 0.070705
0.029380 0.056049 0.907751 0.006820
0.155140 0.778428 0.044919 0.021514
0.619202 0.380778 0.000010 0.000010
0.092794 0.835220 0.000010 0.071976
0.098822 0.836353 0.000010 0.064815
0.081813 0.819382 0.000010 0.098795
0.999970 0.000010 0.000010 0.000010
0.016378 0.000010 0.983602 0.000010
0.034957 0.763444 0.201589 0.000010
0.003377 0.000010 0.167901 0.828712
0.441447 0.330849 0.227694 0.000010
0.147566 0.000010 0.000010 0.852414
0.000010 0.000010 0.000010 0.999970
0.220640 0.254382 0.212167 0.312811
0.644421 0.355559 0.000010 0.000010
0.429159 0.044156 0.000010 0.526675
0.000010 0.269968 0.335097 0.394925
0.000010 0.018559 0.981421 0.000010
0.588579 0.141907 0.066390 0.203124
0.117156 0.000010 0.000010 0.882824
0.999970 0.000010 0.000010 0.000010
0.247244 0.000010 0.000010 0.752736
0.999970 0.000010 0.000010 0.000010
0.936988 0.000010 0.000010 0.062992
0.604310 0.000010 0.000010 0.395670
0.566954 0.000010 0.000010 0.433026
0.729813 0.000010 0.000010 0.270167
0.999970 0.000010 0.000010 0.000010
0.999970 0.000010 0.000010 0.000010
0.999970 0.000010 0.000010 0.000010
0.947816 0.000010 0.000010 0.052164
0.999970 0.000010 0.000010 0.000010
0.996650 0.000010 0.000010 0.003330
0.000010 0.000010 0.999970 0.000010
0.288089 0.354095 0.179706 0.178111
0.000010 0.658497 0.341483 0.000010
0.072648 0.819914 0.000010 0.107428
0.468746 0.000010 0.000010 0.531234
0.617295 0.000010 0.044113 0.338582
0.076822 0.000010 0.209325 0.713842
0.011798 0.507157 0.481035 0.000010
0.000010 0.561161 0.438819 0.000010
0.077143 0.922837 0.000010 0.000010
0.105530 0.894450 0.000010 0.000010
0.020267 0.463513 0.516210 0.000010
0.591269 0.408711 0.000010 0.000010
0.975619 0.000010 0.000010 0.024361
0.217697 0.446096 0.000010 0.336196
0.065691 0.773655 0.101620 0.059034
0.000010 0.624101 0.375879 0.000010
0.000010 0.656890 0.343090 0.000010
0.999970 0.000010 0.000010 0.000010
0.000010 0.542980 0.457000 0.000010
0.000010 0.493211 0.506769 0.000010
0.072610 0.000010 0.145862 0.781518
0.111860 0.888120 0.000010 0.000010
0.095487 0.904493 0.000010 0.000010
0.079311 0.915656 0.005023 0.000010
0.051097 0.519682 0.406611 0.022610
0.046356 0.000010 0.000010 0.953624
0.999970 0.000010 0.000010 0.000010
0.556691 0.049201 0.061677 0.332431
0.999970 0.000010 0.000010 0.000010
0.999970 0.000010 0.000010 0.000010
0.999970 0.000010 0.000010 0.000010
0.999970 0.000010 0.000010 0.000010
0.218372 0.545900 0.033573 0.202156
0.516670 0.082968 0.042467 0.357895
0.999970 0.000010 0.000010 0.000010
0.000010 0.124315 0.204759 0.670916
0.000010 0.126441 0.123636 0.749912
0.000010 0.069847 0.156124 0.774020
0.999970 0.000010 0.000010 0.000010
0.999970 0.000010 0.000010 0.000010
0.220710 0.694648 0.035354 0.049287
0.160286 0.732709 0.034278 0.072728
0.358460 0.249651 0.154395 0.237494
0.000010 0.000010 0.831948 0.168032
0.182254 0.756496 0.059354 0.001897
0.494826 0.088578 0.000010 0.416586
0.009397 0.058411 0.932182 0.000010
0.011204 0.705698 0.283089 0.000010
0.056597 0.920069 0.023324 0.000010
0.000010 0.118903 0.881077 0.000010
0.000010 0.645967 0.346006 0.008018
0.000010 0.420184 0.570356 0.009450
0.000010 0.577339 0.422641 0.000010
0.000010 0.970608 0.000817 0.028564
0.000010 0.000010 0.000010 0.999970
0.000010 0.999970 0.000010 0.000010
0.149431 0.000010 0.000010 0.850549
0.000010 0.999970 0.000010 0.000010
0.970596 0.000010 0.000010 0.029384
0.933992 0.000010 0.000010 0.065988
0.962530 0.000010 0.000010 0.037450
0.094856 0.077844 0.108175 0.719125
0.025619 0.049371 0.924999 0.000010
0.759843 0.000010 0.000010 0.240137
0.000010 0.283034 0.716946 0.000010
0.000010 0.412093 0.587887 0.000010
0.000010 0.000010 0.999970 0.000010
0.958891 0.000010 0.000010 0.041089
0.943885 0.000010 0.000010 0.056095
0.033869 0.073289 0.530640 0.362203
0.000010 0.650195 0.349785 0.000010
0.000010 0.000010 0.999970 0.000010
0.018255 0.673172 0.296960 0.011613
0.006589 0.804935 0.188466 0.000010
0.001754 0.000010 0.985528 0.012708
0.000010 0.680867 0.319113 0.000010
0.062012 0.025701 0.092472 0.819815
0.036690 0.000010 0.125204 0.838096
0.000010 0.999970 0.000010 0.000010
0.000010 0.000010 0.999970 0.000010
0.000010 0.000010 0.999970 0.000010
0.004218 0.995762 0.000010 0.000010
0.000010 0.690900 0.293113 0.015977
0.000010 0.999970 0.000010 0.000010
0.000010 0.999970 0.000010 0.000010
0.000010 0.841425 0.158555 0.000010
0.000010 0.792281 0.207699 0.000010
0.057921 0.912338 0.029731 0.000010
0.000010 0.000010 0.999970 0.000010
0.000010 0.999970 0.000010 0.000010
0.959266 0.000010 0.000010 0.040714
0.999939 0.000010 0.000010 0.000041
0.940588 0.000010 0.000010 0.059392
0.999970 0.000010 0.000010 0.000010
