0.000010 0.000010 0.000010 0.000010 0.000010 0.000010 0.000010 0.010666 0.000010 0.000010 0.844221 0.145013 0.000010
0.000010 0.000010 0.002429 0.000010 0.000010 0.000010 0.000010 0.000718 0.000010 0.017210 0.820689 0.158874 0.000010
0.000010 0.000010 0.000010 0.000010 0.000010 0.000010 0.000010 0.000010 0.000010 0.000010 0.999880 0.000010 0.000010
0.000010 0.000010 0.000010 0.000010 0.000010 0.003400 0.000010 0.000010 0.000010 0.000010 0.861498 0.123654 0.011358
0.000010 0.028847 0.000010 0.000010 0.000010 0.000010 0.000010 0.000010 0.000010 0.000010 0.804687 0.166366 0.000010
0.000010 0.000010 0.000010 0.000010 0.000010 0.000010 0.000010 0.000010 0.000010 0.000010 0.999880 0.000010 0.000010
0.000010 0.000010 0.000010 0.000010 0.000010 0.000010 0.000010 0.012381 0.000010 0.000010 0.923822 0.063697 0.000010
0.054683 0.000010 0.004050 0.000010 0.000010 0.000014 0.000010 0.877012 0.050992 0.013178 0.000010 0.000010 0.000010
0.000010 0.999880 0.000010 0.000010 0.000010 0.000010 0.000010 0.000010 0.000010 0.000010 0.000010 0.000010 0.000010
0.093392 0.055488 0.000010 0.000010 0.005631 0.041536 0.000010 0.384004 0.309880 0.110010 0.000010 0.000010 0.000010
0.000010 0.999880 0.000010 0.000010 0.000010 0.000010 0.000010 0.000010 0.000010 0.000010 0.000010 0.000010 0.000010
0.000010 0.000010 0.000010 0.000010 0.000010 0.000010 0.999880 0.000010 0.000010 0.000010 0.000010 0.000010 0.000010
0.000016 0.000010 0.000010 0.000010 0.000010 0.000010 0.999874 0.000010 0.000010 0.000010 0.000010 0.000010 0.000010
0.071314 0.000010 0.000010 0.000010 0.928576 0.000010 0.000010 0.000010 0.000010 0.000010 0.000010 0.000010 0.000010
0.000010 0.000010 0.000010 0.000010 0.000010 0.000010 0.999873 0.000010 0.000010 0.000010 0.000017 0.000010 0.000010
0.000010 0.000010 0.000010 0.000010 0.000010 0.000010 0.999880 0.000010 0.000010 0.000010 0.000010 0.000010 0.000010
0.000010 0.000010 0.000010 0.000010 0.029011 0.759917 0.001461 0.030356 0.146637 0.032547 0.000010 0.000010 0.000010
0.000010 0.000010 0.000010 0.000010 0.000010 0.000010 0.999880 0.000010 0.000010 0.000010 0.000010 0.000010 0.000010
0.038578 0.000010 0.000010 0.005737 0.022302 0.665217 0.000010 0.018836 0.219681 0.029590 0.000010 0.000010 0.000010
0.000010 0.000010 0.000010 0.000010 0.999880 0.000010 0.000010 0.000010 0.000010 0.000010 0.000010 0.000010 0.000010
0.000010 0.000010 0.000010 0.000010 0.013970 0.000010 0.000010 0.000010 0.000010 0.000010 0.985920 0.000010 0.000010
0.000010 0.000010 0.000010 0.000010 0.000010 0.000010 0.999880 0.000010 0.000010 0.000010 0.000010 0.000010 0.000010
0.000010 0.000010 0.000010 0.000010 0.000010 0.000010 0.999880 0.000010 0.000010 0.000010 0.000010 0.000010 0.000010
0.000010 0.000010 0.000010 0.000010 0.000010 0.000010 0.000010 0.000010 0.000010 0.000010 0.999880 0.000010 0.000010
0.028422 0.000010 0.000010 0.000090 0.022778 0.656791 0.027991 0.036178 0.166814 0.018245 0.000010 0.042095 0.000564
0.000010 0.464277 0.000010 0.000010 0.000010 0.000010 0.000010 0.000010 0.378192 0.157431 0.000010 0.000010 0.000010
0.000010 0.035126 0.005259 0.000010 0.000010 0.023936 0.000010 0.000010 0.000010 0.000010 0.766497 0.169101 0.000010
0.000010 0.007348 0.000010 0.000804 0.000010 0.048962 0.000010 0.023599 0.000010 0.010754 0.720839 0.187635 0.000010
0.000010 0.999880 0.000010 0.000010 0.000010 0.000010 0.000010 0.000010 0.000010 0.000010 0.000010 0.000010 0.000010
0.000010 0.999880 0.000010 0.000010 0.000010 0.000010 0.000010 0.000010 0.000010 0.000010 0.000010 0.000010 0.000010
0.000010 0.000010 0.000010 0.000010 0.000010 0.000010 0.999880 0.000010 0.000010 0.000010 0.000010 0.000010 0.000010
0.000010 0.487324 0.020653 0.000010 0.003658 0.277160 0.000010 0.069625 0.095462 0.046058 0.000010 0.000010 0.000010
0.000010 0.000010 0.000010 0.999880 0.000010 0.000010 0.000010 0.000010 0.000010 0.000010 0.000010 0.000010 0.000010
0.000010 0.000010 0.000010 0.000010 0.000010 0.000010 0.999880 0.000010 0.000010 0.000010 0.000010 0.000010 0.000010
0.000010 0.000010 0.999880 0.000010 0.000010 0.000010 0.000010 0.000010 0.000010 0.000010 0.000010 0.000010 0.000010
0.000010 0.000010 0.000010 0.000010 0.000010 0.000010 0.999880 0.000010 0.000010 0.000010 0.000010 0.000010 0.000010
0.000010 0.000010 0.000010 0.000010 0.000010 0.000010 0.999880 0.000010 0.000010 0.000010 0.000010 0.000010 0.000010
0.000010 0.000010 0.000010 0.000010 0.000010 0.000010 0.000010 0.000010 0.999880 0.000010 0.000010 0.000010 0.000010
0.000010 0.056259 0.000010 0.000010 0.005029 0.031311 0.000010 0.000010 0.000010 0.000010 0.759478 0.147320 0.000532
0.000010 0.000010 0.005673 0.000010 0.000010 0.011980 0.010397 0.009718 0.000010 0.000010 0.834017 0.128145 0.000010
0.000010 0.000010 0.000010 0.000010 0.000010 0.000010 0.000010 0.000010 0.000010 0.000010 0.952056 0.047834 0.000010
0.000010 0.000010 0.000010 0.000010 0.000010 0.044528 0.000010 0.000010 0.000010 0.028208 0.822731 0.104443 0.000010
0.000010 0.050385 0.000010 0.014324 0.002524 0.000010 0.000010 0.000010 0.000010 0.000010 0.763151 0.169536 0.000010
0.000010 0.000010 0.000010 0.000010 0.000010 0.000010 0.000010 0.044581 0.000010 0.000010 0.834116 0.121203 0.000010
0.000010 0.000010 0.000524 0.000010 0.004974 0.423429 0.017537 0.000010 0.005584 0.040662 0.444012 0.063229 0.000010
0.000010 0.000010 0.000010 0.000010 0.000010 0.000010 0.999880 0.000010 0.000010 0.000010 0.000010 0.000010 0.000010
0.000010 0.000010 0.000010 0.013558 0.000010 0.000010 0.986332 0.000010 0.000010 0.000010 0.000010 0.000010 0.000010
0.000010 0.000010 0.000330 0.030028 0.000010 0.000010 0.959392 0.000010 0.000010 0.000010 0.000010 0.000010 0.010160
0.000010 0.000010 0.000010 0.000010 0.000010 0.000010 0.999880 0.000010 0.000010 0.000010 0.000010 0.000010 0.000010
0.000010 0.000010 0.000010 0.000010 0.000010 0.000010 0.989252 0.000010 0.000010 0.000010 0.000010 0.000010 0.010638
0.017504 0.000010 0.000777 0.000010 0.022409 0.000010 0.959220 0.000010 0.000010 0.000010 0.000010 0.000010 0.000010
0.000017 0.000010 0.000010 0.000010 0.026727 0.000010 0.967504 0.000010 0.000010 0.000010 0.000010 0.000010 0.005662
0.000010 0.000010 0.000010 0.000010 0.000010 0.000010 0.000010 0.000010 0.000010 0.000010 0.999880 0.000010 0.000010
0.023658 0.193662 0.035292 0.200363 0.096070 0.000010 0.031530 0.054917 0.169416 0.010968 0.079110 0.056981 0.048022
0.000010 0.000010 0.000010 0.000010 0.000010 0.000010 0.000010 0.000010 0.000010 0.000010 0.999880 0.000010 0.000010
0.000010 0.000010 0.000010 0.000010 0.000010 0.000010 0.000010 0.000010 0.000010 0.000010 0.865052 0.124168 0.010680
0.000010 0.063816 0.000010 0.000010 0.000010 0.029859 0.000010 0.000010 0.000010 0.000010 0.793803 0.112433 0.000010
0.000010 0.000010 0.000010 0.000010 0.000010 0.000010 0.000010 0.000010 0.000010 0.000010 0.906496 0.093394 0.000010
0.000010 0.000010 0.000010 0.000010 0.004065 0.000010 0.995825 0.000010 0.000010 0.000010 0.000010 0.000010 0.000010
0.000010 0.000010 0.000010 0.000010 0.000010 0.000010 0.999880 0.000010 0.000010 0.000010 0.000010 0.000010 0.000010
0.006403 0.000010 0.000010 0.000010 0.067450 0.000010 0.906102 0.000010 0.000010 0.000010 0.000010 0.000010 0.019954
0.000010 0.000010 0.000013 0.000010 0.000010 0.000010 0.999877 0.000010 0.000010 0.000010 0.000010 0.000010 0.000010
0.000010 0.000010 0.000010 0.999880 0.000010 0.000010 0.000010 0.000010 0.000010 0.000010 0.000010 0.000010 0.000010
0.000010 0.000010 0.000010 0.000010 0.000010 0.000010 0.000010 0.000010 0.000010 0.000010 0.999880 0.000010 0.000010
0.000010 0.000010 0.000010 0.000010 0.000010 0.000010 0.000010 0.000010 0.000010 0.000010 0.999880 0.000010 0.000010
0.019644 0.283008 0.037906 0.089630 0.037599 0.000010 0.036619 0.138896 0.183842 0.000010 0.083432 0.044466 0.044938
0.002579 0.000010 0.877630 0.115580 0.004121 0.000010 0.000010 0.000010 0.000010 0.000010 0.000010 0.000010 0.000010
0.691575 0.000010 0.000010 0.000010 0.308315 0.000010 0.000010 0.000010 0.000010 0.000010 0.000010 0.000010 0.000010
0.012025 0.000010 0.000010 0.000010 0.047719 0.000010 0.940156 0.000010 0.000010 0.000010 0.000010 0.000010 0.000010
0.000010 0.000010 0.000010 0.000010 0.072850 0.000010 0.927040 0.000010 0.000010 0.000010 0.000010 0.000010 0.000010
0.000010 0.000010 0.000010 0.000010 0.000010 0.958067 0.000010 0.041823 0.000010 0.000010 0.000010 0.000010 0.000010
0.000010 0.000010 0.000010 0.000010 0.007533 0.000010 0.982671 0.000010 0.000010 0.000010 0.000010 0.000010 0.009697
0.000010 0.000010 0.000010 0.000010 0.000010 0.000010 0.999880 0.000010 0.000010 0.000010 0.000010 0.000010 0.000010
0.000010 0.000010 0.000010 0.000010 0.000010 0.000010 0.999880 0.000010 0.000010 0.000010 0.000010 0.000010 0.000010
0.010427 0.000010 0.015337 0.531241 0.000010 0.000010 0.000010 0.442906 0.000010 0.000010 0.000010 0.000010 0.000010
0.108408 0.000010 0.624115 0.267377 0.000010 0.000010 0.000010 0.000010 0.000010 0.000010 0.000010 0.000010 0.000010
0.000010 0.000010 0.000010 0.000010 0.000010 0.000010 0.000010 0.999880 0.000010 0.000010 0.000010 0.000010 0.000010
0.000010 0.999880 0.000010 0.000010 0.000010 0.000010 0.000010 0.000010 0.000010 0.000010 0.000010 0.000010 0.000010
0.000010 0.000010 0.000010 0.000010 0.000010 0.000010 0.000010 0.999880 0.000010 0.000010 0.000010 0.000010 0.000010
0.000010 0.058649 0.387189 0.502761 0.000010 0.000010 0.000010 0.000010 0.005569 0.000010 0.000010 0.000010 0.045752
0.000010 0.000010 0.000010 0.000010 0.000010 0.000010 0.000010 0.999880 0.000010 0.000010 0.000010 0.000010 0.000010
0.035008 0.262408 0.524721 0.177773 0.000010 0.000010 0.000010 0.000010 0.000010 0.000010 0.000010 0.000010 0.000010
0.000010 0.000010 0.000010 0.000010 0.000010 0.000010 0.999880 0.000010 0.000010 0.000010 0.000010 0.000010 0.000010
0.000010 0.000010 0.000010 0.000010 0.000010 0.000010 0.999880 0.000010 0.000010 0.000010 0.000010 0.000010 0.000010
0.000010 0.000010 0.000010 0.000010 0.000010 0.000010 0.989528 0.000010 0.000010 0.000010 0.000010 0.000010 0.010362
0.000010 0.000010 0.000010 0.000010 0.000010 0.000010 0.000010 0.999880 0.000010 0.000010 0.000010 0.000010 0.000010
0.000010 0.000010 0.000012 0.000010 0.000010 0.000010 0.999878 0.000010 0.000010 0.000010 0.000010 0.000010 0.000010
0.000010 0.000010 0.000010 0.000010 0.000010 0.796962 0.000010 0.012431 0.088424 0.028518 0.071307 0.000010 0.002288
0.000010 0.000010 0.000010 0.000010 0.002767 0.000010 0.997123 0.000010 0.000010 0.000010 0.000010 0.000010 0.000010
0.091297 0.000010 0.000010 0.000010 0.000010 0.000010 0.000010 0.841257 0.067347 0.000010 0.000010 0.000010 0.000010
0.000010 0.000010 0.000010 0.000010 0.000010 0.000010 0.000010 0.999880 0.000010 0.000010 0.000010 0.000010 0.000010
0.025664 0.000010 0.000010 0.000010 0.000010 0.068218 0.016655 0.889372 0.000010 0.000010 0.000010 0.000010 0.000010
0.000010 0.126434 0.000010 0.842959 0.000010 0.000010 0.000010 0.001859 0.000010 0.000010 0.000010 0.000010 0.028658
0.000010 0.999880 0.000010 0.000010 0.000010 0.000010 0.000010 0.000010 0.000010 0.000010 0.000010 0.000010 0.000010
0.000010 0.000010 0.000010 0.000010 0.000010 0.000010 0.999880 0.000010 0.000010 0.000010 0.000010 0.000010 0.000010
0.000010 0.000010 0.000010 0.000010 0.038694 0.000010 0.961193 0.000013 0.000010 0.000010 0.000010 0.000010 0.000010
0.000010 0.751138 0.006245 0.013264 0.000010 0.000010 0.000010 0.087601 0.000010 0.013876 0.122769 0.000010 0.005047
0.009098 0.073089 0.000010 0.000010 0.009626 0.750529 0.000010 0.000010 0.150714 0.006874 0.000010 0.000010 0.000010
0.000010 0.543050 0.000010 0.000010 0.000010 0.000010 0.000010 0.456840 0.000010 0.000010 0.000010 0.000010 0.000010
0.033915 0.010454 0.000010 0.449795 0.479148 0.022287 0.000010 0.000010 0.000010 0.004332 0.000010 0.000010 0.000010
0.024691 0.000010 0.014226 0.036375 0.003716 0.000010 0.909920 0.000010 0.000010 0.000010 0.000010 0.000010 0.011002
0.000010 0.000010 0.000010 0.000010 0.000010 0.000010 0.000010 0.000010 0.000010 0.000010 0.000010 0.000010 0.999880
0.000010 0.462623 0.000010 0.000010 0.000010 0.444616 0.028429 0.050636 0.000010 0.000010 0.013617 0.000010 0.000010
0.000010 0.000010 0.000010 0.000010 0.000010 0.485068 0.000010 0.000010 0.011968 0.000010 0.385724 0.117150 0.000010
0.000010 0.000010 0.000010 0.000010 0.000010 0.999880 0.000010 0.000010 0.000010 0.000010 0.000010 0.000010 0.000010
0.000010 0.612321 0.000010 0.000010 0.000010 0.278292 0.000010 0.000010 0.020512 0.027071 0.000010 0.061723 0.000010
0.000010 0.492928 0.000010 0.000010 0.016429 0.396388 0.000010 0.056481 0.000010 0.000010 0.014083 0.000010 0.023620
0.000010 0.520123 0.000010 0.000010 0.000010 0.466978 0.000010 0.000010 0.012799 0.000010 0.000010 0.000010 0.000010
0.000010 0.082652 0.000010 0.000010 0.022497 0.871288 0.000010 0.000010 0.023473 0.000010 0.000010 0.000010 0.000010
0.028892 0.000010 0.551749 0.000010 0.036223 0.040481 0.033980 0.156094 0.078698 0.033002 0.015902 0.000010 0.024948
0.000010 0.700004 0.000010 0.171721 0.000010 0.000010 0.000010 0.000010 0.000010 0.000010 0.038367 0.023068 0.066760
0.000010 0.000010 0.174937 0.000010 0.533647 0.000010 0.012261 0.279065 0.000010 0.000010 0.000010 0.000010 0.000010
0.000010 0.000010 0.550460 0.347257 0.102175 0.000010 0.000010 0.000012 0.000010 0.000016 0.000010 0.000010 0.000010
0.000010 0.361386 0.014972 0.000010 0.000010 0.000010 0.025082 0.593429 0.000010 0.000010 0.000010 0.005050 0.000010
0.000010 0.000010 0.000010 0.000010 0.000010 0.000010 0.000010 0.537337 0.000010 0.000010 0.462553 0.000010 0.000010
0.032167 0.000010 0.351007 0.117420 0.035022 0.000010 0.036409 0.000010 0.103294 0.306724 0.000010 0.000010 0.017907
0.024867 0.055158 0.000010 0.000010 0.020395 0.000010 0.007871 0.000010 0.563795 0.323100 0.000010 0.000010 0.004754
0.000010 0.000010 0.000010 0.000010 0.030237 0.000010 0.000010 0.000010 0.659369 0.310295 0.000010 0.000010 0.000010
0.000010 0.136903 0.236253 0.000010 0.263783 0.017507 0.015806 0.144401 0.012744 0.000010 0.043589 0.128974 0.000010
0.050792 0.000010 0.000010 0.000010 0.000010 0.000010 0.000010 0.000010 0.607881 0.341228 0.000010 0.000010 0.000010
0.000010 0.473434 0.018436 0.000010 0.010933 0.000010 0.000010 0.026149 0.318071 0.152907 0.000010 0.000010 0.000010
0.063881 0.000010 0.000010 0.000010 0.023171 0.000010 0.000010 0.000010 0.530234 0.382624 0.000010 0.000010 0.000010
0.017731 0.000010 0.128180 0.061326 0.000010 0.200859 0.015412 0.000010 0.471205 0.074831 0.000010 0.000010 0.030405
0.000010 0.278610 0.000010 0.452909 0.000010 0.000010 0.000010 0.000010 0.000010 0.000010 0.000010 0.082571 0.185820
0.002106 0.087264 0.000010 0.000010 0.000010 0.059125 0.006573 0.025078 0.022850 0.000010 0.390259 0.392205 0.014501
0.000010 0.393288 0.000010 0.000010 0.000010 0.058254 0.000010 0.176360 0.000010 0.000010 0.153598 0.209054 0.009376
0.000010 0.000010 0.000010 0.036340 0.000010 0.000010 0.000010 0.434881 0.480934 0.047755 0.000010 0.000010 0.000010
0.000010 0.588946 0.000010 0.000010 0.000010 0.000010 0.000010 0.410944 0.000010 0.000010 0.000010 0.000010 0.000010
0.000010 0.000010 0.000010 0.000010 0.000010 0.000010 0.000010 0.999880 0.000010 0.000010 0.000010 0.000010 0.000010
0.000010 0.537480 0.000010 0.000010 0.000010 0.000010 0.000010 0.446012 0.002686 0.013732 0.000010 0.000010 0.000010
0.000010 0.081950 0.004360 0.000010 0.000010 0.039850 0.000010 0.281510 0.592249 0.000010 0.000010 0.000010 0.000010
0.000010 0.310291 0.002762 0.000010 0.009607 0.000010 0.000010 0.640511 0.000010 0.036748 0.000010 0.000010 0.000010
0.026062 0.111116 0.014936 0.000010 0.000010 0.000010 0.000010 0.325996 0.521810 0.000010 0.000010 0.000010 0.000010
0.000010 0.000010 0.268368 0.000010 0.731522 0.000010 0.000010 0.000011 0.000010 0.000010 0.000010 0.000010 0.000010
0.000010 0.049034 0.455585 0.093098 0.365474 0.002283 0.000010 0.000010 0.000010 0.000010 0.000010 0.028811 0.005655
0.000010 0.028432 0.291743 0.000010 0.237118 0.000010 0.000010 0.401165 0.008498 0.000010 0.032973 0.000010 0.000010
0.000010 0.000010 0.000010 0.000010 0.000010 0.000010 0.000010 0.000010 0.000010 0.000010 0.000010 0.000010 0.999880
0.050439 0.109950 0.030295 0.227711 0.378414 0.059436 0.031576 0.006264 0.008669 0.042754 0.000010 0.024607 0.029876
0.020121 0.000010 0.000010 0.000010 0.415983 0.000010 0.009289 0.000010 0.049431 0.000010 0.505097 0.000010 0.000010
0.019498 0.000010 0.000010 0.000010 0.000010 0.000010 0.000010 0.000010 0.980392 0.000010 0.000010 0.000010 0.000010
0.000010 0.067954 0.000010 0.345745 0.522318 0.017792 0.000010 0.027339 0.000010 0.018782 0.000010 0.000010 0.000010
0.090918 0.000557 0.000010 0.000010 0.000010 0.000010 0.010219 0.000010 0.897034 0.000010 0.000010 0.000010 0.001192
0.000010 0.000010 0.000010 0.000010 0.999880 0.000010 0.000010 0.000010 0.000010 0.000010 0.000010 0.000010 0.000010
0.000010 0.000012 0.000010 0.000010 0.999878 0.000010 0.000010 0.000010 0.000010 0.000010 0.000010 0.000010 0.000010
0.039145 0.000010 0.000010 0.000010 0.000010 0.502652 0.000010 0.000010 0.458103 0.000010 0.000010 0.000010 0.000010
0.000010 0.000010 0.000010 0.000010 0.000010 0.000010 0.000010 0.000010 0.973206 0.026684 0.000010 0.000010 0.000010
0.218352 0.000010 0.353764 0.060332 0.000010 0.018767 0.000010 0.328968 0.016466 0.000010 0.000010 0.003291 0.000010
0.000010 0.000010 0.060538 0.383798 0.509312 0.000010 0.023594 0.000010 0.005626 0.000010 0.000010 0.000010 0.017063
0.000010 0.000010 0.000010 0.000010 0.000010 0.000010 0.000010 0.000010 0.999880 0.000010 0.000010 0.000010 0.000010
0.000010 0.000010 0.000010 0.000010 0.000010 0.000010 0.000010 0.000010 0.999880 0.000010 0.000010 0.000010 0.000010
0.000010 0.000010 0.019158 0.000010 0.002189 0.000010 0.000010 0.000010 0.873531 0.105031 0.000010 0.000010 0.000010
0.000010 0.000010 0.186871 0.000010 0.535320 0.000010 0.000010 0.277709 0.000010 0.000010 0.000010 0.000010 0.000010
0.000010 0.000010 0.011201 0.000010 0.000010 0.000010 0.000010 0.000010 0.981329 0.007370 0.000010 0.000010 0.000010
0.000010 0.000010 0.000010 0.000010 0.000010 0.000010 0.000010 0.000010 0.999880 0.000010 0.000010 0.000010 0.000010
0.022536 0.056463 0.014203 0.000010 0.005739 0.026046 0.000010 0.000010 0.652706 0.222247 0.000010 0.000010 0.000010
0.000010 0.029792 0.000010 0.000010 0.008120 0.026126 0.002366 0.086121 0.000010 0.000010 0.649288 0.171484 0.026654
0.086054 0.086751 0.000010 0.000010 0.043184 0.018848 0.000010 0.083618 0.469752 0.203942 0.000010 0.007800 0.000010
0.999880 0.000010 0.000010 0.000010 0.000010 0.000010 0.000010 0.000010 0.000010 0.000010 0.000010 0.000010 0.000010
0.000010 0.000010 0.000010 0.000010 0.000010 0.068114 0.000010 0.000010 0.931776 0.000010 0.000010 0.000010 0.000010
0.005825 0.000010 0.000010 0.000010 0.000010 0.015850 0.000010 0.000010 0.978225 0.000010 0.000010 0.000010 0.000010
0.000010 0.000010 0.000010 0.000010 0.000010 0.000010 0.000010 0.000010 0.999880 0.000010 0.000010 0.000010 0.000010
0.000010 0.000010 0.000010 0.000010 0.999880 0.000010 0.000010 0.000010 0.000010 0.000010 0.000010 0.000010 0.000010
0.000010 0.000010 0.000010 0.000010 0.004364 0.000010 0.000010 0.003542 0.000010 0.000010 0.907286 0.060900 0.023828
0.084880 0.000010 0.000010 0.000010 0.000010 0.012017 0.000010 0.878590 0.007586 0.016847 0.000010 0.000010 0.000010
0.000010 0.000010 0.066622 0.843074 0.000010 0.000010 0.000010 0.000010 0.000010 0.000010 0.000010 0.000010 0.090204
0.000010 0.418257 0.014123 0.000010 0.438693 0.000010 0.000010 0.088315 0.000010 0.034729 0.000010 0.000010 0.005812
0.000010 0.000010 0.853193 0.000010 0.146697 0.000010 0.000010 0.000010 0.000010 0.000010 0.000010 0.000010 0.000010
0.000010 0.000010 0.764651 0.214701 0.000010 0.000010 0.000010 0.000010 0.000010 0.000010 0.000010 0.000010 0.020548
0.000010 0.284641 0.000010 0.457731 0.242732 0.000010 0.000010 0.000010 0.000010 0.000010 0.000010 0.000010 0.014806
0.999880 0.000010 0.000010 0.000010 0.000010 0.000010 0.000010 0.000010 0.000010 0.000010 0.000010 0.000010 0.000010
0.012707 0.000010 0.547121 0.000010 0.358990 0.000010 0.054283 0.000010 0.026820 0.000010 0.000010 0.000010 0.000010
0.000010 0.297128 0.000010 0.567476 0.001425 0.008790 0.000020 0.000010 0.000010 0.036845 0.000010 0.015987 0.072280
0.000010 0.000010 0.000010 0.000010 0.000010 0.000010 0.000010 0.008039 0.000010 0.023327 0.880843 0.059866 0.027845
0.150264 0.018306 0.169507 0.000433 0.000010 0.000010 0.518682 0.141590 0.000010 0.000010 0.001158 0.000010 0.000010
0.000010 0.000012 0.438798 0.425869 0.135230 0.000010 0.000010 0.000010 0.000010 0.000010 0.000010 0.000010 0.000010
0.000010 0.000010 0.000010 0.000010 0.999880 0.000010 0.000010 0.000010 0.000010 0.000010 0.000010 0.000010 0.000010
0.000010 0.000010 0.582971 0.171042 0.231801 0.000010 0.000010 0.000010 0.000010 0.000010 0.000010 0.000010 0.014095
0.029394 0.000010 0.000010 0.000010 0.970496 0.000010 0.000010 0.000010 0.000010 0.000010 0.000010 0.000010 0.000010
0.000010 0.000010 0.012224 0.000010 0.000010 0.000010 0.987666 0.000010 0.000010 0.000010 0.000010 0.000010 0.000010
0.073804 0.000010 0.419742 0.000010 0.506352 0.000011 0.000010 0.000010 0.000010 0.000010 0.000010 0.000010 0.000010
0.000010 0.000010 0.457118 0.000010 0.542772 0.000010 0.000010 0.000010 0.000010 0.000010 0.000010 0.000010 0.000010
0.000010 0.000010 0.305983 0.000010 0.693907 0.000010 0.000010 0.000010 0.000010 0.000010 0.000010 0.000010 0.000010
0.000010 0.000010 0.000010 0.000010 0.010346 0.000010 0.989544 0.000010 0.000010 0.000010 0.000010 0.000010 0.000010
0.000010 0.000010 0.000010 0.000010 0.201416 0.000010 0.783792 0.000010 0.000012 0.000010 0.000010 0.000010 0.014690
0.000011 0.000010 0.000010 0.000010 0.000010 0.000010 0.999879 0.000010 0.000010 0.000010 0.000010 0.000010 0.000010
0.000010 0.000010 0.020545 0.000010 0.039029 0.000010 0.940326 0.000010 0.000010 0.000010 0.000010 0.000010 0.000010
0.031464 0.000010 0.000010 0.000010 0.003383 0.000010 0.965052 0.000010 0.000010 0.000010 0.000010 0.000010 0.000010
0.000010 0.000010 0.000010 0.000010 0.017188 0.000010 0.982694 0.000010 0.000017 0.000010 0.000010 0.000010 0.000010
0.000010 0.000010 0.000010 0.000010 0.000010 0.000010 0.000010 0.000010 0.000010 0.000010 0.999880 0.000010 0.000010
0.260099 0.000010 0.008788 0.203355 0.067855 0.000010 0.036951 0.095439 0.203823 0.000010 0.120449 0.000010 0.003202
0.000036 0.066880 0.000010 0.000010 0.000010 0.000010 0.000010 0.932984 0.000010 0.000010 0.000010 0.000010 0.000010
0.000010 0.000010 0.000010 0.000010 0.000010 0.000010 0.000010 0.000010 0.999880 0.000010 0.000010 0.000010 0.000010
0.000010 0.000010 0.525531 0.016748 0.457621 0.000010 0.000010 0.000010 0.000010 0.000010 0.000010 0.000010 0.000010
0.000010 0.000010 0.034173 0.276442 0.000010 0.000010 0.649196 0.000010 0.000010 0.000010 0.000010 0.000010 0.040099
0.000018 0.000010 0.041153 0.755626 0.000010 0.000010 0.047305 0.000010 0.000010 0.000010 0.000010 0.000010 0.155820
0.000010 0.999880 0.000010 0.000010 0.000010 0.000010 0.000010 0.000010 0.000010 0.000010 0.000010 0.000010 0.000010
0.000010 0.999880 0.000010 0.000010 0.000010 0.000010 0.000010 0.000010 0.000010 0.000010 0.000010 0.000010 0.000010
0.000010 0.000010 0.000010 0.000010 0.000010 0.000010 0.000010 0.000010 0.000010 0.999880 0.000010 0.000010 0.000010
0.000010 0.000010 0.000010 0.000010 0.000010 0.000010 0.000010 0.000010 0.000010 0.999880 0.000010 0.000010 0.000010
0.000010 0.598784 0.000010 0.000010 0.026601 0.048855 0.000010 0.134953 0.000010 0.000010 0.082704 0.108034 0.000010
0.000010 0.000010 0.000010 0.000010 0.000010 0.000010 0.000010 0.000010 0.000010 0.000010 0.000010 0.000010 0.999880
0.000010 0.000010 0.000010 0.000010 0.017905 0.000010 0.981985 0.000010 0.000010 0.000010 0.000010 0.000010 0.000010
0.079304 0.000010 0.328633 0.000010 0.139000 0.023943 0.000010 0.055381 0.243379 0.130301 0.000010 0.000010 0.000010
0.000010 0.113304 0.000010 0.018543 0.000010 0.000010 0.000010 0.246261 0.621802 0.000010 0.000010 0.000010 0.000010
0.000010 0.281244 0.000010 0.000010 0.000010 0.021140 0.000010 0.639984 0.000010 0.007068 0.028306 0.022188 0.000010
0.000010 0.257319 0.000010 0.000010 0.000010 0.000010 0.000010 0.710801 0.031780 0.000010 0.000010 0.000010 0.000010
0.000010 0.000010 0.000010 0.000010 0.999880 0.000010 0.000010 0.000010 0.000010 0.000010 0.000010 0.000010 0.000010
0.000010 0.519294 0.000010 0.000010 0.000010 0.000010 0.000010 0.416653 0.000010 0.000010 0.063953 0.000010 0.000010
0.000010 0.999880 0.000010 0.000010 0.000010 0.000010 0.000010 0.000010 0.000010 0.000010 0.000010 0.000010 0.000010
0.000010 0.000010 0.143617 0.735140 0.000010 0.000010 0.042702 0.000010 0.013949 0.000010 0.000010 0.000010 0.064512
0.000010 0.000013 0.000010 0.000010 0.000010 0.000010 0.000010 0.000010 0.000010 0.999877 0.000010 0.000010 0.000010
0.000010 0.000010 0.000010 0.000010 0.000010 0.000010 0.000010 0.000010 0.000010 0.999880 0.000010 0.000010 0.000010
0.000010 0.000010 0.000010 0.000010 0.000010 0.000010 0.000010 0.000010 0.000010 0.999880 0.000010 0.000010 0.000010
0.000010 0.000010 0.000010 0.000010 0.000010 0.000010 0.000010 0.000010 0.000010 0.600721 0.212015 0.000010 0.187164
0.083966 0.000011 0.915923 0.000010 0.000010 0.000010 0.000010 0.000010 0.000010 0.000010 0.000010 0.000010 0.000010
0.000010 0.000010 0.000010 0.000010 0.999880 0.000010 0.000010 0.000010 0.000010 0.000010 0.000010 0.000010 0.000010
0.000010 0.000010 0.054651 0.392660 0.431784 0.000010 0.084852 0.000010 0.018808 0.000010 0.000010 0.000010 0.017175
0.000010 0.000010 0.000010 0.000010 0.999880 0.000010 0.000010 0.000010 0.000010 0.000010 0.000010 0.000010 0.000010
0.000010 0.000010 0.000010 0.000010 0.999880 0.000010 0.000010 0.000010 0.000010 0.000010 0.000010 0.000010 0.000010
0.023231 0.000010 0.000010 0.000010 0.826240 0.000010 0.150429 0.000010 0.000010 0.000010 0.000010 0.000010 0.000010
0.000010 0.000010 0.000010 0.000010 0.999880 0.000010 0.000010 0.000010 0.000010 0.000010 0.000010 0.000010 0.000010
0.137502 0.000010 0.057268 0.216345 0.000010 0.004157 0.084062 0.000010 0.000010 0.500596 0.000010 0.000010 0.000010
0.000010 0.000010 0.071805 0.417612 0.397998 0.000010 0.084628 0.000010 0.027876 0.000010 0.000010 0.000010 0.000010
0.000010 0.000010 0.000010 0.000010 0.999880 0.000010 0.000010 0.000010 0.000010 0.000010 0.000010 0.000010 0.000010
0.000010 0.000010 0.000010 0.999880 0.000010 0.000010 0.000010 0.000010 0.000010 0.000010 0.000010 0.000010 0.000010
0.000010 0.000010 0.000010 0.999880 0.000010 0.000010 0.000010 0.000010 0.000010 0.000010 0.000010 0.000010 0.000010
0.000010 0.000010 0.000010 0.999880 0.000010 0.000010 0.000010 0.000010 0.000010 0.000010 0.000010 0.000010 0.000010
0.000010 0.000010 0.000010 0.000010 0.999880 0.000010 0.000010 0.000010 0.000010 0.000010 0.000010 0.000010 0.000010
0.000010 0.000010 0.000010 0.000010 0.999870 0.000010 0.000010 0.000010 0.000010 0.000020 0.000010 0.000010 0.000010
0.111652 0.003380 0.001945 0.000010 0.077151 0.000010 0.000010 0.127826 0.473279 0.174116 0.000010 0.000010 0.030602
0.142019 0.069793 0.004718 0.000010 0.008622 0.000010 0.000010 0.064458 0.564378 0.119135 0.000010 0.000010 0.026827
0.176673 0.000010 0.000010 0.455547 0.240365 0.046474 0.000010 0.061641 0.000010 0.000010 0.019229 0.000010 0.000010
0.000010 0.000010 0.000010 0.000010 0.000010 0.000010 0.000010 0.000010 0.000010 0.000010 0.000010 0.000010 0.999880
0.061946 0.017143 0.000010 0.000010 0.073313 0.000010 0.000010 0.012110 0.296545 0.513884 0.000010 0.000010 0.024999
0.070617 0.000010 0.130036 0.355794 0.368655 0.000010 0.074818 0.000010 0.000010 0.000010 0.000010 0.000010 0.000010
0.002566 0.048712 0.000010 0.000010 0.000010 0.049111 0.000010 0.000010 0.000010 0.000010 0.704885 0.194647 0.000010
0.000010 0.000723 0.000010 0.000010 0.023940 0.564278 0.000010 0.186382 0.001629 0.005132 0.217855 0.000010 0.000010
0.000010 0.000010 0.022261 0.000010 0.028666 0.932847 0.016135 0.000010 0.000010 0.000010 0.000010 0.000010 0.000010
0.000010 0.016257 0.000010 0.000010 0.000010 0.000010 0.000010 0.167012 0.000010 0.000010 0.203929 0.612712 0.000010
0.027621 0.044144 0.004624 0.000010 0.000010 0.000010 0.000010 0.917013 0.000010 0.000010 0.000010 0.004822 0.001705
0.015594 0.000010 0.000010 0.007294 0.000010 0.345606 0.000010 0.025583 0.018983 0.040810 0.526332 0.019749 0.000010
0.000010 0.032643 0.000010 0.000010 0.000010 0.560367 0.000010 0.002347 0.000010 0.000010 0.304260 0.100303 0.000010
0.007444 0.000010 0.013638 0.000010 0.000010 0.848576 0.000010 0.000010 0.130252 0.000010 0.000010 0.000010 0.000010
0.000010 0.000010 0.999880 0.000010 0.000010 0.000010 0.000010 0.000010 0.000010 0.000010 0.000010 0.000010 0.000010
0.000010 0.000010 0.000010 0.000010 0.000010 0.999880 0.000010 0.000010 0.000010 0.000010 0.000010 0.000010 0.000010
0.000010 0.000010 0.876096 0.000010 0.123794 0.000010 0.000010 0.000010 0.000010 0.000010 0.000010 0.000010 0.000010
0.000010 0.000010 0.000010 0.000010 0.000010 0.999880 0.000010 0.000010 0.000010 0.000010 0.000010 0.000010 0.000010
0.000010 0.000010 0.000010 0.000010 0.000010 0.000010 0.999880 0.000010 0.000010 0.000010 0.000010 0.000010 0.000010
0.012558 0.000010 0.012162 0.000010 0.021977 0.000010 0.928904 0.000010 0.000010 0.000010 0.000010 0.000010 0.024319
0.000010 0.000010 0.000013 0.000010 0.000010 0.000010 0.986552 0.000010 0.000010 0.000010 0.000010 0.000010 0.013336
0.999880 0.000010 0.000010 0.000010 0.000010 0.000010 0.000010 0.000010 0.000010 0.000010 0.000010 0.000010 0.000010
0.000010 0.155834 0.421327 0.326870 0.089716 0.000010 0.000010 0.000010 0.000010 0.000010 0.000010 0.000010 0.006172
0.000010 0.000010 0.000010 0.000010 0.000010 0.000010 0.000010 0.000010 0.000010 0.000010 0.000010 0.999880 0.000010
0.000010 0.000012 0.286753 0.000010 0.713134 0.000010 0.000010 0.000010 0.000010 0.000010 0.000010 0.000010 0.000010
0.000010 0.053305 0.000010 0.000010 0.000010 0.141092 0.000010 0.187930 0.000010 0.000010 0.295861 0.321732 0.000010
0.000010 0.000010 0.000010 0.000010 0.004245 0.024742 0.000010 0.531753 0.000010 0.000010 0.000010 0.439170 0.000010
0.000010 0.000010 0.000010 0.000010 0.000010 0.000010 0.000010 0.000010 0.000010 0.000010 0.000010 0.999880 0.000010
0.000010 0.000010 0.000010 0.000010 0.000010 0.000010 0.999880 0.000010 0.000010 0.000010 0.000010 0.000010 0.000010
0.000010 0.000010 0.000010 0.000010 0.000010 0.000010 0.999872 0.000010 0.000018 0.000010 0.000010 0.000010 0.000010
0.000010 0.000010 0.074773 0.346967 0.000010 0.000010 0.050052 0.000010 0.022475 0.000010 0.000010 0.486586 0.019076
0.000010 0.000010 0.000010 0.000010 0.000010 0.000010 0.000010 0.999879 0.000010 0.000010 0.000011 0.000010 0.000010
0.000010 0.000010 0.000010 0.000010 0.000010 0.000010 0.000010 0.000010 0.000010 0.000010 0.000010 0.999880 0.000010
0.004951 0.000010 0.012799 0.000010 0.032833 0.000010 0.000010 0.949327 0.000010 0.000010 0.000010 0.000010 0.000010
0.010756 0.000010 0.000010 0.000010 0.000010 0.000010 0.000010 0.989134 0.000010 0.000010 0.000010 0.000010 0.000010
0.000010 0.000010 0.000010 0.000010 0.000010 0.000010 0.000010 0.000010 0.000010 0.000010 0.000010 0.999880 0.000010
0.000010 0.000010 0.000010 0.000010 0.000010 0.000010 0.000010 0.999880 0.000010 0.000010 0.000010 0.000010 0.000010
0.000010 0.000010 0.157071 0.766607 0.000010 0.000010 0.020441 0.000010 0.000010 0.000010 0.000010 0.000010 0.055790
0.000010 0.000010 0.143511 0.789150 0.000010 0.000010 0.000010 0.000010 0.000010 0.000010 0.000010 0.000010 0.067240
0.000010 0.000010 0.000010 0.000010 0.000010 0.999880 0.000010 0.000010 0.000010 0.000010 0.000010 0.000010 0.000010
0.000010 0.000010 0.000010 0.000010 0.000010 0.000010 0.000010 0.000010 0.000010 0.000010 0.000010 0.999880 0.000010
0.000010 0.000010 0.000010 0.000010 0.000010 0.000010 0.000010 0.000010 0.000010 0.000010 0.276596 0.723294 0.000010
0.000010 0.000010 0.000010 0.000010 0.000010 0.999880 0.000010 0.000010 0.000010 0.000010 0.000010 0.000010 0.000010
0.000010 0.000010 0.000010 0.000010 0.000010 0.000010 0.000010 0.999880 0.000010 0.000010 0.000010 0.000010 0.000010
0.000010 0.000010 0.000010 0.000010 0.000010 0.999875 0.000010 0.000010 0.000010 0.000015 0.000010 0.000010 0.000010
0.000010 0.000010 0.000010 0.000010 0.000010 0.999880 0.000010 0.000010 0.000010 0.000010 0.000010 0.000010 0.000010
0.000010 0.000010 0.000010 0.000010 0.000010 0.522377 0.000010 0.477513 0.000010 0.000010 0.000010 0.000010 0.000010
0.000010 0.000010 0.000010 0.000010 0.000010 0.397079 0.000010 0.522731 0.000010 0.043825 0.036275 0.000010 0.000010
0.084168 0.000010 0.000010 0.000010 0.000010 0.915722 0.000010 0.000010 0.000010 0.000010 0.000010 0.000010 0.000010
0.000010 0.000010 0.000010 0.000010 0.000010 0.000010 0.000010 0.000010 0.000010 0.000010 0.000010 0.999880 0.000010
0.000010 0.000010 0.000010 0.000010 0.000010 0.999880 0.000010 0.000010 0.000010 0.000010 0.000010 0.000010 0.000010
0.000010 0.000010 0.000010 0.000010 0.000010 0.000010 0.999880 0.000010 0.000010 0.000010 0.000010 0.000010 0.000010
0.000010 0.000010 0.000010 0.000010 0.000010 0.000010 0.999880 0.000010 0.000010 0.000010 0.000010 0.000010 0.000010
0.000010 0.000010 0.007153 0.000010 0.000010 0.000010 0.992737 0.000010 0.000010 0.000010 0.000010 0.000010 0.000010
0.000010 0.000015 0.000010 0.000010 0.000010 0.000010 0.999875 0.000010 0.000010 0.000010 0.000010 0.000010 0.000010
