0.000010 0.982097 0.017873 0.000010 0.000010
0.000010 0.969872 0.030098 0.000010 0.000010
0.000010 0.999960 0.000010 0.000010 0.000010
0.000010 0.987044 0.000010 0.000010 0.012926
0.000010 0.967237 0.032733 0.000010 0.000010
0.000010 0.999960 0.000010 0.000010 0.000010
0.000010 0.999960 0.000010 0.000010 0.000010
0.000010 0.000010 0.659451 0.037387 0.303142
0.000018 0.000010 0.999952 0.000010 0.000010
0.000010 0.000010 0.360177 0.074382 0.565421
0.000010 0.000010 0.999960 0.000010 0.000010
0.018332 0.000010 0.000010 0.981638 0.000010
0.018240 0.000010 0.000010 0.981730 0.000010
0.000010 0.000010 0.000010 0.999960 0.000010
0.006176 0.000010 0.000010 0.993794 0.000010
0.024138 0.000010 0.000010 0.975832 0.000010
0.000010 0.003440 0.051883 0.021611 0.923055
0.020810 0.000010 0.000010 0.979160 0.000010
0.000010 0.032670 0.000010 0.048691 0.918619
0.000010 0.000010 0.000010 0.999960 0.000010
0.000010 0.983485 0.000010 0.016485 0.000010
0.034776 0.000010 0.000010 0.965194 0.000010
0.000578 0.000010 0.000010 0.999392 0.000010
0.000010 0.999960 0.000010 0.000010 0.000010
0.002167 0.042655 0.066768 0.064106 0.824304
0.000010 0.000010 0.486888 0.054050 0.459042
0.000010 0.926214 0.067642 0.006124 0.000010
0.000010 0.902457 0.050201 0.000010 0.047322
0.000010 0.000010 0.999960 0.000010 0.000010
0.000010 0.000010 0.999960 0.000010 0.000010
0.013756 0.000010 0.000010 0.986214 0.000010
0.024696 0.019221 0.577623 0.000010 0.378450
0.614393 0.045121 0.320321 0.000010 0.020156
0.021533 0.000010 0.000010 0.978437 0.000010
0.999960 0.000010 0.000010 0.000010 0.000010
0.035539 0.000010 0.000010 0.964431 0.000010
0.000010 0.000010 0.000010 0.999960 0.000010
0.043366 0.000010 0.000010 0.078000 0.878614
0.000010 0.904715 0.072886 0.010733 0.011655
0.000010 0.947850 0.026023 0.015687 0.010430
0.000010 0.999960 0.000010 0.000010 0.000010
0.000010 0.921504 0.008669 0.000010 0.069807
0.006385 0.925334 0.059984 0.000010 0.008287
0.000010 0.971656 0.014460 0.002986 0.010888
0.000010 0.532856 0.000010 0.004113 0.463011
0.036902 0.000010 0.000010 0.963068 0.000010
0.042359 0.000010 0.000010 0.957611 0.000010
0.085492 0.010548 0.000010 0.903940 0.000010
0.042879 0.000010 0.000010 0.957091 0.000010
0.049188 0.000010 0.000010 0.950782 0.000010
0.046450 0.000010 0.000010 0.953520 0.000010
0.033923 0.000010 0.000010 0.966047 0.000010
0.000010 0.999960 0.000010 0.000010 0.000010
0.218049 0.183997 0.281603 0.164034 0.152317
0.000010 0.999960 0.000010 0.000010 0.000010
0.000010 0.994574 0.005396 0.000010 0.000010
0.000010 0.897961 0.099770 0.000010 0.002248
0.000010 0.999960 0.000010 0.000010 0.000010
0.009447 0.000010 0.000010 0.990523 0.000010
0.026857 0.000010 0.000020 0.973104 0.000010
0.051337 0.000010 0.000010 0.948633 0.000010
0.029110 0.000010 0.000010 0.970860 0.000010
0.578219 0.101365 0.320396 0.000010 0.000010
0.000010 0.999960 0.000010 0.000010 0.000010
0.000010 0.999960 0.000010 0.000010 0.000010
0.160086 0.181543 0.417637 0.104759 0.135976
0.978299 0.000010 0.000010 0.021671 0.000010
0.000010 0.000010 0.000010 0.723140 0.276830
0.017870 0.000010 0.000010 0.982100 0.000010
0.000010 0.000010 0.000010 0.999960 0.000010
0.000010 0.000010 0.131014 0.000010 0.868956
0.053665 0.000010 0.000010 0.946305 0.000010
0.008367 0.000010 0.000010 0.991603 0.000010
0.020234 0.000010 0.000010 0.979736 0.000010
0.402735 0.000010 0.545052 0.011059 0.041144
0.867056 0.000010 0.015088 0.073416 0.044430
0.000010 0.000010 0.844455 0.000010 0.155515
0.000010 0.079382 0.920588 0.000010 0.000010
0.000010 0.000010 0.871930 0.000010 0.128040
0.785949 0.061793 0.152237 0.000010 0.000010
0.000010 0.000010 0.872780 0.000010 0.127190
0.687706 0.000010 0.304117 0.008157 0.000010
0.045279 0.000010 0.000010 0.954691 0.000010
0.010814 0.000010 0.000010 0.989156 0.000010
0.058260 0.000010 0.000010 0.941710 0.000010
0.000010 0.000010 0.872567 0.001193 0.126220
0.023976 0.000010 0.000010 0.975994 0.000010
0.000010 0.086519 0.040229 0.000010 0.873232
0.005133 0.000010 0.000010 0.994837 0.000010
0.000010 0.000010 0.640310 0.048543 0.311127
0.000010 0.000010 0.816058 0.000010 0.183912
0.000010 0.000010 0.736854 0.014189 0.248936
0.576962 0.070728 0.352290 0.000010 0.000010
0.000010 0.087964 0.912006 0.000010 0.000010
0.003084 0.000010 0.000010 0.996886 0.000010
0.018641 0.000010 0.000010 0.981329 0.000010
0.018167 0.155296 0.826517 0.000010 0.000010
0.000010 0.000010 0.125896 0.010860 0.863225
0.000010 0.000010 0.999960 0.000010 0.000010
0.274281 0.010065 0.151048 0.487398 0.077209
0.108430 0.001298 0.000010 0.890253 0.000010
0.541785 0.458185 0.000010 0.000010 0.000010
0.000010 0.042489 0.566248 0.002833 0.388420
0.000010 0.513855 0.000010 0.000010 0.486115
0.000010 0.036440 0.000010 0.000010 0.963530
0.000010 0.110052 0.624491 0.000010 0.265437
0.006547 0.067077 0.578243 0.000010 0.348124
0.001157 0.000010 0.570571 0.000010 0.428251
0.000010 0.000010 0.146176 0.002383 0.851421
0.597606 0.000010 0.101169 0.112339 0.188876
0.085941 0.166816 0.747223 0.000010 0.000010
0.128708 0.000010 0.208465 0.588853 0.073964
0.866196 0.000010 0.000010 0.133774 0.000010
0.008449 0.000010 0.898805 0.033107 0.059629
0.000010 0.462700 0.470629 0.000814 0.065848
0.478622 0.002005 0.000010 0.138750 0.380614
0.050125 0.008534 0.081789 0.121133 0.738420
0.009053 0.000010 0.000010 0.138879 0.852048
0.237822 0.147084 0.264831 0.297602 0.052661
0.000010 0.000010 0.058077 0.104929 0.836974
0.030871 0.000010 0.535533 0.039986 0.393601
0.009084 0.014349 0.042646 0.138726 0.795195
0.233868 0.000010 0.000171 0.071049 0.694902
0.364864 0.265953 0.369164 0.000010 0.000010
0.000010 0.773253 0.141466 0.001728 0.083544
0.000010 0.382017 0.617411 0.000010 0.000551
0.046679 0.000010 0.391265 0.036540 0.525505
0.000010 0.000010 0.999960 0.000010 0.000010
0.000010 0.000010 0.927315 0.000010 0.072655
0.000010 0.008746 0.953370 0.000010 0.037864
0.052975 0.000010 0.289703 0.036644 0.620669
0.000010 0.001412 0.906335 0.011251 0.080993
0.042527 0.000010 0.369771 0.041914 0.545778
0.223179 0.000010 0.000010 0.776791 0.000010
0.525989 0.000010 0.088647 0.385344 0.000010
0.282882 0.019911 0.360372 0.258603 0.078231
0.189290 0.810680 0.000010 0.000010 0.000010
0.149782 0.045012 0.198072 0.461412 0.145723
0.000010 0.465719 0.000010 0.457264 0.076997
0.081974 0.000010 0.000010 0.115274 0.802733
0.170421 0.017285 0.220080 0.545762 0.046452
0.087683 0.023216 0.025902 0.167448 0.695751
0.000010 0.000010 0.000010 0.999960 0.000010
0.000010 0.000010 0.000010 0.999960 0.000010
0.000010 0.000010 0.000010 0.047894 0.952076
0.032848 0.000010 0.000010 0.105425 0.861707
0.418986 0.000010 0.259914 0.118161 0.202929
0.308239 0.000010 0.051961 0.582803 0.056986
0.016238 0.000010 0.000010 0.060528 0.923214
0.068631 0.001008 0.000010 0.076280 0.854071
0.073563 0.000010 0.000010 0.072515 0.853902
0.144409 0.000010 0.212426 0.551854 0.091301
0.078578 0.000010 0.000010 0.085970 0.835432
0.079819 0.000010 0.000010 0.067409 0.852751
0.053403 0.000010 0.070133 0.087354 0.789100
0.000010 0.837930 0.136013 0.026036 0.000010
0.014715 0.003795 0.150835 0.131416 0.699239
0.000010 0.000010 0.000010 0.602632 0.397338
0.044927 0.000010 0.000010 0.063386 0.891668
0.040863 0.000010 0.000010 0.083130 0.875987
0.068113 0.000010 0.000010 0.045364 0.886503
0.000010 0.000010 0.000010 0.999960 0.000010
0.000010 0.986085 0.000010 0.010266 0.003628
0.000010 0.000010 0.710013 0.034411 0.255557
0.843562 0.116379 0.039673 0.000375 0.000010
0.000010 0.000010 0.548665 0.451305 0.000010
0.842701 0.000010 0.000010 0.157269 0.000010
0.999960 0.000010 0.000010 0.000010 0.000010
0.278264 0.011590 0.475751 0.234385 0.000010
0.000010 0.000010 0.000010 0.628386 0.371584
0.516834 0.000010 0.000010 0.429327 0.053819
0.370516 0.156161 0.426921 0.007304 0.039098
0.000010 0.940132 0.059838 0.000010 0.000010
0.200674 0.018605 0.116706 0.586549 0.077465
0.822434 0.000010 0.000010 0.177536 0.000010
0.000010 0.000010 0.000010 0.999960 0.000010
0.739950 0.000010 0.000010 0.260020 0.000010
0.000010 0.000010 0.000010 0.999960 0.000010
0.065898 0.000010 0.000010 0.934072 0.000010
0.389787 0.000010 0.000010 0.610183 0.000010
0.426917 0.000010 0.000010 0.573053 0.000010
0.267918 0.000010 0.000010 0.732052 0.000010
0.000010 0.000010 0.000010 0.999960 0.000010
0.000010 0.000010 0.000010 0.999960 0.000010
0.000010 0.000010 0.000010 0.999960 0.000010
0.053228 0.000010 0.000010 0.946742 0.000010
0.000010 0.000010 0.000010 0.999960 0.000010
0.002245 0.000010 0.000010 0.997725 0.000010
0.000010 0.999960 0.000010 0.000010 0.000010
0.173881 0.135851 0.125367 0.279037 0.285865
0.000010 0.008309 0.919354 0.000010 0.072317
0.077509 0.000010 0.000010 0.047795 0.874676
0.523609 0.000010 0.000010 0.476361 0.000010
0.341586 0.038504 0.000010 0.619890 0.000010
0.733943 0.175343 0.016721 0.073983 0.000010
0.000010 0.055241 0.944729 0.000010 0.000010
0.000010 0.000010 0.999960 0.000010 0.000010
0.000010 0.000010 0.014651 0.046399 0.938930
0.000010 0.000010 0.036985 0.078881 0.884115
0.000010 0.206104 0.762672 0.021577 0.009637
0.541509 0.458461 0.000010 0.000010 0.000010
0.028216 0.000010 0.000010 0.971754 0.000010
0.330579 0.000010 0.042166 0.204242 0.423004
0.040261 0.000010 0.337086 0.048953 0.573689
0.000010 0.043801 0.864626 0.000010 0.091553
0.000010 0.000010 0.933610 0.000010 0.066360
0.000010 0.000010 0.000010 0.999960 0.000010
0.000010 0.077588 0.922382 0.000010 0.000010
0.000010 0.085864 0.914106 0.000010 0.000010
0.785211 0.098452 0.041861 0.070648 0.003829
0.000010 0.000010 0.000010 0.076922 0.923048
0.000010 0.000010 0.000010 0.066929 0.933041
0.000010 0.011241 0.000010 0.051979 0.936760
0.024849 0.402879 0.043850 0.024024 0.504399
0.942975 0.000010 0.000010 0.056995 0.000010
0.000010 0.000010 0.000010 0.999960 0.000010
0.321137 0.018637 0.069822 0.554614 0.035791
0.000010 0.000010 0.000010 0.999960 0.000010
0.000010 0.000010 0.000010 0.999960 0.000010
0.000010 0.000010 0.000010 0.999960 0.000010
0.000010 0.000010 0.000010 0.999960 0.000010
0.189784 0.025752 0.033734 0.200460 0.550271
0.343318 0.000010 0.076031 0.516011 0.064630
0.000010 0.000010 0.000010 0.999960 0.000010
0.622125 0.068951 0.299730 0.009184 0.000010
0.679282 0.000010 0.317533 0.000010 0.003165
0.695578 0.000010 0.304392 0.000010 0.000010
0.000010 0.000010 0.000010 0.999960 0.000010
0.000010 0.000010 0.000010 0.999960 0.000010
0.045618 0.010589 0.138329 0.204560 0.600904
0.063631 0.000010 0.156450 0.140071 0.639839
0.209865 0.070061 0.206029 0.360237 0.153809
0.191236 0.808734 0.000010 0.000010 0.000010
0.005697 0.035951 0.109387 0.159274 0.689690
0.358449 0.000010 0.103158 0.511688 0.026695
0.000010 0.898245 0.049337 0.003465 0.048943
0.000010 0.231539 0.178268 0.000010 0.590174
0.000010 0.034758 0.041591 0.030931 0.892710
0.000010 0.775703 0.209020 0.000010 0.015257
0.010680 0.007118 0.856702 0.000010 0.125489
0.000010 0.556461 0.040217 0.000010 0.403302
0.000010 0.402212 0.060663 0.000010 0.537105
0.007776 0.000010 0.066602 0.000010 0.925602
0.999960 0.000010 0.000010 0.000010 0.000010
0.000010 0.000010 0.000010 0.000010 0.999960
0.843958 0.000010 0.000010 0.156012 0.000010
0.000010 0.013950 0.024063 0.000010 0.961967
0.034482 0.000010 0.000010 0.965488 0.000010
0.071193 0.000010 0.000011 0.928776 0.000010
0.041283 0.000010 0.000010 0.958687 0.000010
0.032660 0.000010 0.000010 0.558436 0.408884
0.668865 0.000010 0.233669 0.097446 0.000010
0.000010 0.847837 0.124737 0.024031 0.003384
0.236593 0.000010 0.000010 0.763377 0.000010
0.000010 0.608911 0.250035 0.000010 0.141033
0.000010 0.427496 0.429051 0.004322 0.139121
0.000010 0.963285 0.036685 0.000010 0.000010
0.045211 0.000010 0.000010 0.954759 0.000010
0.058182 0.000010 0.000010 0.941788 0.000010
0.359535 0.477826 0.080358 0.030891 0.051389
0.000010 0.033524 0.848876 0.007809 0.109780
0.000010 0.999960 0.000010 0.000010 0.000010
0.000010 0.000010 0.818786 0.017731 0.163463
0.000010 0.000010 0.736457 0.006043 0.257480
0.001328 0.915496 0.083156 0.000010 0.000010
0.000010 0.000010 0.911560 0.000010 0.088410
0.825145 0.060670 0.000010 0.057416 0.056759
0.843623 0.105726 0.000010 0.037317 0.013324
0.000010 0.000010 0.000010 0.000010 0.999960
0.000010 0.999960 0.000010 0.000010 0.000010
0.000010 0.993196 0.000010 0.006774 0.000010
0.000010 0.000010 0.000010 0.000010 0.999960
0.009432 0.000010 0.860101 0.000010 0.130447
0.000010 0.000010 0.015177 0.000010 0.984793
0.000010 0.000010 0.000010 0.000010 0.999960
0.000010 0.007604 0.480892 0.000010 0.511483
0.000010 0.043586 0.449010 0.000010 0.507384
0.000010 0.045432 0.000010 0.021935 0.932613
0.000010 0.968619 0.031351 0.000010 0.000010
0.000010 0.000010 0.000184 0.000010 0.999786
0.044537 0.000010 0.000010 0.955433 0.000010
0.002028 0.000010 0.000010 0.997942 0.000010
0.061697 0.000010 0.000010 0.938273 0.000010
0.000010 0.000010 0.000010 0.999960 0.000010
