0.999970 0.000010 0.000010 0.000010
0.999970 0.000010 0.000010 0.000010
0.999970 0.000010 0.000010 0.000010
0.999970 0.000010 0.000010 0.000010
0.999970 0.000010 0.000010 0.000010
0.999970 0.000010 0.000010 0.000010
0.999970 0.000010 0.000010 0.000010
0.161987 0.000010 0.015946 0.822057
0.357857 0.000010 0.000010 0.642123
0.000010 0.000010 0.092887 0.907093
0.415447 0.000010 0.000010 0.584533
0.000010 0.000020 0.999960 0.000010
0.000010 0.000010 0.999970 0.000010
0.000010 0.000010 0.999970 0.000010
0.000010 0.000010 0.999970 0.000010
0.000010 0.000010 0.999970 0.000010
0.000010 0.000010 0.001246 0.998734
0.000010 0.000010 0.999970 0.000010
0.000010 0.000010 0.046153 0.953827
0.000010 0.000010 0.999970 0.000010
0.991825 0.000010 0.008155 0.000010
0.000010 0.000010 0.999970 0.000010
0.000010 0.000010 0.999970 0.000010
0.999970 0.000010 0.000010 0.000010
0.017170 0.000010 0.056616 0.926203
0.135122 0.000010 0.049198 0.815670
0.999970 0.000010 0.000010 0.000010
0.975858 0.000010 0.002144 0.021988
0.410095 0.000010 0.000010 0.589885
0.376140 0.000010 0.000010 0.623840
0.000010 0.000010 0.999970 0.000010
0.189523 0.000010 0.000010 0.810457
0.052978 0.814902 0.000010 0.132110
0.000010 0.000010 0.999970 0.000010
0.000010 0.933201 0.066779 0.000010
0.000010 0.000010 0.999970 0.000010
0.000010 0.000010 0.999970 0.000010
0.000010 0.017818 0.121608 0.860564
0.995947 0.000010 0.004033 0.000010
0.999454 0.000010 0.000526 0.000010
0.999970 0.000010 0.000010 0.000010
0.991341 0.000010 0.000010 0.008639
0.999970 0.000010 0.000010 0.000010
0.990450 0.000010 0.009530 0.000010
0.543450 0.000010 0.015992 0.440548
0.000010 0.018561 0.981419 0.000010
0.000010 0.011768 0.988212 0.000010
0.000010 0.062992 0.936988 0.000010
0.000010 0.019021 0.980959 0.000010
0.000010 0.031590 0.968390 0.000010
0.000010 0.024958 0.975022 0.000010
0.000010 0.046489 0.953491 0.000010
0.999970 0.000010 0.000010 0.000010
0.251074 0.280385 0.158572 0.309969
0.999970 0.000010 0.000010 0.000010
0.999970 0.000010 0.000010 0.000010
0.999970 0.000010 0.000010 0.000010
0.999970 0.000010 0.000010 0.000010
0.000010 0.000010 0.999970 0.000010
0.000010 0.000010 0.999970 0.000010
0.000010 0.041128 0.958852 0.000010
0.000010 0.005197 0.994783 0.000010
0.123669 0.752247 0.000010 0.124074
0.999970 0.000010 0.000010 0.000010
0.999970 0.000010 0.000010 0.000010
0.316113 0.208046 0.092201 0.383640
0.000010 0.919812 0.080168 0.000010
0.000010 0.000010 0.774062 0.225918
0.000010 0.000010 0.999970 0.000010
0.000010 0.000010 0.999970 0.000010
0.000010 0.000010 0.000010 0.999970
0.000010 0.032773 0.967207 0.000010
0.000010 0.000010 0.999970 0.000010
0.000010 0.000010 0.999970 0.000010
0.118624 0.414489 0.000010 0.466877
0.000010 0.906699 0.093281 0.000010
0.231433 0.000010 0.000010 0.768547
0.408615 0.006246 0.000010 0.585129
0.237842 0.000010 0.000010 0.762138
0.043410 0.930855 0.000010 0.025725
0.217503 0.000010 0.000010 0.782477
0.030601 0.701244 0.028733 0.239422
0.000010 0.027135 0.972845 0.000010
0.000010 0.000010 0.999970 0.000010
0.000010 0.036028 0.963952 0.000010
0.240689 0.000010 0.000010 0.759291
0.000010 0.000010 0.999970 0.000010
0.072193 0.000010 0.000010 0.927787
0.000010 0.000010 0.999970 0.000010
0.138067 0.000010 0.024476 0.837447
0.184336 0.000010 0.000010 0.815644
0.154239 0.000010 0.000010 0.845741
0.122870 0.733310 0.000010 0.143810
0.471883 0.000010 0.000010 0.528097
0.000010 0.000010 0.999970 0.000010
0.000010 0.000010 0.999970 0.000010
0.462327 0.000010 0.000010 0.537653
0.000010 0.000010 0.000010 0.999970
0.326539 0.000010 0.000010 0.673441
0.033613 0.353076 0.491677 0.121634
0.000010 0.094031 0.905949 0.000010
0.131591 0.868389 0.000010 0.000010
0.204578 0.000010 0.022463 0.772948
0.526125 0.000010 0.000010 0.473855
0.012141 0.000010 0.000010 0.987839
0.333895 0.000010 0.000010 0.666085
0.248981 0.000010 0.000010 0.750999
0.219426 0.000010 0.000010 0.780554
0.000010 0.000010 0.000010 0.999970
0.000010 0.583469 0.130516 0.286005
0.452829 0.201851 0.000010 0.345311
0.007598 0.103004 0.595711 0.293686
0.000010 0.863440 0.136540 0.000010
0.286577 0.000010 0.000010 0.713403
0.635475 0.000010 0.000010 0.364505
0.000010 0.471845 0.143757 0.384389
0.012395 0.000010 0.125040 0.862555
0.000010 0.000010 0.138840 0.861140
0.218790 0.239323 0.304912 0.236975
0.000010 0.000010 0.098155 0.901825
0.144256 0.025798 0.042031 0.787915
0.000010 0.000010 0.147935 0.852045
0.000010 0.233401 0.066500 0.700089
0.363237 0.540528 0.000010 0.096225
0.875187 0.000010 0.020286 0.104518
0.612248 0.000010 0.000010 0.387732
0.074056 0.000010 0.047644 0.878290
0.366767 0.000010 0.000010 0.633213
0.245840 0.000010 0.000010 0.754140
0.338159 0.000010 0.000010 0.661821
0.042622 0.038828 0.048873 0.869677
0.293243 0.000010 0.000010 0.706737
0.028592 0.000010 0.080665 0.890733
0.000010 0.184628 0.815352 0.000010
0.000010 0.541210 0.410696 0.048084
0.110475 0.264332 0.265480 0.359713
0.839465 0.160515 0.000010 0.000010
0.074798 0.270888 0.455623 0.198692
0.518880 0.000010 0.464869 0.016241
0.000010 0.051726 0.146586 0.801678
0.051734 0.272992 0.542542 0.132732
0.017453 0.043644 0.225430 0.713474
0.000010 0.000010 0.999970 0.000010
0.000010 0.000010 0.999970 0.000010
0.000010 0.000010 0.056080 0.943900
0.000010 0.000010 0.136649 0.863331
0.007798 0.440803 0.139243 0.412156
0.000010 0.387876 0.612104 0.000010
0.000010 0.000010 0.076272 0.923708
0.000010 0.053171 0.100671 0.846147
0.000010 0.026601 0.136240 0.837149
0.019478 0.130352 0.534112 0.316058
0.000010 0.057996 0.098857 0.843138
0.000010 0.050694 0.098914 0.850383
0.000010 0.000010 0.101226 0.898754
0.971128 0.000010 0.018112 0.010750
0.049253 0.000010 0.156834 0.793902
0.000010 0.000010 0.628018 0.371962
0.000010 0.000010 0.117413 0.882567
0.000010 0.000010 0.120099 0.879881
0.000010 0.032221 0.106914 0.860855
0.000010 0.000010 0.999970 0.000010
0.999970 0.000010 0.000010 0.000010
0.144939 0.000010 0.016081 0.838970
0.000010 0.999970 0.000010 0.000010
0.191310 0.000010 0.431263 0.377417
0.000010 0.792899 0.207081 0.000010
0.000010 0.999970 0.000010 0.000010
0.144331 0.409569 0.191204 0.254895
0.000010 0.000010 0.689126 0.310854
0.000010 0.510187 0.456841 0.032962
0.200905 0.569695 0.000010 0.229391
0.999970 0.000010 0.000010 0.000010
0.023988 0.202185 0.611501 0.162326
0.000010 0.812588 0.187392 0.000010
0.000010 0.000010 0.999970 0.000010
0.000010 0.741838 0.258142 0.000010
0.000010 0.000010 0.999970 0.000010
0.000010 0.026532 0.973448 0.000010
0.000010 0.349460 0.650520 0.000010
0.000010 0.361504 0.638476 0.000010
0.000010 0.225037 0.774943 0.000010
0.000010 0.000010 0.999970 0.000010
0.000010 0.000010 0.999970 0.000010
0.000010 0.000010 0.999970 0.000010
0.000010 0.018431 0.981549 0.000010
0.000010 0.000010 0.999970 0.000010
0.000010 0.000010 0.999970 0.000010
0.999970 0.000010 0.000010 0.000010
0.139147 0.242175 0.284381 0.334297
0.268263 0.000010 0.000010 0.731717
0.000010 0.031620 0.120855 0.847515
0.000010 0.481272 0.518708 0.000010
0.000010 0.374033 0.625947 0.000010
0.000010 0.918294 0.081686 0.000010
0.419138 0.000010 0.000010 0.580842
0.401984 0.000010 0.000010 0.597996
0.000010 0.000010 0.016404 0.983576
0.000010 0.000010 0.058036 0.941944
0.475405 0.000010 0.000010 0.524575
0.139418 0.860562 0.000010 0.000010
0.000010 0.000010 0.999970 0.000010
0.000010 0.273877 0.262966 0.463147
0.071672 0.015017 0.076796 0.836514
0.294480 0.000010 0.000010 0.705500
0.268644 0.000010 0.000010 0.731336
0.000010 0.000010 0.999970 0.000010
0.368405 0.000010 0.000010 0.631575
0.426234 0.000010 0.000010 0.573746
0.000010 0.932303 0.067677 0.000010
0.000010 0.000010 0.061599 0.938381
0.000010 0.000010 0.039526 0.960454
0.000010 0.000010 0.046195 0.953785
0.457797 0.017692 0.004242 0.520269
0.000010 0.907327 0.092653 0.000010
0.000010 0.000010 0.999970 0.000010
0.000010 0.405871 0.587429 0.006690
0.000010 0.000010 0.999970 0.000010
0.000010 0.000010 0.999970 0.000010
0.000010 0.000010 0.999970 0.000010
0.000010 0.000010 0.999970 0.000010
0.004489 0.221758 0.198391 0.575362
0.000010 0.415732 0.562980 0.021278
0.000010 0.000010 0.999970 0.000010
0.050637 0.801246 0.004287 0.143830
0.000010 0.932537 0.000010 0.067443
0.046079 0.953621 0.000290 0.000010
0.000010 0.000010 0.999970 0.000010
0.000010 0.000010 0.999970 0.000010
0.026026 0.000010 0.209764 0.764201
0.042570 0.004449 0.169746 0.783236
0.089988 0.361331 0.338396 0.210285
0.846157 0.153823 0.000010 0.000010
0.013648 0.000010 0.138353 0.847989
0.000010 0.427073 0.532427 0.040490
0.999970 0.000010 0.000010 0.000010
0.292766 0.000010 0.000010 0.707214
0.000010 0.000010 0.017393 0.982587
0.886556 0.000010 0.000010 0.113424
0.284425 0.000010 0.000010 0.715555
0.576269 0.000010 0.000010 0.423711
0.452102 0.000010 0.000010 0.547878
0.000010 0.000017 0.000010 0.999963
0.000010 0.999970 0.000010 0.000010
0.000010 0.000010 0.000010 0.999970
0.000010 0.775067 0.224913 0.000010
0.000010 0.000010 0.000010 0.999970
0.000010 0.020911 0.979069 0.000010
0.000010 0.056690 0.943290 0.000010
0.000010 0.015401 0.984579 0.000010
0.000010 0.042999 0.601272 0.355719
0.034458 0.746110 0.116736 0.102696
0.967133 0.000010 0.032847 0.000010
0.000010 0.198349 0.801631 0.000010
0.720653 0.000010 0.000010 0.279327
0.558495 0.000010 0.000010 0.441485
0.999970 0.000010 0.000010 0.000010
0.000010 0.013066 0.986914 0.000010
0.000010 0.044866 0.955114 0.000010
0.490006 0.452040 0.028738 0.029216
0.264408 0.000010 0.000010 0.735572
0.999970 0.000010 0.000010 0.000010
0.227424 0.000010 0.000010 0.772556
0.124864 0.000010 0.000010 0.875116
0.999970 0.000010 0.000010 0.000010
0.238731 0.000010 0.000010 0.761249
0.000010 0.947300 0.052680 0.000010
0.000010 0.952971 0.047009 0.000010
0.000010 0.000010 0.000010 0.999970
0.999970 0.000010 0.000010 0.000010
0.999970 0.000010 0.000010 0.000010
0.000010 0.000010 0.000010 0.999970
0.254349 0.000010 0.000010 0.745631
0.000010 0.000010 0.000010 0.999970
0.000010 0.000010 0.000010 0.999970
0.096755 0.000010 0.000010 0.903225
0.196176 0.000010 0.000010 0.803804
0.000010 0.000010 0.044922 0.955058
0.999970 0.000010 0.000010 0.000010
0.000010 0.000010 0.000010 0.999970
0.000010 0.007608 0.992372 0.000010
0.000010 0.000010 0.999970 0.000010
0.000010 0.032357 0.967623 0.000010
0.000010 0.000010 0.999970 0.000010
