0.499592 0.162344 0.057234 0.000010 0.280810 0.000010
0.225507 0.090702 0.381970 0.211567 0.086465 0.003789
0.706509 0.058590 0.099689 0.016015 0.119186 0.000010
0.491255 0.180313 0.049861 0.000010 0.278551 0.000010
0.378020 0.126816 0.143787 0.095169 0.256198 0.000010
0.483539 0.182190 0.059807 0.006510 0.267944 0.000010
0.386980 0.141598 0.161596 0.074339 0.235476 0.000010
0.445230 0.198991 0.059104 0.083396 0.213269 0.000010
0.222328 0.092507 0.368359 0.194175 0.075712 0.046917
0.421386 0.144763 0.080464 0.070435 0.282942 0.000010
0.470131 0.101732 0.022732 0.153935 0.206593 0.044877
0.063025 0.078602 0.480850 0.293678 0.082169 0.001676
0.239417 0.260244 0.057182 0.159402 0.103316 0.180438
0.254411 0.326688 0.035415 0.077435 0.106540 0.199512
0.471053 0.096212 0.000010 0.088822 0.238111 0.105792
0.039969 0.116495 0.462771 0.243513 0.132128 0.005124
0.355966 0.216700 0.078070 0.117510 0.223062 0.008692
0.103885 0.048700 0.467204 0.340449 0.022539 0.017223
0.124089 0.060917 0.523584 0.211675 0.079725 0.000010
0.134592 0.064626 0.545784 0.179678 0.066782 0.008538
0.367820 0.026183 0.000010 0.000010 0.203649 0.402328
0.059599 0.075785 0.482558 0.291977 0.067859 0.022223
0.340723 0.258774 0.050687 0.095128 0.158080 0.096607
0.100729 0.059183 0.474816 0.345083 0.008964 0.011225
0.124692 0.056761 0.431169 0.320387 0.054565 0.012426
0.390193 0.267133 0.033549 0.081892 0.154553 0.072680
0.374300 0.257426 0.083214 0.136400 0.091836 0.056824
0.126455 0.076725 0.556852 0.176963 0.052504 0.010501
