0.000010 0.000010 0.999980
0.000010 0.000010 0.999980
0.000010 0.000010 0.999980
0.000010 0.000010 0.999980
0.000010 0.000010 0.999980
0.000010 0.000010 0.999980
0.000010 0.000010 0.999980
0.032298 0.504078 0.463624
0.000010 0.350498 0.649492
0.076311 0.619101 0.304588
0.000010 0.322077 0.677913
0.999980 0.000010 0.000010
0.999980 0.000010 0.000010
0.999980 0.000010 0.000010
0.999980 0.000010 0.000010
0.999980 0.000010 0.000010
0.012372 0.738109 0.249519
0.999980 0.000010 0.000010
0.042163 0.702243 0.255594
0.999980 0.000010 0.000010
0.011599 0.000010 0.988391
0.999980 0.000010 0.000010
0.999980 0.000010 0.000010
0.000010 0.000010 0.999980
0.064934 0.675909 0.259157
0.046377 0.551627 0.401996
0.016017 0.000010 0.983973
0.015289 0.020138 0.964574
0.000010 0.315190 0.684800
0.000010 0.321749 0.678241
0.999980 0.000010 0.000010
0.000010 0.537132 0.462858
0.052174 0.688236 0.259590
0.999980 0.000010 0.000010
0.115612 0.884378 0.000010
0.999980 0.000010 0.000010
0.999980 0.000010 0.000010
0.074569 0.772912 0.152519
0.023211 0.000010 0.976779
0.014277 0.000010 0.985713
0.000010 0.000010 0.999980
0.000010 0.018533 0.981457
0.005072 0.008546 0.986382
0.013576 0.000010 0.986414
0.017957 0.324137 0.657906
0.999980 0.000010 0.000010
0.999980 0.000010 0.000010
0.962983 0.016368 0.020649
0.999980 0.000010 0.000010
0.999980 0.000010 0.000010
0.999980 0.000010 0.000010
0.999980 0.000010 0.000010
0.000010 0.000010 0.999980
0.188408 0.412658 0.398935
0.000010 0.000010 0.999980
0.000010 0.000010 0.999980
0.000010 0.000010 0.999980
0.000010 0.000010 0.999980
0.999980 0.000010 0.000010
0.999980 0.000010 0.000010
0.999980 0.000010 0.000010
0.999979 0.000011 0.000010
0.062820 0.621328 0.315852
0.000010 0.000010 0.999980
0.000010 0.000010 0.999980
0.117454 0.398610 0.483936
0.111956 0.888034 0.000010
0.720759 0.262791 0.016451
0.999980 0.000010 0.000010
0.999980 0.000010 0.000010
0.000010 0.713383 0.286607
0.999980 0.000010 0.000010
0.999980 0.000010 0.000010
0.999980 0.000010 0.000010
0.045275 0.649723 0.305002
0.140083 0.850766 0.009151
0.000010 0.458153 0.541837
0.000010 0.313224 0.686766
0.000010 0.464396 0.535594
0.079505 0.755736 0.164759
0.000010 0.461537 0.538453
0.076847 0.795021 0.128132
0.999980 0.000010 0.000010
0.999980 0.000010 0.000010
0.991279 0.008711 0.000010
0.000010 0.463561 0.536429
0.999980 0.000010 0.000010
0.000010 0.664213 0.335777
0.999980 0.000010 0.000010
0.038435 0.516654 0.444911
0.000010 0.500852 0.499138
0.017255 0.490679 0.492065
0.068210 0.628190 0.303600
0.000010 0.262461 0.737529
0.999980 0.000010 0.000010
0.999980 0.000010 0.000010
0.000010 0.304788 0.695202
0.004335 0.726902 0.268763
0.000010 0.373611 0.626379
0.504809 0.387346 0.107845
0.931480 0.068510 0.000010
0.140894 0.222654 0.636452
0.000010 0.514107 0.485883
0.000010 0.326903 0.673087
0.000010 0.721690 0.278300
0.000010 0.433130 0.566860
0.000010 0.481597 0.518393
0.000010 0.542676 0.457314
0.000010 0.716916 0.283074
0.160065 0.752098 0.087837
0.000010 0.300989 0.699001
0.591722 0.302228 0.106050
0.208696 0.791294 0.000010
0.022992 0.410886 0.566122
0.013904 0.195139 0.790958
0.190349 0.720704 0.088946
0.128863 0.658568 0.212569
0.143116 0.723650 0.133235
0.315453 0.370435 0.314112
0.104784 0.680599 0.214617
0.030505 0.582033 0.387462
0.146237 0.669952 0.183811
0.089785 0.761301 0.148914
0.045568 0.389592 0.564840
0.022211 0.071583 0.906206
0.000010 0.214078 0.785912
0.032923 0.669735 0.297343
0.000010 0.331202 0.668788
0.000010 0.449883 0.550107
0.000010 0.385441 0.614549
0.029865 0.678345 0.291790
0.000010 0.422137 0.577853
0.033488 0.659011 0.307501
0.802885 0.197105 0.000010
0.422447 0.526525 0.051028
0.277859 0.472483 0.249659
0.001840 0.117969 0.880191
0.474567 0.330584 0.194849
0.464962 0.034240 0.500798
0.130012 0.737768 0.132220
0.564750 0.276090 0.159160
0.175171 0.643895 0.180934
0.999980 0.000010 0.000010
0.999980 0.000010 0.000010
0.042719 0.779560 0.177721
0.105502 0.747639 0.146858
0.147922 0.683536 0.168542
0.612174 0.344767 0.043059
0.040843 0.787519 0.171638
0.081439 0.746271 0.172290
0.077368 0.760301 0.162331
0.557815 0.341440 0.100745
0.083503 0.745490 0.171007
0.076229 0.791956 0.131815
0.090331 0.718619 0.191050
0.034310 0.023600 0.942089
0.125263 0.633659 0.241077
0.588799 0.334520 0.076681
0.057619 0.788215 0.154165
0.077950 0.776591 0.145459
0.063919 0.812838 0.123243
0.999980 0.000010 0.000010
0.023584 0.000010 0.976406
0.026233 0.520825 0.452943
0.107288 0.679720 0.212993
0.446349 0.208023 0.345628
0.254391 0.745599 0.000010
0.047669 0.952321 0.000010
0.259693 0.435972 0.304334
0.608905 0.357267 0.033828
0.465473 0.534517 0.000010
0.057390 0.513569 0.429040
0.000116 0.000010 0.999874
0.610514 0.295863 0.093623
0.229518 0.770472 0.000010
0.999980 0.000010 0.000010
0.316435 0.683555 0.000010
0.999980 0.000010 0.000010
0.984402 0.015588 0.000010
0.627874 0.372116 0.000010
0.637064 0.362926 0.000010
0.758204 0.241786 0.000010
0.999980 0.000010 0.000010
0.999980 0.000010 0.000010
0.999980 0.000010 0.000010
0.999980 0.000010 0.000010
0.999980 0.000010 0.000010
0.999980 0.000010 0.000010
0.000010 0.000010 0.999980
0.293239 0.433003 0.273758
0.000010 0.420215 0.579775
0.066125 0.825431 0.108444
0.537166 0.462824 0.000010
0.667096 0.266377 0.066527
0.151799 0.593208 0.254993
0.013242 0.329051 0.657707
0.000010 0.337933 0.662057
0.047648 0.715771 0.236581
0.094302 0.652644 0.253054
0.026731 0.280836 0.692433
0.146891 0.218449 0.634660
0.999980 0.000010 0.000010
0.225912 0.706814 0.067274
0.047283 0.654447 0.298270
0.000010 0.390054 0.609936
0.000010 0.415243 0.584747
0.999980 0.000010 0.000010
0.000010 0.323397 0.676593
0.000010 0.289952 0.710038
0.178922 0.660272 0.160806
0.081613 0.669620 0.248767
0.079141 0.693593 0.227265
0.056058 0.681735 0.262207
0.045359 0.384889 0.569752
0.149569 0.850421 0.000010
0.999980 0.000010 0.000010
0.588290 0.334488 0.077222
0.999980 0.000010 0.000010
0.999980 0.000010 0.000010
0.999980 0.000010 0.000010
0.999980 0.000010 0.000010
0.218502 0.620285 0.161213
0.545483 0.396700 0.057817
0.999980 0.000010 0.000010
0.073445 0.655240 0.271315
0.061679 0.745891 0.192430
0.077123 0.718043 0.204834
0.999980 0.000010 0.000010
0.999980 0.000010 0.000010
0.200712 0.595498 0.203790
0.136064 0.658423 0.205512
0.375451 0.404126 0.220423
0.000010 0.132649 0.867341
0.153787 0.591890 0.254324
0.528907 0.438255 0.032837
0.018633 0.010013 0.971354
0.000010 0.512100 0.487890
0.029990 0.701517 0.268494
0.000010 0.054014 0.945976
0.000010 0.445880 0.554110
0.000010 0.308745 0.691245
0.000010 0.382285 0.617705
0.000010 0.735696 0.264294
0.000010 0.999980 0.000010
0.000010 0.766639 0.233351
0.255229 0.744761 0.000010
0.000010 0.748143 0.251847
0.999980 0.000010 0.000010
0.971965 0.028025 0.000010
0.999980 0.000010 0.000010
0.543870 0.404494 0.051635
0.177349 0.696506 0.126145
0.037113 0.000010 0.962877
0.798020 0.201970 0.000010
0.000010 0.152619 0.847371
0.000010 0.265932 0.734058
0.000010 0.000010 0.999980
0.999980 0.000010 0.000010
0.999980 0.000010 0.000010
0.092131 0.354942 0.552927
0.000010 0.436120 0.563870
0.000010 0.000010 0.999980
0.004971 0.471734 0.523295
0.000505 0.565308 0.434188
0.004083 0.000010 0.995907
0.000010 0.437533 0.562457
0.129463 0.734278 0.136259
0.126450 0.724215 0.149335
0.000010 0.714168 0.285822
0.000010 0.000010 0.999980
0.000010 0.000010 0.999980
0.000010 0.743716 0.256274
0.000010 0.470331 0.529659
0.000010 0.763557 0.236433
0.000010 0.726717 0.273273
0.000010 0.568326 0.431664
0.000010 0.544127 0.455863
0.040983 0.662122 0.296895
0.000010 0.000010 0.999980
0.000010 0.746974 0.253016
0.999978 0.000012 0.000010
0.999980 0.000010 0.000010
0.997047 0.002943 0.000010
0.999980 0.000010 0.000010
