0.000010 0.144907 0.278297 0.079106 0.489545 0.008137
0.000010 0.063874 0.085416 0.394939 0.251223 0.204538
0.000010 0.000010 0.082314 0.196762 0.686610 0.034294
0.007273 0.168555 0.255069 0.070653 0.482516 0.015934
0.000010 0.123380 0.251428 0.166023 0.382763 0.076396
0.000010 0.162164 0.238061 0.083740 0.479008 0.037017
0.004378 0.112406 0.208233 0.189576 0.402484 0.082923
0.022287 0.155325 0.203558 0.063750 0.495689 0.059391
0.026614 0.082925 0.135025 0.342288 0.245569 0.167579
0.000010 0.149064 0.232487 0.109206 0.439749 0.069483
0.000010 0.074058 0.072686 0.441920 0.086348 0.324979
0.005852 0.044623 0.172535 0.078864 0.529164 0.168961
0.006178 0.082291 0.091827 0.488653 0.066626 0.264424
0.140005 0.248786 0.084361 0.053283 0.308430 0.165135
0.140118 0.281985 0.092339 0.060943 0.330708 0.093909
0.024885 0.068481 0.194253 0.051707 0.564258 0.096415
0.028770 0.068790 0.127221 0.478675 0.065408 0.231136
0.083370 0.040717 0.078123 0.423757 0.124227 0.249807
0.040835 0.198586 0.174852 0.108922 0.439744 0.037060
0.008554 0.179811 0.178072 0.117084 0.389460 0.127019
0.012654 0.032002 0.030576 0.492184 0.104073 0.328512
0.000010 0.043593 0.089003 0.551507 0.126802 0.189085
0.006663 0.053370 0.082250 0.556013 0.125399 0.176304
0.017235 0.079421 0.038036 0.461358 0.071218 0.332732
0.016176 0.070091 0.103422 0.477634 0.087906 0.244770
0.072419 0.233708 0.145732 0.058339 0.377690 0.112112
0.000010 0.039105 0.056357 0.453636 0.119553 0.331340
0.032861 0.206666 0.181250 0.020429 0.488389 0.070405
0.045901 0.196922 0.106765 0.088016 0.442668 0.119729
0.000010 0.047756 0.072398 0.561353 0.119004 0.199479
