0.000010 0.008211 0.000010 0.991729 0.000010 0.000010 0.000010 0.000010
0.000010 0.010368 0.000010 0.969079 0.013482 0.000010 0.000010 0.007032
0.000010 0.000010 0.000010 0.999930 0.000010 0.000010 0.000010 0.000010
0.014936 0.000010 0.000010 0.984560 0.000454 0.000010 0.000010 0.000010
0.000010 0.022383 0.000010 0.977254 0.000010 0.000010 0.000010 0.000313
0.000010 0.000010 0.000010 0.999930 0.000010 0.000010 0.000010 0.000010
0.000010 0.000010 0.000010 0.998946 0.000010 0.000010 0.000010 0.000994
0.174268 0.656143 0.000010 0.000010 0.129338 0.000010 0.012551 0.027670
0.000010 0.999930 0.000010 0.000010 0.000010 0.000010 0.000010 0.000010
0.256692 0.351939 0.000010 0.000010 0.316910 0.000010 0.000010 0.074419
0.000010 0.999930 0.000010 0.000010 0.000010 0.000010 0.000010 0.000010
0.000010 0.000010 0.000010 0.000010 0.000010 0.999930 0.000010 0.000010
0.000010 0.000010 0.000010 0.000010 0.000010 0.999930 0.000010 0.000010
0.000010 0.000010 0.000010 0.000010 0.000010 0.000010 0.000010 0.999930
0.000010 0.000010 0.000010 0.000010 0.000010 0.999930 0.000010 0.000010
0.000010 0.000010 0.000010 0.000010 0.000010 0.999930 0.000010 0.000010
0.862417 0.043555 0.000010 0.000010 0.061272 0.000010 0.000010 0.032717
0.000010 0.000010 0.000010 0.000010 0.000010 0.999930 0.000010 0.000010
0.828088 0.000010 0.034722 0.000010 0.086982 0.000010 0.000010 0.050168
0.000010 0.000010 0.000010 0.000010 0.000010 0.000010 0.000010 0.999930
0.000010 0.000010 0.000010 0.975708 0.000010 0.000010 0.000010 0.024232
0.000010 0.000010 0.000010 0.000010 0.000010 0.999930 0.000010 0.000010
0.000010 0.000010 0.000010 0.000010 0.000010 0.999930 0.000010 0.000010
0.000010 0.000010 0.000010 0.999930 0.000010 0.000010 0.000010 0.000010
0.761166 0.055946 0.009496 0.017641 0.083156 0.044542 0.000010 0.028042
0.071159 0.493851 0.000010 0.000010 0.412321 0.000010 0.008148 0.014491
0.030353 0.024424 0.000010 0.928774 0.000010 0.000010 0.010956 0.005463
0.050669 0.024211 0.000010 0.912720 0.005143 0.007227 0.000010 0.000010
0.000010 0.999930 0.000010 0.000010 0.000010 0.000010 0.000010 0.000010
0.000010 0.999930 0.000010 0.000010 0.000010 0.000010 0.000010 0.000010
0.000010 0.000010 0.000010 0.000010 0.000010 0.999930 0.000010 0.000010
0.317413 0.565017 0.003230 0.022531 0.062701 0.000010 0.023091 0.006007
0.000010 0.000010 0.999930 0.000010 0.000010 0.000010 0.000010 0.000010
0.000010 0.000010 0.000010 0.000010 0.000010 0.999930 0.000010 0.000010
0.000010 0.000010 0.000010 0.000010 0.000010 0.000010 0.999930 0.000010
0.000010 0.000010 0.000010 0.000010 0.000010 0.999930 0.000010 0.000010
0.000010 0.000010 0.000010 0.000010 0.000010 0.999930 0.000010 0.000010
0.691610 0.000010 0.073923 0.000010 0.163937 0.021340 0.000010 0.049160
0.011269 0.061617 0.000010 0.904886 0.000010 0.000010 0.000010 0.022188
0.014575 0.002779 0.000010 0.950704 0.000010 0.021434 0.010478 0.000010
0.000010 0.000010 0.000010 0.992477 0.000010 0.000010 0.000010 0.007463
0.047055 0.000010 0.000010 0.921694 0.031201 0.000010 0.000010 0.000010
0.012235 0.025382 0.018447 0.929670 0.000010 0.000010 0.000010 0.014237
0.011822 0.011332 0.000010 0.967738 0.000010 0.009068 0.000010 0.000010
0.446057 0.000010 0.000010 0.522044 0.017691 0.002134 0.000010 0.012044
0.000010 0.000010 0.000010 0.000010 0.000010 0.999930 0.000010 0.000010
0.000010 0.000010 0.009036 0.000010 0.000010 0.990904 0.000010 0.000010
0.000010 0.000010 0.038905 0.000010 0.000010 0.959457 0.001588 0.000010
0.000010 0.000010 0.000010 0.000010 0.000010 0.999930 0.000010 0.000010
0.000010 0.000010 0.000010 0.000010 0.000010 0.999926 0.000014 0.000010
0.000010 0.000010 0.002086 0.000010 0.000010 0.969549 0.002183 0.026142
0.000010 0.000010 0.000010 0.000010 0.000010 0.972782 0.000010 0.027158
0.000010 0.000010 0.000010 0.999930 0.000010 0.000010 0.000010 0.000010
0.068695 0.240645 0.258763 0.157411 0.076386 0.043173 0.044000 0.110927
0.000010 0.000010 0.000010 0.999930 0.000010 0.000010 0.000010 0.000010
0.000010 0.000010 0.008970 0.990970 0.000010 0.000010 0.000010 0.000010
0.023924 0.083097 0.000010 0.892929 0.000010 0.000010 0.000010 0.000010
0.000010 0.000010 0.000010 0.997474 0.000010 0.000010 0.002466 0.000010
0.000010 0.000010 0.000010 0.000010 0.000010 0.995299 0.000010 0.004641
0.000010 0.000010 0.000010 0.000010 0.000010 0.999930 0.000010 0.000010
0.000016 0.000010 0.017773 0.000010 0.000010 0.912770 0.000010 0.069401
0.000010 0.000010 0.000010 0.000010 0.000010 0.999930 0.000010 0.000010
0.000010 0.115109 0.804274 0.000010 0.000010 0.000010 0.080567 0.000010
0.000010 0.000010 0.000010 0.999930 0.000010 0.000010 0.000010 0.000010
0.000010 0.000010 0.000010 0.999930 0.000010 0.000010 0.000010 0.000010
0.071019 0.396110 0.156776 0.162389 0.065049 0.053487 0.045537 0.049632
0.000010 0.000010 0.145768 0.000010 0.000010 0.000010 0.853615 0.000567
0.000010 0.000010 0.000010 0.000010 0.304489 0.000010 0.000010 0.695451
0.000010 0.000010 0.000010 0.000010 0.000010 0.938652 0.000010 0.061288
0.000010 0.000010 0.000010 0.000010 0.000010 0.931821 0.000010 0.068119
0.902544 0.097396 0.000010 0.000010 0.000010 0.000010 0.000010 0.000010
0.000010 0.000010 0.000010 0.000010 0.000010 0.996608 0.000010 0.003332
0.000010 0.000010 0.000010 0.000010 0.000010 0.999930 0.000010 0.000010
0.000010 0.000010 0.000010 0.000010 0.000010 0.999930 0.000010 0.000010
0.030293 0.393951 0.547085 0.000010 0.000010 0.000010 0.012894 0.015747
0.000010 0.000010 0.291949 0.000010 0.014672 0.000397 0.650575 0.042377
0.127131 0.833879 0.000010 0.000010 0.038940 0.000010 0.000010 0.000010
0.000010 0.907488 0.000010 0.092452 0.000010 0.000010 0.000010 0.000010
0.067368 0.879035 0.000010 0.000010 0.053547 0.000010 0.000010 0.000010
0.000010 0.065135 0.515923 0.021703 0.000010 0.000010 0.397198 0.000010
0.086959 0.880004 0.000010 0.000010 0.032987 0.000010 0.000010 0.000010
0.000010 0.265189 0.220015 0.000010 0.000010 0.000010 0.514746 0.000010
0.000010 0.000010 0.000010 0.000010 0.000010 0.999930 0.000010 0.000010
0.000010 0.000010 0.000010 0.000010 0.000010 0.999930 0.000010 0.000010
0.000010 0.000010 0.000010 0.000010 0.000010 0.996857 0.003083 0.000010
0.000010 0.000010 0.000010 0.000010 0.441737 0.049992 0.000010 0.508221
0.121439 0.853888 0.000010 0.000010 0.000010 0.000010 0.000010 0.024623
0.000010 0.000010 0.000010 0.000010 0.000010 0.999930 0.000010 0.000010
0.862652 0.032193 0.000010 0.082881 0.022234 0.000010 0.000010 0.000010
0.000010 0.000010 0.000010 0.000010 0.000010 0.999930 0.000010 0.000010
0.170448 0.646678 0.000010 0.000010 0.129618 0.000010 0.000178 0.053047
0.129522 0.839916 0.000010 0.000010 0.030512 0.000010 0.000010 0.000010
0.180826 0.740298 0.000010 0.000010 0.052107 0.016475 0.010265 0.000010
0.000010 0.122112 0.877828 0.000010 0.000010 0.000010 0.000010 0.000010
0.000010 0.900546 0.000010 0.099394 0.000010 0.000010 0.000010 0.000010
0.000010 0.000010 0.000010 0.000010 0.000010 0.999930 0.000010 0.000010
0.000010 0.000010 0.000010 0.000010 0.000010 0.959492 0.000010 0.040448
0.000010 0.796340 0.042007 0.154874 0.006739 0.000010 0.000010 0.000010
0.839824 0.098417 0.000010 0.000010 0.053848 0.000010 0.000010 0.007870
0.000010 0.993571 0.000010 0.006369 0.000010 0.000010 0.000010 0.000010
0.019024 0.033256 0.435227 0.000010 0.000492 0.000010 0.000010 0.511971
0.000010 0.000010 0.048259 0.000010 0.000010 0.915096 0.019056 0.017549
0.000010 0.000010 0.666896 0.279744 0.000010 0.000010 0.053309 0.000010
0.411036 0.533609 0.000010 0.041135 0.000010 0.014180 0.000010 0.000010
0.497829 0.000010 0.000010 0.502111 0.000010 0.000010 0.000010 0.000010
0.999930 0.000010 0.000010 0.000010 0.000010 0.000010 0.000010 0.000010
0.243621 0.611386 0.008404 0.105491 0.031069 0.000010 0.000010 0.000010
0.356307 0.560796 0.004393 0.064275 0.000010 0.000010 0.008837 0.005371
0.431271 0.551398 0.017281 0.000010 0.000010 0.000010 0.000010 0.000010
0.871881 0.119673 0.000010 0.000011 0.000010 0.006434 0.000010 0.001971
0.097256 0.117307 0.037354 0.030660 0.077458 0.035459 0.554513 0.049993
0.000010 0.663673 0.205188 0.131090 0.000010 0.000010 0.000010 0.000010
0.000010 0.240637 0.000010 0.000010 0.007290 0.010305 0.190932 0.550807
0.000010 0.000010 0.368185 0.000010 0.000010 0.000010 0.536819 0.094946
0.049817 0.893937 0.000010 0.000010 0.000010 0.034951 0.021255 0.000010
0.054088 0.466345 0.000010 0.465856 0.006248 0.000453 0.000010 0.006990
0.000010 0.000010 0.145684 0.000010 0.388541 0.041077 0.362233 0.062434
0.216664 0.050277 0.042314 0.000010 0.605372 0.022918 0.008547 0.053898
0.184569 0.000010 0.000010 0.000010 0.724175 0.024149 0.000010 0.067067
0.049123 0.254949 0.000010 0.176843 0.000010 0.018285 0.241887 0.258893
0.179447 0.000010 0.000010 0.000010 0.766990 0.000010 0.000010 0.053513
0.092534 0.536614 0.000185 0.000010 0.312023 0.000010 0.025765 0.032858
0.186481 0.000010 0.000010 0.000010 0.721488 0.000010 0.000010 0.091981
0.455878 0.000010 0.102609 0.000010 0.247669 0.058199 0.135614 0.000010
0.000010 0.220715 0.610456 0.168778 0.000010 0.000010 0.000010 0.000010
0.072439 0.131598 0.000010 0.767619 0.016197 0.012117 0.000010 0.000010
0.037805 0.586614 0.000010 0.375531 0.000010 0.000010 0.000010 0.000010
0.292836 0.370109 0.062880 0.000010 0.239771 0.000781 0.005404 0.028209
0.000010 0.999930 0.000010 0.000010 0.000010 0.000010 0.000010 0.000010
0.066179 0.932269 0.000010 0.000010 0.000010 0.000010 0.001502 0.000010
0.007263 0.936556 0.000010 0.014539 0.041602 0.000010 0.000010 0.000010
0.475313 0.286460 0.037342 0.000010 0.140003 0.016552 0.024839 0.019481
0.004724 0.904033 0.000010 0.007780 0.055508 0.000010 0.016694 0.011241
0.372086 0.373199 0.017863 0.000010 0.166931 0.042577 0.027324 0.000010
0.000010 0.000010 0.134505 0.000010 0.360819 0.041501 0.000010 0.463135
0.000010 0.000010 0.999930 0.000010 0.000010 0.000010 0.000010 0.000010
0.000010 0.000010 0.000010 0.000010 0.000010 0.000010 0.267084 0.732856
0.000010 0.055281 0.103812 0.018757 0.000010 0.000010 0.460267 0.361854
0.058121 0.362318 0.000010 0.042087 0.000010 0.000010 0.297107 0.240338
0.000010 0.000010 0.245583 0.611099 0.143268 0.000010 0.000010 0.000010
0.059513 0.121164 0.254168 0.025590 0.069210 0.033654 0.033255 0.403446
0.017034 0.000010 0.008244 0.495561 0.025570 0.011404 0.000010 0.442167
0.500316 0.000010 0.129300 0.000010 0.271758 0.061902 0.000010 0.036694
0.003052 0.122723 0.332815 0.000010 0.001090 0.000010 0.000010 0.540290
0.366927 0.005919 0.128055 0.000010 0.340670 0.083915 0.002266 0.072239
0.000010 0.000010 0.000010 0.000010 0.000010 0.000010 0.000010 0.999930
0.000010 0.000010 0.000010 0.000010 0.000010 0.000010 0.000010 0.999930
0.809930 0.000010 0.000010 0.000010 0.135726 0.042423 0.000374 0.011518
0.448890 0.000010 0.084642 0.000010 0.386434 0.046373 0.000010 0.033632
0.089480 0.256441 0.047833 0.017163 0.119375 0.001609 0.371518 0.096582
0.000010 0.000010 0.369678 0.000010 0.000010 0.032132 0.083801 0.514350
0.702653 0.000010 0.000010 0.000010 0.218254 0.066339 0.012714 0.000010
0.637845 0.000010 0.073159 0.000010 0.208054 0.047555 0.009780 0.023587
0.537739 0.000010 0.065450 0.000010 0.326480 0.031173 0.010206 0.028932
0.034049 0.230366 0.000010 0.000010 0.000010 0.000010 0.192132 0.543413
0.535753 0.000010 0.061030 0.000010 0.296595 0.028126 0.040198 0.038279
0.630389 0.000010 0.097612 0.000010 0.204511 0.000010 0.007602 0.059856
0.388080 0.060289 0.035829 0.000010 0.430067 0.002881 0.026271 0.056572
0.025741 0.115294 0.000010 0.832885 0.000010 0.009001 0.006979 0.010080
0.278058 0.144279 0.000010 0.000010 0.459106 0.000010 0.006801 0.111727
0.000010 0.000010 0.000010 0.000010 0.460952 0.000010 0.000010 0.538988
0.701989 0.000010 0.066489 0.000010 0.171076 0.060406 0.000010 0.000010
0.612732 0.000010 0.079218 0.000010 0.241848 0.044915 0.000010 0.021256
0.688602 0.000010 0.070458 0.000010 0.186533 0.042410 0.005406 0.006572
0.000010 0.000010 0.000010 0.000010 0.000010 0.000010 0.000010 0.999930
0.000010 0.000010 0.000010 0.976307 0.000010 0.000010 0.000010 0.023633
0.133184 0.715209 0.000010 0.000010 0.119596 0.000010 0.000010 0.031970
0.000010 0.000010 0.884702 0.000010 0.000010 0.000010 0.115238 0.000010
0.000010 0.518789 0.024234 0.000010 0.005913 0.000010 0.010770 0.440264
0.000010 0.000010 0.000010 0.000010 0.000010 0.000010 0.864226 0.135714
0.000010 0.000010 0.239388 0.000010 0.000010 0.000010 0.760552 0.000010
0.000010 0.310903 0.440012 0.000010 0.000010 0.000010 0.000010 0.249035
0.014157 0.000010 0.000010 0.000010 0.378226 0.000010 0.000010 0.607567
0.006625 0.000010 0.000010 0.000010 0.012476 0.053134 0.556208 0.371527
0.000010 0.274918 0.615790 0.071484 0.030711 0.007067 0.000010 0.000010
0.000010 0.013887 0.000010 0.939874 0.046189 0.000010 0.000010 0.000010
0.039058 0.118557 0.004052 0.025106 0.050341 0.520452 0.174493 0.067941
0.000010 0.000010 0.441226 0.000010 0.000010 0.000010 0.427872 0.130852
0.000010 0.000010 0.000010 0.000010 0.000010 0.000010 0.000010 0.999930
0.000010 0.000010 0.184602 0.000010 0.000010 0.000010 0.585695 0.229653
0.000010 0.000010 0.000010 0.000010 0.000010 0.000010 0.000010 0.999930
0.000010 0.000010 0.000010 0.000010 0.000010 0.987296 0.012644 0.000010
0.000010 0.000010 0.000010 0.000010 0.000010 0.000010 0.438978 0.560962
0.000010 0.000010 0.000010 0.000010 0.000010 0.000010 0.461184 0.538756
0.000010 0.000010 0.000010 0.000010 0.000010 0.000010 0.304478 0.695462
0.000010 0.000010 0.000010 0.000010 0.000010 0.998808 0.000010 0.001132
0.000010 0.000010 0.000010 0.000010 0.000010 0.812020 0.000010 0.187920
0.000010 0.000010 0.000010 0.000010 0.000010 0.999930 0.000010 0.000010
0.000010 0.000010 0.000010 0.000010 0.000010 0.948659 0.020439 0.030852
0.000010 0.000010 0.000010 0.000010 0.000010 0.974814 0.000010 0.025126
0.000010 0.000010 0.000010 0.000010 0.000010 0.991739 0.000010 0.008201
0.000010 0.000010 0.000010 0.999930 0.000010 0.000010 0.000010 0.000010
0.131148 0.083799 0.227319 0.106845 0.156950 0.048404 0.030220 0.215313
0.067460 0.913368 0.000010 0.004790 0.014342 0.000010 0.000010 0.000010
0.678157 0.000010 0.121635 0.000010 0.161379 0.038788 0.000010 0.000010
0.000010 0.000010 0.007413 0.000010 0.000010 0.000010 0.536011 0.456526
0.000018 0.000010 0.306159 0.000010 0.000010 0.649232 0.044551 0.000010
0.000010 0.000010 0.881085 0.000010 0.000010 0.063177 0.055689 0.000010
0.000010 0.898606 0.019378 0.066345 0.000010 0.000010 0.000010 0.015632
0.000010 0.999930 0.000010 0.000010 0.000010 0.000010 0.000010 0.000010
0.000010 0.000010 0.000010 0.000010 0.999930 0.000010 0.000010 0.000010
0.000010 0.000010 0.000010 0.000010 0.999930 0.000010 0.000010 0.000010
0.026574 0.725093 0.015430 0.208966 0.000010 0.000010 0.000010 0.023907
0.000010 0.000010 0.000010 0.000010 0.476778 0.000010 0.000010 0.523162
0.000010 0.000010 0.000010 0.000010 0.000010 0.986082 0.000010 0.013858
0.142302 0.021510 0.000010 0.000010 0.308458 0.000010 0.349614 0.178085
0.412559 0.310722 0.089219 0.000010 0.140386 0.047085 0.000010 0.000010
0.075533 0.851628 0.000010 0.049476 0.023323 0.000010 0.000010 0.000010
0.087491 0.912449 0.000010 0.000010 0.000010 0.000010 0.000010 0.000010
0.000010 0.000010 0.000010 0.000010 0.000010 0.000010 0.000010 0.999930
0.000010 0.916620 0.000010 0.083320 0.000010 0.000010 0.000010 0.000010
0.000010 0.911039 0.000010 0.088901 0.000010 0.000010 0.000010 0.000010
0.000010 0.000010 0.767105 0.000010 0.000010 0.059034 0.173811 0.000010
0.000010 0.000010 0.000010 0.000010 0.999930 0.000010 0.000010 0.000010
0.000010 0.000010 0.000010 0.000010 0.999930 0.000010 0.000010 0.000010
0.000010 0.000010 0.000010 0.000010 0.999930 0.000010 0.000010 0.000010
0.000010 0.000010 0.000010 0.347379 0.652561 0.000010 0.000010 0.000010
0.000010 0.000010 0.000010 0.000010 0.000010 0.000010 0.999930 0.000010
0.000010 0.000010 0.000010 0.000010 0.000010 0.000010 0.000010 0.999930
0.000010 0.000010 0.394890 0.000010 0.000010 0.091452 0.070627 0.442992
0.000010 0.000010 0.000010 0.000010 0.000010 0.000010 0.000010 0.999930
0.000010 0.000010 0.000010 0.000010 0.000010 0.000010 0.000010 0.999930
0.000010 0.000010 0.000010 0.000010 0.000010 0.143287 0.000010 0.856653
0.000010 0.000010 0.000010 0.000010 0.000010 0.000010 0.000010 0.999930
0.008697 0.000010 0.189641 0.000010 0.596822 0.085950 0.055616 0.063254
0.000010 0.000010 0.400187 0.000010 0.000010 0.092216 0.095846 0.411711
0.000010 0.000010 0.000010 0.000010 0.000010 0.000010 0.000010 0.999930
0.000010 0.000010 0.915034 0.000010 0.000010 0.000010 0.067981 0.016935
0.000010 0.000010 0.999930 0.000010 0.000010 0.000010 0.000010 0.000010
0.000010 0.000010 0.999930 0.000010 0.000010 0.000010 0.000010 0.000010
0.000010 0.000010 0.000010 0.000010 0.000010 0.000010 0.000010 0.999930
0.000010 0.000010 0.000010 0.000010 0.000010 0.000010 0.000010 0.999930
0.178201 0.124883 0.027383 0.000010 0.480036 0.021104 0.026680 0.141703
0.248717 0.126673 0.035502 0.000010 0.441963 0.000010 0.032917 0.114207
0.074941 0.073393 0.415762 0.023272 0.068477 0.000010 0.000010 0.344135
0.000010 0.000010 0.248122 0.590529 0.161300 0.000010 0.000010 0.000010
0.098058 0.062405 0.023942 0.000010 0.702868 0.000010 0.000010 0.112697
0.000010 0.000010 0.357812 0.000010 0.009040 0.069296 0.135425 0.428397
0.058747 0.030825 0.000010 0.899586 0.000010 0.000010 0.000010 0.010802
0.583646 0.172319 0.000010 0.221884 0.004399 0.000010 0.000010 0.017722
0.915386 0.034236 0.000010 0.000010 0.000010 0.012901 0.013220 0.024227
0.033291 0.194978 0.000010 0.771681 0.000010 0.000010 0.000010 0.000010
0.122805 0.830777 0.000010 0.013157 0.000010 0.000010 0.026455 0.006777
0.376673 0.032668 0.000010 0.552062 0.034398 0.000010 0.000010 0.004170
0.548114 0.058829 0.000010 0.393007 0.000010 0.000010 0.000010 0.000010
0.969841 0.016813 0.000010 0.000010 0.000010 0.000010 0.013295 0.000010
0.000010 0.000010 0.000010 0.000010 0.000010 0.000010 0.999930 0.000010
0.999930 0.000010 0.000010 0.000010 0.000010 0.000010 0.000010 0.000010
0.000010 0.000010 0.000010 0.000010 0.000010 0.000010 0.889014 0.110926
0.999930 0.000010 0.000010 0.000010 0.000010 0.000010 0.000010 0.000010
0.000010 0.000010 0.000010 0.000010 0.000010 0.999930 0.000010 0.000010
0.000010 0.000010 0.016845 0.000010 0.000010 0.935273 0.019695 0.028147
0.000010 0.000010 0.000010 0.000010 0.000010 0.999930 0.000010 0.000010
0.000010 0.158460 0.334082 0.000010 0.000010 0.000010 0.421445 0.085973
0.000010 0.114779 0.000010 0.853187 0.009213 0.000010 0.000010 0.022781
0.000010 0.000010 0.000010 0.000010 0.000010 0.000010 0.286651 0.713289
0.155687 0.239382 0.000010 0.604881 0.000010 0.000010 0.000010 0.000010
0.098562 0.427435 0.000010 0.423683 0.031682 0.000010 0.015980 0.002638
0.000010 0.033273 0.000010 0.966667 0.000010 0.000010 0.000010 0.000010
0.000010 0.000010 0.000010 0.000010 0.000010 0.999930 0.000010 0.000010
0.000010 0.000010 0.000010 0.000010 0.000010 0.999930 0.000010 0.000010
0.028949 0.021384 0.344434 0.434866 0.021005 0.049562 0.099789 0.000010
0.083987 0.844094 0.000010 0.030315 0.003042 0.000010 0.022378 0.016164
0.000010 0.000010 0.000010 0.999930 0.000010 0.000010 0.000010 0.000010
0.125875 0.815747 0.000010 0.000010 0.000010 0.000010 0.022245 0.036093
0.115639 0.728784 0.000010 0.000010 0.107888 0.000010 0.029938 0.017721
0.000010 0.064729 0.020180 0.915040 0.000010 0.000010 0.000010 0.000010
0.097049 0.902891 0.000010 0.000010 0.000010 0.000010 0.000010 0.000010
0.000010 0.000010 0.765095 0.000010 0.000010 0.042778 0.192077 0.000010
0.000010 0.000010 0.822019 0.000010 0.000010 0.010702 0.167229 0.000010
0.999930 0.000010 0.000010 0.000010 0.000010 0.000010 0.000010 0.000010
0.000010 0.000010 0.000010 0.999930 0.000010 0.000010 0.000010 0.000010
0.000010 0.000010 0.000010 0.990567 0.000010 0.000018 0.000010 0.009364
0.999930 0.000010 0.000010 0.000010 0.000010 0.000010 0.000010 0.000010
0.131202 0.844223 0.000010 0.000010 0.000010 0.000010 0.024525 0.000010
0.999930 0.000010 0.000010 0.000010 0.000010 0.000010 0.000010 0.000010
0.999930 0.000010 0.000010 0.000010 0.000010 0.000010 0.000010 0.000010
0.574383 0.425557 0.000010 0.000010 0.000010 0.000010 0.000010 0.000010
0.462376 0.453411 0.000010 0.036073 0.048101 0.000010 0.000010 0.000010
0.961680 0.000010 0.000010 0.000010 0.000010 0.000010 0.000010 0.038260
0.000010 0.022040 0.000010 0.977900 0.000010 0.000010 0.000010 0.000010
0.999930 0.000010 0.000010 0.000010 0.000010 0.000010 0.000010 0.000010
0.000010 0.000010 0.000010 0.000010 0.000010 0.999930 0.000010 0.000010
0.000010 0.000010 0.000010 0.000010 0.000010 0.999930 0.000010 0.000010
0.000010 0.000010 0.000010 0.000010 0.000010 0.994771 0.005169 0.000010
0.000010 0.000010 0.000010 0.000010 0.000010 0.999930 0.000010 0.000010
