0.000010 0.000010 0.999980
0.000010 0.000010 0.999980
0.000010 0.000010 0.999980
0.000010 0.000010 0.999980
0.000010 0.000010 0.999980
0.000010 0.000010 0.999980
0.000010 0.000010 0.999980
0.037586 0.424625 0.537789
0.000010 0.296237 0.703753
0.075639 0.547306 0.377054
0.000010 0.268722 0.731268
0.999980 0.000010 0.000010
0.999980 0.000010 0.000010
0.999980 0.000010 0.000010
0.999980 0.000010 0.000010
0.999980 0.000010 0.000010
0.007640 0.660299 0.332062
0.999980 0.000010 0.000010
0.038810 0.624059 0.337131
0.999980 0.000010 0.000010
0.010373 0.000010 0.989617
0.999980 0.000010 0.000010
0.999980 0.000010 0.000010
0.000010 0.000010 0.999980
0.062542 0.602042 0.335416
0.044477 0.493188 0.462335
0.014273 0.000010 0.985717
0.015498 0.012172 0.972330
0.000010 0.260490 0.739500
0.000010 0.263588 0.736402
0.999980 0.000010 0.000010
0.000010 0.472037 0.527953
0.000010 0.747841 0.252149
0.999980 0.000010 0.000010
0.058004 0.941986 0.000010
0.999980 0.000010 0.000010
0.999980 0.000010 0.000010
0.063458 0.714037 0.222505
0.019710 0.000010 0.980280
0.009254 0.000010 0.990736
0.000010 0.000010 0.999980
0.000010 0.004945 0.995045
0.005235 0.007791 0.986974
0.010613 0.000010 0.989377
0.018771 0.280390 0.700839
0.999980 0.000010 0.000010
0.999980 0.000010 0.000010
0.955385 0.035700 0.008915
0.999980 0.000010 0.000010
0.999980 0.000010 0.000010
0.999980 0.000010 0.000010
0.999980 0.000010 0.000010
0.000010 0.000010 0.999980
0.172990 0.405552 0.421458
0.000010 0.000010 0.999980
0.000010 0.000010 0.999980
0.000010 0.000010 0.999980
0.000010 0.000010 0.999980
0.999980 0.000010 0.000010
0.999980 0.000010 0.000010
0.995624 0.004366 0.000010
0.999980 0.000010 0.000010
0.021381 0.663583 0.315036
0.000010 0.000010 0.999980
0.000010 0.000010 0.999980
0.109454 0.373007 0.517539
0.051536 0.948454 0.000010
0.720322 0.257182 0.022496
0.999980 0.000010 0.000010
0.999980 0.000010 0.000010
0.000010 0.614387 0.385603
0.999688 0.000302 0.000010
0.999980 0.000010 0.000010
0.999980 0.000010 0.000010
0.000010 0.680875 0.319115
0.094719 0.905271 0.000010
0.000010 0.398390 0.601600
0.000010 0.264105 0.735885
0.000010 0.399391 0.600599
0.034340 0.799127 0.166533
0.000010 0.392759 0.607231
0.026808 0.832652 0.140540
0.997699 0.002291 0.000010
0.999980 0.000010 0.000010
0.979766 0.020224 0.000010
0.572222 0.369519 0.058259
0.000010 0.400904 0.599086
0.999980 0.000010 0.000010
0.000010 0.576102 0.423888
0.999980 0.000010 0.000010
0.042507 0.441969 0.515524
0.000010 0.421756 0.578234
0.020881 0.415720 0.563399
0.012638 0.692572 0.294790
0.000010 0.218745 0.781245
0.999980 0.000010 0.000010
0.999980 0.000010 0.000010
0.000010 0.258065 0.741925
0.002075 0.643158 0.354767
0.000010 0.309029 0.690961
0.477372 0.416611 0.106017
0.922833 0.077157 0.000010
0.121215 0.305287 0.573497
0.000010 0.445635 0.554355
0.000010 0.278388 0.721602
0.000010 0.626735 0.373255
0.000010 0.372611 0.627379
0.000010 0.412526 0.587464
0.000010 0.473159 0.526831
0.000010 0.616881 0.383109
0.128520 0.762640 0.108840
0.000010 0.274622 0.725368
0.584515 0.286094 0.129390
0.139671 0.860319 0.000010
0.022936 0.352185 0.624880
0.015978 0.155470 0.828552
0.159965 0.721371 0.118665
0.121632 0.601587 0.276780
0.135369 0.667146 0.197484
0.302264 0.360044 0.337692
0.101671 0.615511 0.282818
0.027144 0.518338 0.454518
0.141661 0.613081 0.245258
0.075890 0.720222 0.203888
0.014855 0.425810 0.559335
0.027488 0.049412 0.923100
0.000010 0.174128 0.825862
0.028387 0.609160 0.362453
0.001935 0.269192 0.728873
0.000010 0.382847 0.617143
0.000010 0.323887 0.676103
0.024573 0.614696 0.360731
0.000010 0.352120 0.647870
0.026195 0.598849 0.374956
0.542380 0.345244 0.112376
0.011068 0.892623 0.096309
0.785008 0.214982 0.000010
0.391290 0.552415 0.056294
0.261728 0.457966 0.280306
0.000010 0.151365 0.848625
0.462131 0.329769 0.208100
0.462371 0.030739 0.506890
0.119099 0.690953 0.189949
0.548664 0.285663 0.165673
0.166742 0.599597 0.233661
0.999980 0.000010 0.000010
0.999980 0.000010 0.000010
0.035872 0.707904 0.256224
0.096718 0.690938 0.212344
0.122202 0.677785 0.200013
0.591330 0.361620 0.047050
0.034451 0.709789 0.255759
0.070194 0.694846 0.234960
0.069576 0.706427 0.223997
0.548547 0.323902 0.127550
0.073783 0.685984 0.240234
0.068059 0.723438 0.208503
0.082778 0.659586 0.257636
0.034450 0.017152 0.948398
0.124038 0.571228 0.304734
0.587814 0.341671 0.070515
0.045664 0.724379 0.229957
0.068219 0.716496 0.215285
0.056967 0.748591 0.194442
0.999980 0.000010 0.000010
0.023107 0.000010 0.976883
0.031530 0.442828 0.525642
0.063182 0.735348 0.201470
0.447150 0.177654 0.375197
0.201236 0.798754 0.000010
0.000010 0.999980 0.000010
0.236408 0.444343 0.319249
0.603146 0.349559 0.047295
0.435365 0.564625 0.000010
0.034153 0.523339 0.442508
0.000010 0.000010 0.999980
0.596157 0.299217 0.104626
0.159022 0.840968 0.000010
0.999980 0.000010 0.000010
0.269446 0.730544 0.000010
0.999980 0.000010 0.000010
0.970424 0.029566 0.000010
0.599241 0.400749 0.000010
0.602847 0.397143 0.000010
0.739255 0.260735 0.000010
0.999980 0.000010 0.000010
0.999980 0.000010 0.000010
0.999980 0.000010 0.000010
0.987728 0.012262 0.000010
0.999980 0.000010 0.000010
0.999980 0.000010 0.000010
0.000010 0.000010 0.999980
0.282058 0.420116 0.297826
0.000010 0.352095 0.647895
0.057296 0.767566 0.175138
0.501351 0.498639 0.000010
0.642931 0.297412 0.059658
0.113665 0.645545 0.240790
0.010707 0.284332 0.704962
0.000010 0.286653 0.713337
0.044301 0.637572 0.318127
0.097436 0.564376 0.338188
0.027465 0.238559 0.733976
0.554140 0.381046 0.064814
0.999980 0.000010 0.000010
0.203661 0.694195 0.102144
0.041560 0.602365 0.356075
0.000010 0.326785 0.673205
0.000010 0.347095 0.652895
0.999980 0.000010 0.000010
0.000010 0.267447 0.732543
0.000010 0.240143 0.759847
0.130523 0.712560 0.156918
0.077218 0.594467 0.328315
0.076573 0.614547 0.308880
0.053210 0.603851 0.342939
0.044970 0.345382 0.609649
0.097920 0.902070 0.000010
0.999980 0.000010 0.000010
0.565629 0.357684 0.076687
0.999980 0.000010 0.000010
0.999980 0.000010 0.000010
0.999980 0.000010 0.000010
0.999980 0.000010 0.000010
0.204518 0.595012 0.200470
0.521287 0.416916 0.061797
0.999980 0.000010 0.000010
0.024474 0.709992 0.265534
0.011468 0.800637 0.187895
0.017985 0.784293 0.197722
0.999980 0.000010 0.000010
0.999980 0.000010 0.000010
0.194154 0.549087 0.256759
0.127573 0.614776 0.257651
0.354922 0.415040 0.230038
0.000010 0.162249 0.837741
0.149453 0.535570 0.314977
0.497637 0.475059 0.027305
0.018210 0.000010 0.981780
0.000733 0.444915 0.554352
0.029095 0.617061 0.353844
0.000010 0.036968 0.963022
0.000010 0.384152 0.615838
0.000010 0.267906 0.732084
0.000010 0.322382 0.677608
0.000010 0.646761 0.353229
0.000010 0.999980 0.000010
0.000010 0.675518 0.324472
0.200551 0.799439 0.000010
0.000010 0.657595 0.342395
0.999980 0.000010 0.000010
0.963525 0.036465 0.000010
0.998592 0.001398 0.000010
0.131291 0.736823 0.131887
0.033889 0.000010 0.966101
0.776654 0.223336 0.000010
0.001675 0.119469 0.878855
0.002478 0.222006 0.775516
0.000010 0.000010 0.999980
0.999980 0.000010 0.000010
0.989706 0.010284 0.000010
0.066105 0.373669 0.560226
0.000010 0.374290 0.625700
0.000010 0.000010 0.999980
0.007098 0.401581 0.591321
0.002886 0.488094 0.509020
0.002512 0.000010 0.997478
0.000010 0.371875 0.628115
0.085145 0.782227 0.132628
0.078708 0.776854 0.144438
0.000010 0.613578 0.386412
0.000010 0.000010 0.999980
0.000010 0.000010 0.999980
0.000010 0.648737 0.351253
0.000010 0.401897 0.598093
0.000010 0.667568 0.332422
0.000010 0.626994 0.372996
0.000010 0.477298 0.522692
0.000010 0.464757 0.535233
0.045637 0.568900 0.385464
0.000010 0.000010 0.999980
0.000010 0.650591 0.349399
0.996467 0.003523 0.000010
0.999980 0.000010 0.000010
0.981485 0.018505 0.000010
0.999980 0.000010 0.000010
