0.000010 0.000010 0.013727 0.000010 0.986153 0.000010 0.000010 0.000010 0.000010 0.000010 0.000010 0.000010 0.000010 0.000010
0.000010 0.000010 0.000438 0.000010 0.971144 0.028309 0.000010 0.000010 0.000010 0.000010 0.000010 0.000010 0.000010 0.000010
0.000010 0.000010 0.000010 0.000010 0.999870 0.000010 0.000010 0.000010 0.000010 0.000010 0.000010 0.000010 0.000010 0.000010
0.000010 0.000010 0.000010 0.000010 0.977126 0.000010 0.010221 0.000010 0.000010 0.000010 0.000010 0.004740 0.007812 0.000010
0.000010 0.000010 0.000010 0.000010 0.966189 0.000010 0.000010 0.033691 0.000010 0.000010 0.000010 0.000010 0.000010 0.000010
0.000010 0.000010 0.000010 0.000010 0.999870 0.000010 0.000010 0.000010 0.000010 0.000010 0.000010 0.000010 0.000010 0.000010
0.000010 0.000010 0.036301 0.000010 0.963579 0.000010 0.000010 0.000010 0.000010 0.000010 0.000010 0.000010 0.000010 0.000010
0.000010 0.000010 0.877123 0.045537 0.000010 0.012558 0.000010 0.000010 0.016198 0.048437 0.000066 0.000010 0.000010 0.000010
0.000010 0.000010 0.000010 0.000010 0.000010 0.000010 0.000010 0.999870 0.000010 0.000010 0.000010 0.000010 0.000010 0.000010
0.000010 0.000010 0.385257 0.307815 0.000010 0.111115 0.000010 0.054908 0.000010 0.093760 0.000010 0.041839 0.000010 0.005237
0.000010 0.000010 0.000010 0.000010 0.000010 0.000010 0.000010 0.999870 0.000010 0.000010 0.000010 0.000010 0.000010 0.000010
0.000010 0.394061 0.000010 0.000010 0.000010 0.000010 0.000010 0.000010 0.605819 0.000010 0.000010 0.000010 0.000010 0.000010
0.000010 0.333274 0.000010 0.000010 0.000010 0.000010 0.000010 0.000010 0.666606 0.000010 0.000010 0.000010 0.000010 0.000010
0.000010 0.000010 0.000010 0.000010 0.000012 0.000010 0.000010 0.000010 0.000010 0.069770 0.000010 0.000010 0.000010 0.930108
0.000010 0.430687 0.000010 0.000010 0.000010 0.000010 0.000010 0.000010 0.569193 0.000010 0.000010 0.000010 0.000010 0.000010
0.000010 0.440835 0.000010 0.000010 0.000010 0.000010 0.000010 0.000010 0.559045 0.000010 0.000010 0.000010 0.000010 0.000010
0.000010 0.007241 0.028632 0.143796 0.000010 0.034412 0.000010 0.000010 0.000010 0.000010 0.000010 0.760490 0.000010 0.025348
0.000010 0.408608 0.000010 0.000010 0.000010 0.000010 0.000010 0.000010 0.591272 0.000010 0.000010 0.000010 0.000010 0.000010
0.024704 0.000010 0.009218 0.215981 0.000010 0.030000 0.000010 0.000010 0.000010 0.036617 0.000010 0.662007 0.000010 0.021404
0.000010 0.000010 0.000010 0.000010 0.000010 0.000010 0.000010 0.000010 0.000010 0.000010 0.000010 0.000010 0.000010 0.999870
0.001516 0.000010 0.000010 0.000010 0.977848 0.000010 0.000868 0.000010 0.000010 0.001694 0.000010 0.000010 0.000010 0.017985
0.000010 0.494567 0.000010 0.000010 0.000010 0.000010 0.000010 0.000010 0.505313 0.000010 0.000010 0.000010 0.000010 0.000010
0.000010 0.419054 0.000010 0.000010 0.000010 0.000010 0.000010 0.000010 0.580826 0.000010 0.000010 0.000010 0.000010 0.000010
0.000010 0.000010 0.000010 0.000010 0.999870 0.000010 0.000010 0.000010 0.000010 0.000010 0.000010 0.000010 0.000010 0.000010
0.001377 0.027008 0.060620 0.171007 0.000010 0.017561 0.012244 0.000010 0.004541 0.029439 0.000010 0.654171 0.000010 0.021992
0.000010 0.000010 0.000010 0.376469 0.000010 0.158208 0.000010 0.464216 0.000010 0.000010 0.000010 0.000010 0.000010 0.001008
0.000010 0.000010 0.000010 0.000010 0.917317 0.000010 0.000010 0.042424 0.000010 0.000010 0.009063 0.028517 0.000010 0.002589
0.009524 0.000010 0.022948 0.000010 0.896906 0.013314 0.000010 0.013972 0.000010 0.000010 0.000010 0.043257 0.000010 0.000010
0.000010 0.000010 0.000010 0.000010 0.000010 0.000010 0.000010 0.999870 0.000010 0.000010 0.000010 0.000010 0.000010 0.000010
0.000010 0.000010 0.000010 0.000010 0.000010 0.000010 0.000010 0.999870 0.000010 0.000010 0.000010 0.000010 0.000010 0.000010
0.000010 0.507269 0.000010 0.000010 0.000010 0.000010 0.000010 0.000010 0.492611 0.000010 0.000010 0.000010 0.000010 0.000010
0.000010 0.000010 0.070325 0.097376 0.000010 0.048569 0.000010 0.482824 0.000010 0.000010 0.021953 0.275979 0.000010 0.002904
0.999870 0.000010 0.000010 0.000010 0.000010 0.000010 0.000010 0.000010 0.000010 0.000010 0.000010 0.000010 0.000010 0.000010
0.000010 0.445549 0.000010 0.000010 0.000010 0.000010 0.000010 0.000010 0.554331 0.000010 0.000010 0.000010 0.000010 0.000010
0.000010 0.000010 0.000010 0.000010 0.000010 0.000010 0.000010 0.000010 0.000010 0.000010 0.999870 0.000010 0.000010 0.000010
0.000010 0.388711 0.000010 0.000010 0.000010 0.000010 0.000010 0.000010 0.611169 0.000010 0.000010 0.000010 0.000010 0.000010
0.000010 0.455562 0.000010 0.000010 0.000010 0.000010 0.000010 0.000010 0.544318 0.000010 0.000010 0.000010 0.000010 0.000010
0.000010 0.000010 0.000010 0.999870 0.000010 0.000010 0.000010 0.000010 0.000010 0.000010 0.000010 0.000010 0.000010 0.000010
0.000010 0.000010 0.000010 0.000010 0.888680 0.002308 0.012206 0.058973 0.000010 0.000010 0.000010 0.023878 0.000010 0.013876
0.000010 0.000010 0.018201 0.000010 0.952943 0.000010 0.000010 0.000010 0.021224 0.000010 0.007532 0.000010 0.000010 0.000010
0.000010 0.000010 0.000010 0.000010 0.996979 0.000010 0.000010 0.000010 0.000010 0.000010 0.000010 0.000010 0.000010 0.002901
0.000010 0.000010 0.000010 0.010112 0.921124 0.029626 0.000010 0.000010 0.000010 0.000010 0.000010 0.039038 0.000010 0.000010
0.039705 0.000010 0.000010 0.000010 0.902406 0.007535 0.000010 0.042422 0.000010 0.000010 0.000010 0.007843 0.000010 0.000010
0.000010 0.000010 0.057727 0.000010 0.941728 0.000010 0.000434 0.000010 0.000010 0.000010 0.000010 0.000010 0.000010 0.000010
0.000010 0.000010 0.000010 0.000010 0.496009 0.041624 0.000010 0.000010 0.006498 0.000010 0.000010 0.422591 0.020666 0.012531
0.000010 0.885043 0.000010 0.000010 0.000010 0.000010 0.000010 0.000010 0.114837 0.000010 0.000010 0.000010 0.000010 0.000010
0.000010 0.413713 0.000010 0.000010 0.000010 0.000010 0.000010 0.000010 0.586167 0.000010 0.000010 0.000010 0.000010 0.000010
0.002787 0.797844 0.000010 0.000010 0.000010 0.000010 0.000010 0.000010 0.172324 0.000010 0.001649 0.000010 0.025306 0.000010
0.000010 0.478615 0.000010 0.000010 0.000010 0.000010 0.000010 0.000010 0.521265 0.000010 0.000010 0.000010 0.000010 0.000010
0.000010 0.667525 0.000010 0.000010 0.000010 0.000010 0.002678 0.000010 0.329688 0.000010 0.000010 0.000010 0.000010 0.000010
0.000010 0.999870 0.000010 0.000010 0.000010 0.000010 0.000010 0.000010 0.000010 0.000010 0.000010 0.000010 0.000010 0.000010
0.000010 0.884019 0.000010 0.000010 0.000010 0.000010 0.000010 0.000010 0.112610 0.000010 0.000010 0.000010 0.000010 0.003261
0.000010 0.000010 0.000010 0.000010 0.999870 0.000010 0.000010 0.000010 0.000010 0.000010 0.000010 0.000010 0.000010 0.000010
0.020389 0.022671 0.055372 0.136952 0.140544 0.021009 0.024508 0.210856 0.000010 0.026350 0.009566 0.000010 0.223506 0.108257
0.000010 0.000010 0.000010 0.000010 0.999870 0.000010 0.000010 0.000010 0.000010 0.000010 0.000010 0.000010 0.000010 0.000010
0.002640 0.000010 0.000010 0.000010 0.981951 0.000010 0.013093 0.002217 0.000010 0.000010 0.000010 0.000010 0.000010 0.000010
0.000010 0.000010 0.002412 0.000010 0.890337 0.000010 0.000010 0.070997 0.000010 0.000010 0.000010 0.036154 0.000010 0.000010
0.000010 0.000010 0.000010 0.000010 0.995263 0.000010 0.000010 0.000010 0.000010 0.000010 0.004617 0.000010 0.000010 0.000010
0.000010 0.730074 0.000010 0.000010 0.000010 0.000010 0.000010 0.000010 0.265784 0.000010 0.000010 0.000010 0.000010 0.004031
0.000010 0.999870 0.000010 0.000010 0.000010 0.000010 0.000010 0.000010 0.000010 0.000010 0.000010 0.000010 0.000010 0.000010
0.000010 0.960170 0.000010 0.000010 0.000010 0.000010 0.000010 0.000010 0.000010 0.000010 0.000010 0.000010 0.000010 0.039710
0.000010 0.838100 0.000010 0.000010 0.000010 0.000010 0.000010 0.000010 0.161780 0.000010 0.000010 0.000010 0.000010 0.000010
0.999870 0.000010 0.000010 0.000010 0.000010 0.000010 0.000010 0.000010 0.000010 0.000010 0.000010 0.000010 0.000010 0.000010
0.000010 0.000010 0.000010 0.000010 0.999870 0.000010 0.000010 0.000010 0.000010 0.000010 0.000010 0.000010 0.000010 0.000010
0.000010 0.000010 0.000010 0.000010 0.999870 0.000010 0.000010 0.000010 0.000010 0.000010 0.000010 0.000010 0.000010 0.000010
0.000010 0.000017 0.140666 0.152728 0.132650 0.005705 0.026228 0.295912 0.023103 0.024124 0.021190 0.000010 0.130482 0.047175
0.176476 0.000010 0.000011 0.000010 0.000010 0.000010 0.000010 0.000010 0.000010 0.000010 0.823403 0.000010 0.000010 0.000010
0.000010 0.000010 0.000010 0.000010 0.000010 0.000010 0.000010 0.000010 0.000014 0.691321 0.000010 0.000010 0.000010 0.308555
0.000010 0.682253 0.000010 0.000010 0.000010 0.000010 0.000010 0.000010 0.270502 0.007726 0.000010 0.000010 0.000010 0.039420
0.000010 0.922005 0.000010 0.000010 0.000010 0.000010 0.000010 0.000010 0.010418 0.000010 0.000010 0.000010 0.000010 0.067467
0.000010 0.000010 0.041839 0.000010 0.000010 0.000010 0.000010 0.000010 0.000010 0.000010 0.000010 0.958041 0.000010 0.000010
0.000010 0.730721 0.000010 0.000010 0.000010 0.000010 0.000015 0.000010 0.266790 0.000010 0.002374 0.000010 0.000010 0.000010
0.000010 0.999870 0.000010 0.000010 0.000010 0.000010 0.000010 0.000010 0.000010 0.000010 0.000010 0.000010 0.000010 0.000010
0.000010 0.842415 0.000010 0.000010 0.000010 0.000010 0.000010 0.000010 0.157465 0.000010 0.000010 0.000010 0.000010 0.000010
0.588816 0.000010 0.411064 0.000010 0.000010 0.000010 0.000010 0.000010 0.000010 0.000010 0.000010 0.000010 0.000010 0.000010
0.248872 0.000010 0.000010 0.000010 0.000010 0.000010 0.000010 0.000010 0.000010 0.102408 0.613473 0.000010 0.035146 0.000010
0.000010 0.000010 0.999870 0.000010 0.000010 0.000010 0.000010 0.000010 0.000010 0.000010 0.000010 0.000010 0.000010 0.000010
0.000010 0.000010 0.000010 0.000010 0.000010 0.000010 0.000010 0.999870 0.000010 0.000010 0.000010 0.000010 0.000010 0.000010
0.000010 0.000010 0.999870 0.000010 0.000010 0.000010 0.000010 0.000010 0.000010 0.000010 0.000010 0.000010 0.000010 0.000010
0.356175 0.000010 0.000010 0.002787 0.000010 0.000010 0.038334 0.039212 0.000010 0.000010 0.355671 0.000010 0.207741 0.000010
0.000010 0.000010 0.999870 0.000010 0.000010 0.000010 0.000010 0.000010 0.000010 0.000010 0.000010 0.000010 0.000010 0.000010
0.232802 0.000010 0.000010 0.000010 0.000010 0.000010 0.000010 0.244217 0.000010 0.017977 0.504903 0.000010 0.000010 0.000010
0.000010 0.561835 0.000010 0.000010 0.000010 0.000010 0.000010 0.000010 0.438045 0.000010 0.000010 0.000010 0.000010 0.000010
0.000010 0.565142 0.000010 0.000010 0.000010 0.000010 0.000010 0.000010 0.434738 0.000010 0.000010 0.000010 0.000010 0.000010
0.000010 0.927189 0.000010 0.000010 0.000010 0.000010 0.000010 0.000010 0.072691 0.000010 0.000010 0.000010 0.000010 0.000010
0.000010 0.000010 0.999870 0.000010 0.000010 0.000010 0.000010 0.000010 0.000010 0.000010 0.000010 0.000010 0.000010 0.000010
0.000010 0.680694 0.000010 0.000010 0.000010 0.000010 0.000010 0.000010 0.319186 0.000010 0.000010 0.000010 0.000010 0.000010
0.000010 0.000010 0.014589 0.087747 0.065561 0.028464 0.005553 0.000010 0.000010 0.000010 0.000010 0.798006 0.000010 0.000010
0.000010 0.999870 0.000010 0.000010 0.000010 0.000010 0.000010 0.000010 0.000010 0.000010 0.000010 0.000010 0.000010 0.000010
0.000010 0.000010 0.841818 0.068174 0.000010 0.000010 0.000010 0.000010 0.000010 0.089898 0.000010 0.000010 0.000010 0.000010
0.000010 0.000010 0.999870 0.000010 0.000010 0.000010 0.000010 0.000010 0.000010 0.000010 0.000010 0.000010 0.000010 0.000010
0.000010 0.000010 0.887399 0.000010 0.000010 0.000010 0.000010 0.000010 0.021022 0.021750 0.000010 0.069729 0.000010 0.000010
0.839163 0.000010 0.000010 0.000010 0.000010 0.000010 0.043926 0.051984 0.000010 0.000010 0.000010 0.000010 0.064827 0.000010
0.000010 0.000010 0.000010 0.000010 0.000010 0.000010 0.000010 0.999870 0.000010 0.000010 0.000010 0.000010 0.000010 0.000010
0.000010 0.999870 0.000010 0.000010 0.000010 0.000010 0.000010 0.000010 0.000010 0.000010 0.000010 0.000010 0.000010 0.000010
0.000010 0.999870 0.000010 0.000010 0.000010 0.000010 0.000010 0.000010 0.000010 0.000010 0.000010 0.000010 0.000010 0.000010
0.000010 0.000010 0.083373 0.000010 0.118899 0.015391 0.000010 0.749868 0.000010 0.000010 0.000010 0.000010 0.032380 0.000010
0.000010 0.014586 0.000010 0.150684 0.000010 0.006057 0.000010 0.074047 0.000010 0.007128 0.000010 0.745253 0.000010 0.002175
0.000010 0.000010 0.454416 0.000010 0.000010 0.000010 0.000010 0.545464 0.000010 0.000010 0.000010 0.000010 0.000010 0.000010
0.492551 0.000010 0.000010 0.000010 0.000010 0.000010 0.000010 0.000010 0.000010 0.026890 0.000010 0.000010 0.000010 0.480449
0.000010 0.000010 0.000010 0.000010 0.000010 0.000010 0.000010 0.000010 0.999870 0.000010 0.000010 0.000010 0.000010 0.000010
0.000010 0.000010 0.000010 0.000010 0.000010 0.000010 0.999870 0.000010 0.000010 0.000010 0.000010 0.000010 0.000010 0.000010
0.000010 0.000010 0.049023 0.000010 0.008877 0.000010 0.000010 0.465252 0.031983 0.000010 0.000010 0.444775 0.000010 0.000010
0.000010 0.000010 0.000010 0.013989 0.501766 0.000010 0.000010 0.000010 0.000010 0.000010 0.000010 0.484135 0.000010 0.000010
0.000010 0.000010 0.000010 0.000010 0.000010 0.000010 0.000010 0.000010 0.000010 0.000010 0.000010 0.999870 0.000010 0.000010
0.000010 0.000010 0.000010 0.011388 0.043367 0.030958 0.000010 0.619873 0.000010 0.000010 0.000010 0.284043 0.010292 0.000010
0.000010 0.000010 0.057284 0.000010 0.000010 0.000010 0.029868 0.495802 0.000010 0.000010 0.000010 0.401060 0.000010 0.015896
0.000010 0.000010 0.000010 0.013393 0.000010 0.000010 0.000010 0.518612 0.000013 0.000010 0.000010 0.467881 0.000010 0.000010
0.000010 0.000010 0.000010 0.025553 0.000010 0.000010 0.000010 0.079813 0.016335 0.000010 0.000010 0.866275 0.000010 0.011934
0.040567 0.009213 0.147986 0.087397 0.001570 0.030204 0.026084 0.000010 0.023253 0.028381 0.535464 0.034688 0.000010 0.035173
0.140884 0.000010 0.000010 0.000010 0.048915 0.000010 0.080246 0.705868 0.000010 0.000010 0.000010 0.000010 0.023997 0.000010
0.000010 0.000010 0.277344 0.000010 0.000010 0.000010 0.000010 0.000010 0.035335 0.000010 0.169037 0.000010 0.000010 0.518184
0.404527 0.000010 0.000010 0.000010 0.000010 0.000010 0.000010 0.000010 0.000010 0.000010 0.516857 0.000010 0.000010 0.078506
0.014577 0.000010 0.587580 0.000010 0.000010 0.000010 0.000010 0.357643 0.030238 0.000010 0.009871 0.000010 0.000010 0.000010
0.000010 0.000010 0.537171 0.000010 0.462709 0.000010 0.000010 0.000010 0.000010 0.000010 0.000010 0.000010 0.000010 0.000010
0.000010 0.030791 0.000010 0.069241 0.000010 0.324968 0.000010 0.000010 0.000010 0.031227 0.328196 0.000010 0.175103 0.040404
0.006091 0.029598 0.000010 0.557909 0.000010 0.320910 0.001232 0.054614 0.000010 0.021505 0.000010 0.000010 0.000010 0.008081
0.000010 0.000010 0.000010 0.659018 0.000010 0.311185 0.000010 0.000010 0.000010 0.000010 0.000010 0.000010 0.000010 0.029687
0.000010 0.000010 0.135871 0.010120 0.167161 0.000010 0.000010 0.147444 0.019638 0.000010 0.234433 0.019870 0.005552 0.259862
0.000010 0.000010 0.000010 0.608267 0.000010 0.342574 0.000010 0.000010 0.000010 0.049049 0.000010 0.000010 0.000010 0.000010
0.000010 0.000010 0.029246 0.314907 0.000010 0.153138 0.000010 0.471743 0.000010 0.000010 0.020496 0.000010 0.000010 0.010390
0.000010 0.000010 0.000010 0.528962 0.000010 0.384115 0.000010 0.000010 0.000010 0.065107 0.000010 0.000010 0.000010 0.021715
0.000010 0.031876 0.000010 0.445673 0.000010 0.079647 0.022383 0.000010 0.000010 0.019690 0.118326 0.202195 0.080149 0.000010
0.316548 0.000010 0.000010 0.000010 0.025659 0.000010 0.184988 0.306582 0.000010 0.000010 0.000010 0.000010 0.166134 0.000010
0.000010 0.025116 0.004326 0.000010 0.756853 0.011889 0.007099 0.110599 0.000010 0.000010 0.000010 0.061802 0.022256 0.000010
0.000010 0.000010 0.164692 0.000010 0.353130 0.000010 0.012730 0.405739 0.000010 0.000010 0.000010 0.063619 0.000010 0.000010
0.000010 0.000010 0.434686 0.468823 0.000010 0.048648 0.000010 0.000010 0.000010 0.000010 0.000010 0.000010 0.047744 0.000010
0.000010 0.000010 0.410860 0.000010 0.000010 0.000010 0.000010 0.589020 0.000010 0.000010 0.000010 0.000010 0.000010 0.000010
0.000010 0.000010 0.999870 0.000010 0.000010 0.000010 0.000010 0.000010 0.000010 0.000010 0.000010 0.000010 0.000010 0.000010
0.000013 0.000010 0.444437 0.004795 0.000010 0.014403 0.000010 0.536262 0.000010 0.000010 0.000010 0.000010 0.000010 0.000010
0.000010 0.000010 0.284296 0.589790 0.000010 0.000010 0.000010 0.078168 0.000010 0.000368 0.006712 0.040585 0.000010 0.000010
0.000010 0.000010 0.642934 0.000010 0.000010 0.038125 0.000010 0.305552 0.000010 0.000010 0.003742 0.000010 0.000010 0.009557
0.000010 0.000010 0.320982 0.523572 0.000010 0.000010 0.000010 0.115261 0.000010 0.025681 0.014415 0.000010 0.000010 0.000010
0.000010 0.000010 0.000010 0.000010 0.000010 0.000010 0.000010 0.000010 0.000010 0.000010 0.268928 0.000010 0.000010 0.730952
0.122237 0.000010 0.000010 0.000010 0.000010 0.000010 0.012142 0.049405 0.006073 0.000010 0.447066 0.002248 0.000010 0.360760
0.000010 0.000010 0.399940 0.010266 0.030923 0.000010 0.000010 0.032536 0.000010 0.000010 0.289978 0.000010 0.000010 0.236278
0.000010 0.000010 0.000010 0.000010 0.000010 0.000010 0.999870 0.000010 0.000010 0.000010 0.000010 0.000010 0.000010 0.000010
0.198248 0.025780 0.017457 0.021719 0.002588 0.043779 0.032106 0.100326 0.016768 0.049622 0.023919 0.052742 0.046319 0.368628
0.041053 0.013648 0.000010 0.036391 0.481935 0.000010 0.000010 0.000010 0.000010 0.017375 0.000010 0.000010 0.000010 0.409519
0.000010 0.000010 0.000010 0.967386 0.000010 0.000010 0.000010 0.000010 0.023903 0.008601 0.000010 0.000010 0.000010 0.000010
0.352303 0.028692 0.036379 0.000010 0.000010 0.013622 0.000010 0.041543 0.000010 0.000010 0.000010 0.000010 0.024565 0.502826
0.000010 0.000010 0.000010 0.842798 0.000010 0.000010 0.000010 0.000638 0.017801 0.090461 0.000010 0.000010 0.048212 0.000010
0.000010 0.000010 0.000010 0.000018 0.000010 0.000010 0.000018 0.000010 0.000010 0.000010 0.000010 0.000010 0.000010 0.999853
0.000010 0.000010 0.000010 0.000010 0.000010 0.000010 0.000010 0.000010 0.000010 0.000010 0.000010 0.000010 0.000010 0.999870
0.000010 0.000010 0.000010 0.464150 0.000010 0.000010 0.000010 0.000010 0.000010 0.037467 0.000010 0.498273 0.000010 0.000010
0.000010 0.000010 0.000010 0.972515 0.000010 0.027365 0.000010 0.000010 0.000010 0.000010 0.000010 0.000010 0.000010 0.000010
0.066469 0.000010 0.320887 0.020078 0.000010 0.000010 0.000010 0.000010 0.022894 0.215126 0.344545 0.009931 0.000010 0.000010
0.026348 0.000010 0.000010 0.000010 0.000010 0.000010 0.000010 0.000010 0.000010 0.000010 0.017895 0.000010 0.404523 0.551134
0.000010 0.000010 0.000010 0.999870 0.000010 0.000010 0.000010 0.000010 0.000010 0.000010 0.000010 0.000010 0.000010 0.000010
0.000010 0.000010 0.000010 0.999870 0.000010 0.000010 0.000010 0.000010 0.000010 0.000010 0.000010 0.000010 0.000010 0.000010
0.000010 0.000010 0.000010 0.875105 0.000010 0.102845 0.000010 0.000010 0.000010 0.000010 0.019772 0.000010 0.000010 0.002178
0.000010 0.000010 0.279134 0.000010 0.000010 0.000010 0.000010 0.000010 0.000010 0.000010 0.185112 0.000010 0.000010 0.535645
0.000010 0.000010 0.000010 0.980668 0.000010 0.004933 0.000010 0.000010 0.000010 0.000010 0.014289 0.000010 0.000010 0.000010
0.000010 0.000010 0.000010 0.999870 0.000010 0.000010 0.000010 0.000010 0.000010 0.000010 0.000010 0.000010 0.000010 0.000010
0.000010 0.000010 0.000010 0.654916 0.000010 0.222787 0.000010 0.057363 0.000010 0.020418 0.015868 0.022029 0.000010 0.006549
0.000010 0.000010 0.086093 0.000010 0.811077 0.000010 0.027053 0.034881 0.021154 0.000010 0.000010 0.019662 0.000010 0.000010
0.000010 0.000010 0.089810 0.472820 0.000010 0.204168 0.001622 0.087669 0.000010 0.083465 0.000010 0.015464 0.000010 0.044923
0.000010 0.000010 0.000010 0.000010 0.000010 0.000010 0.000010 0.000010 0.000010 0.999870 0.000010 0.000010 0.000010 0.000010
0.000010 0.000010 0.000010 0.943544 0.000010 0.000010 0.000010 0.000010 0.000010 0.000010 0.000010 0.056336 0.000010 0.000010
0.000010 0.000010 0.000010 0.990287 0.000010 0.000010 0.000010 0.000010 0.000010 0.003399 0.000010 0.006204 0.000010 0.000010
0.000010 0.000010 0.000010 0.999870 0.000010 0.000010 0.000010 0.000010 0.000010 0.000010 0.000010 0.000010 0.000010 0.000010
0.000010 0.000010 0.000010 0.000010 0.000010 0.000010 0.000010 0.000010 0.000010 0.000010 0.000010 0.000010 0.000010 0.999870
0.007510 0.000010 0.000010 0.000010 0.960063 0.000010 0.015742 0.000010 0.000010 0.000010 0.000010 0.000010 0.000010 0.016585
0.000010 0.000010 0.878378 0.005847 0.000010 0.015846 0.000010 0.000010 0.000010 0.087482 0.000010 0.012356 0.000010 0.000010
0.000010 0.000010 0.000010 0.000010 0.000010 0.000010 0.000010 0.000010 0.000010 0.000010 0.000010 0.000010 0.999870 0.000010
0.004322 0.000010 0.088620 0.000010 0.000010 0.038369 0.000010 0.413087 0.020059 0.000010 0.011587 0.000010 0.000010 0.423886
0.000010 0.000010 0.000010 0.000010 0.000010 0.000010 0.000010 0.000010 0.000010 0.000010 0.853539 0.000010 0.000010 0.146341
0.000010 0.000010 0.000010 0.000010 0.000010 0.000010 0.000010 0.000010 0.000010 0.000010 0.747338 0.000010 0.252541 0.000010
0.492483 0.000010 0.000010 0.000010 0.000010 0.000010 0.013931 0.255041 0.000010 0.000010 0.000010 0.000010 0.000010 0.238445
0.000010 0.000010 0.000010 0.000010 0.000010 0.000010 0.000010 0.000010 0.000010 0.999870 0.000010 0.000010 0.000010 0.000010
0.000010 0.038278 0.000010 0.032243 0.000010 0.000010 0.000010 0.000010 0.023010 0.009283 0.542507 0.000010 0.000010 0.354599
0.520567 0.003751 0.000010 0.000010 0.000010 0.029361 0.080734 0.275311 0.000010 0.000010 0.000010 0.000010 0.090195 0.000010
0.000010 0.000010 0.007024 0.000010 0.932645 0.036749 0.023481 0.000011 0.000010 0.000010 0.000010 0.000010 0.000010 0.000010
0.000010 0.001259 0.127036 0.000010 0.000010 0.000010 0.000010 0.025298 0.513623 0.163659 0.169046 0.000010 0.000010 0.000010
0.501728 0.000010 0.000010 0.000010 0.000010 0.000010 0.000010 0.000010 0.000010 0.000010 0.395101 0.000010 0.000010 0.103061
0.000010 0.000010 0.000010 0.000010 0.000010 0.000010 0.000010 0.000010 0.000010 0.000010 0.000010 0.000010 0.000010 0.999870
0.094415 0.000010 0.000010 0.000010 0.000010 0.000010 0.007061 0.000010 0.000010 0.000010 0.566807 0.000010 0.101099 0.230529
0.000010 0.000010 0.000010 0.000010 0.000010 0.000010 0.000010 0.000010 0.000010 0.028573 0.000010 0.000010 0.000010 0.971307
0.000010 0.000010 0.000010 0.000010 0.000010 0.000010 0.000010 0.000010 0.999870 0.000010 0.000010 0.000010 0.000010 0.000010
0.000010 0.000010 0.000010 0.000010 0.000010 0.000010 0.000010 0.000010 0.000010 0.073230 0.420665 0.000010 0.000010 0.505996
0.000010 0.000010 0.000010 0.000010 0.000010 0.000010 0.000010 0.000010 0.000010 0.000010 0.456209 0.000010 0.000010 0.543671
0.000010 0.000010 0.000010 0.000010 0.000010 0.000010 0.000010 0.000010 0.000010 0.000010 0.305016 0.000010 0.000010 0.694864
0.000010 0.000010 0.000010 0.000010 0.000010 0.000010 0.000010 0.000010 0.999870 0.000010 0.000010 0.000010 0.000010 0.000010
0.000010 0.000010 0.000010 0.000010 0.000010 0.000010 0.000010 0.000010 0.927485 0.000010 0.000010 0.000010 0.000010 0.072395
0.000010 0.676228 0.000010 0.000010 0.000010 0.000010 0.000010 0.000010 0.323652 0.000010 0.000010 0.000010 0.000010 0.000010
0.000010 0.000010 0.000010 0.000010 0.000010 0.000010 0.000010 0.000010 0.999870 0.000010 0.000010 0.000010 0.000010 0.000010
0.000010 0.000010 0.000010 0.000010 0.000010 0.000010 0.000010 0.000010 0.999870 0.000010 0.000010 0.000010 0.000010 0.000010
0.000010 0.000010 0.000010 0.000010 0.000010 0.000010 0.000010 0.000010 0.999870 0.000010 0.000010 0.000010 0.000010 0.000010
0.000010 0.000010 0.000010 0.000010 0.999870 0.000010 0.000010 0.000010 0.000010 0.000010 0.000010 0.000010 0.000010 0.000010
0.000010 0.000010 0.107242 0.174883 0.122898 0.000010 0.000010 0.000010 0.017035 0.281948 0.000010 0.000010 0.214950 0.080973
0.000010 0.000010 0.928849 0.000010 0.000010 0.000010 0.000010 0.071031 0.000010 0.000010 0.000010 0.000010 0.000010 0.000010
0.000010 0.000010 0.000010 0.999870 0.000010 0.000010 0.000010 0.000010 0.000010 0.000010 0.000010 0.000010 0.000010 0.000010
0.000010 0.000010 0.000010 0.000010 0.000010 0.000010 0.000010 0.000010 0.000010 0.000010 0.495500 0.000010 0.049322 0.455068
0.000010 0.068155 0.000010 0.000010 0.000010 0.000010 0.010196 0.000010 0.578902 0.000010 0.000010 0.000010 0.342647 0.000010
0.000010 0.000010 0.000010 0.000010 0.000010 0.000010 0.000010 0.000010 0.000010 0.000010 0.000010 0.000010 0.999870 0.000010
0.000010 0.000010 0.000010 0.000010 0.000010 0.000010 0.000010 0.999870 0.000010 0.000010 0.000010 0.000010 0.000010 0.000010
0.000010 0.000010 0.000010 0.000010 0.000010 0.000010 0.000010 0.999870 0.000010 0.000010 0.000010 0.000010 0.000010 0.000010
0.000010 0.000010 0.000010 0.000010 0.000010 0.999870 0.000010 0.000010 0.000010 0.000010 0.000010 0.000010 0.000010 0.000010
0.000010 0.000010 0.000010 0.000010 0.000010 0.999870 0.000010 0.000010 0.000010 0.000010 0.000010 0.000010 0.000010 0.000010
0.003937 0.000010 0.128875 0.000010 0.184270 0.000010 0.000010 0.605507 0.000287 0.000010 0.000010 0.050631 0.000010 0.026422
0.000010 0.000010 0.000010 0.000010 0.000010 0.000010 0.999870 0.000010 0.000010 0.000010 0.000010 0.000010 0.000010 0.000010
0.000010 0.901826 0.000010 0.000010 0.000010 0.000010 0.000010 0.000010 0.097134 0.000010 0.000010 0.000010 0.000010 0.000930
0.000010 0.000010 0.060018 0.240135 0.000010 0.130464 0.004019 0.000010 0.000010 0.077539 0.326307 0.022675 0.000010 0.138784
0.000010 0.000010 0.243812 0.611988 0.000010 0.000010 0.000010 0.117355 0.000010 0.000010 0.000010 0.000010 0.026744 0.000010
0.000010 0.000010 0.633421 0.000010 0.051495 0.009654 0.000010 0.280695 0.004350 0.000010 0.000010 0.020305 0.000010 0.000010
0.000043 0.000010 0.709475 0.030069 0.000010 0.000010 0.000010 0.260313 0.000010 0.000010 0.000010 0.000010 0.000010 0.000010
0.000010 0.000010 0.000010 0.000010 0.000010 0.000010 0.000010 0.000010 0.000010 0.000010 0.000010 0.000010 0.000010 0.999870
0.000010 0.000010 0.414744 0.000010 0.061135 0.000010 0.000010 0.524011 0.000010 0.000010 0.000010 0.000010 0.000010 0.000010
0.000010 0.000010 0.000010 0.000010 0.000010 0.000010 0.000010 0.999870 0.000010 0.000010 0.000010 0.000010 0.000010 0.000010
0.000010 0.000010 0.000010 0.000010 0.000010 0.000010 0.000010 0.000010 0.000010 0.000010 0.000010 0.000010 0.999870 0.000010
0.000010 0.000010 0.000010 0.000010 0.000010 0.999870 0.000010 0.000010 0.000010 0.000010 0.000010 0.000010 0.000010 0.000010
0.000010 0.000010 0.000010 0.000010 0.000010 0.999870 0.000010 0.000010 0.000010 0.000010 0.000010 0.000010 0.000010 0.000010
0.000010 0.000010 0.000010 0.000010 0.000010 0.999870 0.000010 0.000010 0.000010 0.000010 0.000010 0.000010 0.000010 0.000010
0.000010 0.000010 0.000010 0.000010 0.205088 0.603663 0.191138 0.000010 0.000010 0.000010 0.000010 0.000010 0.000010 0.000010
0.000010 0.000010 0.000010 0.000010 0.000010 0.000010 0.000010 0.000010 0.000010 0.081945 0.917935 0.000010 0.000010 0.000010
0.000010 0.000010 0.000010 0.000010 0.000010 0.000010 0.000010 0.000010 0.000010 0.000010 0.000010 0.000010 0.000010 0.999870
0.062817 0.042919 0.000010 0.000010 0.000010 0.000010 0.000010 0.000010 0.007893 0.000010 0.010337 0.000010 0.397638 0.478316
0.000010 0.000010 0.000010 0.000010 0.000010 0.000010 0.000010 0.000010 0.000010 0.000010 0.000010 0.000010 0.000010 0.999870
0.000010 0.000010 0.000010 0.000010 0.000010 0.000010 0.000010 0.000010 0.000010 0.000010 0.000010 0.000010 0.000010 0.999870
0.000010 0.146105 0.000010 0.000010 0.000010 0.000010 0.000010 0.000010 0.000010 0.010969 0.000010 0.000010 0.000010 0.842815
0.000010 0.000010 0.000010 0.000010 0.000010 0.000010 0.000010 0.000010 0.000010 0.000010 0.000010 0.000010 0.000010 0.999870
0.018960 0.019050 0.000010 0.000010 0.000010 0.514749 0.000010 0.000010 0.052661 0.147807 0.034229 0.010083 0.202401 0.000010
0.044301 0.000010 0.000010 0.000010 0.000010 0.000010 0.000010 0.000010 0.055113 0.000010 0.030481 0.000010 0.426136 0.443880
0.000013 0.000010 0.000010 0.000010 0.000010 0.000010 0.000010 0.000010 0.000010 0.000010 0.000010 0.000010 0.000010 0.999867
0.944993 0.000010 0.000010 0.000010 0.000010 0.000010 0.000010 0.000010 0.000010 0.000010 0.000010 0.000010 0.054887 0.000010
0.999870 0.000010 0.000010 0.000010 0.000010 0.000010 0.000010 0.000010 0.000010 0.000010 0.000010 0.000010 0.000010 0.000010
0.999870 0.000010 0.000010 0.000010 0.000010 0.000010 0.000010 0.000010 0.000010 0.000010 0.000010 0.000010 0.000010 0.000010
0.000010 0.000010 0.000010 0.000010 0.000012 0.000010 0.000010 0.000010 0.000010 0.000010 0.000010 0.000010 0.000010 0.999868
0.000010 0.000010 0.000010 0.000010 0.000010 0.000010 0.000010 0.000010 0.000014 0.000010 0.000010 0.000010 0.000010 0.999866
0.000010 0.023189 0.122506 0.468829 0.000010 0.176109 0.029376 0.004669 0.000010 0.111226 0.000010 0.000010 0.000010 0.064037
0.000010 0.000010 0.062705 0.563255 0.000010 0.120016 0.024998 0.071760 0.000010 0.138696 0.008410 0.000010 0.000010 0.010101
0.466196 0.000010 0.061745 0.051635 0.005437 0.000010 0.000010 0.000010 0.000010 0.176247 0.000010 0.000010 0.006236 0.232434
0.000010 0.000010 0.000010 0.000010 0.000010 0.000010 0.999870 0.000010 0.000010 0.000010 0.000010 0.000010 0.000010 0.000010
0.000010 0.000010 0.014809 0.294805 0.000010 0.514952 0.031568 0.008618 0.000010 0.061498 0.000010 0.000010 0.000010 0.073680
0.388816 0.009676 0.000010 0.000010 0.000010 0.000010 0.000010 0.000010 0.082467 0.058461 0.109331 0.000010 0.000010 0.351169
0.000010 0.000010 0.000010 0.000010 0.891626 0.000010 0.000010 0.055465 0.000010 0.007405 0.000010 0.045404 0.000010 0.000010
0.000010 0.000010 0.179168 0.007770 0.210081 0.008217 0.000010 0.009407 0.000010 0.000010 0.000010 0.561106 0.000010 0.024181
0.000010 0.000010 0.000010 0.000010 0.000010 0.000010 0.000010 0.000010 0.029970 0.000010 0.021441 0.929282 0.000010 0.019207
0.000010 0.000010 0.138981 0.000010 0.763717 0.000010 0.010307 0.069626 0.000010 0.000010 0.000010 0.017279 0.000010 0.000010
0.021563 0.000010 0.909086 0.000010 0.000010 0.000010 0.005645 0.038901 0.000010 0.024715 0.000010 0.000010 0.000010 0.000010
0.000010 0.000010 0.032169 0.018762 0.530436 0.039904 0.000010 0.000010 0.000010 0.010947 0.000010 0.340734 0.026977 0.000010
0.000010 0.000010 0.000010 0.000010 0.399179 0.000010 0.000010 0.036405 0.000010 0.000010 0.000010 0.564306 0.000010 0.000010
0.000010 0.000010 0.000010 0.131324 0.000010 0.000010 0.000010 0.000010 0.000010 0.004978 0.016804 0.846794 0.000010 0.000010
0.000010 0.000010 0.000010 0.000010 0.000010 0.000010 0.000010 0.000010 0.000010 0.000010 0.999870 0.000010 0.000010 0.000010
0.000010 0.000010 0.000010 0.000010 0.000010 0.000010 0.000010 0.000010 0.000010 0.000010 0.000010 0.999870 0.000010 0.000010
0.000010 0.000010 0.000010 0.000010 0.000010 0.000010 0.000010 0.000010 0.000010 0.000010 0.875723 0.000010 0.000010 0.124157
0.000010 0.000010 0.000010 0.000010 0.000010 0.000010 0.000010 0.000010 0.000010 0.000010 0.000010 0.999870 0.000010 0.000010
0.000010 0.999870 0.000010 0.000010 0.000010 0.000010 0.000010 0.000010 0.000010 0.000010 0.000010 0.000010 0.000010 0.000010
0.000010 0.879734 0.000010 0.000010 0.000010 0.000010 0.010507 0.000010 0.066832 0.016618 0.014330 0.000010 0.000010 0.011898
0.000010 0.999870 0.000010 0.000010 0.000010 0.000010 0.000010 0.000010 0.000010 0.000010 0.000010 0.000010 0.000010 0.000010
0.000010 0.000010 0.000010 0.000010 0.000010 0.000010 0.000010 0.000010 0.000010 0.999870 0.000010 0.000010 0.000010 0.000010
0.349801 0.000010 0.000010 0.000010 0.000010 0.000010 0.007722 0.136529 0.000010 0.000010 0.418788 0.000010 0.000010 0.087070
0.000010 0.005455 0.002398 0.000010 0.854810 0.023685 0.000010 0.097532 0.000010 0.000010 0.000010 0.000010 0.000010 0.016040
0.000010 0.000010 0.000010 0.000010 0.000010 0.000010 0.000010 0.000010 0.000010 0.000010 0.286551 0.000010 0.000010 0.713329
0.000010 0.000010 0.175278 0.000010 0.600076 0.000010 0.000010 0.082450 0.000010 0.000010 0.000010 0.142096 0.000010 0.000010
0.000010 0.000010 0.524396 0.000010 0.414540 0.004929 0.009013 0.000010 0.000010 0.000010 0.002443 0.041386 0.000010 0.003223
0.000010 0.000010 0.017684 0.000010 0.964006 0.000010 0.000010 0.018200 0.000010 0.000010 0.000010 0.000010 0.000010 0.000010
0.000010 0.773796 0.000010 0.000010 0.000010 0.000010 0.000010 0.000010 0.226084 0.000010 0.000010 0.000010 0.000010 0.000010
0.000010 0.642274 0.000010 0.000010 0.000010 0.000010 0.000010 0.000010 0.357606 0.000010 0.000010 0.000010 0.000010 0.000010
0.029732 0.030609 0.000010 0.000010 0.416436 0.000010 0.000010 0.083144 0.000010 0.000010 0.044139 0.006939 0.388931 0.000010
0.000010 0.000010 0.999870 0.000010 0.000010 0.000010 0.000010 0.000010 0.000010 0.000010 0.000010 0.000010 0.000010 0.000010
0.000010 0.000010 0.000010 0.000010 0.998395 0.000010 0.000010 0.001485 0.000010 0.000010 0.000010 0.000010 0.000010 0.000010
0.000010 0.000010 0.949375 0.000010 0.000010 0.000010 0.002131 0.000010 0.000010 0.000010 0.011508 0.000010 0.000010 0.036886
0.000010 0.000010 0.988394 0.000010 0.000010 0.003189 0.000010 0.000010 0.000010 0.008307 0.000010 0.000010 0.000010 0.000010
0.015816 0.000010 0.000010 0.000010 0.903695 0.000010 0.009523 0.070865 0.000010 0.000010 0.000010 0.000010 0.000010 0.000010
0.000010 0.000010 0.999870 0.000010 0.000010 0.000010 0.000010 0.000010 0.000010 0.000010 0.000010 0.000010 0.000010 0.000010
0.000010 0.000010 0.000010 0.000010 0.000010 0.000010 0.000010 0.000010 0.000010 0.000010 0.000010 0.000010 0.999870 0.000010
0.000010 0.000010 0.000010 0.000010 0.000010 0.000010 0.000010 0.000010 0.000010 0.000010 0.000010 0.000010 0.999870 0.000010
0.000010 0.000010 0.000010 0.000010 0.000010 0.000010 0.000010 0.000010 0.000010 0.000010 0.000010 0.999870 0.000010 0.000010
0.000010 0.000010 0.000010 0.000010 0.999870 0.000010 0.000010 0.000010 0.000010 0.000010 0.000010 0.000010 0.000010 0.000010
0.000010 0.013914 0.000010 0.000010 0.985966 0.000010 0.000010 0.000010 0.000010 0.000010 0.000010 0.000010 0.000010 0.000010
0.000010 0.000010 0.000010 0.000010 0.000010 0.000010 0.000010 0.000010 0.000010 0.000010 0.000010 0.999870 0.000010 0.000010
0.000010 0.000010 0.999870 0.000010 0.000010 0.000010 0.000010 0.000010 0.000010 0.000010 0.000010 0.000010 0.000010 0.000010
0.000010 0.000010 0.000010 0.000010 0.000010 0.000010 0.000010 0.000010 0.000010 0.000010 0.000010 0.999870 0.000010 0.000010
0.000015 0.000010 0.000010 0.000010 0.000010 0.000015 0.000010 0.000010 0.000010 0.000010 0.000010 0.999860 0.000010 0.000010
0.000010 0.000010 0.477487 0.000010 0.000010 0.000010 0.000010 0.000010 0.000010 0.000010 0.000010 0.522393 0.000010 0.000010
0.000010 0.000010 0.521593 0.000010 0.035711 0.044916 0.000010 0.000010 0.000010 0.000010 0.000010 0.397679 0.000010 0.000010
0.000010 0.000010 0.000010 0.000010 0.000010 0.000010 0.000010 0.000010 0.000010 0.088169 0.000010 0.911711 0.000010 0.000010
0.000010 0.000010 0.000010 0.000010 0.977578 0.000010 0.000010 0.022302 0.000010 0.000010 0.000010 0.000010 0.000010 0.000010
0.000010 0.000010 0.000010 0.000010 0.000010 0.000010 0.000010 0.000010 0.000010 0.000010 0.000010 0.999870 0.000010 0.000010
0.000010 0.467772 0.000010 0.000010 0.000010 0.000010 0.000010 0.000010 0.532108 0.000010 0.000010 0.000010 0.000010 0.000010
0.000010 0.487837 0.000010 0.000010 0.000010 0.000010 0.000010 0.000010 0.512043 0.000010 0.000010 0.000010 0.000010 0.000010
0.000010 0.480440 0.000010 0.000010 0.000010 0.000010 0.000010 0.000010 0.515472 0.000010 0.003977 0.000010 0.000010 0.000010
0.000010 0.445969 0.000010 0.000010 0.000010 0.000010 0.000010 0.000010 0.553911 0.000010 0.000010 0.000010 0.000010 0.000010
