0.986031 0.013879 0.000010 0.000010 0.000010 0.000010 0.000010 0.000010 0.000010 0.000010 0.000010
0.975640 0.004364 0.000010 0.000010 0.000010 0.000010 0.000010 0.000010 0.019916 0.000010 0.000010
0.999900 0.000010 0.000010 0.000010 0.000010 0.000010 0.000010 0.000010 0.000010 0.000010 0.000010
0.985719 0.000010 0.000010 0.000010 0.011475 0.002725 0.000010 0.000010 0.000010 0.000010 0.000010
0.966818 0.000010 0.000010 0.000010 0.000010 0.000010 0.000010 0.000010 0.000010 0.033092 0.000010
0.999900 0.000010 0.000010 0.000010 0.000010 0.000010 0.000010 0.000010 0.000010 0.000010 0.000010
0.967770 0.032140 0.000010 0.000010 0.000010 0.000010 0.000010 0.000010 0.000010 0.000010 0.000010
0.000010 0.875399 0.000010 0.000010 0.000010 0.022969 0.038011 0.002727 0.060834 0.000010 0.000010
0.000010 0.000010 0.000010 0.000010 0.000010 0.000010 0.000010 0.000010 0.000010 0.999900 0.000010
0.000010 0.411612 0.073365 0.000010 0.000010 0.187606 0.000010 0.000010 0.290814 0.036542 0.000010
0.000010 0.000010 0.000010 0.000010 0.000010 0.000010 0.000010 0.000010 0.000010 0.999900 0.000010
0.000010 0.000010 0.000010 0.393920 0.000010 0.000010 0.605990 0.000010 0.000010 0.000010 0.000010
0.000013 0.000010 0.000010 0.337964 0.000010 0.000010 0.661943 0.000010 0.000010 0.000010 0.000010
0.000010 0.000010 0.999900 0.000010 0.000010 0.000010 0.000010 0.000010 0.000010 0.000010 0.000010
0.000010 0.000010 0.000010 0.425483 0.000010 0.000010 0.574427 0.000010 0.000010 0.000010 0.000010
0.000011 0.000010 0.000010 0.437853 0.000010 0.000011 0.562055 0.000010 0.000010 0.000010 0.000010
0.000010 0.069381 0.032022 0.000010 0.000010 0.845524 0.000010 0.000010 0.053003 0.000010 0.000010
0.000010 0.000010 0.000010 0.410080 0.000010 0.000010 0.589830 0.000010 0.000010 0.000010 0.000010
0.000010 0.038593 0.048992 0.000010 0.000010 0.808431 0.000010 0.000010 0.071709 0.000010 0.032216
0.000010 0.000010 0.999900 0.000010 0.000010 0.000010 0.000010 0.000010 0.000010 0.000010 0.000010
0.973581 0.000010 0.018641 0.000010 0.007698 0.000010 0.000010 0.000010 0.000010 0.000010 0.000010
0.000010 0.000012 0.000010 0.488940 0.000010 0.000010 0.510968 0.000010 0.000010 0.000010 0.000010
0.000018 0.000010 0.000010 0.421223 0.000010 0.000010 0.578679 0.000010 0.000010 0.000010 0.000010
0.999900 0.000010 0.000010 0.000010 0.000010 0.000010 0.000010 0.000010 0.000010 0.000010 0.000010
0.002803 0.075850 0.030938 0.033625 0.010656 0.750074 0.006843 0.000010 0.076725 0.002009 0.010467
0.000010 0.000010 0.015955 0.007451 0.000010 0.062965 0.000010 0.000010 0.427362 0.486207 0.000010
0.919427 0.000010 0.002715 0.000010 0.000010 0.017177 0.000010 0.009296 0.000010 0.051325 0.000010
0.904243 0.030444 0.000010 0.000010 0.000010 0.038271 0.004894 0.000010 0.000010 0.016489 0.005610
0.000010 0.000010 0.000010 0.000010 0.000010 0.000010 0.000010 0.000010 0.000010 0.999900 0.000010
0.000010 0.000010 0.000010 0.000010 0.000010 0.000010 0.000010 0.000010 0.000010 0.999900 0.000010
0.000010 0.000010 0.000010 0.504662 0.000011 0.000010 0.495247 0.000010 0.000010 0.000010 0.000010
0.000010 0.070379 0.006430 0.000010 0.000010 0.336770 0.000010 0.024283 0.061217 0.500872 0.000010
0.000010 0.000010 0.000010 0.000010 0.000010 0.000010 0.000010 0.000010 0.000010 0.000010 0.999900
0.000010 0.000010 0.000010 0.454782 0.000010 0.000010 0.545128 0.000010 0.000010 0.000010 0.000010
0.000010 0.000010 0.000010 0.000010 0.000010 0.000010 0.000010 0.999900 0.000010 0.000010 0.000010
0.000010 0.000010 0.000010 0.388526 0.000010 0.000010 0.611384 0.000010 0.000010 0.000010 0.000010
0.000016 0.000010 0.000010 0.451020 0.000010 0.000010 0.548884 0.000010 0.000010 0.000010 0.000010
0.000010 0.000010 0.056004 0.008426 0.000010 0.656500 0.000010 0.000010 0.149145 0.000010 0.129865
0.900458 0.000010 0.020011 0.000010 0.005991 0.000391 0.000010 0.000010 0.000010 0.073090 0.000010
0.953965 0.016968 0.000010 0.000010 0.000010 0.000010 0.022209 0.006788 0.000010 0.000010 0.000010
0.997658 0.000010 0.002252 0.000010 0.000010 0.000010 0.000010 0.000010 0.000010 0.000010 0.000010
0.927163 0.000010 0.000010 0.000010 0.000010 0.038870 0.000010 0.000010 0.033001 0.000896 0.000010
0.914177 0.000010 0.009998 0.000010 0.000010 0.000010 0.000010 0.000010 0.000010 0.058645 0.017110
0.941334 0.056923 0.000010 0.000010 0.001663 0.000010 0.000010 0.000010 0.000010 0.000010 0.000010
0.524355 0.000010 0.004787 0.000010 0.000010 0.438107 0.008563 0.000010 0.024128 0.000010 0.000010
0.000010 0.000010 0.000010 0.884412 0.000010 0.000010 0.115498 0.000010 0.000010 0.000010 0.000010
0.000010 0.000010 0.000010 0.407287 0.000010 0.000010 0.592623 0.000010 0.000010 0.000010 0.000010
0.000010 0.000010 0.000010 0.795862 0.000010 0.000010 0.173584 0.002195 0.000010 0.000010 0.028288
0.000010 0.000010 0.000010 0.474736 0.000010 0.000010 0.525174 0.000010 0.000010 0.000010 0.000010
0.000010 0.000010 0.000010 0.666452 0.004060 0.000010 0.329408 0.000010 0.000010 0.000010 0.000010
0.000010 0.000010 0.000010 0.999900 0.000010 0.000010 0.000010 0.000010 0.000010 0.000010 0.000010
0.000010 0.000010 0.004020 0.880173 0.000010 0.000010 0.115727 0.000010 0.000010 0.000010 0.000010
0.999900 0.000010 0.000010 0.000010 0.000010 0.000010 0.000010 0.000010 0.000010 0.000010 0.000010
0.130095 0.066616 0.116029 0.015428 0.042034 0.068340 0.022811 0.028536 0.068666 0.188224 0.253221
0.999900 0.000010 0.000010 0.000010 0.000010 0.000010 0.000010 0.000010 0.000010 0.000010 0.000010
0.980870 0.000010 0.000010 0.000010 0.013107 0.000010 0.000010 0.000010 0.000010 0.000010 0.005944
0.896506 0.012589 0.000010 0.000010 0.000010 0.014666 0.000010 0.000010 0.000010 0.076170 0.000010
0.996675 0.000010 0.000010 0.000010 0.000010 0.000010 0.000010 0.003235 0.000010 0.000010 0.000010
0.000010 0.000010 0.003098 0.731161 0.000010 0.000010 0.265661 0.000010 0.000010 0.000010 0.000010
0.000010 0.000010 0.000010 0.999900 0.000010 0.000010 0.000010 0.000010 0.000010 0.000010 0.000010
0.000010 0.000010 0.036665 0.963245 0.000010 0.000010 0.000010 0.000010 0.000010 0.000010 0.000010
0.000010 0.000010 0.000010 0.833071 0.000010 0.000010 0.166839 0.000010 0.000010 0.000010 0.000010
0.000010 0.000010 0.000010 0.000010 0.000010 0.000010 0.000010 0.030449 0.000010 0.070409 0.899062
0.999900 0.000010 0.000010 0.000010 0.000010 0.000010 0.000010 0.000010 0.000010 0.000010 0.000010
0.999900 0.000010 0.000010 0.000010 0.000010 0.000010 0.000010 0.000010 0.000010 0.000010 0.000010
0.125478 0.151414 0.055117 0.001022 0.039494 0.064384 0.045853 0.036878 0.059522 0.277824 0.143014
0.000010 0.000010 0.000010 0.000010 0.000010 0.000010 0.000010 0.903021 0.000010 0.000010 0.096889
0.000010 0.000010 0.674809 0.002501 0.000010 0.000010 0.048877 0.000010 0.273744 0.000010 0.000010
0.000010 0.000010 0.047640 0.682440 0.000010 0.000010 0.269840 0.000010 0.000010 0.000010 0.000010
0.000010 0.000010 0.062696 0.921510 0.000010 0.000010 0.015714 0.000010 0.000010 0.000010 0.000010
0.000010 0.103242 0.000010 0.000010 0.000010 0.879849 0.000010 0.000010 0.000010 0.016829 0.000010
0.000010 0.000010 0.000010 0.733845 0.000796 0.000010 0.262678 0.002612 0.000010 0.000010 0.000010
0.000010 0.000010 0.000010 0.999900 0.000010 0.000010 0.000010 0.000010 0.000010 0.000010 0.000010
0.000010 0.000010 0.000010 0.828213 0.000010 0.000010 0.171697 0.000010 0.000010 0.000010 0.000010
0.000010 0.462491 0.000010 0.000010 0.000010 0.000010 0.000010 0.032639 0.000010 0.000010 0.504789
0.000010 0.000010 0.026602 0.014864 0.000010 0.006553 0.002871 0.657082 0.000010 0.000010 0.291977
0.000010 0.999900 0.000010 0.000010 0.000010 0.000010 0.000010 0.000010 0.000010 0.000010 0.000010
0.000010 0.000010 0.000010 0.000010 0.000010 0.000010 0.000010 0.000010 0.000010 0.999900 0.000010
0.000010 0.999900 0.000010 0.000010 0.000010 0.000010 0.000010 0.000010 0.000010 0.000010 0.000010
0.003009 0.000010 0.000010 0.000010 0.041981 0.000010 0.000010 0.385855 0.000010 0.065824 0.503272
0.000010 0.999900 0.000010 0.000010 0.000010 0.000010 0.000010 0.000010 0.000010 0.000010 0.000010
0.000010 0.000010 0.000010 0.000010 0.000010 0.000010 0.000010 0.549263 0.000010 0.279878 0.170779
0.000010 0.000010 0.000010 0.565748 0.000010 0.000010 0.434162 0.000010 0.000010 0.000010 0.000010
0.000010 0.000010 0.000010 0.568518 0.000019 0.000010 0.431383 0.000010 0.000010 0.000010 0.000010
0.000010 0.000010 0.000010 0.926110 0.000010 0.000010 0.073800 0.000010 0.000010 0.000010 0.000010
0.000010 0.999900 0.000010 0.000010 0.000010 0.000010 0.000010 0.000010 0.000010 0.000010 0.000010
0.000010 0.000010 0.000010 0.683762 0.000010 0.000010 0.316148 0.000010 0.000010 0.000010 0.000010
0.080533 0.038602 0.000010 0.000010 0.001261 0.854943 0.000010 0.000010 0.019748 0.004862 0.000010
0.000010 0.000010 0.000010 0.999900 0.000010 0.000010 0.000010 0.000010 0.000010 0.000010 0.000010
0.000010 0.859954 0.048437 0.000010 0.000010 0.018442 0.000010 0.000010 0.073096 0.000010 0.000010
0.000010 0.999900 0.000010 0.000010 0.000010 0.000010 0.000010 0.000010 0.000010 0.000010 0.000010
0.000010 0.894386 0.000010 0.000010 0.000010 0.073604 0.029504 0.000010 0.002436 0.000010 0.000010
0.000010 0.005963 0.000010 0.000010 0.031412 0.000010 0.000010 0.000012 0.000010 0.147505 0.815047
0.000010 0.000010 0.000010 0.000010 0.000010 0.000010 0.000010 0.000010 0.000010 0.999900 0.000010
0.000010 0.000010 0.000010 0.999900 0.000010 0.000010 0.000010 0.000010 0.000010 0.000010 0.000010
0.000010 0.000010 0.000010 0.999900 0.000010 0.000010 0.000010 0.000010 0.000010 0.000010 0.000010
0.123008 0.090621 0.000010 0.000010 0.004356 0.000010 0.000010 0.004608 0.017116 0.748323 0.011926
0.000010 0.000010 0.000423 0.019736 0.000010 0.828039 0.000010 0.000010 0.051125 0.100617 0.000010
0.000010 0.443148 0.000010 0.000010 0.000010 0.000010 0.000010 0.000010 0.000010 0.556762 0.000010
0.000010 0.005295 0.497410 0.000010 0.000010 0.022143 0.000010 0.005175 0.002608 0.044344 0.422985
0.000010 0.000010 0.000010 0.000010 0.000010 0.000010 0.999900 0.000010 0.000010 0.000010 0.000010
0.000010 0.000010 0.000010 0.000010 0.999900 0.000010 0.000010 0.000010 0.000010 0.000010 0.000010
0.014813 0.045522 0.000010 0.000010 0.000010 0.440743 0.019412 0.000010 0.000010 0.479450 0.000010
0.511488 0.000010 0.000010 0.000010 0.000010 0.488422 0.000010 0.000010 0.000010 0.000010 0.000010
0.000010 0.000010 0.000010 0.000010 0.000010 0.999900 0.000010 0.000010 0.000010 0.000010 0.000010
0.057469 0.000010 0.000010 0.000010 0.000010 0.279053 0.000010 0.000010 0.039229 0.624179 0.000010
0.001918 0.074826 0.005892 0.000010 0.027316 0.380806 0.000010 0.000010 0.000010 0.509193 0.000010
0.000010 0.000010 0.000010 0.000010 0.000010 0.467104 0.000010 0.000010 0.000010 0.532806 0.000010
0.000010 0.000010 0.000010 0.000010 0.000010 0.879108 0.016295 0.000010 0.000010 0.104518 0.000010
0.007035 0.161065 0.044207 0.016405 0.027353 0.076983 0.027809 0.566099 0.073024 0.000010 0.000010
0.052988 0.000010 0.000010 0.000010 0.074534 0.000010 0.000010 0.000010 0.000010 0.722191 0.150216
0.000010 0.271291 0.523643 0.000010 0.000010 0.000010 0.031278 0.173719 0.000010 0.000010 0.000010
0.000010 0.000010 0.097745 0.000010 0.000010 0.000010 0.000010 0.569798 0.000010 0.000010 0.332377
0.000010 0.590649 0.000010 0.000010 0.000010 0.000010 0.029669 0.014401 0.000010 0.365211 0.000010
0.464790 0.535120 0.000010 0.000010 0.000010 0.000010 0.000010 0.000010 0.000010 0.000010 0.000010
0.000010 0.000010 0.056133 0.044160 0.012602 0.000010 0.000010 0.353091 0.382159 0.000010 0.151805
0.000010 0.015844 0.048212 0.041546 0.000284 0.185256 0.000010 0.000010 0.606026 0.027186 0.075616
0.000010 0.000010 0.070884 0.000010 0.000010 0.150008 0.029359 0.000010 0.735592 0.000010 0.014098
0.168492 0.132705 0.254390 0.000010 0.000010 0.037365 0.022799 0.240581 0.000010 0.143627 0.000010
0.000010 0.000010 0.060105 0.000010 0.000010 0.135802 0.000010 0.000010 0.770510 0.000010 0.033512
0.000010 0.066971 0.033359 0.000010 0.000010 0.087095 0.000010 0.028633 0.308274 0.456257 0.019373
0.000010 0.008009 0.097257 0.000010 0.000010 0.161905 0.000010 0.002264 0.730505 0.000010 0.000010
0.000010 0.000010 0.000010 0.069374 0.017729 0.432020 0.000010 0.122805 0.237894 0.000010 0.120128
0.025401 0.000010 0.000010 0.000010 0.196476 0.000010 0.000010 0.000010 0.000010 0.336402 0.441652
0.760517 0.011640 0.000010 0.024384 0.015947 0.066633 0.000010 0.000010 0.016859 0.103981 0.000010
0.358244 0.176414 0.000010 0.000010 0.009426 0.040287 0.000010 0.000010 0.000010 0.415569 0.000010
0.000010 0.423163 0.018582 0.000010 0.000010 0.206213 0.012325 0.000010 0.214695 0.000010 0.124972
0.000010 0.411690 0.000010 0.000010 0.000010 0.000010 0.000010 0.000010 0.000010 0.588220 0.000010
0.000010 0.999900 0.000010 0.000010 0.000010 0.000010 0.000010 0.000010 0.000010 0.000010 0.000010
0.000010 0.434523 0.000010 0.000010 0.000010 0.000010 0.000010 0.000010 0.023407 0.541990 0.000010
0.000010 0.260800 0.018319 0.019330 0.000010 0.425219 0.000010 0.011426 0.113550 0.069527 0.081798
0.000010 0.648934 0.005680 0.000010 0.000010 0.000010 0.000010 0.003774 0.028379 0.313172 0.000010
0.000010 0.322041 0.004019 0.002614 0.000010 0.318897 0.030642 0.014469 0.139858 0.096707 0.070734
0.000010 0.000010 0.732107 0.000010 0.000010 0.000010 0.000010 0.267803 0.000010 0.000010 0.000010
0.000010 0.000010 0.352746 0.000010 0.016907 0.000010 0.011056 0.473843 0.000010 0.077232 0.068165
0.032113 0.401188 0.232442 0.000010 0.000010 0.015357 0.000163 0.296291 0.000010 0.022406 0.000010
0.000010 0.000010 0.000010 0.000010 0.999900 0.000010 0.000010 0.000010 0.000010 0.000010 0.000010
0.008264 0.006587 0.401078 0.019432 0.031967 0.065895 0.021225 0.029175 0.063434 0.129137 0.223807
0.501562 0.000010 0.429644 0.024008 0.000010 0.007525 0.000010 0.000010 0.025128 0.000010 0.012083
0.000010 0.000010 0.035590 0.000010 0.000010 0.454893 0.064328 0.000010 0.250441 0.000010 0.194688
0.000010 0.046713 0.516162 0.019820 0.000010 0.000507 0.000010 0.000010 0.000010 0.084062 0.332685
0.000010 0.000010 0.073311 0.000010 0.000010 0.337115 0.085532 0.000010 0.322529 0.017058 0.164404
0.000010 0.000010 0.999900 0.000010 0.000010 0.000010 0.000010 0.000010 0.000010 0.000010 0.000010
0.000010 0.000010 0.999900 0.000010 0.000010 0.000010 0.000010 0.000010 0.000010 0.000010 0.000010
0.000010 0.000010 0.012735 0.028939 0.000010 0.797556 0.013707 0.003042 0.127663 0.000010 0.016318
0.000010 0.000010 0.021065 0.000010 0.000010 0.407142 0.066161 0.000010 0.382361 0.000010 0.123211
0.011728 0.318701 0.064308 0.000010 0.000010 0.045904 0.050618 0.348660 0.080583 0.000010 0.079468
0.000010 0.000010 0.511754 0.009652 0.013378 0.000010 0.010498 0.050743 0.000010 0.000010 0.403926
0.000010 0.000010 0.000010 0.000010 0.000010 0.672955 0.060794 0.000010 0.199810 0.000010 0.066371
0.000010 0.000010 0.028675 0.025678 0.000010 0.605357 0.012749 0.000010 0.196935 0.000010 0.130556
0.000010 0.000010 0.017810 0.048598 0.000010 0.493185 0.000010 0.000010 0.322102 0.000010 0.118246
0.000010 0.271047 0.537354 0.000010 0.000010 0.000010 0.000010 0.191520 0.000010 0.000010 0.000010
0.000010 0.000010 0.037777 0.000010 0.000010 0.492098 0.036469 0.022885 0.293008 0.000010 0.117712
0.000010 0.000010 0.060415 0.000010 0.000010 0.593169 0.000010 0.000010 0.193256 0.000010 0.153090
0.000010 0.019647 0.059925 0.001517 0.000010 0.355856 0.000010 0.020540 0.433161 0.035031 0.074292
0.814878 0.084923 0.000010 0.000010 0.025257 0.014556 0.021854 0.000010 0.000010 0.038482 0.000010
0.000010 0.085485 0.116574 0.000010 0.000931 0.248818 0.000010 0.004939 0.447322 0.070826 0.025076
0.000010 0.035417 0.495186 0.000010 0.000010 0.012731 0.089154 0.000010 0.337325 0.000010 0.030137
0.000010 0.000010 0.000010 0.025057 0.000010 0.676535 0.021618 0.000010 0.145168 0.000010 0.131563
0.000010 0.000010 0.033885 0.021260 0.000010 0.585644 0.002457 0.000010 0.219132 0.000010 0.137573
0.000010 0.000010 0.014527 0.000010 0.000010 0.649177 0.032195 0.000010 0.172778 0.000010 0.131263
0.000010 0.000010 0.999900 0.000010 0.000010 0.000010 0.000010 0.000010 0.000010 0.000010 0.000010
0.960306 0.004000 0.016391 0.000010 0.019233 0.000010 0.000010 0.000010 0.000010 0.000010 0.000010
0.000010 0.884313 0.030025 0.000010 0.000010 0.016250 0.000010 0.000010 0.069342 0.000010 0.000010
0.000010 0.000010 0.000010 0.000010 0.068513 0.000010 0.000010 0.002986 0.000010 0.000010 0.928421
0.000010 0.088889 0.433747 0.000010 0.006509 0.000010 0.017271 0.012968 0.015945 0.424632 0.000010
0.000010 0.000010 0.136296 0.000010 0.000010 0.000010 0.000010 0.863614 0.000010 0.000010 0.000010
0.000010 0.000010 0.000010 0.000010 0.019437 0.000010 0.000010 0.751636 0.000010 0.000010 0.228847
0.000010 0.000010 0.245444 0.000010 0.019408 0.000010 0.000010 0.000010 0.000010 0.311904 0.423174
0.000010 0.000010 0.566513 0.000010 0.000010 0.054206 0.061618 0.000010 0.275627 0.000010 0.041976
0.000010 0.000010 0.365135 0.032304 0.000010 0.003141 0.029616 0.561448 0.008306 0.000010 0.000010
0.000010 0.000010 0.000010 0.010809 0.076856 0.000010 0.000010 0.000010 0.022588 0.343245 0.546442
0.933131 0.000010 0.000010 0.000010 0.023203 0.000010 0.000010 0.000010 0.043586 0.000010 0.000010
0.023152 0.107981 0.065908 0.002342 0.000010 0.028925 0.525424 0.168399 0.026772 0.033664 0.017424
0.000010 0.000010 0.134053 0.000010 0.000010 0.000010 0.000010 0.462030 0.000010 0.000010 0.403837
0.000010 0.000010 0.999891 0.000010 0.000012 0.000010 0.000013 0.000014 0.000010 0.000010 0.000010
0.000010 0.000010 0.224401 0.000010 0.012501 0.000010 0.000010 0.588294 0.000010 0.000010 0.174734
0.000010 0.000010 0.999900 0.000010 0.000010 0.000010 0.000010 0.000010 0.000010 0.000010 0.000010
0.000010 0.000010 0.000010 0.000010 0.000010 0.000010 0.999900 0.000010 0.000010 0.000010 0.000010
0.000010 0.000010 0.556661 0.000010 0.000010 0.000010 0.000010 0.443249 0.000010 0.000010 0.000010
0.000010 0.000010 0.537812 0.000010 0.000010 0.000010 0.000010 0.462098 0.000010 0.000010 0.000010
0.000010 0.000010 0.693754 0.000010 0.000010 0.000010 0.000010 0.306156 0.000010 0.000010 0.000010
0.000010 0.000010 0.000010 0.000010 0.000010 0.000010 0.999900 0.000010 0.000010 0.000010 0.000010
0.000010 0.000010 0.075790 0.000010 0.000010 0.000010 0.924120 0.000010 0.000010 0.000010 0.000010
0.000010 0.000010 0.000010 0.672697 0.000010 0.000010 0.327213 0.000010 0.000010 0.000010 0.000010
0.000010 0.000010 0.000010 0.000010 0.000010 0.000010 0.999900 0.000010 0.000010 0.000010 0.000010
0.000010 0.000010 0.000010 0.000010 0.000010 0.000010 0.999900 0.000010 0.000010 0.000010 0.000010
0.000010 0.000010 0.000010 0.000010 0.000010 0.000010 0.999900 0.000010 0.000010 0.000010 0.000010
0.999900 0.000010 0.000010 0.000010 0.000010 0.000010 0.000010 0.000010 0.000010 0.000010 0.000010
0.109547 0.114963 0.205273 0.003735 0.001187 0.111575 0.052666 0.009570 0.114544 0.000010 0.276931
0.000010 0.933891 0.000010 0.000010 0.000010 0.000010 0.000010 0.000010 0.000010 0.066019 0.000010
0.000010 0.000010 0.000010 0.032466 0.000010 0.639313 0.000010 0.000010 0.156266 0.000010 0.171885
0.000010 0.000010 0.447168 0.000010 0.000010 0.000010 0.000010 0.520629 0.000010 0.000010 0.032123
0.000010 0.000010 0.000010 0.020797 0.034256 0.000010 0.619345 0.003307 0.000010 0.000010 0.322235
0.000010 0.000010 0.000010 0.000010 0.135075 0.000010 0.035450 0.000010 0.000010 0.000010 0.829395
0.000010 0.000010 0.000010 0.000010 0.000010 0.000010 0.000010 0.000010 0.000010 0.999900 0.000010
0.000010 0.000010 0.000010 0.000010 0.000010 0.000010 0.000010 0.000010 0.000010 0.999900 0.000010
0.000010 0.000010 0.000010 0.000010 0.000010 0.000010 0.000010 0.000010 0.999900 0.000010 0.000010
0.000010 0.000010 0.000010 0.000010 0.000010 0.000010 0.000010 0.000010 0.999900 0.000010 0.000010
0.185607 0.136391 0.025762 0.000010 0.000010 0.039817 0.002072 0.000010 0.000010 0.610300 0.000010
0.000010 0.000010 0.000010 0.000010 0.999900 0.000010 0.000010 0.000010 0.000010 0.000010 0.000010
0.000010 0.000010 0.000010 0.913925 0.000010 0.000010 0.085985 0.000010 0.000010 0.000010 0.000010
0.000010 0.041223 0.180606 0.000010 0.000010 0.131075 0.000010 0.349474 0.297561 0.000010 0.000010
0.000010 0.272029 0.000010 0.000010 0.000010 0.365512 0.042658 0.000010 0.116188 0.075596 0.127967
0.054433 0.636328 0.000010 0.000010 0.000010 0.012718 0.007597 0.000010 0.000010 0.288864 0.000010
0.000010 0.740742 0.000010 0.000010 0.000010 0.000010 0.000010 0.000010 0.000010 0.259168 0.000010
0.000010 0.000010 0.999895 0.000010 0.000010 0.000010 0.000010 0.000010 0.000010 0.000015 0.000010
0.058533 0.418744 0.000010 0.000010 0.000010 0.000010 0.000010 0.000010 0.000010 0.522643 0.000010
0.000010 0.000010 0.000010 0.000010 0.000010 0.000010 0.000010 0.000010 0.000010 0.999900 0.000010
0.000010 0.000010 0.000010 0.000010 0.047910 0.000010 0.042291 0.106931 0.000010 0.000010 0.802798
0.000010 0.000010 0.000010 0.000010 0.000010 0.000010 0.000010 0.000010 0.999900 0.000010 0.000010
0.000010 0.000010 0.000010 0.000010 0.000010 0.000010 0.000010 0.000010 0.999900 0.000010 0.000010
0.000010 0.000010 0.000010 0.000010 0.000010 0.000010 0.000010 0.000010 0.999900 0.000010 0.000010
0.189789 0.000010 0.000010 0.000010 0.178355 0.000010 0.000010 0.000010 0.631777 0.000010 0.000010
0.000010 0.000010 0.000011 0.000010 0.000010 0.000010 0.000010 0.999897 0.000010 0.000011 0.000010
0.000010 0.000010 0.999900 0.000010 0.000010 0.000010 0.000010 0.000010 0.000010 0.000010 0.000010
0.000010 0.000010 0.436540 0.052113 0.010617 0.000010 0.030049 0.045824 0.000010 0.000010 0.424807
0.000010 0.000010 0.999896 0.000010 0.000010 0.000012 0.000010 0.000012 0.000010 0.000010 0.000010
0.000013 0.000010 0.999890 0.000010 0.000010 0.000010 0.000010 0.000010 0.000017 0.000010 0.000010
0.000010 0.000010 0.857416 0.142494 0.000010 0.000010 0.000010 0.000010 0.000010 0.000010 0.000010
0.000010 0.000010 0.999900 0.000010 0.000010 0.000010 0.000010 0.000010 0.000010 0.000010 0.000010
0.001825 0.000010 0.055933 0.027533 0.000010 0.000511 0.068021 0.046261 0.577584 0.000010 0.222302
0.000010 0.000010 0.398731 0.000010 0.000010 0.000010 0.092304 0.060156 0.000010 0.000010 0.448739
0.000011 0.000012 0.999894 0.000011 0.000010 0.000010 0.000010 0.000010 0.000012 0.000010 0.000010
0.000010 0.000010 0.000010 0.000010 0.000010 0.000010 0.000010 0.000010 0.000010 0.000010 0.999900
0.000010 0.000010 0.000010 0.000010 0.000010 0.000010 0.000010 0.000010 0.000010 0.000010 0.999900
0.000010 0.000010 0.000010 0.000010 0.000010 0.000010 0.000010 0.000010 0.000010 0.000010 0.999900
0.000010 0.000010 0.999896 0.000014 0.000010 0.000010 0.000010 0.000010 0.000010 0.000010 0.000010
0.000014 0.000011 0.999882 0.000014 0.000010 0.000010 0.000011 0.000010 0.000015 0.000014 0.000010
0.000010 0.135880 0.129856 0.054023 0.021704 0.152412 0.000010 0.007546 0.457315 0.012488 0.028756
0.000010 0.119310 0.121387 0.000010 0.027730 0.224881 0.000010 0.026537 0.419114 0.018606 0.042404
0.025603 0.047616 0.335420 0.000010 0.000010 0.055248 0.000010 0.000010 0.048704 0.040609 0.446760
0.000010 0.000010 0.000010 0.000010 0.999900 0.000010 0.000010 0.000010 0.000010 0.000010 0.000010
0.000010 0.040154 0.116521 0.009150 0.028911 0.067179 0.000010 0.000010 0.720062 0.012973 0.005020
0.000010 0.002225 0.403122 0.008499 0.000010 0.000010 0.079957 0.141098 0.009248 0.000010 0.355810
0.895591 0.000010 0.003935 0.000010 0.000010 0.045049 0.000010 0.000010 0.000010 0.055354 0.000010
0.219323 0.192104 0.017291 0.000010 0.007503 0.550932 0.000010 0.000010 0.000379 0.012428 0.000010
0.000010 0.047283 0.021528 0.000010 0.000010 0.899039 0.015573 0.016518 0.000010 0.000010 0.000010
0.770030 0.135976 0.000010 0.000010 0.006115 0.011354 0.000010 0.000010 0.000010 0.076464 0.000010
0.000010 0.943187 0.000010 0.000010 0.004056 0.000010 0.000010 0.010190 0.000010 0.042497 0.000010
0.547077 0.048934 0.002044 0.000010 0.001350 0.358497 0.000010 0.000010 0.032738 0.002523 0.006807
0.395811 0.002640 0.000010 0.000010 0.000010 0.546998 0.000010 0.000010 0.000010 0.054481 0.000010
0.000010 0.015616 0.000010 0.000010 0.000010 0.961113 0.000010 0.016989 0.000010 0.006212 0.000010
0.000010 0.000010 0.000010 0.000010 0.000010 0.000010 0.000010 0.999900 0.000010 0.000010 0.000010
0.000010 0.000010 0.000010 0.000010 0.000010 0.999900 0.000010 0.000010 0.000010 0.000010 0.000010
0.000010 0.000010 0.110303 0.000010 0.000010 0.000012 0.000010 0.889604 0.000010 0.000010 0.000010
0.000010 0.000010 0.000010 0.000010 0.000010 0.999900 0.000010 0.000010 0.000010 0.000010 0.000010
0.000010 0.000010 0.000010 0.999900 0.000010 0.000010 0.000010 0.000010 0.000010 0.000010 0.000010
0.000010 0.000010 0.028511 0.870816 0.013234 0.000010 0.069761 0.017618 0.000010 0.000010 0.000010
0.000010 0.000010 0.000010 0.999900 0.000010 0.000010 0.000010 0.000010 0.000010 0.000010 0.000010
0.000010 0.000010 0.492598 0.000010 0.000010 0.001655 0.039869 0.002933 0.338697 0.000010 0.124198
0.000010 0.000010 0.083419 0.000010 0.006885 0.000010 0.000010 0.430562 0.000010 0.168194 0.310880
0.857334 0.004351 0.016753 0.005468 0.000010 0.000010 0.000010 0.000010 0.018349 0.097695 0.000010
0.000010 0.000010 0.711041 0.000010 0.000010 0.000010 0.000010 0.288869 0.000010 0.000010 0.000010
0.608553 0.183017 0.000010 0.000010 0.000010 0.131855 0.000010 0.000010 0.000010 0.076505 0.000010
0.420053 0.524541 0.000150 0.001120 0.007225 0.033409 0.000010 0.003676 0.009795 0.000010 0.000010
0.967083 0.008741 0.000010 0.000010 0.000010 0.000010 0.000010 0.000010 0.000010 0.024096 0.000010
0.000010 0.000010 0.000010 0.769479 0.000010 0.000010 0.230431 0.000010 0.000010 0.000010 0.000010
0.000010 0.000010 0.000010 0.636137 0.000010 0.000010 0.363773 0.000010 0.000010 0.000010 0.000010
0.399573 0.000010 0.000010 0.027565 0.028766 0.011462 0.010276 0.072130 0.006581 0.078182 0.365446
0.000010 0.999900 0.000010 0.000010 0.000010 0.000010 0.000010 0.000010 0.000010 0.000010 0.000010
0.999900 0.000010 0.000010 0.000010 0.000010 0.000010 0.000010 0.000010 0.000010 0.000010 0.000010
0.000010 0.952956 0.032876 0.000010 0.001274 0.000010 0.000010 0.012824 0.000010 0.000010 0.000010
0.000010 0.991890 0.000010 0.000010 0.000010 0.000010 0.000010 0.000010 0.008020 0.000010 0.000010
0.908268 0.000010 0.000010 0.000010 0.008820 0.000010 0.000010 0.000010 0.000010 0.076133 0.006709
0.000010 0.999900 0.000010 0.000010 0.000010 0.000010 0.000010 0.000010 0.000010 0.000010 0.000010
0.000010 0.000010 0.000010 0.000010 0.035196 0.000010 0.000010 0.117345 0.000010 0.000010 0.847379
0.000010 0.000010 0.000010 0.000010 0.043432 0.000010 0.000010 0.097243 0.000010 0.000010 0.859245
0.000010 0.000010 0.000010 0.000010 0.000010 0.999900 0.000010 0.000010 0.000010 0.000010 0.000010
0.999900 0.000010 0.000010 0.000010 0.000010 0.000010 0.000010 0.000010 0.000010 0.000010 0.000010
0.985896 0.000010 0.000010 0.014014 0.000010 0.000010 0.000010 0.000010 0.000010 0.000010 0.000010
0.000010 0.000010 0.000010 0.000010 0.000010 0.999900 0.000010 0.000010 0.000010 0.000010 0.000010
0.000010 0.999900 0.000010 0.000010 0.000010 0.000010 0.000010 0.000010 0.000010 0.000010 0.000010
0.000010 0.000010 0.000010 0.000010 0.000010 0.999900 0.000010 0.000010 0.000010 0.000010 0.000010
0.000010 0.000010 0.000010 0.000010 0.000010 0.999900 0.000010 0.000010 0.000010 0.000010 0.000010
0.000010 0.508895 0.000010 0.000010 0.000010 0.491015 0.000010 0.000010 0.000010 0.000010 0.000010
0.033047 0.547491 0.000010 0.000010 0.000010 0.393907 0.000010 0.000010 0.025485 0.000010 0.000010
0.000010 0.000010 0.030984 0.000010 0.000010 0.968926 0.000010 0.000010 0.000010 0.000010 0.000010
0.979415 0.000010 0.000010 0.000010 0.000010 0.000010 0.000010 0.000010 0.000010 0.020495 0.000010
0.000010 0.000010 0.000010 0.000010 0.000010 0.999900 0.000010 0.000010 0.000010 0.000010 0.000010
0.000010 0.000010 0.000010 0.464030 0.000010 0.000010 0.535880 0.000010 0.000010 0.000010 0.000010
0.000010 0.000010 0.000010 0.479672 0.000010 0.000010 0.520238 0.000010 0.000010 0.000010 0.000010
0.000010 0.000010 0.000010 0.482613 0.000010 0.000010 0.514081 0.003227 0.000010 0.000010 0.000010
0.000010 0.000010 0.000010 0.448828 0.000010 0.000010 0.551082 0.000010 0.000010 0.000010 0.000010
