0.999900 0.000010 0.000010 0.000010 0.000010 0.000010 0.000010 0.000010 0.000010 0.000010 0.000010
0.975569 0.000010 0.000010 0.000010 0.024341 0.000010 0.000010 0.000010 0.000010 0.000010 0.000010
0.999900 0.000010 0.000010 0.000010 0.000010 0.000010 0.000010 0.000010 0.000010 0.000010 0.000010
0.983399 0.000010 0.000010 0.000010 0.000010 0.000010 0.000010 0.011420 0.005100 0.000010 0.000010
0.994338 0.000010 0.000010 0.000010 0.000010 0.000010 0.000010 0.000010 0.000010 0.000010 0.005572
0.999900 0.000010 0.000010 0.000010 0.000010 0.000010 0.000010 0.000010 0.000010 0.000010 0.000010
0.999900 0.000010 0.000010 0.000010 0.000010 0.000010 0.000010 0.000010 0.000010 0.000010 0.000010
0.000010 0.015179 0.003094 0.000010 0.078429 0.000010 0.000010 0.000010 0.070001 0.179400 0.653847
0.000010 0.000010 0.000010 0.000010 0.000010 0.000010 0.000010 0.000010 0.000010 0.000010 0.999900
0.000010 0.000010 0.033092 0.000010 0.216729 0.000010 0.000010 0.000010 0.110338 0.274696 0.365084
0.000010 0.000010 0.000010 0.000010 0.000010 0.000010 0.000010 0.000010 0.000010 0.000010 0.999900
0.000010 0.000010 0.000010 0.000010 0.000010 0.000010 0.999900 0.000010 0.000010 0.000010 0.000010
0.000010 0.000010 0.000010 0.000010 0.000010 0.000010 0.999900 0.000010 0.000010 0.000010 0.000010
0.000010 0.000010 0.947700 0.000010 0.000010 0.000010 0.000010 0.000010 0.052210 0.000010 0.000010
0.000010 0.000010 0.000010 0.000010 0.000010 0.000010 0.999900 0.000010 0.000010 0.000010 0.000010
0.000010 0.000010 0.000010 0.000010 0.000010 0.000010 0.999900 0.000010 0.000010 0.000010 0.000010
0.000010 0.006104 0.028894 0.000010 0.046349 0.000010 0.000010 0.000010 0.020745 0.862214 0.035644
0.000010 0.000010 0.000010 0.000010 0.000010 0.000010 0.999900 0.000010 0.000010 0.000010 0.000010
0.000010 0.000010 0.025284 0.000010 0.051666 0.046690 0.000010 0.000010 0.055541 0.820759 0.000010
0.000010 0.000010 0.999900 0.000010 0.000010 0.000010 0.000010 0.000010 0.000010 0.000010 0.000010
0.960906 0.000010 0.017385 0.000010 0.000010 0.000010 0.000010 0.021629 0.000010 0.000010 0.000010
0.000010 0.000010 0.000010 0.000010 0.000010 0.000010 0.999900 0.000010 0.000010 0.000010 0.000010
0.000010 0.000010 0.000010 0.000010 0.000010 0.000010 0.999900 0.000010 0.000010 0.000010 0.000010
0.999900 0.000010 0.000010 0.000010 0.000010 0.000010 0.000010 0.000010 0.000010 0.000010 0.000010
0.001332 0.000010 0.022308 0.012115 0.038533 0.005411 0.039927 0.019273 0.037379 0.766924 0.056788
0.000010 0.000010 0.000010 0.052283 0.330078 0.000010 0.000010 0.000010 0.058516 0.079878 0.479185
0.947257 0.013479 0.004020 0.000010 0.000010 0.000010 0.000010 0.000010 0.000010 0.016587 0.018598
0.922259 0.000010 0.000010 0.000010 0.010622 0.012646 0.003126 0.000010 0.000010 0.039699 0.011597
0.000010 0.000010 0.000010 0.000010 0.000010 0.000010 0.000010 0.000010 0.000010 0.000010 0.999900
0.000010 0.000010 0.000010 0.000010 0.000010 0.000010 0.000010 0.000010 0.000010 0.000010 0.999900
0.000010 0.000010 0.000010 0.000010 0.000010 0.000010 0.999900 0.000010 0.000010 0.000010 0.000010
0.000310 0.022621 0.008038 0.000010 0.054597 0.027232 0.000010 0.012269 0.000010 0.322823 0.552080
0.000010 0.000010 0.000010 0.000010 0.000010 0.999900 0.000010 0.000010 0.000010 0.000010 0.000010
0.000010 0.000010 0.000010 0.000010 0.000010 0.000010 0.999900 0.000010 0.000010 0.000010 0.000010
0.000010 0.999900 0.000010 0.000010 0.000010 0.000010 0.000010 0.000010 0.000010 0.000010 0.000010
0.000010 0.000010 0.000010 0.000010 0.000010 0.000010 0.999900 0.000010 0.000010 0.000010 0.000010
0.000010 0.000010 0.000010 0.000010 0.000010 0.000010 0.999900 0.000010 0.000010 0.000010 0.000010
0.000010 0.000010 0.036785 0.206618 0.048645 0.000010 0.000010 0.000010 0.068231 0.639660 0.000010
0.904406 0.000010 0.016843 0.000010 0.011441 0.000010 0.000010 0.016570 0.000010 0.008925 0.041765
0.966757 0.011611 0.000010 0.000010 0.000010 0.000010 0.016461 0.000010 0.000010 0.005100 0.000010
0.999719 0.000010 0.000191 0.000010 0.000010 0.000010 0.000010 0.000010 0.000010 0.000010 0.000010
0.927401 0.000010 0.000010 0.000010 0.032754 0.000010 0.000010 0.000010 0.000010 0.039765 0.000010
0.944538 0.000010 0.001249 0.000010 0.008139 0.046004 0.000010 0.000010 0.000010 0.000010 0.000010
0.982879 0.000010 0.000010 0.000010 0.000011 0.000010 0.007044 0.000010 0.000010 0.006676 0.003330
0.512323 0.000010 0.005758 0.004498 0.028227 0.000010 0.006736 0.011205 0.000010 0.431214 0.000010
0.000010 0.000010 0.000010 0.000010 0.000010 0.000010 0.999900 0.000010 0.000010 0.000010 0.000010
0.000010 0.000010 0.000010 0.000010 0.000010 0.009891 0.990019 0.000010 0.000010 0.000010 0.000010
0.000010 0.001641 0.000010 0.038108 0.000010 0.005252 0.954930 0.000010 0.000010 0.000010 0.000010
0.000010 0.000010 0.000010 0.000010 0.000010 0.000010 0.999900 0.000010 0.000010 0.000010 0.000010
0.000010 0.001327 0.000010 0.000010 0.000010 0.000010 0.998583 0.000010 0.000010 0.000010 0.000010
0.000010 0.000010 0.028879 0.022309 0.000010 0.000010 0.948731 0.000010 0.000010 0.000010 0.000010
0.000010 0.000010 0.029605 0.000010 0.000010 0.000010 0.970305 0.000010 0.000010 0.000010 0.000010
0.999900 0.000010 0.000010 0.000010 0.000010 0.000010 0.000010 0.000010 0.000010 0.000010 0.000010
0.138239 0.005373 0.125080 0.268979 0.039053 0.033152 0.010763 0.037349 0.026421 0.057180 0.258410
0.999900 0.000010 0.000010 0.000010 0.000010 0.000010 0.000010 0.000010 0.000010 0.000010 0.000010
0.965506 0.000010 0.000010 0.000010 0.000010 0.000010 0.000010 0.034404 0.000010 0.000010 0.000010
0.906979 0.000010 0.000010 0.000010 0.000010 0.000010 0.000010 0.000010 0.000010 0.009732 0.083209
0.999674 0.000227 0.000010 0.000010 0.000010 0.000010 0.000010 0.000019 0.000010 0.000010 0.000010
0.000010 0.000010 0.002199 0.000010 0.000010 0.000010 0.997711 0.000010 0.000010 0.000010 0.000010
0.000010 0.000010 0.000010 0.000010 0.000010 0.000010 0.999900 0.000010 0.000010 0.000010 0.000010
0.000010 0.000010 0.053813 0.000013 0.000010 0.000010 0.917942 0.005232 0.022940 0.000010 0.000010
0.000010 0.000010 0.000010 0.000010 0.000010 0.000010 0.999900 0.000010 0.000010 0.000010 0.000010
0.000010 0.055154 0.000010 0.125436 0.000010 0.803648 0.003863 0.000010 0.000010 0.000010 0.011840
0.999900 0.000010 0.000010 0.000010 0.000010 0.000010 0.000010 0.000010 0.000010 0.000010 0.000010
0.999900 0.000010 0.000010 0.000010 0.000010 0.000010 0.000010 0.000010 0.000010 0.000010 0.000010
0.128597 0.021145 0.063616 0.178418 0.036910 0.000010 0.018069 0.049277 0.025642 0.059889 0.418429
0.000010 0.792785 0.000010 0.000010 0.000010 0.207125 0.000010 0.000010 0.000010 0.000010 0.000010
0.000010 0.000010 0.376956 0.000010 0.000010 0.000010 0.000010 0.000010 0.622954 0.000010 0.000010
0.000010 0.000010 0.050434 0.000010 0.000010 0.000010 0.942862 0.000010 0.006624 0.000010 0.000010
0.000010 0.000010 0.070080 0.000010 0.000010 0.000010 0.929830 0.000010 0.000010 0.000010 0.000010
0.000010 0.000010 0.000010 0.000010 0.000010 0.000010 0.000010 0.000010 0.000010 0.905678 0.094232
0.000010 0.000010 0.003419 0.000010 0.000010 0.000010 0.996491 0.000010 0.000010 0.000010 0.000010
0.000010 0.000010 0.000010 0.000010 0.000010 0.000010 0.999900 0.000010 0.000010 0.000010 0.000010
0.000010 0.000010 0.000010 0.000010 0.000010 0.000010 0.999900 0.000010 0.000010 0.000010 0.000010
0.000010 0.000010 0.000010 0.000010 0.000010 0.625238 0.000010 0.000010 0.018221 0.000010 0.356461
0.000010 0.612135 0.000010 0.040155 0.000010 0.254403 0.000010 0.000010 0.093238 0.000010 0.000010
0.000010 0.000010 0.000010 0.000010 0.030704 0.000010 0.000010 0.000010 0.013686 0.123913 0.831627
0.035980 0.000010 0.000010 0.000010 0.000010 0.000010 0.000010 0.054098 0.000010 0.000010 0.909842
0.000010 0.000010 0.000010 0.000010 0.044782 0.000010 0.000010 0.000010 0.025164 0.059064 0.870921
0.000010 0.357422 0.000010 0.215511 0.000010 0.334405 0.000010 0.089209 0.000010 0.000010 0.003393
0.000010 0.000010 0.001440 0.000010 0.044588 0.000010 0.000010 0.000010 0.000010 0.088135 0.865767
0.000010 0.481531 0.000010 0.000010 0.000010 0.279163 0.000010 0.000010 0.008650 0.000010 0.230586
0.000010 0.000010 0.000010 0.000010 0.000010 0.000010 0.999900 0.000010 0.000010 0.000010 0.000010
0.000010 0.000010 0.000010 0.000010 0.000010 0.000010 0.999900 0.000010 0.000010 0.000010 0.000010
0.000010 0.004435 0.000010 0.000010 0.000010 0.000010 0.995475 0.000010 0.000010 0.000010 0.000010
0.000010 0.000010 0.000010 0.000010 0.000010 0.000010 0.000010 0.000010 0.999900 0.000010 0.000010
0.000010 0.000010 0.021613 0.000010 0.000010 0.000010 0.000010 0.000010 0.014000 0.116134 0.848183
0.000010 0.000010 0.000010 0.000010 0.000010 0.000010 0.999900 0.000010 0.000010 0.000010 0.000010
0.067014 0.000010 0.000010 0.000010 0.013510 0.000010 0.000010 0.023207 0.000010 0.867556 0.028653
0.000010 0.000010 0.000769 0.000010 0.000010 0.000010 0.999141 0.000010 0.000010 0.000010 0.000010
0.000010 0.008091 0.031639 0.000010 0.077465 0.000010 0.000010 0.009226 0.057710 0.170994 0.644834
0.000010 0.000010 0.000010 0.003625 0.033898 0.000010 0.000010 0.000010 0.009695 0.116087 0.836634
0.000010 0.012858 0.000010 0.000010 0.038328 0.000010 0.015015 0.000010 0.016592 0.178961 0.738196
0.000010 0.000010 0.000010 0.095816 0.000010 0.798809 0.000010 0.057144 0.000010 0.000010 0.048161
0.063957 0.000010 0.000010 0.000010 0.000010 0.012559 0.000010 0.032320 0.000010 0.000010 0.891095
0.000010 0.000010 0.000010 0.000010 0.000010 0.000010 0.999900 0.000010 0.000010 0.000010 0.000010
0.000010 0.000010 0.037945 0.000010 0.000010 0.000010 0.961965 0.000010 0.000010 0.000010 0.000010
0.135009 0.000010 0.000010 0.025111 0.004545 0.014358 0.000010 0.025405 0.001281 0.000010 0.794251
0.000010 0.000010 0.009600 0.000010 0.029268 0.002004 0.000010 0.000010 0.017976 0.845941 0.095161
0.000010 0.000010 0.000010 0.000010 0.000010 0.018900 0.000010 0.000010 0.000010 0.000010 0.981010
0.000010 0.000010 0.471409 0.000010 0.000010 0.495021 0.000010 0.000010 0.033490 0.000010 0.000010
0.000010 0.000010 0.023328 0.087975 0.000010 0.000010 0.888617 0.000010 0.000010 0.000010 0.000010
0.000010 0.000010 0.000010 0.000010 0.000010 0.000010 0.000010 0.999900 0.000010 0.000010 0.000010
0.039204 0.000010 0.000010 0.000010 0.000010 0.026484 0.014515 0.000010 0.000010 0.404764 0.514974
0.508163 0.000010 0.000010 0.000010 0.000010 0.000010 0.000010 0.000010 0.000010 0.491747 0.000010
0.000010 0.000010 0.000010 0.000010 0.000010 0.000010 0.000010 0.000010 0.000010 0.999900 0.000010
0.096303 0.000010 0.000010 0.003434 0.036120 0.002945 0.000010 0.013520 0.000010 0.244007 0.603631
0.000010 0.000010 0.007560 0.000010 0.000010 0.002983 0.000010 0.063242 0.000010 0.373747 0.552407
0.000010 0.000010 0.000010 0.010817 0.005172 0.009483 0.000010 0.011851 0.000010 0.427734 0.534893
0.000010 0.000010 0.006948 0.000010 0.000010 0.000010 0.004418 0.001466 0.000010 0.880089 0.107020
0.008640 0.538817 0.048065 0.000010 0.055639 0.057196 0.035033 0.025393 0.022599 0.105281 0.103327
0.036058 0.000010 0.000010 0.003190 0.000010 0.126788 0.000010 0.140122 0.000010 0.000010 0.693783
0.000010 0.184412 0.532134 0.000010 0.006646 0.000010 0.015406 0.000010 0.020876 0.001529 0.238957
0.000010 0.485558 0.063714 0.000010 0.000010 0.450649 0.000010 0.000010 0.000010 0.000010 0.000010
0.000010 0.017688 0.008691 0.000010 0.003456 0.023940 0.026285 0.000010 0.000010 0.044418 0.875482
0.473946 0.000010 0.000010 0.000010 0.023882 0.000010 0.002351 0.000010 0.000010 0.048178 0.451584
0.000010 0.329181 0.069041 0.208972 0.362343 0.000010 0.016465 0.000010 0.013947 0.000010 0.000010
0.000010 0.000010 0.026163 0.091051 0.497212 0.009465 0.020229 0.005973 0.088779 0.230243 0.030864
0.000010 0.000010 0.058151 0.077762 0.580176 0.000010 0.000010 0.000010 0.084471 0.199380 0.000010
0.172437 0.230136 0.268142 0.018504 0.000010 0.000010 0.010592 0.005006 0.000010 0.046443 0.248710
0.000010 0.000010 0.015619 0.090757 0.594842 0.000016 0.000010 0.000010 0.116996 0.181720 0.000010
0.000010 0.016662 0.011636 0.041921 0.235296 0.000010 0.000010 0.000010 0.067570 0.100596 0.526278
0.000010 0.000010 0.054927 0.049218 0.591725 0.000010 0.000010 0.000010 0.104137 0.199933 0.000010
0.000010 0.117018 0.000010 0.170653 0.179890 0.000010 0.015815 0.024390 0.060740 0.431454 0.000010
0.000010 0.000010 0.000010 0.124388 0.000010 0.319502 0.000010 0.315775 0.000010 0.000010 0.240266
0.762641 0.000010 0.000010 0.024913 0.006937 0.000010 0.000232 0.018538 0.009510 0.058905 0.118293
0.359659 0.000010 0.000010 0.000010 0.000010 0.000010 0.000010 0.023214 0.000010 0.038957 0.578100
0.000010 0.000010 0.009883 0.161597 0.161706 0.000010 0.000010 0.000010 0.051294 0.256593 0.358877
0.000010 0.000010 0.000010 0.000010 0.000010 0.000010 0.000010 0.000010 0.000010 0.000010 0.999900
0.000010 0.000383 0.000010 0.000010 0.009320 0.000010 0.000010 0.000010 0.000010 0.056842 0.933385
0.002389 0.000010 0.000010 0.000010 0.040735 0.006378 0.000010 0.015677 0.000010 0.009908 0.924862
0.000010 0.000010 0.000010 0.144342 0.061247 0.000010 0.000010 0.000010 0.077566 0.430508 0.286277
0.006907 0.013900 0.015445 0.000010 0.067060 0.000010 0.000010 0.000010 0.000010 0.000982 0.895655
0.000010 0.009767 0.000010 0.107548 0.067169 0.000010 0.000010 0.000010 0.096120 0.338027 0.381319
0.000010 0.000010 0.124349 0.000010 0.000010 0.095244 0.000010 0.000010 0.780327 0.000010 0.000010
0.000010 0.000010 0.000010 0.000010 0.000010 0.999900 0.000010 0.000010 0.000010 0.000010 0.000010
0.000010 0.269078 0.730832 0.000010 0.000010 0.000010 0.000010 0.000010 0.000010 0.000010 0.000010
0.000010 0.449802 0.371088 0.000010 0.000010 0.108874 0.000010 0.031594 0.000010 0.000010 0.038582
0.042421 0.291901 0.242266 0.000010 0.000010 0.000010 0.000010 0.000010 0.000010 0.060394 0.362957
0.000010 0.000010 0.000010 0.000010 0.000010 0.000010 0.000010 0.999900 0.000010 0.000010 0.000010
0.000010 0.024930 0.375513 0.049586 0.043854 0.175019 0.042810 0.061577 0.049379 0.065715 0.111607
0.487382 0.000010 0.415984 0.000010 0.015222 0.053645 0.005331 0.000010 0.022387 0.000010 0.000010
0.000010 0.000010 0.025179 0.258079 0.128792 0.000010 0.000010 0.000010 0.132647 0.455245 0.000010
0.000010 0.000010 0.501130 0.037138 0.008352 0.324837 0.024395 0.000010 0.000010 0.001829 0.102279
0.000010 0.000010 0.034828 0.219125 0.188022 0.000010 0.032718 0.000010 0.142924 0.355463 0.026880
0.000010 0.000010 0.999900 0.000010 0.000010 0.000010 0.000010 0.000010 0.000010 0.000010 0.000010
0.000010 0.000010 0.999893 0.000017 0.000010 0.000010 0.000010 0.000010 0.000010 0.000010 0.000010
0.000010 0.006312 0.000010 0.018495 0.067193 0.013498 0.024787 0.000010 0.072843 0.796833 0.000010
0.000010 0.000010 0.028771 0.177883 0.263769 0.001806 0.003951 0.000010 0.086941 0.436839 0.000010
0.017315 0.358888 0.031453 0.021045 0.021478 0.046446 0.000010 0.000010 0.149643 0.088448 0.265265
0.000010 0.029305 0.542047 0.412351 0.000010 0.016226 0.000010 0.000010 0.000010 0.000010 0.000010
0.000010 0.000010 0.000010 0.194350 0.068468 0.000010 0.000010 0.000010 0.082432 0.654679 0.000010
0.000010 0.000010 0.000012 0.210870 0.082726 0.000010 0.000010 0.000010 0.121271 0.585062 0.000010
0.000010 0.000010 0.035678 0.182536 0.230524 0.000010 0.000010 0.000010 0.048768 0.502435 0.000010
0.000010 0.185794 0.536144 0.000010 0.007251 0.000010 0.000010 0.000010 0.006352 0.040072 0.224337
0.000010 0.000010 0.036504 0.196015 0.187454 0.000010 0.000010 0.000010 0.076922 0.503044 0.000010
0.000010 0.000010 0.030244 0.199577 0.090016 0.000010 0.000010 0.000010 0.089567 0.590537 0.000010
0.000010 0.014677 0.043355 0.114233 0.345896 0.000010 0.000010 0.000010 0.061233 0.368015 0.052550
0.815724 0.000010 0.012817 0.000010 0.000010 0.000010 0.000010 0.044611 0.000010 0.023462 0.103326
0.000010 0.000010 0.080707 0.056984 0.315942 0.000010 0.000010 0.035670 0.110222 0.290702 0.109734
0.000010 0.000010 0.000010 0.000010 0.000010 0.000010 0.000010 0.000010 0.999900 0.000010 0.000010
0.000010 0.000010 0.000010 0.181558 0.026494 0.000010 0.000010 0.000010 0.116658 0.675219 0.000010
0.000010 0.000010 0.001865 0.184680 0.108545 0.000010 0.000010 0.000010 0.118841 0.586009 0.000010
0.000010 0.000010 0.000010 0.207234 0.046609 0.000010 0.000010 0.000010 0.127297 0.618790 0.000010
0.000010 0.000010 0.999900 0.000010 0.000010 0.000010 0.000010 0.000010 0.000010 0.000010 0.000010
0.957353 0.000010 0.013808 0.000010 0.000010 0.003155 0.000010 0.025614 0.000010 0.000010 0.000010
0.000010 0.000010 0.000010 0.001204 0.056644 0.000010 0.000010 0.000010 0.082268 0.135493 0.724331
0.000010 0.000010 0.000010 0.999900 0.000010 0.000010 0.000010 0.000010 0.000010 0.000010 0.000010
0.000010 0.007121 0.436990 0.000010 0.026635 0.019018 0.000010 0.022183 0.000010 0.000010 0.488003
0.000010 0.853182 0.146728 0.000010 0.000010 0.000010 0.000010 0.000010 0.000010 0.000010 0.000010
0.000010 0.739947 0.000010 0.258151 0.000014 0.001817 0.000010 0.000010 0.000010 0.000010 0.000010
0.000010 0.000010 0.240067 0.010048 0.000010 0.432222 0.000010 0.041479 0.000010 0.000010 0.276124
0.000010 0.000010 0.235123 0.000010 0.000010 0.000010 0.000010 0.000010 0.764787 0.000010 0.000010
0.000010 0.548574 0.354946 0.000010 0.000010 0.000010 0.060526 0.000010 0.027220 0.008673 0.000010
0.000010 0.000010 0.000010 0.137948 0.029976 0.443587 0.005015 0.123104 0.000010 0.000010 0.260321
0.929380 0.000010 0.000010 0.000010 0.037373 0.000010 0.000010 0.033168 0.000010 0.000010 0.000010
0.011794 0.172465 0.020570 0.003395 0.000010 0.000010 0.517281 0.007096 0.112667 0.020255 0.134458
0.000010 0.363014 0.086312 0.000010 0.000010 0.550595 0.000010 0.000010 0.000010 0.000010 0.000010
0.000010 0.000010 0.999900 0.000010 0.000010 0.000010 0.000010 0.000010 0.000010 0.000010 0.000010
0.000010 0.563396 0.228207 0.097072 0.000010 0.102280 0.000010 0.008985 0.000010 0.000010 0.000010
0.000010 0.000010 0.978657 0.000010 0.000010 0.000010 0.000010 0.000010 0.021253 0.000010 0.000010
0.000010 0.013687 0.000010 0.000010 0.000010 0.000010 0.986223 0.000010 0.000010 0.000010 0.000010
0.000010 0.419650 0.510629 0.000010 0.000010 0.000010 0.000010 0.000010 0.069641 0.000010 0.000010
0.000010 0.454477 0.545433 0.000010 0.000010 0.000010 0.000010 0.000010 0.000010 0.000010 0.000010
0.000010 0.304993 0.694917 0.000010 0.000010 0.000010 0.000010 0.000010 0.000010 0.000010 0.000010
0.000010 0.000010 0.011591 0.000010 0.000010 0.000010 0.988319 0.000010 0.000010 0.000010 0.000010
0.000010 0.000010 0.197133 0.000010 0.000010 0.000010 0.792757 0.010030 0.000010 0.000010 0.000010
0.000010 0.000010 0.000010 0.000010 0.000010 0.000010 0.999900 0.000010 0.000010 0.000010 0.000010
0.000010 0.018933 0.038475 0.000010 0.000010 0.000010 0.942512 0.000010 0.000010 0.000010 0.000010
0.000010 0.000010 0.023272 0.000010 0.000010 0.000010 0.974147 0.000010 0.002501 0.000010 0.000010
0.000010 0.000010 0.016952 0.000010 0.000010 0.000010 0.982958 0.000010 0.000010 0.000010 0.000010
0.999900 0.000010 0.000010 0.000010 0.000010 0.000010 0.000010 0.000010 0.000010 0.000010 0.000010
0.117369 0.000010 0.122266 0.273953 0.003953 0.000011 0.008325 0.000010 0.252988 0.113621 0.107493
0.008193 0.000010 0.000010 0.000010 0.000010 0.000010 0.000010 0.000010 0.043593 0.044320 0.903824
0.000010 0.000010 0.000010 0.225578 0.084189 0.000010 0.000010 0.000010 0.067245 0.622919 0.000010
0.000010 0.494336 0.455090 0.050494 0.000010 0.000010 0.000010 0.000010 0.000010 0.000010 0.000010
0.000010 0.000010 0.000010 0.358350 0.000010 0.012134 0.629436 0.000010 0.000010 0.000010 0.000010
0.000010 0.000010 0.000010 0.999900 0.000010 0.000010 0.000010 0.000010 0.000010 0.000010 0.000010
0.052472 0.000010 0.014063 0.000010 0.000010 0.036232 0.000010 0.012349 0.005596 0.000010 0.879238
0.000010 0.000010 0.000010 0.000010 0.000010 0.000010 0.000010 0.000010 0.031434 0.000010 0.968476
0.000010 0.000010 0.000010 0.000010 0.999900 0.000010 0.000010 0.000010 0.000010 0.000010 0.000010
0.000010 0.000010 0.000010 0.000010 0.999900 0.000010 0.000010 0.000010 0.000010 0.000010 0.000010
0.212706 0.000010 0.016894 0.000010 0.000010 0.029970 0.000010 0.000010 0.010208 0.016587 0.713584
0.000010 0.000010 0.000010 0.000010 0.000010 0.000010 0.000010 0.000010 0.999900 0.000010 0.000010
0.000010 0.000010 0.018081 0.000010 0.000010 0.000010 0.981829 0.000010 0.000010 0.000010 0.000010
0.000010 0.343770 0.156442 0.000010 0.232522 0.000010 0.000010 0.000010 0.072885 0.164015 0.030316
0.000010 0.000010 0.000010 0.174220 0.037891 0.000010 0.000010 0.000010 0.090053 0.373896 0.323880
0.055914 0.000010 0.000010 0.000010 0.024398 0.000205 0.000010 0.000010 0.004243 0.073627 0.841563
0.000010 0.000010 0.000010 0.000019 0.000010 0.002559 0.000010 0.000010 0.000010 0.083389 0.913963
0.000010 0.000010 0.999900 0.000010 0.000010 0.000010 0.000010 0.000010 0.000010 0.000010 0.000010
0.085797 0.000010 0.000010 0.000010 0.000010 0.000010 0.000010 0.000010 0.000010 0.000010 0.914113
0.080296 0.000010 0.000010 0.000010 0.000010 0.013980 0.000010 0.016786 0.000010 0.000010 0.888868
0.000010 0.000010 0.000010 0.999900 0.000010 0.000010 0.000010 0.000010 0.000010 0.000010 0.000010
0.000010 0.000010 0.000010 0.000010 0.999900 0.000010 0.000010 0.000010 0.000010 0.000010 0.000010
0.000010 0.000010 0.000010 0.000010 0.999900 0.000010 0.000010 0.000010 0.000010 0.000010 0.000010
0.000010 0.000010 0.000010 0.000010 0.999900 0.000010 0.000010 0.000010 0.000010 0.000010 0.000010
0.000010 0.000010 0.000010 0.000010 0.627415 0.000010 0.000010 0.372495 0.000010 0.000010 0.000010
0.000010 0.916404 0.000010 0.000010 0.000010 0.000010 0.000010 0.000010 0.083506 0.000010 0.000010
0.000010 0.000010 0.999900 0.000010 0.000010 0.000010 0.000010 0.000010 0.000010 0.000010 0.000010
0.000010 0.017082 0.473104 0.409618 0.000010 0.057446 0.042691 0.000010 0.000010 0.000010 0.000010
0.000010 0.000010 0.999900 0.000010 0.000010 0.000010 0.000010 0.000010 0.000010 0.000010 0.000010
0.000010 0.000010 0.999900 0.000010 0.000010 0.000010 0.000010 0.000010 0.000010 0.000010 0.000010
0.000010 0.000010 0.828574 0.000010 0.000010 0.000010 0.147955 0.000010 0.023391 0.000010 0.000010
0.000010 0.000010 0.999900 0.000010 0.000010 0.000010 0.000010 0.000010 0.000010 0.000010 0.000010
0.000010 0.035292 0.011936 0.184064 0.513231 0.050588 0.068897 0.000010 0.135951 0.000010 0.000010
0.000010 0.040555 0.453923 0.451447 0.000010 0.030517 0.023498 0.000010 0.000010 0.000010 0.000010
0.000010 0.000010 0.999900 0.000010 0.000010 0.000010 0.000010 0.000010 0.000010 0.000010 0.000010
0.000010 0.043842 0.000010 0.181829 0.000010 0.774249 0.000010 0.000010 0.000010 0.000010 0.000010
0.000010 0.000010 0.000010 0.000010 0.000010 0.999900 0.000010 0.000010 0.000010 0.000010 0.000010
0.000010 0.000010 0.000010 0.000010 0.000010 0.999900 0.000010 0.000010 0.000010 0.000010 0.000010
0.000010 0.000010 0.999900 0.000010 0.000010 0.000010 0.000010 0.000010 0.000010 0.000010 0.000010
0.000010 0.000010 0.999900 0.000010 0.000010 0.000010 0.000010 0.000010 0.000010 0.000010 0.000010
0.000010 0.007619 0.105123 0.094314 0.340052 0.000010 0.000010 0.015766 0.140495 0.185163 0.111437
0.000010 0.016394 0.059167 0.069414 0.285969 0.000010 0.000010 0.050385 0.155252 0.252155 0.111234
0.025479 0.000010 0.263512 0.063957 0.011725 0.371708 0.000010 0.002798 0.120375 0.066395 0.074032
0.000010 0.000010 0.000010 0.000010 0.000010 0.000010 0.000010 0.999900 0.000010 0.000010 0.000010
0.000010 0.000219 0.098626 0.000010 0.638173 0.027396 0.000010 0.041340 0.059754 0.126876 0.007587
0.000010 0.104260 0.348572 0.000010 0.000010 0.403007 0.078363 0.000010 0.065739 0.000010 0.000010
0.898163 0.000010 0.000010 0.000010 0.000010 0.000010 0.000010 0.013666 0.014292 0.040028 0.033791
0.220628 0.000010 0.022316 0.000010 0.007395 0.000010 0.000010 0.005687 0.000010 0.577160 0.166764
0.001686 0.018664 0.027017 0.000010 0.003770 0.000010 0.014910 0.000010 0.000010 0.907186 0.026728
0.777646 0.000010 0.000010 0.000010 0.000010 0.000010 0.000010 0.009968 0.000010 0.027345 0.184971
0.011453 0.025238 0.000010 0.000010 0.000010 0.000010 0.000010 0.000010 0.040561 0.108197 0.814491
0.539461 0.000010 0.002064 0.014385 0.036785 0.000010 0.000010 0.014372 0.000010 0.363363 0.029529
0.402672 0.000010 0.000010 0.000010 0.000010 0.000010 0.000010 0.000010 0.000010 0.539926 0.057322
0.000010 0.027527 0.000010 0.000010 0.000010 0.000010 0.000010 0.000010 0.007271 0.951186 0.013946
0.000010 0.999900 0.000010 0.000010 0.000010 0.000010 0.000010 0.000010 0.000010 0.000010 0.000010
0.000010 0.000010 0.000010 0.000010 0.000010 0.000010 0.000010 0.000010 0.000010 0.999900 0.000010
0.000010 0.874739 0.125171 0.000010 0.000010 0.000010 0.000010 0.000010 0.000010 0.000010 0.000010
0.000010 0.000010 0.000010 0.000010 0.000010 0.000010 0.000010 0.000010 0.000010 0.999900 0.000010
0.000010 0.000010 0.000010 0.000010 0.000010 0.000010 0.999900 0.000010 0.000010 0.000010 0.000010
0.000010 0.018581 0.021918 0.000010 0.000010 0.000010 0.939797 0.014974 0.004670 0.000010 0.000010
0.000010 0.000013 0.000010 0.000010 0.000010 0.000010 0.999897 0.000010 0.000010 0.000010 0.000010
0.000010 0.412452 0.082585 0.005103 0.000010 0.342486 0.000010 0.014692 0.000010 0.000010 0.142633
0.864988 0.000010 0.018351 0.000010 0.016833 0.000010 0.000391 0.000010 0.000010 0.000010 0.099376
0.000010 0.286204 0.713706 0.000010 0.000010 0.000010 0.000010 0.000010 0.000010 0.000010 0.000010
0.616969 0.000010 0.000010 0.000010 0.000010 0.000010 0.000010 0.000010 0.000010 0.145678 0.237273
0.423115 0.013821 0.004386 0.000010 0.032578 0.000010 0.000010 0.008965 0.000010 0.100255 0.416840
0.975144 0.000010 0.000010 0.000010 0.000010 0.000010 0.000010 0.000015 0.000010 0.000010 0.024761
0.000010 0.000010 0.000010 0.000010 0.000010 0.000010 0.999900 0.000010 0.000010 0.000010 0.000010
0.000010 0.000010 0.000010 0.000010 0.000010 0.000010 0.999900 0.000010 0.000010 0.000010 0.000010
0.451620 0.048150 0.000010 0.402601 0.000010 0.037901 0.021117 0.000010 0.000010 0.000010 0.038560
0.037794 0.020832 0.022552 0.000010 0.004749 0.000010 0.000010 0.000010 0.006391 0.069324 0.838319
0.999900 0.000010 0.000010 0.000010 0.000010 0.000010 0.000010 0.000010 0.000010 0.000010 0.000010
0.003384 0.025696 0.025765 0.000010 0.000010 0.000010 0.000010 0.000010 0.023393 0.114422 0.807290
0.000010 0.032481 0.016041 0.000010 0.096819 0.000010 0.000010 0.000010 0.013680 0.126632 0.714297
0.911951 0.000010 0.000010 0.000010 0.000010 0.024395 0.000010 0.006842 0.000010 0.000010 0.056742
0.000010 0.000010 0.000010 0.000010 0.000010 0.000010 0.000010 0.000010 0.012298 0.084873 0.902748
0.000010 0.000010 0.000010 0.999900 0.000010 0.000010 0.000010 0.000010 0.000010 0.000010 0.000010
0.000010 0.000010 0.000010 0.999900 0.000010 0.000010 0.000010 0.000010 0.000010 0.000010 0.000010
0.000010 0.000010 0.000010 0.000010 0.000010 0.000010 0.000010 0.000010 0.000010 0.999900 0.000010
0.999900 0.000010 0.000010 0.000010 0.000010 0.000010 0.000010 0.000010 0.000010 0.000010 0.000010
0.999448 0.000010 0.000010 0.000010 0.000010 0.000010 0.000462 0.000010 0.000010 0.000010 0.000010
0.000010 0.000010 0.000010 0.000010 0.000010 0.000010 0.000010 0.000010 0.000010 0.999900 0.000010
0.000010 0.025826 0.003492 0.000010 0.000010 0.000010 0.000010 0.000010 0.000010 0.133269 0.837343
0.000010 0.000010 0.000010 0.000010 0.000010 0.000010 0.000010 0.000010 0.017720 0.982190 0.000010
0.000010 0.000010 0.000010 0.000010 0.000010 0.000010 0.000010 0.000010 0.000010 0.999900 0.000010
0.000010 0.000010 0.000010 0.000010 0.000010 0.000010 0.000010 0.000010 0.000010 0.575704 0.424206
0.041285 0.000010 0.000010 0.000010 0.054138 0.000010 0.000010 0.000010 0.000010 0.459944 0.444563
0.000010 0.000010 0.003786 0.000010 0.000010 0.000010 0.000010 0.000010 0.046313 0.949821 0.000010
0.998210 0.000010 0.000010 0.000010 0.000010 0.000010 0.000010 0.000010 0.000010 0.000010 0.001700
0.000010 0.000010 0.000010 0.000010 0.000010 0.000010 0.000010 0.000010 0.000010 0.999900 0.000010
0.000010 0.000010 0.000010 0.000010 0.000010 0.000010 0.999900 0.000010 0.000010 0.000010 0.000010
0.000010 0.000010 0.000010 0.000010 0.000010 0.000010 0.999900 0.000010 0.000010 0.000010 0.000010
0.000010 0.005007 0.000010 0.000010 0.000010 0.000010 0.994903 0.000010 0.000010 0.000010 0.000010
0.000010 0.000010 0.000010 0.000010 0.000010 0.000010 0.999900 0.000010 0.000010 0.000010 0.000010
