0.000010 0.000010 0.000010 0.000010 0.039693 0.000010 0.000010 0.000010 0.000010 0.000010 0.000010 0.000010 0.671842 0.000010 0.000010 0.000010 0.000010 0.000010 0.000010 0.288295
0.000010 0.000010 0.000010 0.025274 0.000010 0.000010 0.020217 0.000010 0.035583 0.000010 0.030059 0.696761 0.000010 0.000010 0.079921 0.112056 0.000010 0.000010 0.000010 0.000010
0.000010 0.000010 0.000010 0.000010 0.000010 0.257836 0.000010 0.722674 0.000010 0.000010 0.000010 0.000010 0.019321 0.000010 0.000010 0.000010 0.000010 0.000010 0.000010 0.000010
0.000010 0.000010 0.000010 0.000010 0.000010 0.000010 0.000010 0.000010 0.604891 0.000010 0.000010 0.000010 0.000010 0.002309 0.256793 0.135846 0.000010 0.000010 0.000010 0.000010
0.000010 0.000010 0.000010 0.000010 0.000010 0.000010 0.000010 0.000010 0.789520 0.000010 0.000010 0.000010 0.000010 0.000010 0.210300 0.000010 0.000010 0.000010 0.000010 0.000010
0.000010 0.000010 0.000010 0.083739 0.000010 0.390166 0.000010 0.064429 0.258864 0.000010 0.000010 0.000010 0.000010 0.000010 0.202651 0.000010 0.000010 0.000010 0.000010 0.000010
0.000010 0.000010 0.000010 0.000010 0.000010 0.350728 0.000010 0.061030 0.000010 0.000010 0.000010 0.000010 0.272398 0.000010 0.315684 0.000010 0.000010 0.000010 0.000010 0.000010
0.000010 0.000010 0.000010 0.000010 0.000010 0.153704 0.000010 0.318508 0.000010 0.033380 0.000010 0.000010 0.002126 0.000010 0.301407 0.131726 0.000010 0.059019 0.000010 0.000010
0.000010 0.000010 0.999810 0.000010 0.000010 0.000010 0.000010 0.000010 0.000010 0.000010 0.000010 0.000010 0.000010 0.000010 0.000010 0.000010 0.000010 0.000010 0.000010 0.000010
0.023479 0.000010 0.476656 0.000010 0.000010 0.201635 0.000010 0.096851 0.000010 0.000010 0.000010 0.000010 0.148605 0.000010 0.000010 0.000010 0.052635 0.000010 0.000010 0.000010
0.000010 0.000010 0.000010 0.000010 0.000010 0.000010 0.000010 0.000010 0.000010 0.000010 0.000010 0.000010 0.000010 0.000010 0.000010 0.000010 0.999810 0.000010 0.000010 0.000010
0.000010 0.000010 0.000010 0.000010 0.000010 0.000010 0.000012 0.000010 0.000010 0.000010 0.000010 0.000010 0.000010 0.000010 0.000010 0.000010 0.999808 0.000010 0.000010 0.000010
0.000010 0.000010 0.000010 0.000010 0.000010 0.000010 0.000010 0.000010 0.000010 0.000010 0.000010 0.000010 0.000010 0.000010 0.000010 0.000010 0.999810 0.000010 0.000010 0.000010
0.000010 0.000010 0.000010 0.000010 0.000010 0.000010 0.000010 0.000010 0.000010 0.000010 0.000010 0.955693 0.044127 0.000010 0.000010 0.000010 0.000010 0.000010 0.000010 0.000010
0.000010 0.000010 0.000010 0.000010 0.000010 0.999810 0.000010 0.000010 0.000010 0.000010 0.000010 0.000010 0.000010 0.000010 0.000010 0.000010 0.000010 0.000010 0.000010 0.000010
0.000010 0.000010 0.000010 0.000010 0.999810 0.000010 0.000010 0.000010 0.000010 0.000010 0.000010 0.000010 0.000010 0.000010 0.000010 0.000010 0.000010 0.000010 0.000010 0.000010
0.000010 0.037710 0.000010 0.000010 0.578067 0.000010 0.000010 0.354463 0.000010 0.000010 0.000010 0.000010 0.000010 0.000010 0.029600 0.000010 0.000010 0.000010 0.000010 0.000010
0.000010 0.000010 0.000010 0.000010 0.000010 0.000010 0.000010 0.000010 0.000010 0.000010 0.000010 0.000010 0.000010 0.000010 0.999810 0.000010 0.000010 0.000010 0.000010 0.000010
0.000010 0.000010 0.999810 0.000010 0.000010 0.000010 0.000010 0.000010 0.000010 0.000010 0.000010 0.000010 0.000010 0.000010 0.000010 0.000010 0.000010 0.000010 0.000010 0.000010
0.000011 0.000010 0.999806 0.000010 0.000010 0.000010 0.000010 0.000010 0.000010 0.000012 0.000010 0.000010 0.000010 0.000010 0.000010 0.000010 0.000010 0.000010 0.000010 0.000010
0.000010 0.000010 0.000010 0.000010 0.000010 0.360125 0.000010 0.295766 0.152247 0.000010 0.000010 0.000010 0.159486 0.000010 0.000010 0.032226 0.000010 0.000010 0.000010 0.000010
0.000010 0.000010 0.999810 0.000010 0.000010 0.000010 0.000010 0.000010 0.000010 0.000010 0.000010 0.000010 0.000010 0.000010 0.000010 0.000010 0.000010 0.000010 0.000010 0.000010
0.017083 0.000010 0.000010 0.000010 0.000010 0.164722 0.006955 0.126252 0.119147 0.000010 0.000010 0.047908 0.000010 0.043600 0.421863 0.052359 0.000010 0.000010 0.000010 0.000010
0.000010 0.000010 0.000010 0.000010 0.000010 0.000010 0.000010 0.999810 0.000010 0.000010 0.000010 0.000010 0.000010 0.000010 0.000010 0.000010 0.000010 0.000010 0.000010 0.000010
0.000010 0.000010 0.000010 0.000010 0.000010 0.000010 0.000010 0.999810 0.000010 0.000010 0.000010 0.000010 0.000010 0.000010 0.000010 0.000010 0.000010 0.000010 0.000010 0.000010
0.000010 0.000010 0.000010 0.000010 0.000010 0.000010 0.000010 0.999810 0.000010 0.000010 0.000010 0.000010 0.000010 0.000010 0.000010 0.000010 0.000010 0.000010 0.000010 0.000010
0.000010 0.000010 0.000010 0.000010 0.000010 0.000010 0.000010 0.068460 0.116839 0.000010 0.000010 0.106473 0.198227 0.000010 0.509851 0.000010 0.000010 0.000010 0.000010 0.000010
0.000010 0.000010 0.000010 0.019850 0.000010 0.000010 0.000010 0.277813 0.237852 0.040180 0.000010 0.061151 0.000010 0.000010 0.282328 0.080696 0.000010 0.000010 0.000010 0.000010
0.000010 0.000010 0.000010 0.000010 0.000010 0.000010 0.000010 0.028567 0.000010 0.000010 0.682733 0.176354 0.000010 0.026502 0.000010 0.000010 0.004442 0.000010 0.000010 0.081261
0.025501 0.000010 0.000010 0.000010 0.000010 0.182311 0.000010 0.491178 0.128136 0.005706 0.000010 0.024872 0.000010 0.000010 0.142167 0.000010 0.000010 0.000010 0.000010 0.000010
0.000010 0.000010 0.000010 0.000010 0.000010 0.000010 0.000010 0.999810 0.000010 0.000010 0.000010 0.000010 0.000010 0.000010 0.000010 0.000010 0.000010 0.000010 0.000010 0.000010
0.000010 0.000010 0.000010 0.000010 0.000010 0.000010 0.000010 0.000010 0.000010 0.000010 0.000010 0.302116 0.000010 0.000010 0.697704 0.000010 0.000010 0.000010 0.000010 0.000010
0.000010 0.000010 0.000010 0.000010 0.000010 0.000010 0.000010 0.000010 0.000010 0.186164 0.000010 0.000010 0.225069 0.000010 0.588597 0.000010 0.000010 0.000010 0.000010 0.000010
0.000010 0.000010 0.000010 0.022672 0.000010 0.170923 0.000010 0.269613 0.411751 0.032103 0.000010 0.010156 0.000010 0.000010 0.000010 0.000010 0.030403 0.052258 0.000010 0.000010
0.000010 0.000010 0.000010 0.000010 0.000010 0.000010 0.000010 0.350785 0.324505 0.000010 0.000010 0.191192 0.000010 0.000010 0.067812 0.038289 0.027277 0.000010 0.000010 0.000010
0.180382 0.024952 0.000010 0.046768 0.000010 0.000010 0.131417 0.000010 0.075717 0.157962 0.045789 0.051781 0.000010 0.016700 0.000010 0.170389 0.098053 0.000010 0.000010 0.000010
0.000010 0.000010 0.000010 0.000010 0.000010 0.000010 0.000010 0.528096 0.054020 0.000010 0.000010 0.000010 0.000010 0.000010 0.345108 0.072617 0.000010 0.000010 0.000010 0.000010
0.000010 0.000010 0.045469 0.000010 0.000010 0.000010 0.198934 0.000010 0.119395 0.000010 0.508224 0.000010 0.000010 0.000010 0.000010 0.041850 0.000010 0.000010 0.085988 0.000010
0.000010 0.000010 0.000010 0.000010 0.000010 0.000010 0.000010 0.000010 0.000010 0.000010 0.000010 0.000010 0.000010 0.000010 0.000010 0.000010 0.999810 0.000010 0.000010 0.000010
0.000010 0.000010 0.000010 0.000010 0.000010 0.000010 0.000010 0.000010 0.000010 0.000010 0.000010 0.000010 0.000010 0.000010 0.000010 0.000010 0.489140 0.510680 0.000010 0.000010
0.000010 0.000010 0.999810 0.000010 0.000010 0.000010 0.000010 0.000010 0.000010 0.000010 0.000010 0.000010 0.000010 0.000010 0.000010 0.000010 0.000010 0.000010 0.000010 0.000010
0.000010 0.000010 0.347032 0.000010 0.082097 0.000010 0.000010 0.000010 0.000010 0.000010 0.125073 0.000010 0.000010 0.000010 0.000010 0.000010 0.000010 0.445638 0.000010 0.000010
0.000010 0.000010 0.000010 0.000010 0.000010 0.000010 0.000010 0.000010 0.000010 0.000010 0.000010 0.000010 0.000010 0.000010 0.000010 0.000010 0.000010 0.999810 0.000010 0.000010
0.000010 0.000010 0.999810 0.000010 0.000010 0.000010 0.000010 0.000010 0.000010 0.000010 0.000010 0.000010 0.000010 0.000010 0.000010 0.000010 0.000010 0.000010 0.000010 0.000010
0.000010 0.000010 0.000010 0.000010 0.000010 0.000010 0.000010 0.000010 0.000010 0.000010 0.000010 0.000010 0.000010 0.000010 0.000010 0.000010 0.000010 0.999810 0.000010 0.000010
0.000010 0.000010 0.000010 0.000010 0.000010 0.000010 0.000010 0.000010 0.000010 0.000010 0.000010 0.000010 0.999810 0.000010 0.000010 0.000010 0.000010 0.000010 0.000010 0.000010
0.000010 0.000010 0.000010 0.000010 0.840956 0.000010 0.000010 0.000010 0.000010 0.000010 0.000010 0.000010 0.000010 0.000010 0.000010 0.000010 0.000010 0.158864 0.000010 0.000010
0.000010 0.000010 0.000010 0.000010 0.000010 0.000010 0.000010 0.000010 0.000010 0.000010 0.000010 0.000010 0.000010 0.000010 0.000010 0.000010 0.999810 0.000010 0.000010 0.000010
0.000010 0.000010 0.000010 0.000010 0.000010 0.000010 0.000010 0.000010 0.648663 0.000010 0.000010 0.000010 0.000010 0.000010 0.351157 0.000010 0.000010 0.000010 0.000010 0.000010
0.000010 0.000010 0.000010 0.000015 0.000010 0.000010 0.000010 0.000010 0.000010 0.000010 0.000010 0.000010 0.000010 0.000010 0.000010 0.000010 0.000010 0.999805 0.000010 0.000010
0.000010 0.000010 0.145939 0.093790 0.029576 0.000010 0.000010 0.000010 0.000010 0.000010 0.000010 0.000010 0.000010 0.000010 0.000010 0.000010 0.444069 0.000010 0.164912 0.121572
0.427984 0.000010 0.000010 0.000010 0.000010 0.000010 0.000010 0.000010 0.000010 0.565274 0.000010 0.000010 0.000010 0.000010 0.000010 0.006573 0.000010 0.000010 0.000010 0.000010
0.000010 0.000010 0.791806 0.000010 0.000010 0.000010 0.000010 0.000010 0.000010 0.000010 0.075632 0.000010 0.000010 0.000010 0.000010 0.000010 0.132392 0.000010 0.000010 0.000010
0.043890 0.000010 0.000010 0.000010 0.031380 0.000010 0.000010 0.000010 0.000010 0.000010 0.000010 0.000010 0.000010 0.000010 0.000010 0.050109 0.000010 0.000010 0.000010 0.874461
0.000010 0.000010 0.000010 0.000010 0.137455 0.000010 0.000010 0.000010 0.000010 0.000010 0.544350 0.000010 0.000010 0.000010 0.000010 0.000010 0.131956 0.000010 0.109801 0.076288
0.000010 0.000010 0.000010 0.000010 0.999810 0.000010 0.000010 0.000010 0.000010 0.000010 0.000010 0.000010 0.000010 0.000010 0.000010 0.000010 0.000010 0.000010 0.000010 0.000010
0.000010 0.000010 0.010531 0.000010 0.051616 0.130007 0.000010 0.000010 0.008579 0.683189 0.115938 0.000010 0.000010 0.000010 0.000010 0.000010 0.000010 0.000010 0.000010 0.000010
0.051169 0.050695 0.000010 0.000010 0.000010 0.000010 0.000010 0.218945 0.146962 0.060566 0.000010 0.418738 0.000010 0.000010 0.000010 0.052794 0.000010 0.000010 0.000010 0.000010
0.110840 0.000010 0.032447 0.218432 0.000010 0.046400 0.045041 0.000010 0.000010 0.190351 0.300278 0.000010 0.000010 0.000010 0.000010 0.056089 0.000010 0.000010 0.000010 0.000010
0.000010 0.000010 0.000010 0.000010 0.000010 0.000010 0.024848 0.000010 0.000010 0.077108 0.166529 0.209393 0.213426 0.000010 0.000010 0.068836 0.000010 0.000010 0.085884 0.153857
0.000010 0.000010 0.000010 0.000010 0.101001 0.204062 0.000010 0.000010 0.000010 0.000010 0.313837 0.190492 0.057259 0.000010 0.000010 0.113460 0.000010 0.000010 0.019760 0.000010
0.000010 0.000010 0.000010 0.043870 0.000010 0.492802 0.000010 0.154726 0.000010 0.000010 0.000010 0.000010 0.000010 0.008579 0.299873 0.000010 0.000010 0.000010 0.000010 0.000010
0.000010 0.000010 0.000010 0.000010 0.000010 0.000010 0.000010 0.000010 0.395642 0.000010 0.000010 0.000010 0.000010 0.000010 0.555778 0.000010 0.002600 0.000010 0.045819 0.000010
0.999810 0.000010 0.000010 0.000010 0.000010 0.000010 0.000010 0.000010 0.000010 0.000010 0.000010 0.000010 0.000010 0.000010 0.000010 0.000010 0.000010 0.000010 0.000010 0.000010
0.999810 0.000010 0.000010 0.000010 0.000010 0.000010 0.000010 0.000010 0.000010 0.000010 0.000010 0.000010 0.000010 0.000010 0.000010 0.000010 0.000010 0.000010 0.000010 0.000010
0.000010 0.000010 0.000010 0.000010 0.000010 0.000010 0.000010 0.000010 0.000010 0.000010 0.000010 0.000010 0.000010 0.000010 0.000010 0.000010 0.000010 0.095490 0.056374 0.847966
0.000010 0.000010 0.024506 0.000010 0.121243 0.000010 0.090196 0.000010 0.056860 0.029581 0.000010 0.000010 0.038279 0.000010 0.000010 0.004425 0.023951 0.025816 0.143795 0.441258
0.031107 0.000010 0.000010 0.000010 0.000010 0.243377 0.104455 0.000010 0.000010 0.009375 0.000010 0.611535 0.000010 0.000010 0.000010 0.000010 0.000010 0.000010 0.000010 0.000010
0.000010 0.000010 0.000010 0.000010 0.000010 0.000010 0.000010 0.000010 0.000010 0.000010 0.000010 0.000010 0.000010 0.000010 0.000010 0.000010 0.000010 0.000010 0.000010 0.999810
0.000010 0.003508 0.040996 0.001463 0.151727 0.000010 0.104147 0.000010 0.000010 0.000010 0.041373 0.000010 0.147179 0.040947 0.000010 0.007733 0.032233 0.000010 0.028323 0.400291
0.000010 0.000010 0.000010 0.000010 0.000010 0.000010 0.000010 0.000010 0.000010 0.107022 0.857508 0.000010 0.000010 0.000010 0.000010 0.000010 0.035300 0.000010 0.000010 0.000010
0.000010 0.000010 0.060082 0.000010 0.000010 0.000010 0.087308 0.010051 0.040367 0.000010 0.000010 0.000010 0.037775 0.000010 0.000010 0.000010 0.027958 0.000010 0.202243 0.534095
0.000010 0.000010 0.000010 0.000010 0.000010 0.000010 0.000010 0.000010 0.000010 0.131492 0.624446 0.005623 0.210317 0.000010 0.000010 0.000010 0.000010 0.000010 0.027971 0.000010
0.901931 0.000010 0.000010 0.000010 0.000010 0.000010 0.000010 0.000010 0.000010 0.000010 0.028537 0.000010 0.000010 0.000010 0.000010 0.000010 0.000010 0.000010 0.000010 0.069362
0.147499 0.000010 0.000010 0.000010 0.016295 0.000010 0.000010 0.000010 0.000010 0.271496 0.284497 0.011472 0.000010 0.000010 0.178603 0.090008 0.000010 0.000010 0.000010 0.000010
0.000010 0.000010 0.000010 0.000010 0.000010 0.129298 0.000010 0.092489 0.046630 0.203603 0.000010 0.474754 0.000010 0.025091 0.000010 0.012305 0.000010 0.000010 0.000010 0.015710
0.000010 0.000010 0.000010 0.000010 0.000010 0.000010 0.085312 0.000010 0.046550 0.000010 0.057276 0.000010 0.077440 0.013252 0.000010 0.042270 0.000010 0.129339 0.049649 0.498803
0.000010 0.000010 0.000010 0.000010 0.000010 0.000010 0.000010 0.262427 0.000010 0.026595 0.000010 0.148313 0.000010 0.000010 0.562504 0.000010 0.000010 0.000010 0.000010 0.000010
0.000010 0.000010 0.000010 0.000010 0.000010 0.000010 0.000010 0.000010 0.999810 0.000010 0.000010 0.000010 0.000010 0.000010 0.000010 0.000010 0.000010 0.000010 0.000010 0.000010
0.000010 0.000010 0.000010 0.000010 0.000010 0.407290 0.000010 0.255023 0.044164 0.000010 0.000010 0.000010 0.000010 0.000010 0.251474 0.000010 0.041899 0.000010 0.000010 0.000010
0.112031 0.000010 0.000010 0.000010 0.000010 0.000010 0.000010 0.406760 0.000010 0.000010 0.000010 0.000010 0.000010 0.000010 0.481039 0.000010 0.000010 0.000010 0.000010 0.000010
0.000010 0.000010 0.000010 0.000010 0.000010 0.000012 0.000010 0.000010 0.472661 0.000010 0.000010 0.000010 0.000010 0.000010 0.527156 0.000010 0.000010 0.000010 0.000010 0.000010
0.000010 0.000010 0.000010 0.000010 0.000010 0.000010 0.000010 0.000010 0.000010 0.000010 0.000010 0.000010 0.000010 0.058945 0.940875 0.000010 0.000010 0.000010 0.000010 0.000010
0.708514 0.000010 0.000010 0.000010 0.000010 0.000010 0.000010 0.000010 0.000010 0.291306 0.000010 0.000010 0.000010 0.000010 0.000010 0.000010 0.000010 0.000010 0.000010 0.000010
0.000010 0.000010 0.000010 0.000010 0.000010 0.000010 0.000010 0.000010 0.000010 0.000010 0.000010 0.000010 0.000010 0.000010 0.000010 0.000010 0.999810 0.000010 0.000010 0.000010
0.000010 0.000010 0.000010 0.000010 0.000010 0.000010 0.999810 0.000010 0.000010 0.000010 0.000010 0.000010 0.000010 0.000010 0.000010 0.000010 0.000010 0.000010 0.000010 0.000010
0.000010 0.000010 0.000010 0.000010 0.000010 0.000010 0.000010 0.000010 0.000010 0.000010 0.000010 0.000010 0.000010 0.000010 0.000010 0.000010 0.000010 0.999810 0.000010 0.000010
0.000010 0.000010 0.999810 0.000010 0.000010 0.000010 0.000010 0.000010 0.000010 0.000010 0.000010 0.000010 0.000010 0.000010 0.000010 0.000010 0.000010 0.000010 0.000010 0.000010
0.000010 0.000010 0.000010 0.000010 0.000010 0.000010 0.000010 0.000010 0.000010 0.000010 0.000010 0.000010 0.000010 0.000010 0.000010 0.000010 0.000010 0.999810 0.000010 0.000010
0.000010 0.000010 0.000010 0.000010 0.999810 0.000010 0.000010 0.000010 0.000010 0.000010 0.000010 0.000010 0.000010 0.000010 0.000010 0.000010 0.000010 0.000010 0.000010 0.000010
0.993086 0.000010 0.006734 0.000010 0.000010 0.000010 0.000010 0.000010 0.000010 0.000010 0.000010 0.000010 0.000010 0.000010 0.000010 0.000010 0.000010 0.000010 0.000010 0.000010
0.927916 0.000010 0.000010 0.000010 0.000010 0.000010 0.000010 0.000010 0.000010 0.000010 0.000010 0.066372 0.000010 0.005542 0.000010 0.000010 0.000010 0.000010 0.000010 0.000010
0.000010 0.000010 0.000010 0.058455 0.000010 0.493832 0.000010 0.189230 0.000010 0.000010 0.000010 0.103070 0.000010 0.015477 0.139795 0.000010 0.000010 0.000010 0.000010 0.000010
0.000010 0.000010 0.000010 0.000010 0.000010 0.000010 0.999810 0.000010 0.000010 0.000010 0.000010 0.000010 0.000010 0.000010 0.000010 0.000010 0.000010 0.000010 0.000010 0.000010
0.000010 0.000010 0.000010 0.000010 0.000010 0.000010 0.000010 0.000010 0.283922 0.000010 0.715898 0.000010 0.000010 0.000010 0.000010 0.000010 0.000010 0.000010 0.000010 0.000010
0.779824 0.000010 0.101155 0.000010 0.000010 0.000010 0.000010 0.000010 0.000010 0.000010 0.014268 0.000010 0.000010 0.104592 0.000010 0.000010 0.000010 0.000010 0.000010 0.000010
0.000010 0.000010 0.000010 0.999810 0.000010 0.000010 0.000010 0.000010 0.000010 0.000010 0.000010 0.000010 0.000010 0.000010 0.000010 0.000010 0.000010 0.000010 0.000010 0.000010
0.000010 0.000010 0.000010 0.094141 0.000010 0.250029 0.000010 0.000010 0.000010 0.030368 0.000010 0.320086 0.000010 0.000010 0.000010 0.004468 0.000010 0.026071 0.274707 0.000010
0.674852 0.000010 0.000010 0.233691 0.000010 0.000010 0.000010 0.000010 0.000010 0.000010 0.000010 0.000010 0.000010 0.000010 0.091287 0.000010 0.000010 0.000010 0.000010 0.000010
0.017609 0.000010 0.000010 0.047439 0.390746 0.000010 0.000010 0.000010 0.036403 0.000010 0.000010 0.031693 0.000010 0.000010 0.139236 0.000010 0.000010 0.000010 0.336744 0.000010
0.490011 0.000010 0.000010 0.245795 0.000010 0.000010 0.000010 0.000010 0.000010 0.175499 0.000010 0.088535 0.000010 0.000010 0.000010 0.000010 0.000010 0.000010 0.000010 0.000010
0.035772 0.000010 0.000010 0.062658 0.041029 0.209275 0.000010 0.000010 0.069977 0.035253 0.000010 0.336692 0.000010 0.000010 0.065751 0.143484 0.000010 0.000010 0.000010 0.000010
0.423525 0.000010 0.000010 0.015110 0.000010 0.000010 0.000010 0.000010 0.000010 0.366459 0.000010 0.096564 0.082846 0.000010 0.015355 0.000010 0.000010 0.000010 0.000010 0.000010
0.592815 0.000010 0.042091 0.000010 0.000010 0.072656 0.000010 0.000010 0.000010 0.000010 0.245684 0.000010 0.000010 0.000010 0.000010 0.046604 0.000010 0.000010 0.000010 0.000010
0.000010 0.000010 0.017942 0.000010 0.008548 0.000010 0.079150 0.000010 0.000010 0.000010 0.000010 0.000010 0.117901 0.000010 0.000010 0.000092 0.042286 0.000010 0.074505 0.659456
0.000010 0.000010 0.000010 0.000010 0.000010 0.000010 0.000010 0.000010 0.000010 0.000010 0.962508 0.000010 0.000010 0.000010 0.000010 0.000010 0.000010 0.037312 0.000010 0.000010
0.000010 0.000010 0.000010 0.000010 0.000010 0.999810 0.000010 0.000010 0.000010 0.000010 0.000010 0.000010 0.000010 0.000010 0.000010 0.000010 0.000010 0.000010 0.000010 0.000010
0.000010 0.000010 0.000010 0.000010 0.000010 0.721602 0.000010 0.278218 0.000010 0.000010 0.000010 0.000010 0.000010 0.000010 0.000010 0.000010 0.000010 0.000010 0.000010 0.000010
0.000010 0.000010 0.021045 0.000010 0.000010 0.000010 0.411349 0.000010 0.000010 0.000010 0.000010 0.000010 0.000010 0.000010 0.000010 0.000010 0.000010 0.000010 0.000010 0.567436
0.000010 0.000010 0.000010 0.000010 0.000010 0.000010 0.999810 0.000010 0.000010 0.000010 0.000010 0.000010 0.000010 0.000010 0.000010 0.000010 0.000010 0.000010 0.000010 0.000010
0.050055 0.041211 0.000010 0.000010 0.018182 0.000010 0.000010 0.000010 0.000010 0.045996 0.000010 0.000010 0.000010 0.844407 0.000010 0.000010 0.000010 0.000010 0.000010 0.000010
0.000010 0.000010 0.000010 0.000010 0.000010 0.000010 0.000010 0.000010 0.000010 0.000010 0.000010 0.000010 0.000010 0.957412 0.000010 0.042408 0.000010 0.000010 0.000010 0.000010
0.000010 0.000010 0.000010 0.000010 0.999810 0.000010 0.000010 0.000010 0.000010 0.000010 0.000010 0.000010 0.000010 0.000010 0.000010 0.000010 0.000010 0.000010 0.000010 0.000010
0.072447 0.000010 0.000010 0.000010 0.000010 0.000010 0.000010 0.016144 0.203234 0.000010 0.000010 0.502675 0.046602 0.000010 0.000010 0.064617 0.094151 0.000010 0.000010 0.000010
0.447283 0.000010 0.046525 0.111734 0.000010 0.000010 0.000010 0.000010 0.084873 0.000010 0.000010 0.052506 0.000010 0.000010 0.000010 0.000010 0.004604 0.000010 0.066572 0.185783
0.000010 0.000010 0.000010 0.000010 0.000010 0.045246 0.000010 0.235841 0.000010 0.000010 0.000010 0.000010 0.217543 0.000010 0.462818 0.000010 0.000010 0.000010 0.038402 0.000010
0.000010 0.000010 0.019860 0.361828 0.000010 0.000010 0.000010 0.000010 0.031783 0.175429 0.333884 0.000010 0.000010 0.000010 0.000010 0.000010 0.000010 0.000010 0.077076 0.000010
0.000010 0.000010 0.000010 0.000010 0.000010 0.999810 0.000010 0.000010 0.000010 0.000010 0.000010 0.000010 0.000010 0.000010 0.000010 0.000010 0.000010 0.000010 0.000010 0.000010
0.109159 0.000010 0.000010 0.000010 0.000010 0.000010 0.000010 0.497481 0.088198 0.000010 0.000010 0.000010 0.123913 0.024479 0.156629 0.000010 0.000010 0.000010 0.000010 0.000010
0.000010 0.000010 0.000010 0.000010 0.000010 0.000010 0.000010 0.000010 0.000010 0.000010 0.000010 0.000010 0.000010 0.999810 0.000010 0.000010 0.000010 0.000010 0.000010 0.000010
0.000010 0.000010 0.008180 0.000010 0.000010 0.000010 0.000010 0.058025 0.000010 0.305439 0.349970 0.257224 0.000010 0.021022 0.000010 0.000010 0.000010 0.000010 0.000010 0.000010
0.000010 0.047896 0.000010 0.000010 0.000010 0.000010 0.000010 0.000010 0.000010 0.000010 0.000010 0.000010 0.000010 0.925167 0.000010 0.000010 0.000010 0.026767 0.000010 0.000010
0.000010 0.000010 0.000010 0.000010 0.000010 0.000010 0.000010 0.000010 0.000010 0.000010 0.000010 0.000010 0.000010 0.999810 0.000010 0.000010 0.000010 0.000010 0.000010 0.000010
0.000010 0.000010 0.000010 0.000010 0.000010 0.000010 0.004596 0.000010 0.000010 0.060043 0.000010 0.000010 0.000010 0.910513 0.000010 0.000010 0.000010 0.024687 0.000010 0.000010
0.094695 0.000010 0.041681 0.000010 0.000010 0.002783 0.000010 0.000010 0.067169 0.295339 0.389376 0.000225 0.000010 0.000010 0.000010 0.008645 0.000010 0.000010 0.099976 0.000010
0.014658 0.000010 0.000010 0.000010 0.000010 0.072708 0.000010 0.242041 0.293949 0.000010 0.000010 0.000010 0.225055 0.000010 0.140876 0.000010 0.000010 0.010584 0.000010 0.000010
0.000010 0.000010 0.000010 0.000010 0.000010 0.000010 0.000010 0.999810 0.000010 0.000010 0.000010 0.000010 0.000010 0.000010 0.000010 0.000010 0.000010 0.000010 0.000010 0.000010
0.000010 0.113822 0.000010 0.000010 0.000010 0.079501 0.206108 0.000010 0.173493 0.006268 0.231863 0.000010 0.000010 0.000010 0.000010 0.000010 0.000010 0.000010 0.187541 0.001284
0.000010 0.000010 0.020172 0.000010 0.000010 0.000010 0.453436 0.000010 0.000010 0.000010 0.289079 0.000010 0.028701 0.000010 0.000010 0.000010 0.024378 0.027869 0.156235 0.000010
0.000010 0.000010 0.000010 0.063383 0.110181 0.095179 0.000010 0.000010 0.087472 0.036189 0.035517 0.343087 0.087344 0.000010 0.000010 0.000010 0.000010 0.000010 0.000010 0.141536
0.072872 0.000010 0.000010 0.000010 0.000010 0.126742 0.000010 0.106781 0.050785 0.000010 0.000010 0.020026 0.208777 0.013601 0.400296 0.000010 0.000010 0.000010 0.000010 0.000010
0.000010 0.000010 0.000010 0.000010 0.000010 0.000010 0.000010 0.000010 0.000010 0.000010 0.999810 0.000010 0.000010 0.000010 0.000010 0.000010 0.000010 0.000010 0.000010 0.000010
0.000010 0.000010 0.200870 0.000010 0.000010 0.000010 0.000010 0.000010 0.000010 0.000010 0.798950 0.000010 0.000010 0.000010 0.000010 0.000010 0.000010 0.000010 0.000010 0.000010
0.000010 0.000010 0.000010 0.000010 0.000010 0.000010 0.000010 0.000010 0.291640 0.000010 0.708180 0.000010 0.000010 0.000010 0.000010 0.000010 0.000010 0.000010 0.000010 0.000010
0.000010 0.000010 0.000010 0.000010 0.000010 0.000010 0.000010 0.000010 0.000010 0.000010 0.000010 0.000010 0.000010 0.000010 0.999810 0.000010 0.000010 0.000010 0.000010 0.000010
0.000010 0.000010 0.000010 0.000010 0.000010 0.000010 0.000010 0.000010 0.000010 0.000010 0.000010 0.000010 0.157683 0.000010 0.842137 0.000010 0.000010 0.000010 0.000010 0.000010
0.000010 0.000010 0.000010 0.000010 0.000010 0.066802 0.000010 0.098628 0.001196 0.048447 0.000010 0.302125 0.000010 0.065581 0.417091 0.000010 0.000010 0.000010 0.000010 0.000010
0.000010 0.000010 0.000010 0.000010 0.000010 0.340183 0.000010 0.627072 0.000010 0.000010 0.000010 0.000010 0.000010 0.000010 0.000010 0.000010 0.032575 0.000010 0.000010 0.000010
0.000010 0.000010 0.017197 0.000010 0.982623 0.000010 0.000010 0.000010 0.000010 0.000010 0.000010 0.000010 0.000010 0.000010 0.000010 0.000010 0.000010 0.000010 0.000010 0.000010
0.000010 0.000010 0.000010 0.934160 0.000010 0.000010 0.000010 0.000010 0.000010 0.000010 0.000010 0.000010 0.000010 0.000010 0.000010 0.065660 0.000010 0.000010 0.000010 0.000010
0.000010 0.000010 0.210275 0.000010 0.170521 0.000010 0.000010 0.000010 0.124823 0.000010 0.000010 0.000010 0.208212 0.000010 0.000010 0.000010 0.070704 0.000010 0.000010 0.215326
0.000010 0.000010 0.000010 0.000010 0.000010 0.000010 0.000010 0.000010 0.240315 0.000010 0.000010 0.000010 0.759505 0.000010 0.000010 0.000010 0.000010 0.000010 0.000010 0.000010
0.000010 0.000010 0.053421 0.000010 0.368969 0.000010 0.000010 0.000010 0.000010 0.000010 0.000010 0.000010 0.000010 0.000010 0.000010 0.000010 0.000010 0.000010 0.000010 0.577439
0.000010 0.000010 0.000010 0.000010 0.069028 0.000010 0.000010 0.000010 0.075823 0.000010 0.000010 0.000010 0.000010 0.000010 0.000010 0.000010 0.051830 0.000010 0.000010 0.803159
0.000010 0.000010 0.067184 0.014775 0.051116 0.000010 0.000010 0.000010 0.000010 0.000010 0.085104 0.000010 0.000010 0.000010 0.000010 0.000010 0.000010 0.000010 0.000010 0.781671
0.000010 0.000010 0.000010 0.065747 0.067880 0.000010 0.000010 0.000010 0.000010 0.000010 0.015427 0.000010 0.000010 0.000010 0.000010 0.000010 0.000010 0.024941 0.000010 0.825855
0.000010 0.000010 0.000010 0.000010 0.000010 0.000010 0.008805 0.000010 0.000010 0.000010 0.608953 0.000010 0.016032 0.040236 0.000010 0.000010 0.000010 0.146098 0.022937 0.156810
0.000010 0.000010 0.000010 0.000010 0.000010 0.000010 0.000010 0.000010 0.000010 0.000010 0.000010 0.000010 0.000010 0.999810 0.000010 0.000010 0.000010 0.000010 0.000010 0.000010
0.000010 0.000010 0.000010 0.000010 0.000010 0.000010 0.000010 0.000010 0.000010 0.999810 0.000010 0.000010 0.000010 0.000010 0.000010 0.000010 0.000010 0.000010 0.000010 0.000010
0.000010 0.000010 0.000010 0.194727 0.000010 0.000010 0.000010 0.000010 0.448794 0.071862 0.000010 0.194712 0.000010 0.000010 0.000010 0.000010 0.000010 0.000010 0.089754 0.000010
0.000010 0.000010 0.001695 0.000010 0.000010 0.000010 0.239962 0.000010 0.000010 0.000010 0.000010 0.000010 0.000010 0.008726 0.000010 0.000010 0.000010 0.002968 0.000010 0.746499
0.000010 0.035483 0.000010 0.019593 0.000010 0.169816 0.000010 0.233573 0.000010 0.028513 0.000010 0.512882 0.000010 0.000010 0.000010 0.000010 0.000010 0.000010 0.000010 0.000010
0.000010 0.000010 0.000010 0.000010 0.128323 0.000010 0.000010 0.000010 0.000010 0.000010 0.106840 0.000010 0.000010 0.000010 0.000010 0.000010 0.000010 0.000010 0.000010 0.764666
0.000010 0.000010 0.000010 0.202135 0.000010 0.000010 0.000010 0.000010 0.000010 0.000010 0.000010 0.351074 0.000010 0.000010 0.446620 0.000010 0.000010 0.000010 0.000010 0.000010
0.217402 0.000010 0.000010 0.092350 0.000010 0.172240 0.000010 0.000010 0.245616 0.000010 0.000010 0.228414 0.000010 0.000010 0.014115 0.000010 0.000010 0.029733 0.000010 0.000010
0.198556 0.000010 0.000010 0.295624 0.000010 0.000010 0.000010 0.107575 0.089707 0.214289 0.000010 0.094109 0.000010 0.000010 0.000010 0.000010 0.000010 0.000010 0.000010 0.000010
0.051044 0.108016 0.029069 0.000010 0.000010 0.208247 0.085564 0.000010 0.000010 0.172169 0.213037 0.110241 0.000010 0.000010 0.000010 0.000010 0.022504 0.000010 0.000010 0.000010
0.435875 0.000010 0.000010 0.201491 0.000010 0.000010 0.000010 0.000010 0.222185 0.000010 0.063284 0.000010 0.000010 0.000010 0.000010 0.077014 0.000010 0.000010 0.000010 0.000010
0.490541 0.000010 0.033743 0.000010 0.000010 0.000010 0.000010 0.000010 0.103581 0.250279 0.041230 0.080486 0.000010 0.000010 0.000010 0.000010 0.000010 0.000010 0.000010 0.000010
0.000010 0.000010 0.000010 0.000010 0.000010 0.000010 0.073057 0.000010 0.351916 0.000010 0.574858 0.000010 0.000010 0.000010 0.000010 0.000010 0.000010 0.000010 0.000010 0.000010
0.000010 0.000010 0.000010 0.000010 0.000010 0.000010 0.000010 0.000010 0.000010 0.000010 0.207243 0.000010 0.635387 0.000010 0.000010 0.157200 0.000010 0.000010 0.000010 0.000010
0.000010 0.000010 0.000010 0.160090 0.003723 0.000010 0.038767 0.000010 0.096501 0.000010 0.538938 0.000010 0.000010 0.011309 0.000010 0.000010 0.026728 0.061037 0.011649 0.051157
0.000010 0.000010 0.000010 0.000010 0.000010 0.000010 0.000010 0.000010 0.000010 0.000010 0.000010 0.000010 0.999810 0.000010 0.000010 0.000010 0.000010 0.000010 0.000010 0.000010
0.000010 0.000010 0.000010 0.000010 0.000010 0.000010 0.000010 0.000010 0.000010 0.000010 0.000010 0.000010 0.999810 0.000010 0.000010 0.000010 0.000010 0.000010 0.000010 0.000010
0.014274 0.000010 0.000010 0.064426 0.040167 0.052064 0.002572 0.000010 0.000010 0.000010 0.328540 0.089541 0.152321 0.000010 0.085177 0.142730 0.028096 0.000010 0.000010 0.000010
0.000010 0.000010 0.000010 0.000010 0.000010 0.000010 0.000010 0.000010 0.000010 0.000010 0.000010 0.000010 0.999810 0.000010 0.000010 0.000010 0.000010 0.000010 0.000010 0.000010
0.348181 0.000010 0.000010 0.651639 0.000010 0.000010 0.000010 0.000010 0.000010 0.000010 0.000010 0.000010 0.000010 0.000010 0.000010 0.000010 0.000010 0.000010 0.000010 0.000010
0.000010 0.000010 0.000010 0.000010 0.000010 0.000010 0.000010 0.091337 0.160100 0.000010 0.000010 0.699499 0.000010 0.000010 0.000010 0.048903 0.000010 0.000010 0.000010 0.000010
0.224299 0.000010 0.005291 0.097592 0.000010 0.176118 0.000010 0.000010 0.358596 0.000010 0.000010 0.102842 0.000010 0.000010 0.000010 0.035133 0.000010 0.000010 0.000010 0.000010
0.000010 0.000010 0.000010 0.651976 0.000010 0.000010 0.000010 0.000010 0.000010 0.000010 0.000010 0.000010 0.000010 0.000010 0.000010 0.000010 0.000010 0.000010 0.052607 0.295247
0.000010 0.000010 0.000010 0.000010 0.000010 0.000010 0.000010 0.000010 0.000010 0.000010 0.000010 0.000010 0.000010 0.000010 0.000010 0.000010 0.000010 0.000010 0.000010 0.999810
0.000010 0.026981 0.000010 0.000010 0.000010 0.000010 0.000010 0.000010 0.164133 0.000010 0.000010 0.678347 0.000010 0.000010 0.000010 0.098127 0.000010 0.032261 0.000010 0.000010
0.000010 0.000010 0.000010 0.999810 0.000010 0.000010 0.000010 0.000010 0.000010 0.000010 0.000010 0.000010 0.000010 0.000010 0.000010 0.000010 0.000010 0.000010 0.000010 0.000010
0.000010 0.663727 0.000010 0.000010 0.000010 0.000010 0.000010 0.000010 0.000010 0.000010 0.000010 0.000010 0.000010 0.323975 0.000010 0.009862 0.000010 0.002276 0.000010 0.000010
0.000010 0.172408 0.000010 0.000010 0.000010 0.000010 0.000010 0.000010 0.000010 0.029299 0.000010 0.000010 0.000010 0.726114 0.000010 0.000010 0.000010 0.072019 0.000010 0.000010
0.000010 0.000010 0.000010 0.000010 0.000010 0.000010 0.000010 0.000010 0.590443 0.000010 0.409377 0.000010 0.000010 0.000010 0.000010 0.000010 0.000010 0.000010 0.000010 0.000010
0.000010 0.282241 0.000010 0.000010 0.000010 0.000010 0.000010 0.000010 0.018603 0.000010 0.000010 0.000010 0.000010 0.698986 0.000010 0.000010 0.000010 0.000010 0.000010 0.000010
0.000010 0.099929 0.000010 0.000010 0.034575 0.000010 0.048735 0.000010 0.000010 0.023137 0.000010 0.000010 0.000010 0.719624 0.012816 0.000010 0.000010 0.016081 0.044984 0.000010
0.000010 0.571314 0.000010 0.000010 0.077803 0.000010 0.000010 0.035329 0.000010 0.051055 0.000010 0.003002 0.064351 0.135126 0.000010 0.000010 0.000010 0.000010 0.061901 0.000010
0.000010 0.000010 0.000010 0.000010 0.000010 0.000010 0.000010 0.000010 0.000010 0.000010 0.000010 0.000010 0.000010 0.000010 0.000010 0.000010 0.000010 0.000010 0.000010 0.999810
0.000010 0.464658 0.000010 0.000010 0.000010 0.000010 0.000010 0.000010 0.000010 0.000010 0.040695 0.000010 0.000010 0.421656 0.000010 0.015756 0.042159 0.000010 0.014937 0.000010
0.019109 0.071209 0.000010 0.000010 0.065610 0.000010 0.000010 0.039103 0.031629 0.000010 0.000010 0.056568 0.000010 0.716641 0.000010 0.000010 0.000010 0.000010 0.000010 0.000010
0.000010 0.171734 0.000010 0.000010 0.000010 0.000010 0.149399 0.000010 0.051121 0.000010 0.000010 0.000010 0.000010 0.572235 0.000010 0.000010 0.026190 0.000010 0.029179 0.000010
0.000010 0.000010 0.000010 0.016867 0.000010 0.000010 0.000010 0.099204 0.000010 0.000010 0.000010 0.772617 0.000010 0.000010 0.069327 0.000010 0.000292 0.000010 0.041553 0.000010
0.000010 0.000010 0.061906 0.000010 0.000010 0.000010 0.000010 0.000010 0.000010 0.000010 0.000010 0.937914 0.000010 0.000010 0.000010 0.000010 0.000010 0.000010 0.000010 0.000010
0.146314 0.000010 0.000010 0.000010 0.029519 0.000010 0.312744 0.000010 0.000010 0.000010 0.372273 0.138999 0.000010 0.000010 0.000010 0.000010 0.000010 0.000010 0.000010 0.000010
0.086985 0.000010 0.000010 0.126259 0.000867 0.000010 0.000010 0.000010 0.171465 0.000010 0.050720 0.339181 0.000010 0.000010 0.152720 0.000010 0.000015 0.000010 0.071678 0.000010
0.000010 0.337921 0.000010 0.000010 0.000010 0.000010 0.198225 0.000010 0.000010 0.000010 0.000010 0.000010 0.000010 0.463684 0.000010 0.000010 0.000010 0.000010 0.000010 0.000010
0.120366 0.007873 0.051730 0.292966 0.015337 0.000010 0.076983 0.019956 0.130948 0.030162 0.188638 0.064952 0.000010 0.000010 0.000010 0.000010 0.000010 0.000010 0.000010 0.000010
0.000010 0.000010 0.000010 0.000010 0.000010 0.000010 0.121203 0.000010 0.000010 0.000010 0.000010 0.000010 0.042697 0.751828 0.000010 0.000010 0.000010 0.000010 0.084112 0.000010
0.000010 0.353435 0.000010 0.000010 0.000010 0.000010 0.000010 0.021053 0.000010 0.000010 0.000010 0.000010 0.031024 0.491085 0.000010 0.002084 0.000010 0.000010 0.000010 0.101179
0.085179 0.000010 0.000010 0.122624 0.000010 0.129105 0.072261 0.167730 0.169081 0.000010 0.000010 0.207852 0.035250 0.000010 0.000010 0.000010 0.010808 0.000010 0.000010 0.000010
0.000010 0.000010 0.000010 0.000010 0.000010 0.000010 0.000010 0.000010 0.000010 0.046720 0.000010 0.854101 0.010515 0.000010 0.000010 0.088504 0.000010 0.000010 0.000010 0.000010
0.000010 0.154959 0.000010 0.000010 0.000010 0.000010 0.000010 0.000010 0.000010 0.138755 0.000010 0.000010 0.000010 0.634591 0.000010 0.000010 0.000010 0.071535 0.000010 0.000010
0.000010 0.000010 0.000010 0.000010 0.000010 0.245098 0.000010 0.000010 0.000010 0.000010 0.068579 0.686153 0.000010 0.000010 0.000010 0.000010 0.000010 0.000010 0.000010 0.000010
0.000010 0.000010 0.000010 0.000010 0.000010 0.000010 0.000010 0.044160 0.000010 0.222434 0.621275 0.070165 0.000010 0.041817 0.000010 0.000010 0.000010 0.000010 0.000010 0.000010
0.000010 0.654142 0.000010 0.000010 0.000010 0.000010 0.000010 0.000010 0.000010 0.000010 0.000010 0.000010 0.000010 0.345678 0.000010 0.000010 0.000010 0.000010 0.000010 0.000010
0.041187 0.144606 0.028502 0.000010 0.000010 0.000010 0.139614 0.000010 0.000010 0.000010 0.000010 0.012285 0.004165 0.572111 0.000010 0.057412 0.000010 0.000010 0.000010 0.000010
0.000010 0.000010 0.000010 0.000010 0.000010 0.000010 0.000010 0.000010 0.014772 0.000010 0.000010 0.000010 0.000010 0.985048 0.000010 0.000010 0.000010 0.000010 0.000010 0.000010
0.000010 0.000010 0.016448 0.656220 0.000010 0.000010 0.046145 0.000010 0.000010 0.000010 0.101350 0.000010 0.110878 0.000010 0.000010 0.000010 0.034971 0.000010 0.000010 0.033857
0.000010 0.000010 0.000010 0.000010 0.000010 0.000010 0.000010 0.000010 0.000010 0.000010 0.999810 0.000010 0.000010 0.000010 0.000010 0.000010 0.000010 0.000010 0.000010 0.000010
0.000010 0.000010 0.000010 0.155877 0.000010 0.080633 0.000010 0.207693 0.000010 0.000010 0.000010 0.000010 0.155435 0.000010 0.000010 0.006614 0.000010 0.000010 0.000010 0.393608
0.010519 0.094356 0.008702 0.154678 0.000010 0.174350 0.000010 0.000010 0.018405 0.000010 0.251962 0.250086 0.000010 0.013926 0.000010 0.000010 0.000010 0.000010 0.000010 0.022917
0.000010 0.527198 0.010094 0.000010 0.038789 0.000010 0.028431 0.085014 0.012583 0.000010 0.042870 0.000010 0.045063 0.209848 0.000010 0.000010 0.000010 0.000010 0.000010 0.000010
0.000010 0.392662 0.000010 0.000010 0.000010 0.000010 0.000010 0.000010 0.000010 0.000010 0.000010 0.000010 0.097577 0.495537 0.000010 0.014064 0.000010 0.000010 0.000010 0.000010
0.035444 0.604214 0.090791 0.000010 0.000010 0.003064 0.061177 0.000010 0.000010 0.000010 0.000010 0.000010 0.089090 0.100714 0.000010 0.015387 0.000010 0.000010 0.000010 0.000010
0.000010 0.474728 0.000010 0.000010 0.000010 0.000010 0.000010 0.000010 0.000010 0.000010 0.000010 0.079605 0.047073 0.373729 0.000010 0.000010 0.024714 0.000010 0.000010 0.000010
0.000010 0.000010 0.000010 0.018523 0.000010 0.003840 0.000010 0.000010 0.000010 0.000010 0.000010 0.584600 0.000010 0.000010 0.000010 0.392877 0.000010 0.000010 0.000010 0.000010
0.000010 0.000010 0.000010 0.073637 0.000010 0.352342 0.000010 0.000010 0.000010 0.035122 0.000010 0.000010 0.000010 0.000010 0.497413 0.000010 0.041335 0.000010 0.000010 0.000010
0.042920 0.000010 0.068455 0.000010 0.000010 0.000010 0.000010 0.000010 0.000010 0.000010 0.000010 0.000010 0.000010 0.000010 0.822181 0.030820 0.035474 0.000010 0.000010 0.000010
0.002865 0.000010 0.000010 0.000010 0.006494 0.313677 0.000010 0.000010 0.000010 0.000010 0.000010 0.000010 0.145465 0.000010 0.519823 0.011536 0.000010 0.000010 0.000010 0.000010
0.000010 0.000010 0.000010 0.000010 0.000010 0.000010 0.000010 0.000010 0.000010 0.000010 0.000010 0.000010 0.000010 0.000010 0.000010 0.000010 0.000010 0.000010 0.999810 0.000010
0.000010 0.193655 0.000010 0.000010 0.000010 0.000010 0.000010 0.000010 0.000010 0.034347 0.000010 0.000010 0.017658 0.754180 0.000010 0.000010 0.000010 0.000010 0.000010 0.000010
0.000010 0.000010 0.000010 0.000010 0.000010 0.000010 0.000010 0.000010 0.000010 0.000010 0.000010 0.000010 0.000010 0.000010 0.000010 0.000010 0.000010 0.000010 0.999810 0.000010
0.000010 0.000010 0.000010 0.000010 0.000010 0.000010 0.000010 0.000010 0.000010 0.000010 0.000010 0.000010 0.000010 0.000010 0.000010 0.000010 0.000010 0.000010 0.999810 0.000010
0.084990 0.600043 0.000010 0.000010 0.000010 0.000010 0.000010 0.001454 0.000010 0.000010 0.000010 0.000010 0.000010 0.239520 0.000010 0.033646 0.006678 0.033538 0.000010 0.000010
0.000010 0.728022 0.000010 0.000010 0.000010 0.000010 0.000010 0.000010 0.000010 0.000010 0.000010 0.000010 0.000010 0.175706 0.000010 0.096102 0.000010 0.000010 0.000010 0.000010
0.000010 0.075677 0.000010 0.000010 0.000010 0.000010 0.000010 0.000010 0.000010 0.000010 0.000010 0.000010 0.000010 0.885636 0.000010 0.038517 0.000010 0.000010 0.000010 0.000010
0.000010 0.602160 0.000010 0.000010 0.000013 0.000010 0.000010 0.071032 0.000010 0.000010 0.000010 0.000010 0.000010 0.202243 0.013119 0.026149 0.085155 0.000010 0.000010 0.000010
0.132228 0.000010 0.000010 0.000010 0.000010 0.611342 0.000010 0.000010 0.256260 0.000010 0.000010 0.000010 0.000010 0.000010 0.000010 0.000010 0.000010 0.000010 0.000010 0.000010
0.100933 0.000010 0.000010 0.000010 0.000010 0.164199 0.000010 0.000010 0.278346 0.000010 0.000010 0.112293 0.000010 0.000010 0.344080 0.000010 0.000010 0.000010 0.000010 0.000010
0.000010 0.000010 0.000010 0.048519 0.000010 0.000010 0.000010 0.075966 0.000010 0.000010 0.000010 0.000010 0.000010 0.000010 0.828561 0.000010 0.000010 0.046793 0.000010 0.000010
