0.000010 0.000010 0.000010 0.000010 0.000010 0.000010 0.000010 0.000010 0.000010 0.000010 0.120504 0.000010 0.000010 0.000010 0.654185 0.225151 0.000010 0.000010 0.000010
0.012225 0.000010 0.000010 0.000010 0.064361 0.000010 0.018436 0.000010 0.019098 0.019702 0.000010 0.000010 0.053647 0.000010 0.000010 0.029976 0.000010 0.737874 0.044580
0.188135 0.000010 0.000010 0.000010 0.000010 0.000010 0.000010 0.000010 0.000010 0.000010 0.000010 0.000010 0.000010 0.763999 0.047706 0.000010 0.000010 0.000010 0.000010
0.000010 0.000010 0.000010 0.000010 0.161063 0.000010 0.000010 0.000010 0.000010 0.000010 0.000010 0.000010 0.000010 0.000010 0.000010 0.000010 0.000010 0.000010 0.838767
0.000010 0.000010 0.000010 0.000010 0.000010 0.000010 0.000010 0.000010 0.000010 0.000010 0.000010 0.000010 0.000010 0.000010 0.000010 0.000010 0.000010 0.000010 0.999820
0.453639 0.000010 0.000010 0.000010 0.000010 0.000010 0.000010 0.000010 0.000010 0.100208 0.000010 0.000010 0.257356 0.000010 0.000010 0.000010 0.000010 0.000010 0.188647
0.000010 0.000010 0.000010 0.000010 0.000010 0.000010 0.000010 0.000010 0.000010 0.000010 0.000010 0.000010 0.677172 0.000010 0.322658 0.000010 0.000010 0.000010 0.000010
0.062249 0.000010 0.000010 0.000010 0.146789 0.040740 0.000010 0.000010 0.000010 0.000010 0.000010 0.062328 0.390263 0.297501 0.000010 0.000010 0.000010 0.000010 0.000010
0.000010 0.000010 0.000010 0.000010 0.000010 0.000010 0.212817 0.194524 0.000010 0.000010 0.592499 0.000010 0.000010 0.000010 0.000010 0.000010 0.000010 0.000010 0.000010
0.000010 0.000010 0.000010 0.000010 0.000010 0.409331 0.000010 0.000010 0.000010 0.000010 0.590499 0.000010 0.000010 0.000010 0.000010 0.000010 0.000010 0.000010 0.000010
0.000010 0.000010 0.000010 0.000010 0.000010 0.000010 0.000010 0.000010 0.000010 0.000010 0.000010 0.999820 0.000010 0.000010 0.000010 0.000010 0.000010 0.000010 0.000010
0.168097 0.088377 0.000010 0.008460 0.000010 0.000010 0.000010 0.035931 0.000010 0.000010 0.000010 0.411620 0.000010 0.122488 0.164906 0.000010 0.000010 0.000010 0.000010
0.000010 0.999820 0.000010 0.000010 0.000010 0.000010 0.000010 0.000010 0.000010 0.000010 0.000010 0.000010 0.000010 0.000010 0.000010 0.000010 0.000010 0.000010 0.000010
0.000011 0.999819 0.000010 0.000010 0.000010 0.000010 0.000010 0.000010 0.000010 0.000010 0.000010 0.000010 0.000010 0.000010 0.000010 0.000010 0.000010 0.000010 0.000010
0.000010 0.999820 0.000010 0.000010 0.000010 0.000010 0.000010 0.000010 0.000010 0.000010 0.000010 0.000010 0.000010 0.000010 0.000010 0.000010 0.000010 0.000010 0.000010
0.000010 0.000010 0.000010 0.000010 0.000010 0.000010 0.000010 0.000010 0.000010 0.000010 0.000010 0.000010 0.000010 0.000010 0.000010 0.000010 0.000010 0.999820 0.000010
0.999820 0.000010 0.000010 0.000010 0.000010 0.000010 0.000010 0.000010 0.000010 0.000010 0.000010 0.000010 0.000010 0.000010 0.000010 0.000010 0.000010 0.000010 0.000010
0.000010 0.000010 0.000010 0.999820 0.000010 0.000010 0.000010 0.000010 0.000010 0.000010 0.000010 0.000010 0.000010 0.000010 0.000010 0.000010 0.000010 0.000010 0.000010
0.000010 0.000010 0.000010 0.538879 0.000010 0.000010 0.000010 0.086058 0.000010 0.000010 0.000010 0.000010 0.095053 0.228283 0.000016 0.000010 0.051581 0.000010 0.000010
0.000010 0.000010 0.000010 0.000010 0.000010 0.000010 0.000010 0.000010 0.000010 0.000010 0.000010 0.000010 0.999820 0.000010 0.000010 0.000010 0.000010 0.000010 0.000010
0.000010 0.000010 0.000010 0.000010 0.000010 0.000010 0.000010 0.000010 0.000010 0.000010 0.000010 0.999820 0.000010 0.000010 0.000010 0.000010 0.000010 0.000010 0.000010
0.000010 0.000010 0.000010 0.000010 0.000010 0.000010 0.000010 0.000010 0.000010 0.000010 0.000010 0.999820 0.000010 0.000010 0.000010 0.000010 0.000010 0.000010 0.000010
0.427616 0.000010 0.000010 0.000010 0.038679 0.000010 0.000010 0.000010 0.000010 0.000010 0.000010 0.000010 0.000010 0.255417 0.165716 0.000010 0.000010 0.000010 0.112432
0.000010 0.000010 0.000010 0.000010 0.000010 0.000010 0.000010 0.000010 0.000010 0.000010 0.000010 0.999820 0.000010 0.000010 0.000010 0.000010 0.000010 0.000010 0.000010
0.137944 0.000010 0.066375 0.000010 0.021962 0.000010 0.000010 0.019788 0.000010 0.000010 0.000010 0.000010 0.486497 0.095327 0.000010 0.000010 0.000010 0.044353 0.127643
0.000010 0.000010 0.000010 0.000010 0.000010 0.000010 0.000010 0.000010 0.000010 0.000010 0.000010 0.000010 0.000010 0.999820 0.000010 0.000010 0.000010 0.000010 0.000010
0.000010 0.000010 0.000010 0.000010 0.000010 0.000010 0.000010 0.000010 0.000010 0.000010 0.000010 0.000010 0.000010 0.999820 0.000010 0.000010 0.000010 0.000010 0.000010
0.000010 0.000010 0.000010 0.000010 0.000010 0.000010 0.000010 0.000010 0.000010 0.000010 0.000010 0.000010 0.000010 0.999820 0.000010 0.000010 0.000010 0.000010 0.000010
0.000010 0.000010 0.000010 0.000010 0.000010 0.000010 0.000010 0.000010 0.000010 0.000010 0.000010 0.000010 0.434988 0.085407 0.198115 0.000010 0.000010 0.119900 0.161449
0.000010 0.000010 0.000010 0.000010 0.101500 0.020220 0.000010 0.000010 0.000010 0.045443 0.000010 0.000010 0.325047 0.247350 0.000010 0.000010 0.000010 0.054628 0.205691
0.000010 0.000010 0.000010 0.000010 0.000010 0.000010 0.000010 0.000010 0.000010 0.000010 0.539724 0.000010 0.000010 0.129758 0.330358 0.000010 0.000010 0.000010 0.000010
0.000010 0.000010 0.007713 0.000010 0.000010 0.000010 0.641110 0.000010 0.000010 0.000010 0.018446 0.000010 0.034657 0.000010 0.000010 0.118721 0.000010 0.179223 0.000010
0.180901 0.000010 0.000010 0.000010 0.000010 0.000010 0.000010 0.014482 0.000010 0.000010 0.000010 0.000010 0.163322 0.479537 0.000010 0.000010 0.000010 0.039284 0.122343
0.000010 0.000010 0.000010 0.000010 0.000010 0.000010 0.000010 0.000010 0.000010 0.000010 0.000010 0.000010 0.000010 0.999820 0.000010 0.000010 0.000010 0.000010 0.000010
0.000010 0.000010 0.000010 0.000010 0.002512 0.000010 0.000010 0.000010 0.000010 0.000010 0.000010 0.000010 0.718243 0.000010 0.000010 0.000010 0.000010 0.279086 0.000010
0.000010 0.000010 0.000010 0.000010 0.000010 0.199535 0.000010 0.000010 0.000010 0.000010 0.000010 0.000010 0.587911 0.000010 0.212395 0.000010 0.000010 0.000010 0.000010
0.242270 0.040215 0.000010 0.000010 0.000010 0.002279 0.000010 0.000010 0.000010 0.075728 0.000010 0.000010 0.000010 0.266959 0.000010 0.000010 0.000010 0.000010 0.372419
0.000010 0.021193 0.000010 0.000010 0.038886 0.000010 0.000010 0.000010 0.000010 0.000010 0.000010 0.000010 0.000010 0.374617 0.000010 0.000010 0.000010 0.189308 0.375856
0.000010 0.080156 0.000010 0.000010 0.152583 0.124889 0.021782 0.173437 0.149029 0.057771 0.000010 0.000010 0.000010 0.000010 0.000010 0.000010 0.063067 0.066469 0.110727
0.000010 0.000010 0.000010 0.000010 0.072421 0.000010 0.000010 0.050563 0.000010 0.000010 0.000010 0.000010 0.294551 0.499971 0.000010 0.000010 0.000010 0.000010 0.082354
0.000010 0.000010 0.000010 0.061501 0.028468 0.000010 0.565841 0.046460 0.217684 0.000010 0.000010 0.000010 0.010048 0.000010 0.000010 0.000010 0.000010 0.000010 0.069878
0.000010 0.999820 0.000010 0.000010 0.000010 0.000010 0.000010 0.000010 0.000010 0.000010 0.000010 0.000010 0.000010 0.000010 0.000010 0.000010 0.000010 0.000010 0.000010
0.000010 0.592835 0.000010 0.000010 0.000010 0.000010 0.000010 0.000010 0.000010 0.000010 0.000010 0.406995 0.000010 0.000010 0.000010 0.000010 0.000010 0.000010 0.000010
0.000010 0.151291 0.000010 0.000010 0.000010 0.000010 0.000010 0.000010 0.000010 0.000010 0.000010 0.848537 0.000010 0.000010 0.000010 0.000010 0.000011 0.000010 0.000010
0.000010 0.000010 0.000010 0.099032 0.000010 0.000010 0.122712 0.000010 0.000010 0.000010 0.000010 0.778096 0.000010 0.000010 0.000010 0.000010 0.000010 0.000010 0.000010
0.000010 0.000010 0.000010 0.000010 0.000010 0.000010 0.000010 0.000010 0.000010 0.000010 0.000010 0.999820 0.000010 0.000010 0.000010 0.000010 0.000010 0.000010 0.000010
0.000010 0.000010 0.000010 0.154467 0.000010 0.000010 0.078303 0.000010 0.000010 0.000010 0.000010 0.767071 0.000010 0.000010 0.000010 0.000010 0.000010 0.000010 0.000010
0.000010 0.000010 0.000010 0.000010 0.000010 0.000010 0.000010 0.000010 0.000010 0.000010 0.000010 0.999820 0.000010 0.000010 0.000010 0.000010 0.000010 0.000010 0.000010
0.000010 0.000010 0.000010 0.000010 0.000010 0.000010 0.000010 0.000010 0.000010 0.000010 0.000010 0.000010 0.000010 0.000010 0.999820 0.000010 0.000010 0.000010 0.000010
0.000010 0.000010 0.000010 0.999820 0.000010 0.000010 0.000010 0.000010 0.000010 0.000010 0.000010 0.000010 0.000010 0.000010 0.000010 0.000010 0.000010 0.000010 0.000010
0.000010 0.999820 0.000010 0.000010 0.000010 0.000010 0.000010 0.000010 0.000010 0.000010 0.000010 0.000010 0.000010 0.000010 0.000010 0.000010 0.000010 0.000010 0.000010
0.150160 0.000010 0.000010 0.000010 0.000010 0.000010 0.000010 0.000010 0.000010 0.000010 0.000010 0.000010 0.394063 0.000010 0.000010 0.000010 0.000010 0.000010 0.455617
0.000010 0.091304 0.000010 0.000010 0.000010 0.000010 0.000010 0.000010 0.000010 0.000010 0.000010 0.908526 0.000010 0.000010 0.000010 0.000010 0.000010 0.000010 0.000010
0.000010 0.400443 0.000010 0.157104 0.000010 0.000010 0.000010 0.000010 0.000010 0.145791 0.033727 0.167648 0.000010 0.000010 0.000010 0.095158 0.000010 0.000010 0.000010
0.000010 0.000010 0.000010 0.000010 0.094255 0.389401 0.000010 0.506435 0.000010 0.000010 0.000010 0.000010 0.000010 0.000010 0.000010 0.000010 0.000010 0.009759 0.000010
0.000010 0.123311 0.000010 0.086295 0.000010 0.000010 0.074818 0.000010 0.053474 0.000010 0.000010 0.661962 0.000010 0.000010 0.000010 0.000010 0.000010 0.000010 0.000010
0.000010 0.003915 0.000010 0.000010 0.061359 0.000010 0.000010 0.010236 0.000010 0.000010 0.000010 0.000010 0.000010 0.000010 0.000010 0.924340 0.000010 0.000010 0.000010
0.000010 0.120513 0.000010 0.171544 0.000010 0.000010 0.626718 0.000010 0.000010 0.000010 0.000010 0.000010 0.000010 0.000010 0.000010 0.081076 0.000010 0.000010 0.000010
0.000010 0.000010 0.000010 0.999820 0.000010 0.000010 0.000010 0.000010 0.000010 0.000010 0.000010 0.000010 0.000010 0.000010 0.000010 0.000010 0.000010 0.000010 0.000010
0.182743 0.000010 0.000010 0.018607 0.000010 0.698262 0.099278 0.000010 0.000010 0.000010 0.000010 0.000010 0.000010 0.000010 0.000010 0.000970 0.000010 0.000010 0.000010
0.000010 0.000010 0.000010 0.000010 0.022101 0.014587 0.000010 0.062750 0.000010 0.003300 0.000010 0.000010 0.000010 0.234151 0.000010 0.000010 0.067234 0.470362 0.125405
0.051988 0.000010 0.000010 0.000010 0.087303 0.155424 0.285191 0.132514 0.053125 0.234334 0.000010 0.000010 0.000010 0.000010 0.000010 0.000010 0.000010 0.000010 0.000010
0.000010 0.000010 0.000010 0.000010 0.039714 0.001793 0.152424 0.000010 0.000010 0.000010 0.083002 0.000010 0.000010 0.000010 0.185314 0.192888 0.000010 0.344745 0.000010
0.169741 0.000010 0.000010 0.117387 0.149504 0.000010 0.318045 0.000010 0.000010 0.000010 0.000010 0.000010 0.000010 0.000010 0.052330 0.000010 0.000010 0.192864 0.000010
0.365727 0.000010 0.000525 0.000010 0.000010 0.000010 0.000010 0.010014 0.004260 0.005998 0.000010 0.000010 0.475592 0.137763 0.000010 0.000010 0.000010 0.000010 0.000010
0.000010 0.010846 0.000010 0.022688 0.000010 0.000010 0.000010 0.000010 0.000010 0.000010 0.000010 0.000010 0.609719 0.000010 0.000010 0.000010 0.000010 0.000010 0.356597
0.000010 0.000010 0.000010 0.000010 0.000010 0.000010 0.000010 0.999820 0.000010 0.000010 0.000010 0.000010 0.000010 0.000010 0.000010 0.000010 0.000010 0.000010 0.000010
0.000010 0.000010 0.000010 0.000010 0.000010 0.000010 0.000010 0.999820 0.000010 0.000010 0.000010 0.000010 0.000010 0.000010 0.000010 0.000010 0.000010 0.000010 0.000010
0.000010 0.000010 0.000010 0.000010 0.000010 0.000010 0.000010 0.000010 0.000010 0.000010 0.000010 0.090024 0.000010 0.000010 0.000010 0.909806 0.000010 0.000010 0.000010
0.000010 0.000010 0.040900 0.200099 0.016221 0.000010 0.064709 0.000010 0.022553 0.000010 0.065287 0.060667 0.000010 0.000010 0.045636 0.434140 0.000010 0.000010 0.049698
0.202762 0.000010 0.000010 0.000010 0.000010 0.030598 0.000010 0.006969 0.084361 0.000010 0.018480 0.000010 0.000010 0.000010 0.000010 0.000010 0.000010 0.656700 0.000010
0.000010 0.000010 0.000010 0.000010 0.000010 0.000010 0.000010 0.000010 0.000010 0.000010 0.000010 0.000010 0.000010 0.000010 0.000010 0.999820 0.000010 0.000010 0.000010
0.000010 0.035439 0.025765 0.133984 0.000010 0.000010 0.032180 0.000010 0.076106 0.000010 0.065663 0.023469 0.000010 0.000010 0.131503 0.445417 0.030383 0.000010 0.000010
0.000010 0.029169 0.000010 0.000010 0.000010 0.108783 0.861889 0.000010 0.000010 0.000010 0.000010 0.000010 0.000010 0.000010 0.000010 0.000010 0.000010 0.000010 0.000010
0.000010 0.045196 0.000010 0.067523 0.000010 0.000010 0.051860 0.000010 0.094068 0.000010 0.037279 0.060350 0.000010 0.026134 0.060279 0.539817 0.000010 0.000010 0.017404
0.000010 0.000010 0.000010 0.000010 0.000010 0.117169 0.651650 0.000010 0.000010 0.000010 0.000010 0.000010 0.000010 0.000010 0.231020 0.000010 0.000010 0.000010 0.000010
0.000010 0.000010 0.000010 0.000010 0.000010 0.000010 0.000010 0.899527 0.024254 0.000010 0.000010 0.000010 0.000010 0.000010 0.000010 0.076058 0.000010 0.000010 0.000010
0.000010 0.000010 0.000010 0.000010 0.079785 0.288405 0.267491 0.159653 0.000010 0.000010 0.000010 0.000010 0.204526 0.000010 0.000010 0.000010 0.000010 0.000010 0.000010
0.180193 0.000010 0.000010 0.000010 0.000010 0.189797 0.000010 0.000010 0.009647 0.013255 0.000010 0.000010 0.000010 0.095690 0.000010 0.000010 0.000010 0.503591 0.007707
0.000010 0.000010 0.031959 0.064087 0.046918 0.007056 0.049894 0.000010 0.038484 0.000010 0.082791 0.078003 0.000010 0.000010 0.061878 0.483282 0.000010 0.000010 0.055569
0.033625 0.000010 0.000010 0.000010 0.000010 0.000010 0.000010 0.000010 0.000010 0.000010 0.000010 0.000010 0.399123 0.330487 0.000010 0.000010 0.000010 0.236614 0.000010
0.000010 0.000010 0.000010 0.000010 0.000010 0.000010 0.000010 0.000010 0.000010 0.000010 0.000010 0.000010 0.000010 0.000010 0.000010 0.000010 0.000010 0.000010 0.999820
0.274004 0.033958 0.000010 0.000010 0.000010 0.000010 0.000010 0.000010 0.000010 0.000010 0.000010 0.000010 0.448936 0.233266 0.000010 0.009695 0.000010 0.000010 0.000010
0.000010 0.000010 0.000010 0.000010 0.000010 0.000010 0.000010 0.090902 0.000010 0.000010 0.000010 0.000010 0.535539 0.373399 0.000010 0.000010 0.000010 0.000010 0.000010
0.000010 0.000010 0.000010 0.000010 0.000010 0.000010 0.000010 0.000010 0.000010 0.000010 0.000010 0.000010 0.482050 0.000010 0.000010 0.000010 0.000010 0.000010 0.517780
0.000010 0.000010 0.016217 0.000010 0.000010 0.000010 0.000010 0.000010 0.000010 0.000010 0.016808 0.000010 0.846015 0.000010 0.000010 0.000010 0.000010 0.120809 0.000010
0.000010 0.000010 0.000010 0.000010 0.000010 0.203282 0.000010 0.796548 0.000010 0.000010 0.000010 0.000010 0.000010 0.000010 0.000010 0.000010 0.000010 0.000010 0.000010
0.000010 0.999820 0.000010 0.000010 0.000010 0.000010 0.000010 0.000010 0.000010 0.000010 0.000010 0.000010 0.000010 0.000010 0.000010 0.000010 0.000010 0.000010 0.000010
0.000010 0.000010 0.000010 0.000010 0.000010 0.000010 0.000010 0.000010 0.999820 0.000010 0.000010 0.000010 0.000010 0.000010 0.000010 0.000010 0.000010 0.000010 0.000010
0.000010 0.093180 0.000010 0.000010 0.000010 0.000010 0.000010 0.000010 0.000010 0.000010 0.000010 0.906650 0.000010 0.000010 0.000010 0.000010 0.000010 0.000010 0.000010
0.000010 0.000010 0.000010 0.000010 0.000010 0.000010 0.000010 0.000010 0.000010 0.000010 0.000010 0.999820 0.000010 0.000010 0.000010 0.000010 0.000010 0.000010 0.000010
0.000010 0.000010 0.000010 0.000010 0.000010 0.000010 0.000010 0.000010 0.000010 0.000010 0.000010 0.999820 0.000010 0.000010 0.000010 0.000010 0.000010 0.000010 0.000010
0.000010 0.000010 0.000010 0.999820 0.000010 0.000010 0.000010 0.000010 0.000010 0.000010 0.000010 0.000010 0.000010 0.000010 0.000010 0.000010 0.000010 0.000010 0.000010
0.000010 0.000010 0.000010 0.000010 0.000010 0.000010 0.000010 0.999820 0.000010 0.000010 0.000010 0.000010 0.000010 0.000010 0.000010 0.000010 0.000010 0.000010 0.000010
0.000010 0.000010 0.025013 0.000010 0.000010 0.000010 0.000010 0.916355 0.000010 0.000010 0.000010 0.000010 0.000010 0.000010 0.000010 0.000010 0.000010 0.058472 0.000010
0.722102 0.000010 0.000010 0.000010 0.000010 0.000010 0.000010 0.000010 0.000010 0.000010 0.000010 0.000010 0.000010 0.277728 0.000010 0.000010 0.000010 0.000010 0.000010
0.000010 0.000010 0.000010 0.000010 0.000010 0.000010 0.000010 0.000010 0.999820 0.000010 0.000010 0.000010 0.000010 0.000010 0.000010 0.000010 0.000010 0.000010 0.000010
0.000010 0.000010 0.000010 0.000010 0.000010 0.000010 0.701505 0.000010 0.000010 0.000010 0.000010 0.000010 0.000010 0.000010 0.000010 0.000010 0.000010 0.000010 0.298325
0.000010 0.000010 0.081708 0.000010 0.000010 0.000010 0.007447 0.802042 0.000010 0.000010 0.046602 0.062061 0.000010 0.000010 0.000010 0.000010 0.000010 0.000010 0.000010
0.000010 0.000010 0.000010 0.000010 0.000010 0.000010 0.000010 0.000010 0.000010 0.999820 0.000010 0.000010 0.000010 0.000010 0.000010 0.000010 0.000010 0.000010 0.000010
0.189628 0.000010 0.000010 0.000010 0.030251 0.014840 0.000010 0.022714 0.008239 0.164786 0.014476 0.089627 0.020029 0.000010 0.048000 0.065339 0.000010 0.332001 0.000010
0.000010 0.000010 0.000010 0.000010 0.000010 0.000010 0.000010 0.677663 0.000010 0.227225 0.000010 0.000010 0.094952 0.000010 0.000010 0.000010 0.000010 0.000010 0.000010
0.000010 0.000010 0.015618 0.596037 0.000010 0.000010 0.000010 0.000010 0.000010 0.045648 0.000010 0.000010 0.000010 0.000010 0.009423 0.041210 0.000010 0.129597 0.162347
0.000010 0.000010 0.000010 0.000010 0.000010 0.104173 0.000010 0.497441 0.000010 0.258595 0.000010 0.000010 0.019835 0.000010 0.010487 0.000010 0.000010 0.109339 0.000010
0.237408 0.000010 0.000010 0.000916 0.128375 0.074943 0.000010 0.016597 0.000010 0.057346 0.000010 0.000010 0.035249 0.000010 0.000010 0.056903 0.000010 0.310611 0.081561
0.000010 0.000010 0.000010 0.000010 0.000010 0.334380 0.000010 0.447557 0.000010 0.000010 0.000010 0.000010 0.000010 0.000010 0.078648 0.000010 0.000010 0.139265 0.000010
0.033841 0.000010 0.000010 0.026554 0.089310 0.000010 0.248085 0.566623 0.000010 0.000010 0.000010 0.035457 0.000010 0.000010 0.000010 0.000010 0.000010 0.000010 0.000010
0.000010 0.050303 0.000010 0.066768 0.067023 0.000010 0.030821 0.000010 0.092562 0.000010 0.000010 0.000010 0.000010 0.000010 0.061776 0.630626 0.000010 0.000010 0.000010
0.000010 0.007670 0.000010 0.000010 0.000010 0.000010 0.918319 0.000010 0.000010 0.073850 0.000010 0.000010 0.000010 0.000010 0.000010 0.000010 0.000010 0.000010 0.000010
0.999820 0.000010 0.000010 0.000010 0.000010 0.000010 0.000010 0.000010 0.000010 0.000010 0.000010 0.000010 0.000010 0.000010 0.000010 0.000010 0.000010 0.000010 0.000010
0.705332 0.000010 0.000010 0.000010 0.000010 0.000010 0.000010 0.000010 0.000010 0.000010 0.000010 0.000010 0.000010 0.294498 0.000010 0.000010 0.000010 0.000010 0.000010
0.000010 0.000010 0.000010 0.000010 0.000010 0.000010 0.000010 0.000010 0.428097 0.000010 0.000010 0.000010 0.000010 0.000010 0.000010 0.571733 0.000010 0.000010 0.000010
0.000010 0.000010 0.000010 0.000010 0.000010 0.000010 0.000010 0.000010 0.999820 0.000010 0.000010 0.000010 0.000010 0.000010 0.000010 0.000010 0.000010 0.000010 0.000010
0.000010 0.018105 0.864915 0.000010 0.000010 0.099216 0.000010 0.005569 0.000010 0.000010 0.011411 0.000010 0.000010 0.000010 0.000010 0.000010 0.000653 0.000010 0.000010
0.000010 0.000010 0.951419 0.000010 0.048411 0.000010 0.000010 0.000010 0.000010 0.000010 0.000010 0.000010 0.000010 0.000010 0.000010 0.000010 0.000010 0.000010 0.000010
0.000010 0.000010 0.000010 0.999820 0.000010 0.000010 0.000010 0.000010 0.000010 0.000010 0.000010 0.000010 0.000010 0.000010 0.000010 0.000010 0.000010 0.000010 0.000010
0.000010 0.091507 0.000010 0.000010 0.058033 0.000010 0.000010 0.087546 0.000010 0.079320 0.000010 0.000010 0.000010 0.043301 0.053237 0.000010 0.000010 0.509747 0.077198
0.000010 0.014712 0.000010 0.000010 0.000010 0.000010 0.000010 0.447205 0.000010 0.130609 0.000010 0.034924 0.000010 0.000010 0.000010 0.224430 0.000010 0.069387 0.078613
0.000010 0.000010 0.000010 0.000010 0.000010 0.000010 0.000010 0.000010 0.000010 0.000010 0.000010 0.000010 0.523852 0.236756 0.239233 0.000010 0.000010 0.000010 0.000010
0.000010 0.009977 0.000010 0.000010 0.000010 0.151944 0.376529 0.000010 0.000010 0.423690 0.000010 0.016505 0.000010 0.000010 0.000010 0.019133 0.000010 0.000010 0.002102
0.999820 0.000010 0.000010 0.000010 0.000010 0.000010 0.000010 0.000010 0.000010 0.000010 0.000010 0.000010 0.000010 0.000010 0.000010 0.000010 0.000010 0.000010 0.000010
0.000010 0.000010 0.035358 0.000010 0.000010 0.000010 0.000010 0.080811 0.000010 0.000010 0.000010 0.000010 0.035369 0.575533 0.129465 0.000010 0.000010 0.000010 0.143334
0.000010 0.000010 0.999820 0.000010 0.000010 0.000010 0.000010 0.000010 0.000010 0.000010 0.000010 0.000010 0.000010 0.000010 0.000010 0.000010 0.000010 0.000010 0.000010
0.047982 0.000010 0.006260 0.000010 0.000010 0.276648 0.320653 0.000010 0.000010 0.000010 0.014778 0.000010 0.000010 0.068444 0.000010 0.000010 0.000010 0.265116 0.000010
0.000010 0.000010 0.878926 0.000010 0.000010 0.000010 0.000010 0.000010 0.000010 0.000010 0.000010 0.013312 0.000010 0.000010 0.000010 0.000010 0.107602 0.000010 0.000010
0.000010 0.000010 0.999820 0.000010 0.000010 0.000010 0.000010 0.000010 0.000010 0.000010 0.000010 0.000010 0.000010 0.000010 0.000010 0.000010 0.000010 0.000010 0.000010
0.000010 0.000010 0.911710 0.000010 0.000010 0.073123 0.000010 0.000010 0.015007 0.000010 0.000010 0.000010 0.000010 0.000010 0.000010 0.000010 0.000010 0.000010 0.000010
0.065346 0.000010 0.000010 0.000010 0.032525 0.220981 0.472388 0.086602 0.000010 0.000010 0.000010 0.051685 0.000010 0.000010 0.000010 0.000010 0.000010 0.022082 0.048282
0.060826 0.000010 0.000010 0.000010 0.000010 0.000010 0.000010 0.001709 0.000010 0.000010 0.000010 0.000010 0.135698 0.256854 0.227288 0.000010 0.000010 0.000010 0.317495
0.000010 0.000010 0.000010 0.000010 0.000010 0.000010 0.000010 0.000010 0.000010 0.000010 0.000010 0.000010 0.000010 0.999820 0.000010 0.000010 0.000010 0.000010 0.000010
0.102362 0.000010 0.000010 0.000010 0.000010 0.000010 0.339110 0.000010 0.236513 0.025059 0.000010 0.000010 0.000010 0.000010 0.000010 0.033550 0.111955 0.000010 0.151332
0.000010 0.021109 0.000010 0.060059 0.000010 0.000010 0.373159 0.000010 0.470402 0.000010 0.000010 0.050830 0.000010 0.000010 0.024311 0.000010 0.000010 0.000010 0.000010
0.000010 0.000010 0.000010 0.000010 0.000010 0.000010 0.000010 0.000010 0.000010 0.000010 0.999820 0.000010 0.000010 0.000010 0.000010 0.000010 0.000010 0.000010 0.000010
0.191351 0.000010 0.000010 0.086337 0.000010 0.000010 0.000010 0.008908 0.000010 0.062036 0.000010 0.012185 0.000010 0.000010 0.103159 0.148530 0.000010 0.347496 0.039898
0.097429 0.000010 0.016048 0.000010 0.008446 0.000010 0.000010 0.079889 0.000010 0.000010 0.000010 0.000010 0.389111 0.119309 0.203648 0.000010 0.000010 0.000010 0.086010
0.000010 0.000010 0.000010 0.000010 0.000010 0.000010 0.999820 0.000010 0.000010 0.000010 0.000010 0.000010 0.000010 0.000010 0.000010 0.000010 0.000010 0.000010 0.000010
0.000010 0.000010 0.000010 0.000010 0.000010 0.000010 0.746194 0.000010 0.048399 0.000010 0.000010 0.205246 0.000010 0.000010 0.000010 0.000010 0.000010 0.000010 0.000010
0.000010 0.000010 0.000010 0.000010 0.000010 0.000010 0.681022 0.004415 0.000010 0.000010 0.000010 0.000010 0.000010 0.000010 0.000010 0.000010 0.000010 0.000010 0.314402
0.000010 0.000010 0.000010 0.000010 0.000010 0.000010 0.000010 0.000010 0.000010 0.000010 0.000010 0.000010 0.887593 0.000010 0.000010 0.000010 0.000010 0.000010 0.112237
0.000010 0.000010 0.000010 0.000010 0.000010 0.000010 0.000010 0.000010 0.000010 0.000010 0.000010 0.000010 0.874300 0.000010 0.125530 0.000010 0.000010 0.000010 0.000010
0.055197 0.000010 0.064509 0.000010 0.022448 0.037601 0.000010 0.000010 0.000010 0.000010 0.000010 0.000010 0.370275 0.128094 0.000010 0.000010 0.000010 0.275374 0.046391
0.338496 0.031834 0.000010 0.000010 0.000010 0.000010 0.000010 0.000010 0.000010 0.000010 0.000010 0.000013 0.000010 0.629507 0.000010 0.000010 0.000010 0.000010 0.000010
0.000010 0.000010 0.000010 0.999820 0.000010 0.000010 0.000010 0.000010 0.000010 0.000010 0.000010 0.000010 0.000010 0.000010 0.000010 0.000010 0.000010 0.000010 0.000010
0.000010 0.000010 0.000010 0.000010 0.047786 0.000010 0.000010 0.000010 0.000010 0.952044 0.000010 0.000010 0.000010 0.000010 0.000010 0.000010 0.000010 0.000010 0.000010
0.000010 0.095886 0.000010 0.206380 0.000010 0.000010 0.000010 0.006699 0.000010 0.000010 0.000010 0.140110 0.000010 0.001157 0.211482 0.220029 0.000010 0.000010 0.118146
0.000010 0.000010 0.000010 0.000010 0.000010 0.000010 0.000010 0.000010 0.000010 0.033002 0.000010 0.000010 0.000010 0.000010 0.767359 0.000010 0.000010 0.000010 0.199479
0.000010 0.000010 0.000010 0.389149 0.000010 0.000010 0.000010 0.000010 0.000010 0.000010 0.000010 0.011029 0.000010 0.000010 0.000010 0.599661 0.000010 0.000010 0.000010
0.000010 0.000010 0.000010 0.020016 0.000010 0.000010 0.000010 0.000010 0.000010 0.000010 0.154592 0.000010 0.000010 0.000010 0.000010 0.825233 0.000010 0.000010 0.000010
0.000010 0.000010 0.000010 0.029568 0.000010 0.000010 0.093215 0.000010 0.000010 0.000010 0.000010 0.077702 0.000010 0.000010 0.000010 0.799365 0.000010 0.000010 0.000010
0.000010 0.035849 0.000010 0.000010 0.000010 0.000010 0.000010 0.000010 0.000010 0.064209 0.000010 0.000010 0.000010 0.000010 0.000010 0.899782 0.000010 0.000010 0.000010
0.000010 0.000010 0.000010 0.000010 0.000010 0.000010 0.628037 0.000010 0.000010 0.000010 0.092229 0.112573 0.000010 0.000010 0.005329 0.161693 0.000010 0.000010 0.000010
0.000010 0.000010 0.999820 0.000010 0.000010 0.000010 0.000010 0.000010 0.000010 0.000010 0.000010 0.000010 0.000010 0.000010 0.000010 0.000010 0.000010 0.000010 0.000010
0.000010 0.000010 0.000010 0.000010 0.000010 0.999820 0.000010 0.000010 0.000010 0.000010 0.000010 0.000010 0.000010 0.000010 0.000010 0.000010 0.000010 0.000010 0.000010
0.000010 0.011078 0.000010 0.000010 0.000010 0.000010 0.000010 0.000010 0.000010 0.369497 0.000010 0.000010 0.000010 0.000010 0.000010 0.000010 0.000010 0.288082 0.331192
0.000010 0.000010 0.020796 0.000010 0.000010 0.000010 0.000010 0.000010 0.240847 0.000010 0.000010 0.000010 0.000010 0.000010 0.000010 0.738197 0.000010 0.000010 0.000010
0.000010 0.000010 0.000010 0.000010 0.000010 0.085968 0.000010 0.000010 0.000010 0.008921 0.023035 0.000010 0.098676 0.279473 0.000010 0.000010 0.006285 0.497522 0.000010
0.000010 0.000010 0.000010 0.000010 0.000010 0.000010 0.035767 0.000010 0.000010 0.000010 0.000010 0.014721 0.000010 0.000010 0.000010 0.949352 0.000010 0.000010 0.000010
0.000010 0.000010 0.000010 0.000010 0.000010 0.000010 0.000010 0.012537 0.000010 0.191591 0.000010 0.000010 0.383905 0.063872 0.000010 0.000010 0.000010 0.321027 0.026939
0.134455 0.000010 0.000010 0.000010 0.000010 0.000010 0.000010 0.225750 0.000010 0.092712 0.019926 0.015752 0.000047 0.020919 0.000010 0.000010 0.000010 0.245529 0.244809
0.000010 0.000010 0.000010 0.000010 0.000010 0.163028 0.000010 0.261800 0.000010 0.280482 0.000010 0.000010 0.000010 0.126434 0.000010 0.000010 0.000010 0.103072 0.065053
0.257732 0.002428 0.000010 0.000010 0.000010 0.221928 0.204363 0.074430 0.101280 0.000010 0.014800 0.015216 0.000010 0.000010 0.000010 0.000010 0.089480 0.018253 0.000010
0.000010 0.000010 0.000010 0.000010 0.063657 0.000010 0.043772 0.461053 0.000010 0.230460 0.000010 0.000010 0.000010 0.000010 0.000010 0.000010 0.000010 0.000010 0.200919
0.151674 0.000010 0.000010 0.000010 0.000010 0.170152 0.060813 0.513536 0.000010 0.035655 0.000010 0.000010 0.000010 0.000010 0.000010 0.000010 0.000010 0.068040 0.000010
0.000010 0.000010 0.000010 0.000010 0.000010 0.000010 0.535221 0.000010 0.086328 0.000010 0.000010 0.000010 0.000010 0.000010 0.000010 0.000010 0.000010 0.000010 0.378291
0.000010 0.000010 0.000010 0.000010 0.114656 0.000010 0.208416 0.000010 0.000010 0.000010 0.000010 0.000010 0.000010 0.000010 0.676768 0.000010 0.000010 0.000010 0.000010
0.000010 0.017058 0.005214 0.039080 0.000010 0.000010 0.493043 0.000010 0.057811 0.165889 0.036991 0.016671 0.000010 0.000010 0.000010 0.066981 0.000010 0.000010 0.101170
0.000010 0.000010 0.000010 0.000010 0.000010 0.000010 0.000010 0.000010 0.000010 0.000010 0.000010 0.000010 0.000010 0.000010 0.999820 0.000010 0.000010 0.000010 0.000010
0.000010 0.000010 0.000010 0.000010 0.000010 0.000010 0.000010 0.000010 0.000010 0.000010 0.000010 0.000010 0.000010 0.000010 0.999820 0.000010 0.000010 0.000010 0.000010
0.058951 0.015248 0.000010 0.068319 0.164816 0.000010 0.318463 0.044603 0.000010 0.063202 0.000010 0.005431 0.052358 0.000010 0.118748 0.000010 0.000010 0.089782 0.000010
0.000010 0.000010 0.000010 0.000010 0.000010 0.000010 0.000010 0.000010 0.000010 0.000010 0.000010 0.000010 0.000010 0.000010 0.999820 0.000010 0.000010 0.000010 0.000010
0.000010 0.000010 0.000010 0.000010 0.000010 0.000010 0.000010 0.357058 0.000010 0.642772 0.000010 0.000010 0.000010 0.000010 0.000010 0.000010 0.000010 0.000010 0.000010
0.000010 0.000010 0.000010 0.000010 0.038881 0.000010 0.000010 0.000010 0.000010 0.000010 0.000010 0.000010 0.000010 0.081342 0.000010 0.000010 0.000010 0.715966 0.163662
0.246069 0.000010 0.000010 0.000010 0.044569 0.000010 0.000010 0.255738 0.000010 0.160027 0.000010 0.000010 0.000010 0.000010 0.000010 0.000010 0.000010 0.068659 0.224809
0.000010 0.000010 0.000010 0.000010 0.000010 0.000010 0.000010 0.000010 0.000010 0.672840 0.000010 0.000010 0.000010 0.000010 0.000010 0.326990 0.000010 0.000010 0.000010
0.000010 0.000010 0.000010 0.000010 0.000010 0.000010 0.000010 0.000010 0.000010 0.000010 0.000010 0.000010 0.000010 0.000010 0.000010 0.999820 0.000010 0.000010 0.000010
0.000010 0.000010 0.000010 0.000010 0.120477 0.000010 0.000010 0.005256 0.000010 0.000010 0.000010 0.000010 0.000010 0.000010 0.000010 0.000010 0.028773 0.661859 0.183495
0.000010 0.000010 0.000010 0.000010 0.000010 0.000010 0.000010 0.000010 0.000010 0.999820 0.000010 0.000010 0.000010 0.000010 0.000010 0.000010 0.000010 0.000010 0.000010
0.000010 0.000010 0.313080 0.000010 0.000010 0.000010 0.027133 0.000010 0.000010 0.000010 0.000010 0.000010 0.000010 0.000010 0.000010 0.000010 0.659627 0.000010 0.000010
0.000010 0.000010 0.727445 0.000010 0.000010 0.028722 0.000010 0.000010 0.000010 0.000010 0.000010 0.037103 0.000010 0.000010 0.000010 0.000010 0.175187 0.000010 0.031403
0.000010 0.000010 0.000010 0.000010 0.000010 0.000010 0.404669 0.000010 0.000010 0.000010 0.000010 0.000010 0.000010 0.000010 0.000010 0.000010 0.000010 0.000010 0.595161
0.000010 0.000010 0.688182 0.000010 0.000010 0.000010 0.000010 0.000010 0.000010 0.000010 0.000010 0.011518 0.000010 0.000010 0.000010 0.000010 0.290321 0.000010 0.009829
0.000010 0.000010 0.715759 0.052550 0.000010 0.058295 0.000010 0.000010 0.015852 0.000010 0.026581 0.000010 0.000010 0.000010 0.000010 0.000010 0.130832 0.000010 0.000010
0.000010 0.000010 0.145062 0.119897 0.000010 0.000010 0.000010 0.000010 0.000010 0.000010 0.000010 0.000010 0.000010 0.000010 0.079117 0.000010 0.571427 0.058028 0.026339
0.000010 0.000010 0.000010 0.000010 0.007739 0.000010 0.000010 0.000010 0.000010 0.000010 0.000010 0.000010 0.000010 0.000010 0.000010 0.992091 0.000010 0.000010 0.000010
0.000010 0.030830 0.419841 0.000010 0.007283 0.000010 0.059891 0.000010 0.000010 0.000010 0.017471 0.000010 0.000010 0.000010 0.000010 0.000010 0.464554 0.000010 0.000010
0.000010 0.000010 0.691856 0.000013 0.000010 0.000010 0.000010 0.039642 0.000010 0.000010 0.079080 0.000010 0.000010 0.044589 0.000010 0.000010 0.103054 0.041646 0.000010
0.000010 0.000010 0.721133 0.000010 0.000010 0.000010 0.000010 0.000010 0.000010 0.000010 0.203955 0.000010 0.000010 0.000010 0.000010 0.000010 0.074752 0.000010 0.000010
0.000010 0.000010 0.000010 0.000010 0.000010 0.000010 0.000010 0.001749 0.000010 0.059755 0.009369 0.000010 0.038571 0.110232 0.000010 0.000010 0.000010 0.780195 0.000010
0.000010 0.000010 0.000010 0.000010 0.000010 0.000010 0.000010 0.039463 0.000010 0.000010 0.000010 0.018301 0.000010 0.000010 0.000010 0.000010 0.052613 0.889473 0.000010
0.000010 0.000010 0.000010 0.000010 0.035771 0.000010 0.378192 0.140092 0.324285 0.000010 0.000010 0.000010 0.000010 0.000010 0.000010 0.000010 0.000010 0.121520 0.000010
0.000010 0.000010 0.000010 0.049976 0.033072 0.000010 0.075730 0.102926 0.000010 0.133687 0.000099 0.000010 0.131848 0.020987 0.000010 0.000010 0.000010 0.311216 0.140369
0.000010 0.000010 0.447420 0.000010 0.000010 0.000010 0.000010 0.000010 0.169532 0.000010 0.021236 0.000010 0.000010 0.000010 0.000010 0.000010 0.361662 0.000010 0.000010
0.000010 0.001087 0.000010 0.010959 0.000010 0.088388 0.172052 0.143188 0.070372 0.316668 0.000010 0.058660 0.000010 0.047119 0.000010 0.000010 0.016249 0.027594 0.047595
0.000010 0.012820 0.786989 0.000010 0.000010 0.000010 0.051626 0.000010 0.105537 0.000010 0.000010 0.000010 0.000010 0.000010 0.042888 0.000010 0.000010 0.000010 0.000010
0.000010 0.000010 0.472071 0.000010 0.000010 0.000010 0.000010 0.000010 0.000010 0.000010 0.106919 0.000014 0.000010 0.000010 0.032139 0.048516 0.340211 0.000010 0.000010
0.152293 0.017984 0.000010 0.000010 0.000010 0.000010 0.000010 0.060407 0.078307 0.128020 0.000010 0.000010 0.000010 0.176544 0.035274 0.000010 0.000010 0.206093 0.144979
0.000010 0.000010 0.000010 0.000010 0.108845 0.000010 0.000010 0.000010 0.000010 0.000010 0.000010 0.000010 0.000010 0.000010 0.000010 0.000010 0.000010 0.890985 0.000010
0.000010 0.000010 0.636506 0.000010 0.000010 0.151090 0.000010 0.000010 0.000010 0.000010 0.000010 0.024663 0.000010 0.000010 0.000010 0.000010 0.187590 0.000010 0.000010
0.155503 0.000010 0.000010 0.000010 0.000010 0.000010 0.072894 0.000010 0.000010 0.000010 0.000010 0.000010 0.000010 0.049698 0.000010 0.000010 0.000010 0.721755 0.000010
0.000010 0.009192 0.062927 0.000010 0.000010 0.194613 0.601849 0.000010 0.000010 0.000010 0.000010 0.000010 0.000010 0.040298 0.004412 0.000010 0.000010 0.086589 0.000010
0.000010 0.000010 0.308169 0.000010 0.000010 0.000010 0.000010 0.000010 0.000010 0.000010 0.000010 0.000010 0.000010 0.000010 0.000010 0.000010 0.691661 0.000010 0.000010
0.000010 0.000010 0.592314 0.000010 0.082127 0.000010 0.000010 0.043732 0.132951 0.000010 0.000010 0.009274 0.000010 0.000010 0.014387 0.000010 0.125095 0.000010 0.000010
0.000010 0.000010 0.999820 0.000010 0.000010 0.000010 0.000010 0.000010 0.000010 0.000010 0.000010 0.000010 0.000010 0.000010 0.000010 0.000010 0.000010 0.000010 0.000010
0.000010 0.015227 0.000010 0.000010 0.022540 0.012492 0.097954 0.000010 0.077367 0.660451 0.000010 0.000010 0.000010 0.014055 0.074155 0.025658 0.000010 0.000010 0.000010
0.000010 0.000010 0.000010 0.000010 0.000010 0.000010 0.999820 0.000010 0.000010 0.000010 0.000010 0.000010 0.000010 0.000010 0.000010 0.000010 0.000010 0.000010 0.000010
0.061433 0.000010 0.000010 0.000010 0.000010 0.000010 0.000010 0.000010 0.000010 0.152237 0.000010 0.000010 0.000010 0.193274 0.208679 0.384237 0.000010 0.000010 0.000010
0.159868 0.000010 0.000010 0.000010 0.000010 0.000010 0.241549 0.010222 0.000010 0.160831 0.000010 0.000010 0.000010 0.000010 0.000010 0.044593 0.106872 0.241530 0.034425
0.000010 0.000010 0.199061 0.042224 0.000010 0.037832 0.026241 0.000010 0.002046 0.000010 0.000010 0.026926 0.000010 0.059916 0.049121 0.000010 0.556534 0.000010 0.000010
0.000010 0.000010 0.464618 0.000010 0.008618 0.000010 0.000010 0.000010 0.000010 0.000010 0.000010 0.000010 0.000010 0.000010 0.097165 0.000010 0.429449 0.000010 0.000010
0.000010 0.008009 0.067326 0.000010 0.026708 0.000010 0.000010 0.020720 0.036384 0.000010 0.000010 0.072911 0.000010 0.000010 0.106009 0.000010 0.661823 0.000010 0.000010
0.000010 0.029175 0.370072 0.000010 0.000010 0.000010 0.000010 0.000010 0.000010 0.000010 0.000010 0.000010 0.000010 0.000010 0.034919 0.000010 0.486154 0.079541 0.000010
0.000010 0.000010 0.000010 0.000010 0.378725 0.000010 0.000010 0.000010 0.000010 0.028377 0.000010 0.000010 0.004078 0.000010 0.000010 0.000010 0.000010 0.588670 0.000010
0.000010 0.000010 0.000010 0.000010 0.000010 0.000010 0.000010 0.000010 0.000010 0.000010 0.999820 0.000010 0.000010 0.000010 0.000010 0.000010 0.000010 0.000010 0.000010
0.308622 0.041055 0.000010 0.000010 0.000010 0.038364 0.000010 0.000709 0.000010 0.030335 0.000010 0.000010 0.580785 0.000010 0.000010 0.000010 0.000010 0.000010 0.000010
0.000010 0.062835 0.000010 0.000010 0.021623 0.000010 0.000010 0.056073 0.033037 0.000010 0.000010 0.011846 0.809734 0.000010 0.000010 0.000010 0.000010 0.004732 0.000010
0.196378 0.000010 0.000010 0.000010 0.032202 0.000010 0.000010 0.000010 0.000010 0.000010 0.000010 0.000010 0.621007 0.000010 0.150263 0.000010 0.000010 0.000010 0.000010
0.000010 0.000010 0.026073 0.307567 0.000010 0.000010 0.440515 0.000010 0.000010 0.022175 0.146893 0.000010 0.000010 0.056648 0.000010 0.000010 0.000010 0.000010 0.000010
0.000010 0.000010 0.744096 0.000010 0.000010 0.000010 0.000010 0.000010 0.000010 0.000010 0.000010 0.000010 0.000010 0.000010 0.020111 0.000010 0.207417 0.028226 0.000010
0.000010 0.000010 0.000010 0.333744 0.000010 0.000010 0.625681 0.000010 0.000010 0.000010 0.000010 0.000010 0.000010 0.000010 0.016189 0.024236 0.000010 0.000010 0.000010
0.000010 0.000010 0.000010 0.259195 0.000010 0.000010 0.364184 0.000010 0.000010 0.000010 0.134349 0.000010 0.000010 0.000010 0.094256 0.038912 0.000010 0.108973 0.000010
0.000010 0.025288 0.231307 0.000010 0.048785 0.000010 0.000010 0.066647 0.000010 0.000010 0.000010 0.013082 0.000010 0.012996 0.000010 0.000010 0.583274 0.000010 0.018511
0.000010 0.000010 0.103436 0.000010 0.112745 0.000010 0.000010 0.000010 0.000010 0.000010 0.000010 0.000010 0.000010 0.000010 0.000010 0.000010 0.783659 0.000010 0.000010
0.000010 0.000010 0.863996 0.000010 0.026559 0.000010 0.000010 0.000010 0.000010 0.000010 0.000010 0.000010 0.000010 0.008269 0.000010 0.000010 0.101025 0.000010 0.000010
0.000010 0.066038 0.146401 0.019087 0.063097 0.000010 0.000010 0.000010 0.000010 0.000010 0.000010 0.000010 0.009403 0.049625 0.000010 0.000010 0.646229 0.000010 0.000010
0.623007 0.000010 0.000010 0.000010 0.000010 0.000010 0.000010 0.125478 0.000010 0.000010 0.000010 0.000010 0.000010 0.000010 0.000010 0.000010 0.000010 0.000010 0.251355
0.315385 0.000010 0.000010 0.000010 0.000010 0.000010 0.000010 0.114108 0.000010 0.000010 0.038967 0.000010 0.248183 0.000010 0.000010 0.000010 0.000010 0.082764 0.200463
0.000010 0.000010 0.000010 0.000010 0.000010 0.000010 0.000010 0.000010 0.000010 0.000010 0.000010 0.041017 0.958813 0.000010 0.000010 0.000010 0.000010 0.000010 0.000010
0.000010 0.000010 0.113239 0.000010 0.000010 0.052408 0.000010 0.000010 0.091310 0.000010 0.000010 0.000010 0.000010 0.000010 0.000010 0.000010 0.742893 0.000010 0.000010
0.195019 0.000010 0.000010 0.000010 0.000010 0.000010 0.000010 0.000010 0.000010 0.000010 0.000010 0.000010 0.000010 0.804811 0.000010 0.000010 0.000010 0.000010 0.000010
0.862853 0.000010 0.000010 0.000010 0.000010 0.000010 0.000010 0.000010 0.000010 0.109163 0.000010 0.027824 0.000010 0.000010 0.000010 0.000010 0.000010 0.000010 0.000010
0.000010 0.004145 0.000010 0.000010 0.000010 0.000010 0.000010 0.147342 0.000010 0.168010 0.000010 0.000010 0.000010 0.000010 0.006964 0.000010 0.000010 0.184221 0.489188
0.000010 0.000010 0.264131 0.000010 0.000010 0.000010 0.000010 0.045808 0.000010 0.000010 0.000010 0.004720 0.000010 0.000010 0.000010 0.000010 0.685191 0.000010 0.000010
0.000010 0.000010 0.781171 0.000010 0.000010 0.000010 0.000010 0.000010 0.000010 0.000010 0.000010 0.000010 0.000010 0.000010 0.000010 0.000010 0.218659 0.000010 0.000010
