0.441034 0.382857 0.009217 0.000010 0.000010 0.000010 0.000010 0.000010 0.000010 0.038304 0.128528
0.743017 0.000010 0.000010 0.061058 0.151637 0.000010 0.000010 0.000010 0.044218 0.000010 0.000010
0.057479 0.000010 0.000010 0.000010 0.942431 0.000010 0.000010 0.000010 0.000010 0.000010 0.000010
0.000010 0.019822 0.012342 0.073847 0.686751 0.000010 0.000010 0.000010 0.164468 0.000010 0.042720
0.000010 0.000010 0.000010 0.000010 0.586047 0.031915 0.000010 0.112831 0.269136 0.000010 0.000010
0.000010 0.000010 0.000010 0.000010 0.760945 0.000010 0.000010 0.000010 0.238965 0.000010 0.000010
0.134260 0.000010 0.010263 0.000010 0.741848 0.000010 0.000010 0.000010 0.113559 0.000010 0.000010
0.065604 0.000010 0.000010 0.000010 0.840280 0.086537 0.000010 0.007509 0.000010 0.000010 0.000010
0.000010 0.000010 0.000010 0.000010 0.000010 0.999900 0.000010 0.000010 0.000010 0.000010 0.000010
0.074032 0.053973 0.000010 0.000010 0.215465 0.417180 0.000010 0.156084 0.000010 0.083216 0.000010
0.000010 0.000010 0.000010 0.000010 0.000010 0.000010 0.000010 0.000010 0.000010 0.999900 0.000010
0.000010 0.000010 0.000010 0.000010 0.000010 0.000010 0.000010 0.000010 0.000010 0.999900 0.000010
0.000010 0.000010 0.000010 0.000010 0.000010 0.000010 0.000010 0.000010 0.000010 0.999900 0.000010
0.999900 0.000010 0.000010 0.000010 0.000010 0.000010 0.000010 0.000010 0.000010 0.000010 0.000010
0.051212 0.000010 0.000010 0.000010 0.743983 0.037772 0.000010 0.141501 0.025472 0.000010 0.000010
0.082704 0.617397 0.000010 0.000010 0.000010 0.098000 0.000010 0.000010 0.000010 0.201828 0.000010
0.000010 0.350014 0.000010 0.000010 0.300021 0.000010 0.199637 0.150257 0.000010 0.000010 0.000010
0.000010 0.000010 0.000010 0.000010 0.898078 0.018053 0.000010 0.000010 0.083789 0.000010 0.000010
0.000010 0.000010 0.000010 0.000010 0.000010 0.999900 0.000010 0.000010 0.000010 0.000010 0.000010
0.000010 0.000010 0.000010 0.000010 0.000010 0.999900 0.000010 0.000010 0.000010 0.000010 0.000010
0.110312 0.000010 0.000010 0.000010 0.836889 0.000010 0.019706 0.000010 0.000010 0.029981 0.003052
0.000010 0.000010 0.000010 0.000010 0.000010 0.999900 0.000010 0.000010 0.000010 0.000010 0.000010
0.002661 0.000010 0.058064 0.036166 0.809425 0.000010 0.000010 0.030471 0.063163 0.000010 0.000010
0.000010 0.000010 0.047893 0.000010 0.824314 0.029516 0.000010 0.078651 0.018919 0.000657 0.000010
0.000010 0.000010 0.043287 0.000010 0.891407 0.000010 0.000010 0.065227 0.000010 0.000010 0.000010
0.000010 0.000010 0.000010 0.000010 0.999900 0.000010 0.000010 0.000010 0.000010 0.000010 0.000010
0.165098 0.000010 0.000010 0.000010 0.716960 0.000010 0.000010 0.000010 0.117862 0.000010 0.000010
0.138310 0.000010 0.000010 0.000010 0.668147 0.000010 0.000010 0.000010 0.193463 0.000010 0.000010
0.163480 0.070444 0.048405 0.000010 0.021055 0.000010 0.000010 0.000010 0.000010 0.002063 0.694503
0.000010 0.000010 0.000010 0.000010 0.832569 0.000010 0.017761 0.149591 0.000010 0.000010 0.000010
0.000010 0.000010 0.000010 0.000010 0.994486 0.000010 0.000010 0.000010 0.000010 0.005424 0.000010
0.231708 0.000010 0.000010 0.000010 0.609663 0.000010 0.000010 0.079448 0.079111 0.000010 0.000010
0.003734 0.038713 0.012043 0.000010 0.695259 0.000010 0.000010 0.250190 0.000010 0.000010 0.000010
0.059737 0.000010 0.000010 0.006160 0.586495 0.000010 0.000010 0.000010 0.264751 0.075608 0.007199
0.185338 0.000010 0.000010 0.006135 0.642349 0.000010 0.000010 0.000010 0.129786 0.036333 0.000010
0.202159 0.000010 0.022092 0.180803 0.000010 0.000010 0.001871 0.351084 0.064070 0.100204 0.077686
0.000010 0.000010 0.000010 0.034885 0.853740 0.000010 0.000010 0.111295 0.000010 0.000010 0.000010
0.000010 0.000010 0.000010 0.219863 0.033914 0.011411 0.000010 0.122857 0.000010 0.000010 0.611896
0.000010 0.000010 0.000010 0.000010 0.000010 0.000010 0.000010 0.000010 0.000010 0.999900 0.000010
0.000010 0.000010 0.000010 0.000010 0.000010 0.384767 0.000010 0.000010 0.000010 0.615143 0.000010
0.000010 0.000010 0.000010 0.000010 0.000010 0.858300 0.000010 0.000010 0.000010 0.141610 0.000010
0.000010 0.000010 0.000010 0.000010 0.000010 0.833819 0.000010 0.000010 0.000010 0.005903 0.160198
0.000010 0.000010 0.000010 0.000010 0.000010 0.999900 0.000010 0.000010 0.000010 0.000010 0.000010
0.000010 0.000010 0.000010 0.000010 0.000010 0.813542 0.000010 0.000010 0.000010 0.047123 0.139255
0.000010 0.000010 0.000010 0.000010 0.000010 0.999900 0.000010 0.000010 0.000010 0.000010 0.000010
0.386787 0.330810 0.000010 0.000010 0.000010 0.032900 0.000010 0.049040 0.161735 0.010986 0.027702
0.000010 0.499419 0.000010 0.000010 0.000010 0.219698 0.000010 0.000010 0.122553 0.158261 0.000010
0.000010 0.000010 0.000010 0.000010 0.000010 0.000010 0.000010 0.000010 0.000010 0.999900 0.000010
0.000010 0.000010 0.000010 0.000010 0.743726 0.000010 0.000010 0.000010 0.256184 0.000010 0.000010
0.000010 0.000010 0.000010 0.000010 0.000010 0.917587 0.000010 0.000010 0.000010 0.082323 0.000010
0.000010 0.249667 0.000010 0.000010 0.000010 0.166428 0.000010 0.000010 0.141632 0.442203 0.000010
0.228989 0.000010 0.000010 0.000010 0.000010 0.000010 0.000010 0.770921 0.000010 0.000010 0.000010
0.000010 0.000010 0.000010 0.070992 0.000010 0.711946 0.000010 0.000010 0.000010 0.158524 0.058469
0.000010 0.862071 0.000010 0.000010 0.000010 0.000010 0.046819 0.049887 0.000010 0.041154 0.000010
0.000010 0.178910 0.000010 0.000010 0.000010 0.000010 0.000010 0.000010 0.000010 0.208344 0.612666
0.000010 0.541163 0.000010 0.000010 0.038997 0.203513 0.038866 0.000010 0.000010 0.177401 0.000010
0.317609 0.072171 0.014764 0.000010 0.017164 0.030294 0.000010 0.346890 0.000010 0.022153 0.178925
0.436295 0.000010 0.012550 0.000010 0.313913 0.000010 0.085970 0.124982 0.026240 0.000010 0.000010
0.010368 0.000010 0.000010 0.059353 0.000010 0.000010 0.000010 0.360495 0.252415 0.005277 0.312043
0.486753 0.202897 0.000010 0.051753 0.000010 0.000010 0.000010 0.000010 0.000010 0.000010 0.258527
0.343006 0.146171 0.000010 0.000010 0.163617 0.000010 0.000010 0.000010 0.019313 0.000010 0.327831
0.000010 0.000010 0.053419 0.000010 0.815797 0.000010 0.000010 0.000010 0.130705 0.000010 0.000010
0.000010 0.000010 0.000010 0.043575 0.664045 0.000010 0.000010 0.000010 0.278989 0.013322 0.000010
0.000010 0.000010 0.000010 0.000010 0.000010 0.037394 0.000010 0.890785 0.071742 0.000010 0.000010
0.000010 0.000010 0.000010 0.000010 0.000010 0.000010 0.000010 0.995669 0.000010 0.004241 0.000010
0.000010 0.840987 0.000010 0.048369 0.000010 0.110565 0.000010 0.000010 0.000010 0.000010 0.000010
0.000010 0.560493 0.066327 0.075999 0.000010 0.058244 0.000010 0.000010 0.041944 0.062664 0.134288
0.637693 0.000010 0.000010 0.104087 0.186355 0.000010 0.000010 0.071796 0.000010 0.000010 0.000010
0.000010 0.999900 0.000010 0.000010 0.000010 0.000010 0.000010 0.000010 0.000010 0.000010 0.000010
0.081725 0.532122 0.076812 0.086359 0.000010 0.037093 0.007241 0.000010 0.000010 0.098535 0.080084
0.000010 0.000010 0.000010 0.000010 0.000010 0.000010 0.000010 0.089131 0.000010 0.046309 0.864480
0.012094 0.611872 0.000010 0.128754 0.044580 0.047831 0.000010 0.000010 0.000010 0.073485 0.081344
0.291538 0.000010 0.000010 0.000010 0.000010 0.000010 0.000010 0.000010 0.000010 0.000010 0.708372
0.000010 0.053433 0.000010 0.094244 0.000010 0.000010 0.000010 0.710914 0.109149 0.000010 0.032199
0.170623 0.000010 0.000010 0.000010 0.131517 0.000010 0.000010 0.339181 0.032161 0.000010 0.326458
0.648555 0.000010 0.080404 0.000010 0.189700 0.000010 0.000010 0.014709 0.066572 0.000010 0.000010
0.067515 0.522466 0.035847 0.108186 0.000010 0.099513 0.010094 0.000010 0.018830 0.017938 0.119591
0.148176 0.000010 0.011835 0.000010 0.806424 0.033495 0.000010 0.000010 0.000010 0.000010 0.000010
0.000010 0.000010 0.000010 0.000010 0.606763 0.000010 0.000010 0.000010 0.393147 0.000010 0.000010
0.000010 0.023973 0.000010 0.000010 0.877293 0.000010 0.000010 0.000010 0.071456 0.027208 0.000010
0.000010 0.038454 0.000010 0.000010 0.831770 0.008848 0.000010 0.120859 0.000010 0.000010 0.000010
0.000010 0.000010 0.000010 0.000010 0.701456 0.000010 0.000010 0.000010 0.298454 0.000010 0.000010
0.049189 0.000010 0.062912 0.015230 0.782653 0.000010 0.000010 0.000010 0.089955 0.000010 0.000010
0.000010 0.000010 0.000010 0.000010 0.000010 0.000010 0.000010 0.999900 0.000010 0.000010 0.000010
0.000010 0.000010 0.000010 0.000010 0.000010 0.000010 0.000010 0.000010 0.000010 0.999900 0.000010
0.000010 0.000010 0.000010 0.999900 0.000010 0.000010 0.000010 0.000010 0.000010 0.000010 0.000010
0.000010 0.000010 0.000010 0.000010 0.000010 0.915101 0.000010 0.000010 0.000010 0.084809 0.000010
0.000010 0.000010 0.000010 0.000010 0.000010 0.999900 0.000010 0.000010 0.000010 0.000010 0.000010
0.000010 0.000010 0.000010 0.000010 0.000010 0.999900 0.000010 0.000010 0.000010 0.000010 0.000010
0.000010 0.466904 0.000010 0.000010 0.000010 0.156966 0.042019 0.000010 0.001532 0.255406 0.077123
0.000010 0.000010 0.000010 0.000010 0.000010 0.091758 0.000010 0.908152 0.000010 0.000010 0.000010
0.000010 0.000010 0.000010 0.000010 0.000010 0.000010 0.000010 0.999900 0.000010 0.000010 0.000010
0.061084 0.000010 0.009892 0.000010 0.770206 0.000010 0.072410 0.000010 0.086348 0.000010 0.000010
0.000010 0.000010 0.000010 0.999900 0.000010 0.000010 0.000010 0.000010 0.000010 0.000010 0.000010
0.000010 0.000010 0.005698 0.000010 0.000010 0.000010 0.000010 0.000010 0.268797 0.000010 0.725425
0.000010 0.000010 0.104871 0.000010 0.000010 0.072068 0.000010 0.783226 0.000010 0.000010 0.039765
0.000010 0.000010 0.022794 0.000010 0.000010 0.000010 0.000010 0.000010 0.977116 0.000010 0.000010
0.432146 0.102850 0.015991 0.002406 0.110335 0.067385 0.000010 0.058696 0.200793 0.004460 0.004929
0.000010 0.000010 0.000010 0.000010 0.000010 0.000010 0.000010 0.644738 0.355172 0.000010 0.000010
0.013120 0.336649 0.004690 0.000010 0.189076 0.005206 0.006939 0.000010 0.166267 0.157648 0.120385
0.191925 0.000010 0.000010 0.000010 0.000010 0.000010 0.000010 0.491856 0.316139 0.000010 0.000010
0.451465 0.045146 0.000012 0.000010 0.275243 0.002032 0.000010 0.081724 0.144338 0.000010 0.000010
0.249672 0.029557 0.000010 0.000010 0.000010 0.000017 0.000010 0.701021 0.014513 0.000010 0.005170
0.040676 0.016434 0.000010 0.021409 0.000010 0.000010 0.000010 0.607363 0.000010 0.000010 0.314058
0.094371 0.654585 0.000010 0.117149 0.000010 0.000010 0.000010 0.000010 0.000010 0.077730 0.056105
0.000010 0.000010 0.000010 0.000010 0.000010 0.000010 0.000010 0.000010 0.050097 0.038912 0.910911
0.033013 0.026363 0.023487 0.000010 0.782876 0.000010 0.000010 0.129533 0.000010 0.004678 0.000010
0.000010 0.000010 0.000010 0.000010 0.991769 0.000010 0.000010 0.000010 0.008141 0.000010 0.000010
0.000010 0.532071 0.000010 0.429698 0.000010 0.038151 0.000010 0.000010 0.000010 0.000010 0.000010
0.000010 0.000010 0.000010 0.999900 0.000010 0.000010 0.000010 0.000010 0.000010 0.000010 0.000010
0.000010 0.000010 0.865276 0.000010 0.000010 0.000010 0.028198 0.098185 0.000010 0.008270 0.000010
0.000010 0.000010 0.999900 0.000010 0.000010 0.000010 0.000010 0.000010 0.000010 0.000010 0.000010
0.000010 0.656664 0.000010 0.000010 0.025357 0.107681 0.000010 0.000010 0.000010 0.210227 0.000010
0.564572 0.000010 0.000010 0.023905 0.074539 0.000010 0.000010 0.081232 0.177777 0.077925 0.000010
0.116516 0.204273 0.000010 0.000010 0.000010 0.035045 0.000010 0.350542 0.239546 0.054028 0.000010
0.091004 0.017950 0.000010 0.000010 0.773017 0.002932 0.000010 0.000010 0.115037 0.000010 0.000010
0.024061 0.020613 0.000010 0.000010 0.000010 0.015009 0.000010 0.147417 0.410485 0.009621 0.372754
0.124409 0.000010 0.032999 0.000010 0.819571 0.006078 0.000010 0.012151 0.000010 0.000010 0.004742
0.000710 0.000010 0.037257 0.000010 0.753918 0.000010 0.000010 0.205770 0.002285 0.000010 0.000010
0.000010 0.000010 0.999900 0.000010 0.000010 0.000010 0.000010 0.000010 0.000010 0.000010 0.000010
0.335920 0.000010 0.063856 0.000010 0.038780 0.000010 0.000010 0.196596 0.000010 0.000010 0.364788
0.000010 0.000010 0.876824 0.000010 0.000010 0.017889 0.105207 0.000010 0.000010 0.000010 0.000010
0.000010 0.000010 0.999900 0.000010 0.000010 0.000010 0.000010 0.000010 0.000010 0.000010 0.000010
0.000010 0.000010 0.927181 0.009063 0.000010 0.019098 0.000010 0.042265 0.000010 0.000010 0.002333
0.138747 0.000010 0.000010 0.000010 0.027803 0.070085 0.000010 0.264077 0.009290 0.000010 0.489949
0.000010 0.000010 0.000010 0.000010 0.714034 0.020218 0.000010 0.129451 0.136228 0.000010 0.000010
0.066691 0.000010 0.093709 0.000010 0.721507 0.034455 0.000010 0.083578 0.000010 0.000010 0.000010
0.000010 0.007055 0.000010 0.230482 0.144823 0.000735 0.131165 0.000010 0.124910 0.000010 0.360789
0.000010 0.000010 0.000010 0.495560 0.000010 0.078952 0.000010 0.000010 0.000010 0.015681 0.409737
0.424469 0.227963 0.000010 0.000010 0.141018 0.011308 0.000010 0.000010 0.137604 0.007571 0.050026
0.031645 0.000010 0.021508 0.000010 0.727974 0.000010 0.000010 0.159427 0.059386 0.000010 0.000010
0.000010 0.000010 0.000010 0.000010 0.000010 0.000010 0.000010 0.000010 0.000010 0.000010 0.999900
0.000010 0.000010 0.000010 0.046719 0.000010 0.204516 0.000010 0.000010 0.000010 0.000010 0.748685
0.000010 0.000010 0.000010 0.000010 0.073706 0.000010 0.000010 0.034016 0.160264 0.000010 0.731944
0.000010 0.000010 0.000010 0.030286 0.787115 0.000010 0.000010 0.000010 0.182519 0.000010 0.000010
0.056149 0.000010 0.007325 0.040333 0.705838 0.000010 0.000010 0.000010 0.180641 0.009664 0.000010
0.281795 0.000010 0.079694 0.000010 0.556955 0.000010 0.003428 0.020619 0.057460 0.000010 0.000010
0.043274 0.000010 0.000010 0.000010 0.902240 0.000010 0.000010 0.000010 0.000010 0.054406 0.000010
0.000010 0.464039 0.000010 0.016514 0.000010 0.063771 0.000010 0.000010 0.000010 0.303914 0.151701
0.147451 0.000010 0.000010 0.000010 0.000010 0.000010 0.000010 0.000010 0.852459 0.000010 0.000010
0.046474 0.347127 0.025860 0.000010 0.127972 0.171480 0.000010 0.000010 0.084339 0.178016 0.018702
0.428357 0.310124 0.000010 0.000010 0.146959 0.000010 0.000010 0.000010 0.114489 0.000010 0.000010
0.000010 0.788018 0.000010 0.000010 0.000010 0.106297 0.000010 0.000010 0.000010 0.105606 0.000010
0.000010 0.885914 0.000010 0.000010 0.014528 0.000010 0.000010 0.000010 0.017515 0.081973 0.000010
0.000010 0.765784 0.000010 0.000010 0.000010 0.086380 0.012608 0.000010 0.036557 0.012675 0.085946
0.000010 0.852082 0.000010 0.000010 0.000010 0.011509 0.000010 0.030664 0.062276 0.043409 0.000010
0.000010 0.166175 0.000010 0.072859 0.000010 0.121589 0.000010 0.000010 0.000010 0.000010 0.639307
0.000010 0.000010 0.999900 0.000010 0.000010 0.000010 0.000010 0.000010 0.000010 0.000010 0.000010
0.170513 0.000010 0.000010 0.000010 0.000010 0.000010 0.000979 0.828429 0.000010 0.000010 0.000010
0.275102 0.000010 0.000010 0.000010 0.153419 0.000010 0.000010 0.020461 0.535082 0.015875 0.000010
0.000010 0.717192 0.066306 0.187538 0.000010 0.028893 0.000010 0.000010 0.000010 0.000010 0.000010
0.436359 0.000010 0.052529 0.000010 0.330508 0.000010 0.017021 0.163524 0.000010 0.000010 0.000010
0.000010 0.802259 0.031365 0.000010 0.000010 0.067737 0.000010 0.000010 0.000010 0.008261 0.090317
0.237487 0.000010 0.000010 0.000010 0.361966 0.000010 0.000010 0.162268 0.238209 0.000010 0.000010
0.173541 0.000010 0.014280 0.000010 0.296727 0.024204 0.000358 0.250802 0.240047 0.000010 0.000010
0.209412 0.000010 0.000010 0.000010 0.081438 0.000010 0.000010 0.352095 0.336819 0.020176 0.000010
0.279643 0.016012 0.000010 0.129346 0.059748 0.041329 0.125774 0.120448 0.000010 0.015624 0.212056
0.000010 0.000010 0.000010 0.000010 0.000010 0.000010 0.000010 0.536889 0.398211 0.000010 0.064820
0.174691 0.000010 0.000010 0.000010 0.000010 0.014518 0.000010 0.607815 0.145027 0.032184 0.025714
0.000010 0.041597 0.000010 0.121858 0.000010 0.000010 0.000010 0.000010 0.291372 0.000010 0.545103
0.481553 0.235191 0.000010 0.000010 0.000010 0.000010 0.000010 0.000010 0.000010 0.000010 0.283176
0.000010 0.085904 0.029117 0.044350 0.000010 0.016581 0.000010 0.000010 0.257755 0.037456 0.528797
0.775195 0.030981 0.000010 0.000010 0.000010 0.000010 0.056522 0.119460 0.000010 0.017781 0.000010
0.705851 0.091364 0.000010 0.000010 0.000010 0.000010 0.000010 0.000010 0.000010 0.050519 0.152195
0.372785 0.093447 0.000010 0.000010 0.025686 0.035819 0.000010 0.042770 0.110856 0.000010 0.318596
0.597753 0.287994 0.003498 0.000010 0.034753 0.000010 0.000010 0.000010 0.063137 0.012815 0.000010
0.000010 0.000010 0.000010 0.000010 0.000010 0.000010 0.000010 0.324001 0.675909 0.000010 0.000010
0.673214 0.000010 0.000010 0.000010 0.296497 0.007159 0.000071 0.000010 0.022999 0.000010 0.000010
0.184191 0.000010 0.000010 0.012697 0.159932 0.009165 0.000010 0.273248 0.360198 0.000010 0.000529
0.000010 0.335922 0.000010 0.000010 0.000010 0.000010 0.000010 0.000010 0.663988 0.000010 0.000010
0.029219 0.970691 0.000010 0.000010 0.000010 0.000010 0.000010 0.000010 0.000010 0.000010 0.000010
0.735409 0.000010 0.000010 0.042300 0.103145 0.000010 0.034455 0.000010 0.084631 0.000010 0.000010
0.000010 0.000010 0.000010 0.000010 0.000010 0.000010 0.000010 0.104992 0.894918 0.000010 0.000010
0.000010 0.000010 0.372523 0.000010 0.000010 0.000010 0.619257 0.000010 0.000010 0.000010 0.008140
0.000010 0.000010 0.758949 0.000010 0.003415 0.045194 0.171776 0.000010 0.000010 0.020607 0.000010
0.000010 0.000010 0.000010 0.000010 0.200969 0.000010 0.000010 0.098421 0.209104 0.000010 0.491436
0.000010 0.000010 0.721364 0.000010 0.000010 0.010755 0.267801 0.000010 0.000010 0.000010 0.000010
0.001089 0.020931 0.735569 0.037769 0.030086 0.000010 0.127833 0.009110 0.000010 0.037583 0.000010
0.064231 0.132801 0.175733 0.000010 0.024378 0.000010 0.597158 0.000749 0.004911 0.000010 0.000010
0.000010 0.893923 0.000010 0.012252 0.019646 0.000010 0.000010 0.074109 0.000010 0.000010 0.000010
0.000010 0.000010 0.477076 0.000010 0.000010 0.000010 0.441694 0.000010 0.000010 0.005293 0.075867
0.016628 0.000010 0.723301 0.000010 0.081179 0.013455 0.100286 0.038917 0.000010 0.000010 0.026194
0.000010 0.000010 0.588247 0.170303 0.000010 0.000010 0.175514 0.000010 0.000010 0.027212 0.038663
0.703057 0.000010 0.004639 0.000010 0.238783 0.000010 0.000010 0.006082 0.022326 0.025064 0.000010
0.806168 0.000010 0.077887 0.000010 0.000010 0.000010 0.040366 0.075509 0.000010 0.000010 0.000010
0.119061 0.000010 0.000010 0.330744 0.000010 0.000010 0.000010 0.153402 0.000010 0.000010 0.396723
0.262195 0.000010 0.000010 0.000010 0.252965 0.000010 0.000010 0.121043 0.240867 0.021720 0.101161
0.000010 0.000010 0.484057 0.176286 0.000010 0.000010 0.339576 0.000010 0.000010 0.000010 0.000010
0.008708 0.000886 0.000010 0.073591 0.000010 0.051358 0.055677 0.231981 0.401693 0.014452 0.161635
0.000010 0.000010 0.791573 0.119452 0.000010 0.000010 0.000010 0.000010 0.000010 0.017085 0.071819
0.000010 0.065364 0.483355 0.092681 0.003319 0.010030 0.345202 0.000010 0.000010 0.000010 0.000010
0.190290 0.003638 0.000010 0.073213 0.375729 0.000010 0.000010 0.132346 0.201569 0.023175 0.000010
0.999900 0.000010 0.000010 0.000010 0.000010 0.000010 0.000010 0.000010 0.000010 0.000010 0.000010
0.000010 0.000010 0.638916 0.000010 0.000010 0.036308 0.197320 0.127386 0.000010 0.000010 0.000010
0.763576 0.000010 0.000010 0.000010 0.156436 0.000010 0.000010 0.000010 0.000010 0.000010 0.079908
0.079541 0.000010 0.076517 0.000010 0.000010 0.000010 0.000010 0.223934 0.000010 0.000010 0.619939
0.000010 0.000010 0.426424 0.000010 0.000010 0.000010 0.573486 0.000010 0.000010 0.000010 0.000010
0.063239 0.000010 0.579726 0.144466 0.000010 0.021434 0.158515 0.032570 0.000010 0.000010 0.000010
0.000010 0.000010 0.999900 0.000010 0.000010 0.000010 0.000010 0.000010 0.000010 0.000010 0.000010
0.030451 0.069884 0.000010 0.007138 0.000010 0.000010 0.056425 0.052794 0.601595 0.049042 0.132640
0.000010 0.000010 0.000010 0.000010 0.000010 0.000010 0.000010 0.000010 0.000010 0.000010 0.999900
0.247628 0.423376 0.000010 0.000010 0.150163 0.000010 0.000010 0.004955 0.173818 0.000010 0.000010
0.258680 0.026424 0.055393 0.000010 0.086784 0.000010 0.098133 0.009221 0.238580 0.000010 0.226753
0.000010 0.054760 0.234382 0.000010 0.083836 0.000010 0.581919 0.000010 0.000010 0.000010 0.045043
0.000010 0.000010 0.557570 0.000010 0.000010 0.000010 0.429138 0.013212 0.000010 0.000010 0.000010
0.040301 0.000010 0.113408 0.000010 0.000010 0.104619 0.716093 0.025518 0.000010 0.000010 0.000010
0.079759 0.000010 0.408852 0.000010 0.000010 0.000010 0.482249 0.000010 0.000010 0.029071 0.000010
0.831811 0.000010 0.000010 0.040677 0.102643 0.000010 0.000010 0.000010 0.012891 0.011918 0.000010
0.000010 0.000010 0.000010 0.000010 0.751134 0.000010 0.000010 0.050343 0.163382 0.035071 0.000010
0.020714 0.000010 0.000010 0.101960 0.784641 0.045053 0.000010 0.004115 0.000010 0.043466 0.000010
0.056305 0.090779 0.000010 0.000010 0.794514 0.000010 0.000010 0.058332 0.000010 0.000010 0.000010
0.000010 0.282563 0.098390 0.000010 0.030588 0.017515 0.013271 0.000010 0.048660 0.056962 0.452021
0.030323 0.000010 0.777419 0.000010 0.000010 0.000010 0.192178 0.000010 0.000010 0.000010 0.000010
0.000010 0.294367 0.000010 0.000010 0.000010 0.013209 0.000010 0.000010 0.000010 0.042650 0.649704
0.168162 0.290054 0.000010 0.000010 0.000010 0.000010 0.049820 0.000010 0.000010 0.041958 0.449945
0.000010 0.001124 0.264724 0.000010 0.000010 0.027304 0.630022 0.062646 0.004477 0.009662 0.000010
0.000010 0.000010 0.195171 0.000010 0.000010 0.000010 0.804739 0.000010 0.000010 0.000010 0.000010
0.001659 0.000010 0.985062 0.013200 0.000010 0.000010 0.000010 0.000010 0.000010 0.000010 0.000010
0.000010 0.000010 0.263671 0.000010 0.053330 0.000010 0.593682 0.000010 0.000010 0.089248 0.000010
0.000010 0.000010 0.000010 0.000010 0.732719 0.000010 0.000010 0.202541 0.055564 0.000010 0.009106
0.000010 0.000010 0.000010 0.000010 0.660836 0.000010 0.000010 0.167200 0.171884 0.000010 0.000010
0.000010 0.000010 0.000010 0.000010 0.732781 0.000010 0.056574 0.000010 0.210565 0.000010 0.000010
0.000010 0.000010 0.230389 0.093411 0.000010 0.000010 0.676120 0.000010 0.000010 0.000010 0.000010
0.000010 0.000010 0.000010 0.000010 0.997700 0.002210 0.000010 0.000010 0.000010 0.000010 0.000010
0.000010 0.000010 0.000010 0.000010 0.689514 0.037901 0.025014 0.000010 0.247501 0.000010 0.000010
0.186212 0.000010 0.000010 0.000010 0.136221 0.000010 0.000010 0.139062 0.521376 0.017069 0.000010
0.000010 0.000010 0.320696 0.000010 0.000010 0.000010 0.669531 0.009692 0.000010 0.000010 0.000010
0.000010 0.000010 0.913642 0.000010 0.000010 0.000010 0.086268 0.000010 0.000010 0.000010 0.000010
0.002856 0.000010 0.217406 0.000010 0.000010 0.000010 0.719405 0.000010 0.060263 0.000010 0.000010
0.043670 0.000010 0.298732 0.180179 0.000010 0.000010 0.460469 0.016891 0.000010 0.000010 0.000010
0.005132 0.000010 0.319375 0.176231 0.000010 0.000010 0.450648 0.000010 0.000010 0.000010 0.048555
0.000010 0.000010 0.354303 0.000010 0.000010 0.000010 0.545721 0.001278 0.000010 0.027673 0.070966
0.000010 0.000010 0.397938 0.086413 0.000010 0.000010 0.515569 0.000010 0.000010 0.000010 0.000010
0.000010 0.000010 0.283606 0.048517 0.007035 0.023527 0.600539 0.000010 0.018124 0.018611 0.000010
0.163228 0.299294 0.000010 0.000010 0.000010 0.000010 0.000010 0.492250 0.045158 0.000010 0.000010
0.000010 0.000010 0.000010 0.000010 0.129696 0.000010 0.000010 0.000010 0.870214 0.000010 0.000010
0.000010 0.000010 0.153567 0.000010 0.000010 0.000010 0.833639 0.000010 0.000010 0.012713 0.000010
0.000010 0.000010 0.108689 0.000010 0.000010 0.092373 0.798858 0.000010 0.000010 0.000010 0.000010
0.000010 0.000010 0.143128 0.000010 0.757212 0.000010 0.000010 0.000010 0.099580 0.000010 0.000010
0.000010 0.000010 0.000010 0.000010 0.797130 0.014958 0.003915 0.107009 0.029278 0.007008 0.040661
0.000010 0.000010 0.000010 0.000010 0.732106 0.000010 0.000010 0.000010 0.238842 0.028972 0.000010
0.132590 0.000010 0.154667 0.712663 0.000010 0.000010 0.000010 0.000010 0.000010 0.000010 0.000010
0.725676 0.000010 0.000010 0.000010 0.000010 0.000010 0.000010 0.188945 0.085299 0.000010 0.000010
0.000010 0.000010 0.000010 0.000010 0.000010 0.000010 0.000010 0.999900 0.000010 0.000010 0.000010
0.000010 0.000010 0.685104 0.000010 0.000010 0.057634 0.257182 0.000010 0.000010 0.000010 0.000010
0.015852 0.000010 0.168204 0.000010 0.063464 0.183817 0.000010 0.340116 0.000010 0.000010 0.228497
0.000010 0.000010 0.035050 0.000010 0.069639 0.058900 0.000010 0.658100 0.058236 0.000010 0.120025
0.000010 0.000010 0.827741 0.172169 0.000010 0.000010 0.000010 0.000010 0.000010 0.000010 0.000010
0.486663 0.082290 0.177202 0.000010 0.000010 0.071163 0.000010 0.000010 0.000010 0.000010 0.182621
0.292876 0.019327 0.000010 0.000010 0.422538 0.000010 0.000010 0.000010 0.132058 0.000010 0.133142
0.795409 0.060731 0.021894 0.000010 0.000010 0.000010 0.028534 0.000010 0.000010 0.048607 0.044773
0.000010 0.000010 0.000010 0.000010 0.000010 0.000010 0.000010 0.000010 0.999900 0.000010 0.000010
0.442092 0.000010 0.000010 0.000010 0.125600 0.061436 0.000010 0.218894 0.053226 0.000010 0.098702
0.092299 0.225949 0.048618 0.000010 0.000010 0.000010 0.230384 0.000010 0.176536 0.039705 0.186470
0.949123 0.000010 0.000010 0.000010 0.029472 0.000010 0.000010 0.000010 0.000010 0.021325 0.000010
0.000010 0.030590 0.000010 0.000010 0.150874 0.000010 0.000010 0.075407 0.079428 0.000010 0.663641
0.000010 0.000010 0.776553 0.158085 0.000010 0.065282 0.000010 0.000010 0.000010 0.000010 0.000010
0.376060 0.000010 0.000010 0.000010 0.107643 0.089281 0.000010 0.293329 0.036693 0.065402 0.031553
0.999900 0.000010 0.000010 0.000010 0.000010 0.000010 0.000010 0.000010 0.000010 0.000010 0.000010
0.731064 0.045519 0.000010 0.041452 0.000010 0.000010 0.000010 0.000010 0.000010 0.119713 0.062193
0.000010 0.531971 0.054500 0.413449 0.000010 0.000010 0.000010 0.000010 0.000010 0.000010 0.000010
0.317598 0.045707 0.000010 0.061484 0.066330 0.049783 0.004030 0.377478 0.000010 0.000010 0.077561
0.556430 0.060169 0.136829 0.000010 0.158158 0.000010 0.000010 0.078727 0.000010 0.000010 0.009638
0.554225 0.093898 0.081490 0.000010 0.245436 0.015077 0.000010 0.000010 0.000010 0.009823 0.000010
0.000010 0.003146 0.000010 0.000010 0.000010 0.000010 0.000010 0.520501 0.107041 0.000010 0.369242
0.000010 0.000010 0.000010 0.030064 0.084112 0.015509 0.000010 0.129956 0.203144 0.000010 0.537165
0.000010 0.000010 0.000010 0.000010 0.000010 0.000010 0.000010 0.999900 0.000010 0.000010 0.000010
0.000010 0.000010 0.000010 0.000010 0.000010 0.000010 0.000010 0.999900 0.000010 0.000010 0.000010
0.000010 0.000010 0.000010 0.000010 0.000010 0.000018 0.000010 0.924607 0.000010 0.000010 0.075294
0.995367 0.000010 0.000010 0.000010 0.000010 0.000010 0.000010 0.000010 0.000010 0.004543 0.000010
0.130016 0.033990 0.000010 0.000010 0.000010 0.036791 0.000010 0.692030 0.107113 0.000010 0.000010
0.982435 0.000010 0.000010 0.017475 0.000010 0.000010 0.000010 0.000010 0.000010 0.000010 0.000010
0.538779 0.000010 0.007872 0.039568 0.171916 0.028402 0.000010 0.175277 0.038145 0.000010 0.000010
0.645040 0.000010 0.029007 0.054733 0.000010 0.000010 0.000010 0.215181 0.000010 0.024493 0.031497
0.755577 0.000010 0.000010 0.072362 0.000010 0.000010 0.000010 0.171981 0.000010 0.000010 0.000010
0.551076 0.000010 0.000010 0.000010 0.000010 0.005062 0.154947 0.263283 0.000010 0.025573 0.000010
0.102414 0.154703 0.000010 0.000010 0.000010 0.000010 0.541744 0.000010 0.000010 0.000010 0.201069
0.700653 0.000010 0.000010 0.000010 0.299257 0.000010 0.000010 0.000010 0.000010 0.000010 0.000010
0.732782 0.000010 0.000010 0.000010 0.153157 0.000010 0.000010 0.000010 0.113981 0.000010 0.000010
0.674078 0.113703 0.000010 0.000010 0.133614 0.000010 0.000010 0.000010 0.000010 0.000010 0.078535
0.209672 0.144781 0.000010 0.000010 0.000010 0.000010 0.645467 0.000010 0.000010 0.000010 0.000010
0.064828 0.000010 0.030654 0.000010 0.017550 0.000010 0.000010 0.176272 0.685906 0.024740 0.000010
0.188912 0.000010 0.000010 0.000010 0.000010 0.000010 0.057605 0.000010 0.753403 0.000010 0.000010
0.452849 0.263902 0.000010 0.000010 0.000010 0.039424 0.000010 0.000010 0.196349 0.000010 0.047415
0.493124 0.000010 0.000010 0.088033 0.295517 0.021792 0.000010 0.000010 0.007726 0.013632 0.080136
0.000010 0.060986 0.598249 0.000010 0.000010 0.025565 0.257207 0.000010 0.004835 0.000010 0.053108
0.000010 0.000010 0.636670 0.009745 0.000010 0.052306 0.267423 0.033796 0.000010 0.000010 0.000010
0.138627 0.065937 0.017092 0.033317 0.000010 0.090979 0.000010 0.128881 0.477850 0.000010 0.047286
0.000010 0.008281 0.430234 0.000010 0.001838 0.000010 0.481057 0.000010 0.029222 0.030874 0.018453
0.185960 0.000010 0.000010 0.000010 0.000010 0.037446 0.718549 0.000010 0.000010 0.015149 0.042836
0.143106 0.000010 0.000010 0.000010 0.000010 0.000010 0.000010 0.154860 0.701954 0.000010 0.000010
0.000010 0.087886 0.000010 0.028020 0.011528 0.001970 0.773785 0.000010 0.000010 0.006650 0.090122
0.245658 0.000010 0.039773 0.163147 0.000010 0.048124 0.028179 0.092609 0.106714 0.000010 0.275767
0.646619 0.000010 0.000010 0.000010 0.118114 0.000010 0.000010 0.126069 0.109128 0.000010 0.000010
0.347147 0.042008 0.000010 0.000010 0.000010 0.049211 0.000010 0.000010 0.069379 0.000010 0.492196
0.050968 0.000010 0.000010 0.000010 0.036041 0.061741 0.765960 0.000010 0.042170 0.000010 0.043071
0.338086 0.000010 0.000010 0.000010 0.012362 0.000010 0.000010 0.519502 0.000010 0.000010 0.129980
0.460866 0.039029 0.000010 0.000010 0.017141 0.003694 0.032815 0.317999 0.105033 0.000010 0.023394
0.269674 0.000010 0.000010 0.000010 0.239549 0.000010 0.000010 0.112483 0.378223 0.000010 0.000010
0.444220 0.000010 0.026118 0.007614 0.313890 0.009883 0.000010 0.000010 0.081381 0.025678 0.091186
0.054703 0.000010 0.000010 0.004114 0.739208 0.000010 0.000010 0.000010 0.199815 0.000010 0.002100
0.365497 0.000010 0.002331 0.000010 0.175870 0.000010 0.000010 0.302260 0.091234 0.000010 0.062758
0.497985 0.000010 0.000010 0.031573 0.195366 0.000010 0.137870 0.000010 0.110154 0.000010 0.027002
0.424467 0.000010 0.012072 0.061151 0.021704 0.000010 0.002448 0.209286 0.213365 0.041293 0.014194
0.000010 0.000010 0.000010 0.000010 0.748978 0.000010 0.000010 0.000010 0.250932 0.000010 0.000010
0.000010 0.000010 0.000010 0.000010 0.882095 0.002645 0.000010 0.000010 0.115180 0.000010 0.000010
0.030973 0.043272 0.000010 0.064221 0.002970 0.000690 0.677266 0.000010 0.000010 0.000010 0.180568
0.109200 0.079579 0.000010 0.000010 0.052904 0.000010 0.652886 0.000010 0.105371 0.000010 0.000010
