0.000010 0.008929 0.364265 0.031214 0.458003 0.000010 0.069026 0.000010 0.000010 0.068514 0.000010
0.095458 0.000010 0.000010 0.005979 0.129831 0.032566 0.031724 0.000010 0.000010 0.683492 0.020911
0.871768 0.000010 0.000010 0.000010 0.011857 0.000010 0.000010 0.000010 0.000010 0.116295 0.000010
0.670912 0.000010 0.000010 0.034555 0.125237 0.155695 0.004982 0.000010 0.000010 0.000010 0.008568
0.569869 0.030121 0.000010 0.000010 0.059171 0.261778 0.000010 0.000010 0.079000 0.000010 0.000010
0.742867 0.000010 0.000010 0.000010 0.000010 0.248612 0.000010 0.000010 0.000010 0.008442 0.000010
0.631346 0.000010 0.000010 0.000010 0.300831 0.067743 0.000010 0.000010 0.000010 0.000010 0.000010
0.811062 0.075214 0.000010 0.000010 0.110538 0.000010 0.000010 0.000010 0.000010 0.003116 0.000010
0.000010 0.000010 0.000010 0.000010 0.000010 0.000010 0.480135 0.000010 0.144932 0.000010 0.374853
0.119108 0.000010 0.000010 0.052566 0.000010 0.000010 0.277748 0.000010 0.000010 0.000010 0.550508
0.000010 0.999900 0.000010 0.000010 0.000010 0.000010 0.000010 0.000010 0.000010 0.000010 0.000010
0.210095 0.414622 0.047079 0.093560 0.062836 0.000010 0.000010 0.000010 0.069511 0.102258 0.000010
0.000010 0.000010 0.000010 0.999900 0.000010 0.000010 0.000010 0.000010 0.000010 0.000010 0.000010
0.000010 0.000010 0.000010 0.999900 0.000010 0.000010 0.000010 0.000010 0.000010 0.000010 0.000010
0.000010 0.000010 0.000010 0.999900 0.000010 0.000010 0.000010 0.000010 0.000010 0.000010 0.000010
0.000010 0.000010 0.000010 0.000010 0.005883 0.000010 0.000010 0.000010 0.000010 0.994027 0.000010
0.673570 0.044652 0.000010 0.000010 0.079523 0.030018 0.000010 0.000010 0.082889 0.089298 0.000010
0.000010 0.070796 0.687396 0.181936 0.059802 0.000010 0.000010 0.000010 0.000010 0.000010 0.000010
0.308774 0.023664 0.316695 0.022660 0.055178 0.000010 0.000010 0.089626 0.183363 0.000010 0.000010
0.920446 0.008683 0.000010 0.000010 0.000010 0.060011 0.000010 0.000010 0.000010 0.000010 0.010790
0.000010 0.999900 0.000010 0.000010 0.000010 0.000010 0.000010 0.000010 0.000010 0.000010 0.000010
0.000010 0.999900 0.000010 0.000010 0.000010 0.000010 0.000010 0.000010 0.000010 0.000010 0.000010
0.759996 0.000010 0.000010 0.000010 0.239914 0.000010 0.000010 0.000010 0.000010 0.000010 0.000010
0.000010 0.999900 0.000010 0.000010 0.000010 0.000010 0.000010 0.000010 0.000010 0.000010 0.000010
0.775609 0.000010 0.000010 0.000010 0.032275 0.027906 0.000010 0.040683 0.043253 0.059910 0.020324
0.809418 0.047465 0.000010 0.000010 0.000010 0.000010 0.000010 0.001958 0.077768 0.057441 0.005901
0.838869 0.000010 0.029747 0.000010 0.000010 0.000010 0.000010 0.011795 0.008181 0.111349 0.000010
0.999900 0.000010 0.000010 0.000010 0.000010 0.000010 0.000010 0.000010 0.000010 0.000010 0.000010
0.666865 0.000010 0.000010 0.000010 0.117260 0.097478 0.000010 0.000010 0.000010 0.118327 0.000010
0.639852 0.000010 0.000010 0.000010 0.009759 0.203944 0.000010 0.000010 0.000010 0.146375 0.000010
0.000010 0.000010 0.000010 0.000010 0.514153 0.000010 0.000010 0.000010 0.000010 0.000010 0.485757
0.045992 0.000010 0.123070 0.000017 0.000010 0.000010 0.648127 0.000010 0.000010 0.182734 0.000010
0.773284 0.000010 0.000010 0.000010 0.000010 0.011752 0.000010 0.000010 0.078792 0.136102 0.000010
0.999900 0.000010 0.000010 0.000010 0.000010 0.000010 0.000010 0.000010 0.000010 0.000010 0.000010
0.556814 0.000010 0.000010 0.000010 0.000010 0.069120 0.000010 0.000010 0.099805 0.274191 0.000010
0.694540 0.000010 0.005467 0.000010 0.108922 0.000010 0.000010 0.000010 0.191002 0.000010 0.000010
0.549103 0.000010 0.000010 0.056096 0.000010 0.260154 0.031132 0.000010 0.000010 0.103455 0.000010
0.577984 0.000010 0.000010 0.028389 0.035956 0.123887 0.000010 0.000010 0.000010 0.233724 0.000010
0.000010 0.000010 0.064077 0.076496 0.016884 0.100852 0.077909 0.110277 0.358104 0.171386 0.023994
0.804917 0.000010 0.000010 0.000010 0.028762 0.000010 0.000010 0.000010 0.166241 0.000010 0.000010
0.022713 0.032108 0.000010 0.000010 0.000010 0.000010 0.619717 0.080605 0.160564 0.000010 0.084242
0.000010 0.000010 0.000010 0.999900 0.000010 0.000010 0.000010 0.000010 0.000010 0.000010 0.000010
0.000010 0.383644 0.000010 0.616266 0.000010 0.000010 0.000010 0.000010 0.000010 0.000010 0.000010
0.000010 0.839938 0.000010 0.159972 0.000010 0.000010 0.000010 0.000010 0.000010 0.000010 0.000010
0.000010 0.826177 0.000010 0.000010 0.000010 0.000010 0.173733 0.000010 0.000010 0.000010 0.000010
0.000010 0.999900 0.000010 0.000010 0.000010 0.000010 0.000010 0.000010 0.000010 0.000010 0.000010
0.000010 0.814545 0.000010 0.037479 0.000010 0.000010 0.147896 0.000010 0.000010 0.000010 0.000010
0.000010 0.999900 0.000010 0.000010 0.000010 0.000010 0.000010 0.000010 0.000010 0.000010 0.000010
0.000010 0.000010 0.299792 0.000010 0.516348 0.168490 0.000010 0.000010 0.015300 0.000010 0.000010
0.000010 0.208513 0.499734 0.168544 0.002396 0.120753 0.000010 0.000010 0.000010 0.000010 0.000010
0.000010 0.000010 0.000010 0.999900 0.000010 0.000010 0.000010 0.000010 0.000010 0.000010 0.000010
0.762692 0.000010 0.000010 0.000010 0.000010 0.237218 0.000010 0.000010 0.000010 0.000010 0.000010
0.000010 0.904380 0.000010 0.095530 0.000010 0.000010 0.000010 0.000010 0.000010 0.000010 0.000010
0.000010 0.185935 0.267649 0.407955 0.000010 0.138391 0.000010 0.000010 0.000010 0.000010 0.000010
0.000010 0.000010 0.000010 0.000010 0.080179 0.000010 0.000010 0.000010 0.756970 0.162771 0.000010
0.000010 0.688243 0.048841 0.145529 0.000010 0.000010 0.075328 0.000010 0.025284 0.000010 0.016724
0.000010 0.000010 0.873344 0.051688 0.000010 0.000010 0.000010 0.000010 0.074888 0.000010 0.000010
0.000010 0.000010 0.194880 0.182550 0.000010 0.000010 0.622491 0.000010 0.000010 0.000010 0.000010
0.050387 0.208695 0.553089 0.175657 0.000010 0.000010 0.000010 0.000010 0.000010 0.000010 0.012113
0.000010 0.031200 0.113936 0.027058 0.003408 0.025348 0.139376 0.000010 0.256154 0.403491 0.000010
0.234639 0.000010 0.000010 0.000010 0.000010 0.071027 0.000010 0.074438 0.042480 0.577357 0.000010
0.000010 0.000010 0.000010 0.003956 0.070132 0.275947 0.328916 0.000010 0.320989 0.000010 0.000010
0.000010 0.000010 0.213612 0.000010 0.189470 0.000010 0.213453 0.000010 0.000010 0.348719 0.034685
0.112822 0.000010 0.103169 0.000010 0.241115 0.000010 0.338176 0.000010 0.000010 0.204657 0.000010
0.819906 0.000010 0.000010 0.000010 0.065990 0.114020 0.000010 0.000014 0.000010 0.000010 0.000010
0.682247 0.000010 0.000010 0.023450 0.000010 0.269620 0.000010 0.000010 0.000010 0.000010 0.024613
0.000010 0.027548 0.000010 0.000010 0.097894 0.128384 0.000010 0.000010 0.746104 0.000010 0.000010
0.000010 0.000010 0.000010 0.000010 0.000010 0.000010 0.000010 0.000010 0.999900 0.000010 0.000010
0.000010 0.100454 0.899456 0.000010 0.000010 0.000010 0.000010 0.000010 0.000010 0.000010 0.000010
0.000010 0.070323 0.564300 0.059850 0.038793 0.038189 0.128765 0.058112 0.000010 0.000010 0.041637
0.074762 0.000010 0.000010 0.000010 0.000010 0.000010 0.000010 0.000010 0.000010 0.842800 0.082358
0.000010 0.000010 0.999900 0.000010 0.000010 0.000010 0.000010 0.000010 0.000010 0.000010 0.000010
0.000010 0.042125 0.528716 0.098461 0.106389 0.000010 0.074762 0.103671 0.000010 0.000010 0.045836
0.000010 0.000010 0.000010 0.004458 0.000010 0.000010 0.891848 0.000010 0.090811 0.000010 0.012813
0.075834 0.048142 0.629454 0.083401 0.000010 0.000010 0.090539 0.050184 0.000010 0.007583 0.014833
0.000010 0.000010 0.000010 0.000010 0.137503 0.000010 0.691556 0.000010 0.000010 0.170861 0.000010
0.000010 0.000010 0.077319 0.000010 0.000010 0.179389 0.020252 0.000010 0.722969 0.000010 0.000010
0.119897 0.000010 0.000010 0.000010 0.081520 0.013752 0.318952 0.000010 0.342655 0.123174 0.000010
0.135657 0.000010 0.000010 0.000010 0.011981 0.072133 0.002378 0.006680 0.000010 0.771121 0.000010
0.000010 0.116085 0.535842 0.013112 0.124134 0.000024 0.069495 0.080829 0.000010 0.000010 0.060449
0.703864 0.027560 0.000010 0.000010 0.000010 0.000010 0.000010 0.000010 0.000010 0.268496 0.000010
0.623323 0.000010 0.000010 0.000010 0.000010 0.376587 0.000010 0.000010 0.000010 0.000010 0.000010
0.889945 0.000010 0.032441 0.019524 0.005048 0.052983 0.000010 0.000010 0.000010 0.000010 0.000010
0.851153 0.008718 0.032513 0.000010 0.000010 0.000010 0.000010 0.000010 0.107545 0.000010 0.000010
0.695578 0.000010 0.000010 0.000010 0.000010 0.304332 0.000010 0.000010 0.000010 0.000010 0.000010
0.768900 0.000010 0.000010 0.000010 0.000010 0.074269 0.000010 0.036180 0.000010 0.101095 0.019496
0.000010 0.000010 0.000010 0.000010 0.000010 0.000010 0.000010 0.000010 0.999900 0.000010 0.000010
0.000010 0.000010 0.000010 0.999900 0.000010 0.000010 0.000010 0.000010 0.000010 0.000010 0.000010
0.014164 0.000010 0.083835 0.000010 0.000010 0.000010 0.000010 0.490634 0.024330 0.000645 0.386342
0.000010 0.911645 0.000010 0.088265 0.000010 0.000010 0.000010 0.000010 0.000010 0.000010 0.000010
0.000010 0.999900 0.000010 0.000010 0.000010 0.000010 0.000010 0.000010 0.000010 0.000010 0.000010
0.000010 0.999900 0.000010 0.000010 0.000010 0.000010 0.000010 0.000010 0.000010 0.000010 0.000010
0.000010 0.129912 0.508410 0.268890 0.000010 0.000010 0.092718 0.000010 0.000010 0.000010 0.000010
0.000010 0.093490 0.000011 0.000010 0.000010 0.000010 0.000010 0.000010 0.906419 0.000010 0.000010
0.000010 0.000010 0.000010 0.000010 0.000010 0.000010 0.000010 0.000010 0.999900 0.000010 0.000010
0.755042 0.000010 0.021743 0.000010 0.000010 0.070111 0.000010 0.016439 0.000010 0.136605 0.000010
0.000010 0.000010 0.000010 0.000010 0.000010 0.077649 0.247584 0.512050 0.000010 0.000010 0.162646
0.015359 0.000010 0.000010 0.000010 0.000010 0.224820 0.759742 0.000010 0.000010 0.000010 0.000010
0.000010 0.071473 0.000010 0.000010 0.000010 0.000010 0.028826 0.050604 0.832682 0.000010 0.016356
0.000010 0.000010 0.000010 0.000010 0.000010 0.999900 0.000010 0.000010 0.000010 0.000010 0.000010
0.067734 0.085211 0.097794 0.000010 0.073660 0.211580 0.000010 0.002615 0.007439 0.453937 0.000010
0.000010 0.000010 0.000010 0.000010 0.000010 0.397316 0.000010 0.000010 0.602594 0.000010 0.000010
0.184674 0.016626 0.338209 0.154718 0.043539 0.153945 0.108249 0.000010 0.000010 0.000010 0.000010
0.000010 0.000010 0.000010 0.000010 0.038884 0.321466 0.000010 0.000010 0.485924 0.153656 0.000010
0.230019 0.000010 0.101707 0.000010 0.000010 0.120429 0.000010 0.000010 0.075830 0.471956 0.000010
0.000010 0.001101 0.041302 0.000010 0.000010 0.000010 0.007554 0.000010 0.636098 0.313885 0.000010
0.000010 0.000010 0.026422 0.000010 0.132052 0.000010 0.282387 0.000010 0.551018 0.000010 0.008061
0.000010 0.000010 0.706302 0.071010 0.125838 0.000010 0.065623 0.031167 0.000010 0.000010 0.000010
0.000010 0.000010 0.000010 0.002135 0.000010 0.062951 0.934833 0.000010 0.000010 0.000010 0.000010
0.669812 0.000010 0.009953 0.021139 0.094095 0.036762 0.000010 0.000015 0.055820 0.112374 0.000010
0.940935 0.000010 0.000010 0.000010 0.000010 0.001250 0.000010 0.000010 0.000010 0.057735 0.000010
0.000010 0.037017 0.602908 0.000010 0.000010 0.000010 0.000010 0.173909 0.000010 0.000010 0.186096
0.000010 0.000010 0.000010 0.000010 0.000010 0.074153 0.148556 0.519950 0.039490 0.000010 0.217791
0.016502 0.000010 0.000010 0.024321 0.021633 0.000010 0.000010 0.861044 0.047489 0.028961 0.000010
0.000010 0.000010 0.000010 0.000010 0.000010 0.000010 0.000010 0.928852 0.000010 0.010571 0.060497
0.038444 0.101539 0.628531 0.219488 0.000010 0.000010 0.000010 0.000010 0.011938 0.000010 0.000010
0.000010 0.000010 0.000010 0.076788 0.096837 0.187925 0.000010 0.000010 0.009024 0.582495 0.046881
0.000010 0.022895 0.202172 0.058521 0.000010 0.241043 0.000010 0.000010 0.354716 0.120604 0.000010
0.679530 0.000010 0.003501 0.000010 0.130067 0.136072 0.000010 0.000010 0.000010 0.050769 0.000010
0.000010 0.027302 0.048176 0.013769 0.000010 0.411506 0.342443 0.000010 0.035389 0.121375 0.000010
0.727493 0.000010 0.000010 0.000010 0.272417 0.000010 0.000010 0.000010 0.000010 0.000010 0.000010
0.704395 0.000010 0.003239 0.000010 0.137348 0.000010 0.000010 0.000014 0.154944 0.000010 0.000010
0.000010 0.000010 0.000010 0.000010 0.000010 0.000010 0.000010 0.987430 0.000010 0.012480 0.000010
0.000882 0.000010 0.048957 0.000010 0.000010 0.000010 0.330624 0.000063 0.137866 0.481558 0.000010
0.000010 0.021066 0.000010 0.000010 0.000010 0.000010 0.000010 0.978844 0.000010 0.000010 0.000010
0.000010 0.000010 0.000010 0.000010 0.047218 0.000010 0.000010 0.952692 0.000010 0.000010 0.000010
0.000010 0.000010 0.000010 0.000010 0.000010 0.000010 0.008389 0.911814 0.018148 0.061579 0.000010
0.015448 0.093916 0.000010 0.000010 0.000010 0.016281 0.475591 0.000010 0.224416 0.174298 0.000010
0.627106 0.000010 0.000010 0.000010 0.162265 0.114141 0.000010 0.000010 0.096418 0.000010 0.000010
0.648733 0.033617 0.000010 0.000010 0.000010 0.000010 0.000010 0.063326 0.000010 0.243444 0.010820
0.171380 0.007350 0.070254 0.000010 0.014605 0.098234 0.389502 0.170117 0.000010 0.000010 0.078529
0.000010 0.071612 0.134152 0.031694 0.033781 0.000010 0.409020 0.230205 0.000010 0.000010 0.089495
0.000010 0.000010 0.000010 0.000010 0.000010 0.000010 0.000010 0.000010 0.000010 0.000010 0.999900
0.104379 0.008359 0.230420 0.014663 0.071706 0.151047 0.019750 0.000010 0.000010 0.399647 0.000010
0.633819 0.000010 0.000010 0.000010 0.176950 0.045780 0.000010 0.000188 0.143203 0.000010 0.000010
0.000010 0.000010 0.000010 0.000010 0.000010 0.000010 0.999900 0.000010 0.000010 0.000010 0.000010
0.000010 0.208430 0.000010 0.000010 0.000010 0.000010 0.791480 0.000010 0.000010 0.000010 0.000010
0.043335 0.000010 0.000010 0.000010 0.000010 0.106063 0.729318 0.000010 0.117615 0.003609 0.000010
0.789293 0.000010 0.000010 0.000010 0.000010 0.166715 0.000010 0.000010 0.000010 0.000010 0.043912
0.604732 0.000010 0.000010 0.000010 0.176506 0.185927 0.000010 0.000010 0.000010 0.000010 0.032766
0.536688 0.000010 0.000010 0.000010 0.000010 0.038368 0.000010 0.072819 0.000010 0.352054 0.000010
0.855973 0.000010 0.000010 0.048851 0.038412 0.000010 0.000010 0.000010 0.000010 0.056694 0.000010
0.000010 0.062352 0.522436 0.321799 0.000010 0.000010 0.093342 0.000010 0.000010 0.000010 0.000010
0.000010 0.000010 0.000010 0.000010 0.121259 0.878651 0.000010 0.000010 0.000010 0.000010 0.000010
0.126246 0.166534 0.348448 0.184643 0.096917 0.062901 0.002274 0.000010 0.012008 0.000010 0.000010
0.138543 0.000010 0.230641 0.000010 0.414569 0.119257 0.000010 0.000010 0.000010 0.096930 0.000010
0.000010 0.093874 0.787451 0.118595 0.000010 0.000010 0.000010 0.000010 0.000010 0.000010 0.000010
0.000011 0.000010 0.839765 0.095166 0.000010 0.030369 0.000010 0.000010 0.000010 0.000010 0.034630
0.000010 0.099238 0.795635 0.000010 0.000010 0.003114 0.101942 0.000010 0.000010 0.000010 0.000010
0.000010 0.000010 0.815860 0.086687 0.000010 0.076612 0.014635 0.000010 0.006146 0.000010 0.000010
0.000010 0.127078 0.171056 0.000010 0.036700 0.000010 0.632377 0.000010 0.000010 0.000010 0.032729
0.000010 0.000010 0.000010 0.000010 0.012587 0.000010 0.000010 0.987323 0.000010 0.000010 0.000010
0.000010 0.000010 0.000010 0.000010 0.000010 0.000010 0.000010 0.000010 0.698611 0.301299 0.000010
0.048248 0.022666 0.000010 0.000010 0.000010 0.544735 0.000010 0.000010 0.000010 0.384281 0.000010
0.000010 0.034588 0.721525 0.000010 0.000010 0.000010 0.000010 0.136853 0.000010 0.000010 0.106965
0.297417 0.000010 0.000010 0.000010 0.000010 0.000010 0.000010 0.031293 0.122639 0.532077 0.016515
0.000010 0.034355 0.809906 0.061661 0.000010 0.000010 0.094007 0.000012 0.000010 0.000010 0.000010
0.293721 0.000010 0.000010 0.000010 0.000010 0.258749 0.000010 0.000010 0.074108 0.373353 0.000010
0.264331 0.020785 0.000010 0.000010 0.000010 0.221247 0.000010 0.000010 0.212811 0.255906 0.024870
0.081866 0.000010 0.000010 0.000010 0.020496 0.312405 0.016835 0.000010 0.364333 0.204014 0.000010
0.000010 0.063887 0.023395 0.002970 0.084588 0.000010 0.252520 0.085788 0.127720 0.322361 0.036752
0.000010 0.000010 0.000010 0.000010 0.022816 0.388416 0.063405 0.000010 0.525294 0.000010 0.000010
0.000010 0.000010 0.000010 0.026608 0.000010 0.192539 0.028589 0.000010 0.515125 0.237079 0.000010
0.045102 0.000010 0.108837 0.000010 0.000010 0.279280 0.557198 0.000010 0.000010 0.000010 0.009522
0.000010 0.000010 0.126151 0.000010 0.639719 0.000010 0.234050 0.000010 0.000010 0.000010 0.000010
0.000010 0.041101 0.116304 0.018489 0.000010 0.261791 0.505091 0.057175 0.000010 0.000010 0.000010
0.000010 0.000010 0.000010 0.000010 0.999900 0.000010 0.000010 0.000010 0.000010 0.000010 0.000010
0.000010 0.000010 0.000010 0.000010 0.999900 0.000010 0.000010 0.000010 0.000010 0.000010 0.000010
0.057237 0.000010 0.075611 0.012173 0.275403 0.080958 0.301373 0.000010 0.077584 0.119631 0.000010
0.000010 0.000010 0.000010 0.000010 0.924200 0.000010 0.000010 0.000010 0.000010 0.000010 0.075710
0.000010 0.000010 0.000010 0.000010 0.000010 0.689102 0.000010 0.000010 0.310808 0.000010 0.000010
0.174037 0.005142 0.000010 0.000010 0.055749 0.019125 0.000010 0.000010 0.000010 0.745886 0.000010
0.085412 0.010036 0.000010 0.000010 0.000010 0.379724 0.000010 0.000010 0.207452 0.285395 0.031932
0.000010 0.000010 0.334682 0.000010 0.000010 0.665228 0.000010 0.000010 0.000010 0.000010 0.000010
0.000010 0.000010 0.933069 0.000010 0.066841 0.000010 0.000010 0.000010 0.000010 0.000010 0.000010
0.028180 0.006125 0.000010 0.000010 0.132147 0.077910 0.000010 0.000010 0.000010 0.713388 0.042200
0.000010 0.000010 0.000010 0.000010 0.000010 0.946317 0.000010 0.000010 0.053593 0.000010 0.000010
0.000010 0.000010 0.000010 0.000010 0.000010 0.000010 0.122697 0.877213 0.000010 0.000010 0.000010
0.039708 0.038665 0.034970 0.000010 0.000010 0.000010 0.000010 0.878993 0.007605 0.000010 0.000010
0.214059 0.000010 0.000010 0.000010 0.000010 0.168595 0.483966 0.000010 0.133310 0.000010 0.000010
0.000010 0.028318 0.000010 0.000010 0.000010 0.007162 0.000010 0.964440 0.000010 0.000010 0.000010
0.000010 0.014050 0.013589 0.036308 0.045411 0.000010 0.000010 0.890582 0.000010 0.000010 0.000010
0.020633 0.000010 0.165201 0.006142 0.024390 0.003992 0.000010 0.626725 0.012740 0.140148 0.000010
0.000010 0.000010 0.893815 0.000010 0.086904 0.000010 0.000010 0.000010 0.019201 0.000010 0.000010
0.000018 0.000010 0.000010 0.000414 0.000010 0.000010 0.155784 0.843715 0.000010 0.000010 0.000010
0.021101 0.028798 0.000010 0.000010 0.000010 0.000010 0.026919 0.809374 0.011582 0.073863 0.028324
0.000010 0.000010 0.000010 0.025861 0.000010 0.000010 0.054010 0.862548 0.000010 0.000010 0.057512
0.103546 0.000010 0.000010 0.013225 0.000010 0.056844 0.000010 0.000010 0.000010 0.826315 0.000010
0.000010 0.013699 0.000010 0.000010 0.000010 0.000010 0.000010 0.036010 0.006852 0.943369 0.000010
0.000010 0.000010 0.077601 0.000010 0.000010 0.000010 0.406133 0.129896 0.129048 0.193103 0.064168
0.237276 0.000010 0.000010 0.019505 0.048528 0.223088 0.097699 0.000010 0.138659 0.235203 0.000010
0.000010 0.000010 0.000010 0.000010 0.000010 0.000010 0.006435 0.917970 0.000010 0.000010 0.075516
0.000010 0.054151 0.040063 0.013488 0.000010 0.358506 0.197322 0.022526 0.172529 0.140634 0.000761
0.000010 0.000010 0.000010 0.022692 0.009153 0.000010 0.097068 0.852825 0.000010 0.000010 0.018203
0.000010 0.000010 0.041269 0.000010 0.106721 0.000010 0.000010 0.783383 0.000010 0.000010 0.068558
0.340030 0.000010 0.053142 0.024789 0.000010 0.198470 0.000010 0.000010 0.146496 0.237022 0.000010
0.000010 0.000010 0.000010 0.000010 0.153105 0.000010 0.000010 0.000010 0.000010 0.846805 0.000010
0.000010 0.031939 0.000010 0.000010 0.000010 0.000010 0.000010 0.835003 0.132977 0.000010 0.000010
0.123960 0.000010 0.000010 0.000010 0.093422 0.000010 0.060140 0.000010 0.000010 0.722408 0.000010
0.000010 0.000010 0.000010 0.025724 0.000010 0.000010 0.612325 0.044409 0.121297 0.196184 0.000010
0.000010 0.000010 0.000010 0.000010 0.000010 0.000010 0.030058 0.964812 0.000010 0.005050 0.000010
0.000010 0.035133 0.000010 0.000010 0.085385 0.000010 0.000010 0.780248 0.044992 0.002379 0.051814
0.000010 0.000010 0.000010 0.000010 0.027648 0.043709 0.000010 0.928563 0.000010 0.000010 0.000010
0.000010 0.000010 0.062986 0.032661 0.088334 0.606168 0.126576 0.028789 0.054447 0.000010 0.000010
0.000010 0.000010 0.000010 0.000010 0.000010 0.000010 0.999900 0.000010 0.000010 0.000010 0.000010
0.148642 0.000010 0.400925 0.000010 0.203917 0.164087 0.000010 0.000010 0.000010 0.082368 0.000010
0.049801 0.000010 0.047971 0.000010 0.000010 0.218024 0.241750 0.100599 0.000010 0.341806 0.000010
0.114540 0.007303 0.039886 0.000010 0.000010 0.000010 0.108606 0.727336 0.002280 0.000010 0.000010
0.000010 0.000010 0.000010 0.000010 0.163002 0.000010 0.000010 0.836908 0.000010 0.000010 0.000010
0.000010 0.102254 0.000010 0.000010 0.100609 0.000010 0.049548 0.657325 0.078459 0.000010 0.011754
0.000010 0.000010 0.000010 0.036542 0.156838 0.000010 0.000010 0.796285 0.000010 0.000010 0.010265
0.046979 0.000010 0.000010 0.000010 0.330560 0.000010 0.000010 0.000010 0.000010 0.597321 0.025071
0.000010 0.000010 0.000010 0.000010 0.000010 0.000010 0.000010 0.000010 0.000010 0.000010 0.999900
0.714169 0.000010 0.000010 0.027359 0.000010 0.143071 0.000010 0.000010 0.019427 0.061331 0.034593
0.701456 0.065000 0.000010 0.033365 0.000010 0.000010 0.000010 0.000010 0.000010 0.120304 0.079814
0.761454 0.000010 0.065029 0.000010 0.152849 0.000010 0.000010 0.000010 0.020598 0.000010 0.000010
0.000010 0.110810 0.264843 0.032490 0.000010 0.048779 0.402104 0.063286 0.000010 0.046400 0.031257
0.000010 0.000010 0.000010 0.000010 0.035139 0.000010 0.000010 0.929764 0.000010 0.035017 0.000010
0.000010 0.017300 0.318858 0.027717 0.000010 0.000010 0.636055 0.000010 0.000010 0.000010 0.000010
0.000010 0.000010 0.303642 0.025778 0.061362 0.000010 0.454861 0.028928 0.000010 0.125379 0.000010
0.037913 0.000010 0.001652 0.041815 0.000287 0.000010 0.049474 0.739478 0.129341 0.000010 0.000010
0.000010 0.000010 0.000010 0.000010 0.072380 0.000010 0.034082 0.835636 0.057833 0.000010 0.000010
0.000010 0.000010 0.000010 0.000010 0.000010 0.000010 0.000010 0.945182 0.000010 0.054728 0.000010
0.157186 0.000010 0.000010 0.082673 0.000010 0.000010 0.014493 0.745579 0.000010 0.000010 0.000010
0.731882 0.000010 0.000010 0.000010 0.000010 0.039976 0.021674 0.000010 0.206397 0.000010 0.000010
0.580757 0.000010 0.000010 0.000010 0.000010 0.167160 0.000010 0.000010 0.104015 0.076495 0.071513
0.684239 0.000375 0.000010 0.000010 0.000010 0.212634 0.000010 0.000010 0.000010 0.102683 0.000010
0.000010 0.000010 0.000010 0.000010 0.000010 0.000010 0.087787 0.845515 0.000010 0.053234 0.013394
0.897469 0.008601 0.000010 0.000010 0.000010 0.000010 0.000010 0.000010 0.000010 0.093850 0.000010
0.653895 0.036382 0.000010 0.000010 0.057918 0.225707 0.000010 0.026039 0.000010 0.000010 0.000010
0.127829 0.000010 0.000010 0.000010 0.009209 0.523420 0.000010 0.000010 0.119582 0.219899 0.000010
0.000010 0.011783 0.000010 0.000010 0.000010 0.000010 0.000010 0.859875 0.128262 0.000010 0.000010
0.000010 0.000010 0.000010 0.000010 0.000010 0.000010 0.000010 0.999900 0.000010 0.000010 0.000010
0.000010 0.000010 0.015646 0.000010 0.055964 0.049011 0.000010 0.789412 0.052326 0.005272 0.032329
0.020900 0.000010 0.000010 0.000010 0.019185 0.000010 0.000531 0.759298 0.130178 0.000010 0.069859
0.000010 0.000010 0.000010 0.000010 0.038516 0.019783 0.087916 0.774901 0.039761 0.000010 0.039073
0.021686 0.000010 0.000010 0.017994 0.024362 0.000010 0.093780 0.765154 0.067004 0.000010 0.009980
0.000010 0.000010 0.000010 0.000010 0.000010 0.000010 0.000028 0.917337 0.026263 0.000010 0.056302
0.000010 0.061283 0.000010 0.037062 0.086083 0.000010 0.000010 0.777563 0.037950 0.000010 0.000010
0.000010 0.000010 0.295173 0.000010 0.148878 0.057152 0.000010 0.000010 0.465049 0.033688 0.000010
0.160951 0.000010 0.000010 0.000010 0.000010 0.838959 0.000010 0.000010 0.000010 0.000010 0.000010
0.014994 0.000010 0.000010 0.047964 0.000010 0.044054 0.000010 0.816595 0.071218 0.005126 0.000010
0.011028 0.095577 0.000010 0.015534 0.000268 0.000010 0.030795 0.760614 0.086145 0.000010 0.000010
0.744293 0.000010 0.000010 0.000010 0.081445 0.081887 0.000010 0.092306 0.000010 0.000010 0.000010
0.714954 0.000010 0.000010 0.003165 0.199343 0.046578 0.000010 0.000010 0.035899 0.000010 0.000010
0.725072 0.000010 0.000010 0.030882 0.000010 0.243966 0.000010 0.000010 0.000010 0.000010 0.000010
0.000010 0.000010 0.099468 0.000010 0.000010 0.000010 0.000010 0.483666 0.000010 0.203070 0.213727
0.000010 0.000010 0.000010 0.000010 0.059852 0.107647 0.000010 0.000010 0.122860 0.709571 0.000010
0.000010 0.000010 0.000010 0.000010 0.000010 0.000010 0.000010 0.000010 0.999900 0.000010 0.000010
0.007863 0.061268 0.033065 0.000010 0.000010 0.000010 0.000010 0.886234 0.011510 0.000010 0.000010
0.076546 0.211950 0.000010 0.000010 0.004992 0.031235 0.184340 0.165444 0.265515 0.059948 0.000010
0.116542 0.068378 0.000010 0.000010 0.000010 0.053722 0.091735 0.000010 0.648437 0.000010 0.021136
0.000010 0.000010 0.000010 0.000010 0.000010 0.002705 0.000010 0.997205 0.000010 0.000010 0.000010
0.000010 0.085332 0.000010 0.000010 0.804903 0.000010 0.027689 0.000010 0.000010 0.000010 0.082005
0.386839 0.000010 0.000010 0.000010 0.138222 0.109587 0.135635 0.000010 0.000010 0.229656 0.000010
0.000010 0.000010 0.000010 0.000010 0.999900 0.000010 0.000010 0.000010 0.000010 0.000010 0.000010
0.000010 0.000010 0.121098 0.000010 0.000010 0.878812 0.000010 0.000010 0.000010 0.000010 0.000010
0.000010 0.000010 0.000010 0.000010 0.000010 0.000010 0.000010 0.000010 0.000010 0.000010 0.999900
0.062928 0.060442 0.000010 0.000010 0.000010 0.049927 0.112466 0.000010 0.165633 0.548553 0.000010
0.026398 0.000010 0.214529 0.035610 0.145372 0.137324 0.243591 0.197136 0.000010 0.000010 0.000010
0.000010 0.000010 0.000010 0.000010 0.000010 0.000010 0.000010 0.000010 0.000010 0.999900 0.000010
0.074692 0.000010 0.032791 0.000010 0.000010 0.104975 0.649318 0.000010 0.031971 0.106202 0.000010
0.000010 0.065350 0.025971 0.000010 0.000010 0.000010 0.009877 0.898732 0.000010 0.000010 0.000010
0.012997 0.095981 0.005442 0.063161 0.000010 0.055992 0.031126 0.000010 0.198834 0.536438 0.000010
0.000010 0.000010 0.000010 0.000010 0.999900 0.000010 0.000010 0.000010 0.000010 0.000010 0.000010
0.000010 0.000010 0.000010 0.142177 0.857733 0.000010 0.000010 0.000010 0.000010 0.000010 0.000010
0.000010 0.000010 0.569384 0.000010 0.000010 0.000010 0.000010 0.205340 0.000010 0.023884 0.201322
0.039161 0.039861 0.063665 0.000010 0.000010 0.000010 0.095591 0.030331 0.343212 0.370161 0.017988
0.081851 0.000010 0.046381 0.000010 0.119351 0.000010 0.000010 0.085354 0.060056 0.579022 0.027945
0.214070 0.032128 0.086372 0.000010 0.082112 0.000010 0.000010 0.059206 0.000010 0.526063 0.000010
0.000010 0.000010 0.000010 0.000010 0.000010 0.000010 0.000010 0.000010 0.999900 0.000010 0.000010
0.000010 0.000010 0.008554 0.000010 0.000010 0.097634 0.343561 0.000010 0.550181 0.000010 0.000010
0.106641 0.018515 0.000010 0.000010 0.000010 0.206630 0.553413 0.000010 0.111642 0.000010 0.003109
0.000010 0.000010 0.000010 0.000010 0.000010 0.000010 0.000010 0.000010 0.999900 0.000010 0.000010
0.000010 0.000010 0.000010 0.000010 0.000010 0.000010 0.000010 0.000010 0.999900 0.000010 0.000010
0.000010 0.000010 0.000010 0.000010 0.000010 0.000010 0.071480 0.000010 0.928430 0.000010 0.000010
0.000010 0.000010 0.000010 0.000010 0.135444 0.000010 0.000010 0.000010 0.000010 0.864466 0.000010
0.000010 0.055999 0.043385 0.000010 0.000010 0.090238 0.000010 0.000010 0.664582 0.145736 0.000010
0.000010 0.000010 0.000010 0.000010 0.999900 0.000010 0.000010 0.000010 0.000010 0.000010 0.000010
0.122068 0.014560 0.000010 0.000010 0.171054 0.045679 0.000010 0.019017 0.138939 0.488644 0.000010
0.000010 0.000010 0.000010 0.000010 0.210999 0.000010 0.000010 0.065007 0.157032 0.503922 0.062980
0.000010 0.000010 0.000010 0.000010 0.195780 0.000010 0.000010 0.000010 0.115471 0.648396 0.040283
0.000010 0.009710 0.000010 0.039022 0.000010 0.000010 0.000010 0.148813 0.258047 0.544348 0.000010
0.000010 0.000010 0.126775 0.000010 0.173744 0.000010 0.258797 0.313079 0.004236 0.108291 0.015039
0.242457 0.000010 0.000010 0.001525 0.000010 0.000010 0.000010 0.000010 0.000010 0.755938 0.000010
0.089658 0.004722 0.000010 0.000010 0.079939 0.097503 0.000010 0.000010 0.000010 0.728117 0.000010
0.027915 0.000010 0.132021 0.000010 0.000010 0.000010 0.057118 0.000010 0.000010 0.782876 0.000010
0.000010 0.000010 0.149207 0.000010 0.130863 0.000010 0.071546 0.377757 0.000010 0.270568 0.000010
0.030702 0.000010 0.000010 0.012187 0.000010 0.687110 0.000010 0.000010 0.161698 0.085714 0.022539
0.000010 0.000010 0.000010 0.000010 0.101477 0.764015 0.000010 0.026862 0.000010 0.107576 0.000010
0.000010 0.051809 0.213933 0.000010 0.307289 0.168723 0.030721 0.000010 0.000010 0.227475 0.000010
0.238059 0.034599 0.013069 0.011791 0.102607 0.000010 0.079678 0.000010 0.000010 0.487698 0.032469
0.000010 0.022560 0.077637 0.000010 0.000010 0.014085 0.046569 0.839089 0.000010 0.000010 0.000010
0.000010 0.061396 0.000010 0.000010 0.000010 0.000010 0.000010 0.857917 0.080607 0.000010 0.000010
0.000010 0.103828 0.070373 0.000010 0.019544 0.485193 0.022367 0.000010 0.126836 0.133095 0.038734
0.051413 0.000010 0.000010 0.037445 0.000010 0.021417 0.045201 0.844464 0.000010 0.000010 0.000010
0.000010 0.051376 0.000010 0.030476 0.068680 0.000010 0.107243 0.532980 0.000010 0.209194 0.000010
0.000010 0.000010 0.000010 0.000010 0.207066 0.682041 0.000010 0.000010 0.110812 0.000010 0.000010
0.086610 0.000675 0.059108 0.006541 0.032859 0.000010 0.207304 0.602308 0.000010 0.000010 0.004564
0.000010 0.039964 0.000010 0.000010 0.000010 0.101820 0.318773 0.152652 0.074831 0.274410 0.037510
0.039155 0.000010 0.000010 0.000010 0.131226 0.107525 0.000010 0.000010 0.110862 0.609182 0.002000
0.000010 0.038996 0.049292 0.000010 0.215018 0.057405 0.481913 0.000010 0.000010 0.157326 0.000010
0.099464 0.052472 0.000010 0.000010 0.101760 0.014850 0.133316 0.598089 0.000010 0.000010 0.000010
0.000010 0.000010 0.000010 0.000010 0.000010 0.000010 0.127753 0.000010 0.450603 0.421564 0.000010
0.000010 0.010509 0.041914 0.000010 0.000010 0.137339 0.000010 0.000010 0.249165 0.543308 0.017715
0.183843 0.000010 0.000010 0.000010 0.000010 0.383718 0.000010 0.000010 0.056668 0.375701 0.000010
0.239874 0.000010 0.000010 0.023180 0.000010 0.072923 0.108850 0.000010 0.000010 0.555113 0.000010
0.714532 0.000010 0.000010 0.000010 0.059527 0.168967 0.019064 0.000010 0.000010 0.037851 0.000010
0.120070 0.002896 0.000010 0.000010 0.077468 0.098012 0.038934 0.000010 0.283888 0.378693 0.000010
0.191657 0.000010 0.000010 0.000010 0.117387 0.086109 0.063640 0.101791 0.027299 0.402966 0.009120
0.000010 0.000010 0.000010 0.044315 0.000010 0.236083 0.018813 0.040592 0.183339 0.459827 0.016990
0.712552 0.000010 0.000010 0.000010 0.026618 0.260750 0.000010 0.000010 0.000010 0.000010 0.000010
0.824800 0.012262 0.000010 0.000010 0.000010 0.079610 0.000010 0.000831 0.000010 0.082438 0.000010
0.024874 0.029318 0.012994 0.000010 0.120099 0.000010 0.220782 0.576846 0.000010 0.000010 0.015048
0.050423 0.000010 0.091859 0.000010 0.122484 0.101004 0.000010 0.533712 0.000010 0.100467 0.000010
