0.485845 0.159624 0.354530
0.999980 0.000010 0.000010
0.999980 0.000010 0.000010
0.872337 0.020014 0.107649
0.943288 0.000010 0.056702
0.930247 0.000010 0.069743
0.985716 0.014274 0.000010
0.880125 0.060863 0.059012
0.303083 0.043467 0.653450
0.902129 0.097861 0.000010
0.000010 0.000010 0.999980
0.487655 0.000010 0.512335
0.000010 0.109836 0.890154
0.000010 0.023584 0.976406
0.000010 0.101882 0.898108
0.940425 0.059565 0.000010
0.940421 0.000010 0.059569
0.227842 0.000010 0.772148
0.496441 0.199704 0.303855
0.117223 0.376303 0.506474
0.896083 0.000010 0.103907
0.000010 0.000010 0.999980
0.000010 0.000010 0.999980
0.892826 0.000010 0.107164
0.000010 0.000010 0.999980
0.944628 0.028076 0.027296
0.901068 0.098922 0.000010
0.528490 0.000010 0.471500
0.954932 0.000010 0.045058
0.954248 0.045742 0.000010
0.909200 0.038041 0.052759
0.999980 0.000010 0.000010
0.382292 0.008429 0.609279
0.964793 0.020941 0.014266
0.999980 0.000010 0.000010
0.247588 0.391171 0.361241
0.690321 0.000010 0.309669
0.999980 0.000010 0.000010
0.457432 0.000010 0.542558
0.825176 0.000010 0.174814
0.240858 0.179010 0.580132
0.976383 0.023607 0.000010
0.661995 0.152112 0.185893
0.999980 0.000010 0.000010
0.334163 0.147884 0.517953
0.000010 0.003179 0.996811
0.000010 0.000010 0.999980
0.879842 0.000010 0.120148
0.000010 0.073541 0.926449
0.000010 0.000010 0.999980
0.000010 0.000010 0.999980
0.000010 0.023661 0.976329
0.000010 0.000010 0.999980
0.680292 0.025382 0.294326
0.064975 0.000010 0.935015
0.000010 0.000010 0.999980
0.001714 0.042442 0.955845
0.364282 0.423088 0.212629
0.930615 0.000010 0.069375
0.269331 0.553366 0.177302
0.000010 0.000010 0.999980
0.000010 0.000010 0.999980
0.071841 0.048636 0.879523
0.936223 0.063767 0.000010
0.000010 0.039992 0.959998
0.915121 0.084869 0.000010
0.149725 0.115228 0.735048
0.046570 0.000010 0.953420
0.092427 0.060020 0.847553
0.727029 0.058776 0.214195
0.912767 0.087223 0.000010
0.595465 0.017203 0.387332
0.628045 0.040839 0.331115
0.619650 0.010641 0.369710
0.174087 0.208029 0.617884
0.940255 0.000010 0.059735
0.880952 0.000010 0.119038
0.948374 0.000010 0.051616
0.874440 0.031284 0.094276
0.098932 0.138971 0.762097
0.703568 0.000010 0.296422
0.189877 0.106828 0.703295
0.949974 0.050016 0.000010
0.084766 0.134001 0.781233
0.215253 0.171233 0.613513
0.686192 0.000010 0.313798
0.142004 0.101559 0.756437
0.191519 0.119070 0.689410
0.013758 0.152487 0.833756
0.210935 0.063429 0.725636
0.490943 0.000010 0.509047
0.404141 0.001265 0.594594
0.319588 0.680402 0.000010
0.781001 0.107366 0.111634
0.772129 0.000010 0.227861
0.727466 0.030678 0.241857
0.945094 0.029292 0.025615
0.557067 0.242786 0.200147
0.154135 0.188888 0.656978
0.990961 0.009029 0.000010
0.875298 0.000010 0.124692
0.835067 0.091561 0.073372
0.967034 0.000010 0.032956
0.939902 0.060088 0.000010
0.863304 0.000010 0.136686
0.921521 0.078469 0.000010
0.931589 0.068401 0.000010
0.000010 0.004337 0.995653
0.374625 0.000010 0.625365
0.118760 0.649654 0.231586
0.000010 0.000010 0.999980
0.000010 0.000010 0.999980
0.000010 0.000010 0.999980
0.178706 0.000010 0.821284
0.084761 0.146455 0.768784
0.681017 0.098636 0.220347
0.225982 0.774008 0.000010
0.865661 0.134329 0.000010
0.000010 0.000010 0.999980
0.298624 0.701366 0.000010
0.911899 0.088091 0.000010
0.344782 0.575641 0.079577
0.171417 0.000010 0.828573
0.203421 0.555597 0.240982
0.223998 0.000010 0.775992
0.559550 0.239304 0.201146
0.633703 0.000010 0.366287
0.811641 0.000010 0.188349
0.941154 0.000010 0.058836
0.351992 0.129186 0.518822
0.901241 0.000010 0.098749
0.879460 0.059522 0.061018
0.861175 0.061106 0.077719
0.569788 0.378225 0.051987
0.693715 0.000010 0.306275
0.156524 0.129308 0.714168
0.593925 0.072867 0.333208
0.147004 0.229025 0.623971
0.105794 0.000010 0.894196
0.548995 0.002825 0.448179
0.963244 0.007053 0.029703
0.997032 0.000010 0.002958
0.076441 0.408730 0.514829
0.000010 0.999980 0.000010
0.088610 0.382212 0.529177
0.180204 0.052452 0.767343
0.147241 0.582284 0.270475
0.787520 0.138271 0.074208
0.074860 0.925130 0.000010
0.872109 0.115556 0.012335
0.496031 0.294736 0.209233
0.029276 0.970714 0.000010
0.933630 0.012009 0.054361
0.952268 0.014291 0.033440
0.732123 0.002950 0.264927
0.959758 0.000010 0.040232
0.493087 0.000010 0.506903
0.859869 0.140121 0.000010
0.982212 0.001327 0.016462
0.950261 0.049729 0.000010
0.000010 0.999980 0.000010
0.643723 0.111824 0.244453
0.000010 0.999980 0.000010
0.000010 0.999980 0.000010
0.000020 0.999970 0.000010
0.490159 0.095363 0.414479
0.922227 0.000010 0.077763
0.962737 0.000010 0.037253
0.877176 0.122814 0.000010
0.303271 0.035462 0.661268
0.260302 0.227216 0.512482
0.068826 0.291644 0.639530
0.033703 0.338380 0.627917
0.201117 0.097370 0.701513
0.178868 0.148727 0.672404
0.756204 0.000010 0.243786
0.972941 0.027049 0.000010
0.197995 0.000010 0.801995
0.617622 0.335611 0.046767
0.428061 0.000010 0.571929
0.139581 0.138213 0.722206
0.928530 0.071460 0.000010
0.976702 0.000010 0.023288
0.913514 0.041511 0.044976
0.898609 0.101381 0.000010
0.876639 0.000010 0.123351
0.940697 0.000010 0.059293
0.938209 0.061781 0.000010
0.063737 0.026342 0.909921
0.846176 0.000010 0.153814
0.982661 0.004981 0.012358
0.265138 0.050718 0.684144
0.865930 0.000010 0.134060
0.078718 0.123047 0.798235
0.182435 0.060812 0.756754
0.071942 0.119816 0.808242
0.736914 0.000010 0.263076
0.175251 0.038356 0.786393
0.039793 0.115877 0.844331
0.000010 0.999980 0.000010
0.892430 0.107560 0.000010
0.795610 0.000010 0.204380
0.097670 0.275988 0.626342
0.899167 0.100823 0.000010
0.168869 0.108175 0.722955
0.307344 0.625602 0.067054
0.999980 0.000010 0.000010
0.918335 0.039968 0.041697
0.908461 0.000010 0.091529
0.984703 0.000010 0.015287
0.683206 0.277639 0.039155
0.523168 0.143923 0.332910
0.116607 0.283545 0.599848
0.921888 0.053225 0.024887
0.842872 0.000010 0.157118
0.907088 0.008145 0.084767
0.836255 0.000010 0.163735
0.310804 0.000010 0.689186
0.623349 0.048797 0.327854
0.206418 0.032579 0.761003
0.832613 0.107186 0.060201
0.732782 0.126069 0.141149
0.751091 0.081655 0.167254
0.648802 0.005223 0.345975
0.596855 0.201551 0.201594
0.830817 0.000010 0.169173
0.986601 0.013389 0.000010
0.804747 0.000010 0.195243
0.532064 0.000010 0.467926
0.210831 0.032002 0.757167
0.000010 0.752789 0.247201
0.292546 0.078749 0.628705
0.000010 0.729830 0.270160
0.925168 0.000010 0.074822
0.000010 0.203517 0.796473
0.911396 0.088594 0.000010
0.849006 0.150984 0.000010
0.898928 0.101062 0.000010
0.935591 0.055064 0.009345
0.672849 0.000010 0.327141
0.013583 0.875797 0.110620
0.000010 0.947445 0.052545
0.541683 0.000010 0.458307
0.000010 0.999980 0.000010
0.019447 0.912699 0.067854
0.269317 0.625801 0.104882
0.238050 0.119207 0.642743
0.036970 0.899028 0.064002
0.057868 0.874948 0.067184
0.000010 0.889246 0.110744
0.000010 0.999980 0.000010
0.117984 0.000010 0.882006
0.983302 0.016688 0.000010
0.867140 0.132850 0.000010
0.227856 0.000010 0.772134
0.447721 0.183720 0.368559
0.812334 0.005668 0.181998
0.061678 0.936351 0.001971
0.050870 0.928218 0.020912
0.593112 0.000010 0.406878
0.485967 0.512084 0.001949
0.000010 0.891827 0.108163
0.022919 0.950284 0.026797
0.000010 0.980284 0.019706
0.079934 0.818858 0.101207
0.883823 0.067957 0.048219
0.950738 0.049252 0.000010
0.093955 0.858940 0.047104
0.923877 0.048191 0.027931
0.618017 0.168178 0.213806
0.372167 0.193298 0.434535
0.000010 0.681884 0.318106
0.623716 0.186038 0.190246
0.219016 0.061505 0.719479
0.783945 0.118650 0.097405
0.000010 0.938167 0.061823
0.030927 0.922840 0.046233
0.000010 0.999980 0.000010
0.000010 0.950045 0.049945
0.608789 0.005595 0.385616
0.622224 0.000010 0.377766
0.972418 0.000010 0.027572
0.852811 0.095826 0.051362
0.999980 0.000010 0.000010
0.760673 0.110757 0.128570
0.657996 0.094243 0.247761
0.663551 0.003972 0.332477
0.762729 0.071782 0.165489
0.095092 0.085293 0.819615
0.993339 0.006651 0.000010
0.149243 0.728887 0.121870
0.075133 0.924857 0.000010
0.140510 0.732448 0.127042
0.934839 0.065151 0.000010
0.000010 0.974563 0.025427
0.028250 0.965207 0.006543
0.949775 0.050215 0.000010
0.949179 0.010238 0.040584
0.912063 0.014590 0.073347
0.969456 0.000010 0.030534
0.215096 0.082382 0.702522
0.405750 0.461480 0.132769
0.000010 0.999980 0.000010
0.100283 0.044975 0.854742
0.355966 0.015623 0.628411
0.000010 0.884012 0.115978
0.073024 0.831952 0.095024
0.011952 0.988038 0.000010
0.000010 0.999980 0.000010
0.072947 0.800404 0.126649
0.129780 0.844702 0.025518
0.975590 0.000010 0.024400
0.144369 0.855621 0.000010
0.982164 0.017826 0.000010
0.540865 0.438968 0.020167
0.917173 0.000010 0.082817
0.090846 0.880953 0.028202
0.995365 0.001674 0.002960
0.792250 0.025361 0.182389
0.869369 0.130621 0.000010
0.730477 0.269513 0.000010
0.864957 0.000010 0.135033
0.064395 0.844799 0.090807
0.000010 0.999980 0.000010
0.000010 0.979606 0.020384
0.000010 0.999980 0.000010
0.231491 0.714969 0.053540
0.039597 0.846844 0.113559
0.000010 0.999980 0.000010
0.151631 0.848359 0.000010
0.111291 0.786179 0.102530
0.062447 0.815157 0.122396
0.028134 0.971856 0.000010
0.131683 0.756336 0.111981
0.202678 0.734033 0.063289
0.144700 0.828046 0.027255
0.691584 0.079754 0.228662
0.911503 0.000010 0.088487
0.650045 0.000010 0.349945
0.000010 0.732065 0.267925
0.165994 0.817021 0.016985
0.073845 0.838604 0.087551
0.860712 0.063472 0.075816
0.914490 0.019600 0.065911
0.873187 0.000010 0.126803
0.154974 0.709714 0.135312
0.990827 0.009163 0.000010
0.951166 0.048824 0.000010
0.885939 0.114051 0.000010
0.000010 0.964718 0.035272
0.523649 0.081532 0.394819
0.000010 0.999980 0.000010
0.774786 0.015689 0.209525
0.017235 0.895514 0.087252
0.000010 0.999980 0.000010
0.873030 0.126960 0.000010
0.579333 0.022777 0.397890
0.831289 0.000010 0.168701
0.882633 0.000010 0.117357
0.999980 0.000010 0.000010
0.754943 0.164559 0.080498
0.957223 0.042767 0.000010
0.613458 0.000010 0.386532
0.338984 0.129282 0.531734
0.000010 0.000010 0.999980
0.870213 0.037991 0.091796
0.999980 0.000010 0.000010
0.856356 0.000010 0.143634
0.363697 0.243749 0.392554
0.909988 0.090002 0.000010
0.330440 0.000010 0.669550
0.000010 0.999980 0.000010
0.489307 0.000010 0.510683
0.740031 0.105292 0.154677
0.973249 0.026741 0.000010
0.933798 0.066192 0.000010
0.132791 0.062069 0.805140
0.783966 0.149558 0.066475
0.071229 0.414307 0.514464
0.702533 0.123042 0.174424
0.281481 0.718509 0.000010
0.128816 0.841987 0.029197
0.783272 0.216718 0.000010
0.149967 0.456236 0.393797
0.832676 0.161181 0.006144
0.823565 0.127168 0.049267
0.276227 0.206994 0.516779
0.557756 0.000010 0.442234
0.482465 0.000010 0.517525
0.442781 0.000010 0.557209
0.847672 0.018092 0.134235
0.417352 0.000010 0.582638
0.953796 0.006029 0.040176
0.999980 0.000010 0.000010
0.814983 0.062356 0.122661
0.999980 0.000010 0.000010
0.723449 0.276541 0.000010
0.820015 0.060080 0.119905
0.117629 0.103776 0.778595
0.920345 0.079645 0.000010
0.891428 0.108562 0.000010
0.774340 0.109156 0.116504
0.557901 0.000010 0.442089
0.838253 0.161737 0.000010
0.826190 0.173800 0.000010
0.602425 0.261075 0.136500
0.871524 0.128466 0.000010
0.751873 0.246111 0.002017
0.836295 0.163695 0.000010
0.386323 0.409895 0.203782
0.870290 0.129700 0.000010
0.676278 0.157871 0.165850
0.946932 0.012030 0.041038
0.545441 0.000010 0.454549
0.916153 0.083837 0.000010
0.898699 0.030153 0.071148
0.927199 0.037587 0.035213
0.444988 0.544614 0.010398
0.455527 0.488513 0.055960
0.196062 0.663795 0.140143
0.720881 0.000010 0.279109
0.753508 0.000010 0.246482
0.999980 0.000010 0.000010
0.650996 0.014459 0.334545
0.840718 0.087589 0.071693
0.315631 0.617683 0.066686
0.327340 0.562900 0.109759
0.028020 0.868414 0.103566
0.055347 0.932430 0.012224
0.555219 0.000010 0.444771
0.030399 0.857558 0.112044
0.289999 0.560662 0.149339
0.799452 0.000010 0.200538
0.221147 0.602019 0.176834
0.899156 0.100834 0.000010
0.145432 0.661983 0.192585
0.460770 0.182706 0.356524
0.960910 0.039080 0.000010
0.000010 0.922168 0.077822
0.544349 0.000010 0.455641
0.212629 0.688658 0.098713
0.832684 0.052432 0.114885
0.867221 0.028361 0.104418
0.907398 0.079232 0.013370
0.874398 0.125592 0.000010
0.975660 0.024330 0.000010
0.646477 0.003215 0.350308
0.824194 0.128737 0.047069
0.928795 0.000010 0.071195
0.964019 0.015268 0.020713
0.846963 0.046960 0.106077
0.888411 0.111579 0.000010
0.845954 0.094317 0.059729
0.360791 0.546896 0.092313
0.902550 0.000010 0.097440
0.985454 0.000010 0.014536
0.906998 0.012085 0.080917
0.131695 0.606525 0.261779
0.312102 0.594548 0.093350
0.297027 0.000010 0.702963
