0.300014 0.000010 0.000010 0.000010 0.000010 0.684354 0.000010 0.000010 0.000010 0.000010 0.000010 0.000010 0.015523 0.000010
0.000010 0.000010 0.000010 0.000010 0.000010 0.000010 0.000010 0.765989 0.000010 0.045969 0.187932 0.000010 0.000010 0.000010
0.000010 0.000010 0.000010 0.000010 0.000010 0.000010 0.999870 0.000010 0.000010 0.000010 0.000010 0.000010 0.000010 0.000010
0.000010 0.000010 0.000010 0.000010 0.000010 0.000010 0.000010 0.000010 0.000010 0.000010 0.999870 0.000010 0.000010 0.000010
0.000010 0.000010 0.000010 0.000010 0.000010 0.000010 0.000010 0.000010 0.000010 0.000010 0.999867 0.000010 0.000013 0.000010
0.000010 0.000010 0.000010 0.000010 0.000010 0.000010 0.000010 0.074102 0.080120 0.000010 0.845668 0.000010 0.000010 0.000010
0.000010 0.000010 0.000010 0.000010 0.000010 0.263912 0.492816 0.000010 0.000010 0.000010 0.243162 0.000010 0.000010 0.000010
0.000010 0.034053 0.000010 0.000010 0.000010 0.000010 0.965823 0.000010 0.000010 0.000010 0.000014 0.000010 0.000010 0.000010
0.000010 0.000010 0.000010 0.000010 0.000010 0.000010 0.000010 0.000010 0.000010 0.999870 0.000010 0.000010 0.000010 0.000010
0.000010 0.000010 0.000010 0.000010 0.000010 0.000010 0.000010 0.000010 0.000010 0.999870 0.000010 0.000010 0.000010 0.000010
0.000010 0.999870 0.000010 0.000010 0.000010 0.000010 0.000010 0.000010 0.000010 0.000010 0.000010 0.000010 0.000010 0.000010
0.000010 0.429324 0.000010 0.075250 0.000010 0.062921 0.238556 0.043636 0.000010 0.000010 0.000010 0.150233 0.000010 0.000010
0.000010 0.000010 0.000010 0.999870 0.000010 0.000010 0.000010 0.000010 0.000010 0.000010 0.000010 0.000010 0.000010 0.000010
0.000010 0.000010 0.000010 0.999870 0.000010 0.000010 0.000010 0.000010 0.000010 0.000010 0.000010 0.000010 0.000010 0.000010
0.000010 0.000010 0.000010 0.999870 0.000010 0.000010 0.000010 0.000010 0.000010 0.000010 0.000010 0.000010 0.000010 0.000010
0.000010 0.000010 0.000010 0.000010 0.000010 0.000010 0.000010 0.999870 0.000010 0.000010 0.000010 0.000010 0.000010 0.000010
0.000010 0.000010 0.000010 0.000010 0.000010 0.000010 0.000010 0.050579 0.000010 0.000010 0.949301 0.000010 0.000010 0.000010
0.780152 0.000010 0.000010 0.219728 0.000010 0.000010 0.000010 0.000010 0.000010 0.000010 0.000010 0.000010 0.000010 0.000010
0.438793 0.000010 0.000010 0.102590 0.000010 0.000010 0.386367 0.000010 0.000010 0.000010 0.000010 0.018963 0.041976 0.011232
0.000010 0.000010 0.000010 0.000010 0.000010 0.000010 0.718958 0.000010 0.000010 0.010863 0.270069 0.000010 0.000010 0.000010
0.000010 0.999870 0.000010 0.000010 0.000010 0.000010 0.000010 0.000010 0.000010 0.000010 0.000010 0.000010 0.000010 0.000010
0.000010 0.999870 0.000010 0.000010 0.000010 0.000010 0.000010 0.000010 0.000010 0.000010 0.000010 0.000010 0.000010 0.000010
0.000010 0.000010 0.000010 0.000010 0.000010 0.138538 0.000010 0.000010 0.000010 0.000010 0.861342 0.000010 0.000010 0.000010
0.000010 0.999870 0.000010 0.000010 0.000010 0.000010 0.000010 0.000010 0.000010 0.000010 0.000010 0.000010 0.000010 0.000010
0.000010 0.000010 0.000010 0.000010 0.000010 0.082737 0.611505 0.000010 0.000010 0.000010 0.275526 0.009373 0.000010 0.020770
0.000010 0.022794 0.000010 0.000010 0.000010 0.000010 0.930336 0.000010 0.046760 0.000010 0.000010 0.000010 0.000010 0.000010
0.000010 0.000010 0.000010 0.000010 0.000010 0.000010 0.999870 0.000010 0.000010 0.000010 0.000010 0.000010 0.000010 0.000010
0.000010 0.000010 0.000010 0.000010 0.000010 0.000010 0.999870 0.000010 0.000010 0.000010 0.000010 0.000010 0.000010 0.000010
0.000010 0.000010 0.000010 0.000010 0.000010 0.011204 0.404033 0.205345 0.000010 0.000010 0.379318 0.000010 0.000010 0.000010
0.000010 0.000010 0.000010 0.000010 0.000010 0.000010 0.711006 0.109360 0.179524 0.000010 0.000010 0.000010 0.000010 0.000010
0.000010 0.000010 0.000010 0.000010 0.000010 0.000010 0.000010 0.000010 0.000010 0.999870 0.000010 0.000010 0.000010 0.000010
0.000010 0.000010 0.786315 0.000010 0.000010 0.000010 0.000010 0.213565 0.000010 0.000010 0.000010 0.000010 0.000010 0.000010
0.000010 0.000010 0.000010 0.000010 0.000010 0.000010 0.790022 0.036999 0.038606 0.000010 0.134273 0.000010 0.000010 0.000010
0.000010 0.000010 0.000010 0.000010 0.000010 0.000010 0.999870 0.000010 0.000010 0.000010 0.000010 0.000010 0.000010 0.000010
0.000010 0.000010 0.000010 0.000010 0.000010 0.000010 0.599474 0.287912 0.000010 0.000010 0.000010 0.112504 0.000010 0.000010
0.000010 0.000010 0.000010 0.000010 0.000010 0.259457 0.000010 0.000010 0.000010 0.000010 0.740423 0.000010 0.000010 0.000010
0.000010 0.000010 0.000010 0.018402 0.000010 0.000010 0.362263 0.072147 0.178356 0.000010 0.368743 0.000010 0.000010 0.000010
0.000010 0.000010 0.000010 0.000010 0.000010 0.000010 0.658774 0.206324 0.134792 0.000010 0.000010 0.000010 0.000010 0.000010
0.000010 0.000010 0.201302 0.087017 0.094185 0.000010 0.000010 0.135484 0.046232 0.000010 0.000010 0.374626 0.000010 0.061084
0.000010 0.000010 0.000010 0.000010 0.000010 0.000010 0.810428 0.000010 0.000010 0.000010 0.149849 0.039614 0.000010 0.000010
0.053855 0.000010 0.657933 0.000010 0.000010 0.000010 0.000010 0.000010 0.000010 0.000010 0.084008 0.054008 0.000010 0.150106
0.000010 0.000010 0.000010 0.999870 0.000010 0.000010 0.000010 0.000010 0.000010 0.000010 0.000010 0.000010 0.000010 0.000010
0.000010 0.463482 0.000010 0.536398 0.000010 0.000010 0.000010 0.000010 0.000010 0.000010 0.000010 0.000010 0.000010 0.000010
0.000010 0.986475 0.000010 0.013405 0.000010 0.000010 0.000010 0.000010 0.000010 0.000010 0.000010 0.000010 0.000010 0.000010
0.000010 0.889946 0.109934 0.000010 0.000010 0.000010 0.000010 0.000010 0.000010 0.000010 0.000010 0.000010 0.000010 0.000010
0.000010 0.999870 0.000010 0.000010 0.000010 0.000010 0.000010 0.000010 0.000010 0.000010 0.000010 0.000010 0.000010 0.000010
0.000010 0.881206 0.118674 0.000010 0.000010 0.000010 0.000010 0.000010 0.000010 0.000010 0.000010 0.000010 0.000010 0.000010
0.000010 0.999870 0.000010 0.000010 0.000010 0.000010 0.000010 0.000010 0.000010 0.000010 0.000010 0.000010 0.000010 0.000010
0.000010 0.040861 0.022199 0.000010 0.000010 0.777928 0.000010 0.000010 0.158911 0.000010 0.000010 0.000010 0.000010 0.000010
0.490227 0.350115 0.000010 0.032913 0.000010 0.000010 0.000010 0.000010 0.000010 0.126645 0.000010 0.000010 0.000010 0.000010
0.000010 0.000010 0.000010 0.999870 0.000010 0.000010 0.000010 0.000010 0.000010 0.000010 0.000010 0.000010 0.000010 0.000010
0.000010 0.000010 0.000010 0.000010 0.000010 0.000010 0.000010 0.000010 0.000010 0.000010 0.999870 0.000010 0.000010 0.000010
0.000010 0.999870 0.000010 0.000010 0.000010 0.000010 0.000010 0.000010 0.000010 0.000010 0.000010 0.000010 0.000010 0.000010
0.029964 0.172028 0.000010 0.604160 0.000010 0.000010 0.000010 0.000010 0.193749 0.000010 0.000010 0.000010 0.000010 0.000010
0.000010 0.000010 0.000010 0.000010 0.000010 0.000010 0.000010 0.000010 0.000010 0.000010 0.000010 0.999870 0.000010 0.000010
0.000010 0.807412 0.102547 0.089932 0.000010 0.000010 0.000010 0.000010 0.000010 0.000010 0.000010 0.000010 0.000010 0.000010
0.969066 0.000010 0.000010 0.030814 0.000010 0.000010 0.000010 0.000010 0.000010 0.000010 0.000010 0.000010 0.000010 0.000010
0.000010 0.000010 0.838900 0.160980 0.000010 0.000010 0.000010 0.000010 0.000010 0.000010 0.000010 0.000010 0.000010 0.000010
0.537451 0.218127 0.000010 0.205359 0.000010 0.000010 0.015494 0.000010 0.000010 0.000010 0.000010 0.000010 0.000010 0.023479
0.000010 0.000010 0.236563 0.013879 0.020869 0.000010 0.000010 0.269948 0.000010 0.000010 0.142157 0.316503 0.000010 0.000010
0.000010 0.000010 0.000010 0.000010 0.009074 0.000010 0.000010 0.713042 0.000010 0.000010 0.216412 0.061372 0.000010 0.000010
0.000010 0.000010 0.347228 0.000010 0.000010 0.000010 0.000010 0.000010 0.228056 0.000010 0.000010 0.424606 0.000010 0.000010
0.165794 0.000010 0.245756 0.000010 0.000010 0.291237 0.000010 0.269690 0.000010 0.027429 0.000010 0.000010 0.000015 0.000010
0.000010 0.000010 0.397540 0.000010 0.000010 0.343544 0.000010 0.254820 0.000010 0.000010 0.003997 0.000010 0.000010 0.000010
0.000010 0.000010 0.000010 0.000010 0.000010 0.022559 0.491845 0.000010 0.000010 0.000010 0.481112 0.000010 0.004384 0.000010
0.000010 0.000010 0.000010 0.000010 0.000010 0.000010 0.000010 0.000010 0.000010 0.000010 0.999870 0.000010 0.000010 0.000010
0.000010 0.000010 0.000010 0.000010 0.000010 0.000010 0.000010 0.000010 0.000010 0.000010 0.000010 0.999870 0.000010 0.000010
0.000010 0.000010 0.000010 0.000010 0.000010 0.000010 0.000010 0.000010 0.000010 0.000010 0.000010 0.999870 0.000010 0.000010
0.999870 0.000010 0.000010 0.000010 0.000010 0.000010 0.000010 0.000010 0.000010 0.000010 0.000010 0.000010 0.000010 0.000010
0.637000 0.036888 0.126495 0.063910 0.000010 0.000010 0.000010 0.000010 0.000010 0.000010 0.000010 0.105508 0.030119 0.000010
0.000010 0.000010 0.000010 0.000010 0.052488 0.000010 0.000010 0.841082 0.000010 0.010375 0.065642 0.030322 0.000010 0.000010
0.999870 0.000010 0.000010 0.000010 0.000010 0.000010 0.000010 0.000010 0.000010 0.000010 0.000010 0.000010 0.000010 0.000010
0.617106 0.000010 0.000010 0.075763 0.211105 0.081564 0.000010 0.000010 0.014371 0.000010 0.000010 0.000010 0.000010 0.000010
0.000010 0.000010 0.900343 0.000010 0.000010 0.000010 0.000010 0.000010 0.000010 0.081444 0.000010 0.018103 0.000010 0.000010
0.702517 0.000010 0.104878 0.113514 0.034162 0.000010 0.030277 0.000010 0.000010 0.000010 0.000010 0.000010 0.014572 0.000010
0.000010 0.000010 0.804240 0.000010 0.000010 0.169700 0.000010 0.025951 0.000010 0.000010 0.000010 0.000010 0.000010 0.000010
0.000010 0.000010 0.066395 0.000010 0.000010 0.000010 0.000010 0.000010 0.000010 0.000010 0.000010 0.930992 0.002503 0.000010
0.000010 0.000010 0.255137 0.000010 0.000010 0.152518 0.000010 0.149167 0.000010 0.042016 0.020989 0.380092 0.000010 0.000010
0.000010 0.000010 0.051682 0.000010 0.000010 0.000010 0.015854 0.916611 0.015752 0.000010 0.000010 0.000010 0.000010 0.000010
0.623890 0.071672 0.048328 0.003782 0.075067 0.150771 0.000010 0.000010 0.000010 0.000010 0.019323 0.000010 0.000010 0.007106
0.000010 0.000010 0.000010 0.000010 0.000010 0.000010 0.907455 0.092425 0.000010 0.000010 0.000010 0.000010 0.000010 0.000010
0.000010 0.000010 0.000010 0.000010 0.000010 0.000010 0.000010 0.000010 0.000010 0.000010 0.999870 0.000010 0.000010 0.000010
0.000596 0.000010 0.000010 0.007987 0.000010 0.000010 0.711347 0.000010 0.000010 0.000010 0.279970 0.000010 0.000010 0.000010
0.000010 0.000010 0.014889 0.000010 0.000010 0.000010 0.984991 0.000010 0.000010 0.000010 0.000010 0.000010 0.000010 0.000010
0.000010 0.000010 0.000010 0.000010 0.000010 0.000010 0.000010 0.000010 0.000010 0.000010 0.999870 0.000010 0.000010 0.000010
0.000010 0.000010 0.000010 0.000010 0.000010 0.017599 0.847265 0.000010 0.073209 0.014603 0.000010 0.000010 0.047234 0.000010
0.000010 0.000010 0.000010 0.000010 0.000010 0.000010 0.000010 0.000010 0.000010 0.000010 0.000010 0.999870 0.000010 0.000010
0.000010 0.000010 0.000010 0.999868 0.000010 0.000010 0.000010 0.000010 0.000010 0.000012 0.000010 0.000010 0.000010 0.000010
0.117753 0.000010 0.000010 0.000010 0.000010 0.000010 0.051394 0.000010 0.000010 0.288094 0.000010 0.000010 0.497577 0.045092
0.000010 0.999870 0.000010 0.000010 0.000010 0.000010 0.000010 0.000010 0.000010 0.000010 0.000010 0.000010 0.000010 0.000010
0.000010 0.999869 0.000010 0.000010 0.000010 0.000010 0.000010 0.000010 0.000010 0.000010 0.000010 0.000010 0.000011 0.000010
0.000010 0.999870 0.000010 0.000010 0.000010 0.000010 0.000010 0.000010 0.000010 0.000010 0.000010 0.000010 0.000010 0.000010
0.503220 0.172938 0.000010 0.206878 0.116864 0.000010 0.000010 0.000010 0.000010 0.000010 0.000010 0.000010 0.000010 0.000010
0.000010 0.019355 0.000010 0.000010 0.000010 0.000010 0.000010 0.000010 0.000010 0.000010 0.000010 0.980525 0.000010 0.000010
0.000010 0.000010 0.000010 0.000010 0.000010 0.000010 0.000010 0.024338 0.000010 0.073484 0.000010 0.902069 0.000010 0.000010
0.000010 0.000010 0.000010 0.000010 0.000010 0.000010 0.448523 0.146895 0.000010 0.000010 0.404472 0.000010 0.000010 0.000010
0.000010 0.000010 0.192596 0.000010 0.000010 0.000010 0.000010 0.000010 0.117815 0.068378 0.004833 0.000010 0.000010 0.616288
0.000010 0.000010 0.831999 0.000010 0.000010 0.000010 0.000010 0.000010 0.165504 0.000010 0.000010 0.000010 0.002388 0.000010
0.000010 0.047831 0.032362 0.000010 0.000010 0.000010 0.000010 0.000010 0.000010 0.000010 0.000010 0.919697 0.000010 0.000010
0.000010 0.000010 0.000010 0.000010 0.000010 0.000010 0.000010 0.000010 0.999870 0.000010 0.000010 0.000010 0.000010 0.000010
0.015494 0.000010 0.099747 0.014899 0.000010 0.000010 0.089269 0.542803 0.208273 0.000010 0.000010 0.000010 0.000010 0.029445
0.000010 0.000010 0.000010 0.000010 0.000010 0.000010 0.000010 0.000010 0.275860 0.000010 0.052923 0.671107 0.000010 0.000010
0.295534 0.000010 0.118901 0.217661 0.000010 0.000010 0.104747 0.003994 0.136927 0.000010 0.000010 0.102231 0.019947 0.000010
0.000010 0.000010 0.000010 0.000010 0.000010 0.000010 0.000010 0.091960 0.400635 0.000010 0.000010 0.507295 0.000010 0.000010
0.001196 0.000010 0.000010 0.000010 0.000010 0.000010 0.065484 0.636323 0.144418 0.000010 0.121044 0.000010 0.031456 0.000010
0.000010 0.000010 0.000010 0.000010 0.099806 0.000010 0.000010 0.209090 0.000010 0.000010 0.000010 0.690994 0.000010 0.000010
0.000010 0.000010 0.326716 0.000010 0.000010 0.000010 0.000010 0.000010 0.000010 0.000010 0.000010 0.673164 0.000010 0.000010
0.876721 0.000010 0.000010 0.000010 0.123159 0.000010 0.000010 0.000010 0.000010 0.000010 0.000010 0.000010 0.000010 0.000010
0.000010 0.000010 0.999870 0.000010 0.000010 0.000010 0.000010 0.000010 0.000010 0.000010 0.000010 0.000010 0.000010 0.000010
0.000010 0.000010 0.000010 0.000010 0.000010 0.124375 0.533192 0.020533 0.000010 0.000010 0.321800 0.000010 0.000010 0.000010
0.000010 0.000010 0.000010 0.000010 0.000010 0.000010 0.999870 0.000010 0.000010 0.000010 0.000010 0.000010 0.000010 0.000010
0.749633 0.000010 0.000010 0.000010 0.000010 0.000010 0.000010 0.000010 0.000010 0.049665 0.000010 0.000010 0.200592 0.000010
0.000010 0.000010 0.000152 0.000010 0.000010 0.000010 0.000010 0.000010 0.126493 0.218009 0.000010 0.000010 0.000010 0.655246
0.000010 0.000010 0.000010 0.000010 0.000010 0.000010 0.000010 0.000010 0.000010 0.000010 0.000010 0.000010 0.999870 0.000010
0.000010 0.000010 0.000010 0.000010 0.000010 0.000010 0.000010 0.000010 0.000010 0.000010 0.000010 0.000010 0.999870 0.000010
0.478127 0.046966 0.064485 0.368449 0.000010 0.000010 0.000010 0.000010 0.000010 0.000010 0.041883 0.000010 0.000010 0.000010
0.000010 0.000010 0.000010 0.069210 0.024790 0.026646 0.000010 0.624827 0.251473 0.000010 0.002974 0.000010 0.000010 0.000010
0.149725 0.000010 0.000010 0.087886 0.000010 0.000010 0.000010 0.280915 0.246723 0.000010 0.000010 0.234661 0.000010 0.000010
0.000010 0.000010 0.000010 0.000010 0.000010 0.000010 0.999870 0.000010 0.000010 0.000010 0.000010 0.000010 0.000010 0.000010
0.000010 0.000011 0.443577 0.000010 0.000010 0.000010 0.000010 0.040090 0.516222 0.000010 0.000010 0.000010 0.000010 0.000010
0.000010 0.000010 0.000010 0.000010 0.000010 0.187697 0.812183 0.000010 0.000010 0.000010 0.000010 0.000010 0.000010 0.000010
0.000010 0.000010 0.000010 0.000010 0.000010 0.035327 0.807089 0.000010 0.021711 0.000010 0.000010 0.135773 0.000010 0.000010
0.000010 0.000010 0.000010 0.000010 0.000010 0.000010 0.000010 0.000010 0.000010 0.000010 0.000010 0.000010 0.999870 0.000010
0.000010 0.000010 0.440828 0.000010 0.000010 0.000010 0.000010 0.422421 0.000010 0.000010 0.000018 0.134234 0.002409 0.000010
0.000010 0.000010 0.000010 0.000010 0.000010 0.000010 0.000010 0.000010 0.000010 0.000010 0.000010 0.000010 0.999870 0.000010
0.000010 0.000010 0.000010 0.000010 0.000010 0.000010 0.000010 0.000010 0.000010 0.000010 0.000010 0.000010 0.999870 0.000010
0.000010 0.000010 0.000010 0.000010 0.000010 0.000010 0.000010 0.000010 0.000010 0.000010 0.000010 0.000010 0.999870 0.000010
0.000010 0.025079 0.478551 0.000010 0.066340 0.000010 0.000010 0.117398 0.000010 0.000010 0.108522 0.204030 0.000010 0.000010
0.000010 0.000010 0.000010 0.000010 0.000010 0.000010 0.792917 0.000010 0.206963 0.000010 0.000010 0.000010 0.000010 0.000010
0.000010 0.000010 0.000010 0.000010 0.000010 0.000010 0.853445 0.000010 0.000010 0.000010 0.000010 0.146435 0.000010 0.000010
0.026771 0.024362 0.317165 0.000010 0.472887 0.000010 0.000010 0.000010 0.000010 0.000010 0.158726 0.000010 0.000010 0.000010
0.035221 0.100158 0.390962 0.002319 0.376005 0.000010 0.000010 0.000010 0.000010 0.000010 0.000010 0.000010 0.095255 0.000010
0.000010 0.000010 0.000010 0.000010 0.000010 0.000010 0.000010 0.000010 0.000010 0.999870 0.000010 0.000010 0.000010 0.000010
0.189109 0.014725 0.068227 0.000010 0.000010 0.160765 0.000010 0.353446 0.076301 0.000010 0.137357 0.000010 0.000010 0.000010
0.000010 0.000010 0.000010 0.000010 0.000010 0.038463 0.807283 0.000010 0.000010 0.000010 0.000010 0.154145 0.000010 0.000010
0.000010 0.000010 0.999870 0.000010 0.000010 0.000010 0.000010 0.000010 0.000010 0.000010 0.000010 0.000010 0.000010 0.000010
0.000010 0.125183 0.874697 0.000010 0.000010 0.000010 0.000010 0.000010 0.000010 0.000010 0.000010 0.000010 0.000010 0.000010
0.000010 0.028582 0.729553 0.000010 0.000010 0.000010 0.000010 0.000010 0.000010 0.000010 0.136127 0.105638 0.000010 0.000010
0.000010 0.000010 0.000010 0.000010 0.000010 0.000010 0.000010 0.000010 0.000010 0.000010 0.999870 0.000010 0.000010 0.000010
0.000010 0.000010 0.038135 0.000010 0.000010 0.082115 0.466756 0.000010 0.131834 0.000010 0.281070 0.000010 0.000010 0.000010
0.000010 0.000010 0.000010 0.000010 0.045588 0.028991 0.426468 0.273031 0.000010 0.000010 0.225833 0.000010 0.000010 0.000010
0.000010 0.000010 0.000010 0.038770 0.000010 0.000010 0.961110 0.000010 0.000010 0.000010 0.000010 0.000010 0.000010 0.000010
0.556170 0.187776 0.059724 0.192644 0.000010 0.000010 0.000010 0.000010 0.000010 0.003596 0.000010 0.000010 0.000010 0.000010
0.000010 0.000010 0.000010 0.000010 0.000010 0.000010 0.000010 0.000010 0.999870 0.000010 0.000010 0.000010 0.000010 0.000010
0.501845 0.112273 0.000010 0.130573 0.000010 0.077270 0.000010 0.000010 0.038817 0.000010 0.134581 0.000010 0.004572 0.000010
0.030659 0.000010 0.000010 0.000010 0.000010 0.748539 0.000010 0.000010 0.123874 0.000010 0.096828 0.000010 0.000010 0.000010
0.838595 0.127920 0.000010 0.033375 0.000010 0.000010 0.000010 0.000010 0.000010 0.000010 0.000010 0.000010 0.000010 0.000010
0.933530 0.000010 0.000010 0.000010 0.000010 0.000010 0.000010 0.000010 0.000010 0.000010 0.066350 0.000010 0.000010 0.000010
0.983266 0.016613 0.000011 0.000010 0.000010 0.000010 0.000010 0.000010 0.000010 0.000010 0.000010 0.000010 0.000010 0.000010
0.945698 0.000010 0.000010 0.000010 0.000010 0.000010 0.000010 0.000010 0.054182 0.000010 0.000010 0.000010 0.000010 0.000010
0.164225 0.071181 0.747601 0.016893 0.000010 0.000010 0.000010 0.000010 0.000010 0.000010 0.000010 0.000010 0.000010 0.000010
0.000010 0.000010 0.000010 0.000010 0.000010 0.000010 0.000010 0.000010 0.000010 0.000010 0.000010 0.000010 0.999870 0.000010
0.000010 0.000010 0.000010 0.000010 0.000010 0.000010 0.000010 0.174818 0.000010 0.000010 0.000010 0.825062 0.000010 0.000010
0.000010 0.000010 0.000010 0.000010 0.000010 0.000010 0.000010 0.296825 0.452379 0.000010 0.250686 0.000010 0.000010 0.000010
0.795590 0.041860 0.000010 0.000010 0.000010 0.000010 0.000010 0.000010 0.000010 0.000010 0.000010 0.000010 0.162440 0.000010
0.000010 0.000010 0.000010 0.000010 0.046760 0.000010 0.365706 0.523904 0.000010 0.000010 0.000010 0.063529 0.000010 0.000010
0.999870 0.000010 0.000010 0.000010 0.000010 0.000010 0.000010 0.000010 0.000010 0.000010 0.000010 0.000010 0.000010 0.000010
0.000010 0.000010 0.000010 0.000010 0.000010 0.000010 0.034229 0.572850 0.216062 0.000010 0.176758 0.000010 0.000010 0.000010
0.000010 0.019390 0.000010 0.000010 0.000010 0.000010 0.001891 0.465898 0.227557 0.000010 0.266596 0.000010 0.018589 0.000010
0.000010 0.008153 0.000010 0.000010 0.000010 0.000010 0.171111 0.000010 0.342365 0.000010 0.000010 0.478270 0.000010 0.000010
0.000010 0.029054 0.327933 0.000010 0.141984 0.000010 0.000010 0.337276 0.000010 0.000010 0.000010 0.163662 0.000010 0.000010
0.000010 0.000010 0.045598 0.000010 0.000010 0.000010 0.000010 0.000010 0.389435 0.000010 0.000010 0.564857 0.000010 0.000010
0.000010 0.000010 0.000010 0.000010 0.000010 0.000010 0.000010 0.026651 0.008492 0.000010 0.261679 0.703078 0.000010 0.000010
0.000010 0.000010 0.643043 0.000010 0.000010 0.000010 0.000010 0.000010 0.253246 0.000010 0.103601 0.000010 0.000010 0.000010
0.000010 0.000010 0.201982 0.000010 0.000010 0.797898 0.000010 0.000010 0.000010 0.000010 0.000010 0.000010 0.000010 0.000010
0.026778 0.061250 0.572212 0.000010 0.000010 0.000010 0.000010 0.000010 0.250986 0.000010 0.000010 0.000010 0.000010 0.088683
0.000010 0.000010 0.000010 0.000010 0.000010 0.999870 0.000010 0.000010 0.000010 0.000010 0.000010 0.000010 0.000010 0.000010
0.000010 0.000010 0.000010 0.000010 0.000010 0.999870 0.000010 0.000010 0.000010 0.000010 0.000010 0.000010 0.000010 0.000010
0.000010 0.000010 0.347471 0.000010 0.000010 0.297646 0.092197 0.081204 0.120962 0.060440 0.000010 0.000010 0.000010 0.000010
0.000010 0.000010 0.000010 0.000010 0.000010 0.999870 0.000010 0.000010 0.000010 0.000010 0.000010 0.000010 0.000010 0.000010
0.000010 0.000010 0.000010 0.000010 0.000010 0.000010 0.000010 0.000010 0.651716 0.000010 0.000010 0.348164 0.000010 0.000010
0.000010 0.000010 0.000010 0.000010 0.000010 0.000010 0.068615 0.931265 0.000010 0.000010 0.000010 0.000010 0.000010 0.000010
0.000010 0.000010 0.000010 0.000010 0.000010 0.000010 0.000010 0.251334 0.477953 0.000010 0.041536 0.229077 0.000010 0.000010
0.226328 0.000010 0.000010 0.000010 0.000010 0.000010 0.000010 0.000010 0.773552 0.000010 0.000010 0.000010 0.000010 0.000010
0.999870 0.000010 0.000010 0.000010 0.000010 0.000010 0.000010 0.000010 0.000010 0.000010 0.000010 0.000010 0.000010 0.000010
0.000010 0.003550 0.000010 0.000010 0.027300 0.000010 0.000010 0.758552 0.000010 0.000010 0.210497 0.000010 0.000010 0.000010
0.000010 0.000010 0.000010 0.000010 0.000010 0.000010 0.000010 0.000010 0.999870 0.000010 0.000010 0.000010 0.000010 0.000010
0.000010 0.000010 0.000010 0.000010 0.000010 0.000010 0.000010 0.000010 0.000010 0.000010 0.000010 0.000010 0.000010 0.999870
0.000010 0.019976 0.000010 0.017768 0.000010 0.000010 0.023381 0.000010 0.000010 0.000010 0.000010 0.000010 0.938774 0.000010
0.000010 0.000010 0.580356 0.000010 0.000010 0.000010 0.000010 0.000010 0.000010 0.000010 0.343246 0.076288 0.000010 0.000010
0.000010 0.000010 0.000010 0.000010 0.051180 0.000010 0.000010 0.000010 0.000010 0.000010 0.000010 0.000010 0.928632 0.020077
0.000010 0.000010 0.000010 0.051419 0.079166 0.000010 0.000010 0.000010 0.000010 0.000010 0.000010 0.000014 0.869301 0.000010
0.018053 0.000010 0.000010 0.000010 0.391150 0.000010 0.111247 0.000010 0.009481 0.000010 0.000010 0.000010 0.000010 0.469979
0.867209 0.000010 0.000010 0.000010 0.000010 0.000010 0.000010 0.000010 0.000010 0.000010 0.132671 0.000010 0.000010 0.000010
0.000010 0.000010 0.000010 0.066116 0.000010 0.000010 0.000010 0.000010 0.000010 0.000010 0.000010 0.000010 0.291026 0.642748
0.000010 0.000010 0.000010 0.000010 0.000010 0.000010 0.000010 0.059484 0.000010 0.000010 0.000010 0.000010 0.431275 0.509131
0.000010 0.000010 0.000010 0.000010 0.000010 0.000010 0.000010 0.000010 0.000010 0.000010 0.000010 0.000010 0.194471 0.805409
0.000010 0.000010 0.000010 0.024988 0.000010 0.000010 0.000010 0.890841 0.084061 0.000010 0.000010 0.000010 0.000010 0.000010
0.000010 0.000010 0.000010 0.000010 0.000010 0.000010 0.000010 0.999870 0.000010 0.000010 0.000010 0.000010 0.000010 0.000010
0.000010 0.000010 0.520391 0.000010 0.000010 0.000010 0.000010 0.002789 0.000010 0.000010 0.000010 0.290371 0.186349 0.000010
0.000010 0.000010 0.113265 0.029355 0.000010 0.000010 0.000010 0.293173 0.087275 0.000010 0.411519 0.065333 0.000010 0.000010
0.000010 0.000010 0.000010 0.000010 0.000010 0.000010 0.000010 0.000010 0.000010 0.024136 0.000010 0.000010 0.367927 0.607826
0.000010 0.000010 0.297264 0.000010 0.000010 0.000010 0.000010 0.100378 0.482850 0.000010 0.000010 0.119408 0.000010 0.000010
0.000010 0.000010 0.087164 0.000010 0.000010 0.000010 0.000010 0.000010 0.000010 0.000010 0.000010 0.000010 0.421892 0.490834
0.000010 0.000010 0.000010 0.000010 0.382091 0.000010 0.000010 0.000010 0.000010 0.000010 0.000010 0.000010 0.617789 0.000010
0.058959 0.000010 0.000010 0.000010 0.000010 0.000010 0.166079 0.258221 0.182791 0.000010 0.153712 0.130744 0.000010 0.049425
0.000010 0.000010 0.000010 0.000010 0.000010 0.000010 0.000010 0.999870 0.000010 0.000010 0.000010 0.000010 0.000010 0.000010
0.000010 0.012135 0.000010 0.000010 0.099703 0.000010 0.000010 0.000010 0.000010 0.000010 0.069679 0.000010 0.818384 0.000010
0.000010 0.000010 0.051149 0.000010 0.000010 0.000010 0.000010 0.925599 0.000010 0.000010 0.000010 0.000010 0.023142 0.000010
0.000010 0.000010 0.493245 0.000010 0.026329 0.000010 0.000010 0.285851 0.000010 0.149830 0.000010 0.000010 0.044656 0.000010
0.000010 0.000010 0.000010 0.000010 0.000010 0.000010 0.000010 0.000010 0.000010 0.000010 0.000010 0.000010 0.000010 0.999870
0.000010 0.000010 0.062137 0.000010 0.040579 0.000010 0.000010 0.072973 0.000010 0.000010 0.000010 0.000010 0.746603 0.077618
0.000010 0.000010 0.000010 0.000010 0.000010 0.000010 0.000010 0.000010 0.000010 0.000010 0.000010 0.000010 0.999870 0.000010
0.016091 0.000010 0.074841 0.027541 0.002682 0.051564 0.000010 0.000010 0.762526 0.000010 0.000010 0.064684 0.000010 0.000010
0.000010 0.000010 0.999870 0.000010 0.000010 0.000010 0.000010 0.000010 0.000010 0.000010 0.000010 0.000010 0.000010 0.000010
0.438358 0.000010 0.000010 0.000010 0.000010 0.036956 0.087570 0.261364 0.175661 0.000010 0.000010 0.000010 0.000010 0.000010
0.000010 0.012057 0.268625 0.000010 0.167940 0.000010 0.007209 0.310549 0.198450 0.000010 0.000010 0.000010 0.035098 0.000010
0.012943 0.000010 0.055105 0.000010 0.092564 0.000010 0.100077 0.000010 0.000010 0.000010 0.000010 0.000010 0.000010 0.739221
0.000010 0.000010 0.000010 0.000010 0.000010 0.075584 0.000010 0.000010 0.000010 0.000010 0.000010 0.000010 0.330968 0.593338
0.000010 0.071861 0.000010 0.000010 0.194300 0.000010 0.000010 0.000010 0.000010 0.000010 0.000010 0.000010 0.000010 0.733728
0.000010 0.000010 0.000010 0.000010 0.184395 0.000010 0.000010 0.000010 0.000010 0.000010 0.000010 0.000010 0.085807 0.729688
0.000010 0.000010 0.000010 0.000010 0.000010 0.210690 0.053641 0.710650 0.000010 0.000010 0.000010 0.000010 0.024919 0.000010
0.000010 0.000010 0.000010 0.000010 0.000010 0.000010 0.000010 0.000010 0.000010 0.999865 0.000010 0.000010 0.000015 0.000010
0.000010 0.000010 0.000010 0.024465 0.000010 0.000010 0.418704 0.000010 0.000010 0.000010 0.518876 0.037855 0.000010 0.000010
0.000010 0.035763 0.000010 0.019376 0.000010 0.000010 0.000010 0.132579 0.000010 0.000010 0.812181 0.000010 0.000010 0.000010
0.000010 0.000010 0.000010 0.000010 0.000010 0.152316 0.425597 0.000010 0.000010 0.000010 0.421977 0.000010 0.000010 0.000010
0.152223 0.048679 0.526233 0.026837 0.000010 0.000010 0.000010 0.000010 0.108709 0.000010 0.000010 0.000010 0.135272 0.001978
0.000010 0.000010 0.000010 0.000010 0.000010 0.000010 0.000010 0.000010 0.000010 0.000010 0.000010 0.000010 0.999870 0.000010
0.277262 0.000010 0.722618 0.000010 0.000010 0.000010 0.000010 0.000010 0.000010 0.000010 0.000010 0.000010 0.000010 0.000010
0.215837 0.000010 0.477035 0.000010 0.000010 0.009872 0.009559 0.184360 0.039396 0.000010 0.000010 0.000010 0.063870 0.000010
0.000010 0.000010 0.000010 0.017014 0.030072 0.000010 0.024741 0.000010 0.004843 0.000010 0.000010 0.000010 0.000010 0.923240
0.000010 0.000010 0.000010 0.000010 0.076272 0.000010 0.000010 0.000010 0.000010 0.000010 0.000010 0.000010 0.000010 0.923608
0.000010 0.000010 0.000010 0.000010 0.000010 0.000010 0.000010 0.000010 0.000010 0.000010 0.000010 0.000010 0.999870 0.000010
0.000010 0.000010 0.000010 0.000010 0.546993 0.000010 0.000010 0.000010 0.000010 0.000010 0.000010 0.000010 0.452887 0.000010
0.000010 0.000010 0.000010 0.000010 0.000010 0.000010 0.000010 0.074761 0.000010 0.000010 0.908905 0.016224 0.000010 0.000010
0.000010 0.000010 0.000010 0.000010 0.000010 0.000010 0.000010 0.036307 0.000010 0.000010 0.963573 0.000010 0.000010 0.000010
0.000010 0.000010 0.000010 0.000010 0.000010 0.000010 0.474334 0.000010 0.088355 0.000010 0.427455 0.000010 0.000010 0.009757
0.000010 0.000010 0.000010 0.000014 0.122067 0.000010 0.000010 0.000010 0.000010 0.000010 0.000010 0.000010 0.000010 0.877809
0.000010 0.000010 0.000010 0.000010 0.000010 0.000010 0.999870 0.000010 0.000010 0.000010 0.000010 0.000010 0.000010 0.000010
0.000010 0.019302 0.000010 0.000010 0.000010 0.000010 0.482583 0.000010 0.204411 0.000010 0.278546 0.000010 0.000010 0.015068
0.000010 0.000010 0.000010 0.000010 0.000010 0.000010 0.092574 0.278550 0.557817 0.000010 0.070959 0.000010 0.000010 0.000010
0.000010 0.000010 0.000010 0.000010 0.322406 0.000010 0.000010 0.000010 0.000010 0.000010 0.000010 0.000010 0.280120 0.397363
0.000010 0.000010 0.000010 0.000010 0.000010 0.000010 0.000010 0.000010 0.000010 0.000010 0.000010 0.000010 0.999870 0.000010
0.000010 0.000010 0.000010 0.000010 0.166175 0.000010 0.027961 0.000010 0.034247 0.000010 0.000010 0.000010 0.000010 0.771517
0.000010 0.000010 0.000010 0.000010 0.000010 0.052014 0.000010 0.000010 0.000010 0.000010 0.000010 0.034451 0.000010 0.913425
0.000010 0.000010 0.000010 0.000010 0.000010 0.032600 0.000010 0.000010 0.042637 0.000010 0.000010 0.000010 0.000010 0.924652
0.000010 0.015941 0.022870 0.000305 0.000010 0.000010 0.000010 0.000010 0.000010 0.000010 0.000010 0.000010 0.000010 0.960784
0.000010 0.000010 0.000010 0.000010 0.000010 0.000010 0.000010 0.000010 0.000010 0.000010 0.000010 0.000010 0.000010 0.999870
0.000010 0.000010 0.000010 0.000010 0.181547 0.000010 0.015533 0.000010 0.000010 0.000010 0.000010 0.062280 0.186631 0.553920
0.261096 0.000010 0.000010 0.008502 0.000010 0.000010 0.000010 0.135164 0.000010 0.000010 0.142823 0.452326 0.000010 0.000010
0.000010 0.000010 0.000010 0.000010 0.000010 0.000010 0.000010 0.000010 0.999870 0.000010 0.000010 0.000010 0.000010 0.000010
0.000010 0.000010 0.000010 0.000010 0.335511 0.000010 0.000010 0.000010 0.000010 0.000010 0.000010 0.000010 0.201173 0.463206
0.000010 0.032791 0.000010 0.000010 0.248794 0.000010 0.000010 0.000010 0.000010 0.000010 0.000010 0.000010 0.000010 0.718306
0.000010 0.000010 0.000010 0.015067 0.000010 0.057004 0.543734 0.000010 0.023123 0.000010 0.293661 0.000010 0.067330 0.000010
0.000010 0.000010 0.000010 0.000010 0.000010 0.106165 0.718837 0.000010 0.000010 0.000010 0.174888 0.000010 0.000010 0.000010
0.000010 0.000010 0.000010 0.000010 0.000010 0.000010 0.000010 0.000010 0.000010 0.000010 0.999870 0.000010 0.000010 0.000010
0.115926 0.000010 0.000010 0.000010 0.000010 0.000010 0.000010 0.120113 0.000010 0.213823 0.000010 0.000010 0.550039 0.000010
0.000010 0.000010 0.000010 0.000010 0.000010 0.000010 0.000010 0.694933 0.012220 0.000010 0.000010 0.292736 0.000010 0.000010
0.000010 0.000010 0.000010 0.000010 0.000010 0.000010 0.000010 0.000010 0.000010 0.000010 0.000010 0.999870 0.000010 0.000010
0.000010 0.000010 0.000010 0.000010 0.028401 0.000010 0.000010 0.000010 0.000010 0.000010 0.033824 0.000010 0.937665 0.000010
0.000010 0.146406 0.232824 0.000010 0.000010 0.254580 0.044557 0.000010 0.000010 0.000010 0.000010 0.226502 0.095051 0.000010
0.000010 0.003213 0.113787 0.000010 0.000010 0.000010 0.000010 0.000010 0.196963 0.000010 0.077314 0.583950 0.000010 0.024692
0.000010 0.000010 0.000010 0.000010 0.000010 0.000010 0.000010 0.000010 0.000010 0.000010 0.000010 0.000010 0.999870 0.000010
0.000010 0.000010 0.000010 0.000010 0.000010 0.884842 0.000010 0.000010 0.000010 0.115038 0.000010 0.000010 0.000010 0.000010
0.000010 0.025096 0.140594 0.000010 0.000010 0.133047 0.003435 0.307588 0.035108 0.000010 0.355061 0.000010 0.000010 0.000010
0.000010 0.000010 0.000010 0.000010 0.000010 0.999870 0.000010 0.000010 0.000010 0.000010 0.000010 0.000010 0.000010 0.000010
0.000010 0.000010 0.000010 0.000010 0.000010 0.000010 0.000010 0.000010 0.999870 0.000010 0.000010 0.000010 0.000010 0.000010
0.000010 0.000010 0.000010 0.000010 0.000010 0.000010 0.000010 0.000010 0.000010 0.999870 0.000010 0.000010 0.000010 0.000010
0.000010 0.002009 0.172070 0.000010 0.000010 0.000010 0.000010 0.540783 0.003865 0.000010 0.169752 0.111441 0.000010 0.000010
0.116033 0.000010 0.339777 0.024673 0.015874 0.130014 0.063968 0.000010 0.111238 0.000010 0.000010 0.000010 0.198363 0.000010
0.000010 0.000010 0.000010 0.000010 0.000010 0.000010 0.000010 0.999870 0.000010 0.000010 0.000010 0.000010 0.000010 0.000010
0.000010 0.000010 0.636379 0.000010 0.000010 0.000010 0.132528 0.000010 0.025338 0.062436 0.000010 0.143231 0.000010 0.000010
0.000010 0.000010 0.019498 0.000010 0.000010 0.000010 0.000010 0.000010 0.000010 0.000010 0.000010 0.000010 0.980382 0.000010
0.000010 0.026649 0.054296 0.083214 0.036920 0.000010 0.000010 0.543457 0.154663 0.000010 0.000010 0.100731 0.000010 0.000010
0.000010 0.000010 0.000010 0.000010 0.000010 0.999870 0.000010 0.000010 0.000010 0.000010 0.000010 0.000010 0.000010 0.000010
0.000010 0.000010 0.000010 0.003473 0.000010 0.996407 0.000010 0.000010 0.000010 0.000010 0.000010 0.000010 0.000010 0.000010
0.694126 0.000010 0.000010 0.000010 0.000010 0.000010 0.000010 0.000010 0.000010 0.027372 0.000010 0.000010 0.278392 0.000010
0.091415 0.042491 0.055664 0.000010 0.000010 0.000010 0.005269 0.449459 0.001674 0.000010 0.024006 0.329961 0.000010 0.000010
0.060787 0.006508 0.000010 0.000010 0.000010 0.000010 0.000010 0.849276 0.000010 0.000010 0.000010 0.000010 0.020383 0.062957
0.106371 0.038009 0.000010 0.000010 0.000010 0.000010 0.191323 0.642155 0.000010 0.000010 0.000010 0.000010 0.000010 0.022052
0.000010 0.000010 0.000010 0.000010 0.000010 0.000010 0.000010 0.000010 0.000010 0.000010 0.000010 0.999870 0.000010 0.000010
0.000010 0.000010 0.380360 0.000010 0.000010 0.000010 0.000010 0.000010 0.000010 0.000010 0.000010 0.619520 0.000010 0.000010
0.001841 0.000010 0.567555 0.000010 0.000010 0.000010 0.063024 0.087964 0.250759 0.000010 0.000010 0.028776 0.000010 0.000010
0.000010 0.000010 0.000010 0.000010 0.000010 0.000010 0.000010 0.000010 0.000010 0.000010 0.000010 0.999870 0.000010 0.000010
0.000010 0.000010 0.000010 0.000010 0.000010 0.000010 0.000010 0.000010 0.000010 0.000010 0.000010 0.999870 0.000010 0.000010
0.000010 0.000010 0.000010 0.000010 0.000010 0.000010 0.000010 0.000010 0.000010 0.000010 0.000010 0.999870 0.000010 0.000010
0.000010 0.000010 0.000010 0.000010 0.000010 0.000010 0.000010 0.999870 0.000010 0.000010 0.000010 0.000010 0.000010 0.000010
0.000010 0.061490 0.000010 0.000010 0.000010 0.000010 0.000010 0.000010 0.000010 0.000010 0.000010 0.938390 0.000010 0.000010
0.000010 0.000010 0.000010 0.000010 0.000010 0.999870 0.000010 0.000010 0.000010 0.000010 0.000010 0.000010 0.000010 0.000010
0.000010 0.000010 0.000010 0.000010 0.000010 0.000010 0.076985 0.861808 0.061097 0.000010 0.000010 0.000010 0.000010 0.000010
0.000010 0.000010 0.031100 0.073851 0.000010 0.013625 0.000010 0.639093 0.000010 0.000010 0.000010 0.196802 0.045450 0.000010
0.000010 0.000010 0.000010 0.000010 0.000010 0.000010 0.000010 0.955705 0.000010 0.000010 0.000010 0.000010 0.044175 0.000010
0.000010 0.008382 0.000010 0.066724 0.018752 0.000010 0.000010 0.622900 0.000010 0.000010 0.000010 0.226013 0.000010 0.057149
0.000010 0.000010 0.000010 0.000010 0.999870 0.000010 0.000010 0.000010 0.000010 0.000010 0.000010 0.000010 0.000010 0.000010
0.000010 0.000010 0.000010 0.000010 0.000010 0.000010 0.334207 0.665673 0.000010 0.000010 0.000010 0.000010 0.000010 0.000010
0.000010 0.021745 0.000010 0.000010 0.000010 0.000010 0.000010 0.682830 0.000011 0.000010 0.215175 0.080149 0.000010 0.000010
0.035184 0.000010 0.074651 0.000010 0.000010 0.000010 0.000010 0.890056 0.000010 0.000010 0.000010 0.000010 0.000010 0.000010
0.000010 0.000010 0.000010 0.000010 0.999870 0.000010 0.000010 0.000010 0.000010 0.000010 0.000010 0.000010 0.000010 0.000010
0.000010 0.000010 0.000010 0.000010 0.000010 0.000010 0.000010 0.000010 0.714640 0.000010 0.000010 0.285240 0.000010 0.000010
0.000010 0.000010 0.000010 0.000010 0.000010 0.000010 0.000010 0.095328 0.895449 0.000010 0.000010 0.000010 0.009112 0.000010
0.137449 0.035369 0.008352 0.000010 0.000010 0.544645 0.067282 0.069330 0.137504 0.000010 0.000010 0.000010 0.000010 0.000010
0.005942 0.000010 0.135842 0.000010 0.132593 0.000010 0.077017 0.512583 0.000010 0.000010 0.135944 0.000010 0.000010 0.000010
0.004159 0.020404 0.080276 0.000010 0.000010 0.000010 0.000010 0.000010 0.000590 0.000010 0.000010 0.000010 0.506423 0.388068
0.000010 0.017195 0.000010 0.000010 0.000010 0.000010 0.000010 0.000010 0.028948 0.000010 0.000010 0.000010 0.395972 0.557785
0.075343 0.047527 0.082828 0.000010 0.000010 0.000010 0.000010 0.000010 0.545057 0.000010 0.000010 0.218405 0.030761 0.000010
0.054440 0.000010 0.000010 0.000010 0.060484 0.000010 0.000010 0.000010 0.000010 0.000010 0.017786 0.000010 0.217065 0.650134
0.000010 0.000010 0.000010 0.000010 0.999870 0.000010 0.000010 0.000010 0.000010 0.000010 0.000010 0.000010 0.000010 0.000010
0.000010 0.000010 0.000010 0.000010 0.000010 0.000010 0.000010 0.000010 0.875259 0.000010 0.000010 0.124621 0.000010 0.000010
0.000010 0.000010 0.000010 0.000010 0.999870 0.000010 0.000010 0.000010 0.000010 0.000010 0.000010 0.000010 0.000010 0.000010
0.000010 0.000010 0.333950 0.000010 0.069428 0.000010 0.000010 0.279046 0.184111 0.000010 0.000010 0.000010 0.133376 0.000010
0.000010 0.000010 0.000010 0.000010 0.000010 0.000010 0.000010 0.900554 0.099326 0.000010 0.000010 0.000010 0.000010 0.000010
0.000010 0.025048 0.565667 0.000010 0.000010 0.233323 0.000010 0.175361 0.000512 0.000010 0.000010 0.000010 0.000010 0.000010
0.000010 0.010310 0.000010 0.000010 0.412284 0.031116 0.018221 0.000010 0.000010 0.000010 0.058387 0.000010 0.000010 0.469602
0.000010 0.000010 0.092306 0.000777 0.000010 0.000010 0.000010 0.259054 0.000010 0.000010 0.000010 0.647762 0.000010 0.000010
0.000010 0.000010 0.063410 0.000010 0.004347 0.000010 0.000010 0.589209 0.170906 0.011065 0.033058 0.127935 0.000010 0.000010
0.000010 0.000010 0.000010 0.000010 0.000010 0.000010 0.142607 0.367603 0.489680 0.000010 0.000010 0.000010 0.000010 0.000010
0.000010 0.000010 0.110151 0.000010 0.000010 0.000010 0.204633 0.556962 0.090242 0.000010 0.000010 0.000010 0.037923 0.000010
0.000010 0.000010 0.000010 0.000010 0.000010 0.000010 0.214933 0.096452 0.000010 0.000010 0.688506 0.000010 0.000010 0.000010
0.000010 0.026704 0.007440 0.000010 0.000010 0.034247 0.183706 0.409597 0.025502 0.000010 0.000010 0.312733 0.000010 0.000010
0.000010 0.000010 0.000010 0.000010 0.247063 0.000010 0.134270 0.493034 0.100482 0.000010 0.025061 0.000010 0.000010 0.000010
0.000010 0.000010 0.000010 0.006826 0.000010 0.000010 0.000010 0.488394 0.284494 0.000010 0.000010 0.133333 0.043004 0.043868
0.000010 0.000010 0.000010 0.000010 0.000010 0.000010 0.612431 0.000010 0.263915 0.000010 0.123544 0.000010 0.000010 0.000010
0.000010 0.000010 0.000010 0.000010 0.000010 0.000010 0.999870 0.000010 0.000010 0.000010 0.000010 0.000010 0.000010 0.000010
0.000010 0.000010 0.000010 0.000010 0.999870 0.000010 0.000010 0.000010 0.000010 0.000010 0.000010 0.000010 0.000010 0.000010
0.000010 0.000010 0.000010 0.000010 0.999870 0.000010 0.000010 0.000010 0.000010 0.000010 0.000010 0.000010 0.000010 0.000010
