0.000010 0.000010 0.000010 0.073139 0.000010 0.000010 0.034444 0.000010 0.000010 0.044580 0.000010 0.334091 0.000010 0.074118 0.000010 0.000010 0.000010 0.000010 0.009616 0.429881
0.074665 0.000010 0.000010 0.000010 0.055802 0.052828 0.000010 0.000010 0.000010 0.654151 0.000010 0.000010 0.000010 0.000010 0.000010 0.000010 0.000010 0.000010 0.000010 0.162404
0.000010 0.385680 0.000010 0.000010 0.000010 0.012969 0.000010 0.000010 0.000010 0.000010 0.000010 0.000010 0.000010 0.000010 0.000010 0.000010 0.000010 0.601181 0.000010 0.000010
0.883751 0.000010 0.000010 0.000010 0.000010 0.000010 0.000010 0.000010 0.000010 0.000010 0.000010 0.000010 0.000010 0.000010 0.000010 0.000010 0.000010 0.000010 0.000010 0.116069
0.876839 0.000010 0.000010 0.000010 0.000010 0.000010 0.000010 0.000010 0.000010 0.000010 0.006320 0.000010 0.000010 0.000010 0.000010 0.000010 0.116671 0.000010 0.000010 0.000010
0.650134 0.037848 0.000010 0.000010 0.000010 0.072329 0.000010 0.000010 0.000010 0.065381 0.000010 0.000010 0.026356 0.000010 0.000010 0.000010 0.000010 0.147812 0.000010 0.000010
0.279385 0.000010 0.000010 0.000010 0.000010 0.046533 0.000010 0.000010 0.000010 0.000010 0.000010 0.000010 0.000010 0.000010 0.000010 0.000010 0.000010 0.389076 0.000010 0.284845
0.228502 0.033741 0.000010 0.000010 0.000010 0.000010 0.059987 0.000010 0.000010 0.000010 0.000010 0.000010 0.000010 0.000010 0.000010 0.048724 0.000010 0.532764 0.000010 0.096141
0.000010 0.000010 0.000010 0.490129 0.000010 0.000010 0.000010 0.000010 0.000010 0.000010 0.000010 0.000010 0.000010 0.481420 0.000010 0.000010 0.028282 0.000010 0.000010 0.000010
0.000010 0.000010 0.000010 0.000010 0.000010 0.000010 0.382408 0.000010 0.000010 0.000010 0.000010 0.000010 0.000010 0.617412 0.000010 0.000010 0.000010 0.000010 0.000010 0.000010
0.000010 0.000010 0.000010 0.000010 0.000010 0.000010 0.000010 0.000010 0.000010 0.000010 0.999810 0.000010 0.000010 0.000010 0.000010 0.000010 0.000010 0.000010 0.000010 0.000010
0.000010 0.000010 0.000010 0.000010 0.000010 0.000010 0.000010 0.000010 0.000010 0.160063 0.509541 0.012440 0.000010 0.000010 0.000010 0.000010 0.000010 0.236358 0.048527 0.032930
0.000010 0.000010 0.000010 0.000010 0.000010 0.000010 0.000010 0.000010 0.000010 0.000010 0.000010 0.000015 0.000010 0.000010 0.000010 0.000010 0.000010 0.000010 0.999805 0.000010
0.000010 0.000010 0.000010 0.000010 0.000010 0.000010 0.000010 0.000010 0.000010 0.000010 0.000010 0.000010 0.000010 0.000010 0.000010 0.000010 0.000010 0.000010 0.999810 0.000010
0.000010 0.000010 0.000010 0.000010 0.000010 0.000010 0.000010 0.000010 0.000010 0.000010 0.000010 0.000016 0.000010 0.000010 0.000010 0.000010 0.000010 0.000010 0.999804 0.000010
0.000010 0.000010 0.000010 0.000010 0.000010 0.000010 0.000010 0.000010 0.000010 0.999810 0.000010 0.000010 0.000010 0.000010 0.000010 0.000010 0.000010 0.000010 0.000010 0.000010
0.601990 0.190233 0.000010 0.000010 0.000010 0.000010 0.207608 0.000010 0.000010 0.000010 0.000010 0.000010 0.000010 0.000010 0.000010 0.000010 0.000010 0.000010 0.000010 0.000010
0.000010 0.000010 0.000010 0.000010 0.000010 0.000010 0.000010 0.000010 0.000010 0.036229 0.077874 0.717790 0.000010 0.000010 0.000010 0.000010 0.000010 0.000010 0.167946 0.000010
0.000010 0.249309 0.000010 0.000010 0.000010 0.000010 0.000010 0.000010 0.000010 0.000010 0.000010 0.348406 0.000010 0.000010 0.182049 0.000010 0.085020 0.134111 0.000010 0.000965
0.609219 0.000010 0.000010 0.000010 0.000010 0.000010 0.000010 0.000010 0.000010 0.000010 0.005451 0.000010 0.000010 0.000010 0.000010 0.000010 0.000010 0.385161 0.000010 0.000010
0.000010 0.000010 0.000010 0.000010 0.000010 0.000010 0.000010 0.000010 0.000010 0.000010 0.999810 0.000010 0.000010 0.000010 0.000010 0.000010 0.000010 0.000010 0.000010 0.000010
0.000010 0.000010 0.000010 0.000010 0.000010 0.000010 0.000010 0.000010 0.000010 0.000010 0.999810 0.000010 0.000010 0.000010 0.000010 0.000010 0.000010 0.000010 0.000010 0.000010
0.000010 0.889733 0.000010 0.000010 0.000010 0.000010 0.000010 0.000010 0.000010 0.000010 0.000010 0.000010 0.000010 0.000010 0.000010 0.000010 0.000010 0.000010 0.000010 0.110087
0.000010 0.000010 0.000010 0.000010 0.000010 0.000010 0.000010 0.000010 0.000010 0.000010 0.999810 0.000010 0.000010 0.000010 0.000010 0.000010 0.000010 0.000010 0.000010 0.000010
0.408339 0.093473 0.000010 0.000010 0.026274 0.000010 0.000010 0.000010 0.067838 0.083186 0.000010 0.000010 0.000010 0.000010 0.000010 0.000010 0.005558 0.315202 0.000010 0.000010
0.000010 0.000010 0.054897 0.000010 0.000010 0.030678 0.000010 0.000010 0.000010 0.000010 0.000010 0.000010 0.000010 0.000010 0.000010 0.014797 0.000010 0.899469 0.000010 0.000010
0.000010 0.000010 0.000010 0.000010 0.000010 0.000010 0.000010 0.024665 0.000010 0.000010 0.000010 0.000010 0.054123 0.000010 0.000010 0.000010 0.000010 0.921043 0.000010 0.000010
0.000010 0.000010 0.000010 0.000010 0.000010 0.000010 0.000010 0.000010 0.000010 0.000010 0.000010 0.000010 0.000010 0.000010 0.000010 0.000010 0.000010 0.999810 0.000010 0.000010
0.370861 0.372924 0.000010 0.000010 0.000010 0.000010 0.000010 0.000010 0.000010 0.100108 0.000010 0.000010 0.000010 0.000010 0.000010 0.000010 0.000010 0.033675 0.000010 0.122283
0.000010 0.227394 0.000010 0.000010 0.000010 0.260142 0.000010 0.000010 0.000010 0.050101 0.000010 0.000010 0.041558 0.000010 0.000010 0.000010 0.000010 0.412416 0.000010 0.008249
0.000010 0.000010 0.000010 0.000010 0.000010 0.000010 0.000010 0.000010 0.000010 0.000010 0.000010 0.000010 0.000010 0.523499 0.000010 0.000010 0.000010 0.313278 0.038247 0.124816
0.000010 0.023286 0.327817 0.423026 0.000010 0.000010 0.000010 0.000010 0.020341 0.153186 0.000010 0.016240 0.000010 0.034289 0.000010 0.000010 0.000010 0.000010 0.001695 0.000010
0.209830 0.000010 0.000010 0.000010 0.000010 0.099017 0.088725 0.000010 0.000010 0.022405 0.000010 0.000010 0.000010 0.000010 0.000010 0.000010 0.000010 0.579874 0.000010 0.000010
0.000010 0.000010 0.000010 0.000010 0.000010 0.000010 0.000010 0.000010 0.000010 0.000010 0.000010 0.000010 0.000010 0.000010 0.000010 0.000010 0.000010 0.999810 0.000010 0.000010
0.325052 0.315658 0.000010 0.000010 0.000010 0.000010 0.000010 0.000010 0.000010 0.280528 0.000010 0.000010 0.000010 0.000010 0.000010 0.000010 0.078602 0.000010 0.000010 0.000010
0.280641 0.000010 0.000010 0.000010 0.000010 0.000010 0.216206 0.000010 0.000010 0.000010 0.000010 0.000010 0.000010 0.000010 0.000010 0.000010 0.000010 0.391547 0.000010 0.111446
0.400902 0.014062 0.000010 0.000010 0.000010 0.189770 0.085078 0.000010 0.000010 0.000010 0.000010 0.000010 0.000010 0.000010 0.000010 0.034959 0.000010 0.234680 0.040418 0.000010
0.096540 0.373125 0.048877 0.000010 0.000010 0.000010 0.000010 0.008285 0.000010 0.173743 0.000010 0.000010 0.076667 0.000010 0.000010 0.000010 0.000010 0.222632 0.000010 0.000010
0.042126 0.008726 0.000010 0.096729 0.169149 0.000010 0.165800 0.000010 0.007314 0.074209 0.000010 0.000010 0.072801 0.000010 0.043682 0.000010 0.238217 0.000010 0.081158 0.000010
0.000010 0.587551 0.000010 0.000010 0.035576 0.000010 0.000010 0.000010 0.000010 0.000010 0.000010 0.000010 0.000010 0.000010 0.000010 0.000010 0.069683 0.307030 0.000010 0.000010
0.000010 0.000010 0.616905 0.043707 0.136919 0.115119 0.000010 0.034411 0.000010 0.000010 0.000010 0.000010 0.000010 0.052799 0.000010 0.000010 0.000010 0.000010 0.000010 0.000010
0.000010 0.000010 0.000010 0.000012 0.000010 0.000010 0.000010 0.000010 0.000011 0.000010 0.000010 0.000010 0.000010 0.000010 0.000010 0.000010 0.000010 0.000010 0.999808 0.000010
0.000010 0.000010 0.000010 0.000010 0.000010 0.000010 0.000010 0.000010 0.000010 0.000010 0.000010 0.000010 0.000010 0.000010 0.000010 0.501461 0.000010 0.000010 0.498359 0.000010
0.000010 0.000010 0.000010 0.000010 0.000010 0.000010 0.000010 0.000010 0.000010 0.000010 0.999810 0.000010 0.000010 0.000010 0.000010 0.000010 0.000010 0.000010 0.000010 0.000010
0.000010 0.000010 0.214288 0.000010 0.000010 0.000010 0.000010 0.000010 0.000016 0.000010 0.306512 0.000013 0.000010 0.000010 0.000010 0.479021 0.000010 0.000010 0.000010 0.000010
0.000010 0.000010 0.000010 0.000010 0.000010 0.000010 0.000010 0.000010 0.000010 0.000010 0.000010 0.000010 0.000010 0.000010 0.000010 0.999810 0.000010 0.000010 0.000010 0.000010
0.000010 0.000010 0.000010 0.000010 0.000010 0.000010 0.000010 0.000010 0.000010 0.000010 0.999810 0.000010 0.000010 0.000010 0.000010 0.000010 0.000010 0.000010 0.000010 0.000010
0.000010 0.000010 0.000010 0.000010 0.000010 0.000010 0.000010 0.000010 0.000010 0.000010 0.000010 0.000010 0.000010 0.000010 0.000010 0.999810 0.000010 0.000010 0.000010 0.000010
0.000010 0.000010 0.000010 0.038724 0.000010 0.057557 0.000010 0.000010 0.000010 0.000010 0.001105 0.260219 0.000010 0.038210 0.000010 0.000010 0.176762 0.000010 0.000010 0.427294
0.000010 0.000010 0.000010 0.000010 0.000010 0.000010 0.000010 0.000010 0.000010 0.000010 0.012608 0.514684 0.081667 0.000010 0.000010 0.249467 0.055661 0.000010 0.085774 0.000010
0.000010 0.000010 0.000010 0.000010 0.000010 0.000010 0.000010 0.000010 0.000010 0.000010 0.000010 0.000010 0.000010 0.000010 0.000010 0.000010 0.000010 0.000010 0.999810 0.000010
0.999810 0.000010 0.000010 0.000010 0.000010 0.000010 0.000010 0.000010 0.000010 0.000010 0.000010 0.000010 0.000010 0.000010 0.000010 0.000010 0.000010 0.000010 0.000010 0.000010
0.000010 0.000010 0.000010 0.000010 0.000010 0.000010 0.000010 0.000010 0.000010 0.000010 0.000010 0.000010 0.000010 0.000010 0.000010 0.999810 0.000010 0.000010 0.000010 0.000010
0.000010 0.000010 0.000010 0.000010 0.000010 0.000010 0.000010 0.000010 0.000010 0.000010 0.186253 0.205114 0.195906 0.008971 0.000010 0.000010 0.000010 0.000010 0.403605 0.000010
0.000010 0.000010 0.000010 0.000010 0.000010 0.070645 0.528863 0.000010 0.000010 0.000010 0.000010 0.000010 0.000010 0.000010 0.000010 0.000010 0.400322 0.000010 0.000010 0.000010
0.000010 0.000010 0.172244 0.000010 0.000010 0.000010 0.000010 0.000010 0.000010 0.000010 0.697379 0.000010 0.000010 0.000010 0.000010 0.000010 0.000010 0.000010 0.130208 0.000010
0.000010 0.000010 0.000010 0.000010 0.000010 0.019985 0.000010 0.055403 0.000010 0.000010 0.000010 0.867268 0.000010 0.000010 0.000010 0.000010 0.044567 0.000010 0.012627 0.000010
0.000010 0.000010 0.000010 0.869680 0.000010 0.000010 0.000010 0.000010 0.000010 0.000010 0.000010 0.000010 0.000010 0.000010 0.000010 0.000010 0.000010 0.000010 0.130140 0.000010
0.000010 0.000010 0.000010 0.000010 0.000010 0.000010 0.000010 0.000010 0.000010 0.000010 0.053935 0.554572 0.000010 0.000010 0.014698 0.147403 0.000010 0.061983 0.167269 0.000010
0.000010 0.000010 0.000010 0.116551 0.000010 0.167612 0.682651 0.027639 0.000010 0.000010 0.000010 0.005397 0.000010 0.000010 0.000010 0.000010 0.000010 0.000010 0.000010 0.000010
0.076828 0.000010 0.009512 0.000010 0.000010 0.000010 0.000010 0.081021 0.000010 0.564524 0.000010 0.000010 0.055561 0.000010 0.000010 0.000010 0.034288 0.178134 0.000010 0.000010
0.000010 0.000010 0.000010 0.290555 0.064450 0.267764 0.231534 0.000010 0.000010 0.000010 0.004935 0.000010 0.027882 0.000010 0.000010 0.000010 0.112749 0.000010 0.000010 0.000010
0.000010 0.092964 0.104273 0.129612 0.000010 0.000010 0.044512 0.000010 0.000010 0.247567 0.000010 0.163861 0.000010 0.065516 0.000010 0.000010 0.000010 0.000010 0.000010 0.151575
0.000010 0.211827 0.136784 0.238162 0.000010 0.000010 0.012386 0.000010 0.000010 0.110814 0.000010 0.067804 0.000010 0.006760 0.000010 0.000010 0.000010 0.000010 0.000010 0.215343
0.410186 0.028621 0.000010 0.000010 0.000010 0.000010 0.000010 0.000010 0.000010 0.000010 0.000010 0.000010 0.034531 0.000020 0.000010 0.000010 0.000010 0.480351 0.000010 0.046151
0.999810 0.000010 0.000010 0.000010 0.000010 0.000010 0.000010 0.000010 0.000010 0.000010 0.000010 0.000010 0.000010 0.000010 0.000010 0.000010 0.000010 0.000010 0.000010 0.000010
0.000010 0.000010 0.000010 0.000010 0.000010 0.000010 0.000010 0.000010 0.000010 0.000010 0.013165 0.000010 0.000010 0.045889 0.000010 0.000010 0.940776 0.000010 0.000010 0.000010
0.000010 0.000010 0.000010 0.000010 0.000010 0.000010 0.000010 0.000010 0.000010 0.000010 0.000010 0.000010 0.000010 0.000010 0.000010 0.000010 0.999810 0.000010 0.000010 0.000010
0.000010 0.000010 0.000010 0.000010 0.000010 0.000010 0.000010 0.000010 0.000010 0.000010 0.000010 0.862489 0.000010 0.000010 0.000010 0.127835 0.009506 0.000010 0.000010 0.000010
0.000010 0.000010 0.000010 0.117969 0.020861 0.039073 0.000010 0.000010 0.046919 0.000010 0.084651 0.539077 0.000010 0.094195 0.000010 0.000010 0.000010 0.000010 0.027806 0.029339
0.095694 0.000010 0.000010 0.000010 0.081423 0.000010 0.056887 0.000010 0.000010 0.748522 0.000010 0.000010 0.000010 0.017324 0.000010 0.000010 0.000010 0.000010 0.000010 0.000010
0.000010 0.000010 0.000010 0.000010 0.000010 0.000010 0.000010 0.000010 0.000010 0.000010 0.000010 0.999810 0.000010 0.000010 0.000010 0.000010 0.000010 0.000010 0.000010 0.000010
0.000010 0.000010 0.045868 0.000010 0.094878 0.000010 0.000010 0.000010 0.037717 0.000010 0.053558 0.530764 0.000010 0.063421 0.000010 0.000010 0.000010 0.000010 0.065217 0.108455
0.000010 0.000010 0.000010 0.861680 0.000010 0.000010 0.004578 0.074805 0.000010 0.000010 0.058777 0.000010 0.000010 0.000010 0.000010 0.000010 0.000010 0.000010 0.000010 0.000010
0.000010 0.000010 0.000010 0.073636 0.084232 0.000010 0.000010 0.000010 0.000010 0.014382 0.079449 0.565806 0.000010 0.061829 0.000010 0.000010 0.000010 0.064278 0.048764 0.007514
0.000010 0.000010 0.000010 0.711066 0.000010 0.000010 0.103948 0.000010 0.000010 0.000010 0.000010 0.000010 0.000010 0.000010 0.000010 0.000010 0.000010 0.000010 0.000010 0.184816
0.000010 0.000010 0.030932 0.000010 0.008441 0.000010 0.000010 0.000010 0.000010 0.000010 0.000010 0.072181 0.000010 0.000010 0.000010 0.000010 0.888286 0.000010 0.000010 0.000010
0.097125 0.060460 0.000010 0.355033 0.000010 0.000010 0.262388 0.000010 0.000010 0.020811 0.000010 0.000010 0.000010 0.000010 0.000010 0.000010 0.204043 0.000010 0.000010 0.000010
0.000010 0.256686 0.000010 0.000010 0.002157 0.000010 0.247247 0.000010 0.015371 0.428369 0.000010 0.000010 0.037277 0.000010 0.000010 0.012763 0.000010 0.000010 0.000010 0.000010
0.000010 0.006597 0.000010 0.100316 0.081475 0.000010 0.000010 0.000010 0.029575 0.000010 0.000010 0.478737 0.018348 0.047917 0.000010 0.120858 0.000010 0.000010 0.000010 0.116068
0.000010 0.645896 0.000010 0.000010 0.000010 0.000010 0.000010 0.000010 0.000010 0.057025 0.000010 0.000010 0.000010 0.000010 0.000010 0.000010 0.000010 0.296910 0.000010 0.000010
0.999810 0.000010 0.000010 0.000010 0.000010 0.000010 0.000010 0.000010 0.000010 0.000010 0.000010 0.000010 0.000010 0.000010 0.000010 0.000010 0.000010 0.000010 0.000010 0.000010
0.464556 0.000010 0.000010 0.000010 0.000010 0.000010 0.000010 0.000010 0.000010 0.000010 0.000010 0.000010 0.006071 0.000010 0.000010 0.000010 0.000010 0.499565 0.029648 0.000010
0.000010 0.403103 0.000010 0.000010 0.000010 0.104171 0.000010 0.000010 0.000010 0.000010 0.000010 0.003921 0.000010 0.000010 0.000010 0.000010 0.000010 0.488645 0.000010 0.000010
0.777757 0.000010 0.000010 0.000010 0.000010 0.088869 0.000010 0.030753 0.000010 0.000010 0.000010 0.000010 0.000010 0.000010 0.000010 0.000010 0.000010 0.102462 0.000010 0.000010
0.000010 0.999810 0.000010 0.000010 0.000010 0.000010 0.000010 0.000010 0.000010 0.000010 0.000010 0.000010 0.000010 0.000010 0.000010 0.000010 0.000010 0.000010 0.000010 0.000010
0.000010 0.000010 0.000010 0.000010 0.000010 0.000010 0.000010 0.000010 0.000010 0.100869 0.000010 0.000010 0.000010 0.000010 0.000010 0.000010 0.898951 0.000010 0.000010 0.000010
0.000010 0.000010 0.000010 0.000010 0.000010 0.000010 0.000010 0.000010 0.000010 0.000010 0.115107 0.000010 0.000010 0.000010 0.000010 0.000010 0.000010 0.000010 0.884713 0.000010
0.000010 0.000010 0.000010 0.000010 0.999810 0.000010 0.000010 0.000010 0.000010 0.000010 0.000010 0.000010 0.000010 0.000010 0.000010 0.000010 0.000010 0.000010 0.000010 0.000010
0.000010 0.000010 0.000010 0.000010 0.000010 0.000010 0.000010 0.000010 0.000010 0.000010 0.000010 0.000010 0.000010 0.000010 0.000010 0.999810 0.000010 0.000010 0.000010 0.000010
0.000010 0.000010 0.000010 0.000010 0.000010 0.000010 0.000010 0.000010 0.000010 0.000010 0.999810 0.000010 0.000010 0.000010 0.000010 0.000010 0.000010 0.000010 0.000010 0.000010
0.000010 0.000010 0.000010 0.000010 0.000010 0.000010 0.000010 0.000010 0.000010 0.000010 0.000010 0.000010 0.000010 0.000010 0.000010 0.999810 0.000010 0.000010 0.000010 0.000010
0.000010 0.000010 0.102788 0.000010 0.000010 0.000010 0.000010 0.000010 0.000010 0.000010 0.148891 0.464468 0.000010 0.059086 0.000010 0.000010 0.000010 0.000010 0.224617 0.000010
0.000010 0.000010 0.077540 0.000010 0.000010 0.000010 0.000010 0.000010 0.000010 0.000010 0.024137 0.000010 0.000010 0.000010 0.000010 0.000010 0.898153 0.000010 0.000010 0.000010
0.000010 0.000010 0.000010 0.000010 0.000010 0.000010 0.000010 0.000010 0.032416 0.066666 0.000010 0.000010 0.000010 0.000010 0.000010 0.000010 0.900747 0.000010 0.000010 0.000010
0.445168 0.000010 0.000010 0.000010 0.000010 0.000010 0.000010 0.000010 0.000010 0.132120 0.000010 0.000010 0.000010 0.011905 0.043189 0.000010 0.000010 0.367468 0.000010 0.000010
0.000010 0.000010 0.000010 0.000010 0.999810 0.000010 0.000010 0.000010 0.000010 0.000010 0.000010 0.000010 0.000010 0.000010 0.000010 0.000010 0.000010 0.000010 0.000010 0.000010
0.000010 0.000010 0.000010 0.873953 0.000010 0.125867 0.000010 0.000010 0.000010 0.000010 0.000010 0.000010 0.000010 0.000010 0.000010 0.000010 0.000010 0.000010 0.000010 0.000010
0.000010 0.000010 0.018939 0.000010 0.000010 0.000010 0.000010 0.000010 0.084272 0.000010 0.085730 0.000010 0.000010 0.028601 0.000010 0.000010 0.782308 0.000010 0.000010 0.000010
0.000010 0.000010 0.000010 0.000010 0.000010 0.000010 0.000010 0.000010 0.000010 0.000010 0.000010 0.000010 0.999810 0.000010 0.000010 0.000010 0.000010 0.000010 0.000010 0.000010
0.139393 0.000010 0.000010 0.062653 0.000010 0.103149 0.053681 0.000010 0.000010 0.403510 0.000010 0.000010 0.068895 0.025365 0.000010 0.107689 0.000010 0.015536 0.000010 0.020029
0.000010 0.000010 0.000010 0.000010 0.000010 0.368394 0.000010 0.000010 0.000010 0.000010 0.000010 0.000010 0.000010 0.000010 0.000010 0.000010 0.631426 0.000010 0.000010 0.000010
0.000010 0.301913 0.000010 0.096293 0.000010 0.059833 0.000010 0.000010 0.000010 0.000010 0.038207 0.287144 0.074286 0.017520 0.000010 0.000010 0.000010 0.000010 0.124684 0.000010
0.000010 0.000010 0.000010 0.000010 0.000010 0.000010 0.152370 0.000010 0.000010 0.053649 0.000010 0.000010 0.271464 0.000010 0.000010 0.000010 0.522358 0.000010 0.000010 0.000010
0.000010 0.107523 0.000010 0.000010 0.000010 0.277095 0.058333 0.029776 0.000010 0.441260 0.000010 0.050858 0.000010 0.000010 0.000010 0.000010 0.000010 0.035024 0.000010 0.000010
0.000010 0.094378 0.041050 0.000010 0.000010 0.000010 0.357844 0.000010 0.000010 0.077698 0.000010 0.000010 0.008285 0.000010 0.000010 0.000010 0.420605 0.000010 0.000010 0.000010
0.000010 0.000010 0.000010 0.258063 0.000010 0.000010 0.000010 0.000010 0.000010 0.000010 0.048380 0.000010 0.000010 0.000010 0.000010 0.000010 0.568210 0.000010 0.000010 0.125187
0.000010 0.000010 0.000010 0.000010 0.063585 0.000010 0.000010 0.056759 0.000010 0.000010 0.021019 0.666839 0.033868 0.000010 0.000010 0.000010 0.000010 0.000010 0.054498 0.103301
0.000010 0.000010 0.000010 0.999810 0.000010 0.000010 0.000010 0.000010 0.000010 0.000010 0.000010 0.000010 0.000010 0.000010 0.000010 0.000010 0.000010 0.000010 0.000010 0.000010
0.226254 0.226340 0.000010 0.000010 0.000010 0.007970 0.123233 0.000010 0.002937 0.000010 0.000010 0.026375 0.000010 0.000010 0.000010 0.000010 0.000010 0.371707 0.000010 0.015065
0.230163 0.154142 0.000010 0.000010 0.000010 0.067712 0.000010 0.000010 0.000010 0.000010 0.000010 0.000010 0.000010 0.000010 0.000010 0.000010 0.000010 0.547823 0.000010 0.000010
0.000010 0.000010 0.000010 0.000010 0.444054 0.000010 0.000010 0.000010 0.000010 0.000010 0.022032 0.533743 0.000010 0.000010 0.000010 0.000010 0.000010 0.000010 0.000010 0.000010
0.000010 0.000010 0.000010 0.000010 0.999810 0.000010 0.000010 0.000010 0.000010 0.000010 0.000010 0.000010 0.000010 0.000010 0.000010 0.000010 0.000010 0.000010 0.000010 0.000010
0.000010 0.000010 0.000010 0.000010 0.000010 0.000010 0.081886 0.000010 0.801883 0.000010 0.000010 0.000010 0.000010 0.002006 0.091675 0.000010 0.000010 0.010121 0.012289 0.000010
0.000010 0.000010 0.000010 0.000010 0.000010 0.000010 0.000010 0.000010 0.999810 0.000010 0.000010 0.000010 0.000010 0.000010 0.000010 0.000010 0.000010 0.000010 0.000010 0.000010
0.000010 0.000010 0.016575 0.000010 0.000010 0.000010 0.000010 0.000010 0.000010 0.000010 0.125235 0.668752 0.000010 0.000010 0.000010 0.000010 0.002348 0.000010 0.186940 0.000010
0.000010 0.000010 0.059675 0.000010 0.000010 0.228611 0.000010 0.000010 0.000010 0.536601 0.000010 0.000010 0.000010 0.000010 0.000010 0.000010 0.011019 0.000010 0.080859 0.083095
0.000010 0.000010 0.000010 0.004662 0.000010 0.193047 0.000010 0.000010 0.008637 0.096912 0.028651 0.207536 0.037995 0.000010 0.000010 0.000010 0.386908 0.000010 0.035542 0.000010
0.191341 0.000010 0.000010 0.000010 0.000010 0.079477 0.000010 0.000010 0.000010 0.000010 0.013452 0.000010 0.000010 0.000010 0.000010 0.000010 0.000010 0.619144 0.000010 0.096436
0.000010 0.000010 0.000016 0.338227 0.000010 0.190934 0.165162 0.000010 0.000010 0.000010 0.029598 0.000010 0.275923 0.000010 0.000010 0.000010 0.000010 0.000010 0.000010 0.000010
0.000010 0.999810 0.000010 0.000010 0.000010 0.000010 0.000010 0.000010 0.000010 0.000010 0.000010 0.000010 0.000010 0.000010 0.000010 0.000010 0.000010 0.000010 0.000010 0.000010
0.068020 0.093889 0.000010 0.000010 0.000010 0.061203 0.000010 0.000010 0.000107 0.000010 0.000010 0.000010 0.000010 0.000010 0.000010 0.000010 0.126730 0.539164 0.000010 0.110758
0.000010 0.000010 0.000010 0.000010 0.000010 0.000010 0.000010 0.000010 0.999810 0.000010 0.000010 0.000010 0.000010 0.000010 0.000010 0.000010 0.000010 0.000010 0.000010 0.000010
0.000010 0.000010 0.049932 0.301895 0.000010 0.000010 0.367533 0.000010 0.006988 0.213832 0.000010 0.000010 0.000010 0.000010 0.000010 0.000010 0.000010 0.059681 0.000010 0.000010
0.000010 0.000010 0.000010 0.000010 0.000010 0.000010 0.000010 0.026148 0.843239 0.000010 0.011276 0.000010 0.000010 0.000010 0.119177 0.000010 0.000010 0.000010 0.000010 0.000010
0.000010 0.000010 0.000010 0.000010 0.000010 0.000010 0.000010 0.000010 0.990375 0.000010 0.000010 0.000010 0.000010 0.000010 0.000010 0.000010 0.000010 0.000010 0.000010 0.009445
0.000010 0.000010 0.000010 0.000010 0.000010 0.000010 0.054801 0.000010 0.919346 0.000010 0.000010 0.000010 0.000010 0.000010 0.000010 0.025683 0.000010 0.000010 0.000010 0.000010
0.000010 0.000010 0.194176 0.293135 0.000010 0.089874 0.282171 0.047624 0.000010 0.000010 0.038293 0.000010 0.000010 0.000010 0.000010 0.000010 0.054597 0.000010 0.000010 0.000010
0.229323 0.000010 0.012692 0.000010 0.000010 0.092786 0.000010 0.000010 0.000010 0.000010 0.000010 0.000010 0.000010 0.000010 0.000010 0.025227 0.030530 0.448447 0.000010 0.160865
0.000010 0.000010 0.000010 0.000010 0.000010 0.000010 0.000010 0.000010 0.018551 0.140759 0.000010 0.000010 0.065817 0.000010 0.010271 0.018877 0.000010 0.745586 0.000010 0.000010
0.227220 0.000010 0.044707 0.340068 0.190864 0.000010 0.000010 0.000010 0.000010 0.000010 0.000010 0.008774 0.018876 0.009630 0.159741 0.000010 0.000010 0.000010 0.000010 0.000010
0.000010 0.000010 0.076028 0.372358 0.438869 0.000010 0.000010 0.000010 0.000010 0.000010 0.073621 0.000010 0.000010 0.000010 0.000010 0.000345 0.000010 0.000010 0.038639 0.000010
0.000010 0.000010 0.000010 0.000010 0.000010 0.000010 0.000010 0.000010 0.000010 0.000010 0.000010 0.000010 0.000010 0.999807 0.000010 0.000013 0.000010 0.000010 0.000010 0.000010
0.000010 0.206962 0.041236 0.000010 0.000010 0.072410 0.053400 0.000010 0.000010 0.292806 0.000010 0.192369 0.056863 0.028384 0.000010 0.003141 0.000010 0.000010 0.011786 0.040552
0.338101 0.038103 0.000010 0.000010 0.000010 0.000010 0.000010 0.027508 0.000010 0.000952 0.000010 0.000010 0.038203 0.000010 0.000010 0.000010 0.103682 0.281649 0.000010 0.171683
0.000010 0.000010 0.999810 0.000010 0.000010 0.000010 0.000010 0.000010 0.000010 0.000010 0.000010 0.000010 0.000010 0.000010 0.000010 0.000010 0.000010 0.000010 0.000010 0.000010
0.000010 0.000010 0.999810 0.000010 0.000010 0.000010 0.000010 0.000010 0.000010 0.000010 0.000010 0.000010 0.000010 0.000010 0.000010 0.000010 0.000010 0.000010 0.000010 0.000010
0.000010 0.000010 0.999810 0.000010 0.000010 0.000010 0.000010 0.000010 0.000010 0.000010 0.000010 0.000010 0.000010 0.000010 0.000010 0.000010 0.000010 0.000010 0.000010 0.000010
0.986594 0.000010 0.000010 0.000010 0.000010 0.000010 0.000010 0.013226 0.000010 0.000010 0.000010 0.000010 0.000010 0.000010 0.000010 0.000010 0.000010 0.000010 0.000010 0.000010
0.262054 0.368127 0.000010 0.000010 0.000010 0.180581 0.000010 0.000010 0.000010 0.000010 0.000010 0.000010 0.000010 0.000010 0.000010 0.000010 0.000010 0.075185 0.000010 0.113903
0.148473 0.503189 0.000010 0.000010 0.000010 0.000010 0.074315 0.000010 0.047898 0.225975 0.000010 0.000010 0.000010 0.000010 0.000010 0.000010 0.000010 0.000010 0.000010 0.000010
0.000010 0.512233 0.000010 0.000010 0.000010 0.000010 0.000010 0.000010 0.000010 0.000010 0.010348 0.000010 0.000010 0.000010 0.000010 0.000010 0.000010 0.443221 0.034038 0.000010
0.000010 0.000010 0.000010 0.086037 0.000010 0.036797 0.000010 0.000010 0.000010 0.000010 0.154107 0.461682 0.000010 0.047716 0.000010 0.000010 0.000010 0.000010 0.213521 0.000010
0.000010 0.000010 0.000010 0.000010 0.000010 0.321479 0.000010 0.000010 0.000010 0.000010 0.000010 0.000010 0.596158 0.000010 0.000010 0.000010 0.011300 0.000010 0.000010 0.070903
0.118355 0.000010 0.000010 0.026526 0.000010 0.000010 0.000010 0.000010 0.000010 0.000010 0.242614 0.321240 0.032366 0.000010 0.000010 0.000010 0.006237 0.039979 0.113893 0.098680
0.000010 0.000010 0.000010 0.000010 0.030497 0.000010 0.000010 0.000010 0.000010 0.041877 0.000010 0.160830 0.146696 0.000010 0.000010 0.000010 0.000010 0.147019 0.000010 0.472941
0.000010 0.000010 0.000010 0.000010 0.000010 0.000010 0.000010 0.000010 0.000010 0.000010 0.109331 0.789751 0.000010 0.000010 0.000010 0.000010 0.000010 0.000010 0.100748 0.000010
0.000010 0.000010 0.000010 0.000010 0.000010 0.032500 0.000010 0.000010 0.000010 0.000010 0.023755 0.776485 0.000010 0.153401 0.000010 0.000010 0.000010 0.000010 0.013709 0.000010
0.000010 0.000010 0.000010 0.111748 0.000010 0.000010 0.000010 0.000010 0.000010 0.000010 0.136305 0.726418 0.025369 0.000010 0.000010 0.000010 0.000010 0.000010 0.000010 0.000010
0.000010 0.000010 0.000010 0.000010 0.000010 0.087241 0.000010 0.000010 0.000010 0.000010 0.000010 0.766884 0.000010 0.102455 0.000010 0.021287 0.000010 0.000010 0.021983 0.000010
0.000010 0.000010 0.000010 0.781717 0.000010 0.000010 0.000010 0.000010 0.000010 0.000010 0.000010 0.000010 0.000010 0.075225 0.000010 0.142888 0.000010 0.000010 0.000010 0.000010
0.000010 0.000010 0.000010 0.000010 0.000010 0.000010 0.000010 0.100614 0.899206 0.000010 0.000010 0.000010 0.000010 0.000010 0.000010 0.000010 0.000010 0.000010 0.000010 0.000010
0.000010 0.000010 0.000010 0.000010 0.000010 0.000010 0.999810 0.000010 0.000010 0.000010 0.000010 0.000010 0.000010 0.000010 0.000010 0.000010 0.000010 0.000010 0.000010 0.000010
0.000010 0.000010 0.000010 0.000010 0.000010 0.811145 0.000010 0.000010 0.000010 0.188675 0.000010 0.000010 0.000010 0.000010 0.000010 0.000010 0.000010 0.000010 0.000010 0.000010
0.000010 0.000010 0.000010 0.000010 0.188622 0.000010 0.000010 0.077997 0.000010 0.000010 0.000010 0.733211 0.000010 0.000010 0.000010 0.000010 0.000010 0.000010 0.000010 0.000010
0.000010 0.000010 0.000010 0.000010 0.000010 0.000010 0.040833 0.000010 0.000010 0.498302 0.000010 0.000010 0.051715 0.000010 0.040126 0.000010 0.000010 0.368874 0.000010 0.000010
0.000010 0.000010 0.076676 0.000010 0.000010 0.000010 0.000010 0.000010 0.008363 0.000010 0.000010 0.826000 0.000010 0.000010 0.000010 0.043820 0.000010 0.000010 0.044991 0.000010
0.021794 0.175255 0.000010 0.000010 0.000010 0.234365 0.000010 0.000010 0.000010 0.337612 0.000010 0.000010 0.050895 0.000010 0.000010 0.000010 0.057127 0.122823 0.000010 0.000010
0.064243 0.000010 0.000010 0.000010 0.000010 0.389333 0.000010 0.000010 0.000010 0.275249 0.000010 0.000010 0.000010 0.000010 0.062428 0.000010 0.074381 0.134227 0.000010 0.000010
0.000010 0.097819 0.064780 0.000010 0.000010 0.175431 0.203437 0.000010 0.000010 0.061951 0.000010 0.000010 0.135468 0.000010 0.000010 0.000010 0.232288 0.028707 0.000010 0.000010
0.014246 0.079215 0.058315 0.205200 0.093109 0.000010 0.269878 0.000010 0.000010 0.097684 0.030204 0.000010 0.000010 0.000010 0.128395 0.000010 0.023654 0.000010 0.000010 0.000010
0.004086 0.000010 0.083729 0.000010 0.000010 0.245901 0.000010 0.000010 0.000010 0.017332 0.000010 0.000010 0.172619 0.000010 0.000010 0.000010 0.476192 0.000010 0.000010 0.000010
0.060677 0.000010 0.036480 0.018209 0.000010 0.000010 0.300948 0.010997 0.000010 0.014969 0.016116 0.000010 0.053415 0.000010 0.000010 0.000010 0.488078 0.000010 0.000010 0.000010
0.051240 0.000010 0.278055 0.328359 0.098743 0.243453 0.000010 0.000010 0.000010 0.000010 0.000010 0.000010 0.000010 0.000010 0.000010 0.000010 0.000010 0.000010 0.000010 0.000010
0.000010 0.000010 0.131129 0.120267 0.000010 0.000010 0.000010 0.000010 0.000010 0.000010 0.000010 0.125280 0.000010 0.000010 0.000010 0.000010 0.000010 0.000010 0.000010 0.623164
0.024419 0.000010 0.227120 0.354190 0.053947 0.025714 0.000010 0.000010 0.008760 0.000010 0.000010 0.061916 0.163886 0.000010 0.000010 0.054201 0.000010 0.000010 0.025746 0.000010
0.000010 0.000010 0.000010 0.000010 0.000010 0.000010 0.000010 0.000010 0.000010 0.000010 0.000010 0.000010 0.000010 0.000010 0.000010 0.000010 0.000010 0.000010 0.000010 0.999810
0.000010 0.000010 0.000010 0.000010 0.000010 0.000010 0.000010 0.000010 0.000010 0.000010 0.007798 0.000010 0.000010 0.000010 0.000010 0.000010 0.000010 0.000010 0.000010 0.992022
0.000010 0.267313 0.000010 0.353258 0.000010 0.113180 0.034659 0.000010 0.000010 0.000010 0.000010 0.000010 0.000010 0.000010 0.000010 0.000010 0.015402 0.000010 0.000010 0.216048
0.000010 0.000010 0.000010 0.000010 0.000010 0.000010 0.000010 0.000010 0.000010 0.000010 0.000010 0.000010 0.000010 0.000010 0.000010 0.000010 0.000010 0.000010 0.000010 0.999810
0.000010 0.000010 0.000010 0.000010 0.000010 0.115566 0.000010 0.000010 0.000010 0.000010 0.000010 0.000010 0.509132 0.000010 0.000010 0.000010 0.375132 0.000010 0.000010 0.000010
0.031206 0.000010 0.000010 0.000010 0.000010 0.096603 0.000010 0.000010 0.000010 0.737628 0.000010 0.000010 0.000010 0.000010 0.000010 0.000010 0.000010 0.066118 0.000010 0.068295
0.000010 0.000010 0.069923 0.000010 0.000010 0.501353 0.099341 0.000010 0.000010 0.249614 0.000010 0.000010 0.000010 0.000010 0.000010 0.000010 0.079619 0.000010 0.000010 0.000010
0.000010 0.000010 0.000010 0.000010 0.000010 0.000010 0.000010 0.000010 0.000010 0.000010 0.000010 0.214057 0.785763 0.000010 0.000010 0.000010 0.000010 0.000010 0.000010 0.000010
0.000010 0.048153 0.000010 0.000010 0.000010 0.000010 0.052116 0.000010 0.000010 0.000010 0.000010 0.899561 0.000010 0.000010 0.000010 0.000010 0.000010 0.000010 0.000010 0.000010
0.012924 0.089372 0.000010 0.000010 0.014915 0.155008 0.000010 0.044613 0.000010 0.574061 0.000010 0.000010 0.000010 0.000010 0.000010 0.000010 0.000010 0.000010 0.000010 0.108978
0.000010 0.000010 0.000010 0.000010 0.000010 0.999810 0.000010 0.000010 0.000010 0.000010 0.000010 0.000010 0.000010 0.000010 0.000010 0.000010 0.000010 0.000010 0.000010 0.000010
0.000010 0.000010 0.000010 0.000010 0.000010 0.000010 0.000010 0.999810 0.000010 0.000010 0.000010 0.000010 0.000010 0.000010 0.000010 0.000010 0.000010 0.000010 0.000010 0.000010
0.000010 0.000010 0.000010 0.000010 0.000010 0.000010 0.024946 0.140170 0.661663 0.000010 0.000010 0.000010 0.002034 0.000010 0.087398 0.058820 0.000010 0.024840 0.000010 0.000010
0.000010 0.000010 0.999810 0.000010 0.000010 0.000010 0.000010 0.000010 0.000010 0.000010 0.000010 0.000010 0.000010 0.000010 0.000010 0.000010 0.000010 0.000010 0.000010 0.000010
0.000010 0.000010 0.000010 0.000010 0.000010 0.000010 0.000010 0.000010 0.707405 0.000010 0.000010 0.000010 0.000010 0.000010 0.292415 0.000010 0.000010 0.000010 0.000010 0.000010
0.000010 0.036051 0.000010 0.000010 0.046213 0.000010 0.022489 0.070422 0.706320 0.000010 0.000010 0.011532 0.000010 0.000010 0.061367 0.036483 0.000010 0.000010 0.009012 0.000010
0.000010 0.000010 0.000010 0.000010 0.000010 0.000010 0.000010 0.000010 0.161034 0.113177 0.000010 0.116575 0.028222 0.000010 0.580843 0.000010 0.000010 0.000010 0.000010 0.000010
0.075797 0.000010 0.000010 0.000010 0.008489 0.000010 0.000010 0.000010 0.000010 0.000010 0.000010 0.881970 0.000010 0.000010 0.000010 0.000010 0.000010 0.000010 0.000010 0.033584
0.000010 0.000010 0.000010 0.000010 0.000010 0.000010 0.000010 0.999810 0.000010 0.000010 0.000010 0.000010 0.000010 0.000010 0.000010 0.000010 0.000010 0.000010 0.000010 0.000010
0.000010 0.000010 0.047530 0.000010 0.000010 0.000010 0.000010 0.011972 0.706473 0.077037 0.000010 0.000010 0.000010 0.086233 0.070614 0.000010 0.000010 0.000010 0.000010 0.000010
0.000010 0.000010 0.000010 0.000010 0.000010 0.000010 0.000010 0.181083 0.635211 0.000010 0.000010 0.000010 0.000010 0.181001 0.000010 0.000010 0.000010 0.000010 0.002544 0.000010
0.000010 0.000010 0.000010 0.000010 0.000010 0.128357 0.000010 0.000010 0.000010 0.744787 0.000010 0.000010 0.007226 0.000010 0.000010 0.000010 0.000010 0.100278 0.019202 0.000010
0.000010 0.000010 0.000010 0.000010 0.000010 0.000010 0.000010 0.009755 0.000010 0.933245 0.056830 0.000010 0.000010 0.000010 0.000010 0.000010 0.000010 0.000010 0.000010 0.000010
0.000010 0.000010 0.000010 0.470230 0.251477 0.000010 0.117903 0.000010 0.031504 0.000010 0.000010 0.000010 0.000010 0.000010 0.000010 0.000010 0.128735 0.000010 0.000010 0.000010
0.000010 0.174512 0.215260 0.000010 0.000010 0.103200 0.000010 0.000010 0.000010 0.280074 0.000010 0.000010 0.093152 0.000010 0.000010 0.000010 0.095675 0.037997 0.000010 0.000010
0.000010 0.000010 0.000010 0.000010 0.141795 0.000010 0.000010 0.059107 0.445804 0.000010 0.000010 0.000010 0.000010 0.046289 0.306855 0.000010 0.000010 0.000010 0.000010 0.000010
0.000010 0.000010 0.190945 0.028652 0.019714 0.337946 0.094118 0.000010 0.000010 0.064553 0.008742 0.043416 0.103225 0.000010 0.030352 0.000010 0.058473 0.000010 0.019784 0.000010
0.000010 0.000010 0.000010 0.050542 0.124480 0.000010 0.000010 0.000010 0.786744 0.000010 0.000010 0.000010 0.000010 0.000010 0.000010 0.014464 0.000010 0.000010 0.000010 0.023620
0.000010 0.042497 0.000010 0.000010 0.080823 0.000010 0.000010 0.173273 0.382272 0.000010 0.000010 0.023054 0.000010 0.000010 0.233158 0.000010 0.000010 0.000010 0.000010 0.064792
0.055669 0.000010 0.008153 0.000010 0.099713 0.151661 0.000010 0.000010 0.000010 0.249669 0.000010 0.000010 0.097010 0.000010 0.000010 0.000010 0.060603 0.276427 0.000985 0.000010
0.000010 0.000010 0.000010 0.000010 0.000010 0.000010 0.084152 0.076249 0.000010 0.769154 0.000010 0.000010 0.000010 0.000010 0.000010 0.000010 0.000010 0.000010 0.000010 0.070285
0.000010 0.000010 0.000010 0.000010 0.000010 0.000010 0.088964 0.000010 0.654517 0.000010 0.000010 0.000010 0.000010 0.000010 0.182866 0.073493 0.000010 0.000010 0.000010 0.000010
0.000010 0.089089 0.022230 0.052149 0.000010 0.000010 0.000010 0.000010 0.000010 0.706245 0.000010 0.000010 0.000010 0.031255 0.000010 0.000010 0.000010 0.060229 0.000010 0.038673
0.000010 0.136222 0.000010 0.623740 0.000010 0.000010 0.155145 0.000010 0.037597 0.047147 0.000010 0.000010 0.000010 0.000010 0.000010 0.000010 0.000010 0.000010 0.000010 0.000010
0.000010 0.000010 0.000010 0.000010 0.000010 0.000010 0.000010 0.999810 0.000010 0.000010 0.000010 0.000010 0.000010 0.000010 0.000010 0.000010 0.000010 0.000010 0.000010 0.000010
0.000010 0.000010 0.000010 0.000010 0.121082 0.000010 0.000010 0.000010 0.631664 0.000010 0.033339 0.000010 0.000010 0.000010 0.115581 0.000010 0.031237 0.000010 0.000010 0.066957
0.000010 0.000010 0.000010 0.000010 0.000010 0.000010 0.000010 0.000010 0.999810 0.000010 0.000010 0.000010 0.000010 0.000010 0.000010 0.000010 0.000010 0.000010 0.000010 0.000010
0.000010 0.000010 0.000010 0.136092 0.000874 0.000010 0.001380 0.000010 0.000010 0.000010 0.000010 0.000010 0.781925 0.000010 0.000010 0.000010 0.000010 0.000010 0.000010 0.079578
0.000010 0.000010 0.171434 0.828386 0.000010 0.000010 0.000010 0.000010 0.000010 0.000010 0.000010 0.000010 0.000010 0.000010 0.000010 0.000010 0.000010 0.000010 0.000010 0.000010
0.000010 0.000010 0.000010 0.000010 0.000010 0.140229 0.000010 0.000010 0.000010 0.000010 0.000010 0.363934 0.091919 0.000010 0.000010 0.000010 0.000010 0.211256 0.000010 0.192511
0.000010 0.012517 0.194942 0.061753 0.000010 0.232030 0.000010 0.000010 0.024285 0.284550 0.000010 0.072239 0.007491 0.000010 0.110084 0.000010 0.000010 0.000010 0.000010 0.000010
0.000010 0.000010 0.000010 0.066756 0.000010 0.000010 0.000010 0.083605 0.182326 0.000010 0.028624 0.020206 0.000010 0.009668 0.518837 0.000010 0.000010 0.089860 0.000010 0.000010
0.000010 0.000010 0.000010 0.000010 0.000010 0.000010 0.000010 0.050393 0.456426 0.000010 0.000010 0.000010 0.000010 0.000010 0.386136 0.000010 0.000010 0.000010 0.000010 0.106885
0.000010 0.000010 0.049594 0.000010 0.000010 0.000010 0.000010 0.201870 0.000010 0.000010 0.041914 0.000010 0.000010 0.130703 0.544538 0.010390 0.020860 0.000010 0.000010 0.000010
0.000010 0.047061 0.000010 0.000010 0.000010 0.000010 0.000010 0.050365 0.365941 0.000010 0.000010 0.000010 0.000010 0.000010 0.448248 0.000010 0.000010 0.000010 0.014317 0.073927
0.000010 0.000010 0.000010 0.000010 0.000010 0.000010 0.000010 0.045109 0.000010 0.633643 0.000010 0.000010 0.041428 0.000010 0.000010 0.000010 0.000010 0.000010 0.000010 0.279660
0.000010 0.000010 0.000010 0.000010 0.000010 0.000010 0.000010 0.000010 0.000010 0.000010 0.000010 0.000010 0.000010 0.999810 0.000010 0.000010 0.000010 0.000010 0.000010 0.000010
0.304498 0.438820 0.000010 0.000010 0.000010 0.000010 0.000010 0.000010 0.000010 0.000010 0.000010 0.000010 0.099649 0.006167 0.000010 0.000010 0.000010 0.149980 0.000747 0.000010
0.000010 0.874984 0.000010 0.000010 0.000010 0.000010 0.000010 0.000010 0.000010 0.000010 0.124836 0.000010 0.000010 0.000010 0.000010 0.000010 0.000010 0.000010 0.000010 0.000010
0.355480 0.233554 0.000010 0.000010 0.000010 0.000010 0.000010 0.000010 0.000010 0.000010 0.000010 0.027173 0.000010 0.000010 0.000010 0.000010 0.000010 0.262710 0.000010 0.120934
0.000010 0.033732 0.000010 0.586484 0.000010 0.000010 0.000010 0.000010 0.056697 0.000010 0.089154 0.056949 0.022112 0.141485 0.000010 0.013268 0.000010 0.000010 0.000010 0.000010
0.000010 0.000010 0.000010 0.000010 0.000010 0.000010 0.000010 0.000010 0.756967 0.037491 0.000010 0.000010 0.000010 0.000010 0.205372 0.000010 0.000010 0.000010 0.000010 0.000010
0.000010 0.000010 0.000010 0.704591 0.000010 0.000010 0.000010 0.000010 0.000010 0.000010 0.000010 0.201863 0.000010 0.000010 0.000010 0.093376 0.000010 0.000010 0.000010 0.000010
0.000010 0.057408 0.000010 0.537043 0.000010 0.000010 0.000010 0.000010 0.000010 0.045006 0.000010 0.125378 0.028695 0.185543 0.000010 0.006374 0.000010 0.006644 0.000010 0.007799
0.000010 0.000010 0.000010 0.000010 0.000010 0.000010 0.000010 0.069396 0.217170 0.000010 0.000010 0.000010 0.000010 0.000010 0.554939 0.021256 0.072575 0.000010 0.029566 0.034967
0.000010 0.000010 0.000010 0.000010 0.000010 0.000010 0.000010 0.083156 0.101189 0.000010 0.000010 0.000010 0.000010 0.000010 0.799766 0.000010 0.000010 0.000010 0.000010 0.015729
