0.000615 0.000010 0.337842 0.032202 0.000010 0.096227 0.000010 0.098311 0.000010 0.000010 0.383639 0.000010 0.051094 0.000010
0.047394 0.000010 0.000010 0.000010 0.000010 0.685927 0.069639 0.007808 0.029179 0.000010 0.159973 0.000010 0.000010 0.000010
0.000010 0.933220 0.000010 0.000010 0.000010 0.066660 0.000010 0.000010 0.000010 0.000010 0.000010 0.000010 0.000010 0.000010
0.000010 0.000010 0.000010 0.000010 0.000010 0.000010 0.860032 0.000010 0.000010 0.000010 0.139848 0.000010 0.000010 0.000010
0.000010 0.000010 0.000010 0.000010 0.000010 0.000010 0.999870 0.000010 0.000010 0.000010 0.000010 0.000010 0.000010 0.000010
0.000010 0.406606 0.000010 0.000010 0.000010 0.051651 0.433907 0.000010 0.107736 0.000010 0.000010 0.000010 0.000010 0.000010
0.000010 0.635209 0.000010 0.000010 0.000010 0.000010 0.058068 0.000010 0.045352 0.000010 0.261271 0.000010 0.000010 0.000010
0.000010 0.684131 0.000010 0.000010 0.047952 0.000010 0.117076 0.000010 0.000010 0.000010 0.041424 0.109327 0.000010 0.000010
0.000010 0.000010 0.000010 0.000010 0.999870 0.000010 0.000010 0.000010 0.000010 0.000010 0.000010 0.000010 0.000010 0.000010
0.000010 0.238181 0.026629 0.079655 0.417157 0.063122 0.000010 0.000010 0.000010 0.000010 0.061771 0.000010 0.113416 0.000010
0.000010 0.000010 0.000010 0.999870 0.000010 0.000010 0.000010 0.000010 0.000010 0.000010 0.000010 0.000010 0.000010 0.000010
0.000010 0.000010 0.000010 0.999870 0.000010 0.000010 0.000010 0.000010 0.000010 0.000010 0.000010 0.000010 0.000010 0.000010
0.000010 0.000010 0.000010 0.999870 0.000010 0.000010 0.000010 0.000010 0.000010 0.000010 0.000010 0.000010 0.000010 0.000010
0.000010 0.000010 0.000010 0.000010 0.000010 0.999870 0.000010 0.000010 0.000010 0.000010 0.000010 0.000010 0.000010 0.000010
0.000010 0.375573 0.000010 0.000010 0.000010 0.000010 0.386599 0.000010 0.000010 0.000010 0.066297 0.171430 0.000010 0.000010
0.000010 0.000010 0.681855 0.188919 0.078721 0.050405 0.000010 0.000010 0.000010 0.000010 0.000010 0.000010 0.000010 0.000010
0.000010 0.362102 0.336186 0.000010 0.000010 0.000010 0.000010 0.000010 0.000010 0.000010 0.000010 0.000010 0.125649 0.175963
0.002104 0.592822 0.000010 0.000010 0.012756 0.000010 0.382888 0.000010 0.000010 0.000010 0.009339 0.000010 0.000010 0.000010
0.000010 0.000010 0.000010 0.000010 0.999870 0.000010 0.000010 0.000010 0.000010 0.000010 0.000010 0.000010 0.000010 0.000010
0.000010 0.000010 0.000010 0.000010 0.999870 0.000010 0.000010 0.000010 0.000010 0.000010 0.000010 0.000010 0.000010 0.000010
0.000010 0.536217 0.000010 0.000010 0.000010 0.000010 0.254479 0.000010 0.000010 0.000010 0.209194 0.000010 0.000010 0.000010
0.000010 0.000010 0.000010 0.000010 0.999870 0.000010 0.000010 0.000010 0.000010 0.000010 0.000010 0.000010 0.000010 0.000010
0.020072 0.508132 0.000010 0.000010 0.000010 0.079717 0.304146 0.000010 0.000010 0.060571 0.013596 0.000010 0.013697 0.000010
0.000010 0.877296 0.000010 0.000010 0.019217 0.000010 0.000010 0.000010 0.062050 0.000010 0.000010 0.000010 0.041338 0.000010
0.000010 0.950637 0.000010 0.000010 0.000010 0.000010 0.000010 0.000010 0.030234 0.000010 0.000010 0.019020 0.000010 0.000010
0.000010 0.999870 0.000010 0.000010 0.000010 0.000010 0.000010 0.000010 0.000010 0.000010 0.000010 0.000010 0.000010 0.000010
0.000010 0.332504 0.000010 0.000010 0.000010 0.155182 0.408581 0.000010 0.000010 0.000010 0.103632 0.000010 0.000010 0.000010
0.000010 0.606322 0.000010 0.000010 0.000010 0.049788 0.097452 0.000010 0.183866 0.000010 0.000010 0.062482 0.000010 0.000010
0.000010 0.037278 0.064532 0.000010 0.000010 0.171388 0.000010 0.685160 0.000010 0.041552 0.000010 0.000010 0.000010 0.000010
0.000010 0.635950 0.000010 0.000010 0.000010 0.081539 0.211092 0.000010 0.000010 0.000010 0.000010 0.029235 0.038279 0.003824
0.000010 0.999870 0.000010 0.000010 0.000010 0.000010 0.000010 0.000010 0.000010 0.000010 0.000010 0.000010 0.000010 0.000010
0.000010 0.381208 0.000010 0.000010 0.000010 0.315518 0.235244 0.000010 0.006810 0.000010 0.000010 0.000010 0.061129 0.000010
0.000010 0.573534 0.015586 0.000010 0.000010 0.000010 0.080605 0.000010 0.000010 0.000010 0.080640 0.249545 0.000010 0.000010
0.000010 0.317187 0.000010 0.056353 0.000010 0.063787 0.381280 0.000010 0.145769 0.000010 0.000010 0.035544 0.000010 0.000010
0.000010 0.403105 0.000010 0.038549 0.000010 0.214915 0.294247 0.000010 0.017665 0.000010 0.031439 0.000010 0.000010 0.000010
0.161769 0.000010 0.000010 0.097202 0.000010 0.019054 0.117327 0.042405 0.029031 0.024291 0.000010 0.361298 0.147573 0.000010
0.033578 0.705147 0.000010 0.000010 0.000010 0.000010 0.170954 0.000010 0.000010 0.000010 0.000010 0.090221 0.000010 0.000010
0.214517 0.000010 0.000010 0.000010 0.000010 0.000010 0.081203 0.600835 0.000010 0.000010 0.000010 0.000010 0.083722 0.019632
0.000010 0.000010 0.000010 0.999870 0.000010 0.000010 0.000010 0.000010 0.000010 0.000010 0.000010 0.000010 0.000010 0.000010
0.000010 0.000010 0.000010 0.617750 0.382130 0.000010 0.000010 0.000010 0.000010 0.000010 0.000010 0.000010 0.000010 0.000010
0.000010 0.000010 0.000010 0.139244 0.860636 0.000010 0.000010 0.000010 0.000010 0.000010 0.000010 0.000010 0.000010 0.000010
0.000010 0.000010 0.000010 0.002474 0.834249 0.000010 0.000010 0.163167 0.000010 0.000010 0.000010 0.000010 0.000010 0.000010
0.000010 0.000010 0.000010 0.000010 0.999870 0.000010 0.000010 0.000010 0.000010 0.000010 0.000010 0.000010 0.000010 0.000010
0.000010 0.000010 0.000010 0.041739 0.812048 0.000010 0.000010 0.146103 0.000010 0.000010 0.000010 0.000010 0.000010 0.000010
0.000010 0.000010 0.000010 0.000010 0.999870 0.000010 0.000010 0.000010 0.000010 0.000010 0.000010 0.000010 0.000010 0.000010
0.000010 0.000010 0.288403 0.000010 0.000010 0.000010 0.000010 0.000010 0.051416 0.000010 0.448838 0.000010 0.211243 0.000010
0.000010 0.000010 0.511488 0.151387 0.217513 0.000010 0.028905 0.000010 0.047891 0.000010 0.000010 0.000010 0.042736 0.000010
0.000010 0.000010 0.000010 0.999870 0.000010 0.000010 0.000010 0.000010 0.000010 0.000010 0.000010 0.000010 0.000010 0.000010
0.000010 0.000010 0.000010 0.000010 0.000010 0.000010 0.999870 0.000010 0.000010 0.000010 0.000010 0.000010 0.000010 0.000010
0.000010 0.000010 0.000010 0.086555 0.913325 0.000010 0.000010 0.000010 0.000010 0.000010 0.000010 0.000010 0.000010 0.000010
0.000010 0.000010 0.263566 0.434048 0.161895 0.000010 0.000010 0.000010 0.140392 0.000010 0.000010 0.000010 0.000010 0.000010
0.000010 0.000010 0.000010 0.000010 0.000010 0.000010 0.000010 0.000010 0.000010 0.000010 0.037865 0.461130 0.500895 0.000010
0.072323 0.000010 0.000010 0.158854 0.708397 0.000010 0.000010 0.060326 0.000010 0.000010 0.000010 0.000010 0.000010 0.000010
0.000010 0.000010 0.862192 0.038890 0.000010 0.000010 0.000010 0.000010 0.000010 0.000010 0.000010 0.050748 0.031741 0.016339
0.000010 0.000010 0.171460 0.204037 0.000010 0.000010 0.000010 0.624394 0.000010 0.000010 0.000010 0.000010 0.000010 0.000010
0.000010 0.035606 0.547860 0.181140 0.197883 0.000010 0.000010 0.000010 0.000010 0.000010 0.000010 0.000010 0.000010 0.037421
0.000010 0.000010 0.000010 0.008688 0.041887 0.000010 0.000010 0.131945 0.000010 0.018658 0.000010 0.798732 0.000010 0.000010
0.000010 0.039118 0.000010 0.000010 0.000010 0.551029 0.181077 0.000010 0.000010 0.000010 0.000010 0.065222 0.090027 0.073447
0.046537 0.000010 0.000010 0.000010 0.000010 0.000010 0.000010 0.289684 0.246302 0.000010 0.000010 0.229112 0.188275 0.000010
0.034006 0.000010 0.182987 0.000010 0.000010 0.284861 0.000010 0.248806 0.000010 0.000010 0.166726 0.082534 0.000010 0.000010
0.000010 0.119334 0.114021 0.000010 0.000010 0.197711 0.010636 0.316606 0.022038 0.000010 0.219585 0.000010 0.000010 0.000010
0.000010 0.644455 0.000010 0.000010 0.000010 0.000010 0.207833 0.000010 0.055514 0.028589 0.063518 0.000010 0.000010 0.000010
0.040463 0.281404 0.000010 0.007722 0.000010 0.000010 0.637741 0.000010 0.032580 0.000010 0.000010 0.000010 0.000010 0.000010
0.000010 0.000010 0.000010 0.000010 0.000010 0.000010 0.000010 0.000010 0.000010 0.000010 0.000010 0.000010 0.999870 0.000010
0.000010 0.000010 0.000010 0.000010 0.000010 0.000010 0.000010 0.000010 0.000010 0.000010 0.000010 0.000010 0.999870 0.000010
0.029418 0.000010 0.868438 0.000010 0.102034 0.000010 0.000010 0.000010 0.000010 0.000010 0.000010 0.000010 0.000010 0.000010
0.072623 0.000010 0.550085 0.061416 0.058840 0.000010 0.018444 0.120767 0.022716 0.042179 0.029000 0.023888 0.000010 0.000010
0.093440 0.000010 0.000010 0.000010 0.000010 0.727188 0.064186 0.000010 0.000010 0.000010 0.000010 0.115086 0.000010 0.000010
0.000010 0.000010 0.999870 0.000010 0.000010 0.000010 0.000010 0.000010 0.000010 0.000010 0.000010 0.000010 0.000010 0.000010
0.092362 0.000010 0.512687 0.099549 0.038427 0.000010 0.000010 0.066062 0.010495 0.048734 0.108897 0.000010 0.000010 0.022738
0.000010 0.000010 0.000010 0.047764 0.000010 0.000010 0.000010 0.815748 0.000010 0.000010 0.000010 0.136378 0.000010 0.000010
0.117668 0.049340 0.605161 0.079327 0.035995 0.024058 0.000010 0.088381 0.000010 0.000010 0.000010 0.000010 0.000010 0.000010
0.000010 0.000010 0.000010 0.000010 0.000010 0.000010 0.000010 0.667098 0.000010 0.000010 0.176357 0.156435 0.000010 0.000010
0.000010 0.000010 0.017244 0.000010 0.000010 0.000010 0.000010 0.049391 0.000010 0.000086 0.000010 0.000010 0.933178 0.000010
0.000010 0.043207 0.000010 0.000010 0.000010 0.000010 0.071699 0.274727 0.028541 0.000010 0.072228 0.509518 0.000010 0.000010
0.000010 0.095847 0.000010 0.000010 0.000010 0.508742 0.050228 0.000010 0.016941 0.040216 0.022875 0.265081 0.000010 0.000010
0.095011 0.000010 0.513555 0.015157 0.091714 0.000010 0.042349 0.107037 0.000017 0.018163 0.116947 0.000010 0.000010 0.000010
0.000010 0.664302 0.000010 0.000010 0.013393 0.227795 0.094410 0.000010 0.000010 0.000010 0.000010 0.000010 0.000010 0.000010
0.000010 0.000010 0.000010 0.000010 0.000010 0.000010 0.999870 0.000010 0.000010 0.000010 0.000010 0.000010 0.000010 0.000010
0.000010 0.705892 0.023832 0.020404 0.000010 0.000010 0.237525 0.000010 0.006940 0.000010 0.000010 0.005326 0.000010 0.000010
0.000010 0.813508 0.037869 0.000010 0.000010 0.000010 0.059626 0.000010 0.000010 0.000010 0.000010 0.000010 0.088898 0.000010
0.000010 0.204685 0.000010 0.000010 0.000010 0.000010 0.765214 0.000010 0.000010 0.000010 0.000010 0.000010 0.029992 0.000010
0.000010 0.566858 0.000010 0.000010 0.000010 0.090700 0.277156 0.000010 0.000010 0.065185 0.000010 0.000010 0.000010 0.000010
0.000010 0.000010 0.000010 0.000010 0.000010 0.000010 0.000010 0.000010 0.000010 0.000010 0.000010 0.350637 0.649243 0.000010
0.000010 0.000010 0.000010 0.999870 0.000010 0.000010 0.000010 0.000010 0.000010 0.000010 0.000010 0.000010 0.000010 0.000010
0.999870 0.000010 0.000010 0.000010 0.000010 0.000010 0.000010 0.000010 0.000010 0.000010 0.000010 0.000010 0.000010 0.000010
0.000010 0.000010 0.000010 0.086276 0.913604 0.000010 0.000010 0.000010 0.000010 0.000010 0.000010 0.000010 0.000010 0.000010
0.000010 0.000010 0.000010 0.000010 0.999870 0.000010 0.000010 0.000010 0.000010 0.000010 0.000010 0.000010 0.000010 0.000010
0.000010 0.000010 0.000010 0.000010 0.999870 0.000010 0.000010 0.000010 0.000010 0.000010 0.000010 0.000010 0.000010 0.000010
0.000010 0.000010 0.492733 0.251897 0.145104 0.000010 0.000010 0.056217 0.014400 0.000010 0.000010 0.000010 0.000010 0.039569
0.000010 0.000010 0.000010 0.000010 0.000010 0.000010 0.000010 0.000010 0.000010 0.000010 0.000010 0.000010 0.999870 0.000010
0.000010 0.000010 0.000010 0.000010 0.000010 0.071509 0.000010 0.000010 0.000010 0.000015 0.000010 0.000010 0.928367 0.000010
0.000010 0.583612 0.000010 0.000010 0.000010 0.170739 0.140908 0.000010 0.075163 0.003389 0.000010 0.000010 0.000010 0.026109
0.999870 0.000010 0.000010 0.000010 0.000010 0.000010 0.000010 0.000010 0.000010 0.000010 0.000010 0.000010 0.000010 0.000010
0.000010 0.000010 0.000010 0.000010 0.000010 0.000010 0.294429 0.705451 0.000010 0.000010 0.000010 0.000010 0.000010 0.000010
0.000010 0.000010 0.000010 0.000010 0.058722 0.000010 0.000010 0.034038 0.000010 0.112923 0.000010 0.000010 0.794216 0.000010
0.000010 0.000010 0.000010 0.000010 0.000010 0.000010 0.000010 0.000010 0.999870 0.000010 0.000010 0.000010 0.000010 0.000010
0.000010 0.023080 0.098153 0.000010 0.068372 0.349507 0.102099 0.003654 0.153106 0.012159 0.077841 0.063408 0.048591 0.000010
0.000010 0.033411 0.000010 0.000010 0.000010 0.000010 0.000010 0.000010 0.259323 0.000010 0.000010 0.000010 0.707156 0.000010
0.000010 0.178504 0.315032 0.161627 0.000010 0.000010 0.016533 0.138738 0.147834 0.004214 0.032117 0.000010 0.005351 0.000010
0.000010 0.000010 0.000010 0.000010 0.000010 0.084820 0.000010 0.000010 0.279272 0.000010 0.000010 0.177312 0.458496 0.000010
0.000010 0.192529 0.062258 0.000010 0.005556 0.462985 0.043064 0.000010 0.113699 0.000010 0.000010 0.047965 0.071884 0.000010
0.000010 0.000010 0.000010 0.000010 0.000010 0.107126 0.000010 0.000010 0.000010 0.000010 0.000010 0.430383 0.462381 0.000010
0.000010 0.000010 0.000010 0.000010 0.023254 0.000010 0.000010 0.251470 0.000010 0.000010 0.143181 0.000010 0.581995 0.000010
0.094664 0.000010 0.659411 0.075690 0.000010 0.000010 0.000010 0.045645 0.000010 0.000010 0.124500 0.000010 0.000010 0.000010
0.000010 0.000010 0.000010 0.028515 0.000010 0.000010 0.000010 0.938046 0.000010 0.000010 0.000010 0.000010 0.033329 0.000010
0.000010 0.583391 0.019884 0.000010 0.000010 0.004039 0.188421 0.000010 0.000010 0.014605 0.011924 0.177665 0.000010 0.000010
0.000010 0.754814 0.000010 0.000010 0.000010 0.017356 0.227720 0.000010 0.000010 0.000010 0.000010 0.000010 0.000010 0.000010
0.433301 0.000010 0.538785 0.000010 0.027804 0.000010 0.000010 0.000010 0.000010 0.000010 0.000010 0.000010 0.000010 0.000010
0.999870 0.000010 0.000010 0.000010 0.000010 0.000010 0.000010 0.000010 0.000010 0.000010 0.000010 0.000010 0.000010 0.000010
0.000010 0.000010 0.000010 0.010852 0.000010 0.000010 0.000010 0.000010 0.000010 0.853579 0.000010 0.055048 0.045689 0.034742
0.000010 0.000010 0.000010 0.000010 0.000010 0.000010 0.000010 0.000010 0.000010 0.999870 0.000010 0.000010 0.000010 0.000010
0.000010 0.000010 0.636846 0.207329 0.092760 0.000010 0.000010 0.000010 0.000010 0.000010 0.000010 0.000010 0.062964 0.000010
0.000010 0.000010 0.000010 0.072798 0.000010 0.518990 0.184369 0.000010 0.038782 0.000010 0.082407 0.000010 0.102574 0.000010
0.000010 0.000010 0.208743 0.046771 0.032522 0.080495 0.063969 0.000010 0.138475 0.000010 0.004104 0.000010 0.424861 0.000010
0.000010 0.670920 0.000010 0.000010 0.000010 0.001903 0.112170 0.000010 0.110598 0.000010 0.104320 0.000010 0.000010 0.000010
0.000010 0.000010 0.000010 0.000010 0.014093 0.000010 0.000010 0.370925 0.410370 0.000010 0.000010 0.204513 0.000010 0.000010
0.000010 0.766161 0.000010 0.000010 0.010791 0.000010 0.025308 0.000010 0.000010 0.000010 0.197640 0.000010 0.000010 0.000010
0.000010 0.560800 0.000010 0.000010 0.000010 0.000010 0.152975 0.000010 0.000010 0.035945 0.114199 0.032762 0.103239 0.000010
0.000010 0.000010 0.000010 0.000010 0.000010 0.000010 0.000010 0.000010 0.000010 0.999870 0.000010 0.000010 0.000010 0.000010
0.000010 0.000010 0.000010 0.000010 0.000010 0.272573 0.000010 0.340077 0.000010 0.029946 0.000010 0.357303 0.000010 0.000010
0.000010 0.000010 0.000010 0.000010 0.015229 0.000010 0.000010 0.000010 0.000010 0.870862 0.000010 0.000010 0.000010 0.113799
0.000010 0.000010 0.000010 0.000010 0.000010 0.000010 0.000010 0.000010 0.000010 0.999870 0.000010 0.000010 0.000010 0.000010
0.022462 0.000010 0.000010 0.000010 0.000010 0.000010 0.000010 0.000010 0.000010 0.909351 0.000010 0.068077 0.000010 0.000010
0.000010 0.000010 0.000010 0.000010 0.064269 0.057568 0.032463 0.473050 0.000010 0.000010 0.000010 0.244622 0.127948 0.000010
0.000010 0.449844 0.000010 0.000010 0.002999 0.000010 0.251547 0.000010 0.018322 0.000010 0.143354 0.000010 0.133854 0.000010
0.000010 0.537505 0.000010 0.000010 0.032705 0.213957 0.117722 0.000010 0.000010 0.068107 0.000010 0.000010 0.029924 0.000010
0.218968 0.000010 0.031067 0.000010 0.000010 0.000010 0.268638 0.343691 0.000010 0.000010 0.000010 0.000010 0.000010 0.137546
0.500475 0.000010 0.000010 0.017005 0.077185 0.000010 0.000010 0.405234 0.000010 0.000010 0.000010 0.000010 0.000010 0.000010
0.000010 0.072771 0.224862 0.007593 0.000308 0.398651 0.060223 0.070659 0.101106 0.000010 0.022609 0.034396 0.006793 0.000010
0.000010 0.521371 0.000010 0.000010 0.000010 0.000777 0.163311 0.000010 0.023503 0.013382 0.146276 0.000010 0.131309 0.000010
0.000010 0.000010 0.000010 0.000010 0.000010 0.000010 0.000010 0.999870 0.000010 0.000010 0.000010 0.000010 0.000010 0.000010
0.053728 0.000010 0.000010 0.000010 0.190950 0.000010 0.000010 0.755212 0.000010 0.000010 0.000010 0.000010 0.000010 0.000010
0.000010 0.000010 0.000010 0.000010 0.000010 0.000010 0.169452 0.736982 0.000010 0.000010 0.000010 0.000010 0.093456 0.000010
0.000010 0.332229 0.000010 0.000010 0.000010 0.000010 0.667651 0.000010 0.000010 0.000010 0.000010 0.000010 0.000010 0.000010
0.000010 0.518649 0.000010 0.000010 0.000010 0.000010 0.178420 0.000010 0.136926 0.000010 0.165905 0.000010 0.000010 0.000010
0.000010 0.491479 0.000010 0.000010 0.000010 0.261391 0.057107 0.000010 0.041967 0.054293 0.000010 0.093684 0.000010 0.000010
0.000010 0.907232 0.000010 0.053099 0.000010 0.000010 0.000010 0.000010 0.000010 0.000010 0.039559 0.000010 0.000010 0.000010
0.005458 0.000010 0.472998 0.296825 0.053116 0.000010 0.000010 0.171512 0.000010 0.000010 0.000010 0.000010 0.000010 0.000010
0.000010 0.000010 0.000010 0.000010 0.000010 0.000010 0.000010 0.000010 0.883801 0.000010 0.083050 0.000010 0.033039 0.000010
0.000010 0.000010 0.320845 0.180561 0.170232 0.000010 0.140687 0.036866 0.000010 0.010836 0.106401 0.000010 0.033513 0.000010
0.000010 0.000010 0.204559 0.000010 0.000010 0.000010 0.218086 0.000010 0.032176 0.000010 0.474010 0.071080 0.000010 0.000010
0.000010 0.000010 0.789380 0.114218 0.096292 0.000010 0.000010 0.000010 0.000010 0.000010 0.000010 0.000010 0.000010 0.000010
0.000010 0.000010 0.844460 0.088286 0.000010 0.000010 0.067144 0.000010 0.000010 0.000010 0.000010 0.000010 0.000010 0.000010
0.000010 0.000010 0.787716 0.000010 0.083235 0.000010 0.000010 0.097825 0.031124 0.000010 0.000010 0.000010 0.000010 0.000010
0.000010 0.000010 0.839666 0.045635 0.000010 0.000010 0.000010 0.000010 0.114590 0.000010 0.000010 0.000010 0.000010 0.000010
0.051223 0.000010 0.150600 0.002609 0.123034 0.000010 0.000010 0.624625 0.000010 0.000010 0.047829 0.000010 0.000010 0.000010
0.000010 0.000010 0.000010 0.000010 0.000010 0.000010 0.000010 0.000010 0.000010 0.999870 0.000010 0.000010 0.000010 0.000010
0.000010 0.000010 0.000010 0.000010 0.000010 0.000010 0.000010 0.000010 0.000010 0.000010 0.000010 0.999870 0.000010 0.000010
0.000010 0.000010 0.000010 0.019528 0.000010 0.217367 0.369137 0.000010 0.318648 0.000010 0.000010 0.075230 0.000010 0.000010
0.193898 0.000010 0.723257 0.000010 0.018050 0.000010 0.000010 0.000010 0.000010 0.064694 0.000010 0.000010 0.000010 0.000010
0.000010 0.329790 0.000010 0.000010 0.000010 0.549252 0.000010 0.000010 0.033049 0.003348 0.000010 0.040166 0.008915 0.035411
0.000010 0.000010 0.804446 0.015758 0.054503 0.000010 0.000010 0.108635 0.000010 0.016568 0.000010 0.000010 0.000010 0.000010
0.000010 0.133494 0.000010 0.000010 0.000010 0.395190 0.270462 0.000010 0.154212 0.000010 0.000010 0.000010 0.046553 0.000010
0.000010 0.067882 0.000010 0.000010 0.022331 0.299751 0.249350 0.000010 0.143066 0.000010 0.000010 0.000010 0.217304 0.000247
0.000010 0.120478 0.000010 0.004741 0.000010 0.129655 0.000010 0.000010 0.317826 0.000010 0.000010 0.178357 0.248862 0.000010
0.105062 0.081229 0.000010 0.024177 0.026693 0.156488 0.000010 0.215305 0.000010 0.000010 0.009013 0.222963 0.037962 0.121070
0.000010 0.000010 0.000010 0.000010 0.000010 0.000010 0.174353 0.051231 0.266543 0.000010 0.007084 0.015824 0.484886 0.000010
0.000010 0.000010 0.000010 0.000010 0.026062 0.007506 0.062060 0.040102 0.019684 0.000010 0.000010 0.331000 0.513517 0.000010
0.072417 0.000010 0.014388 0.000010 0.000010 0.000010 0.352830 0.560264 0.000010 0.000010 0.000010 0.000010 0.000010 0.000010
0.000010 0.000010 0.143018 0.000010 0.000010 0.000010 0.000010 0.233513 0.000010 0.000010 0.623360 0.000010 0.000010 0.000010
0.041209 0.000010 0.078335 0.037726 0.016890 0.000010 0.077104 0.543705 0.183441 0.021530 0.000010 0.000010 0.000010 0.000010
0.000010 0.000010 0.000010 0.000010 0.000010 0.000010 0.000010 0.000010 0.000010 0.000010 0.999870 0.000010 0.000010 0.000010
0.000010 0.000010 0.000010 0.000010 0.000010 0.000010 0.000010 0.000010 0.000010 0.000010 0.999870 0.000010 0.000010 0.000010
0.000010 0.139284 0.042901 0.019535 0.000010 0.050730 0.000010 0.304206 0.122516 0.000010 0.255497 0.062505 0.002776 0.000010
0.000010 0.000010 0.000010 0.000010 0.000010 0.000010 0.000010 0.000010 0.000010 0.000010 0.999870 0.000010 0.000010 0.000010
0.000010 0.000010 0.000010 0.000010 0.000010 0.000010 0.000010 0.000010 0.617397 0.000010 0.000010 0.000010 0.382483 0.000010
0.000010 0.000010 0.000010 0.000010 0.000010 0.761602 0.191197 0.000010 0.000010 0.000010 0.047091 0.000010 0.000010 0.000010
0.016127 0.000010 0.000010 0.000010 0.004963 0.178683 0.317527 0.000010 0.178378 0.000010 0.000010 0.012114 0.292138 0.000010
0.000010 0.000010 0.303246 0.000010 0.000010 0.000010 0.000010 0.000010 0.696634 0.000010 0.000010 0.000010 0.000010 0.000010
0.000010 0.000010 0.887890 0.000010 0.000010 0.000010 0.000010 0.000010 0.000010 0.000010 0.000010 0.111990 0.000010 0.000010
0.044826 0.000010 0.000010 0.000010 0.000010 0.644359 0.147061 0.000010 0.000010 0.000010 0.142235 0.021430 0.000010 0.000010
0.000010 0.000010 0.000010 0.000010 0.000010 0.000010 0.000010 0.000010 0.916205 0.000010 0.000010 0.000010 0.083675 0.000010
0.000010 0.000010 0.000010 0.000010 0.000010 0.000010 0.000010 0.013287 0.000010 0.344965 0.000010 0.000010 0.000010 0.641638
0.000010 0.000010 0.000010 0.000010 0.046739 0.000010 0.000010 0.000010 0.000010 0.731131 0.000010 0.034367 0.000010 0.187663
0.000010 0.000010 0.000010 0.000010 0.000010 0.000010 0.355915 0.493764 0.000010 0.000010 0.000010 0.000010 0.150211 0.000010
0.000010 0.000010 0.000010 0.000010 0.008508 0.000010 0.000010 0.000010 0.000010 0.699890 0.000010 0.000010 0.000010 0.291492
0.028579 0.022918 0.000010 0.045695 0.000010 0.000010 0.000010 0.000010 0.000010 0.723404 0.001427 0.044310 0.000010 0.133596
0.000010 0.000010 0.138096 0.000010 0.000010 0.054543 0.009824 0.000010 0.001978 0.134843 0.000010 0.054060 0.000010 0.606587
0.012968 0.000010 0.874513 0.000010 0.000010 0.000010 0.051287 0.000010 0.000010 0.000010 0.061132 0.000010 0.000010 0.000010
0.000010 0.000010 0.000010 0.012603 0.000010 0.000010 0.000010 0.072914 0.000010 0.444195 0.000010 0.000010 0.000010 0.470188
0.000010 0.000010 0.000010 0.000010 0.005961 0.061961 0.052327 0.016528 0.000010 0.734973 0.000010 0.000010 0.046688 0.081491
0.162095 0.000010 0.000010 0.028325 0.000010 0.000010 0.000010 0.039608 0.000010 0.584024 0.000010 0.000010 0.000010 0.185859
0.000010 0.094364 0.000010 0.010495 0.000010 0.823082 0.000010 0.000010 0.060959 0.000010 0.000010 0.000010 0.011011 0.000010
0.000010 0.000010 0.000010 0.000010 0.012829 0.903490 0.000010 0.000010 0.000010 0.000010 0.000010 0.000010 0.080528 0.003053
0.312230 0.000010 0.000010 0.000010 0.000010 0.000010 0.000010 0.358216 0.028900 0.000010 0.000010 0.258887 0.041677 0.000010
0.000010 0.090333 0.000010 0.015825 0.000010 0.346106 0.144326 0.098800 0.171400 0.000010 0.000010 0.000010 0.133141 0.000010
0.178640 0.000010 0.000010 0.000010 0.000010 0.000010 0.000010 0.000010 0.000010 0.463555 0.000010 0.000010 0.000010 0.357695
0.059249 0.000010 0.000010 0.009073 0.057223 0.084952 0.060113 0.171719 0.338986 0.000010 0.000010 0.045042 0.143597 0.030006
0.131152 0.000010 0.000010 0.012815 0.000010 0.000010 0.000010 0.049042 0.000010 0.772490 0.034410 0.000010 0.000010 0.000010
0.101590 0.000010 0.017042 0.000010 0.024034 0.000010 0.000010 0.000010 0.000010 0.453610 0.078087 0.000010 0.000010 0.325556
0.074030 0.225515 0.010806 0.017954 0.000010 0.246708 0.148427 0.000010 0.113549 0.000010 0.000010 0.000010 0.162951 0.000010
0.000010 0.000010 0.000010 0.000010 0.000010 0.794895 0.000010 0.000010 0.000010 0.000010 0.105023 0.099972 0.000010 0.000010
0.000010 0.000010 0.000010 0.000010 0.035333 0.000010 0.000010 0.000010 0.000010 0.624699 0.000010 0.102552 0.033841 0.203485
0.000010 0.102923 0.000010 0.000010 0.000010 0.738421 0.000010 0.088652 0.000010 0.000010 0.069904 0.000010 0.000010 0.000010
0.000010 0.000010 0.000010 0.000010 0.000010 0.017396 0.000010 0.600799 0.000010 0.057548 0.000010 0.324157 0.000010 0.000010
0.000010 0.000010 0.000010 0.000010 0.000010 0.000010 0.000010 0.000010 0.000010 0.377949 0.000010 0.000010 0.000010 0.621931
0.154588 0.000010 0.000010 0.000010 0.010166 0.000010 0.000010 0.000010 0.000010 0.572360 0.051020 0.047902 0.000010 0.163885
0.000010 0.000010 0.000010 0.000010 0.000010 0.000010 0.000010 0.000010 0.000010 0.999870 0.000010 0.000010 0.000010 0.000010
0.056217 0.000010 0.006829 0.029407 0.000010 0.000010 0.000010 0.115733 0.678095 0.000010 0.093432 0.020218 0.000010 0.000010
0.000010 0.000010 0.000010 0.000010 0.000010 0.000010 0.000010 0.999869 0.000010 0.000010 0.000011 0.000010 0.000010 0.000010
0.000010 0.220783 0.363564 0.000010 0.000010 0.000010 0.000010 0.000010 0.183705 0.000010 0.160893 0.070965 0.000010 0.000010
0.000010 0.003826 0.034467 0.000010 0.000010 0.294246 0.111183 0.245504 0.134142 0.050142 0.000010 0.000010 0.049278 0.077163
0.000010 0.036305 0.045681 0.000010 0.000010 0.000010 0.062168 0.041444 0.000010 0.206270 0.000010 0.007336 0.000010 0.600726
0.000010 0.000010 0.000010 0.000010 0.000010 0.000010 0.000010 0.000010 0.000010 0.494078 0.110376 0.000010 0.000010 0.395436
0.008085 0.000010 0.000010 0.000010 0.091390 0.000010 0.000010 0.000010 0.000010 0.092546 0.086718 0.018004 0.012694 0.690494
0.000010 0.000010 0.000010 0.021347 0.000010 0.017725 0.000010 0.000010 0.000010 0.387356 0.116281 0.000010 0.000010 0.457201
0.030189 0.000010 0.000010 0.000010 0.000010 0.660422 0.000010 0.000010 0.021774 0.000010 0.287515 0.000010 0.000010 0.000010
0.000010 0.652403 0.000010 0.030344 0.000010 0.000010 0.106924 0.000010 0.155447 0.000010 0.000010 0.054792 0.000010 0.000010
0.064813 0.451870 0.000010 0.029770 0.034559 0.000010 0.364209 0.000010 0.000010 0.000010 0.000010 0.054699 0.000010 0.000010
0.000010 0.519493 0.030141 0.000010 0.000010 0.000010 0.309494 0.000010 0.000010 0.000010 0.140773 0.000010 0.000010 0.000010
0.000010 0.052339 0.262493 0.054152 0.014719 0.000010 0.000010 0.450022 0.057839 0.086567 0.000010 0.000010 0.000010 0.021809
0.000010 0.000010 0.000010 0.000010 0.000010 0.000010 0.000010 0.000010 0.000010 0.748897 0.013537 0.032115 0.000010 0.205350
0.000010 0.000010 0.311308 0.036731 0.000010 0.000010 0.000010 0.651851 0.000010 0.000010 0.000010 0.000010 0.000010 0.000010
0.000010 0.019833 0.286340 0.030890 0.000010 0.138890 0.000010 0.432441 0.009088 0.000010 0.046600 0.000010 0.000010 0.035858
0.000010 0.000010 0.004856 0.009580 0.022901 0.000010 0.005381 0.000010 0.000010 0.249134 0.000010 0.000010 0.087872 0.620205
0.000010 0.000010 0.000010 0.000010 0.000010 0.000010 0.000010 0.000010 0.000010 0.160857 0.035460 0.000010 0.000010 0.803573
0.005109 0.000010 0.000010 0.000010 0.000010 0.026607 0.000010 0.000010 0.000010 0.882673 0.000010 0.000010 0.000010 0.085510
0.000010 0.117937 0.000010 0.072997 0.000010 0.000010 0.000010 0.000010 0.000010 0.213862 0.000010 0.000010 0.000010 0.595104
0.000010 0.374738 0.000010 0.000010 0.000010 0.000010 0.446382 0.000010 0.000010 0.000010 0.000010 0.074047 0.104732 0.000010
0.000010 0.233689 0.000010 0.000010 0.000010 0.169371 0.484069 0.000010 0.000010 0.000010 0.000010 0.000010 0.112771 0.000010
0.000010 0.701852 0.000010 0.000010 0.022193 0.052057 0.009415 0.000010 0.196693 0.000010 0.000010 0.000010 0.000010 0.017711
0.110476 0.000010 0.000010 0.000010 0.000010 0.000010 0.000010 0.000010 0.000010 0.171673 0.000010 0.006983 0.000010 0.710768
0.000010 0.999870 0.000010 0.000010 0.000010 0.000010 0.000010 0.000010 0.000010 0.000010 0.000010 0.000010 0.000010 0.000010
0.000010 0.565968 0.000010 0.000010 0.033986 0.000011 0.182287 0.000010 0.196018 0.000010 0.000010 0.000010 0.000010 0.021650
0.000010 0.000010 0.000010 0.016353 0.000010 0.201629 0.309466 0.014710 0.244844 0.000010 0.000010 0.000010 0.212918 0.000010
0.000010 0.000010 0.000010 0.000010 0.000010 0.000010 0.000010 0.000010 0.000010 0.288967 0.000010 0.000010 0.032090 0.678833
0.000010 0.000010 0.000010 0.000010 0.000010 0.000010 0.000010 0.000010 0.000010 0.838565 0.000010 0.000010 0.000010 0.161315
0.005291 0.000010 0.000010 0.000010 0.000010 0.000010 0.000010 0.000010 0.040363 0.142767 0.001318 0.000010 0.043279 0.766903
0.172853 0.000010 0.000010 0.000010 0.000010 0.000010 0.000010 0.000010 0.000010 0.302777 0.000010 0.077816 0.000010 0.446454
0.173473 0.000010 0.000010 0.000010 0.000010 0.000010 0.000010 0.035343 0.018642 0.285678 0.023472 0.000010 0.000010 0.463312
0.000010 0.000010 0.000010 0.017216 0.000010 0.000010 0.000010 0.070990 0.000010 0.332867 0.000010 0.000010 0.048448 0.530389
0.090946 0.000010 0.000010 0.000010 0.000010 0.000010 0.000010 0.000010 0.000010 0.371519 0.000010 0.000010 0.000010 0.537425
0.050301 0.000010 0.000010 0.015093 0.030791 0.000010 0.011003 0.000010 0.000010 0.254959 0.053615 0.000010 0.000010 0.584168
0.000010 0.000010 0.278014 0.000010 0.000010 0.131689 0.000010 0.000010 0.022228 0.000010 0.088858 0.000010 0.479121 0.000010
0.000010 0.000010 0.000010 0.000010 0.000010 0.000010 0.369619 0.000010 0.570371 0.000010 0.000010 0.000010 0.059900 0.000010
0.000010 0.000010 0.000010 0.009468 0.000010 0.000010 0.000010 0.000010 0.030331 0.123745 0.000010 0.000010 0.000010 0.836356
0.000010 0.000010 0.000010 0.000010 0.098392 0.004225 0.000010 0.000010 0.000010 0.090322 0.000010 0.000010 0.000010 0.806961
0.000010 0.758196 0.000010 0.000010 0.000010 0.000010 0.000010 0.000010 0.133814 0.107880 0.000010 0.000010 0.000010 0.000010
0.000010 0.523827 0.000010 0.000010 0.000010 0.000010 0.271404 0.000010 0.000010 0.000010 0.165090 0.039579 0.000010 0.000010
0.000010 0.308972 0.000010 0.019628 0.000010 0.000010 0.578597 0.000010 0.067790 0.000010 0.000010 0.024922 0.000010 0.000010
0.730278 0.000010 0.000010 0.000010 0.000010 0.123902 0.000010 0.000010 0.000010 0.145710 0.000010 0.000010 0.000010 0.000010
0.000010 0.000010 0.000010 0.000010 0.000010 0.000010 0.000010 0.000010 0.000010 0.000010 0.000010 0.999870 0.000010 0.000010
0.000010 0.000010 0.000010 0.000010 0.000010 0.000010 0.000010 0.000010 0.000010 0.000010 0.000010 0.579221 0.420659 0.000010
0.000010 0.000010 0.000010 0.000010 0.055571 0.000010 0.000010 0.000010 0.000010 0.656340 0.000010 0.000010 0.000010 0.287980
0.000010 0.000010 0.000010 0.000010 0.173826 0.000010 0.131798 0.165264 0.000010 0.136045 0.000010 0.347705 0.045281 0.000010
0.000010 0.000010 0.000010 0.000010 0.044760 0.000010 0.137702 0.046863 0.035402 0.000010 0.000010 0.569124 0.166069 0.000010
0.166841 0.000010 0.000010 0.000010 0.000010 0.000010 0.000010 0.000010 0.000010 0.833039 0.000010 0.000010 0.000010 0.000010
0.000010 0.000010 0.000010 0.000010 0.056541 0.000010 0.000010 0.098070 0.000010 0.101858 0.743431 0.000010 0.000010 0.000010
0.000010 0.139930 0.020304 0.000010 0.000010 0.247079 0.310120 0.133517 0.000010 0.000010 0.148970 0.000010 0.000010 0.000010
0.000010 0.000010 0.000010 0.000010 0.000010 0.000010 0.000010 0.000010 0.000010 0.000010 0.989026 0.000010 0.010854 0.000010
0.000010 0.000010 0.000010 0.000010 0.000010 0.000010 0.000010 0.000010 0.999870 0.000010 0.000010 0.000010 0.000010 0.000010
0.000010 0.002093 0.000010 0.000010 0.054974 0.354174 0.065315 0.081664 0.048653 0.000010 0.000010 0.393058 0.000010 0.000010
0.000010 0.048813 0.205914 0.033850 0.000010 0.000010 0.000010 0.158164 0.190124 0.000010 0.111302 0.000010 0.000010 0.251763
0.000010 0.000010 0.000010 0.000010 0.000010 0.999870 0.000010 0.000010 0.000010 0.000010 0.000010 0.000010 0.000010 0.000010
0.000010 0.081196 0.000010 0.000010 0.000010 0.155337 0.000010 0.661570 0.089134 0.000010 0.000010 0.000010 0.012672 0.000010
0.172261 0.000010 0.000010 0.000010 0.056820 0.000010 0.000010 0.000010 0.000010 0.770809 0.000010 0.000010 0.000010 0.000010
0.000010 0.040923 0.000010 0.065713 0.077063 0.180020 0.023103 0.000010 0.031049 0.000010 0.000010 0.582060 0.000010 0.000010
0.000010 0.000010 0.000010 0.000010 0.000010 0.000010 0.000010 0.000010 0.000010 0.000010 0.999870 0.000010 0.000010 0.000010
0.000010 0.000010 0.000010 0.141952 0.000010 0.000010 0.000010 0.000010 0.000010 0.000010 0.857928 0.000010 0.000010 0.000010
0.410984 0.000010 0.526951 0.000010 0.000010 0.019407 0.000010 0.000010 0.000010 0.042558 0.000010 0.000010 0.000010 0.000010
0.009946 0.000010 0.000010 0.000010 0.017140 0.000010 0.119541 0.035885 0.000010 0.002069 0.000010 0.765431 0.000010 0.049918
0.000010 0.000010 0.054247 0.000010 0.000010 0.636904 0.068406 0.000010 0.000010 0.122020 0.046658 0.000010 0.071685 0.000010
0.000010 0.014381 0.079385 0.000010 0.013957 0.579032 0.155853 0.000010 0.000010 0.051661 0.086211 0.000010 0.000010 0.019460
0.000010 0.000010 0.000010 0.000010 0.000010 0.000010 0.000010 0.369331 0.002382 0.000010 0.000010 0.000010 0.628177 0.000010
0.025314 0.128463 0.000010 0.000010 0.010087 0.000010 0.000010 0.531932 0.177968 0.000010 0.000010 0.000010 0.126157 0.000010
0.000010 0.000010 0.000010 0.000010 0.000010 0.000010 0.000010 0.000010 0.000010 0.000010 0.000010 0.000010 0.999870 0.000010
0.000010 0.000010 0.000010 0.000010 0.000010 0.000010 0.000010 0.000010 0.000010 0.000010 0.000010 0.000010 0.999870 0.000010
0.000010 0.000010 0.000010 0.000010 0.000010 0.000010 0.000010 0.000010 0.000010 0.000010 0.000010 0.000010 0.999870 0.000010
0.000010 0.000010 0.000010 0.000010 0.000010 0.913035 0.000010 0.000010 0.000010 0.000010 0.086845 0.000010 0.000010 0.000010
0.000010 0.000010 0.000010 0.000010 0.010150 0.000010 0.000010 0.000010 0.146063 0.000010 0.000010 0.589615 0.254072 0.000010
0.000010 0.000010 0.000010 0.000010 0.000010 0.000010 0.000010 0.000010 0.000010 0.000010 0.999870 0.000010 0.000010 0.000010
0.042805 0.032816 0.000010 0.000010 0.034934 0.516329 0.042938 0.000010 0.003879 0.003343 0.174273 0.000010 0.148634 0.000010
0.000010 0.000010 0.000010 0.000010 0.000010 0.000010 0.000010 0.000010 0.000010 0.000010 0.000010 0.999870 0.000010 0.000010
0.065962 0.000010 0.000010 0.000010 0.000010 0.648805 0.000010 0.000010 0.000010 0.000010 0.149084 0.000010 0.136049 0.000010
0.000010 0.000010 0.000010 0.000010 0.000010 0.000010 0.000010 0.000010 0.000010 0.000010 0.000010 0.999870 0.000010 0.000010
0.000010 0.000010 0.138796 0.000010 0.000010 0.000010 0.000010 0.180087 0.000010 0.000010 0.132086 0.063857 0.000010 0.485084
0.000010 0.335805 0.000010 0.000010 0.000010 0.602112 0.000010 0.000010 0.000010 0.000010 0.000010 0.061973 0.000010 0.000010
0.000010 0.000010 0.000010 0.000010 0.007507 0.580059 0.163544 0.000010 0.008963 0.000010 0.021285 0.218562 0.000010 0.000010
0.000010 0.000010 0.136488 0.000010 0.000010 0.797804 0.014033 0.051574 0.000010 0.000010 0.000010 0.000010 0.000010 0.000010
0.000010 0.000010 0.142251 0.000010 0.000010 0.241377 0.000010 0.000010 0.000010 0.000010 0.018233 0.000010 0.000010 0.598039
0.017520 0.061353 0.000010 0.000010 0.000010 0.056753 0.038037 0.000010 0.615475 0.000010 0.000010 0.000010 0.210782 0.000010
0.000010 0.000010 0.000010 0.000010 0.000010 0.127545 0.000010 0.000010 0.800393 0.000010 0.024885 0.000010 0.000010 0.047077
0.000010 0.097232 0.211037 0.000010 0.041863 0.165697 0.000010 0.036760 0.174134 0.000010 0.273206 0.000010 0.000010 0.000010
0.069785 0.071402 0.000010 0.016044 0.024972 0.562501 0.118040 0.072023 0.000010 0.000010 0.065174 0.000010 0.000010 0.000010
0.013293 0.000010 0.048699 0.000010 0.028398 0.000010 0.024074 0.041242 0.000010 0.588572 0.000010 0.000010 0.000010 0.255653
0.010198 0.000010 0.000010 0.000010 0.051634 0.000010 0.000010 0.000010 0.000010 0.611630 0.000010 0.000010 0.035380 0.291069
0.013603 0.000010 0.064762 0.000010 0.089186 0.027200 0.038136 0.042916 0.451117 0.029407 0.000010 0.142232 0.101400 0.000010
0.000010 0.000010 0.014885 0.025338 0.000010 0.000010 0.051058 0.011149 0.000010 0.412307 0.000010 0.000010 0.000010 0.485184
0.000010 0.000010 0.000010 0.016260 0.022948 0.021427 0.000010 0.034299 0.000010 0.000010 0.097588 0.133042 0.000010 0.674366
0.000010 0.000010 0.000010 0.000010 0.000010 0.000010 0.000010 0.000010 0.720403 0.000010 0.159523 0.000010 0.119964 0.000010
0.008491 0.000010 0.056164 0.005265 0.000010 0.000010 0.057082 0.109853 0.000010 0.000010 0.000010 0.000010 0.000010 0.763065
0.150684 0.000010 0.000010 0.000010 0.038798 0.203512 0.000010 0.269111 0.134973 0.045542 0.000010 0.143753 0.000010 0.013567
0.000010 0.023195 0.000010 0.000010 0.000010 0.643590 0.042628 0.000010 0.079012 0.000010 0.063827 0.033999 0.113679 0.000010
0.000010 0.000010 0.035665 0.000010 0.046922 0.177276 0.000010 0.454411 0.083683 0.000010 0.201964 0.000010 0.000010 0.000010
0.000010 0.000010 0.000010 0.000010 0.059699 0.003088 0.060167 0.029597 0.006124 0.000010 0.094430 0.000010 0.000010 0.746825
0.000010 0.019096 0.000010 0.000010 0.000010 0.000010 0.000010 0.097232 0.000010 0.000010 0.000010 0.822990 0.060581 0.000010
0.006127 0.000010 0.000010 0.000010 0.000010 0.230319 0.004233 0.007237 0.145300 0.000010 0.000010 0.606705 0.000010 0.000010
0.000010 0.000010 0.000010 0.000010 0.000010 0.366056 0.284219 0.000010 0.243010 0.000010 0.000010 0.000010 0.106615 0.000010
0.000010 0.000010 0.000010 0.027320 0.000010 0.553105 0.298590 0.073609 0.000010 0.018564 0.000010 0.028732 0.000010 0.000010
0.000010 0.401023 0.000010 0.000010 0.000010 0.066792 0.371333 0.017521 0.000010 0.000010 0.000010 0.000010 0.143241 0.000010
0.000010 0.163514 0.000010 0.000010 0.000010 0.288167 0.000010 0.049581 0.110688 0.000010 0.040827 0.182754 0.164399 0.000010
0.027240 0.203532 0.000010 0.000010 0.000010 0.380136 0.000010 0.025184 0.116341 0.000010 0.086545 0.032818 0.000010 0.128144
0.066508 0.000010 0.000010 0.047207 0.000010 0.423099 0.006376 0.000010 0.235849 0.000010 0.000010 0.161024 0.059867 0.000010
0.000010 0.312680 0.000010 0.000010 0.000010 0.108119 0.579091 0.000010 0.000010 0.000010 0.000010 0.000010 0.000010 0.000010
0.000010 0.851347 0.000010 0.000010 0.000010 0.000010 0.041442 0.000010 0.107101 0.000010 0.000010 0.000010 0.000010 0.000010
0.062767 0.000010 0.017667 0.000010 0.007124 0.001693 0.000017 0.184437 0.000010 0.000010 0.083184 0.000010 0.000010 0.643051
0.000010 0.018986 0.086245 0.000010 0.000010 0.099035 0.112737 0.000010 0.014088 0.000010 0.047841 0.000010 0.000010 0.620998
