0.443465 0.000010 0.009847 0.482642 0.064026 0.000010
0.700923 0.054436 0.000010 0.000010 0.000010 0.244611
0.000010 0.012457 0.000010 0.000010 0.000010 0.987503
0.062744 0.212496 0.004048 0.038321 0.005233 0.677157
0.078654 0.306710 0.000010 0.000010 0.000010 0.614606
0.022608 0.230318 0.000010 0.000010 0.000010 0.747044
0.071252 0.089729 0.000010 0.000010 0.000010 0.838989
0.032218 0.000019 0.080159 0.000010 0.034945 0.852649
0.173513 0.110222 0.153814 0.530003 0.032438 0.000010
0.907869 0.000010 0.000010 0.000010 0.092091 0.000010
0.000010 0.000014 0.999946 0.000010 0.000010 0.000010
0.217901 0.011996 0.494493 0.008538 0.000010 0.267063
0.103234 0.000010 0.896726 0.000010 0.000010 0.000010
0.000010 0.044366 0.955594 0.000010 0.000010 0.000010
0.069572 0.000010 0.930388 0.000010 0.000010 0.000010
0.894056 0.000010 0.000010 0.000010 0.000010 0.105904
0.011133 0.095423 0.003655 0.000010 0.000010 0.889769
0.085445 0.000010 0.564772 0.210436 0.000010 0.139328
0.000010 0.073955 0.123377 0.163021 0.173971 0.465666
0.000010 0.118134 0.091479 0.376497 0.337288 0.076592
0.000010 0.141897 0.033386 0.000010 0.000010 0.824687
0.000010 0.000010 0.999950 0.000010 0.000010 0.000010
0.000010 0.000010 0.999950 0.000010 0.000010 0.000010
0.053185 0.119094 0.032265 0.000010 0.000010 0.795436
0.000010 0.000010 0.999950 0.000010 0.000010 0.000010
0.059147 0.085293 0.015772 0.000010 0.010206 0.829573
0.000010 0.110936 0.000010 0.000010 0.041289 0.847745
0.000010 0.999950 0.000010 0.000010 0.000010 0.000010
0.004311 0.094726 0.026073 0.000010 0.000010 0.874870
0.000010 0.000010 0.000010 0.000010 0.000010 0.999950
0.121512 0.113722 0.000010 0.048517 0.000010 0.716228
0.270592 0.175755 0.000010 0.000010 0.000010 0.553623
0.170955 0.000010 0.052482 0.638639 0.000010 0.137904
0.103490 0.125801 0.000010 0.000010 0.015164 0.755525
0.000010 0.000010 0.000010 0.000010 0.000010 0.999950
0.144733 0.000010 0.000010 0.464797 0.336541 0.053909
0.000010 0.890284 0.000010 0.000010 0.000010 0.109676
0.388451 0.105019 0.000010 0.000010 0.000010 0.506500
0.040957 0.069088 0.020051 0.572008 0.000010 0.297885
0.053211 0.256759 0.012176 0.061848 0.000010 0.615997
0.000010 0.294549 0.000010 0.524292 0.181128 0.000010
0.184946 0.174591 0.000010 0.000010 0.010018 0.630425
0.551129 0.171628 0.074427 0.110293 0.092513 0.000010
0.197516 0.000010 0.000010 0.000010 0.000010 0.802444
0.000010 0.202902 0.000010 0.486717 0.184244 0.126117
0.000010 0.000010 0.999950 0.000010 0.000010 0.000010
0.000010 0.000010 0.999950 0.000010 0.000010 0.000010
0.083236 0.227589 0.015087 0.000010 0.000010 0.674068
0.000010 0.000010 0.999950 0.000010 0.000010 0.000010
0.000010 0.000010 0.825507 0.174453 0.000010 0.000010
0.000010 0.000010 0.999950 0.000010 0.000010 0.000010
0.000010 0.000010 0.841424 0.137039 0.000010 0.021506
0.000010 0.000010 0.999947 0.000013 0.000010 0.000010
0.424094 0.108246 0.084778 0.258061 0.000010 0.124812
0.000010 0.130163 0.400806 0.469001 0.000010 0.000010
0.000010 0.000010 0.999950 0.000010 0.000010 0.000010
0.000010 0.000010 0.999950 0.000010 0.000010 0.000010
0.335855 0.000010 0.083975 0.171849 0.361967 0.046344
0.000010 0.290552 0.000010 0.000010 0.000010 0.709408
0.313254 0.000010 0.132349 0.096284 0.458094 0.000010
0.000010 0.000019 0.999941 0.000010 0.000010 0.000010
0.000010 0.053312 0.608790 0.337868 0.000010 0.000010
0.001272 0.040089 0.496376 0.409786 0.013689 0.038789
0.745243 0.254714 0.000010 0.000010 0.000013 0.000010
0.000010 0.054450 0.945510 0.000010 0.000010 0.000010
0.718429 0.262464 0.000010 0.000010 0.019077 0.000010
0.089581 0.000010 0.203173 0.653549 0.036138 0.017549
0.000010 0.000010 0.178804 0.821156 0.000010 0.000010
0.000010 0.000010 0.461768 0.432386 0.028787 0.077039
0.550359 0.175587 0.079825 0.114581 0.058440 0.021209
0.477776 0.069165 0.000010 0.000010 0.049052 0.403987
0.349608 0.300638 0.018892 0.330841 0.000010 0.000010
0.468897 0.037522 0.050545 0.372548 0.000010 0.070478
0.312854 0.061194 0.000010 0.491531 0.000010 0.134401
0.000010 0.237724 0.148787 0.398034 0.215435 0.000010
0.000010 0.088573 0.000010 0.000010 0.000010 0.911387
0.000010 0.353859 0.002040 0.025477 0.000010 0.618603
0.576033 0.423927 0.000010 0.000010 0.000010 0.000010
0.585159 0.370928 0.043884 0.000010 0.000010 0.000010
0.000010 0.000010 0.190066 0.711949 0.082374 0.015591
0.000010 0.392858 0.010151 0.140391 0.000010 0.456580
0.101115 0.096392 0.240054 0.507919 0.054510 0.000010
0.598017 0.022973 0.000010 0.024269 0.000010 0.354721
0.025120 0.000010 0.148961 0.738575 0.083297 0.004037
0.189431 0.016501 0.174471 0.521324 0.098264 0.000010
0.000991 0.368342 0.000010 0.221758 0.000010 0.408889
0.021011 0.036994 0.000010 0.870807 0.071168 0.000010
0.103048 0.000010 0.249825 0.537040 0.067287 0.042790
0.000010 0.000010 0.153421 0.765079 0.081470 0.000010
0.087370 0.025916 0.000010 0.886685 0.000010 0.000010
0.185719 0.177105 0.000010 0.548619 0.000010 0.088537
0.231240 0.017376 0.000010 0.751354 0.000010 0.000010
0.294950 0.000010 0.000010 0.078493 0.599887 0.026650
0.525705 0.365423 0.000010 0.065920 0.042931 0.000010
0.140967 0.178277 0.000010 0.205133 0.000010 0.475603
0.459408 0.165955 0.000010 0.291817 0.000010 0.082801
0.635539 0.087701 0.005422 0.036196 0.000010 0.235132
0.225610 0.224413 0.000010 0.161539 0.236028 0.152400
0.102904 0.017301 0.211086 0.524942 0.143757 0.000010
0.117748 0.031264 0.023781 0.000010 0.000010 0.827187
0.000010 0.347343 0.000010 0.000010 0.000010 0.652617
0.000010 0.030985 0.000108 0.033838 0.086495 0.848564
0.000010 0.159241 0.011256 0.003255 0.000010 0.826228
0.013130 0.075776 0.000010 0.000010 0.049211 0.861863
0.000010 0.320228 0.000010 0.000010 0.000010 0.679732
0.000010 0.080332 0.000010 0.000010 0.031064 0.888574
0.761534 0.187785 0.000010 0.017080 0.033582 0.000010
0.000010 0.000010 0.999950 0.000010 0.000010 0.000010
0.079083 0.271059 0.024655 0.579617 0.020527 0.025058
0.000010 0.000010 0.097648 0.164152 0.604596 0.133584
0.000010 0.000010 0.999950 0.000010 0.000010 0.000010
0.000010 0.000010 0.923613 0.076347 0.000010 0.000010
0.000010 0.000010 0.999950 0.000010 0.000010 0.000010
0.000010 0.118634 0.247763 0.573995 0.000010 0.059587
0.000010 0.000010 0.486778 0.319587 0.094095 0.099519
0.381779 0.408577 0.094258 0.000010 0.115366 0.000010
0.261875 0.000010 0.000010 0.021349 0.716746 0.000010
0.668037 0.258874 0.000010 0.000010 0.073059 0.000010
0.000010 0.000010 0.999950 0.000010 0.000010 0.000010
0.342013 0.000010 0.000010 0.000010 0.657947 0.000010
0.076274 0.047937 0.000010 0.021868 0.048548 0.805363
0.245886 0.000010 0.000010 0.165255 0.503725 0.085114
0.000010 0.046875 0.000010 0.953085 0.000010 0.000010
0.023744 0.084869 0.000010 0.287196 0.532674 0.071507
0.000010 0.202083 0.000010 0.776723 0.000010 0.021163
0.501516 0.189773 0.119653 0.020469 0.168578 0.000010
0.214868 0.644577 0.025085 0.102222 0.000010 0.013238
0.417902 0.163009 0.024644 0.147364 0.000010 0.247070
0.456424 0.502103 0.000010 0.000010 0.000010 0.041443
0.058579 0.104372 0.200270 0.315501 0.099727 0.221551
0.576126 0.423834 0.000010 0.000010 0.000010 0.000010
0.480593 0.179900 0.035690 0.000010 0.043443 0.260363
0.777251 0.152483 0.002698 0.067548 0.000010 0.000010
0.236691 0.176481 0.000010 0.001808 0.377510 0.207499
0.166079 0.555251 0.000010 0.115647 0.000010 0.163004
0.000010 0.182567 0.099899 0.588841 0.128673 0.000010
0.427353 0.221403 0.008512 0.278917 0.063805 0.000010
0.084106 0.012311 0.097203 0.626732 0.179638 0.000010
0.000010 0.133048 0.033998 0.832924 0.000010 0.000010
0.132996 0.175418 0.031725 0.434051 0.000010 0.225800
0.185621 0.104864 0.000010 0.022414 0.000010 0.687081
0.000010 0.083932 0.000010 0.000010 0.000010 0.916028
0.021750 0.000010 0.094612 0.525383 0.338533 0.019711
0.005665 0.000010 0.000010 0.000010 0.994295 0.000010
0.000010 0.000010 0.050920 0.567611 0.314703 0.066746
0.000010 0.206976 0.010231 0.707304 0.050562 0.024917
0.062204 0.146807 0.000010 0.233635 0.557334 0.000010
0.663320 0.000010 0.051409 0.093262 0.024300 0.167699
0.087149 0.000010 0.000010 0.000010 0.869960 0.042861
0.818561 0.000010 0.010222 0.101636 0.041394 0.028176
0.330018 0.041362 0.011328 0.260458 0.263994 0.092841
0.082189 0.000010 0.000010 0.000010 0.917771 0.000010
0.000010 0.237776 0.000010 0.000010 0.024393 0.737801
0.634492 0.225883 0.000596 0.000010 0.000010 0.139009
0.434622 0.343981 0.051985 0.148658 0.000010 0.020743
0.068710 0.146542 0.000010 0.000010 0.000010 0.784718
0.215626 0.391956 0.096191 0.296207 0.000010 0.000010
0.178068 0.124614 0.000010 0.000010 0.087490 0.609807
0.170932 0.104405 0.010263 0.000010 0.000010 0.714380
0.999950 0.000010 0.000010 0.000010 0.000010 0.000010
0.000010 0.000010 0.000010 0.000010 0.999950 0.000010
0.552195 0.000010 0.000010 0.389119 0.043292 0.015374
0.000010 0.000010 0.000010 0.000010 0.999950 0.000010
0.000010 0.000010 0.000010 0.000010 0.999950 0.000010
0.000010 0.000010 0.000010 0.000010 0.999950 0.000010
0.267464 0.098150 0.072258 0.366562 0.064399 0.131166
0.089674 0.176554 0.034828 0.000010 0.000010 0.698924
0.079318 0.117170 0.000010 0.046422 0.000010 0.757069
0.075793 0.000685 0.000010 0.000010 0.067163 0.856339
0.107957 0.073782 0.208882 0.477938 0.020377 0.111063
0.000010 0.079022 0.097501 0.438516 0.196507 0.188445
0.000010 0.003763 0.057846 0.677895 0.242921 0.017564
0.000010 0.000010 0.140397 0.560417 0.266562 0.032605
0.013850 0.046791 0.000010 0.809260 0.085188 0.044901
0.000010 0.000010 0.098780 0.676426 0.103377 0.121397
0.330096 0.125761 0.057031 0.183557 0.000010 0.303544
0.122294 0.111031 0.000010 0.000010 0.004104 0.762552
0.060582 0.076506 0.077132 0.785759 0.000010 0.000010
0.646267 0.003630 0.020108 0.052186 0.277799 0.000010
0.064140 0.180531 0.100220 0.458699 0.000010 0.196400
0.000010 0.032727 0.046729 0.770623 0.083570 0.066343
0.855316 0.000010 0.000010 0.000010 0.000010 0.144644
0.018474 0.250294 0.000010 0.000010 0.000010 0.731202
0.000010 0.137838 0.000010 0.000010 0.000010 0.862122
0.237661 0.039887 0.000010 0.014016 0.041325 0.667101
0.391651 0.109620 0.074929 0.019773 0.000010 0.404017
0.023985 0.000010 0.063780 0.000010 0.000010 0.912205
0.137265 0.092341 0.000010 0.000010 0.000010 0.770364
0.000010 0.054829 0.458708 0.470405 0.000010 0.016039
0.359566 0.603886 0.000010 0.000010 0.000010 0.036518
0.000010 0.000010 0.000010 0.000869 0.000010 0.999091
0.143023 0.048518 0.399554 0.302597 0.016423 0.089885
0.390369 0.089544 0.018527 0.158262 0.000010 0.343288
0.000010 0.000010 0.248725 0.643320 0.059595 0.048341
0.000010 0.026729 0.225911 0.590242 0.004311 0.152797
0.000010 0.085134 0.138327 0.699849 0.076670 0.000010
0.130973 0.868987 0.000010 0.000010 0.000010 0.000010
0.077685 0.062185 0.201450 0.658660 0.000010 0.000010
0.000010 0.000010 0.115948 0.828948 0.055074 0.000010
0.000010 0.000010 0.000010 0.000010 0.999950 0.000010
0.779867 0.116483 0.000010 0.000010 0.050423 0.053206
0.436098 0.407171 0.034234 0.060767 0.000010 0.061719
0.037856 0.000010 0.114366 0.631925 0.215833 0.000010
0.472546 0.045742 0.000010 0.000010 0.058509 0.423182
0.025629 0.000010 0.184838 0.655606 0.053488 0.080428
0.069468 0.003172 0.039872 0.039010 0.572295 0.276182
0.340563 0.220224 0.000010 0.000010 0.000010 0.439183
0.405568 0.319898 0.033577 0.000010 0.009602 0.231346
0.492633 0.395477 0.018484 0.003462 0.000010 0.089933
0.391197 0.126459 0.000010 0.016122 0.000010 0.466202
0.721012 0.000010 0.068824 0.000010 0.210134 0.000010
0.456376 0.000010 0.053728 0.383176 0.065715 0.040995
0.000010 0.028285 0.023382 0.653552 0.253643 0.041128
0.000010 0.053389 0.000010 0.000010 0.033262 0.913319
0.421258 0.543650 0.000010 0.035063 0.000010 0.000010
0.673934 0.326026 0.000010 0.000010 0.000010 0.000010
0.595811 0.329939 0.056001 0.018229 0.000010 0.000010
0.000010 0.223984 0.000010 0.648663 0.000010 0.127323
0.413138 0.000010 0.000010 0.465907 0.000010 0.120925
0.000010 0.308909 0.014557 0.633366 0.043149 0.000010
0.597399 0.030360 0.133852 0.000010 0.043882 0.194497
0.513416 0.016805 0.050607 0.207509 0.048496 0.163166
0.547763 0.000010 0.000010 0.303815 0.000010 0.148392
0.507644 0.109353 0.022386 0.360598 0.000010 0.000010
0.302673 0.030262 0.000010 0.299086 0.097992 0.269976
0.273593 0.704247 0.000010 0.000010 0.022130 0.000010
0.613927 0.060669 0.000010 0.000010 0.000010 0.325374
0.318292 0.465217 0.027277 0.017759 0.000010 0.171445
0.197140 0.425782 0.000010 0.377047 0.000010 0.000010
0.090986 0.024879 0.000010 0.884105 0.000010 0.000010
0.000010 0.000010 0.043708 0.236719 0.719542 0.000010
0.098336 0.000010 0.091756 0.671654 0.000010 0.138235
0.000010 0.000010 0.000722 0.325261 0.673988 0.000010
0.565383 0.012502 0.000010 0.087753 0.000010 0.334342
0.000010 0.006373 0.285871 0.561692 0.146044 0.000010
0.620725 0.077101 0.000010 0.042623 0.010114 0.249427
0.920097 0.000010 0.000010 0.000010 0.079863 0.000010
0.974720 0.000010 0.000010 0.000010 0.025240 0.000010
0.372582 0.144134 0.000010 0.003368 0.016489 0.463417
0.163639 0.745251 0.000010 0.000010 0.000010 0.091079
0.072203 0.000010 0.034906 0.063711 0.829160 0.000010
0.000010 0.000010 0.065468 0.000010 0.903935 0.030567
0.057201 0.233121 0.107012 0.279648 0.000010 0.323008
0.000010 0.013017 0.010495 0.000010 0.976458 0.000010
0.035949 0.000010 0.040587 0.042470 0.879206 0.001778
0.083990 0.000010 0.009793 0.125621 0.567712 0.212873
0.011202 0.000010 0.141522 0.592156 0.068942 0.186168
0.055538 0.000010 0.005685 0.047774 0.857310 0.033682
0.069511 0.037434 0.047586 0.000010 0.841524 0.003936
0.000010 0.008472 0.050154 0.059921 0.864342 0.017101
0.000010 0.000010 0.000010 0.000010 0.999950 0.000010
0.000010 0.109102 0.000010 0.890858 0.000010 0.000010
0.746328 0.041007 0.000010 0.000010 0.000010 0.212635
0.934405 0.000010 0.000010 0.000010 0.065555 0.000010
0.000010 0.166435 0.113892 0.683969 0.000010 0.035684
0.350950 0.072568 0.000010 0.444144 0.132319 0.000010
0.273463 0.241041 0.000010 0.138797 0.000865 0.345825
0.005933 0.045017 0.000010 0.000010 0.918031 0.030999
0.075333 0.000010 0.000010 0.058100 0.866537 0.000010
0.136264 0.411947 0.002129 0.281621 0.006113 0.161926
0.220824 0.168764 0.000010 0.000010 0.479409 0.130983
0.000010 0.000010 0.014960 0.110835 0.874175 0.000010
0.000010 0.071025 0.000010 0.000010 0.928935 0.000010
0.000010 0.000010 0.046223 0.001596 0.952151 0.000010
0.059880 0.000010 0.053154 0.054058 0.751329 0.081569
0.291263 0.243065 0.013758 0.000010 0.056234 0.395671
0.999950 0.000010 0.000010 0.000010 0.000010 0.000010
0.084821 0.038105 0.000010 0.048353 0.828701 0.000010
0.611495 0.011118 0.000010 0.075312 0.000010 0.302055
0.453954 0.035900 0.049106 0.238141 0.088359 0.134540
0.267989 0.009946 0.000010 0.549822 0.172223 0.000010
0.000010 0.000010 0.000010 0.379610 0.620350 0.000010
0.479665 0.000010 0.027804 0.247523 0.082714 0.162284
0.000010 0.109954 0.000010 0.807294 0.016424 0.066308
0.582903 0.152042 0.006074 0.128288 0.044292 0.086401
0.051512 0.000010 0.040633 0.018725 0.889110 0.000010
0.129925 0.000010 0.023372 0.000010 0.846673 0.000010
0.000010 0.000010 0.000010 0.000010 0.999950 0.000010
0.002558 0.000010 0.044845 0.012862 0.939716 0.000010
0.205214 0.434515 0.000010 0.279391 0.023329 0.057541
0.199070 0.148061 0.026289 0.357046 0.000010 0.269524
0.301931 0.357235 0.000010 0.000010 0.000010 0.340804
0.430289 0.207227 0.031640 0.000010 0.078367 0.252468
0.327771 0.170267 0.000010 0.000010 0.000010 0.501933
0.708356 0.000010 0.028343 0.263272 0.000010 0.000010
0.259677 0.151840 0.000010 0.252755 0.079861 0.255856
0.335541 0.211642 0.000010 0.372329 0.000010 0.080468
0.727927 0.000010 0.000010 0.272033 0.000010 0.000010
0.000487 0.000010 0.000010 0.999473 0.000010 0.000010
0.855970 0.037413 0.000010 0.048341 0.011889 0.046377
0.000010 0.000010 0.000010 0.142093 0.680624 0.177253
0.102238 0.000010 0.000010 0.010508 0.887224 0.000010
0.000010 0.052196 0.027427 0.099018 0.714681 0.106667
0.594490 0.000010 0.027308 0.000010 0.000010 0.378172
0.000010 0.000010 0.000010 0.064705 0.935255 0.000010
0.103924 0.000010 0.011375 0.000010 0.884671 0.000010
0.826130 0.000010 0.000010 0.000010 0.000010 0.173830
0.047238 0.142446 0.000010 0.000010 0.000010 0.810286
0.201541 0.155036 0.060161 0.000010 0.010125 0.573127
0.029885 0.122306 0.000010 0.000010 0.000010 0.847779
0.000010 0.079058 0.175387 0.588935 0.059348 0.097262
0.301202 0.058484 0.000010 0.197662 0.406131 0.036510
0.008723 0.000605 0.000010 0.000010 0.990642 0.000010
0.000010 0.000010 0.160210 0.833171 0.000010 0.006589
0.096314 0.006871 0.114011 0.606858 0.000010 0.175935
0.035738 0.000010 0.053024 0.069957 0.841262 0.000010
0.010406 0.014335 0.000010 0.088789 0.790382 0.096078
0.105970 0.000010 0.000010 0.000010 0.893990 0.000010
0.018750 0.000010 0.007771 0.000010 0.973449 0.000010
0.030957 0.000010 0.036672 0.092621 0.738324 0.101417
0.043781 0.038483 0.000010 0.046461 0.815173 0.056091
0.116595 0.259184 0.000010 0.000010 0.000010 0.624191
0.166628 0.027834 0.000010 0.000010 0.805508 0.000010
0.104528 0.220319 0.000010 0.000010 0.000010 0.675123
0.000010 0.000010 0.005127 0.022264 0.364544 0.608045
0.000010 0.119116 0.001206 0.000010 0.000010 0.879648
0.040464 0.011939 0.000010 0.035835 0.842652 0.069100
0.000010 0.000010 0.000010 0.000010 0.000010 0.999950
0.031117 0.317485 0.044546 0.000010 0.027865 0.578977
0.928336 0.000010 0.000010 0.000010 0.071624 0.000010
0.656990 0.000010 0.000010 0.066786 0.145636 0.130568
0.192922 0.556189 0.000010 0.000010 0.000010 0.250859
0.095503 0.002802 0.049293 0.054130 0.798262 0.000010
0.000010 0.000010 0.000010 0.000010 0.999950 0.000010
0.067302 0.000010 0.008243 0.000850 0.923585 0.000010
0.000010 0.000010 0.000010 0.000010 0.965503 0.034457
0.201964 0.087373 0.022362 0.010541 0.677750 0.000010
0.045845 0.053706 0.000010 0.092958 0.807471 0.000010
0.000010 0.000010 0.000010 0.000010 0.999950 0.000010
0.009741 0.058937 0.000010 0.000010 0.830138 0.101163
0.052015 0.096563 0.000010 0.073898 0.772921 0.004593
0.014492 0.000010 0.000010 0.142219 0.766105 0.077164
0.005841 0.000010 0.000010 0.006972 0.941496 0.045671
0.100425 0.042474 0.000010 0.146655 0.710427 0.000010
0.195527 0.000010 0.000010 0.125735 0.671351 0.007367
0.063552 0.036476 0.032574 0.000010 0.793409 0.073979
0.570052 0.126768 0.055999 0.231862 0.015310 0.000010
0.502595 0.148405 0.052606 0.000010 0.000010 0.296375
0.000010 0.896235 0.000010 0.000010 0.000010 0.103725
0.000010 0.000010 0.000010 0.319333 0.680627 0.000010
0.050389 0.047739 0.023971 0.000010 0.777844 0.100047
0.000010 0.049385 0.044832 0.014283 0.825547 0.065943
0.000010 0.079218 0.029159 0.000010 0.063564 0.828039
0.115845 0.146196 0.000010 0.040808 0.000010 0.697131
0.000010 0.269356 0.000010 0.000010 0.000010 0.730604
0.148582 0.000010 0.003120 0.182905 0.646541 0.018843
0.473722 0.164548 0.000010 0.000010 0.000010 0.361700
0.893716 0.089347 0.000010 0.000010 0.000010 0.016906
0.633704 0.298111 0.000010 0.000010 0.068155 0.000010
0.000010 0.000010 0.050737 0.000010 0.949223 0.000010
0.291317 0.191274 0.154968 0.174649 0.073532 0.114260
0.000010 0.000010 0.014942 0.000010 0.983772 0.001256
0.389352 0.346353 0.018696 0.103057 0.016072 0.126470
0.031240 0.000010 0.000010 0.110150 0.856695 0.001895
0.000010 0.000010 0.000010 0.000010 0.999950 0.000010
0.298655 0.000010 0.000010 0.111241 0.043045 0.547039
0.523669 0.000010 0.133841 0.342460 0.000010 0.000010
0.205123 0.204041 0.000010 0.131283 0.000010 0.459533
0.000010 0.000010 0.000010 0.122794 0.000010 0.877166
0.000010 0.000010 0.000010 0.000010 0.000010 0.999950
0.737402 0.000010 0.023853 0.177022 0.048551 0.013162
0.948249 0.000010 0.000010 0.009743 0.000010 0.041979
0.000010 0.850417 0.000010 0.149543 0.000010 0.000010
0.235192 0.053513 0.010305 0.621410 0.079570 0.000010
0.041361 0.415067 0.200954 0.103634 0.033521 0.205464
0.616546 0.139419 0.000010 0.113815 0.000010 0.130200
0.049876 0.297092 0.141540 0.043680 0.454947 0.012865
0.000010 0.999950 0.000010 0.000010 0.000010 0.000010
0.061403 0.162924 0.066114 0.302832 0.240213 0.166514
0.792806 0.000010 0.040720 0.000010 0.000010 0.166443
0.112633 0.115099 0.000010 0.772238 0.000010 0.000010
0.000010 0.000010 0.000010 0.000010 0.999950 0.000010
0.000010 0.931364 0.000010 0.068596 0.000010 0.000010
0.595441 0.168192 0.122475 0.025093 0.070996 0.017804
0.918907 0.081053 0.000010 0.000010 0.000010 0.000010
0.924027 0.063862 0.006303 0.000010 0.000010 0.005787
0.000010 0.126858 0.000010 0.858636 0.014476 0.000010
0.748290 0.000010 0.031057 0.124038 0.071804 0.024802
0.063269 0.000010 0.052508 0.553850 0.330354 0.000010
0.583241 0.171911 0.036700 0.132535 0.075602 0.000010
0.270955 0.001180 0.000010 0.073224 0.654620 0.000010
0.124380 0.010239 0.000010 0.072031 0.793330 0.000010
0.769132 0.000010 0.011026 0.000010 0.147759 0.072064
0.069190 0.000010 0.000010 0.545528 0.385252 0.000010
0.554130 0.035975 0.023599 0.018598 0.111993 0.255705
0.558340 0.000010 0.062616 0.036326 0.059439 0.283269
0.161367 0.000010 0.040297 0.757022 0.041294 0.000010
0.164152 0.333679 0.000010 0.418094 0.000010 0.084054
0.239675 0.338551 0.057813 0.363941 0.000010 0.000010
0.111531 0.266463 0.027977 0.532579 0.000010 0.061440
0.412472 0.587488 0.000010 0.000010 0.000010 0.000010
0.031014 0.221547 0.000010 0.567938 0.000010 0.179481
0.514629 0.485331 0.000010 0.000010 0.000010 0.000010
0.611084 0.388876 0.000010 0.000010 0.000010 0.000010
0.588858 0.387036 0.024076 0.000010 0.000010 0.000010
0.892265 0.000010 0.000010 0.019366 0.000010 0.088338
0.550844 0.000010 0.045639 0.000010 0.189487 0.214010
0.585433 0.354091 0.005301 0.000014 0.055151 0.000010
0.000010 0.000010 0.031158 0.849804 0.119008 0.000010
0.894888 0.000010 0.047279 0.000010 0.000010 0.057804
0.588260 0.163538 0.000010 0.000010 0.058668 0.189515
0.776484 0.075175 0.073064 0.075257 0.000010 0.000010
0.000010 0.885658 0.000010 0.114302 0.000010 0.000010
0.618652 0.000010 0.000010 0.000010 0.100635 0.280683
0.685005 0.075570 0.000010 0.000010 0.118326 0.121079
0.580879 0.065291 0.074553 0.098569 0.180698 0.000010
0.977209 0.022751 0.000010 0.000010 0.000010 0.000010
0.786518 0.000010 0.050801 0.035480 0.119962 0.007229
0.506541 0.001153 0.000010 0.125808 0.080441 0.286046
0.137654 0.000010 0.000010 0.279391 0.359993 0.222942
0.952036 0.000010 0.000010 0.000010 0.047924 0.000010
0.647550 0.000010 0.000010 0.307268 0.033426 0.011736
0.601661 0.000010 0.055078 0.000010 0.000010 0.343231
0.267642 0.381338 0.000010 0.350990 0.000010 0.000010
0.648939 0.099036 0.000010 0.000010 0.020742 0.231263
0.598067 0.000010 0.000010 0.156299 0.000010 0.245604
0.603461 0.212485 0.000010 0.004137 0.000010 0.179896
0.146761 0.000010 0.000010 0.036302 0.470904 0.346014
0.247077 0.044978 0.000010 0.099150 0.430285 0.178500
0.000010 0.000010 0.000010 0.164452 0.607761 0.227756
0.142903 0.572576 0.044538 0.000010 0.000010 0.239962
0.356588 0.515808 0.005385 0.105176 0.000010 0.017033
0.999950 0.000010 0.000010 0.000010 0.000010 0.000010
0.326932 0.113199 0.068499 0.298387 0.000010 0.192973
0.490819 0.093501 0.000010 0.102651 0.020800 0.292219
0.132249 0.044366 0.000010 0.098652 0.574020 0.150703
0.241439 0.019651 0.000010 0.159203 0.523481 0.056215
0.000010 0.010258 0.051592 0.043228 0.826678 0.068233
0.044703 0.020665 0.018554 0.000010 0.900292 0.015774
0.270961 0.389547 0.110892 0.228581 0.000010 0.000010
0.000010 0.026902 0.020650 0.067573 0.826974 0.057891
0.240697 0.041393 0.075267 0.096814 0.513715 0.032114
0.426081 0.564188 0.000010 0.009701 0.000010 0.000010
0.126148 0.040988 0.001525 0.218363 0.568999 0.043976
0.884743 0.062527 0.000010 0.000010 0.003857 0.048853
0.033420 0.002006 0.000010 0.240402 0.613668 0.110493
0.338169 0.082415 0.092811 0.318013 0.133872 0.034720
0.663334 0.174327 0.000010 0.000010 0.000010 0.162308
0.000010 0.000010 0.000010 0.113024 0.886936 0.000010
0.344229 0.062912 0.000010 0.571312 0.000010 0.021527
0.084907 0.058660 0.008691 0.069679 0.658958 0.119106
0.612453 0.150606 0.001785 0.170257 0.004140 0.060759
0.635558 0.179378 0.021822 0.076441 0.000010 0.086791
0.445700 0.247032 0.000010 0.000010 0.050495 0.256754
0.000010 0.016647 0.000010 0.000010 0.119755 0.863568
0.303553 0.339274 0.000010 0.000010 0.000010 0.357143
0.269842 0.314257 0.066855 0.191283 0.000010 0.157754
0.401281 0.138941 0.000010 0.073244 0.089791 0.296733
0.039894 0.154073 0.000010 0.005003 0.000010 0.801011
0.595488 0.165971 0.000010 0.040298 0.000010 0.198223
0.006493 0.301049 0.000010 0.000010 0.089637 0.602801
0.511157 0.110289 0.000010 0.000010 0.075781 0.302753
0.463052 0.204341 0.000010 0.033549 0.069021 0.230028
0.077184 0.011973 0.000010 0.137942 0.491552 0.281339
0.000010 0.328484 0.000010 0.000010 0.000010 0.671476
0.000010 0.146545 0.000010 0.000010 0.000010 0.853415
0.139616 0.307030 0.000010 0.000010 0.015838 0.537496
0.000010 0.000010 0.009715 0.291501 0.569553 0.129211
0.134655 0.056481 0.000010 0.102136 0.554776 0.151943
0.130878 0.000010 0.000010 0.869082 0.000010 0.000010
