0.450887 0.000010 0.394437 0.042715 0.000010 0.000010 0.000010 0.110634 0.001287
0.767049 0.000010 0.000010 0.027471 0.046650 0.134744 0.000010 0.024047 0.000010
0.055823 0.000010 0.000010 0.000010 0.000010 0.942070 0.002047 0.000010 0.000010
0.000010 0.015876 0.000010 0.045255 0.216222 0.696074 0.000010 0.026533 0.000010
0.000010 0.000010 0.000010 0.000010 0.315978 0.577181 0.098456 0.000010 0.008335
0.000010 0.000010 0.000010 0.000010 0.248528 0.751402 0.000010 0.000010 0.000010
0.152574 0.000010 0.000010 0.000010 0.111802 0.735565 0.000010 0.000010 0.000010
0.067975 0.000010 0.000010 0.000010 0.000010 0.845101 0.012706 0.000010 0.074168
0.000010 0.000010 0.000010 0.528498 0.000010 0.000010 0.000010 0.471432 0.000010
0.000010 0.000010 0.000010 0.569118 0.013660 0.223666 0.000010 0.193506 0.000010
0.000010 0.000010 0.000010 0.000010 0.000010 0.000010 0.000010 0.000010 0.999920
0.094098 0.000010 0.035832 0.012226 0.000010 0.245728 0.093335 0.000010 0.518752
0.034914 0.000010 0.000010 0.000010 0.000010 0.000010 0.000010 0.004996 0.960030
0.000010 0.000010 0.144692 0.000010 0.000010 0.000010 0.000010 0.000010 0.855238
0.085300 0.000010 0.000010 0.000010 0.000010 0.000010 0.000010 0.000010 0.914630
0.999920 0.000010 0.000010 0.000010 0.000010 0.000010 0.000010 0.000010 0.000010
0.047585 0.000010 0.000010 0.000010 0.007510 0.754454 0.154981 0.003435 0.032005
0.086562 0.000010 0.692724 0.000010 0.000010 0.000010 0.000010 0.000010 0.220653
0.000010 0.087990 0.352759 0.000010 0.000010 0.321882 0.201665 0.000010 0.035665
0.000010 0.000010 0.000010 0.020418 0.082395 0.897127 0.000010 0.000010 0.000010
0.000010 0.000010 0.000010 0.000010 0.000010 0.000010 0.000010 0.000010 0.999920
0.000010 0.000010 0.000010 0.000010 0.000010 0.000010 0.000010 0.000010 0.999920
0.109993 0.000010 0.000010 0.000010 0.000010 0.848247 0.000010 0.041700 0.000010
0.000010 0.000010 0.000010 0.000010 0.000010 0.000010 0.000010 0.000010 0.999920
0.000010 0.059466 0.000010 0.000010 0.070936 0.817776 0.051772 0.000010 0.000010
0.000010 0.007152 0.000010 0.007499 0.018582 0.842195 0.090555 0.000010 0.033988
0.000010 0.009001 0.009461 0.000010 0.000010 0.903664 0.077824 0.000010 0.000010
0.000010 0.000010 0.000010 0.000010 0.000010 0.999920 0.000010 0.000010 0.000010
0.179018 0.000010 0.000010 0.000010 0.125513 0.695410 0.000010 0.000010 0.000010
0.142630 0.000010 0.000010 0.000010 0.209489 0.647821 0.000010 0.000010 0.000010
0.322170 0.000010 0.000010 0.677760 0.000010 0.000010 0.000010 0.000010 0.000010
0.188542 0.000010 0.118700 0.000010 0.000010 0.045449 0.000010 0.647259 0.000010
0.000010 0.000010 0.000010 0.000010 0.000010 0.841141 0.158789 0.000010 0.000010
0.000010 0.000010 0.000010 0.000010 0.000010 0.999920 0.000010 0.000010 0.000010
0.234405 0.000010 0.000010 0.000010 0.075831 0.604078 0.085637 0.000010 0.000010
0.035774 0.000010 0.040119 0.000010 0.000010 0.690166 0.233891 0.000010 0.000010
0.051361 0.000010 0.000010 0.004510 0.312700 0.599730 0.000010 0.017809 0.013860
0.198528 0.020953 0.014076 0.000010 0.140817 0.625586 0.000010 0.000010 0.000010
0.214135 0.143457 0.088430 0.000010 0.139489 0.000010 0.318024 0.096436 0.000010
0.006431 0.000010 0.000010 0.000010 0.000010 0.837071 0.156069 0.000010 0.000380
0.000010 0.091507 0.000010 0.086698 0.051772 0.000010 0.145118 0.624864 0.000010
0.000010 0.000010 0.153794 0.000010 0.000010 0.000010 0.000010 0.000010 0.846136
0.000010 0.000010 0.000010 0.000010 0.000010 0.000010 0.000010 0.000010 0.999920
0.000010 0.000010 0.000010 0.000010 0.000010 0.000010 0.000010 0.000010 0.999920
0.000010 0.000010 0.000010 0.000010 0.000010 0.000010 0.000010 0.191154 0.808776
0.000010 0.000010 0.000010 0.000010 0.000010 0.000010 0.000010 0.000010 0.999920
0.000010 0.000010 0.000010 0.000010 0.000010 0.000010 0.000010 0.148513 0.851417
0.000010 0.000010 0.000010 0.000010 0.000010 0.000010 0.000010 0.000010 0.999920
0.366106 0.000010 0.343069 0.012537 0.124803 0.012008 0.056448 0.062256 0.022764
0.000010 0.000010 0.526824 0.010940 0.129318 0.000010 0.000010 0.000010 0.332868
0.000010 0.000010 0.000010 0.099577 0.000010 0.000010 0.000010 0.000010 0.900353
0.000010 0.000010 0.000010 0.000010 0.260911 0.739019 0.000010 0.000010 0.000010
0.000010 0.000010 0.000010 0.000010 0.000010 0.000010 0.000010 0.000010 0.999920
0.000010 0.000010 0.308444 0.005848 0.156158 0.000010 0.000010 0.000010 0.529500
0.193279 0.000010 0.000010 0.000010 0.000010 0.000010 0.806651 0.000010 0.000010
0.000010 0.000010 0.000010 0.000010 0.000010 0.000010 0.000010 0.192004 0.807926
0.000010 0.000010 0.916586 0.000010 0.000010 0.000010 0.083344 0.000010 0.000010
0.000010 0.000010 0.295688 0.000010 0.000010 0.000010 0.000010 0.642873 0.061380
0.000010 0.000010 0.585953 0.030974 0.000010 0.042384 0.000010 0.000010 0.340638
0.343967 0.000010 0.109098 0.000010 0.000010 0.029062 0.313319 0.166812 0.037711
0.465939 0.085654 0.000010 0.000010 0.046002 0.313575 0.088789 0.000010 0.000010
0.013916 0.000010 0.000010 0.000010 0.243106 0.000010 0.396033 0.346895 0.000010
0.503657 0.000010 0.209690 0.062331 0.000010 0.000010 0.000010 0.224271 0.000010
0.346937 0.000010 0.121715 0.045664 0.000010 0.167899 0.000010 0.317745 0.000010
0.000010 0.018859 0.000010 0.000010 0.135055 0.846026 0.000010 0.000010 0.000010
0.000010 0.000010 0.000010 0.027087 0.305042 0.654009 0.000010 0.000010 0.013811
0.000010 0.000010 0.000010 0.000010 0.086551 0.000010 0.897595 0.000010 0.015794
0.000010 0.000010 0.000010 0.000010 0.000010 0.000010 0.999920 0.000010 0.000010
0.000010 0.000010 0.916238 0.000010 0.000010 0.000010 0.000010 0.021640 0.062062
0.010317 0.057632 0.613269 0.041994 0.039288 0.000010 0.029717 0.116474 0.091300
0.681655 0.016683 0.000010 0.065251 0.000010 0.184290 0.052081 0.000010 0.000010
0.000010 0.000010 0.999920 0.000010 0.000010 0.000010 0.000010 0.000010 0.000010
0.088479 0.108627 0.578773 0.054979 0.000010 0.000010 0.000010 0.074175 0.094937
0.000010 0.000010 0.000010 0.000010 0.000010 0.000010 0.076725 0.923205 0.000010
0.014596 0.051634 0.668413 0.025237 0.000010 0.067741 0.000010 0.077028 0.095331
0.293573 0.000010 0.000010 0.000010 0.000010 0.000010 0.000010 0.706357 0.000010
0.000010 0.000010 0.071370 0.000010 0.167999 0.000010 0.734773 0.025807 0.000010
0.206040 0.000010 0.000010 0.000010 0.038088 0.109467 0.322175 0.324190 0.000010
0.659301 0.024271 0.000010 0.000010 0.071192 0.206141 0.039055 0.000010 0.000010
0.073362 0.101479 0.547264 0.044374 0.017042 0.000010 0.000010 0.130175 0.086283
0.160476 0.013308 0.000010 0.000010 0.000010 0.804653 0.000010 0.000010 0.021513
0.000010 0.000010 0.000010 0.000010 0.395730 0.604200 0.000010 0.000010 0.000010
0.000010 0.000010 0.042498 0.000010 0.079609 0.877834 0.000010 0.000010 0.000010
0.000010 0.000010 0.035823 0.000010 0.000010 0.839528 0.116502 0.000010 0.008098
0.000010 0.000010 0.000010 0.000010 0.314454 0.685476 0.000010 0.000010 0.000010
0.078879 0.037727 0.000010 0.007967 0.100848 0.774540 0.000010 0.000010 0.000010
0.000010 0.000010 0.000010 0.057740 0.000010 0.000010 0.942190 0.000010 0.000010
0.000010 0.000010 0.000010 0.132400 0.000010 0.000010 0.000010 0.000010 0.867530
0.000010 0.527795 0.071605 0.400532 0.000010 0.000018 0.000010 0.000010 0.000010
0.000010 0.000010 0.000010 0.000010 0.000010 0.000010 0.000010 0.000010 0.999920
0.000010 0.000010 0.000010 0.000010 0.000010 0.000010 0.000010 0.067356 0.932574
0.000010 0.000010 0.000010 0.000010 0.000010 0.000010 0.000010 0.000010 0.999920
0.000010 0.001027 0.547940 0.000010 0.011128 0.000010 0.000010 0.067474 0.372391
0.000010 0.000010 0.000010 0.000010 0.000010 0.000010 0.926888 0.000010 0.073042
0.000010 0.000010 0.000010 0.000010 0.000010 0.000010 0.999920 0.000010 0.000010
0.077023 0.035040 0.000010 0.000010 0.109696 0.778190 0.000010 0.000010 0.000010
0.000010 0.527881 0.000010 0.114418 0.115938 0.000010 0.000010 0.241713 0.000010
0.000010 0.000010 0.000010 0.000010 0.245238 0.013714 0.000010 0.740988 0.000010
0.000010 0.052219 0.000010 0.004142 0.000010 0.000010 0.845408 0.093426 0.004766
0.000010 0.000015 0.000010 0.000010 0.999915 0.000010 0.000010 0.000010 0.000010
0.458045 0.000010 0.103878 0.011519 0.203388 0.105642 0.046630 0.000010 0.070879
0.000010 0.000010 0.000010 0.000010 0.386843 0.000010 0.613087 0.000010 0.000010
0.041391 0.002749 0.415591 0.000010 0.183980 0.178819 0.000010 0.045462 0.131987
0.192198 0.000010 0.000010 0.023161 0.313710 0.000010 0.470881 0.000010 0.000010
0.420909 0.000010 0.065716 0.000010 0.132233 0.278761 0.102341 0.000010 0.000010
0.298185 0.000010 0.031436 0.000010 0.005982 0.000010 0.657135 0.007223 0.000010
0.058610 0.000010 0.030196 0.027583 0.000010 0.000010 0.579571 0.304001 0.000010
0.098376 0.042580 0.798249 0.000010 0.000010 0.000010 0.000010 0.060745 0.000010
0.000010 0.000010 0.000010 0.000010 0.081792 0.000010 0.000010 0.918138 0.000010
0.037439 0.000010 0.035004 0.000010 0.000031 0.784895 0.142591 0.000010 0.000010
0.000010 0.000010 0.000010 0.000010 0.018201 0.981729 0.000010 0.000010 0.000010
0.000010 0.210405 0.629320 0.160215 0.000010 0.000010 0.000010 0.000010 0.000010
0.000010 0.581415 0.000010 0.117862 0.156980 0.000010 0.003943 0.139760 0.000010
0.042702 0.879843 0.005971 0.000010 0.000010 0.017054 0.054390 0.000010 0.000010
0.011665 0.940361 0.000010 0.047915 0.000010 0.000010 0.000010 0.000010 0.000010
0.000010 0.000010 0.700557 0.000010 0.000010 0.032424 0.000010 0.000010 0.266960
0.602621 0.000010 0.000010 0.073882 0.219678 0.044068 0.059711 0.000010 0.000010
0.110607 0.000010 0.220285 0.000010 0.240714 0.000010 0.379864 0.000010 0.048490
0.093192 0.000010 0.008492 0.000010 0.133682 0.764585 0.000010 0.000010 0.000010
0.084923 0.000010 0.007341 0.000010 0.432234 0.000010 0.090152 0.344338 0.040981
0.124982 0.000010 0.000010 0.000010 0.000010 0.822557 0.038556 0.000010 0.013855
0.017931 0.000010 0.005070 0.000010 0.000010 0.774175 0.202774 0.000010 0.000010
0.000010 0.999920 0.000010 0.000010 0.000010 0.000010 0.000010 0.000010 0.000010
0.357681 0.028679 0.011709 0.000010 0.000010 0.073760 0.183248 0.344893 0.000010
0.000010 0.983201 0.000010 0.000010 0.000010 0.000010 0.000010 0.000010 0.016729
0.000010 0.999920 0.000010 0.000010 0.000010 0.000010 0.000010 0.000010 0.000010
0.000010 0.931932 0.000010 0.000010 0.000010 0.000010 0.045481 0.022527 0.000010
0.140931 0.000010 0.000010 0.000010 0.010250 0.024445 0.252664 0.525061 0.046619
0.000010 0.000010 0.000010 0.000010 0.137774 0.719220 0.142945 0.000010 0.000010
0.078843 0.062782 0.000010 0.038284 0.000010 0.731458 0.066316 0.000010 0.022286
0.000010 0.189426 0.068313 0.067194 0.126082 0.164600 0.000010 0.384355 0.000010
0.000010 0.278302 0.181290 0.039502 0.000010 0.000010 0.000010 0.416118 0.084748
0.000010 0.000010 0.000010 0.999920 0.000010 0.000010 0.000010 0.000010 0.000010
0.436125 0.000010 0.216764 0.000010 0.161506 0.137084 0.000010 0.033875 0.014616
0.057391 0.001173 0.000010 0.000010 0.057289 0.724144 0.159963 0.000010 0.000010
0.000010 0.000010 0.000010 0.000010 0.000010 0.000010 0.000010 0.999920 0.000010
0.000010 0.000010 0.000010 0.034500 0.000010 0.000010 0.000010 0.874244 0.091196
0.021656 0.000010 0.000010 0.000010 0.119730 0.058360 0.086684 0.713530 0.000010
0.000010 0.000010 0.000010 0.000010 0.221829 0.778101 0.000010 0.000010 0.000010
0.042848 0.000013 0.000010 0.045997 0.195974 0.715127 0.000010 0.000010 0.000010
0.306921 0.069629 0.000010 0.000010 0.051005 0.558693 0.013712 0.000010 0.000010
0.047389 0.000010 0.000010 0.000010 0.000010 0.893618 0.000010 0.000010 0.058933
0.000010 0.000010 0.562386 0.043345 0.000010 0.000010 0.000010 0.073271 0.320949
0.150606 0.000010 0.000010 0.000010 0.849324 0.000010 0.000010 0.000010 0.000010
0.048278 0.000010 0.397978 0.000010 0.079428 0.159967 0.004244 0.000010 0.310076
0.455673 0.000010 0.271205 0.000010 0.140879 0.132193 0.000010 0.000010 0.000010
0.000010 0.000010 0.829548 0.000010 0.000010 0.000010 0.000010 0.000010 0.170382
0.000010 0.000010 0.919018 0.057213 0.000010 0.000010 0.000010 0.000010 0.023709
0.000010 0.000010 0.763453 0.000010 0.042217 0.000010 0.000010 0.097718 0.096561
0.000010 0.000010 0.836297 0.062263 0.050723 0.000010 0.028746 0.000010 0.021931
0.000010 0.000010 0.179530 0.055343 0.000010 0.000010 0.000010 0.666989 0.098088
0.000010 0.999920 0.000010 0.000010 0.000010 0.000010 0.000010 0.000010 0.000010
0.207670 0.000010 0.000010 0.000010 0.000010 0.000010 0.792260 0.000010 0.000010
0.307573 0.000010 0.000010 0.000010 0.566185 0.126182 0.000010 0.000010 0.000010
0.000010 0.176684 0.752041 0.071215 0.000010 0.000010 0.000010 0.000010 0.000010
0.445087 0.031228 0.000010 0.041548 0.000010 0.342208 0.139889 0.000010 0.000010
0.000010 0.007446 0.873711 0.000010 0.000010 0.000010 0.000010 0.060569 0.058224
0.237985 0.000010 0.000010 0.015570 0.225179 0.355947 0.165279 0.000010 0.000010
0.161566 0.000010 0.000010 0.049295 0.226621 0.302115 0.259086 0.000010 0.001287
0.191560 0.000010 0.000010 0.000010 0.304210 0.090962 0.399519 0.013709 0.000010
0.282394 0.078839 0.000010 0.076535 0.000010 0.069009 0.166547 0.276772 0.049883
0.000010 0.000010 0.000010 0.000010 0.397335 0.000010 0.543479 0.059126 0.000010
0.177129 0.000010 0.000010 0.000010 0.161795 0.000010 0.605573 0.032333 0.023130
0.000010 0.000010 0.106955 0.000010 0.302526 0.041714 0.000010 0.548755 0.000010
0.479875 0.000010 0.219972 0.000010 0.000010 0.000010 0.000010 0.300093 0.000010
0.000010 0.065915 0.146403 0.000010 0.270504 0.000010 0.000010 0.500411 0.016727
0.839818 0.038117 0.000010 0.000010 0.000010 0.000010 0.067750 0.000010 0.054265
0.710524 0.020988 0.084863 0.000010 0.000010 0.000010 0.000010 0.144445 0.039140
0.360632 0.000010 0.077996 0.006721 0.113316 0.052435 0.041275 0.330670 0.016945
0.570757 0.000010 0.231929 0.088327 0.058443 0.050504 0.000010 0.000010 0.000010
0.000010 0.000010 0.000010 0.000010 0.671971 0.000010 0.327959 0.000010 0.000010
0.688655 0.000010 0.000010 0.000010 0.032245 0.279040 0.000010 0.000010 0.000010
0.163911 0.000010 0.000010 0.038211 0.346105 0.159528 0.292204 0.000010 0.000010
0.000010 0.000010 0.339285 0.000010 0.660644 0.000010 0.000010 0.000010 0.000010
0.069686 0.000010 0.930244 0.000010 0.000010 0.000010 0.000010 0.000010 0.000010
0.744498 0.027680 0.000010 0.025999 0.091320 0.110464 0.000010 0.000010 0.000010
0.000010 0.000010 0.000010 0.000010 0.903717 0.000010 0.096213 0.000010 0.000010
0.000010 0.877587 0.000010 0.000010 0.000010 0.000010 0.000010 0.122343 0.000010
0.000010 0.891559 0.030055 0.000010 0.000010 0.028271 0.011536 0.000010 0.038539
0.000010 0.000010 0.000010 0.000010 0.181737 0.221023 0.117748 0.479443 0.000010
0.000010 0.971496 0.000010 0.000010 0.015758 0.000010 0.000010 0.000010 0.012686
0.018089 0.895934 0.058182 0.000010 0.000010 0.000010 0.000010 0.000010 0.027746
0.137662 0.638029 0.154348 0.000010 0.003717 0.036156 0.024024 0.000010 0.006044
0.000010 0.000010 0.893685 0.031166 0.000010 0.018596 0.056503 0.000010 0.000010
0.000010 0.844788 0.000010 0.000010 0.000010 0.000010 0.000010 0.155142 0.000010
0.037871 0.816422 0.000010 0.057167 0.000010 0.043426 0.011784 0.033300 0.000010
0.000010 0.871389 0.000010 0.061789 0.000010 0.000010 0.000010 0.063220 0.003552
0.717322 0.000010 0.000010 0.000010 0.059626 0.222992 0.000010 0.000010 0.000010
0.763762 0.072848 0.000010 0.048363 0.000010 0.034078 0.080909 0.000010 0.000010
0.155608 0.179797 0.016497 0.026906 0.084828 0.000010 0.093905 0.442440 0.000010
0.273948 0.000010 0.000010 0.000010 0.251555 0.256475 0.115407 0.102575 0.000010
0.000010 0.928977 0.000010 0.063102 0.000010 0.000010 0.000010 0.007861 0.000010
0.052549 0.049950 0.012967 0.000010 0.384536 0.010447 0.226655 0.203528 0.059359
0.000010 0.859938 0.000010 0.023243 0.000010 0.000010 0.000010 0.114794 0.001975
0.027797 0.822636 0.061110 0.088407 0.000010 0.000010 0.000010 0.000010 0.000010
0.180020 0.018703 0.050524 0.000010 0.207472 0.377552 0.164550 0.000010 0.001159
0.999920 0.000010 0.000010 0.000010 0.000010 0.000010 0.000010 0.000010 0.000010
0.000010 0.844138 0.000010 0.000010 0.000010 0.000010 0.151534 0.000010 0.004268
0.776299 0.000010 0.000010 0.000010 0.000010 0.160925 0.000010 0.062716 0.000010
0.131165 0.064953 0.000010 0.017031 0.000010 0.000010 0.174094 0.612717 0.000010
0.001141 0.966521 0.000010 0.000010 0.000010 0.000010 0.000010 0.032279 0.000010
0.071131 0.788737 0.020207 0.052954 0.000010 0.000010 0.042119 0.000010 0.024821
0.000010 0.952639 0.000010 0.000010 0.047291 0.000010 0.000010 0.000010 0.000010
0.031933 0.039270 0.102973 0.000010 0.597215 0.000010 0.090742 0.137837 0.000010
0.000010 0.000010 0.000010 0.000010 0.000010 0.000010 0.000010 0.999920 0.000010
0.251341 0.000010 0.433335 0.000010 0.168966 0.137695 0.008622 0.000010 0.000010
0.244816 0.109564 0.023702 0.000010 0.219680 0.125751 0.025155 0.251311 0.000010
0.000010 0.728884 0.046137 0.000403 0.000010 0.108840 0.006041 0.109664 0.000010
0.000010 0.906177 0.000010 0.000010 0.000010 0.000010 0.083066 0.010698 0.000010
0.046900 0.663624 0.000010 0.019172 0.000010 0.000010 0.089511 0.089946 0.090817
0.094592 0.830243 0.000010 0.043498 0.000010 0.000010 0.000010 0.000010 0.031618
0.814178 0.039452 0.000010 0.006245 0.004785 0.126681 0.000010 0.000010 0.008630
0.000010 0.000010 0.000010 0.999920 0.000010 0.000010 0.000010 0.000010 0.000010
0.000010 0.000010 0.000010 0.022337 0.193769 0.733823 0.050021 0.000010 0.000010
0.071737 0.000010 0.000010 0.070605 0.016052 0.745972 0.000014 0.000010 0.095590
0.055944 0.000010 0.093091 0.000010 0.000010 0.784383 0.066532 0.000010 0.000010
0.016743 0.085930 0.334352 0.000010 0.060947 0.016772 0.000010 0.426951 0.058285
0.063511 0.936419 0.000010 0.000010 0.000010 0.000010 0.000010 0.000010 0.000010
0.000010 0.000010 0.344213 0.000010 0.000010 0.000010 0.000010 0.625065 0.030662
0.176929 0.038761 0.332736 0.000010 0.000010 0.002535 0.000010 0.446966 0.002043
0.000010 0.745679 0.020109 0.003853 0.000010 0.038290 0.135156 0.033053 0.023840
0.013510 0.848281 0.000010 0.026723 0.000010 0.000010 0.078864 0.032581 0.000010
0.028697 0.971233 0.000010 0.000010 0.000010 0.000010 0.000010 0.000010 0.000010
0.000010 0.737890 0.000010 0.042412 0.000010 0.145124 0.000010 0.013643 0.060891
0.000010 0.000010 0.000010 0.000010 0.058215 0.732171 0.195119 0.014445 0.000010
0.006716 0.000010 0.000010 0.025504 0.195769 0.624043 0.147929 0.000010 0.000010
0.028975 0.000010 0.000010 0.000010 0.230539 0.740425 0.000010 0.000010 0.000010
0.045270 0.852078 0.000010 0.013025 0.000010 0.000010 0.000010 0.089577 0.000010
0.000010 0.000010 0.000010 0.000010 0.000010 0.986411 0.000010 0.000010 0.013519
0.006955 0.033801 0.000010 0.000010 0.258889 0.676093 0.000010 0.016941 0.007290
0.176100 0.000010 0.000010 0.005874 0.506751 0.155412 0.155823 0.000010 0.000010
0.000010 0.877056 0.000010 0.000010 0.000010 0.000010 0.116984 0.000010 0.005899
0.000010 0.999920 0.000010 0.000010 0.000010 0.000010 0.000010 0.000010 0.000010
0.082592 0.799948 0.002764 0.034694 0.079962 0.000010 0.000010 0.000010 0.000010
0.000010 0.771993 0.000010 0.076938 0.000010 0.018990 0.132029 0.000010 0.000010
0.011914 0.786254 0.000010 0.043944 0.040178 0.000010 0.036497 0.081183 0.000010
0.000010 0.779288 0.000010 0.012472 0.000010 0.037846 0.067255 0.094469 0.008639
0.000010 0.939371 0.000010 0.033775 0.000010 0.000010 0.009125 0.015529 0.002160
0.031326 0.794405 0.000010 0.000010 0.000010 0.030314 0.050018 0.015840 0.078066
0.170473 0.000010 0.301900 0.000010 0.043805 0.000010 0.483773 0.000010 0.000010
0.000010 0.000010 0.000010 0.000010 0.847983 0.151947 0.000010 0.000010 0.000010
0.050469 0.838150 0.000010 0.000010 0.070035 0.000010 0.034366 0.006940 0.000010
0.000010 0.759288 0.000010 0.009877 0.000010 0.008397 0.081048 0.031009 0.110352
0.000010 0.104052 0.000010 0.000010 0.114758 0.781130 0.000010 0.000010 0.000010
0.000010 0.000010 0.000010 0.000010 0.054664 0.784758 0.098878 0.057141 0.004519
0.000010 0.000010 0.000010 0.000010 0.285742 0.714188 0.000010 0.000010 0.000010
0.198576 0.513149 0.076980 0.211245 0.000010 0.000010 0.000010 0.000010 0.000010
0.762790 0.000010 0.000010 0.000010 0.094531 0.000010 0.142620 0.000010 0.000010
0.000010 0.000010 0.000010 0.000010 0.000010 0.000010 0.999920 0.000010 0.000010
0.000010 0.903355 0.029016 0.000010 0.016443 0.000010 0.020523 0.000010 0.030624
0.019558 0.164309 0.009024 0.000010 0.013072 0.085184 0.311980 0.223275 0.173588
0.000010 0.034632 0.000010 0.000010 0.076787 0.068597 0.662087 0.121619 0.036248
0.000010 0.997889 0.000010 0.000010 0.002041 0.000010 0.000010 0.000010 0.000010
0.614709 0.000010 0.205158 0.170445 0.000010 0.000010 0.000010 0.009638 0.000010
0.307729 0.000010 0.008668 0.000010 0.135188 0.407641 0.000010 0.140734 0.000010
0.821642 0.000010 0.048199 0.106725 0.000010 0.000010 0.000010 0.000010 0.023384
0.000010 0.000010 0.000010 0.000010 0.999920 0.000010 0.000010 0.000010 0.000010
0.000010 0.000010 0.000010 0.999920 0.000010 0.000010 0.000010 0.000010 0.000010
0.490353 0.000010 0.000010 0.000010 0.073882 0.103875 0.171394 0.120541 0.039925
0.101718 0.209819 0.236538 0.000010 0.156210 0.036937 0.000010 0.258748 0.000010
0.986180 0.000010 0.000010 0.000010 0.000010 0.013750 0.000010 0.000010 0.000010
0.034684 0.000010 0.049174 0.000010 0.102988 0.123476 0.049604 0.640044 0.000010
0.000010 0.911077 0.035157 0.000010 0.000010 0.000010 0.000010 0.053706 0.000010
0.408856 0.000010 0.000559 0.000010 0.007936 0.097353 0.290491 0.055835 0.138951
0.894297 0.000010 0.000010 0.105633 0.000010 0.000010 0.000010 0.000010 0.000010
0.706671 0.025919 0.106177 0.062849 0.000010 0.000010 0.000010 0.098344 0.000010
0.000010 0.235063 0.576348 0.188529 0.000010 0.000010 0.000010 0.000010 0.000010
0.312212 0.055346 0.036611 0.000010 0.030812 0.082301 0.345695 0.118034 0.018979
0.582147 0.106953 0.048945 0.022504 0.000010 0.149684 0.089735 0.000012 0.000010
0.559813 0.069030 0.095462 0.006657 0.000010 0.251913 0.000010 0.000010 0.017093
0.000010 0.000010 0.000010 0.000010 0.000010 0.000010 0.999920 0.000010 0.000010
0.000010 0.000010 0.010537 0.000010 0.097635 0.000010 0.540826 0.350953 0.000010
0.000010 0.000010 0.000010 0.028301 0.230183 0.091655 0.100451 0.549370 0.000010
0.000010 0.000010 0.000010 0.000010 0.000010 0.000010 0.999920 0.000010 0.000010
0.000010 0.000010 0.000010 0.000010 0.000010 0.000010 0.999920 0.000010 0.000010
0.000010 0.000010 0.000010 0.000010 0.000010 0.000010 0.903714 0.096216 0.000010
0.999920 0.000010 0.000010 0.000010 0.000010 0.000010 0.000010 0.000010 0.000010
0.135008 0.000010 0.048854 0.000010 0.103889 0.000010 0.697314 0.000010 0.014896
0.926898 0.000010 0.000010 0.073032 0.000010 0.000010 0.000010 0.000010 0.000010
0.527580 0.037102 0.000010 0.000010 0.044750 0.197977 0.192550 0.000010 0.000010
0.624194 0.095529 0.000010 0.055034 0.000010 0.000010 0.198534 0.011980 0.014699
0.749753 0.000010 0.000010 0.054454 0.000010 0.018489 0.177253 0.000010 0.000010
0.489498 0.172161 0.000010 0.000010 0.000010 0.002309 0.309344 0.000010 0.026648
0.254432 0.321009 0.141161 0.009989 0.000010 0.000010 0.000010 0.273369 0.000010
0.706758 0.000010 0.000010 0.000010 0.000010 0.293172 0.000010 0.000010 0.000010
0.745978 0.000352 0.000010 0.000010 0.104974 0.148646 0.000010 0.000010 0.000010
0.686487 0.000010 0.116749 0.000010 0.000010 0.123525 0.000010 0.073189 0.000010
0.357250 0.393534 0.168111 0.000010 0.000010 0.010455 0.000010 0.070610 0.000010
0.071681 0.000010 0.000010 0.033152 0.689565 0.029023 0.176538 0.000010 0.000010
0.215132 0.025904 0.000010 0.000010 0.758904 0.000010 0.000010 0.000010 0.000010
0.465192 0.000010 0.248491 0.000010 0.182599 0.000010 0.000010 0.050127 0.053552
0.515127 0.000010 0.024266 0.022463 0.010874 0.294376 0.005740 0.086288 0.040855
0.000010 0.846341 0.086813 0.000010 0.000010 0.000010 0.000010 0.062596 0.004200
0.000013 0.865737 0.000010 0.017322 0.015484 0.000010 0.066306 0.000010 0.035108
0.138339 0.023925 0.044108 0.016853 0.495017 0.000010 0.136715 0.069722 0.075310
0.000010 0.848480 0.000010 0.000010 0.016846 0.051144 0.000010 0.047522 0.035968
0.254665 0.540390 0.000010 0.018099 0.000010 0.000010 0.000010 0.104896 0.081910
0.138408 0.000010 0.000010 0.000010 0.693809 0.000010 0.167723 0.000010 0.000010
0.000010 0.610430 0.056276 0.000010 0.000010 0.109549 0.000010 0.223696 0.000010
0.221689 0.153390 0.000010 0.064924 0.098457 0.000010 0.116148 0.329248 0.016124
0.632494 0.000010 0.000010 0.008603 0.100912 0.112497 0.145454 0.000010 0.000010
0.339676 0.000010 0.039885 0.000010 0.064795 0.000010 0.000010 0.517187 0.038417
0.067283 0.605803 0.000010 0.000010 0.025291 0.105592 0.000010 0.167563 0.028437
0.375240 0.000010 0.000010 0.000010 0.000010 0.003735 0.497072 0.123903 0.000010
0.479697 0.016010 0.015085 0.000010 0.120367 0.032114 0.292646 0.044062 0.000010
0.276609 0.000010 0.000010 0.010281 0.357623 0.234348 0.121099 0.000010 0.000010
0.457865 0.020622 0.000010 0.000010 0.083275 0.322705 0.000010 0.095195 0.020307
0.044580 0.000010 0.000010 0.000010 0.187948 0.737271 0.000010 0.030151 0.000010
0.367738 0.000010 0.000010 0.000010 0.079013 0.174454 0.320489 0.058266 0.000010
0.487194 0.100920 0.000010 0.003398 0.081440 0.211635 0.039876 0.075516 0.000010
0.424511 0.047166 0.011642 0.026738 0.219338 0.020130 0.229496 0.020969 0.000010
0.000010 0.000010 0.000010 0.000010 0.269074 0.730856 0.000010 0.000010 0.000010
0.000010 0.008841 0.000010 0.027352 0.095698 0.868059 0.000010 0.000010 0.000010
0.056096 0.580604 0.021559 0.027576 0.000010 0.058396 0.000010 0.255738 0.000010
0.193442 0.545377 0.101666 0.000010 0.116984 0.042491 0.000010 0.000010 0.000010
