0.010351 0.000010 0.341668 0.028034 0.000010 0.000010 0.000010 0.093427 0.396830 0.000010 0.000010 0.104653 0.024939 0.000010 0.000010 0.000010 0.000010
0.000010 0.047450 0.000010 0.000010 0.000010 0.000010 0.126878 0.678639 0.146902 0.000010 0.000010 0.000010 0.000010 0.000010 0.000010 0.000010 0.000010
0.000010 0.000010 0.000010 0.000010 0.000010 0.000010 0.000010 0.000010 0.000010 0.000010 0.343108 0.000010 0.000010 0.000010 0.000010 0.000010 0.656742
0.000010 0.000010 0.000010 0.000010 0.000010 0.000010 0.999840 0.000010 0.000010 0.000010 0.000010 0.000010 0.000010 0.000010 0.000010 0.000010 0.000010
0.000010 0.000010 0.000010 0.000010 0.000010 0.000010 0.999840 0.000010 0.000010 0.000010 0.000010 0.000010 0.000010 0.000010 0.000010 0.000010 0.000010
0.000010 0.000010 0.000010 0.000010 0.000010 0.000010 0.344987 0.009180 0.000010 0.000010 0.553708 0.000010 0.000010 0.090848 0.000010 0.000010 0.001156
0.000010 0.000010 0.000010 0.000010 0.000010 0.000010 0.000010 0.000010 0.228481 0.000010 0.771369 0.000010 0.000010 0.000010 0.000010 0.000010 0.000010
0.000010 0.000010 0.000010 0.000010 0.030583 0.000010 0.072133 0.000010 0.042339 0.000010 0.418021 0.000010 0.000010 0.000010 0.000010 0.092513 0.344302
0.000010 0.000010 0.000010 0.000010 0.999840 0.000010 0.000010 0.000010 0.000010 0.000010 0.000010 0.000010 0.000010 0.000010 0.000010 0.000010 0.000010
0.004876 0.000010 0.002541 0.076461 0.421483 0.000010 0.000010 0.016831 0.073983 0.000010 0.166579 0.000010 0.114682 0.000010 0.000010 0.000010 0.122484
0.000010 0.000010 0.000010 0.999834 0.000010 0.000010 0.000016 0.000010 0.000010 0.000010 0.000010 0.000010 0.000010 0.000010 0.000010 0.000010 0.000010
0.000011 0.000010 0.000010 0.999839 0.000010 0.000010 0.000010 0.000010 0.000010 0.000010 0.000010 0.000010 0.000010 0.000010 0.000010 0.000010 0.000010
0.000010 0.000010 0.000010 0.999840 0.000010 0.000010 0.000010 0.000010 0.000010 0.000010 0.000010 0.000010 0.000010 0.000010 0.000010 0.000010 0.000010
0.000010 0.000010 0.000010 0.000010 0.000010 0.000010 0.000010 0.999840 0.000010 0.000010 0.000010 0.000010 0.000010 0.000010 0.000010 0.000010 0.000010
0.000010 0.000010 0.000010 0.000010 0.000010 0.000010 0.168517 0.000010 0.000010 0.000010 0.656848 0.000010 0.000010 0.000010 0.000010 0.174495 0.000010
0.999840 0.000010 0.000010 0.000010 0.000010 0.000010 0.000010 0.000010 0.000010 0.000010 0.000010 0.000010 0.000010 0.000010 0.000010 0.000010 0.000010
0.536543 0.000010 0.000010 0.000010 0.000010 0.054431 0.000010 0.000010 0.000010 0.000010 0.166404 0.000010 0.050785 0.000010 0.000010 0.000010 0.191717
0.000010 0.000010 0.000010 0.000010 0.000010 0.000010 0.272667 0.000010 0.000010 0.000010 0.600062 0.000010 0.000010 0.000010 0.000010 0.000010 0.127131
0.000010 0.000010 0.000010 0.000010 0.999840 0.000010 0.000010 0.000010 0.000010 0.000010 0.000010 0.000010 0.000010 0.000010 0.000010 0.000010 0.000010
0.000010 0.000010 0.000010 0.000010 0.999840 0.000010 0.000010 0.000010 0.000010 0.000010 0.000010 0.000010 0.000010 0.000010 0.000010 0.000010 0.000010
0.000010 0.000010 0.000010 0.000010 0.000010 0.000010 0.123334 0.000010 0.171747 0.000010 0.483883 0.000010 0.000010 0.000010 0.000010 0.000010 0.220905
0.000010 0.000010 0.000010 0.000010 0.999840 0.000010 0.000010 0.000010 0.000010 0.000010 0.000010 0.000010 0.000010 0.000010 0.000010 0.000010 0.000010
0.000010 0.020217 0.000010 0.000010 0.000010 0.000010 0.172205 0.061918 0.000010 0.049595 0.669736 0.000010 0.020633 0.000010 0.000010 0.000010 0.005596
0.000010 0.000010 0.000010 0.000010 0.000010 0.000010 0.000010 0.000010 0.000010 0.000010 0.000010 0.000010 0.000010 0.000010 0.000010 0.000010 0.999840
0.000010 0.000010 0.000010 0.000010 0.000010 0.000010 0.000010 0.000010 0.000010 0.000010 0.000010 0.000010 0.000010 0.000010 0.000010 0.000010 0.999840
0.000010 0.000010 0.000010 0.000010 0.000010 0.000010 0.000010 0.000010 0.000010 0.000010 0.000010 0.000010 0.000010 0.000010 0.000010 0.000010 0.999840
0.000010 0.000010 0.000010 0.000010 0.000010 0.000010 0.325820 0.145772 0.080700 0.000010 0.254552 0.000010 0.000010 0.000010 0.000010 0.000010 0.193036
0.000010 0.000010 0.000010 0.000010 0.000010 0.000010 0.138242 0.065931 0.000010 0.000010 0.313455 0.000010 0.000010 0.140048 0.000010 0.061883 0.280331
0.000010 0.000010 0.065139 0.000010 0.000010 0.000010 0.000010 0.178896 0.000010 0.023436 0.000010 0.453298 0.000010 0.000010 0.279111 0.000010 0.000010
0.000010 0.000010 0.000010 0.000010 0.000010 0.000010 0.141644 0.029541 0.000010 0.000010 0.302575 0.000010 0.021948 0.000010 0.000010 0.021974 0.482208
0.000010 0.000010 0.000010 0.000010 0.000010 0.000010 0.000010 0.000010 0.000010 0.000010 0.000010 0.000010 0.000010 0.000010 0.000010 0.000010 0.999840
0.000010 0.000010 0.000010 0.000010 0.000010 0.000010 0.282013 0.330771 0.000010 0.000010 0.180070 0.000010 0.025424 0.000010 0.000010 0.000010 0.181602
0.000010 0.000010 0.000010 0.000010 0.000010 0.000010 0.000010 0.000010 0.088457 0.000010 0.743758 0.000010 0.022498 0.000010 0.000010 0.145157 0.000010
0.000010 0.000010 0.000010 0.064611 0.000010 0.000010 0.316384 0.028135 0.000010 0.000010 0.170728 0.000010 0.000010 0.128850 0.000010 0.042943 0.248250
0.000010 0.000010 0.000010 0.020196 0.000010 0.000010 0.333723 0.216441 0.000010 0.000010 0.000010 0.000010 0.000010 0.007055 0.055753 0.000010 0.366722
0.000010 0.147328 0.000010 0.092251 0.000010 0.000010 0.166836 0.028068 0.000010 0.022217 0.000010 0.086600 0.146280 0.000010 0.000010 0.310330 0.000010
0.000010 0.011942 0.000010 0.000010 0.000010 0.000010 0.202581 0.000010 0.045789 0.000010 0.000010 0.000010 0.000010 0.000010 0.000010 0.000010 0.739558
0.007647 0.211880 0.000010 0.000010 0.000010 0.000010 0.000010 0.000010 0.000010 0.000010 0.000010 0.089294 0.035914 0.000010 0.655146 0.000010 0.000010
0.000010 0.000010 0.000010 0.999838 0.000012 0.000010 0.000010 0.000010 0.000010 0.000010 0.000010 0.000010 0.000010 0.000010 0.000010 0.000010 0.000010
0.000010 0.000010 0.000010 0.567493 0.432357 0.000010 0.000010 0.000010 0.000010 0.000010 0.000010 0.000010 0.000010 0.000010 0.000010 0.000010 0.000010
0.000010 0.000010 0.000010 0.121836 0.851218 0.026805 0.000010 0.000010 0.000010 0.000010 0.000010 0.000010 0.000010 0.000010 0.000010 0.000010 0.000010
0.000010 0.000010 0.000010 0.000010 0.754522 0.000010 0.000010 0.000010 0.000010 0.000010 0.000010 0.000010 0.000010 0.000010 0.245328 0.000010 0.000010
0.000010 0.000010 0.000010 0.000010 0.999840 0.000010 0.000010 0.000010 0.000010 0.000010 0.000010 0.000010 0.000010 0.000010 0.000010 0.000010 0.000010
0.024686 0.000010 0.000010 0.004577 0.780489 0.000010 0.000010 0.000010 0.000010 0.000010 0.000010 0.000010 0.000010 0.000010 0.190119 0.000010 0.000010
0.000010 0.000010 0.000010 0.000010 0.999840 0.000010 0.000010 0.000010 0.000010 0.000010 0.000010 0.000010 0.000010 0.000010 0.000010 0.000010 0.000010
0.000010 0.000010 0.254297 0.000010 0.000010 0.000010 0.000010 0.000010 0.450415 0.000010 0.000010 0.025286 0.220140 0.049742 0.000010 0.000010 0.000010
0.916025 0.000010 0.000010 0.000010 0.083825 0.000010 0.000010 0.000010 0.000010 0.000010 0.000010 0.000010 0.000010 0.000010 0.000010 0.000010 0.000010
0.000010 0.000010 0.000010 0.999840 0.000010 0.000010 0.000010 0.000010 0.000010 0.000010 0.000010 0.000010 0.000010 0.000010 0.000010 0.000010 0.000010
0.000010 0.000010 0.000010 0.000010 0.000010 0.000010 0.553441 0.000010 0.000010 0.000010 0.446409 0.000010 0.000010 0.000010 0.000010 0.000010 0.000010
0.000010 0.000010 0.000010 0.000010 0.999840 0.000010 0.000010 0.000010 0.000010 0.000010 0.000010 0.000010 0.000010 0.000010 0.000010 0.000010 0.000010
0.133788 0.000010 0.123251 0.438050 0.148545 0.000010 0.000010 0.000010 0.000010 0.000010 0.000010 0.000010 0.000010 0.156246 0.000010 0.000010 0.000010
0.000010 0.000010 0.000010 0.000010 0.000010 0.000010 0.000010 0.000010 0.020531 0.000010 0.000010 0.000010 0.496544 0.000010 0.000010 0.482785 0.000010
0.000010 0.039364 0.000010 0.152426 0.650307 0.000010 0.000010 0.000010 0.000010 0.000010 0.000010 0.000010 0.000010 0.000010 0.157773 0.000010 0.000010
0.000010 0.000010 0.888663 0.033437 0.000010 0.000010 0.000010 0.000010 0.000010 0.000010 0.000010 0.000010 0.077760 0.000010 0.000010 0.000010 0.000010
0.000010 0.000010 0.000010 0.174496 0.000010 0.000010 0.000010 0.000010 0.000010 0.000010 0.000010 0.825354 0.000010 0.000010 0.000010 0.000010 0.000010
0.999840 0.000010 0.000010 0.000010 0.000010 0.000010 0.000010 0.000010 0.000010 0.000010 0.000010 0.000010 0.000010 0.000010 0.000010 0.000010 0.000010
0.040761 0.000010 0.000010 0.000010 0.013361 0.000010 0.000010 0.000010 0.000010 0.018007 0.000010 0.173739 0.000010 0.000010 0.000010 0.754013 0.000010
0.000010 0.000010 0.000010 0.000010 0.000010 0.054175 0.122435 0.465969 0.000010 0.000010 0.000010 0.000010 0.092452 0.000010 0.000010 0.054025 0.210835
0.000010 0.054712 0.000010 0.000010 0.000010 0.000010 0.000010 0.000010 0.000010 0.000010 0.007637 0.325693 0.207048 0.212508 0.000010 0.192292 0.000010
0.000010 0.000010 0.196910 0.000010 0.000010 0.000010 0.000010 0.279211 0.158056 0.000010 0.000010 0.182327 0.000010 0.000010 0.110734 0.072653 0.000010
0.018538 0.000010 0.055454 0.000010 0.000010 0.000010 0.000010 0.171832 0.200402 0.000010 0.169224 0.174974 0.000010 0.000010 0.209477 0.000010 0.000010
0.000010 0.000010 0.000010 0.000010 0.000010 0.000010 0.071584 0.000010 0.000010 0.023660 0.751145 0.000010 0.036767 0.013747 0.000010 0.000010 0.102986
0.010704 0.041878 0.000010 0.000010 0.000010 0.000010 0.515336 0.000010 0.000010 0.000010 0.327309 0.000010 0.000010 0.023648 0.000010 0.000010 0.081015
0.000010 0.000010 0.000010 0.000010 0.000010 0.000010 0.000010 0.000010 0.000010 0.000010 0.000010 0.000010 0.999840 0.000010 0.000010 0.000010 0.000010
0.000010 0.000010 0.000010 0.000010 0.000010 0.000010 0.000010 0.000010 0.000010 0.000010 0.000010 0.000010 0.999840 0.000010 0.000010 0.000010 0.000010
0.000010 0.000010 0.898528 0.000010 0.101322 0.000010 0.000010 0.000010 0.000010 0.000010 0.000010 0.000010 0.000010 0.000010 0.000010 0.000010 0.000010
0.225543 0.076785 0.424672 0.014738 0.047216 0.000010 0.043703 0.000010 0.040241 0.027157 0.000010 0.098125 0.000010 0.000015 0.000010 0.001745 0.000010
0.000010 0.098936 0.000010 0.000010 0.000010 0.000010 0.000010 0.672203 0.000010 0.000010 0.166948 0.000010 0.000960 0.000010 0.000010 0.060833 0.000010
0.000010 0.000010 0.999840 0.000010 0.000010 0.000010 0.000010 0.000010 0.000010 0.000010 0.000010 0.000010 0.000010 0.000010 0.000010 0.000010 0.000010
0.145799 0.088803 0.450038 0.065843 0.000010 0.012529 0.000010 0.000010 0.101178 0.034186 0.000010 0.000010 0.000010 0.000010 0.101534 0.000010 0.000010
0.000010 0.000010 0.000010 0.001275 0.000010 0.000010 0.000010 0.000010 0.000010 0.000010 0.000010 0.898021 0.000010 0.000010 0.000010 0.100563 0.000010
0.097807 0.094145 0.545467 0.060884 0.030758 0.000010 0.000010 0.012732 0.000010 0.000010 0.032806 0.085560 0.000010 0.000010 0.007197 0.000010 0.032576
0.000010 0.000010 0.000010 0.000010 0.000010 0.000010 0.000010 0.000010 0.186493 0.000010 0.000010 0.712653 0.000010 0.000010 0.000010 0.100715 0.000010
0.000010 0.000010 0.042131 0.000010 0.000010 0.000010 0.000010 0.000010 0.000010 0.000010 0.000010 0.000010 0.905181 0.000010 0.052548 0.000010 0.000010
0.000010 0.000010 0.000010 0.000010 0.000010 0.000010 0.114903 0.012199 0.021040 0.000010 0.000010 0.354412 0.047746 0.000010 0.000010 0.408238 0.041362
0.000010 0.000010 0.015867 0.000010 0.000010 0.000010 0.032990 0.456093 0.029193 0.032236 0.000010 0.000010 0.000010 0.012368 0.000962 0.254462 0.165750
0.005692 0.109914 0.496575 0.010299 0.098367 0.000010 0.000010 0.000010 0.119062 0.007315 0.000010 0.144181 0.000010 0.000010 0.008516 0.000010 0.000010
0.000010 0.000010 0.000010 0.000010 0.014371 0.000010 0.045875 0.196861 0.000010 0.000010 0.320335 0.000010 0.000010 0.000010 0.000010 0.000010 0.422438
0.000010 0.000010 0.000010 0.000010 0.000010 0.000010 0.999840 0.000010 0.000010 0.000010 0.000010 0.000010 0.000010 0.000010 0.000010 0.000010 0.000010
0.000010 0.000010 0.000010 0.038674 0.000010 0.000010 0.110097 0.000010 0.000010 0.000010 0.598874 0.000010 0.000010 0.000010 0.000010 0.000010 0.252225
0.000010 0.000010 0.000010 0.000010 0.010538 0.000010 0.000010 0.000010 0.000010 0.000010 0.538523 0.000010 0.058312 0.000010 0.000010 0.000010 0.392497
0.000010 0.000010 0.000010 0.000010 0.000010 0.000010 0.999840 0.000010 0.000010 0.000010 0.000010 0.000010 0.000010 0.000010 0.000010 0.000010 0.000010
0.000010 0.000010 0.000010 0.000010 0.000010 0.000010 0.185627 0.099372 0.000010 0.047628 0.407688 0.000010 0.000010 0.000010 0.000010 0.000010 0.259565
0.000010 0.000010 0.000010 0.000010 0.000010 0.000010 0.000010 0.000010 0.000010 0.000010 0.000010 0.000010 0.694385 0.000010 0.000010 0.305465 0.000010
0.000010 0.000010 0.000010 0.999840 0.000010 0.000010 0.000010 0.000010 0.000010 0.000010 0.000010 0.000010 0.000010 0.000010 0.000010 0.000010 0.000010
0.000010 0.999840 0.000010 0.000010 0.000010 0.000010 0.000010 0.000010 0.000010 0.000010 0.000010 0.000010 0.000010 0.000010 0.000010 0.000010 0.000010
0.000010 0.000010 0.000010 0.025136 0.974714 0.000010 0.000010 0.000010 0.000010 0.000010 0.000010 0.000010 0.000010 0.000010 0.000010 0.000010 0.000010
0.000010 0.000010 0.000010 0.000010 0.846074 0.000010 0.000010 0.000010 0.000010 0.000010 0.000010 0.000010 0.000010 0.000010 0.153776 0.000010 0.000010
0.000010 0.000010 0.000010 0.000010 0.999839 0.000010 0.000011 0.000010 0.000010 0.000010 0.000010 0.000010 0.000010 0.000010 0.000010 0.000010 0.000010
0.999840 0.000010 0.000010 0.000010 0.000010 0.000010 0.000010 0.000010 0.000010 0.000010 0.000010 0.000010 0.000010 0.000010 0.000010 0.000010 0.000010
0.000010 0.000010 0.000010 0.000010 0.000010 0.000010 0.000010 0.000010 0.000010 0.000010 0.000010 0.000010 0.926019 0.000010 0.073831 0.000010 0.000010
0.000010 0.000010 0.000010 0.000010 0.000010 0.000010 0.000010 0.053822 0.000010 0.000010 0.000010 0.000010 0.946028 0.000010 0.000010 0.000010 0.000010
0.000010 0.000010 0.000010 0.000010 0.000010 0.000010 0.031273 0.124880 0.000010 0.043699 0.785828 0.000010 0.000010 0.014199 0.000010 0.000010 0.000010
0.000010 0.999840 0.000010 0.000010 0.000010 0.000010 0.000010 0.000010 0.000010 0.000010 0.000010 0.000010 0.000010 0.000010 0.000010 0.000010 0.000010
0.000010 0.000010 0.000010 0.000010 0.000010 0.000010 0.209882 0.000010 0.000010 0.000010 0.000010 0.789962 0.000010 0.000010 0.000016 0.000010 0.000010
0.000010 0.000010 0.000010 0.000010 0.004130 0.000010 0.000010 0.000010 0.000010 0.088849 0.000010 0.000010 0.784088 0.000010 0.122803 0.000010 0.000010
0.000010 0.000010 0.000010 0.000010 0.000010 0.000010 0.000010 0.000010 0.000010 0.000010 0.000010 0.000010 0.000010 0.999840 0.000010 0.000010 0.000010
0.000010 0.000010 0.064204 0.000010 0.070674 0.000010 0.006474 0.356679 0.015811 0.000010 0.173991 0.062627 0.042718 0.144353 0.000010 0.062398 0.000010
0.000010 0.000010 0.000010 0.000010 0.000010 0.000010 0.000010 0.000010 0.000010 0.000010 0.000010 0.000010 0.699910 0.242975 0.000010 0.000010 0.056975
0.667814 0.000010 0.000010 0.000010 0.000010 0.000010 0.000010 0.126861 0.000010 0.000010 0.063387 0.000010 0.000010 0.141807 0.000010 0.000010 0.000010
0.000010 0.000010 0.000010 0.000010 0.000010 0.000010 0.000010 0.098878 0.000010 0.000010 0.000010 0.000010 0.464735 0.281344 0.000010 0.154913 0.000010
0.036206 0.000010 0.031638 0.000010 0.000010 0.000010 0.095442 0.413716 0.000010 0.000010 0.212224 0.000010 0.061722 0.069355 0.000010 0.079605 0.000010
0.000010 0.000010 0.000010 0.000010 0.000010 0.000010 0.000010 0.136650 0.000010 0.000010 0.000010 0.000010 0.445505 0.000010 0.074019 0.343695 0.000010
0.000010 0.000010 0.000010 0.000010 0.022270 0.000010 0.000010 0.000010 0.088794 0.000010 0.000010 0.268310 0.620497 0.000010 0.000010 0.000010 0.000010
0.072894 0.084847 0.620415 0.055493 0.000010 0.000010 0.000010 0.000010 0.112311 0.000010 0.000010 0.012360 0.000010 0.000010 0.041579 0.000010 0.000010
0.000010 0.000010 0.000010 0.000010 0.000010 0.000010 0.000010 0.000010 0.000010 0.000010 0.000010 0.999840 0.000010 0.000010 0.000010 0.000010 0.000010
0.000010 0.000010 0.009140 0.015380 0.000010 0.000010 0.084372 0.004859 0.000010 0.034352 0.633592 0.000010 0.009966 0.000010 0.000010 0.070945 0.137315
0.000010 0.000010 0.000010 0.000010 0.000010 0.000010 0.000010 0.000010 0.000010 0.000010 0.697397 0.000010 0.000010 0.000010 0.000010 0.000010 0.302453
0.000010 0.420076 0.560839 0.000010 0.018945 0.000010 0.000010 0.000010 0.000010 0.000010 0.000010 0.000010 0.000010 0.000010 0.000010 0.000010 0.000010
0.000010 0.999840 0.000010 0.000010 0.000010 0.000010 0.000010 0.000010 0.000010 0.000010 0.000010 0.000010 0.000010 0.000010 0.000010 0.000010 0.000010
0.007782 0.000010 0.000010 0.000010 0.000010 0.045031 0.000010 0.000010 0.000010 0.843933 0.000010 0.003104 0.051532 0.000010 0.000010 0.036415 0.012102
0.000010 0.000010 0.000010 0.000010 0.000010 0.000010 0.000010 0.000010 0.000010 0.999840 0.000010 0.000010 0.000010 0.000010 0.000010 0.000010 0.000010
0.999840 0.000010 0.000010 0.000010 0.000010 0.000010 0.000010 0.000010 0.000010 0.000010 0.000010 0.000010 0.000010 0.000010 0.000010 0.000010 0.000010
0.000010 0.000010 0.000010 0.066783 0.000010 0.000010 0.190689 0.555278 0.034373 0.000010 0.000010 0.000010 0.062915 0.015028 0.074833 0.000010 0.000010
0.000010 0.000010 0.211397 0.044206 0.037639 0.000010 0.068581 0.083504 0.000010 0.000010 0.000010 0.000010 0.423129 0.131444 0.000010 0.000010 0.000010
0.000010 0.000010 0.000010 0.000010 0.012780 0.000010 0.117848 0.000010 0.093024 0.000010 0.336951 0.000010 0.000010 0.013042 0.000010 0.000010 0.426245
0.000010 0.000010 0.000010 0.000010 0.038762 0.000010 0.007565 0.000010 0.000010 0.000010 0.000010 0.352842 0.000010 0.415573 0.000010 0.185138 0.000010
0.000010 0.000010 0.000010 0.000010 0.000010 0.000010 0.000010 0.000010 0.000010 0.000010 0.999840 0.000010 0.000010 0.000010 0.000010 0.000010 0.000010
0.000010 0.000010 0.000010 0.000010 0.000010 0.000010 0.207840 0.000010 0.139202 0.043654 0.000010 0.000010 0.077743 0.000010 0.000010 0.000010 0.531441
0.000010 0.000010 0.000010 0.000010 0.000010 0.000010 0.000010 0.000010 0.000010 0.999840 0.000010 0.000010 0.000010 0.000010 0.000010 0.000010 0.000010
0.000010 0.000010 0.000010 0.000010 0.000010 0.000010 0.000010 0.187631 0.000010 0.025529 0.063761 0.333201 0.000010 0.000010 0.012300 0.377467 0.000010
0.000010 0.000010 0.000010 0.000010 0.017818 0.105489 0.000010 0.000010 0.000010 0.876553 0.000010 0.000010 0.000010 0.000010 0.000010 0.000010 0.000010
0.000010 0.000010 0.000010 0.000010 0.000010 0.000010 0.000010 0.000010 0.000010 0.999840 0.000010 0.000010 0.000010 0.000010 0.000010 0.000010 0.000010
0.000010 0.020299 0.000010 0.000010 0.000010 0.000010 0.000010 0.000010 0.000010 0.905689 0.000010 0.000010 0.000010 0.000010 0.000010 0.073872 0.000010
0.000010 0.000010 0.000010 0.000010 0.057886 0.000010 0.000010 0.039711 0.000010 0.000010 0.000010 0.315149 0.118614 0.000010 0.203279 0.265251 0.000010
0.000010 0.000010 0.000010 0.000010 0.000010 0.000010 0.180718 0.000010 0.121177 0.000010 0.258395 0.000010 0.132125 0.024859 0.004471 0.000010 0.278155
0.000010 0.000010 0.000010 0.000010 0.000010 0.000010 0.000010 0.000010 0.000010 0.000010 0.000010 0.000010 0.000010 0.000010 0.000010 0.000010 0.999840
0.000010 0.188594 0.016442 0.000010 0.025971 0.158264 0.226416 0.000010 0.000010 0.000010 0.000010 0.350805 0.000010 0.000010 0.033407 0.000010 0.000010
0.041445 0.441634 0.000010 0.000010 0.071723 0.000010 0.000010 0.000010 0.000010 0.000010 0.000010 0.373590 0.000010 0.000010 0.049361 0.000010 0.022137
0.088586 0.000010 0.166028 0.000010 0.000010 0.000010 0.000010 0.315514 0.009094 0.000010 0.206398 0.000010 0.000010 0.056912 0.060633 0.096746 0.000010
0.000010 0.000010 0.000010 0.000010 0.000010 0.000010 0.133404 0.006943 0.150898 0.016410 0.325350 0.000010 0.124290 0.001362 0.003389 0.000010 0.237874
0.000010 0.000010 0.000010 0.000010 0.000010 0.000010 0.000010 0.000010 0.000010 0.000010 0.000010 0.000010 0.000010 0.000010 0.999840 0.000010 0.000010
0.000010 0.000010 0.000010 0.000010 0.000010 0.000010 0.000010 0.000010 0.000010 0.000010 0.000010 0.000010 0.000010 0.000010 0.999840 0.000010 0.000010
0.000010 0.000010 0.000010 0.000010 0.000010 0.000010 0.000010 0.000010 0.000010 0.000010 0.000010 0.000010 0.000010 0.000010 0.999840 0.000010 0.000010
0.000010 0.000010 0.000010 0.000010 0.000010 0.000010 0.656228 0.000010 0.000010 0.000010 0.343622 0.000010 0.000010 0.000010 0.000010 0.000010 0.000010
0.000010 0.027091 0.000010 0.000010 0.000010 0.000010 0.130827 0.000010 0.132021 0.000010 0.653940 0.000010 0.000010 0.056001 0.000010 0.000010 0.000010
0.000010 0.000010 0.000010 0.000010 0.000010 0.005462 0.000010 0.307000 0.000010 0.054719 0.468237 0.000010 0.000010 0.016116 0.000010 0.000010 0.148356
0.000010 0.000010 0.000010 0.042998 0.000010 0.000010 0.000010 0.000010 0.000010 0.000010 0.306468 0.000010 0.000010 0.000010 0.000010 0.000010 0.650395
0.999840 0.000010 0.000010 0.000010 0.000010 0.000010 0.000010 0.000010 0.000010 0.000010 0.000010 0.000010 0.000010 0.000010 0.000010 0.000010 0.000010
0.000010 0.000010 0.000010 0.000010 0.000010 0.000010 0.000010 0.000010 0.088708 0.000010 0.000010 0.000010 0.042613 0.868538 0.000010 0.000010 0.000010
0.190477 0.000010 0.234414 0.112376 0.137385 0.000010 0.105566 0.000010 0.092229 0.003097 0.000010 0.035981 0.023516 0.000010 0.034443 0.000010 0.030457
0.000010 0.000010 0.202442 0.000010 0.000010 0.000010 0.075724 0.003106 0.502185 0.000010 0.000010 0.000010 0.000010 0.098964 0.000010 0.000010 0.117469
0.362944 0.000010 0.591810 0.016831 0.028285 0.000010 0.000010 0.000010 0.000010 0.000010 0.000010 0.000010 0.000010 0.000010 0.000010 0.000010 0.000010
0.000010 0.000010 0.885201 0.071291 0.000010 0.000010 0.000010 0.000010 0.000010 0.000010 0.000010 0.000010 0.000010 0.000010 0.043368 0.000010 0.000010
0.064801 0.000010 0.757308 0.000010 0.074339 0.000010 0.000010 0.000010 0.000010 0.000010 0.000010 0.103422 0.000010 0.000010 0.000010 0.000010 0.000010
0.000010 0.000010 0.881947 0.019618 0.000010 0.000010 0.000010 0.000010 0.000010 0.000010 0.000010 0.000010 0.000010 0.005760 0.092545 0.000010 0.000010
0.000010 0.000010 0.070918 0.000010 0.125433 0.000010 0.000010 0.000010 0.000010 0.000010 0.000010 0.803509 0.000010 0.000010 0.000010 0.000010 0.000010
0.000010 0.000010 0.000010 0.000010 0.000010 0.000010 0.000010 0.000010 0.000010 0.999840 0.000010 0.000010 0.000010 0.000010 0.000010 0.000010 0.000010
0.000010 0.000010 0.000010 0.000010 0.000010 0.000010 0.000010 0.000010 0.000010 0.000010 0.000010 0.000010 0.000010 0.000010 0.000010 0.999840 0.000010
0.000010 0.000010 0.000010 0.007068 0.023262 0.000010 0.350332 0.244117 0.000010 0.000010 0.000010 0.000010 0.000010 0.340430 0.000010 0.034680 0.000010
0.000010 0.232404 0.737610 0.000010 0.017179 0.000010 0.000010 0.000010 0.000010 0.012678 0.000010 0.000010 0.000010 0.000010 0.000010 0.000010 0.000010
0.000010 0.000010 0.000010 0.000010 0.000010 0.042906 0.000010 0.538829 0.000010 0.000010 0.157988 0.000010 0.000010 0.018959 0.000010 0.028381 0.212827
0.000010 0.000010 0.826863 0.000010 0.055754 0.000010 0.000010 0.000010 0.000010 0.000010 0.000010 0.000010 0.000010 0.000010 0.117243 0.000010 0.000010
0.000010 0.000010 0.000010 0.000010 0.000010 0.000010 0.300704 0.353452 0.000010 0.000010 0.000010 0.000010 0.023370 0.143708 0.000010 0.000010 0.178646
0.000010 0.000010 0.000010 0.000010 0.043305 0.000010 0.175352 0.267249 0.000010 0.000010 0.164016 0.000010 0.227088 0.122880 0.000010 0.000010 0.000010
0.000010 0.000010 0.000010 0.000010 0.000010 0.000010 0.000010 0.125050 0.000010 0.000010 0.000010 0.000010 0.213534 0.314291 0.068952 0.162742 0.115320
0.000010 0.092866 0.000010 0.033551 0.003846 0.115032 0.000010 0.120253 0.000010 0.000010 0.174599 0.161383 0.016043 0.000010 0.071665 0.210693 0.000010
0.000010 0.000010 0.000010 0.000010 0.000010 0.000010 0.083251 0.031060 0.004423 0.000010 0.000010 0.000010 0.452965 0.344168 0.084022 0.000010 0.000010
0.000010 0.000010 0.000010 0.000010 0.024230 0.000010 0.016388 0.038954 0.000010 0.000010 0.000010 0.029844 0.501688 0.043475 0.036042 0.288411 0.020889
0.000010 0.061395 0.000010 0.000010 0.000010 0.000010 0.255555 0.000010 0.000010 0.000010 0.000010 0.422314 0.000010 0.025846 0.234770 0.000010 0.000010
0.000010 0.000010 0.133077 0.000010 0.000010 0.000010 0.000010 0.000011 0.621610 0.000010 0.000010 0.070097 0.000010 0.000010 0.175085 0.000010 0.000010
0.000010 0.044416 0.055117 0.042485 0.001627 0.000010 0.012395 0.000010 0.000010 0.021404 0.000010 0.396538 0.000010 0.187258 0.238681 0.000010 0.000010
0.000010 0.000010 0.000010 0.000010 0.000010 0.000010 0.000010 0.000010 0.999840 0.000010 0.000010 0.000010 0.000010 0.000010 0.000010 0.000010 0.000010
0.000010 0.000010 0.000010 0.000010 0.000010 0.000010 0.000010 0.000010 0.999840 0.000010 0.000010 0.000010 0.000010 0.000010 0.000010 0.000010 0.000010
0.000010 0.000010 0.000010 0.034441 0.000010 0.000010 0.000010 0.015193 0.233422 0.000010 0.205284 0.298920 0.000010 0.062706 0.067223 0.082721 0.000010
0.000010 0.000010 0.000010 0.000010 0.000010 0.000010 0.000010 0.000010 0.999840 0.000010 0.000010 0.000010 0.000010 0.000010 0.000010 0.000010 0.000010
0.000010 0.000010 0.000010 0.000010 0.000010 0.000010 0.000010 0.000010 0.000010 0.000010 0.000010 0.000010 0.376055 0.623795 0.000010 0.000010 0.000010
0.000010 0.000010 0.000010 0.000010 0.000010 0.000010 0.178662 0.660581 0.045851 0.000010 0.000010 0.000010 0.000010 0.000010 0.000010 0.000010 0.114776
0.000010 0.014523 0.000010 0.000010 0.000010 0.000010 0.060662 0.168459 0.000010 0.000010 0.190783 0.000010 0.243589 0.217674 0.104211 0.000010 0.000010
0.000010 0.000010 0.320488 0.000010 0.000010 0.000010 0.000010 0.000010 0.000010 0.000010 0.000010 0.000010 0.000010 0.679362 0.000010 0.000010 0.000010
0.000010 0.000010 0.999840 0.000010 0.000010 0.000010 0.000010 0.000010 0.000010 0.000010 0.000010 0.000010 0.000010 0.000010 0.000010 0.000010 0.000010
0.000010 0.034739 0.000010 0.000010 0.000010 0.003422 0.170005 0.638774 0.144630 0.000010 0.000010 0.000010 0.000010 0.000010 0.000010 0.008319 0.000010
0.000010 0.000010 0.000010 0.000010 0.000010 0.000010 0.000010 0.000010 0.000010 0.000010 0.000010 0.000010 0.081906 0.917944 0.000010 0.000010 0.000010
0.000010 0.000010 0.000010 0.000010 0.000010 0.651042 0.000010 0.000010 0.000010 0.331759 0.000010 0.000010 0.000010 0.000010 0.017059 0.000010 0.000010
0.000010 0.000010 0.000010 0.000010 0.046755 0.182457 0.000010 0.000010 0.000010 0.729533 0.000010 0.000010 0.000010 0.000010 0.000010 0.041126 0.000010
0.000010 0.000010 0.000010 0.000010 0.000010 0.000010 0.000010 0.000010 0.000010 0.000010 0.000010 0.000010 0.000010 0.000010 0.999840 0.000010 0.000010
0.000010 0.000010 0.000010 0.000010 0.013179 0.298106 0.000010 0.000010 0.000010 0.688575 0.000010 0.000010 0.000010 0.000010 0.000010 0.000010 0.000010
0.073075 0.052168 0.000010 0.000010 0.000010 0.117685 0.000010 0.000010 0.000010 0.713380 0.009345 0.000010 0.000010 0.000010 0.000010 0.034237 0.000010
0.150775 0.000010 0.000010 0.000010 0.000010 0.614396 0.000010 0.008865 0.000010 0.119059 0.000010 0.000010 0.000010 0.000010 0.000010 0.055831 0.050964
0.000010 0.000010 0.999840 0.000010 0.000010 0.000010 0.000010 0.000010 0.000010 0.000010 0.000010 0.000010 0.000010 0.000010 0.000010 0.000010 0.000010
0.000010 0.000010 0.000010 0.022676 0.000010 0.479283 0.000010 0.000010 0.000010 0.421556 0.000010 0.060652 0.000010 0.000010 0.015712 0.000010 0.000010
0.014545 0.000010 0.000010 0.000010 0.000010 0.071899 0.000010 0.051014 0.000010 0.721999 0.000010 0.000010 0.012139 0.000010 0.065867 0.000010 0.062437
0.000010 0.175302 0.000010 0.031053 0.000010 0.169375 0.016228 0.000010 0.000010 0.581316 0.000010 0.026615 0.000010 0.000010 0.000010 0.000010 0.000010
0.000010 0.000010 0.000010 0.000010 0.000010 0.000010 0.000010 0.795332 0.000010 0.000010 0.000010 0.000010 0.013171 0.055890 0.000010 0.000010 0.135477
0.000010 0.000010 0.000010 0.000010 0.022784 0.022897 0.000010 0.908840 0.000010 0.000010 0.000010 0.000010 0.045349 0.000010 0.000010 0.000010 0.000010
0.000010 0.290104 0.000010 0.000010 0.000010 0.000010 0.000010 0.046607 0.000010 0.000010 0.000010 0.440158 0.095898 0.000010 0.000010 0.127114 0.000010
0.004599 0.000010 0.000010 0.000010 0.000010 0.000010 0.069264 0.345621 0.000010 0.000010 0.030822 0.000010 0.093362 0.178302 0.196721 0.000010 0.081219
0.000010 0.188139 0.000010 0.000010 0.000010 0.364176 0.000010 0.000010 0.000010 0.447545 0.000010 0.000010 0.000010 0.000010 0.000010 0.000010 0.000010
0.000010 0.073550 0.008005 0.024672 0.030097 0.014955 0.000010 0.090863 0.000010 0.000010 0.000010 0.035474 0.109948 0.364563 0.189727 0.058086 0.000010
0.000010 0.117767 0.000010 0.018906 0.000010 0.000010 0.000010 0.000010 0.030696 0.779875 0.000010 0.052636 0.000010 0.000010 0.000010 0.000010 0.000010
0.000010 0.075829 0.029384 0.000010 0.018014 0.327949 0.000010 0.000010 0.082737 0.450806 0.000010 0.000010 0.000010 0.000010 0.000010 0.000010 0.015180
0.000010 0.085054 0.003447 0.020211 0.000010 0.000010 0.122100 0.234097 0.000010 0.000010 0.184962 0.000010 0.138936 0.124100 0.000010 0.000010 0.087013
0.000010 0.000010 0.000010 0.000010 0.000010 0.000010 0.000010 0.809555 0.107211 0.000010 0.000010 0.000010 0.000010 0.000010 0.000010 0.083094 0.000010
0.000010 0.000010 0.000010 0.000010 0.032728 0.202353 0.000010 0.000010 0.000010 0.617330 0.000010 0.000010 0.033980 0.000010 0.000306 0.113193 0.000010
0.000010 0.000010 0.000010 0.000010 0.000010 0.000010 0.000010 0.737496 0.021991 0.000010 0.160350 0.067663 0.000010 0.000010 0.012381 0.000010 0.000010
0.000010 0.000010 0.000010 0.000010 0.000010 0.000010 0.000010 0.106354 0.000010 0.027263 0.000010 0.649342 0.000010 0.000010 0.000010 0.184753 0.032168
0.000010 0.000010 0.000010 0.000010 0.000010 0.635798 0.000010 0.000010 0.000010 0.364052 0.000010 0.000010 0.000010 0.000010 0.000010 0.000010 0.000010
0.009135 0.149074 0.000010 0.000010 0.000010 0.173738 0.000010 0.000010 0.065088 0.559077 0.000010 0.000010 0.021953 0.000010 0.000010 0.021836 0.000010
0.000010 0.000010 0.000010 0.000010 0.000010 0.000010 0.000010 0.000010 0.000010 0.999840 0.000010 0.000010 0.000010 0.000010 0.000010 0.000010 0.000010
0.000010 0.035548 0.036348 0.025877 0.000010 0.011233 0.000010 0.000010 0.088072 0.000010 0.000010 0.137103 0.000010 0.665719 0.000010 0.000010 0.000010
0.000010 0.000010 0.000010 0.000010 0.000010 0.000010 0.000010 0.000010 0.000010 0.000010 0.000010 0.849903 0.000010 0.000010 0.149947 0.000010 0.000010
0.000010 0.000010 0.402721 0.000010 0.000010 0.000010 0.000010 0.027789 0.152299 0.000010 0.101061 0.000010 0.000010 0.157487 0.000010 0.000010 0.158533
0.000010 0.000010 0.039884 0.000010 0.000010 0.069743 0.000010 0.257867 0.000010 0.035608 0.118649 0.051915 0.012998 0.186207 0.227048 0.000010 0.000010
0.039161 0.000010 0.000010 0.000010 0.009125 0.582259 0.000010 0.000010 0.000010 0.194769 0.000010 0.069009 0.000010 0.000010 0.000010 0.000010 0.105568
0.000010 0.000010 0.000010 0.000010 0.000010 0.399610 0.000010 0.000010 0.119335 0.480915 0.000010 0.000010 0.000010 0.000010 0.000010 0.000010 0.000010
0.000010 0.029065 0.000010 0.000885 0.077350 0.635273 0.000010 0.000010 0.075504 0.099446 0.000010 0.000010 0.011561 0.000010 0.043979 0.026859 0.000010
0.000010 0.000010 0.000010 0.022240 0.003749 0.456467 0.000010 0.020522 0.111113 0.385799 0.000010 0.000010 0.000010 0.000010 0.000010 0.000010 0.000010
0.000010 0.028881 0.000010 0.000010 0.000010 0.000010 0.000010 0.613187 0.260957 0.000010 0.087191 0.000010 0.000010 0.000010 0.009664 0.000010 0.000010
0.000010 0.000010 0.000010 0.006852 0.000010 0.000010 0.000010 0.000010 0.000010 0.000010 0.799376 0.000010 0.059549 0.134093 0.000010 0.000010 0.000010
0.000010 0.072375 0.000010 0.014124 0.035029 0.000010 0.270851 0.006436 0.000010 0.000010 0.380447 0.000010 0.020100 0.000010 0.000010 0.000010 0.200548
0.000010 0.000010 0.000536 0.000010 0.000010 0.000010 0.000010 0.000010 0.045087 0.000010 0.866549 0.000010 0.087698 0.000010 0.000010 0.000010 0.000010
0.349748 0.000010 0.000010 0.000010 0.000010 0.000010 0.000010 0.000784 0.000010 0.068834 0.072277 0.508236 0.000010 0.000010 0.000010 0.000010 0.000010
0.000010 0.000010 0.000010 0.000010 0.000010 0.201115 0.000010 0.000010 0.012919 0.752462 0.000010 0.000010 0.000010 0.000010 0.000010 0.033374 0.000010
0.347822 0.000010 0.000010 0.000010 0.000010 0.000010 0.000010 0.000010 0.000010 0.000010 0.000010 0.652028 0.000010 0.000010 0.000010 0.000010 0.000010
0.296398 0.000010 0.000010 0.000010 0.000010 0.000010 0.000010 0.181780 0.000010 0.017149 0.000010 0.504543 0.000010 0.000010 0.000010 0.000010 0.000010
0.020223 0.000010 0.000010 0.011675 0.017802 0.618921 0.012697 0.000010 0.000010 0.237805 0.000010 0.000010 0.080776 0.000010 0.000010 0.000010 0.000010
0.000010 0.000010 0.000010 0.000010 0.000010 0.798222 0.000010 0.000010 0.049457 0.152182 0.000010 0.000010 0.000010 0.000010 0.000010 0.000010 0.000010
0.000010 0.016226 0.000010 0.000010 0.000010 0.107353 0.000010 0.001093 0.000010 0.847677 0.000010 0.000010 0.000010 0.000010 0.000010 0.000010 0.027531
0.000010 0.000010 0.000010 0.074697 0.000010 0.580622 0.000010 0.000010 0.000010 0.220829 0.000010 0.000010 0.000010 0.000010 0.038719 0.000010 0.085014
0.000010 0.000010 0.000010 0.000010 0.000010 0.000010 0.354200 0.000010 0.000010 0.000010 0.494255 0.000010 0.122159 0.000010 0.000010 0.029257 0.000010
0.000010 0.000010 0.000010 0.000010 0.000010 0.000010 0.314685 0.139834 0.000010 0.000010 0.417065 0.000010 0.117680 0.000010 0.010615 0.000010 0.000010
0.000010 0.000010 0.000010 0.000010 0.006403 0.035966 0.054130 0.012932 0.000010 0.000010 0.326143 0.000010 0.000010 0.148225 0.000010 0.000010 0.416101
0.000010 0.113859 0.000010 0.000010 0.000010 0.726152 0.000010 0.000010 0.000010 0.146548 0.000010 0.000010 0.000010 0.000010 0.000010 0.013311 0.000010
0.000010 0.000010 0.000010 0.000010 0.000012 0.000010 0.000010 0.000010 0.000010 0.000010 0.220830 0.000010 0.000010 0.000010 0.000010 0.000010 0.779018
0.000010 0.000010 0.000010 0.000010 0.036633 0.000010 0.000010 0.000010 0.000010 0.000010 0.817909 0.000010 0.000010 0.145318 0.000010 0.000010 0.000010
0.000010 0.000010 0.000010 0.009881 0.000010 0.000010 0.263289 0.198224 0.000010 0.000010 0.000010 0.030039 0.211786 0.286671 0.000010 0.000010 0.000010
0.000010 0.000010 0.000010 0.000010 0.000010 0.685695 0.000010 0.000010 0.000010 0.263049 0.000010 0.000010 0.051116 0.000010 0.000010 0.000010 0.000010
0.000010 0.000010 0.000010 0.000010 0.000010 0.195294 0.000010 0.000010 0.000010 0.804556 0.000010 0.000010 0.000010 0.000010 0.000010 0.000010 0.000010
0.000010 0.012631 0.000010 0.000010 0.000010 0.788595 0.000010 0.000010 0.005642 0.113021 0.000010 0.000010 0.029630 0.050371 0.000010 0.000010 0.000010
0.000010 0.164618 0.000010 0.000010 0.000010 0.459543 0.000010 0.000010 0.000010 0.287660 0.000010 0.000010 0.000010 0.000010 0.000010 0.071498 0.016561
0.000010 0.157604 0.000010 0.000010 0.000010 0.458909 0.000010 0.000010 0.025848 0.288793 0.000010 0.021070 0.000010 0.028614 0.019062 0.000010 0.000010
0.000010 0.000010 0.000010 0.026701 0.000010 0.538909 0.021420 0.000010 0.000010 0.317784 0.000010 0.071315 0.023761 0.000010 0.000010 0.000010 0.000010
0.000010 0.087738 0.000010 0.000010 0.000010 0.544325 0.000010 0.000010 0.000010 0.351434 0.000010 0.000010 0.016373 0.000010 0.000010 0.000010 0.000010
0.000010 0.056447 0.000010 0.029611 0.025639 0.581192 0.020888 0.000010 0.029354 0.252789 0.000010 0.000010 0.000010 0.000010 0.000010 0.000010 0.003991
0.000010 0.000010 0.273910 0.000010 0.000010 0.004584 0.066461 0.189032 0.033723 0.000010 0.000010 0.000010 0.419254 0.012937 0.000010 0.000010 0.000010
0.000010 0.000010 0.000010 0.000010 0.000010 0.000010 0.363965 0.000010 0.000010 0.000010 0.000010 0.000010 0.000010 0.635885 0.000010 0.000010 0.000010
0.000010 0.000010 0.000010 0.018503 0.000010 0.839146 0.000010 0.000010 0.000010 0.112200 0.000010 0.000010 0.007299 0.022732 0.000010 0.000010 0.000010
0.000010 0.000010 0.000010 0.000010 0.109376 0.780816 0.000010 0.009210 0.000010 0.100469 0.000010 0.000010 0.000010 0.000010 0.000010 0.000010 0.000010
0.000010 0.000010 0.000010 0.000010 0.000010 0.000010 0.000010 0.000010 0.000010 0.123618 0.639598 0.000010 0.000010 0.044076 0.000010 0.000010 0.192578
0.000010 0.000010 0.000010 0.000010 0.000010 0.000010 0.217277 0.000010 0.167365 0.000010 0.271070 0.000010 0.000010 0.000010 0.031054 0.025665 0.287459
0.009261 0.000010 0.000010 0.017405 0.000010 0.000010 0.405826 0.000010 0.000010 0.000010 0.488831 0.000010 0.000010 0.048294 0.028487 0.001796 0.000010
0.000010 0.748793 0.000010 0.000010 0.000010 0.000010 0.000010 0.119011 0.000010 0.132056 0.000010 0.000010 0.000010 0.000010 0.000010 0.000010 0.000010
0.000010 0.000010 0.000010 0.000010 0.000010 0.000010 0.000010 0.000010 0.000010 0.000010 0.000010 0.000010 0.000010 0.000010 0.000010 0.999840 0.000010
0.000010 0.000010 0.000010 0.000010 0.000010 0.000010 0.000010 0.000010 0.000010 0.000010 0.000010 0.000010 0.403506 0.000010 0.000010 0.596344 0.000010
0.000010 0.000010 0.000010 0.000010 0.075531 0.281519 0.000010 0.000010 0.000010 0.642811 0.000010 0.000010 0.000010 0.000010 0.000010 0.000010 0.000010
0.000010 0.000010 0.000010 0.000010 0.156335 0.000010 0.098182 0.000010 0.000010 0.143303 0.000010 0.247464 0.087298 0.000010 0.000010 0.267308 0.000010
0.000010 0.000010 0.000010 0.000010 0.041436 0.000010 0.102215 0.000010 0.000010 0.000010 0.000010 0.084328 0.222994 0.027056 0.000010 0.521861 0.000010
0.000010 0.180724 0.000010 0.000010 0.000010 0.000010 0.000010 0.000010 0.000010 0.819126 0.000010 0.000010 0.000010 0.000010 0.000010 0.000010 0.000010
0.000010 0.000010 0.000010 0.000010 0.022841 0.000010 0.000010 0.000010 0.765882 0.083410 0.000010 0.127737 0.000010 0.000010 0.000010 0.000010 0.000010
0.000010 0.000010 0.000010 0.000010 0.000010 0.000010 0.302502 0.226202 0.149354 0.000010 0.008007 0.142590 0.000010 0.000010 0.028728 0.000010 0.142519
0.000010 0.000010 0.000010 0.000010 0.000010 0.000010 0.000010 0.000010 0.964105 0.000010 0.000010 0.035745 0.000010 0.000010 0.000010 0.000010 0.000010
0.000010 0.000010 0.000010 0.000010 0.000010 0.000010 0.000010 0.000010 0.000010 0.000010 0.000010 0.000010 0.000010 0.999840 0.000010 0.000010 0.000010
0.000010 0.000010 0.000010 0.000010 0.034374 0.000010 0.000010 0.279651 0.000010 0.000010 0.163535 0.105813 0.000010 0.013099 0.000010 0.403419 0.000010
0.170726 0.000010 0.095563 0.002100 0.000010 0.233757 0.000010 0.000010 0.110849 0.009588 0.009551 0.187428 0.000010 0.158766 0.000010 0.000010 0.021600
0.000010 0.000010 0.000010 0.000010 0.000010 0.000010 0.000010 0.999840 0.000010 0.000010 0.000010 0.000010 0.000010 0.000010 0.000010 0.000010 0.000010
0.000010 0.000010 0.000010 0.000010 0.000010 0.000010 0.000010 0.058730 0.000010 0.000010 0.000010 0.624868 0.000010 0.045267 0.109830 0.000010 0.161184
0.000010 0.191834 0.005416 0.000010 0.044610 0.000010 0.000010 0.000010 0.000010 0.758010 0.000010 0.000010 0.000010 0.000010 0.000010 0.000010 0.000010
0.000010 0.000010 0.000010 0.083225 0.060312 0.000010 0.024153 0.180195 0.000010 0.000010 0.096090 0.000010 0.000010 0.019665 0.000010 0.536260 0.000010
0.000010 0.000010 0.000010 0.000010 0.000010 0.000010 0.000010 0.000010 0.999840 0.000010 0.000010 0.000010 0.000010 0.000010 0.000010 0.000010 0.000010
0.000010 0.000010 0.000010 0.132980 0.000010 0.000010 0.000010 0.000010 0.843427 0.000010 0.000010 0.023453 0.000010 0.000010 0.000010 0.000010 0.000010
0.000010 0.382040 0.553021 0.000010 0.000010 0.000010 0.000010 0.005895 0.000010 0.058914 0.000010 0.000010 0.000010 0.000010 0.000010 0.000010 0.000010
