0.000010 0.000010 0.495830 0.000010 0.000010 0.000010 0.000289 0.000010 0.000010 0.100380 0.295957 0.000010 0.057750 0.000010 0.000010 0.000010 0.000010 0.000010 0.015798 0.033867
0.083370 0.005066 0.000010 0.000010 0.096608 0.000010 0.000010 0.472785 0.000010 0.190551 0.000010 0.000010 0.000010 0.000010 0.151479 0.000010 0.000010 0.000010 0.000010 0.000010
0.047077 0.000010 0.018173 0.000010 0.000010 0.000010 0.000010 0.000010 0.000010 0.095243 0.000010 0.000010 0.000010 0.000010 0.124675 0.714682 0.000010 0.000010 0.000010 0.000010
0.000010 0.000010 0.000010 0.000010 0.180530 0.000010 0.000010 0.000010 0.000010 0.000010 0.000010 0.000010 0.000010 0.000010 0.813884 0.000010 0.000010 0.005416 0.000010 0.000010
0.000010 0.000010 0.000010 0.000010 0.035303 0.000010 0.000010 0.000010 0.000010 0.000010 0.000010 0.000010 0.000010 0.000010 0.896986 0.000010 0.000010 0.067541 0.000010 0.000010
0.000010 0.017907 0.000010 0.000010 0.000010 0.000010 0.000010 0.086269 0.000010 0.090639 0.000010 0.000010 0.000010 0.000010 0.687133 0.117902 0.000010 0.000010 0.000010 0.000010
0.044163 0.025523 0.028456 0.000010 0.060728 0.000010 0.000010 0.000010 0.000010 0.160256 0.000010 0.000010 0.000010 0.000010 0.242765 0.437979 0.000010 0.000010 0.000010 0.000010
0.000010 0.000010 0.000010 0.000010 0.000010 0.000010 0.007515 0.018836 0.031635 0.136532 0.000010 0.075966 0.000010 0.000010 0.290016 0.439370 0.000010 0.000010 0.000010 0.000010
0.108925 0.024651 0.036044 0.000010 0.001608 0.000010 0.000010 0.000010 0.000010 0.000010 0.277681 0.030651 0.146939 0.000010 0.000010 0.000010 0.000010 0.103032 0.270358 0.000010
0.000010 0.000010 0.000010 0.000010 0.078384 0.000010 0.000010 0.751601 0.000010 0.000010 0.000010 0.000010 0.000010 0.000010 0.000010 0.000010 0.000010 0.169845 0.000010 0.000010
0.000010 0.000010 0.000010 0.999810 0.000010 0.000010 0.000010 0.000010 0.000010 0.000010 0.000010 0.000010 0.000010 0.000010 0.000010 0.000010 0.000010 0.000010 0.000010 0.000010
0.078827 0.000010 0.030650 0.353019 0.000010 0.021927 0.000010 0.000806 0.000010 0.164576 0.000010 0.000010 0.000010 0.000010 0.027651 0.096828 0.000010 0.083891 0.141726 0.000010
0.000010 0.000010 0.000010 0.000010 0.000010 0.999810 0.000010 0.000010 0.000010 0.000010 0.000010 0.000010 0.000010 0.000010 0.000010 0.000010 0.000010 0.000010 0.000010 0.000010
0.000010 0.000010 0.000010 0.000010 0.000010 0.999810 0.000010 0.000010 0.000010 0.000010 0.000010 0.000010 0.000010 0.000010 0.000010 0.000010 0.000010 0.000010 0.000010 0.000010
0.000010 0.000010 0.000010 0.000010 0.000010 0.999810 0.000010 0.000010 0.000010 0.000010 0.000010 0.000010 0.000010 0.000010 0.000010 0.000010 0.000010 0.000010 0.000010 0.000010
0.000010 0.000010 0.137286 0.000010 0.000010 0.000010 0.000010 0.624755 0.000010 0.201073 0.000010 0.000010 0.000010 0.000010 0.000010 0.036726 0.000010 0.000010 0.000010 0.000010
0.000010 0.000010 0.000010 0.000010 0.000010 0.000010 0.000010 0.000010 0.005623 0.181303 0.000010 0.000010 0.000010 0.000010 0.812904 0.000010 0.000010 0.000010 0.000010 0.000010
0.000010 0.000010 0.000010 0.000011 0.000010 0.000010 0.000010 0.000010 0.000010 0.000010 0.000010 0.000010 0.000010 0.000010 0.000010 0.000010 0.000010 0.000010 0.999809 0.000010
0.000010 0.000010 0.000010 0.000010 0.000010 0.000010 0.000010 0.000010 0.000010 0.000010 0.000010 0.000010 0.000010 0.000010 0.000010 0.314081 0.000010 0.027884 0.657866 0.000010
0.045439 0.114580 0.000010 0.000010 0.000010 0.094587 0.000010 0.000010 0.416410 0.000010 0.009668 0.000010 0.049122 0.056986 0.000010 0.000010 0.042049 0.000010 0.162345 0.008713
0.000010 0.000010 0.000010 0.000010 0.000010 0.000010 0.000010 0.000010 0.000010 0.000010 0.000010 0.054141 0.000010 0.000010 0.525644 0.420045 0.000010 0.000010 0.000010 0.000010
0.000010 0.000010 0.000010 0.999810 0.000010 0.000010 0.000010 0.000010 0.000010 0.000010 0.000010 0.000010 0.000010 0.000010 0.000010 0.000010 0.000010 0.000010 0.000010 0.000010
0.000010 0.000010 0.000010 0.999810 0.000010 0.000010 0.000010 0.000010 0.000010 0.000010 0.000010 0.000010 0.000010 0.000010 0.000010 0.000010 0.000010 0.000010 0.000010 0.000010
0.165120 0.000010 0.105477 0.000010 0.000010 0.000010 0.000010 0.000010 0.000010 0.029453 0.000010 0.037702 0.012218 0.000010 0.313279 0.336621 0.000010 0.000010 0.000010 0.000010
0.000010 0.000010 0.000010 0.999810 0.000010 0.000010 0.000010 0.000010 0.000010 0.000010 0.000010 0.000010 0.000010 0.000010 0.000010 0.000010 0.000010 0.000010 0.000010 0.000010
0.062693 0.000010 0.065441 0.002853 0.040163 0.000010 0.000010 0.000010 0.000010 0.150628 0.000010 0.000010 0.000010 0.000010 0.455237 0.196566 0.000010 0.000010 0.000010 0.026298
0.000010 0.063988 0.000010 0.000010 0.000010 0.000010 0.000010 0.000010 0.000010 0.056881 0.000010 0.000010 0.000010 0.027132 0.000010 0.851839 0.000010 0.000010 0.000010 0.000010
0.000010 0.999810 0.000010 0.000010 0.000010 0.000010 0.000010 0.000010 0.000010 0.000010 0.000010 0.000010 0.000010 0.000010 0.000010 0.000010 0.000010 0.000010 0.000010 0.000010
0.000010 0.001296 0.000010 0.000010 0.000010 0.000010 0.000010 0.000010 0.000010 0.141152 0.000010 0.000010 0.000010 0.000010 0.000010 0.823939 0.000010 0.000010 0.033454 0.000010
0.000010 0.000010 0.000010 0.000010 0.000010 0.000010 0.000010 0.000010 0.000010 0.000010 0.000010 0.000010 0.000010 0.000010 0.000010 0.999810 0.000010 0.000010 0.000010 0.000010
0.000010 0.039778 0.187875 0.000010 0.065901 0.000010 0.000010 0.000010 0.000010 0.145002 0.000010 0.000010 0.000010 0.000010 0.241184 0.320119 0.000010 0.000010 0.000010 0.000010
0.000010 0.133084 0.000010 0.000010 0.040422 0.000010 0.000010 0.163314 0.000010 0.148442 0.000010 0.000010 0.000010 0.000010 0.182634 0.331964 0.000010 0.000010 0.000010 0.000010
0.000010 0.000010 0.000010 0.000010 0.000010 0.000010 0.000010 0.016146 0.000010 0.192403 0.057012 0.000010 0.577352 0.000010 0.000010 0.124014 0.032933 0.000010 0.000010 0.000010
0.000010 0.007647 0.000010 0.000010 0.000010 0.000010 0.000010 0.101325 0.000010 0.139700 0.000010 0.007027 0.020092 0.000010 0.294647 0.429431 0.000010 0.000010 0.000010 0.000010
0.000010 0.000010 0.000010 0.000010 0.000010 0.000010 0.000010 0.000010 0.000010 0.000010 0.000010 0.000010 0.000010 0.000010 0.000015 0.999805 0.000010 0.000010 0.000010 0.000010
0.000010 0.000010 0.111572 0.000010 0.000010 0.000010 0.000010 0.084784 0.000010 0.000010 0.186486 0.000010 0.130602 0.000010 0.000010 0.009527 0.073618 0.000010 0.000010 0.403280
0.000010 0.890413 0.000010 0.000010 0.000010 0.000010 0.000010 0.000010 0.000010 0.000010 0.000010 0.000010 0.000010 0.000010 0.109407 0.000010 0.000010 0.000010 0.000010 0.000010
0.034996 0.000010 0.000010 0.000010 0.072784 0.021815 0.000010 0.119886 0.000010 0.319165 0.000010 0.000010 0.000010 0.000010 0.259600 0.161190 0.000010 0.010444 0.000010 0.000010
0.168339 0.000010 0.055392 0.061649 0.000010 0.000010 0.000010 0.000010 0.000010 0.000010 0.000010 0.000010 0.492595 0.000010 0.156143 0.065743 0.000010 0.000010 0.000010 0.000010
0.000010 0.027577 0.000010 0.000010 0.000010 0.000010 0.000010 0.007324 0.000010 0.169237 0.030546 0.065101 0.000010 0.000010 0.564471 0.096617 0.039006 0.000010 0.000010 0.000010
0.000010 0.173594 0.000010 0.000010 0.000010 0.000010 0.000010 0.000010 0.013799 0.000010 0.000010 0.000010 0.470403 0.197602 0.000010 0.000010 0.008259 0.000010 0.000010 0.136202
0.076504 0.081771 0.000010 0.000010 0.098880 0.000010 0.000010 0.000010 0.000010 0.224490 0.000010 0.000010 0.000010 0.000010 0.171307 0.323883 0.000010 0.000010 0.023036 0.000010
0.000010 0.000010 0.000010 0.000010 0.198591 0.000010 0.000010 0.000010 0.123003 0.237631 0.000010 0.000010 0.094314 0.000010 0.000010 0.000010 0.000010 0.260789 0.085532 0.000010
0.000010 0.002474 0.000010 0.000010 0.142635 0.000010 0.000010 0.000010 0.000010 0.120897 0.000010 0.000010 0.000010 0.000010 0.000010 0.698316 0.000010 0.035528 0.000010 0.000010
0.000010 0.000010 0.000010 0.033223 0.000010 0.000010 0.000010 0.000010 0.000010 0.059976 0.000010 0.000010 0.432913 0.000010 0.165504 0.000010 0.013483 0.056542 0.035763 0.202475
0.000010 0.000010 0.000010 0.000010 0.000010 0.999810 0.000010 0.000010 0.000010 0.000010 0.000010 0.000010 0.000010 0.000010 0.000010 0.000010 0.000010 0.000010 0.000010 0.000010
0.000010 0.000010 0.000010 0.000010 0.000010 0.772872 0.000010 0.000010 0.000010 0.000010 0.000010 0.226948 0.000010 0.000010 0.000010 0.000010 0.000010 0.000010 0.000010 0.000010
0.148339 0.200601 0.022465 0.000010 0.000010 0.000010 0.000010 0.026873 0.000010 0.000010 0.000010 0.018618 0.000010 0.000010 0.091490 0.491483 0.000010 0.000010 0.000010 0.000010
0.000010 0.000010 0.000010 0.980789 0.000010 0.019031 0.000010 0.000010 0.000010 0.000010 0.000010 0.000010 0.000010 0.000010 0.000010 0.000010 0.000010 0.000010 0.000010 0.000010
0.000010 0.000010 0.000010 0.000010 0.000010 0.000010 0.000010 0.000010 0.000010 0.000010 0.000010 0.999810 0.000010 0.000010 0.000010 0.000010 0.000010 0.000010 0.000010 0.000010
0.000010 0.000010 0.000010 0.000010 0.000010 0.000010 0.000010 0.000010 0.000010 0.000010 0.000010 0.999810 0.000010 0.000010 0.000010 0.000010 0.000010 0.000010 0.000010 0.000010
0.000010 0.000010 0.000010 0.757431 0.000010 0.006940 0.000010 0.000010 0.000010 0.000010 0.000010 0.091941 0.074906 0.000010 0.000010 0.000010 0.020986 0.000010 0.047657 0.000010
0.000010 0.000010 0.000010 0.000010 0.000010 0.000010 0.000010 0.000010 0.000010 0.000010 0.000010 0.999810 0.000010 0.000010 0.000010 0.000010 0.000010 0.000010 0.000010 0.000010
0.000010 0.100673 0.801100 0.000010 0.000010 0.000010 0.000010 0.000010 0.000010 0.049259 0.000010 0.048808 0.000010 0.000010 0.000010 0.000010 0.000010 0.000010 0.000010 0.000010
0.000010 0.000010 0.000010 0.000010 0.000010 0.000010 0.000010 0.000010 0.000010 0.000010 0.000010 0.200468 0.000010 0.000010 0.000010 0.000010 0.000010 0.000010 0.799352 0.000010
0.000010 0.000010 0.000010 0.000010 0.000010 0.999810 0.000010 0.000010 0.000010 0.000010 0.000010 0.000010 0.000010 0.000010 0.000010 0.000010 0.000010 0.000010 0.000010 0.000010
0.000010 0.000010 0.000010 0.000010 0.000010 0.999810 0.000010 0.000010 0.000010 0.000010 0.000010 0.000010 0.000010 0.000010 0.000010 0.000010 0.000010 0.000010 0.000010 0.000010
0.000010 0.000010 0.000010 0.000010 0.000010 0.000010 0.000010 0.102269 0.025642 0.156529 0.098473 0.000010 0.000010 0.000010 0.000010 0.000010 0.028861 0.000010 0.000010 0.588085
0.000010 0.013477 0.000010 0.000010 0.000010 0.000010 0.000010 0.000010 0.000010 0.142683 0.000010 0.000010 0.000010 0.000010 0.843671 0.000010 0.000010 0.000010 0.000010 0.000010
0.000010 0.000010 0.000010 0.000010 0.000010 0.000010 0.000010 0.184174 0.000010 0.000010 0.000010 0.000010 0.000010 0.000010 0.000010 0.000010 0.000010 0.000010 0.000010 0.815646
0.000010 0.000010 0.000010 0.595158 0.000010 0.136937 0.000010 0.000010 0.000010 0.000010 0.000010 0.267735 0.000010 0.000010 0.000010 0.000010 0.000010 0.000010 0.000010 0.000010
0.000010 0.054328 0.000010 0.022548 0.000010 0.431732 0.000010 0.000010 0.000010 0.000010 0.259741 0.137025 0.000010 0.000010 0.000010 0.000010 0.000010 0.000010 0.094486 0.000010
0.000010 0.000010 0.000010 0.000010 0.000010 0.000010 0.000010 0.000010 0.000010 0.000010 0.000010 0.000010 0.000010 0.000010 0.000010 0.000010 0.000010 0.000010 0.999810 0.000010
0.000010 0.000010 0.000010 0.000010 0.000010 0.000010 0.000010 0.000010 0.000010 0.120356 0.000010 0.000010 0.000010 0.000010 0.000010 0.000010 0.000010 0.879464 0.000010 0.000010
0.000010 0.036446 0.000010 0.677062 0.000010 0.116771 0.000010 0.000010 0.000010 0.000010 0.041523 0.114736 0.013321 0.000010 0.000010 0.000010 0.000010 0.000010 0.000010 0.000010
0.000010 0.000010 0.000010 0.000010 0.000010 0.000010 0.000010 0.097836 0.000010 0.000010 0.000010 0.000010 0.000010 0.000010 0.000010 0.000010 0.000010 0.901984 0.000010 0.000010
0.000010 0.000010 0.000010 0.000010 0.000010 0.000010 0.000010 0.000010 0.000010 0.000010 0.999810 0.000010 0.000010 0.000010 0.000010 0.000010 0.000010 0.000010 0.000010 0.000010
0.000010 0.000010 0.000010 0.000010 0.000010 0.237160 0.000010 0.000010 0.000010 0.028186 0.079649 0.000010 0.618741 0.000010 0.000010 0.000010 0.000010 0.000010 0.036113 0.000010
0.000010 0.000010 0.000010 0.089194 0.000010 0.132205 0.000010 0.000010 0.000010 0.000010 0.267715 0.000010 0.000010 0.000010 0.000010 0.000010 0.000010 0.000010 0.510726 0.000010
0.000010 0.000655 0.000010 0.039361 0.000010 0.018029 0.000010 0.137444 0.100221 0.155361 0.009510 0.000010 0.052423 0.061981 0.105926 0.000010 0.000010 0.319000 0.000010 0.000010
0.000010 0.038218 0.000010 0.000010 0.215035 0.000010 0.000010 0.194946 0.000010 0.197675 0.000010 0.000010 0.000010 0.000010 0.000010 0.287092 0.030438 0.036466 0.000010 0.000010
0.000010 0.126993 0.000010 0.034882 0.079563 0.000010 0.000010 0.000010 0.000074 0.169448 0.000010 0.000010 0.308378 0.000010 0.076533 0.000010 0.000010 0.204008 0.000010 0.000010
0.000010 0.021039 0.217306 0.008871 0.009054 0.000010 0.000010 0.086964 0.000010 0.255040 0.153982 0.014384 0.148188 0.000010 0.000010 0.020178 0.000010 0.000010 0.010894 0.054021
0.007632 0.000010 0.215773 0.000010 0.035020 0.000010 0.000010 0.057323 0.000010 0.141687 0.000010 0.000010 0.340237 0.000010 0.071521 0.000010 0.000010 0.049211 0.081486 0.000010
0.000010 0.156060 0.000010 0.004253 0.000010 0.000010 0.000010 0.000010 0.000010 0.000010 0.000010 0.059222 0.147974 0.000010 0.000010 0.000010 0.000010 0.000010 0.162722 0.469628
0.000010 0.000010 0.000010 0.000010 0.000010 0.000010 0.000010 0.021329 0.000010 0.000010 0.000010 0.000010 0.022839 0.000010 0.412303 0.510982 0.000010 0.032397 0.000010 0.000010
0.000010 0.066424 0.000010 0.000010 0.000010 0.000010 0.000010 0.000010 0.049015 0.000010 0.000010 0.000010 0.000010 0.000010 0.830315 0.000010 0.000010 0.000010 0.054086 0.000010
0.021924 0.186376 0.000010 0.000010 0.064371 0.000010 0.000010 0.000010 0.006340 0.000010 0.000010 0.000010 0.000010 0.000010 0.000010 0.003803 0.000010 0.717046 0.000010 0.000010
0.000010 0.003821 0.000010 0.000010 0.000010 0.000010 0.000010 0.000010 0.000010 0.000010 0.000010 0.029895 0.000010 0.000010 0.000010 0.164598 0.000010 0.801526 0.000010 0.000010
0.000010 0.000010 0.000010 0.009214 0.000010 0.000010 0.000010 0.000010 0.000010 0.000010 0.854669 0.061764 0.000010 0.049518 0.000010 0.000010 0.024685 0.000010 0.000010 0.000010
0.081827 0.414706 0.173887 0.011868 0.000010 0.015223 0.000010 0.000010 0.000010 0.000010 0.000010 0.000010 0.000010 0.000010 0.083331 0.187823 0.031215 0.000010 0.000010 0.000010
0.000010 0.017310 0.024403 0.053572 0.000010 0.072812 0.000010 0.000010 0.000010 0.000010 0.507130 0.000010 0.051612 0.000010 0.000010 0.000010 0.000010 0.143977 0.129064 0.000010
0.028525 0.000010 0.000010 0.000010 0.000010 0.000010 0.000010 0.345660 0.008092 0.368041 0.000010 0.000010 0.000010 0.037520 0.141743 0.000010 0.002568 0.067731 0.000010 0.000010
0.000010 0.000010 0.000010 0.000010 0.000010 0.000010 0.000010 0.000010 0.000010 0.000010 0.965640 0.000010 0.000010 0.000010 0.000010 0.000010 0.000010 0.000010 0.034180 0.000010
0.000010 0.000010 0.200301 0.030523 0.000010 0.000010 0.000010 0.000010 0.000010 0.006240 0.445989 0.000010 0.000010 0.002814 0.000010 0.000010 0.000010 0.000010 0.183505 0.130499
0.069132 0.324857 0.000010 0.000010 0.000010 0.000010 0.000010 0.080817 0.027809 0.000010 0.014778 0.000010 0.152926 0.000010 0.209213 0.120348 0.000010 0.000010 0.000010 0.000010
0.000010 0.000010 0.000010 0.000010 0.000010 0.000010 0.000010 0.000010 0.000010 0.121250 0.000010 0.000010 0.794113 0.000010 0.000010 0.000010 0.084467 0.000010 0.000010 0.000010
0.000010 0.007019 0.054767 0.101667 0.000010 0.051043 0.000010 0.015966 0.000010 0.000010 0.460751 0.000010 0.102504 0.000010 0.000010 0.044460 0.000010 0.000010 0.071670 0.090051
0.054969 0.000010 0.000010 0.000010 0.000010 0.000010 0.000010 0.000010 0.000010 0.000010 0.867825 0.035442 0.000010 0.000010 0.000010 0.000010 0.041604 0.000010 0.000010 0.000010
0.134197 0.000010 0.000010 0.000010 0.000010 0.000010 0.000010 0.000010 0.000010 0.000010 0.000010 0.000010 0.865623 0.000010 0.000010 0.000010 0.000010 0.000010 0.000010 0.000010
0.178367 0.038919 0.000010 0.000010 0.000010 0.000010 0.000010 0.000010 0.000010 0.000010 0.000010 0.000010 0.483816 0.000010 0.024724 0.000010 0.000010 0.183171 0.090862 0.000010
0.000010 0.000010 0.181440 0.000010 0.060848 0.000010 0.000010 0.000010 0.000010 0.067062 0.000010 0.000010 0.668836 0.000010 0.000010 0.000010 0.021665 0.000010 0.000010 0.000010
0.316473 0.000010 0.236017 0.000010 0.000010 0.000010 0.442194 0.000010 0.000010 0.000010 0.000010 0.000010 0.000010 0.000010 0.000010 0.000010 0.005156 0.000010 0.000010 0.000010
0.000010 0.049304 0.000010 0.049979 0.000010 0.000010 0.000010 0.000010 0.000010 0.000010 0.029177 0.000010 0.024787 0.000010 0.051557 0.000010 0.056340 0.738726 0.000010 0.000010
0.122591 0.111345 0.209421 0.000010 0.000010 0.003787 0.000010 0.009365 0.000010 0.000010 0.000011 0.000010 0.047574 0.095598 0.215837 0.173352 0.000010 0.011030 0.000010 0.000010
0.000010 0.000010 0.000010 0.000010 0.196845 0.000010 0.000010 0.000010 0.011770 0.155621 0.000010 0.000010 0.281369 0.000010 0.161821 0.000010 0.045305 0.147140 0.000010 0.000010
0.192863 0.012579 0.000010 0.000010 0.000010 0.016579 0.000010 0.355660 0.000010 0.230754 0.000010 0.000010 0.055803 0.000010 0.042402 0.093074 0.000010 0.000175 0.000010 0.000010
0.147872 0.175889 0.128704 0.000010 0.000010 0.000010 0.113523 0.088790 0.112740 0.000010 0.000010 0.000010 0.028758 0.090716 0.109766 0.000010 0.000010 0.000848 0.002305 0.000010
0.000010 0.000010 0.074431 0.089197 0.000010 0.016019 0.027276 0.000010 0.000010 0.104482 0.466008 0.056449 0.106345 0.000010 0.000010 0.000010 0.000010 0.000010 0.000010 0.059682
0.005924 0.035236 0.000010 0.000010 0.050265 0.000010 0.000010 0.165726 0.000010 0.000010 0.000010 0.000010 0.000010 0.000010 0.029089 0.671877 0.041753 0.000010 0.000010 0.000010
0.000010 0.000010 0.000010 0.000010 0.000010 0.000010 0.000010 0.000010 0.000010 0.000010 0.000010 0.000010 0.000010 0.000010 0.999810 0.000010 0.000010 0.000010 0.000010 0.000010
0.130123 0.000010 0.000010 0.000010 0.000010 0.000010 0.021788 0.000010 0.000010 0.000010 0.000010 0.000010 0.000010 0.095114 0.122325 0.611412 0.019098 0.000010 0.000010 0.000010
0.000010 0.097959 0.043757 0.000010 0.000010 0.000010 0.000010 0.000010 0.000010 0.033211 0.000010 0.000010 0.000010 0.000010 0.334380 0.471872 0.018681 0.000010 0.000010 0.000010
0.000010 0.001267 0.000010 0.000010 0.000010 0.000010 0.000010 0.066460 0.048703 0.063885 0.038052 0.000010 0.000010 0.000010 0.151748 0.629756 0.000010 0.000010 0.000010 0.000010
0.000010 0.094137 0.000010 0.000010 0.000010 0.006726 0.000010 0.000010 0.000010 0.000010 0.000010 0.000010 0.000010 0.000010 0.817202 0.081776 0.000010 0.000010 0.000010 0.000010
0.000010 0.042430 0.019435 0.000010 0.000010 0.000010 0.000790 0.153612 0.000010 0.000010 0.000010 0.000010 0.000010 0.000010 0.294445 0.489148 0.000010 0.000010 0.000010 0.000010
0.000010 0.000010 0.014434 0.000010 0.000010 0.000010 0.000010 0.038478 0.000010 0.000010 0.000010 0.000010 0.000010 0.000010 0.113453 0.000010 0.000010 0.833475 0.000010 0.000010
0.000010 0.000010 0.000010 0.000010 0.000010 0.999810 0.000010 0.000010 0.000010 0.000010 0.000010 0.000010 0.000010 0.000010 0.000010 0.000010 0.000010 0.000010 0.000010 0.000010
0.000010 0.175511 0.000010 0.000010 0.000010 0.000010 0.000010 0.018895 0.000010 0.000010 0.000010 0.028600 0.419679 0.132401 0.060012 0.004473 0.000010 0.095102 0.000010 0.065217
0.000010 0.000010 0.000010 0.000010 0.000010 0.000010 0.000010 0.000010 0.000010 0.000010 0.000010 0.000010 0.000010 0.000010 0.000010 0.000010 0.000010 0.000010 0.000010 0.999810
0.000010 0.000010 0.000010 0.489940 0.000010 0.039136 0.000010 0.000010 0.000010 0.000010 0.000010 0.470754 0.000010 0.000010 0.000010 0.000010 0.000010 0.000010 0.000010 0.000010
0.000010 0.000010 0.000010 0.999810 0.000010 0.000010 0.000010 0.000010 0.000010 0.000010 0.000010 0.000010 0.000010 0.000010 0.000010 0.000010 0.000010 0.000010 0.000010 0.000010
0.000010 0.000010 0.000010 0.000010 0.000010 0.000010 0.000010 0.000010 0.000010 0.000010 0.000010 0.999810 0.000010 0.000010 0.000010 0.000010 0.000010 0.000010 0.000010 0.000010
0.048377 0.122625 0.000010 0.000010 0.000010 0.000010 0.000010 0.000010 0.000010 0.000010 0.000010 0.000010 0.060732 0.197047 0.000010 0.000010 0.000010 0.000010 0.571069 0.000010
0.000010 0.000010 0.000010 0.000010 0.000010 0.000010 0.000010 0.000010 0.000010 0.000010 0.000010 0.000010 0.000010 0.000010 0.000010 0.000010 0.000010 0.000010 0.999810 0.000010
0.000010 0.000010 0.000010 0.063025 0.000010 0.000010 0.000010 0.000010 0.000010 0.000010 0.000010 0.000010 0.000010 0.000010 0.000010 0.000010 0.000010 0.794232 0.142574 0.000010
0.195909 0.000010 0.195463 0.000010 0.000010 0.000010 0.576210 0.000010 0.000010 0.000010 0.000010 0.000010 0.000010 0.000010 0.000010 0.000010 0.000010 0.000010 0.000010 0.032259
0.000010 0.000010 0.000010 0.000010 0.000010 0.000010 0.000010 0.053185 0.000010 0.000010 0.000010 0.021464 0.000010 0.000010 0.000010 0.000010 0.000010 0.925181 0.000010 0.000010
0.000010 0.000010 0.000010 0.999810 0.000010 0.000010 0.000010 0.000010 0.000010 0.000010 0.000010 0.000010 0.000010 0.000010 0.000010 0.000010 0.000010 0.000010 0.000010 0.000010
0.333460 0.000010 0.000010 0.000010 0.174566 0.000010 0.491804 0.000010 0.000010 0.000010 0.000010 0.000010 0.000010 0.000010 0.000010 0.000010 0.000010 0.000010 0.000010 0.000010
0.000010 0.000010 0.000010 0.000010 0.000010 0.000010 0.000010 0.181340 0.123004 0.032266 0.000010 0.000010 0.000010 0.000010 0.474068 0.189172 0.000010 0.000010 0.000010 0.000010
0.000010 0.000010 0.322367 0.000010 0.000010 0.000010 0.041213 0.012480 0.546376 0.000010 0.000010 0.000010 0.000010 0.055908 0.000010 0.000010 0.011359 0.000010 0.009938 0.000240
0.000010 0.025487 0.000010 0.000010 0.000010 0.000010 0.000010 0.000010 0.000010 0.000010 0.000010 0.000010 0.724424 0.105989 0.000010 0.000010 0.000010 0.000010 0.143940 0.000010
0.000010 0.000010 0.000010 0.000010 0.142491 0.000010 0.181351 0.000010 0.082514 0.023481 0.000010 0.000010 0.158771 0.085516 0.000010 0.000010 0.073236 0.000010 0.000010 0.252519
0.000010 0.095898 0.000010 0.000010 0.000010 0.000010 0.000010 0.000010 0.000010 0.000010 0.000010 0.000010 0.758959 0.000010 0.144973 0.000010 0.000010 0.000010 0.000010 0.000010
0.000010 0.000010 0.000010 0.106887 0.000010 0.000010 0.021032 0.000010 0.000010 0.284112 0.000010 0.000010 0.001810 0.000010 0.000010 0.000010 0.000010 0.486219 0.037381 0.062429
0.000010 0.575462 0.000010 0.000010 0.000010 0.000010 0.000010 0.000010 0.000010 0.326917 0.000010 0.085506 0.000010 0.008868 0.000010 0.000010 0.003097 0.000010 0.000010 0.000010
0.000010 0.081586 0.043980 0.007033 0.000010 0.000010 0.000010 0.124390 0.000010 0.371385 0.095074 0.032625 0.017925 0.014024 0.123851 0.051300 0.008231 0.022205 0.000010 0.006331
0.035137 0.176179 0.000010 0.000010 0.000010 0.000010 0.000010 0.000010 0.000010 0.143393 0.000010 0.000010 0.000010 0.000010 0.075670 0.000010 0.000010 0.569472 0.000010 0.000010
0.000010 0.000010 0.029034 0.046015 0.000010 0.000010 0.006102 0.006655 0.007304 0.000010 0.095329 0.000010 0.000010 0.000010 0.116441 0.071924 0.000010 0.145387 0.475710 0.000010
0.000010 0.201822 0.000010 0.000010 0.000010 0.000010 0.000010 0.123918 0.000010 0.187464 0.000010 0.000010 0.000010 0.000010 0.000010 0.000010 0.000010 0.486636 0.000010 0.000010
0.000010 0.139673 0.000010 0.000010 0.270685 0.000010 0.035458 0.302173 0.000010 0.176557 0.001385 0.016933 0.000010 0.000010 0.057014 0.000010 0.000010 0.000010 0.000010 0.000010
0.000010 0.000010 0.104366 0.000010 0.000010 0.000010 0.000010 0.113659 0.000010 0.109350 0.000010 0.027759 0.023077 0.000010 0.000010 0.000010 0.000010 0.621650 0.000010 0.000010
0.080412 0.081202 0.000010 0.000010 0.104837 0.000010 0.071676 0.196577 0.225609 0.000010 0.000010 0.053209 0.000010 0.000010 0.147331 0.000010 0.039037 0.000010 0.000010 0.000010
0.084286 0.445654 0.000010 0.000010 0.000010 0.000010 0.000010 0.000010 0.000010 0.000010 0.000010 0.000010 0.046843 0.000010 0.000010 0.104926 0.011109 0.251344 0.055708 0.000010
0.001761 0.123031 0.000010 0.000010 0.000010 0.000010 0.000010 0.000010 0.000010 0.000010 0.000010 0.016131 0.409102 0.000010 0.000010 0.000010 0.000010 0.000010 0.165709 0.284125
0.000010 0.000010 0.053224 0.000010 0.000010 0.000010 0.000010 0.000010 0.000010 0.000010 0.000010 0.000010 0.202343 0.067071 0.090114 0.000010 0.000010 0.587099 0.000010 0.000010
0.000010 0.000010 0.090994 0.000010 0.000010 0.000010 0.000010 0.000010 0.098177 0.000010 0.667736 0.043066 0.051878 0.000010 0.000010 0.000010 0.000010 0.000010 0.000010 0.048010
0.000010 0.000010 0.000010 0.000010 0.000010 0.063264 0.000010 0.000010 0.000010 0.079668 0.000010 0.000010 0.856899 0.000010 0.000010 0.000010 0.000010 0.000010 0.000010 0.000010
0.079017 0.129125 0.000010 0.000010 0.068678 0.000010 0.000010 0.051193 0.000010 0.000010 0.000010 0.031568 0.393083 0.000010 0.123702 0.076120 0.020282 0.000010 0.000010 0.027132
0.000010 0.000010 0.015625 0.000010 0.125833 0.000010 0.000010 0.022185 0.000010 0.042539 0.000010 0.000010 0.000010 0.027704 0.313570 0.355867 0.000010 0.096559 0.000010 0.000010
0.000010 0.000010 0.000010 0.000010 0.062653 0.000010 0.000010 0.000010 0.000010 0.034298 0.000010 0.000010 0.000010 0.000010 0.427948 0.474940 0.000010 0.000010 0.000010 0.000010
0.000010 0.000010 0.000010 0.000010 0.000010 0.000010 0.000010 0.000010 0.000010 0.000010 0.452910 0.053297 0.000010 0.000010 0.000010 0.000010 0.000010 0.000010 0.000010 0.493623
0.072194 0.000010 0.001122 0.000010 0.000010 0.000010 0.926514 0.000010 0.000010 0.000010 0.000010 0.000010 0.000010 0.000010 0.000010 0.000010 0.000010 0.000010 0.000010 0.000010
0.000010 0.000010 0.000010 0.000010 0.000010 0.000010 0.000010 0.000010 0.000010 0.000010 0.575652 0.000010 0.000010 0.000010 0.000010 0.020943 0.049583 0.000010 0.000010 0.353662
0.062864 0.175626 0.000010 0.000010 0.000010 0.000010 0.000010 0.000010 0.033326 0.000010 0.008863 0.029030 0.569482 0.021293 0.000010 0.000010 0.033656 0.000010 0.000010 0.065750
0.000010 0.043847 0.000010 0.000010 0.000010 0.000010 0.154759 0.000010 0.102551 0.079577 0.000010 0.000010 0.000010 0.213218 0.000010 0.000010 0.000010 0.000010 0.000010 0.405908
0.192597 0.000010 0.196600 0.000010 0.491936 0.000010 0.000010 0.000010 0.000010 0.000010 0.000010 0.000010 0.000010 0.000010 0.000010 0.000010 0.118708 0.000010 0.000010 0.000010
0.076631 0.000010 0.004588 0.000010 0.000010 0.000010 0.824734 0.000010 0.000010 0.019077 0.024434 0.000010 0.000010 0.000010 0.000010 0.050396 0.000010 0.000010 0.000010 0.000010
0.439665 0.000010 0.000010 0.000010 0.522498 0.000010 0.000010 0.037667 0.000010 0.000010 0.000010 0.000010 0.000010 0.000010 0.000010 0.000010 0.000010 0.000010 0.000010 0.000010
0.098027 0.000010 0.000010 0.000010 0.314300 0.000010 0.232455 0.000010 0.000010 0.000010 0.000010 0.000010 0.105743 0.166363 0.058348 0.000010 0.000010 0.024634 0.000010 0.000010
0.000010 0.000010 0.002840 0.000010 0.000010 0.000010 0.875660 0.022164 0.000010 0.099176 0.000010 0.000010 0.000010 0.000010 0.000010 0.000010 0.000010 0.000010 0.000010 0.000010
0.101727 0.182389 0.000010 0.000010 0.093601 0.012001 0.000010 0.000010 0.010667 0.000010 0.000010 0.000010 0.011140 0.000010 0.072149 0.502925 0.000010 0.013289 0.000010 0.000010
0.000010 0.124798 0.089700 0.000010 0.050258 0.040483 0.000010 0.276926 0.000010 0.256986 0.000010 0.000010 0.000010 0.000010 0.079716 0.000010 0.000010 0.079139 0.000010 0.001884
0.000010 0.141749 0.020250 0.000010 0.000010 0.009511 0.000010 0.000010 0.000010 0.227272 0.190788 0.000010 0.000010 0.000010 0.045673 0.000010 0.021098 0.343539 0.000010 0.000010
0.000010 0.095422 0.066880 0.000010 0.000010 0.000010 0.000010 0.000010 0.000010 0.217124 0.000010 0.000010 0.000010 0.000010 0.078589 0.541835 0.000010 0.000010 0.000010 0.000010
0.000010 0.232881 0.000010 0.053831 0.000010 0.024313 0.000010 0.000010 0.000010 0.205022 0.000010 0.014268 0.317530 0.000010 0.072478 0.000010 0.000010 0.079559 0.000010 0.000010
0.000010 0.000010 0.152465 0.000010 0.106696 0.000010 0.030184 0.092162 0.000010 0.000010 0.000010 0.000010 0.000010 0.053870 0.357842 0.206651 0.000010 0.000010 0.000010 0.000010
0.000010 0.048676 0.065791 0.000010 0.049259 0.000010 0.000010 0.010509 0.000010 0.176479 0.000010 0.000010 0.000010 0.000010 0.102643 0.530085 0.016434 0.000014 0.000010 0.000010
0.000010 0.000010 0.000010 0.000010 0.325459 0.000010 0.000010 0.674361 0.000010 0.000010 0.000010 0.000010 0.000010 0.000010 0.000010 0.000010 0.000010 0.000010 0.000010 0.000010
0.000010 0.000010 0.000010 0.000010 0.000010 0.000010 0.999810 0.000010 0.000010 0.000010 0.000010 0.000010 0.000010 0.000010 0.000010 0.000010 0.000010 0.000010 0.000010 0.000010
0.000010 0.000010 0.000010 0.000010 0.000010 0.000010 0.035935 0.200334 0.000010 0.280323 0.000010 0.000010 0.299923 0.044582 0.000010 0.000010 0.012945 0.125827 0.000010 0.000010
0.000010 0.000010 0.000010 0.000010 0.000010 0.000010 0.970307 0.000010 0.000010 0.000010 0.000010 0.027716 0.000010 0.000010 0.000010 0.001807 0.000010 0.000010 0.000010 0.000010
0.000010 0.000010 0.000010 0.000010 0.000010 0.000010 0.953592 0.020114 0.000010 0.000010 0.000010 0.000010 0.000010 0.000010 0.000010 0.000010 0.000010 0.000010 0.000010 0.026124
0.000010 0.000010 0.000010 0.008016 0.000010 0.000010 0.961196 0.000010 0.000010 0.030617 0.000010 0.000010 0.000010 0.000010 0.000010 0.000010 0.000010 0.000010 0.000010 0.000010
0.000010 0.017065 0.000010 0.077286 0.116583 0.000010 0.009884 0.097709 0.051376 0.147452 0.000010 0.000010 0.406993 0.000010 0.002551 0.065595 0.000010 0.007415 0.000010 0.000010
0.000010 0.082156 0.023892 0.047708 0.045070 0.000010 0.000010 0.000010 0.000010 0.012931 0.000010 0.000010 0.000010 0.000010 0.132252 0.532131 0.000010 0.123739 0.000010 0.000010
0.201776 0.000010 0.000010 0.000010 0.000010 0.000010 0.000010 0.059374 0.000010 0.000010 0.000010 0.000010 0.000010 0.000010 0.374049 0.326427 0.038224 0.000010 0.000010 0.000010
0.000010 0.000010 0.000010 0.000010 0.000010 0.000010 0.000010 0.000010 0.000010 0.197924 0.000010 0.000010 0.000010 0.000010 0.000010 0.723210 0.000010 0.000010 0.000010 0.078696
0.070295 0.149390 0.000010 0.109785 0.013599 0.064574 0.000010 0.000010 0.000010 0.000010 0.000010 0.000010 0.352249 0.000010 0.000010 0.077284 0.000010 0.000010 0.000010 0.162705
0.000010 0.000010 0.000010 0.000010 0.000010 0.000010 0.000010 0.000010 0.087118 0.000010 0.000010 0.035928 0.000010 0.616524 0.243369 0.000010 0.000010 0.016910 0.000010 0.000010
0.000010 0.000010 0.000010 0.000010 0.000010 0.000010 0.000010 0.000010 0.000010 0.000010 0.000010 0.000010 0.000010 0.999810 0.000010 0.000010 0.000010 0.000010 0.000010 0.000010
0.000010 0.000010 0.000010 0.000010 0.000010 0.000010 0.000010 0.000010 0.000010 0.000010 0.000010 0.000010 0.000010 0.999810 0.000010 0.000010 0.000010 0.000010 0.000010 0.000010
0.012996 0.000010 0.000010 0.000010 0.000010 0.000010 0.000010 0.000010 0.000010 0.000010 0.000010 0.000010 0.234437 0.752397 0.000010 0.000010 0.000010 0.000010 0.000010 0.000010
0.000010 0.000010 0.000010 0.000010 0.000010 0.000010 0.000010 0.000010 0.000010 0.000010 0.000010 0.000010 0.000010 0.999810 0.000010 0.000010 0.000010 0.000010 0.000010 0.000010
0.065290 0.055242 0.000010 0.000010 0.000010 0.000010 0.000010 0.285368 0.000010 0.082838 0.170367 0.064195 0.017544 0.000010 0.259037 0.000010 0.000010 0.000010 0.000010 0.000010
0.000010 0.000278 0.128679 0.000010 0.000010 0.000010 0.000010 0.000010 0.000010 0.157644 0.000010 0.000010 0.000010 0.000010 0.203118 0.493147 0.000010 0.016994 0.000010 0.000010
0.000010 0.000010 0.000010 0.091467 0.000010 0.000010 0.000010 0.000010 0.000010 0.070905 0.000010 0.000010 0.721274 0.000010 0.000010 0.000010 0.039941 0.076263 0.000010 0.000010
0.088570 0.000010 0.000010 0.000010 0.151047 0.000010 0.000010 0.067752 0.156340 0.000010 0.000010 0.000010 0.000010 0.000010 0.000010 0.000010 0.072314 0.422403 0.000010 0.041444
0.000010 0.048916 0.000010 0.007443 0.000010 0.000010 0.000010 0.000010 0.001120 0.156287 0.000010 0.125984 0.436279 0.041002 0.149974 0.032883 0.000010 0.000010 0.000010 0.000010
0.000010 0.000010 0.000010 0.000010 0.000010 0.000010 0.000010 0.000010 0.000010 0.000010 0.000010 0.000010 0.000010 0.999810 0.000010 0.000010 0.000010 0.000010 0.000010 0.000010
0.120120 0.000010 0.000010 0.000010 0.000010 0.000010 0.000010 0.804555 0.000010 0.000010 0.000010 0.000010 0.000010 0.000010 0.000010 0.075155 0.000010 0.000010 0.000010 0.000010
0.041826 0.066468 0.000010 0.000010 0.000010 0.000010 0.000010 0.083054 0.000010 0.000010 0.000010 0.000010 0.000010 0.034698 0.676159 0.097655 0.000010 0.000010 0.000010 0.000010
0.000010 0.000010 0.122402 0.000010 0.000010 0.000010 0.000010 0.000010 0.000010 0.183597 0.000010 0.000010 0.000010 0.000010 0.445445 0.248396 0.000010 0.000010 0.000010 0.000010
0.000010 0.000010 0.000010 0.000010 0.053760 0.000010 0.047825 0.101711 0.000010 0.280787 0.000010 0.000010 0.007473 0.000010 0.263690 0.244624 0.000010 0.000010 0.000010 0.000010
0.272934 0.000010 0.107892 0.001916 0.000010 0.080086 0.000010 0.099830 0.000010 0.000010 0.000010 0.000010 0.000010 0.000010 0.311391 0.000010 0.000010 0.125820 0.000010 0.000010
0.031765 0.000010 0.002709 0.069875 0.032255 0.000010 0.000010 0.025067 0.000010 0.000010 0.000010 0.000010 0.000010 0.000010 0.190821 0.647378 0.000010 0.000010 0.000010 0.000010
0.079695 0.058201 0.000010 0.000010 0.082430 0.000010 0.000010 0.132216 0.000010 0.000010 0.000010 0.000010 0.000010 0.000010 0.172606 0.474713 0.000010 0.000010 0.000010 0.000010
0.000010 0.000010 0.000010 0.074417 0.000010 0.162641 0.000010 0.000010 0.000010 0.000010 0.184378 0.000010 0.000010 0.000010 0.000010 0.000010 0.000010 0.000010 0.578405 0.000010
0.000010 0.565943 0.000010 0.000010 0.070573 0.000010 0.000010 0.129259 0.000010 0.234065 0.000010 0.000010 0.000010 0.000010 0.000010 0.000010 0.000010 0.000010 0.000010 0.000010
0.031089 0.000010 0.268979 0.000010 0.000010 0.000010 0.000010 0.000010 0.000010 0.000010 0.000010 0.000010 0.000010 0.000010 0.000010 0.660141 0.039631 0.000010 0.000010 0.000010
0.000010 0.000010 0.173118 0.146881 0.000529 0.143228 0.000010 0.000010 0.000010 0.000010 0.319613 0.000010 0.000010 0.000010 0.060250 0.000010 0.000010 0.040597 0.115664 0.000010
0.000010 0.017692 0.440154 0.000010 0.031818 0.000010 0.000010 0.000010 0.000010 0.196103 0.042851 0.000010 0.000010 0.000010 0.236199 0.000010 0.035051 0.000010 0.000010 0.000010
0.000010 0.000010 0.000010 0.018619 0.000010 0.053464 0.000010 0.000010 0.000010 0.000010 0.631585 0.000010 0.071718 0.000010 0.000010 0.000010 0.014009 0.000010 0.210465 0.000010
0.000010 0.000010 0.000010 0.084808 0.000010 0.000010 0.000010 0.000010 0.000010 0.000010 0.831570 0.000010 0.000010 0.000010 0.000010 0.062511 0.000010 0.000010 0.020951 0.000010
0.033524 0.051734 0.000010 0.000010 0.000010 0.000010 0.000010 0.000010 0.000010 0.000010 0.808037 0.000010 0.003668 0.000010 0.000010 0.000010 0.000010 0.000010 0.102887 0.000010
0.000010 0.693233 0.000010 0.000010 0.000010 0.000010 0.000010 0.000010 0.000010 0.000010 0.000010 0.000010 0.000010 0.000010 0.000010 0.000010 0.000010 0.306587 0.000010 0.000010
0.000010 0.055428 0.000010 0.000010 0.000010 0.000010 0.000010 0.000010 0.000010 0.000010 0.814770 0.087308 0.000010 0.000010 0.000010 0.000010 0.000010 0.000010 0.042334 0.000010
0.000010 0.000010 0.000010 0.111293 0.000010 0.000010 0.071152 0.000010 0.000010 0.006985 0.167858 0.000010 0.580911 0.052004 0.000010 0.000010 0.000010 0.000010 0.000010 0.009666
0.000010 0.000010 0.000010 0.000010 0.000010 0.000010 0.983838 0.000010 0.000010 0.000010 0.000010 0.000010 0.000010 0.000010 0.015982 0.000010 0.000010 0.000010 0.000010 0.000010
0.000010 0.000010 0.000010 0.000010 0.000010 0.000010 0.000010 0.044812 0.000010 0.238472 0.000010 0.000010 0.000010 0.000010 0.000010 0.000010 0.000010 0.716546 0.000010 0.000010
0.000010 0.403558 0.000010 0.000010 0.000010 0.000010 0.000010 0.239456 0.000010 0.295002 0.000010 0.027952 0.000010 0.008970 0.000010 0.000010 0.000017 0.000010 0.024916 0.000010
0.000010 0.000010 0.000010 0.000010 0.000010 0.000010 0.000010 0.000010 0.000010 0.000010 0.684604 0.000010 0.030646 0.052196 0.000010 0.000010 0.116860 0.000010 0.000010 0.115544
0.000010 0.000010 0.000010 0.000010 0.000010 0.000010 0.000010 0.296266 0.000010 0.328158 0.000010 0.000010 0.000010 0.023868 0.000788 0.312367 0.000010 0.002979 0.000010 0.035445
0.000010 0.000010 0.000010 0.000010 0.000010 0.000010 0.000010 0.078705 0.000010 0.000010 0.725801 0.125959 0.056930 0.000010 0.000010 0.000010 0.012455 0.000010 0.000010 0.000010
0.000010 0.000010 0.000010 0.000010 0.000010 0.000010 0.000010 0.000010 0.999810 0.000010 0.000010 0.000010 0.000010 0.000010 0.000010 0.000010 0.000010 0.000010 0.000010 0.000010
0.000010 0.097360 0.000010 0.000010 0.077905 0.000010 0.000010 0.073311 0.000010 0.324578 0.000010 0.000010 0.000010 0.000010 0.247068 0.165104 0.000010 0.014544 0.000010 0.000010
0.000010 0.161451 0.000010 0.000010 0.000010 0.000010 0.000010 0.078647 0.000010 0.319346 0.000010 0.025639 0.000010 0.000010 0.103772 0.074115 0.022730 0.214179 0.000010 0.000010
0.026473 0.257765 0.000010 0.000010 0.000010 0.000010 0.000010 0.021849 0.000010 0.211657 0.000010 0.005281 0.029884 0.000010 0.000010 0.089838 0.000010 0.357133 0.000010 0.000010
0.131747 0.011717 0.069334 0.000010 0.000010 0.000010 0.000010 0.249695 0.000010 0.000010 0.000010 0.000010 0.000010 0.026376 0.304687 0.133829 0.000010 0.072494 0.000010 0.000010
0.227062 0.000010 0.000010 0.015552 0.000010 0.000010 0.034320 0.078631 0.000010 0.000010 0.000010 0.000010 0.000010 0.057817 0.000010 0.000010 0.000010 0.586478 0.000010 0.000010
0.000010 0.000010 0.000010 0.000010 0.084220 0.040197 0.000010 0.064235 0.010756 0.355837 0.000010 0.000010 0.286290 0.000010 0.015369 0.000010 0.000010 0.000010 0.000010 0.142976
0.068586 0.006451 0.000010 0.000010 0.000010 0.000010 0.000010 0.000010 0.238712 0.000010 0.050874 0.000010 0.347753 0.000010 0.000010 0.000010 0.000010 0.000010 0.163196 0.124297
0.105617 0.008594 0.000010 0.000010 0.000010 0.000010 0.000010 0.000010 0.000010 0.000010 0.000010 0.000010 0.000010 0.000010 0.000010 0.885619 0.000010 0.000010 0.000010 0.000010
0.000010 0.296232 0.000010 0.000010 0.000010 0.000010 0.000010 0.000010 0.000010 0.158245 0.000010 0.013887 0.038087 0.000010 0.000010 0.000010 0.000010 0.493399 0.000010 0.000010
0.000010 0.196734 0.000010 0.000010 0.087077 0.000010 0.000010 0.198781 0.016882 0.205279 0.006429 0.000010 0.000010 0.000010 0.036434 0.000010 0.000010 0.252265 0.000010 0.000010
0.000010 0.098687 0.000010 0.062777 0.000010 0.000010 0.000010 0.100835 0.000010 0.131108 0.000010 0.000010 0.032720 0.000010 0.119463 0.000010 0.007035 0.447254 0.000010 0.000010
0.000010 0.021614 0.000010 0.000010 0.000010 0.000010 0.000010 0.000010 0.000010 0.000010 0.000010 0.014780 0.591015 0.000010 0.324737 0.000010 0.000010 0.000010 0.024217 0.023496
0.000010 0.000010 0.576701 0.000010 0.104117 0.000010 0.000010 0.000010 0.000010 0.044967 0.058314 0.026047 0.189715 0.000010 0.000010 0.000010 0.000010 0.000010 0.000010 0.000010
0.000010 0.213222 0.000010 0.000010 0.000010 0.000010 0.000010 0.000010 0.000010 0.050358 0.071926 0.017819 0.488030 0.122101 0.008971 0.000010 0.027453 0.000010 0.000010 0.000010
0.000010 0.000010 0.750135 0.024219 0.000010 0.000010 0.000010 0.000010 0.000010 0.185644 0.000010 0.000010 0.000010 0.000010 0.000010 0.000010 0.015317 0.024536 0.000010 0.000010
0.000010 0.000010 0.938270 0.000010 0.004565 0.000010 0.000010 0.000010 0.000010 0.000010 0.000010 0.000010 0.000010 0.000010 0.056995 0.000010 0.000010 0.000010 0.000010 0.000010
