0.000010 0.383319 0.104757 0.042205 0.000010 0.006148 0.000010 0.319950 0.024075 0.000010 0.000010 0.000010 0.110497 0.000010 0.000010 0.008959 0.000010
0.027595 0.145829 0.014099 0.000010 0.000010 0.000010 0.018402 0.004327 0.000010 0.000010 0.068624 0.000010 0.698561 0.000010 0.000010 0.022473 0.000010
0.000010 0.000010 0.000010 0.000010 0.000010 0.000010 0.000010 0.000010 0.000010 0.939039 0.000010 0.000010 0.060811 0.000010 0.000010 0.000010 0.000010
0.000010 0.112903 0.000010 0.000010 0.000010 0.000010 0.000010 0.000010 0.000010 0.000010 0.886947 0.000010 0.000010 0.000010 0.000010 0.000010 0.000010
0.000010 0.000010 0.000010 0.000010 0.000010 0.000010 0.000010 0.000010 0.000010 0.000010 0.999840 0.000010 0.000010 0.000010 0.000010 0.000010 0.000010
0.116196 0.000010 0.000010 0.000010 0.000010 0.000010 0.000010 0.000010 0.000010 0.416230 0.424196 0.000010 0.043247 0.000010 0.000010 0.000010 0.000010
0.046209 0.280457 0.000010 0.000010 0.000010 0.000010 0.000010 0.000010 0.000010 0.637503 0.035702 0.000010 0.000010 0.000010 0.000010 0.000010 0.000010
0.000010 0.044114 0.000010 0.000010 0.057534 0.000010 0.000010 0.000010 0.000010 0.680924 0.112740 0.000010 0.000010 0.104568 0.000010 0.000010 0.000010
0.000010 0.000010 0.741911 0.000010 0.000010 0.000010 0.000010 0.000010 0.000010 0.000010 0.000010 0.000010 0.000010 0.000010 0.000010 0.257939 0.000010
0.000010 0.000010 0.198060 0.136026 0.000010 0.000010 0.000010 0.000010 0.000010 0.000010 0.000010 0.000010 0.000010 0.230460 0.000010 0.435324 0.000010
0.000010 0.000010 0.000019 0.000010 0.999831 0.000010 0.000010 0.000010 0.000010 0.000010 0.000010 0.000010 0.000010 0.000010 0.000010 0.000010 0.000010
0.000010 0.045562 0.000010 0.021344 0.423784 0.000010 0.000010 0.010191 0.089020 0.235853 0.000010 0.000012 0.167390 0.000010 0.000010 0.006764 0.000010
0.000010 0.000010 0.000010 0.000010 0.000010 0.000010 0.000010 0.000010 0.999840 0.000010 0.000010 0.000010 0.000010 0.000010 0.000010 0.000010 0.000010
0.000010 0.000010 0.000010 0.000010 0.000010 0.000010 0.000010 0.000010 0.999833 0.000010 0.000010 0.000010 0.000010 0.000010 0.000010 0.000017 0.000010
0.000010 0.000010 0.000010 0.000010 0.000010 0.000010 0.000010 0.000010 0.999840 0.000010 0.000010 0.000010 0.000010 0.000010 0.000010 0.000010 0.000010
0.000010 0.000010 0.000010 0.000010 0.000010 0.000010 0.000010 0.000010 0.000010 0.000010 0.000010 0.000010 0.999840 0.000010 0.000010 0.000010 0.000010
0.000010 0.042512 0.000010 0.000010 0.000010 0.000010 0.000010 0.000010 0.000010 0.378687 0.391777 0.000010 0.000010 0.186895 0.000010 0.000010 0.000010
0.000010 0.000010 0.000010 0.999840 0.000010 0.000010 0.000010 0.000010 0.000010 0.000010 0.000010 0.000010 0.000010 0.000010 0.000010 0.000010 0.000010
0.000010 0.000010 0.000010 0.561643 0.000010 0.000010 0.000010 0.000010 0.000010 0.363506 0.000010 0.034157 0.000010 0.000010 0.040564 0.000010 0.000010
0.000010 0.000010 0.000010 0.000010 0.000460 0.000010 0.000010 0.014923 0.000010 0.600245 0.384241 0.000010 0.000010 0.000010 0.000010 0.000010 0.000010
0.000010 0.000010 0.000010 0.000010 0.999840 0.000010 0.000010 0.000010 0.000010 0.000010 0.000010 0.000010 0.000010 0.000010 0.000010 0.000010 0.000010
0.000010 0.000010 0.000010 0.000010 0.999840 0.000010 0.000010 0.000010 0.000010 0.000010 0.000010 0.000010 0.000010 0.000010 0.000010 0.000010 0.000010
0.000010 0.207585 0.000010 0.000010 0.000010 0.000010 0.000010 0.000010 0.000010 0.537918 0.254358 0.000010 0.000010 0.000010 0.000010 0.000010 0.000010
0.000010 0.000010 0.000010 0.000010 0.999834 0.000010 0.000010 0.000010 0.000010 0.000010 0.000010 0.000010 0.000010 0.000016 0.000010 0.000010 0.000010
0.004653 0.028565 0.000010 0.000010 0.000010 0.012725 0.071400 0.000010 0.000010 0.527646 0.271586 0.004042 0.079293 0.000010 0.000010 0.000010 0.000010
0.059522 0.000010 0.000010 0.000010 0.023625 0.000010 0.013527 0.000010 0.000010 0.863730 0.000010 0.029245 0.000010 0.000010 0.000010 0.010240 0.000010
0.014860 0.000010 0.000010 0.000010 0.000010 0.000010 0.064926 0.000010 0.000010 0.920074 0.000010 0.000010 0.000010 0.000010 0.000010 0.000010 0.000010
0.000010 0.000010 0.000010 0.000010 0.000010 0.000010 0.000010 0.000010 0.000010 0.999840 0.000010 0.000010 0.000010 0.000010 0.000010 0.000010 0.000010
0.000010 0.119743 0.000010 0.000010 0.000010 0.000010 0.000010 0.000010 0.000010 0.357863 0.376374 0.000010 0.126191 0.000010 0.000010 0.000010 0.019710
0.205202 0.000010 0.000010 0.000010 0.000010 0.000010 0.000010 0.000010 0.000010 0.621175 0.066943 0.000010 0.058400 0.048160 0.000010 0.000010 0.000010
0.000010 0.452044 0.000010 0.000010 0.000010 0.000010 0.000010 0.000010 0.025972 0.040786 0.000010 0.000010 0.000010 0.000010 0.000010 0.481068 0.000010
0.000010 0.000010 0.662746 0.000010 0.000010 0.018441 0.000010 0.103068 0.000010 0.041319 0.000010 0.000010 0.174307 0.000010 0.000010 0.000010 0.000010
0.000010 0.000010 0.000010 0.000010 0.000010 0.000010 0.000010 0.000010 0.000010 0.625243 0.220321 0.046773 0.077579 0.024166 0.005809 0.000010 0.000010
0.000010 0.000010 0.000010 0.000010 0.000010 0.000010 0.000010 0.000010 0.000010 0.999840 0.000010 0.000010 0.000010 0.000010 0.000010 0.000010 0.000010
0.020648 0.000010 0.000010 0.000010 0.000010 0.000010 0.000010 0.000010 0.000010 0.417417 0.199747 0.065708 0.296360 0.000010 0.000010 0.000010 0.000010
0.000010 0.066359 0.000010 0.000010 0.000010 0.000010 0.000010 0.000010 0.000010 0.627458 0.026579 0.000010 0.000010 0.275696 0.000010 0.003788 0.000010
0.132564 0.000010 0.026517 0.000010 0.000010 0.000010 0.000010 0.000010 0.030401 0.322799 0.422282 0.000010 0.000010 0.065327 0.000010 0.000010 0.000010
0.032708 0.019397 0.000010 0.031390 0.000010 0.000010 0.016408 0.000010 0.000010 0.389053 0.269789 0.017211 0.223954 0.000010 0.000010 0.000010 0.000010
0.084622 0.000010 0.091045 0.000010 0.000010 0.000010 0.174399 0.030587 0.088603 0.000010 0.038483 0.195127 0.127957 0.169097 0.000010 0.000010 0.000010
0.000010 0.003447 0.000010 0.000010 0.001722 0.000010 0.000887 0.000010 0.000010 0.687411 0.166160 0.100179 0.000010 0.040095 0.000010 0.000010 0.000010
0.000010 0.000010 0.566891 0.000010 0.000010 0.000010 0.136342 0.000010 0.000010 0.000010 0.053953 0.070487 0.000010 0.000010 0.000010 0.096596 0.075621
0.000010 0.000010 0.000010 0.000010 0.000010 0.000010 0.000010 0.000010 0.999835 0.000010 0.000010 0.000010 0.000010 0.000010 0.000015 0.000010 0.000010
0.000010 0.000010 0.000010 0.000010 0.425105 0.000010 0.000010 0.000010 0.574745 0.000010 0.000010 0.000010 0.000010 0.000010 0.000010 0.000010 0.000010
0.000010 0.000010 0.000010 0.000010 0.833541 0.000010 0.000010 0.000010 0.136395 0.000010 0.000010 0.000010 0.000010 0.000010 0.029924 0.000010 0.000010
0.000010 0.000010 0.136338 0.098129 0.765393 0.000010 0.000010 0.000010 0.000010 0.000010 0.000010 0.000010 0.000010 0.000010 0.000010 0.000010 0.000010
0.000010 0.000010 0.000010 0.000010 0.999840 0.000010 0.000010 0.000010 0.000010 0.000010 0.000010 0.000010 0.000010 0.000010 0.000010 0.000010 0.000010
0.000010 0.000010 0.056468 0.035695 0.797007 0.000010 0.000010 0.000010 0.000010 0.000010 0.000010 0.000010 0.000010 0.000010 0.000010 0.000010 0.110700
0.000010 0.000010 0.000010 0.000010 0.999840 0.000010 0.000010 0.000010 0.000010 0.000010 0.000010 0.000010 0.000010 0.000010 0.000010 0.000010 0.000010
0.006621 0.422917 0.000010 0.000010 0.000010 0.000010 0.000010 0.250553 0.037494 0.000010 0.000010 0.206510 0.000010 0.000010 0.000010 0.000010 0.075795
0.000010 0.000010 0.000010 0.999840 0.000010 0.000010 0.000010 0.000010 0.000010 0.000010 0.000010 0.000010 0.000010 0.000010 0.000010 0.000010 0.000010
0.000010 0.000010 0.000010 0.000010 0.000010 0.000010 0.000010 0.000010 0.999840 0.000010 0.000010 0.000010 0.000010 0.000010 0.000010 0.000010 0.000010
0.000010 0.000010 0.000010 0.000010 0.000010 0.000010 0.000010 0.000010 0.000010 0.000010 0.999840 0.000010 0.000010 0.000010 0.000010 0.000010 0.000010
0.000010 0.000010 0.000010 0.000010 0.999840 0.000010 0.000010 0.000010 0.000010 0.000010 0.000010 0.000010 0.000010 0.000010 0.000010 0.000010 0.000010
0.110232 0.000010 0.000010 0.067305 0.165003 0.000010 0.000010 0.095344 0.407565 0.000010 0.000010 0.000010 0.000010 0.000010 0.000010 0.000010 0.154440
0.000010 0.000010 0.000010 0.000010 0.000010 0.000010 0.000010 0.000010 0.000010 0.000010 0.000010 0.482992 0.000010 0.516858 0.000010 0.000010 0.000010
0.000010 0.000010 0.090805 0.070221 0.673728 0.000010 0.000010 0.000010 0.120866 0.000010 0.000010 0.000010 0.000010 0.000010 0.000010 0.044259 0.000010
0.000010 0.000010 0.000010 0.012348 0.000010 0.000010 0.000010 0.906330 0.026678 0.000010 0.000010 0.054515 0.000010 0.000010 0.000010 0.000010 0.000010
0.000010 0.000010 0.530028 0.139545 0.000010 0.000010 0.000010 0.085382 0.107427 0.000010 0.000010 0.000010 0.000010 0.000010 0.000010 0.000010 0.137497
0.000010 0.000010 0.000010 0.999840 0.000010 0.000010 0.000010 0.000010 0.000010 0.000010 0.000010 0.000010 0.000010 0.000010 0.000010 0.000010 0.000010
0.000010 0.000010 0.084859 0.083234 0.000010 0.000010 0.000010 0.000010 0.000010 0.000010 0.000010 0.000010 0.000010 0.831767 0.000010 0.000010 0.000010
0.000010 0.000010 0.000010 0.000010 0.000010 0.000010 0.000010 0.000010 0.000010 0.036447 0.201948 0.092533 0.563680 0.005877 0.099404 0.000010 0.000010
0.230948 0.000010 0.315020 0.000010 0.000010 0.000010 0.000010 0.000010 0.000010 0.000010 0.000010 0.202601 0.000010 0.251301 0.000010 0.000010 0.000010
0.000010 0.148610 0.169569 0.000010 0.000010 0.000010 0.000010 0.201715 0.000010 0.000010 0.000010 0.000010 0.362776 0.002866 0.000010 0.034685 0.079680
0.000010 0.223512 0.311453 0.087113 0.000010 0.000010 0.000010 0.013334 0.000010 0.118996 0.005276 0.000010 0.205694 0.000010 0.000010 0.000010 0.034532
0.044088 0.054422 0.000010 0.000010 0.000010 0.000010 0.000010 0.000010 0.000010 0.662500 0.238859 0.000010 0.000010 0.000010 0.000010 0.000010 0.000010
0.000010 0.000010 0.000010 0.000010 0.000010 0.000010 0.000010 0.000010 0.000010 0.278170 0.661924 0.000010 0.000010 0.000010 0.000010 0.000010 0.059766
0.000010 0.000010 0.000010 0.000010 0.000010 0.000010 0.000010 0.000010 0.000010 0.000010 0.000010 0.999840 0.000010 0.000010 0.000010 0.000010 0.000010
0.000010 0.000010 0.000010 0.000010 0.000010 0.000010 0.000010 0.000010 0.000010 0.000010 0.000010 0.999840 0.000010 0.000010 0.000010 0.000010 0.000010
0.000010 0.000010 0.000010 0.000010 0.065984 0.000010 0.000010 0.841900 0.000010 0.000010 0.000010 0.000010 0.000010 0.000010 0.000010 0.000010 0.091977
0.000010 0.012282 0.000010 0.122381 0.062389 0.023353 0.000010 0.498223 0.022440 0.000010 0.001154 0.000010 0.000010 0.080078 0.000010 0.038876 0.138755
0.000010 0.000010 0.000010 0.000010 0.000010 0.000010 0.039794 0.000010 0.000010 0.000010 0.083207 0.000010 0.759195 0.071853 0.000010 0.045830 0.000010
0.000010 0.000010 0.000010 0.000010 0.000010 0.000010 0.000010 0.999840 0.000010 0.000010 0.000010 0.000010 0.000010 0.000010 0.000010 0.000010 0.000010
0.000010 0.092546 0.067188 0.144965 0.013018 0.040984 0.000010 0.460461 0.058219 0.000010 0.000010 0.000010 0.000010 0.000010 0.065416 0.057123 0.000010
0.000010 0.000010 0.899702 0.000010 0.000010 0.000010 0.000010 0.000010 0.000010 0.000010 0.000010 0.000010 0.000010 0.100148 0.000010 0.000010 0.000010
0.000010 0.000010 0.000010 0.000010 0.041580 0.028179 0.000010 0.580425 0.065075 0.063323 0.000020 0.000010 0.000010 0.000010 0.000010 0.037752 0.183557
0.000010 0.201771 0.613680 0.000010 0.000010 0.000010 0.000010 0.000010 0.000010 0.000010 0.000010 0.000010 0.000010 0.124129 0.000010 0.000010 0.060290
0.000010 0.000010 0.000010 0.000010 0.000010 0.000010 0.000010 0.104879 0.000010 0.000010 0.000010 0.894971 0.000010 0.000010 0.000010 0.000010 0.000010
0.026025 0.087924 0.299550 0.036765 0.000010 0.000010 0.000010 0.000010 0.000010 0.070649 0.000010 0.195610 0.092743 0.190644 0.000010 0.000010 0.000010
0.025008 0.000010 0.000010 0.000010 0.000010 0.000010 0.036556 0.000010 0.000010 0.096199 0.059316 0.000010 0.547912 0.234899 0.000010 0.000010 0.000010
0.000010 0.108819 0.052003 0.000010 0.096530 0.000010 0.088981 0.517279 0.000010 0.000010 0.024559 0.000010 0.000010 0.000010 0.000010 0.039941 0.071798
0.000010 0.000010 0.000010 0.000010 0.018099 0.000010 0.000010 0.000010 0.000010 0.636997 0.095446 0.000010 0.249328 0.000010 0.000010 0.000010 0.000010
0.000010 0.000010 0.000010 0.000010 0.000010 0.000010 0.000010 0.000010 0.000010 0.000010 0.999840 0.000010 0.000010 0.000010 0.000010 0.000010 0.000010
0.005790 0.000010 0.000010 0.000010 0.000010 0.000010 0.000010 0.045385 0.006219 0.715757 0.226729 0.000010 0.000010 0.000010 0.000010 0.000010 0.000010
0.000010 0.000010 0.000010 0.000010 0.000010 0.000010 0.000010 0.060926 0.000010 0.839297 0.064302 0.035344 0.000010 0.000010 0.000010 0.000010 0.000010
0.000010 0.000010 0.000010 0.000010 0.000010 0.000010 0.000010 0.000010 0.000010 0.175472 0.763813 0.060574 0.000010 0.000010 0.000010 0.000010 0.000010
0.000010 0.000010 0.000010 0.000010 0.000010 0.047685 0.000010 0.000010 0.000010 0.560491 0.290261 0.000010 0.091548 0.000010 0.000010 0.009895 0.000010
0.000010 0.000010 0.000010 0.000010 0.000010 0.000010 0.000010 0.000010 0.000010 0.000010 0.000010 0.877718 0.122132 0.000010 0.000010 0.000010 0.000010
0.000010 0.000010 0.000010 0.000010 0.000010 0.000010 0.000010 0.000010 0.999840 0.000010 0.000010 0.000010 0.000010 0.000010 0.000010 0.000010 0.000010
0.000010 0.000010 0.000010 0.000010 0.000010 0.000010 0.555162 0.000010 0.000010 0.000010 0.000010 0.000010 0.000010 0.000010 0.000010 0.444688 0.000010
0.000010 0.000010 0.000010 0.000010 0.942085 0.000010 0.000010 0.000010 0.057760 0.000010 0.000010 0.000010 0.000015 0.000010 0.000010 0.000010 0.000010
0.000010 0.000010 0.000010 0.000010 0.999840 0.000010 0.000010 0.000010 0.000010 0.000010 0.000010 0.000010 0.000010 0.000010 0.000010 0.000010 0.000010
0.000010 0.000010 0.000010 0.000010 0.999840 0.000010 0.000010 0.000010 0.000010 0.000010 0.000010 0.000010 0.000010 0.000010 0.000010 0.000010 0.000010
0.000010 0.000010 0.000010 0.999840 0.000010 0.000010 0.000010 0.000010 0.000010 0.000010 0.000010 0.000010 0.000010 0.000010 0.000010 0.000010 0.000010
0.000010 0.000010 0.000010 0.044316 0.000010 0.000010 0.000010 0.000010 0.000010 0.000010 0.000010 0.955534 0.000010 0.000010 0.000010 0.000010 0.000010
0.000010 0.000010 0.000010 0.000010 0.000010 0.042498 0.000010 0.000010 0.000010 0.000010 0.000010 0.908576 0.048786 0.000010 0.000010 0.000010 0.000010
0.066233 0.000010 0.000010 0.000010 0.000010 0.000010 0.000010 0.000010 0.000010 0.625583 0.137078 0.000010 0.114009 0.000010 0.056978 0.000010 0.000010
0.000010 0.000010 0.178449 0.000010 0.000010 0.000010 0.821401 0.000010 0.000010 0.000010 0.000010 0.000010 0.000010 0.000010 0.000010 0.000010 0.000010
0.000010 0.000010 0.766810 0.000010 0.000010 0.000010 0.000010 0.000010 0.000010 0.000010 0.233040 0.000010 0.000010 0.000010 0.000010 0.000010 0.000010
0.000010 0.000010 0.019673 0.000010 0.073174 0.105854 0.000010 0.000010 0.000010 0.000010 0.000010 0.784506 0.000010 0.000010 0.000010 0.016673 0.000010
0.999840 0.000010 0.000010 0.000010 0.000010 0.000010 0.000010 0.000010 0.000010 0.000010 0.000010 0.000010 0.000010 0.000010 0.000010 0.000010 0.000010
0.085960 0.000010 0.000010 0.000010 0.023622 0.000010 0.000010 0.000010 0.000010 0.000010 0.135313 0.000010 0.401632 0.076557 0.000010 0.000010 0.276805
0.292339 0.000010 0.000010 0.000010 0.000010 0.000010 0.000010 0.000010 0.000010 0.009809 0.000010 0.697712 0.000010 0.000010 0.000010 0.000010 0.000010
0.086446 0.011580 0.000010 0.372561 0.000010 0.000010 0.000010 0.000010 0.003059 0.071294 0.000010 0.072262 0.007367 0.000010 0.000010 0.000010 0.375341
0.274253 0.000010 0.000010 0.000010 0.000010 0.000010 0.000010 0.000010 0.000010 0.000010 0.000010 0.472471 0.069922 0.183224 0.000010 0.000010 0.000010
0.125614 0.000010 0.000010 0.031458 0.000010 0.000010 0.000010 0.061083 0.000010 0.231708 0.000010 0.060526 0.420284 0.069226 0.000010 0.000010 0.000010
0.000010 0.000010 0.000010 0.000010 0.000010 0.000010 0.000010 0.000010 0.000010 0.000010 0.000010 0.491852 0.141183 0.366824 0.000010 0.000010 0.000010
0.000010 0.152654 0.228528 0.034567 0.026812 0.000010 0.000010 0.000010 0.000010 0.000010 0.000010 0.549972 0.000010 0.000010 0.000010 0.000010 0.007356
0.000010 0.099089 0.000010 0.003911 0.000010 0.000010 0.033000 0.746344 0.043749 0.000010 0.000010 0.000010 0.000010 0.000010 0.000010 0.000010 0.073796
0.000010 0.000010 0.999840 0.000010 0.000010 0.000010 0.000010 0.000010 0.000010 0.000010 0.000010 0.000010 0.000010 0.000010 0.000010 0.000010 0.000010
0.000010 0.028292 0.000010 0.000010 0.000010 0.018849 0.000010 0.029292 0.006348 0.619316 0.155848 0.000010 0.004544 0.137422 0.000010 0.000010 0.000010
0.000010 0.000010 0.000010 0.000010 0.000010 0.000010 0.000010 0.000010 0.000010 0.767296 0.219671 0.000010 0.012893 0.000010 0.000010 0.000010 0.000010
0.000010 0.000010 0.000010 0.000010 0.002435 0.000010 0.052628 0.641168 0.000010 0.000010 0.000010 0.000010 0.000010 0.000010 0.125878 0.177772 0.000010
0.000010 0.000010 0.000010 0.000010 0.000010 0.000010 0.999840 0.000010 0.000010 0.000010 0.000010 0.000010 0.000010 0.000010 0.000010 0.000010 0.000010
0.000010 0.000010 0.000010 0.025356 0.000010 0.796358 0.000010 0.000010 0.000010 0.000010 0.000010 0.000010 0.000010 0.063171 0.114978 0.000017 0.000010
0.000010 0.000010 0.000010 0.000010 0.000010 0.999840 0.000010 0.000010 0.000010 0.000010 0.000010 0.000010 0.000010 0.000010 0.000010 0.000010 0.000010
0.000010 0.000010 0.000010 0.999840 0.000010 0.000010 0.000010 0.000010 0.000010 0.000010 0.000010 0.000010 0.000010 0.000010 0.000010 0.000010 0.000010
0.034395 0.086213 0.000010 0.000010 0.000010 0.000010 0.000010 0.000010 0.099744 0.000010 0.193550 0.072380 0.506988 0.000010 0.000010 0.006629 0.000010
0.139159 0.013127 0.000010 0.000010 0.012633 0.000010 0.000010 0.183428 0.024066 0.000010 0.052365 0.447790 0.038943 0.000010 0.000010 0.000010 0.088409
0.000010 0.096498 0.000010 0.000010 0.000010 0.000010 0.000010 0.000010 0.000010 0.646327 0.147894 0.000010 0.000010 0.000010 0.000010 0.000010 0.109151
0.383092 0.000010 0.339056 0.000010 0.000903 0.000010 0.000010 0.000010 0.000010 0.000010 0.000010 0.000010 0.000010 0.198762 0.000010 0.000010 0.078067
0.000010 0.192710 0.000010 0.000010 0.025564 0.000010 0.000010 0.000010 0.000010 0.781586 0.000010 0.000010 0.000010 0.000010 0.000010 0.000010 0.000010
0.000010 0.131001 0.000010 0.000010 0.000010 0.025430 0.000010 0.000010 0.000010 0.579145 0.132311 0.131992 0.000010 0.000010 0.000010 0.000010 0.000010
0.000010 0.000010 0.000010 0.000010 0.000010 0.999840 0.000010 0.000010 0.000010 0.000010 0.000010 0.000010 0.000010 0.000010 0.000010 0.000010 0.000010
0.000010 0.000010 0.351716 0.000010 0.000010 0.025522 0.000010 0.000010 0.000010 0.000010 0.000010 0.000010 0.357347 0.265285 0.000010 0.000010 0.000010
0.000010 0.000010 0.000010 0.000010 0.000010 0.999840 0.000010 0.000010 0.000010 0.000010 0.000010 0.000010 0.000010 0.000010 0.000010 0.000010 0.000010
0.000010 0.000010 0.000010 0.000010 0.000010 0.999840 0.000010 0.000010 0.000010 0.000010 0.000010 0.000010 0.000010 0.000010 0.000010 0.000010 0.000010
0.000010 0.000010 0.000010 0.000010 0.000010 0.815514 0.125620 0.000010 0.000010 0.000010 0.000010 0.000010 0.000010 0.058726 0.000010 0.000010 0.000010
0.000010 0.000010 0.401601 0.000010 0.047347 0.000010 0.016626 0.000010 0.000010 0.000010 0.000425 0.102518 0.000010 0.332976 0.000010 0.000010 0.098408
0.000010 0.150987 0.000010 0.000010 0.005519 0.000010 0.000010 0.000010 0.000010 0.442421 0.250408 0.150544 0.000010 0.000010 0.000010 0.000010 0.000010
0.000010 0.000010 0.000010 0.000010 0.024954 0.047241 0.000010 0.000010 0.000010 0.528833 0.131052 0.000010 0.189644 0.000010 0.000010 0.078166 0.000010
0.000010 0.000010 0.216678 0.000010 0.000010 0.000010 0.141368 0.044504 0.000010 0.000010 0.255638 0.000010 0.000010 0.000010 0.127570 0.037283 0.176859
0.000010 0.000010 0.315291 0.000010 0.063140 0.000010 0.352315 0.121587 0.010348 0.000010 0.000010 0.000010 0.000010 0.000010 0.000010 0.000010 0.137209
0.000010 0.000010 0.000010 0.000010 0.000010 0.000010 0.000010 0.000010 0.000012 0.000010 0.000010 0.000010 0.000010 0.000010 0.000010 0.999838 0.000010
0.143760 0.049571 0.043372 0.097287 0.000010 0.000010 0.000010 0.172285 0.000010 0.083691 0.000980 0.000010 0.408964 0.000010 0.000010 0.000010 0.000010
0.016587 0.135805 0.000010 0.000010 0.000010 0.023389 0.000010 0.000010 0.000010 0.516244 0.164497 0.143368 0.000010 0.000010 0.000010 0.000010 0.000010
0.000010 0.000010 0.999840 0.000010 0.000010 0.000010 0.000010 0.000010 0.000010 0.000010 0.000010 0.000010 0.000010 0.000010 0.000010 0.000010 0.000010
0.000010 0.000010 0.814440 0.000010 0.185410 0.000010 0.000010 0.000010 0.000010 0.000010 0.000010 0.000010 0.000010 0.000010 0.000010 0.000010 0.000010
0.000010 0.000010 0.741946 0.000010 0.000010 0.000010 0.000010 0.000010 0.000010 0.000010 0.169957 0.084042 0.003925 0.000010 0.000010 0.000010 0.000010
0.000010 0.000010 0.000010 0.000010 0.000010 0.000010 0.000012 0.000010 0.000010 0.329280 0.670568 0.000010 0.000010 0.000010 0.000010 0.000010 0.000010
0.146040 0.163116 0.000010 0.000010 0.000010 0.000010 0.000010 0.000010 0.022648 0.515792 0.152283 0.000010 0.000010 0.000010 0.000010 0.000010 0.000010
0.053289 0.000010 0.000010 0.000010 0.000010 0.049915 0.000010 0.000010 0.000010 0.549212 0.000010 0.000010 0.252781 0.094682 0.000010 0.000010 0.000010
0.000010 0.009298 0.000010 0.000010 0.016686 0.000010 0.000010 0.000010 0.051333 0.913365 0.000010 0.000010 0.009198 0.000010 0.000010 0.000010 0.000010
0.000010 0.000010 0.000010 0.999840 0.000010 0.000010 0.000010 0.000010 0.000010 0.000010 0.000010 0.000010 0.000010 0.000010 0.000010 0.000010 0.000010
0.921253 0.078597 0.000010 0.000010 0.000010 0.000010 0.000010 0.000010 0.000010 0.000010 0.000010 0.000010 0.000010 0.000010 0.000010 0.000010 0.000010
0.000010 0.099748 0.000010 0.172308 0.141071 0.000010 0.014423 0.282568 0.110296 0.000010 0.143481 0.036016 0.000010 0.000010 0.000010 0.000010 0.000010
0.075383 0.462006 0.000010 0.000010 0.000010 0.000010 0.000010 0.200557 0.000010 0.000010 0.175213 0.000010 0.086721 0.000010 0.000010 0.000010 0.000010
0.000010 0.000010 0.000010 0.372552 0.025272 0.000010 0.000010 0.602036 0.000010 0.000010 0.000010 0.000010 0.000010 0.000010 0.000010 0.000010 0.000010
0.000010 0.000010 0.000010 0.061974 0.000010 0.000010 0.000010 0.808704 0.041407 0.000010 0.000010 0.000010 0.000010 0.000010 0.000010 0.087785 0.000010
0.000010 0.000010 0.092620 0.070476 0.078609 0.000010 0.000010 0.758166 0.000010 0.000010 0.000010 0.000010 0.000010 0.000010 0.000010 0.000010 0.000010
0.053681 0.000010 0.040785 0.105052 0.000010 0.000010 0.000010 0.731229 0.027222 0.000010 0.000010 0.000010 0.000010 0.000010 0.000010 0.041921 0.000010
0.000010 0.038911 0.561966 0.000010 0.118061 0.000010 0.018881 0.164614 0.000010 0.000010 0.000010 0.000010 0.000010 0.000010 0.000010 0.022436 0.075031
0.000010 0.000010 0.000010 0.000010 0.000010 0.999840 0.000010 0.000010 0.000010 0.000010 0.000010 0.000010 0.000010 0.000010 0.000010 0.000010 0.000010
0.000010 0.000010 0.000010 0.000010 0.000010 0.000010 0.000010 0.000010 0.000010 0.000010 0.000010 0.000010 0.000010 0.999840 0.000010 0.000010 0.000010
0.301596 0.000010 0.000010 0.000010 0.000010 0.000010 0.000010 0.000010 0.000010 0.000010 0.359269 0.000010 0.182683 0.072124 0.000010 0.000010 0.084209
0.000010 0.000010 0.000010 0.056471 0.024967 0.007313 0.149738 0.674348 0.000010 0.000010 0.000010 0.000010 0.000010 0.000010 0.000010 0.087052 0.000010
0.024134 0.000010 0.000010 0.000010 0.000010 0.000010 0.000010 0.000010 0.000010 0.344519 0.000010 0.008461 0.495714 0.057564 0.034583 0.034926 0.000010
0.000010 0.000010 0.087902 0.175745 0.000010 0.000010 0.000010 0.736213 0.000010 0.000010 0.000010 0.000010 0.000010 0.000010 0.000010 0.000010 0.000010
0.127657 0.000010 0.000010 0.000010 0.000010 0.000010 0.000010 0.000010 0.000010 0.140844 0.260132 0.110931 0.351118 0.000010 0.000010 0.009208 0.000010
0.131302 0.000010 0.000010 0.000010 0.000010 0.000010 0.000010 0.000010 0.000010 0.070084 0.243762 0.224341 0.255565 0.000010 0.000010 0.074836 0.000010
0.295964 0.000010 0.000010 0.000010 0.000010 0.000010 0.000010 0.000010 0.000010 0.133385 0.000010 0.267401 0.086497 0.213242 0.000010 0.000010 0.003401
0.000010 0.000010 0.268046 0.000010 0.021708 0.000010 0.007116 0.000010 0.018668 0.060249 0.000010 0.037852 0.152073 0.255722 0.178487 0.000010 0.000010
0.285513 0.000010 0.066699 0.000010 0.000010 0.000010 0.000010 0.000010 0.000010 0.000010 0.134076 0.513582 0.000010 0.000010 0.000010 0.000010 0.000010
0.057688 0.000010 0.038405 0.000010 0.019453 0.000010 0.000010 0.000010 0.000010 0.000017 0.057974 0.487966 0.020716 0.317692 0.000010 0.000010 0.000010
0.000010 0.000010 0.625577 0.000010 0.000010 0.000010 0.000010 0.055688 0.000010 0.000010 0.318595 0.000010 0.000010 0.000010 0.000010 0.000010 0.000010
0.000010 0.630796 0.241232 0.000010 0.000010 0.000010 0.000010 0.127832 0.000010 0.000010 0.000010 0.000010 0.000010 0.000010 0.000010 0.000010 0.000010
0.178223 0.000010 0.529912 0.020540 0.012115 0.000010 0.063601 0.083609 0.026326 0.000010 0.063934 0.000010 0.000010 0.000010 0.000010 0.000010 0.021660
0.000010 0.999840 0.000010 0.000010 0.000010 0.000010 0.000010 0.000010 0.000010 0.000010 0.000010 0.000010 0.000010 0.000010 0.000010 0.000010 0.000010
0.000010 0.999840 0.000010 0.000010 0.000010 0.000010 0.000010 0.000010 0.000010 0.000010 0.000010 0.000010 0.000010 0.000010 0.000010 0.000010 0.000010
0.102749 0.260989 0.314271 0.043841 0.013761 0.000010 0.000010 0.000010 0.000010 0.127471 0.000010 0.059650 0.071906 0.000010 0.000010 0.000010 0.005282
0.000010 0.999840 0.000010 0.000010 0.000010 0.000010 0.000010 0.000010 0.000010 0.000010 0.000010 0.000010 0.000010 0.000010 0.000010 0.000010 0.000010
0.637385 0.000010 0.000010 0.000010 0.000010 0.000010 0.000010 0.000010 0.000010 0.000010 0.000010 0.362465 0.000010 0.000010 0.000010 0.000010 0.000010
0.000010 0.053243 0.000010 0.000010 0.000010 0.000010 0.000010 0.000010 0.000010 0.000010 0.196367 0.000010 0.750250 0.000010 0.000010 0.000010 0.000010
0.203126 0.000010 0.000010 0.000010 0.000010 0.000010 0.000010 0.000010 0.000010 0.000010 0.308697 0.243936 0.158477 0.031124 0.000010 0.054531 0.000010
0.647056 0.000010 0.000010 0.000010 0.000010 0.000010 0.000010 0.282886 0.000010 0.000010 0.000010 0.000010 0.000010 0.000010 0.000010 0.000010 0.069919
0.000010 0.000010 0.000010 0.000010 0.000010 0.000010 0.000010 0.999840 0.000010 0.000010 0.000010 0.000010 0.000010 0.000010 0.000010 0.000010 0.000010
0.000010 0.162057 0.000010 0.000010 0.000010 0.000010 0.037446 0.000010 0.000010 0.000010 0.155330 0.000010 0.639959 0.000010 0.005088 0.000010 0.000010
0.931297 0.000010 0.000010 0.000010 0.000010 0.000010 0.000010 0.000010 0.000010 0.000010 0.000010 0.068553 0.000010 0.000010 0.000010 0.000010 0.000010
0.000010 0.000010 0.000010 0.000010 0.000010 0.000010 0.999840 0.000010 0.000010 0.000010 0.000010 0.000010 0.000010 0.000010 0.000010 0.000010 0.000010
0.000010 0.000010 0.000010 0.000010 0.048694 0.735355 0.000010 0.000010 0.000010 0.000010 0.000010 0.000010 0.000010 0.059614 0.156206 0.000010 0.000010
0.000010 0.000010 0.476185 0.000010 0.000010 0.000010 0.000010 0.000010 0.000010 0.000010 0.387832 0.135843 0.000010 0.000010 0.000010 0.000010 0.000010
0.000010 0.000010 0.000010 0.000010 0.000010 0.702031 0.000010 0.000010 0.000010 0.000010 0.000010 0.000010 0.000010 0.000010 0.297819 0.000010 0.000010
0.000010 0.000010 0.000010 0.048177 0.000010 0.671505 0.124522 0.000010 0.000010 0.000010 0.000010 0.000010 0.000010 0.005280 0.111264 0.000010 0.039142
0.000010 0.000010 0.000010 0.097262 0.000010 0.092132 0.094934 0.000010 0.000010 0.000010 0.015350 0.000010 0.082870 0.000010 0.572485 0.000010 0.044867
0.000010 0.000010 0.000010 0.000010 0.000010 0.000010 0.000010 0.999840 0.000010 0.000010 0.000010 0.000010 0.000010 0.000010 0.000010 0.000010 0.000010
0.000010 0.004470 0.000010 0.000010 0.014165 0.220587 0.720148 0.000010 0.000010 0.032819 0.000010 0.000010 0.000010 0.000010 0.000010 0.000010 0.007701
0.000010 0.000010 0.000010 0.029043 0.000010 0.719358 0.000010 0.000010 0.000010 0.000010 0.018733 0.012706 0.037729 0.000010 0.091328 0.091004 0.000010
0.000010 0.000010 0.000010 0.000010 0.000010 0.545843 0.303399 0.000010 0.013883 0.000010 0.000010 0.000010 0.000010 0.000010 0.000010 0.104540 0.032215
0.062582 0.000010 0.000010 0.000010 0.000010 0.000010 0.000010 0.000010 0.000010 0.123343 0.000010 0.000010 0.786600 0.000010 0.000010 0.000010 0.027345
0.000010 0.000010 0.000010 0.000010 0.021674 0.000010 0.000010 0.000010 0.000010 0.000010 0.000010 0.000010 0.949516 0.000010 0.000010 0.028669 0.000010
0.010764 0.000010 0.417838 0.054921 0.000010 0.000010 0.269525 0.000010 0.000010 0.000010 0.000010 0.089115 0.157727 0.000010 0.000010 0.000010 0.000010
0.161107 0.000010 0.052021 0.011221 0.000010 0.000010 0.000010 0.000010 0.000010 0.071289 0.154312 0.133309 0.342815 0.000010 0.000010 0.000010 0.073837
0.000010 0.000010 0.000010 0.000010 0.000010 0.416003 0.261002 0.000010 0.000010 0.000010 0.000010 0.000010 0.000010 0.000010 0.289437 0.033429 0.000010
0.351668 0.000010 0.210323 0.041169 0.031587 0.000010 0.005480 0.000010 0.000010 0.000010 0.060616 0.106655 0.132280 0.011377 0.048776 0.000010 0.000010
0.000010 0.000010 0.000010 0.000010 0.000010 0.673337 0.235491 0.000010 0.000010 0.000010 0.000010 0.000010 0.000010 0.000010 0.000010 0.000010 0.091032
0.000010 0.078072 0.000010 0.000010 0.011423 0.415081 0.229799 0.042055 0.000010 0.000010 0.000010 0.000010 0.000010 0.000010 0.214557 0.008913 0.000010
0.131149 0.000010 0.000010 0.000010 0.000010 0.000010 0.059788 0.029373 0.013157 0.222628 0.151657 0.146126 0.246031 0.000010 0.000010 0.000010 0.000010
0.000010 0.109638 0.000010 0.000010 0.000010 0.000010 0.005005 0.000010 0.000010 0.000010 0.000010 0.000010 0.775849 0.109378 0.000010 0.000010 0.000010
0.000010 0.000010 0.000010 0.000010 0.045582 0.678386 0.000010 0.000010 0.000010 0.000010 0.000010 0.004992 0.000010 0.088498 0.182422 0.000010 0.000010
0.000010 0.056225 0.085711 0.000010 0.000010 0.000010 0.000010 0.000010 0.000010 0.110246 0.000010 0.000010 0.744903 0.000010 0.000010 0.000010 0.002795
0.000010 0.000010 0.596904 0.000010 0.000010 0.059103 0.000010 0.000010 0.000010 0.000019 0.000010 0.000010 0.092385 0.226072 0.000010 0.025407 0.000010
0.000010 0.000010 0.000010 0.000010 0.000010 0.000010 0.999840 0.000010 0.000010 0.000010 0.000010 0.000010 0.000010 0.000010 0.000010 0.000010 0.000010
0.000010 0.063975 0.000010 0.000010 0.012649 0.572617 0.177075 0.000010 0.001124 0.000010 0.000010 0.000015 0.000010 0.008980 0.100767 0.062718 0.000010
0.000010 0.000010 0.000010 0.000010 0.000010 0.999840 0.000010 0.000010 0.000010 0.000010 0.000010 0.000010 0.000010 0.000010 0.000010 0.000010 0.000010
0.657761 0.068418 0.123643 0.000010 0.000010 0.000010 0.000010 0.039392 0.028679 0.000010 0.000010 0.000010 0.000010 0.029031 0.052975 0.000010 0.000010
0.000010 0.000010 0.999840 0.000010 0.000010 0.000010 0.000010 0.000010 0.000010 0.000010 0.000010 0.000010 0.000010 0.000010 0.000010 0.000010 0.000010
0.167439 0.149228 0.000010 0.000010 0.000010 0.000010 0.000010 0.407142 0.000010 0.276061 0.000010 0.000010 0.000010 0.000010 0.000010 0.000010 0.000010
0.140693 0.000010 0.256414 0.000010 0.000010 0.023270 0.000010 0.058085 0.000010 0.000010 0.095553 0.000010 0.331368 0.000010 0.094516 0.000010 0.000010
0.000010 0.000010 0.024996 0.050130 0.007919 0.174798 0.135828 0.000010 0.000010 0.005606 0.055262 0.000010 0.000010 0.008203 0.524336 0.012851 0.000010
0.000010 0.100510 0.000010 0.000010 0.000010 0.428383 0.146410 0.000010 0.000010 0.000010 0.000010 0.000010 0.000010 0.000010 0.324568 0.000010 0.000010
0.000010 0.099211 0.000010 0.000010 0.077652 0.041937 0.281574 0.000010 0.000312 0.000010 0.000010 0.000012 0.000010 0.000010 0.491276 0.007936 0.000010
0.000010 0.062301 0.000010 0.000010 0.000010 0.395932 0.013676 0.000010 0.028516 0.000010 0.010203 0.000010 0.000945 0.000010 0.488328 0.000010 0.000010
0.021933 0.278740 0.000010 0.000010 0.000010 0.000010 0.038152 0.000010 0.000010 0.001662 0.000010 0.000010 0.659393 0.000010 0.000010 0.000010 0.000010
0.000010 0.000010 0.000010 0.000010 0.000010 0.000010 0.000010 0.000010 0.000010 0.000010 0.000010 0.000010 0.000010 0.000010 0.000010 0.999840 0.000010
0.169634 0.000010 0.000010 0.000010 0.000010 0.000010 0.000010 0.000010 0.000010 0.642242 0.066620 0.000010 0.000010 0.071847 0.000010 0.035167 0.014380
0.000010 0.000010 0.000010 0.000010 0.032936 0.000010 0.099176 0.000010 0.014408 0.450004 0.380841 0.000010 0.022525 0.000010 0.000010 0.000010 0.000010
0.000010 0.146917 0.000010 0.005423 0.000010 0.000010 0.000010 0.036436 0.000010 0.534302 0.276802 0.000010 0.000010 0.000010 0.000010 0.000010 0.000010
0.000010 0.000010 0.000010 0.000010 0.000010 0.000010 0.000010 0.000010 0.000010 0.000010 0.000010 0.000010 0.000010 0.000010 0.000010 0.000010 0.999840
0.000010 0.000010 0.000010 0.000010 0.000010 0.749832 0.013409 0.000010 0.000010 0.000010 0.000010 0.000010 0.035631 0.000010 0.200998 0.000010 0.000010
0.000010 0.000010 0.000010 0.000010 0.000010 0.000010 0.000010 0.000010 0.000010 0.000010 0.000010 0.000010 0.000010 0.000010 0.000010 0.000010 0.999840
0.000010 0.000010 0.000010 0.000010 0.000010 0.000010 0.000010 0.000010 0.000010 0.000010 0.000010 0.000010 0.000010 0.000010 0.000010 0.000010 0.999840
0.000010 0.000010 0.000010 0.036621 0.000010 0.219661 0.161797 0.000010 0.021552 0.000010 0.000010 0.076594 0.000010 0.000010 0.483665 0.000010 0.000010
0.000010 0.006774 0.000010 0.000010 0.000010 0.134793 0.115771 0.000010 0.000010 0.000010 0.000010 0.000010 0.000010 0.000010 0.742532 0.000010 0.000010
0.000010 0.000010 0.000010 0.000010 0.000010 0.843742 0.140720 0.000010 0.000010 0.000010 0.000010 0.000010 0.008028 0.000010 0.007380 0.000010 0.000010
0.000010 0.000010 0.000010 0.000010 0.000010 0.155776 0.000010 0.000010 0.063773 0.083062 0.000010 0.000010 0.000010 0.000010 0.697258 0.000010 0.000010
0.000010 0.000010 0.000010 0.000010 0.000010 0.000010 0.000010 0.000010 0.000010 0.415056 0.426737 0.157028 0.000010 0.001048 0.000010 0.000010 0.000010
0.003282 0.000010 0.000010 0.000010 0.000010 0.000010 0.053686 0.000010 0.000010 0.239514 0.463687 0.097395 0.142325 0.000010 0.000010 0.000010 0.000010
0.189433 0.000010 0.000010 0.000010 0.023245 0.000010 0.000010 0.000010 0.000010 0.668429 0.023792 0.000010 0.036533 0.000010 0.058458 0.000010 0.000010
0.000010 0.000010 0.000010 0.000010 0.000010 0.005608 0.481675 0.000010 0.000010 0.000010 0.000010 0.000010 0.000010 0.000010 0.512577 0.000010 0.000010
0.000010 0.000010 0.000010 0.000010 0.000010 0.000010 0.000010 0.000010 0.000010 0.999840 0.000010 0.000010 0.000010 0.000010 0.000010 0.000010 0.000010
0.179761 0.000010 0.000010 0.000010 0.026371 0.000010 0.000010 0.000010 0.000010 0.541983 0.184568 0.000010 0.000010 0.000010 0.018250 0.000010 0.048958
0.246732 0.000010 0.000010 0.000010 0.000010 0.000010 0.000010 0.000010 0.000010 0.000010 0.321083 0.211233 0.172146 0.000010 0.000010 0.007983 0.040713
0.000010 0.000010 0.000010 0.000010 0.000010 0.254705 0.000010 0.000010 0.000010 0.000010 0.000010 0.000010 0.000010 0.000010 0.745145 0.000010 0.000010
0.000010 0.000010 0.000010 0.000010 0.000010 0.792082 0.000010 0.000010 0.000010 0.000010 0.000010 0.000010 0.000010 0.000010 0.207768 0.000010 0.000010
0.000010 0.000010 0.000010 0.000010 0.000010 0.000010 0.340882 0.000010 0.000010 0.000010 0.000010 0.030079 0.000010 0.000010 0.628899 0.000010 0.000010
0.000010 0.000010 0.000010 0.000010 0.000010 0.264137 0.000010 0.000010 0.000010 0.000010 0.000010 0.000010 0.000010 0.081855 0.602454 0.051424 0.000010
0.045471 0.006060 0.004953 0.000010 0.000010 0.236799 0.157246 0.000010 0.000010 0.000010 0.000010 0.000010 0.000010 0.000010 0.508542 0.000010 0.040829
0.000010 0.000010 0.075078 0.000010 0.002740 0.274401 0.184441 0.000010 0.019922 0.000010 0.000010 0.015549 0.000010 0.000010 0.421558 0.006220 0.000010
0.000010 0.000010 0.000010 0.000010 0.000010 0.294788 0.351252 0.000010 0.000010 0.000010 0.000010 0.000010 0.000010 0.000010 0.353820 0.000010 0.000010
0.000010 0.047062 0.000010 0.000010 0.011813 0.227684 0.140231 0.000010 0.023933 0.000010 0.010706 0.000012 0.000010 0.000010 0.538470 0.000010 0.000010
0.022435 0.095493 0.000010 0.000010 0.000010 0.000011 0.000010 0.277743 0.000010 0.000010 0.000010 0.487059 0.092415 0.000010 0.014665 0.000010 0.010090
0.602736 0.000010 0.000010 0.000010 0.000010 0.000010 0.000010 0.000010 0.000010 0.000010 0.384495 0.012629 0.000010 0.000010 0.000010 0.000010 0.000010
0.000010 0.000010 0.000010 0.000010 0.000010 0.118447 0.000010 0.000010 0.000010 0.000016 0.000010 0.000010 0.000010 0.000010 0.881397 0.000010 0.000010
0.000010 0.000010 0.000010 0.000010 0.101464 0.000010 0.000010 0.000010 0.000010 0.000010 0.000010 0.000010 0.000010 0.000010 0.898386 0.000010 0.000010
0.126321 0.000010 0.000010 0.000010 0.000010 0.098348 0.000010 0.000010 0.000010 0.775191 0.000010 0.000010 0.000010 0.000010 0.000010 0.000010 0.000010
0.000010 0.175109 0.002814 0.000010 0.000010 0.000010 0.000010 0.000010 0.000010 0.520858 0.257431 0.000010 0.000010 0.043667 0.000010 0.000010 0.000010
0.072940 0.000010 0.000010 0.000010 0.000010 0.000010 0.000010 0.000010 0.025193 0.293518 0.593172 0.000010 0.000010 0.011053 0.000010 0.000010 0.004014
0.000010 0.000010 0.000010 0.000010 0.000010 0.106724 0.466332 0.027416 0.000010 0.000010 0.000010 0.000010 0.178567 0.000010 0.000010 0.220841 0.000010
0.000010 0.000010 0.000010 0.000010 0.000010 0.000010 0.000010 0.000010 0.000010 0.000010 0.000010 0.000010 0.000010 0.999840 0.000010 0.000010 0.000010
0.000010 0.000010 0.000010 0.000010 0.000010 0.000010 0.000010 0.000010 0.000010 0.000010 0.000010 0.577304 0.000010 0.422546 0.000010 0.000010 0.000010
0.000010 0.000010 0.000010 0.024202 0.029300 0.632064 0.073490 0.000010 0.000010 0.000010 0.000010 0.000010 0.000010 0.000010 0.240824 0.000010 0.000010
0.000010 0.000010 0.141473 0.000010 0.168341 0.141925 0.000010 0.000010 0.000010 0.000010 0.149669 0.053382 0.000010 0.290661 0.000010 0.000010 0.054449
0.022313 0.000010 0.044823 0.000010 0.001675 0.000010 0.000010 0.000010 0.000010 0.000010 0.117693 0.188472 0.000010 0.557118 0.000010 0.000010 0.067807
0.000010 0.000010 0.000010 0.000010 0.000010 0.854051 0.145799 0.000010 0.000010 0.000010 0.000010 0.000010 0.000010 0.000010 0.000010 0.000010 0.000010
0.000010 0.808706 0.034527 0.000010 0.023345 0.000010 0.000010 0.000010 0.000010 0.000010 0.000010 0.000010 0.000010 0.000010 0.000010 0.133291 0.000010
0.000010 0.139731 0.120459 0.030909 0.000010 0.000010 0.000010 0.006797 0.000010 0.124604 0.311283 0.000010 0.266116 0.000010 0.000010 0.000010 0.000010
0.000010 0.999840 0.000010 0.000010 0.000010 0.000010 0.000010 0.000010 0.000010 0.000010 0.000010 0.000010 0.000010 0.000010 0.000010 0.000010 0.000010
0.999840 0.000010 0.000010 0.000010 0.000010 0.000010 0.000010 0.000010 0.000010 0.000010 0.000010 0.000010 0.000010 0.000010 0.000010 0.000010 0.000010
0.000010 0.000010 0.000010 0.000010 0.000010 0.000010 0.000010 0.000010 0.000010 0.000010 0.000010 0.000010 0.000010 0.000010 0.000010 0.999840 0.000010
0.041004 0.000010 0.000010 0.000010 0.025809 0.000010 0.000010 0.000010 0.000010 0.000010 0.073766 0.000010 0.364943 0.372182 0.000010 0.000010 0.122185
0.131267 0.089200 0.000010 0.000010 0.000010 0.000010 0.000010 0.040636 0.056106 0.012624 0.000010 0.000010 0.000010 0.000010 0.241086 0.000010 0.428981
0.000010 0.000010 0.000010 0.000010 0.000010 0.000010 0.000010 0.000010 0.000010 0.000010 0.000010 0.000010 0.999840 0.000010 0.000010 0.000010 0.000010
