0.000010 0.001805 0.336567 0.000010 0.657270 0.000010 0.004308 0.000010 0.000010
0.739890 0.000010 0.000010 0.042161 0.000010 0.197796 0.003131 0.016982 0.000010
0.090503 0.000010 0.000010 0.000010 0.000010 0.909427 0.000010 0.000010 0.000010
0.000010 0.000010 0.000010 0.000010 0.084803 0.831483 0.083654 0.000010 0.000010
0.029138 0.000010 0.031920 0.000010 0.000010 0.845578 0.000010 0.092914 0.000410
0.000010 0.000010 0.000010 0.000010 0.000010 0.893240 0.000010 0.106690 0.000010
0.000010 0.000010 0.000010 0.000010 0.296016 0.703914 0.000010 0.000010 0.000010
0.138854 0.000010 0.000010 0.000010 0.004124 0.822500 0.000010 0.000010 0.034472
0.000010 0.000010 0.000010 0.999920 0.000010 0.000010 0.000010 0.000010 0.000010
0.000010 0.000010 0.000010 0.999920 0.000010 0.000010 0.000010 0.000010 0.000010
0.000010 0.000010 0.000010 0.000010 0.000010 0.000010 0.000010 0.000010 0.999920
0.200788 0.000010 0.000010 0.000015 0.117580 0.143135 0.000010 0.000010 0.538441
0.000010 0.000010 0.000010 0.000010 0.000010 0.000010 0.000010 0.000010 0.999920
0.000010 0.000010 0.000010 0.000010 0.000010 0.000010 0.000010 0.000010 0.999920
0.041650 0.000010 0.000010 0.000010 0.000010 0.000010 0.000010 0.000010 0.958280
0.999920 0.000010 0.000010 0.000010 0.000010 0.000010 0.000010 0.000010 0.000010
0.237038 0.000010 0.000010 0.000010 0.000010 0.732254 0.025548 0.000010 0.005110
0.000010 0.000010 0.788422 0.000010 0.000010 0.000010 0.000010 0.000010 0.211508
0.000010 0.092118 0.449438 0.000010 0.000010 0.348298 0.000010 0.058494 0.051612
0.000010 0.000010 0.000010 0.000010 0.000010 0.999920 0.000010 0.000010 0.000010
0.000010 0.000010 0.000010 0.000010 0.000010 0.000010 0.000010 0.000010 0.999920
0.000010 0.000010 0.000010 0.000010 0.000010 0.000010 0.000010 0.000010 0.999920
0.009966 0.000010 0.000010 0.000010 0.168121 0.747231 0.051329 0.000010 0.023312
0.000010 0.000010 0.000010 0.000010 0.000010 0.000010 0.000010 0.000010 0.999920
0.000010 0.037659 0.000010 0.000010 0.094302 0.843251 0.000010 0.024739 0.000010
0.104397 0.038918 0.000010 0.000010 0.000010 0.796020 0.000010 0.060615 0.000010
0.043180 0.000010 0.000010 0.000010 0.018942 0.936470 0.000010 0.000010 0.001358
0.000010 0.000010 0.000010 0.000010 0.000010 0.999920 0.000010 0.000010 0.000010
0.229227 0.000010 0.000010 0.000010 0.033309 0.737404 0.000010 0.000010 0.000010
0.161363 0.000010 0.000010 0.000010 0.000010 0.720849 0.000010 0.117728 0.000010
0.000010 0.000010 0.000010 0.999920 0.000010 0.000010 0.000010 0.000010 0.000010
0.220794 0.000010 0.000010 0.000010 0.000010 0.000010 0.779136 0.000010 0.000010
0.206038 0.000010 0.000010 0.000010 0.000010 0.793892 0.000010 0.000010 0.000010
0.014895 0.006372 0.000010 0.000010 0.000010 0.978673 0.000010 0.000010 0.000010
0.475179 0.000010 0.000010 0.000010 0.000010 0.517030 0.007731 0.000010 0.000010
0.000010 0.000010 0.000010 0.000010 0.228796 0.706805 0.000010 0.064339 0.000010
0.092586 0.000010 0.000010 0.000010 0.000010 0.778769 0.000010 0.100164 0.028431
0.219831 0.016091 0.004353 0.000010 0.000010 0.719630 0.000010 0.040056 0.000010
0.398171 0.087097 0.039967 0.000010 0.000010 0.000010 0.292022 0.180740 0.001973
0.168928 0.000010 0.000010 0.000010 0.000010 0.831002 0.000010 0.000010 0.000010
0.000010 0.115299 0.070130 0.000010 0.000010 0.032053 0.674811 0.107667 0.000010
0.000010 0.000010 0.031317 0.000010 0.000010 0.000010 0.000010 0.000010 0.968613
0.000010 0.000010 0.000010 0.000010 0.000010 0.000010 0.000010 0.000010 0.999920
0.000010 0.000010 0.000010 0.000010 0.000010 0.000010 0.000010 0.000010 0.999920
0.000010 0.000010 0.000010 0.000010 0.000010 0.000010 0.150325 0.000010 0.849605
0.000010 0.000010 0.000010 0.000010 0.000010 0.000010 0.000010 0.000010 0.999920
0.000010 0.000010 0.000010 0.000010 0.000010 0.000010 0.112554 0.000010 0.887376
0.000010 0.000010 0.000010 0.000010 0.000010 0.000010 0.000010 0.000010 0.999920
0.000010 0.000010 0.118410 0.000010 0.706673 0.000010 0.105577 0.069290 0.000010
0.000010 0.000010 0.501658 0.095347 0.000010 0.000010 0.000010 0.000010 0.402935
0.000010 0.000010 0.000010 0.000010 0.000010 0.000010 0.000010 0.000010 0.999920
0.000010 0.000010 0.000010 0.000010 0.000010 0.999920 0.000010 0.000010 0.000010
0.000010 0.000010 0.000010 0.000010 0.000010 0.000010 0.000010 0.000010 0.999920
0.000010 0.000010 0.337567 0.000010 0.000010 0.000010 0.000010 0.063751 0.598623
0.446979 0.000010 0.000010 0.000010 0.000010 0.000010 0.000010 0.552951 0.000010
0.000010 0.000010 0.000010 0.000010 0.000010 0.000010 0.130058 0.000010 0.869872
0.000010 0.000010 0.999920 0.000010 0.000010 0.000010 0.000010 0.000010 0.000010
0.000010 0.000010 0.216506 0.000010 0.000010 0.000010 0.739591 0.000010 0.043843
0.000010 0.000010 0.634730 0.000010 0.000010 0.025904 0.000010 0.000010 0.339305
0.450284 0.000010 0.000010 0.000010 0.000010 0.000010 0.231443 0.294623 0.023600
0.682332 0.002942 0.000010 0.000010 0.000010 0.251299 0.000010 0.063377 0.000010
0.000010 0.000010 0.000010 0.000010 0.119488 0.000010 0.377882 0.502570 0.000010
0.266011 0.000010 0.212475 0.040758 0.290981 0.000010 0.189633 0.000112 0.000010
0.215622 0.000010 0.000010 0.000010 0.367649 0.000010 0.416669 0.000010 0.000010
0.000010 0.000010 0.000010 0.000010 0.092325 0.907605 0.000010 0.000010 0.000010
0.000010 0.000010 0.000010 0.000010 0.000010 0.881624 0.000010 0.095416 0.022900
0.000010 0.000010 0.000010 0.000010 0.072445 0.000010 0.000010 0.927485 0.000010
0.000010 0.000010 0.000010 0.000010 0.000010 0.000010 0.000010 0.999920 0.000010
0.000010 0.000010 0.999920 0.000010 0.000010 0.000010 0.000010 0.000010 0.000010
0.000010 0.030423 0.668681 0.000010 0.028941 0.000010 0.111573 0.074950 0.085402
0.872833 0.000010 0.000010 0.023917 0.000010 0.089247 0.000010 0.013953 0.000010
0.000010 0.000010 0.999920 0.000010 0.000010 0.000010 0.000010 0.000010 0.000010
0.000010 0.135692 0.659506 0.000010 0.091597 0.000010 0.054039 0.000010 0.059125
0.000010 0.000010 0.000010 0.081286 0.000010 0.000010 0.918644 0.000010 0.000010
0.011804 0.033965 0.768479 0.000010 0.000010 0.031218 0.081764 0.000010 0.072739
0.023580 0.000010 0.000010 0.000010 0.164466 0.000010 0.811894 0.000010 0.000010
0.000010 0.022381 0.000010 0.000010 0.000010 0.000010 0.030206 0.947353 0.000010
0.400147 0.000010 0.000010 0.087323 0.000010 0.000010 0.282437 0.230042 0.000010
0.847562 0.000010 0.000010 0.000010 0.000010 0.105404 0.046974 0.000010 0.000010
0.000010 0.056642 0.644808 0.000010 0.145593 0.009665 0.087730 0.000010 0.055533
0.228006 0.000010 0.000010 0.000010 0.000010 0.771924 0.000010 0.000010 0.000010
0.000010 0.000010 0.000010 0.000010 0.000010 0.949764 0.000010 0.050166 0.000010
0.000010 0.000010 0.016489 0.017465 0.034879 0.931117 0.000010 0.000010 0.000010
0.143531 0.000010 0.000010 0.000010 0.000010 0.830868 0.000010 0.000010 0.025541
0.000010 0.000010 0.000010 0.000010 0.000010 0.978345 0.000010 0.021585 0.000010
0.000010 0.020842 0.000010 0.017363 0.105427 0.856318 0.000010 0.000010 0.000010
0.373040 0.000010 0.000010 0.151408 0.000010 0.000010 0.000010 0.475492 0.000010
0.000010 0.000010 0.000010 0.000010 0.000010 0.000010 0.000010 0.000010 0.999920
0.000010 0.580846 0.124238 0.243413 0.000010 0.051453 0.000010 0.000010 0.000010
0.000010 0.000010 0.000010 0.000010 0.000010 0.000010 0.000010 0.000010 0.999920
0.000010 0.000010 0.000010 0.000010 0.000010 0.000010 0.000010 0.000010 0.999920
0.000010 0.000010 0.000010 0.000010 0.000010 0.000010 0.000010 0.000010 0.999920
0.000010 0.000010 0.646256 0.000010 0.000010 0.000010 0.000010 0.000010 0.353674
0.000010 0.000010 0.000010 0.000010 0.000010 0.000010 0.000010 0.999920 0.000010
0.353346 0.000010 0.000010 0.121284 0.000010 0.000010 0.000010 0.525309 0.000010
0.162827 0.000010 0.000010 0.000010 0.000010 0.837103 0.000010 0.000010 0.000010
0.000010 0.551242 0.000010 0.044317 0.000010 0.011621 0.326517 0.066263 0.000010
0.000010 0.000010 0.000010 0.000010 0.000010 0.022428 0.896692 0.080819 0.000010
0.174401 0.015729 0.000010 0.000010 0.000010 0.000010 0.078791 0.719600 0.011439
0.000010 0.000010 0.000010 0.000010 0.000010 0.000010 0.192840 0.807090 0.000010
0.523135 0.000010 0.104816 0.000010 0.000010 0.160560 0.061817 0.149632 0.000010
0.000010 0.000010 0.000010 0.000010 0.000010 0.000010 0.000010 0.999920 0.000010
0.120605 0.000010 0.447581 0.000010 0.000010 0.034633 0.109107 0.175545 0.112500
0.143485 0.000010 0.000010 0.000010 0.000010 0.000010 0.000010 0.856445 0.000010
0.531161 0.028881 0.043936 0.000010 0.000010 0.308307 0.000010 0.087675 0.000010
0.528655 0.020557 0.000010 0.015280 0.065285 0.000010 0.000010 0.370184 0.000010
0.172402 0.000010 0.022690 0.047604 0.000010 0.000010 0.301485 0.455780 0.000010
0.000010 0.057038 0.888056 0.000010 0.054846 0.000010 0.000010 0.000010 0.000010
0.000010 0.000010 0.000010 0.000010 0.000010 0.000010 0.999920 0.000010 0.000010
0.080200 0.000010 0.002735 0.000010 0.134483 0.782532 0.000010 0.000010 0.000010
0.000010 0.000010 0.000010 0.000010 0.000010 0.999920 0.000010 0.000010 0.000010
0.000010 0.228519 0.771411 0.000010 0.000010 0.000010 0.000010 0.000010 0.000010
0.000010 0.562544 0.000010 0.179978 0.000010 0.000010 0.135218 0.122209 0.000010
0.034890 0.952125 0.000010 0.000010 0.000010 0.012925 0.000010 0.000010 0.000010
0.058646 0.941284 0.000010 0.000010 0.000010 0.000010 0.000010 0.000010 0.000010
0.000010 0.000010 0.647727 0.013501 0.000010 0.000010 0.071525 0.000010 0.267196
0.531081 0.000010 0.000010 0.000010 0.097444 0.096657 0.000010 0.247281 0.027497
0.294590 0.000010 0.237114 0.000010 0.000010 0.000010 0.000010 0.462442 0.005803
0.000010 0.000010 0.000010 0.000010 0.113852 0.886078 0.000010 0.000010 0.000010
0.000010 0.000010 0.000010 0.000010 0.000010 0.000010 0.522411 0.470927 0.006602
0.000010 0.000010 0.000010 0.000010 0.305968 0.693962 0.000010 0.000010 0.000010
0.070130 0.000010 0.000010 0.010788 0.140305 0.728770 0.000010 0.049966 0.000010
0.000010 0.999920 0.000010 0.000010 0.000010 0.000010 0.000010 0.000010 0.000010
0.547411 0.000010 0.000010 0.000010 0.000010 0.000010 0.452519 0.000010 0.000010
0.000010 0.999920 0.000010 0.000010 0.000010 0.000010 0.000010 0.000010 0.000010
0.000010 0.968031 0.000010 0.000010 0.031899 0.000010 0.000010 0.000010 0.000010
0.020918 0.979012 0.000010 0.000010 0.000010 0.000010 0.000010 0.000010 0.000010
0.238532 0.011642 0.000010 0.000010 0.000010 0.064857 0.535697 0.149093 0.000149
0.000010 0.000012 0.000010 0.000010 0.157333 0.759956 0.000010 0.082648 0.000010
0.266140 0.000010 0.000010 0.013077 0.000010 0.720723 0.000010 0.000010 0.000010
0.000010 0.209970 0.105478 0.000010 0.000010 0.221670 0.410320 0.000010 0.052523
0.000010 0.280922 0.164772 0.014057 0.000502 0.000010 0.438707 0.000010 0.101010
0.000010 0.000010 0.000010 0.999920 0.000010 0.000010 0.000010 0.000010 0.000010
0.328950 0.000010 0.197211 0.000010 0.134218 0.214563 0.125018 0.000010 0.000010
0.000010 0.000010 0.000010 0.000010 0.258111 0.666790 0.000010 0.075039 0.000010
0.000010 0.000010 0.000010 0.000010 0.000010 0.000010 0.999920 0.000010 0.000010
0.000010 0.000010 0.000010 0.000010 0.000010 0.000010 0.973959 0.000010 0.025971
0.024889 0.000010 0.000010 0.000010 0.000010 0.037104 0.781542 0.156415 0.000010
0.000010 0.000010 0.000010 0.000010 0.000010 0.997979 0.001951 0.000010 0.000010
0.000010 0.000010 0.000010 0.000010 0.103838 0.796237 0.067240 0.032635 0.000010
0.356806 0.002256 0.000010 0.000010 0.028176 0.595545 0.017178 0.000010 0.000010
0.183352 0.000010 0.000010 0.000010 0.000010 0.808155 0.000010 0.000010 0.008433
0.000010 0.000010 0.618826 0.014682 0.000010 0.000010 0.021864 0.000010 0.344577
0.000010 0.000010 0.000010 0.000010 0.000010 0.099919 0.000010 0.900011 0.000010
0.000010 0.000010 0.538302 0.000010 0.088581 0.060528 0.000010 0.084860 0.227688
0.000010 0.000010 0.101498 0.000010 0.693515 0.094040 0.000010 0.110897 0.000010
0.000010 0.000010 0.856597 0.000010 0.000010 0.000010 0.000010 0.000010 0.143333
0.000010 0.000010 0.947334 0.000010 0.000010 0.052596 0.000010 0.000010 0.000010
0.000010 0.000010 0.999920 0.000010 0.000010 0.000010 0.000010 0.000010 0.000010
0.000010 0.000010 0.927666 0.072264 0.000010 0.000010 0.000010 0.000010 0.000010
0.000010 0.000010 0.189314 0.000010 0.000010 0.000010 0.722068 0.000010 0.088558
0.000010 0.999920 0.000010 0.000010 0.000010 0.000010 0.000010 0.000010 0.000010
0.718214 0.000010 0.000010 0.000010 0.000010 0.000010 0.000010 0.281716 0.000010
0.203793 0.000010 0.000010 0.000010 0.000010 0.352061 0.000010 0.415474 0.028622
0.000010 0.176350 0.778459 0.000010 0.000010 0.000010 0.000010 0.000010 0.045131
0.653988 0.000010 0.000010 0.020338 0.000010 0.325614 0.000010 0.000010 0.000010
0.000010 0.000010 0.999920 0.000010 0.000010 0.000010 0.000010 0.000010 0.000010
0.478686 0.000010 0.000010 0.000010 0.000010 0.290082 0.000010 0.231171 0.000010
0.418011 0.000010 0.000010 0.001134 0.000010 0.308800 0.000010 0.236204 0.035811
0.130380 0.000010 0.000010 0.000010 0.089974 0.080617 0.000010 0.698980 0.000010
0.485416 0.057052 0.000010 0.000010 0.000010 0.000010 0.428805 0.028677 0.000010
0.000010 0.000010 0.000010 0.000010 0.000010 0.067665 0.033074 0.899201 0.000010
0.322014 0.000010 0.000010 0.000010 0.000010 0.000010 0.000010 0.677916 0.000010
0.000010 0.000010 0.000010 0.000010 0.000010 0.132921 0.786721 0.080298 0.000010
0.000010 0.000010 0.000010 0.000010 0.783420 0.000010 0.216510 0.000010 0.000010
0.000010 0.063726 0.106796 0.000010 0.000010 0.043304 0.660909 0.112262 0.012973
0.000010 0.000010 0.000010 0.000010 0.999920 0.000010 0.000010 0.000010 0.000010
0.000010 0.000010 0.000010 0.000010 0.999920 0.000010 0.000010 0.000010 0.000010
0.027560 0.000010 0.000010 0.029028 0.403753 0.016197 0.393812 0.129620 0.000010
0.000010 0.000010 0.000010 0.000010 0.999920 0.000010 0.000010 0.000010 0.000010
0.000010 0.000010 0.000010 0.000010 0.000010 0.000010 0.000010 0.999920 0.000010
0.710828 0.000010 0.000010 0.000010 0.074124 0.214988 0.000010 0.000010 0.000010
0.139595 0.000010 0.000010 0.000010 0.080368 0.134356 0.023313 0.622328 0.000010
0.000010 0.000010 0.315344 0.000010 0.000010 0.090766 0.086437 0.507403 0.000010
0.000010 0.000010 0.999920 0.000010 0.000010 0.000010 0.000010 0.000010 0.000010
0.714461 0.000010 0.000010 0.000010 0.100326 0.152243 0.000010 0.032920 0.000010
0.000010 0.000010 0.083023 0.000010 0.000010 0.000010 0.000010 0.916907 0.000010
0.000010 0.902476 0.000010 0.000010 0.000010 0.000010 0.097454 0.000010 0.000010
0.020787 0.936061 0.000010 0.000010 0.000010 0.024175 0.000010 0.000010 0.018927
0.000010 0.000010 0.000010 0.000010 0.000010 0.257780 0.576423 0.165737 0.000010
0.000010 0.999920 0.000010 0.000010 0.000010 0.000010 0.000010 0.000010 0.000010
0.000010 0.907348 0.075868 0.000010 0.000010 0.016724 0.000010 0.000010 0.000010
0.052025 0.612163 0.074705 0.000010 0.102591 0.148086 0.000010 0.000010 0.010400
0.000010 0.000010 0.888558 0.000010 0.000010 0.111372 0.000010 0.000010 0.000010
0.000010 0.884338 0.000010 0.000010 0.000010 0.000010 0.114066 0.000010 0.001536
0.080911 0.894022 0.000010 0.005571 0.000010 0.000010 0.002606 0.000010 0.016850
0.000010 0.922163 0.040640 0.037137 0.000010 0.000010 0.000010 0.000010 0.000010
0.829123 0.000010 0.000010 0.000010 0.000010 0.094823 0.004308 0.071696 0.000010
0.999920 0.000010 0.000010 0.000010 0.000010 0.000010 0.000010 0.000010 0.000010
0.037088 0.169169 0.000010 0.000010 0.020610 0.000010 0.524739 0.248354 0.000010
0.299516 0.000010 0.000010 0.000010 0.000010 0.314414 0.142555 0.243465 0.000010
0.000010 0.947893 0.000010 0.040725 0.000010 0.011322 0.000010 0.000010 0.000010
0.059369 0.000010 0.000010 0.000010 0.000010 0.010593 0.362888 0.562773 0.004338
0.000010 0.870025 0.000010 0.000010 0.000010 0.000010 0.129905 0.000010 0.000010
0.000010 0.833915 0.028443 0.000010 0.137582 0.000010 0.000010 0.000010 0.000010
0.249089 0.030665 0.068843 0.000010 0.000010 0.349741 0.000010 0.301623 0.000010
0.999920 0.000010 0.000010 0.000010 0.000010 0.000010 0.000010 0.000010 0.000010
0.009672 0.866614 0.000010 0.000010 0.000010 0.098501 0.014981 0.000010 0.010192
0.875961 0.019247 0.000010 0.000010 0.000010 0.046677 0.058066 0.000010 0.000010
0.266389 0.067493 0.000010 0.122658 0.000010 0.000010 0.543410 0.000010 0.000010
0.000010 0.945109 0.000010 0.054821 0.000010 0.000010 0.000010 0.000010 0.000010
0.094220 0.841753 0.000010 0.000010 0.000010 0.000010 0.063968 0.000010 0.000010
0.000010 0.999920 0.000010 0.000010 0.000010 0.000010 0.000010 0.000010 0.000010
0.000010 0.000010 0.132330 0.000010 0.072610 0.000010 0.126101 0.668909 0.000010
0.000010 0.000010 0.000010 0.000010 0.000010 0.000010 0.999920 0.000010 0.000010
0.197491 0.000010 0.457981 0.000010 0.125947 0.075610 0.000010 0.142931 0.000010
0.271628 0.088215 0.000010 0.000010 0.000010 0.114681 0.347219 0.171405 0.006823
0.000010 0.752383 0.012993 0.000010 0.000010 0.124288 0.110286 0.000010 0.000010
0.000010 0.903130 0.000010 0.000010 0.096800 0.000010 0.000010 0.000010 0.000010
0.000010 0.753495 0.000010 0.012536 0.036867 0.000010 0.027858 0.109491 0.059724
0.000010 0.906584 0.000010 0.000010 0.093346 0.000010 0.000010 0.000010 0.000010
0.704890 0.028595 0.000010 0.000010 0.219597 0.046868 0.000010 0.000010 0.000010
0.000010 0.000010 0.000010 0.999920 0.000010 0.000010 0.000010 0.000010 0.000010
0.000010 0.000010 0.000010 0.000010 0.000010 0.862260 0.000010 0.137670 0.000010
0.214277 0.000010 0.000010 0.000010 0.000010 0.602428 0.000010 0.092179 0.091066
0.000010 0.000010 0.000010 0.000017 0.208692 0.791231 0.000010 0.000010 0.000010
0.002692 0.107902 0.386210 0.000010 0.000010 0.015629 0.442648 0.044889 0.000010
0.000010 0.976480 0.000010 0.000010 0.023450 0.000010 0.000010 0.000010 0.000010
0.000010 0.000010 0.360562 0.000010 0.000010 0.000010 0.639368 0.000010 0.000010
0.208154 0.044257 0.358800 0.000010 0.000011 0.007542 0.381206 0.000010 0.000010
0.006495 0.826798 0.000010 0.000010 0.000010 0.047090 0.107171 0.012406 0.000010
0.000010 0.900625 0.000010 0.000010 0.044557 0.000010 0.054758 0.000010 0.000010
0.000010 0.999920 0.000010 0.000010 0.000010 0.000010 0.000010 0.000010 0.000010
0.000010 0.829213 0.000010 0.000010 0.000010 0.087656 0.058005 0.000010 0.025076
0.039575 0.000010 0.000010 0.000010 0.000010 0.813817 0.000010 0.146548 0.000010
0.058884 0.000010 0.000010 0.000010 0.000010 0.763365 0.002296 0.175405 0.000010
0.000010 0.000010 0.000010 0.000010 0.000010 0.862268 0.000010 0.137662 0.000010
0.000010 0.901396 0.000010 0.000010 0.000010 0.000010 0.098534 0.000010 0.000010
0.151424 0.000010 0.000010 0.000010 0.000010 0.848506 0.000010 0.000010 0.000010
0.000010 0.000010 0.000010 0.000010 0.000010 0.771492 0.000010 0.197670 0.030777
0.156470 0.000010 0.000010 0.000010 0.000010 0.359113 0.005442 0.478925 0.000010
0.072447 0.910736 0.000010 0.000010 0.000010 0.000010 0.000010 0.000010 0.016757
0.000010 0.999920 0.000010 0.000010 0.000010 0.000010 0.000010 0.000010 0.000010
0.031780 0.776618 0.000010 0.000010 0.000010 0.107773 0.083779 0.000010 0.000010
0.000010 0.785195 0.000010 0.000010 0.062871 0.000010 0.040136 0.111748 0.000010
0.000010 0.793133 0.000010 0.000010 0.066235 0.000010 0.130741 0.009841 0.000010
0.029381 0.841793 0.000010 0.000010 0.000010 0.000010 0.095278 0.000010 0.033498
0.000010 0.967049 0.000010 0.000010 0.000010 0.000010 0.032881 0.000010 0.000010
0.071384 0.834691 0.000010 0.000010 0.000010 0.027283 0.006731 0.038903 0.020979
0.410222 0.000010 0.288160 0.000010 0.002244 0.000010 0.000010 0.299324 0.000010
0.000010 0.000010 0.000010 0.000010 0.000010 0.359701 0.000010 0.621284 0.018955
0.000010 0.852463 0.000010 0.000010 0.000010 0.037478 0.000010 0.109998 0.000010
0.010784 0.867172 0.000010 0.000010 0.000010 0.063516 0.013324 0.000010 0.045164
0.000010 0.060247 0.000010 0.000010 0.098281 0.841231 0.000010 0.000010 0.000191
0.000010 0.000010 0.000010 0.000010 0.135654 0.864276 0.000010 0.000010 0.000010
0.000010 0.000010 0.000010 0.000010 0.000010 0.965163 0.034767 0.000010 0.000010
0.137994 0.555523 0.158569 0.147865 0.000010 0.000010 0.000010 0.000010 0.000010
0.812723 0.000010 0.000010 0.000010 0.000010 0.000010 0.000010 0.187207 0.000010
0.419245 0.013421 0.000010 0.000010 0.000010 0.000010 0.000010 0.567274 0.000010
0.000010 0.976581 0.000010 0.000010 0.000010 0.023349 0.000010 0.000010 0.000010
0.145319 0.089527 0.000010 0.000010 0.188637 0.043412 0.298172 0.105570 0.129344
0.222329 0.024114 0.000010 0.000010 0.000010 0.003723 0.153681 0.596113 0.000010
0.000010 0.999920 0.000010 0.000010 0.000010 0.000010 0.000010 0.000010 0.000010
0.000010 0.000010 0.000010 0.112248 0.887682 0.000010 0.000010 0.000010 0.000010
0.287968 0.000010 0.000010 0.000010 0.140387 0.382946 0.187404 0.001255 0.000010
0.000010 0.000010 0.000010 0.000010 0.999920 0.000010 0.000010 0.000010 0.000010
0.000010 0.000010 0.166638 0.000010 0.000010 0.000010 0.050729 0.782573 0.000010
0.000010 0.000010 0.000010 0.999920 0.000010 0.000010 0.000010 0.000010 0.000010
0.601325 0.000010 0.000010 0.000010 0.000010 0.100053 0.187324 0.106773 0.004485
0.000400 0.202926 0.255465 0.000010 0.134812 0.054084 0.265465 0.086828 0.000010
0.999920 0.000010 0.000010 0.000010 0.000010 0.000010 0.000010 0.000010 0.000010
0.061525 0.000010 0.000010 0.039884 0.000010 0.166116 0.689520 0.042914 0.000010
0.000010 0.999815 0.000010 0.000010 0.000010 0.000010 0.000115 0.000010 0.000010
0.575093 0.000010 0.000010 0.000010 0.000010 0.000010 0.060987 0.234171 0.129699
0.000010 0.000010 0.000010 0.049953 0.949977 0.000010 0.000010 0.000010 0.000010
0.000010 0.000010 0.000010 0.000010 0.999920 0.000010 0.000010 0.000010 0.000010
0.000010 0.277927 0.722003 0.000010 0.000010 0.000010 0.000010 0.000010 0.000010
0.599564 0.015884 0.074137 0.000010 0.000010 0.000010 0.076802 0.208982 0.024601
0.790853 0.072049 0.072468 0.000010 0.000010 0.028276 0.000010 0.036315 0.000010
0.622733 0.037020 0.091385 0.000010 0.020053 0.202360 0.000010 0.000010 0.026419
0.039421 0.000010 0.000010 0.000010 0.000010 0.000010 0.000010 0.960509 0.000010
0.000010 0.000010 0.000010 0.036048 0.000010 0.000010 0.321423 0.642469 0.000010
0.044324 0.000010 0.000015 0.000010 0.000010 0.069077 0.618962 0.267582 0.000010
0.000010 0.000010 0.000010 0.000010 0.000010 0.000010 0.000010 0.999920 0.000010
0.000010 0.000010 0.000010 0.000010 0.000010 0.000010 0.000010 0.999920 0.000010
0.188409 0.000010 0.000010 0.059115 0.000010 0.000010 0.000010 0.752417 0.000010
0.999920 0.000010 0.000010 0.000010 0.000010 0.000010 0.000010 0.000010 0.000010
0.432624 0.000010 0.000010 0.058819 0.000010 0.000010 0.000010 0.504469 0.004038
0.000010 0.000010 0.000010 0.000010 0.999920 0.000010 0.000010 0.000010 0.000010
0.790792 0.000010 0.000010 0.000010 0.000010 0.154635 0.000010 0.054513 0.000010
0.765114 0.028549 0.000010 0.000010 0.087512 0.000010 0.091959 0.000010 0.026826
0.899184 0.009788 0.000010 0.035502 0.055476 0.000010 0.000010 0.000010 0.000010
0.830893 0.045778 0.000010 0.044844 0.000010 0.000010 0.000010 0.000010 0.078435
0.000010 0.379864 0.000010 0.000010 0.341998 0.000010 0.278079 0.000010 0.000010
0.769317 0.000010 0.000010 0.000010 0.000010 0.230613 0.000010 0.000010 0.000010
0.715848 0.000010 0.000010 0.000010 0.000010 0.136637 0.032638 0.114827 0.000010
0.699918 0.000010 0.034469 0.000010 0.167628 0.032957 0.064988 0.000010 0.000010
0.204331 0.474723 0.010479 0.000010 0.167134 0.000010 0.143293 0.000010 0.000010
0.000010 0.000010 0.000010 0.000010 0.000010 0.099574 0.000010 0.900356 0.000010
0.036409 0.029046 0.093108 0.000010 0.000010 0.000010 0.058665 0.782732 0.000010
0.110085 0.000010 0.204490 0.000010 0.523082 0.000010 0.024889 0.110927 0.026497
0.578587 0.030446 0.030943 0.000010 0.000010 0.195112 0.164873 0.000010 0.000010
0.000010 0.877726 0.075515 0.000010 0.000010 0.013692 0.033017 0.000010 0.000010
0.005008 0.899841 0.000010 0.009872 0.000011 0.000010 0.000010 0.075751 0.009486
0.000010 0.014694 0.137625 0.000010 0.000010 0.000010 0.100244 0.681744 0.065652
0.000010 0.861405 0.061738 0.000010 0.000010 0.050918 0.025889 0.000010 0.000010
0.161889 0.558003 0.000010 0.000018 0.097895 0.000010 0.182155 0.000010 0.000010
0.000010 0.000010 0.000010 0.000010 0.054702 0.000010 0.000010 0.945228 0.000010
0.000010 0.616454 0.019212 0.000010 0.000010 0.147405 0.216879 0.000010 0.000010
0.303860 0.131798 0.000010 0.000010 0.000010 0.000010 0.406974 0.157318 0.000010
0.885195 0.000010 0.000010 0.000010 0.000010 0.003941 0.000010 0.110804 0.000010
0.139883 0.000010 0.000010 0.000010 0.275594 0.000010 0.584462 0.000010 0.000010
0.000010 0.688832 0.000010 0.000010 0.050490 0.113794 0.146834 0.000010 0.000010
0.559765 0.000010 0.000010 0.000010 0.000010 0.000010 0.117747 0.322428 0.000010
0.616246 0.000010 0.000010 0.003532 0.000010 0.069503 0.117661 0.193017 0.000010
0.253602 0.000010 0.000010 0.000010 0.000010 0.308560 0.000010 0.437778 0.000010
0.549749 0.008240 0.000010 0.000010 0.000010 0.328322 0.105364 0.008285 0.000010
0.069075 0.000010 0.000010 0.000010 0.000010 0.880462 0.050403 0.000010 0.000010
0.677099 0.000010 0.000010 0.000010 0.000010 0.000010 0.028023 0.294222 0.000607
0.453679 0.116325 0.000010 0.000010 0.075844 0.258703 0.060828 0.034590 0.000010
0.505481 0.083087 0.000010 0.000010 0.000010 0.000010 0.022266 0.389117 0.000010
0.000010 0.000010 0.000010 0.000010 0.000010 0.900470 0.000010 0.088379 0.011091
0.091635 0.000010 0.000010 0.000010 0.000010 0.908295 0.000010 0.000010 0.000010
0.039557 0.635064 0.000010 0.000010 0.019532 0.020788 0.268244 0.000010 0.016785
0.023422 0.606559 0.000010 0.000010 0.142861 0.155219 0.071899 0.000010 0.000010
