0.522843 0.089390 0.004425 0.383343
0.532191 0.065823 0.401976 0.000010
0.000010 0.000010 0.999970 0.000010
0.047556 0.021334 0.849707 0.081402
0.117972 0.000010 0.842430 0.039588
0.075924 0.000010 0.924056 0.000010
0.000010 0.000010 0.999970 0.000010
0.006421 0.000010 0.933032 0.060537
0.000010 0.000010 0.000010 0.999970
0.142703 0.000010 0.310841 0.546446
0.000010 0.078116 0.000010 0.921864
0.000010 0.000010 0.000010 0.999970
0.031761 0.065405 0.000010 0.902824
0.587924 0.031531 0.380534 0.000010
0.040239 0.000010 0.948010 0.011741
0.206378 0.000010 0.000010 0.793602
0.121956 0.143872 0.425790 0.308381
0.000010 0.000010 0.984248 0.015732
0.000010 0.000010 0.000010 0.999970
0.000010 0.000010 0.000010 0.999970
0.000010 0.000010 0.999970 0.000010
0.000010 0.000010 0.000010 0.999970
0.044567 0.061522 0.893901 0.000010
0.052619 0.062344 0.874300 0.010737
0.000010 0.044549 0.955431 0.000010
0.000010 0.000010 0.999970 0.000010
0.116265 0.000010 0.883715 0.000010
0.188163 0.000010 0.811817 0.000010
0.376802 0.036699 0.108370 0.478130
0.004364 0.014702 0.980924 0.000010
0.000010 0.000010 0.999970 0.000010
0.202765 0.000010 0.797215 0.000010
0.220259 0.000010 0.779721 0.000010
0.109255 0.000010 0.779005 0.111729
0.153490 0.032215 0.813414 0.000881
0.651906 0.150895 0.028871 0.168328
0.021485 0.000010 0.978495 0.000010
0.345429 0.135785 0.053326 0.465460
0.000010 0.001971 0.000010 0.998009
0.000010 0.000010 0.000010 0.999970
0.000010 0.072871 0.000010 0.927109
0.000010 0.000010 0.000010 0.999970
0.000010 0.000010 0.000010 0.999970
0.000010 0.000010 0.000010 0.999970
0.000010 0.000010 0.000010 0.999970
0.447707 0.000010 0.232848 0.319435
0.025054 0.000010 0.102839 0.872098
0.000010 0.000010 0.000010 0.999970
0.000010 0.000010 0.999970 0.000010
0.000010 0.000010 0.000010 0.999970
0.015553 0.000010 0.063354 0.921083
0.884215 0.046158 0.069617 0.000010
0.000010 0.053980 0.000010 0.946000
0.188402 0.083519 0.023264 0.704815
0.224413 0.000010 0.000010 0.775567
0.000010 0.020795 0.154313 0.824882
0.594482 0.020525 0.164682 0.220311
0.361780 0.128070 0.510140 0.000010
0.697911 0.014302 0.006641 0.281146
0.489239 0.058834 0.115086 0.336841
0.434886 0.003778 0.287503 0.273833
0.000010 0.022524 0.977456 0.000010
0.000010 0.000010 0.954197 0.045783
0.906314 0.000010 0.000010 0.093666
0.929644 0.000010 0.021495 0.048851
0.048186 0.039683 0.123322 0.788809
0.155768 0.119241 0.031586 0.693404
0.445649 0.114398 0.439944 0.000010
0.079168 0.105394 0.000010 0.815429
0.178472 0.183135 0.000010 0.638382
0.379945 0.043538 0.000010 0.576507
0.078510 0.121701 0.121930 0.677859
0.562912 0.099576 0.000010 0.337503
0.866917 0.022263 0.000010 0.110810
0.639561 0.000010 0.196629 0.163800
0.521582 0.053879 0.424529 0.000010
0.115914 0.159717 0.065610 0.658759
0.003752 0.004653 0.991585 0.000010
0.000010 0.000010 0.954731 0.045249
0.000010 0.000010 0.977214 0.022766
0.000010 0.003640 0.978244 0.018106
0.000010 0.000010 0.999970 0.000010
0.000010 0.028674 0.971306 0.000010
0.930540 0.061010 0.000010 0.008440
0.000010 0.000010 0.000010 0.999970
0.034434 0.640828 0.136134 0.188603
0.000010 0.000010 0.000010 0.999970
0.000010 0.000010 0.000010 0.999970
0.000010 0.000010 0.000010 0.999970
0.011128 0.069922 0.064125 0.854825
0.829692 0.000010 0.000010 0.170288
0.956651 0.043329 0.000010 0.000010
0.037059 0.059570 0.903361 0.000010
0.168409 0.607475 0.016621 0.207495
0.395153 0.000010 0.026436 0.578402
0.765326 0.172213 0.000010 0.062451
0.628163 0.000010 0.012599 0.359228
0.425031 0.018753 0.374617 0.181599
0.851566 0.000010 0.148414 0.000010
0.128854 0.055136 0.264980 0.551030
0.875017 0.000010 0.023268 0.101706
0.436876 0.057185 0.493862 0.012076
0.894763 0.002687 0.095675 0.006876
0.740359 0.000010 0.072124 0.187507
0.152178 0.156462 0.000010 0.691350
0.406967 0.000010 0.000010 0.593013
0.074197 0.019959 0.893488 0.012356
0.000010 0.000010 0.999970 0.000010
0.000010 0.385033 0.082022 0.532935
0.137847 0.634254 0.000010 0.227888
0.052787 0.925974 0.021229 0.000010
0.000010 0.999970 0.000010 0.000010
0.000010 0.014760 0.139832 0.845397
0.587749 0.017347 0.377850 0.017054
0.594415 0.000010 0.066361 0.339214
0.000010 0.000010 0.999970 0.000010
0.580216 0.000010 0.006683 0.413091
0.015572 0.029241 0.955177 0.000010
0.168169 0.040194 0.787976 0.003661
0.000010 0.999970 0.000010 0.000010
0.603783 0.063402 0.129612 0.203203
0.000010 0.999970 0.000010 0.000010
0.000010 0.999970 0.000010 0.000010
0.046446 0.953534 0.000010 0.000010
0.535537 0.074462 0.006720 0.383281
0.116476 0.009618 0.859001 0.014905
0.050755 0.110454 0.838781 0.000010
0.200645 0.227442 0.213325 0.358588
0.081203 0.332902 0.038233 0.547661
0.368703 0.000010 0.385194 0.246093
0.080550 0.032682 0.886758 0.000010
0.314001 0.000010 0.000010 0.685979
0.089361 0.108414 0.000010 0.802215
0.369686 0.000010 0.157055 0.473250
0.000010 0.000010 0.999970 0.000010
0.000010 0.010874 0.978068 0.011048
0.206355 0.070510 0.723125 0.000010
0.000010 0.000010 0.986774 0.013206
0.061024 0.020400 0.033564 0.885012
0.649190 0.000010 0.177371 0.173429
0.076910 0.032687 0.221426 0.668977
0.382670 0.000010 0.453211 0.164109
0.000010 0.065930 0.092974 0.841086
0.020080 0.053859 0.183783 0.742278
0.082566 0.062123 0.013840 0.841471
0.242270 0.008614 0.000010 0.749106
0.204495 0.052875 0.000010 0.742620
0.000010 0.999970 0.000010 0.000010
0.917121 0.016649 0.066220 0.000010
0.418303 0.000010 0.454341 0.127346
0.003525 0.249689 0.119327 0.627459
0.403938 0.121771 0.474280 0.000010
0.052794 0.090734 0.097933 0.758539
0.386524 0.000010 0.613456 0.000010
0.469209 0.043375 0.468076 0.019339
0.664499 0.000010 0.282932 0.052559
0.452258 0.185866 0.121057 0.240818
0.798382 0.000010 0.083882 0.117727
0.830910 0.000010 0.102872 0.066207
0.313114 0.000010 0.125514 0.561362
0.441120 0.000010 0.215528 0.343342
0.243810 0.067224 0.055691 0.633275
0.529866 0.069766 0.361873 0.038495
0.529270 0.061071 0.218355 0.191303
0.537993 0.000010 0.165258 0.296739
0.332910 0.089123 0.357374 0.220593
0.776092 0.000010 0.095282 0.128615
0.413353 0.045938 0.540699 0.000010
0.577332 0.000010 0.356145 0.066513
0.457409 0.000010 0.090999 0.451581
0.179214 0.015578 0.113746 0.691462
0.459803 0.116352 0.423835 0.000010
0.541356 0.000010 0.212470 0.246164
0.000010 0.947376 0.000010 0.052604
0.000010 0.924354 0.028883 0.046753
0.315053 0.000010 0.327313 0.357623
0.000010 0.999970 0.000010 0.000010
0.000010 0.925062 0.021442 0.053487
0.124041 0.690262 0.092049 0.093647
0.107286 0.047675 0.181635 0.663403
0.000010 0.892826 0.025117 0.082047
0.025516 0.869466 0.074185 0.030833
0.000010 0.910025 0.000010 0.089955
0.488516 0.065416 0.446057 0.000010
0.541827 0.148808 0.309355 0.000010
0.576345 0.152194 0.000010 0.271450
0.470586 0.000010 0.430567 0.098838
0.000010 0.999970 0.000010 0.000010
0.546743 0.025168 0.082061 0.346029
0.000010 0.904086 0.000010 0.095894
0.000010 0.875039 0.042193 0.082757
0.337117 0.020786 0.559414 0.082683
0.786698 0.094164 0.119128 0.000010
0.075481 0.867893 0.052690 0.003935
0.498885 0.078338 0.422767 0.000010
0.519236 0.115410 0.000010 0.365344
0.000010 0.999970 0.000010 0.000010
0.057440 0.874331 0.000010 0.068219
0.000010 0.999970 0.000010 0.000010
0.544360 0.017939 0.050712 0.386989
0.440427 0.009662 0.000010 0.549901
0.252106 0.000010 0.417656 0.330228
0.426177 0.131283 0.240668 0.201873
0.000010 0.754079 0.144449 0.101462
0.043409 0.949710 0.000010 0.006870
0.149336 0.725435 0.000010 0.125220
0.013792 0.919585 0.038600 0.028024
0.524711 0.102938 0.372340 0.000010
0.060702 0.000010 0.890407 0.048880
0.048698 0.028762 0.862767 0.059773
0.040018 0.000010 0.956837 0.003135
0.170588 0.137220 0.043074 0.649117
0.000010 0.999970 0.000010 0.000010
0.201185 0.044530 0.000010 0.754275
0.271502 0.104628 0.100649 0.523222
0.066528 0.825661 0.052911 0.054899
0.044606 0.929462 0.000010 0.025922
0.000010 0.999970 0.000010 0.000010
0.000010 0.800735 0.115961 0.083295
0.213638 0.000010 0.786342 0.000010
0.193716 0.000010 0.806264 0.000010
0.000010 0.000010 0.953738 0.046242
0.085674 0.891893 0.000010 0.022423
0.000010 0.000010 0.999970 0.000010
0.084204 0.027846 0.839334 0.048616
0.469064 0.000010 0.430869 0.100056
0.048284 0.922522 0.000010 0.029183
0.000010 0.999970 0.000010 0.000010
0.117745 0.832413 0.044954 0.004888
0.125365 0.849778 0.024846 0.000010
0.115148 0.839681 0.000010 0.045162
0.100098 0.812971 0.010428 0.076503
0.000010 0.983133 0.001186 0.015671
0.045871 0.851662 0.048305 0.054161
0.587539 0.092330 0.110856 0.209275
0.232040 0.000010 0.562688 0.205261
0.086002 0.860184 0.053804 0.000010
0.066803 0.803537 0.048422 0.081238
0.000010 0.122640 0.877340 0.000010
0.081747 0.000010 0.893333 0.024910
0.036538 0.000010 0.931628 0.031824
0.132800 0.678763 0.073126 0.115311
0.999970 0.000010 0.000010 0.000010
0.981822 0.000010 0.000010 0.018158
0.000010 0.942641 0.000010 0.057339
0.487651 0.206085 0.030096 0.276167
0.712235 0.033319 0.104863 0.149583
0.000010 0.999970 0.000010 0.000010
0.486031 0.198280 0.058151 0.257539
0.280059 0.000010 0.612696 0.107236
0.645917 0.152260 0.122067 0.079755
0.498947 0.000010 0.109443 0.391600
0.615732 0.000010 0.282035 0.102223
0.255460 0.227259 0.106830 0.410451
0.598312 0.027825 0.373853 0.000010
0.400593 0.000010 0.161777 0.437620
0.000010 0.940745 0.000010 0.059235
0.532712 0.016196 0.297920 0.153172
0.793733 0.092344 0.113913 0.000010
0.533836 0.120979 0.198936 0.146249
0.078763 0.430318 0.000010 0.490910
0.639030 0.097533 0.150241 0.113196
0.398754 0.170691 0.411792 0.018763
0.312609 0.139396 0.483305 0.064690
0.714733 0.000010 0.000010 0.285247
0.437089 0.000010 0.156066 0.406836
0.999970 0.000010 0.000010 0.000010
0.999970 0.000010 0.000010 0.000010
0.934771 0.000010 0.000010 0.065209
0.621255 0.013347 0.365388 0.000010
0.863243 0.030873 0.000010 0.105874
0.481987 0.105950 0.412053 0.000010
0.517198 0.084893 0.397899 0.000010
0.748760 0.152582 0.098648 0.000010
0.609677 0.117624 0.272690 0.000010
0.677213 0.221519 0.101258 0.000010
0.280510 0.366894 0.078061 0.274536
0.396827 0.000010 0.603153 0.000010
0.556162 0.047462 0.396366 0.000010
0.377033 0.069628 0.479624 0.073715
0.172405 0.473511 0.188430 0.165653
0.552670 0.000010 0.244729 0.202592
0.678224 0.000010 0.104640 0.217127
0.362600 0.000010 0.317331 0.320059
0.340231 0.053846 0.504850 0.101073
0.000010 0.876793 0.008026 0.115171
0.024211 0.913265 0.033358 0.029166
0.561509 0.015514 0.097319 0.325658
0.000010 0.869572 0.073878 0.056541
0.172263 0.613159 0.106967 0.107611
0.820855 0.000010 0.000010 0.179125
0.022974 0.657273 0.130853 0.188900
0.487233 0.212112 0.052023 0.248632
0.555500 0.018888 0.425602 0.000010
0.398668 0.001363 0.171430 0.428539
0.075230 0.655328 0.161214 0.108227
0.842715 0.018218 0.123787 0.015279
0.706655 0.062195 0.199593 0.031558
0.523226 0.000010 0.476754 0.000010
0.360428 0.055479 0.534443 0.049650
0.125619 0.000010 0.874361 0.000010
0.597437 0.017642 0.367862 0.017059
0.407057 0.159064 0.419434 0.014444
0.552276 0.084172 0.295067 0.068486
0.069263 0.000010 0.930717 0.000010
0.000010 0.000010 0.999970 0.000010
0.114503 0.630122 0.057348 0.198027
0.133972 0.555576 0.243531 0.066921
