0.459120 0.154963 0.000010 0.000010 0.013443 0.000010 0.000010 0.000010 0.372424
0.751427 0.039684 0.139494 0.000010 0.019649 0.000014 0.000010 0.049702 0.000010
0.056585 0.000010 0.943345 0.000010 0.000010 0.000010 0.000010 0.000010 0.000010
0.000010 0.047571 0.664650 0.000010 0.063064 0.000010 0.000010 0.199316 0.025359
0.000010 0.000010 0.574079 0.000010 0.000010 0.105676 0.019279 0.300916 0.000010
0.000010 0.000010 0.756634 0.000010 0.000010 0.000010 0.000010 0.243296 0.000010
0.136638 0.000010 0.748711 0.000010 0.006420 0.000010 0.000010 0.108181 0.000010
0.056641 0.000010 0.838883 0.000010 0.000010 0.020132 0.084294 0.000010 0.000010
0.000010 0.000010 0.000010 0.000010 0.000010 0.000010 0.999920 0.000010 0.000010
0.075977 0.000010 0.214008 0.000010 0.000013 0.157095 0.462878 0.000010 0.089999
0.000010 0.000010 0.000010 0.000010 0.000010 0.000010 0.000010 0.000010 0.999920
0.000010 0.000010 0.000010 0.000010 0.000010 0.000010 0.001416 0.000010 0.998514
0.000010 0.000010 0.000010 0.000010 0.000010 0.000010 0.000010 0.000010 0.999920
0.999920 0.000010 0.000010 0.000010 0.000010 0.000010 0.000010 0.000010 0.000010
0.065118 0.000010 0.739197 0.000010 0.000010 0.120625 0.039896 0.035124 0.000010
0.093664 0.000010 0.000010 0.000010 0.000010 0.000010 0.087313 0.000010 0.818963
0.000010 0.000010 0.336442 0.114739 0.000010 0.175834 0.000010 0.000010 0.372935
0.000010 0.000010 0.891224 0.000010 0.000010 0.000010 0.013854 0.094862 0.000010
0.000010 0.000010 0.000010 0.000010 0.000010 0.000010 0.999920 0.000010 0.000010
0.000010 0.000010 0.000010 0.000010 0.000010 0.000010 0.999920 0.000010 0.000010
0.123285 0.038240 0.838415 0.000010 0.000010 0.000010 0.000010 0.000010 0.000010
0.000010 0.000010 0.000010 0.000010 0.000010 0.000010 0.999920 0.000010 0.000010
0.000010 0.000010 0.810590 0.000010 0.073797 0.048004 0.000019 0.067550 0.000010
0.000010 0.000010 0.823930 0.000010 0.053825 0.068098 0.024844 0.029264 0.000010
0.000010 0.000010 0.897886 0.000010 0.032064 0.069990 0.000010 0.000010 0.000010
0.000010 0.000010 0.999920 0.000010 0.000010 0.000010 0.000010 0.000010 0.000010
0.174263 0.000010 0.697076 0.000010 0.000010 0.000010 0.000010 0.128601 0.000010
0.142230 0.000010 0.666181 0.000010 0.000010 0.000010 0.000010 0.191529 0.000010
0.173070 0.714908 0.028580 0.000010 0.043989 0.000010 0.000010 0.000010 0.039413
0.000010 0.000010 0.836138 0.004383 0.000010 0.150452 0.000010 0.008977 0.000010
0.000010 0.000010 0.999920 0.000010 0.000010 0.000010 0.000010 0.000010 0.000010
0.229994 0.000010 0.615288 0.000010 0.000010 0.081992 0.000010 0.072675 0.000010
0.009854 0.016891 0.695527 0.000010 0.013082 0.261140 0.000010 0.000010 0.003475
0.080087 0.015667 0.575746 0.000010 0.000010 0.000010 0.004758 0.293044 0.030668
0.179757 0.000010 0.637618 0.000010 0.021241 0.000010 0.000010 0.143294 0.018049
0.194280 0.078191 0.000010 0.154304 0.000010 0.358232 0.000010 0.118838 0.096125
0.000010 0.000010 0.859744 0.000010 0.000010 0.138933 0.001263 0.000010 0.000010
0.000010 0.633707 0.028752 0.109752 0.017084 0.179972 0.030536 0.000178 0.000010
0.000010 0.000010 0.000010 0.000010 0.000010 0.000010 0.146017 0.000010 0.853913
0.000010 0.000010 0.000010 0.000010 0.000010 0.000010 0.663596 0.000010 0.336334
0.000010 0.000010 0.000010 0.000010 0.000010 0.000010 0.999920 0.000010 0.000010
0.000010 0.170479 0.000010 0.000010 0.000010 0.000010 0.829451 0.000010 0.000010
0.000010 0.000010 0.000010 0.000010 0.000010 0.000010 0.999920 0.000010 0.000010
0.000010 0.140688 0.000010 0.000010 0.000010 0.000010 0.859242 0.000010 0.000010
0.000010 0.000010 0.000010 0.000010 0.000010 0.000010 0.999920 0.000010 0.000010
0.400722 0.086710 0.014859 0.000010 0.000010 0.054739 0.012827 0.134567 0.295557
0.000010 0.056888 0.000010 0.000010 0.000010 0.000010 0.273173 0.133431 0.536458
0.000010 0.000010 0.000010 0.000010 0.000010 0.000010 0.467560 0.000010 0.532370
0.000010 0.000010 0.737758 0.000010 0.000010 0.000010 0.000010 0.262172 0.000010
0.000010 0.000010 0.000010 0.000010 0.000010 0.000010 0.999920 0.000010 0.000010
0.000010 0.000010 0.000010 0.000010 0.000010 0.000010 0.306867 0.138637 0.554436
0.223323 0.000010 0.000010 0.000010 0.000010 0.776607 0.000010 0.000010 0.000010
0.000010 0.004695 0.000010 0.000010 0.000010 0.041804 0.783478 0.000010 0.169972
0.002743 0.044209 0.002456 0.024730 0.000010 0.106739 0.000010 0.000010 0.819092
0.000010 0.648230 0.000010 0.000010 0.000010 0.000010 0.000010 0.000010 0.351700
0.000010 0.000010 0.071102 0.018507 0.000010 0.000010 0.249559 0.000010 0.660782
0.337057 0.178509 0.020943 0.000010 0.014876 0.327526 0.045339 0.022254 0.053484
0.438174 0.000010 0.322547 0.088247 0.000010 0.128013 0.000010 0.022978 0.000010
0.034004 0.334486 0.000010 0.000010 0.000010 0.360780 0.000010 0.270680 0.000010
0.522984 0.295184 0.000010 0.000010 0.000010 0.000010 0.000010 0.000010 0.181773
0.346394 0.351487 0.166318 0.000010 0.000010 0.000010 0.000010 0.025935 0.109825
0.000010 0.000010 0.819420 0.000010 0.049816 0.000010 0.000010 0.130704 0.000010
0.000010 0.000010 0.651216 0.023172 0.000010 0.000010 0.000010 0.305901 0.019661
0.000010 0.000010 0.000010 0.000010 0.000010 0.927603 0.041507 0.030831 0.000010
0.000010 0.000010 0.000010 0.000010 0.000010 0.999920 0.000010 0.000010 0.000010
0.026105 0.120449 0.000010 0.008707 0.000010 0.000010 0.069200 0.000010 0.775500
0.010409 0.183198 0.000010 0.000010 0.110882 0.000010 0.040240 0.072384 0.582857
0.596977 0.000010 0.219206 0.049661 0.023955 0.110161 0.000010 0.000010 0.000010
0.000010 0.000010 0.000010 0.000010 0.000010 0.000010 0.000010 0.000010 0.999920
0.105116 0.138434 0.000010 0.068362 0.066819 0.000010 0.021409 0.002187 0.597652
0.000010 0.860346 0.000010 0.000010 0.000010 0.106911 0.032683 0.000010 0.000010
0.026823 0.166068 0.057872 0.000010 0.069377 0.000010 0.033538 0.000010 0.646294
0.287473 0.712457 0.000010 0.000010 0.000010 0.000010 0.000010 0.000010 0.000010
0.000010 0.066306 0.000010 0.000010 0.001087 0.786493 0.000010 0.146064 0.000010
0.168343 0.316940 0.135826 0.000010 0.000010 0.351017 0.000010 0.027834 0.000010
0.634389 0.000014 0.201170 0.000010 0.066560 0.027331 0.000010 0.070507 0.000010
0.076003 0.205478 0.000011 0.000010 0.116980 0.000010 0.069578 0.026425 0.505504
0.145081 0.000010 0.811305 0.000010 0.012030 0.000010 0.031534 0.000010 0.000010
0.000010 0.000010 0.597592 0.000010 0.000010 0.000010 0.000010 0.402338 0.000010
0.000010 0.000010 0.877468 0.000010 0.000010 0.000010 0.000010 0.074504 0.047968
0.000010 0.000010 0.837310 0.000010 0.000010 0.122583 0.000010 0.000010 0.040047
0.000010 0.000010 0.687453 0.000010 0.000016 0.000010 0.000010 0.312471 0.000010
0.064496 0.000010 0.775442 0.000010 0.065299 0.000010 0.000010 0.094713 0.000010
0.000010 0.000010 0.000010 0.000010 0.000010 0.999920 0.000010 0.000010 0.000010
0.000010 0.000010 0.000014 0.000010 0.000010 0.015739 0.507895 0.000010 0.476302
0.000010 0.000010 0.078370 0.328262 0.295166 0.060086 0.000010 0.000010 0.238076
0.000010 0.000010 0.000010 0.000010 0.000010 0.000010 0.999920 0.000010 0.000010
0.000010 0.000010 0.000010 0.000010 0.000010 0.000010 0.999920 0.000010 0.000010
0.000010 0.000010 0.000010 0.000010 0.000010 0.000010 0.999920 0.000010 0.000010
0.000010 0.105313 0.000010 0.030055 0.000010 0.000010 0.218369 0.001958 0.644265
0.000010 0.000010 0.000010 0.000010 0.000010 0.914158 0.085772 0.000010 0.000010
0.000010 0.000010 0.000010 0.000010 0.000010 0.999920 0.000010 0.000010 0.000010
0.097570 0.000010 0.744515 0.031596 0.023913 0.000010 0.000010 0.102367 0.000010
0.000010 0.156240 0.000010 0.671776 0.000010 0.000010 0.000010 0.171924 0.000010
0.000010 0.737925 0.010926 0.000010 0.000010 0.000010 0.000010 0.251089 0.000010
0.000010 0.056066 0.000010 0.000010 0.086747 0.794721 0.062417 0.000010 0.000010
0.000011 0.000010 0.000010 0.000010 0.026600 0.000010 0.000010 0.973329 0.000010
0.449552 0.031427 0.108222 0.000010 0.020000 0.047996 0.056355 0.202671 0.083768
0.000010 0.000010 0.000010 0.000010 0.000010 0.645763 0.000010 0.354167 0.000010
0.005247 0.128066 0.210841 0.000010 0.002454 0.000010 0.022117 0.170885 0.460371
0.206748 0.000010 0.000010 0.000010 0.000010 0.458873 0.000010 0.334319 0.000010
0.460561 0.000010 0.284499 0.007382 0.000010 0.086099 0.004148 0.154419 0.002872
0.289234 0.001669 0.000010 0.000010 0.000010 0.692459 0.000010 0.016588 0.000010
0.025323 0.313399 0.000010 0.000010 0.000010 0.637873 0.000010 0.000010 0.023356
0.108492 0.152346 0.000010 0.000010 0.064115 0.000010 0.000010 0.000010 0.674997
0.000010 0.925804 0.000010 0.000010 0.000010 0.015336 0.000010 0.058801 0.000010
0.044498 0.000010 0.775721 0.000010 0.024664 0.119435 0.000010 0.007353 0.028300
0.000010 0.000010 0.992930 0.000010 0.000010 0.000010 0.000016 0.006994 0.000010
0.000010 0.000010 0.000010 0.204239 0.149886 0.000010 0.000010 0.000010 0.645815
0.000010 0.017178 0.000010 0.665599 0.019199 0.000010 0.000010 0.180729 0.117255
0.000010 0.000010 0.000010 0.000010 0.892664 0.107266 0.000010 0.000010 0.000010
0.000010 0.000010 0.000010 0.000010 0.999920 0.000010 0.000010 0.000010 0.000010
0.000010 0.011207 0.051070 0.000010 0.000010 0.019060 0.111057 0.000010 0.807566
0.566080 0.020347 0.086849 0.016317 0.000010 0.094889 0.000010 0.212257 0.003241
0.124193 0.000010 0.000010 0.000010 0.000010 0.356721 0.036445 0.242686 0.239916
0.101627 0.000010 0.763723 0.000010 0.000010 0.000010 0.004761 0.129839 0.000010
0.044831 0.360253 0.000010 0.000010 0.000010 0.151594 0.029948 0.413334 0.000010
0.114310 0.010817 0.826848 0.000010 0.020650 0.024473 0.002871 0.000010 0.000010
0.000010 0.000010 0.755361 0.000010 0.035865 0.207750 0.000010 0.000974 0.000010
0.000010 0.000010 0.000010 0.000010 0.999920 0.000010 0.000010 0.000010 0.000010
0.343534 0.364317 0.045564 0.000010 0.056040 0.190505 0.000010 0.000010 0.000010
0.000010 0.000010 0.000010 0.094129 0.882900 0.000010 0.022912 0.000010 0.000010
0.000010 0.000010 0.000010 0.000010 0.999920 0.000010 0.000010 0.000010 0.000010
0.000010 0.000010 0.000010 0.000010 0.941647 0.030714 0.027580 0.000010 0.000010
0.151180 0.467018 0.013675 0.000010 0.000010 0.230850 0.082556 0.054691 0.000010
0.000010 0.000010 0.717702 0.000010 0.000010 0.119213 0.014102 0.148933 0.000010
0.052353 0.000010 0.723628 0.000010 0.098780 0.091749 0.033451 0.000010 0.000010
0.000010 0.376672 0.147913 0.293361 0.000010 0.000010 0.000010 0.133717 0.048297
0.000010 0.420402 0.000010 0.364434 0.000010 0.000010 0.061692 0.000010 0.153422
0.427713 0.088769 0.144311 0.000010 0.000010 0.000010 0.000010 0.146034 0.193132
0.051717 0.000010 0.718505 0.000010 0.021628 0.152266 0.000010 0.055844 0.000010
0.000010 0.999920 0.000010 0.000010 0.000010 0.000010 0.000010 0.000010 0.000010
0.000010 0.794755 0.000010 0.000010 0.000010 0.000010 0.205175 0.000010 0.000010
0.003907 0.709302 0.084441 0.000010 0.000010 0.036034 0.000010 0.166276 0.000010
0.000010 0.000010 0.754203 0.036663 0.000010 0.000010 0.000010 0.209074 0.000010
0.050275 0.000010 0.702954 0.000010 0.046839 0.000010 0.000010 0.199882 0.000010
0.274954 0.000010 0.561282 0.000014 0.072276 0.031570 0.000010 0.059873 0.000010
0.057924 0.000010 0.897309 0.000010 0.000010 0.000010 0.027661 0.000010 0.017056
0.000010 0.185662 0.000010 0.000010 0.000010 0.000010 0.129650 0.000010 0.684628
0.154663 0.000010 0.000010 0.000010 0.000010 0.000010 0.000010 0.845267 0.000010
0.059190 0.039967 0.124667 0.000010 0.026206 0.000010 0.202536 0.090655 0.456759
0.516735 0.000010 0.115228 0.000010 0.000010 0.000010 0.000010 0.163161 0.204825
0.000010 0.115684 0.000010 0.000010 0.000010 0.000010 0.092662 0.000010 0.791594
0.000010 0.043306 0.061522 0.000010 0.000010 0.000010 0.001122 0.000010 0.894001
0.000010 0.141971 0.000010 0.000010 0.000010 0.000010 0.101499 0.053333 0.703147
0.000010 0.107043 0.000010 0.000010 0.000010 0.076445 0.000010 0.046245 0.770218
0.000010 0.704931 0.000010 0.000010 0.022410 0.000010 0.092227 0.000010 0.180382
0.000010 0.000010 0.000010 0.000010 0.999920 0.000010 0.000010 0.000010 0.000010
0.164024 0.000010 0.000010 0.004398 0.000010 0.831519 0.000010 0.000010 0.000010
0.295483 0.000010 0.141558 0.000010 0.000010 0.000010 0.000010 0.562899 0.000010
0.000010 0.072939 0.032255 0.128465 0.102516 0.000010 0.000744 0.008909 0.654152
0.433049 0.000010 0.336697 0.000010 0.067071 0.163133 0.000010 0.000010 0.000010
0.000010 0.235693 0.000010 0.000010 0.048531 0.000010 0.030161 0.000010 0.685564
0.234088 0.000010 0.363623 0.000010 0.000010 0.175497 0.000010 0.226742 0.000010
0.159280 0.000010 0.295689 0.000010 0.033011 0.258493 0.013658 0.239841 0.000010
0.214867 0.000010 0.086876 0.000010 0.000010 0.361085 0.004048 0.333084 0.000010
0.299256 0.215292 0.038763 0.206860 0.000010 0.145676 0.046766 0.000010 0.047368
0.000010 0.061738 0.000010 0.000010 0.000010 0.537705 0.000010 0.400497 0.000010
0.189711 0.024067 0.000010 0.000010 0.000010 0.596683 0.041766 0.147733 0.000010
0.000010 0.596555 0.030226 0.000010 0.000010 0.000010 0.000010 0.317650 0.055519
0.518136 0.320658 0.000010 0.000010 0.000010 0.000010 0.000010 0.000010 0.161146
0.000010 0.553415 0.000010 0.047717 0.014785 0.000010 0.024241 0.267930 0.091883
0.844610 0.000010 0.000010 0.011274 0.000010 0.128770 0.015297 0.000010 0.000010
0.736815 0.147047 0.000010 0.000010 0.000010 0.000010 0.000010 0.000010 0.116079
0.384601 0.331281 0.031528 0.000010 0.000010 0.039586 0.030888 0.120045 0.062050
0.633721 0.000010 0.032505 0.000010 0.009293 0.000010 0.000010 0.066146 0.258295
0.000010 0.000010 0.000010 0.000010 0.000010 0.333511 0.000010 0.666419 0.000010
0.665785 0.000010 0.305724 0.002657 0.000010 0.000010 0.000157 0.025638 0.000010
0.189377 0.008607 0.161243 0.000010 0.000010 0.277115 0.006366 0.357262 0.000010
0.001465 0.014763 0.000010 0.000010 0.000010 0.000010 0.000010 0.680426 0.303296
0.122486 0.000010 0.000010 0.000010 0.000010 0.000010 0.000010 0.057998 0.819456
0.739375 0.000010 0.091093 0.077005 0.000010 0.000010 0.000010 0.092477 0.000010
0.000010 0.000010 0.000010 0.000010 0.000010 0.117730 0.000010 0.882200 0.000010
0.000010 0.000441 0.000010 0.689452 0.310047 0.000010 0.000010 0.000010 0.000010
0.000010 0.000010 0.000471 0.165468 0.753233 0.007778 0.053601 0.000010 0.019420
0.000010 0.485011 0.211309 0.000010 0.000010 0.093743 0.000010 0.209887 0.000010
0.000010 0.000010 0.000010 0.277409 0.720223 0.000010 0.002308 0.000010 0.000010
0.000010 0.000010 0.026334 0.170529 0.719893 0.019169 0.003295 0.000010 0.060750
0.131173 0.000010 0.022896 0.627465 0.113200 0.000010 0.000010 0.018498 0.086739
0.061912 0.007687 0.055924 0.000010 0.000010 0.024657 0.000010 0.021569 0.828220
0.000010 0.078870 0.000010 0.502295 0.418775 0.000010 0.000010 0.000010 0.000010
0.017184 0.027184 0.059506 0.108265 0.729063 0.042320 0.016458 0.000010 0.000010
0.000010 0.038358 0.000010 0.293320 0.621130 0.000010 0.000010 0.000010 0.047141
0.677628 0.000010 0.239944 0.000010 0.004427 0.047461 0.000010 0.030500 0.000010
0.801145 0.000010 0.010608 0.051355 0.059260 0.077593 0.000010 0.000010 0.000010
0.117682 0.442124 0.000010 0.000010 0.163527 0.196354 0.000010 0.075669 0.004614
0.266336 0.097319 0.256974 0.000010 0.000011 0.121727 0.000010 0.257603 0.000010
0.000010 0.000010 0.000010 0.551762 0.448168 0.000010 0.000010 0.000010 0.000010
0.034251 0.159870 0.000010 0.083299 0.000010 0.219153 0.027837 0.421108 0.054462
0.000010 0.080067 0.000010 0.057039 0.809797 0.000010 0.000010 0.000010 0.053047
0.012128 0.000010 0.017272 0.372788 0.502467 0.000010 0.000010 0.000010 0.095305
0.181340 0.000010 0.379859 0.031956 0.000010 0.140910 0.000010 0.226034 0.039871
0.999920 0.000010 0.000010 0.000010 0.000010 0.000010 0.000010 0.000010 0.000010
0.000010 0.000010 0.000010 0.174081 0.657272 0.138804 0.029793 0.000010 0.000010
0.760812 0.072006 0.167122 0.000010 0.000010 0.000010 0.000010 0.000010 0.000010
0.101435 0.621941 0.000010 0.000010 0.066868 0.209706 0.000010 0.000010 0.000010
0.000010 0.000010 0.000010 0.632658 0.367272 0.000010 0.000010 0.000010 0.000010
0.047921 0.000010 0.000010 0.236989 0.600259 0.062560 0.016359 0.000010 0.035882
0.000010 0.000010 0.000010 0.000010 0.999920 0.000010 0.000010 0.000010 0.000010
0.043135 0.128870 0.000010 0.051458 0.000010 0.067957 0.000010 0.598550 0.110000
0.000010 0.999917 0.000010 0.000010 0.000010 0.000010 0.000013 0.000010 0.000010
0.264129 0.000010 0.169384 0.000010 0.000010 0.000010 0.000010 0.172688 0.393749
0.257458 0.247343 0.105730 0.071958 0.068670 0.022493 0.000010 0.226329 0.000010
0.000010 0.056562 0.109020 0.588394 0.202900 0.000010 0.000010 0.000010 0.043085
0.001798 0.000010 0.000010 0.405078 0.565358 0.027716 0.000010 0.000010 0.000010
0.094882 0.000010 0.000010 0.699264 0.093926 0.000010 0.111878 0.000010 0.000010
0.094189 0.000010 0.000010 0.488313 0.411732 0.000010 0.005716 0.000010 0.000010
0.812597 0.000010 0.125218 0.047779 0.006731 0.000010 0.000010 0.007635 0.000010
0.000010 0.000010 0.749433 0.000010 0.000010 0.054088 0.000010 0.196419 0.000010
0.025303 0.000010 0.757336 0.030475 0.000010 0.070863 0.096953 0.019039 0.000010
0.067360 0.000010 0.792797 0.000010 0.000010 0.062840 0.000010 0.010779 0.066184
0.000010 0.473870 0.027629 0.000010 0.111196 0.000010 0.020562 0.064566 0.302147
0.031362 0.000010 0.000010 0.189176 0.779403 0.000010 0.000010 0.000010 0.000010
0.000010 0.687769 0.000010 0.000010 0.000010 0.000010 0.019012 0.000010 0.293159
0.189957 0.483955 0.000010 0.033313 0.000010 0.000010 0.000010 0.000010 0.292725
0.000010 0.000010 0.018641 0.618525 0.249112 0.076278 0.023984 0.005448 0.007992
0.010504 0.000010 0.000010 0.783582 0.205854 0.000010 0.000010 0.000010 0.000010
0.000010 0.000010 0.000010 0.021297 0.978633 0.000010 0.000010 0.000010 0.000010
0.000010 0.000010 0.093510 0.555163 0.281555 0.000010 0.020311 0.000010 0.049421
0.000019 0.008286 0.726721 0.000010 0.000010 0.193319 0.000010 0.071615 0.000010
0.000010 0.000010 0.650080 0.000010 0.000010 0.156998 0.000010 0.192861 0.000010
0.000010 0.000010 0.733461 0.047805 0.000010 0.000010 0.000010 0.218674 0.000010
0.000010 0.000010 0.000010 0.884374 0.115556 0.000010 0.000010 0.000010 0.000010
0.000010 0.000010 0.994641 0.000010 0.000010 0.000010 0.005289 0.000010 0.000010
0.010679 0.000010 0.679716 0.023352 0.000010 0.000010 0.020038 0.266176 0.000010
0.186241 0.000010 0.147372 0.000010 0.000010 0.140416 0.000010 0.525921 0.000010
0.000010 0.000010 0.000010 0.632203 0.325948 0.041789 0.000010 0.000010 0.000010
0.000010 0.000010 0.000010 0.103694 0.896236 0.000010 0.000010 0.000010 0.000010
0.058463 0.000010 0.000010 0.784961 0.111384 0.000010 0.000010 0.045142 0.000010
0.056921 0.000010 0.004167 0.562787 0.321071 0.055014 0.000010 0.000010 0.000010
0.021090 0.062970 0.000010 0.560934 0.317980 0.000010 0.000010 0.036986 0.000010
0.000010 0.072901 0.007301 0.568586 0.308444 0.030556 0.007193 0.000010 0.005000
0.000010 0.000010 0.000011 0.608492 0.379739 0.011708 0.000010 0.000010 0.000010
0.010616 0.000010 0.027236 0.628398 0.261857 0.030413 0.041451 0.000010 0.000010
0.208316 0.000010 0.000010 0.000010 0.001834 0.467256 0.000010 0.058068 0.264486
0.000010 0.000010 0.144563 0.000010 0.000010 0.000010 0.000010 0.855367 0.000010
0.036402 0.000010 0.000010 0.767166 0.162553 0.000010 0.000010 0.033830 0.000010
0.021983 0.000010 0.000010 0.722174 0.156166 0.000010 0.099628 0.000010 0.000010
0.000010 0.000010 0.749985 0.000010 0.144710 0.000010 0.000010 0.105244 0.000010
0.004729 0.045452 0.787140 0.000010 0.000010 0.088460 0.004984 0.069205 0.000010
0.000010 0.000010 0.725226 0.000010 0.000016 0.000010 0.000010 0.274699 0.000010
0.202185 0.000010 0.000010 0.260282 0.376197 0.000010 0.000010 0.000010 0.161286
0.728763 0.000010 0.000010 0.000010 0.000010 0.191173 0.000010 0.080005 0.000010
0.023822 0.000010 0.000010 0.000010 0.000010 0.976108 0.000010 0.000010 0.000010
0.000010 0.000010 0.000010 0.297848 0.643929 0.000010 0.058163 0.000010 0.000010
0.025808 0.234946 0.053834 0.000010 0.177473 0.337643 0.170266 0.000010 0.000010
0.000010 0.121632 0.077212 0.000010 0.032215 0.643158 0.053096 0.072657 0.000010
0.000010 0.000010 0.000010 0.084925 0.915005 0.000010 0.000010 0.000010 0.000010
0.519780 0.240063 0.000010 0.000010 0.174546 0.000010 0.065560 0.000010 0.000010
0.302764 0.137636 0.418260 0.000010 0.000010 0.000010 0.000010 0.141291 0.000010
0.815423 0.033232 0.000010 0.018387 0.027935 0.000010 0.000010 0.000010 0.104983
0.000010 0.000010 0.000010 0.000010 0.000010 0.000010 0.000010 0.999920 0.000010
0.451600 0.109347 0.117140 0.000010 0.000010 0.206961 0.042219 0.072703 0.000010
0.108152 0.212907 0.023175 0.165980 0.075831 0.000010 0.000010 0.159054 0.254881
0.954413 0.000010 0.045517 0.000010 0.000010 0.000010 0.000010 0.000010 0.000010
0.000010 0.679356 0.151618 0.000010 0.000010 0.091350 0.000010 0.077626 0.000010
0.000010 0.042282 0.000010 0.000010 0.912359 0.000010 0.045298 0.000010 0.000010
0.390579 0.015125 0.108924 0.000010 0.000010 0.288897 0.136089 0.052205 0.008161
0.999920 0.000010 0.000010 0.000010 0.000010 0.000010 0.000010 0.000010 0.000010
0.732889 0.088895 0.000010 0.000010 0.032660 0.000010 0.000010 0.000010 0.145506
0.012670 0.072529 0.000010 0.108965 0.248955 0.000010 0.000010 0.000010 0.556841
0.303489 0.093232 0.070331 0.070993 0.000010 0.386346 0.034139 0.025461 0.015998
0.559455 0.017993 0.162823 0.000010 0.139517 0.076907 0.000010 0.000010 0.043276
0.550144 0.000010 0.251406 0.034400 0.047204 0.000010 0.000010 0.000010 0.116806
0.000010 0.374335 0.000010 0.000010 0.000010 0.522109 0.000010 0.103496 0.000010
0.000010 0.572259 0.107687 0.000010 0.000010 0.124478 0.007898 0.187637 0.000010
0.000010 0.000010 0.000010 0.000010 0.000010 0.999920 0.000010 0.000010 0.000010
0.000010 0.000010 0.000010 0.000010 0.000010 0.999920 0.000010 0.000010 0.000010
0.000010 0.064682 0.000010 0.000010 0.000010 0.935248 0.000010 0.000010 0.000010
0.999920 0.000010 0.000010 0.000010 0.000010 0.000010 0.000010 0.000010 0.000010
0.153453 0.000010 0.000010 0.000010 0.000010 0.671757 0.037256 0.137485 0.000010
0.989316 0.000010 0.000010 0.000010 0.010614 0.000010 0.000010 0.000010 0.000010
0.524810 0.000010 0.184458 0.000010 0.039457 0.195081 0.013142 0.043021 0.000010
0.621281 0.053505 0.000010 0.000010 0.068135 0.257029 0.000010 0.000010 0.000010
0.743345 0.000010 0.000010 0.000010 0.067312 0.189282 0.000010 0.000010 0.000010
0.554466 0.000010 0.000010 0.157119 0.000010 0.277877 0.010488 0.000010 0.000010
0.204779 0.233702 0.000010 0.463314 0.000010 0.000010 0.000010 0.000010 0.098154
0.698886 0.000010 0.301044 0.000010 0.000010 0.000010 0.000010 0.000010 0.000010
0.727931 0.000010 0.159713 0.000010 0.001492 0.000010 0.000010 0.110814 0.000010
0.688359 0.128672 0.157443 0.000010 0.000010 0.000010 0.000010 0.000010 0.025476
0.322163 0.000010 0.000010 0.562038 0.000010 0.000010 0.000010 0.000010 0.115739
0.062731 0.000010 0.023891 0.000010 0.041410 0.175311 0.000010 0.696617 0.000010
0.206290 0.000010 0.000010 0.043810 0.000010 0.000010 0.000010 0.749840 0.000010
0.475911 0.073988 0.000010 0.000010 0.000010 0.000010 0.026912 0.192179 0.230971
0.497236 0.073114 0.294682 0.031388 0.000010 0.000010 0.034196 0.047077 0.022288
0.000010 0.074729 0.000010 0.268330 0.591438 0.000010 0.032344 0.007923 0.025206
0.000010 0.000010 0.000010 0.295121 0.618696 0.034526 0.051607 0.000010 0.000010
0.138922 0.082848 0.000010 0.000010 0.052075 0.141156 0.080599 0.486529 0.017850
0.000010 0.011909 0.036375 0.506055 0.399670 0.000010 0.005234 0.018445 0.022292
0.251256 0.046682 0.000010 0.651079 0.000010 0.000010 0.050933 0.000010 0.000010
0.146803 0.000010 0.000010 0.000010 0.000010 0.179509 0.000010 0.673627 0.000010
0.000010 0.137075 0.048909 0.759202 0.000010 0.000010 0.000010 0.000010 0.054764
0.239068 0.287883 0.000010 0.146083 0.061211 0.097629 0.042676 0.125431 0.000010
0.633549 0.000010 0.122063 0.000010 0.000010 0.130079 0.000010 0.114259 0.000010
0.358672 0.481654 0.000010 0.000010 0.000010 0.000010 0.047209 0.069845 0.042580
0.091899 0.050829 0.054169 0.711642 0.000010 0.000010 0.058945 0.032485 0.000010
0.347198 0.124894 0.013009 0.000010 0.000010 0.514849 0.000010 0.000010 0.000010
0.487305 0.014486 0.020365 0.039336 0.000010 0.280050 0.000010 0.147950 0.010489
0.272032 0.000010 0.238883 0.000010 0.000010 0.123073 0.000010 0.365963 0.000010
0.439818 0.087095 0.315163 0.000010 0.048828 0.000010 0.021863 0.087202 0.000010
0.063770 0.013713 0.726594 0.000010 0.000010 0.000010 0.000010 0.195873 0.000010
0.360020 0.056750 0.184632 0.000010 0.000258 0.312718 0.000010 0.085592 0.000010
0.501882 0.035468 0.205683 0.150905 0.000010 0.000010 0.000010 0.106022 0.000010
0.426427 0.011467 0.034645 0.076276 0.000010 0.202204 0.000010 0.212762 0.036199
0.000010 0.000010 0.739825 0.000010 0.000010 0.000010 0.000010 0.260105 0.000010
0.000010 0.000010 0.883896 0.000010 0.000010 0.000010 0.000010 0.116034 0.000010
0.069045 0.198495 0.021342 0.648516 0.026939 0.000010 0.011074 0.000010 0.024571
0.175012 0.000010 0.073683 0.590013 0.000010 0.000010 0.000010 0.098952 0.062301
