0.000010 0.083561 0.353513 0.005787 0.115186 0.000010 0.000010 0.000010 0.390806 0.019682 0.000010 0.031375 0.000010 0.000010 0.000010 0.000010
0.046975 0.000010 0.000010 0.000010 0.668235 0.000010 0.060080 0.000010 0.118427 0.000010 0.000010 0.000010 0.000010 0.000010 0.106173 0.000010
0.000010 0.000010 0.000010 0.000010 0.000010 0.000010 0.999850 0.000010 0.000010 0.000010 0.000010 0.000010 0.000010 0.000010 0.000010 0.000010
0.000010 0.000010 0.000010 0.000010 0.000010 0.000010 0.000010 0.000010 0.108170 0.000010 0.000010 0.000010 0.000010 0.000010 0.891690 0.000010
0.000010 0.000010 0.000010 0.000010 0.000010 0.000010 0.000010 0.000010 0.000010 0.000011 0.000010 0.000010 0.000010 0.000010 0.999849 0.000010
0.000010 0.000010 0.000010 0.000010 0.000010 0.095057 0.000010 0.293232 0.000010 0.000010 0.000010 0.000010 0.000010 0.000010 0.204996 0.406595
0.000010 0.000010 0.000010 0.000010 0.000010 0.027264 0.009235 0.362789 0.252708 0.000010 0.000010 0.000010 0.000010 0.000010 0.079762 0.268142
0.000010 0.000010 0.000010 0.067785 0.000010 0.000010 0.215443 0.368878 0.053988 0.000010 0.000010 0.000010 0.000010 0.044259 0.073484 0.176073
0.000010 0.000010 0.000010 0.000010 0.000010 0.000010 0.000010 0.000010 0.000010 0.000010 0.000010 0.000010 0.000010 0.999850 0.000010 0.000010
0.000010 0.000010 0.039464 0.000010 0.000010 0.000010 0.197767 0.020659 0.043616 0.106801 0.000010 0.075422 0.000010 0.406707 0.000010 0.109485
0.000010 0.000010 0.000010 0.000010 0.000010 0.000010 0.000010 0.000010 0.000010 0.000010 0.000010 0.999850 0.000010 0.000010 0.000010 0.000010
0.000010 0.000010 0.000010 0.000010 0.000010 0.000010 0.000010 0.000010 0.000010 0.000010 0.000010 0.999850 0.000010 0.000010 0.000010 0.000010
0.000011 0.000010 0.000010 0.000010 0.000010 0.000010 0.000010 0.000010 0.000010 0.000010 0.000010 0.999849 0.000010 0.000010 0.000010 0.000010
0.000010 0.000010 0.000010 0.000010 0.999850 0.000010 0.000010 0.000010 0.000010 0.000010 0.000010 0.000010 0.000010 0.000010 0.000010 0.000010
0.000010 0.000010 0.000010 0.000010 0.000010 0.000010 0.000010 0.000010 0.000010 0.000010 0.000010 0.000010 0.000010 0.000010 0.000010 0.999850
0.000010 0.000010 0.660779 0.000010 0.071189 0.000010 0.000010 0.000010 0.000010 0.000010 0.000010 0.194255 0.000010 0.073657 0.000010 0.000010
0.000010 0.000010 0.315757 0.000010 0.000010 0.000010 0.468436 0.000010 0.000010 0.049886 0.158279 0.007532 0.000010 0.000010 0.000010 0.000010
0.000012 0.000010 0.000010 0.000010 0.000010 0.000010 0.000010 0.583601 0.000010 0.000010 0.000010 0.000010 0.000010 0.000010 0.416257 0.000010
0.000010 0.000010 0.000010 0.000010 0.000010 0.000010 0.000010 0.000010 0.000010 0.000010 0.000010 0.000010 0.000010 0.999850 0.000010 0.000010
0.000010 0.000010 0.000010 0.000010 0.000010 0.000010 0.000010 0.000010 0.000010 0.000010 0.000010 0.000010 0.000010 0.999850 0.000010 0.000010
0.000010 0.000010 0.000010 0.000010 0.000010 0.000010 0.000010 0.305706 0.179244 0.000010 0.000010 0.000010 0.000010 0.000010 0.000010 0.514920
0.000010 0.000010 0.000010 0.000010 0.000010 0.000010 0.000010 0.000010 0.000010 0.000010 0.000010 0.000010 0.000010 0.999849 0.000011 0.000010
0.075113 0.000010 0.000010 0.000010 0.056844 0.000010 0.000010 0.420423 0.010924 0.000010 0.000010 0.000010 0.000010 0.000010 0.198542 0.238054
0.000010 0.000010 0.000010 0.000010 0.000010 0.014962 0.580015 0.401434 0.000010 0.000010 0.000010 0.000010 0.000010 0.003469 0.000010 0.000010
0.000010 0.000010 0.000010 0.000010 0.000010 0.000010 0.000010 0.999842 0.000010 0.000010 0.000010 0.000018 0.000010 0.000010 0.000010 0.000010
0.000010 0.000010 0.000010 0.000010 0.000010 0.000010 0.000016 0.999844 0.000010 0.000010 0.000010 0.000010 0.000010 0.000010 0.000010 0.000010
0.000010 0.000010 0.000010 0.000010 0.108181 0.000010 0.465204 0.000010 0.089806 0.000010 0.000010 0.000010 0.000010 0.000010 0.336689 0.000010
0.000010 0.000010 0.000010 0.088437 0.058583 0.054853 0.383254 0.000010 0.000010 0.000010 0.000010 0.000010 0.000010 0.000010 0.248025 0.166749
0.000010 0.663400 0.062455 0.000435 0.158824 0.000010 0.000010 0.082930 0.000010 0.000010 0.000010 0.000010 0.031855 0.000010 0.000010 0.000010
0.000010 0.000010 0.000010 0.057122 0.000010 0.000010 0.000010 0.590302 0.000010 0.000010 0.000010 0.000010 0.000010 0.000010 0.064007 0.288449
0.000010 0.000010 0.000010 0.000010 0.000010 0.000010 0.999850 0.000010 0.000010 0.000010 0.000010 0.000010 0.000010 0.000010 0.000010 0.000010
0.000010 0.000010 0.000010 0.000010 0.354271 0.000010 0.283919 0.000010 0.000010 0.026113 0.000010 0.000010 0.000010 0.000010 0.335577 0.000010
0.000010 0.000010 0.000010 0.211011 0.000010 0.000010 0.657806 0.000010 0.014687 0.000010 0.000010 0.000010 0.000010 0.000010 0.116376 0.000010
0.000010 0.000010 0.000010 0.001342 0.031387 0.114795 0.000010 0.212582 0.000010 0.000010 0.000010 0.059741 0.000010 0.000010 0.274325 0.305738
0.000010 0.000010 0.000010 0.000010 0.194772 0.000010 0.303890 0.139677 0.004644 0.000010 0.014537 0.033550 0.000010 0.000010 0.308840 0.000010
0.142302 0.040326 0.000010 0.398642 0.000010 0.000010 0.000010 0.000010 0.000010 0.087835 0.000010 0.092878 0.024283 0.000010 0.213644 0.000010
0.030954 0.000010 0.000010 0.057105 0.000010 0.000010 0.484878 0.299632 0.000010 0.000010 0.000010 0.000010 0.000010 0.000010 0.127321 0.000010
0.216522 0.609089 0.000010 0.000010 0.000010 0.000010 0.000010 0.095635 0.000010 0.078634 0.000010 0.000010 0.000010 0.000010 0.000010 0.000010
0.000010 0.000010 0.000010 0.000010 0.000010 0.000010 0.000010 0.000010 0.000010 0.000010 0.000010 0.999850 0.000010 0.000010 0.000010 0.000010
0.000010 0.000010 0.000010 0.000010 0.000010 0.000010 0.000010 0.000010 0.000010 0.000010 0.000010 0.616514 0.000010 0.383346 0.000010 0.000010
0.000010 0.000010 0.000010 0.000010 0.000010 0.000010 0.000010 0.000010 0.000010 0.000010 0.000010 0.135777 0.000010 0.864083 0.000010 0.000010
0.000010 0.166278 0.000010 0.000010 0.000010 0.000010 0.000010 0.000010 0.000010 0.000010 0.000010 0.000010 0.000010 0.833582 0.000010 0.000010
0.000010 0.000010 0.000010 0.000010 0.000010 0.000010 0.000010 0.000010 0.000010 0.000010 0.000010 0.000010 0.000010 0.999850 0.000010 0.000010
0.000010 0.144434 0.000010 0.000010 0.000010 0.000010 0.000010 0.000010 0.000010 0.000010 0.000010 0.039807 0.000010 0.815629 0.000010 0.000010
0.000010 0.000010 0.000010 0.000010 0.000010 0.000010 0.000010 0.000010 0.000010 0.000010 0.000010 0.000010 0.000010 0.999850 0.000010 0.000010
0.000010 0.000010 0.256940 0.000010 0.000010 0.109497 0.000010 0.000010 0.468120 0.165323 0.000010 0.000010 0.000010 0.000010 0.000010 0.000010
0.000010 0.000010 0.517836 0.000010 0.000010 0.000010 0.000010 0.000010 0.000010 0.000010 0.000010 0.155868 0.000010 0.207382 0.118794 0.000010
0.000010 0.000010 0.000010 0.000010 0.000010 0.000010 0.000010 0.000010 0.000010 0.000010 0.000010 0.999850 0.000010 0.000010 0.000010 0.000010
0.000010 0.000010 0.000010 0.000010 0.000010 0.000010 0.000010 0.109026 0.000010 0.000010 0.000010 0.000010 0.000010 0.000010 0.628842 0.262002
0.000010 0.000010 0.000010 0.000010 0.000010 0.000010 0.000010 0.000010 0.000010 0.000010 0.000010 0.084430 0.000010 0.915430 0.000010 0.000010
0.000010 0.000010 0.243763 0.000010 0.000010 0.165818 0.000010 0.000010 0.000010 0.000010 0.000010 0.436351 0.000010 0.153948 0.000010 0.000010
0.000010 0.000010 0.000010 0.371584 0.000010 0.000010 0.000010 0.000010 0.057910 0.453932 0.000010 0.000010 0.000010 0.000010 0.000010 0.116453
0.070032 0.063184 0.000010 0.000010 0.000010 0.000010 0.000010 0.000010 0.000010 0.000010 0.000010 0.156780 0.000010 0.709884 0.000010 0.000010
0.000010 0.000010 0.855925 0.002269 0.000010 0.000010 0.000010 0.000010 0.000010 0.042918 0.020126 0.028539 0.000010 0.000010 0.050123 0.000010
0.000010 0.623847 0.174954 0.000010 0.000010 0.000010 0.000010 0.000010 0.000010 0.000010 0.000010 0.201068 0.000010 0.000010 0.000010 0.000010
0.000010 0.000010 0.534507 0.000010 0.000010 0.000010 0.000010 0.087712 0.000010 0.000010 0.003132 0.180007 0.000010 0.194532 0.000010 0.000010
0.000010 0.126270 0.000010 0.492345 0.000010 0.000010 0.000010 0.000010 0.000010 0.000010 0.000010 0.000010 0.000010 0.030968 0.000010 0.350297
0.000010 0.000010 0.000010 0.117069 0.440722 0.000010 0.000010 0.306163 0.000010 0.043547 0.025907 0.000010 0.000010 0.000010 0.066492 0.000010
0.040661 0.289058 0.000010 0.132949 0.000010 0.188980 0.000010 0.000010 0.000010 0.219140 0.000010 0.000010 0.000010 0.000010 0.000010 0.129112
0.030963 0.250112 0.186924 0.084908 0.300464 0.000010 0.000010 0.000010 0.146528 0.000010 0.000010 0.000010 0.000010 0.000010 0.000010 0.000010
0.000010 0.322529 0.097023 0.000010 0.184657 0.000010 0.000010 0.056206 0.224552 0.001613 0.000010 0.000010 0.000010 0.000010 0.000010 0.113330
0.000010 0.000010 0.000010 0.000010 0.000010 0.022648 0.000010 0.519010 0.056053 0.000010 0.000010 0.000010 0.004174 0.000010 0.061396 0.336619
0.000010 0.000010 0.000010 0.000010 0.000010 0.000010 0.262988 0.000010 0.000010 0.000010 0.000010 0.000010 0.000010 0.000010 0.736872 0.000010
0.000010 0.000010 0.000010 0.000010 0.000010 0.000010 0.000010 0.000010 0.000010 0.999850 0.000010 0.000010 0.000010 0.000010 0.000010 0.000010
0.000010 0.000010 0.000010 0.000010 0.000010 0.000010 0.000010 0.000010 0.000010 0.999850 0.000010 0.000010 0.000010 0.000010 0.000010 0.000010
0.018932 0.000010 0.877705 0.000010 0.000010 0.000010 0.000010 0.000010 0.000010 0.000010 0.000010 0.000010 0.000010 0.103233 0.000010 0.000010
0.078931 0.129972 0.546316 0.025205 0.000010 0.022384 0.000010 0.000010 0.032172 0.000010 0.000010 0.062185 0.036098 0.058811 0.007865 0.000010
0.084079 0.000010 0.000010 0.116951 0.620980 0.000010 0.000010 0.168564 0.000010 0.000010 0.000010 0.000010 0.000010 0.000010 0.000010 0.009316
0.000010 0.000010 0.999850 0.000010 0.000010 0.000010 0.000010 0.000010 0.000010 0.000010 0.000010 0.000010 0.000010 0.000010 0.000010 0.000010
0.088692 0.059873 0.507268 0.000010 0.000010 0.015403 0.000010 0.000010 0.114411 0.000010 0.033304 0.099275 0.039137 0.042566 0.000010 0.000010
0.000010 0.821407 0.000010 0.128032 0.000010 0.000010 0.000010 0.000010 0.000010 0.000010 0.000010 0.050431 0.000010 0.000010 0.000010 0.000010
0.114253 0.081759 0.596373 0.000010 0.000010 0.000010 0.060291 0.000010 0.000011 0.000010 0.000010 0.073311 0.000010 0.035285 0.000010 0.038637
0.000010 0.660440 0.000010 0.159060 0.000010 0.000010 0.000010 0.000010 0.180371 0.000010 0.000010 0.000010 0.000010 0.000010 0.000010 0.000010
0.000010 0.041425 0.030704 0.000010 0.000010 0.000010 0.000010 0.000010 0.000010 0.923836 0.000010 0.000010 0.003914 0.000010 0.000010 0.000010
0.000010 0.262433 0.000010 0.486370 0.000010 0.000010 0.000010 0.024940 0.018929 0.000010 0.000010 0.000010 0.000010 0.000010 0.207218 0.000010
0.001635 0.000010 0.000010 0.252342 0.386599 0.000010 0.244714 0.000011 0.000010 0.000010 0.000010 0.000010 0.032028 0.000010 0.000010 0.082580
0.103170 0.114127 0.511728 0.000010 0.000010 0.015212 0.000010 0.000010 0.127168 0.000010 0.000010 0.016333 0.014565 0.086357 0.011270 0.000010
0.000010 0.000010 0.000010 0.000010 0.208442 0.000010 0.083991 0.503635 0.000010 0.000010 0.000010 0.000010 0.000010 0.001376 0.044860 0.157596
0.000010 0.000010 0.000010 0.000010 0.000010 0.000010 0.000010 0.000010 0.000010 0.000010 0.000010 0.000010 0.000010 0.000010 0.999850 0.000010
0.000010 0.000010 0.000011 0.000010 0.000010 0.000010 0.000010 0.409558 0.000010 0.000010 0.000010 0.028637 0.000010 0.000010 0.220330 0.341354
0.000010 0.000010 0.021077 0.000010 0.000010 0.000010 0.368619 0.354798 0.000010 0.057511 0.000010 0.000010 0.000010 0.004033 0.034398 0.159474
0.000010 0.000010 0.000010 0.000010 0.000010 0.000010 0.000010 0.000010 0.000010 0.000010 0.000010 0.000010 0.000010 0.000010 0.999850 0.000010
0.000010 0.000010 0.000010 0.000010 0.000010 0.000010 0.744590 0.000010 0.000010 0.000010 0.000010 0.000010 0.046598 0.000010 0.208682 0.000010
0.000010 0.000010 0.000010 0.413361 0.000010 0.000010 0.000010 0.000010 0.000010 0.586499 0.000010 0.000010 0.000010 0.000010 0.000010 0.000010
0.000010 0.000010 0.000010 0.000010 0.000010 0.000010 0.000010 0.000010 0.000010 0.000010 0.000010 0.999850 0.000010 0.000010 0.000010 0.000010
0.999850 0.000010 0.000010 0.000010 0.000010 0.000010 0.000010 0.000010 0.000010 0.000010 0.000010 0.000010 0.000010 0.000010 0.000010 0.000010
0.000010 0.000010 0.000010 0.000010 0.000010 0.000010 0.000010 0.000010 0.000010 0.000010 0.000010 0.083156 0.000010 0.916704 0.000010 0.000010
0.000010 0.000010 0.000010 0.000010 0.000010 0.000010 0.000010 0.000010 0.000010 0.000010 0.000010 0.000010 0.000010 0.999850 0.000010 0.000010
0.000010 0.000010 0.000010 0.000010 0.000010 0.000010 0.000010 0.000010 0.000010 0.000010 0.000010 0.000010 0.000010 0.999850 0.000010 0.000010
0.000010 0.060733 0.492324 0.000010 0.000010 0.012721 0.000010 0.000010 0.000010 0.000010 0.037543 0.256437 0.000010 0.140142 0.000010 0.000010
0.000010 0.000010 0.000010 0.000010 0.000010 0.000010 0.000010 0.000010 0.000010 0.999850 0.000010 0.000010 0.000010 0.000010 0.000010 0.000010
0.000010 0.000010 0.000010 0.151007 0.016620 0.000010 0.000010 0.000010 0.000010 0.830637 0.000010 0.000010 0.001615 0.000010 0.000010 0.000010
0.000010 0.000010 0.000010 0.000010 0.004835 0.000010 0.000010 0.424697 0.000010 0.000010 0.000010 0.000010 0.000010 0.000010 0.000010 0.570339
0.999850 0.000010 0.000010 0.000010 0.000010 0.000010 0.000010 0.000010 0.000010 0.000010 0.000010 0.000010 0.000010 0.000010 0.000010 0.000010
0.000010 0.692271 0.000010 0.000010 0.000010 0.000010 0.000010 0.000010 0.000010 0.000010 0.000010 0.000010 0.000010 0.000010 0.307589 0.000010
0.000010 0.035123 0.000010 0.000010 0.000010 0.000010 0.000010 0.000010 0.000010 0.776678 0.000010 0.000010 0.138357 0.049722 0.000010 0.000010
0.000010 0.000010 0.000010 0.000010 0.000010 0.999850 0.000010 0.000010 0.000010 0.000010 0.000010 0.000010 0.000010 0.000010 0.000010 0.000010
0.013359 0.001376 0.086766 0.028618 0.333231 0.160321 0.000010 0.027466 0.049449 0.004115 0.000010 0.000010 0.000010 0.073025 0.000010 0.222224
0.000010 0.000010 0.000010 0.000010 0.000010 0.119204 0.159357 0.000010 0.000010 0.721310 0.000010 0.000010 0.000010 0.000010 0.000010 0.000010
0.000010 0.119866 0.328408 0.000010 0.000010 0.071697 0.283738 0.000010 0.003617 0.000010 0.000010 0.153146 0.000010 0.000010 0.039439 0.000010
0.000010 0.000010 0.000010 0.147269 0.105328 0.258153 0.000010 0.000010 0.000010 0.489130 0.000010 0.000010 0.000010 0.000010 0.000010 0.000010
0.000010 0.000010 0.068152 0.011986 0.375973 0.022361 0.180994 0.000010 0.000010 0.107596 0.000010 0.000010 0.000010 0.000010 0.067935 0.164924
0.000010 0.000010 0.000010 0.466351 0.039975 0.002594 0.105856 0.000010 0.000010 0.385115 0.000010 0.000010 0.000010 0.000010 0.000010 0.000010
0.000010 0.250016 0.000010 0.005146 0.000010 0.000010 0.000010 0.000010 0.161564 0.555843 0.000010 0.000010 0.000010 0.027322 0.000010 0.000010
0.093685 0.051918 0.654962 0.000010 0.000010 0.000010 0.000010 0.000010 0.120766 0.000010 0.000010 0.078560 0.000010 0.000010 0.000010 0.000010
0.000010 0.913384 0.000010 0.000010 0.000010 0.000010 0.000010 0.000010 0.000010 0.056204 0.000010 0.030282 0.000010 0.000010 0.000010 0.000010
0.000010 0.000010 0.000010 0.000010 0.000010 0.000010 0.026936 0.219926 0.000010 0.000010 0.000010 0.000010 0.060665 0.000010 0.000010 0.692353
0.000010 0.000010 0.000010 0.000010 0.000010 0.000010 0.319801 0.161553 0.000010 0.000010 0.000010 0.000010 0.000010 0.000010 0.000010 0.518517
0.431086 0.000010 0.540170 0.000010 0.000010 0.000010 0.000010 0.000010 0.000010 0.000010 0.000010 0.000010 0.000010 0.028614 0.000010 0.000010
0.999850 0.000010 0.000010 0.000010 0.000010 0.000010 0.000010 0.000010 0.000010 0.000010 0.000010 0.000010 0.000010 0.000010 0.000010 0.000010
0.000010 0.000010 0.000010 0.040689 0.000010 0.000010 0.082013 0.000010 0.000010 0.000010 0.046944 0.000010 0.830234 0.000010 0.000010 0.000010
0.000010 0.000010 0.000010 0.000010 0.000010 0.000010 0.000010 0.000010 0.000010 0.000010 0.000010 0.000010 0.999850 0.000010 0.000010 0.000010
0.000010 0.000010 0.609342 0.000010 0.000010 0.000010 0.000010 0.099502 0.000010 0.000010 0.000010 0.199502 0.000010 0.091535 0.000010 0.000010
0.000010 0.000010 0.000010 0.000010 0.515432 0.069167 0.000010 0.050626 0.074754 0.124162 0.000010 0.069276 0.000010 0.000010 0.096494 0.000010
0.000010 0.000010 0.212935 0.000010 0.100058 0.115175 0.000010 0.000010 0.000010 0.441161 0.000010 0.046572 0.000010 0.028397 0.055610 0.000010
0.000010 0.000010 0.008266 0.000010 0.000010 0.000010 0.290583 0.307373 0.098489 0.000010 0.000010 0.000010 0.000010 0.000010 0.188962 0.106226
0.000010 0.373888 0.000010 0.199461 0.000010 0.413036 0.000010 0.000010 0.000010 0.000010 0.000010 0.000010 0.000010 0.013495 0.000010 0.000010
0.000010 0.000010 0.000010 0.000010 0.000010 0.000010 0.256213 0.000010 0.117902 0.000010 0.000010 0.000010 0.000010 0.000010 0.000010 0.625754
0.000010 0.000010 0.000010 0.086486 0.000010 0.000010 0.269891 0.301403 0.088431 0.042709 0.000010 0.000010 0.029906 0.000010 0.181084 0.000010
0.000010 0.000010 0.000010 0.000010 0.000010 0.000010 0.000010 0.000010 0.000010 0.000010 0.000010 0.000010 0.999850 0.000010 0.000010 0.000010
0.000010 0.324304 0.000010 0.406880 0.108111 0.000010 0.000010 0.160586 0.000010 0.000010 0.000010 0.000010 0.000010 0.000010 0.000010 0.000010
0.000010 0.000010 0.000010 0.000010 0.000010 0.000010 0.000010 0.000010 0.000010 0.000010 0.117842 0.000010 0.868629 0.013399 0.000010 0.000010
0.000010 0.000010 0.000010 0.000010 0.000010 0.000010 0.000010 0.000010 0.000010 0.000010 0.000010 0.000010 0.999850 0.000010 0.000010 0.000010
0.021270 0.000010 0.000010 0.071046 0.000010 0.000010 0.000010 0.000010 0.000010 0.000010 0.000010 0.000010 0.907554 0.000010 0.000010 0.000010
0.000010 0.483274 0.000010 0.153633 0.045317 0.000010 0.000020 0.000010 0.000010 0.129332 0.000010 0.000010 0.000010 0.030652 0.000010 0.157682
0.000010 0.000010 0.000010 0.000010 0.000010 0.024106 0.070866 0.430377 0.151917 0.111133 0.000010 0.000010 0.000010 0.015004 0.196507 0.000010
0.000010 0.000010 0.000010 0.000010 0.000010 0.000010 0.000010 0.999850 0.000010 0.000010 0.000010 0.000010 0.000010 0.000010 0.000010 0.000010
0.268782 0.358536 0.000010 0.000010 0.000010 0.040706 0.000010 0.021675 0.000010 0.000010 0.082719 0.000010 0.000010 0.000010 0.090377 0.137115
0.500185 0.414444 0.000010 0.000010 0.000010 0.000010 0.000010 0.000010 0.000010 0.000010 0.000010 0.015185 0.000010 0.070066 0.000010 0.000010
0.000010 0.024547 0.243156 0.105146 0.293788 0.038852 0.000019 0.042760 0.000010 0.001885 0.000010 0.006085 0.000010 0.012921 0.000010 0.230792
0.000010 0.000010 0.000010 0.000010 0.036793 0.000703 0.000010 0.422921 0.206061 0.062165 0.000010 0.000010 0.000010 0.000010 0.271258 0.000010
0.000010 0.999850 0.000010 0.000010 0.000010 0.000010 0.000010 0.000010 0.000010 0.000010 0.000010 0.000010 0.000010 0.000010 0.000010 0.000010
0.049627 0.748068 0.000010 0.000010 0.000010 0.000010 0.000010 0.000010 0.000010 0.000010 0.000010 0.000010 0.000010 0.202175 0.000010 0.000010
0.000010 0.729996 0.000010 0.000010 0.000010 0.015516 0.101135 0.000010 0.000010 0.103078 0.000010 0.000010 0.000010 0.000010 0.050165 0.000010
0.000010 0.000010 0.000010 0.000010 0.000010 0.000010 0.000010 0.321621 0.000010 0.000010 0.000010 0.000010 0.000010 0.000010 0.678239 0.000010
0.000010 0.000010 0.000010 0.000010 0.000010 0.028324 0.000010 0.313484 0.170485 0.000010 0.000010 0.003852 0.000010 0.000010 0.239103 0.244653
0.000010 0.000010 0.000010 0.077011 0.213649 0.000010 0.293895 0.163553 0.000010 0.000010 0.000010 0.000010 0.067947 0.000010 0.145249 0.038607
0.000010 0.000010 0.000010 0.000010 0.000010 0.000010 0.492471 0.220922 0.000010 0.000010 0.000010 0.038021 0.000010 0.000010 0.000010 0.248467
0.000010 0.151993 0.456943 0.000010 0.000010 0.000010 0.046602 0.000010 0.000010 0.000010 0.000010 0.288984 0.000010 0.055368 0.000010 0.000010
0.000010 0.000010 0.000010 0.000010 0.000010 0.830158 0.054732 0.000010 0.085902 0.029088 0.000010 0.000010 0.000010 0.000010 0.000010 0.000010
0.000010 0.014088 0.330083 0.000010 0.000010 0.029503 0.024220 0.030415 0.087669 0.028850 0.000010 0.174891 0.010220 0.177717 0.092295 0.000010
0.020640 0.000010 0.204098 0.000010 0.011575 0.096506 0.208335 0.000010 0.419236 0.000010 0.000010 0.000010 0.000010 0.000010 0.039519 0.000010
0.000010 0.000010 0.786565 0.000010 0.000010 0.000010 0.000010 0.000010 0.000010 0.000010 0.000010 0.112763 0.000010 0.100541 0.000010 0.000010
0.000010 0.000010 0.855226 0.000010 0.000010 0.000010 0.000010 0.000010 0.000010 0.000010 0.000010 0.088763 0.000010 0.000010 0.055881 0.000010
0.000010 0.092320 0.784586 0.000010 0.000010 0.038554 0.000010 0.000010 0.000010 0.000010 0.000010 0.000010 0.000010 0.084419 0.000010 0.000010
0.000010 0.000010 0.846075 0.000010 0.000010 0.105866 0.000010 0.000010 0.000010 0.000010 0.000010 0.047929 0.000010 0.000010 0.000010 0.000010
0.048174 0.622262 0.152226 0.000010 0.000010 0.000010 0.000010 0.000010 0.051315 0.000010 0.000010 0.000010 0.000010 0.125913 0.000010 0.000010
0.000010 0.000010 0.000010 0.000010 0.000010 0.000010 0.000010 0.000010 0.000010 0.000010 0.000010 0.000010 0.999850 0.000010 0.000010 0.000010
0.000010 0.000010 0.000010 0.999850 0.000010 0.000010 0.000010 0.000010 0.000010 0.000010 0.000010 0.000010 0.000010 0.000010 0.000010 0.000010
0.000010 0.000010 0.000010 0.032697 0.204778 0.292815 0.000010 0.000010 0.000010 0.000010 0.000010 0.015744 0.000010 0.000010 0.225892 0.227975
0.193198 0.000010 0.722317 0.000010 0.000010 0.000010 0.000010 0.000010 0.000010 0.000010 0.000010 0.000010 0.068723 0.015479 0.000010 0.000174
0.000010 0.000010 0.000010 0.078472 0.528338 0.000010 0.000010 0.383169 0.000010 0.000010 0.000018 0.000010 0.009893 0.000010 0.000010 0.000010
0.000010 0.113930 0.793386 0.000010 0.000010 0.000010 0.000010 0.000010 0.000010 0.000010 0.000010 0.018973 0.019625 0.053977 0.000010 0.000010
0.000010 0.000010 0.000010 0.000010 0.315000 0.141263 0.259104 0.000010 0.000010 0.082165 0.000010 0.000010 0.000010 0.000010 0.202358 0.000010
0.000010 0.000010 0.000010 0.000010 0.198365 0.119624 0.128402 0.000010 0.000010 0.227633 0.000010 0.000010 0.000010 0.035160 0.030117 0.260609
0.000010 0.000010 0.000010 0.163521 0.108532 0.294605 0.188357 0.000010 0.000010 0.244875 0.000010 0.000010 0.000010 0.000010 0.000010 0.000010
0.100492 0.196843 0.000010 0.199772 0.081158 0.000010 0.000010 0.000010 0.000010 0.026278 0.116561 0.028838 0.000010 0.008894 0.000010 0.241094
0.000010 0.045329 0.000010 0.024829 0.003822 0.307668 0.000010 0.000010 0.020825 0.476909 0.000010 0.000010 0.000010 0.000010 0.120528 0.000010
0.000010 0.027731 0.000010 0.238006 0.050560 0.027686 0.000010 0.000010 0.000010 0.494277 0.000010 0.009688 0.000010 0.028584 0.000010 0.123387
0.084520 0.540722 0.012804 0.000010 0.000010 0.125825 0.000010 0.000010 0.000010 0.000010 0.000010 0.000010 0.000010 0.000010 0.228132 0.007897
0.000010 0.234581 0.123806 0.000010 0.000010 0.000010 0.000010 0.000010 0.641482 0.000010 0.000010 0.000010 0.000010 0.000010 0.000010 0.000010
0.038128 0.537455 0.081129 0.000010 0.000010 0.205825 0.000010 0.000010 0.000010 0.000010 0.000010 0.032858 0.031351 0.012744 0.060431 0.000010
0.000010 0.000010 0.000010 0.000010 0.000010 0.000010 0.000010 0.000010 0.999850 0.000010 0.000010 0.000010 0.000010 0.000010 0.000010 0.000010
0.000010 0.000010 0.000010 0.000010 0.000010 0.000010 0.000010 0.000010 0.999850 0.000010 0.000010 0.000010 0.000010 0.000010 0.000010 0.000010
0.000010 0.326890 0.006013 0.088131 0.000010 0.061435 0.186894 0.000010 0.219564 0.002807 0.000010 0.025556 0.000010 0.000010 0.000010 0.082641
0.000010 0.000010 0.000010 0.000010 0.000010 0.000010 0.000010 0.000010 0.999850 0.000010 0.000010 0.000010 0.000010 0.000010 0.000010 0.000010
0.000010 0.000010 0.000010 0.000010 0.000010 0.593257 0.000010 0.000010 0.000010 0.406603 0.000010 0.000010 0.000010 0.000010 0.000010 0.000010
0.000010 0.000010 0.000010 0.000010 0.646563 0.000010 0.236603 0.000010 0.000010 0.000010 0.000010 0.000010 0.000010 0.000010 0.116704 0.000010
0.021094 0.000010 0.000010 0.000010 0.129138 0.204483 0.000010 0.000010 0.000010 0.272908 0.000010 0.000010 0.000010 0.000010 0.000010 0.372268
0.000010 0.000010 0.283271 0.000010 0.000010 0.716589 0.000010 0.000010 0.000010 0.000010 0.000010 0.000010 0.000010 0.000010 0.000010 0.000010
0.000010 0.000010 0.902045 0.029009 0.000010 0.000010 0.068816 0.000010 0.000010 0.000010 0.000010 0.000010 0.000010 0.000010 0.000010 0.000010
0.000010 0.000010 0.000010 0.017433 0.642376 0.000010 0.000010 0.000010 0.134143 0.000010 0.032616 0.000010 0.000010 0.000010 0.173323 0.000010
0.000010 0.000010 0.000010 0.000010 0.000010 0.803883 0.000010 0.000010 0.000010 0.168648 0.000010 0.000010 0.000010 0.000010 0.000010 0.027339
0.000010 0.015656 0.000010 0.000010 0.000010 0.000010 0.000010 0.000010 0.000010 0.000010 0.656216 0.000010 0.327998 0.000010 0.000010 0.000010
0.000010 0.000010 0.000010 0.022012 0.000010 0.000010 0.000010 0.031365 0.000010 0.000010 0.159996 0.005904 0.735875 0.044749 0.000010 0.000010
0.000010 0.491586 0.000010 0.000010 0.000010 0.000010 0.216095 0.000010 0.000010 0.140362 0.000010 0.000010 0.000010 0.000010 0.151837 0.000010
0.000010 0.000010 0.000010 0.000010 0.000010 0.000010 0.000010 0.000010 0.000010 0.000010 0.305265 0.000010 0.687013 0.007592 0.000010 0.000010
0.026912 0.000010 0.000010 0.053521 0.000010 0.000010 0.032860 0.000010 0.000010 0.000010 0.137415 0.039933 0.709259 0.000010 0.000010 0.000010
0.000010 0.000010 0.133221 0.082402 0.004897 0.000010 0.000010 0.077040 0.000010 0.000010 0.592652 0.000010 0.109689 0.000010 0.000010 0.000010
0.000010 0.000010 0.841520 0.000010 0.000010 0.000010 0.000010 0.000010 0.000010 0.000010 0.000010 0.000010 0.000010 0.000010 0.000010 0.158340
0.000010 0.075680 0.000010 0.000010 0.000010 0.000010 0.000010 0.000010 0.000010 0.000010 0.486937 0.011271 0.425992 0.000010 0.000010 0.000010
0.000010 0.008061 0.000010 0.000010 0.041771 0.000010 0.000010 0.069345 0.000010 0.042531 0.115968 0.000010 0.695752 0.008417 0.018076 0.000010
0.162203 0.033339 0.000010 0.000010 0.000010 0.000010 0.000010 0.000010 0.000010 0.006686 0.210436 0.028674 0.558561 0.000010 0.000010 0.000010
0.000010 0.000010 0.000010 0.000010 0.712204 0.000010 0.266300 0.000010 0.000010 0.002213 0.000010 0.019163 0.000010 0.000010 0.000010 0.000010
0.000010 0.000010 0.000010 0.000010 0.912859 0.000010 0.000010 0.000010 0.000010 0.042182 0.032009 0.000010 0.000010 0.012829 0.000010 0.000010
0.307444 0.362737 0.000010 0.322679 0.000010 0.007020 0.000010 0.000010 0.000010 0.000010 0.000010 0.000010 0.000010 0.000010 0.000010 0.000010
0.000010 0.103556 0.000010 0.000010 0.284258 0.140384 0.236121 0.000010 0.000010 0.126202 0.000010 0.012871 0.000010 0.000010 0.096518 0.000010
0.173520 0.000010 0.000010 0.000010 0.000010 0.000010 0.000010 0.000010 0.000010 0.000010 0.379649 0.000010 0.446700 0.000010 0.000010 0.000010
0.055486 0.180280 0.000010 0.044215 0.052072 0.352043 0.000010 0.076859 0.000010 0.158065 0.027653 0.000010 0.000010 0.053255 0.000010 0.000010
0.126523 0.050723 0.000010 0.000010 0.000010 0.000010 0.000010 0.000010 0.035343 0.000010 0.000010 0.015262 0.772040 0.000010 0.000010 0.000010
0.092455 0.000010 0.013060 0.000010 0.000010 0.000010 0.071461 0.000010 0.052003 0.000010 0.304521 0.000012 0.449094 0.017315 0.000010 0.000010
0.066045 0.000010 0.002193 0.000010 0.194188 0.115108 0.000010 0.283038 0.000010 0.147040 0.000010 0.003246 0.000010 0.000010 0.058224 0.130849
0.000010 0.000010 0.000010 0.107375 0.828458 0.000010 0.000010 0.000010 0.064037 0.000010 0.000010 0.000010 0.000010 0.000010 0.000010 0.000010
0.000010 0.000010 0.000010 0.109856 0.000010 0.000010 0.000010 0.000010 0.000010 0.031199 0.210257 0.000010 0.611655 0.036924 0.000010 0.000010
0.000010 0.084350 0.000010 0.000010 0.706291 0.000010 0.180257 0.000010 0.028982 0.000010 0.000010 0.000010 0.000010 0.000010 0.000010 0.000010
0.000010 0.593571 0.000010 0.208096 0.031316 0.000010 0.123390 0.000010 0.000010 0.000010 0.000010 0.000010 0.043517 0.000010 0.000010 0.000010
0.000010 0.000010 0.000010 0.000010 0.000010 0.000010 0.000010 0.000010 0.000010 0.000010 0.651901 0.000010 0.347959 0.000010 0.000010 0.000010
0.153190 0.000010 0.000010 0.062310 0.000010 0.000010 0.000010 0.000010 0.048279 0.000010 0.162043 0.000010 0.565489 0.008589 0.000010 0.000010
0.000010 0.000010 0.000010 0.000010 0.000010 0.000010 0.000010 0.000010 0.000010 0.000010 0.000010 0.000010 0.999850 0.000010 0.000010 0.000010
0.043786 0.104953 0.000010 0.011973 0.000010 0.694254 0.000010 0.024929 0.094600 0.000010 0.002685 0.022740 0.000010 0.000010 0.000010 0.000010
0.000010 0.999850 0.000010 0.000010 0.000010 0.000010 0.000010 0.000010 0.000010 0.000010 0.000010 0.000010 0.000010 0.000010 0.000010 0.000010
0.000010 0.000010 0.376392 0.000010 0.009794 0.152462 0.236279 0.000010 0.148405 0.000010 0.000010 0.000010 0.000010 0.000010 0.000010 0.076568
0.000010 0.231248 0.019599 0.000010 0.237514 0.182889 0.026390 0.015736 0.000010 0.041782 0.092576 0.000010 0.035469 0.000010 0.000010 0.116738
0.000010 0.047846 0.044860 0.000010 0.000010 0.000010 0.000010 0.131409 0.000010 0.000010 0.597042 0.000010 0.178734 0.000010 0.000010 0.000010
0.000010 0.000010 0.000010 0.000010 0.000010 0.000010 0.000010 0.000010 0.116445 0.000010 0.403368 0.000010 0.480057 0.000010 0.000010 0.000010
0.006230 0.000010 0.000010 0.000010 0.000010 0.000010 0.000010 0.000010 0.112527 0.038179 0.679161 0.000010 0.079658 0.084145 0.000010 0.000010
0.000010 0.000010 0.000010 0.000010 0.025519 0.000010 0.000010 0.000010 0.112827 0.000010 0.473445 0.018022 0.370077 0.000010 0.000010 0.000010
0.013089 0.000010 0.000010 0.000010 0.602179 0.000010 0.000010 0.121781 0.262831 0.000010 0.000010 0.000010 0.000010 0.000010 0.000010 0.000010
0.000010 0.000010 0.000010 0.017060 0.000010 0.122882 0.024874 0.400930 0.000010 0.000010 0.000010 0.042729 0.000010 0.000010 0.017114 0.374321
0.083065 0.000010 0.000010 0.030168 0.000010 0.000010 0.526114 0.000010 0.000010 0.000208 0.000010 0.059036 0.000010 0.000010 0.301308 0.000010
0.000010 0.000010 0.004165 0.000010 0.000010 0.000010 0.000010 0.345294 0.145286 0.000010 0.000010 0.000010 0.000010 0.000010 0.276943 0.228202
0.000010 0.457519 0.262007 0.000010 0.000010 0.023593 0.000010 0.099410 0.000010 0.000010 0.007060 0.057711 0.080737 0.007921 0.000010 0.003973
0.000010 0.000010 0.000010 0.040749 0.000010 0.000010 0.000010 0.000010 0.010658 0.000010 0.194237 0.000010 0.754235 0.000010 0.000010 0.000010
0.000010 0.655713 0.301222 0.000010 0.000010 0.000010 0.000010 0.000010 0.000010 0.000010 0.000010 0.042935 0.000010 0.000010 0.000010 0.000010
0.000010 0.435285 0.267214 0.000010 0.108324 0.000010 0.098590 0.000010 0.034294 0.000010 0.025255 0.024580 0.006378 0.000010 0.000010 0.000010
0.000010 0.000010 0.006588 0.000010 0.000010 0.000010 0.000010 0.029085 0.023494 0.073958 0.620530 0.003946 0.220269 0.022050 0.000010 0.000010
0.000010 0.000010 0.000010 0.000010 0.000010 0.000010 0.000010 0.000010 0.053464 0.000010 0.806547 0.000010 0.139859 0.000010 0.000010 0.000010
0.000010 0.000010 0.000010 0.000010 0.000010 0.000010 0.033511 0.000010 0.000010 0.000010 0.103782 0.000010 0.862577 0.000010 0.000010 0.000010
0.000010 0.000010 0.000010 0.000010 0.000010 0.000010 0.140323 0.000010 0.000010 0.000010 0.591641 0.059953 0.207963 0.000010 0.000010 0.000010
0.000010 0.000010 0.000010 0.000010 0.000010 0.000010 0.142490 0.000010 0.000010 0.140902 0.000010 0.000010 0.000010 0.000010 0.190401 0.526087
0.000010 0.000010 0.000010 0.000010 0.101328 0.000010 0.000010 0.169863 0.000010 0.125216 0.000010 0.000010 0.000010 0.000010 0.284578 0.318905
0.000010 0.000010 0.000010 0.000010 0.004460 0.137429 0.285849 0.319947 0.000010 0.000010 0.007027 0.000010 0.000010 0.005587 0.056762 0.182859
0.098874 0.000010 0.000010 0.032025 0.000010 0.000010 0.000010 0.000010 0.000010 0.000010 0.725374 0.000010 0.143606 0.000010 0.000010 0.000010
0.000010 0.000010 0.000010 0.000010 0.000010 0.000010 0.507549 0.492311 0.000010 0.000010 0.000010 0.000010 0.000010 0.000010 0.000010 0.000010
0.000010 0.000010 0.000010 0.000010 0.000010 0.000010 0.000010 0.000010 0.000010 0.000010 0.000010 0.000010 0.000010 0.000010 0.000010 0.999850
0.000010 0.011527 0.000010 0.000010 0.196477 0.267968 0.000010 0.000010 0.000010 0.229974 0.000010 0.019901 0.000010 0.000010 0.274053 0.000010
0.000010 0.000010 0.000010 0.000010 0.000010 0.000010 0.000010 0.000010 0.000010 0.044575 0.694611 0.000010 0.260684 0.000010 0.000010 0.000010
0.000010 0.000010 0.000010 0.000010 0.000010 0.000010 0.000010 0.000010 0.000010 0.000010 0.198905 0.000010 0.800955 0.000010 0.000010 0.000010
0.010597 0.000010 0.000010 0.000010 0.000010 0.062551 0.000010 0.017496 0.011070 0.020079 0.759927 0.000010 0.118190 0.000010 0.000010 0.000010
0.174932 0.000010 0.000010 0.066395 0.000010 0.000010 0.000010 0.016119 0.000010 0.000010 0.454133 0.000010 0.282421 0.000010 0.005899 0.000010
0.162975 0.037715 0.000010 0.000010 0.000010 0.032376 0.000010 0.000010 0.019399 0.000010 0.468395 0.000010 0.279040 0.000010 0.000010 0.000010
0.000010 0.063383 0.000010 0.000010 0.000010 0.000010 0.000452 0.000010 0.000010 0.053247 0.541017 0.015320 0.311775 0.000010 0.014717 0.000010
0.086986 0.000010 0.000010 0.000010 0.000010 0.000010 0.000010 0.000010 0.000010 0.009959 0.555561 0.000010 0.347373 0.000010 0.000010 0.000010
0.049853 0.000010 0.000010 0.000010 0.000010 0.000016 0.094258 0.000010 0.000010 0.000018 0.595566 0.018788 0.227207 0.014213 0.000010 0.000010
0.000010 0.000010 0.283219 0.000010 0.166212 0.000010 0.000010 0.000010 0.088129 0.462320 0.000010 0.000010 0.000010 0.000010 0.000010 0.000010
0.000010 0.000010 0.000010 0.000010 0.000010 0.560008 0.000010 0.000010 0.000010 0.091072 0.000010 0.000010 0.000010 0.000010 0.348791 0.000010
0.000010 0.000010 0.000010 0.000010 0.000010 0.011000 0.000010 0.047788 0.000010 0.000010 0.849198 0.005681 0.086223 0.000010 0.000010 0.000010
0.000010 0.000010 0.000010 0.000010 0.000010 0.000010 0.000010 0.000010 0.046350 0.000010 0.790889 0.000010 0.069479 0.093161 0.000010 0.000010
0.000010 0.000010 0.000010 0.000010 0.000010 0.043493 0.236922 0.260744 0.000010 0.000010 0.000010 0.000010 0.123988 0.000010 0.063161 0.271592
0.000010 0.000010 0.000010 0.007477 0.000010 0.000010 0.142896 0.282917 0.174107 0.000010 0.000010 0.000010 0.000010 0.000010 0.241895 0.150608
0.000010 0.000010 0.000010 0.000010 0.000010 0.015547 0.206699 0.000010 0.000010 0.000010 0.000010 0.028745 0.000010 0.000010 0.519796 0.229103
0.723008 0.000010 0.000010 0.000010 0.128406 0.000010 0.000010 0.000010 0.000010 0.000010 0.000010 0.000010 0.148456 0.000010 0.000010 0.000010
0.000010 0.000010 0.000010 0.999850 0.000010 0.000010 0.000010 0.000010 0.000010 0.000010 0.000010 0.000010 0.000010 0.000010 0.000010 0.000010
0.000010 0.000010 0.000010 0.599501 0.000010 0.000010 0.000010 0.000010 0.000010 0.400359 0.000010 0.000010 0.000010 0.000010 0.000010 0.000010
0.000010 0.000010 0.000010 0.000010 0.000010 0.000010 0.000010 0.000010 0.000010 0.000010 0.279147 0.000010 0.645252 0.044156 0.000010 0.031324
0.000010 0.164881 0.002589 0.247495 0.000010 0.000010 0.000010 0.000010 0.000010 0.047191 0.000010 0.000010 0.157663 0.189712 0.017036 0.173353
0.000010 0.049428 0.000010 0.519683 0.000010 0.007234 0.000010 0.000010 0.000010 0.214243 0.000010 0.000010 0.000010 0.062713 0.146599 0.000010
0.166192 0.000010 0.000010 0.000010 0.000010 0.000010 0.000010 0.000010 0.000010 0.000010 0.000010 0.000010 0.833668 0.000010 0.000010 0.000010
0.000010 0.104368 0.000010 0.000010 0.000010 0.000010 0.000010 0.000010 0.729188 0.000010 0.000010 0.000010 0.116189 0.050135 0.000010 0.000010
0.000010 0.121022 0.015562 0.000010 0.234530 0.000010 0.143510 0.000010 0.117859 0.000010 0.000010 0.000010 0.000010 0.000010 0.291443 0.075985
0.000010 0.000010 0.000010 0.134675 0.000010 0.000010 0.000010 0.000010 0.865185 0.000010 0.000010 0.000010 0.000010 0.000010 0.000010 0.000010
0.000010 0.000010 0.000010 0.000010 0.000010 0.999850 0.000010 0.000010 0.000010 0.000010 0.000010 0.000010 0.000010 0.000010 0.000010 0.000010
0.000010 0.063476 0.000010 0.378800 0.325894 0.026861 0.000010 0.000010 0.000010 0.000010 0.000010 0.000010 0.000010 0.061247 0.119368 0.024264
0.000010 0.172343 0.207417 0.000010 0.000010 0.141438 0.036592 0.000010 0.094345 0.000010 0.235821 0.031931 0.000010 0.000010 0.000010 0.080034
0.000010 0.000010 0.000010 0.000010 0.999850 0.000010 0.000010 0.000010 0.000010 0.000010 0.000010 0.000010 0.000010 0.000010 0.000010 0.000010
0.000010 0.645918 0.000010 0.000010 0.076332 0.063879 0.213750 0.000010 0.000010 0.000010 0.000010 0.000010 0.000010 0.000010 0.000010 0.000010
0.163807 0.000010 0.000010 0.000010 0.000010 0.000010 0.000010 0.000010 0.000010 0.000010 0.000010 0.000010 0.781869 0.054193 0.000010 0.000010
0.000010 0.000010 0.000010 0.425134 0.159301 0.000010 0.000010 0.000010 0.000010 0.000010 0.000010 0.076547 0.000010 0.067377 0.000010 0.271532
0.000010 0.000010 0.000010 0.000010 0.000010 0.000010 0.000010 0.000010 0.999850 0.000010 0.000010 0.000010 0.000010 0.000010 0.000010 0.000010
0.000010 0.000010 0.000010 0.000010 0.000010 0.000010 0.000010 0.000010 0.854831 0.000010 0.000010 0.145029 0.000010 0.000010 0.000010 0.000010
0.407697 0.000010 0.522597 0.000010 0.024080 0.000010 0.000010 0.000010 0.000010 0.000010 0.000010 0.000010 0.045507 0.000010 0.000010 0.000010
0.000010 0.026963 0.000010 0.753636 0.000010 0.000010 0.000010 0.000010 0.000010 0.000010 0.051582 0.000010 0.000010 0.016722 0.150988 0.000010
0.000010 0.000010 0.048184 0.000010 0.589812 0.000010 0.000010 0.189712 0.001872 0.079246 0.000010 0.000010 0.087807 0.000010 0.000010 0.003277
0.000010 0.000010 0.084342 0.000010 0.524318 0.000010 0.150289 0.010530 0.059908 0.000010 0.047618 0.000010 0.012686 0.015358 0.094881 0.000010
0.000010 0.364781 0.000010 0.000010 0.000010 0.042272 0.000010 0.000010 0.000010 0.592817 0.000010 0.000010 0.000010 0.000010 0.000010 0.000010
0.010821 0.513159 0.000010 0.000010 0.000010 0.140111 0.076661 0.000010 0.000010 0.123896 0.000010 0.000010 0.000010 0.009207 0.000010 0.126056
0.000010 0.000010 0.000010 0.000010 0.000010 0.000010 0.000010 0.000010 0.000010 0.999850 0.000010 0.000010 0.000010 0.000010 0.000010 0.000010
0.000010 0.000010 0.000010 0.000010 0.000010 0.000010 0.000010 0.000010 0.000010 0.999850 0.000010 0.000010 0.000010 0.000010 0.000010 0.000010
0.000010 0.000010 0.000010 0.000010 0.000010 0.000010 0.000010 0.000010 0.000010 0.999850 0.000010 0.000010 0.000010 0.000010 0.000010 0.000010
0.000010 0.000010 0.000010 0.000010 0.999850 0.000010 0.000010 0.000010 0.000010 0.000010 0.000010 0.000010 0.000010 0.000010 0.000010 0.000010
0.000010 0.000010 0.017382 0.553399 0.000010 0.134958 0.000010 0.000010 0.000010 0.243767 0.000010 0.000010 0.000010 0.003787 0.000010 0.046606
0.000010 0.000010 0.000010 0.000010 0.000010 0.000010 0.000010 0.000010 0.999850 0.000010 0.000010 0.000010 0.000010 0.000010 0.000010 0.000010
0.043542 0.000010 0.000010 0.011496 0.462219 0.000010 0.171775 0.000010 0.122582 0.159709 0.000010 0.000010 0.000010 0.028586 0.000010 0.000010
0.000010 0.000010 0.000010 0.999850 0.000010 0.000010 0.000010 0.000010 0.000010 0.000010 0.000010 0.000010 0.000010 0.000010 0.000010 0.000010
0.066949 0.000010 0.000010 0.000010 0.602591 0.000010 0.001578 0.000010 0.129160 0.129795 0.000010 0.000010 0.000010 0.000010 0.000010 0.069827
0.000010 0.000010 0.000010 0.911179 0.000010 0.000010 0.000010 0.088681 0.000010 0.000010 0.000010 0.000010 0.000010 0.000010 0.000010 0.000010
0.000010 0.184049 0.130075 0.038705 0.000010 0.000010 0.013342 0.000010 0.169008 0.000010 0.464722 0.000010 0.000010 0.000010 0.000010 0.000010
