0.078495 0.000010 0.000010 0.509408 0.340604 0.057279 0.014194
0.000010 0.260986 0.029330 0.092575 0.000010 0.617079 0.000010
0.000010 0.941226 0.002772 0.055962 0.000010 0.000010 0.000010
0.014452 0.671552 0.198274 0.041035 0.044756 0.029921 0.000010
0.000010 0.605659 0.293890 0.067622 0.000010 0.032798 0.000010
0.000010 0.742801 0.217889 0.000010 0.000010 0.039270 0.000010
0.000010 0.779065 0.081085 0.136167 0.000010 0.003653 0.000010
0.043139 0.824942 0.000010 0.000010 0.000010 0.059586 0.072303
0.027670 0.000010 0.110829 0.182833 0.458071 0.055653 0.164933
0.017640 0.033633 0.000010 0.000010 0.000010 0.948687 0.000010
0.000010 0.000010 0.000010 0.000010 0.000010 0.000010 0.999940
0.000010 0.244372 0.000539 0.057568 0.000010 0.201561 0.495941
0.000010 0.000010 0.000010 0.093131 0.000010 0.009582 0.897247
0.000010 0.000010 0.032166 0.015245 0.000010 0.000010 0.952549
0.000010 0.000010 0.000010 0.041214 0.000010 0.034295 0.924451
0.000010 0.089333 0.000010 0.204708 0.000010 0.705920 0.000010
0.000010 0.825247 0.099291 0.075422 0.000010 0.000010 0.000010
0.000010 0.027616 0.005994 0.305134 0.059424 0.000010 0.601811
0.173953 0.379563 0.097735 0.120345 0.086852 0.000010 0.141543
0.326031 0.025624 0.129907 0.086414 0.329436 0.000010 0.102577
0.000010 0.826334 0.141456 0.000010 0.000010 0.000010 0.032169
0.000010 0.000010 0.000010 0.000010 0.000010 0.000010 0.999940
0.000010 0.000010 0.000010 0.000010 0.000010 0.000010 0.999940
0.000010 0.722653 0.091363 0.169697 0.000010 0.000010 0.016256
0.000010 0.000010 0.000010 0.000010 0.000010 0.000010 0.999940
0.005929 0.773287 0.075567 0.127998 0.000010 0.012253 0.004955
0.036284 0.836155 0.094093 0.000010 0.000010 0.033438 0.000010
0.000010 0.000010 0.999940 0.000010 0.000010 0.000010 0.000010
0.000010 0.860342 0.065844 0.000010 0.000010 0.045723 0.028060
0.000010 0.999940 0.000010 0.000010 0.000010 0.000010 0.000010
0.000010 0.657440 0.107193 0.221335 0.000010 0.014001 0.000010
0.000010 0.566975 0.179874 0.000010 0.000010 0.253110 0.000010
0.000010 0.131275 0.000010 0.000010 0.642421 0.199701 0.026572
0.003155 0.712818 0.112968 0.000010 0.000010 0.171030 0.000010
0.000010 0.999940 0.000010 0.000010 0.000010 0.000010 0.000010
0.326584 0.055672 0.000010 0.000010 0.448415 0.169299 0.000010
0.000010 0.069731 0.903296 0.026933 0.000010 0.000010 0.000010
0.000010 0.481928 0.093473 0.054792 0.000010 0.369777 0.000010
0.000010 0.261404 0.048698 0.111698 0.545607 0.009734 0.022848
0.000010 0.615092 0.234510 0.018682 0.069581 0.050596 0.011530
0.182920 0.000010 0.271585 0.000010 0.545455 0.000010 0.000010
0.000010 0.622240 0.161247 0.072835 0.000010 0.143649 0.000010
0.066626 0.000010 0.147483 0.000010 0.152262 0.578186 0.055422
0.000010 0.783105 0.000010 0.000010 0.000010 0.216845 0.000010
0.158417 0.123787 0.166085 0.000010 0.493899 0.057792 0.000010
0.000010 0.000010 0.000010 0.000010 0.000010 0.000010 0.999940
0.000010 0.000010 0.000010 0.000010 0.000010 0.000010 0.999940
0.000010 0.592893 0.234228 0.172839 0.000010 0.000010 0.000010
0.000010 0.000010 0.000010 0.000010 0.000010 0.000010 0.999940
0.000010 0.000010 0.000010 0.000010 0.185190 0.000010 0.814760
0.000010 0.000010 0.000010 0.000010 0.000010 0.000010 0.999940
0.000010 0.019307 0.000010 0.000010 0.145961 0.000010 0.834692
0.000010 0.000010 0.000010 0.000010 0.000010 0.000010 0.999940
0.000010 0.000010 0.153775 0.735069 0.000010 0.000010 0.111116
0.000010 0.005326 0.136647 0.000010 0.456295 0.000010 0.401702
0.000010 0.000010 0.000010 0.000010 0.000010 0.000010 0.999940
0.000010 0.000010 0.000010 0.052098 0.000010 0.000010 0.947852
0.331397 0.023921 0.000010 0.000010 0.172379 0.381485 0.090799
0.000010 0.716924 0.283026 0.000010 0.000010 0.000010 0.000010
0.428259 0.000010 0.000010 0.000010 0.099899 0.336670 0.135141
0.000010 0.000010 0.000010 0.000010 0.000010 0.000010 0.999940
0.000010 0.000010 0.050042 0.000010 0.328605 0.000010 0.621312
0.000010 0.000010 0.048896 0.118627 0.314544 0.000010 0.517902
0.000010 0.000010 0.225102 0.025512 0.000010 0.749346 0.000010
0.000010 0.000010 0.056491 0.000010 0.000010 0.000010 0.943459
0.000010 0.000010 0.235304 0.066031 0.000010 0.698625 0.000010
0.044045 0.012373 0.000010 0.115990 0.586311 0.030524 0.210747
0.000010 0.000010 0.000010 0.000010 0.819169 0.000010 0.180781
0.026838 0.076880 0.000010 0.020858 0.414922 0.000010 0.460482
0.033468 0.042624 0.165834 0.000010 0.138124 0.553304 0.066637
0.029633 0.442247 0.061182 0.000010 0.000010 0.466909 0.000010
0.000010 0.000010 0.270601 0.000461 0.339177 0.380623 0.009118
0.000010 0.065616 0.030024 0.206672 0.326963 0.331121 0.039593
0.000010 0.098169 0.051382 0.226056 0.435628 0.188744 0.000010
0.216917 0.000010 0.227439 0.000010 0.410412 0.000010 0.145202
0.000010 0.900566 0.080816 0.000010 0.015292 0.003297 0.000010
0.000010 0.617850 0.355348 0.000010 0.026362 0.000010 0.000411
0.000010 0.000010 0.393286 0.065055 0.000010 0.541619 0.000010
0.000010 0.000010 0.337198 0.000010 0.000010 0.615606 0.047156
0.075538 0.050839 0.000010 0.000010 0.689709 0.000010 0.183884
0.000010 0.256750 0.409287 0.259684 0.046451 0.000010 0.027808
0.042939 0.000010 0.078796 0.077810 0.479869 0.074367 0.246210
0.000010 0.355020 0.000010 0.000010 0.030608 0.614331 0.000010
0.074513 0.000010 0.000010 0.109811 0.654828 0.000010 0.160818
0.102282 0.000010 0.006849 0.215099 0.456084 0.040189 0.179487
0.000010 0.324538 0.387212 0.119723 0.168497 0.000010 0.000010
0.049446 0.000010 0.000010 0.000010 0.882767 0.067747 0.000010
0.058840 0.063739 0.000010 0.056968 0.512447 0.064410 0.243588
0.044674 0.000010 0.000010 0.116777 0.668891 0.000010 0.169629
0.000010 0.000010 0.024510 0.072246 0.848654 0.054561 0.000010
0.000010 0.050608 0.174635 0.188229 0.489074 0.097434 0.000010
0.000010 0.000010 0.012850 0.271117 0.661264 0.054740 0.000010
0.507921 0.000010 0.000010 0.492029 0.000010 0.000010 0.000010
0.000010 0.000010 0.301901 0.000010 0.078771 0.619288 0.000010
0.000771 0.389799 0.190471 0.296129 0.122810 0.000010 0.000010
0.000010 0.115459 0.144731 0.000010 0.296948 0.442832 0.000010
0.000010 0.227871 0.066143 0.051703 0.051782 0.602481 0.000010
0.243433 0.107347 0.241120 0.332593 0.065693 0.009804 0.000010
0.135354 0.000010 0.012810 0.101223 0.489544 0.048889 0.212170
0.000010 0.774618 0.029390 0.000010 0.000010 0.175303 0.020659
0.000010 0.670613 0.329337 0.000010 0.000010 0.000010 0.000010
0.075198 0.780255 0.041804 0.076213 0.021642 0.000010 0.004878
0.000010 0.772637 0.165243 0.060383 0.000010 0.000010 0.001707
0.037409 0.831116 0.064100 0.000010 0.000010 0.067345 0.000010
0.000010 0.691044 0.308906 0.000010 0.000010 0.000010 0.000010
0.037075 0.851567 0.089885 0.021443 0.000010 0.000010 0.000010
0.005920 0.000010 0.149989 0.049149 0.017329 0.777592 0.000010
0.000010 0.000010 0.000010 0.000010 0.000010 0.000010 0.999940
0.019407 0.010067 0.260114 0.050765 0.558537 0.075838 0.025273
0.571596 0.108302 0.000010 0.000010 0.164610 0.063912 0.091560
0.000010 0.000010 0.000010 0.000010 0.000010 0.000010 0.999940
0.000010 0.000010 0.000010 0.000010 0.093013 0.000010 0.906937
0.000010 0.000010 0.000010 0.000010 0.000010 0.000010 0.999940
0.000010 0.035607 0.138126 0.034921 0.541372 0.000010 0.249955
0.090264 0.104443 0.000010 0.000010 0.303344 0.014664 0.487265
0.082416 0.000010 0.369069 0.000010 0.000010 0.443516 0.104969
0.641838 0.000010 0.000010 0.358112 0.000010 0.000010 0.000010
0.054955 0.000010 0.225912 0.000010 0.000010 0.719092 0.000010
0.000010 0.000010 0.000010 0.000010 0.000010 0.000010 0.999940
0.614824 0.000010 0.000010 0.347496 0.000010 0.037640 0.000010
0.040258 0.801126 0.052338 0.003710 0.022210 0.080348 0.000010
0.495796 0.000010 0.000010 0.424261 0.079903 0.000010 0.000010
0.000010 0.000010 0.051833 0.058717 0.889410 0.000010 0.000010
0.513495 0.097267 0.064610 0.000010 0.301920 0.022689 0.000010
0.000010 0.000010 0.185306 0.063196 0.751457 0.000010 0.000010
0.089919 0.000010 0.104086 0.000010 0.064233 0.620030 0.121711
0.000010 0.014232 0.606317 0.000010 0.113413 0.248178 0.017839
0.000010 0.255335 0.140945 0.017809 0.164392 0.413230 0.008280
0.000010 0.072172 0.452867 0.000010 0.000010 0.474920 0.000010
0.100537 0.217981 0.100380 0.000010 0.305081 0.078477 0.197534
0.000010 0.000010 0.393134 0.000010 0.000010 0.606816 0.000010
0.023963 0.292732 0.138235 0.000010 0.040305 0.471465 0.033291
0.000010 0.000010 0.130332 0.043369 0.055007 0.765307 0.005965
0.368549 0.234004 0.163801 0.133127 0.000010 0.100500 0.000010
0.000010 0.079742 0.588670 0.176124 0.037071 0.118373 0.000010
0.134043 0.000010 0.181036 0.005600 0.583572 0.000010 0.095729
0.036591 0.000010 0.189633 0.038759 0.281875 0.445010 0.008123
0.163556 0.000010 0.001668 0.164715 0.566117 0.000010 0.103925
0.000010 0.000010 0.072199 0.000010 0.879728 0.038306 0.009737
0.000010 0.201156 0.176458 0.142669 0.394401 0.055250 0.030056
0.000010 0.646267 0.101501 0.147579 0.000010 0.104624 0.000010
0.000010 0.923923 0.076027 0.000010 0.000010 0.000010 0.000010
0.322839 0.018874 0.000010 0.029021 0.500532 0.037451 0.091273
0.923639 0.000010 0.000010 0.076311 0.000010 0.000010 0.000010
0.304593 0.069793 0.000010 0.000010 0.540194 0.022418 0.062982
0.052954 0.000010 0.216794 0.037342 0.689878 0.000010 0.003012
0.532132 0.000010 0.108323 0.000010 0.260223 0.099292 0.000010
0.017896 0.090758 0.007563 0.661469 0.000010 0.198916 0.023388
0.847105 0.032400 0.000010 0.065116 0.000010 0.055350 0.000010
0.055607 0.029486 0.000010 0.497934 0.000010 0.411468 0.005485
0.270377 0.049339 0.057346 0.334536 0.182636 0.105756 0.000010
0.881177 0.000010 0.000010 0.000010 0.000010 0.118773 0.000010
0.016050 0.612315 0.229460 0.135800 0.000010 0.000010 0.006356
0.000010 0.116957 0.196458 0.140201 0.000010 0.546354 0.000010
0.000010 0.020167 0.303275 0.042469 0.144985 0.437875 0.051219
0.000010 0.746634 0.138747 0.059059 0.000010 0.055530 0.000010
0.000010 0.000010 0.348482 0.000010 0.303785 0.257652 0.090051
0.080913 0.571023 0.125179 0.187782 0.000010 0.035083 0.000010
0.000010 0.696671 0.103930 0.089553 0.000010 0.109817 0.000010
0.000010 0.000010 0.000010 0.000010 0.000010 0.999940 0.000010
0.999940 0.000010 0.000010 0.000010 0.000010 0.000010 0.000010
0.000010 0.000010 0.000010 0.000010 0.393511 0.606439 0.000010
0.992942 0.000010 0.000010 0.000010 0.000010 0.000010 0.007008
0.999940 0.000010 0.000010 0.000010 0.000010 0.000010 0.000010
0.998184 0.000010 0.000010 0.000010 0.000010 0.000010 0.001766
0.046703 0.185130 0.061413 0.000010 0.394242 0.254569 0.057934
0.000010 0.670635 0.167616 0.043765 0.000010 0.083352 0.034610
0.000010 0.716906 0.123363 0.142271 0.017430 0.000010 0.000010
0.057282 0.819621 0.000010 0.000010 0.000010 0.123057 0.000010
0.006140 0.100440 0.067069 0.000010 0.475536 0.142923 0.207883
0.194261 0.205909 0.054507 0.000010 0.449647 0.003399 0.092268
0.207680 0.000010 0.000010 0.122155 0.600032 0.000010 0.070104
0.262376 0.051313 0.000010 0.000010 0.561069 0.000010 0.125211
0.058201 0.000010 0.031408 0.173410 0.736952 0.000010 0.000010
0.044045 0.000010 0.000010 0.275531 0.562124 0.000010 0.118270
0.000010 0.305305 0.121185 0.053968 0.182336 0.288646 0.048549
0.004311 0.750635 0.087438 0.104463 0.000010 0.053133 0.000010
0.000010 0.000010 0.037392 0.000010 0.830485 0.088460 0.043633
0.250865 0.000010 0.000010 0.153728 0.016268 0.560340 0.018779
0.000010 0.195940 0.123674 0.000010 0.497842 0.106742 0.075782
0.059704 0.000010 0.032087 0.161873 0.688674 0.000010 0.057643
0.000010 0.164299 0.000010 0.083403 0.000010 0.752257 0.000010
0.000010 0.701014 0.257328 0.001268 0.000010 0.040360 0.000010
0.000010 0.775984 0.130985 0.092992 0.000010 0.000010 0.000010
0.025832 0.656035 0.031716 0.000010 0.028109 0.258288 0.000010
0.000010 0.346492 0.104821 0.352683 0.000010 0.127985 0.068000
0.000010 0.899169 0.000010 0.037684 0.000010 0.000010 0.063108
0.000010 0.748631 0.086985 0.164344 0.000010 0.000010 0.000010
0.000010 0.039980 0.039828 0.000010 0.457745 0.000010 0.462417
0.000010 0.056385 0.596909 0.036340 0.000010 0.310336 0.000010
0.000010 0.667127 0.000010 0.332823 0.000010 0.000010 0.000010
0.027586 0.047706 0.047335 0.221770 0.240698 0.000010 0.414894
0.000010 0.285405 0.121504 0.471734 0.030831 0.090505 0.000010
0.057998 0.074670 0.000010 0.000010 0.616539 0.000010 0.250764
0.007954 0.186570 0.008522 0.000010 0.573157 0.000010 0.223777
0.083346 0.000010 0.095840 0.013307 0.649435 0.000010 0.158052
0.000010 0.000010 0.854095 0.000010 0.000010 0.145855 0.000010
0.000010 0.000010 0.047438 0.061645 0.644716 0.048084 0.198098
0.057855 0.000010 0.000010 0.007632 0.835428 0.000010 0.099056
0.977563 0.000010 0.000010 0.022387 0.000010 0.000010 0.000010
0.000010 0.066274 0.037449 0.000010 0.000010 0.896237 0.000010
0.000010 0.067574 0.389573 0.000010 0.066083 0.442477 0.034274
0.202833 0.021893 0.000010 0.000010 0.623982 0.042503 0.108769
0.036497 0.408017 0.027382 0.000010 0.000010 0.528074 0.000010
0.043988 0.067756 0.000010 0.000010 0.653033 0.061551 0.173652
0.538830 0.138933 0.025761 0.266793 0.000010 0.000010 0.029664
0.000010 0.452418 0.207464 0.000010 0.000010 0.340078 0.000010
0.000010 0.230567 0.283216 0.000010 0.000010 0.446515 0.039671
0.000010 0.097501 0.387896 0.000010 0.011820 0.490806 0.011956
0.000010 0.436324 0.110509 0.207343 0.012264 0.233539 0.000010
0.162297 0.000010 0.000010 0.102587 0.000010 0.681503 0.053582
0.041948 0.056302 0.000010 0.000010 0.396492 0.475427 0.029811
0.233552 0.000010 0.034356 0.125707 0.576903 0.000010 0.029462
0.026882 0.817026 0.056508 0.099553 0.000010 0.000010 0.000010
0.000010 0.000010 0.515063 0.000010 0.040808 0.444089 0.000010
0.000010 0.000010 0.301080 0.160609 0.000010 0.538272 0.000010
0.000010 0.000010 0.310642 0.000010 0.023824 0.605609 0.059895
0.000010 0.142125 0.195756 0.000010 0.662079 0.000010 0.000010
0.000010 0.024484 0.000010 0.644531 0.299892 0.031063 0.000010
0.051839 0.000010 0.287998 0.000010 0.660123 0.000010 0.000010
0.000010 0.111667 0.000010 0.709233 0.000010 0.108573 0.070497
0.000010 0.000010 0.000010 0.941770 0.000010 0.000010 0.058180
0.000010 0.000010 0.055103 0.944847 0.000010 0.000010 0.000010
0.000010 0.000010 0.095460 0.199209 0.326815 0.372619 0.005877
0.051034 0.000010 0.043194 0.853882 0.051860 0.000010 0.000010
0.009681 0.000010 0.659799 0.000010 0.000010 0.330480 0.000010
0.000010 0.372920 0.021029 0.027234 0.000010 0.578787 0.000010
0.000010 0.150058 0.433041 0.000010 0.049907 0.349960 0.017014
0.000010 0.000010 0.405381 0.019594 0.363701 0.211294 0.000010
0.000010 0.000010 0.000010 0.192371 0.807579 0.000010 0.000010
0.716698 0.000010 0.000010 0.000010 0.261603 0.000010 0.021659
0.000010 0.000010 0.000010 0.345594 0.580579 0.000010 0.073787
0.665425 0.000010 0.000010 0.000010 0.334525 0.000010 0.000010
0.000010 0.319636 0.000016 0.105561 0.071434 0.503332 0.000010
0.149361 0.000010 0.024507 0.004207 0.532348 0.000010 0.289558
0.000010 0.250278 0.073597 0.100108 0.031632 0.544366 0.000010
0.040781 0.033115 0.000010 0.000010 0.000010 0.926064 0.000010
0.000122 0.017743 0.000010 0.034995 0.000010 0.947110 0.000010
0.000010 0.404570 0.139707 0.204912 0.000010 0.250782 0.000010
0.000010 0.074735 0.729885 0.000010 0.000010 0.195339 0.000010
0.803892 0.000010 0.000010 0.000010 0.065868 0.113508 0.016702
0.891203 0.047325 0.000010 0.000010 0.000010 0.000010 0.061432
0.000010 0.307979 0.190089 0.000010 0.300424 0.106452 0.095035
0.972141 0.000010 0.022439 0.000010 0.000010 0.000010 0.005379
0.859739 0.000010 0.002779 0.073831 0.024176 0.000010 0.039455
0.553036 0.177016 0.000010 0.124883 0.086543 0.042532 0.015979
0.062706 0.146461 0.000010 0.104730 0.533064 0.000010 0.153019
0.834402 0.037083 0.000010 0.000010 0.047850 0.080635 0.000010
0.817663 0.007928 0.030897 0.000010 0.007897 0.093180 0.042426
0.848194 0.035709 0.000010 0.000010 0.072815 0.003407 0.039854
0.999940 0.000010 0.000010 0.000010 0.000010 0.000010 0.000010
0.000010 0.000010 0.111892 0.021957 0.866110 0.000010 0.000010
0.000010 0.239244 0.012630 0.000010 0.000010 0.748086 0.000010
0.014499 0.077581 0.000010 0.000010 0.000010 0.907880 0.000010
0.000010 0.000010 0.160628 0.106324 0.618930 0.000010 0.114088
0.121276 0.000010 0.050968 0.000010 0.456091 0.371636 0.000010
0.000010 0.338172 0.214740 0.036677 0.137104 0.273288 0.000010
0.901060 0.025968 0.029312 0.015678 0.000010 0.027961 0.000010
0.855893 0.000010 0.000010 0.144057 0.000010 0.000010 0.000010
0.000010 0.125100 0.367426 0.000010 0.289598 0.215151 0.002705
0.460787 0.092761 0.171004 0.154638 0.000010 0.120790 0.000010
0.853314 0.000010 0.000010 0.000010 0.096904 0.026125 0.023627
0.923212 0.000010 0.076738 0.000010 0.000010 0.000010 0.000010
0.843538 0.000010 0.000010 0.156412 0.000010 0.000010 0.000010
0.729480 0.045867 0.000010 0.140679 0.027643 0.000010 0.056310
0.050598 0.400415 0.222630 0.000010 0.010158 0.309758 0.006431
0.000010 0.000010 0.000010 0.232318 0.000010 0.767632 0.000010
0.792536 0.000010 0.023818 0.000010 0.056697 0.126919 0.000010
0.000010 0.300607 0.000010 0.068588 0.067224 0.563551 0.000010
0.072187 0.000010 0.042343 0.764079 0.019104 0.000010 0.102266
0.148103 0.000010 0.000010 0.000010 0.553735 0.298122 0.000010
0.615718 0.000010 0.000010 0.000010 0.384232 0.000010 0.000010
0.033545 0.000010 0.000010 0.903163 0.018876 0.000010 0.044386
0.000010 0.017591 0.104325 0.114979 0.763075 0.000010 0.000010
0.074813 0.016836 0.170656 0.454890 0.000010 0.282784 0.000010
0.857100 0.000010 0.000010 0.000010 0.021220 0.094702 0.026947
0.815730 0.000010 0.000010 0.000010 0.014185 0.162266 0.007790
0.999940 0.000010 0.000010 0.000010 0.000010 0.000010 0.000010
0.897307 0.000010 0.000010 0.066164 0.000010 0.000010 0.036488
0.017771 0.052940 0.409337 0.028755 0.277900 0.213288 0.000010
0.000010 0.236463 0.155467 0.194003 0.292672 0.096379 0.025006
0.000010 0.269934 0.354343 0.197972 0.008461 0.169270 0.000010
0.068913 0.145745 0.194635 0.353326 0.000010 0.225427 0.011944
0.000010 0.432014 0.142927 0.323593 0.000010 0.101435 0.000010
0.000010 0.000010 0.000010 0.999940 0.000010 0.000010 0.000010
0.066820 0.240234 0.133295 0.008620 0.261940 0.289081 0.000010
0.000010 0.000010 0.240366 0.413396 0.261899 0.084309 0.000010
0.000010 0.000010 0.000010 0.999940 0.000010 0.000010 0.000010
0.000010 0.000010 0.000010 0.075498 0.924452 0.000010 0.000010
0.000010 0.040791 0.023652 0.000010 0.058192 0.877335 0.000010
0.671525 0.166220 0.000010 0.036672 0.125554 0.000010 0.000010
0.818024 0.000010 0.000010 0.181926 0.000010 0.000010 0.000010
0.701443 0.036750 0.066610 0.119106 0.035362 0.000010 0.040719
0.000010 0.338597 0.000010 0.473359 0.000010 0.188005 0.000010
0.884384 0.000010 0.000010 0.066056 0.049520 0.000010 0.000010
0.849457 0.000010 0.000010 0.072306 0.000010 0.076181 0.002026
0.000010 0.156934 0.000010 0.277972 0.000010 0.565054 0.000010
0.000010 0.765031 0.144698 0.000010 0.010245 0.079996 0.000010
0.000010 0.557253 0.136954 0.000010 0.000010 0.241093 0.064670
0.000010 0.744299 0.120986 0.134674 0.000010 0.000010 0.000010
0.056826 0.128693 0.053673 0.000010 0.589032 0.000010 0.171756
0.390757 0.000010 0.088339 0.400631 0.069010 0.051244 0.000010
0.962927 0.000010 0.000010 0.000010 0.000010 0.037023 0.000010
0.000010 0.042478 0.000010 0.000010 0.812896 0.000010 0.144586
0.000010 0.185216 0.000010 0.000010 0.596824 0.109188 0.108741
0.806434 0.000010 0.000010 0.102888 0.035750 0.000010 0.054898
0.766547 0.081438 0.013346 0.000010 0.088073 0.050577 0.000010
0.856667 0.000010 0.000010 0.012526 0.000010 0.130767 0.000010
0.932222 0.000010 0.000010 0.000010 0.000010 0.055684 0.012054
0.715080 0.113964 0.000010 0.002263 0.097059 0.041386 0.030238
0.788843 0.012969 0.053432 0.129976 0.014759 0.000010 0.000010
0.000010 0.611529 0.238188 0.000010 0.000010 0.150243 0.000010
0.778271 0.000010 0.002807 0.000010 0.000010 0.218882 0.000010
0.000010 0.653385 0.192244 0.000010 0.000010 0.154331 0.000010
0.357908 0.442390 0.000010 0.196817 0.000010 0.000010 0.002856
0.000010 0.831169 0.121831 0.046960 0.000010 0.000010 0.000010
0.822269 0.055998 0.014636 0.000010 0.025376 0.081701 0.000010
0.000010 0.996820 0.000010 0.003130 0.000010 0.000010 0.000010
0.028392 0.545393 0.307508 0.051653 0.000010 0.022600 0.044444
0.048862 0.000010 0.000010 0.143897 0.000010 0.807201 0.000010
0.116732 0.025066 0.000010 0.607056 0.000010 0.251116 0.000010
0.000010 0.255072 0.521681 0.000010 0.000010 0.223207 0.000010
0.769320 0.000010 0.000010 0.079655 0.034802 0.066096 0.050107
0.999940 0.000010 0.000010 0.000010 0.000010 0.000010 0.000010
0.903414 0.000010 0.000010 0.049043 0.008249 0.039264 0.000010
0.932998 0.014723 0.000010 0.052240 0.000010 0.000010 0.000010
0.660531 0.000010 0.081756 0.026937 0.014740 0.202502 0.013523
0.784588 0.000010 0.039001 0.000010 0.106244 0.070137 0.000010
0.999940 0.000010 0.000010 0.000010 0.000010 0.000010 0.000010
0.808866 0.096905 0.053658 0.000010 0.000010 0.040540 0.000010
0.764449 0.000010 0.094180 0.061695 0.059650 0.020006 0.000010
0.740125 0.061674 0.000010 0.000010 0.141264 0.056907 0.000010
0.902980 0.023219 0.000010 0.000010 0.016373 0.057397 0.000010
0.692611 0.000010 0.048483 0.035513 0.128721 0.094652 0.000010
0.642378 0.000010 0.000010 0.357572 0.000010 0.000010 0.000010
0.759221 0.074001 0.026962 0.000010 0.000010 0.107518 0.032278
0.016701 0.000010 0.119102 0.208357 0.176179 0.425455 0.054195
0.000010 0.306434 0.145516 0.082390 0.000010 0.426440 0.039200
0.000010 0.118958 0.880992 0.000010 0.000010 0.000010 0.000010
0.672842 0.000010 0.000010 0.000010 0.327108 0.000010 0.000010
0.760690 0.079689 0.050454 0.065132 0.000010 0.023882 0.020143
0.816786 0.045975 0.052414 0.040260 0.000010 0.000010 0.044546
0.041131 0.777891 0.083644 0.070989 0.000010 0.000010 0.026325
0.000010 0.689511 0.119189 0.079901 0.034529 0.076850 0.000010
0.000010 0.739083 0.260867 0.000010 0.000010 0.000010 0.000010
0.616260 0.001348 0.000010 0.000010 0.185584 0.192486 0.004302
0.000010 0.316291 0.149459 0.185767 0.000010 0.348453 0.000010
0.000010 0.011187 0.069902 0.000010 0.000010 0.918871 0.000010
0.047915 0.000010 0.278665 0.000010 0.000010 0.673379 0.000010
0.947142 0.000010 0.000010 0.000010 0.000010 0.000010 0.052808
0.046112 0.120691 0.160647 0.000010 0.189306 0.320929 0.162305
0.925666 0.000010 0.000010 0.074284 0.000010 0.000010 0.000010
0.000010 0.112702 0.305210 0.000010 0.130603 0.436334 0.015131
0.808451 0.000010 0.000010 0.129310 0.062199 0.000010 0.000010
0.999940 0.000010 0.000010 0.000010 0.000010 0.000010 0.000010
0.044649 0.510529 0.000010 0.110130 0.083750 0.250922 0.000010
0.000010 0.000010 0.000010 0.844192 0.043964 0.000010 0.111804
0.000010 0.458250 0.196550 0.112983 0.114097 0.118101 0.000010
0.000010 0.664972 0.000010 0.241880 0.093108 0.000010 0.000010
0.000010 0.999940 0.000010 0.000010 0.000010 0.000010 0.000010
0.000010 0.000010 0.000010 0.999940 0.000010 0.000010 0.000010
0.000010 0.000010 0.000010 0.185598 0.000010 0.814352 0.000010
0.000010 0.000010 0.930316 0.008691 0.060953 0.000010 0.000010
0.071074 0.000010 0.050501 0.143786 0.570847 0.150032 0.013750
0.089768 0.002929 0.116190 0.003790 0.026714 0.012793 0.747816
0.000010 0.131990 0.120382 0.000010 0.124955 0.622642 0.000010
0.154695 0.072772 0.052261 0.080020 0.310911 0.284494 0.044847
0.023865 0.030706 0.022993 0.210634 0.202001 0.509426 0.000376
0.233476 0.164312 0.154401 0.098829 0.277318 0.002615 0.069049
0.000010 0.177359 0.000010 0.059635 0.000010 0.739441 0.023535
0.000010 0.000010 0.089292 0.034093 0.736510 0.140074 0.000010
0.992738 0.000010 0.000010 0.000010 0.007212 0.000010 0.000010
0.000010 0.000010 0.937583 0.000010 0.062367 0.000010 0.000010
0.036265 0.000010 0.141977 0.000010 0.064154 0.648018 0.109565
0.000010 0.000010 0.000010 0.650571 0.000010 0.349379 0.000010
0.000010 0.000010 0.052339 0.020380 0.000010 0.927241 0.000010
0.013188 0.000010 0.113312 0.041103 0.832367 0.000010 0.000010
0.029484 0.000010 0.000010 0.497971 0.061317 0.389117 0.022090
0.318467 0.000010 0.000010 0.000010 0.544190 0.084376 0.052937
0.042916 0.000010 0.140201 0.000010 0.172835 0.622876 0.021152
0.568428 0.000010 0.000010 0.431522 0.000010 0.000010 0.000010
0.667644 0.000010 0.000010 0.332306 0.000010 0.000010 0.000010
0.115697 0.069809 0.000010 0.222969 0.000010 0.587781 0.003725
0.372293 0.000010 0.000010 0.090122 0.504461 0.033094 0.000010
0.093006 0.272698 0.021706 0.004801 0.031660 0.559867 0.016262
0.046675 0.271390 0.000010 0.073999 0.020580 0.526047 0.061300
0.055479 0.000010 0.000010 0.000010 0.764968 0.155301 0.024223
0.000010 0.070722 0.339026 0.155723 0.364791 0.069718 0.000010
0.000010 0.000010 0.290865 0.000010 0.381936 0.274466 0.052703
0.000010 0.053677 0.246349 0.000010 0.528759 0.149897 0.021298
0.000010 0.000010 0.558643 0.000010 0.000010 0.441307 0.000010
0.000010 0.119222 0.231746 0.142533 0.506469 0.000010 0.000010
0.000010 0.000010 0.460148 0.000010 0.000010 0.539802 0.000010
0.000010 0.000010 0.354708 0.000010 0.000010 0.645242 0.000010
0.000010 0.000010 0.351041 0.000010 0.000010 0.625756 0.023163
0.000010 0.138416 0.000010 0.000010 0.010148 0.851396 0.000010
0.164344 0.173937 0.000010 0.368735 0.000010 0.286374 0.006589
0.042655 0.000010 0.336474 0.000010 0.004296 0.616546 0.000010
0.094933 0.000010 0.000010 0.000010 0.839208 0.040357 0.025472
0.000010 0.000010 0.000010 0.648774 0.000010 0.351176 0.000010
0.044717 0.242662 0.132095 0.000010 0.000010 0.580496 0.000010
0.000010 0.000010 0.058104 0.121363 0.075407 0.684901 0.060205
0.000010 0.000010 0.999940 0.000010 0.000010 0.000010 0.000010
0.062326 0.267887 0.000010 0.181235 0.000010 0.488522 0.000010
0.107727 0.155780 0.049450 0.185175 0.000010 0.501848 0.000010
0.165497 0.000010 0.066573 0.117152 0.076222 0.506506 0.068040
0.000010 0.000010 0.000010 0.370054 0.000010 0.629896 0.000010
0.090093 0.000010 0.000010 0.089007 0.031326 0.744434 0.045120
0.081739 0.192903 0.013229 0.475787 0.023011 0.213322 0.000010
0.346971 0.194587 0.000010 0.124663 0.260241 0.073518 0.000010
0.025365 0.000010 0.000010 0.118213 0.000010 0.856382 0.000010
0.000010 0.000010 0.000010 0.996371 0.003579 0.000010 0.000010
0.000010 0.360989 0.000010 0.092805 0.000010 0.498965 0.047211
0.000010 0.000010 0.377042 0.107445 0.319484 0.195999 0.000010
0.012166 0.256196 0.083827 0.021721 0.000010 0.626070 0.000010
0.000010 0.254894 0.000010 0.076517 0.133955 0.534604 0.000010
0.000010 0.130042 0.209165 0.311207 0.000010 0.349556 0.000010
0.460723 0.286085 0.000010 0.132384 0.020988 0.099799 0.000010
0.421681 0.109111 0.055017 0.343988 0.022781 0.047411 0.000010
0.582257 0.129103 0.000010 0.155922 0.132688 0.000010 0.000010
0.000010 0.208690 0.552667 0.018596 0.000010 0.168745 0.051281
0.000010 0.042746 0.503447 0.000010 0.106530 0.346443 0.000814
0.000010 0.000010 0.000010 0.125134 0.000010 0.874816 0.000010
0.000010 0.165417 0.111162 0.357686 0.204426 0.084935 0.076365
0.016358 0.305080 0.082201 0.066123 0.092967 0.437262 0.000010
0.552145 0.015494 0.080355 0.351976 0.000010 0.000010 0.000010
0.523483 0.034687 0.023744 0.238634 0.118461 0.060982 0.000010
0.800174 0.103478 0.002096 0.000010 0.050473 0.000010 0.043759
0.874676 0.005525 0.019384 0.000010 0.000010 0.082128 0.018268
0.000010 0.000010 0.363023 0.000010 0.234998 0.295163 0.106786
0.812430 0.062785 0.027487 0.000010 0.078045 0.000010 0.019233
0.495373 0.020971 0.032884 0.053005 0.096010 0.232135 0.069622
0.000010 0.000010 0.548528 0.101465 0.000010 0.349968 0.000010
0.572054 0.000010 0.051623 0.223180 0.137532 0.000010 0.015591
0.000010 0.000010 0.051499 0.285079 0.000010 0.663382 0.000010
0.597369 0.083383 0.001664 0.066424 0.222539 0.028611 0.000010
0.117741 0.028182 0.072013 0.000010 0.343346 0.367604 0.071105
0.000010 0.197743 0.163433 0.000010 0.000010 0.638784 0.000010
0.868429 0.000010 0.000010 0.027555 0.103975 0.000010 0.000010
0.000010 0.000010 0.061686 0.301328 0.479930 0.157026 0.000010
0.647960 0.102965 0.059560 0.079730 0.057471 0.046215 0.006099
0.000010 0.082327 0.095100 0.000010 0.190763 0.631780 0.000010
0.000010 0.077313 0.151227 0.000010 0.101104 0.658310 0.012025
0.033197 0.197681 0.230840 0.237234 0.000010 0.301028 0.000010
0.084622 0.739571 0.018835 0.156942 0.000010 0.000010 0.000010
0.000010 0.353239 0.318651 0.000010 0.000010 0.328070 0.000010
0.003918 0.112983 0.323923 0.274452 0.104128 0.104728 0.075868
0.071276 0.280276 0.118898 0.014202 0.090811 0.424526 0.000010
0.000010 0.788163 0.128904 0.000010 0.024273 0.058630 0.000010
0.000010 0.202040 0.139646 0.000010 0.045113 0.613171 0.000010
0.059523 0.535097 0.289855 0.115495 0.000010 0.000010 0.000010
0.067121 0.298574 0.092877 0.155156 0.000010 0.386251 0.000010
0.051364 0.247228 0.182610 0.000010 0.048955 0.469822 0.000010
0.474667 0.173854 0.024280 0.235635 0.091545 0.000010 0.000010
0.000010 0.698743 0.301207 0.000010 0.000010 0.000010 0.000010
0.000010 0.832230 0.131778 0.000010 0.000010 0.035952 0.000010
0.012861 0.487909 0.285750 0.154994 0.000010 0.058466 0.000010
0.551732 0.108728 0.000010 0.052406 0.273633 0.004801 0.008690
0.548739 0.133622 0.062322 0.155368 0.061032 0.038907 0.000010
0.000010 0.000010 0.000010 0.000010 0.848474 0.151476 0.000010
