0.000017 0.000010 0.310611 0.000010 0.494092 0.000010 0.000010 0.000010 0.047283 0.000010 0.009277 0.000010 0.000010 0.054119 0.000010 0.084511
0.000010 0.654191 0.000010 0.008443 0.000010 0.252164 0.000010 0.000010 0.085083 0.000010 0.000010 0.000010 0.000010 0.000010 0.000010 0.000010
0.000010 0.033003 0.000010 0.000010 0.006226 0.111206 0.000010 0.000010 0.000010 0.000010 0.000010 0.849445 0.000010 0.000010 0.000010 0.000010
0.000010 0.000010 0.000010 0.000010 0.000010 0.999850 0.000010 0.000010 0.000010 0.000010 0.000010 0.000010 0.000010 0.000010 0.000010 0.000010
0.000010 0.000010 0.000010 0.134586 0.000010 0.865274 0.000010 0.000010 0.000010 0.000010 0.000010 0.000010 0.000010 0.000010 0.000010 0.000010
0.000010 0.048048 0.000010 0.105279 0.000010 0.500754 0.000010 0.000010 0.000010 0.000010 0.000010 0.254125 0.000010 0.000010 0.091685 0.000010
0.000010 0.000010 0.000010 0.022404 0.110725 0.322660 0.000010 0.000010 0.000010 0.000010 0.023765 0.520336 0.000010 0.000010 0.000010 0.000010
0.004050 0.005112 0.000010 0.000010 0.000010 0.276934 0.040048 0.057994 0.018444 0.000010 0.000010 0.543796 0.000010 0.000010 0.053544 0.000010
0.000756 0.047276 0.406309 0.091039 0.066783 0.000010 0.000010 0.033528 0.043232 0.088849 0.000010 0.000010 0.000010 0.000010 0.055869 0.166298
0.000010 0.801189 0.000010 0.000010 0.000010 0.000010 0.000010 0.000010 0.153555 0.000010 0.045125 0.000010 0.000010 0.000010 0.000010 0.000010
0.000010 0.000010 0.000010 0.000010 0.000010 0.000010 0.000010 0.999850 0.000010 0.000010 0.000010 0.000010 0.000010 0.000010 0.000010 0.000010
0.000010 0.014459 0.081259 0.000010 0.005940 0.067047 0.000010 0.290112 0.219804 0.113786 0.000010 0.158812 0.000010 0.000010 0.048711 0.000010
0.000010 0.000010 0.000010 0.000010 0.000010 0.000010 0.000010 0.000010 0.000010 0.999850 0.000010 0.000010 0.000010 0.000010 0.000010 0.000010
0.000010 0.000010 0.000010 0.000010 0.000010 0.000010 0.000010 0.000010 0.000010 0.999850 0.000010 0.000010 0.000010 0.000010 0.000010 0.000010
0.000010 0.000010 0.000010 0.000010 0.000010 0.000010 0.000010 0.000010 0.000010 0.999850 0.000010 0.000010 0.000010 0.000010 0.000010 0.000010
0.000010 0.675258 0.000010 0.000010 0.099400 0.000010 0.000010 0.000010 0.125530 0.000010 0.000010 0.085327 0.000010 0.000010 0.014374 0.000010
0.000010 0.000010 0.000010 0.000010 0.000010 0.718083 0.000010 0.000010 0.000010 0.000010 0.000010 0.198125 0.000010 0.000010 0.083662 0.000010
0.000010 0.000010 0.437782 0.000010 0.000010 0.000010 0.000010 0.000010 0.000010 0.456353 0.000010 0.105736 0.000010 0.000010 0.000010 0.000010
0.045887 0.000010 0.233833 0.000010 0.000010 0.108080 0.088026 0.000010 0.000010 0.173089 0.000010 0.350984 0.000010 0.000010 0.000010 0.000010
0.054124 0.000010 0.123209 0.141100 0.000010 0.000010 0.191808 0.000010 0.000010 0.108753 0.007978 0.000010 0.098865 0.000010 0.219568 0.054526
0.000010 0.000010 0.000010 0.084866 0.000010 0.289225 0.000010 0.032387 0.000010 0.004178 0.000010 0.586929 0.000010 0.002315 0.000010 0.000010
0.000010 0.000010 0.000010 0.000010 0.000010 0.000010 0.000010 0.999850 0.000010 0.000010 0.000010 0.000010 0.000010 0.000010 0.000010 0.000010
0.000010 0.000010 0.000010 0.000010 0.000010 0.000010 0.000010 0.999850 0.000010 0.000010 0.000010 0.000010 0.000010 0.000010 0.000010 0.000010
0.000010 0.000010 0.000010 0.020224 0.142783 0.198513 0.000010 0.021955 0.000010 0.000010 0.000010 0.568102 0.000010 0.000010 0.000010 0.048322
0.000010 0.000010 0.000010 0.000010 0.000010 0.000010 0.000010 0.999850 0.000010 0.000010 0.000010 0.000010 0.000010 0.000010 0.000010 0.000010
0.000010 0.003922 0.000010 0.000010 0.123135 0.544080 0.000010 0.012503 0.000010 0.000010 0.008661 0.280247 0.000010 0.027361 0.000010 0.000010
0.000010 0.000010 0.000010 0.057325 0.000010 0.000010 0.000010 0.000010 0.013068 0.000010 0.000010 0.893707 0.027364 0.000010 0.008426 0.000010
0.000010 0.000010 0.000010 0.999850 0.000010 0.000010 0.000010 0.000010 0.000010 0.000010 0.000010 0.000010 0.000010 0.000010 0.000010 0.000010
0.000010 0.000010 0.000010 0.023715 0.000010 0.000010 0.000010 0.045441 0.030527 0.000010 0.000010 0.900198 0.000010 0.000010 0.000010 0.000010
0.000010 0.000010 0.000010 0.000010 0.000010 0.000010 0.000010 0.000010 0.000010 0.000010 0.000010 0.999850 0.000010 0.000010 0.000010 0.000010
0.000010 0.067360 0.000010 0.080268 0.181653 0.278272 0.005899 0.000010 0.000010 0.000010 0.000010 0.385376 0.000010 0.000010 0.000010 0.001081
0.000010 0.252731 0.000010 0.147449 0.000010 0.244091 0.000010 0.000010 0.000010 0.000010 0.000010 0.355610 0.000010 0.000010 0.000010 0.000010
0.020284 0.033457 0.064748 0.000010 0.000010 0.088905 0.000010 0.000010 0.109012 0.000010 0.000010 0.081660 0.000010 0.022325 0.000010 0.579528
0.000010 0.076592 0.000010 0.060005 0.000010 0.187280 0.020122 0.002527 0.095782 0.000010 0.000010 0.545422 0.000010 0.000010 0.000010 0.012190
0.000010 0.000010 0.000010 0.000010 0.000010 0.000010 0.000010 0.000010 0.000010 0.000010 0.000010 0.999850 0.000010 0.000010 0.000010 0.000010
0.064606 0.086424 0.167382 0.000010 0.079076 0.000010 0.000010 0.000010 0.006849 0.000010 0.000010 0.025514 0.000010 0.444829 0.000010 0.125240
0.000010 0.000010 0.000010 0.901451 0.000010 0.000010 0.000010 0.000010 0.000010 0.000010 0.000010 0.098409 0.000010 0.000010 0.000010 0.000010
0.000010 0.251377 0.000010 0.016677 0.000010 0.271212 0.000010 0.000010 0.172499 0.013759 0.000010 0.270985 0.000010 0.000010 0.003402 0.000010
0.000010 0.000010 0.000010 0.000010 0.106772 0.080580 0.000010 0.024930 0.014959 0.000010 0.000010 0.196167 0.050516 0.000010 0.000010 0.525987
0.044692 0.068356 0.025522 0.167119 0.000010 0.458465 0.000010 0.001953 0.000010 0.000010 0.000010 0.233804 0.000010 0.000010 0.000010 0.000010
0.010656 0.000010 0.000010 0.192202 0.000010 0.000010 0.158217 0.000010 0.000010 0.000010 0.000010 0.000010 0.199202 0.000010 0.000010 0.439612
0.000010 0.121710 0.000010 0.097709 0.029413 0.332336 0.016801 0.000010 0.023236 0.002232 0.000010 0.365736 0.000010 0.010757 0.000010 0.000010
0.000010 0.000010 0.000010 0.000010 0.000010 0.260551 0.107863 0.000010 0.455811 0.048440 0.000010 0.000010 0.000010 0.000010 0.031201 0.096034
0.000010 0.109401 0.000010 0.000010 0.000010 0.212649 0.000010 0.000010 0.071826 0.000010 0.000010 0.606004 0.000010 0.000010 0.000010 0.000010
0.027846 0.000010 0.001110 0.067173 0.000010 0.098129 0.074154 0.023255 0.106610 0.000010 0.000010 0.018568 0.000010 0.130921 0.000010 0.452172
0.000010 0.000010 0.000010 0.000010 0.000010 0.000010 0.000010 0.000010 0.000010 0.999850 0.000010 0.000010 0.000010 0.000010 0.000010 0.000010
0.000010 0.000010 0.000010 0.000010 0.000010 0.000010 0.000010 0.209749 0.000010 0.790111 0.000010 0.000010 0.000010 0.000010 0.000010 0.000010
0.000010 0.055454 0.000010 0.244343 0.018594 0.000010 0.000010 0.000010 0.000010 0.000010 0.000010 0.596517 0.019250 0.000010 0.065742 0.000010
0.046574 0.000010 0.000010 0.000010 0.000010 0.000010 0.000010 0.849309 0.000010 0.103988 0.000010 0.000010 0.000010 0.000010 0.000010 0.000010
0.000010 0.000010 0.097574 0.000010 0.000010 0.000010 0.000010 0.819229 0.000010 0.000010 0.000010 0.000010 0.000010 0.000010 0.000010 0.083067
0.000010 0.000010 0.000010 0.000010 0.000010 0.000010 0.000010 0.999850 0.000010 0.000010 0.000010 0.000010 0.000010 0.000010 0.000010 0.000010
0.029089 0.000010 0.000010 0.000010 0.000010 0.000010 0.000010 0.795530 0.000010 0.052679 0.000010 0.013045 0.016278 0.000010 0.000010 0.093280
0.000010 0.000010 0.000010 0.000010 0.000010 0.000010 0.000010 0.999850 0.000010 0.000010 0.000010 0.000010 0.000010 0.000010 0.000010 0.000010
0.000010 0.000010 0.132830 0.088118 0.724541 0.000010 0.000010 0.043672 0.010728 0.000010 0.000010 0.000010 0.000010 0.000010 0.000010 0.000010
0.000010 0.000010 0.545175 0.098162 0.000010 0.021449 0.000010 0.256381 0.000010 0.078723 0.000010 0.000010 0.000010 0.000010 0.000010 0.000010
0.000010 0.000010 0.000010 0.000010 0.000010 0.000010 0.000010 0.000010 0.000010 0.999850 0.000010 0.000010 0.000010 0.000010 0.000010 0.000010
0.000010 0.000010 0.000010 0.000010 0.000010 0.000010 0.000010 0.000010 0.000010 0.999850 0.000010 0.000010 0.000010 0.000010 0.000010 0.000010
0.026047 0.185426 0.061648 0.000010 0.000010 0.000010 0.000010 0.000010 0.053736 0.000010 0.000010 0.012035 0.000010 0.571049 0.089970 0.000010
0.000010 0.000010 0.000010 0.200973 0.000010 0.470461 0.000010 0.000010 0.044222 0.000010 0.000010 0.263326 0.000010 0.000010 0.020907 0.000010
0.000010 0.209307 0.000010 0.000010 0.000010 0.000010 0.000010 0.000010 0.000010 0.000010 0.000010 0.000010 0.000010 0.790553 0.000010 0.000010
0.000010 0.000010 0.000010 0.000010 0.000010 0.000010 0.000010 0.856726 0.000010 0.143134 0.000010 0.000010 0.000010 0.000010 0.000010 0.000010
0.000010 0.000010 0.298888 0.051341 0.000010 0.000010 0.000010 0.131289 0.000010 0.479327 0.000010 0.000010 0.000010 0.000010 0.000010 0.039045
0.075030 0.006985 0.394673 0.052227 0.000010 0.000010 0.000010 0.112600 0.000010 0.318798 0.000010 0.000010 0.039597 0.000010 0.000010 0.000010
0.000010 0.000010 0.000010 0.000010 0.000010 0.000010 0.000010 0.000010 0.999850 0.000010 0.000010 0.000010 0.000010 0.000010 0.000010 0.000010
0.000010 0.000010 0.023547 0.033197 0.000010 0.000010 0.000010 0.780309 0.000010 0.144744 0.000010 0.000010 0.000010 0.000010 0.000010 0.018094
0.000010 0.000010 0.000010 0.000010 0.000010 0.000010 0.000010 0.000010 0.945624 0.000010 0.000010 0.054236 0.000010 0.000010 0.000010 0.000010
0.000010 0.000010 0.999850 0.000010 0.000010 0.000010 0.000010 0.000010 0.000010 0.000010 0.000010 0.000010 0.000010 0.000010 0.000010 0.000010
0.000010 0.000010 0.131905 0.000010 0.000010 0.000010 0.000010 0.000010 0.000010 0.246222 0.000010 0.000010 0.000010 0.000010 0.000010 0.621743
0.002852 0.000010 0.526068 0.000010 0.000010 0.000010 0.008174 0.155650 0.000010 0.261407 0.000010 0.014137 0.000010 0.000010 0.000010 0.031622
0.000010 0.154495 0.000010 0.040925 0.000010 0.041178 0.003155 0.043391 0.422183 0.024303 0.000010 0.025559 0.074471 0.000010 0.110643 0.059647
0.042516 0.393535 0.000010 0.020786 0.000010 0.125513 0.000010 0.000010 0.144466 0.000010 0.001075 0.272020 0.000010 0.000010 0.000010 0.000010
0.000010 0.000010 0.000010 0.131299 0.000010 0.135322 0.000010 0.023503 0.367834 0.000010 0.000010 0.000010 0.004717 0.000010 0.000010 0.337226
0.000010 0.063861 0.167967 0.000010 0.222763 0.077178 0.000010 0.002957 0.199937 0.000010 0.000010 0.003807 0.000010 0.082708 0.000010 0.178751
0.000010 0.058855 0.050631 0.000010 0.245992 0.131746 0.000010 0.000010 0.132837 0.000010 0.000010 0.001035 0.000010 0.000010 0.000010 0.378815
0.000010 0.000010 0.000010 0.174667 0.000010 0.000010 0.000010 0.047844 0.000010 0.000010 0.000010 0.000010 0.000010 0.653867 0.000010 0.123502
0.004730 0.000010 0.000010 0.010688 0.000010 0.253769 0.000010 0.000010 0.027009 0.000010 0.000010 0.648700 0.000010 0.000010 0.000010 0.055004
0.000011 0.000010 0.000010 0.272779 0.000010 0.399844 0.000010 0.011955 0.000010 0.000010 0.000010 0.283294 0.021221 0.000010 0.010805 0.000010
0.000010 0.000010 0.000011 0.236340 0.000010 0.000010 0.000010 0.000010 0.715664 0.000010 0.000010 0.000010 0.000010 0.000010 0.047865 0.000010
0.000010 0.000010 0.000010 0.127114 0.000010 0.000010 0.000010 0.033138 0.754431 0.000010 0.000010 0.085197 0.000010 0.000010 0.000010 0.000010
0.035322 0.000010 0.844101 0.000010 0.000010 0.000010 0.000010 0.054977 0.000010 0.000010 0.000010 0.000010 0.065479 0.000010 0.000010 0.000010
0.032126 0.000010 0.000010 0.443385 0.191835 0.000010 0.000010 0.010661 0.000010 0.029877 0.000010 0.292016 0.000010 0.000010 0.000010 0.000010
0.001742 0.000010 0.583919 0.021328 0.011139 0.000010 0.000010 0.054583 0.153950 0.106850 0.000010 0.000010 0.000010 0.000010 0.000010 0.066409
0.007937 0.451857 0.000010 0.000010 0.000010 0.253574 0.000010 0.000010 0.223818 0.000010 0.000010 0.000010 0.026035 0.000010 0.036679 0.000010
0.000010 0.000010 0.958587 0.000010 0.000010 0.000010 0.000010 0.000010 0.000010 0.000010 0.000010 0.000010 0.000010 0.041273 0.000010 0.000010
0.000010 0.000010 0.537579 0.004284 0.186915 0.000010 0.000010 0.029041 0.010490 0.064085 0.000010 0.000010 0.002798 0.147221 0.000010 0.017516
0.000010 0.066635 0.000010 0.402559 0.009381 0.044872 0.000010 0.000010 0.000010 0.000010 0.000010 0.228970 0.000010 0.000010 0.085001 0.162492
0.081658 0.000010 0.000010 0.000010 0.000010 0.000010 0.043608 0.000010 0.000010 0.000010 0.000010 0.000010 0.000010 0.000010 0.000010 0.874604
0.009078 0.032645 0.539378 0.019990 0.017522 0.000010 0.018765 0.082009 0.000010 0.067620 0.000010 0.036299 0.000010 0.070133 0.003094 0.103426
0.042024 0.000010 0.813567 0.000010 0.000010 0.000010 0.000010 0.032377 0.000010 0.000010 0.000010 0.000010 0.024349 0.087573 0.000010 0.000010
0.000010 0.014764 0.000010 0.000010 0.000010 0.000010 0.000010 0.000010 0.000010 0.000010 0.000010 0.000010 0.000010 0.000010 0.000010 0.985096
0.013121 0.006898 0.000010 0.118009 0.119213 0.000010 0.000010 0.000010 0.162488 0.000986 0.000010 0.024468 0.099172 0.000010 0.000010 0.455575
0.031933 0.000010 0.000010 0.000010 0.255522 0.000010 0.000010 0.000010 0.000010 0.000010 0.000010 0.000010 0.000010 0.000010 0.000010 0.712415
0.017364 0.000010 0.000010 0.000010 0.361250 0.000010 0.000010 0.000010 0.000010 0.000010 0.554187 0.000010 0.000010 0.003156 0.063933 0.000010
0.074998 0.000010 0.000010 0.099628 0.000010 0.063555 0.000010 0.037510 0.688445 0.000010 0.000010 0.000010 0.000010 0.000010 0.000010 0.035764
0.000010 0.020725 0.006723 0.160606 0.210204 0.051604 0.000010 0.000010 0.000010 0.009292 0.000010 0.321319 0.127731 0.000010 0.041857 0.049880
0.032207 0.121698 0.000010 0.000010 0.000010 0.208743 0.000010 0.000010 0.259159 0.000010 0.000010 0.000010 0.000010 0.000010 0.062769 0.315324
0.000010 0.530963 0.000010 0.020185 0.000010 0.121950 0.000010 0.000010 0.104517 0.017767 0.000010 0.135023 0.000010 0.000010 0.000010 0.069505
0.000010 0.122178 0.000010 0.241100 0.163249 0.000010 0.074399 0.000010 0.000010 0.000010 0.067835 0.040375 0.105423 0.000010 0.167983 0.017388
0.000010 0.000010 0.450536 0.000010 0.064992 0.087084 0.000010 0.101273 0.000010 0.031163 0.047891 0.000010 0.000010 0.091097 0.000010 0.125883
0.057417 0.150764 0.000010 0.017840 0.000010 0.050163 0.000010 0.012874 0.000010 0.000010 0.000010 0.710841 0.000010 0.000010 0.000010 0.000010
0.000010 0.000010 0.000010 0.238863 0.000010 0.654477 0.000010 0.000010 0.000010 0.000010 0.000010 0.088109 0.000010 0.000010 0.000010 0.018432
0.040661 0.010228 0.000010 0.051750 0.000010 0.000010 0.024427 0.000010 0.000010 0.000010 0.000010 0.753725 0.119109 0.000010 0.000010 0.000010
0.022916 0.000010 0.000010 0.150844 0.027856 0.197971 0.000010 0.000010 0.000010 0.000010 0.000010 0.600303 0.000010 0.000010 0.000010 0.000010
0.000010 0.000010 0.055463 0.018886 0.000010 0.118751 0.052267 0.000010 0.004862 0.000010 0.000010 0.749672 0.000010 0.000010 0.000010 0.000010
0.000010 0.000010 0.000010 0.245789 0.000010 0.464474 0.000010 0.000010 0.000010 0.000010 0.000010 0.289607 0.000010 0.000010 0.000010 0.000010
0.000010 0.125084 0.000010 0.113310 0.007375 0.091977 0.038316 0.000010 0.000010 0.000010 0.000010 0.623837 0.000010 0.000010 0.000010 0.000010
0.000010 0.000010 0.000010 0.000010 0.017516 0.000010 0.000010 0.000010 0.868531 0.000010 0.000010 0.072715 0.000010 0.000010 0.000010 0.041118
0.000010 0.000010 0.000010 0.000010 0.000010 0.000010 0.000010 0.000010 0.000010 0.999850 0.000010 0.000010 0.000010 0.000010 0.000010 0.000010
0.000010 0.000010 0.000010 0.223454 0.000010 0.000010 0.000010 0.000010 0.066789 0.018298 0.000010 0.000010 0.135652 0.076603 0.064769 0.414345
0.000010 0.000010 0.000010 0.000010 0.000010 0.000010 0.000010 0.000010 0.000010 0.000010 0.000010 0.000010 0.000010 0.999850 0.000010 0.000010
0.000010 0.000010 0.000010 0.000010 0.000010 0.000010 0.000010 0.951355 0.000010 0.048505 0.000010 0.000010 0.000010 0.000010 0.000010 0.000010
0.000010 0.000010 0.000010 0.000010 0.000010 0.000010 0.000010 0.999850 0.000010 0.000010 0.000010 0.000010 0.000010 0.000010 0.000010 0.000010
0.000010 0.000010 0.000010 0.000010 0.000010 0.000010 0.000010 0.906579 0.000010 0.093281 0.000010 0.000010 0.000010 0.000010 0.000010 0.000010
0.000010 0.000010 0.313090 0.146764 0.000010 0.000010 0.000010 0.090591 0.000010 0.115744 0.000010 0.026935 0.211672 0.000010 0.000010 0.095114
0.105601 0.000010 0.423808 0.000010 0.000010 0.049337 0.000010 0.054744 0.000010 0.366400 0.000010 0.000010 0.000010 0.000010 0.000010 0.000010
0.000010 0.000010 0.000010 0.171727 0.000010 0.000010 0.024463 0.094809 0.685343 0.023549 0.000010 0.000010 0.000010 0.000010 0.000010 0.000010
0.010183 0.000010 0.000010 0.000010 0.272564 0.000010 0.000010 0.000010 0.000010 0.000010 0.669362 0.000010 0.034838 0.012943 0.000010 0.000010
0.000010 0.000010 0.000010 0.001142 0.000010 0.000010 0.000010 0.000010 0.925831 0.000010 0.047601 0.000010 0.000010 0.000010 0.025306 0.000010
0.000010 0.000010 0.000010 0.000010 0.000010 0.000010 0.000010 0.999850 0.000010 0.000010 0.000010 0.000010 0.000010 0.000010 0.000010 0.000010
0.000010 0.000010 0.000010 0.000010 0.194675 0.000010 0.000010 0.000010 0.000010 0.000010 0.668129 0.000010 0.000010 0.000010 0.137066 0.000010
0.000010 0.096863 0.000010 0.000010 0.000010 0.391206 0.000010 0.000010 0.000010 0.000010 0.007174 0.314829 0.000010 0.000010 0.189817 0.000010
0.000010 0.020528 0.009775 0.000010 0.269821 0.000010 0.353015 0.000010 0.000010 0.000010 0.000010 0.000010 0.082559 0.000010 0.264202 0.000010
0.000010 0.000010 0.071780 0.050772 0.000010 0.000010 0.000010 0.000010 0.000010 0.003495 0.000010 0.000010 0.163947 0.000010 0.000010 0.709897
0.020864 0.000010 0.000010 0.000010 0.000010 0.178060 0.457172 0.000010 0.000010 0.000010 0.000010 0.000010 0.066038 0.134407 0.000010 0.143359
0.000010 0.000010 0.000010 0.192403 0.000522 0.056688 0.000010 0.000010 0.000010 0.000010 0.014338 0.000010 0.007978 0.000010 0.000010 0.727971
0.000010 0.000010 0.000010 0.000010 0.000010 0.000010 0.000010 0.100161 0.740189 0.000010 0.069498 0.000010 0.000010 0.039432 0.000010 0.050610
0.000010 0.000010 0.016379 0.488813 0.000010 0.067781 0.000010 0.045017 0.293207 0.000010 0.000010 0.000010 0.031293 0.000010 0.000010 0.057420
0.009106 0.211971 0.140695 0.078612 0.023910 0.207653 0.000010 0.017302 0.203127 0.000010 0.000010 0.083305 0.000012 0.001389 0.000010 0.022877
0.000010 0.000010 0.000010 0.239793 0.000010 0.000010 0.000010 0.000010 0.661778 0.000010 0.000010 0.085059 0.000010 0.000010 0.013250 0.000010
0.000010 0.029220 0.433219 0.065617 0.000010 0.112322 0.072300 0.104673 0.048186 0.012448 0.000010 0.121944 0.000010 0.000010 0.000010 0.000010
0.000010 0.125216 0.000010 0.236335 0.000010 0.000010 0.000010 0.000010 0.638319 0.000010 0.000010 0.000010 0.000010 0.000010 0.000010 0.000010
0.000010 0.489080 0.031345 0.062535 0.000010 0.356859 0.000010 0.033045 0.000010 0.000010 0.027037 0.000010 0.000010 0.000010 0.000010 0.000010
0.000010 0.066789 0.000010 0.000010 0.100013 0.000010 0.000010 0.005291 0.773127 0.000010 0.000010 0.000010 0.000010 0.000010 0.000010 0.054671
0.000010 0.320099 0.005012 0.143727 0.000010 0.160112 0.370939 0.000010 0.000010 0.000010 0.000010 0.000010 0.000010 0.000010 0.000010 0.000010
0.034511 0.000010 0.000010 0.500491 0.000010 0.000010 0.000010 0.000010 0.165368 0.000010 0.000010 0.190077 0.042981 0.000010 0.022721 0.043761
0.000010 0.000010 0.000010 0.145877 0.000010 0.000010 0.000010 0.006103 0.000010 0.031883 0.000010 0.000010 0.012647 0.373264 0.000010 0.430125
0.000010 0.000010 0.000010 0.000010 0.043803 0.057560 0.000010 0.000010 0.566831 0.000010 0.000010 0.000010 0.075434 0.032356 0.000010 0.223916
0.000010 0.000010 0.697964 0.000010 0.048535 0.000010 0.041724 0.000010 0.033101 0.000010 0.010880 0.000010 0.000010 0.058406 0.063720 0.045589
0.000010 0.000010 0.000010 0.000010 0.000010 0.000010 0.000010 0.000010 0.034812 0.044432 0.000010 0.000010 0.000010 0.000010 0.000010 0.920626
0.024765 0.092154 0.000010 0.193931 0.058660 0.000010 0.000010 0.000010 0.000010 0.005166 0.000010 0.142940 0.000010 0.045131 0.051526 0.385656
0.000010 0.000920 0.000010 0.000010 0.083114 0.327786 0.000010 0.000010 0.106943 0.000010 0.000010 0.449358 0.031780 0.000010 0.000010 0.000010
0.000010 0.000010 0.000010 0.000010 0.000010 0.391371 0.000010 0.000010 0.000010 0.000010 0.000010 0.608489 0.000010 0.000010 0.000010 0.000010
0.000010 0.000010 0.458938 0.000010 0.000010 0.000010 0.000010 0.000010 0.000010 0.000010 0.000010 0.000010 0.020831 0.520101 0.000010 0.000010
0.000010 0.000010 0.000010 0.000010 0.020073 0.000010 0.113221 0.000010 0.000010 0.000010 0.866576 0.000010 0.000010 0.000010 0.000010 0.000010
0.038040 0.000010 0.561090 0.000010 0.000010 0.000010 0.000010 0.000010 0.000010 0.000010 0.000010 0.000010 0.000010 0.400740 0.000010 0.000010
0.039846 0.000010 0.020518 0.191442 0.000010 0.000010 0.000010 0.024824 0.000010 0.000010 0.000010 0.000010 0.082888 0.055156 0.070930 0.514316
0.005429 0.000010 0.000010 0.037085 0.000010 0.161620 0.454554 0.000010 0.000010 0.000010 0.000010 0.000010 0.145524 0.195688 0.000010 0.000010
0.137333 0.367260 0.000010 0.000010 0.495277 0.000010 0.000010 0.000010 0.000010 0.000010 0.000010 0.000010 0.000010 0.000010 0.000010 0.000010
0.000010 0.005416 0.037313 0.000010 0.000010 0.000010 0.117446 0.000010 0.003295 0.000010 0.735436 0.070961 0.000010 0.000010 0.030043 0.000010
0.000010 0.514285 0.000010 0.000010 0.353582 0.007568 0.000010 0.000010 0.000010 0.000010 0.000010 0.000010 0.062464 0.061990 0.000010 0.000010
0.000010 0.090860 0.000010 0.000010 0.208366 0.157363 0.041434 0.000010 0.014447 0.000010 0.218239 0.000010 0.194519 0.000010 0.000010 0.074693
0.000010 0.001203 0.000010 0.000010 0.000010 0.000010 0.090024 0.000010 0.092432 0.000010 0.816221 0.000010 0.000010 0.000010 0.000010 0.000010
0.011883 0.000010 0.000010 0.220779 0.023960 0.000010 0.000010 0.000010 0.000010 0.000534 0.000010 0.693169 0.013500 0.000010 0.036086 0.000010
0.000010 0.340646 0.000010 0.107862 0.089422 0.189940 0.000010 0.000010 0.244400 0.027631 0.000010 0.000010 0.000010 0.000010 0.000010 0.000010
0.020534 0.000010 0.206676 0.152525 0.047643 0.089582 0.000010 0.000010 0.479485 0.003465 0.000010 0.000010 0.000010 0.000010 0.000010 0.000010
0.000010 0.000010 0.000010 0.063093 0.045809 0.191471 0.000010 0.000010 0.112741 0.000010 0.000010 0.578238 0.008548 0.000010 0.000010 0.000010
0.000010 0.000010 0.020295 0.254052 0.000010 0.062305 0.000010 0.063184 0.260245 0.009395 0.000010 0.000010 0.000010 0.000010 0.000010 0.330434
0.000010 0.102413 0.000010 0.074868 0.179640 0.245760 0.000010 0.000010 0.000010 0.000010 0.054212 0.302878 0.040139 0.000010 0.000010 0.000010
0.019263 0.001241 0.000010 0.041816 0.065189 0.166553 0.000010 0.000010 0.094448 0.000010 0.000010 0.611400 0.000010 0.000010 0.000010 0.000010
0.000010 0.999850 0.000010 0.000010 0.000010 0.000010 0.000010 0.000010 0.000010 0.000010 0.000010 0.000010 0.000010 0.000010 0.000010 0.000010
0.000010 0.000010 0.000010 0.000010 0.000010 0.000010 0.000010 0.000010 0.000010 0.000010 0.999850 0.000010 0.000010 0.000010 0.000010 0.000010
0.022909 0.196409 0.000010 0.000010 0.000010 0.054064 0.000010 0.000010 0.339100 0.000010 0.051055 0.000010 0.031899 0.000010 0.000010 0.304473
0.000010 0.000010 0.000010 0.000010 0.000010 0.000010 0.327600 0.000010 0.000010 0.000010 0.672260 0.000010 0.000010 0.000010 0.000010 0.000010
0.000010 0.000010 0.000010 0.000010 0.000010 0.000010 0.133380 0.000010 0.000010 0.000010 0.866480 0.000010 0.000010 0.000010 0.000010 0.000010
0.000010 0.000010 0.000010 0.000010 0.000010 0.000010 0.150831 0.000010 0.000010 0.000010 0.849029 0.000010 0.000010 0.000010 0.000010 0.000010
0.000010 0.125658 0.000010 0.000010 0.000010 0.147780 0.077764 0.042603 0.111362 0.000010 0.000010 0.055976 0.000010 0.000010 0.000010 0.438767
0.000010 0.000010 0.000010 0.084372 0.041855 0.145592 0.000010 0.055894 0.131417 0.000010 0.000010 0.535556 0.000010 0.000010 0.000010 0.005224
0.035460 0.085528 0.011644 0.104254 0.046316 0.157076 0.000010 0.000010 0.000010 0.000010 0.000010 0.482755 0.000010 0.000010 0.076887 0.000010
0.005353 0.000010 0.000010 0.000010 0.000010 0.149036 0.000010 0.000010 0.074534 0.000010 0.000010 0.695670 0.000010 0.075297 0.000010 0.000010
0.000010 0.053855 0.000010 0.174685 0.000010 0.000010 0.000010 0.106412 0.000010 0.046917 0.000010 0.090382 0.000010 0.170452 0.000010 0.357207
0.000010 0.000010 0.000010 0.000010 0.000010 0.198060 0.011610 0.041204 0.025035 0.000010 0.000010 0.000010 0.614924 0.000010 0.109067 0.000010
0.000010 0.000010 0.000010 0.000010 0.000010 0.000010 0.000010 0.000010 0.000010 0.000010 0.000010 0.000010 0.999850 0.000010 0.000010 0.000010
0.000010 0.000010 0.000010 0.000010 0.000010 0.000010 0.000010 0.000010 0.000010 0.000010 0.000010 0.000010 0.999850 0.000010 0.000010 0.000010
0.000010 0.000010 0.000010 0.000010 0.000010 0.000010 0.000010 0.000010 0.000010 0.000010 0.000010 0.000010 0.779025 0.000010 0.000010 0.220835
0.000010 0.000010 0.000010 0.000010 0.000010 0.000010 0.000010 0.000010 0.000010 0.000010 0.000010 0.000010 0.999850 0.000010 0.000010 0.000010
0.000010 0.362940 0.167654 0.118461 0.000016 0.168673 0.000010 0.040144 0.012822 0.000010 0.000010 0.075329 0.004049 0.000010 0.000010 0.049850
0.000010 0.000010 0.000010 0.023918 0.089058 0.184161 0.000010 0.000010 0.138069 0.000010 0.011961 0.552732 0.000010 0.000010 0.000010 0.000010
0.037151 0.000010 0.000010 0.000010 0.000010 0.000010 0.000010 0.075689 0.141927 0.000010 0.000010 0.000010 0.000010 0.000010 0.000010 0.745113
0.088432 0.237643 0.000010 0.000010 0.017839 0.000010 0.170128 0.000010 0.407812 0.000010 0.000010 0.000010 0.000010 0.000010 0.078046 0.000010
0.000010 0.000010 0.000010 0.031005 0.000010 0.200569 0.000010 0.095062 0.128713 0.000010 0.000010 0.000010 0.018162 0.000010 0.030764 0.495635
0.000010 0.000010 0.000010 0.000010 0.000010 0.000010 0.000010 0.000010 0.000010 0.000010 0.000010 0.000010 0.999850 0.000010 0.000010 0.000010
0.000010 0.921312 0.000010 0.000010 0.000010 0.000010 0.000010 0.000010 0.000010 0.000010 0.000010 0.078548 0.000010 0.000010 0.000010 0.000010
0.000010 0.086380 0.000010 0.185589 0.000010 0.404102 0.000010 0.000010 0.000010 0.000010 0.000010 0.279022 0.044796 0.000010 0.000010 0.000010
0.000010 0.000010 0.000010 0.084482 0.099030 0.291777 0.000010 0.000010 0.000010 0.000010 0.000010 0.490919 0.000010 0.027921 0.000010 0.005771
0.000010 0.236773 0.000010 0.000010 0.000010 0.246641 0.035552 0.000010 0.030402 0.000010 0.008387 0.412082 0.000010 0.000010 0.000010 0.030072
0.000010 0.231582 0.000010 0.109266 0.265684 0.000010 0.000010 0.029292 0.036228 0.033847 0.000019 0.262349 0.031664 0.000010 0.000010 0.000010
0.000010 0.065156 0.000010 0.000010 0.011378 0.128261 0.000010 0.074825 0.000010 0.000010 0.000010 0.720269 0.000010 0.000010 0.000010 0.000010
0.006169 0.184143 0.000010 0.100175 0.046483 0.051332 0.000010 0.000010 0.000010 0.000010 0.026799 0.565643 0.000010 0.000010 0.019176 0.000010
0.000010 0.000010 0.464540 0.047697 0.000010 0.000010 0.000010 0.066278 0.000010 0.364098 0.000010 0.000010 0.000010 0.000010 0.000010 0.057277
0.000010 0.236417 0.000010 0.552753 0.006974 0.042319 0.000010 0.000010 0.148750 0.000010 0.000010 0.012687 0.000010 0.000010 0.000010 0.000010
0.022609 0.000010 0.000010 0.000010 0.183296 0.000010 0.000010 0.000010 0.000010 0.000010 0.000010 0.723467 0.000010 0.000010 0.070508 0.000010
0.000010 0.000010 0.401650 0.000010 0.173856 0.085662 0.000010 0.127666 0.011236 0.199830 0.000010 0.000010 0.000010 0.000010 0.000010 0.000010
0.024040 0.000010 0.090627 0.011633 0.475687 0.312825 0.000010 0.000010 0.085087 0.000010 0.000010 0.000010 0.000010 0.000010 0.000010 0.000010
0.043445 0.000010 0.742443 0.000010 0.000010 0.000010 0.000010 0.021879 0.000010 0.105276 0.000010 0.000010 0.000010 0.000010 0.000010 0.086848
0.000010 0.000010 0.873037 0.000010 0.000010 0.043606 0.000010 0.066791 0.000010 0.000010 0.000010 0.016447 0.000010 0.000010 0.000010 0.000010
0.000010 0.000010 0.848521 0.071996 0.000010 0.000010 0.014351 0.000010 0.000010 0.003335 0.000010 0.000010 0.000010 0.000010 0.005241 0.056455
0.000010 0.000010 0.000010 0.702047 0.000010 0.000010 0.000010 0.000010 0.297813 0.000010 0.000010 0.000010 0.000010 0.000010 0.000010 0.000010
0.000010 0.000010 0.882155 0.060942 0.000010 0.000010 0.000010 0.056773 0.000010 0.000010 0.000010 0.000010 0.000010 0.000010 0.000010 0.000010
0.000010 0.000010 0.157482 0.000010 0.000010 0.000010 0.000010 0.081813 0.000010 0.000010 0.064373 0.000010 0.050241 0.027396 0.000010 0.618595
0.000010 0.000010 0.000010 0.000010 0.000010 0.000010 0.000010 0.000010 0.000010 0.000010 0.999850 0.000010 0.000010 0.000010 0.000010 0.000010
0.000010 0.000010 0.000010 0.000010 0.000010 0.000010 0.000010 0.000010 0.999850 0.000010 0.000010 0.000010 0.000010 0.000010 0.000010 0.000010
0.007607 0.303408 0.026914 0.355730 0.000010 0.133369 0.000010 0.035591 0.121360 0.000010 0.000010 0.000010 0.015941 0.000010 0.000010 0.000010
0.117892 0.000010 0.664730 0.000010 0.000010 0.000010 0.000010 0.000010 0.000010 0.000010 0.000010 0.000010 0.027467 0.125846 0.018727 0.045237
0.000010 0.292277 0.000010 0.000010 0.000010 0.113435 0.000010 0.000010 0.250673 0.000010 0.011013 0.288342 0.000010 0.044160 0.000010 0.000010
0.014760 0.061170 0.747314 0.000010 0.000010 0.000010 0.000010 0.067744 0.000010 0.000010 0.015106 0.000010 0.000010 0.000010 0.000010 0.093805
0.000010 0.000010 0.000010 0.000010 0.000010 0.000010 0.000010 0.000010 0.000010 0.000010 0.000010 0.000010 0.000010 0.000010 0.999850 0.000010
0.000010 0.195787 0.000010 0.107748 0.000010 0.321017 0.000010 0.000010 0.147074 0.000010 0.000010 0.228264 0.000010 0.000010 0.000010 0.000010
0.028934 0.107070 0.000010 0.165911 0.000010 0.192109 0.000010 0.020784 0.377929 0.000010 0.000010 0.107174 0.000010 0.000010 0.000010 0.000010
0.000010 0.018554 0.000010 0.258536 0.010743 0.000010 0.000010 0.000010 0.526535 0.000010 0.000010 0.124835 0.027260 0.000010 0.000040 0.033418
0.000010 0.298772 0.000010 0.099149 0.102939 0.121448 0.000010 0.000010 0.040231 0.000010 0.000010 0.276246 0.029020 0.000010 0.032115 0.000010
0.000010 0.059837 0.000010 0.000010 0.000010 0.000010 0.000010 0.000010 0.655805 0.000010 0.098514 0.036518 0.149216 0.000010 0.000010 0.000010
0.000010 0.190829 0.014644 0.000010 0.000010 0.134007 0.004263 0.000010 0.165502 0.030610 0.000010 0.000010 0.000010 0.150668 0.030617 0.278789
0.000010 0.000010 0.172554 0.022703 0.000010 0.000010 0.000010 0.000010 0.000010 0.021531 0.000010 0.000010 0.055727 0.180006 0.239995 0.307394
0.000010 0.000010 0.000010 0.000010 0.000010 0.000010 0.000010 0.000010 0.000010 0.000010 0.000010 0.889234 0.061287 0.000010 0.049348 0.000010
0.000010 0.000010 0.000010 0.306359 0.000010 0.025522 0.000010 0.000010 0.604906 0.000010 0.000010 0.000010 0.000010 0.000010 0.000010 0.063093
0.000010 0.308537 0.000010 0.216055 0.030770 0.007724 0.000010 0.000010 0.301979 0.000010 0.000010 0.000010 0.000010 0.000010 0.134835 0.000010
0.009384 0.139215 0.000010 0.180735 0.000010 0.000010 0.000010 0.055015 0.529076 0.000010 0.000010 0.042333 0.000010 0.000010 0.000010 0.044151
0.024482 0.000010 0.000010 0.064287 0.000010 0.296928 0.000010 0.000010 0.000010 0.000010 0.000010 0.000010 0.000010 0.000010 0.000010 0.614184
0.000010 0.000010 0.089696 0.000010 0.618267 0.065925 0.000010 0.000010 0.000010 0.000010 0.000010 0.000010 0.000010 0.000010 0.030678 0.195324
0.021904 0.000010 0.082834 0.189434 0.000010 0.086881 0.013296 0.000010 0.000010 0.000010 0.000010 0.000010 0.125429 0.000010 0.000010 0.480131
0.000010 0.000010 0.000010 0.000010 0.751941 0.029328 0.007404 0.028432 0.125497 0.000010 0.000010 0.057297 0.000010 0.000010 0.000010 0.000010
0.000010 0.000010 0.000010 0.000010 0.905539 0.089160 0.000010 0.000010 0.000010 0.005172 0.000010 0.000010 0.000010 0.000010 0.000010 0.000010
0.000010 0.000010 0.000010 0.000010 0.888455 0.094206 0.000010 0.000010 0.000010 0.000010 0.000010 0.000010 0.017210 0.000010 0.000010 0.000010
0.000010 0.140776 0.000010 0.000010 0.160883 0.195902 0.000010 0.000785 0.142236 0.000010 0.000010 0.000010 0.020034 0.005642 0.000010 0.333662
0.100469 0.000010 0.000010 0.020213 0.859912 0.019286 0.000010 0.000010 0.000010 0.000010 0.000010 0.000010 0.000010 0.000010 0.000010 0.000010
0.013116 0.000010 0.000010 0.509066 0.000010 0.000010 0.000010 0.000010 0.477688 0.000010 0.000010 0.000010 0.000010 0.000010 0.000010 0.000010
0.000010 0.576854 0.000010 0.000010 0.000010 0.252356 0.000010 0.000010 0.053425 0.000010 0.000010 0.117245 0.000010 0.000010 0.000010 0.000010
0.000010 0.000010 0.000010 0.287987 0.000010 0.175384 0.000010 0.022241 0.389505 0.000010 0.000010 0.073010 0.028172 0.015602 0.000010 0.008020
0.004023 0.044014 0.256384 0.305033 0.000010 0.076369 0.000741 0.000010 0.132275 0.000010 0.000010 0.000010 0.000010 0.000010 0.011663 0.169427
0.012652 0.000010 0.000010 0.000010 0.119587 0.000010 0.000010 0.041024 0.000010 0.000010 0.000010 0.000010 0.000010 0.000010 0.067828 0.758800
0.999850 0.000010 0.000010 0.000010 0.000010 0.000010 0.000010 0.000010 0.000010 0.000010 0.000010 0.000010 0.000010 0.000010 0.000010 0.000010
0.000010 0.000010 0.834499 0.000010 0.137330 0.000010 0.000010 0.000010 0.000010 0.000010 0.000010 0.028042 0.000010 0.000010 0.000010 0.000010
0.999850 0.000010 0.000010 0.000010 0.000010 0.000010 0.000010 0.000010 0.000010 0.000010 0.000010 0.000010 0.000010 0.000010 0.000010 0.000010
0.000948 0.609695 0.000010 0.034500 0.000010 0.000010 0.000010 0.000010 0.000010 0.000010 0.000010 0.278967 0.000010 0.000010 0.000010 0.075781
0.026273 0.000010 0.593651 0.000010 0.000010 0.000010 0.032418 0.000010 0.000010 0.274851 0.000010 0.000010 0.000010 0.072697 0.000010 0.000010
0.000010 0.643890 0.000010 0.045443 0.016852 0.196111 0.010916 0.000010 0.000010 0.000010 0.000010 0.000010 0.086689 0.000010 0.000010 0.000010
0.000010 0.985200 0.000010 0.000010 0.000010 0.000010 0.000010 0.000010 0.000010 0.000010 0.014660 0.000010 0.000010 0.000010 0.000010 0.000010
0.000010 0.999850 0.000010 0.000010 0.000010 0.000010 0.000010 0.000010 0.000010 0.000010 0.000010 0.000010 0.000010 0.000010 0.000010 0.000010
0.010179 0.315796 0.000010 0.152664 0.063607 0.000010 0.000010 0.000010 0.000010 0.000010 0.002313 0.375365 0.000010 0.000010 0.079986 0.000010
0.000010 0.000010 0.000010 0.678913 0.000010 0.000010 0.000010 0.000010 0.229094 0.000010 0.000010 0.091864 0.000010 0.000010 0.000010 0.000010
0.006729 0.045227 0.000010 0.000010 0.000010 0.000010 0.690794 0.000010 0.000010 0.015916 0.130157 0.000010 0.000010 0.013189 0.057650 0.040257
0.005393 0.000010 0.000010 0.000010 0.000010 0.000010 0.310621 0.028518 0.000010 0.021619 0.579245 0.040993 0.000010 0.000010 0.013521 0.000010
0.018467 0.000010 0.000010 0.085393 0.000010 0.285845 0.000010 0.083805 0.121065 0.000010 0.000010 0.077438 0.045518 0.015924 0.000010 0.266475
0.007897 0.000010 0.000010 0.000010 0.000010 0.000010 0.377523 0.039416 0.000010 0.000010 0.562048 0.000010 0.000010 0.000010 0.013007 0.000010
0.000010 0.000010 0.094501 0.000010 0.000830 0.000010 0.384142 0.011793 0.030146 0.000010 0.478488 0.000010 0.000010 0.000010 0.000010 0.000010
0.048749 0.000010 0.061805 0.000010 0.047602 0.008799 0.391291 0.000010 0.009761 0.008555 0.000010 0.090682 0.000010 0.000010 0.332687 0.000010
0.000010 0.000010 0.772943 0.000010 0.000010 0.198059 0.000010 0.000010 0.000010 0.028868 0.000010 0.000010 0.000010 0.000010 0.000010 0.000010
0.000010 0.079760 0.000010 0.000010 0.000010 0.000010 0.635643 0.000010 0.000010 0.000010 0.183985 0.000010 0.000010 0.037420 0.033974 0.029118
0.000010 0.049478 0.000010 0.019066 0.000010 0.000010 0.430000 0.017005 0.008421 0.000010 0.406036 0.013393 0.000010 0.027470 0.000010 0.029062
0.019443 0.000010 0.032272 0.000010 0.000010 0.000010 0.504405 0.000011 0.027571 0.023796 0.348950 0.000010 0.000010 0.000010 0.000010 0.043473
0.000010 0.000010 0.000010 0.000010 0.000010 0.000010 0.469728 0.000010 0.000010 0.000010 0.530132 0.000010 0.000010 0.000010 0.000010 0.000010
0.011520 0.000010 0.000010 0.062699 0.000010 0.000010 0.000010 0.000010 0.000010 0.000010 0.000010 0.000010 0.130124 0.000010 0.000010 0.795537
0.000010 0.565541 0.000010 0.000010 0.000010 0.276811 0.000010 0.000010 0.157518 0.000010 0.000010 0.000010 0.000010 0.000010 0.000010 0.000010
0.000010 0.778584 0.000010 0.000010 0.000010 0.074256 0.027979 0.000010 0.119061 0.000010 0.000010 0.000010 0.000010 0.000010 0.000010 0.000010
0.000010 0.000010 0.062892 0.152227 0.000010 0.000010 0.000010 0.000010 0.000010 0.046069 0.000010 0.000010 0.523274 0.000010 0.000010 0.215428
0.035387 0.000010 0.000010 0.000010 0.133444 0.159931 0.028867 0.000010 0.149718 0.000010 0.069070 0.000010 0.027518 0.071751 0.000010 0.324244
0.000010 0.024002 0.000010 0.087717 0.039853 0.070176 0.000010 0.000010 0.301997 0.000010 0.000010 0.295126 0.072484 0.000010 0.000010 0.108565
0.037792 0.000010 0.000010 0.000010 0.014391 0.038148 0.797058 0.000010 0.000010 0.000010 0.112501 0.000010 0.000010 0.000010 0.000010 0.000010
0.072577 0.037121 0.000010 0.000010 0.025714 0.000010 0.594474 0.000010 0.000010 0.000010 0.159291 0.000010 0.077605 0.000010 0.033128 0.000010
0.047589 0.036645 0.000010 0.293109 0.000010 0.093247 0.000010 0.000010 0.191305 0.024537 0.000010 0.071043 0.000010 0.025998 0.000010 0.216458
0.043769 0.038124 0.000010 0.119583 0.085256 0.000010 0.291986 0.000010 0.114064 0.000010 0.100553 0.144283 0.000010 0.000010 0.062310 0.000010
0.000010 0.000010 0.060048 0.000010 0.000010 0.000010 0.442578 0.000010 0.001814 0.000657 0.418467 0.000010 0.040783 0.000010 0.000010 0.035563
0.002494 0.000010 0.000010 0.047963 0.000010 0.000010 0.227609 0.000010 0.000010 0.000010 0.663352 0.000010 0.000010 0.058472 0.000010 0.000010
0.000010 0.000010 0.000010 0.000010 0.145758 0.000010 0.455822 0.000010 0.000010 0.000010 0.398289 0.000010 0.000010 0.000010 0.000010 0.000010
0.000010 0.000010 0.042668 0.000010 0.107979 0.000010 0.331702 0.032368 0.000010 0.000010 0.327870 0.032776 0.000010 0.084790 0.033833 0.005944
0.030385 0.128562 0.000448 0.091905 0.000010 0.296416 0.000010 0.000010 0.216470 0.000010 0.050831 0.184904 0.000010 0.000010 0.000010 0.000010
0.000010 0.730509 0.000010 0.000010 0.111374 0.000010 0.000010 0.000010 0.147033 0.000010 0.000010 0.010964 0.000010 0.000010 0.000010 0.000010
0.059881 0.000010 0.000010 0.000010 0.000010 0.000010 0.202205 0.000010 0.145287 0.000010 0.560100 0.000010 0.000010 0.000010 0.000010 0.032417
0.039315 0.476949 0.000010 0.000010 0.000010 0.128873 0.000010 0.000010 0.152182 0.000010 0.000010 0.151839 0.000010 0.011137 0.000010 0.039614
0.000010 0.000010 0.000010 0.000010 0.741314 0.000010 0.079040 0.005823 0.000010 0.102667 0.000010 0.044251 0.000010 0.000010 0.000010 0.026806
0.000010 0.000010 0.000010 0.000010 0.000010 0.000010 0.143248 0.000010 0.224804 0.000010 0.009768 0.022363 0.000010 0.000010 0.000010 0.599707
0.999850 0.000010 0.000010 0.000010 0.000010 0.000010 0.000010 0.000010 0.000010 0.000010 0.000010 0.000010 0.000010 0.000010 0.000010 0.000010
0.000010 0.000010 0.000010 0.000010 0.810001 0.000010 0.000010 0.000010 0.000010 0.070530 0.059720 0.015146 0.000010 0.000010 0.025366 0.019138
0.000010 0.000010 0.203786 0.059866 0.000010 0.000010 0.000010 0.000010 0.000010 0.000010 0.000010 0.030785 0.302558 0.000010 0.000010 0.402895
0.000010 0.434751 0.000010 0.159925 0.226504 0.000010 0.000010 0.000010 0.000010 0.000010 0.023323 0.017086 0.056870 0.081451 0.000010 0.000010
0.000010 0.000010 0.000010 0.000010 0.000010 0.000010 0.604136 0.026366 0.000010 0.000010 0.257244 0.000010 0.000010 0.000010 0.112134 0.000010
0.000010 0.033497 0.012317 0.000010 0.000010 0.000010 0.290653 0.000010 0.054126 0.000010 0.461092 0.000010 0.000010 0.116640 0.031586 0.000010
