0.000010 0.000010 0.000010 0.000010 0.000010 0.000010 0.000010 0.000010 0.300490 0.667660 0.000010 0.031750 0.000010
0.000010 0.000010 0.000010 0.000010 0.000010 0.000010 0.000010 0.999880 0.000010 0.000010 0.000010 0.000010 0.000010
0.000010 0.000010 0.000010 0.000010 0.000010 0.999880 0.000010 0.000010 0.000010 0.000010 0.000010 0.000010 0.000010
0.000010 0.000010 0.000010 0.000010 0.999880 0.000010 0.000010 0.000010 0.000010 0.000010 0.000010 0.000010 0.000010
0.000010 0.000010 0.000010 0.000010 0.999880 0.000010 0.000010 0.000010 0.000010 0.000010 0.000010 0.000010 0.000010
0.000010 0.131700 0.069954 0.000010 0.633104 0.165152 0.000010 0.000010 0.000010 0.000010 0.000010 0.000010 0.000010
0.000010 0.000010 0.000010 0.000010 0.223544 0.515211 0.000010 0.000010 0.000010 0.261146 0.000010 0.000010 0.000010
0.000010 0.000010 0.000010 0.000010 0.000010 0.982532 0.000010 0.000010 0.000010 0.000010 0.000010 0.000010 0.017358
0.000010 0.000010 0.000010 0.000010 0.000010 0.000010 0.999880 0.000010 0.000010 0.000010 0.000010 0.000010 0.000010
0.000010 0.000010 0.000010 0.000010 0.000010 0.000010 0.999880 0.000010 0.000010 0.000010 0.000010 0.000010 0.000010
0.000010 0.000010 0.000010 0.000010 0.000010 0.000010 0.000010 0.000010 0.000010 0.000010 0.000015 0.000010 0.999875
0.000010 0.125084 0.000010 0.000010 0.000010 0.192387 0.000010 0.000010 0.000010 0.066575 0.095203 0.000010 0.520671
0.000010 0.000010 0.000010 0.000010 0.000010 0.000010 0.000010 0.000010 0.000010 0.000010 0.000010 0.000010 0.999880
0.000010 0.000010 0.000010 0.000010 0.000010 0.000010 0.000010 0.000010 0.000010 0.000010 0.000010 0.000010 0.999880
0.000010 0.044892 0.000010 0.000010 0.000010 0.000010 0.000010 0.000010 0.000010 0.000010 0.000010 0.000010 0.954998
0.000010 0.999880 0.000010 0.000010 0.000010 0.000010 0.000010 0.000010 0.000010 0.000010 0.000010 0.000010 0.000010
0.000010 0.250753 0.000010 0.000010 0.749137 0.000010 0.000010 0.000010 0.000010 0.000010 0.000010 0.000010 0.000010
0.000010 0.000010 0.000010 0.000010 0.000010 0.000010 0.000010 0.000010 0.773734 0.000010 0.000010 0.000010 0.226156
0.000010 0.000010 0.000010 0.020139 0.000010 0.379919 0.000010 0.000010 0.455955 0.000010 0.065231 0.025336 0.053350
0.000010 0.000010 0.000010 0.000010 0.199417 0.800473 0.000010 0.000010 0.000010 0.000010 0.000010 0.000010 0.000010
0.000010 0.000010 0.000010 0.000010 0.000010 0.000010 0.000010 0.000014 0.000010 0.000010 0.000010 0.000010 0.999876
0.000010 0.000011 0.000010 0.000010 0.000010 0.000010 0.000010 0.000010 0.000010 0.000010 0.000010 0.000010 0.999879
0.000010 0.066637 0.000010 0.000010 0.805016 0.000010 0.000010 0.000010 0.000010 0.128247 0.000010 0.000010 0.000010
0.000010 0.000010 0.000018 0.000010 0.000010 0.000010 0.000010 0.000010 0.000010 0.000010 0.000010 0.000010 0.999872
0.000010 0.000010 0.000010 0.000010 0.252546 0.635595 0.000010 0.000010 0.000010 0.059466 0.040907 0.011405 0.000010
0.000010 0.000010 0.064161 0.000010 0.000010 0.922921 0.000010 0.000010 0.000010 0.000010 0.000010 0.012818 0.000010
0.000010 0.000010 0.000010 0.000010 0.000010 0.999880 0.000010 0.000010 0.000010 0.000010 0.000010 0.000010 0.000010
0.000018 0.000010 0.000010 0.000010 0.000010 0.999872 0.000010 0.000010 0.000010 0.000010 0.000010 0.000010 0.000010
0.000010 0.000010 0.000010 0.000010 0.334051 0.255980 0.000010 0.409869 0.000010 0.000010 0.000010 0.000010 0.000010
0.000010 0.176311 0.140450 0.000010 0.000010 0.683139 0.000010 0.000010 0.000010 0.000010 0.000010 0.000010 0.000010
0.000010 0.164616 0.000010 0.000010 0.000010 0.000010 0.835274 0.000010 0.000010 0.000010 0.000010 0.000010 0.000010
0.738116 0.000010 0.000010 0.000010 0.000010 0.000010 0.000010 0.261774 0.000010 0.000010 0.000010 0.000010 0.000010
0.000010 0.099962 0.032373 0.000010 0.098203 0.769372 0.000010 0.000010 0.000010 0.000010 0.000010 0.000010 0.000010
0.000010 0.000010 0.000010 0.000010 0.000010 0.999880 0.000010 0.000010 0.000010 0.000010 0.000010 0.000010 0.000010
0.000010 0.431542 0.000010 0.000010 0.000010 0.568348 0.000010 0.000010 0.000010 0.000010 0.000010 0.000010 0.000010
0.000010 0.000010 0.000010 0.000010 0.448783 0.261498 0.000010 0.000010 0.000010 0.186917 0.102711 0.000010 0.000010
0.000010 0.000010 0.150339 0.000010 0.447442 0.242998 0.000010 0.159131 0.000010 0.000010 0.000010 0.000010 0.000010
0.000010 0.172815 0.075366 0.000010 0.123883 0.545019 0.000010 0.082837 0.000010 0.000010 0.000010 0.000010 0.000010
0.233821 0.351981 0.047933 0.110931 0.000010 0.000010 0.000010 0.000010 0.025448 0.000010 0.229815 0.000010 0.000010
0.000010 0.019456 0.000010 0.000010 0.215746 0.723984 0.000010 0.000010 0.000010 0.000010 0.040725 0.000010 0.000010
0.666711 0.000010 0.000010 0.000010 0.115087 0.000010 0.000010 0.000010 0.056807 0.000010 0.072680 0.088634 0.000010
0.000010 0.000010 0.000010 0.000010 0.000010 0.000010 0.000010 0.000010 0.023145 0.000010 0.000010 0.000010 0.976745
0.000010 0.000010 0.000010 0.000010 0.000010 0.000010 0.000010 0.000010 0.000010 0.000010 0.000010 0.000010 0.999880
0.000010 0.000010 0.000010 0.000010 0.000010 0.000010 0.000010 0.000010 0.000010 0.000010 0.000010 0.000010 0.999880
0.161910 0.000010 0.000010 0.000010 0.000010 0.000010 0.000010 0.000010 0.000010 0.000010 0.000010 0.000010 0.837980
0.000010 0.000010 0.000010 0.000010 0.000010 0.000010 0.000010 0.000010 0.000010 0.000010 0.000010 0.000010 0.999880
0.111401 0.000010 0.000010 0.000010 0.000010 0.000010 0.000010 0.000010 0.000010 0.000010 0.000010 0.000010 0.888489
0.000010 0.000010 0.000010 0.000010 0.000010 0.000010 0.000010 0.000010 0.000010 0.000010 0.000010 0.000010 0.999880
0.000017 0.000010 0.225789 0.000010 0.000010 0.000010 0.000010 0.000010 0.000010 0.774094 0.000010 0.000010 0.000010
0.000010 0.000010 0.000010 0.000010 0.000010 0.000010 0.121410 0.000010 0.481411 0.000010 0.000010 0.000010 0.397079
0.000010 0.000010 0.000010 0.000010 0.000010 0.000010 0.000010 0.000010 0.000010 0.000010 0.000010 0.000010 0.999880
0.000010 0.000010 0.000010 0.000010 0.999880 0.000010 0.000010 0.000010 0.000010 0.000010 0.000010 0.000010 0.000010
0.000010 0.000010 0.000010 0.000010 0.000010 0.000010 0.000010 0.000010 0.000010 0.000010 0.000010 0.000010 0.999880
0.000010 0.000010 0.147000 0.000010 0.000010 0.000010 0.000010 0.000010 0.250540 0.000010 0.000010 0.000010 0.602360
0.000010 0.258442 0.000010 0.000010 0.000010 0.000010 0.000010 0.000010 0.000010 0.000010 0.741448 0.000010 0.000010
0.153177 0.000010 0.000010 0.000010 0.000010 0.000010 0.000010 0.000010 0.000010 0.000010 0.000010 0.000010 0.846713
0.000010 0.000010 0.000010 0.000010 0.000010 0.000010 0.000010 0.000010 0.999880 0.000010 0.000010 0.000010 0.000010
0.780819 0.000010 0.000010 0.000010 0.000010 0.000010 0.000010 0.000010 0.181609 0.000010 0.000010 0.000010 0.037472
0.000010 0.000010 0.000010 0.000010 0.000010 0.023873 0.000010 0.000010 0.645065 0.000010 0.000010 0.000010 0.330962
0.203440 0.539695 0.003170 0.000010 0.000010 0.000010 0.000010 0.000010 0.000010 0.000010 0.208710 0.000010 0.044904
0.000010 0.539850 0.000010 0.031922 0.166717 0.000010 0.000010 0.208441 0.000010 0.000010 0.052990 0.000010 0.000010
0.366425 0.105366 0.212055 0.000010 0.000010 0.000010 0.000010 0.000010 0.000010 0.000010 0.316064 0.000010 0.000010
0.207216 0.157870 0.000010 0.000010 0.000010 0.000010 0.032422 0.146842 0.179026 0.276554 0.000010 0.000010 0.000010
0.386481 0.000010 0.000010 0.000010 0.000010 0.000010 0.000010 0.328662 0.000010 0.284757 0.000010 0.000010 0.000010
0.000010 0.000010 0.000010 0.000010 0.430041 0.552330 0.000010 0.000010 0.000010 0.017529 0.000010 0.000010 0.000010
0.000010 0.000010 0.000010 0.000010 0.999880 0.000010 0.000010 0.000010 0.000010 0.000010 0.000010 0.000010 0.000010
0.000010 0.000010 0.000010 0.000010 0.000010 0.000010 0.000010 0.000010 0.000010 0.000010 0.999880 0.000010 0.000010
0.000010 0.000010 0.000010 0.000010 0.000010 0.000010 0.000010 0.000010 0.000010 0.000010 0.999880 0.000010 0.000010
0.000010 0.000010 0.000010 0.000010 0.000010 0.000010 0.000010 0.000010 0.999880 0.000010 0.000010 0.000010 0.000010
0.123943 0.000010 0.089890 0.000010 0.000010 0.000010 0.000010 0.000010 0.642557 0.020265 0.000010 0.049069 0.074205
0.000010 0.999880 0.000010 0.000010 0.000010 0.000010 0.000010 0.000010 0.000010 0.000010 0.000010 0.000010 0.000010
0.000010 0.000010 0.000010 0.000010 0.000010 0.000010 0.000010 0.000010 0.999880 0.000010 0.000010 0.000010 0.000010
0.010735 0.000010 0.005023 0.151105 0.000010 0.000010 0.000010 0.000010 0.664906 0.111249 0.000010 0.000010 0.056912
0.897091 0.000010 0.000010 0.000010 0.000010 0.000010 0.088960 0.000010 0.000010 0.000010 0.013849 0.000010 0.000010
0.075699 0.000010 0.000010 0.000010 0.000010 0.033090 0.000010 0.054655 0.758437 0.000010 0.000010 0.000010 0.078039
0.763830 0.000010 0.000010 0.012159 0.000010 0.000010 0.000010 0.000016 0.000010 0.223905 0.000010 0.000010 0.000010
0.055919 0.000010 0.000010 0.000010 0.000010 0.000010 0.000010 0.000010 0.000010 0.000010 0.943971 0.000010 0.000010
0.230598 0.136769 0.000010 0.000010 0.000010 0.082491 0.042469 0.000010 0.000010 0.037040 0.470563 0.000010 0.000010
0.000010 0.000010 0.000010 0.000010 0.000010 0.000010 0.000010 0.999880 0.000010 0.000010 0.000010 0.000010 0.000010
0.067164 0.000010 0.000010 0.046831 0.040276 0.000010 0.000010 0.000010 0.617196 0.168735 0.000010 0.000010 0.059726
0.000010 0.214278 0.000010 0.000010 0.000010 0.785612 0.000010 0.000010 0.000010 0.000010 0.000010 0.000010 0.000010
0.000010 0.000010 0.000010 0.000010 0.999880 0.000010 0.000010 0.000010 0.000010 0.000010 0.000010 0.000010 0.000010
0.000010 0.000010 0.025488 0.000010 0.000010 0.950321 0.000010 0.000010 0.024091 0.000010 0.000010 0.000010 0.000010
0.000010 0.000010 0.000010 0.000010 0.000010 0.963992 0.000010 0.000010 0.000010 0.000010 0.032465 0.000010 0.003443
0.000010 0.000010 0.000010 0.000010 0.999880 0.000010 0.000010 0.000010 0.000010 0.000010 0.000010 0.000010 0.000010
0.000010 0.000010 0.105685 0.000010 0.000010 0.740249 0.012638 0.121730 0.000010 0.000010 0.000010 0.019618 0.000010
0.000010 0.000010 0.000010 0.000010 0.000010 0.000010 0.000010 0.000010 0.000010 0.000010 0.999880 0.000010 0.000010
0.000010 0.000010 0.000010 0.000010 0.000010 0.000010 0.000010 0.000010 0.000010 0.000010 0.000010 0.000010 0.999880
0.000010 0.000010 0.000010 0.000010 0.000010 0.079754 0.239643 0.000010 0.127873 0.000010 0.000010 0.552640 0.000010
0.000010 0.000010 0.000010 0.000010 0.000010 0.000010 0.000010 0.000010 0.000010 0.000010 0.000010 0.000010 0.999880
0.000010 0.000010 0.000010 0.000010 0.000010 0.000010 0.000010 0.000010 0.000010 0.000010 0.000010 0.000010 0.999880
0.000010 0.000010 0.000010 0.000010 0.000010 0.000010 0.000010 0.000010 0.000010 0.000010 0.000010 0.000010 0.999880
0.000010 0.000010 0.000010 0.000010 0.000010 0.000010 0.000010 0.000010 0.643589 0.000010 0.000010 0.000010 0.356301
0.000010 0.000010 0.000010 0.000010 0.000010 0.000010 0.000010 0.000010 0.000010 0.000010 0.999880 0.000010 0.000010
0.000010 0.104831 0.000010 0.000010 0.000010 0.000010 0.068282 0.000010 0.000010 0.000010 0.826787 0.000010 0.000010
0.000010 0.000010 0.010576 0.000010 0.000010 0.970376 0.000010 0.018949 0.000010 0.000010 0.000010 0.000010 0.000010
0.170870 0.000010 0.143010 0.477349 0.000010 0.000010 0.069641 0.000010 0.000010 0.000010 0.000010 0.139050 0.000010
0.804620 0.000010 0.180782 0.000010 0.000010 0.000010 0.000010 0.000010 0.000010 0.000010 0.000010 0.014498 0.000010
0.044250 0.000010 0.000010 0.000010 0.000010 0.000010 0.000010 0.000010 0.000010 0.000010 0.955640 0.000010 0.000010
0.000010 0.000010 0.999880 0.000010 0.000010 0.000010 0.000010 0.000010 0.000010 0.000010 0.000010 0.000010 0.000010
0.058214 0.653203 0.108812 0.000010 0.097136 0.000010 0.000010 0.000010 0.082555 0.000010 0.000010 0.000010 0.000010
0.000010 0.000010 0.341425 0.000010 0.001429 0.000010 0.000010 0.000010 0.000010 0.000010 0.657046 0.000010 0.000010
0.062377 0.000010 0.177500 0.000010 0.000010 0.000010 0.000010 0.214929 0.414560 0.000010 0.000010 0.000010 0.130553
0.000010 0.237442 0.408688 0.000010 0.000010 0.000010 0.000010 0.000010 0.000010 0.000010 0.353770 0.000010 0.000010
0.000010 0.183700 0.147758 0.000010 0.000010 0.086234 0.000010 0.548481 0.000010 0.000010 0.000010 0.033746 0.000010
0.000010 0.384858 0.000010 0.000010 0.000010 0.000010 0.000010 0.000010 0.000010 0.000010 0.599984 0.015059 0.000010
0.329288 0.000010 0.000010 0.000010 0.000010 0.000010 0.000010 0.000010 0.000010 0.000010 0.670602 0.000010 0.000010
0.000010 0.000010 0.000010 0.000010 0.000010 0.000010 0.000010 0.088308 0.895142 0.000010 0.000010 0.016450 0.000010
0.999880 0.000010 0.000010 0.000010 0.000010 0.000010 0.000010 0.000010 0.000010 0.000010 0.000010 0.000010 0.000010
0.000010 0.061996 0.000010 0.000010 0.283848 0.543176 0.000010 0.000010 0.000010 0.110891 0.000010 0.000010 0.000010
0.000010 0.000010 0.000010 0.000010 0.180792 0.819098 0.000010 0.000010 0.000010 0.000010 0.000010 0.000010 0.000010
0.000010 0.000010 0.000010 0.106573 0.000010 0.000010 0.000010 0.000010 0.771504 0.000010 0.000010 0.121823 0.000010
0.045236 0.000010 0.110197 0.318508 0.022659 0.000010 0.232879 0.000010 0.000010 0.000010 0.000010 0.270451 0.000010
0.000010 0.009978 0.000010 0.000010 0.000010 0.039920 0.000010 0.000010 0.000010 0.000010 0.000018 0.949993 0.000010
0.000010 0.000010 0.000010 0.000010 0.000010 0.000010 0.000010 0.000010 0.000010 0.000010 0.000010 0.999880 0.000010
0.040465 0.000010 0.000010 0.000010 0.000010 0.000010 0.000010 0.000010 0.696271 0.000010 0.000010 0.000010 0.263164
0.000010 0.330366 0.201926 0.000010 0.095737 0.000010 0.000010 0.371873 0.000010 0.000018 0.000010 0.000010 0.000010
0.000010 0.282183 0.253199 0.000010 0.000010 0.000010 0.000010 0.000010 0.219172 0.000010 0.244186 0.000010 0.001180
0.000010 0.000010 0.000010 0.000010 0.000010 0.999880 0.000010 0.000010 0.000010 0.000010 0.000010 0.000010 0.000010
0.427223 0.094212 0.472498 0.000010 0.000010 0.000010 0.000010 0.000010 0.000010 0.000010 0.000010 0.000010 0.005977
0.000010 0.000010 0.000010 0.000010 0.000010 0.643942 0.000010 0.355948 0.000010 0.000010 0.000010 0.000010 0.000010
0.000010 0.000010 0.086501 0.000010 0.000010 0.635310 0.000010 0.232463 0.000010 0.009861 0.035785 0.000010 0.000010
0.000010 0.000010 0.000010 0.000010 0.000010 0.000010 0.000010 0.000010 0.000010 0.000010 0.000010 0.999880 0.000010
0.419652 0.552149 0.000010 0.000010 0.000010 0.000010 0.000010 0.000010 0.000010 0.000010 0.028099 0.000010 0.000010
0.000010 0.000010 0.000010 0.000010 0.000010 0.000010 0.000010 0.000010 0.000010 0.000010 0.000010 0.999880 0.000010
0.000010 0.000010 0.000010 0.000010 0.000010 0.000010 0.000010 0.000010 0.000010 0.000010 0.000010 0.999880 0.000010
0.000010 0.029552 0.000010 0.000010 0.000010 0.000010 0.000010 0.000010 0.000010 0.000010 0.000010 0.970338 0.000010
0.529794 0.131680 0.000010 0.024357 0.074746 0.000010 0.000010 0.056907 0.000010 0.000010 0.182447 0.000010 0.000010
0.000010 0.000010 0.195631 0.000010 0.000010 0.804259 0.000010 0.000010 0.000010 0.000010 0.000010 0.000010 0.000010
0.000010 0.273438 0.000010 0.000010 0.275047 0.451414 0.000010 0.000010 0.000010 0.000010 0.000010 0.000010 0.000010
0.342065 0.000010 0.000010 0.303807 0.215748 0.000010 0.000010 0.000010 0.107543 0.000010 0.000010 0.000010 0.030757
0.427061 0.000010 0.000010 0.283233 0.000010 0.000010 0.000010 0.000010 0.151631 0.000010 0.000010 0.059827 0.078168
0.000010 0.000010 0.000010 0.000010 0.000010 0.000010 0.999880 0.000010 0.000010 0.000010 0.000010 0.000010 0.000010
0.070501 0.000010 0.083655 0.000010 0.112736 0.000010 0.000010 0.420438 0.139793 0.172806 0.000010 0.000010 0.000010
0.000010 0.000010 0.000010 0.000010 0.000010 0.816058 0.000010 0.000010 0.000010 0.000010 0.183832 0.000010 0.000010
0.999880 0.000010 0.000010 0.000010 0.000010 0.000010 0.000010 0.000010 0.000010 0.000010 0.000010 0.000010 0.000010
0.999880 0.000010 0.000010 0.000010 0.000010 0.000010 0.000010 0.000010 0.000010 0.000010 0.000010 0.000010 0.000010
0.747896 0.000010 0.034143 0.000010 0.103849 0.000010 0.000010 0.114022 0.000010 0.000010 0.000010 0.000010 0.000010
0.000010 0.000010 0.000010 0.000010 0.999880 0.000010 0.000010 0.000010 0.000010 0.000010 0.000010 0.000010 0.000010
0.041846 0.000010 0.111546 0.000010 0.288312 0.497971 0.000010 0.000010 0.000010 0.060245 0.000010 0.000010 0.000010
0.000010 0.018982 0.000010 0.000656 0.178209 0.449630 0.000010 0.352444 0.000010 0.000010 0.000010 0.000010 0.000010
0.000010 0.133602 0.000010 0.000010 0.000010 0.860295 0.000010 0.000010 0.000010 0.000010 0.000010 0.000010 0.006003
0.040766 0.000010 0.000010 0.000010 0.000010 0.000010 0.007255 0.000010 0.612883 0.000010 0.000010 0.000010 0.339006
0.000010 0.000010 0.999875 0.000010 0.000010 0.000010 0.000010 0.000010 0.000010 0.000015 0.000010 0.000010 0.000010
0.000010 0.000010 0.034502 0.000010 0.128061 0.000010 0.000010 0.000010 0.512781 0.102562 0.000010 0.000010 0.222014
0.000010 0.000010 0.140527 0.000010 0.046468 0.000010 0.000010 0.000010 0.000010 0.812905 0.000010 0.000010 0.000010
0.000010 0.000010 0.000010 0.000010 0.000010 0.000010 0.000010 0.000010 0.858208 0.000010 0.000010 0.000010 0.141682
0.000010 0.000010 0.000010 0.000010 0.087042 0.000010 0.000010 0.000010 0.912848 0.000010 0.000010 0.000010 0.000010
0.000010 0.000010 0.000010 0.000010 0.000010 0.000010 0.000010 0.000010 0.999880 0.000010 0.000010 0.000010 0.000010
0.000010 0.000010 0.057060 0.000010 0.000010 0.000010 0.038780 0.000010 0.904060 0.000010 0.000010 0.000010 0.000010
0.723612 0.000019 0.000010 0.000010 0.000010 0.000010 0.000010 0.000010 0.192749 0.000010 0.000010 0.000010 0.083530
0.000010 0.000010 0.000010 0.000010 0.000010 0.000010 0.000010 0.000010 0.000010 0.000010 0.000010 0.999880 0.000010
0.000010 0.323036 0.000010 0.000010 0.000010 0.000010 0.000010 0.000010 0.000010 0.000010 0.676854 0.000010 0.000010
0.000010 0.113082 0.423760 0.000010 0.198383 0.000010 0.000010 0.264685 0.000010 0.000010 0.000010 0.000010 0.000010
0.000010 0.000010 0.000010 0.062982 0.000010 0.000010 0.000010 0.000010 0.800986 0.000010 0.000010 0.110836 0.025106
0.000010 0.657382 0.000010 0.000010 0.000010 0.342508 0.000010 0.000010 0.000010 0.000010 0.000010 0.000010 0.000010
0.000010 0.000010 0.000010 0.000010 0.000010 0.000010 0.000010 0.000010 0.999880 0.000010 0.000010 0.000010 0.000010
0.000010 0.000010 0.223097 0.000010 0.000010 0.000010 0.000010 0.776793 0.000010 0.000010 0.000010 0.000010 0.000010
0.000010 0.642963 0.198691 0.000010 0.133023 0.000010 0.000010 0.000010 0.000010 0.000010 0.000010 0.000010 0.025233
0.000010 0.000010 0.372806 0.000010 0.000010 0.006817 0.000010 0.245908 0.000010 0.000010 0.374379 0.000010 0.000010
0.384388 0.364990 0.000010 0.115194 0.000010 0.000010 0.000010 0.000010 0.000010 0.029306 0.106042 0.000010 0.000010
0.041781 0.000010 0.359083 0.000010 0.000010 0.000010 0.000010 0.000010 0.000010 0.000010 0.599036 0.000010 0.000010
0.000010 0.000010 0.035188 0.000010 0.184957 0.000010 0.000010 0.127745 0.000010 0.000010 0.652020 0.000010 0.000010
0.636282 0.000010 0.193558 0.000010 0.170060 0.000010 0.000010 0.000010 0.000010 0.000010 0.000010 0.000010 0.000010
0.191250 0.000010 0.000010 0.000010 0.000010 0.000010 0.000010 0.000010 0.000010 0.808640 0.000010 0.000010 0.000010
0.577567 0.000010 0.248463 0.099479 0.000010 0.000010 0.000010 0.000010 0.074401 0.000010 0.000010 0.000010 0.000010
0.000010 0.000010 0.000010 0.000010 0.000010 0.000010 0.000010 0.000010 0.000010 0.999880 0.000010 0.000010 0.000010
0.000010 0.000010 0.000010 0.000010 0.000010 0.000010 0.000010 0.000010 0.000010 0.999880 0.000010 0.000010 0.000010
0.331353 0.000010 0.121078 0.000010 0.000010 0.043547 0.029646 0.110153 0.000010 0.364155 0.000010 0.000010 0.000010
0.000010 0.000010 0.000010 0.000010 0.000010 0.000010 0.000010 0.000010 0.000010 0.999880 0.000010 0.000010 0.000010
0.000010 0.000010 0.644254 0.000010 0.000010 0.000010 0.000010 0.000010 0.000010 0.000010 0.355636 0.000010 0.000010
0.000010 0.000010 0.000010 0.000010 0.000010 0.000010 0.000010 0.999880 0.000010 0.000010 0.000010 0.000010 0.000010
0.000010 0.362606 0.459967 0.000010 0.000010 0.000010 0.000010 0.000010 0.000010 0.000010 0.177327 0.000010 0.000010
0.000010 0.000010 0.776546 0.000010 0.000010 0.000010 0.000010 0.000010 0.223344 0.000010 0.000010 0.000010 0.000010
0.000010 0.045887 0.000010 0.000010 0.000010 0.000010 0.000010 0.000010 0.954003 0.000010 0.000010 0.000010 0.000010
0.000010 0.000010 0.000010 0.000010 0.000010 0.000010 0.000010 0.999880 0.000010 0.000010 0.000010 0.000010 0.000010
0.000010 0.000010 0.999880 0.000010 0.000010 0.000010 0.000010 0.000010 0.000010 0.000010 0.000010 0.000010 0.000010
0.006811 0.000010 0.000010 0.424411 0.000010 0.000010 0.045612 0.000010 0.000011 0.000010 0.000010 0.523075 0.000010
0.000010 0.000010 0.000010 0.000010 0.000010 0.034691 0.000010 0.000010 0.000010 0.000010 0.000010 0.935420 0.029789
0.573339 0.000010 0.000010 0.000010 0.366727 0.000010 0.000010 0.000010 0.000010 0.000010 0.059834 0.000010 0.000010
0.000010 0.000010 0.000010 0.109975 0.000010 0.000010 0.000010 0.000010 0.000010 0.000010 0.000010 0.889915 0.000010
0.000010 0.000010 0.000010 0.000010 0.000010 0.045180 0.000010 0.000010 0.058662 0.000010 0.000010 0.896058 0.000010
0.000010 0.000010 0.001272 0.789592 0.000010 0.118516 0.000010 0.000010 0.024555 0.065983 0.000012 0.000010 0.000010
0.000010 0.000010 0.000010 0.000010 0.183484 0.000010 0.000010 0.000010 0.816406 0.000010 0.000010 0.000010 0.000010
0.080521 0.000010 0.000010 0.273826 0.000010 0.000010 0.000010 0.000010 0.000010 0.000010 0.000010 0.645553 0.000010
0.000010 0.000010 0.000010 0.000010 0.073900 0.000010 0.000010 0.025495 0.000010 0.000010 0.000010 0.900506 0.000010
0.000010 0.000010 0.000010 0.000010 0.000010 0.000010 0.076144 0.000010 0.000010 0.000010 0.000010 0.923746 0.000010
0.000010 0.517469 0.023268 0.000010 0.000010 0.000010 0.000010 0.459162 0.000010 0.000010 0.000010 0.000010 0.000010
0.000010 0.000010 0.000010 0.000010 0.000010 0.000010 0.000010 0.999880 0.000010 0.000010 0.000010 0.000010 0.000010
0.499873 0.058196 0.000010 0.000010 0.000010 0.000010 0.000010 0.000010 0.000010 0.024195 0.251169 0.166488 0.000010
0.109370 0.000010 0.086798 0.000010 0.335578 0.000010 0.000010 0.359691 0.000010 0.000010 0.108483 0.000010 0.000010
0.000010 0.000010 0.000010 0.413554 0.000010 0.000010 0.024096 0.014593 0.000010 0.000010 0.000010 0.547667 0.000010
0.295281 0.122320 0.460894 0.000010 0.000010 0.000010 0.000010 0.000010 0.000010 0.000010 0.121415 0.000010 0.000010
0.119501 0.000010 0.000010 0.000010 0.000010 0.000010 0.000010 0.000010 0.000010 0.000010 0.000010 0.880389 0.000010
0.000010 0.000010 0.000010 0.226162 0.000010 0.000010 0.000010 0.000010 0.027007 0.105141 0.000010 0.641600 0.000010
0.000010 0.465921 0.243120 0.000010 0.106096 0.154791 0.000010 0.000010 0.029991 0.000010 0.000010 0.000010 0.000010
0.000010 0.616257 0.000010 0.000010 0.000010 0.000010 0.000010 0.383633 0.000010 0.000010 0.000010 0.000010 0.000010
0.000010 0.000010 0.000010 0.000010 0.000010 0.090988 0.000010 0.000010 0.000010 0.000010 0.052480 0.855721 0.000721
0.000010 0.418183 0.000010 0.000010 0.000010 0.000010 0.000010 0.581707 0.000010 0.000010 0.000010 0.000010 0.000010
0.487327 0.323786 0.000010 0.000010 0.000010 0.000010 0.139560 0.000010 0.000010 0.000010 0.000010 0.049238 0.000010
0.000010 0.000010 0.000010 0.280950 0.000010 0.000010 0.054738 0.000010 0.000010 0.000010 0.000010 0.664212 0.000010
0.056240 0.120319 0.000010 0.000010 0.000010 0.000010 0.000010 0.000010 0.000010 0.000010 0.000010 0.823342 0.000010
0.000010 0.000010 0.000010 0.000010 0.000010 0.000010 0.000010 0.000010 0.000010 0.000010 0.000010 0.999880 0.000010
0.083511 0.000010 0.759405 0.000010 0.000010 0.000010 0.000010 0.000010 0.026248 0.051018 0.079738 0.000010 0.000010
0.999880 0.000010 0.000010 0.000010 0.000010 0.000010 0.000010 0.000010 0.000010 0.000010 0.000010 0.000010 0.000010
0.000010 0.264766 0.106889 0.000010 0.000010 0.110401 0.000010 0.000010 0.460215 0.057650 0.000010 0.000010 0.000010
0.285533 0.000010 0.208551 0.000010 0.000010 0.000010 0.000010 0.449622 0.000010 0.000010 0.000010 0.056204 0.000010
0.051575 0.000010 0.000010 0.678444 0.000010 0.095947 0.000010 0.000010 0.008165 0.000010 0.000010 0.165790 0.000010
0.000010 0.000010 0.000010 0.562416 0.000010 0.000010 0.000010 0.000010 0.000010 0.036695 0.000010 0.400789 0.000010
0.000010 0.005436 0.000010 0.746031 0.000010 0.000010 0.080846 0.000010 0.000010 0.000010 0.000010 0.114281 0.053327
0.000010 0.000010 0.000010 0.647475 0.000010 0.000010 0.000010 0.000010 0.000010 0.000010 0.000010 0.352415 0.000010
0.000010 0.461847 0.000010 0.000010 0.000010 0.037439 0.000010 0.274163 0.000010 0.197433 0.000010 0.029038 0.000010
0.000010 0.000010 0.000010 0.000010 0.000010 0.000010 0.999880 0.000010 0.000010 0.000010 0.000010 0.000010 0.000010
0.000010 0.000010 0.008484 0.000010 0.481662 0.444371 0.000010 0.000010 0.000010 0.000010 0.065394 0.000010 0.000010
0.000010 0.000010 0.000010 0.000010 0.632976 0.000010 0.000010 0.320214 0.000010 0.000010 0.002128 0.000010 0.044592
0.000010 0.000010 0.000010 0.000010 0.282602 0.567998 0.000010 0.000010 0.000010 0.149300 0.000010 0.000010 0.000010
0.434979 0.000010 0.138764 0.000010 0.000010 0.000010 0.000010 0.000010 0.303913 0.000010 0.000010 0.122254 0.000010
0.000010 0.005779 0.000010 0.000010 0.000010 0.000010 0.000010 0.000010 0.000010 0.000010 0.000010 0.994111 0.000010
0.657452 0.000010 0.000010 0.000010 0.000010 0.000010 0.000010 0.000010 0.342438 0.000010 0.000010 0.000010 0.000010
0.385415 0.000010 0.045872 0.000010 0.000010 0.000010 0.000010 0.242154 0.286409 0.000010 0.000010 0.040070 0.000010
0.000010 0.000010 0.000010 0.947240 0.000010 0.000010 0.000010 0.000010 0.000010 0.000010 0.000010 0.052650 0.000010
0.000010 0.000010 0.000010 0.818016 0.000010 0.000010 0.000010 0.000010 0.000010 0.000010 0.000010 0.181874 0.000010
0.000010 0.000010 0.000010 0.000010 0.000010 0.000010 0.000010 0.000010 0.000010 0.000010 0.000010 0.999880 0.000010
0.000010 0.000010 0.000010 0.994087 0.000010 0.000010 0.000010 0.000010 0.000010 0.000010 0.000010 0.005803 0.000010
0.000010 0.110031 0.000010 0.000010 0.652306 0.160400 0.000010 0.000010 0.000010 0.000010 0.077173 0.000010 0.000010
0.000010 0.000010 0.000010 0.000010 0.843968 0.000010 0.000010 0.077276 0.000010 0.000010 0.078656 0.000010 0.000010
0.000010 0.000010 0.088609 0.023429 0.425529 0.462343 0.000010 0.000010 0.000010 0.000010 0.000010 0.000010 0.000010
0.000010 0.000010 0.000010 0.999880 0.000010 0.000010 0.000010 0.000010 0.000010 0.000010 0.000010 0.000010 0.000010
0.000010 0.000010 0.000010 0.000010 0.000010 0.999880 0.000010 0.000010 0.000010 0.000010 0.000010 0.000010 0.000010
0.000010 0.000010 0.209564 0.017285 0.284913 0.480834 0.000010 0.000010 0.000010 0.000010 0.000010 0.000010 0.007324
0.000010 0.151176 0.508269 0.000010 0.063800 0.126054 0.000010 0.150622 0.000010 0.000010 0.000010 0.000010 0.000010
0.000010 0.000010 0.000010 0.774767 0.000010 0.000010 0.000010 0.000010 0.000010 0.000010 0.000010 0.225123 0.000010
0.000010 0.000010 0.000010 0.000010 0.000010 0.000010 0.000010 0.000010 0.000010 0.000010 0.000010 0.999880 0.000010
0.000010 0.000010 0.031480 0.968410 0.000010 0.000010 0.000010 0.000010 0.000010 0.000010 0.000010 0.000010 0.000010
0.000010 0.000010 0.000010 0.934804 0.000010 0.000010 0.000010 0.000010 0.000010 0.000010 0.065086 0.000010 0.000010
0.000010 0.000010 0.040506 0.959384 0.000010 0.000010 0.000010 0.000010 0.000010 0.000010 0.000010 0.000010 0.000010
0.055270 0.000010 0.000010 0.720875 0.000010 0.000010 0.000010 0.000010 0.000010 0.000010 0.000010 0.223755 0.000010
0.000010 0.000010 0.000010 0.627388 0.000010 0.000010 0.000010 0.000010 0.000010 0.000010 0.000010 0.372502 0.000010
0.000010 0.008458 0.000010 0.739969 0.000010 0.000010 0.000010 0.000010 0.000010 0.000010 0.056185 0.195298 0.000010
0.000010 0.190855 0.000010 0.000010 0.152011 0.000010 0.000010 0.000010 0.256695 0.000010 0.400349 0.000010 0.000010
0.000010 0.000010 0.857270 0.000010 0.142620 0.000010 0.000010 0.000010 0.000010 0.000010 0.000010 0.000010 0.000010
0.000010 0.000010 0.000010 0.892847 0.000010 0.000010 0.000010 0.000010 0.000010 0.000010 0.000010 0.107043 0.000010
0.000010 0.000010 0.000010 0.999880 0.000010 0.000010 0.000010 0.000010 0.000010 0.000010 0.000010 0.000010 0.000010
0.000010 0.000010 0.097783 0.000010 0.000010 0.901848 0.000010 0.000010 0.000010 0.000010 0.000010 0.000269 0.000010
0.000010 0.000010 0.000010 0.000010 0.167087 0.733894 0.000010 0.000010 0.000010 0.098919 0.000010 0.000010 0.000010
0.000010 0.000010 0.000010 0.000010 0.999880 0.000010 0.000010 0.000010 0.000010 0.000010 0.000010 0.000010 0.000010
0.000010 0.155139 0.000010 0.000010 0.000010 0.000010 0.156241 0.000010 0.129191 0.000010 0.000010 0.559340 0.000010
0.000010 0.999880 0.000010 0.000010 0.000010 0.000010 0.000010 0.000010 0.000010 0.000010 0.000010 0.000010 0.000010
0.000010 0.000010 0.000010 0.000010 0.000010 0.000010 0.000010 0.000010 0.000010 0.000010 0.999880 0.000010 0.000010
0.000010 0.000010 0.000010 0.000010 0.040130 0.000010 0.000010 0.000010 0.000010 0.000010 0.000010 0.959760 0.000010
0.250222 0.142267 0.000010 0.000010 0.000010 0.000019 0.000010 0.000010 0.000010 0.220914 0.180688 0.088594 0.117236
0.143494 0.172627 0.215915 0.000010 0.043888 0.000010 0.000010 0.000010 0.000010 0.000010 0.423996 0.000010 0.000010
0.000010 0.000010 0.000010 0.000010 0.000010 0.000010 0.000010 0.000010 0.000010 0.000010 0.000010 0.999880 0.000010
0.000010 0.000010 0.000010 0.000010 0.000010 0.000010 0.090058 0.000010 0.000010 0.897484 0.000010 0.012359 0.000010
0.136512 0.242803 0.023467 0.000010 0.363185 0.000010 0.000010 0.087013 0.000010 0.146949 0.000010 0.000010 0.000010
0.000010 0.000010 0.000010 0.000010 0.000010 0.000010 0.000010 0.000010 0.000010 0.999880 0.000010 0.000010 0.000010
0.000010 0.000010 0.999880 0.000010 0.000010 0.000010 0.000010 0.000010 0.000010 0.000010 0.000010 0.000010 0.000010
0.000010 0.000010 0.000010 0.000010 0.000010 0.000010 0.999880 0.000010 0.000010 0.000010 0.000010 0.000010 0.000010
0.157009 0.749419 0.016973 0.000010 0.052543 0.000010 0.000010 0.000010 0.000010 0.000010 0.000010 0.000010 0.023976
0.234632 0.000010 0.137565 0.070572 0.000010 0.079291 0.000010 0.000010 0.213427 0.129859 0.000010 0.134593 0.000010
0.000010 0.408612 0.000010 0.000010 0.000010 0.000010 0.000010 0.591278 0.000010 0.000010 0.000010 0.000010 0.000010
0.640914 0.000010 0.009533 0.000010 0.000010 0.124347 0.055222 0.000010 0.000010 0.000010 0.169904 0.000010 0.000010
0.000010 0.000010 0.000010 0.000010 0.000010 0.000010 0.039346 0.000010 0.000010 0.000010 0.000010 0.960544 0.000010
0.003098 0.723197 0.133280 0.000010 0.000010 0.000010 0.000010 0.000010 0.000010 0.000010 0.000010 0.000010 0.140335
0.000010 0.000010 0.000010 0.000010 0.000010 0.000010 0.039812 0.000010 0.000010 0.960078 0.000010 0.000010 0.000010
0.000010 0.000010 0.000010 0.000010 0.000010 0.000010 0.000010 0.000010 0.000010 0.999880 0.000010 0.000010 0.000010
0.000010 0.000010 0.000010 0.000010 0.000010 0.000010 0.000010 0.000010 0.714181 0.000010 0.000010 0.285709 0.000010
0.036080 0.185143 0.037710 0.000010 0.000010 0.000010 0.000010 0.340938 0.092577 0.000010 0.274585 0.020934 0.011984
0.000010 0.878027 0.000010 0.000010 0.000010 0.000010 0.000010 0.000010 0.042823 0.000010 0.000010 0.079051 0.000010
0.000010 0.287972 0.000010 0.000010 0.102727 0.000010 0.000010 0.486673 0.057275 0.000010 0.000010 0.045985 0.019298
0.000010 0.000010 0.000010 0.000010 0.000010 0.000010 0.000010 0.000010 0.000010 0.000010 0.999880 0.000010 0.000010
0.337529 0.000010 0.013581 0.000010 0.000010 0.000010 0.000010 0.000010 0.000010 0.000010 0.648790 0.000010 0.000010
0.541448 0.185711 0.259904 0.000010 0.000010 0.000010 0.000010 0.000010 0.012847 0.000010 0.000010 0.000010 0.000010
0.000010 0.000010 0.000010 0.000010 0.000010 0.000010 0.000010 0.000010 0.000010 0.000010 0.999880 0.000010 0.000010
0.000010 0.000010 0.000010 0.000010 0.000010 0.000010 0.000010 0.000010 0.000010 0.000010 0.999880 0.000010 0.000010
0.000010 0.000010 0.000010 0.000010 0.000010 0.000010 0.000010 0.000010 0.000010 0.000010 0.999880 0.000010 0.000010
0.000010 0.999880 0.000010 0.000010 0.000010 0.000010 0.000010 0.000010 0.000010 0.000010 0.000010 0.000010 0.000010
0.000010 0.156837 0.033353 0.000010 0.000010 0.000010 0.000010 0.000010 0.000010 0.000010 0.794202 0.000010 0.015518
0.000010 0.000010 0.000010 0.000010 0.000010 0.000010 0.000010 0.000010 0.000010 0.999880 0.000010 0.000010 0.000010
0.000010 0.454299 0.022321 0.000010 0.000010 0.000010 0.000010 0.523280 0.000010 0.000010 0.000010 0.000010 0.000010
0.000010 0.000010 0.000010 0.000010 0.000010 0.000010 0.000010 0.671937 0.000010 0.018401 0.253998 0.055574 0.000010
0.000010 0.960565 0.000010 0.000010 0.000010 0.000010 0.000010 0.000010 0.000010 0.000010 0.000010 0.039325 0.000010
0.000010 0.000010 0.000010 0.000010 0.000010 0.000010 0.000010 0.666915 0.000010 0.000010 0.285440 0.047545 0.000010
0.147962 0.000010 0.000010 0.515363 0.000010 0.000010 0.000010 0.000010 0.000010 0.336576 0.000010 0.000010 0.000010
0.000010 0.000010 0.000010 0.000010 0.000010 0.000010 0.000010 0.999880 0.000010 0.000010 0.000010 0.000010 0.000010
0.000010 0.900257 0.000010 0.000010 0.099633 0.000010 0.000010 0.000010 0.000010 0.000010 0.000010 0.000010 0.000010
0.000010 0.000010 0.000010 0.000010 0.000010 0.000010 0.000010 0.999880 0.000010 0.000010 0.000010 0.000010 0.000010
0.000010 0.088360 0.000010 0.737852 0.000010 0.000010 0.000010 0.000010 0.000011 0.173688 0.000010 0.000010 0.000010
0.000010 0.000010 0.735741 0.000010 0.000010 0.000010 0.000010 0.040661 0.000010 0.000010 0.223498 0.000010 0.000010
0.000010 0.110435 0.889455 0.000010 0.000010 0.000010 0.000010 0.000010 0.000010 0.000010 0.000010 0.000010 0.000010
0.000010 0.000010 0.156385 0.000010 0.000010 0.000010 0.000010 0.202530 0.129006 0.499346 0.000010 0.000010 0.012653
0.150001 0.000010 0.000010 0.048928 0.000010 0.050035 0.000010 0.733087 0.000010 0.000010 0.017869 0.000010 0.000010
0.000010 0.000010 0.000010 0.203463 0.041837 0.000010 0.000010 0.000010 0.065455 0.000010 0.000010 0.689155 0.000010
0.000010 0.012820 0.028816 0.261102 0.000010 0.000010 0.021002 0.000010 0.000010 0.000010 0.017279 0.658911 0.000010
0.103431 0.000010 0.543950 0.000010 0.000010 0.000010 0.000010 0.047425 0.059855 0.000010 0.186166 0.020179 0.038933
0.000010 0.000010 0.000010 0.670739 0.000010 0.000010 0.000010 0.000010 0.046902 0.000010 0.000010 0.282259 0.000010
0.042690 0.082700 0.000010 0.732145 0.000010 0.000010 0.000010 0.000010 0.000010 0.142375 0.000010 0.000010 0.000010
0.000010 0.000010 0.856680 0.000010 0.000010 0.000010 0.000010 0.000010 0.000010 0.000010 0.143210 0.000010 0.000010
0.107995 0.000010 0.000010 0.845342 0.000010 0.022198 0.000010 0.000010 0.024375 0.000010 0.000010 0.000010 0.000010
0.356173 0.276184 0.148106 0.078058 0.000010 0.000010 0.000010 0.052059 0.000010 0.000010 0.000010 0.089349 0.000010
0.000010 0.999880 0.000010 0.000010 0.000010 0.000010 0.000010 0.000010 0.000010 0.000010 0.000010 0.000010 0.000010
0.578848 0.000010 0.000010 0.000010 0.000010 0.000010 0.000010 0.222282 0.000010 0.198770 0.000010 0.000010 0.000010
0.067809 0.000010 0.000010 0.823674 0.000010 0.074995 0.000010 0.000010 0.000010 0.033432 0.000010 0.000010 0.000010
0.084171 0.536206 0.000010 0.000010 0.000010 0.000010 0.000010 0.000010 0.000010 0.000010 0.379523 0.000010 0.000010
0.075477 0.772650 0.151773 0.000010 0.000010 0.000010 0.000010 0.000010 0.000010 0.000010 0.000010 0.000010 0.000010
0.000010 0.426100 0.422415 0.000010 0.000010 0.151385 0.000010 0.000010 0.000010 0.000010 0.000010 0.000010 0.000010
0.045936 0.241430 0.024355 0.000010 0.196891 0.000010 0.000010 0.463445 0.000010 0.000010 0.000010 0.027873 0.000010
0.000010 0.000010 0.000010 0.000010 0.620820 0.191709 0.000010 0.187371 0.000010 0.000010 0.000010 0.000010 0.000010
0.048413 0.838001 0.113486 0.000010 0.000010 0.000010 0.000010 0.000010 0.000010 0.000010 0.000010 0.000010 0.000010
0.019480 0.500083 0.057708 0.184253 0.139165 0.018434 0.000010 0.055627 0.000010 0.025200 0.000010 0.000010 0.000010
0.000010 0.657872 0.247806 0.033979 0.000010 0.000010 0.000010 0.000010 0.000010 0.000010 0.000010 0.060253 0.000010
0.000010 0.000010 0.209795 0.000010 0.297332 0.492773 0.000010 0.000010 0.000010 0.000010 0.000010 0.000010 0.000010
0.000010 0.000010 0.000010 0.000010 0.000010 0.999880 0.000010 0.000010 0.000010 0.000010 0.000010 0.000010 0.000010
0.180192 0.000010 0.000010 0.819698 0.000010 0.000010 0.000010 0.000010 0.000010 0.000010 0.000010 0.000010 0.000010
0.000010 0.112022 0.075659 0.774521 0.000010 0.021225 0.000010 0.000010 0.016493 0.000010 0.000010 0.000010 0.000010
