0.000010 0.000010 0.072792 0.014186 0.429748 0.000010 0.000010 0.025327 0.000010 0.457887 0.000010
0.000010 0.000010 0.000010 0.000010 0.000010 0.254564 0.000010 0.034787 0.000010 0.710568 0.000010
0.999900 0.000010 0.000010 0.000010 0.000010 0.000010 0.000010 0.000010 0.000010 0.000010 0.000010
0.000010 0.000010 0.000010 0.000010 0.000010 0.999900 0.000010 0.000010 0.000010 0.000010 0.000010
0.000010 0.000010 0.000010 0.000010 0.000010 0.999900 0.000010 0.000010 0.000010 0.000010 0.000010
0.308153 0.000010 0.000010 0.000010 0.000010 0.568967 0.122800 0.000010 0.000010 0.000010 0.000010
0.636132 0.000010 0.000010 0.000010 0.000010 0.255391 0.000010 0.000010 0.000010 0.108398 0.000010
0.963747 0.036163 0.000010 0.000010 0.000010 0.000010 0.000010 0.000010 0.000010 0.000010 0.000010
0.000010 0.000010 0.269916 0.729994 0.000010 0.000010 0.000010 0.000010 0.000010 0.000010 0.000010
0.000010 0.000010 0.000010 0.999900 0.000010 0.000010 0.000010 0.000010 0.000010 0.000010 0.000010
0.000010 0.999900 0.000010 0.000010 0.000010 0.000010 0.000010 0.000010 0.000010 0.000010 0.000010
0.224535 0.474682 0.000010 0.060723 0.000010 0.000010 0.000010 0.000010 0.093527 0.146472 0.000010
0.000010 0.000010 0.000010 0.999900 0.000010 0.000010 0.000010 0.000010 0.000010 0.000010 0.000010
0.000010 0.000010 0.000010 0.999900 0.000010 0.000010 0.000010 0.000010 0.000010 0.000010 0.000010
0.000010 0.000010 0.000010 0.999900 0.000010 0.000010 0.000010 0.000010 0.000010 0.000010 0.000010
0.000010 0.000010 0.000010 0.000010 0.000010 0.000010 0.000010 0.000010 0.000010 0.999900 0.000010
0.000010 0.000010 0.000010 0.000010 0.000010 0.946521 0.000010 0.000010 0.000010 0.053389 0.000010
0.000010 0.072602 0.000010 0.063406 0.863911 0.000010 0.000010 0.000010 0.000010 0.000010 0.000010
0.384993 0.011106 0.000010 0.000010 0.489327 0.000010 0.000010 0.068935 0.045579 0.000010 0.000010
0.999900 0.000010 0.000010 0.000010 0.000010 0.000010 0.000010 0.000010 0.000010 0.000010 0.000010
0.000010 0.999900 0.000010 0.000010 0.000010 0.000010 0.000010 0.000010 0.000010 0.000010 0.000010
0.000010 0.999900 0.000010 0.000010 0.000010 0.000010 0.000010 0.000010 0.000010 0.000010 0.000010
0.000010 0.000010 0.000010 0.000010 0.000010 0.950615 0.000010 0.000010 0.000010 0.049295 0.000010
0.000010 0.999900 0.000010 0.000010 0.000010 0.000010 0.000010 0.000010 0.000010 0.000010 0.000010
0.674469 0.000010 0.000010 0.000010 0.000010 0.297664 0.000010 0.025857 0.001940 0.000010 0.000010
0.910560 0.000010 0.000010 0.000010 0.000010 0.000010 0.064191 0.025169 0.000010 0.000010 0.000010
0.999900 0.000010 0.000010 0.000010 0.000010 0.000010 0.000010 0.000010 0.000010 0.000010 0.000010
0.999900 0.000010 0.000010 0.000010 0.000010 0.000010 0.000010 0.000010 0.000010 0.000010 0.000010
0.393305 0.000010 0.000010 0.000010 0.000010 0.441369 0.000010 0.000010 0.000010 0.165246 0.000010
0.743559 0.000010 0.000010 0.000010 0.000010 0.000010 0.171405 0.000010 0.000010 0.084956 0.000010
0.000010 0.000010 0.000010 0.999900 0.000010 0.000010 0.000010 0.000010 0.000010 0.000010 0.000010
0.043335 0.000010 0.754246 0.044522 0.000010 0.000010 0.000010 0.000010 0.000010 0.157827 0.000010
0.846147 0.001162 0.000010 0.000010 0.000010 0.122662 0.029958 0.000010 0.000010 0.000010 0.000010
0.999900 0.000010 0.000010 0.000010 0.000010 0.000010 0.000010 0.000010 0.000010 0.000010 0.000010
0.671011 0.000010 0.000010 0.000010 0.000010 0.000010 0.000010 0.000010 0.160104 0.168805 0.000010
0.375218 0.000010 0.000010 0.000010 0.000010 0.482758 0.000010 0.000010 0.063845 0.078109 0.000010
0.169376 0.000010 0.000010 0.000010 0.000010 0.563961 0.186492 0.000010 0.000010 0.080100 0.000010
0.429597 0.000010 0.000010 0.000010 0.000010 0.301647 0.064805 0.023530 0.000010 0.180362 0.000010
0.000010 0.015398 0.257289 0.028172 0.000010 0.031182 0.000010 0.000010 0.443664 0.095419 0.128836
0.738787 0.000010 0.000010 0.000010 0.000010 0.214349 0.000010 0.000010 0.046784 0.000010 0.000010
0.000010 0.000010 0.650504 0.000010 0.056072 0.134611 0.000010 0.074481 0.084272 0.000010 0.000010
0.000010 0.000010 0.000010 0.999900 0.000010 0.000010 0.000010 0.000010 0.000010 0.000010 0.000010
0.000010 0.785132 0.000010 0.214778 0.000010 0.000010 0.000010 0.000010 0.000010 0.000010 0.000010
0.000010 0.999899 0.000010 0.000010 0.000011 0.000010 0.000010 0.000010 0.000010 0.000010 0.000010
0.000010 0.881953 0.117957 0.000010 0.000010 0.000010 0.000010 0.000010 0.000010 0.000010 0.000010
0.000010 0.999900 0.000010 0.000010 0.000010 0.000010 0.000010 0.000010 0.000010 0.000010 0.000010
0.000010 0.887304 0.112606 0.000010 0.000010 0.000010 0.000010 0.000010 0.000010 0.000010 0.000010
0.000010 0.999900 0.000010 0.000010 0.000010 0.000010 0.000010 0.000010 0.000010 0.000010 0.000010
0.000010 0.042474 0.022160 0.000010 0.316407 0.000010 0.212444 0.000010 0.000010 0.406456 0.000010
0.000010 0.314801 0.000010 0.058253 0.519227 0.000010 0.107649 0.000010 0.000010 0.000010 0.000010
0.000010 0.493938 0.000010 0.505972 0.000010 0.000010 0.000010 0.000010 0.000010 0.000010 0.000010
0.000010 0.000010 0.000010 0.000010 0.000010 0.999900 0.000010 0.000010 0.000010 0.000010 0.000010
0.000010 0.999900 0.000010 0.000010 0.000010 0.000010 0.000010 0.000010 0.000010 0.000010 0.000010
0.000010 0.386156 0.000010 0.281828 0.193751 0.000010 0.138194 0.000010 0.000010 0.000010 0.000010
0.000010 0.000010 0.000010 0.000010 0.000010 0.000010 0.000010 0.000010 0.999900 0.000010 0.000010
0.000010 0.881128 0.118782 0.000010 0.000010 0.000010 0.000010 0.000010 0.000010 0.000010 0.000010
0.000010 0.000010 0.000010 0.000010 0.999900 0.000010 0.000010 0.000010 0.000010 0.000010 0.000010
0.000010 0.000010 0.784820 0.062143 0.152957 0.000010 0.000010 0.000010 0.000010 0.000010 0.000010
0.035541 0.297712 0.000010 0.004730 0.661947 0.000010 0.000010 0.000010 0.000010 0.000010 0.000010
0.000010 0.000010 0.238052 0.000010 0.000010 0.131310 0.000010 0.000010 0.378816 0.239165 0.012596
0.106770 0.000010 0.000010 0.000010 0.000010 0.179130 0.000010 0.000010 0.107601 0.563187 0.043251
0.000010 0.005108 0.372234 0.000010 0.000010 0.000010 0.199001 0.000010 0.423588 0.000010 0.000010
0.000010 0.000010 0.287596 0.000010 0.221666 0.000010 0.000010 0.000010 0.000010 0.490658 0.000010
0.024286 0.000010 0.435258 0.000010 0.065137 0.000010 0.038475 0.000010 0.000010 0.436784 0.000010
0.632790 0.000010 0.000010 0.000010 0.000010 0.359952 0.002581 0.004607 0.000010 0.000010 0.000010
0.000010 0.000010 0.000010 0.000010 0.000010 0.999900 0.000010 0.000010 0.000010 0.000010 0.000010
0.000010 0.000010 0.000010 0.000010 0.000010 0.000010 0.000010 0.000010 0.999900 0.000010 0.000010
0.000010 0.000010 0.000010 0.000010 0.000010 0.000010 0.000010 0.000010 0.999900 0.000010 0.000010
0.000010 0.008246 0.000010 0.000010 0.991664 0.000010 0.000010 0.000010 0.000010 0.000010 0.000010
0.000010 0.064840 0.131233 0.000010 0.659044 0.000010 0.039932 0.045641 0.059260 0.000010 0.000010
0.000010 0.000010 0.000010 0.000010 0.000010 0.179230 0.000010 0.000010 0.092588 0.689936 0.038176
0.000010 0.000010 0.000010 0.000010 0.999900 0.000010 0.000010 0.000010 0.000010 0.000010 0.000010
0.000010 0.051498 0.021960 0.001783 0.683901 0.000010 0.017663 0.000010 0.000010 0.065493 0.157662
0.000010 0.000010 0.999900 0.000010 0.000010 0.000010 0.000010 0.000010 0.000010 0.000010 0.000010
0.085424 0.051790 0.071316 0.018500 0.760639 0.000010 0.000010 0.000019 0.000010 0.000010 0.012273
0.000010 0.000010 0.824210 0.000010 0.000010 0.000010 0.000010 0.000010 0.000010 0.175700 0.000010
0.000010 0.000010 0.062171 0.000010 0.000010 0.000010 0.030936 0.000010 0.906813 0.000010 0.000010
0.017561 0.000010 0.327735 0.018733 0.000010 0.000010 0.000010 0.000010 0.421995 0.213915 0.000010
0.000010 0.000010 0.000010 0.000010 0.000010 0.287594 0.000010 0.009102 0.000010 0.703224 0.000010
0.000010 0.072112 0.051375 0.000010 0.673624 0.080132 0.000010 0.000010 0.000010 0.056392 0.066315
0.934350 0.000010 0.000010 0.000010 0.000010 0.000010 0.000010 0.000010 0.000010 0.065560 0.000010
0.000010 0.000010 0.000010 0.000010 0.000010 0.999900 0.000010 0.000010 0.000010 0.000010 0.000010
0.970579 0.000010 0.000010 0.017250 0.012090 0.000010 0.000010 0.000010 0.000010 0.000010 0.000010
0.993215 0.006695 0.000010 0.000010 0.000010 0.000010 0.000010 0.000010 0.000010 0.000010 0.000010
0.000010 0.000010 0.000010 0.000010 0.000010 0.999900 0.000010 0.000010 0.000010 0.000010 0.000010
0.825497 0.000010 0.000010 0.000010 0.000010 0.000010 0.104410 0.070013 0.000010 0.000010 0.000010
0.000010 0.000010 0.000010 0.000010 0.000010 0.000010 0.000010 0.000010 0.999900 0.000010 0.000010
0.000010 0.508904 0.000010 0.491006 0.000010 0.000010 0.000010 0.000010 0.000010 0.000010 0.000010
0.000010 0.000010 0.000010 0.028089 0.246971 0.102856 0.000010 0.622014 0.000010 0.000010 0.000010
0.000010 0.999900 0.000010 0.000010 0.000010 0.000010 0.000010 0.000010 0.000010 0.000010 0.000010
0.000010 0.999900 0.000010 0.000010 0.000010 0.000010 0.000010 0.000010 0.000010 0.000010 0.000010
0.000010 0.999900 0.000010 0.000010 0.000010 0.000010 0.000010 0.000010 0.000010 0.000010 0.000010
0.000010 0.293413 0.000010 0.000010 0.706497 0.000010 0.000010 0.000010 0.000010 0.000010 0.000010
0.000010 0.031550 0.000010 0.000010 0.000010 0.000010 0.000010 0.000010 0.968360 0.000010 0.000010
0.000010 0.000010 0.000010 0.134816 0.000010 0.000010 0.000010 0.000010 0.865094 0.000010 0.000010
0.947697 0.000010 0.000010 0.000010 0.000010 0.000010 0.052213 0.000010 0.000010 0.000010 0.000010
0.000010 0.000010 0.256079 0.000010 0.000010 0.130647 0.013153 0.177521 0.000010 0.000010 0.422540
0.000010 0.000010 0.836149 0.000010 0.000010 0.000010 0.157204 0.006566 0.000010 0.000010 0.000010
0.000010 0.000010 0.054164 0.000010 0.000010 0.000010 0.000010 0.000010 0.945746 0.000010 0.000010
0.000010 0.000010 0.000010 0.000010 0.000010 0.000010 0.999900 0.000010 0.000010 0.000010 0.000010
0.033263 0.008259 0.057542 0.000010 0.054684 0.077052 0.190105 0.000010 0.000010 0.532153 0.046911
0.000010 0.000010 0.000010 0.000010 0.000010 0.000010 0.365827 0.000010 0.634083 0.000010 0.000010
0.087450 0.051215 0.088372 0.000010 0.453948 0.000010 0.272794 0.000010 0.030445 0.000010 0.015736
0.000010 0.000010 0.000010 0.000010 0.000010 0.000010 0.440794 0.000010 0.474393 0.084733 0.000010
0.186967 0.000010 0.000010 0.000010 0.000010 0.089134 0.161313 0.042439 0.000010 0.520087 0.000010
0.000010 0.000010 0.000010 0.000010 0.000010 0.000010 0.000010 0.050461 0.863269 0.086190 0.000010
0.000010 0.000010 0.328517 0.000010 0.000010 0.000010 0.000010 0.000010 0.671393 0.000010 0.000010
0.013235 0.000010 0.000010 0.000010 0.897006 0.000010 0.000010 0.049460 0.000010 0.040229 0.000010
0.000010 0.000010 0.999900 0.000010 0.000010 0.000010 0.000010 0.000010 0.000010 0.000010 0.000010
0.584445 0.000010 0.000010 0.000010 0.016834 0.285573 0.000010 0.000010 0.000010 0.113078 0.000010
0.840846 0.000010 0.000010 0.000010 0.000010 0.159064 0.000010 0.000010 0.000010 0.000010 0.000010
0.000010 0.005607 0.000010 0.000010 0.751687 0.000010 0.000010 0.172142 0.000010 0.000010 0.070494
0.000010 0.000010 0.160119 0.078619 0.000010 0.146661 0.012898 0.370097 0.000010 0.000010 0.231557
0.000010 0.000010 0.000010 0.000010 0.000010 0.000010 0.000010 0.936484 0.063426 0.000010 0.000010
0.000010 0.000010 0.000010 0.000010 0.000010 0.000010 0.000010 0.999900 0.000010 0.000010 0.000010
0.010323 0.169845 0.075418 0.041854 0.702500 0.000010 0.000010 0.000010 0.000010 0.000010 0.000010
0.000010 0.000010 0.000010 0.000010 0.000010 0.142742 0.253768 0.000010 0.000010 0.603411 0.000010
0.000010 0.010299 0.000010 0.000010 0.188501 0.037034 0.304616 0.000010 0.257944 0.201556 0.000010
0.999900 0.000010 0.000010 0.000010 0.000010 0.000010 0.000010 0.000010 0.000010 0.000010 0.000010
0.000010 0.016679 0.436918 0.000010 0.000010 0.000010 0.515966 0.000010 0.015372 0.015005 0.000010
0.711863 0.000010 0.000010 0.000010 0.000010 0.143554 0.000010 0.000010 0.000010 0.144502 0.000010
0.716056 0.000010 0.000010 0.000010 0.000010 0.000010 0.129559 0.000010 0.000010 0.154305 0.000010
0.000010 0.000010 0.000010 0.000010 0.000010 0.000010 0.000010 0.999900 0.000010 0.000010 0.000010
0.071109 0.000010 0.410504 0.000010 0.000010 0.000010 0.000010 0.029885 0.214117 0.274326 0.000010
0.000010 0.000010 0.000010 0.000010 0.000010 0.000010 0.000010 0.999900 0.000010 0.000010 0.000010
0.000010 0.000010 0.000010 0.000010 0.000010 0.000010 0.000010 0.999900 0.000010 0.000010 0.000010
0.000010 0.000010 0.000010 0.000010 0.000010 0.000010 0.000010 0.999900 0.000010 0.000010 0.000010
0.000010 0.019286 0.500594 0.000010 0.000010 0.122097 0.000010 0.000010 0.241060 0.093555 0.023359
0.802284 0.000010 0.000010 0.000010 0.000010 0.000010 0.197626 0.000010 0.000010 0.000010 0.000010
0.470218 0.000010 0.000010 0.000010 0.000010 0.334290 0.000010 0.033121 0.090975 0.071335 0.000010
0.000010 0.025444 0.332344 0.000010 0.108386 0.232937 0.000010 0.000010 0.000010 0.000010 0.300830
0.000010 0.100059 0.403528 0.000010 0.156811 0.000010 0.000010 0.066415 0.000010 0.000010 0.273127
0.000010 0.000010 0.000010 0.999900 0.000010 0.000010 0.000010 0.000010 0.000010 0.000010 0.000010
0.091451 0.000010 0.099084 0.000010 0.201682 0.093629 0.093946 0.000010 0.000010 0.420158 0.000010
0.839087 0.000010 0.000010 0.000010 0.000010 0.000010 0.021829 0.000010 0.139004 0.000010 0.000010
0.000010 0.000010 0.999900 0.000010 0.000010 0.000010 0.000010 0.000010 0.000010 0.000010 0.000010
0.000010 0.118878 0.881032 0.000010 0.000010 0.000010 0.000010 0.000010 0.000010 0.000010 0.000010
0.000010 0.032596 0.694973 0.000010 0.000010 0.132291 0.122856 0.000010 0.017224 0.000010 0.000010
0.000010 0.000010 0.000010 0.000010 0.000010 0.999900 0.000010 0.000010 0.000010 0.000010 0.000010
0.751381 0.000010 0.049802 0.000010 0.000010 0.000010 0.198737 0.000010 0.000010 0.000010 0.000010
0.658118 0.000010 0.000010 0.000010 0.000010 0.000010 0.038457 0.000010 0.000010 0.285982 0.017373
0.886077 0.000015 0.000010 0.022445 0.000010 0.000010 0.000010 0.000010 0.000010 0.091393 0.000010
0.000010 0.246101 0.010167 0.097338 0.646325 0.000010 0.000010 0.000010 0.000010 0.000010 0.000010
0.000010 0.000010 0.000010 0.000010 0.000010 0.000010 0.999900 0.000010 0.000010 0.000010 0.000010
0.000010 0.172639 0.000010 0.000010 0.579941 0.159728 0.032778 0.008057 0.039029 0.007787 0.000010
0.222949 0.000010 0.000010 0.000010 0.289016 0.000010 0.138940 0.000010 0.000010 0.349025 0.000010
0.000010 0.143075 0.000010 0.000010 0.856835 0.000010 0.000010 0.000010 0.000010 0.000010 0.000010
0.000010 0.000010 0.000010 0.000010 0.925585 0.074325 0.000010 0.000010 0.000010 0.000010 0.000010
0.000010 0.054381 0.000010 0.000010 0.945529 0.000010 0.000010 0.000010 0.000010 0.000010 0.000010
0.000010 0.000010 0.000010 0.000010 0.935804 0.000010 0.064106 0.000010 0.000010 0.000010 0.000010
0.000010 0.079437 0.730739 0.000010 0.187127 0.000010 0.000010 0.002628 0.000010 0.000010 0.000010
0.000010 0.000010 0.000010 0.000010 0.000010 0.000010 0.000010 0.999900 0.000010 0.000010 0.000010
0.000010 0.000010 0.000010 0.000010 0.000010 0.000010 0.000010 0.000010 0.999900 0.000010 0.000010
0.000010 0.000010 0.000010 0.000010 0.000010 0.300232 0.452286 0.000010 0.000010 0.247402 0.000010
0.000010 0.041747 0.000010 0.000010 0.786190 0.000010 0.000010 0.166469 0.000010 0.000010 0.005524
0.404303 0.000010 0.000010 0.000010 0.000010 0.000010 0.000010 0.000010 0.106971 0.442122 0.046534
0.000010 0.000010 0.000010 0.000010 0.999900 0.000010 0.000010 0.000010 0.000010 0.000010 0.000010
0.012516 0.000010 0.000010 0.000010 0.000010 0.276572 0.167332 0.000010 0.080843 0.462677 0.000010
0.149235 0.006530 0.000010 0.015625 0.000010 0.205190 0.201828 0.019110 0.094095 0.308357 0.000010
0.161728 0.000010 0.000010 0.000010 0.000010 0.000010 0.368133 0.000010 0.470059 0.000010 0.000010
0.000010 0.000010 0.378771 0.000010 0.000010 0.000010 0.000010 0.000010 0.170386 0.325600 0.125173
0.000010 0.000010 0.025641 0.000010 0.000010 0.000010 0.481232 0.000010 0.493047 0.000010 0.000010
0.000010 0.000010 0.000010 0.000010 0.000010 0.269836 0.000010 0.000010 0.730074 0.000010 0.000010
0.000010 0.000010 0.666647 0.000010 0.000010 0.220574 0.112699 0.000010 0.000010 0.000010 0.000010
0.000010 0.000010 0.285810 0.000010 0.178540 0.000010 0.000010 0.000010 0.000010 0.535570 0.000010
0.000010 0.036872 0.582247 0.000010 0.038103 0.000010 0.247364 0.000010 0.000010 0.000010 0.095354
0.000010 0.000010 0.000010 0.061644 0.090060 0.000010 0.000010 0.000010 0.000010 0.848216 0.000010
0.000010 0.000010 0.000010 0.155124 0.110488 0.000010 0.000010 0.000010 0.000010 0.734308 0.000010
0.072169 0.000010 0.451863 0.057590 0.000010 0.000010 0.050518 0.000010 0.000010 0.367800 0.000010
0.074289 0.015895 0.000010 0.038823 0.290867 0.000010 0.037895 0.000010 0.000010 0.542180 0.000010
0.000010 0.000010 0.000010 0.000010 0.000010 0.000010 0.700201 0.000010 0.299709 0.000010 0.000010
0.000010 0.000010 0.000010 0.000010 0.000010 0.202684 0.000010 0.000010 0.000010 0.797226 0.000010
0.000010 0.000010 0.000010 0.000010 0.000010 0.135050 0.448912 0.000010 0.239882 0.176086 0.000010
0.000010 0.000010 0.000010 0.000010 0.224766 0.000010 0.775144 0.000010 0.000010 0.000010 0.000010
0.000010 0.000010 0.000010 0.000010 0.995077 0.000010 0.000010 0.000010 0.004833 0.000010 0.000010
0.000010 0.000010 0.000010 0.000010 0.000010 0.203339 0.021621 0.000010 0.000010 0.774960 0.000010
0.000010 0.000010 0.000010 0.000010 0.000010 0.000010 0.999900 0.000010 0.000010 0.000010 0.000010
0.000010 0.014706 0.015011 0.000010 0.000010 0.000010 0.000010 0.461461 0.000010 0.000010 0.508753
0.000010 0.025244 0.000010 0.000010 0.000010 0.040174 0.000010 0.934502 0.000010 0.000010 0.000010
0.000010 0.000010 0.530514 0.000010 0.000010 0.392192 0.018138 0.000010 0.059087 0.000010 0.000010
0.000010 0.000010 0.000010 0.000010 0.000010 0.000010 0.000010 0.880686 0.000010 0.000010 0.119224
0.038533 0.000010 0.000010 0.000010 0.060551 0.000010 0.000010 0.900836 0.000010 0.000010 0.000010
0.160081 0.000010 0.000010 0.000010 0.051232 0.000010 0.000010 0.000010 0.000010 0.000010 0.788607
0.000010 0.000010 0.000010 0.000010 0.842185 0.157725 0.000010 0.000010 0.000010 0.000010 0.000010
0.000010 0.000010 0.073969 0.000010 0.000010 0.000010 0.000010 0.646683 0.000010 0.000010 0.279268
0.000010 0.000010 0.000010 0.000010 0.000010 0.065928 0.000010 0.915678 0.000013 0.018310 0.000010
0.000010 0.000010 0.000010 0.000010 0.005559 0.000010 0.000010 0.994351 0.000010 0.000010 0.000010
0.124787 0.000010 0.000010 0.000010 0.000010 0.077145 0.000010 0.000010 0.169406 0.628592 0.000010
0.000010 0.011589 0.000010 0.000010 0.000010 0.000010 0.000010 0.018533 0.000010 0.969798 0.000010
0.000010 0.000010 0.527545 0.000010 0.000010 0.000010 0.000010 0.172528 0.299847 0.000010 0.000010
0.000010 0.000010 0.107677 0.000010 0.000010 0.351782 0.157145 0.000010 0.118395 0.264942 0.000010
0.000010 0.000010 0.000010 0.000010 0.000010 0.006684 0.000010 0.563229 0.000010 0.000010 0.430007
0.000010 0.000010 0.308793 0.000010 0.000010 0.000010 0.458897 0.000010 0.205239 0.027001 0.000010
0.000010 0.000010 0.124617 0.000010 0.000010 0.000010 0.000010 0.875293 0.000010 0.000010 0.000010
0.014527 0.000010 0.047718 0.000010 0.026796 0.000010 0.000010 0.629651 0.000010 0.000010 0.281248
0.324810 0.000010 0.000010 0.000010 0.078302 0.062836 0.168568 0.000010 0.199659 0.140861 0.024924
0.000010 0.000010 0.000010 0.000010 0.000010 0.000010 0.000010 0.000010 0.000010 0.999900 0.000010
0.074575 0.028458 0.000010 0.000010 0.000010 0.000010 0.000010 0.843850 0.053047 0.000010 0.000010
0.000010 0.000010 0.056215 0.000010 0.000010 0.000010 0.000010 0.026311 0.000010 0.917394 0.000010
0.000010 0.000010 0.495612 0.135275 0.000010 0.000010 0.000010 0.000010 0.027751 0.244320 0.096982
0.000010 0.000010 0.000010 0.000010 0.000010 0.000010 0.000010 0.512001 0.000010 0.000010 0.487909
0.000010 0.000010 0.082677 0.000010 0.000010 0.000010 0.000010 0.846894 0.000010 0.066002 0.004357
0.000010 0.000010 0.000010 0.000010 0.000010 0.000010 0.000010 0.999900 0.000010 0.000010 0.000010
0.000010 0.000010 0.081537 0.002290 0.070741 0.000010 0.736936 0.000010 0.108437 0.000010 0.000010
0.000010 0.000010 0.999900 0.000010 0.000010 0.000010 0.000010 0.000010 0.000010 0.000010 0.000010
0.087832 0.000010 0.000010 0.000010 0.438009 0.000010 0.167696 0.000010 0.000010 0.306393 0.000010
0.103339 0.008871 0.317822 0.000010 0.000010 0.000010 0.199588 0.076242 0.015474 0.262844 0.015790
0.097487 0.000010 0.044723 0.000010 0.005914 0.000010 0.000010 0.120751 0.000010 0.000010 0.731066
0.000010 0.000010 0.000010 0.000010 0.000010 0.000010 0.000010 0.415184 0.000010 0.000010 0.584726
0.000010 0.080631 0.000010 0.000010 0.000010 0.000010 0.000010 0.116440 0.049901 0.000010 0.752957
0.000010 0.000010 0.000010 0.000010 0.000010 0.000010 0.000010 0.344653 0.000010 0.000010 0.655257
0.065451 0.000010 0.000010 0.000010 0.000010 0.000010 0.023881 0.024692 0.000010 0.885906 0.000010
0.000010 0.000010 0.000010 0.999899 0.000010 0.000011 0.000010 0.000010 0.000010 0.000010 0.000010
0.531887 0.000010 0.000010 0.000010 0.000010 0.379927 0.050743 0.000010 0.037373 0.000010 0.000010
0.137978 0.036896 0.000010 0.000010 0.000010 0.697722 0.000010 0.000010 0.127334 0.000010 0.000010
0.648014 0.000010 0.000010 0.000010 0.000010 0.283212 0.000010 0.000010 0.000010 0.068694 0.000010
0.000010 0.012018 0.399492 0.000010 0.311288 0.000010 0.157189 0.119953 0.000010 0.000010 0.000010
0.000010 0.000010 0.000010 0.000010 0.000010 0.000010 0.000010 0.998500 0.000010 0.001410 0.000010
0.000010 0.000010 0.663729 0.000010 0.336181 0.000010 0.000010 0.000010 0.000010 0.000010 0.000010
0.004660 0.000010 0.359018 0.000010 0.308250 0.000010 0.080494 0.055870 0.000010 0.191657 0.000010
0.000010 0.000010 0.000010 0.007728 0.000010 0.000010 0.000010 0.079803 0.009176 0.000010 0.903224
0.000010 0.000010 0.000010 0.000010 0.000010 0.000010 0.000010 0.206113 0.000010 0.000010 0.793797
0.000010 0.000010 0.000010 0.000010 0.000010 0.000010 0.000010 0.999900 0.000010 0.000010 0.000010
0.001260 0.000010 0.000010 0.000010 0.000010 0.000010 0.000010 0.085474 0.000010 0.000010 0.913187
0.054360 0.000010 0.000010 0.000010 0.000010 0.890512 0.000010 0.000010 0.055049 0.000010 0.000010
0.000010 0.000010 0.000010 0.000010 0.000010 0.999900 0.000010 0.000010 0.000010 0.000010 0.000010
0.627476 0.000010 0.000010 0.000010 0.000010 0.274366 0.095295 0.000010 0.000010 0.000010 0.002793
0.000010 0.000010 0.000010 0.000010 0.000010 0.000010 0.000010 0.000010 0.000010 0.000010 0.999900
0.999900 0.000010 0.000010 0.000010 0.000010 0.000010 0.000010 0.000010 0.000010 0.000010 0.000010
0.575613 0.026477 0.000010 0.000010 0.000010 0.189526 0.208315 0.000010 0.000010 0.000010 0.000010
0.106172 0.000010 0.000010 0.000010 0.000010 0.118450 0.566379 0.000010 0.000010 0.208930 0.000010
0.000010 0.000010 0.000010 0.000010 0.000010 0.000010 0.000010 0.214267 0.000010 0.000010 0.785643
0.000010 0.000010 0.000010 0.000010 0.000010 0.000010 0.000010 0.999900 0.000010 0.000010 0.000010
0.000010 0.000010 0.000010 0.000010 0.000010 0.000010 0.037242 0.000010 0.000010 0.000010 0.962668
0.000010 0.000010 0.000010 0.000010 0.000010 0.000010 0.000010 0.000010 0.064724 0.000010 0.935186
0.000010 0.000010 0.000010 0.000010 0.000010 0.000010 0.055966 0.000010 0.000010 0.000010 0.943944
0.000010 0.002010 0.053019 0.000010 0.000010 0.000010 0.000010 0.233957 0.000010 0.000010 0.710944
0.000010 0.000010 0.000010 0.000010 0.000010 0.000010 0.000010 0.358940 0.000010 0.000010 0.640970
0.001941 0.000010 0.000010 0.000010 0.000010 0.000010 0.000010 0.207861 0.067438 0.000010 0.722690
0.000010 0.000010 0.000010 0.000010 0.271858 0.156029 0.000010 0.000010 0.475963 0.096080 0.000010
0.000010 0.000010 0.000010 0.000010 0.000010 0.000010 0.999900 0.000010 0.000010 0.000010 0.000010
0.000010 0.000010 0.000010 0.000010 0.000010 0.000010 0.000010 0.131695 0.000010 0.000010 0.868215
0.000010 0.016988 0.000010 0.000010 0.000010 0.000010 0.000010 0.000010 0.000010 0.000010 0.982922
0.899934 0.000010 0.000010 0.000010 0.000010 0.000010 0.079567 0.020419 0.000010 0.000010 0.000010
0.709596 0.024318 0.000010 0.000010 0.000010 0.251037 0.000010 0.000010 0.014979 0.000010 0.000010
0.000010 0.000010 0.000010 0.000010 0.000010 0.999900 0.000010 0.000010 0.000010 0.000010 0.000010
0.000010 0.000010 0.000010 0.015589 0.244858 0.000010 0.000010 0.575478 0.000010 0.164005 0.000010
0.000010 0.000010 0.000010 0.000010 0.000010 0.000010 0.007747 0.000010 0.434561 0.557612 0.000010
0.000010 0.000010 0.000010 0.000010 0.000010 0.000010 0.000010 0.000010 0.999900 0.000010 0.000010
0.000010 0.000010 0.000010 0.000010 0.000010 0.050728 0.000010 0.949182 0.000010 0.000010 0.000010
0.019665 0.158348 0.296225 0.000010 0.000010 0.003206 0.000010 0.089768 0.240836 0.191912 0.000010
0.000010 0.000010 0.147480 0.000010 0.000010 0.117280 0.146475 0.000510 0.588194 0.000010 0.000010
0.000010 0.000010 0.000010 0.000010 0.000010 0.000010 0.000010 0.999900 0.000010 0.000010 0.000010
0.000010 0.039134 0.180437 0.082317 0.000010 0.000010 0.000010 0.140364 0.000010 0.557687 0.000010
0.000010 0.000010 0.156176 0.000010 0.036893 0.384099 0.036941 0.000010 0.000010 0.385831 0.000010
0.000010 0.000010 0.000010 0.102740 0.000010 0.000010 0.000010 0.000010 0.000010 0.897170 0.000010
0.000010 0.000010 0.000010 0.000010 0.000010 0.000010 0.999900 0.000010 0.000010 0.000010 0.000010
0.000010 0.000010 0.000010 0.999900 0.000010 0.000010 0.000010 0.000010 0.000010 0.000010 0.000010
0.000010 0.000943 0.147644 0.000010 0.000010 0.189400 0.000010 0.000010 0.227126 0.434826 0.000010
0.092501 0.000010 0.249378 0.000010 0.230517 0.000010 0.134961 0.115073 0.000010 0.098638 0.078893
0.000010 0.000010 0.000010 0.000010 0.000010 0.000010 0.000010 0.000010 0.000010 0.999900 0.000010
0.068969 0.000010 0.606546 0.107703 0.000010 0.038555 0.013688 0.000010 0.164489 0.000010 0.000010
0.000010 0.000010 0.033774 0.000010 0.000010 0.000010 0.000010 0.966136 0.000010 0.000010 0.000010
0.078316 0.066559 0.074406 0.011162 0.000010 0.000010 0.123360 0.000010 0.206015 0.415890 0.024261
0.000010 0.000010 0.000010 0.224301 0.000010 0.000010 0.000010 0.000010 0.000010 0.775609 0.000010
0.000010 0.000010 0.100317 0.040085 0.000010 0.000010 0.000010 0.000010 0.000010 0.859518 0.000010
0.000010 0.000010 0.000010 0.000010 0.700484 0.000010 0.000010 0.299426 0.000010 0.000010 0.000010
0.000010 0.016080 0.051007 0.000010 0.051572 0.173402 0.000010 0.015966 0.446574 0.245360 0.000010
0.000010 0.000010 0.000010 0.000010 0.057684 0.056772 0.000010 0.109581 0.072828 0.703074 0.000010
0.000010 0.028441 0.000010 0.000010 0.051259 0.220426 0.000010 0.073364 0.000010 0.626450 0.000010
0.000010 0.000010 0.000010 0.000010 0.000010 0.000010 0.000010 0.000010 0.999900 0.000010 0.000010
0.000010 0.000010 0.358875 0.000010 0.000015 0.000010 0.078080 0.000010 0.562960 0.000010 0.000010
0.121187 0.000010 0.594032 0.000010 0.000010 0.000010 0.206101 0.000010 0.078610 0.000010 0.000010
0.000010 0.000010 0.000010 0.000010 0.000010 0.000010 0.000010 0.000010 0.999900 0.000010 0.000010
0.000010 0.000010 0.000010 0.000010 0.000010 0.000010 0.000010 0.000010 0.999900 0.000010 0.000010
0.000010 0.000010 0.000010 0.000010 0.000010 0.000010 0.000010 0.000010 0.999900 0.000010 0.000010
0.000010 0.000010 0.000010 0.000010 0.000010 0.000010 0.000010 0.000010 0.000010 0.999900 0.000010
0.000010 0.049778 0.000010 0.000010 0.000010 0.000010 0.018699 0.000010 0.931443 0.000010 0.000010
0.000010 0.000010 0.000010 0.000010 0.000010 0.000010 0.000010 0.000010 0.000010 0.999900 0.000010
0.000010 0.025199 0.000010 0.000010 0.000010 0.162888 0.042991 0.000010 0.000010 0.768852 0.000010
0.000010 0.000634 0.073077 0.000010 0.000010 0.000010 0.000010 0.084708 0.286981 0.554539 0.000010
0.000010 0.000010 0.000010 0.000010 0.000010 0.000010 0.000010 0.069030 0.000010 0.930880 0.000010
0.000010 0.000010 0.000010 0.088460 0.000010 0.000010 0.000010 0.000010 0.297588 0.539863 0.074018
0.012511 0.000010 0.195710 0.051723 0.036914 0.000010 0.000010 0.000010 0.000010 0.124972 0.578119
0.378768 0.000010 0.000010 0.000010 0.000010 0.000010 0.000010 0.000010 0.000010 0.621142 0.000010
0.000010 0.012734 0.001705 0.000010 0.000010 0.228557 0.000010 0.000010 0.169332 0.587612 0.000010
0.000010 0.000010 0.118087 0.000010 0.000010 0.000010 0.000010 0.000010 0.000010 0.881823 0.000010
0.000010 0.000010 0.000010 0.000010 0.032862 0.000010 0.000010 0.000010 0.000010 0.210543 0.756515
0.000010 0.000010 0.000010 0.000010 0.000010 0.000010 0.742428 0.000010 0.257482 0.000010 0.000010
0.000010 0.000010 0.000010 0.000010 0.000010 0.000010 0.917156 0.000010 0.000010 0.082754 0.000010
0.000010 0.025139 0.058412 0.000010 0.229227 0.000010 0.195353 0.000010 0.000010 0.491808 0.000010
0.211605 0.000010 0.140719 0.014680 0.007394 0.091600 0.000010 0.000010 0.032208 0.410979 0.090784
0.000010 0.000010 0.000010 0.000010 0.066245 0.038877 0.000010 0.647014 0.000010 0.000010 0.247793
0.000010 0.014908 0.000010 0.000010 0.000010 0.000010 0.012458 0.648455 0.042131 0.000010 0.281988
0.000010 0.055053 0.099787 0.000010 0.066842 0.000010 0.548913 0.022549 0.206805 0.000010 0.000010
0.000010 0.000010 0.000010 0.000010 0.050032 0.000010 0.000010 0.303408 0.000010 0.000010 0.646480
0.000010 0.000010 0.038854 0.044426 0.000010 0.000010 0.000010 0.000010 0.000010 0.176581 0.740070
0.000010 0.000010 0.000010 0.000010 0.000010 0.000010 0.941633 0.000010 0.058277 0.000010 0.000010
0.035155 0.000010 0.106688 0.000010 0.012957 0.000010 0.000010 0.000010 0.000010 0.000010 0.845129
0.000010 0.001060 0.356614 0.000010 0.000010 0.049601 0.135431 0.121005 0.069394 0.210585 0.056280
0.000010 0.000010 0.000010 0.000010 0.000010 0.082291 0.053013 0.000010 0.083208 0.781419 0.000010
0.000010 0.031469 0.604387 0.000010 0.000010 0.000010 0.026668 0.000010 0.000010 0.337406 0.000010
0.100525 0.000010 0.069759 0.000010 0.000010 0.000010 0.000010 0.000010 0.000010 0.000010 0.829636
0.000010 0.000010 0.097804 0.000010 0.000010 0.000010 0.000010 0.000010 0.660743 0.241373 0.000010
0.017006 0.000010 0.089542 0.000010 0.000010 0.115831 0.104196 0.000010 0.169620 0.503754 0.000010
0.235124 0.000010 0.000010 0.000010 0.000010 0.000010 0.478590 0.000010 0.000010 0.286206 0.000010
0.103287 0.000010 0.051426 0.000010 0.000010 0.267331 0.068297 0.077289 0.000010 0.432320 0.000010
0.405832 0.000010 0.000010 0.000010 0.000010 0.546095 0.000010 0.000010 0.000010 0.047993 0.000010
0.172497 0.008262 0.004854 0.000010 0.000010 0.000010 0.065352 0.000010 0.290852 0.458134 0.000010
0.000010 0.000010 0.000010 0.000010 0.000010 0.220914 0.066339 0.000010 0.000010 0.519238 0.193439
0.000010 0.000010 0.000010 0.000010 0.000010 0.000010 0.279678 0.093172 0.182540 0.444540 0.000010
0.461543 0.000010 0.000010 0.000010 0.000010 0.343637 0.194740 0.000010 0.000010 0.000010 0.000010
0.999900 0.000010 0.000010 0.000010 0.000010 0.000010 0.000010 0.000010 0.000010 0.000010 0.000010
0.000010 0.000010 0.177030 0.000010 0.000010 0.000010 0.000010 0.000010 0.000010 0.000010 0.822880
0.062070 0.000010 0.000010 0.000010 0.009670 0.000010 0.087612 0.000010 0.000010 0.065563 0.775026
