0.000010 0.099613 0.000010 0.000010 0.339428 0.043781 0.033554 0.100454 0.000010 0.000010 0.383099 0.000010 0.000010
0.000010 0.717014 0.000010 0.010710 0.000010 0.000010 0.000010 0.040370 0.026279 0.000010 0.133918 0.000010 0.071640
0.000010 0.066434 0.926892 0.000010 0.000010 0.000010 0.000010 0.000010 0.006574 0.000010 0.000010 0.000010 0.000010
0.000010 0.000010 0.000010 0.000010 0.000010 0.000010 0.000010 0.000010 0.000010 0.000010 0.148846 0.000010 0.851044
0.000010 0.000010 0.000010 0.000010 0.000010 0.000010 0.000010 0.000010 0.000010 0.000010 0.000010 0.000010 0.999880
0.000010 0.044241 0.413510 0.000010 0.000010 0.000010 0.000010 0.000010 0.111761 0.000010 0.000010 0.000010 0.430397
0.000010 0.000010 0.613025 0.000010 0.000010 0.000010 0.000010 0.000010 0.044358 0.000010 0.269024 0.000010 0.073503
0.000010 0.000010 0.688707 0.000010 0.000010 0.000010 0.000010 0.000010 0.000010 0.053425 0.058917 0.091626 0.107245
0.000010 0.000010 0.000010 0.000010 0.000010 0.000010 0.000010 0.000010 0.000010 0.999880 0.000010 0.000010 0.000010
0.000010 0.065519 0.238842 0.000010 0.024190 0.107545 0.075740 0.000010 0.000010 0.423552 0.064551 0.000010 0.000010
0.000010 0.000010 0.000010 0.000010 0.000010 0.000010 0.999880 0.000010 0.000010 0.000010 0.000010 0.000010 0.000010
0.000010 0.000010 0.000010 0.000010 0.000010 0.000010 0.999880 0.000010 0.000010 0.000010 0.000010 0.000010 0.000010
0.000010 0.000010 0.000010 0.000010 0.000010 0.000010 0.999880 0.000010 0.000010 0.000010 0.000010 0.000010 0.000010
0.000010 0.999880 0.000010 0.000010 0.000010 0.000010 0.000010 0.000010 0.000010 0.000010 0.000010 0.000010 0.000010
0.000010 0.000010 0.366171 0.000010 0.000010 0.000010 0.000010 0.000010 0.000010 0.000010 0.053221 0.201511 0.379007
0.000010 0.008412 0.000010 0.000010 0.691527 0.000010 0.205557 0.000010 0.000010 0.058497 0.035927 0.000010 0.000010
0.116558 0.000010 0.394807 0.000010 0.335196 0.134501 0.018858 0.000010 0.000010 0.000010 0.000010 0.000010 0.000010
0.000010 0.000010 0.595122 0.000010 0.012743 0.000010 0.000010 0.000010 0.000010 0.002948 0.000010 0.000010 0.389097
0.000010 0.000010 0.000010 0.000010 0.000010 0.000010 0.000010 0.000010 0.000010 0.999880 0.000010 0.000010 0.000010
0.000010 0.000010 0.000010 0.000010 0.000010 0.000010 0.000010 0.000010 0.000010 0.999880 0.000010 0.000010 0.000010
0.000010 0.000010 0.531219 0.000010 0.000010 0.000010 0.000010 0.000010 0.000010 0.000010 0.224049 0.000010 0.244633
0.000010 0.000010 0.000010 0.000010 0.000010 0.000010 0.000010 0.000010 0.000010 0.999880 0.000010 0.000010 0.000010
0.000010 0.075425 0.483629 0.062088 0.000010 0.027326 0.000010 0.000010 0.000010 0.000010 0.030887 0.000010 0.320575
0.000010 0.000010 0.882375 0.000856 0.000010 0.022113 0.000010 0.000010 0.074389 0.020186 0.000010 0.000010 0.000010
0.000010 0.000010 0.940489 0.000010 0.000010 0.000010 0.000010 0.000010 0.031063 0.000010 0.000010 0.028348 0.000010
0.000010 0.000010 0.999880 0.000010 0.000010 0.000010 0.000010 0.000010 0.000010 0.000010 0.000010 0.000010 0.000010
0.000010 0.148032 0.330437 0.000010 0.000010 0.000010 0.000010 0.000010 0.000010 0.000010 0.119561 0.000010 0.401880
0.000010 0.082944 0.570115 0.000010 0.000010 0.000010 0.000010 0.000010 0.166045 0.000010 0.000010 0.034014 0.146802
0.000010 0.178248 0.044326 0.037476 0.060396 0.000010 0.000010 0.679473 0.000010 0.000010 0.000010 0.000010 0.000010
0.000010 0.074180 0.644610 0.000010 0.000010 0.046813 0.000010 0.000010 0.000010 0.000010 0.000010 0.022926 0.211391
0.000010 0.000010 0.999880 0.000010 0.000010 0.000010 0.000010 0.000010 0.000010 0.000010 0.000010 0.000010 0.000010
0.000010 0.310133 0.394487 0.000010 0.000010 0.058521 0.000010 0.000010 0.012881 0.000010 0.000010 0.000010 0.223898
0.000010 0.000010 0.539061 0.000010 0.000010 0.000010 0.000010 0.000010 0.000010 0.000010 0.078926 0.276776 0.105147
0.000010 0.057903 0.311876 0.000010 0.000010 0.000010 0.054263 0.000010 0.137623 0.000010 0.000010 0.044938 0.393327
0.000010 0.205894 0.396132 0.000010 0.000010 0.000010 0.040700 0.000010 0.007296 0.000010 0.035256 0.000010 0.314652
0.143830 0.073717 0.000010 0.000010 0.043235 0.226204 0.080977 0.045832 0.071276 0.000010 0.000010 0.190927 0.123962
0.000010 0.000010 0.703389 0.000010 0.000010 0.062601 0.000016 0.000010 0.000010 0.000010 0.029474 0.026443 0.178007
0.131039 0.000010 0.000010 0.027877 0.000010 0.125757 0.000010 0.618075 0.000010 0.015435 0.000010 0.000010 0.081746
0.000010 0.000010 0.000010 0.000010 0.000010 0.000010 0.999880 0.000010 0.000010 0.000010 0.000010 0.000010 0.000010
0.000010 0.000010 0.000010 0.000010 0.000010 0.000010 0.617183 0.000010 0.000010 0.382702 0.000010 0.000015 0.000010
0.000010 0.000010 0.000010 0.000010 0.000010 0.000010 0.129979 0.000010 0.000010 0.869911 0.000010 0.000010 0.000010
0.000010 0.000010 0.000010 0.000010 0.000010 0.000010 0.000010 0.169739 0.000010 0.830151 0.000010 0.000010 0.000010
0.000010 0.000010 0.000010 0.000010 0.000010 0.000010 0.000010 0.000010 0.000010 0.999880 0.000010 0.000010 0.000010
0.000010 0.000010 0.000010 0.000010 0.000010 0.000010 0.040622 0.145483 0.000010 0.813796 0.000010 0.000010 0.000010
0.000010 0.000010 0.000010 0.000010 0.000010 0.000010 0.000010 0.000010 0.000010 0.999880 0.000010 0.000010 0.000010
0.000010 0.000010 0.000010 0.000010 0.275179 0.218138 0.033142 0.000010 0.039084 0.000010 0.434377 0.000010 0.000010
0.000010 0.000010 0.000010 0.000010 0.506123 0.013843 0.135923 0.000010 0.044096 0.235120 0.000010 0.000010 0.064825
0.000010 0.000010 0.000010 0.000010 0.000010 0.000010 0.999880 0.000010 0.000010 0.000010 0.000010 0.000010 0.000010
0.000010 0.000010 0.036146 0.000010 0.000010 0.000010 0.000010 0.000010 0.000010 0.000010 0.000010 0.000010 0.963744
0.000010 0.000010 0.000010 0.000010 0.000010 0.000010 0.087436 0.000010 0.000010 0.912454 0.000010 0.000010 0.000010
0.000010 0.000010 0.000010 0.000010 0.256665 0.000010 0.426424 0.000010 0.147437 0.169384 0.000010 0.000010 0.000010
0.000010 0.000010 0.000010 0.000010 0.000010 0.463984 0.000010 0.000010 0.000010 0.000010 0.000010 0.535906 0.000010
0.000010 0.000010 0.000010 0.000010 0.015630 0.037633 0.158157 0.066404 0.000010 0.722096 0.000010 0.000010 0.000010
0.000010 0.000010 0.000010 0.000010 0.850086 0.028335 0.055361 0.000010 0.000010 0.000010 0.000010 0.066127 0.000010
0.000012 0.000010 0.000010 0.000010 0.166356 0.000010 0.202983 0.630558 0.000010 0.000010 0.000010 0.000010 0.000010
0.030343 0.000010 0.038622 0.000010 0.532494 0.000010 0.181517 0.000010 0.000010 0.216945 0.000010 0.000010 0.000010
0.000010 0.000010 0.000010 0.000010 0.000010 0.000010 0.005440 0.105942 0.000010 0.037112 0.000010 0.851416 0.000010
0.064795 0.544888 0.058711 0.000010 0.000010 0.093721 0.000010 0.000010 0.000010 0.000010 0.000010 0.051733 0.186082
0.000010 0.000010 0.000010 0.000010 0.000010 0.197750 0.000010 0.310799 0.241738 0.000010 0.000010 0.249623 0.000010
0.000010 0.350718 0.000010 0.000010 0.197291 0.000010 0.000010 0.262449 0.000010 0.000010 0.185179 0.004283 0.000010
0.000010 0.187240 0.110633 0.000010 0.102831 0.000010 0.000010 0.320904 0.020789 0.000010 0.228702 0.000010 0.028840
0.000010 0.000010 0.653145 0.027328 0.000010 0.000010 0.000010 0.000010 0.060791 0.000010 0.059145 0.000010 0.199511
0.000010 0.000010 0.267812 0.000010 0.000010 0.000010 0.029402 0.000010 0.011713 0.000010 0.000010 0.000010 0.690982
0.000010 0.000010 0.000010 0.000010 0.000010 0.999880 0.000010 0.000010 0.000010 0.000010 0.000010 0.000010 0.000010
0.000010 0.000010 0.000010 0.000010 0.000010 0.999880 0.000010 0.000010 0.000010 0.000010 0.000010 0.000010 0.000010
0.000010 0.000010 0.000010 0.000010 0.888245 0.000010 0.000010 0.000010 0.000010 0.111645 0.000010 0.000010 0.000010
0.000010 0.000010 0.000010 0.072571 0.573714 0.000010 0.064472 0.120861 0.036364 0.064377 0.010622 0.056969 0.000010
0.044016 0.725111 0.000010 0.020963 0.000010 0.048845 0.000010 0.000010 0.000010 0.000010 0.000010 0.069637 0.091357
0.000010 0.000010 0.000010 0.000010 0.999880 0.000010 0.000010 0.000010 0.000010 0.000010 0.000010 0.000010 0.000010
0.062458 0.000010 0.000010 0.060728 0.526404 0.000010 0.110207 0.073377 0.015530 0.037914 0.113333 0.000010 0.000010
0.000010 0.000010 0.000010 0.000010 0.000010 0.000010 0.045709 0.829935 0.000010 0.000010 0.000010 0.124255 0.000010
0.014462 0.012973 0.082949 0.030167 0.638972 0.000010 0.083238 0.095165 0.000010 0.042023 0.000010 0.000010 0.000010
0.000010 0.000010 0.000010 0.000010 0.000010 0.000010 0.000010 0.673198 0.000010 0.000010 0.183601 0.143101 0.000010
0.000010 0.000010 0.000010 0.000010 0.045708 0.911627 0.000010 0.042565 0.000010 0.000010 0.000010 0.000010 0.000010
0.000010 0.054401 0.050352 0.000010 0.000010 0.117792 0.000010 0.282636 0.030915 0.000010 0.107100 0.308858 0.047896
0.000010 0.523940 0.095711 0.030412 0.000010 0.000010 0.000010 0.000010 0.020459 0.000010 0.007537 0.258556 0.063325
0.000010 0.000010 0.000010 0.075422 0.519531 0.000010 0.030603 0.124599 0.000010 0.088188 0.115600 0.000010 0.045998
0.000010 0.231958 0.651262 0.000016 0.000010 0.000010 0.000010 0.000010 0.000010 0.010529 0.000010 0.000010 0.106155
0.000010 0.000010 0.000010 0.000010 0.000010 0.000010 0.000010 0.000010 0.000010 0.000010 0.000010 0.000010 0.999880
0.000010 0.000010 0.682909 0.000010 0.022701 0.000010 0.018382 0.000010 0.008280 0.000010 0.000010 0.008362 0.259297
0.000010 0.000010 0.817025 0.000010 0.033800 0.072289 0.000010 0.000010 0.000010 0.007939 0.000010 0.000010 0.068866
0.000010 0.000010 0.200682 0.000010 0.000010 0.034628 0.000010 0.000010 0.000010 0.000010 0.000010 0.000010 0.764591
0.000010 0.090391 0.566418 0.058198 0.000010 0.000010 0.000010 0.000010 0.000010 0.000010 0.000010 0.000010 0.284903
0.000010 0.137324 0.000010 0.000010 0.000010 0.862566 0.000010 0.000010 0.000010 0.000010 0.000010 0.000010 0.000010
0.000010 0.000010 0.000010 0.000010 0.000010 0.000010 0.999880 0.000010 0.000010 0.000010 0.000010 0.000010 0.000010
0.331306 0.021424 0.062838 0.271958 0.213362 0.070111 0.028940 0.000010 0.000010 0.000010 0.000010 0.000010 0.000010
0.000010 0.000010 0.000010 0.000010 0.000010 0.000010 0.085974 0.000010 0.000010 0.913916 0.000010 0.000010 0.000010
0.000010 0.000010 0.000010 0.000010 0.000010 0.000010 0.000010 0.000010 0.000010 0.999880 0.000010 0.000010 0.000010
0.000010 0.000010 0.000010 0.000010 0.000010 0.000010 0.000010 0.000010 0.000010 0.999880 0.000010 0.000010 0.000010
0.029955 0.000010 0.000010 0.000010 0.482141 0.000010 0.255235 0.059724 0.016527 0.156350 0.000010 0.000010 0.000010
0.000010 0.000010 0.000010 0.000010 0.000010 0.999880 0.000010 0.000010 0.000010 0.000010 0.000010 0.000010 0.000010
0.000010 0.065339 0.000010 0.000010 0.000010 0.934551 0.000010 0.000010 0.000010 0.000010 0.000010 0.000010 0.000010
0.000010 0.179099 0.584756 0.012723 0.000010 0.000010 0.000010 0.000010 0.084352 0.000010 0.000010 0.000010 0.138990
0.671325 0.000010 0.000010 0.000010 0.000010 0.000010 0.000010 0.206839 0.121737 0.000010 0.000010 0.000010 0.000010
0.000010 0.000010 0.000010 0.000010 0.000010 0.000010 0.000010 0.697601 0.000010 0.000010 0.000010 0.000010 0.302289
0.000010 0.000010 0.000010 0.097907 0.000010 0.802814 0.000010 0.047690 0.000010 0.051499 0.000010 0.000010 0.000010
0.000010 0.000010 0.000010 0.000010 0.000010 0.000010 0.000010 0.000010 0.999880 0.000010 0.000010 0.000010 0.000010
0.000010 0.352302 0.020811 0.004288 0.100175 0.000010 0.000010 0.000010 0.161831 0.076214 0.062750 0.122499 0.099091
0.000010 0.000010 0.049787 0.000010 0.000010 0.675948 0.000010 0.000010 0.274165 0.000010 0.000010 0.000010 0.000010
0.000010 0.000010 0.175016 0.000010 0.320901 0.000010 0.161581 0.126453 0.146452 0.000014 0.031514 0.000010 0.038018
0.000010 0.084489 0.000010 0.000010 0.000010 0.437676 0.000010 0.000010 0.293496 0.000010 0.000010 0.184249 0.000010
0.000010 0.428998 0.175294 0.000010 0.061906 0.051318 0.000010 0.000010 0.096320 0.002908 0.000010 0.096761 0.086445
0.000010 0.143638 0.000010 0.000010 0.000010 0.505295 0.000010 0.000010 0.000010 0.000010 0.000010 0.350967 0.000010
0.000012 0.000010 0.000010 0.000010 0.000010 0.586908 0.000010 0.241392 0.000010 0.026473 0.145135 0.000010 0.000010
0.000010 0.000010 0.000010 0.032658 0.703732 0.000010 0.073942 0.068469 0.000010 0.000010 0.121119 0.000010 0.000010
0.000010 0.000010 0.000010 0.000010 0.000010 0.047178 0.000010 0.952712 0.000010 0.000010 0.000010 0.000010 0.000010
0.000010 0.006248 0.539577 0.011468 0.018228 0.000010 0.003422 0.000010 0.000010 0.000010 0.033490 0.176310 0.211207
0.000010 0.009826 0.747446 0.000010 0.000010 0.000010 0.000010 0.000010 0.000010 0.000010 0.000010 0.000010 0.242628
0.194248 0.000010 0.000012 0.106590 0.669252 0.000010 0.000010 0.000010 0.000010 0.029818 0.000010 0.000010 0.000010
0.655185 0.000010 0.000010 0.000010 0.050522 0.000010 0.049125 0.066193 0.000010 0.000010 0.000010 0.048393 0.130511
0.000010 0.000010 0.000010 0.877751 0.000010 0.028197 0.010196 0.000010 0.000010 0.000010 0.000010 0.083766 0.000010
0.000010 0.000010 0.000010 0.999880 0.000010 0.000010 0.000010 0.000010 0.000010 0.000010 0.000010 0.000010 0.000010
0.000010 0.000010 0.000010 0.000010 0.616823 0.075562 0.208233 0.000010 0.000010 0.096783 0.000010 0.000010 0.002519
0.000010 0.517541 0.000010 0.000010 0.000010 0.097013 0.082678 0.000010 0.057765 0.000010 0.084153 0.000010 0.160780
0.000010 0.067045 0.000010 0.000010 0.196209 0.430331 0.054287 0.000010 0.148265 0.035023 0.015312 0.000010 0.053479
0.000010 0.006453 0.651090 0.000010 0.000010 0.000010 0.000010 0.000010 0.106866 0.000010 0.113089 0.000010 0.122422
0.000010 0.000010 0.000010 0.000010 0.000010 0.000010 0.000010 0.355020 0.416826 0.017320 0.000010 0.210744 0.000010
0.000010 0.000010 0.700690 0.000010 0.000010 0.000010 0.000010 0.000010 0.000010 0.000010 0.210933 0.000010 0.088277
0.000010 0.000010 0.561569 0.034529 0.000010 0.128488 0.000010 0.000010 0.000010 0.000010 0.118730 0.000010 0.156603
0.000010 0.000010 0.000010 0.999880 0.000010 0.000010 0.000010 0.000010 0.000010 0.000010 0.000010 0.000010 0.000010
0.000010 0.323953 0.000010 0.012757 0.000010 0.000010 0.000010 0.343483 0.000010 0.000010 0.000010 0.319716 0.000010
0.087960 0.000010 0.000010 0.889808 0.000010 0.000010 0.000010 0.000010 0.000010 0.022132 0.000010 0.000010 0.000010
0.000010 0.000010 0.000010 0.999880 0.000010 0.000010 0.000010 0.000010 0.000010 0.000010 0.000010 0.000010 0.000010
0.000010 0.000010 0.000010 0.931468 0.000010 0.000010 0.000010 0.000010 0.000010 0.000010 0.000010 0.068422 0.000010
0.000010 0.032955 0.000010 0.000010 0.000010 0.098491 0.000010 0.462595 0.000010 0.057959 0.000010 0.326470 0.021461
0.000010 0.000010 0.427942 0.000010 0.000010 0.136226 0.000010 0.000010 0.015834 0.002241 0.158438 0.000010 0.259250
0.000010 0.187209 0.565225 0.071367 0.000010 0.038031 0.000010 0.000010 0.000010 0.034321 0.000010 0.000010 0.103776
0.288430 0.000010 0.000010 0.000010 0.067739 0.000010 0.000010 0.371294 0.000010 0.000010 0.000010 0.000010 0.272446
0.357392 0.000010 0.000010 0.000010 0.147701 0.000010 0.028567 0.412165 0.000010 0.054095 0.000010 0.000010 0.000010
0.000010 0.400677 0.070549 0.000010 0.208694 0.013104 0.016279 0.076903 0.103804 0.000010 0.043806 0.005366 0.060790
0.000010 0.000010 0.507243 0.011871 0.000010 0.130390 0.000010 0.000010 0.019622 0.000010 0.164768 0.000010 0.166036
0.000010 0.000010 0.000010 0.000010 0.000010 0.000010 0.000010 0.999880 0.000010 0.000010 0.000010 0.000010 0.000010
0.000010 0.000010 0.000010 0.000010 0.000010 0.000010 0.000010 0.800471 0.000010 0.199419 0.000010 0.000010 0.000010
0.000010 0.000010 0.000010 0.000010 0.000010 0.104879 0.000010 0.711427 0.003073 0.000010 0.000010 0.000010 0.180530
0.000010 0.000010 0.337024 0.000010 0.000010 0.000010 0.000010 0.000010 0.000010 0.000010 0.000010 0.000010 0.662866
0.000010 0.000010 0.493786 0.000010 0.000010 0.000010 0.000010 0.000010 0.123938 0.000010 0.170713 0.000010 0.211473
0.000010 0.240513 0.468976 0.046604 0.000010 0.000010 0.000010 0.000010 0.020928 0.000010 0.000010 0.121053 0.101856
0.000010 0.000010 0.910234 0.000010 0.000010 0.000010 0.050815 0.000010 0.000010 0.009055 0.029806 0.000010 0.000010
0.000010 0.000010 0.000010 0.000010 0.474396 0.000010 0.296147 0.165393 0.000010 0.063968 0.000010 0.000017 0.000010
0.000010 0.000010 0.000010 0.000010 0.000010 0.031459 0.000010 0.000010 0.876357 0.000010 0.092083 0.000010 0.000010
0.000010 0.000010 0.000010 0.008520 0.315337 0.043953 0.179410 0.043831 0.000010 0.175930 0.100529 0.000010 0.132441
0.000010 0.000010 0.000010 0.000010 0.214239 0.000010 0.000010 0.000010 0.032343 0.000010 0.485712 0.070828 0.196797
0.000010 0.000010 0.000010 0.000010 0.774742 0.000010 0.118760 0.000010 0.000010 0.106398 0.000010 0.000010 0.000010
0.000010 0.000010 0.000010 0.000010 0.853534 0.000010 0.091729 0.000010 0.000010 0.000010 0.000010 0.000010 0.054637
0.000010 0.000010 0.000010 0.000010 0.785284 0.000010 0.000010 0.076352 0.036491 0.101783 0.000010 0.000010 0.000010
0.000010 0.000010 0.000010 0.000010 0.824266 0.000010 0.062159 0.001747 0.111738 0.000010 0.000010 0.000010 0.000010
0.000010 0.000010 0.000010 0.008017 0.161152 0.000010 0.009654 0.651110 0.000010 0.114565 0.055432 0.000010 0.000010
0.000010 0.000010 0.000010 0.999880 0.000010 0.000010 0.000010 0.000010 0.000010 0.000010 0.000010 0.000010 0.000010
0.000010 0.000010 0.000010 0.000010 0.000010 0.000010 0.000010 0.000010 0.000010 0.000010 0.000010 0.999880 0.000010
0.000010 0.204364 0.000010 0.000010 0.000010 0.000010 0.018766 0.000010 0.319748 0.000010 0.000010 0.080060 0.376981
0.115751 0.000010 0.000010 0.093031 0.778547 0.000010 0.000010 0.000010 0.000010 0.012580 0.000010 0.000010 0.000010
0.028520 0.549933 0.336225 0.006171 0.000010 0.019334 0.000010 0.000010 0.037306 0.000010 0.000010 0.022451 0.000010
0.000010 0.000010 0.000010 0.004227 0.783590 0.000010 0.025348 0.116083 0.000010 0.070673 0.000010 0.000010 0.000010
0.000010 0.378273 0.136774 0.000010 0.000010 0.079547 0.000010 0.000010 0.141500 0.000010 0.000010 0.000010 0.263825
0.000010 0.291579 0.087698 0.007555 0.000010 0.215002 0.000010 0.000010 0.147644 0.017530 0.000010 0.000010 0.232932
0.000012 0.105239 0.128323 0.000010 0.000010 0.216789 0.000010 0.000010 0.317874 0.000010 0.000010 0.222354 0.009349
0.192300 0.176714 0.050319 0.000010 0.014149 0.020360 0.031510 0.221813 0.000010 0.019076 0.016251 0.242692 0.014796
0.000010 0.000018 0.000010 0.000010 0.000010 0.493013 0.000010 0.049319 0.279123 0.000010 0.009350 0.000010 0.169107
0.000010 0.000010 0.000010 0.000010 0.000010 0.399353 0.000718 0.029447 0.066467 0.020573 0.000010 0.398487 0.084895
0.000010 0.000010 0.000010 0.000010 0.051337 0.000010 0.000010 0.581844 0.000010 0.000010 0.000010 0.000010 0.366719
0.000010 0.000010 0.000010 0.000010 0.124228 0.000010 0.000010 0.228743 0.000010 0.000010 0.646928 0.000010 0.000010
0.033610 0.000010 0.000010 0.013516 0.086767 0.000010 0.036223 0.546048 0.188784 0.015928 0.000010 0.000010 0.079072
0.000010 0.000010 0.000010 0.000010 0.000010 0.000010 0.000010 0.000010 0.000010 0.000010 0.999880 0.000010 0.000010
0.000010 0.000010 0.000010 0.000010 0.000010 0.000010 0.000010 0.000010 0.000010 0.000010 0.999880 0.000010 0.000010
0.000010 0.055868 0.138700 0.000010 0.021375 0.018727 0.027410 0.317876 0.121789 0.000010 0.285989 0.012226 0.000010
0.000010 0.000010 0.000010 0.000010 0.000010 0.000010 0.000010 0.000010 0.000010 0.000010 0.999880 0.000010 0.000010
0.000010 0.000010 0.000010 0.000010 0.000010 0.371790 0.000010 0.000010 0.628100 0.000010 0.000010 0.000010 0.000010
0.000010 0.766453 0.000010 0.000010 0.000010 0.000010 0.000010 0.000010 0.000010 0.000010 0.045954 0.000010 0.187494
0.000010 0.146311 0.000010 0.000010 0.000010 0.272375 0.000010 0.000010 0.173162 0.004324 0.000010 0.081635 0.322123
0.000010 0.000010 0.000010 0.000010 0.304558 0.000010 0.000010 0.000010 0.695332 0.000010 0.000010 0.000010 0.000010
0.000010 0.000010 0.000010 0.000010 0.873161 0.000010 0.000010 0.000010 0.000010 0.000010 0.000010 0.126729 0.000010
0.046185 0.633648 0.000010 0.000010 0.000010 0.000010 0.000010 0.000010 0.000010 0.000010 0.150564 0.000010 0.169513
0.000010 0.000010 0.000546 0.000010 0.000010 0.080510 0.000010 0.000010 0.918844 0.000010 0.000010 0.000010 0.000010
0.699411 0.000010 0.000010 0.300041 0.000010 0.000010 0.000010 0.000448 0.000010 0.000010 0.000010 0.000010 0.000010
0.170774 0.000010 0.002007 0.736270 0.000010 0.000010 0.000010 0.000010 0.000010 0.044761 0.000010 0.046108 0.000010
0.000010 0.000010 0.000010 0.000010 0.000010 0.146431 0.000010 0.485003 0.000010 0.000010 0.000010 0.000010 0.368466
0.273315 0.000010 0.000010 0.719342 0.000010 0.000010 0.000010 0.000010 0.000010 0.007244 0.000010 0.000010 0.000010
0.130625 0.000010 0.036948 0.744523 0.003933 0.000010 0.047410 0.000010 0.000010 0.000010 0.000429 0.036072 0.000010
0.611498 0.126193 0.002266 0.094889 0.135176 0.000010 0.000010 0.000010 0.009776 0.000010 0.012856 0.000010 0.007295
0.000010 0.000010 0.000010 0.000010 0.879638 0.012651 0.000010 0.000010 0.000010 0.000010 0.069692 0.000010 0.037930
0.500496 0.000010 0.000010 0.409395 0.000010 0.000010 0.022270 0.067749 0.000010 0.000010 0.000010 0.000010 0.000010
0.065381 0.058368 0.000010 0.754264 0.000010 0.057403 0.000010 0.004873 0.000010 0.014202 0.000010 0.000010 0.045450
0.267604 0.000010 0.000010 0.624346 0.000010 0.036359 0.040798 0.030813 0.000010 0.000010 0.000010 0.000010 0.000010
0.000010 0.803702 0.119013 0.000010 0.000010 0.000010 0.007221 0.000010 0.069973 0.000010 0.000010 0.000010 0.000010
0.004616 0.966846 0.000010 0.000010 0.000010 0.006506 0.000010 0.000010 0.000010 0.021942 0.000010 0.000010 0.000010
0.000010 0.126565 0.000010 0.151546 0.033663 0.158028 0.000010 0.398929 0.087697 0.000010 0.000010 0.043511 0.000010
0.000010 0.329488 0.116107 0.000010 0.000010 0.123164 0.012995 0.094898 0.178627 0.000010 0.000010 0.000010 0.144660
0.549404 0.000010 0.000010 0.450486 0.000010 0.000010 0.000010 0.000010 0.000010 0.000010 0.000010 0.000010 0.000010
0.063799 0.118443 0.000010 0.000010 0.000010 0.145801 0.011377 0.189462 0.368336 0.049626 0.000010 0.000010 0.053106
0.000010 0.000010 0.000010 0.850569 0.000010 0.000010 0.042523 0.075354 0.000010 0.000010 0.031463 0.000010 0.000010
0.347345 0.000010 0.000010 0.489673 0.050119 0.000010 0.000010 0.000010 0.000010 0.023627 0.089155 0.000010 0.000010
0.013863 0.242584 0.232816 0.000010 0.042630 0.166888 0.016997 0.000010 0.123112 0.000010 0.000010 0.000010 0.161060
0.000010 0.808611 0.000010 0.000010 0.000010 0.000010 0.000010 0.000010 0.000010 0.000010 0.099741 0.091548 0.000010
0.156779 0.000010 0.000389 0.660007 0.000010 0.044566 0.000010 0.000010 0.000010 0.039588 0.000010 0.098601 0.000010
0.000010 0.733333 0.116632 0.000010 0.000010 0.000010 0.000010 0.086692 0.000010 0.000010 0.063252 0.000010 0.000010
0.000010 0.068562 0.000010 0.047140 0.000010 0.000010 0.000010 0.601187 0.000010 0.000010 0.000010 0.283021 0.000010
0.637878 0.000010 0.000010 0.362012 0.000010 0.000010 0.000010 0.000010 0.000010 0.000010 0.000010 0.000010 0.000010
0.234353 0.000010 0.000010 0.596021 0.031286 0.022868 0.005005 0.000010 0.000010 0.014528 0.029654 0.066235 0.000010
0.000010 0.000010 0.000010 0.999880 0.000010 0.000010 0.000010 0.000010 0.000010 0.000010 0.000010 0.000010 0.000010
0.044171 0.000010 0.000010 0.000010 0.026861 0.000010 0.027165 0.121767 0.675499 0.000010 0.091598 0.012879 0.000010
0.000010 0.000010 0.000010 0.000010 0.000010 0.000010 0.000010 0.999880 0.000010 0.000010 0.000010 0.000010 0.000010
0.000010 0.000010 0.228862 0.000010 0.369195 0.000010 0.000010 0.000010 0.180248 0.000010 0.159424 0.062191 0.000010
0.057441 0.314000 0.005449 0.057833 0.023247 0.037832 0.000010 0.254093 0.142615 0.000010 0.000010 0.000010 0.107450
0.582809 0.000010 0.052956 0.197976 0.048782 0.000010 0.000010 0.040483 0.000010 0.000010 0.000010 0.028075 0.048858
0.347842 0.000010 0.000010 0.522050 0.000010 0.000010 0.000010 0.000010 0.000010 0.000010 0.130008 0.000010 0.000010
0.717121 0.000010 0.000010 0.064043 0.000010 0.000010 0.000010 0.000010 0.000010 0.086575 0.132172 0.000010 0.000010
0.449786 0.019050 0.000010 0.391957 0.000010 0.000010 0.025277 0.000010 0.000010 0.000010 0.113849 0.000010 0.000010
0.030363 0.662386 0.000010 0.000010 0.000010 0.000010 0.000010 0.000010 0.022410 0.000010 0.284751 0.000010 0.000010
0.000010 0.000010 0.643037 0.000010 0.000010 0.000010 0.024983 0.000010 0.162446 0.000010 0.000010 0.056827 0.112627
0.017386 0.030925 0.418842 0.000010 0.000010 0.008848 0.033296 0.000010 0.000010 0.052477 0.000010 0.042277 0.395898
0.000010 0.000010 0.484222 0.000010 0.003760 0.000010 0.000010 0.000010 0.000010 0.000010 0.171274 0.000010 0.340654
0.000014 0.000010 0.055250 0.103436 0.245790 0.000010 0.056385 0.444648 0.062865 0.031561 0.000010 0.000010 0.000010
0.159712 0.041347 0.000010 0.797517 0.000010 0.000010 0.000010 0.000010 0.000010 0.000010 0.001335 0.000010 0.000010
0.000010 0.000010 0.000010 0.000010 0.305641 0.000010 0.043298 0.650956 0.000010 0.000016 0.000010 0.000010 0.000010
0.019751 0.155078 0.050364 0.000010 0.294439 0.000010 0.031782 0.428452 0.008167 0.000010 0.011917 0.000010 0.000010
0.599474 0.000010 0.000012 0.236041 0.000010 0.066661 0.027077 0.000010 0.000010 0.014096 0.056578 0.000010 0.000010
0.760713 0.000010 0.000010 0.182387 0.000010 0.000010 0.000010 0.000010 0.000010 0.000010 0.056800 0.000010 0.000010
0.034475 0.011342 0.000010 0.954082 0.000010 0.000010 0.000010 0.000010 0.000010 0.000010 0.000010 0.000010 0.000010
0.544847 0.000010 0.152478 0.236789 0.000010 0.000010 0.065796 0.000010 0.000010 0.000010 0.000010 0.000010 0.000010
0.000010 0.000010 0.386855 0.000010 0.000010 0.128808 0.000010 0.000010 0.000010 0.000010 0.000010 0.043293 0.440954
0.000010 0.156441 0.244988 0.000010 0.000010 0.112364 0.000010 0.000010 0.000010 0.000010 0.000010 0.000010 0.486117
0.000435 0.064827 0.704866 0.000010 0.000010 0.000010 0.000010 0.000010 0.204925 0.024867 0.000010 0.000010 0.000010
0.868887 0.000010 0.000010 0.088979 0.000010 0.000010 0.000010 0.000010 0.000010 0.000010 0.000010 0.042034 0.000010
0.000010 0.000010 0.999880 0.000010 0.000010 0.000010 0.000010 0.000010 0.000010 0.000010 0.000010 0.000010 0.000010
0.010107 0.000010 0.565407 0.000010 0.000010 0.000010 0.000010 0.000010 0.195330 0.035984 0.000010 0.000010 0.193092
0.000010 0.201071 0.000010 0.000010 0.000010 0.206699 0.020871 0.000010 0.247794 0.000010 0.000010 0.000010 0.323485
0.621088 0.000010 0.000010 0.317111 0.000010 0.057671 0.000010 0.000010 0.000010 0.000010 0.000010 0.004041 0.000010
0.060892 0.000010 0.000010 0.938998 0.000010 0.000010 0.000010 0.000010 0.000010 0.000010 0.000010 0.000010 0.000010
0.825947 0.029640 0.000010 0.065760 0.000010 0.008446 0.000010 0.000010 0.043169 0.000010 0.026968 0.000010 0.000010
0.516841 0.000010 0.000010 0.345907 0.000010 0.008713 0.000010 0.000010 0.000010 0.000010 0.011183 0.078722 0.038563
0.545565 0.000010 0.000010 0.311993 0.000010 0.000013 0.000010 0.053877 0.051432 0.000010 0.037050 0.000010 0.000010
0.523491 0.000010 0.000010 0.319692 0.000010 0.047248 0.024719 0.067271 0.000010 0.000010 0.017510 0.000010 0.000010
0.595828 0.000010 0.000010 0.364494 0.000010 0.039578 0.000010 0.000010 0.000010 0.000010 0.000010 0.000010 0.000010
0.609048 0.000010 0.000010 0.241738 0.000010 0.000010 0.027359 0.000010 0.000010 0.026042 0.095732 0.000010 0.000010
0.000010 0.102258 0.000010 0.000010 0.271006 0.490104 0.000010 0.000010 0.025657 0.000010 0.110895 0.000010 0.000010
0.000010 0.000010 0.000010 0.000010 0.000010 0.025422 0.000010 0.000010 0.588096 0.000010 0.000010 0.000010 0.386382
0.688659 0.000010 0.021824 0.197908 0.000010 0.000010 0.035732 0.000010 0.055797 0.000010 0.000010 0.000010 0.000010
0.691262 0.000010 0.000010 0.148625 0.000010 0.000010 0.016413 0.000010 0.000010 0.088242 0.055378 0.000010 0.000010
0.000010 0.000010 0.725190 0.114232 0.000010 0.000010 0.000010 0.000010 0.124817 0.000010 0.000010 0.000010 0.035671
0.000010 0.000010 0.513217 0.000010 0.000010 0.000010 0.000010 0.000010 0.000010 0.000010 0.161660 0.048211 0.276822
0.000010 0.000010 0.295211 0.000010 0.000010 0.000010 0.019113 0.000010 0.067179 0.000010 0.000010 0.020211 0.598205
0.266266 0.193486 0.000010 0.345838 0.154895 0.000010 0.029774 0.000010 0.000010 0.000010 0.000010 0.000010 0.009671
0.000010 0.000010 0.000010 0.000010 0.000010 0.000010 0.000010 0.000010 0.000010 0.000010 0.000010 0.999880 0.000010
0.000010 0.000010 0.000010 0.000010 0.000010 0.518759 0.000010 0.000010 0.000010 0.000010 0.000010 0.481131 0.000010
0.289898 0.000010 0.000010 0.646454 0.000010 0.000010 0.000010 0.000010 0.000010 0.063548 0.000010 0.000010 0.000010
0.000010 0.000010 0.000010 0.139381 0.000010 0.066816 0.000010 0.167175 0.000010 0.170406 0.005540 0.315595 0.135028
0.000010 0.000010 0.000010 0.000010 0.000010 0.149836 0.000010 0.031530 0.061255 0.024337 0.000010 0.597679 0.135293
0.000010 0.000010 0.000010 0.999880 0.000010 0.000010 0.000010 0.000010 0.000010 0.000010 0.000010 0.000010 0.000010
0.000010 0.000010 0.000010 0.100284 0.000010 0.000010 0.000010 0.115747 0.000010 0.045896 0.737983 0.000010 0.000010
0.000010 0.245652 0.128782 0.000010 0.016764 0.000010 0.000010 0.129032 0.000010 0.000010 0.157892 0.000010 0.321808
0.053322 0.025686 0.000010 0.000010 0.000010 0.039489 0.000010 0.026098 0.000010 0.000010 0.855326 0.000010 0.000010
0.000010 0.000010 0.000010 0.000010 0.000010 0.000010 0.000010 0.000010 0.999880 0.000010 0.000010 0.000010 0.000010
0.000010 0.403471 0.000010 0.000010 0.000010 0.000010 0.000010 0.085041 0.050878 0.054133 0.000010 0.331179 0.075228
0.180548 0.000010 0.077930 0.041904 0.195863 0.000010 0.034085 0.180313 0.184345 0.000010 0.104962 0.000010 0.000010
0.000010 0.999880 0.000010 0.000010 0.000010 0.000010 0.000010 0.000010 0.000010 0.000010 0.000010 0.000010 0.000010
0.000010 0.139426 0.098539 0.000010 0.000010 0.005446 0.000010 0.663293 0.093216 0.000010 0.000010 0.000010 0.000010
0.000010 0.000010 0.000010 0.899723 0.017770 0.000010 0.000010 0.032156 0.000010 0.050262 0.000010 0.000010 0.000010
0.000010 0.180580 0.032181 0.000010 0.000010 0.000010 0.060784 0.000010 0.028246 0.067243 0.000010 0.609835 0.021071
0.000010 0.000010 0.000010 0.000010 0.000010 0.000010 0.000010 0.000010 0.000010 0.000010 0.999880 0.000010 0.000010
0.000010 0.000010 0.000010 0.000010 0.000010 0.000010 0.144771 0.000010 0.000010 0.000010 0.855119 0.000010 0.000010
0.109039 0.036537 0.000010 0.206130 0.647092 0.000010 0.000010 0.001122 0.000010 0.000010 0.000010 0.000010 0.000010
0.052512 0.000010 0.000010 0.000010 0.000010 0.000010 0.000010 0.000010 0.000010 0.012287 0.000010 0.805544 0.129567
0.000010 0.624182 0.000010 0.126122 0.051334 0.068637 0.000010 0.000010 0.000010 0.000010 0.057086 0.000010 0.072569
0.038382 0.555563 0.042536 0.032665 0.079611 0.000010 0.000010 0.000010 0.000010 0.014891 0.087160 0.000010 0.149142
0.000010 0.000010 0.000010 0.000010 0.000010 0.547952 0.000010 0.346526 0.105423 0.000010 0.000010 0.000010 0.000010
0.000010 0.000010 0.155368 0.000010 0.000010 0.094336 0.000010 0.554042 0.190545 0.005629 0.000010 0.000010 0.000010
0.000010 0.000010 0.000010 0.000010 0.000010 0.999880 0.000010 0.000010 0.000010 0.000010 0.000010 0.000010 0.000010
0.000010 0.000010 0.000010 0.000010 0.000010 0.999880 0.000010 0.000010 0.000010 0.000010 0.000010 0.000010 0.000010
0.000010 0.000010 0.000010 0.000010 0.000010 0.999880 0.000010 0.000010 0.000010 0.000010 0.000010 0.000010 0.000010
0.000010 0.999880 0.000010 0.000010 0.000010 0.000010 0.000010 0.000010 0.000010 0.000010 0.000010 0.000010 0.000010
0.000010 0.000010 0.000010 0.000010 0.000010 0.288456 0.000010 0.000010 0.148578 0.000014 0.000010 0.562863 0.000010
0.000010 0.000010 0.000010 0.000010 0.000010 0.000010 0.000010 0.000010 0.000010 0.000010 0.999880 0.000010 0.000010
0.000010 0.488059 0.035040 0.033362 0.000010 0.168875 0.000010 0.000010 0.000010 0.036478 0.163830 0.000010 0.074295
0.000010 0.000010 0.000010 0.000010 0.000010 0.000010 0.000010 0.000010 0.000010 0.000010 0.000010 0.999880 0.000010
0.000010 0.665440 0.000010 0.032987 0.000010 0.178743 0.000010 0.000010 0.000010 0.000010 0.121625 0.001125 0.000010
0.000010 0.000010 0.000010 0.000010 0.000010 0.000010 0.000010 0.000010 0.000010 0.000010 0.000010 0.999880 0.000010
0.431825 0.000010 0.000010 0.000010 0.114504 0.000010 0.000010 0.195149 0.000010 0.000010 0.214447 0.043996 0.000010
0.000010 0.579908 0.337304 0.000010 0.000010 0.000010 0.000010 0.000010 0.000010 0.000010 0.000010 0.082688 0.000010
0.000010 0.625765 0.000010 0.000010 0.000010 0.000010 0.000010 0.000010 0.000010 0.016450 0.022942 0.163779 0.170983
0.000010 0.791053 0.000010 0.000010 0.126528 0.000010 0.000010 0.052544 0.000010 0.000010 0.000010 0.000010 0.029784
0.521795 0.235655 0.000010 0.000010 0.120638 0.000010 0.000010 0.000010 0.000010 0.000010 0.121822 0.000010 0.000010
0.000010 0.056803 0.063250 0.009262 0.000010 0.191127 0.000010 0.000010 0.644992 0.000010 0.000010 0.000010 0.034495
0.038652 0.138818 0.000010 0.000010 0.000010 0.000010 0.000010 0.000010 0.799401 0.000010 0.023039 0.000010 0.000010
0.000010 0.176719 0.098847 0.000010 0.207823 0.000010 0.000010 0.041283 0.174372 0.041547 0.259350 0.000010 0.000010
0.015447 0.586483 0.070288 0.000010 0.000010 0.000010 0.009292 0.084121 0.000010 0.045108 0.060651 0.000010 0.128559
0.240062 0.000010 0.000010 0.609405 0.047799 0.000010 0.000010 0.048879 0.000010 0.029215 0.000010 0.000010 0.024569
0.304313 0.008060 0.001654 0.606252 0.000010 0.020877 0.000010 0.000010 0.012549 0.046234 0.000010 0.000010 0.000010
0.000010 0.038989 0.000010 0.034127 0.058319 0.111448 0.000010 0.049042 0.457415 0.088772 0.016450 0.105687 0.039721
0.476580 0.000010 0.000010 0.416541 0.007708 0.000010 0.031473 0.016788 0.000010 0.000010 0.000010 0.000010 0.050841
0.622614 0.044682 0.006294 0.000010 0.000010 0.000010 0.031264 0.031853 0.000010 0.011814 0.123823 0.127608 0.000010
0.000010 0.000010 0.000010 0.000010 0.000010 0.096178 0.000010 0.000010 0.721149 0.000010 0.182572 0.000010 0.000010
0.753916 0.000010 0.003000 0.000010 0.061974 0.000010 0.000010 0.125022 0.000010 0.003177 0.000010 0.000010 0.052840
0.124982 0.199426 0.000010 0.059083 0.000010 0.000010 0.000010 0.290526 0.140849 0.042581 0.000010 0.142493 0.000010
0.000010 0.694257 0.013883 0.000010 0.000010 0.138137 0.000010 0.000010 0.075818 0.000010 0.022342 0.008281 0.047222
0.000010 0.185327 0.000010 0.000010 0.033318 0.000010 0.000010 0.452622 0.084840 0.045904 0.197919 0.000010 0.000010
0.697355 0.002190 0.047239 0.000010 0.000010 0.000010 0.000010 0.021142 0.021240 0.061718 0.129529 0.000010 0.019537
0.000010 0.000010 0.030063 0.000010 0.000010 0.128325 0.000010 0.078280 0.000010 0.000010 0.000010 0.763242 0.000010
0.000010 0.266023 0.000010 0.000010 0.000010 0.004259 0.000010 0.000010 0.143198 0.000010 0.000010 0.581969 0.004471
0.000010 0.371078 0.000010 0.000010 0.000010 0.093837 0.000010 0.000010 0.233461 0.000010 0.000010 0.000010 0.301533
0.000010 0.530757 0.000010 0.021391 0.000010 0.000010 0.027674 0.073774 0.000010 0.000010 0.000010 0.051142 0.295193
0.000010 0.071767 0.396633 0.000010 0.000010 0.112257 0.000010 0.018777 0.000010 0.000010 0.017050 0.000010 0.383446
0.000010 0.298276 0.171449 0.000010 0.000010 0.131509 0.000010 0.053175 0.120125 0.000010 0.015775 0.209632 0.000010
0.130369 0.359366 0.198661 0.000010 0.000010 0.000010 0.000010 0.028820 0.111935 0.000010 0.087589 0.083201 0.000010
0.070766 0.415417 0.000010 0.000010 0.000010 0.069483 0.050933 0.000010 0.232269 0.000010 0.000010 0.143092 0.017979
0.000010 0.103700 0.311579 0.000010 0.000010 0.000010 0.000010 0.000010 0.000010 0.003207 0.000010 0.000010 0.581424
0.000010 0.000010 0.840305 0.000010 0.000010 0.000010 0.000010 0.000010 0.105181 0.000010 0.000010 0.000010 0.054415
0.645661 0.012831 0.000010 0.000010 0.030520 0.008741 0.000010 0.192087 0.000010 0.005650 0.104450 0.000010 0.000010
0.564867 0.074527 0.115849 0.000010 0.074705 0.000010 0.003821 0.000010 0.058417 0.000010 0.107754 0.000010 0.000010
