0.447487 0.000010 0.067861 0.173317 0.151280 0.160046
0.295331 0.272164 0.000010 0.432475 0.000010 0.000010
0.291374 0.102882 0.036636 0.366883 0.202215 0.000010
0.410511 0.029106 0.000010 0.237334 0.323029 0.000010
0.136504 0.165118 0.065428 0.309664 0.243789 0.079496
0.005801 0.159852 0.024352 0.307114 0.296680 0.206201
0.154279 0.253878 0.000010 0.313606 0.046187 0.232040
0.119311 0.071552 0.000010 0.370186 0.347460 0.091482
0.310484 0.000010 0.061209 0.226092 0.230678 0.171527
0.243349 0.039382 0.184072 0.222258 0.310930 0.000010
0.281939 0.089002 0.004481 0.218330 0.090879 0.315369
0.074016 0.000010 0.076943 0.545767 0.163953 0.139311
0.221719 0.016346 0.276224 0.304086 0.013303 0.168322
0.064521 0.000010 0.031420 0.632496 0.106275 0.165278
0.119344 0.000010 0.192364 0.349043 0.032396 0.306843
0.055963 0.014464 0.160624 0.462167 0.017938 0.288844
0.085546 0.000010 0.225295 0.359511 0.055786 0.273852
0.146770 0.000010 0.257427 0.299832 0.017880 0.278081
0.144164 0.000010 0.198967 0.372640 0.021408 0.262811
0.181625 0.000010 0.197438 0.351242 0.025101 0.244585
0.045255 0.021625 0.175068 0.421450 0.017513 0.319090
0.095831 0.000010 0.133765 0.497653 0.128801 0.143941
0.178076 0.155373 0.022528 0.615546 0.028466 0.000010
0.371021 0.000010 0.257183 0.321381 0.041299 0.009106
0.477908 0.000010 0.128173 0.317421 0.000010 0.076479
0.095051 0.090897 0.037108 0.396232 0.039512 0.341200
0.104334 0.000010 0.214586 0.378765 0.000010 0.302295
0.079155 0.000010 0.195277 0.381476 0.018687 0.325395
0.118728 0.025360 0.000345 0.556741 0.194125 0.104702
0.000010 0.000010 0.129172 0.501992 0.024263 0.344553
0.112850 0.000010 0.236541 0.320631 0.039045 0.290923
0.238851 0.000010 0.165797 0.380588 0.017391 0.197362
0.173892 0.000010 0.176247 0.421334 0.053404 0.175113
0.159391 0.000010 0.208747 0.399111 0.001822 0.230919
0.236949 0.035369 0.155972 0.320827 0.250873 0.000010
0.223393 0.106795 0.167283 0.307708 0.040737 0.154082
0.128815 0.083507 0.107870 0.557460 0.069122 0.053226
0.211332 0.000010 0.148544 0.567693 0.000010 0.072411
0.272308 0.098562 0.000010 0.300841 0.050988 0.277291
0.300657 0.053242 0.001220 0.320117 0.324754 0.000010
0.265685 0.243946 0.126875 0.335020 0.028464 0.000010
0.124318 0.144566 0.000010 0.409798 0.151188 0.170120
0.305591 0.037249 0.000010 0.388860 0.000010 0.268280
0.204405 0.000010 0.177942 0.499012 0.118621 0.000010
0.259073 0.121248 0.000010 0.585221 0.004337 0.030111
0.232731 0.134393 0.095447 0.438597 0.000010 0.098822
0.173290 0.101082 0.000010 0.426472 0.078545 0.220601
0.055522 0.178899 0.000010 0.540963 0.056116 0.168490
0.510178 0.000010 0.072256 0.367287 0.031871 0.018397
0.329198 0.028222 0.102044 0.278680 0.131947 0.129909
0.176413 0.120016 0.236665 0.335833 0.131062 0.000010
0.399046 0.053526 0.044764 0.340331 0.024447 0.137886
0.378548 0.086555 0.032494 0.366439 0.051547 0.084417
0.249210 0.155732 0.000010 0.329514 0.033290 0.232244
0.400904 0.008607 0.063125 0.367093 0.000010 0.160261
0.176562 0.167308 0.032910 0.510574 0.026156 0.086489
0.039061 0.176219 0.000010 0.507872 0.031651 0.245187
0.000010 0.193143 0.000010 0.643855 0.006172 0.156810
0.114686 0.055989 0.000010 0.628817 0.026909 0.173589
0.062979 0.189273 0.026151 0.609529 0.023089 0.088980
0.000010 0.096591 0.000010 0.553813 0.000010 0.349566
0.556955 0.000010 0.046591 0.218482 0.177952 0.000010
0.401839 0.172098 0.107490 0.212609 0.035942 0.070021
0.255667 0.040651 0.091244 0.153722 0.260794 0.197923
0.122457 0.090435 0.089408 0.536578 0.124644 0.036478
0.125655 0.173119 0.000010 0.562930 0.042149 0.096137
0.204876 0.161714 0.000010 0.450607 0.000010 0.182783
0.177585 0.120426 0.011191 0.456036 0.050112 0.184650
0.149340 0.067061 0.050195 0.462895 0.000010 0.270499
0.154809 0.000010 0.051743 0.515611 0.188448 0.089380
0.145018 0.014944 0.036649 0.508833 0.154785 0.139771
0.000010 0.074927 0.000010 0.591791 0.073516 0.259747
0.413403 0.188816 0.034058 0.244905 0.059051 0.059768
