0.120590 0.396761 0.482649
0.092476 0.000344 0.907179
0.000010 0.000010 0.999980
0.024638 0.069515 0.905847
0.000010 0.064975 0.935015
0.000010 0.000010 0.999980
0.024856 0.000010 0.975134
0.009155 0.059514 0.931331
0.214664 0.437803 0.347533
0.087468 0.494517 0.418015
0.000010 0.999980 0.000010
0.001399 0.553042 0.445559
0.063387 0.936603 0.000010
0.000010 0.999980 0.000010
0.072646 0.927344 0.000010
0.056378 0.000010 0.943612
0.013404 0.022058 0.964538
0.000010 0.811229 0.188761
0.131023 0.324115 0.544862
0.000010 0.027073 0.972917
0.000010 0.999980 0.000010
0.000010 0.999980 0.000010
0.013584 0.000552 0.985864
0.000010 0.999980 0.000010
0.066843 0.000010 0.933147
0.094963 0.000010 0.905027
0.049755 0.000010 0.950235
0.023794 0.000010 0.976196
0.000010 0.000010 0.999980
0.000010 0.000010 0.999980
0.040042 0.371724 0.588234
0.042127 0.519259 0.438615
0.000010 0.000010 0.999980
0.011209 0.000010 0.988781
0.000010 0.000010 0.999980
0.000010 0.007411 0.992579
0.000010 0.110397 0.889593
0.039095 0.000010 0.960895
0.202978 0.181528 0.615495
0.000010 0.000010 0.999980
0.154124 0.493534 0.352342
0.000010 0.999980 0.000010
0.000010 0.999980 0.000010
0.067290 0.932700 0.000010
0.000010 0.999980 0.000010
0.000010 0.999980 0.000010
0.000010 0.999980 0.000010
0.000010 0.999980 0.000010
0.000010 0.347994 0.651996
0.000010 0.885631 0.114359
0.000010 0.999980 0.000010
0.000010 0.000010 0.999980
0.000010 0.999980 0.000010
0.009464 0.929063 0.061474
0.075497 0.000010 0.924493
0.048989 0.951001 0.000010
0.081927 0.726949 0.191125
0.000010 0.813743 0.186247
0.025437 0.832559 0.142004
0.056168 0.223353 0.720479
0.147823 0.000010 0.852167
0.018145 0.334785 0.647070
0.067512 0.356381 0.576107
0.002221 0.299297 0.698483
0.019070 0.000010 0.980920
0.000010 0.060877 0.939113
0.036191 0.118299 0.845510
0.052531 0.061531 0.885937
0.024872 0.803953 0.171176
0.126170 0.709386 0.164444
0.126237 0.000010 0.873753
0.108198 0.837570 0.054232
0.204066 0.652067 0.143866
0.072099 0.639038 0.288864
0.117908 0.692235 0.189857
0.133867 0.452324 0.413809
0.115568 0.139230 0.745202
0.000010 0.217180 0.782810
0.076443 0.011470 0.912087
0.190860 0.655171 0.153969
0.020760 0.000010 0.979230
0.000010 0.024077 0.975913
0.000170 0.018796 0.981033
0.000010 0.000010 0.999980
0.000010 0.018968 0.981022
0.070547 0.000010 0.929443
0.073259 0.042858 0.883882
0.000010 0.999980 0.000010
0.661095 0.188222 0.150683
0.000010 0.999980 0.000010
0.000010 0.999980 0.000010
0.000010 0.999980 0.000010
0.080589 0.864537 0.054873
0.031404 0.214692 0.753905
0.125208 0.000010 0.874782
0.042022 0.000010 0.957968
0.642042 0.221284 0.136674
0.000010 0.617944 0.382046
0.234030 0.150218 0.615752
0.000010 0.345119 0.654871
0.036766 0.179871 0.783364
0.014078 0.009619 0.976303
0.047900 0.560114 0.391985
0.001379 0.099755 0.898866
0.051972 0.039133 0.908895
0.084666 0.045559 0.869775
0.000010 0.286422 0.713568
0.167434 0.695467 0.137099
0.000010 0.736823 0.263167
0.014418 0.020402 0.965180
0.000010 0.000010 0.999980
0.394067 0.554761 0.051173
0.667151 0.245205 0.087643
0.916638 0.000010 0.083352
0.999980 0.000010 0.000010
0.062675 0.871714 0.065611
0.046817 0.036206 0.916977
0.008503 0.334017 0.657480
0.000010 0.000010 0.999980
0.000010 0.465729 0.534261
0.056494 0.000010 0.943496
0.063794 0.002308 0.933898
0.999980 0.000010 0.000010
0.084172 0.234893 0.680935
0.999980 0.000010 0.000010
0.999980 0.000010 0.000010
0.985057 0.000010 0.014933
0.083283 0.415779 0.500937
0.027608 0.009351 0.963041
0.148867 0.000010 0.851123
0.246615 0.383004 0.370381
0.345013 0.576514 0.078472
0.381050 0.539977 0.078973
0.000010 0.249467 0.750523
0.042041 0.000010 0.957949
0.000010 0.704788 0.295202
0.129410 0.837353 0.033237
0.000010 0.483383 0.516607
0.000010 0.000010 0.999980
0.045098 0.008087 0.946815
0.084277 0.000010 0.915713
0.003884 0.029641 0.966475
0.018217 0.914704 0.067079
0.000010 0.206029 0.793961
0.030228 0.665774 0.303998
0.000010 0.156727 0.843263
0.078908 0.846662 0.074430
0.065737 0.761412 0.172851
0.053039 0.859064 0.087897
0.019285 0.754098 0.226617
0.072670 0.788557 0.138774
0.999980 0.000010 0.000010
0.129614 0.000010 0.870376
0.000010 0.138044 0.861946
0.266327 0.642531 0.091142
0.124342 0.000010 0.875648
0.108923 0.768113 0.122963
0.015563 0.000010 0.984427
0.056067 0.038039 0.905894
0.000010 0.083695 0.916295
0.197310 0.255605 0.547084
0.000010 0.147345 0.852645
0.000010 0.087356 0.912634
0.000010 0.591138 0.408852
0.005509 0.363354 0.631137
0.071561 0.662273 0.266166
0.106903 0.056792 0.836306
0.103771 0.223109 0.673120
0.000010 0.343876 0.656114
0.086993 0.241819 0.671188
0.015013 0.161770 0.823217
0.070697 0.000010 0.929293
0.000010 0.092933 0.907057
0.000010 0.458522 0.541468
0.000010 0.706842 0.293148
0.120541 0.000010 0.879449
0.000010 0.255670 0.744320
0.950245 0.049745 0.000010
0.919881 0.034367 0.045752
0.000010 0.363315 0.636675
0.999980 0.000010 0.000010
0.943796 0.056194 0.000010
0.700031 0.100734 0.199235
0.063782 0.675072 0.261146
0.904761 0.092007 0.003232
0.888317 0.038920 0.072763
0.918923 0.081067 0.000010
0.081326 0.000010 0.918664
0.160012 0.000010 0.839978
0.242901 0.352343 0.404757
0.000010 0.129788 0.870202
0.999980 0.000010 0.000010
0.042915 0.349238 0.607847
0.910251 0.089739 0.000010
0.907864 0.085866 0.006270
0.036519 0.093695 0.869787
0.115242 0.000010 0.884748
0.893983 0.017806 0.088211
0.069511 0.031830 0.898659
0.164907 0.411405 0.423689
0.999980 0.000010 0.000010
0.903842 0.096148 0.000010
0.999980 0.000010 0.000010
0.022075 0.380463 0.597462
0.023517 0.688198 0.288285
0.000010 0.340795 0.659195
0.130994 0.238104 0.630902
0.773133 0.125078 0.101789
0.963582 0.004660 0.031757
0.740903 0.126452 0.132645
0.952408 0.030818 0.016774
0.120289 0.000010 0.879701
0.362765 0.527882 0.109353
0.000010 0.069827 0.930163
0.000309 0.077631 0.922060
0.000010 0.048621 0.951369
0.128193 0.675121 0.196686
0.999980 0.000010 0.000010
0.037483 0.777213 0.185305
0.099727 0.549767 0.350506
0.811485 0.053932 0.134583
0.937956 0.023347 0.038697
0.999980 0.000010 0.000010
0.822093 0.096511 0.081396
0.000010 0.000010 0.999980
0.000010 0.000010 0.999980
0.009476 0.087999 0.902525
0.917535 0.059568 0.022897
0.000010 0.000010 0.999980
0.027453 0.064462 0.908084
0.000010 0.090613 0.909377
0.952699 0.032972 0.014330
0.999980 0.000010 0.000010
0.851872 0.014979 0.133148
0.864288 0.000010 0.135702
0.851399 0.042046 0.106556
0.824025 0.082834 0.093140
0.993164 0.006826 0.000010
0.859178 0.051946 0.088876
0.104017 0.224008 0.671975
0.000010 0.215149 0.784841
0.875400 0.000010 0.124590
0.820080 0.072411 0.107509
0.123016 0.000010 0.876974
0.006670 0.025740 0.967590
0.000010 0.085140 0.914850
0.683683 0.120334 0.195983
0.000010 0.000010 0.999980
0.060861 0.032182 0.906956
0.939610 0.060380 0.000010
0.233273 0.330654 0.436073
0.036622 0.179036 0.784342
0.999980 0.000010 0.000010
0.185398 0.298621 0.515981
0.000010 0.108866 0.891124
0.163869 0.102334 0.733797
0.000010 0.414643 0.585347
0.416249 0.547701 0.036051
0.055903 0.123905 0.820192
0.214586 0.429836 0.355578
0.053821 0.000010 0.946169
0.000010 0.492686 0.507304
0.942821 0.057169 0.000010
0.070463 0.150711 0.778825
0.104673 0.061485 0.833842
0.152719 0.167086 0.680195
0.436409 0.518760 0.044831
0.106890 0.139182 0.753927
0.178803 0.032331 0.788866
0.148158 0.066595 0.785247
0.000010 0.001818 0.998172
0.004487 0.344714 0.650798
0.000010 0.456385 0.543605
0.053491 0.000010 0.946499
0.000010 0.000010 0.999980
0.058800 0.098500 0.842700
0.035900 0.000010 0.964090
0.068301 0.158331 0.773367
0.117316 0.000010 0.882674
0.082359 0.000010 0.917631
0.242080 0.057821 0.700099
0.155951 0.000010 0.844039
0.281779 0.015856 0.702366
0.375877 0.283703 0.340420
0.000010 0.000010 0.999980
0.095312 0.000010 0.904678
0.078316 0.085486 0.836197
0.472537 0.163423 0.364041
0.000010 0.195883 0.804107
0.000010 0.242117 0.757873
0.004445 0.332637 0.662918
0.074702 0.113069 0.812229
0.886744 0.113246 0.000010
0.916739 0.023883 0.059378
0.030911 0.335356 0.633733
0.883361 0.059723 0.056915
0.633219 0.109992 0.256790
0.000010 0.152383 0.847607
0.670994 0.199041 0.129966
0.232525 0.263863 0.503611
0.038223 0.000010 0.961767
0.000010 0.470210 0.529780
0.658590 0.107685 0.233725
0.048149 0.056079 0.895772
0.106449 0.030279 0.863272
0.000010 0.000010 0.999980
0.059098 0.050835 0.890068
0.000010 0.000010 0.999980
0.039477 0.048521 0.912002
0.176810 0.017203 0.805987
0.109591 0.071705 0.818704
0.000010 0.000010 0.999980
0.000010 0.000010 0.999980
0.641387 0.203530 0.155084
0.576599 0.066101 0.357300
