0.496665 0.000010 0.436412 0.000010 0.023597 0.043306
0.000010 0.277648 0.683283 0.000010 0.039039 0.000010
0.000010 0.999950 0.000010 0.000010 0.000010 0.000010
0.038385 0.896760 0.000010 0.028189 0.001592 0.035064
0.019226 0.952082 0.021003 0.007669 0.000010 0.000010
0.000010 0.999950 0.000010 0.000010 0.000010 0.000010
0.000010 0.999950 0.000010 0.000010 0.000010 0.000010
0.000010 0.947943 0.000010 0.039699 0.012328 0.000010
0.000010 0.000010 0.000010 0.000010 0.000010 0.999950
0.000010 0.000010 0.000010 0.000010 0.000010 0.999950
0.000010 0.000010 0.000010 0.999950 0.000010 0.000010
0.000010 0.218589 0.243464 0.537916 0.000010 0.000010
0.000010 0.000010 0.000010 0.999950 0.000010 0.000010
0.000010 0.000010 0.000010 0.999950 0.000010 0.000010
0.000010 0.000010 0.045325 0.954635 0.000010 0.000010
0.000010 0.032664 0.963839 0.000010 0.003468 0.000010
0.000010 0.801118 0.168122 0.030730 0.000010 0.000010
0.750635 0.000010 0.000010 0.249325 0.000010 0.000010
0.427345 0.302507 0.080209 0.089937 0.099992 0.000010
0.000010 0.992307 0.000010 0.007653 0.000010 0.000010
0.000010 0.000010 0.000010 0.999950 0.000010 0.000010
0.000010 0.000010 0.000010 0.999950 0.000010 0.000010
0.000010 0.842555 0.080762 0.041497 0.000010 0.035166
0.000010 0.000010 0.000010 0.999950 0.000010 0.000010
0.000010 0.916500 0.037277 0.000010 0.046193 0.000010
0.000010 0.859841 0.079621 0.000010 0.060508 0.000010
0.000010 0.999950 0.000010 0.000010 0.000010 0.000010
0.000010 0.999950 0.000010 0.000010 0.000010 0.000010
0.000010 0.818104 0.181856 0.000010 0.000010 0.000010
0.000010 0.865366 0.134594 0.000010 0.000010 0.000010
0.000010 0.000010 0.000010 0.000010 0.000010 0.999950
0.055938 0.205327 0.083887 0.000010 0.012967 0.641870
0.000010 0.969087 0.025729 0.000010 0.005154 0.000010
0.000010 0.999950 0.000010 0.000010 0.000010 0.000010
0.000010 0.622084 0.377876 0.000010 0.000010 0.000010
0.000010 0.804197 0.195763 0.000010 0.000010 0.000010
0.000010 0.908869 0.039349 0.051751 0.000010 0.000010
0.000010 0.797786 0.174991 0.000010 0.027192 0.000010
0.047297 0.000010 0.499889 0.023010 0.121585 0.308209
0.000010 0.947637 0.052323 0.000010 0.000010 0.000010
0.099327 0.134999 0.000010 0.000010 0.137076 0.628578
0.008344 0.000010 0.000010 0.991616 0.000010 0.000010
0.000010 0.000010 0.000010 0.999950 0.000010 0.000010
0.000010 0.000010 0.000010 0.999950 0.000010 0.000010
0.000010 0.000010 0.000010 0.915669 0.000010 0.084291
0.000010 0.000010 0.000010 0.999950 0.000010 0.000010
0.000010 0.000010 0.000010 0.913168 0.000010 0.086792
0.000010 0.000010 0.000010 0.999950 0.000010 0.000010
0.385413 0.090844 0.431955 0.072884 0.000010 0.018894
0.630350 0.000010 0.000010 0.369610 0.000010 0.000010
0.000010 0.000010 0.000010 0.999950 0.000010 0.000010
0.000010 0.999950 0.000010 0.000010 0.000010 0.000010
0.000010 0.000010 0.000010 0.999950 0.000010 0.000010
0.254664 0.000010 0.000010 0.612751 0.000010 0.132555
0.031762 0.007482 0.960726 0.000010 0.000010 0.000010
0.000010 0.000010 0.000010 0.999950 0.000010 0.000010
0.999950 0.000010 0.000010 0.000010 0.000010 0.000010
0.298338 0.000010 0.000010 0.055778 0.000010 0.645854
0.638933 0.000010 0.000010 0.361027 0.000010 0.000010
0.078715 0.022771 0.671008 0.080027 0.000010 0.147469
0.000010 0.351867 0.582706 0.000010 0.065397 0.000010
0.000010 0.000010 0.484322 0.052708 0.000010 0.462940
0.304796 0.000010 0.478419 0.000010 0.021186 0.195580
0.178648 0.139476 0.405077 0.000010 0.000010 0.276779
0.000010 0.989193 0.000010 0.000010 0.010767 0.000010
0.000010 0.973430 0.000010 0.026530 0.000010 0.000010
0.000010 0.070696 0.771430 0.000010 0.000010 0.157844
0.000010 0.000010 0.883915 0.070410 0.000010 0.045645
0.999950 0.000010 0.000010 0.000010 0.000010 0.000010
0.673256 0.000010 0.006028 0.106338 0.052787 0.161581
0.000010 0.228899 0.702730 0.000010 0.068341 0.000010
0.999950 0.000010 0.000010 0.000010 0.000010 0.000010
0.681517 0.000010 0.049759 0.086826 0.145201 0.036687
0.000010 0.000010 0.000010 0.000010 0.000010 0.999950
0.792773 0.051791 0.000010 0.115966 0.039449 0.000010
0.000010 0.000010 0.210548 0.000010 0.071187 0.718235
0.000010 0.000010 0.758972 0.000010 0.009548 0.231450
0.000010 0.000010 0.616097 0.000010 0.000010 0.383863
0.013119 0.262353 0.713888 0.000010 0.010620 0.000010
0.717479 0.085019 0.024053 0.103467 0.069972 0.000010
0.000010 0.929217 0.070743 0.000010 0.000010 0.000010
0.000010 0.997589 0.000010 0.000010 0.000010 0.002371
0.018881 0.981079 0.000010 0.000010 0.000010 0.000010
0.000010 0.918557 0.056200 0.025213 0.000010 0.000010
0.000010 0.999950 0.000010 0.000010 0.000010 0.000010
0.000010 0.953373 0.000010 0.000010 0.046587 0.000010
0.000010 0.000010 0.922359 0.014940 0.000010 0.062670
0.000010 0.000010 0.000010 0.999950 0.000010 0.000010
0.290959 0.083574 0.017047 0.000010 0.608399 0.000010
0.000010 0.000010 0.000010 0.999950 0.000010 0.000010
0.000010 0.000010 0.000010 0.999950 0.000010 0.000010
0.000010 0.000010 0.000010 0.999950 0.000010 0.000010
0.644057 0.000010 0.000010 0.355903 0.000010 0.000010
0.000010 0.000010 0.757335 0.106107 0.000010 0.136529
0.000010 0.000010 0.780177 0.000010 0.000010 0.219783
0.000010 0.966336 0.001358 0.000010 0.032276 0.000010
0.000010 0.000010 0.000010 0.000010 0.608135 0.391825
0.000010 0.103113 0.000010 0.000010 0.022892 0.873965
0.000010 0.000010 0.753480 0.044102 0.000010 0.202388
0.000010 0.305731 0.214888 0.008808 0.000010 0.470554
0.113906 0.309088 0.508144 0.017317 0.017702 0.033842
0.000010 0.146707 0.663345 0.000010 0.000010 0.189917
0.478613 0.105583 0.189379 0.141006 0.000010 0.085409
0.000010 0.130564 0.674097 0.105433 0.000010 0.089886
0.026996 0.424219 0.497085 0.000010 0.051680 0.000010
0.010169 0.000010 0.865181 0.062830 0.061800 0.000010
0.026388 0.000010 0.571812 0.000010 0.000010 0.401770
0.934346 0.000010 0.000010 0.000010 0.065614 0.000010
0.000010 0.000010 0.000010 0.000010 0.000010 0.999950
0.003165 0.913379 0.083426 0.000010 0.000010 0.000010
0.000010 0.999948 0.000010 0.000010 0.000012 0.000010
0.751923 0.000010 0.000010 0.000010 0.248037 0.000010
0.000010 0.035697 0.000010 0.000010 0.640338 0.323934
0.000010 0.004161 0.024155 0.000010 0.971654 0.000010
0.000010 0.000010 0.000010 0.000010 0.999950 0.000010
0.686578 0.000010 0.000010 0.313382 0.000010 0.000010
0.000010 0.319048 0.632577 0.048346 0.000010 0.000010
0.157640 0.081534 0.536410 0.097637 0.000010 0.126768
0.000010 0.999950 0.000010 0.000010 0.000010 0.000010
0.000010 0.134112 0.164022 0.053343 0.000010 0.648503
0.000010 0.805906 0.194054 0.000010 0.000010 0.000010
0.000010 0.811709 0.188251 0.000010 0.000010 0.000010
0.000010 0.000010 0.000010 0.000010 0.999950 0.000010
0.002129 0.071579 0.483440 0.036809 0.053960 0.352083
0.000010 0.000010 0.000010 0.000010 0.999950 0.000010
0.000010 0.000010 0.015068 0.000010 0.984892 0.000010
0.000010 0.000010 0.000010 0.000010 0.999950 0.000010
0.000010 0.067536 0.364073 0.093692 0.051670 0.423018
0.000010 0.938039 0.019947 0.000010 0.041983 0.000010
0.000010 0.799855 0.146930 0.000010 0.053185 0.000010
0.135154 0.252959 0.000010 0.065827 0.232790 0.313260
0.239502 0.011407 0.000010 0.135609 0.321112 0.292360
0.000010 0.000010 0.000010 0.000010 0.000010 0.999950
0.256400 0.320118 0.360211 0.000010 0.000010 0.063251
0.000010 0.842256 0.157704 0.000010 0.000010 0.000010
0.000010 0.000010 0.000010 0.070343 0.000010 0.929617
0.000010 0.000010 0.000010 0.248733 0.007860 0.743376
0.000010 0.149630 0.115720 0.063471 0.000010 0.671159
0.000010 0.999950 0.000010 0.000010 0.000010 0.000010
0.000010 0.929657 0.000010 0.000010 0.000010 0.070303
0.000010 0.692383 0.289355 0.000010 0.018232 0.000010
0.000010 0.900507 0.076342 0.023121 0.000010 0.000010
0.606401 0.000010 0.000010 0.349204 0.000010 0.044365
0.000010 0.372436 0.279427 0.000010 0.000010 0.348107
0.550267 0.119946 0.077887 0.251880 0.000010 0.000010
0.351993 0.365793 0.282185 0.000010 0.000010 0.000010
0.834076 0.000010 0.000010 0.165884 0.000010 0.000010
0.943790 0.027722 0.000010 0.000010 0.028458 0.000010
0.978431 0.000010 0.000010 0.021529 0.000010 0.000010
0.999950 0.000010 0.000010 0.000010 0.000010 0.000010
0.276572 0.000010 0.000010 0.134294 0.008313 0.580800
0.000010 0.000010 0.000010 0.000010 0.999950 0.000010
0.000010 0.000010 0.999950 0.000010 0.000010 0.000010
0.000010 0.532024 0.408590 0.059356 0.000010 0.000010
0.783486 0.000010 0.000010 0.040230 0.176254 0.000010
0.000010 0.387951 0.561414 0.000010 0.050605 0.000010
0.999950 0.000010 0.000010 0.000010 0.000010 0.000010
0.000010 0.490731 0.509229 0.000010 0.000010 0.000010
0.000010 0.450699 0.451724 0.047455 0.000010 0.050103
0.000010 0.282639 0.562180 0.000010 0.000010 0.155151
0.000010 0.053536 0.489491 0.042304 0.090331 0.324328
0.000010 0.225254 0.503981 0.000010 0.000010 0.270735
0.000010 0.167888 0.720456 0.032523 0.000010 0.079112
0.068285 0.208037 0.000010 0.000010 0.000010 0.723648
0.309875 0.178019 0.400896 0.000010 0.000010 0.111191
0.110965 0.093877 0.000010 0.059153 0.081493 0.654502
0.243682 0.053366 0.702921 0.000010 0.000010 0.000010
0.255650 0.000010 0.706499 0.037821 0.000010 0.000010
0.034147 0.075117 0.437172 0.000010 0.000010 0.453544
0.410327 0.136314 0.434155 0.000010 0.000010 0.019184
0.000010 0.245245 0.447628 0.000010 0.000010 0.307097
0.000010 0.330229 0.669731 0.000010 0.000010 0.000010
0.000010 0.340437 0.444680 0.000010 0.000010 0.214852
0.253542 0.329446 0.107783 0.000010 0.000010 0.309209
0.999950 0.000010 0.000010 0.000010 0.000010 0.000010
0.000010 0.264478 0.699184 0.000010 0.036308 0.000010
0.001799 0.493335 0.104981 0.008450 0.000010 0.391425
0.000010 0.000010 0.000010 0.050135 0.949825 0.000010
0.000010 0.012118 0.012376 0.019830 0.955656 0.000010
0.000010 0.403662 0.031241 0.040952 0.000010 0.524125
0.000010 0.000010 0.000010 0.000010 0.999950 0.000010
0.052886 0.000010 0.000010 0.020347 0.926736 0.000010
0.104425 0.168333 0.095022 0.006249 0.625961 0.000010
0.901646 0.098314 0.000010 0.000010 0.000010 0.000010
0.000010 0.003551 0.000010 0.077252 0.917358 0.001818
0.000010 0.000010 0.048601 0.019220 0.932149 0.000010
0.057249 0.000010 0.000010 0.000010 0.942711 0.000010
0.000010 0.253921 0.746039 0.000010 0.000010 0.000010
0.000010 0.000010 0.958446 0.000010 0.041514 0.000010
0.000010 0.000010 0.271190 0.000010 0.182807 0.545973
0.000010 0.423051 0.409111 0.000010 0.000010 0.167808
0.000010 0.010251 0.000010 0.000010 0.958979 0.030740
0.004519 0.247511 0.245322 0.046493 0.000010 0.456144
0.000010 0.000010 0.000010 0.000010 0.898169 0.101791
0.071404 0.004748 0.000010 0.000010 0.923818 0.000010
0.096637 0.505592 0.343830 0.000010 0.024849 0.029082
0.000010 0.000010 0.999950 0.000010 0.000010 0.000010
0.000010 0.092411 0.000010 0.019383 0.888176 0.000010
0.035222 0.180424 0.734464 0.000010 0.048245 0.001635
0.000010 0.000010 0.283318 0.000010 0.105929 0.610723
0.000010 0.000010 0.000010 0.000010 0.996482 0.003478
0.000010 0.000010 0.087748 0.000010 0.888382 0.023840
0.000010 0.000010 0.000010 0.000010 0.999950 0.000010
0.164935 0.279562 0.256255 0.000010 0.000010 0.299228
0.000010 0.000010 0.000010 0.000010 0.000010 0.999950
0.482845 0.166482 0.350643 0.000010 0.000010 0.000010
0.000010 0.278870 0.258118 0.009725 0.107528 0.345749
0.038644 0.126424 0.000010 0.000010 0.773564 0.061348
0.000010 0.000010 0.000010 0.000010 0.987474 0.012486
0.000010 0.000010 0.121105 0.085837 0.764811 0.028227
0.000010 0.000010 0.037217 0.001490 0.961263 0.000010
0.000010 0.139928 0.813953 0.000010 0.046089 0.000010
0.000010 0.000010 0.000010 0.000010 0.000010 0.999950
0.000010 0.949397 0.023216 0.027357 0.000010 0.000010
0.000010 0.703025 0.226000 0.070945 0.000010 0.000010
0.000010 0.944820 0.055140 0.000010 0.000010 0.000010
0.405442 0.035956 0.000010 0.014634 0.113142 0.430817
0.000010 0.000010 0.000010 0.000010 0.999950 0.000010
0.461123 0.000010 0.000010 0.000010 0.000010 0.538837
0.401718 0.064263 0.173760 0.000010 0.062535 0.297713
0.000010 0.041873 0.020053 0.015569 0.857463 0.065032
0.014687 0.000010 0.047416 0.000010 0.919464 0.018414
0.000010 0.000010 0.000010 0.000010 0.999950 0.000010
0.000010 0.086560 0.000010 0.062044 0.851366 0.000010
0.000010 0.846100 0.153860 0.000010 0.000010 0.000010
0.000010 0.795604 0.158153 0.000010 0.000010 0.046213
0.000010 0.979825 0.000010 0.020135 0.000010 0.000010
0.000010 0.000010 0.000010 0.000010 0.935572 0.064388
0.000010 0.981196 0.018764 0.000010 0.000010 0.000010
0.000010 0.901492 0.000010 0.023005 0.012811 0.062672
0.000010 0.571501 0.299863 0.000010 0.000010 0.128606
0.000010 0.000010 0.059458 0.009989 0.930524 0.000010
0.000010 0.000010 0.000010 0.000010 0.999950 0.000010
0.000010 0.097234 0.041205 0.000010 0.801054 0.060487
0.000010 0.000010 0.101429 0.000010 0.811491 0.087050
0.000010 0.044273 0.000010 0.000010 0.834975 0.120721
0.000010 0.000010 0.016899 0.028470 0.874146 0.080465
0.000010 0.000010 0.000010 0.006006 0.985111 0.008853
0.000010 0.010074 0.113553 0.032494 0.843860 0.000010
0.297109 0.050877 0.616205 0.035790 0.000010 0.000010
0.000010 0.776968 0.000010 0.041747 0.000010 0.181254
0.000010 0.118811 0.000010 0.000010 0.881149 0.000010
0.000010 0.067392 0.000010 0.039255 0.893323 0.000010
0.000010 0.923565 0.000010 0.011941 0.064465 0.000010
0.000010 0.944685 0.030146 0.025139 0.000010 0.000010
0.000010 0.969772 0.000010 0.000010 0.000010 0.030188
0.274656 0.000010 0.145374 0.000010 0.579939 0.000010
0.000010 0.000010 0.999950 0.000010 0.000010 0.000010
0.000010 0.000010 0.988740 0.011220 0.000010 0.000010
0.000010 0.012623 0.000010 0.000010 0.987337 0.000010
0.070984 0.052896 0.339716 0.166535 0.094135 0.275733
0.000010 0.163737 0.505794 0.000765 0.000010 0.329684
0.000010 0.000010 0.000010 0.000010 0.999950 0.000010
0.061004 0.000010 0.466937 0.047541 0.186008 0.238500
0.095552 0.484699 0.321886 0.000010 0.000010 0.097844
0.147262 0.000010 0.852698 0.000010 0.000010 0.000010
0.081329 0.351824 0.000010 0.042684 0.000010 0.524144
0.000010 0.000010 0.000010 0.000010 0.000010 0.999950
0.000010 0.216400 0.625188 0.043060 0.000010 0.115332
0.303313 0.084226 0.135029 0.000010 0.205898 0.271525
0.000010 0.072360 0.872000 0.000010 0.055610 0.000010
0.008806 0.316904 0.000010 0.000010 0.000010 0.674259
0.000010 0.000010 0.000010 0.000010 0.997220 0.002740
0.000010 0.183210 0.597733 0.170533 0.034341 0.014173
0.000010 0.000010 0.861200 0.000010 0.000010 0.138760
0.082798 0.000010 0.819916 0.072803 0.024462 0.000010
0.706705 0.000010 0.000010 0.000010 0.293255 0.000010
0.083399 0.117051 0.662036 0.041522 0.017929 0.078063
0.077492 0.114770 0.696447 0.000010 0.111271 0.000010
0.092993 0.282024 0.516378 0.018459 0.090135 0.000010
0.000010 0.000010 0.999950 0.000010 0.000010 0.000010
0.000010 0.000010 0.409112 0.000010 0.000010 0.590848
0.078758 0.193042 0.089373 0.000010 0.000010 0.638808
0.000010 0.000010 0.863766 0.000010 0.000010 0.136194
0.000010 0.000010 0.903693 0.000010 0.000010 0.096267
0.000010 0.000010 0.854046 0.000010 0.000010 0.145914
0.000010 0.000010 0.999950 0.000010 0.000010 0.000010
0.026682 0.000010 0.760217 0.008077 0.000010 0.205003
0.000010 0.011881 0.917199 0.036226 0.034673 0.000010
0.000010 0.259938 0.740022 0.000010 0.000010 0.000010
0.000010 0.000010 0.816963 0.026880 0.069836 0.086301
0.000010 0.000010 0.906806 0.000010 0.093154 0.000010
0.000010 0.000010 0.840984 0.049759 0.109227 0.000010
0.139358 0.111295 0.187347 0.000010 0.369578 0.192411
0.000010 0.423552 0.576408 0.000010 0.000010 0.000010
0.000010 0.253748 0.724215 0.022007 0.000010 0.000010
0.129475 0.225959 0.644536 0.000010 0.000010 0.000010
0.161680 0.082412 0.239572 0.000010 0.516317 0.000010
0.000010 0.383803 0.297393 0.000010 0.000010 0.318775
0.084603 0.193253 0.374897 0.003248 0.000010 0.343989
0.340498 0.105054 0.481354 0.041987 0.000010 0.031097
0.044600 0.343869 0.435930 0.000010 0.057135 0.118456
0.096913 0.005591 0.000010 0.000010 0.897467 0.000010
0.000010 0.000010 0.064429 0.016907 0.918634 0.000010
0.121075 0.143297 0.337792 0.078116 0.005006 0.314714
0.068040 0.048807 0.000010 0.000010 0.883124 0.000010
0.013838 0.002552 0.222788 0.010722 0.618008 0.132092
0.022542 0.136932 0.503568 0.000010 0.000010 0.336938
0.052465 0.163097 0.000010 0.015456 0.643073 0.125899
0.000010 0.082607 0.344609 0.017470 0.175508 0.379796
0.000010 0.224849 0.775111 0.000010 0.000010 0.000010
0.082478 0.016954 0.353537 0.061589 0.000010 0.485431
0.000010 0.170024 0.023753 0.004101 0.720620 0.081492
0.000010 0.000010 0.851778 0.000010 0.000010 0.148182
0.000010 0.197259 0.676303 0.004599 0.000010 0.121818
0.000010 0.614018 0.385942 0.000010 0.000010 0.000010
0.000010 0.458997 0.455709 0.022633 0.058972 0.003679
0.000010 0.960374 0.039586 0.000010 0.000010 0.000010
0.000010 0.219837 0.735902 0.025023 0.000010 0.019219
0.021827 0.339407 0.484264 0.000010 0.154482 0.000010
0.000010 0.229342 0.619763 0.000010 0.091401 0.059474
0.000010 0.986933 0.000010 0.013027 0.000010 0.000010
0.000010 0.984905 0.000010 0.000010 0.015055 0.000010
0.000010 0.080561 0.000010 0.000010 0.687314 0.232094
0.075699 0.200924 0.088462 0.000010 0.634895 0.000010
