0.000010 0.000010 0.000010 0.411254 0.141213 0.447493 0.000010
0.009978 0.000010 0.246609 0.021841 0.028808 0.692744 0.000010
0.000010 0.000010 0.938710 0.000010 0.000010 0.061240 0.000010
0.014537 0.149424 0.768224 0.038711 0.029084 0.000010 0.000010
0.000010 0.311470 0.645869 0.000010 0.000010 0.012322 0.030309
0.000010 0.215288 0.784662 0.000010 0.000010 0.000010 0.000010
0.000010 0.000169 0.903536 0.000010 0.000010 0.096256 0.000010
0.000010 0.000010 0.827116 0.000010 0.000010 0.100318 0.072526
0.000010 0.000010 0.000010 0.000010 0.999940 0.000010 0.000010
0.000010 0.000010 0.000010 0.000010 0.999940 0.000010 0.000010
0.000010 0.000010 0.000010 0.000010 0.000010 0.000010 0.999940
0.000010 0.000010 0.242084 0.081768 0.000010 0.189717 0.486401
0.000010 0.000010 0.000010 0.848151 0.000010 0.000010 0.151799
0.000010 0.000010 0.000010 0.815347 0.000010 0.000010 0.184603
0.000010 0.000010 0.000010 0.834497 0.000010 0.000010 0.165453
0.000010 0.000010 0.000010 0.000010 0.000010 0.999940 0.000010
0.000010 0.051917 0.782553 0.000010 0.000010 0.122770 0.042731
0.000010 0.000010 0.000010 0.802689 0.000010 0.084771 0.112500
0.124740 0.056943 0.355674 0.373490 0.000010 0.082215 0.006928
0.000010 0.000010 0.977555 0.000010 0.000010 0.000010 0.022395
0.000010 0.000010 0.000010 0.000010 0.000010 0.000010 0.999940
0.000010 0.000012 0.000010 0.000010 0.000012 0.000010 0.999937
0.000010 0.000010 0.879081 0.000010 0.000010 0.120869 0.000010
0.000010 0.000011 0.000010 0.000011 0.000012 0.000010 0.999936
0.047846 0.083803 0.855877 0.000010 0.000010 0.012445 0.000010
0.041483 0.069836 0.821525 0.000010 0.000010 0.051925 0.015211
0.018749 0.000010 0.908622 0.000010 0.000010 0.072589 0.000010
0.000010 0.000010 0.999940 0.000010 0.000010 0.000010 0.000010
0.000010 0.058352 0.795380 0.000010 0.000010 0.146228 0.000010
0.000010 0.153165 0.701568 0.000010 0.000010 0.145227 0.000010
0.000010 0.000010 0.000010 0.000010 0.671621 0.328329 0.000010
0.000010 0.000010 0.090029 0.124068 0.639772 0.146101 0.000010
0.003906 0.021828 0.891906 0.000010 0.000010 0.082330 0.000010
0.000010 0.000010 0.999940 0.000010 0.000010 0.000010 0.000010
0.000010 0.069203 0.661151 0.000010 0.000010 0.269606 0.000010
0.000010 0.097123 0.705765 0.000010 0.000010 0.197072 0.000010
0.000010 0.213753 0.696287 0.046253 0.028007 0.015681 0.000010
0.000010 0.078974 0.708534 0.041174 0.000010 0.171289 0.000010
0.143623 0.275380 0.000010 0.107987 0.082156 0.390834 0.000010
0.000010 0.007854 0.869316 0.000010 0.000010 0.122789 0.000010
0.133794 0.190012 0.033078 0.000010 0.643086 0.000010 0.000010
0.000010 0.000010 0.000010 0.721018 0.000010 0.000010 0.278932
0.000010 0.000010 0.000010 0.263718 0.000010 0.000010 0.736232
0.000010 0.000010 0.000010 0.000010 0.000010 0.000010 0.999940
0.000010 0.000010 0.000010 0.000010 0.178179 0.000010 0.821771
0.000010 0.000010 0.000010 0.000010 0.000010 0.000010 0.999940
0.000010 0.000010 0.000010 0.000010 0.138942 0.000010 0.861008
0.000010 0.000010 0.000010 0.000010 0.000010 0.000010 0.999940
0.000010 0.107559 0.063488 0.343066 0.105035 0.363993 0.016849
0.000010 0.114567 0.000010 0.591899 0.000010 0.000010 0.293495
0.000010 0.000010 0.000010 0.487142 0.000010 0.000010 0.512808
0.000010 0.191961 0.807989 0.000010 0.000010 0.000010 0.000010
0.000010 0.000010 0.000010 0.000010 0.000010 0.000010 0.999940
0.000010 0.109740 0.000010 0.527425 0.000010 0.000010 0.362795
0.000010 0.342963 0.000010 0.000010 0.000010 0.656987 0.000010
0.000010 0.000010 0.000010 0.167908 0.067715 0.000010 0.764338
0.004508 0.000010 0.000010 0.883080 0.016507 0.095875 0.000010
0.000010 0.000010 0.000010 0.351615 0.648335 0.000010 0.000010
0.000010 0.000010 0.072886 0.661752 0.000010 0.000010 0.265322
0.000010 0.179666 0.000010 0.107122 0.112071 0.552098 0.049022
0.080483 0.071838 0.360554 0.000010 0.000010 0.487095 0.000010
0.000010 0.449993 0.000010 0.000010 0.321722 0.206482 0.021773
0.000010 0.000010 0.000010 0.223146 0.274843 0.501971 0.000010
0.000010 0.000010 0.225206 0.131523 0.331592 0.311649 0.000010
0.018622 0.072287 0.909051 0.000010 0.000010 0.000010 0.000010
0.000010 0.200754 0.761032 0.038174 0.000010 0.000010 0.000010
0.000010 0.552140 0.000010 0.000010 0.000010 0.447810 0.000010
0.000010 0.571023 0.000010 0.000010 0.000010 0.428927 0.000010
0.000010 0.000010 0.000010 0.823847 0.091465 0.007838 0.076820
0.067611 0.047643 0.000010 0.620729 0.148303 0.043838 0.071865
0.057362 0.000010 0.286237 0.000010 0.000010 0.656361 0.000010
0.000010 0.000010 0.000010 0.999940 0.000010 0.000010 0.000010
0.123677 0.000010 0.000010 0.607525 0.130667 0.093248 0.044863
0.000010 0.000010 0.000010 0.000010 0.940252 0.059698 0.000010
0.060534 0.000010 0.044383 0.671932 0.118431 0.037497 0.067213
0.000010 0.000010 0.000010 0.000010 0.727671 0.272279 0.000010
0.010865 0.644845 0.000010 0.054030 0.000010 0.290231 0.000010
0.000010 0.179289 0.077683 0.000010 0.322257 0.420741 0.000010
0.000010 0.042170 0.306863 0.014366 0.000010 0.636571 0.000010
0.124926 0.013519 0.000010 0.544775 0.162626 0.080916 0.073228
0.000010 0.000010 0.794106 0.000010 0.000010 0.187546 0.018308
0.000010 0.314373 0.685577 0.000010 0.000010 0.000010 0.000010
0.000010 0.006616 0.941870 0.051473 0.000010 0.000010 0.000010
0.000010 0.000010 0.919135 0.031168 0.000010 0.039728 0.009938
0.000010 0.298333 0.701617 0.000010 0.000010 0.000010 0.000010
0.054801 0.006657 0.938502 0.000010 0.000010 0.000010 0.000010
0.007925 0.303119 0.000010 0.000010 0.056233 0.620386 0.012316
0.000010 0.000010 0.002248 0.442324 0.000010 0.000010 0.555388
0.598246 0.000010 0.096021 0.256154 0.000010 0.049550 0.000010
0.000010 0.000010 0.000010 0.000010 0.000010 0.000010 0.999940
0.000010 0.000010 0.000010 0.000010 0.000010 0.000010 0.999940
0.000010 0.000010 0.000010 0.000010 0.000010 0.000010 0.999940
0.000010 0.000010 0.000010 0.688794 0.067309 0.000010 0.243857
0.000010 0.651326 0.000010 0.000010 0.000010 0.254955 0.093680
0.031685 0.420811 0.000010 0.000010 0.000010 0.547464 0.000010
0.018372 0.038476 0.841834 0.000010 0.000010 0.101287 0.000010
0.570815 0.137513 0.000010 0.000010 0.291632 0.000010 0.000010
0.000010 0.249964 0.018919 0.000010 0.731076 0.000010 0.000010
0.106825 0.326474 0.000010 0.000010 0.049726 0.423184 0.093770
0.000010 0.896826 0.000010 0.059021 0.044112 0.000010 0.000010
0.000010 0.183112 0.153692 0.117026 0.006575 0.458202 0.081383
0.000010 0.785113 0.000010 0.000010 0.000010 0.214837 0.000010
0.000010 0.159045 0.214754 0.465015 0.102019 0.000010 0.059147
0.000010 0.591444 0.000010 0.000010 0.000010 0.408506 0.000010
0.000010 0.164103 0.344189 0.070254 0.000010 0.421424 0.000010
0.000010 0.308636 0.000010 0.000010 0.000010 0.681423 0.009901
0.000010 0.220739 0.000010 0.033483 0.295132 0.450616 0.000010
0.045180 0.000010 0.000010 0.772691 0.068740 0.105637 0.007732
0.000010 0.146990 0.000010 0.000010 0.852960 0.000010 0.000010
0.000010 0.024556 0.789548 0.033136 0.000010 0.152731 0.000010
0.000010 0.000010 0.999940 0.000010 0.000010 0.000010 0.000010
0.326952 0.000010 0.000010 0.672786 0.000010 0.000010 0.000222
0.594372 0.167620 0.000010 0.079312 0.158666 0.000010 0.000010
0.871426 0.000010 0.014014 0.016543 0.000010 0.097988 0.000010
0.950295 0.000010 0.000010 0.021649 0.000010 0.028017 0.000010
0.000010 0.000010 0.046087 0.790653 0.013837 0.000010 0.149392
0.000010 0.210092 0.169105 0.065751 0.014730 0.540303 0.000010
0.000010 0.454975 0.000010 0.248165 0.000010 0.277527 0.019302
0.000010 0.060164 0.851142 0.000010 0.000010 0.077619 0.011045
0.000010 0.454353 0.000010 0.047549 0.335438 0.123317 0.039324
0.000010 0.000010 0.830569 0.000010 0.000010 0.149165 0.020226
0.020649 0.060138 0.744707 0.008288 0.000010 0.166198 0.000010
0.999940 0.000010 0.000010 0.000010 0.000010 0.000010 0.000010
0.024319 0.000010 0.085415 0.017271 0.344278 0.509306 0.019401
0.974633 0.000010 0.000010 0.000010 0.000010 0.000010 0.025317
0.999940 0.000010 0.000010 0.000010 0.000010 0.000010 0.000010
0.922662 0.000010 0.000010 0.000010 0.000010 0.060241 0.017057
0.000010 0.170484 0.007958 0.000010 0.440865 0.278261 0.102414
0.000010 0.178570 0.785848 0.000010 0.000010 0.021630 0.013923
0.077628 0.000010 0.739972 0.000010 0.000010 0.150422 0.031948
0.209021 0.108378 0.200356 0.091949 0.373830 0.000010 0.016456
0.295780 0.000010 0.000916 0.220897 0.398034 0.000010 0.084354
0.305586 0.000010 0.000010 0.000010 0.694364 0.000010 0.000010
0.000010 0.097756 0.248002 0.226014 0.068252 0.359956 0.000010
0.016409 0.085236 0.757810 0.000010 0.000010 0.140516 0.000010
0.000010 0.000010 0.000010 0.000010 0.999940 0.000010 0.000010
0.000010 0.000010 0.000010 0.000010 0.794748 0.000010 0.205202
0.000010 0.271483 0.095588 0.000010 0.632889 0.000010 0.000010
0.000010 0.149843 0.850107 0.000010 0.000010 0.000010 0.000010
0.000010 0.115524 0.869050 0.000010 0.015386 0.000010 0.000010
0.055971 0.000010 0.636207 0.000010 0.000010 0.307782 0.000010
0.000010 0.000010 0.891924 0.000010 0.000010 0.076126 0.031910
0.000010 0.019606 0.000010 0.732242 0.058460 0.000010 0.189662
0.000010 0.879574 0.014280 0.000010 0.000010 0.106106 0.000010
0.000010 0.089304 0.165806 0.488950 0.000010 0.038579 0.217341
0.000010 0.086893 0.239304 0.252347 0.000010 0.421426 0.000010
0.000010 0.000010 0.000010 0.862710 0.000010 0.000010 0.137240
0.000010 0.000010 0.037754 0.901483 0.040998 0.000010 0.019735
0.000010 0.027599 0.000010 0.721328 0.143289 0.000010 0.107754
0.000010 0.106520 0.000010 0.820870 0.072570 0.000010 0.000010
0.000010 0.000010 0.000010 0.195033 0.695998 0.000010 0.108929
0.999940 0.000010 0.000010 0.000010 0.000010 0.000010 0.000010
0.023958 0.221584 0.000010 0.000010 0.000010 0.754418 0.000010
0.000010 0.487561 0.281821 0.051578 0.000010 0.175791 0.003229
0.221456 0.000010 0.010234 0.701759 0.060402 0.000010 0.006129
0.050494 0.036117 0.386445 0.000010 0.000010 0.526914 0.000010
0.032776 0.000010 0.000010 0.781519 0.146343 0.000010 0.039332
0.000010 0.294522 0.410970 0.000010 0.000010 0.294468 0.000010
0.016184 0.331635 0.330343 0.000010 0.000010 0.290208 0.031610
0.000010 0.497576 0.111826 0.000010 0.019478 0.371090 0.000010
0.121303 0.000010 0.087532 0.048027 0.263463 0.411967 0.067698
0.000010 0.713205 0.000010 0.000010 0.040191 0.246565 0.000010
0.000010 0.450757 0.000010 0.000010 0.000010 0.508260 0.040943
0.000010 0.281299 0.061443 0.116520 0.540709 0.000010 0.000010
0.000010 0.000010 0.000010 0.230312 0.296128 0.473520 0.000010
0.044218 0.268703 0.000010 0.155774 0.492246 0.000010 0.039039
0.054177 0.000010 0.000010 0.096217 0.000010 0.837700 0.011876
0.002567 0.000010 0.000010 0.171203 0.153071 0.673128 0.000010
0.000010 0.124739 0.096795 0.070583 0.319623 0.355834 0.032416
0.000010 0.001864 0.210531 0.301637 0.000010 0.485938 0.000010
0.000010 0.999940 0.000010 0.000010 0.000010 0.000010 0.000010
0.000010 0.000010 0.377052 0.000010 0.000010 0.615706 0.007201
0.000010 0.483602 0.206116 0.000010 0.009714 0.282478 0.018070
0.000010 0.597880 0.000010 0.376620 0.025461 0.000010 0.000010
0.000010 0.000010 0.019765 0.882605 0.000010 0.097590 0.000010
0.052091 0.037175 0.253068 0.000010 0.000010 0.651923 0.005723
0.000010 0.995742 0.000010 0.000010 0.000010 0.000010 0.004208
0.892580 0.000010 0.000010 0.000010 0.107370 0.000010 0.000010
0.891040 0.000010 0.016609 0.007918 0.000010 0.030172 0.054240
0.000010 0.324226 0.261365 0.000010 0.414369 0.000010 0.000010
0.974138 0.000010 0.000010 0.000010 0.000010 0.000010 0.025812
0.891793 0.000010 0.000010 0.036633 0.000010 0.043176 0.028368
0.634952 0.006633 0.046464 0.135543 0.000010 0.176388 0.000010
0.000010 0.022024 0.041776 0.869052 0.000010 0.067118 0.000010
0.858624 0.000010 0.000608 0.000010 0.140728 0.000010 0.000010
0.835262 0.000010 0.009808 0.000010 0.046016 0.079948 0.028945
0.902488 0.000010 0.000010 0.042617 0.054855 0.000010 0.000010
0.000010 0.014803 0.308926 0.012485 0.000010 0.663755 0.000010
0.094219 0.000010 0.064917 0.000010 0.000010 0.820615 0.020219
0.184761 0.151338 0.000010 0.060340 0.406439 0.197102 0.000010
0.000010 0.328345 0.309513 0.000010 0.081622 0.280491 0.000010
0.954465 0.000010 0.000010 0.000010 0.045485 0.000010 0.000010
0.052816 0.534410 0.032162 0.053430 0.181588 0.100238 0.045357
0.866976 0.000010 0.000010 0.012765 0.120219 0.000010 0.000010
0.827876 0.000010 0.058493 0.104848 0.000010 0.008753 0.000010
0.019812 0.294326 0.423103 0.057718 0.000010 0.205022 0.000010
0.000010 0.000010 0.000010 0.000010 0.000010 0.999940 0.000010
0.857598 0.025204 0.020806 0.000010 0.027716 0.040872 0.027795
0.000010 0.000010 0.212749 0.000010 0.065872 0.721339 0.000010
0.084096 0.032731 0.000010 0.000010 0.633264 0.249879 0.000010
0.957744 0.000010 0.000010 0.000010 0.014887 0.026591 0.000749
0.802869 0.000010 0.000010 0.033678 0.000010 0.125305 0.038118
0.953564 0.046386 0.000010 0.000010 0.000010 0.000010 0.000010
0.014173 0.635159 0.011832 0.151117 0.147339 0.040370 0.000010
0.000010 0.000010 0.000010 0.000010 0.999940 0.000010 0.000010
0.000010 0.146396 0.225324 0.427309 0.000010 0.200940 0.000010
0.100914 0.250551 0.191192 0.029274 0.229549 0.198511 0.000010
0.730096 0.000010 0.121179 0.039529 0.094281 0.000010 0.014895
0.921047 0.035268 0.000010 0.000010 0.000010 0.043644 0.000010
0.676736 0.032725 0.000010 0.000010 0.074981 0.108751 0.106786
0.854105 0.000010 0.000010 0.000010 0.000010 0.103282 0.042573
0.046581 0.000010 0.178647 0.000010 0.000010 0.774733 0.000010
0.322296 0.000010 0.000010 0.000010 0.677654 0.000010 0.000010
0.000010 0.166304 0.824491 0.000010 0.009165 0.000010 0.000010
0.018740 0.021432 0.775356 0.000010 0.000010 0.086824 0.097628
0.000010 0.014293 0.834381 0.054948 0.000010 0.096347 0.000010
0.087047 0.014121 0.049385 0.337258 0.459464 0.006553 0.046172
0.957600 0.000010 0.000010 0.000010 0.000010 0.042350 0.000010
0.000010 0.000010 0.000010 0.335721 0.625039 0.000010 0.039199
0.022497 0.000010 0.034585 0.342126 0.449116 0.151655 0.000010
0.765950 0.014516 0.085448 0.029308 0.023794 0.063201 0.017783
0.871568 0.000010 0.000010 0.022698 0.013923 0.091781 0.000010
0.966755 0.000010 0.000010 0.000010 0.000010 0.026903 0.006301
0.761327 0.000010 0.152857 0.040547 0.000010 0.000010 0.045239
0.000010 0.217451 0.755423 0.000010 0.000010 0.027086 0.000010
0.000010 0.251242 0.677628 0.000010 0.000010 0.071090 0.000010
0.005480 0.142556 0.823754 0.000010 0.000010 0.004548 0.023642
0.851810 0.000010 0.000010 0.000010 0.089294 0.058855 0.000010
0.000010 0.000010 0.999940 0.000010 0.000010 0.000010 0.000010
0.024745 0.191235 0.729437 0.000010 0.031779 0.000010 0.022784
0.000010 0.564525 0.257221 0.000010 0.000010 0.178214 0.000010
0.882715 0.000010 0.000010 0.000010 0.000010 0.078350 0.038895
0.999940 0.000010 0.000010 0.000010 0.000010 0.000010 0.000010
0.810492 0.057897 0.000010 0.000010 0.041380 0.090201 0.000010
0.823072 0.046674 0.027048 0.000010 0.020970 0.082215 0.000010
0.816188 0.094782 0.000010 0.000010 0.073523 0.015477 0.000010
0.792405 0.028423 0.032367 0.000010 0.093411 0.045026 0.008358
0.961232 0.000010 0.000010 0.000010 0.024742 0.000010 0.013986
0.804736 0.014570 0.031669 0.000010 0.002540 0.072595 0.073881
0.015713 0.250043 0.000010 0.277388 0.000010 0.456826 0.000010
0.000010 0.805534 0.194416 0.000010 0.000010 0.000010 0.000010
0.836007 0.078671 0.014894 0.000010 0.000010 0.070398 0.000010
0.778624 0.054105 0.034015 0.000010 0.000010 0.025984 0.107252
0.109185 0.000010 0.890765 0.000010 0.000010 0.000010 0.000010
0.000010 0.070995 0.810067 0.000010 0.017361 0.087021 0.014537
0.000010 0.186255 0.801366 0.012339 0.000010 0.000010 0.000010
0.588900 0.000010 0.000010 0.192179 0.000010 0.218881 0.000010
0.000010 0.168343 0.000010 0.000010 0.000010 0.831607 0.000010
0.000017 0.322945 0.000010 0.000010 0.000010 0.665461 0.011546
0.895987 0.040293 0.000010 0.000010 0.000010 0.000010 0.063681
0.190624 0.169042 0.033511 0.000010 0.162453 0.230649 0.213710
0.034941 0.434769 0.004615 0.000010 0.116048 0.361988 0.047629
0.993876 0.006074 0.000010 0.000010 0.000010 0.000010 0.000010
0.062623 0.000010 0.000010 0.005722 0.275807 0.566943 0.088885
0.000010 0.081333 0.506808 0.034770 0.118781 0.258288 0.000010
0.000010 0.000010 0.000010 0.123822 0.060084 0.816054 0.000010
0.000010 0.818507 0.000010 0.162336 0.000010 0.000010 0.019117
0.323783 0.000010 0.000010 0.000010 0.676167 0.000010 0.000010
0.000010 0.116375 0.141077 0.000010 0.109649 0.581994 0.050884
0.191804 0.126994 0.079358 0.274460 0.255514 0.071861 0.000010
0.000010 0.000010 0.089558 0.000010 0.000010 0.910392 0.000010
0.000010 0.123030 0.184971 0.015993 0.641238 0.034747 0.000010
0.918860 0.000010 0.000010 0.000010 0.000010 0.000010 0.081090
0.000010 0.141025 0.095108 0.030235 0.000010 0.589619 0.143993
0.000010 0.000010 0.000010 0.000010 0.022568 0.977382 0.000010
0.043203 0.000010 0.000010 0.217688 0.054599 0.684480 0.000010
0.341775 0.000010 0.000010 0.586089 0.072096 0.000010 0.000010
0.073179 0.169111 0.056779 0.032098 0.097815 0.534598 0.036419
0.111176 0.000010 0.218467 0.075354 0.001084 0.593899 0.000010
0.065019 0.000010 0.315477 0.125548 0.000010 0.492002 0.001934
0.000010 0.574739 0.000010 0.000010 0.000010 0.425211 0.000010
0.000010 0.447351 0.000010 0.000010 0.368000 0.184609 0.000010
0.000010 0.313913 0.118083 0.000010 0.560189 0.000010 0.007785
0.000010 0.721617 0.000010 0.000010 0.000010 0.278333 0.000010
0.000010 0.558742 0.000010 0.000010 0.000010 0.441208 0.000010
0.000010 0.430148 0.000010 0.000010 0.081926 0.487886 0.000010
0.000010 0.000010 0.021905 0.000010 0.000010 0.956879 0.021176
0.022426 0.390072 0.000010 0.019687 0.000010 0.532503 0.035292
0.041328 0.000010 0.128873 0.000010 0.000010 0.829759 0.000010
0.027369 0.103952 0.228948 0.000010 0.000010 0.626262 0.013450
0.106963 0.000010 0.000010 0.000010 0.096829 0.796169 0.000010
0.070599 0.000010 0.096424 0.000010 0.022318 0.808394 0.002246
0.167020 0.000010 0.000400 0.000010 0.069108 0.747141 0.016310
0.320087 0.000010 0.000010 0.143792 0.265724 0.270366 0.000010
0.000010 0.000010 0.349037 0.000010 0.000010 0.650913 0.000010
0.000010 0.091681 0.211677 0.000010 0.000010 0.692348 0.004265
0.000010 0.000010 0.193952 0.092970 0.080767 0.632281 0.000010
0.380292 0.000010 0.032222 0.184868 0.040940 0.361658 0.000010
0.020952 0.803272 0.128953 0.000010 0.000010 0.046793 0.000010
0.018835 0.772496 0.000010 0.053386 0.000010 0.155253 0.000010
0.000010 0.117253 0.128599 0.264530 0.071197 0.365946 0.052466
0.000010 0.000010 0.355302 0.058954 0.086322 0.479095 0.020307
0.851485 0.007723 0.000010 0.048898 0.059649 0.000010 0.032225
0.883602 0.037586 0.000415 0.000010 0.000010 0.028266 0.050110
0.016754 0.541335 0.000010 0.068988 0.081991 0.192627 0.098294
0.856420 0.026377 0.057007 0.014288 0.018412 0.000010 0.027486
0.552536 0.000010 0.015618 0.000010 0.083377 0.255283 0.093166
0.000010 0.815386 0.000010 0.000010 0.000010 0.184564 0.000010
0.612839 0.000010 0.128371 0.048344 0.195895 0.000010 0.014531
0.181161 0.138479 0.000010 0.000010 0.332591 0.296825 0.050924
0.000010 0.149675 0.206255 0.000010 0.000010 0.644030 0.000010
0.000010 0.034081 0.073378 0.063183 0.502417 0.278629 0.048303
0.602385 0.010505 0.129613 0.000010 0.109347 0.078952 0.069188
0.000010 0.186721 0.000010 0.000010 0.128644 0.684594 0.000010
0.023664 0.261729 0.031773 0.032907 0.000010 0.649907 0.000010
0.000010 0.408259 0.293533 0.000010 0.000010 0.298169 0.000010
0.000863 0.052262 0.418651 0.000010 0.065233 0.427485 0.035496
0.000010 0.169770 0.783423 0.000010 0.020498 0.026279 0.000010
0.000010 0.208565 0.202858 0.000010 0.062902 0.525646 0.000010
0.097385 0.077997 0.282484 0.000010 0.086945 0.455169 0.000010
0.062937 0.316761 0.077915 0.067929 0.003772 0.470676 0.000010
0.000010 0.206188 0.793762 0.000010 0.000010 0.000010 0.000010
0.008329 0.010939 0.922179 0.000010 0.000010 0.046437 0.012097
0.595215 0.000010 0.068128 0.002924 0.249384 0.068083 0.016256
0.532453 0.046398 0.139956 0.120861 0.000010 0.160312 0.000010
