0.696087 0.142209 0.161705
0.641013 0.000010 0.358977
0.106954 0.154039 0.739007
0.414078 0.275838 0.310084
0.642605 0.104642 0.252753
0.371931 0.366197 0.261873
0.332823 0.321614 0.345564
0.476719 0.038419 0.484863
0.460858 0.062892 0.476250
0.530749 0.114577 0.354675
0.436828 0.100339 0.462833
0.542502 0.113489 0.344009
0.511931 0.146470 0.341600
0.523598 0.099185 0.377217
0.499165 0.130604 0.370231
0.431439 0.110009 0.458552
0.399530 0.176155 0.424314
0.539816 0.026964 0.433220
0.474804 0.000010 0.525186
0.510915 0.110513 0.378572
0.501137 0.119492 0.379372
0.477876 0.055651 0.466473
0.516734 0.131289 0.351977
0.585800 0.099250 0.314950
0.508238 0.119867 0.371895
0.000010 0.198707 0.801283
0.000010 0.165305 0.834685
0.029830 0.129817 0.840353
0.533038 0.158524 0.308438
0.349400 0.182015 0.468586
0.588887 0.169427 0.241686
0.308134 0.368962 0.322905
0.586090 0.074661 0.339249
0.455407 0.162546 0.382048
0.573497 0.042170 0.384333
0.477499 0.058307 0.464194
0.510154 0.025088 0.464759
0.583974 0.000010 0.416016
0.554957 0.067591 0.377453
0.075134 0.222215 0.702651
0.573158 0.109048 0.317794
0.519035 0.097563 0.383402
0.459806 0.091963 0.448231
0.600866 0.033045 0.366089
0.510091 0.103691 0.386218
0.506264 0.105603 0.388133
0.471411 0.008232 0.520357
0.492659 0.132515 0.374827
0.612325 0.186528 0.201147
0.702217 0.063686 0.234097
0.379363 0.241474 0.379163
0.584994 0.035189 0.379817
0.504484 0.131945 0.363571
0.532012 0.070211 0.397777
0.396649 0.153682 0.449670
0.520127 0.071450 0.408423
0.629945 0.040814 0.329241
