0.000010 0.000010 0.000010 0.296819 0.000010 0.000010 0.125865 0.477406 0.000010 0.000010 0.059582 0.015721 0.024519 0.000010 0.000010
0.000010 0.105146 0.000010 0.000010 0.038221 0.000010 0.163926 0.000010 0.527053 0.165554 0.000010 0.000010 0.000010 0.000010 0.000010
0.000010 0.000010 0.000010 0.000010 0.000010 0.000010 0.113592 0.081366 0.000010 0.804922 0.000010 0.000010 0.000010 0.000010 0.000010
0.000010 0.117524 0.000010 0.000010 0.141356 0.017968 0.071588 0.000010 0.000010 0.555546 0.033032 0.000010 0.024841 0.038076 0.000010
0.000010 0.145973 0.000010 0.000010 0.232892 0.000010 0.000010 0.000010 0.000010 0.496267 0.000010 0.000010 0.000010 0.124757 0.000010
0.000020 0.000010 0.059040 0.000010 0.172833 0.000010 0.158074 0.000010 0.015975 0.593969 0.000010 0.000010 0.000010 0.000010 0.000010
0.000010 0.138480 0.000010 0.000010 0.052734 0.000010 0.139896 0.004286 0.000010 0.652037 0.000010 0.000010 0.012477 0.000010 0.000010
0.000010 0.000010 0.031049 0.000010 0.000010 0.052184 0.157969 0.008265 0.000010 0.708917 0.000010 0.002053 0.000010 0.000010 0.039484
0.093483 0.099796 0.044605 0.430282 0.054453 0.018838 0.000010 0.009276 0.000010 0.000010 0.163530 0.000010 0.000010 0.085678 0.000010
0.000010 0.108095 0.000010 0.000010 0.000010 0.000010 0.000010 0.000010 0.725801 0.000010 0.000010 0.000010 0.000010 0.165983 0.000010
0.000010 0.000010 0.000010 0.000010 0.000010 0.999860 0.000010 0.000010 0.000010 0.000010 0.000010 0.000010 0.000010 0.000010 0.000010
0.113824 0.000010 0.049897 0.061082 0.000010 0.288563 0.154113 0.000010 0.007649 0.188788 0.000010 0.000010 0.000010 0.136015 0.000010
0.999860 0.000010 0.000010 0.000010 0.000010 0.000010 0.000010 0.000010 0.000010 0.000010 0.000010 0.000010 0.000010 0.000010 0.000010
0.999860 0.000010 0.000010 0.000010 0.000010 0.000010 0.000010 0.000010 0.000010 0.000010 0.000010 0.000010 0.000010 0.000010 0.000010
0.999860 0.000010 0.000010 0.000010 0.000010 0.000010 0.000010 0.000010 0.000010 0.000010 0.000010 0.000010 0.000010 0.000010 0.000010
0.000010 0.000010 0.000010 0.000010 0.000010 0.000010 0.182409 0.095508 0.721963 0.000010 0.000010 0.000010 0.000010 0.000010 0.000010
0.000010 0.000010 0.029450 0.000010 0.034089 0.001565 0.213367 0.042247 0.000010 0.679192 0.000010 0.000010 0.000010 0.000010 0.000010
0.470304 0.000010 0.000010 0.420169 0.000010 0.000010 0.109408 0.000010 0.000010 0.000010 0.000010 0.000010 0.000010 0.000010 0.000010
0.198591 0.000010 0.000010 0.201441 0.000010 0.000010 0.086609 0.000010 0.000010 0.412208 0.000010 0.060065 0.000010 0.000010 0.040998
0.121601 0.000010 0.232164 0.126714 0.130378 0.000010 0.000010 0.000010 0.000010 0.000010 0.121685 0.036136 0.000010 0.000010 0.231242
0.000010 0.000010 0.000010 0.000010 0.094412 0.043975 0.034868 0.000010 0.000010 0.826634 0.000010 0.000011 0.000010 0.000010 0.000010
0.000010 0.000010 0.000010 0.000010 0.000010 0.999860 0.000010 0.000010 0.000010 0.000010 0.000010 0.000010 0.000010 0.000010 0.000010
0.000010 0.000010 0.000010 0.000010 0.000010 0.999860 0.000010 0.000010 0.000010 0.000010 0.000010 0.000010 0.000010 0.000010 0.000010
0.000010 0.080132 0.000010 0.000010 0.042530 0.031294 0.039951 0.133497 0.000010 0.654325 0.018191 0.000010 0.000010 0.000010 0.000010
0.000010 0.000010 0.000010 0.000010 0.000010 0.999859 0.000010 0.000011 0.000010 0.000010 0.000010 0.000010 0.000010 0.000010 0.000010
0.000010 0.110250 0.000010 0.004616 0.038365 0.012012 0.119299 0.082035 0.000010 0.625339 0.000010 0.000010 0.008013 0.000010 0.000010
0.000010 0.016712 0.048768 0.000010 0.064887 0.000010 0.099952 0.000010 0.015161 0.732943 0.000010 0.000010 0.000010 0.000010 0.021496
0.000011 0.000010 0.000010 0.000010 0.999856 0.000010 0.000010 0.000013 0.000010 0.000010 0.000010 0.000010 0.000010 0.000010 0.000010
0.000010 0.000010 0.000010 0.000010 0.000010 0.027735 0.160704 0.000010 0.000010 0.806110 0.000010 0.005340 0.000010 0.000010 0.000010
0.000010 0.000010 0.000010 0.000010 0.000010 0.000010 0.000010 0.000010 0.000010 0.979884 0.000010 0.019986 0.000010 0.000010 0.000010
0.000010 0.063435 0.000010 0.000010 0.072668 0.000010 0.136376 0.208575 0.000010 0.518847 0.000010 0.000010 0.000010 0.000010 0.000010
0.000010 0.054860 0.000010 0.000010 0.168181 0.000010 0.132715 0.000010 0.167145 0.476999 0.000010 0.000010 0.000010 0.000010 0.000010
0.000010 0.000010 0.000010 0.048788 0.000010 0.000010 0.215851 0.000010 0.030946 0.081968 0.556405 0.044092 0.000010 0.021869 0.000010
0.000010 0.000010 0.000010 0.000010 0.076916 0.002439 0.151883 0.000010 0.099487 0.645390 0.000010 0.000010 0.000010 0.013829 0.009975
0.000010 0.000010 0.000010 0.000010 0.000010 0.000010 0.000010 0.000010 0.068503 0.931367 0.000010 0.000010 0.000010 0.000010 0.000010
0.000010 0.000010 0.000010 0.264618 0.000010 0.000010 0.000010 0.041600 0.128634 0.000010 0.151174 0.183983 0.044384 0.030638 0.154899
0.000010 0.000010 0.000010 0.000010 0.999294 0.000010 0.000010 0.000010 0.000010 0.000576 0.000010 0.000010 0.000010 0.000010 0.000010
0.000010 0.072765 0.022799 0.000010 0.032729 0.000010 0.316829 0.000010 0.159035 0.380309 0.000010 0.000010 0.000010 0.015454 0.000010
0.000010 0.027111 0.000010 0.000010 0.000015 0.024992 0.015711 0.079507 0.000010 0.277383 0.549276 0.000010 0.000010 0.025936 0.000010
0.000010 0.000010 0.000010 0.033548 0.200790 0.015264 0.159023 0.000010 0.021248 0.515772 0.000010 0.043939 0.000010 0.010346 0.000010
0.000010 0.000010 0.000010 0.000010 0.204606 0.000010 0.000010 0.000010 0.000010 0.000010 0.577135 0.000010 0.000010 0.000010 0.218139
0.000010 0.157080 0.000010 0.000010 0.119242 0.000010 0.203797 0.028199 0.027195 0.458396 0.000010 0.000010 0.000010 0.000010 0.006011
0.082750 0.117361 0.036322 0.000010 0.000010 0.000010 0.313100 0.000010 0.000010 0.000010 0.098946 0.000010 0.000010 0.266991 0.084449
0.000010 0.108240 0.000010 0.000010 0.000010 0.000010 0.147856 0.000010 0.055969 0.677247 0.000010 0.000010 0.000010 0.010589 0.000010
0.000010 0.000010 0.000010 0.000010 0.081747 0.023603 0.078691 0.000010 0.000010 0.088820 0.438900 0.059450 0.000010 0.080154 0.148565
0.999860 0.000010 0.000010 0.000010 0.000010 0.000010 0.000010 0.000010 0.000010 0.000010 0.000010 0.000010 0.000010 0.000010 0.000010
0.781174 0.000010 0.000010 0.000010 0.000010 0.218696 0.000010 0.000010 0.000010 0.000010 0.000010 0.000010 0.000010 0.000010 0.000010
0.000010 0.000010 0.124029 0.000010 0.207956 0.000010 0.000010 0.049794 0.069470 0.548650 0.000010 0.000010 0.000010 0.000010 0.000010
0.105072 0.000010 0.015990 0.000010 0.000010 0.856670 0.000010 0.000010 0.000010 0.000010 0.000010 0.022158 0.000010 0.000010 0.000010
0.000010 0.000010 0.000010 0.070956 0.000010 0.825522 0.000010 0.000010 0.000010 0.000010 0.103402 0.000010 0.000010 0.000010 0.000010
0.000010 0.000010 0.000010 0.000010 0.000010 0.999860 0.000010 0.000010 0.000010 0.000010 0.000010 0.000010 0.000010 0.000010 0.000010
0.054401 0.000010 0.000010 0.000010 0.000010 0.794886 0.000010 0.000010 0.000010 0.014186 0.102057 0.034370 0.000010 0.000010 0.000010
0.000010 0.000010 0.000010 0.000010 0.000010 0.999860 0.000010 0.000010 0.000010 0.000010 0.000010 0.000010 0.000010 0.000010 0.000010
0.000010 0.000010 0.000010 0.027588 0.063900 0.064266 0.099021 0.745125 0.000010 0.000010 0.000010 0.000010 0.000010 0.000010 0.000010
0.103968 0.000010 0.000010 0.495106 0.120839 0.247686 0.000010 0.000010 0.000010 0.000010 0.032301 0.000010 0.000010 0.000010 0.000010
0.999860 0.000010 0.000010 0.000010 0.000010 0.000010 0.000010 0.000010 0.000010 0.000010 0.000010 0.000010 0.000010 0.000010 0.000010
0.999860 0.000010 0.000010 0.000010 0.000010 0.000010 0.000010 0.000010 0.000010 0.000010 0.000010 0.000010 0.000010 0.000010 0.000010
0.000010 0.000010 0.000010 0.226889 0.000010 0.000010 0.160550 0.000010 0.186605 0.000010 0.000010 0.166973 0.000010 0.000010 0.258883
0.000010 0.000010 0.000010 0.000010 0.227543 0.000010 0.144428 0.000010 0.000010 0.587384 0.000010 0.000010 0.000010 0.040535 0.000010
0.012378 0.129720 0.000010 0.000010 0.000010 0.047504 0.000010 0.000010 0.276662 0.000010 0.000010 0.286473 0.000010 0.000010 0.247173
0.134805 0.000010 0.000010 0.000010 0.000010 0.865065 0.000010 0.000010 0.000010 0.000010 0.000010 0.000010 0.000010 0.000010 0.000010
0.488427 0.000010 0.000010 0.254466 0.043250 0.139345 0.042737 0.000010 0.000010 0.000010 0.031686 0.000010 0.000010 0.000010 0.000010
0.337314 0.000010 0.000010 0.407920 0.054435 0.126604 0.000010 0.000010 0.029771 0.000010 0.000010 0.043866 0.000010 0.000010 0.000010
0.000010 0.000010 0.000010 0.000010 0.000010 0.000010 0.126860 0.000010 0.000010 0.000010 0.000010 0.000010 0.000010 0.873010 0.000010
0.108066 0.000010 0.000010 0.050178 0.007520 0.780553 0.000010 0.000010 0.000010 0.000010 0.000014 0.000010 0.000010 0.053580 0.000010
0.000010 0.000010 0.000010 0.000010 0.000010 0.000010 0.000010 0.000010 0.059913 0.000010 0.000010 0.000010 0.000010 0.939957 0.000010
0.000010 0.004638 0.000010 0.956456 0.000010 0.000010 0.038786 0.000010 0.000010 0.000010 0.000010 0.000010 0.000010 0.000010 0.000010
0.257913 0.000010 0.000010 0.054511 0.000010 0.000010 0.067302 0.000010 0.000010 0.000010 0.620164 0.000010 0.000010 0.000010 0.000010
0.271035 0.000010 0.000010 0.479661 0.000010 0.160687 0.000010 0.000010 0.000010 0.035000 0.043295 0.000010 0.000010 0.000010 0.010233
0.029269 0.000010 0.099285 0.000010 0.029603 0.040352 0.176936 0.000010 0.167441 0.027326 0.090164 0.000010 0.000010 0.314808 0.024765
0.000010 0.183784 0.000010 0.000010 0.005197 0.000010 0.146322 0.000010 0.238621 0.282440 0.000010 0.028859 0.012279 0.102428 0.000010
0.000010 0.054222 0.000010 0.000010 0.158576 0.010326 0.240505 0.000010 0.000010 0.000010 0.321005 0.000010 0.000010 0.215276 0.000010
0.000010 0.000010 0.000010 0.178646 0.006393 0.029150 0.243802 0.195694 0.147654 0.019663 0.139922 0.000010 0.000010 0.039016 0.000010
0.000010 0.039310 0.000010 0.039186 0.000010 0.000010 0.143497 0.242691 0.043688 0.060241 0.383152 0.000010 0.000010 0.048165 0.000010
0.076552 0.000010 0.000010 0.034545 0.245849 0.068612 0.000010 0.000010 0.000010 0.000010 0.220603 0.160516 0.000010 0.000010 0.193244
0.000010 0.000010 0.000010 0.000010 0.002266 0.000010 0.020508 0.000010 0.000010 0.828778 0.068578 0.000010 0.000010 0.079770 0.000010
0.000010 0.000010 0.000010 0.000010 0.333374 0.011523 0.064251 0.000010 0.000010 0.569767 0.010646 0.000010 0.000010 0.000010 0.010349
0.000010 0.074207 0.025434 0.000010 0.163263 0.000010 0.000010 0.000010 0.000010 0.000010 0.000010 0.000010 0.000010 0.736987 0.000010
0.006023 0.000010 0.000010 0.000010 0.000010 0.000010 0.000010 0.000010 0.000010 0.116963 0.000010 0.000010 0.000010 0.876894 0.000010
0.000010 0.000010 0.000010 0.881425 0.000010 0.077400 0.000010 0.000010 0.000010 0.000010 0.000010 0.038666 0.002399 0.000010 0.000010
0.013725 0.000010 0.000010 0.000010 0.434934 0.001617 0.000010 0.213866 0.000010 0.282644 0.000010 0.053125 0.000010 0.000010 0.000010
0.098794 0.000010 0.000010 0.603480 0.010482 0.069958 0.000010 0.038376 0.000010 0.000010 0.034947 0.000010 0.000010 0.143884 0.000010
0.000010 0.000010 0.009167 0.000010 0.000010 0.000010 0.292770 0.000010 0.405137 0.193194 0.000811 0.020564 0.000010 0.078276 0.000010
0.000010 0.000010 0.000010 0.999860 0.000010 0.000010 0.000010 0.000010 0.000010 0.000010 0.000010 0.000010 0.000010 0.000010 0.000010
0.039964 0.000010 0.000010 0.568306 0.009255 0.042821 0.071381 0.184476 0.000010 0.000010 0.019821 0.029219 0.000010 0.000010 0.034697
0.000010 0.025028 0.074438 0.000010 0.397024 0.000010 0.000010 0.000010 0.089538 0.243714 0.170169 0.000010 0.000010 0.000010 0.000010
0.000010 0.000010 0.000010 0.000010 0.000010 0.000010 0.142512 0.000010 0.000010 0.000010 0.766222 0.063514 0.000010 0.000010 0.027642
0.080937 0.000010 0.000010 0.554825 0.011792 0.080217 0.042342 0.043180 0.041488 0.000572 0.091586 0.010951 0.000010 0.000010 0.042070
0.000010 0.000010 0.000010 0.884767 0.000010 0.048004 0.000010 0.000010 0.000010 0.000010 0.000010 0.067109 0.000010 0.000010 0.000010
0.000010 0.102363 0.000010 0.000010 0.000010 0.000010 0.000010 0.000010 0.009680 0.000010 0.887837 0.000010 0.000010 0.000010 0.000010
0.008160 0.017932 0.000010 0.000010 0.074905 0.000010 0.000010 0.093604 0.005886 0.047812 0.529641 0.004168 0.000010 0.217832 0.000010
0.000010 0.036957 0.001117 0.000010 0.000010 0.000010 0.062807 0.214158 0.000010 0.000010 0.630955 0.000010 0.000010 0.053916 0.000010
0.000010 0.126514 0.057623 0.000010 0.000010 0.000010 0.000010 0.260337 0.000010 0.000010 0.000010 0.017721 0.537706 0.000010 0.000010
0.000010 0.000010 0.000010 0.003429 0.053769 0.089832 0.000010 0.000010 0.000010 0.000010 0.006486 0.065418 0.000010 0.780976 0.000010
0.049158 0.000010 0.051286 0.009174 0.142572 0.000010 0.000010 0.241603 0.000010 0.377658 0.083735 0.000010 0.000010 0.044743 0.000010
0.000010 0.151269 0.061594 0.000010 0.014482 0.000010 0.198302 0.000010 0.000010 0.071853 0.261292 0.041304 0.000010 0.199834 0.000010
0.017198 0.045029 0.000010 0.000010 0.041603 0.000010 0.196825 0.000010 0.502067 0.140640 0.053818 0.000010 0.000010 0.002750 0.000010
0.000010 0.036387 0.178657 0.000010 0.222934 0.000010 0.000010 0.155087 0.107912 0.048367 0.091712 0.000216 0.099487 0.010266 0.048934
0.012461 0.000010 0.000010 0.474264 0.000010 0.122646 0.147025 0.058157 0.000010 0.000010 0.111087 0.007872 0.066417 0.000010 0.000010
0.000010 0.024262 0.000010 0.000010 0.000010 0.032991 0.033936 0.000010 0.176828 0.702193 0.000010 0.029700 0.000010 0.000010 0.000010
0.000010 0.000010 0.000010 0.000010 0.313780 0.000010 0.123379 0.000010 0.000010 0.562721 0.000010 0.000010 0.000010 0.000010 0.000010
0.000010 0.000010 0.085233 0.000010 0.037535 0.000010 0.000010 0.000010 0.060865 0.703921 0.050714 0.039859 0.000010 0.000010 0.021792
0.000010 0.000010 0.000010 0.000010 0.150933 0.000010 0.082087 0.039713 0.000010 0.714202 0.000010 0.012965 0.000010 0.000010 0.000010
0.000010 0.000010 0.000010 0.018756 0.018692 0.000010 0.114048 0.000010 0.048775 0.748145 0.000010 0.000010 0.000010 0.000010 0.051493
0.015384 0.000010 0.000010 0.000010 0.312668 0.000010 0.000010 0.000010 0.000010 0.671827 0.000010 0.000010 0.000010 0.000010 0.000010
0.000010 0.000010 0.000010 0.000010 0.098356 0.000010 0.000010 0.038039 0.153089 0.709133 0.000010 0.000010 0.000010 0.000010 0.001283
0.000010 0.000010 0.000010 0.000010 0.000010 0.000010 0.000010 0.045409 0.028591 0.079662 0.005265 0.000010 0.000010 0.840973 0.000010
0.999860 0.000010 0.000010 0.000010 0.000010 0.000010 0.000010 0.000010 0.000010 0.000010 0.000010 0.000010 0.000010 0.000010 0.000010
0.022139 0.000010 0.100944 0.041900 0.207315 0.019452 0.000010 0.000010 0.000010 0.000010 0.481434 0.004380 0.000010 0.122364 0.000010
0.000010 0.023587 0.000010 0.174532 0.000010 0.000010 0.070257 0.000010 0.000010 0.001426 0.000010 0.259230 0.000010 0.000010 0.470878
0.018889 0.000010 0.000010 0.000010 0.000010 0.980981 0.000010 0.000010 0.000010 0.000010 0.000010 0.000010 0.000010 0.000010 0.000010
0.000010 0.000010 0.000010 0.000010 0.000010 0.999860 0.000010 0.000010 0.000010 0.000010 0.000010 0.000010 0.000010 0.000010 0.000010
0.087117 0.000010 0.000010 0.000010 0.000010 0.912753 0.000010 0.000010 0.000010 0.000010 0.000010 0.000010 0.000010 0.000010 0.000010
0.155302 0.005572 0.000010 0.366614 0.174335 0.094725 0.000010 0.000010 0.000010 0.002445 0.200927 0.000010 0.000010 0.000010 0.000010
0.393057 0.000010 0.000010 0.392309 0.000010 0.063674 0.055342 0.000010 0.000010 0.000010 0.000010 0.095518 0.000010 0.000010 0.000010
0.000010 0.000010 0.000010 0.000010 0.020921 0.085210 0.000010 0.000010 0.000010 0.000010 0.000010 0.000010 0.000010 0.893748 0.000010
0.000010 0.126436 0.000010 0.000010 0.000010 0.000010 0.000010 0.192859 0.000010 0.000010 0.000010 0.008129 0.665340 0.007136 0.000010
0.000010 0.000010 0.005283 0.000010 0.000010 0.000010 0.000010 0.000010 0.055630 0.000010 0.000010 0.000010 0.046059 0.892918 0.000010
0.000010 0.000010 0.000010 0.000010 0.000010 0.999860 0.000010 0.000010 0.000010 0.000010 0.000010 0.000010 0.000010 0.000010 0.000010
0.000010 0.358911 0.065202 0.000010 0.000010 0.000010 0.000010 0.000010 0.000010 0.000010 0.000010 0.000010 0.575767 0.000010 0.000010
0.000010 0.000010 0.152655 0.000010 0.023453 0.000010 0.061191 0.000010 0.140894 0.621707 0.000010 0.000010 0.000010 0.000010 0.000010
0.000010 0.000010 0.285297 0.000010 0.000010 0.000010 0.000010 0.340208 0.004694 0.000010 0.018384 0.000010 0.000010 0.000010 0.351317
0.030853 0.000010 0.000010 0.061734 0.045226 0.000010 0.000010 0.000010 0.000010 0.000010 0.859793 0.002294 0.000010 0.000010 0.000010
0.000010 0.091197 0.000010 0.000010 0.028842 0.000010 0.068455 0.000010 0.000010 0.000010 0.211598 0.054908 0.000010 0.000010 0.544911
0.003750 0.000010 0.018466 0.000010 0.169233 0.000010 0.000010 0.019091 0.000010 0.042447 0.746922 0.000010 0.000010 0.000010 0.000010
0.000010 0.000010 0.000010 0.000010 0.000010 0.082291 0.337759 0.000010 0.000010 0.000010 0.044545 0.000010 0.000010 0.463245 0.072060
0.000010 0.000010 0.000010 0.000010 0.533357 0.064258 0.364784 0.000010 0.000010 0.000010 0.014503 0.000010 0.000010 0.022998 0.000010
0.000010 0.000010 0.000010 0.102927 0.090217 0.018549 0.377131 0.033075 0.174803 0.144248 0.031840 0.018502 0.000010 0.008658 0.000010
0.000010 0.000010 0.000010 0.000010 0.199620 0.000010 0.146316 0.000010 0.000010 0.082337 0.000010 0.000010 0.000010 0.571617 0.000010
0.037262 0.000010 0.005752 0.425912 0.082805 0.085755 0.004544 0.000010 0.019363 0.229904 0.000010 0.000010 0.000010 0.060292 0.048362
0.000010 0.000010 0.000010 0.000010 0.170978 0.000010 0.232480 0.000010 0.120230 0.000010 0.000010 0.000010 0.000010 0.476203 0.000010
0.000010 0.211963 0.000010 0.005254 0.158476 0.005025 0.152720 0.000010 0.353300 0.082205 0.000010 0.000010 0.030987 0.000010 0.000010
0.000010 0.000010 0.000010 0.000010 0.000010 0.006275 0.092035 0.084611 0.161246 0.000010 0.029372 0.000010 0.000010 0.626371 0.000010
0.000010 0.185890 0.000010 0.000010 0.183121 0.000010 0.000010 0.000010 0.242894 0.029466 0.000010 0.000010 0.000010 0.000010 0.358529
0.000010 0.000010 0.032285 0.000010 0.484061 0.000010 0.000010 0.088479 0.000010 0.079738 0.046843 0.015709 0.000010 0.252804 0.000010
0.065714 0.000010 0.000010 0.078803 0.188533 0.029855 0.000010 0.000010 0.015470 0.000010 0.442551 0.068866 0.002471 0.000010 0.107677
0.000010 0.000010 0.000010 0.000010 0.000010 0.009325 0.000010 0.065271 0.000010 0.000010 0.254991 0.000010 0.000010 0.670303 0.000010
0.000010 0.000010 0.064379 0.711956 0.000010 0.000010 0.046013 0.058254 0.000010 0.000010 0.037411 0.000010 0.025693 0.001197 0.055027
0.041045 0.000010 0.000010 0.000010 0.000010 0.000010 0.102353 0.000010 0.000010 0.000010 0.856482 0.000010 0.000010 0.000010 0.000010
0.000635 0.108309 0.068386 0.000010 0.187049 0.000010 0.000010 0.000010 0.067136 0.131592 0.389185 0.047638 0.000010 0.000010 0.000010
0.000010 0.140132 0.000010 0.000010 0.017285 0.000010 0.075496 0.004314 0.000010 0.610239 0.023126 0.000010 0.000010 0.129329 0.000010
0.000010 0.035225 0.000010 0.000010 0.037017 0.000010 0.055477 0.000010 0.000010 0.858961 0.000010 0.000010 0.000010 0.013221 0.000010
0.000010 0.000010 0.000010 0.600075 0.000010 0.000010 0.000010 0.000010 0.054729 0.000010 0.000010 0.147881 0.000010 0.000010 0.197205
0.000010 0.000010 0.000010 0.000010 0.000010 0.000010 0.000010 0.033290 0.000010 0.000010 0.000010 0.000010 0.874889 0.000010 0.091701
0.000010 0.000010 0.000010 0.695402 0.000010 0.000010 0.000010 0.000010 0.008068 0.000010 0.000010 0.141914 0.000010 0.000010 0.154506
0.000010 0.000010 0.084128 0.020598 0.202466 0.034606 0.000010 0.000010 0.000010 0.000010 0.583646 0.074467 0.000010 0.000010 0.000010
0.000010 0.000010 0.000010 0.031591 0.106810 0.000010 0.112623 0.000010 0.000010 0.000010 0.077530 0.081669 0.000010 0.000010 0.589687
0.000010 0.658928 0.000010 0.000010 0.000010 0.000010 0.000010 0.230671 0.000010 0.000010 0.000010 0.110281 0.000010 0.000010 0.000010
0.000010 0.000010 0.045304 0.023381 0.000010 0.000010 0.059229 0.000010 0.000010 0.032731 0.000010 0.000010 0.798574 0.000010 0.040692
0.000010 0.999860 0.000010 0.000010 0.000010 0.000010 0.000010 0.000010 0.000010 0.000010 0.000010 0.000010 0.000010 0.000010 0.000010
0.067189 0.402630 0.000010 0.000010 0.014329 0.000010 0.000010 0.000010 0.000010 0.010131 0.197934 0.000010 0.262850 0.044857 0.000010
0.000010 0.000010 0.000010 0.000010 0.000010 0.000010 0.111357 0.000010 0.000010 0.000010 0.000010 0.000010 0.888513 0.000010 0.000010
0.019319 0.123771 0.058814 0.000010 0.189202 0.000010 0.000010 0.000329 0.000010 0.548368 0.000010 0.000010 0.000010 0.060117 0.000010
0.034747 0.044406 0.000010 0.000010 0.116333 0.000010 0.234425 0.100123 0.318334 0.057549 0.000010 0.000010 0.000010 0.094013 0.000010
0.000010 0.000010 0.000010 0.173511 0.142912 0.000010 0.263768 0.041601 0.000010 0.000010 0.000010 0.028143 0.000010 0.349976 0.000010
0.000010 0.000010 0.000010 0.000010 0.072606 0.000010 0.249783 0.070921 0.000010 0.606580 0.000010 0.000010 0.000010 0.000010 0.000010
0.011348 0.000010 0.000010 0.000010 0.263368 0.078634 0.245157 0.000010 0.000010 0.000010 0.290682 0.000010 0.000010 0.110721 0.000010
0.000010 0.098551 0.000010 0.000010 0.104195 0.000010 0.000010 0.140230 0.086328 0.497836 0.000010 0.000010 0.072770 0.000010 0.000010
0.000010 0.035656 0.000010 0.000010 0.042885 0.000010 0.164554 0.072351 0.000010 0.630713 0.000010 0.009739 0.000010 0.044022 0.000010
0.000010 0.188044 0.000010 0.000010 0.000010 0.000010 0.000010 0.000010 0.811826 0.000010 0.000010 0.000010 0.000010 0.000010 0.000010
0.000010 0.000010 0.000010 0.000010 0.000010 0.000010 0.000010 0.000010 0.000010 0.000010 0.000010 0.000010 0.999860 0.000010 0.000010
0.000010 0.000010 0.000010 0.000010 0.000010 0.000010 0.247196 0.000010 0.239932 0.000010 0.314917 0.029416 0.027944 0.140505 0.000010
0.000010 0.000010 0.000010 0.000010 0.000010 0.000012 0.000010 0.000010 0.000010 0.000010 0.000010 0.000010 0.774951 0.000010 0.224917
0.000010 0.000010 0.000010 0.000010 0.000010 0.000010 0.000010 0.000010 0.000010 0.000010 0.000010 0.000010 0.915269 0.000010 0.084601
0.000010 0.000010 0.000010 0.000010 0.000010 0.000010 0.025479 0.000010 0.000010 0.000010 0.000010 0.000010 0.858203 0.000010 0.116198
0.000010 0.040699 0.000010 0.000010 0.003402 0.048897 0.200599 0.000010 0.105032 0.110420 0.407576 0.000010 0.000010 0.020752 0.062563
0.000010 0.041949 0.000010 0.000010 0.089619 0.036082 0.049897 0.032003 0.000010 0.608810 0.000010 0.000010 0.000010 0.141558 0.000010
0.000010 0.121952 0.085263 0.000010 0.108024 0.000010 0.000010 0.000010 0.039029 0.603148 0.000010 0.042494 0.000010 0.000010 0.000010
0.000010 0.000010 0.000010 0.000010 0.000010 0.000010 0.157452 0.000010 0.034772 0.719899 0.000010 0.043159 0.000010 0.002519 0.042110
0.014469 0.000010 0.000010 0.099400 0.125355 0.132774 0.000010 0.000010 0.176282 0.000010 0.387174 0.000010 0.000010 0.000010 0.064467
0.034939 0.040034 0.033258 0.000010 0.000010 0.074252 0.052282 0.000010 0.000010 0.126576 0.414457 0.036813 0.000010 0.031883 0.155456
0.064004 0.072295 0.000010 0.143886 0.000010 0.000010 0.000010 0.014493 0.000010 0.000010 0.445513 0.107514 0.000010 0.000010 0.152214
0.075038 0.000010 0.000010 0.000010 0.000010 0.088845 0.000010 0.000010 0.000010 0.000012 0.521735 0.000010 0.000010 0.000010 0.314271
0.041148 0.039151 0.000010 0.078238 0.000010 0.000010 0.000010 0.090815 0.000010 0.000010 0.661481 0.022946 0.000010 0.020304 0.045847
0.043817 0.197336 0.065544 0.000010 0.000010 0.078958 0.000010 0.000010 0.000010 0.000010 0.587223 0.027032 0.000010 0.000010 0.000010
0.000010 0.000010 0.000010 0.184322 0.140803 0.032612 0.098502 0.026479 0.326804 0.152384 0.038024 0.000010 0.000010 0.000010 0.000010
0.000010 0.000010 0.000010 0.000010 0.019439 0.000010 0.180755 0.112038 0.000010 0.640218 0.000010 0.000010 0.005190 0.042270 0.000010
0.000010 0.000010 0.000010 0.000010 0.002866 0.067323 0.100422 0.000010 0.000010 0.000010 0.739585 0.029542 0.000010 0.060171 0.000010
0.000010 0.193229 0.015127 0.000010 0.000010 0.000010 0.000010 0.000010 0.125231 0.000010 0.000010 0.043855 0.000010 0.422037 0.200432
0.000010 0.000010 0.027296 0.000010 0.074665 0.082874 0.192934 0.000010 0.000010 0.122106 0.500035 0.000010 0.000010 0.000010 0.000010
0.104006 0.084913 0.000010 0.090901 0.000010 0.000010 0.000010 0.000010 0.000010 0.015550 0.616738 0.041372 0.000010 0.000010 0.046440
0.000010 0.000010 0.000010 0.000010 0.000010 0.000010 0.000010 0.000010 0.947906 0.051964 0.000010 0.000010 0.000010 0.000010 0.000010
0.000010 0.000010 0.000010 0.000010 0.248164 0.000010 0.000010 0.000010 0.110896 0.615715 0.000010 0.000010 0.000010 0.000010 0.025116
0.000010 0.000010 0.000010 0.000010 0.097163 0.000010 0.189019 0.122454 0.000010 0.591254 0.000010 0.000010 0.000010 0.000010 0.000010
0.000010 0.000010 0.000010 0.000010 0.000010 0.000010 0.284666 0.000010 0.129833 0.530450 0.000010 0.000010 0.050640 0.000010 0.004310
0.036639 0.132950 0.000010 0.000010 0.072648 0.032727 0.000010 0.193201 0.148103 0.261564 0.000010 0.000010 0.000010 0.122098 0.000010
0.005801 0.000010 0.000010 0.000010 0.000010 0.056238 0.049417 0.010519 0.073526 0.804409 0.000010 0.000010 0.000010 0.000010 0.000010
0.000010 0.094314 0.061726 0.000010 0.076309 0.000010 0.000010 0.000010 0.143955 0.607308 0.000010 0.016298 0.000010 0.000010 0.000010
0.394827 0.000010 0.000010 0.461812 0.044919 0.050040 0.000010 0.000010 0.000010 0.000010 0.048303 0.000010 0.000010 0.000010 0.000010
0.000010 0.094993 0.000010 0.000010 0.553376 0.000010 0.224737 0.000010 0.126784 0.000010 0.000010 0.000010 0.000010 0.000010 0.000010
0.000010 0.000010 0.079147 0.000010 0.000010 0.000010 0.000010 0.315003 0.000010 0.598704 0.000010 0.007036 0.000010 0.000010 0.000010
0.212158 0.001857 0.000010 0.387667 0.000010 0.126990 0.000010 0.176554 0.000010 0.024305 0.000010 0.000010 0.000010 0.070390 0.000010
0.000010 0.054213 0.000010 0.063702 0.044162 0.000010 0.233682 0.393964 0.000010 0.190158 0.000010 0.020038 0.000010 0.000010 0.000010
0.107121 0.000010 0.000010 0.750166 0.000010 0.033821 0.000010 0.000010 0.000010 0.000010 0.081966 0.026825 0.000010 0.000010 0.000010
0.000010 0.000010 0.000010 0.875129 0.000010 0.068170 0.000010 0.000010 0.000010 0.056581 0.000010 0.000010 0.000010 0.000010 0.000010
0.007610 0.000010 0.026712 0.866214 0.085970 0.000010 0.012891 0.000010 0.000010 0.000010 0.000514 0.000010 0.000010 0.000010 0.000010
0.000010 0.000010 0.000010 0.000010 0.684919 0.000010 0.000010 0.000010 0.000010 0.000010 0.000010 0.000010 0.000010 0.314951 0.000010
0.019028 0.000010 0.000010 0.862724 0.048202 0.065781 0.000010 0.000010 0.000010 0.000010 0.004164 0.000010 0.000010 0.000010 0.000010
0.000010 0.000010 0.000010 0.151518 0.000010 0.096415 0.017164 0.000010 0.000010 0.000010 0.658637 0.000010 0.076165 0.000010 0.000010
0.000010 0.000010 0.000010 0.000010 0.000010 0.000010 0.000010 0.000010 0.000010 0.000010 0.000010 0.000010 0.999860 0.000010 0.000010
0.000010 0.000010 0.000010 0.000010 0.000010 0.000010 0.225134 0.000010 0.099756 0.000010 0.000010 0.000010 0.000010 0.674990 0.000010
0.000010 0.000010 0.000010 0.013617 0.398083 0.022468 0.251429 0.000010 0.299816 0.000010 0.000010 0.014496 0.000010 0.000010 0.000010
0.000010 0.000010 0.028610 0.673268 0.000010 0.000010 0.007518 0.000010 0.000010 0.000010 0.095997 0.147941 0.046577 0.000010 0.000010
0.000010 0.000010 0.000010 0.000010 0.000010 0.000010 0.269512 0.000010 0.345658 0.304354 0.000010 0.005175 0.034310 0.040901 0.000010
0.000010 0.000010 0.000010 0.738958 0.000010 0.083066 0.000010 0.000010 0.075215 0.000010 0.068511 0.000010 0.034150 0.000010 0.000010
0.000010 0.000010 0.999860 0.000010 0.000010 0.000010 0.000010 0.000010 0.000010 0.000010 0.000010 0.000010 0.000010 0.000010 0.000010
0.000010 0.112081 0.000010 0.000010 0.142403 0.000010 0.172314 0.000010 0.160263 0.370590 0.000010 0.000010 0.000010 0.042259 0.000010
0.000010 0.000010 0.000010 0.000010 0.175153 0.023398 0.277095 0.000010 0.124224 0.165136 0.000010 0.028250 0.000010 0.206663 0.000010
0.000010 0.000010 0.017268 0.000010 0.248808 0.000010 0.242249 0.000010 0.047418 0.075445 0.011711 0.000010 0.000010 0.357020 0.000010
0.000010 0.037822 0.040052 0.000010 0.088470 0.000010 0.000010 0.094146 0.273513 0.380460 0.016222 0.000010 0.000010 0.069244 0.000010
0.000010 0.098466 0.087196 0.000010 0.000010 0.012948 0.000010 0.000010 0.136680 0.000010 0.000010 0.000010 0.101430 0.563190 0.000010
0.007722 0.000010 0.006481 0.000632 0.000010 0.000010 0.382710 0.000010 0.168555 0.000010 0.299697 0.042102 0.000010 0.021312 0.070727
0.021900 0.000010 0.245251 0.226234 0.035744 0.000010 0.000010 0.000010 0.000010 0.000010 0.330274 0.013506 0.000010 0.000010 0.127011
0.000010 0.006110 0.143880 0.000010 0.038190 0.000010 0.000010 0.000010 0.000010 0.811709 0.000010 0.000010 0.000010 0.000010 0.000010
0.000010 0.000010 0.000010 0.000010 0.275270 0.000010 0.215186 0.000010 0.000010 0.000010 0.030480 0.000010 0.000010 0.478953 0.000010
0.000010 0.000010 0.148783 0.000010 0.183220 0.000010 0.147461 0.000010 0.248974 0.000010 0.000010 0.000010 0.000010 0.271462 0.000010
0.000010 0.000010 0.000010 0.000010 0.142633 0.064572 0.125199 0.000010 0.169984 0.010305 0.024411 0.000010 0.000010 0.462816 0.000010
0.000010 0.000010 0.000010 0.005543 0.166175 0.000010 0.077829 0.000010 0.000010 0.129161 0.611297 0.009906 0.000010 0.000010 0.000010
0.000010 0.128355 0.034299 0.080035 0.000010 0.000010 0.064554 0.503124 0.000010 0.000010 0.189542 0.000010 0.000010 0.000010 0.000010
0.000010 0.000010 0.000010 0.049298 0.230830 0.000010 0.071202 0.000010 0.000010 0.000010 0.579551 0.020042 0.000010 0.000010 0.048987
0.000010 0.000010 0.000010 0.000010 0.000010 0.000010 0.137197 0.750072 0.000010 0.109232 0.000010 0.000010 0.000010 0.000010 0.003389
0.000010 0.000010 0.000010 0.000010 0.000010 0.000010 0.089717 0.910153 0.000010 0.000010 0.000010 0.000010 0.000010 0.000010 0.000010
0.000010 0.000010 0.000010 0.000010 0.010270 0.000010 0.051865 0.937745 0.000010 0.000010 0.000010 0.000010 0.000010 0.000010 0.000010
0.000010 0.168944 0.000010 0.000010 0.000010 0.002188 0.239786 0.094885 0.092700 0.000010 0.327211 0.000010 0.000010 0.074206 0.000010
0.000010 0.000010 0.000010 0.000010 0.008657 0.000010 0.000010 0.924985 0.000010 0.000010 0.000010 0.066238 0.000010 0.000010 0.000010
0.000010 0.000010 0.000010 0.000010 0.473463 0.000010 0.184705 0.000010 0.000010 0.000010 0.000010 0.000010 0.000010 0.341712 0.000010
0.000010 0.055579 0.000010 0.000010 0.029428 0.000010 0.176193 0.000010 0.502268 0.236432 0.000010 0.000010 0.000010 0.000010 0.000010
0.000010 0.071944 0.000010 0.000010 0.298806 0.008197 0.210571 0.000010 0.000010 0.097761 0.011422 0.000010 0.000010 0.301219 0.000010
0.008476 0.000010 0.000010 0.205836 0.321508 0.000010 0.302303 0.000010 0.000010 0.000010 0.150043 0.000010 0.000010 0.000010 0.011745
0.000010 0.000010 0.074166 0.000010 0.000010 0.036737 0.000010 0.122828 0.000010 0.000010 0.766159 0.000010 0.000010 0.000010 0.000010
0.000010 0.000010 0.000010 0.000010 0.000010 0.000010 0.000010 0.000010 0.000010 0.000010 0.000010 0.999860 0.000010 0.000010 0.000010
0.000010 0.000316 0.000010 0.825471 0.000010 0.000010 0.032342 0.141761 0.000010 0.000010 0.000010 0.000010 0.000010 0.000010 0.000010
0.000010 0.000010 0.000010 0.000010 0.000011 0.000010 0.000010 0.000010 0.000010 0.000010 0.000010 0.999859 0.000010 0.000010 0.000010
0.000010 0.200094 0.000010 0.000010 0.020024 0.000010 0.000010 0.000010 0.464629 0.238376 0.072435 0.002927 0.000010 0.001435 0.000010
0.287972 0.000010 0.000010 0.602253 0.000010 0.000010 0.000010 0.000010 0.000010 0.000010 0.000010 0.032772 0.000010 0.000010 0.076893
0.000010 0.182828 0.000010 0.000010 0.087784 0.000010 0.074817 0.000010 0.486779 0.130078 0.013854 0.000010 0.000010 0.000010 0.023780
0.000010 0.000010 0.000010 0.000010 0.000010 0.000010 0.000010 0.000010 0.999860 0.000010 0.000010 0.000010 0.000010 0.000010 0.000010
0.000010 0.000010 0.000010 0.000010 0.000010 0.000010 0.000010 0.000010 0.999860 0.000010 0.000010 0.000010 0.000010 0.000010 0.000010
0.000010 0.156154 0.103177 0.000010 0.132282 0.000010 0.000010 0.043860 0.230800 0.321283 0.000010 0.005298 0.000010 0.007076 0.000010
0.000010 0.051387 0.000010 0.000010 0.654865 0.000010 0.165027 0.000010 0.000010 0.000010 0.000010 0.000010 0.030217 0.098404 0.000010
0.000594 0.000010 0.028484 0.000010 0.000010 0.000010 0.119588 0.000010 0.009955 0.000010 0.000010 0.000010 0.181023 0.000010 0.660267
0.022671 0.000010 0.000010 0.029385 0.000010 0.000010 0.002347 0.000010 0.000010 0.033737 0.000010 0.000010 0.648874 0.000010 0.262897
0.000010 0.036756 0.000010 0.000010 0.135018 0.082361 0.203995 0.000010 0.000010 0.212001 0.293227 0.033821 0.000010 0.002751 0.000010
0.000010 0.000010 0.004842 0.000010 0.000010 0.037235 0.013515 0.000010 0.000010 0.000010 0.000010 0.000010 0.621510 0.000010 0.322798
0.007149 0.000010 0.000010 0.083948 0.000010 0.000010 0.053235 0.000010 0.000010 0.000010 0.000010 0.000010 0.572391 0.002849 0.280338
0.012696 0.000010 0.334707 0.025180 0.000010 0.000010 0.051239 0.069745 0.000010 0.077402 0.000010 0.040262 0.026463 0.000010 0.362246
0.000010 0.000010 0.000010 0.789578 0.000010 0.000010 0.150475 0.000010 0.000010 0.000010 0.031624 0.000010 0.028212 0.000010 0.000010
0.000010 0.030213 0.000010 0.000010 0.000010 0.000010 0.101983 0.000010 0.030277 0.000010 0.000010 0.000010 0.214989 0.000010 0.622438
0.000010 0.000010 0.000010 0.002322 0.000010 0.025728 0.000010 0.027442 0.051795 0.000010 0.012599 0.000010 0.495837 0.052880 0.331326
0.013154 0.000010 0.000010 0.025584 0.000010 0.000010 0.000010 0.000010 0.000010 0.000010 0.041382 0.000010 0.428760 0.051483 0.439548
0.000010 0.031675 0.000010 0.000010 0.000010 0.000010 0.000010 0.000010 0.000010 0.000010 0.000010 0.002015 0.706338 0.000010 0.259862
0.000010 0.000010 0.000010 0.000010 0.083418 0.000010 0.000010 0.000010 0.000010 0.000010 0.906428 0.010034 0.000010 0.000010 0.000010
0.000010 0.000010 0.000010 0.000010 0.000010 0.000010 0.307034 0.000010 0.581604 0.095514 0.000010 0.000010 0.000010 0.015738 0.000010
0.000010 0.000010 0.000010 0.000010 0.000010 0.000010 0.184648 0.000010 0.802941 0.000010 0.000010 0.000010 0.000010 0.000010 0.012291
0.119416 0.014866 0.005078 0.060045 0.145464 0.008875 0.000010 0.038336 0.000010 0.000010 0.546557 0.061303 0.000010 0.000010 0.000010
0.000010 0.000010 0.000010 0.000010 0.000010 0.000010 0.358961 0.099804 0.000010 0.000010 0.329884 0.079800 0.077340 0.028893 0.025238
0.000010 0.000010 0.000010 0.000010 0.099273 0.000010 0.140031 0.069367 0.075767 0.292254 0.138850 0.000010 0.000010 0.175502 0.008885
0.000010 0.000010 0.000010 0.000010 0.000010 0.000010 0.081277 0.000011 0.000010 0.000010 0.000010 0.035947 0.220274 0.000010 0.662391
0.000010 0.000010 0.072419 0.000010 0.000010 0.000010 0.000010 0.089389 0.015109 0.000010 0.000010 0.068765 0.242591 0.000010 0.511637
0.016926 0.000010 0.000010 0.000895 0.305498 0.000010 0.114887 0.000010 0.062576 0.091441 0.199618 0.064050 0.000010 0.144048 0.000010
0.000010 0.070224 0.112285 0.000010 0.085459 0.000010 0.000010 0.072042 0.006169 0.043468 0.000010 0.021198 0.156246 0.209821 0.223038
0.002002 0.000010 0.000010 0.034976 0.000010 0.000010 0.026350 0.024389 0.000010 0.000010 0.055780 0.000010 0.503176 0.000010 0.353247
0.000010 0.000010 0.000010 0.000010 0.058903 0.000010 0.000010 0.000010 0.000010 0.000010 0.000010 0.027532 0.723244 0.000010 0.190211
0.000010 0.000010 0.000010 0.000010 0.000010 0.000010 0.000010 0.156074 0.000010 0.000010 0.000010 0.000010 0.619969 0.000010 0.223837
0.000010 0.000010 0.027509 0.046168 0.000010 0.023640 0.118335 0.083321 0.000010 0.000010 0.000010 0.009800 0.423349 0.000010 0.267809
0.000010 0.051226 0.000010 0.015517 0.123682 0.000010 0.096544 0.000010 0.126228 0.334846 0.000010 0.017098 0.035707 0.199094 0.000010
0.000010 0.005123 0.000010 0.000010 0.000010 0.000010 0.219393 0.099309 0.676065 0.000010 0.000010 0.000010 0.000010 0.000010 0.000010
0.000010 0.000010 0.000010 0.000010 0.000010 0.000010 0.000010 0.000010 0.004892 0.000010 0.023308 0.053802 0.628326 0.158322 0.131260
0.000010 0.023027 0.000010 0.000010 0.000010 0.000010 0.286069 0.000010 0.454128 0.173425 0.000010 0.063252 0.000010 0.000010 0.000010
0.083442 0.000010 0.000010 0.000010 0.000010 0.028213 0.000010 0.822942 0.011067 0.000010 0.000010 0.000010 0.000010 0.000010 0.054236
0.000010 0.000010 0.000010 0.000010 0.000010 0.000010 0.260100 0.000010 0.000010 0.000010 0.501649 0.019716 0.007142 0.081742 0.129563
0.000010 0.000010 0.000010 0.000010 0.000010 0.000010 0.000010 0.000010 0.000010 0.000010 0.000010 0.999860 0.000010 0.000010 0.000010
0.041986 0.000010 0.036860 0.000010 0.000010 0.000010 0.000010 0.898698 0.000010 0.000010 0.000010 0.000010 0.022345 0.000010 0.000010
0.000010 0.024076 0.000010 0.233278 0.037940 0.000010 0.000010 0.000010 0.000010 0.009899 0.604605 0.005366 0.000010 0.084757 0.000010
0.000300 0.415010 0.000010 0.045939 0.160016 0.000010 0.000010 0.130739 0.182949 0.000010 0.000497 0.000010 0.064481 0.000010 0.000010
0.000010 0.000010 0.077811 0.000010 0.000010 0.000010 0.093920 0.000010 0.000010 0.000010 0.000010 0.000010 0.299496 0.000010 0.528663
0.000010 0.000010 0.000010 0.008981 0.000010 0.000010 0.138432 0.000010 0.024608 0.000010 0.000010 0.030118 0.459184 0.000010 0.338586
0.000010 0.000010 0.000010 0.000010 0.000010 0.000010 0.058313 0.000010 0.000010 0.000010 0.000010 0.000010 0.941557 0.000010 0.000010
0.000015 0.024771 0.000010 0.000010 0.000010 0.000010 0.000010 0.000010 0.011347 0.000010 0.041256 0.062900 0.613314 0.000010 0.246318
0.000010 0.000010 0.000010 0.091234 0.344956 0.000010 0.382703 0.000010 0.000010 0.000010 0.095414 0.085037 0.000010 0.000566 0.000010
0.000010 0.000010 0.000010 0.449599 0.109944 0.000010 0.103456 0.083976 0.085740 0.140663 0.000010 0.000010 0.000010 0.026542 0.000010
0.000010 0.209881 0.038077 0.000010 0.369343 0.000010 0.039554 0.000010 0.198344 0.144710 0.000010 0.000010 0.000010 0.000010 0.000010
0.000010 0.000010 0.000010 0.000010 0.118367 0.000010 0.000010 0.198665 0.184700 0.159848 0.000010 0.021841 0.075606 0.240894 0.000010
0.000010 0.032535 0.000010 0.000010 0.162719 0.000010 0.000010 0.155442 0.301958 0.347245 0.000010 0.000010 0.000010 0.000010 0.000010
0.000010 0.000010 0.000010 0.000010 0.000010 0.000010 0.000010 0.870735 0.129135 0.000010 0.000010 0.000010 0.000010 0.000010 0.000010
0.000010 0.000010 0.001861 0.000010 0.108686 0.000010 0.196440 0.011442 0.158585 0.160013 0.230185 0.055420 0.031175 0.028710 0.017443
0.000010 0.192634 0.165535 0.000010 0.192846 0.000010 0.009831 0.140030 0.030827 0.000010 0.258558 0.005185 0.000010 0.004495 0.000010
0.000010 0.000010 0.000010 0.000010 0.000010 0.000010 0.000010 0.999860 0.000010 0.000010 0.000010 0.000010 0.000010 0.000010 0.000010
0.000010 0.000010 0.000014 0.235015 0.000010 0.000010 0.000010 0.086258 0.000010 0.000010 0.678603 0.000010 0.000010 0.000010 0.000010
0.049591 0.000010 0.000010 0.000010 0.049125 0.000010 0.000010 0.000010 0.901164 0.000010 0.000010 0.000010 0.000010 0.000010 0.000010
0.000010 0.000010 0.044367 0.012554 0.000010 0.000010 0.058841 0.066697 0.000010 0.103780 0.052582 0.034328 0.151065 0.000010 0.475726
0.000010 0.000010 0.161707 0.000010 0.000010 0.000010 0.004891 0.090560 0.000010 0.000010 0.000010 0.000010 0.500574 0.000010 0.242169
0.000010 0.025434 0.083675 0.000017 0.000010 0.046505 0.000010 0.146399 0.000010 0.000010 0.000010 0.000010 0.113958 0.039249 0.544694
0.000010 0.999860 0.000010 0.000010 0.000010 0.000010 0.000010 0.000010 0.000010 0.000010 0.000010 0.000010 0.000010 0.000010 0.000010
0.000010 0.000010 0.060898 0.000010 0.000010 0.000010 0.000010 0.019063 0.000377 0.000010 0.030079 0.066297 0.451292 0.000010 0.371914
0.018703 0.000010 0.032821 0.000010 0.000010 0.000010 0.040718 0.061130 0.025913 0.000010 0.000010 0.000010 0.428736 0.000010 0.391899
