0.496585 0.000010 0.477359 0.024168 0.000010 0.001868
0.032942 0.248950 0.700958 0.000010 0.000010 0.017130
0.000010 0.937568 0.062392 0.000010 0.000010 0.000010
0.058641 0.774974 0.000010 0.000010 0.154826 0.011539
0.000010 0.679723 0.000010 0.014332 0.305915 0.000010
0.000010 0.811840 0.000010 0.000010 0.188120 0.000010
0.000010 0.893265 0.106695 0.000010 0.000010 0.000010
0.000010 0.840000 0.101351 0.058619 0.000010 0.000010
0.783302 0.000010 0.197123 0.000010 0.019545 0.000010
0.780423 0.219537 0.000010 0.000010 0.000010 0.000010
0.000010 0.000010 0.000010 0.999950 0.000010 0.000010
0.000010 0.268373 0.180618 0.550979 0.000010 0.000010
0.000010 0.000010 0.000010 0.999950 0.000010 0.000010
0.000010 0.000010 0.000010 0.999950 0.000010 0.000010
0.000010 0.000010 0.042571 0.957389 0.000010 0.000010
0.000010 0.000010 0.999950 0.000010 0.000010 0.000010
0.000010 0.766661 0.131668 0.032598 0.069054 0.000010
0.494282 0.000010 0.139414 0.366275 0.000010 0.000010
0.248953 0.342165 0.119050 0.115209 0.059348 0.115274
0.014346 0.985614 0.000010 0.000010 0.000010 0.000010
0.000010 0.000010 0.000010 0.999950 0.000010 0.000010
0.000010 0.000010 0.000010 0.999950 0.000010 0.000010
0.000010 0.869251 0.130709 0.000010 0.000010 0.000010
0.000010 0.000010 0.000010 0.999950 0.000010 0.000010
0.000010 0.868070 0.010015 0.000010 0.074090 0.047805
0.000010 0.825711 0.063036 0.012036 0.055426 0.043781
0.000010 0.907133 0.074212 0.000010 0.000010 0.018626
0.000010 0.999950 0.000010 0.000010 0.000010 0.000010
0.000010 0.799414 0.152379 0.000010 0.048178 0.000010
0.000010 0.710365 0.148788 0.000010 0.140817 0.000010
0.650430 0.068581 0.280959 0.000010 0.000010 0.000010
0.569841 0.092310 0.161098 0.066474 0.103276 0.007001
0.000010 0.900689 0.079650 0.000010 0.015916 0.003724
0.000010 0.999950 0.000010 0.000010 0.000010 0.000010
0.000010 0.667205 0.272716 0.000010 0.060050 0.000010
0.000010 0.714500 0.199021 0.000010 0.086449 0.000010
0.012398 0.712795 0.020316 0.029603 0.224878 0.000010
0.000801 0.717971 0.171904 0.000010 0.084329 0.024984
0.147646 0.000010 0.382137 0.006913 0.314802 0.148492
0.000010 0.868643 0.128143 0.000010 0.003185 0.000010
0.478218 0.022009 0.005375 0.027576 0.309287 0.157534
0.000010 0.000010 0.000010 0.999950 0.000010 0.000010
0.000010 0.000010 0.000010 0.999950 0.000010 0.000010
0.000010 0.000010 0.000010 0.999950 0.000010 0.000010
0.153411 0.000010 0.000010 0.846549 0.000010 0.000010
0.000010 0.000010 0.000010 0.999950 0.000010 0.000010
0.107120 0.000010 0.000010 0.892840 0.000010 0.000010
0.000010 0.000010 0.000010 0.999950 0.000010 0.000010
0.418822 0.065175 0.385320 0.039343 0.091330 0.000010
0.528300 0.000010 0.000010 0.380152 0.091518 0.000010
0.000010 0.000010 0.000010 0.999950 0.000010 0.000010
0.000010 0.833078 0.000010 0.000010 0.166882 0.000010
0.000010 0.000010 0.000010 0.999950 0.000010 0.000010
0.294946 0.000010 0.000010 0.590900 0.114124 0.000010
0.000010 0.000010 0.653582 0.000010 0.346378 0.000010
0.128811 0.000010 0.000010 0.866035 0.000010 0.005125
0.819059 0.000010 0.073502 0.097372 0.000010 0.010047
0.795193 0.000010 0.000010 0.129257 0.075521 0.000010
0.506184 0.088433 0.000010 0.405353 0.000010 0.000010
0.179577 0.000010 0.552545 0.072541 0.195316 0.000010
0.000010 0.355814 0.487824 0.000010 0.075400 0.080942
0.190785 0.000010 0.220936 0.049172 0.539087 0.000010
0.452396 0.000010 0.530543 0.017031 0.000010 0.000010
0.434922 0.204985 0.353350 0.000010 0.006723 0.000010
0.000010 0.944396 0.000010 0.000010 0.038130 0.017443
0.010237 0.801235 0.000010 0.018863 0.169645 0.000010
0.000010 0.000010 0.448474 0.000010 0.551486 0.000010
0.000010 0.000010 0.424904 0.000010 0.575056 0.000010
0.858055 0.000010 0.000010 0.141905 0.000010 0.000010
0.674228 0.000010 0.051360 0.157366 0.045869 0.071167
0.000010 0.283907 0.657118 0.000010 0.000010 0.058945
0.954720 0.000010 0.000010 0.045240 0.000010 0.000010
0.616674 0.000010 0.101450 0.151271 0.000010 0.130584
0.571972 0.000010 0.064990 0.127767 0.227286 0.007975
0.707022 0.057467 0.031308 0.143788 0.000010 0.060404
0.658199 0.000010 0.332886 0.000010 0.000010 0.008884
0.054221 0.000010 0.280344 0.000010 0.643542 0.021873
0.233572 0.056226 0.440369 0.000010 0.269813 0.000010
0.000010 0.289374 0.648377 0.000010 0.062219 0.000010
0.618926 0.000010 0.086845 0.151274 0.011508 0.131437
0.000010 0.803174 0.196492 0.000010 0.000010 0.000304
0.000010 0.696277 0.000010 0.000010 0.303683 0.000010
0.026821 0.963427 0.000010 0.000010 0.009723 0.000010
0.000010 0.920014 0.052581 0.027375 0.000010 0.000010
0.000010 0.713132 0.000010 0.000010 0.286828 0.000010
0.000010 0.940306 0.008680 0.000010 0.000010 0.050984
0.000010 0.000010 0.588426 0.000010 0.370247 0.041297
0.000010 0.000010 0.000010 0.999950 0.000010 0.000010
0.224549 0.114373 0.044593 0.000010 0.000010 0.616465
0.000010 0.000010 0.000010 0.999950 0.000010 0.000010
0.000010 0.000010 0.000010 0.999950 0.000010 0.000010
0.000010 0.000010 0.000010 0.999950 0.000010 0.000010
0.525608 0.000010 0.000010 0.440620 0.000010 0.033742
0.000010 0.000010 0.245478 0.042336 0.699899 0.012267
0.000010 0.000010 0.531981 0.000010 0.434829 0.033159
0.000010 0.879187 0.088041 0.000010 0.018250 0.014502
0.181084 0.000010 0.000010 0.000010 0.223449 0.595437
0.646417 0.000010 0.000010 0.000010 0.353543 0.000010
0.000010 0.000010 0.398895 0.071265 0.406758 0.123062
0.107501 0.000010 0.000010 0.000010 0.892459 0.000010
0.106997 0.188228 0.453388 0.088290 0.163087 0.000010
0.000010 0.000010 0.200228 0.000010 0.799732 0.000010
0.427878 0.227556 0.014955 0.180177 0.147986 0.001448
0.000010 0.000010 0.398080 0.000010 0.601880 0.000010
0.047915 0.362308 0.429038 0.000010 0.160719 0.000010
0.000010 0.000010 0.680683 0.000010 0.319277 0.000010
0.236325 0.000010 0.474785 0.000010 0.288860 0.000010
0.746739 0.000010 0.086174 0.094235 0.000010 0.072832
0.661973 0.000010 0.000010 0.016937 0.321061 0.000010
0.028518 0.775434 0.160385 0.000010 0.034295 0.001358
0.000010 0.999950 0.000010 0.000010 0.000010 0.000010
0.606924 0.000010 0.000010 0.063548 0.000010 0.329498
0.194895 0.000010 0.000010 0.000010 0.199858 0.605217
0.000010 0.025543 0.088017 0.000010 0.000010 0.886410
0.000010 0.000010 0.028768 0.000010 0.000010 0.971192
0.629526 0.018491 0.000010 0.351953 0.000010 0.000010
0.017917 0.194555 0.549518 0.002643 0.235357 0.000010
0.176352 0.000010 0.286231 0.088626 0.448770 0.000010
0.000010 0.874764 0.078597 0.000010 0.046609 0.000010
0.307104 0.000010 0.125916 0.060277 0.506683 0.000010
0.000010 0.831582 0.159329 0.000010 0.000010 0.009059
0.006272 0.742887 0.171872 0.000706 0.055472 0.022790
0.000010 0.000010 0.000010 0.000010 0.000010 0.999950
0.299569 0.044962 0.553248 0.015471 0.078933 0.007817
0.000010 0.000010 0.000010 0.002889 0.000010 0.997071
0.000010 0.000010 0.000010 0.000010 0.000010 0.999950
0.000010 0.000010 0.060916 0.000010 0.000529 0.938524
0.293717 0.000010 0.273711 0.112617 0.279792 0.040153
0.000010 0.798174 0.022366 0.000010 0.179430 0.000010
0.000010 0.746700 0.152184 0.025240 0.000010 0.075857
0.343430 0.183111 0.000010 0.024400 0.216836 0.232214
0.519361 0.000947 0.020757 0.145245 0.000010 0.313680
0.668747 0.000010 0.000010 0.000010 0.000010 0.331213
0.259333 0.246603 0.370633 0.017359 0.106062 0.000010
0.000010 0.765319 0.157957 0.000010 0.060382 0.016322
0.734372 0.000010 0.000010 0.025130 0.240468 0.000010
0.650901 0.000010 0.000010 0.291449 0.000010 0.057620
0.423491 0.078912 0.050995 0.016489 0.430104 0.000010
0.000010 0.861921 0.000010 0.000010 0.138039 0.000010
0.000010 0.880582 0.000010 0.000010 0.119378 0.000010
0.000010 0.632239 0.313759 0.000010 0.000010 0.053972
0.000010 0.885868 0.075258 0.038844 0.000010 0.000010
0.615361 0.003048 0.000010 0.381561 0.000010 0.000010
0.000010 0.056904 0.093031 0.000010 0.850035 0.000010
0.337705 0.171850 0.046278 0.364591 0.079565 0.000010
0.274944 0.275863 0.403158 0.000010 0.046014 0.000010
0.733527 0.000010 0.000010 0.266433 0.000010 0.000010
0.842759 0.044625 0.000010 0.112586 0.000010 0.000010
0.828194 0.000010 0.000010 0.167762 0.004014 0.000010
0.811482 0.000010 0.000010 0.118837 0.069651 0.000010
0.769872 0.000010 0.035876 0.170443 0.014392 0.009407
0.000010 0.000010 0.000010 0.000010 0.000010 0.999950
0.000010 0.000010 0.749982 0.000010 0.231181 0.018807
0.006084 0.304183 0.168078 0.022593 0.499052 0.000010
0.725744 0.012444 0.000010 0.044339 0.000010 0.217452
0.000010 0.394882 0.537922 0.000010 0.019645 0.047531
0.808158 0.000010 0.000010 0.161217 0.000010 0.030594
0.000010 0.431136 0.294824 0.000010 0.274010 0.000010
0.000010 0.341756 0.268666 0.005808 0.347364 0.036396
0.000010 0.129275 0.364126 0.000010 0.506569 0.000010
0.228489 0.019968 0.451829 0.104087 0.061329 0.134299
0.031981 0.000010 0.245203 0.000010 0.722785 0.000010
0.000010 0.000010 0.490570 0.029827 0.479573 0.000010
0.570378 0.021754 0.000010 0.000010 0.407838 0.000010
0.475997 0.000010 0.496402 0.027571 0.000010 0.000010
0.546723 0.000010 0.000010 0.062303 0.341624 0.049331
0.017134 0.000010 0.873810 0.060865 0.000010 0.048171
0.233826 0.000010 0.698007 0.063427 0.000010 0.004720
0.304905 0.059217 0.387981 0.043628 0.204260 0.000010
0.302160 0.212762 0.485048 0.000010 0.000010 0.000010
0.000010 0.000010 0.010042 0.000010 0.989918 0.000010
0.000010 0.384716 0.614196 0.000010 0.000960 0.000108
0.000010 0.234566 0.271570 0.000010 0.493834 0.000010
0.389364 0.021304 0.003638 0.000010 0.585674 0.000010
0.816743 0.000010 0.135554 0.047673 0.000010 0.000010
0.000010 0.261563 0.654870 0.000010 0.029708 0.053838
0.000010 0.055975 0.000010 0.007568 0.936427 0.000010
0.011420 0.000010 0.003926 0.050562 0.000010 0.934072
0.000010 0.040944 0.002984 0.055498 0.000010 0.900554
0.291080 0.274233 0.000010 0.000010 0.434657 0.000010
0.000010 0.000010 0.000010 0.004992 0.000010 0.994968
0.000010 0.000010 0.048371 0.042765 0.000010 0.908834
0.131250 0.057479 0.163023 0.000010 0.000010 0.648228
0.876245 0.065892 0.057833 0.000010 0.000010 0.000010
0.043064 0.035072 0.000010 0.048607 0.000010 0.873238
0.026294 0.023782 0.069692 0.026929 0.008279 0.845025
0.069453 0.000010 0.000010 0.010905 0.004438 0.915184
0.000010 0.305634 0.670828 0.000010 0.023508 0.000010
0.000010 0.063183 0.829287 0.000843 0.000010 0.106667
0.381751 0.000010 0.183299 0.000010 0.249758 0.185172
0.067815 0.312990 0.282234 0.000010 0.336942 0.000010
0.000010 0.000010 0.000010 0.000010 0.021046 0.978914
0.179225 0.048321 0.088498 0.073721 0.549917 0.060318
0.103960 0.000010 0.000010 0.002914 0.000010 0.893096
0.085827 0.041546 0.018243 0.000010 0.000010 0.854364
0.033444 0.440162 0.204330 0.002205 0.287113 0.032745
0.000010 0.000010 0.999950 0.000010 0.000010 0.000010
0.000010 0.029769 0.040686 0.018209 0.035750 0.875576
0.044349 0.211648 0.743974 0.000010 0.000010 0.000010
0.504383 0.000010 0.250666 0.000010 0.142528 0.102403
0.000010 0.000010 0.024703 0.000010 0.000010 0.975257
0.016726 0.000010 0.126767 0.041863 0.000010 0.814624
0.000010 0.000010 0.000010 0.000010 0.042884 0.957076
0.254228 0.027735 0.036201 0.000010 0.669428 0.012398
0.721386 0.000010 0.000010 0.000010 0.278574 0.000010
0.408833 0.259227 0.204491 0.000010 0.127430 0.000010
0.225550 0.177239 0.209399 0.000010 0.286962 0.100840
0.117014 0.121231 0.000010 0.012000 0.000010 0.749735
0.000010 0.000010 0.041834 0.000010 0.026386 0.931750
0.000984 0.000010 0.117756 0.118677 0.064613 0.697960
0.000010 0.000010 0.096563 0.036173 0.000010 0.867233
0.000010 0.174426 0.780725 0.000010 0.000010 0.044819
0.668278 0.000010 0.001602 0.000010 0.000010 0.330090
0.000010 0.840272 0.000010 0.000010 0.159688 0.000010
0.000010 0.773297 0.088092 0.110112 0.015180 0.013309
0.042940 0.853936 0.103094 0.000010 0.000010 0.000010
0.659290 0.022690 0.034541 0.122545 0.072808 0.088126
0.000010 0.000010 0.038387 0.000010 0.000010 0.961573
0.841862 0.000010 0.000010 0.125204 0.032904 0.000010
0.669895 0.033717 0.180176 0.040138 0.038563 0.037511
0.026878 0.088834 0.064474 0.029124 0.014652 0.776039
0.032756 0.000010 0.086150 0.000010 0.000010 0.881064
0.000010 0.000010 0.020019 0.000010 0.000010 0.979941
0.000010 0.153685 0.000010 0.072862 0.000010 0.773423
0.000010 0.761755 0.009906 0.000010 0.228310 0.000010
0.000010 0.677911 0.057764 0.000010 0.264295 0.000010
0.000010 0.829526 0.005916 0.008655 0.154155 0.001739
0.000010 0.000010 0.055402 0.028109 0.037377 0.879093
0.000010 0.995491 0.004469 0.000010 0.000010 0.000010
0.000010 0.738780 0.001232 0.015528 0.214080 0.030371
0.000010 0.290385 0.154480 0.000010 0.555105 0.000010
0.000010 0.000010 0.077600 0.021286 0.000010 0.901084
0.000010 0.000010 0.000010 0.000010 0.000010 0.999950
0.032695 0.000010 0.093587 0.000010 0.056380 0.817319
0.000010 0.022383 0.081607 0.000010 0.057941 0.838050
0.013509 0.000010 0.009795 0.000010 0.134780 0.841897
0.058904 0.027599 0.053693 0.014129 0.046958 0.798718
0.000275 0.000010 0.000010 0.012115 0.000010 0.987580
0.000010 0.014098 0.082700 0.075500 0.016119 0.811574
0.214808 0.000010 0.478795 0.042442 0.224329 0.039615
0.000010 0.233430 0.000010 0.000010 0.766530 0.000010
0.000010 0.003853 0.071620 0.000010 0.077980 0.846528
0.000010 0.027675 0.010318 0.106439 0.062994 0.792564
0.000010 0.896836 0.000010 0.000010 0.000010 0.103124
0.000010 0.825794 0.086834 0.017801 0.069552 0.000010
0.000010 0.820220 0.000010 0.000010 0.179740 0.000010
0.166355 0.000010 0.223577 0.000010 0.000010 0.610038
0.000010 0.000010 0.837310 0.000010 0.162650 0.000010
0.000010 0.000010 0.665540 0.003803 0.330627 0.000010
0.000010 0.020028 0.000010 0.042075 0.025572 0.912304
0.130914 0.000010 0.253700 0.181920 0.224160 0.209296
0.063084 0.024139 0.352436 0.035646 0.488494 0.036200
0.000010 0.000010 0.000010 0.000010 0.005815 0.994145
0.311992 0.000010 0.586633 0.051693 0.000010 0.049662
0.120033 0.503467 0.268394 0.000010 0.108085 0.000010
0.138809 0.000010 0.821964 0.019055 0.000010 0.020152
0.170752 0.000010 0.000010 0.035617 0.793600 0.000010
0.651809 0.000010 0.000010 0.000010 0.000010 0.348151
0.076151 0.144061 0.578676 0.050413 0.150689 0.000010
0.456580 0.068339 0.094093 0.011447 0.162356 0.207185
0.000010 0.091217 0.908743 0.000010 0.000010 0.000010
0.597546 0.195424 0.009059 0.000010 0.197951 0.000010
0.029148 0.000010 0.000010 0.027568 0.000010 0.943254
0.000010 0.100956 0.584666 0.167976 0.146382 0.000010
0.000010 0.000010 0.999950 0.000010 0.000010 0.000010
0.221605 0.000010 0.721195 0.011824 0.000010 0.045356
0.629810 0.000010 0.016859 0.000010 0.000010 0.353301
0.111167 0.046981 0.532453 0.021979 0.206327 0.081094
0.070006 0.221489 0.594410 0.000010 0.000010 0.114076
0.063694 0.328559 0.494722 0.036719 0.000010 0.076296
0.000010 0.000010 0.379342 0.000010 0.620618 0.000010
0.267279 0.000010 0.183532 0.000010 0.549159 0.000010
0.438148 0.124736 0.000010 0.007662 0.429434 0.000010
0.000010 0.000010 0.243469 0.000010 0.756491 0.000010
0.000010 0.000010 0.425571 0.000010 0.574389 0.000010
0.000010 0.000010 0.484979 0.000010 0.514981 0.000010
0.000010 0.011758 0.975405 0.012807 0.000010 0.000010
0.085236 0.000010 0.534687 0.000082 0.365385 0.014600
0.000010 0.122144 0.835101 0.000010 0.000010 0.042724
0.000010 0.233554 0.622969 0.000010 0.115114 0.028343
0.065894 0.000010 0.805285 0.010613 0.001528 0.116670
0.000010 0.094503 0.820862 0.000010 0.011179 0.073436
0.000010 0.040779 0.736845 0.041204 0.000010 0.181153
0.380618 0.000010 0.280807 0.000010 0.000010 0.338545
0.000010 0.342607 0.657353 0.000010 0.000010 0.000010
0.000010 0.213948 0.691918 0.000010 0.094104 0.000010
0.178993 0.173191 0.647786 0.000010 0.000010 0.000010
0.218197 0.015423 0.373884 0.000010 0.000010 0.392476
0.000010 0.168711 0.029447 0.000010 0.784225 0.017597
0.073373 0.000010 0.180236 0.002877 0.725814 0.017690
0.315039 0.147015 0.366135 0.067739 0.104062 0.000010
0.113735 0.363049 0.481188 0.042007 0.000010 0.000010
0.105349 0.000010 0.000010 0.022093 0.009923 0.862615
0.000010 0.002375 0.022599 0.030223 0.048467 0.896326
0.148698 0.000010 0.200949 0.097793 0.535095 0.017455
0.014594 0.050297 0.000010 0.041805 0.028233 0.865060
0.008044 0.022770 0.270401 0.130192 0.000010 0.568583
0.043407 0.000010 0.197986 0.000010 0.758577 0.000010
0.206973 0.123869 0.000010 0.015293 0.017402 0.636453
0.188566 0.000010 0.316573 0.075867 0.230771 0.188213
0.000010 0.199852 0.645516 0.000010 0.154602 0.000010
0.483476 0.069729 0.307730 0.063693 0.075362 0.000010
0.018958 0.132060 0.084222 0.086455 0.049803 0.628501
0.036977 0.000010 0.692899 0.000010 0.270094 0.000010
0.012854 0.059352 0.640138 0.000010 0.263524 0.024123
0.000010 0.324524 0.288045 0.000010 0.387400 0.000010
0.022938 0.418508 0.445933 0.046831 0.065781 0.000010
0.000010 0.797266 0.024093 0.000010 0.178611 0.000010
0.000010 0.201412 0.538905 0.004632 0.255031 0.000010
0.017353 0.276197 0.475761 0.000010 0.110247 0.120431
0.048856 0.092375 0.487481 0.000010 0.312426 0.058852
0.000010 0.812507 0.000010 0.000010 0.187453 0.000010
0.000010 0.915118 0.045190 0.000010 0.031169 0.008503
0.231736 0.044014 0.095043 0.001072 0.023364 0.604771
0.104565 0.155291 0.157435 0.000010 0.045580 0.537118
