0.999820 0.000010 0.000010 0.000010 0.000010 0.000010 0.000010 0.000010 0.000010 0.000010 0.000010 0.000010 0.000010 0.000010 0.000010 0.000010 0.000010 0.000010 0.000010
0.000010 0.000010 0.087863 0.005766 0.072190 0.638141 0.085395 0.000010 0.000010 0.000010 0.000010 0.000010 0.000010 0.000019 0.000010 0.000010 0.000010 0.033358 0.077158
0.000010 0.001115 0.000010 0.000010 0.000010 0.000010 0.089479 0.000010 0.000010 0.000010 0.040379 0.000010 0.000010 0.000010 0.704611 0.000010 0.164277 0.000010 0.000010
0.000010 0.000010 0.088504 0.000010 0.000010 0.000010 0.000010 0.000010 0.000010 0.000010 0.000010 0.000010 0.000010 0.000010 0.000010 0.000010 0.000010 0.000010 0.911326
0.000010 0.000010 0.000010 0.000010 0.000010 0.000010 0.000010 0.000010 0.000010 0.000010 0.000010 0.000010 0.000010 0.000010 0.000010 0.000010 0.000010 0.000010 0.999820
0.000010 0.000010 0.000010 0.000010 0.411089 0.000010 0.000010 0.000010 0.000010 0.000010 0.152923 0.000010 0.000010 0.072302 0.000010 0.000010 0.191787 0.000010 0.171760
0.000010 0.000010 0.000010 0.000010 0.736662 0.000010 0.263168 0.000010 0.000010 0.000010 0.000010 0.000010 0.000010 0.000010 0.000010 0.000010 0.000010 0.000010 0.000010
0.000010 0.000010 0.124249 0.000010 0.388038 0.000010 0.000010 0.000010 0.042914 0.000010 0.000010 0.000010 0.000010 0.000010 0.376816 0.000010 0.067842 0.000010 0.000010
0.000010 0.000010 0.000010 0.000010 0.000010 0.000010 0.000010 0.000010 0.999820 0.000010 0.000010 0.000010 0.000010 0.000010 0.000010 0.000010 0.000010 0.000010 0.000010
0.153660 0.000010 0.000010 0.000010 0.000010 0.000010 0.000010 0.000010 0.389330 0.000010 0.000010 0.074591 0.000010 0.000010 0.150586 0.118766 0.112937 0.000010 0.000010
0.000010 0.000010 0.000010 0.000010 0.000010 0.000010 0.000010 0.000010 0.000010 0.000010 0.000010 0.999820 0.000010 0.000010 0.000010 0.000010 0.000010 0.000010 0.000010
0.000010 0.000010 0.000010 0.000010 0.000010 0.000010 0.000010 0.000010 0.000010 0.000010 0.000010 0.999820 0.000010 0.000010 0.000010 0.000010 0.000010 0.000010 0.000010
0.000010 0.000010 0.000010 0.000010 0.000010 0.000010 0.000010 0.000010 0.000010 0.000010 0.000010 0.999820 0.000010 0.000010 0.000010 0.000010 0.000010 0.000010 0.000010
0.000010 0.000010 0.000010 0.000010 0.000010 0.928063 0.000010 0.000010 0.000010 0.000010 0.000010 0.000010 0.000010 0.000010 0.071767 0.000010 0.000010 0.000010 0.000010
0.000010 0.000010 0.000010 0.000010 0.000010 0.000010 0.000015 0.000010 0.000010 0.000010 0.000010 0.000010 0.000010 0.000010 0.000010 0.000010 0.999815 0.000010 0.000010
0.762512 0.000010 0.000010 0.000010 0.000010 0.000010 0.000010 0.000010 0.000010 0.000010 0.000010 0.237318 0.000010 0.000010 0.000010 0.000010 0.000010 0.000010 0.000010
0.273310 0.000010 0.000010 0.000010 0.000010 0.000010 0.000010 0.000010 0.000010 0.150418 0.528771 0.023216 0.024144 0.000010 0.000010 0.000010 0.000010 0.000010 0.000010
0.000010 0.000010 0.000010 0.000010 0.999820 0.000010 0.000010 0.000010 0.000010 0.000010 0.000010 0.000010 0.000010 0.000010 0.000010 0.000010 0.000010 0.000010 0.000010
0.000010 0.000010 0.000010 0.000010 0.000010 0.000010 0.000010 0.000010 0.999820 0.000010 0.000010 0.000010 0.000010 0.000010 0.000010 0.000010 0.000010 0.000010 0.000010
0.000010 0.000010 0.000010 0.000010 0.000010 0.000010 0.000010 0.000010 0.999820 0.000010 0.000010 0.000010 0.000010 0.000010 0.000010 0.000010 0.000010 0.000010 0.000010
0.000010 0.024911 0.000010 0.000010 0.000010 0.000010 0.174434 0.000010 0.000010 0.000010 0.037519 0.000010 0.000010 0.000010 0.223959 0.000010 0.437570 0.000010 0.101477
0.000010 0.000010 0.000010 0.000010 0.000010 0.000010 0.000010 0.000010 0.999820 0.000010 0.000010 0.000010 0.000010 0.000010 0.000010 0.000010 0.000010 0.000010 0.000010
0.000010 0.000010 0.000010 0.000010 0.903524 0.000010 0.096306 0.000010 0.000010 0.000010 0.000010 0.000010 0.000010 0.000010 0.000010 0.000010 0.000010 0.000010 0.000010
0.000010 0.000010 0.000010 0.000010 0.000010 0.000010 0.000010 0.000010 0.000010 0.000010 0.000010 0.000010 0.000010 0.000010 0.999820 0.000010 0.000010 0.000010 0.000010
0.000010 0.000010 0.000010 0.006054 0.000010 0.000010 0.000010 0.000010 0.000010 0.000010 0.142201 0.000010 0.000010 0.000010 0.851585 0.000010 0.000010 0.000010 0.000010
0.000010 0.000010 0.000010 0.000010 0.000010 0.000010 0.000010 0.000010 0.000010 0.000010 0.000010 0.000010 0.000010 0.000010 0.999820 0.000010 0.000010 0.000010 0.000010
0.000010 0.000010 0.000010 0.000010 0.000010 0.000290 0.281019 0.000010 0.000010 0.000010 0.000010 0.000010 0.000010 0.000010 0.321354 0.000010 0.000010 0.000010 0.397187
0.000010 0.000010 0.054690 0.000010 0.000010 0.050330 0.000010 0.000010 0.000010 0.000010 0.234688 0.000010 0.000010 0.077890 0.258375 0.000010 0.181544 0.000010 0.142363
0.092210 0.080957 0.000010 0.610806 0.000015 0.130668 0.000010 0.028086 0.000010 0.000010 0.000010 0.000010 0.000010 0.000010 0.057138 0.000010 0.000010 0.000010 0.000010
0.000010 0.000010 0.000010 0.000010 0.050004 0.043859 0.000010 0.000010 0.000010 0.000010 0.290810 0.000010 0.000010 0.000010 0.398108 0.000010 0.114942 0.000010 0.102146
0.000010 0.000010 0.000010 0.000010 0.000010 0.000010 0.000010 0.000010 0.000010 0.000010 0.000010 0.000010 0.000010 0.000010 0.999820 0.000010 0.000010 0.000010 0.000010
0.000010 0.000010 0.002216 0.000010 0.502181 0.265391 0.000010 0.000010 0.000010 0.000010 0.000010 0.000010 0.000010 0.000010 0.120491 0.000010 0.000010 0.000010 0.109580
0.000010 0.000010 0.000010 0.000010 0.593266 0.000010 0.302378 0.000010 0.000010 0.000010 0.000010 0.000010 0.000010 0.000010 0.000010 0.067705 0.036500 0.000010 0.000010
0.000010 0.000010 0.000010 0.009652 0.000010 0.014745 0.000010 0.000010 0.000010 0.000010 0.162309 0.052099 0.000010 0.075944 0.056196 0.000010 0.251477 0.000010 0.377468
0.000010 0.056208 0.000010 0.000010 0.000010 0.179540 0.000010 0.000010 0.000010 0.000010 0.000010 0.030512 0.000010 0.000010 0.343431 0.000010 0.000010 0.000010 0.390168
0.000010 0.000010 0.126564 0.055222 0.000010 0.066245 0.000010 0.022390 0.000010 0.000010 0.168771 0.053784 0.000010 0.000010 0.000010 0.270825 0.000010 0.172022 0.064077
0.000010 0.000010 0.100852 0.000010 0.000010 0.000010 0.000010 0.000010 0.000010 0.000010 0.129798 0.000010 0.000010 0.000010 0.589103 0.000010 0.000010 0.000010 0.180097
0.000010 0.308659 0.006217 0.391180 0.000010 0.000010 0.000010 0.000010 0.010212 0.000010 0.056879 0.000010 0.000010 0.000010 0.000010 0.002840 0.000010 0.223892 0.000010
0.000010 0.000010 0.000010 0.000010 0.000010 0.000010 0.000010 0.000010 0.000010 0.000010 0.000010 0.999820 0.000010 0.000010 0.000010 0.000010 0.000010 0.000010 0.000010
0.000010 0.000010 0.000010 0.000010 0.000010 0.000010 0.000010 0.000010 0.384493 0.000010 0.000010 0.615337 0.000010 0.000010 0.000010 0.000010 0.000010 0.000010 0.000010
0.000010 0.000010 0.000010 0.000010 0.000010 0.000010 0.000010 0.000010 0.864117 0.000010 0.000010 0.135713 0.000010 0.000010 0.000010 0.000010 0.000010 0.000010 0.000010
0.000010 0.143941 0.000010 0.000010 0.000010 0.000010 0.000010 0.000010 0.855889 0.000010 0.000010 0.000010 0.000010 0.000010 0.000010 0.000010 0.000010 0.000010 0.000010
0.000010 0.000010 0.000010 0.000010 0.000010 0.000010 0.000010 0.000010 0.999820 0.000010 0.000010 0.000010 0.000010 0.000010 0.000010 0.000010 0.000010 0.000010 0.000010
0.000010 0.127965 0.000010 0.000010 0.000010 0.000010 0.000010 0.000010 0.824092 0.000010 0.000010 0.047783 0.000010 0.000010 0.000010 0.000010 0.000010 0.000010 0.000010
0.000010 0.000010 0.000010 0.000010 0.000010 0.000010 0.000010 0.000010 0.999820 0.000010 0.000010 0.000010 0.000010 0.000010 0.000010 0.000010 0.000010 0.000010 0.000010
0.999820 0.000010 0.000010 0.000010 0.000010 0.000010 0.000010 0.000010 0.000010 0.000010 0.000010 0.000010 0.000010 0.000010 0.000010 0.000010 0.000010 0.000010 0.000010
0.000010 0.000010 0.000010 0.000010 0.000010 0.000010 0.000010 0.000010 0.195312 0.000010 0.081562 0.155712 0.522714 0.000010 0.000010 0.000010 0.000010 0.000010 0.044559
0.000010 0.000010 0.000010 0.000010 0.000010 0.000010 0.000010 0.000010 0.000010 0.000010 0.000010 0.999820 0.000010 0.000010 0.000010 0.000010 0.000010 0.000010 0.000010
0.000010 0.000010 0.000010 0.000010 0.000010 0.000010 0.000010 0.000010 0.000010 0.000010 0.000010 0.000010 0.000010 0.000010 0.000010 0.000010 0.000010 0.000010 0.999820
0.000010 0.000010 0.000010 0.000010 0.000010 0.000010 0.000010 0.000010 0.900769 0.000010 0.000010 0.099061 0.000010 0.000010 0.000010 0.000010 0.000010 0.000010 0.000010
0.000010 0.000010 0.000010 0.000010 0.000010 0.000010 0.000010 0.000010 0.153621 0.000010 0.000010 0.434490 0.240196 0.171544 0.000010 0.000010 0.000010 0.000010 0.000010
0.000010 0.000010 0.072477 0.000010 0.000010 0.130965 0.000010 0.000010 0.000010 0.000010 0.103535 0.000010 0.000010 0.000010 0.000010 0.639811 0.053073 0.000010 0.000010
0.000010 0.053927 0.000010 0.021070 0.000010 0.000010 0.000010 0.000010 0.704623 0.000010 0.000010 0.157710 0.000010 0.000010 0.000010 0.000010 0.000010 0.062529 0.000010
0.000010 0.000010 0.041682 0.000010 0.000010 0.000010 0.000010 0.000010 0.000010 0.000010 0.000010 0.000086 0.917343 0.000010 0.000010 0.040738 0.000010 0.000010 0.000010
0.000010 0.000010 0.000010 0.796774 0.000010 0.000010 0.000010 0.000010 0.000010 0.000010 0.000010 0.199486 0.003580 0.000010 0.000010 0.000010 0.000010 0.000010 0.000010
0.000010 0.020351 0.000010 0.000010 0.060311 0.000010 0.000010 0.000010 0.184738 0.028331 0.000010 0.183324 0.522815 0.000010 0.000010 0.000010 0.000010 0.000010 0.000010
0.000010 0.027904 0.000010 0.136117 0.000010 0.110212 0.019343 0.020234 0.000010 0.000010 0.000010 0.005157 0.010131 0.000010 0.000010 0.251557 0.419244 0.000010 0.000010
0.000010 0.020659 0.030069 0.000010 0.000010 0.440697 0.007885 0.000010 0.000010 0.044613 0.000010 0.000010 0.000010 0.000010 0.225353 0.092589 0.000010 0.000010 0.138026
0.000010 0.000010 0.069032 0.318714 0.000010 0.000010 0.000010 0.000010 0.000010 0.000010 0.000010 0.000010 0.000010 0.216782 0.000010 0.228666 0.127023 0.039653 0.000010
0.198135 0.057177 0.043078 0.180400 0.000010 0.256018 0.133595 0.000010 0.000010 0.000010 0.028005 0.000010 0.072123 0.000010 0.000010 0.000010 0.000010 0.031369 0.000010
0.160719 0.097059 0.097693 0.269919 0.106750 0.166782 0.000010 0.000010 0.000010 0.000010 0.026599 0.000010 0.000010 0.000010 0.000010 0.000010 0.074371 0.000010 0.000010
0.000010 0.000010 0.000010 0.000010 0.999820 0.000010 0.000010 0.000010 0.000010 0.000010 0.000010 0.000010 0.000010 0.000010 0.000010 0.000010 0.000010 0.000010 0.000010
0.000010 0.000010 0.000010 0.000010 0.000010 0.000010 0.000010 0.000010 0.000010 0.000010 0.406032 0.000010 0.000010 0.000010 0.000010 0.000010 0.000010 0.000010 0.593798
0.141660 0.000010 0.011247 0.000010 0.000010 0.000010 0.000010 0.000010 0.000010 0.000010 0.000010 0.000010 0.000010 0.000010 0.000010 0.846933 0.000010 0.000010 0.000010
0.000010 0.000010 0.000010 0.000010 0.000010 0.000010 0.000010 0.000010 0.000010 0.000010 0.000010 0.000010 0.000010 0.000010 0.000010 0.999820 0.000010 0.000010 0.000010
0.000010 0.000010 0.000010 0.000010 0.000010 0.000010 0.000010 0.000010 0.071479 0.000010 0.000010 0.000010 0.928351 0.000010 0.000010 0.000010 0.000010 0.000010 0.000010
0.163909 0.000010 0.000010 0.115321 0.000010 0.000010 0.000010 0.067645 0.050241 0.000010 0.000010 0.048528 0.507570 0.000010 0.000010 0.000010 0.000010 0.016299 0.030376
0.000010 0.000010 0.000010 0.000010 0.220747 0.668046 0.000010 0.000010 0.000010 0.000010 0.000010 0.000010 0.000010 0.000010 0.000010 0.045681 0.000010 0.065376 0.000010
0.000015 0.000010 0.000010 0.000010 0.000010 0.000010 0.000010 0.000010 0.000010 0.000010 0.000010 0.000010 0.999815 0.000010 0.000010 0.000010 0.000010 0.000010 0.000010
0.130738 0.103266 0.017154 0.000010 0.000010 0.000010 0.000010 0.043213 0.003604 0.030323 0.000010 0.090430 0.503231 0.005930 0.000010 0.000010 0.000010 0.072020 0.000010
0.000010 0.000010 0.000010 0.860536 0.000010 0.000010 0.115581 0.000010 0.000010 0.000010 0.000010 0.000010 0.000010 0.000010 0.000010 0.023723 0.000010 0.000010 0.000010
0.000010 0.000010 0.000010 0.082118 0.000010 0.000010 0.050218 0.000010 0.020909 0.000010 0.000010 0.057588 0.641613 0.000010 0.038277 0.000010 0.000010 0.108452 0.000715
0.000010 0.000010 0.000010 0.668333 0.000010 0.000010 0.331497 0.000010 0.000010 0.000010 0.000010 0.000010 0.000010 0.000010 0.000010 0.000010 0.000010 0.000010 0.000010
0.088503 0.061147 0.000010 0.000010 0.000010 0.000010 0.000010 0.000010 0.000010 0.000010 0.000010 0.000010 0.000010 0.000010 0.000010 0.705309 0.000010 0.057026 0.087876
0.000010 0.000010 0.170385 0.314209 0.145563 0.000944 0.000010 0.000010 0.000010 0.000010 0.000010 0.000010 0.000010 0.000010 0.000010 0.368760 0.000010 0.000010 0.000010
0.000010 0.000010 0.042046 0.000010 0.000010 0.526859 0.028681 0.036779 0.000010 0.000010 0.000010 0.000010 0.000010 0.030109 0.138398 0.000010 0.161270 0.000010 0.035749
0.181936 0.056085 0.068336 0.095834 0.000010 0.000010 0.000010 0.038390 0.068108 0.008528 0.000010 0.016452 0.393021 0.020328 0.000010 0.000010 0.000010 0.052903 0.000010
0.000010 0.000010 0.008460 0.000010 0.142897 0.135581 0.000010 0.000010 0.013725 0.000010 0.000010 0.000010 0.000010 0.000010 0.447133 0.000010 0.209185 0.000010 0.042899
0.000010 0.000010 0.000010 0.000010 0.000010 0.000010 0.000010 0.000010 0.000010 0.000010 0.000010 0.000010 0.000010 0.000010 0.000010 0.000010 0.000010 0.000010 0.999820
0.000010 0.000010 0.000010 0.000010 0.424273 0.000010 0.000010 0.000010 0.000010 0.000010 0.000010 0.023929 0.000010 0.000019 0.192991 0.000010 0.236075 0.000010 0.122582
0.000010 0.000010 0.000010 0.000010 0.000010 0.000010 0.000010 0.000010 0.000010 0.000010 0.548797 0.000010 0.000010 0.000010 0.451033 0.000010 0.000010 0.000010 0.000010
0.000010 0.000010 0.000010 0.000010 0.395207 0.000010 0.000010 0.000010 0.000010 0.000010 0.000010 0.000010 0.000010 0.000010 0.000010 0.000010 0.000010 0.000010 0.604623
0.000010 0.000010 0.000010 0.000010 0.155698 0.000010 0.024036 0.056597 0.000010 0.000010 0.288552 0.000010 0.000010 0.000010 0.278216 0.000010 0.000010 0.000010 0.196772
0.000010 0.000010 0.000010 0.000010 0.000010 0.000010 0.000010 0.000010 0.000010 0.000010 0.000010 0.000010 0.000010 0.000010 0.000010 0.999820 0.000010 0.000010 0.000010
0.000010 0.000010 0.000010 0.000010 0.000010 0.000010 0.000010 0.000010 0.000016 0.000010 0.000010 0.999814 0.000010 0.000010 0.000010 0.000010 0.000010 0.000010 0.000010
0.000010 0.000010 0.000010 0.000010 0.000010 0.000010 0.000010 0.000010 0.000010 0.000010 0.000010 0.000010 0.000015 0.000010 0.000010 0.000010 0.000016 0.999809 0.000010
0.000010 0.000010 0.000010 0.000010 0.000010 0.000010 0.000010 0.000010 0.911468 0.000010 0.000010 0.088362 0.000010 0.000010 0.000010 0.000010 0.000010 0.000010 0.000010
0.000010 0.000010 0.000010 0.000010 0.000010 0.000010 0.000010 0.000010 0.999820 0.000010 0.000010 0.000010 0.000010 0.000010 0.000010 0.000010 0.000010 0.000010 0.000010
0.000010 0.000010 0.000010 0.000010 0.000010 0.000010 0.000010 0.000010 0.999820 0.000010 0.000010 0.000010 0.000010 0.000010 0.000010 0.000010 0.000010 0.000010 0.000010
0.000010 0.071471 0.000010 0.000010 0.000010 0.000010 0.000010 0.000010 0.122724 0.000010 0.059034 0.245406 0.501225 0.000010 0.000010 0.000010 0.000010 0.000010 0.000010
0.000010 0.068949 0.000010 0.000010 0.000010 0.000010 0.000010 0.000010 0.023512 0.000010 0.000010 0.000010 0.000010 0.000010 0.000010 0.907379 0.000010 0.000010 0.000010
0.000010 0.000010 0.000010 0.000010 0.000010 0.024608 0.000010 0.000010 0.000010 0.000010 0.000010 0.000010 0.000010 0.000010 0.000010 0.975222 0.000010 0.000010 0.000010
0.000010 0.000010 0.000010 0.000010 0.571228 0.100236 0.028471 0.000010 0.000010 0.000010 0.139217 0.000010 0.000010 0.000010 0.000010 0.000010 0.160707 0.000010 0.000010
0.000010 0.000010 0.000010 0.000010 0.000010 0.000010 0.000010 0.000010 0.000010 0.000010 0.000010 0.000010 0.000010 0.000010 0.000010 0.000010 0.000010 0.999820 0.000010
0.071452 0.000010 0.000010 0.686065 0.000010 0.000010 0.000010 0.000010 0.000010 0.000010 0.000010 0.000010 0.000010 0.000010 0.000010 0.000010 0.000010 0.000010 0.242323
0.000010 0.000010 0.000010 0.078177 0.000010 0.000010 0.000010 0.103803 0.039899 0.000010 0.000010 0.000010 0.000010 0.000010 0.000010 0.777971 0.000010 0.000010 0.000010
0.000010 0.000010 0.000010 0.000010 0.000010 0.000010 0.000010 0.000010 0.000010 0.000010 0.000010 0.000010 0.000010 0.999820 0.000010 0.000010 0.000010 0.000010 0.000010
0.002339 0.000010 0.013263 0.045275 0.000010 0.341289 0.006940 0.001071 0.060630 0.000010 0.107588 0.000010 0.070655 0.143853 0.000010 0.000010 0.148601 0.000010 0.058426
0.000010 0.000010 0.000010 0.000010 0.000010 0.000010 0.000010 0.000010 0.000010 0.000010 0.413255 0.000010 0.000010 0.000010 0.000010 0.586575 0.000010 0.000010 0.000010
0.000010 0.009771 0.000010 0.069730 0.000010 0.000010 0.000010 0.000010 0.000010 0.000010 0.374906 0.145591 0.399862 0.000010 0.000010 0.000010 0.000010 0.000010 0.000010
0.000010 0.000010 0.000010 0.000010 0.000010 0.071247 0.000010 0.000010 0.000010 0.000010 0.185269 0.000010 0.000010 0.255019 0.000010 0.488315 0.000010 0.000010 0.000010
0.000010 0.000010 0.134173 0.000010 0.149347 0.334697 0.000010 0.000010 0.000010 0.000010 0.000010 0.000010 0.039812 0.084949 0.007519 0.041843 0.203823 0.000010 0.003737
0.000010 0.041021 0.000010 0.000010 0.000010 0.234647 0.132611 0.000010 0.000010 0.000010 0.012330 0.000010 0.000010 0.027844 0.000010 0.551417 0.000010 0.000010 0.000010
0.000010 0.026060 0.041959 0.242045 0.000010 0.000010 0.000010 0.000010 0.023141 0.000010 0.000010 0.000010 0.000010 0.000010 0.000010 0.555343 0.111323 0.000010 0.000010
0.000010 0.000010 0.146251 0.000010 0.000010 0.000010 0.000010 0.000010 0.000010 0.000010 0.000010 0.071016 0.744048 0.000010 0.000010 0.000010 0.000010 0.038535 0.000010
0.000010 0.000169 0.000010 0.902413 0.000010 0.000010 0.000010 0.000010 0.000010 0.000010 0.000010 0.000010 0.000010 0.019543 0.000010 0.077725 0.000010 0.000010 0.000010
0.000010 0.000010 0.000010 0.000010 0.000010 0.000010 0.000010 0.000010 0.000010 0.000010 0.000010 0.000010 0.000010 0.000010 0.000010 0.000010 0.999820 0.000010 0.000010
0.000010 0.000010 0.000010 0.000010 0.161518 0.000010 0.000010 0.000010 0.000010 0.000010 0.000010 0.000010 0.000010 0.000010 0.288117 0.000010 0.550205 0.000010 0.000010
0.000010 0.000010 0.000010 0.000010 0.000011 0.000010 0.000010 0.000010 0.000010 0.000010 0.000010 0.000010 0.584426 0.000010 0.006615 0.000010 0.000010 0.408797 0.000010
0.000010 0.000010 0.000010 0.000010 0.000010 0.000010 0.000010 0.000010 0.000010 0.000010 0.000010 0.000010 0.000010 0.000010 0.000010 0.000010 0.000010 0.999820 0.000010
0.001378 0.000010 0.000010 0.010175 0.000010 0.000010 0.000010 0.886306 0.000010 0.000010 0.000010 0.000010 0.000010 0.000010 0.000010 0.101991 0.000010 0.000010 0.000010
0.000010 0.033644 0.021045 0.000010 0.000010 0.000010 0.000010 0.945151 0.000010 0.000010 0.000010 0.000010 0.000010 0.000010 0.000010 0.000010 0.000010 0.000010 0.000010
0.000010 0.000010 0.000010 0.000010 0.106727 0.000010 0.000010 0.000010 0.087617 0.000010 0.000010 0.191810 0.613697 0.000010 0.000010 0.000010 0.000010 0.000010 0.000010
0.032523 0.071603 0.025206 0.000010 0.000010 0.543667 0.000010 0.000010 0.000010 0.000010 0.000010 0.071698 0.000010 0.060019 0.000010 0.000010 0.000010 0.000010 0.195162
0.078929 0.000010 0.010316 0.000010 0.000010 0.059634 0.000010 0.000010 0.032431 0.000010 0.000010 0.038447 0.170274 0.159205 0.000010 0.343879 0.000010 0.000010 0.106783
0.100193 0.000010 0.000010 0.000010 0.141406 0.000010 0.000010 0.000010 0.000010 0.000010 0.140639 0.000010 0.000010 0.000010 0.449804 0.000010 0.067520 0.000010 0.100307
0.000010 0.000010 0.000010 0.397257 0.000010 0.000010 0.000010 0.000010 0.011149 0.000010 0.000010 0.000010 0.000010 0.385391 0.000010 0.093464 0.079152 0.000010 0.033457
0.000010 0.000010 0.000010 0.000010 0.000010 0.000010 0.000010 0.000010 0.000010 0.000010 0.000010 0.000010 0.000010 0.000010 0.000010 0.000010 0.999820 0.000010 0.000010
0.036973 0.001159 0.000010 0.000010 0.000010 0.000010 0.086544 0.016897 0.000010 0.000010 0.075820 0.000010 0.000010 0.000010 0.519976 0.103246 0.000010 0.000010 0.159275
0.000010 0.000010 0.000010 0.000010 0.000010 0.000010 0.000010 0.999820 0.000010 0.000010 0.000010 0.000010 0.000010 0.000010 0.000010 0.000010 0.000010 0.000010 0.000010
0.000010 0.000010 0.000010 0.353351 0.000010 0.357703 0.000010 0.035768 0.000010 0.000010 0.000010 0.000010 0.000010 0.000010 0.000010 0.140661 0.112377 0.000010 0.000010
0.000010 0.000010 0.000010 0.000010 0.000010 0.000010 0.000010 0.873836 0.015484 0.110520 0.000010 0.000010 0.000010 0.000010 0.000010 0.000010 0.000010 0.000010 0.000010
0.000010 0.000010 0.000010 0.000010 0.000010 0.000010 0.000010 0.999820 0.000010 0.000010 0.000010 0.000010 0.000010 0.000010 0.000010 0.000010 0.000010 0.000010 0.000010
0.000010 0.000010 0.000010 0.000010 0.000010 0.026998 0.000010 0.909028 0.013928 0.000010 0.000010 0.000010 0.000010 0.000010 0.000010 0.021798 0.000010 0.028107 0.000010
0.000010 0.101584 0.000010 0.435410 0.000010 0.085723 0.000010 0.000010 0.021340 0.000010 0.000010 0.000010 0.000010 0.000010 0.000010 0.144187 0.211625 0.000010 0.000010
0.000010 0.107762 0.000010 0.000010 0.261920 0.000010 0.144520 0.000010 0.005393 0.000010 0.000010 0.000010 0.000010 0.022713 0.250911 0.068036 0.127558 0.000010 0.011086
0.000010 0.000010 0.000010 0.000010 0.000010 0.000010 0.000010 0.000010 0.000010 0.000010 0.000010 0.000010 0.000010 0.000010 0.999820 0.000010 0.000010 0.000010 0.000010
0.000010 0.054282 0.004647 0.330402 0.000010 0.000010 0.000010 0.000010 0.000010 0.152233 0.000010 0.000010 0.033657 0.003118 0.000010 0.000010 0.034808 0.178411 0.208342
0.000010 0.000010 0.000010 0.402520 0.000010 0.000010 0.000010 0.000010 0.076950 0.000010 0.000010 0.001911 0.000010 0.000010 0.049562 0.000010 0.000010 0.468917 0.000010
0.000010 0.029957 0.000010 0.000010 0.000010 0.290399 0.117470 0.000010 0.000010 0.000010 0.167729 0.002373 0.243787 0.009190 0.000010 0.000010 0.101756 0.000010 0.037241
0.000010 0.046524 0.037891 0.000010 0.221719 0.016603 0.081247 0.000012 0.000010 0.000010 0.194425 0.000010 0.000010 0.000010 0.204271 0.089028 0.000010 0.000010 0.108190
0.000010 0.450629 0.000010 0.549201 0.000010 0.000010 0.000010 0.000010 0.000010 0.000010 0.000010 0.000010 0.000010 0.000010 0.000010 0.000010 0.000010 0.000010 0.000010
0.000010 0.232241 0.000010 0.527114 0.000010 0.000010 0.000010 0.000010 0.205748 0.000010 0.000010 0.000010 0.000010 0.000010 0.000010 0.000010 0.000010 0.034747 0.000010
0.000010 0.999820 0.000010 0.000010 0.000010 0.000010 0.000010 0.000010 0.000010 0.000010 0.000010 0.000010 0.000010 0.000010 0.000010 0.000010 0.000010 0.000010 0.000010
0.000010 0.000010 0.000010 0.000010 0.795043 0.000010 0.000010 0.000010 0.000010 0.000010 0.000010 0.000010 0.000010 0.000010 0.000010 0.000010 0.000010 0.000010 0.204787
0.000010 0.000010 0.000010 0.000010 0.000010 0.000010 0.000010 0.000010 0.000010 0.000010 0.999820 0.000010 0.000010 0.000010 0.000010 0.000010 0.000010 0.000010 0.000010
0.000010 0.000010 0.000010 0.000010 0.000010 0.244336 0.000010 0.000010 0.000010 0.000010 0.755494 0.000010 0.000010 0.000010 0.000010 0.000010 0.000010 0.000010 0.000010
0.000010 0.000010 0.000010 0.000010 0.000010 0.000010 0.000010 0.000010 0.000010 0.000010 0.000010 0.027740 0.000010 0.000010 0.572985 0.000010 0.399115 0.000010 0.000010
0.000010 0.015471 0.000010 0.145823 0.000010 0.000010 0.000010 0.000010 0.023454 0.000010 0.000010 0.296070 0.492072 0.000010 0.026980 0.000010 0.000010 0.000010 0.000010
0.000010 0.000010 0.000010 0.000010 0.000010 0.000010 0.054755 0.000010 0.000010 0.000010 0.154502 0.000010 0.000010 0.790583 0.000010 0.000010 0.000010 0.000010 0.000010
0.107854 0.036279 0.000010 0.000010 0.000010 0.000010 0.046737 0.000010 0.137501 0.000010 0.000010 0.177942 0.298429 0.038776 0.084886 0.000010 0.000010 0.000010 0.071496
0.000010 0.000010 0.000010 0.000010 0.000010 0.000010 0.682563 0.000010 0.000010 0.000010 0.000010 0.000010 0.042182 0.072382 0.000010 0.000010 0.000010 0.000010 0.202724
0.000010 0.000010 0.000010 0.000010 0.000010 0.000010 0.000010 0.000010 0.057902 0.000010 0.000010 0.099318 0.842619 0.000010 0.000010 0.000010 0.000010 0.000010 0.000010
0.000010 0.000010 0.000010 0.000010 0.000010 0.000010 0.000010 0.000010 0.000010 0.000010 0.000010 0.081349 0.848769 0.000010 0.000010 0.000010 0.000010 0.000010 0.069722
0.000010 0.000010 0.000010 0.103786 0.000010 0.000010 0.000010 0.000010 0.050483 0.000010 0.000010 0.031023 0.788733 0.025835 0.000010 0.000010 0.000010 0.000010 0.000010
0.000010 0.000010 0.000010 0.000010 0.000010 0.000010 0.000010 0.000010 0.000010 0.000010 0.000010 0.031367 0.858921 0.109552 0.000010 0.000010 0.000010 0.000010 0.000010
0.000010 0.000010 0.000010 0.732820 0.000010 0.000010 0.042818 0.000731 0.112850 0.000010 0.000010 0.000010 0.106357 0.000010 0.000010 0.000010 0.000010 0.004294 0.000010
0.000010 0.000010 0.000010 0.000010 0.000010 0.000010 0.000010 0.999820 0.000010 0.000010 0.000010 0.000010 0.000010 0.000010 0.000010 0.000010 0.000010 0.000010 0.000010
0.000010 0.000010 0.000010 0.000010 0.000010 0.229117 0.000010 0.000010 0.000010 0.000010 0.109866 0.000010 0.000010 0.000010 0.000010 0.660857 0.000010 0.000010 0.000010
0.041317 0.000010 0.000010 0.000010 0.000010 0.233123 0.000010 0.000010 0.000010 0.000010 0.025253 0.000010 0.000010 0.286671 0.000010 0.000010 0.009473 0.000010 0.404033
0.014374 0.000010 0.000010 0.000010 0.000010 0.000010 0.000010 0.041981 0.000010 0.000010 0.000010 0.000010 0.723010 0.000010 0.029196 0.000010 0.000010 0.191299 0.000010
0.000010 0.012677 0.000010 0.000010 0.143796 0.536801 0.000010 0.000010 0.000010 0.027833 0.000010 0.000010 0.000010 0.016418 0.262345 0.000010 0.000010 0.000010 0.000010
0.000010 0.000010 0.000010 0.013076 0.000010 0.000010 0.000010 0.000010 0.000010 0.000010 0.000010 0.000010 0.923893 0.000010 0.000010 0.000010 0.062871 0.000010 0.000010
0.000010 0.000010 0.000010 0.000010 0.219336 0.340785 0.000010 0.000010 0.000010 0.000010 0.000010 0.000010 0.000010 0.158641 0.109845 0.007082 0.000010 0.000010 0.164180
0.000010 0.000010 0.000010 0.000010 0.120506 0.273990 0.000010 0.000010 0.027717 0.000010 0.000010 0.000010 0.000010 0.115781 0.000010 0.170422 0.066448 0.000010 0.225015
0.000010 0.127348 0.000010 0.000010 0.000010 0.169332 0.000010 0.000010 0.000010 0.000010 0.091715 0.000010 0.000010 0.273978 0.060122 0.277376 0.000010 0.000010 0.000010
0.035918 0.000010 0.000010 0.219478 0.000010 0.190408 0.000010 0.000010 0.006977 0.063714 0.000010 0.000177 0.000010 0.000010 0.000010 0.086068 0.247843 0.149316 0.000010
0.000010 0.106303 0.032051 0.000010 0.000010 0.000010 0.000010 0.000010 0.000010 0.000010 0.000010 0.000010 0.000010 0.282019 0.000010 0.417986 0.000010 0.000010 0.161501
0.000010 0.028255 0.000010 0.034803 0.000010 0.071133 0.000010 0.000010 0.013776 0.000010 0.090448 0.008330 0.000010 0.018466 0.000010 0.574238 0.160452 0.000010 0.000010
0.000530 0.113996 0.000010 0.489378 0.000010 0.000010 0.000010 0.000010 0.000010 0.000010 0.000010 0.000010 0.000010 0.014876 0.000010 0.000010 0.000010 0.069235 0.311854
0.176382 0.086401 0.111405 0.119458 0.000010 0.000010 0.467154 0.000010 0.000010 0.000010 0.000010 0.000010 0.039070 0.000010 0.000010 0.000010 0.000010 0.000010 0.000010
0.000010 0.142848 0.000010 0.445278 0.050116 0.000010 0.000010 0.005323 0.020981 0.000010 0.000010 0.036268 0.078961 0.177462 0.000010 0.000010 0.000010 0.042661 0.000010
0.000010 0.000010 0.000010 0.000010 0.000010 0.000010 0.999820 0.000010 0.000010 0.000010 0.000010 0.000010 0.000010 0.000010 0.000010 0.000010 0.000010 0.000010 0.000010
0.000010 0.000010 0.000010 0.000010 0.000010 0.000010 0.999820 0.000010 0.000010 0.000010 0.000010 0.000010 0.000010 0.000010 0.000010 0.000010 0.000010 0.000010 0.000010
0.083336 0.000010 0.194253 0.333465 0.000010 0.017743 0.061380 0.000010 0.000010 0.000010 0.106472 0.026453 0.000010 0.013383 0.000010 0.063599 0.099825 0.000010 0.000010
0.000010 0.000010 0.000010 0.000010 0.000010 0.000010 0.999820 0.000010 0.000010 0.000010 0.000010 0.000010 0.000010 0.000010 0.000010 0.000010 0.000010 0.000010 0.000010
0.000010 0.000010 0.000010 0.000010 0.000010 0.000010 0.000010 0.000010 0.000010 0.000010 0.000010 0.000010 0.000010 0.662868 0.000010 0.336962 0.000010 0.000010 0.000010
0.000010 0.000010 0.043730 0.000010 0.000010 0.647220 0.000010 0.000010 0.000010 0.000010 0.000010 0.000010 0.000010 0.000010 0.107782 0.000010 0.000010 0.000010 0.201118
0.000010 0.118276 0.043390 0.000010 0.000010 0.127257 0.000010 0.000010 0.000010 0.000010 0.000010 0.000010 0.000010 0.226388 0.000010 0.161255 0.205889 0.000010 0.117425
0.004765 0.000010 0.000010 0.000010 0.000010 0.000010 0.000010 0.000010 0.000010 0.000010 0.000010 0.000010 0.278014 0.717061 0.000010 0.000010 0.000010 0.000010 0.000010
0.999810 0.000010 0.000010 0.000010 0.000010 0.000010 0.000010 0.000010 0.000020 0.000010 0.000010 0.000010 0.000010 0.000010 0.000010 0.000010 0.000010 0.000010 0.000010
0.000010 0.000010 0.118820 0.000010 0.000010 0.599847 0.023157 0.000010 0.000010 0.026819 0.058557 0.000010 0.000010 0.000010 0.000010 0.000010 0.000010 0.000010 0.172670
0.000010 0.000010 0.000010 0.000010 0.000010 0.000010 0.000010 0.000010 0.000010 0.000010 0.318682 0.000010 0.000010 0.681148 0.000010 0.000010 0.000010 0.000010 0.000010
0.000010 0.000010 0.000020 0.022801 0.000010 0.000010 0.000010 0.291727 0.000010 0.685302 0.000010 0.000010 0.000010 0.000010 0.000010 0.000010 0.000010 0.000010 0.000010
0.000010 0.035531 0.000010 0.000010 0.018355 0.000010 0.000010 0.727689 0.025153 0.170593 0.000010 0.022549 0.000010 0.000010 0.000010 0.000010 0.000010 0.000010 0.000010
0.000010 0.999819 0.000010 0.000010 0.000010 0.000010 0.000011 0.000010 0.000010 0.000010 0.000010 0.000010 0.000010 0.000010 0.000010 0.000010 0.000010 0.000010 0.000010
0.000010 0.000010 0.000010 0.000010 0.000010 0.000010 0.000010 0.677019 0.008739 0.314081 0.000010 0.000010 0.000010 0.000011 0.000010 0.000010 0.000010 0.000010 0.000010
0.000010 0.008126 0.027976 0.000010 0.000010 0.000010 0.000010 0.710177 0.000010 0.130566 0.016251 0.020190 0.032086 0.000010 0.001900 0.003521 0.000010 0.049118 0.000010
0.000010 0.000010 0.000010 0.000010 0.062413 0.100594 0.010240 0.086721 0.000010 0.613236 0.000010 0.000010 0.126666 0.000010 0.000010 0.000010 0.000010 0.000010 0.000010
0.090217 0.000010 0.028399 0.000010 0.000010 0.000010 0.000010 0.000010 0.000010 0.000010 0.000010 0.000010 0.775454 0.000010 0.000010 0.000010 0.099248 0.006542 0.000010
0.000010 0.000010 0.011217 0.077248 0.000010 0.000010 0.000010 0.396553 0.000010 0.498760 0.000010 0.016082 0.000010 0.000010 0.000010 0.000010 0.000010 0.000010 0.000010
0.000010 0.100193 0.000010 0.000010 0.000010 0.071179 0.000010 0.758089 0.000010 0.030070 0.000010 0.000010 0.000010 0.000010 0.040329 0.000010 0.000010 0.000010 0.000010
0.000010 0.028643 0.000010 0.000010 0.000010 0.000010 0.000010 0.601321 0.000010 0.175200 0.000010 0.031842 0.000010 0.000010 0.000010 0.000010 0.000010 0.140399 0.022465
0.000010 0.000010 0.000010 0.000010 0.000010 0.730950 0.000010 0.000010 0.000010 0.000010 0.268880 0.000010 0.000010 0.000010 0.000010 0.000010 0.000010 0.000010 0.000010
0.000010 0.000010 0.000010 0.000010 0.000010 0.984589 0.000010 0.000010 0.000010 0.015241 0.000010 0.000010 0.000010 0.000010 0.000010 0.000010 0.000010 0.000010 0.000010
0.000010 0.000010 0.013289 0.410662 0.000010 0.125359 0.000010 0.000010 0.000010 0.000010 0.000010 0.000010 0.000010 0.000010 0.000010 0.132895 0.000010 0.317655 0.000010
0.000010 0.285986 0.000010 0.000010 0.129208 0.218789 0.000010 0.000010 0.000010 0.000010 0.208778 0.000010 0.000010 0.079355 0.000010 0.077754 0.000010 0.000010 0.000010
0.000010 0.000010 0.000010 0.000010 0.000010 0.000010 0.000010 0.440728 0.000010 0.374174 0.000010 0.000010 0.000010 0.000010 0.000010 0.000010 0.000010 0.184938 0.000010
0.000010 0.072341 0.000010 0.115113 0.046359 0.087957 0.000010 0.000010 0.070525 0.006857 0.049032 0.005720 0.000010 0.313554 0.000010 0.134577 0.000010 0.097884 0.000010
0.018194 0.027709 0.000010 0.000010 0.000010 0.000010 0.049680 0.765429 0.000010 0.000010 0.000010 0.017292 0.000010 0.000010 0.000010 0.000010 0.000010 0.121565 0.000010
0.000010 0.000010 0.000010 0.000010 0.000010 0.000010 0.083915 0.441231 0.002738 0.332396 0.000010 0.000010 0.055229 0.000010 0.021714 0.000010 0.000010 0.062659 0.000010
0.062237 0.104703 0.000010 0.000010 0.429723 0.195479 0.000010 0.000010 0.000010 0.000010 0.000010 0.000010 0.000010 0.116419 0.000970 0.083424 0.000010 0.006934 0.000010
0.000010 0.000010 0.139684 0.000010 0.000010 0.836512 0.023644 0.000010 0.000010 0.000010 0.000010 0.000010 0.000010 0.000010 0.000010 0.000010 0.000010 0.000010 0.000010
0.000010 0.000010 0.000010 0.000010 0.000010 0.000010 0.000010 0.621034 0.030595 0.207000 0.026404 0.000010 0.000010 0.000010 0.000010 0.114827 0.000010 0.000010 0.000010
0.000010 0.000010 0.000010 0.059433 0.119375 0.685857 0.035865 0.000010 0.000010 0.000010 0.000010 0.000010 0.000010 0.000010 0.068028 0.000010 0.031312 0.000010 0.000010
0.000010 0.000010 0.000010 0.591061 0.000010 0.122806 0.100438 0.028732 0.000010 0.000010 0.000010 0.000010 0.000010 0.000010 0.073209 0.083623 0.000010 0.000010 0.000010
0.000010 0.000010 0.000010 0.000010 0.000010 0.000010 0.000010 0.334084 0.000010 0.665746 0.000010 0.000010 0.000010 0.000010 0.000010 0.000010 0.000010 0.000010 0.000010
0.018501 0.000010 0.070556 0.000010 0.000010 0.000010 0.000010 0.549528 0.005004 0.173219 0.000010 0.000010 0.000010 0.000010 0.000010 0.034216 0.000010 0.148856 0.000010
0.000010 0.000010 0.000010 0.000010 0.000010 0.000010 0.000010 0.999820 0.000010 0.000010 0.000010 0.000010 0.000010 0.000010 0.000010 0.000010 0.000010 0.000010 0.000010
0.000010 0.000010 0.053094 0.113837 0.000010 0.000010 0.060337 0.000010 0.000010 0.000010 0.008225 0.006974 0.000010 0.709565 0.000010 0.000010 0.000010 0.047848 0.000010
0.000010 0.115090 0.000010 0.884740 0.000010 0.000010 0.000010 0.000010 0.000010 0.000010 0.000010 0.000010 0.000010 0.000010 0.000010 0.000010 0.000010 0.000010 0.000010
0.137958 0.000010 0.016801 0.000010 0.000010 0.000010 0.077469 0.000010 0.000010 0.000010 0.263305 0.000010 0.298691 0.113098 0.041383 0.000010 0.051186 0.000010 0.000010
0.000010 0.143899 0.000010 0.122848 0.015295 0.252472 0.000010 0.026165 0.000010 0.079744 0.000010 0.000010 0.016316 0.198066 0.000010 0.000010 0.145093 0.000010 0.000010
0.028523 0.000010 0.000010 0.062388 0.077548 0.000010 0.000010 0.180779 0.000010 0.582472 0.000010 0.000010 0.023167 0.000010 0.045002 0.000010 0.000010 0.000010 0.000010
0.000010 0.000010 0.000010 0.000010 0.000010 0.000010 0.125879 0.478366 0.000010 0.395595 0.000010 0.000010 0.000010 0.000010 0.000010 0.000010 0.000010 0.000010 0.000010
0.072985 0.078339 0.031303 0.000010 0.000010 0.000010 0.005814 0.086625 0.061754 0.663061 0.000010 0.000010 0.000010 0.000010 0.000010 0.000010 0.000010 0.000010 0.000010
0.000010 0.000010 0.000010 0.000010 0.000010 0.036736 0.092356 0.363859 0.000010 0.485465 0.000010 0.021444 0.000010 0.000010 0.000010 0.000010 0.000010 0.000010 0.000010
0.000010 0.000010 0.311324 0.000010 0.138038 0.550478 0.000010 0.000010 0.000010 0.000010 0.000010 0.000010 0.000010 0.000010 0.000010 0.000010 0.000010 0.000010 0.000010
0.000010 0.000010 0.000010 0.000010 0.636863 0.000010 0.000010 0.000010 0.000010 0.000010 0.035936 0.065580 0.000010 0.002682 0.000010 0.064564 0.194245 0.000010 0.000010
0.000010 0.000010 0.085183 0.000010 0.155153 0.000010 0.000010 0.000010 0.011419 0.000010 0.024715 0.057489 0.000010 0.000010 0.234041 0.006582 0.097387 0.023858 0.304084
0.007192 0.000010 0.038846 0.000010 0.658978 0.000010 0.086800 0.000010 0.000010 0.000010 0.000010 0.000010 0.000010 0.000010 0.000010 0.000010 0.208044 0.000010 0.000010
0.000010 0.000010 0.000010 0.491290 0.000010 0.000010 0.000010 0.054709 0.006857 0.026506 0.154900 0.028492 0.237126 0.000010 0.000010 0.000010 0.000010 0.000010 0.000010
0.021181 0.000010 0.000010 0.000010 0.000010 0.025940 0.000010 0.740159 0.000010 0.212571 0.000010 0.000010 0.000010 0.000010 0.000010 0.000010 0.000010 0.000010 0.000010
0.000010 0.000010 0.000010 0.634029 0.000010 0.000010 0.000010 0.000010 0.000010 0.000010 0.000010 0.041201 0.324610 0.000010 0.000010 0.000010 0.000010 0.000010 0.000010
0.140660 0.000010 0.002753 0.465285 0.000010 0.022282 0.000010 0.000010 0.000010 0.030127 0.000272 0.000010 0.209815 0.000010 0.128696 0.000010 0.000010 0.000010 0.000010
0.000010 0.000010 0.027926 0.013073 0.000011 0.000010 0.000010 0.203164 0.017968 0.633812 0.030253 0.013439 0.000010 0.000010 0.000010 0.060254 0.000010 0.000010 0.000010
0.000010 0.000010 0.100707 0.000010 0.000010 0.000010 0.000010 0.128318 0.000010 0.770815 0.000010 0.000010 0.000010 0.000010 0.000010 0.000010 0.000010 0.000010 0.000010
0.000010 0.000010 0.000010 0.000010 0.000010 0.000010 0.000010 0.855808 0.000010 0.102523 0.000010 0.000010 0.000010 0.000010 0.041509 0.000010 0.000010 0.000010 0.000010
0.000010 0.000010 0.018192 0.000010 0.000010 0.000010 0.000010 0.195284 0.000010 0.608064 0.112129 0.066191 0.000010 0.000010 0.000010 0.000010 0.000010 0.000010 0.000010
0.000010 0.000010 0.000010 0.000010 0.281391 0.000010 0.000010 0.000010 0.000010 0.000010 0.000010 0.000010 0.000010 0.000010 0.000010 0.122840 0.319468 0.000010 0.276151
0.000010 0.062555 0.000010 0.000010 0.325388 0.024918 0.000010 0.000010 0.000010 0.000010 0.000010 0.000010 0.000010 0.000010 0.000010 0.150623 0.241897 0.000010 0.194489
0.000010 0.000010 0.000010 0.000010 0.395238 0.000010 0.000010 0.000010 0.012169 0.000010 0.000010 0.000010 0.000010 0.121840 0.393589 0.000010 0.077024 0.000010 0.000010
0.000010 0.000010 0.000010 0.000010 0.000010 0.000010 0.000010 0.079629 0.000010 0.824720 0.000010 0.000010 0.000010 0.000010 0.000010 0.000010 0.000010 0.095490 0.000010
0.000010 0.000010 0.000010 0.000010 0.000010 0.000010 0.000010 0.000010 0.000010 0.000010 0.000010 0.000010 0.000010 0.000010 0.738164 0.000010 0.261666 0.000010 0.000010
0.000010 0.000010 0.000010 0.000010 0.000010 0.000010 0.000010 0.000010 0.000010 0.000010 0.000010 0.000010 0.000010 0.124339 0.000010 0.000010 0.875491 0.000010 0.000010
0.000010 0.022104 0.000010 0.000010 0.086571 0.196564 0.000010 0.000010 0.000010 0.000010 0.000010 0.017169 0.000010 0.287287 0.000010 0.120982 0.000010 0.000010 0.269204
0.000010 0.000010 0.000010 0.000010 0.000010 0.000010 0.000010 0.246239 0.000010 0.695456 0.000010 0.000010 0.000010 0.000010 0.000010 0.058145 0.000010 0.000010 0.000010
0.000010 0.000010 0.000010 0.000010 0.000010 0.000010 0.000010 0.810275 0.000010 0.189555 0.000010 0.000010 0.000010 0.000010 0.000010 0.000010 0.000010 0.000010 0.000010
0.074933 0.000010 0.000010 0.000010 0.000010 0.000010 0.000010 0.084963 0.000010 0.794107 0.000010 0.000010 0.000010 0.045847 0.000010 0.000010 0.000010 0.000010 0.000010
0.000010 0.026650 0.043264 0.000010 0.000010 0.000010 0.051752 0.267729 0.000010 0.486281 0.000010 0.000010 0.000010 0.000010 0.000010 0.013543 0.000010 0.110661 0.000010
0.000010 0.056241 0.032000 0.012224 0.000010 0.000010 0.000014 0.274723 0.000010 0.485951 0.000010 0.000010 0.000010 0.029160 0.000010 0.000010 0.000010 0.109577 0.000010
0.000010 0.000010 0.000010 0.069105 0.090329 0.000010 0.000010 0.279272 0.000010 0.555636 0.000010 0.005509 0.000010 0.000010 0.000010 0.000019 0.000010 0.000010 0.000010
0.000010 0.000010 0.000010 0.000010 0.001359 0.000010 0.000010 0.334305 0.000010 0.584035 0.000010 0.000010 0.000010 0.000010 0.000010 0.018261 0.000010 0.061901 0.000010
