0.296405 0.020661 0.000010 0.471687 0.000010 0.000010 0.000010 0.067819 0.000010 0.022235 0.000010 0.000010 0.000010 0.004227 0.000010 0.000010 0.000010 0.116856
0.000010 0.000010 0.000010 0.000010 0.000010 0.000010 0.000010 0.000010 0.000010 0.000010 0.171569 0.000010 0.102462 0.000010 0.000010 0.526975 0.011199 0.187666
0.000010 0.000010 0.749157 0.036311 0.000010 0.000010 0.000010 0.000010 0.000010 0.000010 0.122592 0.000010 0.000010 0.000010 0.000010 0.000010 0.000010 0.091800
0.000010 0.000010 0.000010 0.000010 0.000010 0.000010 0.061472 0.000010 0.015792 0.001049 0.860064 0.000010 0.061493 0.000010 0.000010 0.000010 0.000010 0.000010
0.000010 0.000010 0.000010 0.000010 0.000010 0.000010 0.115790 0.000010 0.000010 0.000010 0.884050 0.000010 0.000010 0.000010 0.000010 0.000010 0.000010 0.000010
0.000010 0.000010 0.051861 0.000010 0.000010 0.000010 0.000010 0.000010 0.000010 0.000010 0.721244 0.000010 0.000010 0.000010 0.063098 0.064849 0.015019 0.083809
0.000010 0.000010 0.454252 0.000011 0.000010 0.000010 0.000010 0.000010 0.000010 0.000010 0.235880 0.000010 0.126907 0.000010 0.000010 0.000010 0.030305 0.152525
0.000010 0.000010 0.453327 0.000010 0.000010 0.026586 0.000010 0.000010 0.044882 0.000010 0.294770 0.000010 0.000010 0.002199 0.042229 0.000010 0.000010 0.135898
0.403631 0.000010 0.000010 0.014753 0.084034 0.000010 0.084728 0.190395 0.028085 0.000010 0.000010 0.000010 0.088659 0.000010 0.041910 0.000010 0.063715 0.000010
0.000010 0.000010 0.000010 0.000010 0.000010 0.000010 0.183753 0.000010 0.000010 0.000010 0.000010 0.000010 0.123985 0.000010 0.000010 0.692112 0.000010 0.000010
0.000010 0.000010 0.000010 0.000010 0.000010 0.000010 0.000010 0.000013 0.999827 0.000010 0.000010 0.000010 0.000010 0.000010 0.000010 0.000010 0.000010 0.000010
0.062890 0.034358 0.150522 0.000647 0.107569 0.000010 0.125558 0.000010 0.273505 0.000010 0.014251 0.000010 0.000010 0.000010 0.055552 0.017880 0.001783 0.155426
0.000010 0.000010 0.000010 0.000010 0.999830 0.000010 0.000010 0.000010 0.000010 0.000010 0.000010 0.000010 0.000010 0.000010 0.000010 0.000010 0.000010 0.000010
0.000010 0.000010 0.000010 0.000010 0.999830 0.000010 0.000010 0.000010 0.000010 0.000010 0.000010 0.000010 0.000010 0.000010 0.000010 0.000010 0.000010 0.000010
0.000010 0.000010 0.000010 0.000010 0.999830 0.000010 0.000010 0.000010 0.000010 0.000010 0.000010 0.000010 0.000010 0.000010 0.000010 0.000010 0.000010 0.000010
0.000010 0.000010 0.044317 0.095955 0.000010 0.000010 0.000010 0.000010 0.000010 0.000010 0.000010 0.000010 0.000010 0.000010 0.000010 0.622080 0.000010 0.237507
0.000010 0.000010 0.000010 0.000010 0.000010 0.000010 0.000010 0.000010 0.000010 0.000010 0.835850 0.000010 0.000010 0.000010 0.027539 0.000010 0.000010 0.136460
0.417763 0.000010 0.109008 0.000010 0.473079 0.000010 0.000010 0.000010 0.000010 0.000010 0.000010 0.000010 0.000010 0.000010 0.000010 0.000010 0.000010 0.000010
0.174033 0.000010 0.253022 0.000010 0.199202 0.060260 0.000010 0.000010 0.000010 0.000010 0.196758 0.000010 0.000010 0.052739 0.000010 0.000010 0.000010 0.063877
0.126863 0.000010 0.000010 0.000010 0.115098 0.219319 0.000010 0.076497 0.000010 0.000010 0.000010 0.067721 0.000010 0.032689 0.223329 0.000010 0.138384 0.000010
0.000010 0.086948 0.394179 0.000010 0.000010 0.000010 0.000010 0.000010 0.000010 0.000010 0.518722 0.000010 0.000010 0.000010 0.000010 0.000010 0.000010 0.000010
0.000010 0.000010 0.000010 0.000010 0.000010 0.000010 0.000010 0.000010 0.999830 0.000010 0.000010 0.000010 0.000010 0.000010 0.000010 0.000010 0.000010 0.000010
0.000010 0.000010 0.000010 0.000010 0.000010 0.000010 0.000010 0.000010 0.999830 0.000010 0.000010 0.000010 0.000010 0.000010 0.000010 0.000010 0.000010 0.000010
0.000010 0.000010 0.437046 0.109674 0.000010 0.000010 0.000010 0.033744 0.025993 0.000010 0.292799 0.000010 0.073847 0.000010 0.000010 0.000010 0.000010 0.026787
0.000010 0.000010 0.000010 0.000010 0.000010 0.000010 0.000010 0.000010 0.999830 0.000010 0.000010 0.000010 0.000010 0.000010 0.000010 0.000010 0.000010 0.000010
0.000010 0.031434 0.149209 0.081303 0.000010 0.000010 0.000010 0.000010 0.000010 0.024341 0.529366 0.000010 0.065364 0.000978 0.000010 0.000010 0.000010 0.117905
0.000010 0.000010 0.882333 0.000010 0.000010 0.000010 0.000010 0.000010 0.000010 0.000010 0.000010 0.016964 0.000010 0.000010 0.020545 0.000010 0.064079 0.015948
0.000010 0.000010 0.000010 0.000010 0.000010 0.000010 0.000010 0.000010 0.000013 0.000010 0.000010 0.000010 0.000010 0.000010 0.000010 0.000010 0.999827 0.000010
0.000010 0.000010 0.849019 0.000010 0.000010 0.000010 0.000010 0.000010 0.027845 0.000010 0.000010 0.000010 0.000010 0.000010 0.000010 0.000010 0.001667 0.121329
0.000010 0.000010 0.999830 0.000010 0.000010 0.000010 0.000010 0.000010 0.000010 0.000010 0.000010 0.000010 0.000010 0.000010 0.000010 0.000010 0.000010 0.000010
0.000010 0.000010 0.294280 0.198886 0.000010 0.000010 0.000010 0.000010 0.000010 0.000010 0.293251 0.000010 0.043867 0.000010 0.000010 0.000010 0.023987 0.145609
0.000010 0.000010 0.326847 0.000010 0.000010 0.000010 0.000010 0.000010 0.000010 0.000010 0.212460 0.000010 0.037620 0.000010 0.000010 0.179565 0.126378 0.117010
0.000010 0.055283 0.104468 0.000010 0.000010 0.000010 0.000010 0.594769 0.000010 0.000010 0.000010 0.000010 0.000010 0.032109 0.000010 0.000010 0.000010 0.213241
0.000010 0.000010 0.433779 0.000010 0.000010 0.000013 0.018386 0.024130 0.000010 0.000010 0.311236 0.000010 0.000010 0.000010 0.000010 0.082032 0.007401 0.122923
0.000010 0.000010 0.999830 0.000010 0.000010 0.000010 0.000010 0.000010 0.000010 0.000010 0.000010 0.000010 0.000010 0.000010 0.000010 0.000010 0.000010 0.000010
0.266754 0.070277 0.000010 0.035642 0.000010 0.163564 0.022513 0.102218 0.000010 0.030309 0.000010 0.000010 0.000010 0.180174 0.000010 0.128459 0.000010 0.000010
0.000010 0.000010 0.040929 0.000010 0.000010 0.000010 0.000010 0.000010 0.000010 0.000010 0.000010 0.000010 0.000010 0.000010 0.000010 0.000010 0.958911 0.000010
0.000010 0.000010 0.219577 0.000010 0.000010 0.000010 0.026302 0.000010 0.000010 0.000010 0.212501 0.000010 0.022360 0.000010 0.024981 0.187305 0.013015 0.293859
0.000010 0.059426 0.090786 0.061876 0.000010 0.000010 0.019909 0.473963 0.020133 0.000010 0.178764 0.055166 0.039886 0.000010 0.000010 0.000010 0.000010 0.000010
0.027927 0.000010 0.120156 0.000010 0.000010 0.000010 0.000010 0.000010 0.000010 0.000010 0.536167 0.000010 0.000010 0.056017 0.000010 0.000010 0.073148 0.186465
0.000010 0.000010 0.000010 0.000010 0.000010 0.161450 0.000010 0.463320 0.000010 0.000010 0.000010 0.171421 0.000010 0.012015 0.000010 0.000010 0.191664 0.000010
0.000010 0.020904 0.359401 0.000012 0.004995 0.015282 0.000010 0.000010 0.000010 0.000010 0.158684 0.000010 0.136482 0.000010 0.000010 0.021221 0.090739 0.192200
0.000010 0.032678 0.000010 0.000010 0.083896 0.074789 0.271195 0.099971 0.000010 0.000010 0.000010 0.000010 0.118454 0.000010 0.034190 0.000010 0.000010 0.284725
0.000010 0.081126 0.693196 0.000010 0.000010 0.000010 0.000010 0.000010 0.000010 0.000010 0.000010 0.000010 0.133043 0.000010 0.000010 0.000010 0.000010 0.092496
0.000010 0.367039 0.000010 0.000010 0.000010 0.117478 0.043026 0.280403 0.000010 0.000010 0.106707 0.000010 0.000010 0.056206 0.000010 0.000010 0.029031 0.000010
0.000010 0.000010 0.000010 0.000010 0.999830 0.000010 0.000010 0.000010 0.000010 0.000010 0.000010 0.000010 0.000010 0.000010 0.000010 0.000010 0.000010 0.000010
0.000010 0.000010 0.000010 0.000010 0.753488 0.000010 0.000010 0.000010 0.246352 0.000010 0.000010 0.000010 0.000010 0.000010 0.000010 0.000010 0.000010 0.000010
0.000010 0.000010 0.419730 0.055370 0.000010 0.000010 0.000010 0.000010 0.000010 0.000010 0.167342 0.000010 0.000010 0.000010 0.097608 0.066206 0.193624 0.000010
0.000010 0.216799 0.000010 0.000010 0.036931 0.000010 0.000010 0.000010 0.746120 0.000010 0.000010 0.000010 0.000010 0.000010 0.000010 0.000010 0.000010 0.000010
0.000010 0.280398 0.000010 0.000010 0.000010 0.000010 0.000010 0.000010 0.719442 0.000010 0.000010 0.000010 0.000010 0.000010 0.000010 0.000010 0.000010 0.000010
0.000010 0.000010 0.000010 0.000010 0.000010 0.000010 0.000010 0.000010 0.999830 0.000010 0.000010 0.000010 0.000010 0.000010 0.000010 0.000010 0.000010 0.000010
0.000010 0.285632 0.000010 0.000010 0.000010 0.000010 0.000010 0.000010 0.714208 0.000010 0.000010 0.000010 0.000010 0.000010 0.000010 0.000010 0.000010 0.000010
0.000010 0.000010 0.000010 0.000010 0.000010 0.000017 0.000010 0.000010 0.999823 0.000010 0.000010 0.000010 0.000010 0.000010 0.000010 0.000010 0.000010 0.000010
0.021414 0.000010 0.000010 0.759385 0.000010 0.000010 0.000010 0.000010 0.059576 0.000010 0.000010 0.000010 0.000010 0.000010 0.000010 0.000010 0.079520 0.079975
0.461790 0.150498 0.000010 0.000010 0.106169 0.000010 0.000010 0.000010 0.184665 0.000010 0.000010 0.000010 0.000010 0.000010 0.000010 0.000010 0.096748 0.000010
0.000010 0.000010 0.000010 0.000010 0.999830 0.000010 0.000010 0.000010 0.000010 0.000010 0.000010 0.000010 0.000010 0.000010 0.000010 0.000010 0.000010 0.000010
0.000010 0.000010 0.000010 0.000010 0.999830 0.000010 0.000010 0.000010 0.000010 0.000010 0.000010 0.000010 0.000010 0.000010 0.000010 0.000010 0.000010 0.000010
0.228708 0.000010 0.000010 0.000010 0.000010 0.255421 0.000010 0.000010 0.000010 0.000010 0.000010 0.000010 0.000010 0.168683 0.003801 0.118734 0.000010 0.224534
0.000010 0.000010 0.000010 0.000010 0.000010 0.000010 0.000010 0.000010 0.000010 0.000010 0.786292 0.000010 0.000010 0.000010 0.000010 0.000010 0.060894 0.152664
0.000010 0.000010 0.000010 0.000010 0.006745 0.227316 0.000010 0.000010 0.053096 0.000010 0.000010 0.000010 0.143070 0.305973 0.000010 0.263679 0.000010 0.000010
0.000010 0.000010 0.000010 0.000010 0.024726 0.000010 0.000010 0.000010 0.975114 0.000010 0.000010 0.000010 0.000010 0.000010 0.000010 0.000010 0.000010 0.000010
0.280065 0.044242 0.000010 0.000010 0.478647 0.000010 0.000010 0.050341 0.115326 0.000010 0.000010 0.000010 0.000010 0.000010 0.000010 0.000010 0.031259 0.000010
0.369278 0.000010 0.000010 0.000010 0.321515 0.000010 0.000010 0.000010 0.136471 0.000010 0.000010 0.037099 0.000010 0.034881 0.000010 0.027301 0.073345 0.000010
0.000010 0.000010 0.000010 0.000010 0.000010 0.000010 0.999830 0.000010 0.000010 0.000010 0.000010 0.000010 0.000010 0.000010 0.000010 0.000010 0.000010 0.000010
0.000010 0.216071 0.000010 0.000010 0.120772 0.000010 0.000010 0.000010 0.663007 0.000010 0.000010 0.000010 0.000010 0.000010 0.000010 0.000010 0.000010 0.000010
0.000010 0.000010 0.000010 0.000010 0.000010 0.000010 0.999830 0.000010 0.000010 0.000010 0.000010 0.000010 0.000010 0.000010 0.000010 0.000010 0.000010 0.000010
0.957512 0.000010 0.000010 0.000010 0.000010 0.000010 0.000010 0.000010 0.000010 0.000010 0.000010 0.000010 0.016278 0.000010 0.000010 0.000010 0.000010 0.026060
0.057550 0.000010 0.000010 0.000010 0.268244 0.000010 0.000010 0.643606 0.000010 0.000010 0.000010 0.000010 0.000010 0.000010 0.000010 0.000010 0.000010 0.030460
0.456512 0.102778 0.009801 0.000010 0.287144 0.012193 0.000010 0.014916 0.116541 0.000010 0.000015 0.000010 0.000010 0.000010 0.000010 0.000010 0.000010 0.000010
0.000010 0.122038 0.000010 0.000010 0.017410 0.000010 0.331444 0.000010 0.006784 0.000010 0.123232 0.078491 0.000010 0.000010 0.088066 0.125924 0.000010 0.106521
0.000010 0.000010 0.276402 0.000010 0.000010 0.000010 0.058291 0.000010 0.000010 0.008598 0.010307 0.000010 0.203812 0.024809 0.000861 0.216620 0.034818 0.165401
0.000010 0.022717 0.000010 0.000010 0.000010 0.000010 0.201031 0.312907 0.019119 0.000010 0.066824 0.000010 0.043420 0.000010 0.000010 0.000010 0.136468 0.197413
0.177032 0.092613 0.000010 0.192118 0.000010 0.000010 0.000010 0.135235 0.003625 0.000010 0.000010 0.000010 0.006856 0.000010 0.000010 0.132979 0.000010 0.259442
0.021024 0.041952 0.000010 0.220502 0.000010 0.000010 0.078055 0.370384 0.000010 0.000010 0.074022 0.000010 0.038652 0.000010 0.000010 0.032842 0.005728 0.116758
0.000012 0.000010 0.000010 0.000010 0.089381 0.184510 0.000010 0.257100 0.071618 0.000010 0.000010 0.000010 0.000010 0.160726 0.000010 0.000010 0.236543 0.000010
0.000010 0.036208 0.457671 0.000010 0.000010 0.000010 0.053949 0.000010 0.000010 0.000010 0.440332 0.000010 0.000010 0.000010 0.011710 0.000010 0.000010 0.000010
0.000010 0.052952 0.000010 0.000010 0.000010 0.000010 0.000010 0.000010 0.000010 0.000010 0.814349 0.000010 0.000010 0.000010 0.037590 0.000010 0.094968 0.000010
0.000010 0.000010 0.000010 0.000010 0.000010 0.000010 0.733457 0.000010 0.000010 0.000010 0.000010 0.000010 0.044261 0.000010 0.030661 0.000010 0.191481 0.000010
0.000010 0.000010 0.145166 0.000010 0.009740 0.000010 0.812407 0.000010 0.000012 0.000010 0.000010 0.000010 0.000010 0.000010 0.000010 0.000010 0.032546 0.000010
0.848886 0.000010 0.000010 0.000010 0.000010 0.000010 0.000010 0.000010 0.056647 0.000010 0.000010 0.060058 0.000010 0.034270 0.000010 0.000010 0.000010 0.000010
0.000010 0.000010 0.205520 0.220065 0.011129 0.000010 0.000010 0.000010 0.003959 0.000010 0.082173 0.000010 0.000010 0.045126 0.000010 0.000010 0.431919 0.000010
0.563146 0.000010 0.000010 0.031328 0.127279 0.000010 0.128475 0.072563 0.051295 0.000010 0.000010 0.000010 0.000010 0.000010 0.000010 0.000010 0.025803 0.000010
0.000010 0.006890 0.000010 0.000010 0.000010 0.000010 0.071069 0.000010 0.000010 0.000010 0.146721 0.034409 0.000010 0.002384 0.010663 0.387455 0.000010 0.340309
0.999830 0.000010 0.000010 0.000010 0.000010 0.000010 0.000010 0.000010 0.000010 0.000010 0.000010 0.000010 0.000010 0.000010 0.000010 0.000010 0.000010 0.000010
0.551872 0.202610 0.000010 0.175659 0.023199 0.026989 0.000010 0.000010 0.000010 0.000159 0.000010 0.000010 0.000010 0.019401 0.000010 0.000010 0.000010 0.000010
0.000410 0.004749 0.140828 0.007264 0.000010 0.000010 0.000010 0.153329 0.000010 0.000010 0.181600 0.000010 0.010902 0.000010 0.073309 0.079419 0.348109 0.000010
0.000010 0.014571 0.000010 0.000010 0.000010 0.010715 0.000010 0.775369 0.000010 0.000010 0.000010 0.000010 0.000010 0.067904 0.000010 0.000010 0.000010 0.131310
0.534018 0.137200 0.025688 0.033545 0.075467 0.043345 0.000010 0.072289 0.033938 0.000010 0.000010 0.000010 0.000010 0.009294 0.000010 0.029342 0.005804 0.000010
0.881974 0.000010 0.000010 0.000010 0.000010 0.000010 0.000010 0.000010 0.052393 0.000010 0.000010 0.000010 0.000010 0.065483 0.000010 0.000010 0.000010 0.000010
0.000010 0.000010 0.000010 0.000010 0.000010 0.000010 0.000010 0.922140 0.000010 0.000010 0.000010 0.000010 0.077700 0.000010 0.000010 0.000010 0.000010 0.000010
0.000010 0.000010 0.000010 0.059118 0.000010 0.000010 0.200099 0.479297 0.000010 0.000010 0.059985 0.090343 0.000010 0.000010 0.000010 0.028530 0.082517 0.000010
0.000010 0.000010 0.000010 0.201894 0.000010 0.000010 0.000010 0.696996 0.000010 0.000010 0.000010 0.000010 0.031873 0.004154 0.000010 0.000010 0.000010 0.064954
0.000010 0.000010 0.000010 0.260042 0.000010 0.000010 0.000010 0.000010 0.000010 0.550978 0.000010 0.000010 0.115642 0.016191 0.057017 0.000010 0.000010 0.000010
0.019042 0.025823 0.000010 0.000010 0.000010 0.000010 0.746507 0.003893 0.054145 0.000010 0.000010 0.000010 0.000010 0.058424 0.000010 0.000010 0.092056 0.000010
0.000010 0.000010 0.188880 0.242397 0.005628 0.000010 0.005682 0.043949 0.000010 0.000010 0.238318 0.109914 0.000010 0.000010 0.035583 0.011548 0.118022 0.000010
0.000010 0.000010 0.000010 0.000010 0.000010 0.000010 0.151964 0.296305 0.000010 0.000010 0.147576 0.000010 0.152084 0.028752 0.049687 0.000010 0.000010 0.173522
0.000010 0.000010 0.163888 0.000010 0.016404 0.000010 0.000010 0.072592 0.000010 0.000010 0.000010 0.000010 0.036366 0.000010 0.000010 0.456870 0.039458 0.214311
0.000010 0.000010 0.000010 0.151063 0.000010 0.052124 0.001253 0.026722 0.000010 0.080741 0.105644 0.099950 0.014637 0.000010 0.162210 0.117128 0.188459 0.000010
0.490038 0.128022 0.000010 0.058844 0.000010 0.000010 0.000010 0.058283 0.097443 0.066630 0.000010 0.000010 0.000010 0.002057 0.000010 0.000010 0.000010 0.098582
0.000010 0.000010 0.751040 0.000010 0.000010 0.000010 0.000010 0.000010 0.003852 0.000010 0.000010 0.000010 0.056645 0.032306 0.000010 0.134833 0.021204 0.000010
0.000010 0.000010 0.000010 0.000010 0.000010 0.000010 0.000010 0.000010 0.000010 0.000010 0.999830 0.000010 0.000010 0.000010 0.000010 0.000010 0.000010 0.000010
0.000010 0.000010 0.727684 0.000010 0.000010 0.007453 0.000010 0.000010 0.000010 0.000010 0.073903 0.157510 0.000010 0.015145 0.009221 0.008386 0.000598 0.000010
0.000010 0.000010 0.479384 0.032602 0.000010 0.000010 0.000010 0.000010 0.000010 0.000010 0.322477 0.000010 0.000010 0.014945 0.000010 0.000010 0.107762 0.042711
0.020420 0.014202 0.623090 0.000010 0.000010 0.044188 0.000010 0.000010 0.000010 0.000010 0.186133 0.000010 0.000010 0.000010 0.000010 0.034498 0.000553 0.076816
0.000010 0.000010 0.062873 0.000010 0.007986 0.000010 0.000010 0.000010 0.000010 0.000010 0.806852 0.000010 0.000010 0.000010 0.000010 0.000010 0.122149 0.000010
0.000010 0.000010 0.475796 0.025707 0.000010 0.002148 0.000010 0.000010 0.000010 0.000010 0.300596 0.000010 0.000010 0.000010 0.000010 0.146359 0.049273 0.000010
0.000010 0.000010 0.000010 0.020815 0.000010 0.000010 0.852866 0.010129 0.000010 0.000010 0.109840 0.000010 0.000010 0.000010 0.000010 0.006220 0.000010 0.000010
0.000010 0.000010 0.000010 0.000010 0.999830 0.000010 0.000010 0.000010 0.000010 0.000010 0.000010 0.000010 0.000010 0.000010 0.000010 0.000010 0.000010 0.000010
0.000010 0.028013 0.000010 0.000010 0.000010 0.000010 0.106407 0.406877 0.030656 0.000010 0.019528 0.151158 0.000010 0.000010 0.073944 0.000010 0.183319 0.000010
0.176576 0.000010 0.000010 0.000010 0.000010 0.463354 0.000010 0.000010 0.000010 0.000010 0.027369 0.000010 0.018546 0.255681 0.000010 0.000010 0.000010 0.058354
0.000010 0.000010 0.000010 0.000010 0.000010 0.000010 0.000010 0.000010 0.999830 0.000010 0.000010 0.000010 0.000010 0.000010 0.000010 0.000010 0.000010 0.000010
0.000010 0.161327 0.000010 0.000010 0.000010 0.000010 0.000010 0.000010 0.838513 0.000010 0.000010 0.000010 0.000010 0.000010 0.000010 0.000010 0.000010 0.000010
0.000010 0.000010 0.000010 0.000010 0.000010 0.000010 0.000010 0.000010 0.999830 0.000010 0.000010 0.000010 0.000010 0.000010 0.000010 0.000010 0.000010 0.000010
0.302529 0.000010 0.031746 0.000010 0.132857 0.000010 0.000010 0.126314 0.096640 0.000010 0.000010 0.145317 0.000010 0.000010 0.000010 0.000010 0.164486 0.000010
0.235798 0.260042 0.000010 0.000010 0.404973 0.000010 0.000010 0.000010 0.012345 0.000010 0.000010 0.000010 0.000010 0.086712 0.000010 0.000010 0.000010 0.000010
0.000010 0.180458 0.000010 0.000010 0.000010 0.000010 0.730669 0.000010 0.000010 0.000010 0.000010 0.000010 0.000010 0.000010 0.000010 0.000010 0.088723 0.000010
0.000010 0.000010 0.000010 0.178137 0.000010 0.000010 0.010513 0.000010 0.000010 0.673618 0.000010 0.030318 0.104129 0.003165 0.000010 0.000010 0.000010 0.000010
0.000010 0.000010 0.000010 0.000010 0.000010 0.000010 0.926427 0.000010 0.000010 0.038805 0.000010 0.000010 0.000010 0.000010 0.029879 0.004749 0.000010 0.000010
0.000010 0.000010 0.000010 0.000010 0.000010 0.000010 0.000010 0.000010 0.999830 0.000010 0.000010 0.000010 0.000010 0.000010 0.000010 0.000010 0.000010 0.000010
0.000010 0.000010 0.000010 0.000010 0.000010 0.000010 0.000010 0.000010 0.000010 0.586120 0.000010 0.000010 0.366533 0.000010 0.047197 0.000010 0.000010 0.000010
0.000010 0.000010 0.039934 0.000010 0.000010 0.000010 0.000010 0.000010 0.000010 0.000010 0.603680 0.000010 0.000010 0.000010 0.160694 0.195553 0.000010 0.000010
0.000010 0.000010 0.000010 0.317691 0.000010 0.336821 0.000010 0.011715 0.000010 0.000010 0.000010 0.046842 0.000010 0.000010 0.273081 0.013729 0.000010 0.000010
0.040958 0.000010 0.000010 0.000010 0.010907 0.000010 0.000010 0.750516 0.000010 0.000010 0.000010 0.140943 0.000010 0.000010 0.000010 0.000010 0.056547 0.000010
0.000010 0.081206 0.000010 0.000010 0.000010 0.482904 0.000010 0.131220 0.000010 0.000010 0.084822 0.070433 0.079018 0.070288 0.000010 0.000010 0.000010 0.000010
0.000010 0.000010 0.000010 0.000010 0.000010 0.000010 0.000010 0.778214 0.000010 0.000010 0.080096 0.000019 0.000010 0.000010 0.000010 0.000010 0.141530 0.000010
0.000010 0.160835 0.000010 0.000010 0.000010 0.082933 0.491015 0.025833 0.020938 0.000010 0.000010 0.000010 0.000010 0.000010 0.000010 0.000010 0.000010 0.218326
0.000010 0.000010 0.000010 0.000010 0.000010 0.000010 0.000010 0.000010 0.064219 0.000010 0.000010 0.016826 0.000010 0.000010 0.000010 0.000010 0.539188 0.379627
0.094243 0.000010 0.059025 0.030573 0.000010 0.000010 0.020948 0.039813 0.023921 0.000010 0.094382 0.003153 0.000010 0.006475 0.000010 0.125378 0.076770 0.425261
0.000010 0.000011 0.000010 0.000010 0.000010 0.000010 0.620866 0.000010 0.000010 0.000010 0.125684 0.000010 0.000010 0.000010 0.000010 0.000010 0.195491 0.057818
0.388098 0.142151 0.122686 0.000010 0.039419 0.046153 0.053643 0.000010 0.051863 0.000010 0.090965 0.000010 0.003722 0.000010 0.000369 0.007740 0.053130 0.000010
0.000010 0.000010 0.000010 0.000010 0.000010 0.000010 0.457400 0.000010 0.000010 0.000010 0.000010 0.000010 0.000010 0.000010 0.000010 0.095911 0.197525 0.249024
0.011012 0.011849 0.000010 0.000010 0.000010 0.000010 0.000010 0.000010 0.000010 0.030167 0.125876 0.000010 0.208032 0.000010 0.000010 0.335441 0.123738 0.153784
0.000010 0.034807 0.000010 0.092657 0.000010 0.000010 0.643215 0.026006 0.001175 0.000010 0.000010 0.000010 0.000010 0.000010 0.000010 0.098949 0.000010 0.103081
0.000010 0.000010 0.000010 0.000010 0.000010 0.350234 0.000010 0.000010 0.000010 0.000010 0.094943 0.000010 0.178798 0.000010 0.000010 0.230470 0.145425 0.000010
0.000010 0.000010 0.131344 0.052302 0.000010 0.000010 0.241935 0.033832 0.000014 0.000010 0.000010 0.036190 0.000010 0.000010 0.008779 0.000010 0.495505 0.000010
0.040925 0.000010 0.000010 0.000010 0.074969 0.092954 0.000010 0.459260 0.039644 0.010905 0.000010 0.019427 0.000010 0.066798 0.000010 0.021432 0.173605 0.000010
0.000010 0.033602 0.000010 0.040514 0.000010 0.000010 0.581467 0.211378 0.000010 0.000010 0.071462 0.061457 0.000010 0.000010 0.000010 0.000010 0.000010 0.000010
0.695911 0.024739 0.000010 0.065182 0.000010 0.076001 0.000010 0.046737 0.000010 0.000010 0.000010 0.000010 0.000010 0.000010 0.067662 0.000010 0.000010 0.023659
0.000010 0.000010 0.000010 0.000010 0.040143 0.000012 0.000010 0.868006 0.000010 0.000010 0.000010 0.000010 0.000010 0.000010 0.000010 0.000010 0.000010 0.091699
0.000010 0.050450 0.054378 0.000010 0.000010 0.000010 0.000010 0.376574 0.002608 0.000010 0.122420 0.000010 0.105204 0.040863 0.072067 0.036284 0.139072 0.000010
0.000010 0.000010 0.349616 0.014986 0.000010 0.000010 0.112072 0.000010 0.000010 0.000010 0.335887 0.030654 0.099130 0.000010 0.000010 0.008708 0.000010 0.048848
0.000010 0.000010 0.476131 0.000010 0.000010 0.000010 0.000010 0.000010 0.000010 0.000010 0.483264 0.000010 0.000010 0.000010 0.000010 0.000010 0.000010 0.040456
0.602357 0.000010 0.000010 0.000010 0.000010 0.183540 0.000010 0.000010 0.000010 0.000010 0.000010 0.014887 0.000010 0.142749 0.000010 0.056337 0.000010 0.000010
0.000010 0.000010 0.000010 0.000010 0.000010 0.090253 0.000010 0.000010 0.000010 0.880718 0.000010 0.000010 0.000010 0.000010 0.000010 0.028879 0.000010 0.000010
0.692975 0.000010 0.018417 0.000010 0.000010 0.145965 0.000010 0.000010 0.000010 0.000010 0.000010 0.000010 0.000010 0.142503 0.000010 0.000010 0.000010 0.000010
0.000010 0.000010 0.000010 0.000010 0.000010 0.000010 0.000010 0.588150 0.040656 0.000010 0.000010 0.026592 0.000010 0.077978 0.072949 0.000010 0.193555 0.000010
0.046475 0.000010 0.000010 0.000010 0.000010 0.519865 0.000010 0.000010 0.000010 0.000010 0.000010 0.201084 0.000010 0.064164 0.000010 0.000010 0.077741 0.090551
0.000010 0.000010 0.000010 0.210958 0.000010 0.000010 0.000010 0.000010 0.000010 0.000010 0.000010 0.000010 0.680749 0.108142 0.000010 0.000010 0.000010 0.000010
0.017619 0.000010 0.051109 0.000010 0.000010 0.057170 0.000010 0.000010 0.000010 0.778388 0.000010 0.000010 0.000010 0.000010 0.043159 0.000010 0.000010 0.052435
0.000010 0.000010 0.000010 0.000010 0.000010 0.000010 0.000010 0.000010 0.000010 0.000010 0.000010 0.000010 0.999830 0.000010 0.000010 0.000010 0.000010 0.000010
0.000010 0.000010 0.000010 0.000010 0.000010 0.000010 0.035378 0.115171 0.000010 0.254643 0.096605 0.168230 0.329852 0.000010 0.000010 0.000010 0.000010 0.000010
0.000010 0.000010 0.000010 0.000010 0.000010 0.016170 0.000010 0.000010 0.000010 0.877040 0.000010 0.000010 0.000010 0.000010 0.000010 0.000010 0.000010 0.106640
0.000010 0.000010 0.596026 0.000010 0.000010 0.000010 0.000010 0.000010 0.000010 0.000010 0.023249 0.000010 0.117666 0.000010 0.040248 0.000010 0.222681 0.000010
0.000010 0.094397 0.000010 0.080852 0.000010 0.000010 0.093212 0.000010 0.000010 0.000010 0.058060 0.000010 0.041884 0.000010 0.000010 0.280959 0.097858 0.252679
0.187997 0.000010 0.000010 0.015645 0.000010 0.000010 0.352395 0.000010 0.000010 0.000010 0.026938 0.000010 0.000010 0.018901 0.000010 0.000010 0.147253 0.250761
0.000010 0.048360 0.589814 0.051209 0.000010 0.000010 0.000010 0.000010 0.000010 0.000010 0.001282 0.000010 0.000010 0.000010 0.000010 0.000010 0.080662 0.228552
0.000010 0.000010 0.000010 0.000010 0.009114 0.000010 0.083957 0.316286 0.081502 0.000010 0.061055 0.000010 0.000010 0.000010 0.000010 0.000010 0.232205 0.215770
0.000010 0.000010 0.123101 0.161960 0.000010 0.000010 0.000010 0.000010 0.000010 0.029245 0.464357 0.071079 0.046528 0.000010 0.000010 0.103619 0.000010 0.000010
0.000010 0.025222 0.520913 0.062823 0.000010 0.000010 0.000010 0.000010 0.000010 0.000010 0.149844 0.000010 0.032087 0.009611 0.000010 0.023375 0.034536 0.141500
0.000010 0.000010 0.000010 0.000010 0.000010 0.000010 0.000010 0.000010 0.000010 0.000010 0.000010 0.000010 0.193461 0.000010 0.000010 0.806379 0.000010 0.000010
0.000010 0.000010 0.000010 0.000010 0.000010 0.000010 0.000010 0.000010 0.000010 0.999830 0.000010 0.000010 0.000010 0.000010 0.000010 0.000010 0.000010 0.000010
0.000010 0.014508 0.000010 0.000010 0.000010 0.000010 0.155366 0.305885 0.000010 0.031222 0.000010 0.019554 0.000010 0.018919 0.000010 0.202854 0.000010 0.251592
0.000010 0.000010 0.000010 0.000010 0.000010 0.256797 0.000010 0.000010 0.000013 0.743040 0.000010 0.000010 0.000010 0.000010 0.000010 0.000010 0.000010 0.000010
0.000010 0.000010 0.000010 0.000010 0.000010 0.130426 0.000010 0.000010 0.000010 0.869414 0.000010 0.000010 0.000010 0.000010 0.000010 0.000010 0.000010 0.000010
0.000010 0.000010 0.000010 0.000010 0.000010 0.146040 0.000010 0.000010 0.000010 0.845754 0.000010 0.000010 0.000010 0.000010 0.008055 0.000010 0.000010 0.000010
0.000010 0.107902 0.003025 0.000010 0.000010 0.068361 0.038033 0.358683 0.040578 0.000010 0.102229 0.000010 0.038824 0.000010 0.000010 0.098691 0.000010 0.143596
0.000010 0.119504 0.469493 0.040751 0.000010 0.000010 0.108739 0.000010 0.003627 0.000010 0.189965 0.000010 0.012227 0.000010 0.000010 0.000010 0.055595 0.000010
0.000010 0.000010 0.306972 0.009491 0.000010 0.000010 0.000010 0.000010 0.000010 0.000010 0.396971 0.000010 0.095391 0.060889 0.092070 0.012152 0.025964 0.000010
0.000010 0.000010 0.727057 0.000010 0.000010 0.015954 0.000010 0.000010 0.000010 0.000010 0.031783 0.000010 0.000010 0.038172 0.000010 0.000010 0.000010 0.186904
0.088506 0.155645 0.000010 0.000010 0.013576 0.054875 0.000010 0.274376 0.114327 0.000010 0.000010 0.000010 0.000010 0.000010 0.000010 0.141679 0.156916 0.000010
0.000010 0.067227 0.000010 0.000010 0.000010 0.000010 0.017217 0.000010 0.000010 0.000010 0.207469 0.618708 0.000010 0.005124 0.084136 0.000010 0.000010 0.000010
0.000010 0.000010 0.000010 0.000010 0.000010 0.000010 0.000010 0.000010 0.000010 0.000010 0.000010 0.999830 0.000010 0.000010 0.000010 0.000010 0.000010 0.000010
0.000010 0.000010 0.000010 0.000010 0.000010 0.000010 0.000010 0.000010 0.000010 0.000010 0.000010 0.999830 0.000010 0.000010 0.000010 0.000010 0.000010 0.000010
0.000010 0.000010 0.000010 0.000205 0.000010 0.000010 0.000010 0.244213 0.000010 0.000010 0.000010 0.755432 0.000010 0.000010 0.000010 0.000010 0.000010 0.000010
0.000010 0.000010 0.000010 0.000010 0.000010 0.000010 0.000010 0.000010 0.000010 0.000010 0.000010 0.999830 0.000010 0.000010 0.000010 0.000010 0.000010 0.000010
0.173888 0.000010 0.000010 0.011884 0.000010 0.000010 0.000010 0.020312 0.044069 0.000010 0.248075 0.022923 0.000010 0.000010 0.000010 0.310209 0.072263 0.096287
0.000010 0.027443 0.512318 0.094517 0.000010 0.000010 0.016114 0.000010 0.000010 0.000010 0.195426 0.000010 0.000010 0.000010 0.000010 0.000010 0.000010 0.154062
0.000010 0.477285 0.000010 0.000010 0.000010 0.000010 0.000010 0.522555 0.000010 0.000010 0.000010 0.000010 0.000010 0.000010 0.000010 0.000010 0.000010 0.000010
0.000010 0.000010 0.000010 0.000010 0.000010 0.184874 0.453948 0.000010 0.000010 0.000010 0.000010 0.000010 0.182043 0.058361 0.031132 0.089522 0.000010 0.000010
0.000010 0.999830 0.000010 0.000010 0.000010 0.000010 0.000010 0.000010 0.000010 0.000010 0.000010 0.000010 0.000010 0.000010 0.000010 0.000010 0.000010 0.000010
0.000010 0.000010 0.000010 0.000010 0.000010 0.000010 0.000010 0.000010 0.000010 0.000010 0.000010 0.999830 0.000010 0.000010 0.000010 0.000010 0.000010 0.000010
0.000010 0.000010 0.090652 0.000010 0.000010 0.000010 0.000010 0.000010 0.000010 0.000010 0.000010 0.000010 0.000010 0.000010 0.000010 0.909188 0.000010 0.000010
0.000010 0.000010 0.069578 0.000010 0.000010 0.000010 0.000010 0.000010 0.000010 0.000010 0.682313 0.044118 0.000010 0.000010 0.000010 0.106442 0.097420 0.000010
0.000010 0.007918 0.188742 0.118109 0.000010 0.000010 0.000010 0.000010 0.000010 0.000010 0.503470 0.000010 0.000010 0.000010 0.000010 0.000010 0.000010 0.181632
0.000010 0.000010 0.248367 0.000010 0.000010 0.019674 0.000010 0.000010 0.000010 0.030750 0.298661 0.000010 0.000010 0.000010 0.000010 0.155822 0.000010 0.246606
0.000010 0.000010 0.006307 0.200759 0.018422 0.000010 0.097913 0.000010 0.031303 0.000010 0.344535 0.039126 0.063448 0.000010 0.000010 0.198097 0.000010 0.000010
0.000010 0.010346 0.671317 0.063487 0.000010 0.000010 0.000010 0.000010 0.049140 0.000010 0.202882 0.000010 0.000156 0.000010 0.000010 0.002563 0.000010 0.000010
0.000010 0.000010 0.394164 0.000010 0.000010 0.000010 0.000010 0.000010 0.000010 0.008346 0.239713 0.000010 0.082600 0.013515 0.047636 0.165305 0.048622 0.000010
0.360461 0.225494 0.000010 0.000010 0.377721 0.000010 0.000010 0.000010 0.000010 0.000010 0.000010 0.000010 0.000010 0.000010 0.000010 0.000010 0.036184 0.000010
0.000010 0.000010 0.012320 0.000010 0.000010 0.000010 0.000010 0.000010 0.000010 0.000010 0.000010 0.000010 0.099918 0.000010 0.000010 0.069868 0.541396 0.276369
0.000010 0.000010 0.661170 0.271291 0.000010 0.000010 0.000010 0.000010 0.000010 0.000010 0.000010 0.000010 0.000010 0.006362 0.061037 0.000010 0.000010 0.000010
0.385214 0.008270 0.000010 0.169981 0.215779 0.000010 0.037865 0.000010 0.108280 0.000010 0.074500 0.000010 0.000010 0.000010 0.000010 0.000010 0.000010 0.000010
0.058542 0.000010 0.000010 0.406889 0.000010 0.000010 0.000010 0.000010 0.000010 0.000010 0.214693 0.000010 0.062341 0.016672 0.000010 0.000010 0.024688 0.216065
0.692508 0.039419 0.000010 0.000010 0.109633 0.000010 0.000010 0.110524 0.018608 0.000010 0.000010 0.000010 0.000010 0.029188 0.000010 0.000010 0.000010 0.000010
0.869826 0.000010 0.058502 0.000010 0.000010 0.000010 0.000010 0.000010 0.067649 0.000010 0.000010 0.000010 0.000010 0.000010 0.000010 0.000010 0.003883 0.000010
0.836452 0.000010 0.000010 0.000010 0.020526 0.000010 0.000010 0.077673 0.000010 0.000010 0.001074 0.000010 0.000010 0.000010 0.000676 0.000010 0.063479 0.000010
0.000010 0.000010 0.000010 0.000010 0.000010 0.000010 0.300599 0.000010 0.000010 0.000010 0.000010 0.000010 0.000010 0.000010 0.000010 0.000010 0.699241 0.000010
0.811707 0.054529 0.000010 0.000010 0.018429 0.000010 0.000010 0.039368 0.037982 0.000010 0.000010 0.000010 0.000010 0.000010 0.000010 0.000010 0.037864 0.000010
0.143516 0.048582 0.000010 0.000010 0.000010 0.000010 0.000010 0.599554 0.089286 0.072532 0.000010 0.046409 0.000010 0.000010 0.000010 0.000010 0.000010 0.000010
0.000010 0.000010 0.000010 0.000010 0.000010 0.000010 0.000010 0.000010 0.000010 0.999830 0.000010 0.000010 0.000010 0.000010 0.000010 0.000010 0.000010 0.000010
0.000010 0.000010 0.000010 0.000010 0.000010 0.000010 0.734056 0.000010 0.000010 0.000010 0.000010 0.000010 0.000010 0.000010 0.000010 0.031252 0.000010 0.234542
0.000010 0.000010 0.000010 0.000010 0.000010 0.000010 0.000010 0.000010 0.026953 0.000010 0.000010 0.009664 0.000010 0.008656 0.000010 0.286011 0.405262 0.263334
0.670846 0.006018 0.000010 0.000010 0.000010 0.000010 0.000010 0.046464 0.000010 0.034844 0.000010 0.058651 0.000010 0.141970 0.041097 0.000010 0.000010 0.000010
0.000010 0.000010 0.341776 0.000010 0.000010 0.000010 0.033281 0.000010 0.000010 0.008187 0.000010 0.001084 0.000010 0.000010 0.000010 0.312109 0.000010 0.303442
0.691750 0.000010 0.000010 0.000010 0.000010 0.000010 0.000010 0.130508 0.073838 0.035011 0.000010 0.000010 0.000010 0.004977 0.000010 0.063797 0.000010 0.000010
0.000010 0.000010 0.000010 0.000010 0.000010 0.000010 0.000010 0.000010 0.000010 0.000010 0.000010 0.000010 0.000010 0.000010 0.999830 0.000010 0.000010 0.000010
0.000010 0.000010 0.206748 0.000010 0.000010 0.000010 0.034864 0.000010 0.000010 0.000010 0.228868 0.000010 0.061536 0.000010 0.000010 0.124539 0.102162 0.241173
0.000010 0.000010 0.097782 0.000010 0.000010 0.000010 0.235455 0.000010 0.023660 0.000010 0.105746 0.000010 0.000010 0.023346 0.006975 0.062774 0.151885 0.292287
0.000010 0.033386 0.098225 0.000010 0.000010 0.000010 0.355353 0.014160 0.000010 0.000010 0.000010 0.000010 0.000010 0.000010 0.004749 0.005037 0.253136 0.235854
0.000010 0.000010 0.154970 0.095698 0.000010 0.000010 0.071358 0.000010 0.000010 0.000010 0.271502 0.032312 0.005046 0.000010 0.026243 0.301045 0.041736 0.000010
0.000010 0.000010 0.046848 0.000010 0.000010 0.000010 0.616288 0.000010 0.000010 0.081229 0.000010 0.132277 0.020037 0.000010 0.000010 0.103200 0.000010 0.000010
0.007783 0.092739 0.000010 0.000010 0.000415 0.061366 0.013037 0.251075 0.000010 0.000010 0.000010 0.003578 0.000010 0.036366 0.023254 0.132338 0.000010 0.377980
0.215338 0.000010 0.000010 0.000010 0.015170 0.129332 0.000010 0.354502 0.000010 0.000010 0.000010 0.000010 0.000010 0.011075 0.240097 0.000010 0.034376 0.000010
0.000010 0.000010 0.890118 0.000010 0.000010 0.000010 0.000010 0.000010 0.000010 0.000010 0.000010 0.034294 0.000010 0.000010 0.059676 0.000010 0.015773 0.000010
0.000010 0.000010 0.000010 0.000010 0.000010 0.000010 0.476036 0.048489 0.000010 0.000010 0.000010 0.000010 0.000010 0.000010 0.000010 0.000010 0.292448 0.182886
0.000010 0.000010 0.000010 0.000010 0.000010 0.000010 0.247824 0.000010 0.000010 0.000010 0.000010 0.000010 0.000010 0.000010 0.148518 0.192312 0.185027 0.226189
0.000010 0.000010 0.000010 0.000010 0.000010 0.000010 0.469856 0.033972 0.057022 0.000010 0.102126 0.000010 0.000010 0.000013 0.000010 0.106717 0.121869 0.108326
0.000010 0.170937 0.000010 0.000010 0.000010 0.000010 0.000010 0.525874 0.000010 0.000010 0.252275 0.000010 0.000010 0.000010 0.000010 0.000010 0.050773 0.000010
0.064778 0.153105 0.000010 0.541071 0.000010 0.000010 0.000010 0.097113 0.000010 0.000010 0.000010 0.000010 0.128175 0.000010 0.015638 0.000010 0.000010 0.000010
0.036266 0.202690 0.000010 0.000010 0.000010 0.015121 0.000010 0.431874 0.000010 0.000010 0.000010 0.090326 0.000010 0.026741 0.000010 0.000010 0.196873 0.000010
0.000010 0.000010 0.000010 0.743498 0.000010 0.019031 0.012432 0.000010 0.000010 0.000010 0.070271 0.000010 0.000010 0.000010 0.000010 0.000010 0.000010 0.154638
0.000010 0.000010 0.000010 0.934322 0.000010 0.000010 0.000010 0.000010 0.000010 0.000010 0.065518 0.000010 0.000010 0.000010 0.000010 0.000010 0.000010 0.000010
0.000010 0.000010 0.000010 0.871434 0.000010 0.000010 0.000010 0.000010 0.000010 0.000010 0.083110 0.000010 0.000010 0.000010 0.000010 0.000010 0.000010 0.045307
0.000010 0.000010 0.000010 0.062994 0.000014 0.000010 0.077234 0.338561 0.011470 0.000010 0.056789 0.000010 0.171432 0.000010 0.000010 0.064231 0.000010 0.217185
0.000010 0.000010 0.000010 0.851723 0.000010 0.000010 0.000010 0.000010 0.000010 0.000010 0.094139 0.000010 0.000010 0.053988 0.000010 0.000010 0.000010 0.000010
0.000010 0.000010 0.000010 0.000010 0.000010 0.000010 0.298731 0.000010 0.000010 0.000010 0.000010 0.000010 0.000010 0.000010 0.000010 0.000010 0.494310 0.206809
0.000010 0.000010 0.084934 0.000010 0.000010 0.000010 0.000010 0.000010 0.000010 0.000010 0.192685 0.000010 0.035946 0.000010 0.000010 0.510254 0.000010 0.176052
0.000010 0.066871 0.090365 0.000010 0.000010 0.000010 0.234591 0.016780 0.000065 0.000010 0.000010 0.000010 0.073042 0.000010 0.000010 0.000010 0.323294 0.194893
0.204719 0.000010 0.000010 0.000010 0.000010 0.000010 0.000010 0.177081 0.000010 0.000010 0.000010 0.000010 0.000010 0.000010 0.000010 0.000010 0.302663 0.315397
0.000010 0.000010 0.000010 0.093071 0.000010 0.000010 0.000010 0.815130 0.013192 0.000010 0.000010 0.000010 0.000010 0.000010 0.078467 0.000010 0.000010 0.000010
0.000010 0.000010 0.000010 0.000010 0.000010 0.000010 0.000010 0.000019 0.000010 0.000010 0.000010 0.000010 0.000010 0.999821 0.000010 0.000010 0.000010 0.000010
0.821287 0.000010 0.000010 0.137566 0.000010 0.000010 0.000010 0.000010 0.000010 0.000010 0.000010 0.000010 0.000010 0.000010 0.000010 0.000010 0.000010 0.040997
0.000010 0.000010 0.000010 0.000010 0.000010 0.000010 0.000010 0.000010 0.000010 0.000010 0.000010 0.000010 0.000010 0.999830 0.000010 0.000010 0.000010 0.000010
0.000010 0.000010 0.228313 0.000010 0.000010 0.000010 0.000015 0.077932 0.000010 0.000010 0.018495 0.000010 0.222434 0.000010 0.000010 0.431064 0.021636 0.000010
0.591466 0.041482 0.000010 0.000010 0.268512 0.065533 0.000010 0.000010 0.000010 0.000010 0.000010 0.000010 0.000010 0.032870 0.000010 0.000010 0.000016 0.000010
0.000010 0.000010 0.000010 0.000010 0.000010 0.000010 0.000010 0.000010 0.000010 0.000010 0.196283 0.073871 0.166053 0.000010 0.000010 0.474429 0.006363 0.082880
0.000010 0.000010 0.000010 0.000010 0.000010 0.000010 0.000010 0.000010 0.000010 0.000010 0.000010 0.000010 0.000010 0.000010 0.000010 0.999830 0.000010 0.000010
0.000010 0.000010 0.000010 0.000010 0.000010 0.000010 0.000010 0.000010 0.000010 0.000010 0.000010 0.000010 0.000010 0.000010 0.000010 0.999830 0.000010 0.000010
0.000010 0.000010 0.210716 0.043852 0.000010 0.000010 0.008600 0.000010 0.000010 0.002935 0.207577 0.000010 0.157186 0.000039 0.084211 0.199128 0.085676 0.000010
0.000010 0.000010 0.023676 0.000010 0.000010 0.000010 0.094373 0.000010 0.000010 0.000010 0.000010 0.000010 0.068558 0.000010 0.000010 0.000010 0.664508 0.148756
0.000010 0.068887 0.000010 0.000010 0.000010 0.662617 0.000010 0.000010 0.000010 0.156921 0.000010 0.000010 0.000010 0.000010 0.026492 0.040949 0.000010 0.044014
0.019308 0.035543 0.024256 0.000010 0.010545 0.278802 0.000010 0.000010 0.000010 0.629416 0.000010 0.000010 0.000010 0.002020 0.000010 0.000010 0.000010 0.000010
0.000010 0.999830 0.000010 0.000010 0.000010 0.000010 0.000010 0.000010 0.000010 0.000010 0.000010 0.000010 0.000010 0.000010 0.000010 0.000010 0.000010 0.000010
0.000010 0.000010 0.000010 0.000010 0.000010 0.367390 0.000010 0.000010 0.030622 0.582979 0.000010 0.000010 0.000010 0.000010 0.014562 0.000010 0.004317 0.000010
0.088825 0.000010 0.000010 0.000010 0.009150 0.341638 0.022025 0.000010 0.000010 0.516885 0.000010 0.000010 0.000010 0.000010 0.000010 0.000010 0.000010 0.021357
0.033371 0.000010 0.103018 0.069119 0.014498 0.397319 0.000010 0.000010 0.000010 0.000010 0.000010 0.000010 0.000010 0.033190 0.314141 0.000010 0.000010 0.035244
