0.000010 0.000010 0.017570 0.190485 0.370050 0.000010 0.000010 0.000010 0.421815 0.000010 0.000010 0.000010
0.000010 0.144728 0.000010 0.000010 0.000010 0.000010 0.000010 0.000010 0.782388 0.060415 0.000010 0.012389
0.000010 0.000010 0.000010 0.000010 0.000010 0.000010 0.000010 0.992816 0.000010 0.000010 0.006262 0.000832
0.000010 0.988508 0.011392 0.000010 0.000010 0.000010 0.000010 0.000010 0.000010 0.000010 0.000010 0.000010
0.000010 0.999890 0.000010 0.000010 0.000010 0.000010 0.000010 0.000010 0.000010 0.000010 0.000010 0.000010
0.000010 0.465308 0.000010 0.000010 0.000010 0.000010 0.000010 0.415220 0.000010 0.000010 0.000010 0.119382
0.000010 0.090412 0.000010 0.000010 0.000010 0.000010 0.000010 0.719727 0.088129 0.000010 0.000010 0.101651
0.000010 0.167949 0.000010 0.000010 0.000010 0.000010 0.060470 0.699852 0.064096 0.000010 0.007563 0.000010
0.000010 0.000010 0.000010 0.000010 0.000010 0.000010 0.999890 0.000010 0.000010 0.000010 0.000010 0.000010
0.177953 0.000010 0.000010 0.000010 0.019713 0.000010 0.516519 0.285734 0.000010 0.000010 0.000010 0.000010
0.000010 0.000010 0.048897 0.000010 0.000010 0.000010 0.951003 0.000010 0.000010 0.000010 0.000010 0.000010
0.000010 0.000010 0.000010 0.000010 0.008412 0.000010 0.991488 0.000010 0.000010 0.000010 0.000010 0.000010
0.000010 0.000010 0.000010 0.000010 0.000010 0.000010 0.939411 0.000010 0.060489 0.000010 0.000010 0.000010
0.000010 0.000010 0.000010 0.000010 0.000010 0.000010 0.000010 0.000010 0.999890 0.000010 0.000010 0.000010
0.000010 0.494301 0.000010 0.000010 0.000010 0.000010 0.018852 0.392154 0.094613 0.000010 0.000010 0.000010
0.000010 0.000010 0.000010 0.000010 0.665959 0.000010 0.239226 0.000010 0.094725 0.000010 0.000010 0.000010
0.080209 0.000010 0.000010 0.000010 0.346752 0.172404 0.000010 0.372147 0.000010 0.000010 0.028417 0.000010
0.000010 0.376454 0.000010 0.000010 0.000010 0.000010 0.000010 0.596343 0.000010 0.000010 0.027113 0.000010
0.000010 0.000010 0.000010 0.000010 0.000010 0.000010 0.999890 0.000010 0.000010 0.000010 0.000010 0.000010
0.000010 0.000010 0.000010 0.000010 0.000010 0.000010 0.999890 0.000010 0.000010 0.000010 0.000010 0.000010
0.000010 0.313031 0.000010 0.058160 0.000010 0.009102 0.000010 0.548238 0.071399 0.000010 0.000010 0.000010
0.000010 0.000010 0.000010 0.000010 0.000010 0.000010 0.999890 0.000010 0.000010 0.000010 0.000010 0.000010
0.025034 0.305207 0.061939 0.000010 0.000010 0.000010 0.000010 0.554150 0.021077 0.023147 0.000010 0.009395
0.000010 0.000010 0.000697 0.000010 0.000010 0.000010 0.000010 0.859171 0.000010 0.000010 0.090584 0.049468
0.000010 0.000010 0.000010 0.000019 0.000010 0.000010 0.000010 0.945151 0.000010 0.000010 0.000010 0.054740
0.000010 0.000010 0.000010 0.000010 0.000010 0.000010 0.000013 0.999887 0.000010 0.000010 0.000010 0.000010
0.000010 0.457309 0.000010 0.000010 0.000010 0.000010 0.000010 0.362073 0.180529 0.000010 0.000010 0.000010
0.000010 0.086661 0.000010 0.000010 0.000010 0.000010 0.000010 0.629262 0.085551 0.000010 0.000010 0.198446
0.000010 0.000010 0.041063 0.489302 0.066214 0.000010 0.000010 0.036761 0.141566 0.000010 0.225033 0.000010
0.087439 0.248615 0.000010 0.000010 0.000010 0.000010 0.000010 0.663855 0.000010 0.000010 0.000010 0.000010
0.000010 0.000010 0.000010 0.000010 0.000010 0.000010 0.000010 0.999890 0.000010 0.000010 0.000010 0.000010
0.056543 0.267279 0.000010 0.000010 0.000010 0.000010 0.000010 0.461956 0.207184 0.000010 0.000010 0.006968
0.271499 0.029289 0.000015 0.015538 0.033039 0.000010 0.000010 0.650561 0.000010 0.000010 0.000010 0.000010
0.000010 0.483363 0.000010 0.000010 0.000010 0.000010 0.028649 0.254083 0.091823 0.000010 0.016466 0.125556
0.000010 0.265774 0.021087 0.000010 0.000010 0.010016 0.000010 0.427679 0.183937 0.000010 0.000745 0.090712
0.290624 0.076039 0.018019 0.110096 0.032583 0.028081 0.007112 0.000010 0.197564 0.161582 0.000010 0.078281
0.073023 0.183780 0.000010 0.000010 0.000010 0.000010 0.000010 0.713630 0.000010 0.029487 0.000010 0.000010
0.055416 0.018674 0.000010 0.241340 0.000010 0.000010 0.000010 0.000010 0.000010 0.185669 0.498831 0.000010
0.000010 0.000010 0.000010 0.000010 0.081107 0.000010 0.918793 0.000010 0.000010 0.000010 0.000010 0.000010
0.000010 0.000010 0.000010 0.000010 0.000010 0.000010 0.999890 0.000010 0.000010 0.000010 0.000010 0.000010
0.000010 0.000010 0.000010 0.000010 0.000010 0.000010 0.999890 0.000010 0.000010 0.000010 0.000010 0.000010
0.000010 0.000010 0.000010 0.000010 0.000010 0.000010 0.726659 0.000010 0.000010 0.000010 0.273241 0.000010
0.000010 0.000010 0.000010 0.000010 0.000010 0.000010 0.953741 0.000010 0.000010 0.000010 0.046159 0.000010
0.000010 0.000010 0.000010 0.000010 0.000010 0.000010 0.770096 0.000010 0.000010 0.000010 0.229804 0.000010
0.000010 0.000010 0.000010 0.000010 0.000010 0.000010 0.999890 0.000010 0.000010 0.000010 0.000010 0.000010
0.128837 0.000010 0.000010 0.166225 0.290763 0.000010 0.021576 0.086179 0.294062 0.000010 0.000010 0.012309
0.000010 0.000010 0.000010 0.051307 0.520902 0.000010 0.322924 0.000010 0.000010 0.000010 0.000010 0.104787
0.000010 0.000010 0.000010 0.000010 0.000010 0.000010 0.999890 0.000010 0.000010 0.000010 0.000010 0.000010
0.000010 0.999890 0.000010 0.000010 0.000010 0.000010 0.000010 0.000010 0.000010 0.000010 0.000010 0.000010
0.000010 0.000010 0.000010 0.000010 0.000010 0.000010 0.999890 0.000010 0.000010 0.000010 0.000010 0.000010
0.000010 0.000010 0.000010 0.000010 0.295341 0.000010 0.553614 0.000010 0.000010 0.000010 0.000010 0.150955
0.793179 0.000010 0.000010 0.000010 0.000010 0.000010 0.000010 0.000010 0.206489 0.000010 0.000010 0.000242
0.000010 0.000010 0.000010 0.000010 0.000010 0.000010 0.765871 0.000010 0.000010 0.000010 0.234029 0.000010
0.075214 0.000010 0.000010 0.014438 0.873031 0.037238 0.000010 0.000010 0.000010 0.000010 0.000010 0.000010
0.000010 0.000010 0.000010 0.751739 0.196170 0.000010 0.052001 0.000010 0.000010 0.000010 0.000010 0.000010
0.000010 0.000010 0.000010 0.000010 0.578843 0.042602 0.340370 0.035898 0.000010 0.000010 0.002217 0.000010
0.294810 0.093690 0.009074 0.107582 0.051453 0.000010 0.017463 0.000010 0.301553 0.000010 0.124335 0.000010
0.122233 0.208772 0.020798 0.000010 0.000010 0.069953 0.000010 0.127254 0.450929 0.000010 0.000010 0.000010
0.328083 0.018395 0.000010 0.349226 0.000010 0.000010 0.000010 0.000010 0.011109 0.061336 0.000010 0.231791
0.000010 0.000010 0.000010 0.203527 0.191674 0.000010 0.000010 0.000010 0.470297 0.039357 0.095075 0.000010
0.000010 0.000010 0.000010 0.238123 0.097148 0.000010 0.000010 0.178897 0.309976 0.000010 0.175786 0.000010
0.000010 0.291080 0.047567 0.000010 0.000010 0.000010 0.000010 0.611900 0.000010 0.000010 0.000010 0.049373
0.000010 0.642085 0.000010 0.000010 0.000010 0.000010 0.000010 0.250687 0.000010 0.045660 0.000010 0.061489
0.899488 0.000010 0.000010 0.000010 0.000010 0.000010 0.000010 0.000010 0.000010 0.000010 0.000010 0.100412
0.999890 0.000010 0.000010 0.000010 0.000010 0.000010 0.000010 0.000010 0.000010 0.000010 0.000010 0.000010
0.000010 0.000010 0.000010 0.000010 0.865173 0.000010 0.070986 0.000010 0.000010 0.063751 0.000010 0.000010
0.000010 0.059928 0.054331 0.127487 0.576513 0.000010 0.102499 0.000010 0.000010 0.071641 0.000010 0.007552
0.069570 0.102066 0.000010 0.000010 0.000010 0.000010 0.000010 0.082092 0.635658 0.110543 0.000010 0.000010
0.000010 0.000010 0.000010 0.000010 0.999890 0.000010 0.000010 0.000010 0.000010 0.000010 0.000010 0.000010
0.000010 0.000010 0.042200 0.000010 0.557968 0.031061 0.080571 0.000010 0.081700 0.093368 0.113083 0.000010
0.070478 0.000010 0.000010 0.929422 0.000010 0.000010 0.000010 0.000010 0.000010 0.000010 0.000010 0.000010
0.000010 0.000010 0.000010 0.091156 0.605561 0.000010 0.101417 0.050223 0.018461 0.132346 0.000786 0.000010
0.000010 0.000010 0.000010 0.760184 0.000010 0.000010 0.000010 0.000010 0.239716 0.000010 0.000010 0.000010
0.757009 0.071040 0.000010 0.000010 0.025482 0.000010 0.000010 0.000010 0.000010 0.033090 0.113309 0.000010
0.297854 0.000010 0.000010 0.370844 0.000010 0.000010 0.000010 0.120679 0.170743 0.000010 0.000010 0.039810
0.001236 0.108019 0.080368 0.000010 0.000010 0.000010 0.000010 0.139949 0.627612 0.000010 0.000010 0.042756
0.000010 0.062165 0.066660 0.140303 0.503298 0.000010 0.087885 0.000010 0.035830 0.079858 0.023960 0.000010
0.000010 0.141921 0.011871 0.000010 0.000010 0.000010 0.010339 0.685864 0.149936 0.000010 0.000010 0.000010
0.000010 0.999890 0.000010 0.000010 0.000010 0.000010 0.000010 0.000010 0.000010 0.000010 0.000010 0.000010
0.000010 0.272887 0.000010 0.000010 0.032851 0.000010 0.000010 0.675179 0.000010 0.000010 0.000010 0.019004
0.024242 0.058711 0.000010 0.000010 0.040953 0.000010 0.000010 0.823094 0.000010 0.000010 0.052929 0.000010
0.043746 0.796289 0.000010 0.000010 0.000010 0.000010 0.000010 0.159875 0.000010 0.000010 0.000010 0.000010
0.000010 0.300795 0.066171 0.000010 0.000010 0.000010 0.000010 0.619598 0.013356 0.000010 0.000010 0.000010
0.999890 0.000010 0.000010 0.000010 0.000010 0.000010 0.000010 0.000010 0.000010 0.000010 0.000010 0.000010
0.000010 0.000010 0.000010 0.000010 0.000010 0.000010 0.999890 0.000010 0.000010 0.000010 0.000010 0.000010
0.000010 0.000010 0.000010 0.000010 0.000010 0.000010 0.000010 0.000010 0.000010 0.999890 0.000010 0.000010
0.000010 0.000010 0.000010 0.000010 0.000010 0.000010 0.999890 0.000010 0.000010 0.000010 0.000010 0.000010
0.000010 0.000010 0.000010 0.000010 0.000010 0.000010 0.793955 0.000010 0.000010 0.000010 0.205945 0.000010
0.000010 0.000010 0.000010 0.000010 0.000010 0.000010 0.999890 0.000010 0.000010 0.000010 0.000010 0.000010
0.000010 0.000010 0.000010 0.000010 0.474284 0.038475 0.351131 0.000010 0.000010 0.000010 0.136030 0.000010
0.882855 0.000010 0.000010 0.000010 0.000010 0.000010 0.000010 0.000010 0.000010 0.000010 0.117045 0.000010
0.999890 0.000010 0.000010 0.000010 0.000010 0.000010 0.000010 0.000010 0.000010 0.000010 0.000010 0.000010
0.000010 0.181476 0.013233 0.000010 0.000010 0.055152 0.000010 0.617394 0.058423 0.000010 0.000010 0.074261
0.000010 0.000010 0.000010 0.000010 0.000010 0.000010 0.000010 0.000010 0.000010 0.999890 0.000010 0.000010
0.000010 0.187567 0.000010 0.812333 0.000010 0.000010 0.000010 0.000010 0.000010 0.000010 0.000010 0.000010
0.780429 0.000010 0.093368 0.000010 0.000010 0.000010 0.000010 0.000010 0.000010 0.000010 0.126113 0.000010
0.000010 0.000010 0.000010 0.000010 0.000010 0.000010 0.000010 0.000010 0.000010 0.000010 0.000010 0.999890
0.058112 0.197550 0.015317 0.058361 0.075002 0.000010 0.055575 0.000010 0.416522 0.000010 0.000010 0.123522
0.623008 0.000010 0.000010 0.000010 0.000010 0.000010 0.000010 0.029455 0.000010 0.000010 0.000010 0.347447
0.000010 0.000010 0.008817 0.063820 0.382846 0.002773 0.132941 0.179623 0.028249 0.000010 0.000010 0.200892
0.519552 0.000010 0.000010 0.000010 0.000010 0.000010 0.000010 0.000010 0.154922 0.000010 0.000010 0.325437
0.070192 0.069855 0.000010 0.000010 0.034262 0.000010 0.000010 0.234070 0.437459 0.000010 0.016675 0.137437
0.653652 0.000010 0.000010 0.000010 0.000010 0.000010 0.000010 0.000010 0.249488 0.000010 0.096770 0.000010
0.621937 0.000010 0.000010 0.320669 0.021498 0.000010 0.000010 0.000010 0.035816 0.000010 0.000010 0.000010
0.000010 0.000010 0.000010 0.057217 0.710165 0.000010 0.027896 0.000010 0.100119 0.104533 0.000010 0.000010
0.000010 0.000010 0.000010 0.999890 0.000010 0.000010 0.000010 0.000010 0.000010 0.000010 0.000010 0.000010
0.039027 0.227983 0.020664 0.000010 0.026548 0.000010 0.000010 0.606525 0.079194 0.000010 0.000010 0.000010
0.000010 0.236121 0.000010 0.000010 0.000010 0.000010 0.000010 0.763779 0.000010 0.000010 0.000010 0.000010
0.000010 0.000010 0.000010 0.000010 0.559647 0.000010 0.000010 0.000010 0.000010 0.440253 0.000010 0.000010
0.000010 0.000010 0.000010 0.000010 0.000010 0.000010 0.000010 0.000010 0.000010 0.999890 0.000010 0.000010
0.099202 0.000010 0.864942 0.000540 0.000010 0.035236 0.000010 0.000010 0.000010 0.000010 0.000010 0.000010
0.000010 0.000010 0.961036 0.000010 0.000010 0.000010 0.000010 0.000010 0.000010 0.000010 0.038864 0.000010
0.029432 0.000010 0.000010 0.000010 0.665303 0.000010 0.277275 0.017487 0.000010 0.000010 0.010432 0.000010
0.105142 0.243773 0.000010 0.000010 0.000010 0.000010 0.000010 0.000010 0.513279 0.000010 0.119728 0.018009
0.342928 0.061686 0.000010 0.000010 0.209371 0.000010 0.074709 0.000010 0.102347 0.000010 0.000010 0.208899
0.000010 0.132262 0.000010 0.000010 0.000010 0.000010 0.000010 0.713634 0.032598 0.000010 0.000010 0.121425
0.100878 0.002140 0.000010 0.393040 0.000010 0.000010 0.045946 0.000010 0.022308 0.000010 0.000010 0.435628
0.000010 0.000010 0.000010 0.000010 0.000010 0.000010 0.000010 0.849615 0.059613 0.000010 0.090682 0.000010
0.172856 0.182468 0.032113 0.000010 0.000010 0.000010 0.000010 0.612482 0.000010 0.000010 0.000010 0.000010
0.000010 0.000010 0.999890 0.000010 0.000010 0.000010 0.000010 0.000010 0.000010 0.000010 0.000010 0.000010
0.192098 0.000010 0.057911 0.354956 0.000010 0.000010 0.000010 0.074968 0.303090 0.000010 0.016918 0.000010
0.000010 0.000010 0.882366 0.000010 0.000010 0.117534 0.000010 0.000010 0.000010 0.000010 0.000010 0.000010
0.000010 0.000010 0.999890 0.000010 0.000010 0.000010 0.000010 0.000010 0.000010 0.000010 0.000010 0.000010
0.048067 0.000010 0.915566 0.000010 0.000010 0.000010 0.000010 0.000010 0.000010 0.036276 0.000010 0.000010
0.240075 0.046578 0.000010 0.386781 0.000010 0.000010 0.047733 0.000010 0.128558 0.000010 0.150215 0.000010
0.132673 0.173214 0.000010 0.000010 0.000010 0.000010 0.000010 0.547709 0.000010 0.000010 0.096798 0.049536
0.045133 0.176637 0.082187 0.000010 0.000010 0.000010 0.027236 0.578452 0.082745 0.007560 0.000010 0.000010
0.000010 0.280025 0.000010 0.371990 0.000010 0.122309 0.000010 0.000010 0.000010 0.220159 0.005448 0.000010
0.000010 0.000010 0.000010 0.439412 0.000010 0.000010 0.095566 0.000010 0.000010 0.464932 0.000010 0.000010
0.000010 0.037364 0.000010 0.000010 0.201287 0.000010 0.000010 0.121397 0.410800 0.000010 0.090022 0.139069
0.146992 0.140098 0.006926 0.000010 0.000010 0.000010 0.000010 0.614902 0.024964 0.000010 0.039929 0.026139
0.000010 0.000010 0.000010 0.386042 0.000010 0.000010 0.000010 0.000010 0.000010 0.000010 0.613858 0.000010
0.000010 0.000010 0.000010 0.000010 0.000010 0.000010 0.000010 0.000010 0.000010 0.000010 0.999890 0.000010
0.000010 0.000010 0.000010 0.000010 0.000010 0.000010 0.000010 0.000010 0.000010 0.000010 0.999890 0.000010
0.000010 0.722167 0.000010 0.000010 0.000010 0.000010 0.000010 0.277733 0.000010 0.000010 0.000010 0.000010
0.000010 0.287949 0.000010 0.000010 0.000010 0.000010 0.000010 0.541044 0.042359 0.031838 0.000010 0.096740
0.000010 0.000010 0.064689 0.000010 0.000010 0.000010 0.000010 0.591256 0.254922 0.000010 0.000010 0.089053
0.000010 0.000010 0.000010 0.000010 0.000010 0.000010 0.068831 0.907790 0.023289 0.000010 0.000010 0.000010
0.000010 0.000010 0.000010 0.119039 0.512186 0.000010 0.312597 0.000010 0.000010 0.040005 0.016103 0.000010
0.000010 0.000010 0.000010 0.000010 0.000010 0.000010 0.000010 0.000010 0.084924 0.000010 0.000010 0.914976
0.000010 0.118149 0.021576 0.043993 0.357054 0.000010 0.305234 0.029910 0.062659 0.000010 0.028079 0.033317
0.000010 0.000010 0.000010 0.000010 0.300272 0.000010 0.000010 0.177703 0.392157 0.000010 0.000010 0.129789
0.000010 0.000010 0.000010 0.000010 0.797126 0.000010 0.166613 0.000010 0.000010 0.000010 0.036170 0.000010
0.000010 0.065900 0.000010 0.000010 0.870014 0.000010 0.058486 0.000010 0.000010 0.000010 0.005520 0.000010
0.000010 0.000010 0.000010 0.102142 0.752459 0.000010 0.107461 0.000010 0.000010 0.000010 0.000010 0.037859
0.000010 0.000010 0.000010 0.000010 0.837262 0.000010 0.000010 0.000010 0.000010 0.000010 0.162638 0.000010
0.000010 0.000010 0.000010 0.747433 0.133743 0.000010 0.097265 0.000010 0.000010 0.021478 0.000010 0.000010
0.000010 0.000010 0.999890 0.000010 0.000010 0.000010 0.000010 0.000010 0.000010 0.000010 0.000010 0.000010
0.807013 0.000010 0.000010 0.000010 0.000010 0.000010 0.000010 0.000010 0.192887 0.000010 0.000010 0.000010
0.000010 0.420209 0.000010 0.000010 0.000010 0.000010 0.000010 0.000010 0.219699 0.000010 0.000010 0.360003
0.000010 0.000010 0.068027 0.000010 0.723691 0.000010 0.005625 0.000010 0.000010 0.202577 0.000010 0.000010
0.115920 0.000010 0.044439 0.000010 0.000010 0.002778 0.000010 0.400367 0.421642 0.000010 0.000010 0.014794
0.000010 0.000010 0.031988 0.087240 0.807372 0.000010 0.068525 0.000010 0.000010 0.000010 0.004805 0.000010
0.155193 0.269609 0.000010 0.000010 0.000010 0.000010 0.000010 0.223976 0.222564 0.000010 0.000010 0.128588
0.263313 0.288530 0.024020 0.000031 0.000010 0.000010 0.011994 0.127542 0.147463 0.005307 0.000010 0.131770
0.323090 0.000010 0.000010 0.000010 0.000010 0.000010 0.000010 0.103256 0.177564 0.000010 0.075464 0.320556
0.110399 0.000010 0.000010 0.184939 0.000010 0.115086 0.039941 0.084686 0.253747 0.125969 0.085193 0.000010
0.495205 0.101835 0.000010 0.066062 0.000010 0.000010 0.000010 0.000010 0.000010 0.000010 0.000010 0.336818
0.603504 0.095151 0.000010 0.005474 0.000010 0.000010 0.034307 0.000010 0.136197 0.000010 0.043751 0.081566
0.000011 0.235773 0.000010 0.445543 0.004664 0.000010 0.000010 0.000010 0.000010 0.056127 0.193893 0.063939
0.000010 0.000010 0.000010 0.248216 0.215229 0.000010 0.000010 0.000010 0.467342 0.000010 0.069133 0.000010
0.000010 0.000010 0.034556 0.413429 0.093345 0.000010 0.016921 0.000010 0.000010 0.040806 0.188747 0.212146
0.135157 0.000010 0.000010 0.000010 0.035559 0.058266 0.000520 0.069148 0.701290 0.000010 0.000010 0.000010
0.000010 0.000010 0.011434 0.201027 0.101942 0.000010 0.000010 0.000010 0.685517 0.000010 0.000010 0.000010
0.000010 0.000010 0.000010 0.340206 0.034893 0.000010 0.004572 0.152706 0.294298 0.000346 0.057525 0.115413
0.000010 0.000010 0.015130 0.000010 0.294925 0.000010 0.000010 0.064084 0.562264 0.000010 0.000010 0.063527
0.320507 0.000010 0.000010 0.000010 0.000010 0.000010 0.000010 0.000010 0.000010 0.000010 0.000010 0.679393
0.000010 0.219839 0.000010 0.000010 0.000010 0.002761 0.000010 0.098171 0.679149 0.000010 0.000010 0.000010
0.256864 0.331710 0.000010 0.000010 0.000010 0.000010 0.000010 0.000010 0.134732 0.003540 0.096642 0.176452
0.000010 0.000010 0.000010 0.000010 0.320140 0.000010 0.000010 0.000010 0.000010 0.000010 0.000010 0.679760
0.000010 0.000010 0.000010 0.000010 0.919113 0.000010 0.000010 0.000010 0.080787 0.000010 0.000010 0.000010
0.000010 0.158403 0.000010 0.000010 0.000010 0.067010 0.000010 0.000010 0.746991 0.012315 0.000010 0.015210
0.000010 0.000010 0.000010 0.000010 0.000010 0.000010 0.000010 0.000010 0.000010 0.000010 0.000010 0.999890
0.000010 0.000010 0.349695 0.008227 0.000010 0.641988 0.000010 0.000010 0.000010 0.000010 0.000010 0.000010
0.000010 0.000010 0.752936 0.000010 0.000010 0.180750 0.066220 0.000010 0.000010 0.000010 0.000014 0.000010
0.000010 0.000010 0.000010 0.000010 0.000010 0.000010 0.000010 0.000010 0.000010 0.000010 0.999890 0.000010
0.000010 0.000010 0.711545 0.000010 0.000010 0.288355 0.000010 0.000010 0.000010 0.000010 0.000010 0.000010
0.000010 0.000010 0.704331 0.000010 0.028660 0.143408 0.022179 0.048656 0.000010 0.052707 0.000010 0.000010
0.015160 0.023616 0.150564 0.000010 0.128624 0.611657 0.000010 0.000010 0.070318 0.000010 0.000010 0.000010
0.000010 0.138964 0.000010 0.000010 0.860936 0.000010 0.000010 0.000010 0.000010 0.000010 0.000010 0.000010
0.000010 0.000010 0.444720 0.076900 0.000010 0.472065 0.000010 0.000010 0.000010 0.000010 0.006235 0.000010
0.009819 0.043905 0.752905 0.000010 0.000010 0.061497 0.000010 0.000010 0.060026 0.000010 0.071788 0.000010
0.000010 0.000010 0.569234 0.038358 0.000010 0.191245 0.011264 0.000010 0.000010 0.189828 0.000010 0.000010
0.000010 0.000010 0.000010 0.000010 0.000010 0.000010 0.000010 0.241142 0.694433 0.000010 0.000010 0.064335
0.057335 0.000010 0.103932 0.000010 0.000010 0.000010 0.000010 0.000010 0.819511 0.000010 0.019142 0.000010
0.133170 0.000010 0.000010 0.429961 0.000010 0.000010 0.000010 0.000010 0.117371 0.319418 0.000010 0.000010
0.070865 0.034942 0.000010 0.007543 0.000010 0.000010 0.000010 0.214710 0.252590 0.000010 0.197036 0.222265
0.000010 0.000010 0.470925 0.000010 0.000010 0.330532 0.000010 0.000018 0.000010 0.198446 0.000010 0.000010
0.202799 0.054263 0.000010 0.000010 0.012637 0.000010 0.043648 0.000010 0.000010 0.106859 0.236015 0.343729
0.000010 0.000010 0.775695 0.076991 0.000010 0.000010 0.000010 0.000010 0.000010 0.147224 0.000010 0.000010
0.000010 0.000010 0.506320 0.000010 0.082387 0.376233 0.000010 0.000010 0.000010 0.000010 0.034980 0.000010
0.102283 0.119983 0.000010 0.000010 0.004151 0.000010 0.000010 0.302499 0.191512 0.084003 0.000010 0.195520
0.000010 0.000010 0.000010 0.000010 0.000010 0.000010 0.000010 0.000010 0.999890 0.000010 0.000010 0.000010
0.154231 0.000010 0.634050 0.000010 0.000010 0.211629 0.000010 0.000010 0.000010 0.000010 0.000010 0.000010
0.000010 0.000010 0.000010 0.053563 0.000010 0.000010 0.000010 0.202470 0.707283 0.000010 0.036604 0.000010
0.185573 0.000010 0.064019 0.644107 0.000010 0.000010 0.000010 0.034120 0.072110 0.000010 0.000010 0.000010
0.000010 0.000010 0.403236 0.000010 0.000010 0.596664 0.000010 0.000010 0.000010 0.000010 0.000010 0.000010
0.016476 0.000010 0.569861 0.009202 0.000010 0.162956 0.003097 0.000010 0.080736 0.157623 0.000010 0.000010
0.000010 0.000010 0.999890 0.000010 0.000010 0.000010 0.000010 0.000010 0.000010 0.000010 0.000010 0.000010
0.042874 0.000010 0.000010 0.143563 0.072176 0.017569 0.000010 0.023073 0.005522 0.037759 0.024681 0.632754
0.000010 0.000010 0.000010 0.999890 0.000010 0.000010 0.000010 0.000010 0.000010 0.000010 0.000010 0.000010
0.000010 0.000010 0.000010 0.000010 0.409298 0.000010 0.000010 0.217125 0.190864 0.000010 0.000010 0.182634
0.000010 0.072634 0.085471 0.072412 0.000010 0.051744 0.000010 0.040347 0.232584 0.000010 0.224160 0.220607
0.000010 0.050240 0.213742 0.062893 0.035886 0.562763 0.000010 0.039008 0.000010 0.035417 0.000010 0.000010
0.011107 0.000010 0.535300 0.000010 0.000010 0.453502 0.000010 0.000010 0.000010 0.000010 0.000010 0.000010
0.000010 0.000010 0.113135 0.000010 0.000010 0.670921 0.048074 0.000010 0.027787 0.000010 0.140013 0.000010
0.000010 0.000010 0.390519 0.000010 0.000010 0.513131 0.001503 0.000010 0.094767 0.000010 0.000010 0.000010
0.000010 0.000010 0.000010 0.000010 0.000010 0.000010 0.000010 0.093352 0.815438 0.033401 0.038741 0.018998
0.052696 0.099796 0.000010 0.000516 0.000010 0.000010 0.000010 0.662030 0.000010 0.000010 0.000010 0.184893
0.000015 0.359654 0.000010 0.000010 0.000010 0.000010 0.069150 0.496020 0.006183 0.068918 0.000010 0.000010
0.024541 0.255152 0.000010 0.000010 0.063585 0.000010 0.000010 0.614321 0.042331 0.000010 0.000010 0.000010
0.000010 0.000010 0.075176 0.491908 0.256539 0.023731 0.044027 0.049678 0.000010 0.000010 0.000010 0.058890
0.000010 0.000010 0.753636 0.000010 0.000010 0.215748 0.000010 0.000010 0.030526 0.000010 0.000010 0.000010
0.000010 0.000010 0.000010 0.658332 0.284803 0.000010 0.056775 0.000010 0.000010 0.000010 0.000010 0.000010
0.000010 0.000010 0.004257 0.490614 0.260645 0.053933 0.000010 0.091607 0.090511 0.000010 0.000010 0.008384
0.073555 0.007133 0.248511 0.000010 0.009886 0.629236 0.031619 0.000010 0.000010 0.000010 0.000010 0.000010
0.000010 0.000010 0.182352 0.000010 0.000010 0.817548 0.000010 0.000010 0.000010 0.000010 0.000010 0.000010
0.000010 0.000010 0.935765 0.000010 0.000010 0.035150 0.000010 0.000010 0.000010 0.028995 0.000010 0.000010
0.000010 0.000010 0.240326 0.000010 0.000010 0.593567 0.028704 0.087759 0.000010 0.000010 0.049573 0.000010
0.142852 0.490760 0.000010 0.000010 0.000010 0.000010 0.000010 0.366298 0.000010 0.000010 0.000010 0.000010
0.169474 0.505448 0.000010 0.000010 0.000010 0.000010 0.000010 0.324987 0.000010 0.000010 0.000010 0.000010
0.000010 0.083733 0.000010 0.000010 0.000010 0.047053 0.000010 0.674133 0.000010 0.000010 0.000010 0.195001
0.000010 0.000010 0.204997 0.000010 0.000010 0.659126 0.000010 0.000010 0.000010 0.135787 0.000010 0.000010
0.000010 0.000010 0.000010 0.000010 0.000010 0.000010 0.000010 0.999890 0.000010 0.000010 0.000010 0.000010
0.000010 0.247525 0.000010 0.025531 0.000010 0.030295 0.000010 0.496002 0.000010 0.000010 0.000010 0.200577
0.188495 0.289086 0.000010 0.000010 0.000010 0.000010 0.015047 0.034444 0.131855 0.000010 0.000010 0.341013
0.023966 0.000010 0.296880 0.000010 0.000010 0.679064 0.000010 0.000010 0.000010 0.000010 0.000010 0.000010
0.000010 0.000010 0.853561 0.000010 0.000010 0.146339 0.000010 0.000010 0.000010 0.000010 0.000010 0.000010
0.000010 0.000010 0.168962 0.000010 0.000010 0.755776 0.000010 0.000010 0.000272 0.007600 0.000010 0.067320
0.000010 0.000010 0.285635 0.000010 0.000010 0.461389 0.000010 0.000010 0.057917 0.194979 0.000010 0.000010
0.000010 0.000010 0.286543 0.033425 0.000010 0.456312 0.000010 0.000010 0.000010 0.192388 0.000010 0.031263
0.000010 0.003845 0.332355 0.091714 0.000010 0.572007 0.000010 0.000010 0.000010 0.000010 0.000010 0.000010
0.000010 0.000010 0.388648 0.000010 0.000010 0.539766 0.000010 0.000010 0.000010 0.071496 0.000010 0.000010
0.000010 0.026852 0.274878 0.000010 0.000010 0.602511 0.041654 0.000010 0.000010 0.054034 0.000010 0.000010
0.435745 0.128650 0.016123 0.000010 0.267717 0.000010 0.000010 0.000010 0.147612 0.000010 0.000010 0.004092
0.000010 0.325796 0.000010 0.000010 0.000010 0.000010 0.000010 0.000010 0.000010 0.000010 0.000010 0.674104
0.000010 0.000010 0.128279 0.000010 0.000010 0.849112 0.000010 0.000010 0.000010 0.000010 0.000010 0.022519
0.000010 0.000010 0.096735 0.000010 0.000010 0.798239 0.104936 0.000010 0.000010 0.000010 0.000010 0.000010
0.000010 0.000010 0.110421 0.000010 0.000010 0.000010 0.000010 0.745592 0.000010 0.000010 0.000010 0.143897
0.082874 0.239719 0.000010 0.071018 0.000010 0.000010 0.000010 0.592540 0.000010 0.000010 0.013778 0.000010
0.000010 0.550348 0.000010 0.000010 0.000010 0.000010 0.000010 0.340243 0.000010 0.000010 0.033733 0.075595
0.000010 0.000010 0.131408 0.000010 0.000010 0.000010 0.000010 0.000010 0.124295 0.744206 0.000010 0.000010
0.208085 0.000010 0.000010 0.000010 0.000010 0.000010 0.000010 0.000010 0.695980 0.000010 0.000010 0.095844
0.999890 0.000010 0.000010 0.000010 0.000010 0.000010 0.000010 0.000010 0.000010 0.000010 0.000010 0.000010
0.000010 0.000010 0.682307 0.000010 0.000010 0.262002 0.006967 0.000010 0.000010 0.000010 0.048644 0.000010
0.299210 0.117524 0.171777 0.284201 0.000010 0.005086 0.122142 0.000010 0.000010 0.000010 0.000010 0.000010
0.665780 0.116735 0.028814 0.143358 0.000010 0.000010 0.045243 0.000010 0.000010 0.000010 0.000010 0.000010
0.000010 0.000010 0.827279 0.000010 0.000010 0.000010 0.000010 0.000010 0.000010 0.172621 0.000010 0.000010
0.000010 0.000010 0.192873 0.326421 0.000010 0.000010 0.000010 0.000010 0.480616 0.000010 0.000010 0.000010
0.000010 0.305736 0.000010 0.120394 0.030601 0.000010 0.000010 0.170080 0.310390 0.000010 0.051373 0.011376
0.000010 0.000010 0.068308 0.171856 0.000010 0.014944 0.000010 0.000010 0.744812 0.000010 0.000010 0.000010
0.000010 0.000010 0.000010 0.000010 0.000010 0.000010 0.000010 0.000010 0.000010 0.000010 0.000010 0.999890
0.230695 0.145798 0.000010 0.114374 0.000010 0.000010 0.035951 0.008005 0.445899 0.000010 0.000010 0.019229
0.000010 0.000010 0.031394 0.223010 0.220476 0.228780 0.000010 0.115548 0.013847 0.000010 0.000010 0.166896
0.000010 0.000010 0.000010 0.000010 0.000010 0.000010 0.000010 0.082905 0.885711 0.031294 0.000010 0.000010
0.000010 0.000010 0.000010 0.633975 0.000010 0.000010 0.000010 0.187617 0.000010 0.000010 0.078510 0.099818
0.000010 0.000010 0.734353 0.000010 0.000010 0.000010 0.000010 0.000010 0.000010 0.265547 0.000010 0.000010
0.290257 0.068496 0.000010 0.052594 0.000010 0.000010 0.136989 0.085074 0.359094 0.000010 0.000010 0.007446
0.000010 0.000010 0.000010 0.000010 0.000010 0.000010 0.000010 0.000010 0.999890 0.000010 0.000010 0.000010
0.000010 0.000010 0.031787 0.166056 0.075085 0.000010 0.000010 0.000010 0.715722 0.011280 0.000010 0.000010
0.000010 0.000010 0.035367 0.000010 0.532120 0.000010 0.000010 0.000010 0.000010 0.432423 0.000010 0.000010
0.362896 0.076666 0.000010 0.000015 0.030979 0.036194 0.000010 0.000010 0.311474 0.045476 0.136260 0.000010
0.055080 0.085974 0.140850 0.000010 0.047849 0.000010 0.000010 0.048615 0.582826 0.000010 0.038757 0.000010
0.000010 0.128794 0.072557 0.000010 0.094541 0.015474 0.012549 0.134362 0.541674 0.000010 0.000010 0.000010
0.489100 0.000010 0.000010 0.400354 0.001367 0.000010 0.000010 0.000010 0.000010 0.000010 0.000010 0.109099
0.098603 0.000010 0.000010 0.619895 0.000010 0.000010 0.000010 0.128549 0.000010 0.001559 0.000010 0.151323
0.999890 0.000010 0.000010 0.000010 0.000010 0.000010 0.000010 0.000010 0.000010 0.000010 0.000010 0.000010
0.999890 0.000010 0.000010 0.000010 0.000010 0.000010 0.000010 0.000010 0.000010 0.000010 0.000010 0.000010
0.914397 0.000010 0.000010 0.085503 0.000010 0.000010 0.000010 0.000010 0.000010 0.000010 0.000010 0.000010
0.000010 0.024023 0.000010 0.000010 0.000010 0.000010 0.007659 0.000010 0.968228 0.000010 0.000010 0.000010
0.672659 0.000010 0.000010 0.005269 0.003514 0.000010 0.022160 0.000010 0.146370 0.000010 0.000010 0.149967
0.000010 0.056608 0.016705 0.000010 0.000010 0.000010 0.000010 0.000010 0.926596 0.000010 0.000010 0.000010
0.195736 0.103711 0.000010 0.000010 0.000010 0.000010 0.000010 0.126761 0.502145 0.071577 0.000010 0.000010
0.222338 0.000010 0.032621 0.073828 0.000010 0.000010 0.000010 0.000010 0.623542 0.047600 0.000010 0.000010
0.156629 0.000010 0.000010 0.000010 0.000010 0.000010 0.000010 0.061280 0.701387 0.080625 0.000010 0.000010
0.218405 0.000010 0.000010 0.000010 0.000010 0.117344 0.000010 0.000010 0.554821 0.000010 0.109350 0.000010
0.000010 0.000010 0.000010 0.183272 0.143364 0.521122 0.000010 0.000010 0.108230 0.000010 0.043943 0.000010
0.000010 0.000010 0.000010 0.000010 0.000010 0.000010 0.000010 0.380529 0.585509 0.000010 0.033872 0.000010
0.000010 0.199527 0.013995 0.000010 0.000010 0.000010 0.000010 0.020376 0.726122 0.000010 0.000010 0.039910
0.000010 0.084179 0.000010 0.095357 0.093031 0.000010 0.000010 0.045606 0.681757 0.000010 0.000010 0.000010
0.000010 0.000010 0.000010 0.000010 0.137670 0.624239 0.000010 0.000010 0.238001 0.000010 0.000010 0.000010
0.157518 0.002812 0.000010 0.000010 0.000010 0.000010 0.000010 0.106274 0.000010 0.035740 0.000010 0.697585
0.000010 0.000010 0.000010 0.000010 0.000010 0.046240 0.000010 0.000010 0.143119 0.000010 0.000010 0.810551
0.000010 0.000010 0.000010 0.085342 0.245346 0.000010 0.015678 0.121075 0.347826 0.000010 0.000010 0.184673
0.000010 0.132514 0.000010 0.036278 0.003852 0.000010 0.034672 0.175858 0.493030 0.076777 0.046979 0.000010
0.000010 0.006631 0.591688 0.074080 0.033597 0.271600 0.022344 0.000010 0.000010 0.000010 0.000010 0.000010
0.040982 0.000010 0.616877 0.000010 0.000010 0.266448 0.022531 0.000010 0.000010 0.047357 0.000010 0.005746
0.120129 0.053220 0.033123 0.000010 0.035266 0.000010 0.042787 0.000010 0.084483 0.012177 0.120947 0.497838
0.000010 0.035446 0.430116 0.000010 0.008742 0.466363 0.020821 0.000010 0.000010 0.000500 0.037962 0.000010
0.000010 0.000010 0.000010 0.000010 0.000010 0.682802 0.000010 0.000010 0.173201 0.000010 0.143907 0.000010
0.076027 0.000010 0.000010 0.000010 0.000010 0.000010 0.000010 0.000010 0.125237 0.000010 0.000010 0.798646
0.000010 0.062743 0.000010 0.111507 0.049685 0.775985 0.000010 0.000010 0.000010 0.000010 0.000010 0.000010
0.088272 0.000010 0.034378 0.074832 0.000010 0.012252 0.028441 0.000010 0.241617 0.161527 0.275747 0.082903
0.153317 0.095077 0.000010 0.000010 0.000010 0.000010 0.000010 0.105535 0.594281 0.005051 0.000010 0.046679
0.000010 0.000010 0.000010 0.522898 0.000010 0.000010 0.053806 0.000010 0.344945 0.000010 0.000010 0.078271
0.000010 0.000010 0.000010 0.000010 0.000010 0.729074 0.000010 0.031430 0.058985 0.000010 0.173640 0.006801
0.492052 0.000010 0.000010 0.106032 0.000010 0.000010 0.000010 0.018294 0.331213 0.000010 0.052338 0.000010
0.289030 0.100658 0.000010 0.000010 0.011720 0.014766 0.000010 0.000010 0.439806 0.003791 0.086635 0.053554
0.088139 0.349947 0.000010 0.000010 0.000010 0.000010 0.000010 0.041598 0.273866 0.000010 0.000010 0.246380
0.000010 0.321084 0.047835 0.000010 0.000010 0.000010 0.000010 0.052875 0.452268 0.000010 0.125869 0.000010
0.000010 0.422504 0.000010 0.000010 0.000010 0.000010 0.000010 0.386831 0.098184 0.000010 0.071472 0.020939
0.265161 0.000010 0.001831 0.024919 0.000010 0.000010 0.000010 0.181638 0.340080 0.000010 0.073785 0.112537
0.000010 0.000010 0.000010 0.000010 0.000010 0.123673 0.000010 0.189054 0.476296 0.033301 0.061065 0.116551
0.196755 0.060945 0.001689 0.007240 0.023648 0.006237 0.000010 0.016603 0.399364 0.082126 0.000010 0.205374
0.000010 0.643956 0.000010 0.000010 0.000010 0.000010 0.000010 0.349676 0.006277 0.000010 0.000010 0.000010
0.000010 0.136531 0.000010 0.000010 0.000010 0.000010 0.000010 0.792150 0.000010 0.000010 0.000010 0.071228
0.000010 0.018562 0.000010 0.204457 0.017501 0.682055 0.000010 0.000855 0.018365 0.058154 0.000010 0.000010
0.000010 0.091044 0.000010 0.000010 0.098943 0.634418 0.000010 0.059470 0.101248 0.000010 0.000010 0.014818
