0.112754 0.138575 0.247912 0.287105 0.213655
0.368709 0.024267 0.130454 0.467380 0.009190
0.300511 0.135512 0.000010 0.353204 0.210763
0.264876 0.143241 0.136162 0.186359 0.269362
0.357404 0.024262 0.217418 0.364309 0.036607
0.319725 0.053742 0.101418 0.101408 0.423708
0.246702 0.121633 0.054004 0.257705 0.319956
0.464203 0.161967 0.092907 0.177620 0.103303
0.567878 0.020282 0.076037 0.170968 0.164835
0.293660 0.079499 0.392969 0.134916 0.098956
0.365551 0.164121 0.278858 0.082296 0.109174
0.283219 0.101709 0.371862 0.103918 0.139293
0.275398 0.094592 0.375989 0.134877 0.119143
0.300570 0.112881 0.401636 0.095451 0.089462
0.291490 0.108209 0.397922 0.102200 0.100178
0.385878 0.146088 0.270046 0.072813 0.125175
0.283456 0.196988 0.000010 0.354316 0.165230
0.282776 0.205518 0.145608 0.362346 0.003752
0.675593 0.025452 0.067494 0.165635 0.065825
0.301268 0.106158 0.411464 0.086741 0.094369
0.327094 0.066214 0.356780 0.136725 0.113187
0.417649 0.212134 0.131626 0.206796 0.031795
0.264473 0.110274 0.379991 0.139770 0.105492
0.323082 0.046319 0.381598 0.187051 0.061950
0.312067 0.065362 0.409860 0.111281 0.101430
0.388496 0.121513 0.000010 0.235460 0.254521
0.339154 0.198456 0.000010 0.194429 0.267951
0.399749 0.159277 0.000010 0.256037 0.184926
0.375948 0.074543 0.063973 0.296692 0.188844
0.469010 0.054780 0.143728 0.181092 0.151391
0.376355 0.021655 0.294301 0.162854 0.144835
0.321246 0.055502 0.000010 0.217338 0.405905
0.382065 0.093299 0.138345 0.321469 0.064822
0.406641 0.072356 0.088399 0.246374 0.186231
0.423466 0.000010 0.217199 0.295304 0.064021
0.330290 0.171600 0.112650 0.246755 0.138705
0.542983 0.000010 0.016453 0.332994 0.107561
0.343887 0.130801 0.185396 0.322611 0.017306
0.450018 0.034869 0.215988 0.224139 0.074986
0.218487 0.252843 0.000010 0.247094 0.281567
0.364558 0.101556 0.286218 0.142639 0.105029
0.299312 0.103186 0.269675 0.292427 0.035399
0.420228 0.128886 0.108933 0.270435 0.071518
0.400781 0.049463 0.191586 0.261022 0.097148
0.548946 0.000010 0.172271 0.098235 0.180538
0.456332 0.000010 0.182728 0.245042 0.115888
0.527830 0.026307 0.144671 0.243534 0.057658
0.477188 0.008294 0.160042 0.213409 0.141066
0.171008 0.038411 0.036113 0.496245 0.258223
0.221572 0.174623 0.130983 0.452619 0.020203
0.162166 0.123762 0.148637 0.275630 0.289805
0.518862 0.007052 0.282527 0.191549 0.000010
0.497959 0.000010 0.062829 0.358428 0.080774
0.468016 0.061635 0.125037 0.310282 0.035030
0.420066 0.077836 0.060050 0.251901 0.190148
0.445029 0.086682 0.153764 0.188281 0.126245
0.220054 0.167424 0.074708 0.479460 0.058353
