0.669311 0.000010 0.296446 0.026340 0.000010 0.007824 0.000010 0.000010 0.000010 0.000010 0.000010 0.000010
0.000010 0.000010 0.000010 0.000010 0.000010 0.005988 0.000010 0.036949 0.780080 0.000010 0.055941 0.120972
0.000010 0.000010 0.000010 0.000010 0.000010 0.000010 0.000010 0.000010 0.089394 0.000010 0.000010 0.910506
0.073866 0.000010 0.000010 0.000010 0.007304 0.069323 0.000010 0.078730 0.000010 0.000010 0.000010 0.770707
0.000010 0.132482 0.000010 0.000010 0.000010 0.000010 0.003867 0.096144 0.000010 0.000010 0.000010 0.767427
0.000010 0.000010 0.000010 0.000010 0.000010 0.000010 0.000010 0.174445 0.000010 0.000010 0.000010 0.825455
0.298571 0.000010 0.000010 0.000010 0.000010 0.000010 0.000010 0.000010 0.000010 0.000010 0.000010 0.701329
0.000010 0.000010 0.000010 0.000010 0.000010 0.000010 0.043555 0.000010 0.116187 0.000010 0.000010 0.840168
0.000010 0.000010 0.000010 0.000010 0.000010 0.000010 0.000010 0.000010 0.000010 0.000010 0.999890 0.000010
0.000010 0.000010 0.000010 0.000010 0.000010 0.000010 0.000010 0.000010 0.000010 0.000010 0.999890 0.000010
0.000010 0.000010 0.000010 0.000010 0.000010 0.000010 0.999890 0.000010 0.000010 0.000010 0.000010 0.000010
0.095886 0.000010 0.000010 0.000010 0.081901 0.000010 0.452690 0.000010 0.218129 0.000010 0.000010 0.151324
0.000010 0.000010 0.000010 0.000010 0.999890 0.000010 0.000010 0.000010 0.000010 0.000010 0.000010 0.000010
0.000010 0.000010 0.000010 0.000010 0.999890 0.000010 0.000010 0.000010 0.000010 0.000010 0.000010 0.000010
0.000010 0.000010 0.000010 0.000010 0.999890 0.000010 0.000010 0.000010 0.000010 0.000010 0.000010 0.000010
0.000010 0.000010 0.000010 0.000010 0.000010 0.000010 0.000010 0.000010 0.999890 0.000010 0.000010 0.000010
0.000010 0.000010 0.000010 0.000010 0.000010 0.000010 0.030699 0.000010 0.232548 0.000010 0.000010 0.736663
0.000010 0.000010 0.775114 0.000010 0.224786 0.000010 0.000010 0.000010 0.000010 0.000010 0.000010 0.000010
0.000010 0.152360 0.420288 0.023087 0.092901 0.000010 0.000010 0.000010 0.000010 0.021344 0.000010 0.289961
0.000010 0.000010 0.000010 0.000010 0.000010 0.000010 0.000010 0.000013 0.000010 0.000010 0.015350 0.984547
0.000010 0.000010 0.000010 0.000010 0.000010 0.000010 0.999890 0.000010 0.000010 0.000010 0.000010 0.000010
0.000010 0.000010 0.000010 0.000010 0.000010 0.000010 0.999890 0.000010 0.000010 0.000010 0.000010 0.000010
0.135854 0.000010 0.000010 0.000010 0.000010 0.048050 0.028108 0.000010 0.000010 0.000010 0.000010 0.787909
0.000010 0.000010 0.000010 0.000010 0.000010 0.000010 0.999890 0.000010 0.000010 0.000010 0.000010 0.000010
0.094645 0.031710 0.000010 0.030793 0.000010 0.000010 0.000010 0.000010 0.000010 0.000010 0.000010 0.842772
0.000010 0.000016 0.000010 0.065866 0.000010 0.000010 0.024314 0.033955 0.069843 0.000010 0.000010 0.805947
0.000010 0.000010 0.000010 0.000010 0.000010 0.000010 0.007448 0.000010 0.000010 0.000010 0.000010 0.992452
0.000010 0.000010 0.000010 0.000010 0.000010 0.000010 0.000010 0.000010 0.000010 0.000010 0.000010 0.999890
0.027782 0.000010 0.000010 0.000010 0.000010 0.000010 0.000010 0.042640 0.237019 0.000010 0.000010 0.692480
0.000010 0.000010 0.000010 0.000010 0.000010 0.000010 0.000010 0.160953 0.205636 0.000010 0.000010 0.633321
0.000010 0.000010 0.000010 0.000010 0.000010 0.000010 0.000010 0.000010 0.000010 0.000010 0.999890 0.000010
0.000010 0.000010 0.000010 0.000010 0.000010 0.787470 0.000010 0.000010 0.210698 0.000010 0.001742 0.000010
0.000010 0.000010 0.000010 0.000010 0.000010 0.000010 0.000010 0.002044 0.123081 0.000010 0.000010 0.874785
0.000010 0.000010 0.000010 0.005495 0.000010 0.000010 0.000010 0.000010 0.000010 0.000010 0.000010 0.994405
0.000010 0.105790 0.000010 0.000010 0.000010 0.000010 0.000010 0.000010 0.388109 0.000010 0.000010 0.506011
0.257141 0.117794 0.000010 0.000010 0.000010 0.000010 0.000010 0.000010 0.000010 0.000010 0.000010 0.624975
0.000010 0.000010 0.000010 0.000010 0.032369 0.000010 0.000010 0.235561 0.099615 0.000010 0.000010 0.632375
0.000010 0.000010 0.000010 0.007430 0.014798 0.000010 0.000010 0.092731 0.254370 0.000010 0.000010 0.630601
0.000010 0.397647 0.000010 0.000010 0.134472 0.145033 0.000010 0.054801 0.145900 0.122086 0.000010 0.000010
0.000010 0.057507 0.000010 0.000010 0.000010 0.000010 0.000010 0.000010 0.058435 0.000010 0.000010 0.883968
0.000010 0.131341 0.055844 0.089779 0.000010 0.681552 0.000010 0.000010 0.000010 0.000010 0.000010 0.041414
0.000010 0.000010 0.000010 0.000010 0.999890 0.000010 0.000010 0.000010 0.000010 0.000010 0.000010 0.000010
0.000010 0.000010 0.000010 0.000010 0.539538 0.000010 0.460362 0.000010 0.000010 0.000010 0.000010 0.000010
0.000010 0.000010 0.000010 0.000010 0.008736 0.000010 0.991164 0.000010 0.000010 0.000010 0.000010 0.000010
0.000010 0.000010 0.000010 0.000010 0.000010 0.108449 0.891451 0.000010 0.000010 0.000010 0.000010 0.000010
0.000010 0.000010 0.000010 0.000010 0.000010 0.000010 0.999890 0.000010 0.000010 0.000010 0.000010 0.000010
0.000010 0.000010 0.000010 0.000010 0.000010 0.114283 0.885617 0.000010 0.000010 0.000010 0.000010 0.000010
0.000010 0.000010 0.000010 0.000010 0.000010 0.000010 0.999890 0.000010 0.000010 0.000010 0.000010 0.000010
0.805977 0.000010 0.000010 0.000010 0.000010 0.002557 0.044766 0.146620 0.000010 0.000010 0.000010 0.000010
0.000010 0.000010 0.507909 0.000010 0.026837 0.000010 0.358049 0.000010 0.000010 0.000010 0.107124 0.000010
0.000010 0.000010 0.000010 0.000010 0.999890 0.000010 0.000010 0.000010 0.000010 0.000010 0.000010 0.000010
0.000010 0.000010 0.000010 0.000010 0.000010 0.000010 0.000010 0.102183 0.000010 0.000010 0.000010 0.897717
0.000010 0.000010 0.000010 0.000010 0.000010 0.000010 0.999890 0.000010 0.000010 0.000010 0.000010 0.000010
0.000010 0.000010 0.019619 0.000010 0.607073 0.000010 0.180961 0.192267 0.000010 0.000010 0.000010 0.000010
0.000010 0.999887 0.000010 0.000010 0.000010 0.000010 0.000010 0.000010 0.000013 0.000010 0.000010 0.000010
0.000010 0.000010 0.000010 0.000010 0.089951 0.106017 0.803943 0.000010 0.000010 0.000010 0.000010 0.000010
0.000010 0.000010 0.955013 0.000010 0.044887 0.000010 0.000010 0.000010 0.000010 0.000010 0.000010 0.000010
0.000010 0.000010 0.000010 0.000010 0.159877 0.840023 0.000010 0.000010 0.000010 0.000010 0.000010 0.000010
0.000010 0.000010 0.543324 0.000010 0.201677 0.000010 0.224154 0.000010 0.000012 0.008647 0.000010 0.022126
0.000010 0.323894 0.000012 0.000010 0.028790 0.232693 0.000010 0.049072 0.365478 0.000010 0.000010 0.000010
0.000010 0.082892 0.000010 0.000016 0.000010 0.000010 0.000010 0.017785 0.685159 0.027284 0.000010 0.186805
0.000010 0.426836 0.000010 0.000010 0.000010 0.363879 0.000010 0.209195 0.000010 0.000010 0.000010 0.000010
0.276752 0.000010 0.167534 0.000013 0.000010 0.232252 0.000010 0.000010 0.284347 0.000010 0.039042 0.000010
0.333278 0.000010 0.000010 0.000010 0.000010 0.413185 0.000010 0.000010 0.253447 0.000010 0.000010 0.000010
0.081316 0.000010 0.000010 0.000010 0.000010 0.000010 0.000010 0.016148 0.000010 0.000010 0.000010 0.902446
0.000010 0.000010 0.000010 0.000010 0.032102 0.000010 0.000010 0.261559 0.000010 0.000010 0.000010 0.706249
0.000010 0.999890 0.000010 0.000010 0.000010 0.000010 0.000010 0.000010 0.000010 0.000010 0.000010 0.000010
0.000010 0.999890 0.000010 0.000010 0.000010 0.000010 0.000010 0.000010 0.000010 0.000010 0.000010 0.000010
0.000010 0.000010 0.999890 0.000010 0.000010 0.000010 0.000010 0.000010 0.000010 0.000010 0.000010 0.000010
0.018339 0.047116 0.631814 0.044379 0.063588 0.120817 0.040571 0.033336 0.000010 0.000010 0.000010 0.000010
0.000010 0.025793 0.000010 0.001782 0.000010 0.000010 0.000010 0.000010 0.954047 0.000010 0.018298 0.000010
0.000010 0.000010 0.999890 0.000010 0.000010 0.000010 0.000010 0.000010 0.000010 0.000010 0.000010 0.000010
0.101551 0.000010 0.638151 0.000010 0.081029 0.020419 0.011995 0.000010 0.000010 0.146796 0.000010 0.000010
0.000010 0.010979 0.000010 0.000010 0.000010 0.911918 0.000010 0.000010 0.000010 0.000010 0.077013 0.000010
0.000010 0.000010 0.705004 0.023259 0.123096 0.105906 0.000010 0.000010 0.029003 0.000010 0.000010 0.013672
0.193520 0.000010 0.000010 0.000010 0.000010 0.806380 0.000010 0.000010 0.000010 0.000010 0.000010 0.000010
0.000010 0.933889 0.000010 0.000010 0.000010 0.064261 0.000010 0.001760 0.000010 0.000010 0.000010 0.000010
0.071636 0.449220 0.000010 0.000010 0.000010 0.257858 0.000010 0.000010 0.153579 0.000010 0.038755 0.028892
0.000010 0.000010 0.000010 0.000010 0.000010 0.044504 0.000010 0.031636 0.923770 0.000010 0.000010 0.000010
0.173196 0.000010 0.618492 0.000010 0.005010 0.076144 0.069335 0.000010 0.000010 0.057764 0.000010 0.000010
0.000010 0.000010 0.000010 0.000010 0.000010 0.000010 0.000010 0.000010 0.279515 0.000010 0.000010 0.720385
0.000010 0.000010 0.000010 0.000010 0.000010 0.000010 0.000010 0.290453 0.000010 0.000010 0.000010 0.709447
0.000010 0.012269 0.017087 0.000010 0.005841 0.000010 0.000010 0.000010 0.000010 0.000010 0.036867 0.927867
0.000010 0.078221 0.000010 0.000010 0.000010 0.000010 0.022426 0.000010 0.024087 0.000010 0.000010 0.875185
0.000010 0.000010 0.000010 0.000010 0.000010 0.000010 0.000010 0.116693 0.000010 0.000010 0.000010 0.883207
0.072225 0.000010 0.000010 0.055338 0.000010 0.000010 0.000010 0.055993 0.000010 0.000010 0.018042 0.798331
0.000010 0.901858 0.000010 0.000010 0.000010 0.000010 0.000010 0.000010 0.000010 0.000010 0.098042 0.000010
0.000010 0.000010 0.000010 0.000010 0.999890 0.000010 0.000010 0.000010 0.000010 0.000010 0.000010 0.000010
0.000010 0.000010 0.140693 0.563698 0.000010 0.000010 0.000010 0.000010 0.000010 0.000010 0.234556 0.060972
0.000010 0.000010 0.000010 0.000015 0.000010 0.000010 0.999885 0.000010 0.000010 0.000010 0.000010 0.000010
0.000010 0.000010 0.000010 0.000010 0.000010 0.000010 0.999890 0.000010 0.000010 0.000010 0.000010 0.000010
0.000010 0.000010 0.000010 0.000010 0.000010 0.000010 0.999890 0.000010 0.000010 0.000010 0.000010 0.000010
0.000010 0.000010 0.560941 0.000010 0.273624 0.020798 0.144557 0.000010 0.000010 0.000010 0.000010 0.000010
0.000010 0.981722 0.000010 0.000010 0.000010 0.000010 0.018178 0.000010 0.000010 0.000010 0.000010 0.000010
0.000010 0.862654 0.000010 0.000010 0.000010 0.000010 0.000010 0.000010 0.053686 0.000010 0.083570 0.000010
0.000010 0.000010 0.000010 0.000010 0.000010 0.000010 0.000010 0.000010 0.164447 0.000010 0.000010 0.835453
0.000010 0.000010 0.000010 0.147605 0.000010 0.178187 0.000010 0.139175 0.000010 0.463587 0.071377 0.000010
0.000010 0.000010 0.000010 0.022638 0.000010 0.836044 0.000010 0.141228 0.000010 0.000010 0.000010 0.000010
0.000010 0.926725 0.000010 0.000010 0.000010 0.027921 0.045264 0.000010 0.000010 0.000010 0.000010 0.000010
0.000010 0.000010 0.000010 0.000010 0.000010 0.000010 0.000010 0.999890 0.000010 0.000010 0.000010 0.000010
0.000010 0.000010 0.012299 0.000010 0.006979 0.096239 0.000010 0.218236 0.545007 0.054160 0.000010 0.067029
0.000010 0.664050 0.000010 0.000010 0.000010 0.000010 0.000010 0.335850 0.000010 0.000010 0.000010 0.000010
0.000010 0.101309 0.297619 0.000010 0.182466 0.157392 0.000010 0.133144 0.028766 0.034410 0.000010 0.064855
0.000010 0.440626 0.000010 0.000010 0.000010 0.000010 0.000010 0.439985 0.119299 0.000010 0.000010 0.000010
0.000010 0.000010 0.003391 0.031141 0.000010 0.000010 0.010551 0.176094 0.652807 0.000010 0.000010 0.125956
0.000010 0.732117 0.000010 0.035844 0.000010 0.000010 0.000010 0.000010 0.231949 0.000010 0.000010 0.000010
0.000010 0.681957 0.022479 0.000010 0.000010 0.295474 0.000010 0.000010 0.000010 0.000010 0.000010 0.000010
0.050734 0.000010 0.861967 0.060070 0.027149 0.000010 0.000010 0.000010 0.000010 0.000010 0.000010 0.000010
0.000010 0.000010 0.000010 0.000010 0.000010 0.999890 0.000010 0.000010 0.000010 0.000010 0.000010 0.000010
0.132835 0.000010 0.000016 0.000010 0.000010 0.000010 0.000010 0.017499 0.064998 0.000010 0.000010 0.784582
0.000010 0.000010 0.000010 0.000010 0.000010 0.000010 0.000010 0.000010 0.000010 0.000010 0.000010 0.999890
0.000010 0.000010 0.776513 0.142395 0.000010 0.000010 0.000010 0.000010 0.000010 0.081002 0.000010 0.000010
0.000010 0.000010 0.000010 0.290476 0.000010 0.032923 0.000010 0.142856 0.000010 0.314022 0.219653 0.000010
0.000010 0.033640 0.000010 0.951483 0.000010 0.000010 0.000010 0.000010 0.000010 0.000010 0.000010 0.014787
0.000010 0.000010 0.000010 0.999890 0.000010 0.000010 0.000010 0.000010 0.000010 0.000010 0.000010 0.000010
0.000010 0.000010 0.498184 0.000010 0.374019 0.042835 0.045262 0.000010 0.000010 0.000010 0.000010 0.039630
0.048504 0.000010 0.000010 0.000010 0.068282 0.000010 0.000010 0.258315 0.624819 0.000010 0.000010 0.000010
0.000010 0.229436 0.144900 0.000010 0.088305 0.000010 0.000010 0.259080 0.278210 0.000010 0.000010 0.000010
0.110225 0.000010 0.000010 0.000010 0.000010 0.000010 0.000010 0.000011 0.000010 0.000010 0.000010 0.889674
0.000010 0.000010 0.000010 0.000010 0.000010 0.455574 0.000010 0.509591 0.034745 0.000010 0.000010 0.000010
0.237063 0.000010 0.000010 0.000010 0.000010 0.000010 0.000010 0.000010 0.000010 0.000010 0.000010 0.762837
0.136277 0.111023 0.000010 0.000010 0.000010 0.000010 0.000010 0.000010 0.000010 0.000010 0.000010 0.752610
0.000010 0.000010 0.000010 0.999890 0.000010 0.000010 0.000010 0.000010 0.000010 0.000010 0.000010 0.000010
0.000010 0.098553 0.000010 0.006017 0.000010 0.440137 0.000010 0.000010 0.455213 0.000010 0.000010 0.000010
0.000010 0.000010 0.000010 0.999890 0.000010 0.000010 0.000010 0.000010 0.000010 0.000010 0.000010 0.000010
0.000010 0.000010 0.000010 0.999890 0.000010 0.000010 0.000010 0.000010 0.000010 0.000010 0.000010 0.000010
0.000010 0.000010 0.000010 0.999890 0.000010 0.000010 0.000010 0.000010 0.000010 0.000010 0.000010 0.000010
0.000010 0.260854 0.000010 0.000010 0.000010 0.517708 0.029849 0.000010 0.128719 0.017671 0.000010 0.045139
0.143601 0.000010 0.000010 0.000010 0.000010 0.000010 0.000010 0.133275 0.000010 0.010310 0.000010 0.712734
0.000010 0.065838 0.000010 0.012261 0.000010 0.000010 0.000010 0.000010 0.216471 0.000010 0.000010 0.705350
0.000010 0.000010 0.102751 0.000010 0.000010 0.352463 0.055633 0.000010 0.000010 0.303732 0.000010 0.185351
0.000010 0.000010 0.145807 0.055904 0.000010 0.409952 0.105086 0.000010 0.000010 0.283181 0.000010 0.000010
0.000010 0.000010 0.000010 0.000010 0.000010 0.000010 0.000010 0.000010 0.000010 0.000010 0.999890 0.000010
0.190446 0.000010 0.183702 0.000010 0.000347 0.075425 0.000010 0.129401 0.354024 0.000010 0.000010 0.066605
0.136452 0.149638 0.000010 0.000010 0.000010 0.000010 0.000010 0.000010 0.000010 0.000010 0.000010 0.713820
0.000010 0.000010 0.000010 0.000010 0.000010 0.999890 0.000010 0.000010 0.000010 0.000010 0.000010 0.000010
0.000010 0.000010 0.000010 0.000010 0.000010 0.871009 0.128891 0.000010 0.000010 0.000010 0.000010 0.000010
0.000010 0.175670 0.000010 0.000010 0.000010 0.749322 0.029717 0.027478 0.000010 0.000010 0.000010 0.017744
0.000010 0.000010 0.000010 0.000010 0.000010 0.000010 0.000010 0.071549 0.000010 0.000010 0.000010 0.928351
0.099862 0.000015 0.000010 0.000010 0.000010 0.038965 0.000010 0.174368 0.000010 0.000010 0.000010 0.686719
0.000010 0.000010 0.000010 0.000010 0.000010 0.000010 0.000010 0.000500 0.340855 0.039575 0.000010 0.618989
0.000010 0.000010 0.000010 0.000010 0.034131 0.000010 0.000010 0.000010 0.195782 0.000010 0.000010 0.769998
0.000010 0.000010 0.564452 0.000010 0.186475 0.043731 0.204114 0.000010 0.000010 0.000010 0.001159 0.000010
0.000010 0.000010 0.000010 0.000010 0.000010 0.000010 0.000010 0.999890 0.000010 0.000010 0.000010 0.000010
0.100689 0.000019 0.481938 0.019458 0.137656 0.000010 0.112057 0.106603 0.000010 0.000010 0.000010 0.041540
0.830026 0.000010 0.000010 0.000010 0.000010 0.000010 0.000010 0.169874 0.000010 0.000010 0.000010 0.000010
0.000010 0.000010 0.831136 0.000010 0.034446 0.000010 0.134328 0.000010 0.000010 0.000010 0.000010 0.000010
0.000010 0.000010 0.955521 0.000010 0.000010 0.000010 0.000010 0.000010 0.000010 0.000010 0.000010 0.044379
0.000010 0.000010 0.974464 0.000010 0.000010 0.000010 0.025436 0.000010 0.000010 0.000010 0.000010 0.000010
0.000010 0.000010 0.948368 0.000010 0.000010 0.000010 0.000010 0.051532 0.000010 0.000010 0.000010 0.000010
0.000010 0.000010 0.160679 0.000010 0.023934 0.744353 0.070953 0.000010 0.000010 0.000010 0.000010 0.000010
0.000010 0.000010 0.000010 0.999890 0.000010 0.000010 0.000010 0.000010 0.000010 0.000010 0.000010 0.000010
0.000010 0.832104 0.000010 0.000010 0.000010 0.000010 0.000010 0.000010 0.167796 0.000010 0.000010 0.000010
0.000010 0.000010 0.000010 0.000010 0.000010 0.000010 0.000010 0.592689 0.407211 0.000010 0.000010 0.000010
0.000010 0.000010 0.815483 0.119906 0.000010 0.000010 0.019388 0.000010 0.000010 0.045143 0.000010 0.000010
0.000010 0.030709 0.000010 0.000010 0.000010 0.000010 0.000010 0.000010 0.626229 0.018870 0.058591 0.265530
0.000010 0.000010 0.999890 0.000010 0.000010 0.000010 0.000010 0.000010 0.000010 0.000010 0.000010 0.000010
0.000010 0.000010 0.000010 0.000010 0.000010 0.000010 0.000010 0.244372 0.578864 0.000010 0.000010 0.176674
0.000010 0.000010 0.000010 0.000010 0.000010 0.000010 0.030062 0.288995 0.509059 0.000010 0.000291 0.171524
0.000010 0.537330 0.000010 0.000010 0.000010 0.000010 0.000010 0.331625 0.000010 0.000010 0.000010 0.130955
0.000010 0.104960 0.000010 0.000010 0.000010 0.388768 0.000010 0.000010 0.390767 0.115425 0.000010 0.000010
0.000010 0.563613 0.000010 0.000010 0.000010 0.044136 0.000010 0.392160 0.000010 0.000010 0.000010 0.000010
0.000010 0.796989 0.000010 0.000010 0.000010 0.000010 0.000010 0.070236 0.000010 0.000010 0.000010 0.132684
0.000010 0.000010 0.000010 0.000010 0.000010 0.663495 0.000010 0.317519 0.000010 0.000010 0.000010 0.018895
0.814468 0.000010 0.000010 0.000010 0.000010 0.185432 0.000010 0.000010 0.000010 0.000010 0.000010 0.000010
0.000010 0.000010 0.051084 0.000010 0.000010 0.552744 0.065772 0.238010 0.000010 0.092320 0.000010 0.000010
0.999890 0.000010 0.000010 0.000010 0.000010 0.000010 0.000010 0.000010 0.000010 0.000010 0.000010 0.000010
0.999890 0.000010 0.000010 0.000010 0.000010 0.000010 0.000010 0.000010 0.000010 0.000010 0.000010 0.000010
0.287011 0.000010 0.000010 0.000010 0.000010 0.376031 0.000010 0.105102 0.154102 0.000010 0.063722 0.013971
0.999890 0.000010 0.000010 0.000010 0.000010 0.000010 0.000010 0.000010 0.000010 0.000010 0.000010 0.000010
0.000010 0.343789 0.000010 0.000010 0.000010 0.000010 0.000010 0.656111 0.000010 0.000010 0.000010 0.000010
0.000010 0.000010 0.000010 0.000010 0.000010 0.000010 0.000010 0.013968 0.965835 0.000010 0.000010 0.020108
0.000010 0.232710 0.000010 0.000010 0.000010 0.000010 0.000010 0.489664 0.277535 0.000010 0.000010 0.000010
0.000010 0.000010 0.232473 0.000010 0.000010 0.000010 0.000010 0.767427 0.000010 0.000010 0.000010 0.000010
0.000010 0.000010 0.999890 0.000010 0.000010 0.000010 0.000010 0.000010 0.000010 0.000010 0.000010 0.000010
0.000010 0.000010 0.000010 0.000010 0.000010 0.000010 0.000010 0.144336 0.855564 0.000010 0.000010 0.000010
0.000010 0.000010 0.000010 0.000010 0.000010 0.000010 0.000010 0.999890 0.000010 0.000010 0.000010 0.000010
0.000010 0.000010 0.000010 0.416901 0.000010 0.000010 0.021492 0.000010 0.000010 0.561517 0.000010 0.000010
0.000010 0.000010 0.000010 0.943280 0.012076 0.000010 0.008550 0.000010 0.000010 0.000010 0.000010 0.036014
0.000010 0.120378 0.000010 0.000010 0.000010 0.567138 0.000010 0.053349 0.000010 0.000010 0.000010 0.259055
0.000010 0.000010 0.000010 0.875509 0.000010 0.000010 0.000010 0.000010 0.000010 0.124391 0.000010 0.000010
0.003549 0.000010 0.000010 0.911793 0.050880 0.000010 0.000010 0.000010 0.000010 0.000010 0.000010 0.033697
0.068148 0.000010 0.036568 0.000010 0.000010 0.000010 0.000010 0.000010 0.000010 0.792424 0.000010 0.102780
0.000010 0.000010 0.906582 0.000010 0.000010 0.000010 0.000010 0.000010 0.000010 0.000010 0.000010 0.093318
0.000010 0.000010 0.000010 0.594989 0.049220 0.038878 0.000010 0.000010 0.000010 0.316833 0.000010 0.000010
0.000010 0.000010 0.000010 0.911018 0.000010 0.000010 0.000010 0.000010 0.088882 0.000010 0.000010 0.000010
0.000010 0.000010 0.000010 0.979005 0.020895 0.000010 0.000010 0.000010 0.000010 0.000010 0.000010 0.000010
0.000010 0.013554 0.000010 0.000010 0.029670 0.000010 0.000010 0.060970 0.895727 0.000010 0.000010 0.000010
0.000010 0.000010 0.000010 0.000010 0.000010 0.000010 0.000010 0.000010 0.999890 0.000010 0.000010 0.000010
0.000010 0.301106 0.000010 0.189643 0.000010 0.509161 0.000010 0.000010 0.000010 0.000010 0.000010 0.000010
0.000010 0.178380 0.000010 0.000010 0.011552 0.126158 0.000010 0.130976 0.279820 0.000010 0.000010 0.273053
0.000010 0.000010 0.000010 0.549077 0.000010 0.000010 0.000010 0.000010 0.000010 0.426715 0.024117 0.000010
0.000010 0.097031 0.000010 0.000010 0.000010 0.298494 0.000010 0.487837 0.116558 0.000010 0.000010 0.000010
0.000010 0.000010 0.000010 0.875898 0.000010 0.124002 0.000010 0.000010 0.000010 0.000010 0.000010 0.000010
0.089818 0.000010 0.025128 0.623081 0.000010 0.000010 0.000010 0.000010 0.000010 0.234256 0.027648 0.000010
0.000010 0.174409 0.063398 0.000010 0.000010 0.000010 0.000010 0.170601 0.214467 0.050796 0.000010 0.326269
0.000010 0.000010 0.000010 0.000010 0.000010 0.000010 0.000010 0.000010 0.999890 0.000010 0.000010 0.000010
0.000010 0.043420 0.000010 0.854820 0.000010 0.000010 0.022415 0.000010 0.000010 0.000010 0.000010 0.079265
0.000010 0.000010 0.000010 0.021661 0.000010 0.053375 0.000010 0.000010 0.924873 0.000010 0.000010 0.000010
0.000010 0.000010 0.000010 0.036048 0.000010 0.510760 0.000010 0.000010 0.278333 0.039131 0.135658 0.000010
0.000010 0.000010 0.000010 0.420029 0.000010 0.000010 0.000010 0.000010 0.000010 0.579871 0.000010 0.000010
0.000010 0.000010 0.000010 0.838297 0.000010 0.074903 0.000010 0.000010 0.084464 0.002256 0.000010 0.000010
0.000010 0.000010 0.000010 0.999890 0.000010 0.000010 0.000010 0.000010 0.000010 0.000010 0.000010 0.000010
0.046074 0.100788 0.032538 0.000010 0.027457 0.079212 0.000010 0.713871 0.000010 0.000010 0.000010 0.000010
0.000010 0.000010 0.000010 0.000010 0.000010 0.999890 0.000010 0.000010 0.000010 0.000010 0.000010 0.000010
0.041692 0.000010 0.455695 0.000010 0.000010 0.000010 0.000010 0.194325 0.308209 0.000010 0.000010 0.000010
0.000010 0.000010 0.000010 0.103771 0.000010 0.328326 0.007188 0.196798 0.352571 0.000010 0.000010 0.011285
0.000010 0.000010 0.003367 0.127257 0.000010 0.054245 0.000010 0.000010 0.000010 0.729193 0.000010 0.085868
0.055851 0.000010 0.000010 0.398643 0.000010 0.000010 0.000010 0.000010 0.000010 0.545416 0.000010 0.000010
0.000010 0.000010 0.000010 0.120943 0.000010 0.000010 0.070799 0.000010 0.000010 0.725016 0.083161 0.000010
0.000010 0.000010 0.000010 0.352540 0.000010 0.000010 0.000010 0.000010 0.000010 0.647360 0.000010 0.000010
0.235157 0.000010 0.000010 0.027393 0.000010 0.000010 0.000010 0.000010 0.724954 0.000010 0.000010 0.012415
0.000010 0.000010 0.000010 0.000010 0.000012 0.000010 0.000010 0.000010 0.000010 0.000010 0.999888 0.000010
0.000010 0.061814 0.000010 0.000010 0.027551 0.000010 0.000010 0.093545 0.000010 0.000010 0.000010 0.817009
0.000010 0.137314 0.000010 0.000010 0.000010 0.000010 0.087854 0.000010 0.112327 0.000010 0.000010 0.662425
0.204513 0.000010 0.000010 0.000010 0.000010 0.000010 0.000010 0.000010 0.000010 0.000010 0.000010 0.795387
0.000010 0.000010 0.175618 0.142188 0.006568 0.510044 0.060026 0.105496 0.000010 0.000010 0.000010 0.000010
0.000010 0.000010 0.000010 0.998288 0.000010 0.000010 0.000010 0.000010 0.001612 0.000010 0.000010 0.000010
0.000010 0.000010 0.274655 0.000010 0.000010 0.725245 0.000010 0.000010 0.000010 0.000010 0.000010 0.000010
0.004598 0.000010 0.234216 0.057820 0.000010 0.488860 0.000010 0.014664 0.199782 0.000010 0.000010 0.000010
0.000010 0.000010 0.000010 0.047014 0.015774 0.000010 0.000010 0.000010 0.000010 0.937122 0.000010 0.000010
0.000010 0.000010 0.000010 0.221692 0.000010 0.000010 0.000010 0.000010 0.000010 0.778208 0.000010 0.000010
0.000010 0.000010 0.000010 0.999890 0.000010 0.000010 0.000010 0.000010 0.000010 0.000010 0.000010 0.000010
0.000010 0.000010 0.000010 0.142541 0.026068 0.000010 0.000010 0.000010 0.000010 0.831301 0.000010 0.000010
0.000010 0.183140 0.000010 0.000010 0.000010 0.000010 0.000010 0.000010 0.000010 0.000010 0.000010 0.816760
0.000010 0.127185 0.000010 0.000010 0.000010 0.000010 0.000010 0.113951 0.022498 0.000010 0.000010 0.736286
0.000010 0.000010 0.000010 0.000010 0.000010 0.000010 0.000010 0.157933 0.000010 0.037683 0.000010 0.804294
0.000010 0.000010 0.000010 0.000010 0.000010 0.000010 0.000010 0.000010 0.000010 0.999890 0.000010 0.000010
0.000986 0.000010 0.000010 0.000010 0.000010 0.000010 0.000010 0.000010 0.146052 0.000010 0.000010 0.852872
0.000010 0.000010 0.000010 0.000010 0.000010 0.000010 0.024218 0.244875 0.000010 0.018379 0.000010 0.712448
0.000010 0.000010 0.000010 0.000010 0.000010 0.000010 0.000010 0.573168 0.305650 0.000010 0.000010 0.121092
0.000010 0.000010 0.000010 0.222992 0.000010 0.000010 0.000010 0.000010 0.000010 0.776908 0.000010 0.000010
0.000010 0.000010 0.000010 0.999890 0.000010 0.000010 0.000010 0.000010 0.000010 0.000010 0.000010 0.000010
0.000010 0.000010 0.000010 0.000010 0.000010 0.000010 0.000010 0.030161 0.000010 0.969739 0.000010 0.000010
0.000010 0.069589 0.000010 0.000010 0.000010 0.000010 0.000010 0.000010 0.000010 0.930311 0.000010 0.000010
0.000010 0.000010 0.000010 0.000010 0.000010 0.000010 0.000010 0.050081 0.000010 0.949819 0.000010 0.000010
0.000010 0.000010 0.000010 0.196547 0.000010 0.050865 0.000010 0.000010 0.000010 0.752498 0.000010 0.000010
0.000010 0.000010 0.000010 0.359519 0.000010 0.000010 0.000010 0.000010 0.000010 0.640381 0.000010 0.000010
0.000010 0.059350 0.000010 0.207384 0.000010 0.000010 0.000010 0.000010 0.005338 0.727848 0.000010 0.000010
0.000010 0.438309 0.273656 0.000010 0.021085 0.000010 0.000013 0.000010 0.217291 0.000010 0.000010 0.049586
0.000010 0.000010 0.000010 0.000010 0.000010 0.000010 0.000010 0.999890 0.000010 0.000010 0.000010 0.000010
0.000010 0.000010 0.000010 0.152797 0.000010 0.000010 0.000010 0.000010 0.000010 0.847103 0.000010 0.000010
0.000010 0.000010 0.000010 0.000010 0.000010 0.000010 0.038619 0.000010 0.000010 0.961281 0.000010 0.000010
0.078094 0.000010 0.000010 0.064467 0.016426 0.000010 0.000010 0.004274 0.000010 0.000010 0.000010 0.836670
0.129569 0.005057 0.000010 0.000010 0.000010 0.000010 0.000010 0.000010 0.000010 0.000010 0.000010 0.865284
0.000010 0.000010 0.000010 0.000010 0.019743 0.000010 0.000010 0.142608 0.000010 0.000010 0.000010 0.837559
0.000010 0.000010 0.150370 0.564130 0.000010 0.000010 0.000010 0.000010 0.129697 0.000010 0.155723 0.000010
0.000010 0.298012 0.000010 0.000010 0.000010 0.000010 0.000010 0.037362 0.664536 0.000010 0.000010 0.000010
0.000010 0.999890 0.000010 0.000010 0.000010 0.000010 0.000010 0.000010 0.000010 0.000010 0.000010 0.000010
0.000010 0.000010 0.000010 0.959017 0.000010 0.000010 0.000010 0.000010 0.000010 0.000010 0.000010 0.040883
0.196113 0.267601 0.008325 0.077437 0.000010 0.229482 0.154306 0.000010 0.000010 0.000010 0.000010 0.066685
0.000010 0.583816 0.000010 0.026720 0.000010 0.113234 0.008586 0.231234 0.000010 0.000010 0.000010 0.036349
0.000010 0.000010 0.000010 0.999890 0.000010 0.000010 0.000010 0.000010 0.000010 0.000010 0.000010 0.000010
0.883233 0.000010 0.000010 0.002843 0.000010 0.000010 0.000010 0.000010 0.000010 0.000010 0.113834 0.000010
0.130114 0.000010 0.000010 0.000010 0.000010 0.173429 0.000010 0.080074 0.303871 0.000010 0.000010 0.312443
0.999890 0.000010 0.000010 0.000010 0.000010 0.000010 0.000010 0.000010 0.000010 0.000010 0.000010 0.000010
0.000010 0.000010 0.000010 0.000010 0.000010 0.000010 0.000010 0.999890 0.000010 0.000010 0.000010 0.000010
0.000010 0.000010 0.000010 0.000010 0.000010 0.000010 0.000010 0.000010 0.000010 0.000010 0.999890 0.000010
0.000010 0.123524 0.000010 0.000010 0.000010 0.166842 0.014371 0.042287 0.574219 0.000010 0.000010 0.078697
0.137655 0.000010 0.141062 0.166098 0.024446 0.324897 0.000010 0.116649 0.001459 0.055179 0.000010 0.032525
0.000010 0.000010 0.000010 0.000010 0.000010 0.000010 0.000010 0.000010 0.999890 0.000010 0.000010 0.000010
0.000010 0.174443 0.000010 0.000010 0.000010 0.623851 0.000010 0.018047 0.000010 0.000010 0.058729 0.124860
0.000010 0.000010 0.000010 0.963420 0.000010 0.036480 0.000010 0.000010 0.000010 0.000010 0.000010 0.000010
0.000010 0.103360 0.000010 0.000010 0.087013 0.043159 0.033095 0.159018 0.574294 0.000010 0.000010 0.000010
0.945366 0.000010 0.000010 0.000010 0.000010 0.000010 0.000010 0.000010 0.000010 0.000010 0.054534 0.000010
0.988927 0.000010 0.000010 0.000010 0.010973 0.000010 0.000010 0.000010 0.000010 0.000010 0.000010 0.000010
0.000010 0.000010 0.714542 0.285358 0.000010 0.000010 0.000010 0.000010 0.000010 0.000010 0.000010 0.000010
0.000010 0.323149 0.088164 0.000101 0.000010 0.060226 0.038747 0.017590 0.455022 0.000010 0.000010 0.016961
0.000010 0.002608 0.062799 0.086251 0.000010 0.000010 0.008218 0.000010 0.840052 0.000010 0.000010 0.000010
0.000010 0.000010 0.100502 0.032433 0.000010 0.000010 0.037791 0.000010 0.695829 0.000010 0.000010 0.133375
0.000010 0.999890 0.000010 0.000010 0.000010 0.000010 0.000010 0.000010 0.000010 0.000010 0.000010 0.000010
0.000010 0.629346 0.000010 0.000010 0.000010 0.370554 0.000010 0.000010 0.000010 0.000010 0.000010 0.000010
0.000010 0.000010 0.010799 0.000010 0.000010 0.557101 0.000010 0.289211 0.142809 0.000010 0.000010 0.000010
0.000010 0.999890 0.000010 0.000010 0.000010 0.000010 0.000010 0.000010 0.000010 0.000010 0.000010 0.000010
0.000010 0.999890 0.000010 0.000010 0.000010 0.000010 0.000010 0.000010 0.000010 0.000010 0.000010 0.000010
0.000010 0.999890 0.000010 0.000010 0.000010 0.000010 0.000010 0.000010 0.000010 0.000010 0.000010 0.000010
0.000010 0.000010 0.000010 0.000010 0.000010 0.000010 0.000010 0.000010 0.999890 0.000010 0.000010 0.000010
0.000010 0.937409 0.000010 0.000010 0.000010 0.000010 0.052952 0.009549 0.000010 0.000010 0.000010 0.000010
0.999890 0.000010 0.000010 0.000010 0.000010 0.000010 0.000010 0.000010 0.000010 0.000010 0.000010 0.000010
0.000010 0.000010 0.000010 0.000010 0.000010 0.000010 0.000010 0.085221 0.914679 0.000010 0.000010 0.000010
0.043156 0.262271 0.000010 0.072560 0.032880 0.046769 0.000010 0.000010 0.542303 0.000010 0.000010 0.000010
0.022165 0.000010 0.000010 0.054327 0.000010 0.000010 0.000010 0.000010 0.923419 0.000010 0.000010 0.000010
0.000010 0.247079 0.000010 0.000010 0.029342 0.000010 0.023134 0.000010 0.582297 0.083286 0.034802 0.000010
0.312830 0.000010 0.000010 0.000010 0.000010 0.151346 0.000010 0.000010 0.000010 0.535734 0.000010 0.000010
0.000010 0.000010 0.000010 0.000010 0.000010 0.000010 0.000010 0.000010 0.816714 0.000010 0.000010 0.183186
0.000010 0.177222 0.000010 0.000010 0.000010 0.007938 0.012451 0.019754 0.661937 0.000010 0.000010 0.120638
0.000010 0.000010 0.022943 0.000010 0.000010 0.079778 0.000010 0.000010 0.897189 0.000010 0.000010 0.000010
0.150702 0.000010 0.000010 0.000010 0.000010 0.000010 0.000010 0.000010 0.121439 0.727769 0.000010 0.000010
0.000010 0.294953 0.000010 0.000010 0.000015 0.000010 0.000010 0.704942 0.000010 0.000010 0.000010 0.000010
0.000010 0.000010 0.000010 0.029281 0.000010 0.000010 0.000010 0.854971 0.115658 0.000010 0.000010 0.000010
0.522585 0.000010 0.167703 0.000010 0.000010 0.034204 0.006682 0.137367 0.131399 0.000010 0.000010 0.000010
0.000010 0.081168 0.019500 0.000010 0.006143 0.135148 0.000010 0.000010 0.483346 0.079413 0.000010 0.195232
0.000010 0.000010 0.071564 0.640562 0.000010 0.003064 0.000010 0.018695 0.000010 0.266044 0.000010 0.000010
0.000010 0.017298 0.000010 0.643934 0.000010 0.000010 0.014116 0.030430 0.000016 0.281108 0.013048 0.000010
0.000010 0.228213 0.081576 0.019539 0.000010 0.075868 0.053614 0.541129 0.000010 0.000010 0.000010 0.000010
0.000010 0.000010 0.051641 0.299373 0.000010 0.000010 0.000010 0.000010 0.000010 0.648896 0.000010 0.000010
0.000010 0.000010 0.000010 0.000010 0.059142 0.026500 0.000010 0.000010 0.204736 0.681444 0.028109 0.000010
0.000010 0.140576 0.000010 0.000010 0.000010 0.000010 0.000010 0.859324 0.000010 0.000010 0.000010 0.000010
0.000010 0.000010 0.024391 0.000010 0.009709 0.089568 0.000010 0.000010 0.000010 0.849164 0.000010 0.027098
0.000010 0.000010 0.000010 0.106159 0.000010 0.348020 0.000010 0.178380 0.305863 0.061507 0.000010 0.000010
0.000010 0.000010 0.000010 0.000010 0.000010 0.000010 0.000010 0.103724 0.896176 0.000010 0.000010 0.000010
0.212158 0.000010 0.000010 0.000010 0.000010 0.561622 0.031310 0.006562 0.188279 0.000010 0.000010 0.000010
0.038162 0.000010 0.000010 0.000010 0.000010 0.063111 0.000010 0.000010 0.000010 0.827636 0.000010 0.071011
0.000010 0.611969 0.000010 0.000010 0.010037 0.082283 0.000010 0.000010 0.295631 0.000010 0.000010 0.000010
0.000010 0.116348 0.000010 0.000010 0.000010 0.064308 0.000010 0.191027 0.615230 0.000010 0.013017 0.000010
0.000010 0.000010 0.000010 0.000010 0.000010 0.000010 0.000010 0.481226 0.406084 0.000010 0.000010 0.112600
0.000010 0.000010 0.000010 0.034616 0.000010 0.094522 0.000010 0.087087 0.588443 0.000010 0.000010 0.195261
0.000010 0.000010 0.000010 0.000010 0.000010 0.044079 0.000010 0.047804 0.037642 0.000010 0.000010 0.870395
0.018259 0.324487 0.000010 0.000010 0.000010 0.010474 0.037418 0.017224 0.498580 0.000010 0.000010 0.093509
0.005954 0.000010 0.000010 0.000010 0.000010 0.013126 0.000010 0.104957 0.538605 0.194637 0.000010 0.142661
0.000010 0.117958 0.000010 0.079507 0.012390 0.000010 0.000010 0.282951 0.507124 0.000010 0.000010 0.000010
0.000010 0.000010 0.000010 0.000010 0.000010 0.000010 0.000010 0.254120 0.000010 0.000010 0.000010 0.745780
0.000010 0.000010 0.000010 0.000010 0.000010 0.000010 0.000010 0.029447 0.077094 0.006621 0.000010 0.886758
0.000010 0.000010 0.000010 0.000010 0.000010 0.182828 0.000010 0.000010 0.000010 0.817072 0.000010 0.000010
0.043681 0.000010 0.000010 0.000010 0.000010 0.000010 0.000010 0.113793 0.076066 0.761850 0.000010 0.004540
