0.453340 0.000010 0.019594 0.118929 0.051002 0.000010 0.357075 0.000010 0.000010 0.000010 0.000010
0.198337 0.265171 0.000010 0.000010 0.000010 0.000010 0.000010 0.000010 0.020106 0.000010 0.516317
0.052308 0.947602 0.000010 0.000010 0.000010 0.000010 0.000010 0.000010 0.000010 0.000010 0.000010
0.044981 0.658492 0.000010 0.058209 0.031535 0.001960 0.006931 0.000010 0.171439 0.000010 0.026424
0.087141 0.603704 0.000010 0.000010 0.000010 0.000010 0.000010 0.000010 0.279929 0.000010 0.029156
0.019199 0.737588 0.000010 0.000010 0.000010 0.000010 0.000010 0.000010 0.209537 0.000010 0.033606
0.151699 0.754674 0.000010 0.000010 0.011168 0.000010 0.000010 0.000010 0.082389 0.000010 0.000010
0.011827 0.791889 0.000010 0.000010 0.040747 0.075622 0.000010 0.000010 0.000010 0.013454 0.066413
0.119735 0.000010 0.007765 0.167107 0.000010 0.063378 0.474869 0.012634 0.092986 0.017413 0.044093
0.142443 0.000010 0.000010 0.000010 0.064958 0.000010 0.000010 0.000010 0.000010 0.000010 0.792519
0.000010 0.000010 0.000010 0.000010 0.000010 0.999900 0.000010 0.000010 0.000010 0.000010 0.000010
0.023476 0.247672 0.000010 0.000010 0.000010 0.406165 0.120379 0.000010 0.000010 0.000010 0.202248
0.000010 0.000010 0.000010 0.000010 0.064583 0.395673 0.440127 0.099547 0.000010 0.000010 0.000010
0.000010 0.000010 0.000010 0.000010 0.000010 0.463614 0.483275 0.053031 0.000010 0.000010 0.000010
0.000010 0.000010 0.000010 0.000010 0.000010 0.374512 0.490848 0.134561 0.000010 0.000010 0.000010
0.298285 0.084861 0.000010 0.000010 0.000010 0.000010 0.000010 0.000010 0.000010 0.000010 0.616774
0.056677 0.818358 0.000010 0.033719 0.000010 0.000010 0.000010 0.000010 0.065072 0.026115 0.000010
0.130070 0.000010 0.000010 0.000010 0.000010 0.234524 0.635326 0.000010 0.000010 0.000010 0.000010
0.004431 0.400380 0.045074 0.000010 0.103503 0.000010 0.386164 0.000010 0.037971 0.022435 0.000010
0.000010 0.000010 0.022997 0.018139 0.000010 0.036545 0.197010 0.123840 0.128712 0.472717 0.000010
0.000010 0.827703 0.003951 0.000010 0.000010 0.033685 0.000010 0.000010 0.134590 0.000010 0.000010
0.000010 0.000010 0.000010 0.000010 0.000010 0.999900 0.000010 0.000010 0.000010 0.000010 0.000010
0.000010 0.000010 0.000010 0.000010 0.000010 0.999900 0.000010 0.000010 0.000010 0.000010 0.000010
0.157540 0.708144 0.000010 0.041185 0.000010 0.023725 0.000010 0.000010 0.069347 0.000010 0.000010
0.000010 0.000010 0.000010 0.000010 0.000010 0.999900 0.000010 0.000010 0.000010 0.000010 0.000010
0.140594 0.761417 0.012217 0.000010 0.008744 0.011075 0.000927 0.000010 0.064986 0.000010 0.000010
0.000010 0.827253 0.000010 0.000010 0.000010 0.000010 0.000010 0.029043 0.073140 0.035755 0.034750
0.000010 0.000010 0.000010 0.000019 0.000010 0.000010 0.000010 0.000010 0.999891 0.000010 0.000010
0.000010 0.847997 0.006347 0.000010 0.000010 0.029864 0.000010 0.000010 0.060387 0.000010 0.055346
0.000010 0.980846 0.019064 0.000010 0.000010 0.000010 0.000010 0.000010 0.000010 0.000010 0.000010
0.207998 0.652350 0.000010 0.016601 0.011631 0.000010 0.008532 0.000010 0.100046 0.000010 0.002802
0.000010 0.582665 0.000010 0.000010 0.000010 0.000010 0.000010 0.000010 0.182869 0.000010 0.234386
0.000010 0.140564 0.015417 0.633679 0.000010 0.000010 0.073834 0.000010 0.000010 0.000010 0.136446
0.000010 0.706515 0.000010 0.032452 0.000010 0.000010 0.000010 0.000010 0.088914 0.000010 0.172050
0.000010 0.999900 0.000010 0.000010 0.000010 0.000010 0.000010 0.000010 0.000010 0.000010 0.000010
0.000010 0.002568 0.221521 0.151480 0.163179 0.000010 0.274920 0.000010 0.000010 0.023918 0.162374
0.021463 0.067702 0.000010 0.000010 0.000010 0.000010 0.000010 0.000010 0.910755 0.000010 0.000010
0.049334 0.481143 0.000010 0.000010 0.000010 0.000010 0.000010 0.011797 0.089417 0.000010 0.368249
0.100567 0.257845 0.000010 0.546462 0.000010 0.017028 0.000010 0.063471 0.014576 0.000010 0.000010
0.000010 0.617816 0.049833 0.000518 0.000010 0.000010 0.051897 0.000010 0.235350 0.000010 0.044535
0.000010 0.000010 0.070901 0.418984 0.000010 0.000010 0.000010 0.271646 0.188968 0.049441 0.000010
0.118582 0.607477 0.000010 0.000010 0.000010 0.000010 0.000010 0.000010 0.160470 0.000010 0.113401
0.000010 0.000010 0.000010 0.118365 0.000010 0.000010 0.052607 0.047256 0.127976 0.128510 0.525236
0.000010 0.791620 0.000010 0.000010 0.000010 0.000010 0.000010 0.000010 0.000010 0.000010 0.208290
0.000010 0.101598 0.081796 0.500536 0.134753 0.000010 0.000010 0.000010 0.139600 0.006763 0.034913
0.000010 0.000010 0.000010 0.000010 0.000010 0.473826 0.491264 0.034830 0.000010 0.000010 0.000010
0.000010 0.000010 0.000010 0.000010 0.000010 0.812591 0.187319 0.000010 0.000010 0.000010 0.000010
0.138180 0.576314 0.036799 0.000010 0.000010 0.004859 0.000010 0.026200 0.217597 0.000010 0.000010
0.000010 0.000010 0.000010 0.000010 0.000010 0.999900 0.000010 0.000010 0.000010 0.000010 0.000010
0.000010 0.000010 0.000010 0.197465 0.000010 0.802445 0.000010 0.000010 0.000010 0.000010 0.000010
0.000010 0.000010 0.000010 0.000010 0.000010 0.999900 0.000010 0.000010 0.000010 0.000010 0.000010
0.000010 0.000010 0.023837 0.139082 0.000010 0.831529 0.000010 0.005483 0.000010 0.000010 0.000010
0.000010 0.000010 0.000010 0.000010 0.000010 0.999900 0.000010 0.000010 0.000010 0.000010 0.000010
0.626394 0.000010 0.000010 0.000010 0.000010 0.017959 0.230315 0.000010 0.125262 0.000010 0.000010
0.000010 0.000010 0.000010 0.035763 0.000010 0.302250 0.534282 0.000010 0.127635 0.000010 0.000010
0.000010 0.000010 0.000010 0.000010 0.000010 0.707680 0.292230 0.000010 0.000010 0.000010 0.000010
0.032895 0.000010 0.000010 0.000010 0.000010 0.718022 0.219499 0.029514 0.000010 0.000010 0.000010
0.000010 0.000010 0.227698 0.000010 0.021263 0.000010 0.192591 0.000010 0.000010 0.236919 0.321469
0.000010 0.706036 0.000010 0.000010 0.000010 0.000010 0.000010 0.000010 0.273494 0.000010 0.020390
0.037662 0.000010 0.389863 0.000010 0.106646 0.099485 0.000010 0.000010 0.000010 0.070549 0.295746
0.000010 0.000010 0.000010 0.000010 0.000010 0.999900 0.000010 0.000010 0.000010 0.000010 0.000010
0.000010 0.000010 0.000010 0.031157 0.000010 0.420239 0.493312 0.000010 0.055222 0.000010 0.000010
0.048992 0.000010 0.037991 0.000010 0.000010 0.322009 0.559985 0.030962 0.000010 0.000010 0.000010
0.000010 0.000010 0.017301 0.000010 0.000010 0.000010 0.000010 0.000010 0.202936 0.020960 0.758733
0.000010 0.000010 0.000010 0.052270 0.000010 0.881916 0.021469 0.000010 0.044275 0.000010 0.000010
0.042775 0.000010 0.000010 0.000010 0.000010 0.000010 0.000010 0.000010 0.221104 0.036574 0.699478
0.000010 0.000010 0.000010 0.000010 0.000010 0.000010 0.966367 0.000010 0.000010 0.000010 0.033543
0.000010 0.000010 0.000010 0.630552 0.000010 0.005955 0.363413 0.000010 0.000010 0.000010 0.000010
0.000010 0.018988 0.000010 0.068990 0.000010 0.298984 0.612966 0.000011 0.000010 0.000010 0.000010
0.000010 0.014583 0.000010 0.081136 0.000010 0.047494 0.000010 0.064090 0.140374 0.134744 0.517539
0.056296 0.433190 0.042085 0.000010 0.004541 0.000010 0.000010 0.000010 0.052774 0.000010 0.411065
0.001106 0.030251 0.000010 0.369325 0.000010 0.015042 0.000010 0.000010 0.239666 0.008245 0.336326
0.210571 0.068933 0.000010 0.209835 0.000010 0.018080 0.205266 0.000010 0.017890 0.000010 0.269384
0.239601 0.094787 0.000010 0.410917 0.000010 0.000010 0.050100 0.000010 0.055271 0.000010 0.149274
0.000010 0.000010 0.212876 0.172529 0.106867 0.098521 0.107518 0.066634 0.235016 0.000010 0.000010
0.000010 0.866307 0.000010 0.064140 0.000010 0.000010 0.000010 0.000010 0.049132 0.000010 0.020351
0.000010 0.589411 0.000010 0.001203 0.000010 0.018361 0.000010 0.000010 0.353468 0.037497 0.000010
0.078790 0.000010 0.000010 0.000010 0.000010 0.000010 0.000010 0.000010 0.374056 0.000010 0.547074
0.000010 0.000010 0.000010 0.000010 0.000010 0.038391 0.000010 0.000010 0.336519 0.000010 0.625010
0.000010 0.000010 0.060171 0.040139 0.000010 0.045776 0.785704 0.068150 0.000010 0.000010 0.000010
0.204877 0.236639 0.050378 0.000010 0.000010 0.013192 0.068035 0.008783 0.418056 0.000010 0.000010
0.026222 0.000010 0.014568 0.073698 0.000010 0.112950 0.625026 0.000010 0.074553 0.000010 0.072943
0.028129 0.348026 0.003148 0.009699 0.000010 0.000010 0.000010 0.039807 0.000010 0.008493 0.562658
0.000010 0.000010 0.000010 0.000010 0.000010 0.000010 0.992114 0.007796 0.000010 0.000010 0.000010
0.117103 0.000010 0.031996 0.067376 0.032608 0.050670 0.607932 0.000010 0.029835 0.000010 0.062450
0.120858 0.295702 0.014286 0.153377 0.000010 0.000010 0.000010 0.015160 0.380456 0.020120 0.000010
0.000010 0.000010 0.088119 0.911791 0.000010 0.000010 0.000010 0.000010 0.000010 0.000010 0.000010
0.020497 0.010250 0.039394 0.129941 0.014610 0.129722 0.582043 0.000010 0.006232 0.008998 0.058302
0.000010 0.000010 0.095004 0.000010 0.000010 0.039494 0.843613 0.021819 0.000010 0.000010 0.000010
0.030636 0.000010 0.000010 0.969274 0.000010 0.000010 0.000010 0.000010 0.000010 0.000010 0.000010
0.148785 0.029532 0.003918 0.457365 0.000010 0.000010 0.000010 0.124917 0.149251 0.000010 0.086191
0.245672 0.000010 0.010144 0.744104 0.000010 0.000010 0.000010 0.000010 0.000010 0.000010 0.000010
0.453370 0.000010 0.027817 0.000010 0.501452 0.000010 0.000010 0.017291 0.000010 0.000010 0.000010
0.000010 0.000010 0.086268 0.025712 0.000010 0.000010 0.000010 0.000010 0.284375 0.000010 0.603575
0.233290 0.378581 0.000010 0.032246 0.000010 0.000010 0.033097 0.162239 0.160497 0.000010 0.000010
0.060409 0.140079 0.033124 0.345594 0.000010 0.000010 0.000010 0.000010 0.098169 0.000010 0.322575
0.153211 0.235356 0.000010 0.064787 0.000010 0.000010 0.014780 0.000010 0.032780 0.000010 0.499035
0.279354 0.081547 0.000010 0.000010 0.148718 0.000010 0.000010 0.124653 0.226576 0.139102 0.000010
0.048596 0.000010 0.022197 0.189375 0.106143 0.112745 0.479492 0.000010 0.011813 0.000010 0.029610
0.000010 0.787941 0.043046 0.000010 0.000010 0.032912 0.000010 0.000010 0.000010 0.000010 0.136032
0.000010 0.673810 0.000010 0.021040 0.000010 0.000010 0.000010 0.000010 0.305070 0.000010 0.000010
0.000010 0.783630 0.022317 0.000010 0.029600 0.000010 0.000010 0.164383 0.000010 0.000010 0.000010
0.048211 0.771855 0.013468 0.000010 0.000010 0.000010 0.002042 0.000010 0.164365 0.000010 0.000010
0.000010 0.794071 0.000010 0.000010 0.000010 0.000010 0.045979 0.000010 0.033867 0.073556 0.052467
0.000010 0.691086 0.000010 0.000010 0.000010 0.001778 0.000010 0.000010 0.307056 0.000010 0.000010
0.031659 0.826417 0.000010 0.000010 0.064690 0.000010 0.000010 0.000010 0.077164 0.000010 0.000010
0.056880 0.000010 0.000010 0.084813 0.000010 0.010318 0.000010 0.000010 0.097012 0.004622 0.746304
0.000010 0.000010 0.000010 0.000010 0.000010 0.726149 0.273761 0.000010 0.000010 0.000010 0.000010
0.032632 0.000010 0.023535 0.407609 0.000010 0.031363 0.000010 0.176716 0.253297 0.022273 0.052545
0.000010 0.000010 0.370328 0.000010 0.188855 0.000010 0.194249 0.000010 0.000010 0.227713 0.018796
0.000010 0.000010 0.000010 0.000010 0.000010 0.999900 0.000010 0.000010 0.000010 0.000010 0.000010
0.000010 0.000010 0.000010 0.119421 0.000010 0.880489 0.000010 0.000010 0.000010 0.000010 0.000010
0.000010 0.000010 0.000010 0.000010 0.000010 0.999900 0.000010 0.000010 0.000010 0.000010 0.000010
0.000010 0.000010 0.000010 0.085130 0.000010 0.162347 0.410749 0.195555 0.146160 0.000010 0.000010
0.000010 0.012688 0.098376 0.000010 0.000010 0.283004 0.605863 0.000010 0.000010 0.000010 0.000010
0.000010 0.000010 0.000010 0.000010 0.055611 0.115645 0.000010 0.000010 0.341508 0.000010 0.487167
0.302973 0.000010 0.006993 0.000010 0.646781 0.000010 0.000010 0.043183 0.000010 0.000010 0.000010
0.000010 0.000010 0.000014 0.000010 0.051116 0.000010 0.000010 0.000010 0.206749 0.000010 0.742050
0.000010 0.000010 0.000010 0.000010 0.000010 0.999900 0.000010 0.000010 0.000010 0.000010 0.000010
0.390889 0.000010 0.000010 0.000010 0.609021 0.000010 0.000010 0.000010 0.000010 0.000010 0.000010
0.013592 0.785553 0.000010 0.023961 0.000010 0.000010 0.000010 0.000010 0.022866 0.115016 0.038962
0.288667 0.000010 0.000010 0.000010 0.076916 0.000010 0.040292 0.046144 0.000010 0.547921 0.000010
0.000010 0.000010 0.000010 0.702795 0.000010 0.000010 0.062618 0.196029 0.038488 0.000010 0.000010
0.000010 0.062274 0.106015 0.180410 0.267787 0.000010 0.000010 0.156129 0.043100 0.184244 0.000010
0.036331 0.000010 0.000010 0.730901 0.000010 0.000010 0.000010 0.016112 0.216586 0.000010 0.000010
0.000010 0.000010 0.000010 0.015941 0.099834 0.140140 0.000010 0.061376 0.055545 0.000010 0.627115
0.000010 0.000010 0.003790 0.068066 0.000010 0.033128 0.000010 0.039770 0.599329 0.000010 0.255866
0.008448 0.242817 0.003483 0.054279 0.000010 0.000010 0.145917 0.003082 0.141675 0.000010 0.400269
0.000010 0.065974 0.000010 0.000010 0.000010 0.000010 0.000010 0.000010 0.407680 0.057853 0.468423
0.000010 0.202193 0.000010 0.000010 0.000010 0.100129 0.455690 0.000010 0.099150 0.073354 0.069434
0.000010 0.000010 0.000010 0.000010 0.000010 0.000010 0.000010 0.000010 0.376636 0.000010 0.623274
0.000010 0.308037 0.000010 0.000965 0.034327 0.020745 0.086474 0.000010 0.127204 0.000010 0.422209
0.030343 0.000010 0.000010 0.072734 0.000010 0.015666 0.000010 0.000010 0.114905 0.000010 0.766292
0.193906 0.213961 0.061701 0.000010 0.114692 0.011862 0.000010 0.000010 0.117651 0.286187 0.000010
0.071514 0.085269 0.010463 0.000010 0.000010 0.000010 0.000010 0.121437 0.567167 0.000010 0.144099
0.000010 0.000010 0.104572 0.376351 0.076530 0.059884 0.113032 0.103723 0.165868 0.000010 0.000010
0.000010 0.000010 0.021584 0.272826 0.004053 0.000010 0.000010 0.100220 0.144408 0.000010 0.456858
0.047495 0.000010 0.023770 0.078411 0.033158 0.000010 0.687961 0.000010 0.001414 0.093952 0.033811
0.000010 0.000010 0.000010 0.944028 0.000010 0.000010 0.000010 0.000010 0.055882 0.000010 0.000010
0.184153 0.161036 0.059758 0.389994 0.001738 0.000010 0.011063 0.017731 0.174498 0.000010 0.000010
0.121124 0.664165 0.000010 0.000010 0.000010 0.000010 0.000010 0.038491 0.080036 0.000010 0.096123
0.000010 0.932431 0.000010 0.000010 0.000010 0.000010 0.000010 0.000010 0.067479 0.000010 0.000010
0.000010 0.000010 0.239347 0.000010 0.124093 0.000010 0.562828 0.054226 0.000010 0.000010 0.019446
0.057118 0.000010 0.000010 0.000010 0.942792 0.000010 0.000010 0.000010 0.000010 0.000010 0.000010
0.000010 0.007926 0.221630 0.000010 0.062904 0.000010 0.654966 0.000010 0.000010 0.052514 0.000010
0.005338 0.000010 0.084007 0.521482 0.000010 0.005405 0.000010 0.131433 0.200523 0.051772 0.000010
0.000010 0.000010 0.111186 0.000010 0.218644 0.000010 0.074644 0.225413 0.087904 0.249243 0.032926
0.829542 0.000010 0.170368 0.000010 0.000010 0.000010 0.000010 0.000010 0.000010 0.000010 0.000010
0.052811 0.035298 0.000010 0.000010 0.844442 0.000010 0.016824 0.000010 0.000010 0.003375 0.047200
0.685768 0.000010 0.095466 0.000010 0.000010 0.000010 0.000010 0.000010 0.000010 0.000010 0.218686
0.378278 0.038338 0.000010 0.093755 0.260102 0.000010 0.000010 0.185962 0.043515 0.000010 0.000010
0.000010 0.000010 0.000010 0.000010 0.878362 0.000010 0.000010 0.000010 0.000010 0.000010 0.121548
0.101168 0.620821 0.000640 0.000010 0.000010 0.000010 0.000010 0.063387 0.203909 0.010025 0.000010
0.162159 0.120851 0.000010 0.000010 0.000010 0.000010 0.013115 0.000010 0.187405 0.000010 0.516409
0.000010 0.010725 0.017647 0.000010 0.000010 0.000010 0.212101 0.000010 0.303865 0.000010 0.455602
0.042120 0.731804 0.000010 0.000010 0.000010 0.002550 0.000010 0.030400 0.122986 0.000010 0.070091
0.000010 0.000010 0.000010 0.341559 0.000010 0.065432 0.017327 0.000010 0.339596 0.000010 0.236026
0.244059 0.533665 0.000010 0.000010 0.058073 0.000010 0.000010 0.074667 0.089476 0.000010 0.000010
0.082230 0.722134 0.015451 0.000010 0.000010 0.000010 0.000010 0.000010 0.090959 0.000010 0.089166
0.144426 0.000010 0.000010 0.000010 0.000010 0.000010 0.000010 0.000010 0.000010 0.000010 0.855484
0.000010 0.000010 0.000010 0.000010 0.999900 0.000010 0.000010 0.000010 0.000010 0.000010 0.000010
0.000010 0.000010 0.000010 0.346133 0.034969 0.000010 0.000010 0.053625 0.000010 0.000010 0.565202
0.000010 0.000010 0.000010 0.000010 0.994212 0.005698 0.000010 0.000010 0.000010 0.000010 0.000010
0.000010 0.000010 0.000010 0.000010 0.999900 0.000010 0.000010 0.000010 0.000010 0.000010 0.000010
0.000010 0.000010 0.000010 0.000010 0.981524 0.012925 0.000010 0.000010 0.000010 0.005471 0.000010
0.012150 0.173608 0.000010 0.468285 0.012312 0.047264 0.000010 0.000010 0.021490 0.058585 0.206275
0.038778 0.654704 0.000010 0.019787 0.000010 0.038316 0.000010 0.000010 0.150128 0.019993 0.078254
0.134728 0.682299 0.060015 0.000010 0.000010 0.000010 0.000010 0.004131 0.109761 0.009016 0.000010
0.000010 0.808643 0.045120 0.000010 0.020073 0.000010 0.000010 0.000010 0.000010 0.008156 0.117948
0.000010 0.076867 0.008100 0.369995 0.020986 0.181385 0.086662 0.031797 0.096023 0.025608 0.102567
0.000010 0.146690 0.024119 0.062991 0.000010 0.055496 0.000010 0.562309 0.028764 0.095383 0.024218
0.000010 0.000010 0.000010 0.000010 0.000010 0.000010 0.000010 0.999900 0.000010 0.000010 0.000010
0.000010 0.000010 0.000010 0.000010 0.000010 0.000010 0.000010 0.999900 0.000010 0.000010 0.000010
0.000010 0.000010 0.000010 0.211465 0.000010 0.000010 0.000010 0.788445 0.000010 0.000010 0.000010
0.000010 0.000010 0.000010 0.000010 0.000010 0.000010 0.000010 0.999900 0.000010 0.000010 0.000010
0.078366 0.284139 0.000010 0.074695 0.000010 0.037275 0.144712 0.007002 0.116274 0.000010 0.257507
0.075784 0.754561 0.000010 0.000010 0.026783 0.000010 0.000010 0.000010 0.083422 0.000010 0.059389
0.000010 0.000010 0.034318 0.807504 0.000010 0.046365 0.000010 0.000010 0.033403 0.000010 0.078350
0.119516 0.000010 0.121425 0.000010 0.000010 0.000010 0.000010 0.000010 0.000010 0.240947 0.518042
0.000010 0.170094 0.000010 0.548195 0.000010 0.069110 0.000010 0.016789 0.099145 0.006878 0.089748
0.000010 0.000010 0.000010 0.000010 0.000010 0.000010 0.000010 0.999900 0.000010 0.000010 0.000010
0.239422 0.158250 0.000010 0.000010 0.000010 0.000010 0.000010 0.000010 0.000010 0.000010 0.602249
0.000010 0.677324 0.000010 0.000010 0.000010 0.000010 0.000010 0.084440 0.216889 0.000010 0.021277
0.087420 0.746870 0.000010 0.019648 0.018124 0.000010 0.000010 0.000010 0.127879 0.000010 0.000010
0.000010 0.637412 0.000010 0.046708 0.016081 0.000010 0.000849 0.000010 0.024664 0.029911 0.244333
0.408896 0.311780 0.000010 0.000010 0.000010 0.056930 0.000010 0.051113 0.092320 0.000010 0.078911
0.073364 0.858057 0.000010 0.000010 0.000010 0.068499 0.000010 0.000010 0.000010 0.000010 0.000010
0.169337 0.726554 0.026333 0.000010 0.000010 0.000010 0.000010 0.000010 0.077706 0.000010 0.000010
0.000010 0.000010 0.000010 0.058708 0.000010 0.245755 0.631907 0.000010 0.063559 0.000010 0.000010
0.099993 0.043889 0.000010 0.000010 0.000010 0.000010 0.000010 0.000010 0.591964 0.000010 0.264084
0.260806 0.706142 0.032972 0.000010 0.000010 0.000010 0.000010 0.000010 0.000010 0.000010 0.000010
0.178322 0.023649 0.000010 0.000010 0.021867 0.248890 0.487817 0.003967 0.035448 0.000010 0.000010
0.430000 0.250422 0.004088 0.000010 0.000010 0.000010 0.140684 0.000010 0.100321 0.000010 0.074435
0.000010 0.000010 0.048158 0.120681 0.000010 0.084990 0.746101 0.000010 0.000010 0.000010 0.000010
0.000010 0.066007 0.000010 0.000010 0.000010 0.066312 0.855083 0.000010 0.012528 0.000010 0.000010
0.000010 0.000010 0.003711 0.079401 0.000010 0.000010 0.819149 0.000010 0.087625 0.010054 0.000010
0.000010 0.000010 0.000010 0.000010 0.000010 0.000010 0.000010 0.000010 0.829273 0.000010 0.170637
0.000010 0.000010 0.000010 0.075958 0.000010 0.037078 0.814059 0.000010 0.072835 0.000010 0.000010
0.000010 0.000010 0.000010 0.642937 0.075501 0.064257 0.161434 0.055810 0.000010 0.000010 0.000010
0.019039 0.000010 0.000010 0.000010 0.980871 0.000010 0.000010 0.000010 0.000010 0.000010 0.000010
0.000010 0.020861 0.021581 0.000010 0.000010 0.000010 0.000010 0.000010 0.000010 0.000010 0.957479
0.008836 0.062437 0.012124 0.000010 0.000010 0.016762 0.055810 0.031451 0.396400 0.000010 0.416150
0.000010 0.000702 0.160090 0.091354 0.035802 0.000010 0.652175 0.050949 0.000010 0.000010 0.008888
0.000010 0.387179 0.016417 0.000010 0.025353 0.000010 0.000010 0.036131 0.014865 0.000010 0.520005
0.000010 0.006328 0.021831 0.168113 0.007141 0.048586 0.698015 0.000010 0.000010 0.000010 0.049946
0.000010 0.000010 0.000010 0.000010 0.000010 0.000010 0.000010 0.000010 0.000010 0.999900 0.000010
0.000010 0.462259 0.000010 0.000010 0.000010 0.000010 0.000010 0.000010 0.198639 0.000010 0.339023
0.000010 0.247064 0.027777 0.000010 0.000010 0.018896 0.000010 0.000010 0.272633 0.000010 0.433571
0.000010 0.100784 0.000010 0.045497 0.000010 0.000010 0.000010 0.013633 0.354514 0.003661 0.481861
0.204176 0.435965 0.000010 0.000010 0.000010 0.000010 0.000010 0.038175 0.100436 0.000010 0.221188
0.000010 0.000010 0.000010 0.000010 0.087963 0.000010 0.000010 0.200820 0.000010 0.000010 0.711136
0.015743 0.056519 0.046192 0.302998 0.000010 0.004613 0.106483 0.000010 0.000010 0.071381 0.396041
0.000010 0.000010 0.040893 0.294653 0.000010 0.000010 0.235470 0.082211 0.022392 0.324331 0.000010
0.000010 0.854550 0.000010 0.000010 0.000010 0.000010 0.000010 0.109450 0.009500 0.026430 0.000010
0.000010 0.000010 0.000010 0.057500 0.000010 0.000010 0.000010 0.000010 0.489038 0.000010 0.453382
0.154563 0.000010 0.001012 0.000010 0.000010 0.000010 0.000010 0.000010 0.287033 0.053716 0.503616
0.000010 0.000010 0.000010 0.056710 0.000010 0.062424 0.000010 0.000010 0.278265 0.000010 0.602531
0.000010 0.152957 0.014987 0.640554 0.000010 0.000010 0.008800 0.000010 0.182642 0.000010 0.000010
0.595545 0.000010 0.000010 0.265609 0.000010 0.000010 0.131935 0.000010 0.000010 0.006841 0.000010
0.000010 0.000010 0.034793 0.512383 0.000010 0.000010 0.045950 0.139407 0.267408 0.000010 0.000010
0.714475 0.124134 0.000010 0.000010 0.000010 0.090338 0.000010 0.000010 0.000010 0.000010 0.070983
0.880629 0.000010 0.000010 0.000010 0.000010 0.056416 0.027730 0.000010 0.035155 0.000010 0.000010
0.883553 0.000010 0.000010 0.000010 0.000010 0.000010 0.043182 0.009866 0.063329 0.000010 0.000010
0.227819 0.031841 0.000010 0.366079 0.000010 0.000010 0.000010 0.019309 0.082339 0.000010 0.272564
0.716568 0.000010 0.057669 0.028843 0.032092 0.000010 0.128007 0.000010 0.036772 0.000010 0.000010
0.000010 0.000010 0.009986 0.000010 0.012694 0.000010 0.000010 0.000010 0.647557 0.000010 0.329693
0.134567 0.386673 0.000010 0.000010 0.000010 0.000010 0.000010 0.000010 0.002713 0.000010 0.475977
0.000010 0.158688 0.012344 0.033887 0.000010 0.010558 0.000010 0.034561 0.405138 0.000010 0.344784
0.000010 0.000010 0.000010 0.164197 0.000010 0.000010 0.262987 0.000010 0.373337 0.000010 0.199410
0.175980 0.000010 0.000010 0.772497 0.000010 0.032733 0.000010 0.018720 0.000010 0.000010 0.000010
0.000010 0.000010 0.999900 0.000010 0.000010 0.000010 0.000010 0.000010 0.000010 0.000010 0.000010
0.185235 0.000010 0.000010 0.000010 0.000010 0.000010 0.792567 0.000010 0.022118 0.000010 0.000010
0.000010 0.000010 0.999900 0.000010 0.000010 0.000010 0.000010 0.000010 0.000010 0.000010 0.000010
0.182301 0.315655 0.010493 0.074400 0.000010 0.000010 0.000010 0.000010 0.000010 0.000010 0.417092
0.000010 0.000010 0.065545 0.000010 0.034742 0.152689 0.746954 0.000010 0.000010 0.000010 0.000010
0.210827 0.212174 0.013183 0.000010 0.000010 0.000010 0.000010 0.088401 0.057078 0.000010 0.418287
0.190473 0.000010 0.000010 0.000010 0.101479 0.000010 0.000010 0.000010 0.000010 0.000010 0.707968
0.222710 0.027083 0.000010 0.000010 0.041041 0.000010 0.000010 0.000010 0.000010 0.000010 0.709095
0.248946 0.397283 0.026293 0.000010 0.000010 0.000010 0.000010 0.000010 0.140252 0.000010 0.187166
0.000010 0.067972 0.000010 0.000010 0.021389 0.000010 0.000010 0.000010 0.718282 0.000010 0.192287
0.000010 0.000010 0.022980 0.024069 0.555054 0.000010 0.000010 0.000010 0.000010 0.397827 0.000010
0.000010 0.016211 0.018075 0.000010 0.804047 0.052813 0.000010 0.000010 0.000010 0.108794 0.000010
0.000010 0.319299 0.031575 0.329665 0.000010 0.080894 0.000010 0.000010 0.161993 0.000010 0.076524
0.000010 0.000010 0.013430 0.000010 0.833005 0.029072 0.000010 0.000010 0.003105 0.121328 0.000010
0.000010 0.015207 0.013259 0.000010 0.782513 0.007758 0.117568 0.000010 0.000010 0.054384 0.009271
0.009179 0.103877 0.044099 0.000010 0.179098 0.000010 0.072212 0.000360 0.000010 0.543715 0.047431
0.000010 0.119018 0.000010 0.055086 0.004412 0.000010 0.804469 0.000010 0.000010 0.007692 0.009274
0.000010 0.000010 0.021880 0.031976 0.616646 0.000010 0.000010 0.000010 0.000010 0.329428 0.000010
0.000010 0.000010 0.000010 0.027336 0.793297 0.022805 0.021886 0.000010 0.020147 0.046753 0.067736
0.000010 0.000010 0.021368 0.042501 0.724299 0.018767 0.058067 0.000010 0.000010 0.134949 0.000010
0.002890 0.000010 0.037945 0.000010 0.911706 0.000010 0.000010 0.019682 0.000010 0.027717 0.000010
0.000010 0.000010 0.000010 0.777696 0.000010 0.000010 0.000010 0.158755 0.063470 0.000010 0.000010
0.000010 0.281734 0.000010 0.000010 0.000010 0.000010 0.000010 0.000010 0.002150 0.000010 0.716036
0.089462 0.101518 0.030511 0.000010 0.014657 0.000010 0.000010 0.000010 0.000010 0.000010 0.763791
0.000010 0.000010 0.000010 0.201637 0.000010 0.034968 0.060742 0.551006 0.151587 0.000010 0.000010
0.063574 0.000010 0.089331 0.418829 0.112878 0.000010 0.000010 0.033499 0.011705 0.000010 0.270144
0.028389 0.338662 0.000010 0.110355 0.000010 0.000010 0.000010 0.074763 0.179992 0.000010 0.267788
0.000010 0.013066 0.074889 0.020749 0.670252 0.000010 0.000010 0.000010 0.000010 0.220984 0.000010
0.010861 0.000010 0.088803 0.000010 0.558934 0.000010 0.000010 0.083154 0.000010 0.258187 0.000010
0.000010 0.104492 0.061301 0.227806 0.000010 0.000010 0.013369 0.000010 0.381626 0.000010 0.211357
0.111533 0.041296 0.048580 0.000010 0.284478 0.000010 0.000010 0.000010 0.158485 0.229030 0.126558
0.000010 0.000010 0.000010 0.021514 0.762778 0.000010 0.078225 0.052093 0.000010 0.085329 0.000010
0.000010 0.000010 0.014851 0.000010 0.883075 0.000010 0.000010 0.040097 0.061907 0.000010 0.000010
0.127185 0.000010 0.000010 0.000010 0.815466 0.000010 0.000010 0.057268 0.000010 0.000010 0.000010
0.095139 0.000010 0.018444 0.004980 0.571426 0.010294 0.098062 0.000010 0.000010 0.201614 0.000010
0.000010 0.414351 0.023411 0.000010 0.045225 0.000010 0.000010 0.008340 0.216881 0.000010 0.291742
0.347717 0.000010 0.000010 0.000010 0.000010 0.000010 0.000010 0.000010 0.000010 0.000010 0.652193
0.000010 0.000010 0.060187 0.049482 0.744748 0.000010 0.000010 0.000010 0.025281 0.000010 0.120241
0.088689 0.302483 0.058281 0.049348 0.000010 0.000010 0.000010 0.000010 0.000010 0.000010 0.501140
0.673779 0.000010 0.000010 0.030669 0.000245 0.061009 0.087655 0.025053 0.019574 0.101985 0.000010
0.000010 0.000010 0.014776 0.626321 0.139989 0.000010 0.000010 0.000010 0.000010 0.012221 0.206633
0.000010 0.000010 0.999900 0.000010 0.000010 0.000010 0.000010 0.000010 0.000010 0.000010 0.000010
0.782538 0.000010 0.000010 0.044367 0.070240 0.013688 0.089107 0.000010 0.000010 0.000010 0.000010
0.000010 0.000010 0.000010 0.403107 0.000010 0.000010 0.170214 0.338545 0.088064 0.000010 0.000010
0.514110 0.000010 0.036928 0.000010 0.062781 0.000010 0.000216 0.052129 0.153610 0.000010 0.180186
0.000010 0.000010 0.000010 0.000010 0.623046 0.000010 0.000010 0.000010 0.000010 0.376864 0.000010
0.000010 0.000010 0.031474 0.000010 0.679979 0.000010 0.043805 0.000010 0.000010 0.127696 0.116986
0.000010 0.000010 0.000010 0.000010 0.999900 0.000010 0.000010 0.000010 0.000010 0.000010 0.000010
0.000010 0.000010 0.061336 0.000010 0.790827 0.000010 0.000010 0.147757 0.000010 0.000010 0.000010
0.000010 0.029296 0.060636 0.121975 0.000010 0.000010 0.146295 0.000010 0.415323 0.017474 0.208961
0.102021 0.216232 0.000010 0.000010 0.000010 0.000010 0.434248 0.015885 0.135982 0.000010 0.095583
0.234299 0.269501 0.000010 0.033488 0.000010 0.000010 0.000010 0.000010 0.353997 0.000010 0.108655
0.308921 0.148206 0.002170 0.000010 0.030207 0.000010 0.000010 0.117296 0.171382 0.000010 0.221777
0.337490 0.411030 0.000010 0.000010 0.000010 0.000010 0.000010 0.017135 0.147558 0.000010 0.086727
0.851103 0.000010 0.011066 0.000010 0.000010 0.000010 0.137751 0.000010 0.000010 0.000010 0.000010
0.000010 0.246973 0.055123 0.264320 0.019401 0.000010 0.000010 0.008757 0.118444 0.025476 0.261476
0.418816 0.000010 0.000010 0.263239 0.000010 0.000010 0.000010 0.000010 0.222686 0.095189 0.000010
0.912887 0.000010 0.000010 0.000010 0.000010 0.000010 0.071661 0.015372 0.000010 0.000010 0.000010
0.000010 0.000010 0.000010 0.718243 0.000010 0.000010 0.281667 0.000010 0.000010 0.000010 0.000010
0.130282 0.033566 0.000010 0.000010 0.000010 0.000010 0.000010 0.131781 0.000010 0.000010 0.704301
0.000010 0.118112 0.023228 0.061282 0.455312 0.000010 0.047347 0.025074 0.000010 0.269605 0.000010
0.079784 0.000010 0.000010 0.000010 0.639970 0.000010 0.000010 0.000010 0.000010 0.280166 0.000010
0.040831 0.000010 0.011840 0.032189 0.442588 0.034777 0.015610 0.000010 0.031518 0.390616 0.000010
0.603563 0.303724 0.000010 0.000010 0.000010 0.000010 0.000010 0.018507 0.000010 0.014705 0.059441
0.019225 0.000010 0.111293 0.001183 0.703752 0.000010 0.000010 0.031738 0.000010 0.132759 0.000010
0.026987 0.000010 0.000010 0.001193 0.683956 0.000010 0.000010 0.000010 0.000010 0.234663 0.053141
0.432846 0.140885 0.000010 0.000010 0.000010 0.000010 0.000010 0.000010 0.000010 0.000010 0.426189
0.000010 0.741152 0.000010 0.000010 0.000010 0.000010 0.010112 0.018090 0.135049 0.021400 0.074146
0.000010 0.584315 0.000010 0.000010 0.019462 0.048386 0.006952 0.000010 0.126276 0.000010 0.214559
0.133563 0.744771 0.000010 0.000010 0.000010 0.000010 0.000010 0.000010 0.121586 0.000010 0.000010
0.000010 0.037381 0.000010 0.235951 0.000010 0.056613 0.369757 0.208772 0.036119 0.055368 0.000010
0.368423 0.000010 0.034258 0.039701 0.288614 0.000010 0.000010 0.090677 0.061977 0.116309 0.000010
0.000010 0.000010 0.018515 0.000010 0.863709 0.000010 0.000010 0.000010 0.000010 0.109095 0.008611
0.000010 0.000010 0.000010 0.579260 0.000010 0.049341 0.371319 0.000010 0.000010 0.000010 0.000010
0.000010 0.166745 0.000010 0.321684 0.000010 0.000010 0.430119 0.021007 0.000010 0.000010 0.060385
0.000010 0.000010 0.031286 0.000010 0.395996 0.030834 0.000010 0.001175 0.000010 0.540648 0.000010
0.000010 0.000010 0.026343 0.044247 0.397941 0.000010 0.008495 0.000010 0.000010 0.522913 0.000010
0.000010 0.000010 0.000010 0.000010 0.573020 0.000010 0.000010 0.000010 0.000010 0.384813 0.042087
0.000010 0.000010 0.014462 0.000010 0.926158 0.000010 0.044544 0.000010 0.000010 0.000010 0.014766
0.000010 0.000010 0.000010 0.044715 0.425008 0.000010 0.065904 0.000010 0.000010 0.464302 0.000010
0.000010 0.000010 0.072387 0.000010 0.405560 0.000010 0.000010 0.036577 0.000010 0.485405 0.000010
0.000010 0.611064 0.000010 0.000010 0.000010 0.000010 0.000010 0.000010 0.220087 0.000010 0.168769
0.000010 0.000010 0.000010 0.010192 0.789459 0.000010 0.000010 0.000010 0.000010 0.000010 0.200269
0.000010 0.638886 0.047341 0.000010 0.000010 0.000010 0.000010 0.000010 0.167875 0.000010 0.145829
0.071948 0.469187 0.172666 0.000010 0.000010 0.000010 0.000010 0.145272 0.000010 0.140866 0.000010
0.001683 0.789875 0.000010 0.000010 0.000010 0.004447 0.000010 0.044374 0.102746 0.056827 0.000010
0.000010 0.000010 0.047208 0.000010 0.388912 0.000010 0.000010 0.000010 0.000010 0.563800 0.000010
0.000010 0.983805 0.000010 0.000010 0.000010 0.000655 0.000010 0.015460 0.000010 0.000010 0.000010
0.079987 0.504749 0.000010 0.000010 0.000010 0.053588 0.000010 0.000010 0.301013 0.038852 0.021761
0.283610 0.000010 0.027087 0.000010 0.026809 0.000010 0.000010 0.000010 0.000010 0.000010 0.662425
0.652016 0.000010 0.026909 0.000010 0.000010 0.000010 0.000010 0.000010 0.000010 0.178524 0.142481
0.000010 0.239871 0.000010 0.000010 0.000010 0.000010 0.000010 0.025891 0.499439 0.000010 0.234730
0.000010 0.000010 0.080673 0.000010 0.405135 0.024348 0.038098 0.000010 0.000010 0.436301 0.015395
0.000010 0.000010 0.004402 0.000010 0.995508 0.000010 0.000010 0.000010 0.000010 0.000010 0.000010
0.030312 0.000010 0.047867 0.021385 0.861395 0.000010 0.000010 0.000010 0.000010 0.000010 0.038981
0.053964 0.002937 0.015352 0.000010 0.927677 0.000010 0.000010 0.000010 0.000010 0.000010 0.000010
0.000010 0.000010 0.052469 0.000010 0.285562 0.000010 0.004909 0.004874 0.040022 0.497825 0.114298
0.000010 0.000010 0.030215 0.085931 0.540831 0.000010 0.000010 0.053568 0.000010 0.265178 0.024226
0.000010 0.000010 0.000010 0.000010 0.999900 0.000010 0.000010 0.000010 0.000010 0.000010 0.000010
0.000010 0.001987 0.000010 0.000010 0.519196 0.000010 0.000010 0.000010 0.043819 0.396397 0.038542
0.007176 0.000010 0.000010 0.022740 0.507554 0.000010 0.000010 0.067396 0.051150 0.343935 0.000010
0.000010 0.000010 0.000010 0.085235 0.438221 0.000010 0.005759 0.000010 0.000010 0.470715 0.000010
0.000010 0.000010 0.000010 0.004338 0.745151 0.000010 0.000010 0.018039 0.000010 0.202916 0.029496
0.000010 0.000010 0.000010 0.022405 0.324957 0.000010 0.013991 0.000010 0.030986 0.607601 0.000010
0.189242 0.000010 0.000010 0.000010 0.293511 0.000010 0.000010 0.073956 0.000010 0.443220 0.000010
0.000010 0.019458 0.018531 0.000010 0.516476 0.010747 0.000010 0.005674 0.015844 0.357289 0.055950
0.137720 0.000010 0.000010 0.000010 0.000010 0.000010 0.338385 0.000010 0.100608 0.000010 0.423217
0.117833 0.288064 0.025279 0.000010 0.000010 0.046778 0.000010 0.000010 0.133871 0.000010 0.388125
0.000010 0.129962 0.000010 0.000010 0.000010 0.000010 0.000010 0.000010 0.869948 0.000010 0.000010
0.000010 0.000010 0.999900 0.000010 0.000010 0.000010 0.000010 0.000010 0.000010 0.000010 0.000010
0.000010 0.000010 0.000010 0.000010 0.461460 0.013884 0.000010 0.000010 0.014048 0.493404 0.017145
0.000010 0.024431 0.000010 0.000010 0.504165 0.039249 0.000010 0.021620 0.000010 0.410476 0.000010
0.075071 0.740099 0.015246 0.000010 0.010335 0.021602 0.005204 0.000010 0.081634 0.050779 0.000010
0.072268 0.683555 0.014615 0.019399 0.000010 0.000010 0.010135 0.000010 0.112401 0.022758 0.064838
0.005665 0.733111 0.000010 0.015631 0.000010 0.000010 0.000010 0.000010 0.245523 0.000010 0.000010
0.000010 0.000010 0.303136 0.000010 0.347867 0.015073 0.072091 0.000010 0.000010 0.094190 0.167594
0.222759 0.311851 0.015171 0.000010 0.000010 0.000010 0.000010 0.017453 0.139835 0.000010 0.292880
0.000010 0.040002 0.000010 0.000010 0.000010 0.000010 0.000010 0.000010 0.055269 0.000010 0.904650
0.000010 0.000010 0.000010 0.000010 0.039354 0.000010 0.000010 0.000010 0.271813 0.000010 0.688753
0.000010 0.000010 0.001049 0.000010 0.917763 0.016921 0.064197 0.000010 0.000010 0.000010 0.000010
0.000010 0.164667 0.000010 0.213486 0.014453 0.182361 0.000010 0.000010 0.122208 0.049659 0.253125
0.000010 0.000010 0.019973 0.000010 0.831079 0.000010 0.000010 0.066012 0.000010 0.082866 0.000010
0.000010 0.098614 0.000010 0.179419 0.015756 0.000010 0.000010 0.000010 0.274257 0.000010 0.431894
0.052220 0.000010 0.013859 0.026104 0.711078 0.000010 0.000010 0.091808 0.000010 0.104881 0.000010
0.000010 0.000010 0.053574 0.000010 0.880314 0.000010 0.000010 0.000010 0.000010 0.066031 0.000010
0.089601 0.332170 0.000010 0.000010 0.000010 0.000010 0.083042 0.000010 0.000010 0.265173 0.229954
0.679942 0.000010 0.000010 0.000010 0.000010 0.051340 0.268639 0.000010 0.000010 0.000010 0.000010
0.154068 0.451058 0.000010 0.123900 0.000010 0.000010 0.031687 0.000010 0.164454 0.000010 0.074782
0.048070 0.789412 0.000010 0.115083 0.000010 0.000010 0.000010 0.047365 0.000010 0.000010 0.000010
0.000010 0.885151 0.000010 0.000010 0.000010 0.000010 0.114759 0.000010 0.000010 0.000010 0.000010
0.956212 0.000010 0.000010 0.000010 0.000010 0.000010 0.000010 0.043698 0.000010 0.000010 0.000010
0.298650 0.000010 0.021495 0.000010 0.000010 0.000010 0.000010 0.016757 0.000010 0.000010 0.663027
0.042645 0.000010 0.000010 0.004271 0.000010 0.000010 0.007288 0.000010 0.945726 0.000010 0.000010
0.182832 0.000010 0.089581 0.453176 0.057381 0.000010 0.141123 0.000010 0.032860 0.000010 0.043007
0.012853 0.009915 0.019616 0.061933 0.037253 0.062926 0.000363 0.010166 0.670227 0.071373 0.043375
0.000010 0.152291 0.002648 0.160462 0.000010 0.000010 0.000010 0.000010 0.099698 0.000010 0.584841
0.163056 0.030950 0.003340 0.156226 0.065011 0.054038 0.080609 0.248723 0.039175 0.097607 0.061264
0.084085 0.548906 0.007180 0.081609 0.008420 0.029491 0.100566 0.000806 0.000694 0.066317 0.071926
0.041027 0.092006 0.000010 0.000010 0.007901 0.000010 0.285056 0.168823 0.141753 0.242285 0.021120
0.144754 0.159281 0.000010 0.000010 0.000010 0.031600 0.000010 0.000010 0.000010 0.007355 0.656950
0.000010 0.000010 0.000010 0.759989 0.000010 0.000010 0.019436 0.000010 0.065979 0.000010 0.154527
0.000010 0.000010 0.000010 0.000010 0.965189 0.000010 0.034721 0.000010 0.000010 0.000010 0.000010
0.000010 0.000010 0.000010 0.077339 0.000010 0.000010 0.000010 0.000010 0.922571 0.000010 0.000010
0.000010 0.007427 0.000010 0.061592 0.029880 0.093977 0.000010 0.041106 0.129926 0.000010 0.636053
0.999900 0.000010 0.000010 0.000010 0.000010 0.000010 0.000010 0.000010 0.000010 0.000010 0.000010
0.061235 0.000010 0.037795 0.021033 0.000010 0.000010 0.000010 0.019156 0.010127 0.000010 0.850604
0.000010 0.000010 0.040222 0.505237 0.000010 0.000010 0.135286 0.231113 0.088081 0.000010 0.000010
0.584158 0.000010 0.000010 0.065560 0.021988 0.000010 0.054035 0.000010 0.000010 0.067747 0.206462
0.000010 0.000010 0.220272 0.000010 0.107244 0.000010 0.646837 0.000010 0.000010 0.000010 0.025576
0.000010 0.000010 0.000010 0.101856 0.030792 0.000010 0.142974 0.001103 0.117969 0.000010 0.605255
0.358990 0.000010 0.021260 0.000010 0.570170 0.000010 0.000010 0.049511 0.000010 0.000010 0.000010
0.266969 0.000010 0.037688 0.000010 0.695263 0.000010 0.000010 0.000010 0.000010 0.000010 0.000010
0.320037 0.033954 0.062801 0.000010 0.052068 0.000010 0.000010 0.036020 0.000010 0.008580 0.486501
0.000010 0.000010 0.240858 0.000010 0.141160 0.000010 0.543051 0.000010 0.000010 0.029286 0.045585
0.053831 0.252918 0.000010 0.006274 0.038741 0.006363 0.044428 0.000010 0.007648 0.082797 0.506980
0.076243 0.230246 0.023819 0.000010 0.000010 0.000010 0.159969 0.000010 0.000010 0.024501 0.485171
0.000010 0.000010 0.000010 0.389605 0.000010 0.000010 0.585026 0.000010 0.000010 0.014999 0.010300
0.124053 0.040676 0.000010 0.263060 0.000010 0.000010 0.000010 0.245824 0.292631 0.000010 0.033706
0.000010 0.000010 0.000010 0.398602 0.000010 0.067862 0.000010 0.000010 0.268218 0.000010 0.265248
0.000010 0.051729 0.000010 0.453067 0.000010 0.019428 0.044531 0.084950 0.223746 0.000010 0.122508
0.000010 0.000010 0.000010 0.000010 0.000010 0.000010 0.000010 0.038615 0.512456 0.000010 0.448849
0.086575 0.144215 0.000010 0.563069 0.000010 0.000010 0.000010 0.000010 0.206070 0.000010 0.000010
0.000010 0.000010 0.000010 0.000010 0.000010 0.000010 0.000010 0.000010 0.433001 0.000010 0.566909
0.000010 0.000010 0.000010 0.000010 0.000010 0.000010 0.000010 0.000010 0.320552 0.000010 0.679358
0.000010 0.000010 0.000010 0.000010 0.000010 0.027235 0.000010 0.000010 0.343271 0.000010 0.629414
0.108079 0.144677 0.000010 0.005047 0.000010 0.000010 0.008892 0.000010 0.000010 0.000010 0.733245
0.428894 0.135209 0.080231 0.000010 0.035961 0.000010 0.000010 0.033539 0.000010 0.093696 0.192430
0.000010 0.000010 0.000010 0.000010 0.000010 0.000010 0.000010 0.000010 0.319467 0.067292 0.613161
0.000010 0.000010 0.193436 0.806474 0.000010 0.000010 0.000010 0.000010 0.000010 0.000010 0.000010
0.823877 0.000010 0.000010 0.000010 0.000010 0.000010 0.000010 0.000010 0.000010 0.000010 0.176033
0.004247 0.259717 0.000010 0.000010 0.074115 0.000010 0.000010 0.000010 0.120761 0.000010 0.541101
0.145852 0.000010 0.000010 0.112901 0.002557 0.042690 0.000010 0.000010 0.047743 0.000010 0.648207
0.000010 0.000010 0.000010 0.000010 0.000010 0.000010 0.000010 0.042970 0.956940 0.000010 0.000010
0.239844 0.287415 0.090467 0.000010 0.000010 0.000010 0.000010 0.017774 0.000010 0.000010 0.364439
