0.035220 0.123748 0.000010 0.000010 0.000010 0.398433 0.442559 0.000010
0.000010 0.045108 0.003702 0.000010 0.009137 0.001961 0.701006 0.239065
0.000010 0.000010 0.000010 0.000010 0.000010 0.000010 0.042981 0.956959
0.024246 0.048845 0.119920 0.000010 0.014610 0.036357 0.000010 0.756002
0.000010 0.000010 0.275837 0.042466 0.000010 0.000010 0.035086 0.646571
0.000010 0.000010 0.211906 0.000010 0.000010 0.000010 0.000010 0.788034
0.000010 0.000010 0.018182 0.000010 0.000010 0.000010 0.075730 0.906038
0.000010 0.000010 0.000010 0.077504 0.000010 0.000010 0.088070 0.834376
0.000010 0.000010 0.000010 0.999930 0.000010 0.000010 0.000010 0.000010
0.080414 0.000010 0.000010 0.438376 0.000010 0.053671 0.212338 0.215171
0.999930 0.000010 0.000010 0.000010 0.000010 0.000010 0.000010 0.000010
0.999930 0.000010 0.000010 0.000010 0.000010 0.000010 0.000010 0.000010
0.999930 0.000010 0.000010 0.000010 0.000010 0.000010 0.000010 0.000010
0.000010 0.000010 0.000010 0.000010 0.000010 0.000010 0.999930 0.000010
0.000010 0.000010 0.053470 0.043871 0.000010 0.000010 0.102156 0.800462
0.226432 0.000010 0.000010 0.089140 0.000010 0.619527 0.064861 0.000010
0.037711 0.000010 0.040240 0.005470 0.143739 0.340687 0.073687 0.358456
0.000010 0.000010 0.000010 0.024443 0.000010 0.000010 0.000010 0.975497
0.000010 0.000010 0.000010 0.999930 0.000010 0.000010 0.000010 0.000010
0.000010 0.000010 0.000010 0.999930 0.000010 0.000010 0.000010 0.000010
0.032212 0.002753 0.000010 0.000010 0.000010 0.000010 0.118951 0.846044
0.000010 0.000010 0.000010 0.999930 0.000010 0.000010 0.000010 0.000010
0.000010 0.000010 0.089029 0.000010 0.053876 0.000010 0.000010 0.857045
0.000348 0.000010 0.070458 0.022159 0.040838 0.000010 0.036478 0.829700
0.000010 0.000010 0.000010 0.000010 0.033062 0.000010 0.056613 0.910275
0.000010 0.000010 0.000010 0.000010 0.000010 0.000010 0.000010 0.999930
0.000010 0.000010 0.061881 0.000010 0.000010 0.000010 0.151824 0.786246
0.000010 0.000010 0.148220 0.000010 0.000010 0.000010 0.138186 0.713544
0.002884 0.667764 0.000010 0.000010 0.000010 0.096584 0.190522 0.042215
0.000010 0.000010 0.026921 0.000010 0.007417 0.000010 0.071289 0.894333
0.001577 0.000010 0.000010 0.000010 0.000010 0.000010 0.000010 0.998363
0.005765 0.000010 0.076005 0.000010 0.000010 0.000010 0.259237 0.658953
0.000010 0.000010 0.086054 0.000010 0.000010 0.037718 0.184690 0.691498
0.089479 0.039068 0.173891 0.000010 0.000010 0.000010 0.026710 0.670822
0.041467 0.000010 0.074128 0.000010 0.000010 0.000010 0.169086 0.715279
0.086949 0.076358 0.254237 0.000010 0.120230 0.057009 0.405196 0.000010
0.007509 0.000010 0.000010 0.000010 0.000010 0.000010 0.105350 0.887092
0.000010 0.633137 0.178387 0.022590 0.143234 0.000019 0.000010 0.022614
0.999930 0.000010 0.000010 0.000010 0.000010 0.000010 0.000010 0.000010
0.610545 0.000010 0.000010 0.389395 0.000010 0.000010 0.000010 0.000010
0.130015 0.000010 0.000010 0.869925 0.000010 0.000010 0.000010 0.000010
0.009978 0.166902 0.000010 0.823070 0.000010 0.000010 0.000010 0.000010
0.000010 0.000010 0.000010 0.999930 0.000010 0.000010 0.000010 0.000010
0.038845 0.143705 0.000010 0.817400 0.000010 0.000010 0.000010 0.000010
0.000010 0.000010 0.000010 0.999930 0.000010 0.000010 0.000010 0.000010
0.060793 0.069302 0.095659 0.019851 0.000010 0.326006 0.371835 0.056544
0.132597 0.000010 0.124021 0.243193 0.000010 0.500149 0.000010 0.000010
0.999930 0.000010 0.000010 0.000010 0.000010 0.000010 0.000010 0.000010
0.000010 0.000010 0.200842 0.000010 0.000010 0.000010 0.000010 0.799098
0.076410 0.000010 0.000010 0.923530 0.000010 0.000010 0.000010 0.000010
0.443508 0.000010 0.101069 0.176649 0.000010 0.278733 0.000010 0.000010
0.002003 0.000010 0.338945 0.000010 0.000010 0.000010 0.659001 0.000010
0.162696 0.096369 0.000010 0.720283 0.000010 0.020613 0.000010 0.000010
0.076945 0.000010 0.000010 0.000010 0.003522 0.861022 0.028319 0.030162
0.193052 0.600598 0.000010 0.000010 0.000010 0.206300 0.000010 0.000010
0.175472 0.000010 0.000010 0.225385 0.000010 0.543315 0.000010 0.055788
0.011160 0.132218 0.168454 0.051957 0.000010 0.093428 0.542762 0.000010
0.000010 0.000010 0.072621 0.000010 0.079781 0.000010 0.491160 0.356398
0.018055 0.355647 0.429861 0.000018 0.000010 0.000010 0.196388 0.000010
0.000010 0.274554 0.000010 0.000010 0.000010 0.232502 0.492893 0.000010
0.000010 0.349888 0.000010 0.000010 0.000010 0.134299 0.299739 0.216034
0.000010 0.000010 0.078922 0.000010 0.039851 0.000010 0.000010 0.881177
0.036523 0.000010 0.206630 0.000010 0.000010 0.000010 0.000010 0.756797
0.000010 0.000010 0.549924 0.000010 0.000010 0.000010 0.450016 0.000010
0.018642 0.000010 0.575625 0.000010 0.000010 0.000010 0.405682 0.000010
0.000010 0.000010 0.000010 0.122574 0.000010 0.877366 0.000010 0.000010
0.070147 0.129052 0.033923 0.068862 0.078055 0.597552 0.022398 0.000010
0.000010 0.000010 0.000010 0.000010 0.073129 0.000010 0.632639 0.294182
0.000010 0.000010 0.000010 0.000010 0.000010 0.999930 0.000010 0.000010
0.109043 0.087723 0.000010 0.038346 0.129615 0.556482 0.078770 0.000010
0.040772 0.864392 0.000010 0.000010 0.000010 0.000010 0.094786 0.000010
0.063487 0.084571 0.000010 0.059593 0.063158 0.666124 0.008566 0.054491
0.000010 0.718464 0.000010 0.000010 0.000010 0.000010 0.281476 0.000010
0.000010 0.005677 0.625689 0.000010 0.043648 0.065181 0.259776 0.000010
0.000010 0.340188 0.173399 0.000010 0.000010 0.000010 0.421884 0.064489
0.000010 0.001005 0.025599 0.000010 0.024012 0.017511 0.623828 0.308027
0.030458 0.144587 0.000010 0.090257 0.108081 0.565711 0.060885 0.000010
0.000010 0.000010 0.000010 0.023176 0.000010 0.000010 0.162049 0.814724
0.000010 0.000168 0.318647 0.000010 0.000010 0.000010 0.000010 0.681135
0.033039 0.000010 0.014504 0.000010 0.000010 0.024958 0.000010 0.927459
0.000011 0.000010 0.000010 0.021315 0.000010 0.032609 0.024614 0.921422
0.008265 0.000010 0.292749 0.000010 0.000010 0.000010 0.000010 0.698936
0.009442 0.000010 0.000649 0.000010 0.048872 0.000010 0.000010 0.940996
0.000010 0.037269 0.293881 0.018872 0.000118 0.000010 0.649830 0.000010
0.999930 0.000010 0.000010 0.000010 0.000010 0.000010 0.000010 0.000010
0.046706 0.000010 0.000010 0.000010 0.576406 0.234739 0.047756 0.094364
0.083364 0.000010 0.000010 0.916576 0.000010 0.000010 0.000010 0.000010
0.000010 0.000010 0.000010 0.999930 0.000010 0.000010 0.000010 0.000010
0.000010 0.000010 0.000010 0.999930 0.000010 0.000010 0.000010 0.000010
0.267360 0.095618 0.000010 0.167627 0.000010 0.469355 0.000010 0.000010
0.000010 0.000010 0.660308 0.097271 0.000010 0.000010 0.242371 0.000010
0.000010 0.000010 0.401792 0.000010 0.031294 0.000010 0.566863 0.000010
0.000010 0.000010 0.037578 0.000010 0.045445 0.013490 0.087390 0.816068
0.000010 0.286169 0.161950 0.000010 0.551831 0.000010 0.000010 0.000010
0.000010 0.752649 0.222723 0.000010 0.000010 0.014591 0.000010 0.009997
0.000010 0.061033 0.336533 0.088048 0.131889 0.000010 0.382466 0.000010
0.000010 0.037025 0.862864 0.000010 0.000010 0.100061 0.000010 0.000010
0.000010 0.000010 0.181683 0.079513 0.000010 0.139996 0.440128 0.158650
0.000010 0.000010 0.781603 0.000010 0.000010 0.000010 0.218337 0.000010
0.146282 0.116886 0.151468 0.020985 0.000010 0.352016 0.000010 0.212344
0.000010 0.000010 0.601054 0.000010 0.000010 0.000010 0.398886 0.000010
0.000010 0.000010 0.160422 0.002085 0.000010 0.070425 0.420614 0.346424
0.000010 0.000010 0.310907 0.021938 0.000010 0.000010 0.667105 0.000010
0.000010 0.311137 0.220213 0.009099 0.000010 0.020511 0.439010 0.000010
0.073066 0.067020 0.000010 0.000010 0.041651 0.738459 0.079773 0.000010
0.000010 0.938288 0.061652 0.000010 0.000010 0.000010 0.000010 0.000010
0.028054 0.000010 0.027114 0.000010 0.000010 0.009612 0.143902 0.791287
0.000010 0.000010 0.000010 0.000010 0.000010 0.000010 0.000010 0.999930
0.000010 0.000010 0.000010 0.044174 0.286028 0.669749 0.000010 0.000010
0.030399 0.135197 0.168951 0.000010 0.584799 0.080623 0.000010 0.000010
0.023188 0.000010 0.004274 0.000010 0.885089 0.000010 0.087408 0.000010
0.000010 0.000010 0.000010 0.000010 0.960198 0.039742 0.000010 0.000010
0.209679 0.000011 0.000010 0.120571 0.000010 0.626116 0.000010 0.043593
0.103007 0.001489 0.181862 0.000010 0.000010 0.000010 0.556810 0.156801
0.063497 0.000010 0.446982 0.029236 0.000010 0.206837 0.253418 0.000010
0.000010 0.000010 0.051703 0.017180 0.000010 0.013286 0.070572 0.847229
0.009839 0.348906 0.428861 0.031733 0.000010 0.065917 0.114724 0.000010
0.000010 0.000010 0.000010 0.000010 0.025586 0.000010 0.120758 0.853606
0.000010 0.000010 0.065863 0.000010 0.026981 0.007543 0.160974 0.738609
0.000010 0.000010 0.000010 0.000010 0.999930 0.000010 0.000010 0.000010
0.000010 0.361536 0.000010 0.017305 0.024258 0.016928 0.512408 0.067545
0.000010 0.000010 0.000010 0.026963 0.972977 0.000010 0.000010 0.000010
0.000010 0.000010 0.000010 0.000010 0.999930 0.000010 0.000010 0.000010
0.000010 0.000010 0.000010 0.014154 0.931419 0.000010 0.054376 0.000010
0.000010 0.482442 0.146297 0.084113 0.000010 0.000010 0.282176 0.004943
0.000010 0.000010 0.180839 0.020963 0.000010 0.000010 0.012364 0.785794
0.000010 0.000010 0.000010 0.032575 0.085458 0.000010 0.138275 0.743652
0.000010 0.424212 0.092541 0.014902 0.205147 0.070625 0.000010 0.192552
0.005935 0.453301 0.000010 0.084905 0.290724 0.165104 0.000010 0.000010
0.023109 0.075058 0.073112 0.001525 0.000010 0.228828 0.364703 0.233655
0.000010 0.000010 0.080364 0.000010 0.024618 0.000010 0.130212 0.764766
0.000010 0.999930 0.000010 0.000010 0.000010 0.000010 0.000010 0.000010
0.000010 0.801272 0.000010 0.198668 0.000010 0.000010 0.000010 0.000010
0.000010 0.723617 0.224765 0.000010 0.000010 0.000010 0.000010 0.051568
0.000010 0.000010 0.152825 0.000010 0.000010 0.000010 0.000010 0.847115
0.047169 0.017530 0.078879 0.000010 0.000010 0.000010 0.000010 0.856382
0.000010 0.000010 0.000010 0.000010 0.071618 0.000010 0.299031 0.629302
0.049514 0.000010 0.000010 0.000010 0.000010 0.000010 0.046706 0.903729
0.314845 0.136873 0.000010 0.069966 0.000010 0.478276 0.000010 0.000010
0.000010 0.000010 0.874288 0.000010 0.000010 0.000010 0.109067 0.016595
0.175765 0.009216 0.076008 0.182953 0.000010 0.369511 0.026616 0.159922
0.000010 0.000010 0.061661 0.000010 0.000010 0.331894 0.387926 0.218479
0.108423 0.000010 0.000010 0.115326 0.000010 0.776201 0.000010 0.000010
0.091649 0.000010 0.006129 0.008876 0.000010 0.893306 0.000010 0.000010
0.019294 0.074265 0.000010 0.101905 0.000010 0.804496 0.000010 0.000010
0.063936 0.000010 0.092557 0.007399 0.000010 0.836068 0.000010 0.000010
0.000010 0.675443 0.000010 0.110475 0.005868 0.208174 0.000010 0.000010
0.000010 0.000010 0.000010 0.000010 0.999930 0.000010 0.000010 0.000010
0.000010 0.000010 0.237260 0.000010 0.013739 0.000010 0.748951 0.000010
0.010891 0.000010 0.453256 0.012952 0.000010 0.046956 0.161689 0.314237
0.000010 0.000010 0.000010 0.021693 0.189967 0.788289 0.000010 0.000010
0.000010 0.000010 0.051515 0.000010 0.061425 0.000010 0.532896 0.354123
0.002353 0.074260 0.000010 0.087318 0.000010 0.836029 0.000010 0.000010
0.000010 0.000010 0.295336 0.000010 0.000010 0.000010 0.289207 0.415407
0.000010 0.000010 0.341147 0.033095 0.016631 0.000010 0.274576 0.334522
0.022223 0.003805 0.500222 0.000010 0.000010 0.000010 0.360527 0.113194
0.035021 0.253032 0.000010 0.049237 0.125013 0.048339 0.414823 0.074524
0.000010 0.053321 0.712745 0.000010 0.000010 0.000010 0.233884 0.000010
0.033909 0.000010 0.452864 0.020274 0.000010 0.000010 0.492913 0.000010
0.000010 0.585042 0.250848 0.000010 0.000010 0.123611 0.000010 0.040460
0.000010 0.280287 0.000010 0.000010 0.000010 0.253047 0.466616 0.000010
0.019330 0.530872 0.250226 0.028155 0.036314 0.135082 0.000010 0.000010
0.022398 0.000010 0.000010 0.001621 0.029941 0.065587 0.860421 0.020012
0.066201 0.146456 0.000010 0.000010 0.000010 0.097407 0.689896 0.000010
0.000010 0.322911 0.120292 0.029344 0.000010 0.086711 0.350835 0.089889
0.000010 0.000010 0.000010 0.000010 0.000010 0.322330 0.480648 0.196971
0.000010 0.000010 0.999930 0.000010 0.000010 0.000010 0.000010 0.000010
0.000010 0.000010 0.000010 0.008872 0.000010 0.000010 0.600162 0.390916
0.000010 0.008553 0.491201 0.019985 0.000010 0.000010 0.274545 0.205686
0.000010 0.000010 0.591856 0.000010 0.000010 0.408084 0.000010 0.000010
0.000010 0.000010 0.000010 0.000010 0.000010 0.984811 0.015129 0.000010
0.000010 0.000010 0.023313 0.009522 0.059019 0.000010 0.655629 0.252487
0.042404 0.000010 0.957536 0.000010 0.000010 0.000010 0.000010 0.000010
0.000013 0.110085 0.000010 0.000010 0.889852 0.000010 0.000010 0.000010
0.014080 0.000010 0.000010 0.052189 0.906568 0.010474 0.000010 0.016659
0.000010 0.504142 0.277352 0.000010 0.000010 0.000010 0.000010 0.218456
0.000010 0.000010 0.000010 0.023915 0.976025 0.000010 0.000010 0.000010
0.000010 0.000010 0.000010 0.026012 0.874473 0.054326 0.025034 0.020125
0.005569 0.002926 0.000010 0.000010 0.627791 0.165791 0.153880 0.044023
0.000010 0.000010 0.000099 0.000010 0.000010 0.908288 0.062635 0.028937
0.002913 0.146714 0.000010 0.000010 0.850323 0.000010 0.000010 0.000010
0.000010 0.044045 0.000010 0.031519 0.825322 0.000010 0.078286 0.020799
0.046004 0.070202 0.000010 0.000010 0.883744 0.000010 0.000010 0.000010
0.033149 0.000010 0.000010 0.000010 0.000010 0.000010 0.669056 0.297745
0.000010 0.000010 0.000010 0.022691 0.095272 0.000010 0.830191 0.051807
0.000010 0.411287 0.170537 0.000010 0.148383 0.069517 0.200247 0.000010
0.009438 0.097086 0.329354 0.000010 0.000010 0.000010 0.259928 0.304164
0.043333 0.010201 0.000011 0.000010 0.946415 0.000010 0.000010 0.000010
0.012647 0.185229 0.535053 0.052813 0.049121 0.053478 0.093250 0.018409
0.031776 0.106963 0.000010 0.000010 0.852942 0.008278 0.000010 0.000010
0.000010 0.000010 0.000010 0.024218 0.823902 0.109011 0.000010 0.042830
0.013092 0.000010 0.291579 0.000010 0.018161 0.054455 0.206706 0.415987
0.000010 0.000010 0.000010 0.000010 0.000010 0.000010 0.999930 0.000010
0.000010 0.031045 0.026191 0.030141 0.837045 0.000010 0.040952 0.034607
0.000010 0.072573 0.000010 0.000010 0.000010 0.000010 0.712827 0.214550
0.000010 0.650150 0.005671 0.000010 0.058385 0.000010 0.285754 0.000010
0.000010 0.027704 0.000010 0.002787 0.959499 0.000010 0.009970 0.000010
0.012469 0.000010 0.000010 0.037802 0.798247 0.033875 0.117578 0.000010
0.017909 0.000010 0.042650 0.000010 0.939391 0.000010 0.000010 0.000010
0.030456 0.159042 0.606834 0.000010 0.029744 0.148450 0.025453 0.000010
0.000010 0.999930 0.000010 0.000010 0.000010 0.000010 0.000010 0.000010
0.000010 0.000010 0.139869 0.000010 0.000010 0.448616 0.192583 0.218893
0.000010 0.253097 0.217766 0.000010 0.104894 0.049955 0.198120 0.176149
0.000010 0.113378 0.000010 0.000680 0.721105 0.044819 0.000010 0.119987
0.020443 0.000010 0.031848 0.000010 0.918856 0.000010 0.028813 0.000010
0.000010 0.092861 0.033024 0.104015 0.676585 0.000010 0.093485 0.000010
0.057819 0.015127 0.000010 0.000010 0.839679 0.000010 0.087334 0.000010
0.000010 0.000010 0.000010 0.000010 0.045284 0.000010 0.771660 0.183006
0.029811 0.000012 0.158028 0.000010 0.000010 0.000010 0.000010 0.812109
0.050627 0.000010 0.012160 0.065970 0.011506 0.000010 0.077410 0.782307
0.000010 0.000010 0.004394 0.000010 0.000010 0.061826 0.083314 0.850427
0.035901 0.434145 0.039887 0.043708 0.092468 0.332143 0.000010 0.021737
0.000010 0.000010 0.000010 0.000010 0.962621 0.000010 0.037319 0.000010
0.028558 0.635695 0.000010 0.031689 0.000010 0.304019 0.000010 0.000010
0.026816 0.446738 0.000010 0.000010 0.033953 0.327165 0.118337 0.046972
0.039678 0.055335 0.011341 0.000010 0.781882 0.000010 0.052497 0.059248
0.015872 0.030880 0.000010 0.000010 0.877930 0.000010 0.075279 0.000010
0.000010 0.000010 0.000010 0.005175 0.969994 0.000010 0.024781 0.000010
0.084886 0.016699 0.000010 0.003896 0.761255 0.000010 0.000010 0.133233
0.000010 0.000493 0.225781 0.000010 0.000010 0.000010 0.015821 0.757865
0.000010 0.000010 0.248833 0.000010 0.000010 0.000010 0.055319 0.695798
0.012954 0.000010 0.148277 0.013248 0.000010 0.000010 0.000010 0.825481
0.000010 0.090691 0.000010 0.000010 0.851023 0.000010 0.058236 0.000010
0.000010 0.000010 0.000010 0.000010 0.000010 0.000010 0.000010 0.999930
0.000010 0.000010 0.191195 0.052801 0.013737 0.000010 0.000010 0.742227
0.043101 0.000011 0.546518 0.000010 0.000010 0.000010 0.183006 0.227334
0.000010 0.000010 0.000019 0.047964 0.878386 0.000010 0.073591 0.000010
0.000010 0.000010 0.000010 0.000010 0.999930 0.000010 0.000010 0.000010
0.000010 0.018653 0.067235 0.000010 0.797392 0.035936 0.080753 0.000010
0.000010 0.021533 0.057584 0.000010 0.816120 0.000010 0.071924 0.032809
0.003095 0.101532 0.082818 0.000010 0.802923 0.000010 0.009603 0.000010
0.033653 0.099954 0.011053 0.003890 0.784847 0.000010 0.040076 0.026516
0.000010 0.042485 0.000010 0.009320 0.936467 0.000010 0.000010 0.011688
0.054895 0.000522 0.004006 0.051139 0.789686 0.000010 0.067298 0.032445
0.008160 0.000010 0.256472 0.000010 0.037942 0.269175 0.428221 0.000010
0.000010 0.000010 0.794260 0.028163 0.000010 0.000010 0.000010 0.177527
0.064266 0.000010 0.069209 0.000010 0.816284 0.000010 0.043312 0.006899
0.017652 0.037528 0.046038 0.092408 0.772207 0.000010 0.011211 0.022947
0.000010 0.000010 0.000010 0.000010 0.132286 0.000010 0.000010 0.867654
0.019410 0.043699 0.043080 0.008972 0.000010 0.000010 0.078886 0.805933
0.037952 0.000010 0.167449 0.000010 0.000010 0.000010 0.000010 0.794550
0.054365 0.000010 0.000010 0.000010 0.581037 0.158766 0.205792 0.000010
0.017826 0.000010 0.154293 0.000010 0.000010 0.000010 0.827831 0.000010
0.000010 0.000010 0.311800 0.024001 0.000010 0.000010 0.664149 0.000010
0.000010 0.000010 0.010231 0.075217 0.906654 0.007857 0.000010 0.000010
0.000010 0.187269 0.157537 0.210283 0.184134 0.000010 0.246613 0.014143
0.000010 0.092962 0.441028 0.064122 0.034588 0.000010 0.357508 0.009772
0.000010 0.000010 0.000010 0.000010 0.999930 0.000010 0.000010 0.000010
0.000010 0.094391 0.000010 0.101810 0.075236 0.160570 0.567963 0.000010
0.000010 0.156936 0.059093 0.000010 0.000010 0.034483 0.243692 0.505766
0.062599 0.000010 0.000010 0.000010 0.019767 0.114624 0.802970 0.000010
0.000010 0.000010 0.773604 0.000010 0.000010 0.226336 0.000010 0.000010
0.000010 0.105886 0.117067 0.066781 0.000010 0.000010 0.565643 0.144593
0.045844 0.242996 0.138737 0.000010 0.211148 0.230560 0.060379 0.070327
0.016431 0.000010 0.000010 0.000010 0.000010 0.000010 0.919802 0.063717
0.000010 0.656503 0.111755 0.000010 0.000010 0.037069 0.022862 0.171781
0.000010 0.006353 0.000012 0.084357 0.897495 0.011754 0.000010 0.000010
0.066647 0.001588 0.151517 0.113574 0.000010 0.000010 0.559351 0.107303
0.000010 0.000010 0.000010 0.000010 0.000010 0.000010 0.999930 0.000010
0.103458 0.067839 0.000010 0.000010 0.026694 0.099373 0.702606 0.000010
0.010989 0.000010 0.000010 0.000010 0.324458 0.658505 0.006008 0.000010
0.000010 0.095908 0.160844 0.039235 0.067361 0.049859 0.535678 0.051105
0.000010 0.000010 0.000010 0.000010 0.116661 0.080668 0.580484 0.222147
0.000010 0.000010 0.000010 0.015100 0.070662 0.111547 0.481757 0.320905
0.000010 0.354383 0.479362 0.000010 0.000010 0.000010 0.166204 0.000010
0.000010 0.562708 0.313370 0.009899 0.000010 0.000010 0.000010 0.113983
0.000010 0.000010 0.743310 0.000010 0.000010 0.000010 0.256630 0.000010
0.000010 0.000010 0.588190 0.000010 0.000010 0.000010 0.411750 0.000010
0.000355 0.080365 0.443505 0.000010 0.000010 0.000010 0.475735 0.000010
0.017647 0.000010 0.000010 0.010412 0.000010 0.000010 0.961707 0.010193
0.000010 0.000010 0.347829 0.035428 0.000010 0.060535 0.556169 0.000010
0.000010 0.000010 0.000010 0.000010 0.045291 0.000010 0.830214 0.124445
0.000010 0.000010 0.092320 0.042280 0.026476 0.000010 0.632019 0.206875
0.024949 0.061929 0.032123 0.000010 0.050132 0.000010 0.830838 0.000010
0.000010 0.000010 0.000010 0.014032 0.058645 0.000010 0.835234 0.092050
0.032698 0.057260 0.000010 0.004576 0.130075 0.000010 0.775360 0.000010
0.000010 0.285509 0.000010 0.000010 0.319546 0.154433 0.240472 0.000010
0.000010 0.000010 0.000010 0.000010 0.000010 0.000010 0.642582 0.357358
0.000010 0.005789 0.089708 0.000010 0.000010 0.000010 0.684545 0.219917
0.000010 0.061145 0.000010 0.000010 0.000010 0.134081 0.622852 0.181883
0.000010 0.079813 0.000010 0.000010 0.398644 0.171041 0.345372 0.005100
0.026348 0.000010 0.791895 0.000010 0.023581 0.000010 0.054300 0.103846
0.000010 0.047714 0.710850 0.000010 0.028706 0.064334 0.148366 0.000010
0.000010 0.060405 0.118300 0.044947 0.000010 0.303529 0.353428 0.119371
0.014921 0.102884 0.000010 0.010800 0.000010 0.035532 0.470586 0.365257
0.000010 0.060902 0.000382 0.027079 0.836720 0.074886 0.000010 0.000010
0.000010 0.000010 0.035146 0.057848 0.890784 0.000010 0.016181 0.000010
0.000010 0.051826 0.514762 0.105597 0.000348 0.136209 0.191238 0.000010
0.043213 0.043362 0.030590 0.000010 0.846076 0.000010 0.000010 0.036729
0.027867 0.126258 0.000010 0.054872 0.542205 0.000010 0.244399 0.004379
0.000010 0.000010 0.775923 0.000010 0.000010 0.045225 0.178803 0.000010
0.000192 0.231022 0.000010 0.007908 0.603472 0.046766 0.000010 0.110620
0.000010 0.344281 0.134479 0.049152 0.173223 0.000010 0.298835 0.000010
0.000010 0.000010 0.151048 0.000010 0.000010 0.000010 0.643123 0.205778
0.000010 0.501453 0.031717 0.044720 0.000010 0.066852 0.302029 0.053209
0.000010 0.133321 0.000010 0.066854 0.604673 0.000010 0.069221 0.125901
0.000010 0.150290 0.182323 0.000010 0.000010 0.000010 0.667337 0.000010
0.000010 0.003979 0.250194 0.008974 0.028163 0.058334 0.632539 0.017805
0.000010 0.000010 0.420871 0.000010 0.000010 0.000010 0.282774 0.296305
0.031337 0.100755 0.036027 0.012816 0.000015 0.000010 0.419240 0.399800
0.000010 0.020968 0.177117 0.000010 0.000010 0.000010 0.008282 0.793593
0.000010 0.069735 0.219085 0.000010 0.000010 0.000010 0.507632 0.203508
0.000010 0.096513 0.073029 0.000010 0.102362 0.000010 0.450152 0.277914
0.063904 0.025309 0.297150 0.000010 0.054518 0.003633 0.483961 0.071515
0.000010 0.000010 0.184888 0.011894 0.000010 0.000010 0.000010 0.803167
0.000010 0.000010 0.012150 0.020351 0.000010 0.000010 0.004602 0.962857
0.000010 0.249674 0.000010 0.013367 0.581803 0.037830 0.068926 0.048381
0.028022 0.000010 0.033250 0.000010 0.523816 0.113716 0.158044 0.143131
