0.440843 0.001060 0.085525 0.389391 0.030844 0.000010 0.001063 0.041402 0.009853 0.000010
0.140668 0.000010 0.000010 0.016994 0.000010 0.027547 0.000010 0.551394 0.000010 0.263348
0.063910 0.000010 0.000010 0.000010 0.000010 0.000010 0.000010 0.000010 0.000010 0.936010
0.031893 0.000010 0.021999 0.030525 0.012837 0.185649 0.029430 0.031804 0.000010 0.655843
0.079727 0.000010 0.000010 0.000010 0.000010 0.291748 0.000010 0.029914 0.000010 0.598551
0.012149 0.001795 0.000010 0.000010 0.000010 0.215363 0.000010 0.032240 0.000010 0.738403
0.143310 0.000010 0.000010 0.000010 0.009222 0.085699 0.000010 0.000010 0.000010 0.761708
0.009015 0.000010 0.000010 0.000010 0.045218 0.000010 0.078845 0.065358 0.000010 0.801514
0.128013 0.100106 0.179785 0.417290 0.000010 0.094796 0.029792 0.041333 0.008866 0.000010
0.097993 0.000010 0.000010 0.000010 0.042598 0.000010 0.000014 0.849156 0.000010 0.010188
0.000010 0.000010 0.000010 0.000010 0.000010 0.000010 0.999910 0.000010 0.000010 0.000010
0.021355 0.131644 0.000010 0.080971 0.000010 0.018053 0.304356 0.197201 0.000010 0.246391
0.000010 0.999910 0.000010 0.000010 0.000010 0.000010 0.000010 0.000010 0.000010 0.000010
0.000010 0.999910 0.000010 0.000010 0.000010 0.000010 0.000010 0.000010 0.000010 0.000010
0.000010 0.999910 0.000010 0.000010 0.000010 0.000010 0.000010 0.000010 0.000010 0.000010
0.246224 0.000010 0.000010 0.000010 0.000010 0.000010 0.000010 0.657937 0.000010 0.095769
0.071438 0.000010 0.001490 0.000010 0.000010 0.086508 0.008370 0.000010 0.000010 0.832145
0.135445 0.466283 0.000010 0.376629 0.000010 0.000010 0.021583 0.000010 0.000010 0.000010
0.021071 0.204936 0.000010 0.195969 0.068634 0.051675 0.000010 0.000010 0.047829 0.409856
0.045290 0.127249 0.192361 0.137258 0.277221 0.125882 0.000010 0.000010 0.069191 0.025528
0.000010 0.000010 0.000010 0.000010 0.000010 0.146329 0.022639 0.000010 0.008931 0.822041
0.000010 0.000010 0.000010 0.000010 0.000010 0.000010 0.999910 0.000010 0.000010 0.000010
0.000010 0.000010 0.000010 0.000010 0.000010 0.000010 0.999910 0.000010 0.000010 0.000010
0.164892 0.000010 0.031228 0.000010 0.000010 0.071322 0.027107 0.000010 0.000010 0.705402
0.000010 0.000010 0.000010 0.000010 0.000010 0.000010 0.999910 0.000010 0.000010 0.000010
0.127280 0.000010 0.000010 0.021764 0.000010 0.064127 0.020234 0.014874 0.000010 0.751681
0.000010 0.000010 0.000010 0.000010 0.039912 0.089408 0.001849 0.038432 0.000010 0.830349
0.000010 0.000010 0.000010 0.000011 0.000010 0.999909 0.000010 0.000010 0.000010 0.000010
0.000010 0.000010 0.000010 0.000010 0.000010 0.066423 0.029627 0.045689 0.003763 0.854448
0.000010 0.000010 0.000010 0.000010 0.000010 0.000010 0.000010 0.000010 0.013092 0.986828
0.195681 0.000010 0.000010 0.039127 0.000010 0.105006 0.000010 0.028976 0.000010 0.631160
0.000010 0.000010 0.000010 0.000010 0.000010 0.182105 0.000010 0.247682 0.000010 0.570143
0.000010 0.000010 0.554649 0.124155 0.000010 0.000010 0.013400 0.172825 0.001384 0.133547
0.000010 0.000010 0.013165 0.000010 0.000010 0.101019 0.005607 0.165617 0.000010 0.714542
0.000010 0.000010 0.000010 0.000010 0.000010 0.000010 0.000010 0.000010 0.000010 0.999910
0.000010 0.000010 0.167880 0.283077 0.158768 0.000010 0.000010 0.165526 0.224699 0.000010
0.079331 0.000010 0.000010 0.000010 0.000010 0.917974 0.000010 0.000010 0.000010 0.002624
0.051092 0.016994 0.000010 0.000010 0.000010 0.083336 0.000010 0.364175 0.000010 0.484353
0.115209 0.000010 0.560886 0.000010 0.000010 0.016027 0.037313 0.000010 0.000010 0.270515
0.000010 0.000010 0.000010 0.030789 0.000010 0.243341 0.014606 0.045213 0.049814 0.616197
0.000010 0.000010 0.620421 0.000010 0.090029 0.198189 0.000010 0.000010 0.091302 0.000010
0.094577 0.001015 0.000010 0.001181 0.000010 0.160915 0.000010 0.124807 0.000010 0.617465
0.000010 0.098578 0.160394 0.000010 0.053752 0.116723 0.000010 0.570502 0.000010 0.000010
0.000010 0.000010 0.000010 0.000010 0.000010 0.000010 0.000010 0.216224 0.000010 0.783696
0.000010 0.000010 0.459838 0.008435 0.114009 0.134728 0.033227 0.062690 0.081378 0.105674
0.000010 0.999910 0.000010 0.000010 0.000010 0.000010 0.000010 0.000010 0.000010 0.000010
0.000010 0.773883 0.000010 0.000010 0.000010 0.000010 0.226037 0.000010 0.000010 0.000010
0.161156 0.000010 0.000010 0.000010 0.000010 0.202729 0.039476 0.000010 0.019174 0.577415
0.000010 0.110046 0.000010 0.000010 0.000010 0.000010 0.889874 0.000010 0.000010 0.000010
0.000010 0.000010 0.112988 0.061607 0.000010 0.000010 0.825335 0.000010 0.000010 0.000010
0.000010 0.000010 0.000010 0.000010 0.000010 0.000010 0.999910 0.000010 0.000010 0.000010
0.000010 0.059864 0.101089 0.000010 0.000010 0.000010 0.795752 0.000010 0.024598 0.018647
0.000010 0.000010 0.000010 0.000010 0.000010 0.000010 0.999910 0.000010 0.000010 0.000010
0.650530 0.000010 0.000010 0.214261 0.000010 0.115830 0.019319 0.000010 0.000010 0.000010
0.000010 0.112199 0.015427 0.494155 0.000010 0.133093 0.245076 0.000010 0.000010 0.000010
0.000010 0.999910 0.000010 0.000010 0.000010 0.000010 0.000010 0.000010 0.000010 0.000010
0.000010 0.999910 0.000010 0.000010 0.000010 0.000010 0.000010 0.000010 0.000010 0.000010
0.000010 0.000010 0.000010 0.251417 0.182987 0.000010 0.000010 0.348480 0.217056 0.000010
0.000010 0.000010 0.000010 0.000010 0.000010 0.277505 0.000010 0.014841 0.000010 0.707584
0.000010 0.000010 0.000010 0.000010 0.145589 0.000010 0.097878 0.356134 0.400339 0.000010
0.000010 0.138854 0.000010 0.000010 0.000010 0.000010 0.861066 0.000010 0.000010 0.000010
0.000010 0.490719 0.042767 0.280627 0.000010 0.050515 0.135322 0.000010 0.000010 0.000010
0.061918 0.352800 0.000010 0.400396 0.000010 0.004683 0.140980 0.000010 0.039184 0.000010
0.000075 0.000010 0.000010 0.000010 0.000010 0.210845 0.000010 0.757052 0.031969 0.000010
0.000010 0.107677 0.000010 0.039583 0.000010 0.061891 0.790790 0.000010 0.000010 0.000010
0.073695 0.000010 0.000010 0.000010 0.000010 0.225924 0.000010 0.676858 0.023463 0.000010
0.000010 0.022071 0.000010 0.977848 0.000011 0.000010 0.000010 0.000010 0.000010 0.000010
0.000010 0.246372 0.621133 0.132425 0.000010 0.000010 0.000010 0.000010 0.000010 0.000010
0.000010 0.295853 0.061367 0.469903 0.000010 0.000010 0.146464 0.000010 0.004344 0.022029
0.000010 0.030518 0.137843 0.000010 0.050508 0.150948 0.044737 0.539752 0.000010 0.045664
0.000010 0.000010 0.000010 0.000010 0.000010 0.061068 0.000010 0.446797 0.041306 0.450769
0.000010 0.000010 0.353220 0.000010 0.000010 0.250491 0.026914 0.369034 0.000010 0.000290
0.182752 0.000010 0.162666 0.233978 0.000010 0.024634 0.041519 0.305264 0.000010 0.049157
0.215762 0.000010 0.389324 0.090347 0.000010 0.041460 0.000010 0.174562 0.000010 0.088505
0.000010 0.113477 0.218448 0.007805 0.111718 0.240453 0.074096 0.000010 0.233973 0.000010
0.000010 0.000010 0.054735 0.000010 0.000010 0.064879 0.002855 0.012094 0.000010 0.865387
0.000010 0.000010 0.000013 0.000010 0.000010 0.337637 0.036090 0.000010 0.000010 0.626200
0.088601 0.000010 0.000010 0.000010 0.000010 0.379248 0.000010 0.532081 0.000010 0.000010
0.000010 0.000010 0.000010 0.000010 0.000010 0.342367 0.039933 0.617630 0.000010 0.000010
0.000010 0.000010 0.000010 0.874379 0.000010 0.000010 0.083937 0.000010 0.041614 0.000010
0.246698 0.046707 0.000010 0.002562 0.000010 0.425370 0.010620 0.000010 0.058920 0.209093
0.038591 0.113682 0.041869 0.594111 0.000010 0.066743 0.077452 0.055960 0.011572 0.000010
0.035602 0.000010 0.029263 0.000010 0.000010 0.000010 0.000010 0.568326 0.013657 0.353103
0.000010 0.000010 0.000010 0.999910 0.000010 0.000010 0.000010 0.000010 0.000010 0.000010
0.103505 0.063879 0.037229 0.612965 0.015514 0.030457 0.032288 0.078015 0.026138 0.000010
0.126221 0.000010 0.166966 0.005548 0.000010 0.374500 0.007550 0.000010 0.012428 0.306758
0.000010 0.005731 0.911735 0.000010 0.000010 0.000010 0.000010 0.000010 0.082464 0.000010
0.022466 0.086650 0.102973 0.574972 0.023813 0.000010 0.093196 0.051805 0.017483 0.026633
0.000010 0.000010 0.000010 0.856531 0.000010 0.000010 0.056238 0.000010 0.087160 0.000010
0.099664 0.000010 0.900256 0.000010 0.000010 0.000010 0.000010 0.000010 0.000010 0.000010
0.163874 0.017357 0.523116 0.000010 0.000010 0.155118 0.000010 0.093381 0.020907 0.026217
0.240913 0.017435 0.693873 0.000010 0.000010 0.000010 0.000010 0.047719 0.000010 0.000010
0.486995 0.000010 0.000010 0.000010 0.480335 0.000010 0.000010 0.000010 0.032600 0.000010
0.000010 0.000010 0.000010 0.000010 0.000010 0.281782 0.040118 0.602018 0.076021 0.000010
0.268394 0.066131 0.097851 0.016805 0.004893 0.169602 0.000010 0.000010 0.005365 0.370940
0.017748 0.000012 0.326593 0.000010 0.000010 0.108462 0.000010 0.378712 0.023954 0.144488
0.117346 0.018049 0.054459 0.000010 0.000010 0.052964 0.000010 0.529101 0.000010 0.228041
0.327782 0.000010 0.096506 0.000010 0.242592 0.220874 0.021650 0.000010 0.000010 0.090556
0.047635 0.031977 0.159569 0.507888 0.075353 0.010869 0.103358 0.045010 0.018332 0.000010
0.000010 0.000010 0.000010 0.000010 0.000010 0.000010 0.027779 0.126553 0.043528 0.802079
0.000010 0.000010 0.017364 0.000010 0.000010 0.312862 0.000010 0.000010 0.000010 0.669703
0.030215 0.000010 0.059803 0.000010 0.025388 0.006387 0.000010 0.000010 0.092827 0.785340
0.048678 0.003728 0.000010 0.000010 0.000010 0.170894 0.000010 0.000010 0.010975 0.765675
0.000010 0.000010 0.000010 0.061345 0.018775 0.038840 0.000010 0.065796 0.000010 0.815193
0.000010 0.012197 0.000010 0.000010 0.000010 0.310016 0.000010 0.000010 0.000010 0.677717
0.029977 0.000010 0.000010 0.000010 0.046192 0.095897 0.000010 0.000010 0.000010 0.827874
0.056878 0.000010 0.071264 0.000010 0.000010 0.107987 0.012097 0.751724 0.000010 0.000010
0.000010 0.999910 0.000010 0.000010 0.000010 0.000010 0.000010 0.000010 0.000010 0.000010
0.059568 0.027648 0.500794 0.057244 0.012732 0.235438 0.011133 0.043815 0.044867 0.006762
0.000010 0.000010 0.000010 0.222949 0.321941 0.000010 0.024340 0.070227 0.360492 0.000010
0.000010 0.024166 0.000010 0.000010 0.000010 0.000010 0.975754 0.000010 0.000010 0.000010
0.000010 0.000010 0.000010 0.000010 0.000010 0.000010 0.999910 0.000010 0.000010 0.000010
0.000010 0.087064 0.000010 0.000010 0.000010 0.000010 0.912856 0.000010 0.000010 0.000010
0.011736 0.158090 0.216412 0.367651 0.000010 0.136857 0.109214 0.000010 0.000010 0.000010
0.000010 0.398086 0.000010 0.408294 0.000010 0.000010 0.064836 0.000010 0.097700 0.031035
0.000010 0.045774 0.000010 0.000010 0.075565 0.345131 0.081957 0.451522 0.000010 0.000010
0.351669 0.000010 0.000010 0.000010 0.604528 0.000010 0.000010 0.000010 0.043733 0.000010
0.000010 0.000010 0.000010 0.000010 0.050787 0.216056 0.000010 0.725586 0.007510 0.000010
0.000010 0.000010 0.000010 0.000010 0.000010 0.000010 0.999910 0.000010 0.000010 0.000010
0.389522 0.000010 0.000010 0.000010 0.599246 0.000010 0.000010 0.000010 0.011162 0.000010
0.000554 0.000010 0.013553 0.021963 0.048484 0.040207 0.000010 0.068478 0.000010 0.806732
0.390177 0.000010 0.096662 0.026083 0.487018 0.000010 0.000010 0.000010 0.000010 0.000010
0.000010 0.046170 0.853459 0.064347 0.000010 0.031326 0.000010 0.000010 0.004649 0.000010
0.000010 0.000010 0.279457 0.009596 0.426710 0.056998 0.000010 0.000010 0.119123 0.108076
0.038976 0.000010 0.756104 0.022633 0.000010 0.182227 0.000010 0.000010 0.000010 0.000010
0.000010 0.000010 0.105152 0.000010 0.089845 0.068844 0.115586 0.620523 0.000010 0.000010
0.000011 0.000010 0.068626 0.031659 0.000010 0.586808 0.048941 0.249645 0.000010 0.014280
0.000010 0.000010 0.044311 0.162585 0.000010 0.149557 0.003814 0.411390 0.000010 0.228302
0.000010 0.000010 0.000010 0.000010 0.000010 0.431188 0.000010 0.470287 0.000010 0.098455
0.000010 0.067738 0.000010 0.405542 0.048525 0.096813 0.092863 0.075472 0.000010 0.213018
0.000010 0.000010 0.000010 0.000010 0.000010 0.382578 0.000010 0.617342 0.000010 0.000010
0.000010 0.000010 0.000010 0.085168 0.019311 0.131615 0.032497 0.442192 0.000010 0.289177
0.038618 0.000010 0.072951 0.000010 0.000010 0.115963 0.018284 0.754135 0.000010 0.000010
0.193804 0.000010 0.000010 0.000010 0.332014 0.109858 0.059168 0.000010 0.038341 0.266775
0.177472 0.004756 0.041874 0.000010 0.000010 0.587286 0.000010 0.089194 0.041078 0.058311
0.000010 0.084102 0.440828 0.054777 0.081643 0.174455 0.043344 0.000010 0.120821 0.000010
0.008736 0.001961 0.309548 0.000010 0.018048 0.147673 0.011118 0.458879 0.044016 0.000010
0.061466 0.020345 0.056388 0.736249 0.100977 0.000010 0.000010 0.022877 0.001667 0.000010
0.000010 0.027747 0.972173 0.000010 0.000010 0.000010 0.000010 0.000010 0.000010 0.000010
0.166006 0.000012 0.385417 0.000010 0.000010 0.171787 0.035076 0.018593 0.048413 0.174676
0.145413 0.006501 0.000010 0.000010 0.000010 0.099844 0.000010 0.089254 0.000010 0.658937
0.000010 0.000010 0.000010 0.000010 0.000010 0.077914 0.000010 0.000010 0.000010 0.922006
0.000010 0.000010 0.000010 0.579967 0.133061 0.000010 0.041142 0.027696 0.218083 0.000010
0.075579 0.000010 0.000010 0.000010 0.911709 0.000010 0.000010 0.000010 0.012643 0.000010
0.000010 0.000010 0.000010 0.699218 0.113616 0.000010 0.000010 0.000010 0.181756 0.005349
0.025358 0.000010 0.603038 0.035063 0.000010 0.196210 0.033515 0.000010 0.106777 0.000010
0.000010 0.000010 0.151826 0.041446 0.442113 0.140298 0.000010 0.072708 0.151569 0.000010
0.832383 0.000010 0.000010 0.000010 0.000010 0.000010 0.000010 0.000010 0.167537 0.000010
0.054895 0.000523 0.000010 0.020103 0.843622 0.000010 0.000010 0.050693 0.000010 0.030125
0.622842 0.000010 0.000010 0.000010 0.000010 0.000010 0.000010 0.285717 0.091371 0.000010
0.395313 0.062905 0.165622 0.000010 0.265078 0.045995 0.000010 0.028523 0.005961 0.030583
0.000010 0.000010 0.000010 0.000010 0.877903 0.000010 0.000010 0.122017 0.000010 0.000010
0.144941 0.010954 0.016919 0.000010 0.000010 0.220647 0.000010 0.000010 0.006154 0.600345
0.143715 0.046490 0.000010 0.000010 0.000010 0.180861 0.000010 0.529607 0.000010 0.099277
0.000010 0.005558 0.000010 0.211594 0.000010 0.310452 0.000010 0.459162 0.013028 0.000166
0.044091 0.000010 0.000010 0.019629 0.000010 0.132510 0.001802 0.057874 0.000010 0.744054
0.000010 0.006595 0.299870 0.027625 0.000010 0.341698 0.074326 0.249846 0.000010 0.000010
0.222066 0.000010 0.000010 0.000010 0.097519 0.125225 0.000010 0.008235 0.000010 0.546904
0.078117 0.000010 0.000010 0.000010 0.000010 0.097601 0.000010 0.103519 0.011595 0.709118
0.000010 0.000010 0.000010 0.000010 0.000010 0.000010 0.000010 0.999910 0.000010 0.000010
0.000010 0.000010 0.000010 0.000010 0.999910 0.000010 0.000010 0.000010 0.000010 0.000010
0.000010 0.000010 0.380063 0.001738 0.000010 0.000010 0.000010 0.602377 0.015763 0.000010
0.000010 0.000010 0.000010 0.000010 0.986284 0.000010 0.013636 0.000010 0.000010 0.000010
0.000010 0.000010 0.000010 0.000010 0.999910 0.000010 0.000010 0.000010 0.000010 0.000010
0.000010 0.000010 0.000010 0.000010 0.984458 0.000010 0.015462 0.000010 0.000010 0.000010
0.000010 0.000010 0.449622 0.000010 0.034023 0.025333 0.057955 0.238179 0.000010 0.194849
0.055028 0.000010 0.000010 0.000010 0.000010 0.157983 0.052902 0.083726 0.000010 0.650311
0.150008 0.000010 0.000010 0.000010 0.000010 0.112784 0.000010 0.000010 0.056212 0.680937
0.000010 0.000010 0.000010 0.000010 0.016767 0.000010 0.000010 0.107598 0.050463 0.825112
0.000010 0.039435 0.388384 0.116233 0.022510 0.072284 0.149649 0.115980 0.009267 0.086248
0.000010 0.058282 0.459644 0.000010 0.136938 0.013886 0.056058 0.000010 0.074523 0.200638
0.077668 0.091670 0.449554 0.155692 0.047812 0.000010 0.000010 0.000010 0.177563 0.000010
0.000010 0.101521 0.515170 0.030364 0.233261 0.000010 0.070281 0.000010 0.040562 0.008810
0.129866 0.051244 0.654810 0.097791 0.013113 0.000010 0.000010 0.000010 0.053137 0.000010
0.223711 0.042673 0.570308 0.000010 0.000010 0.000010 0.088993 0.000010 0.074265 0.000010
0.062081 0.000010 0.055193 0.177499 0.000010 0.116687 0.040841 0.268588 0.000010 0.279081
0.094190 0.000010 0.000010 0.000010 0.012424 0.090070 0.000010 0.065269 0.000010 0.737997
0.000010 0.000010 0.750316 0.033616 0.000010 0.013502 0.090581 0.083773 0.028171 0.000010
0.149328 0.000010 0.026440 0.000010 0.166419 0.000010 0.000010 0.538002 0.119761 0.000010
0.000010 0.000010 0.525828 0.000010 0.000010 0.084453 0.103331 0.113063 0.000010 0.173275
0.099409 0.117136 0.593527 0.109057 0.012061 0.000010 0.000010 0.000010 0.068771 0.000010
0.185639 0.000010 0.000010 0.000010 0.000010 0.000010 0.000010 0.651846 0.000010 0.162444
0.023738 0.000010 0.000010 0.000010 0.011180 0.252904 0.000010 0.028169 0.000010 0.683960
0.076879 0.000010 0.003767 0.000010 0.004850 0.137504 0.000010 0.000010 0.000010 0.776949
0.000010 0.000010 0.015209 0.037965 0.019633 0.028296 0.000010 0.255076 0.000010 0.643781
0.410607 0.053467 0.001980 0.000010 0.000010 0.106753 0.032172 0.079866 0.000010 0.315123
0.058087 0.010887 0.000010 0.000010 0.000010 0.000010 0.062308 0.000010 0.000010 0.868658
0.175481 0.000010 0.000010 0.000010 0.000010 0.084627 0.000010 0.000010 0.023042 0.716790
0.000010 0.382766 0.048824 0.446790 0.000010 0.056708 0.064862 0.000010 0.000010 0.000010
0.079267 0.000010 0.000010 0.000010 0.000010 0.600273 0.000010 0.288603 0.000010 0.031798
0.287509 0.000010 0.000010 0.000010 0.000010 0.000010 0.000010 0.000010 0.018332 0.694089
0.178962 0.230429 0.000010 0.395316 0.013777 0.037344 0.129820 0.000010 0.000010 0.014321
0.413306 0.000010 0.000010 0.164602 0.000010 0.098312 0.000010 0.088223 0.000010 0.235508
0.000010 0.110208 0.083801 0.745868 0.000010 0.000010 0.034835 0.000010 0.025239 0.000010
0.000010 0.000010 0.000010 0.866159 0.000010 0.000010 0.084331 0.000010 0.000010 0.049440
0.000010 0.026949 0.036254 0.850760 0.000010 0.076201 0.009786 0.000010 0.000010 0.000010
0.000010 0.000010 0.000010 0.000010 0.000010 0.841021 0.000010 0.158899 0.000010 0.000010
0.000010 0.051680 0.000010 0.839571 0.000010 0.067996 0.040693 0.000010 0.000010 0.000010
0.000010 0.024840 0.667899 0.171944 0.055090 0.000010 0.080177 0.000010 0.000010 0.000010
0.014630 0.000010 0.000010 0.000010 0.985290 0.000010 0.000010 0.000010 0.000010 0.000010
0.000010 0.000010 0.000010 0.000010 0.000010 0.016328 0.000010 0.888369 0.027436 0.067807
0.002938 0.004371 0.000010 0.047944 0.000010 0.404882 0.032257 0.436956 0.021640 0.048992
0.000010 0.000010 0.105777 0.694602 0.038470 0.000010 0.000010 0.000010 0.161092 0.000010
0.000010 0.003857 0.000010 0.000010 0.025341 0.033768 0.000010 0.521534 0.020699 0.394761
0.000010 0.003227 0.065824 0.764182 0.000010 0.000010 0.086728 0.053945 0.013667 0.012398
0.255199 0.028241 0.066608 0.000010 0.537499 0.000010 0.000010 0.000010 0.000010 0.112404
0.000010 0.000010 0.000010 0.000010 0.000010 0.211050 0.000010 0.339849 0.000010 0.449031
0.000010 0.000010 0.000010 0.000010 0.000010 0.275996 0.020883 0.427073 0.028679 0.247319
0.000010 0.000010 0.045912 0.000010 0.000010 0.358963 0.006603 0.478929 0.000010 0.109543
0.232887 0.000010 0.015694 0.000010 0.000010 0.113369 0.000010 0.210382 0.000010 0.427617
0.132771 0.008528 0.000010 0.000010 0.165979 0.000010 0.049660 0.643012 0.000010 0.000010
0.000010 0.008396 0.302669 0.107252 0.016175 0.000010 0.012262 0.444472 0.043011 0.065743
0.061861 0.065066 0.395025 0.215386 0.180755 0.012047 0.000010 0.000010 0.069829 0.000010
0.105267 0.000010 0.000010 0.000010 0.030844 0.058974 0.000010 0.000010 0.000010 0.804855
0.000010 0.000010 0.049492 0.000010 0.000010 0.500363 0.000010 0.450075 0.000010 0.000010
0.169590 0.000010 0.000010 0.000010 0.000010 0.297308 0.000010 0.518148 0.014894 0.000010
0.004309 0.000010 0.053826 0.000010 0.000010 0.285297 0.059200 0.597119 0.000010 0.000210
0.000010 0.000010 0.627578 0.025964 0.000010 0.179611 0.000010 0.000010 0.011936 0.154862
0.568963 0.000010 0.231043 0.168434 0.000010 0.000010 0.000010 0.031500 0.000010 0.000010
0.000010 0.004518 0.609984 0.068965 0.011019 0.256990 0.000010 0.000010 0.048483 0.000010
0.697536 0.037595 0.000010 0.000010 0.000010 0.000010 0.064423 0.110660 0.000010 0.089736
0.878067 0.109759 0.000010 0.000010 0.000010 0.008248 0.003867 0.000010 0.000010 0.000010
0.921180 0.015881 0.000010 0.000010 0.000010 0.062868 0.000010 0.000010 0.000010 0.000010
0.213236 0.001428 0.349976 0.000010 0.000010 0.093337 0.007859 0.329276 0.000010 0.004858
0.757184 0.000010 0.000010 0.154593 0.000010 0.035796 0.000010 0.000010 0.052367 0.000010
0.000010 0.000010 0.000010 0.000010 0.019435 0.643549 0.000010 0.325540 0.011416 0.000010
0.067531 0.000010 0.000010 0.000010 0.000010 0.019623 0.000010 0.540033 0.000010 0.372752
0.000010 0.000010 0.025107 0.000010 0.000010 0.430159 0.022640 0.342375 0.024657 0.155021
0.000010 0.004738 0.170345 0.258199 0.000010 0.374266 0.000010 0.192402 0.000010 0.000010
0.185172 0.000010 0.779362 0.000010 0.000010 0.000010 0.035396 0.000010 0.000010 0.000010
0.000010 0.000010 0.000010 0.000010 0.000010 0.000010 0.000010 0.000010 0.999910 0.000010
0.167996 0.000010 0.000010 0.831924 0.000010 0.000010 0.000010 0.000010 0.000010 0.000010
0.000010 0.000010 0.000010 0.000010 0.000010 0.000010 0.000010 0.000010 0.999910 0.000010
0.147964 0.000010 0.078087 0.000010 0.000010 0.000010 0.000010 0.445457 0.004102 0.324339
0.000010 0.308502 0.000010 0.592555 0.041120 0.000010 0.000010 0.000010 0.057763 0.000010
0.158000 0.000010 0.048721 0.000010 0.000010 0.064264 0.000010 0.473148 0.019416 0.236411
0.135855 0.000010 0.000010 0.000010 0.072352 0.000010 0.000010 0.772978 0.000010 0.018755
0.166533 0.000010 0.000010 0.000010 0.013239 0.000010 0.000010 0.786681 0.002013 0.031484
0.244292 0.000010 0.000010 0.000010 0.000010 0.141706 0.000010 0.198583 0.026327 0.389042
0.000010 0.000010 0.000010 0.000010 0.005476 0.724871 0.000010 0.197960 0.000010 0.071633
0.000010 0.042156 0.082698 0.000010 0.777374 0.000010 0.000010 0.081650 0.016073 0.000010
0.000010 0.025227 0.000010 0.000010 0.879281 0.000010 0.041418 0.000010 0.000010 0.054014
0.000010 0.000010 0.306451 0.000010 0.000010 0.158600 0.092086 0.105492 0.031380 0.305951
0.000010 0.000010 0.000010 0.000010 0.928360 0.022937 0.044532 0.000010 0.004111 0.000010
0.000010 0.000010 0.000010 0.123275 0.835359 0.000010 0.017443 0.023862 0.000010 0.000010
0.092331 0.015892 0.025829 0.110118 0.530526 0.000010 0.000010 0.037081 0.014225 0.173978
0.000010 0.018223 0.046227 0.836786 0.000010 0.000010 0.000010 0.000010 0.000010 0.098704
0.000010 0.000461 0.056330 0.000010 0.810080 0.000010 0.000010 0.072251 0.021872 0.038965
0.000010 0.000010 0.015910 0.018409 0.812281 0.019096 0.034421 0.099843 0.000010 0.000010
0.000010 0.033784 0.063317 0.048651 0.824615 0.000010 0.000880 0.011252 0.012700 0.004781
0.006670 0.013745 0.000010 0.000010 0.962349 0.000010 0.000010 0.000010 0.017176 0.000010
0.000010 0.000010 0.927972 0.000010 0.000010 0.059556 0.000010 0.000010 0.012403 0.000010
0.000010 0.000010 0.000010 0.000010 0.000010 0.011314 0.000010 0.734612 0.000010 0.254004
0.020772 0.000010 0.000010 0.000010 0.000010 0.000010 0.000010 0.820765 0.035362 0.123040
0.053565 0.126773 0.535114 0.077219 0.000010 0.134886 0.010555 0.000010 0.061859 0.000010
0.011361 0.000010 0.406541 0.028486 0.087939 0.024872 0.000010 0.345765 0.095006 0.000010
0.028051 0.000010 0.155808 0.000010 0.000010 0.194342 0.000010 0.278031 0.000010 0.343718
0.004446 0.000010 0.023276 0.000010 0.841146 0.000010 0.006027 0.023532 0.067517 0.034026
0.134497 0.000010 0.000010 0.000010 0.759291 0.000010 0.000010 0.000010 0.106142 0.000010
0.000010 0.021297 0.205719 0.020181 0.000010 0.374916 0.000010 0.212215 0.059466 0.106175
0.142341 0.000010 0.000010 0.000010 0.431308 0.168451 0.000010 0.137882 0.041187 0.078791
0.000010 0.031910 0.070014 0.050257 0.846332 0.000010 0.000010 0.001437 0.000010 0.000010
0.000010 0.000010 0.000010 0.000010 0.891938 0.072969 0.000010 0.000010 0.035024 0.000010
0.154990 0.028130 0.000010 0.000010 0.816810 0.000010 0.000010 0.000010 0.000010 0.000010
0.119845 0.000010 0.000010 0.121322 0.695384 0.000010 0.035707 0.000010 0.014135 0.013566
0.000010 0.000010 0.000010 0.006130 0.040052 0.225128 0.000010 0.292472 0.025398 0.410780
0.288355 0.000010 0.000010 0.000010 0.000010 0.000010 0.000010 0.711565 0.000010 0.000010
0.000010 0.000010 0.057085 0.000010 0.747499 0.019232 0.000010 0.122250 0.053884 0.000010
0.045286 0.000010 0.035506 0.004943 0.000010 0.000010 0.000010 0.537827 0.061219 0.315178
0.719142 0.117919 0.026264 0.047472 0.073025 0.000010 0.016138 0.000010 0.000010 0.000010
0.000010 0.000010 0.583631 0.000010 0.142978 0.000010 0.000010 0.256167 0.017164 0.000010
0.000010 0.000010 0.000010 0.000010 0.000010 0.000010 0.000010 0.000010 0.999910 0.000010
0.823166 0.104664 0.000010 0.028992 0.043119 0.000010 0.000010 0.000010 0.000010 0.000010
0.045340 0.000010 0.637633 0.236890 0.000010 0.058002 0.000010 0.000010 0.016942 0.005152
0.482582 0.000010 0.000010 0.027518 0.059030 0.169401 0.000010 0.231139 0.030289 0.000010
0.000010 0.000010 0.042893 0.000010 0.856022 0.000010 0.024126 0.076899 0.000010 0.000010
0.000010 0.000010 0.000010 0.078172 0.748267 0.000010 0.000010 0.152213 0.021288 0.000010
0.000010 0.034011 0.000010 0.000010 0.965909 0.000010 0.000010 0.000010 0.000010 0.000010
0.051962 0.001567 0.041754 0.000010 0.807141 0.000010 0.000010 0.000010 0.097525 0.000010
0.005046 0.000010 0.118128 0.159913 0.000010 0.413594 0.000010 0.217655 0.061994 0.023640
0.099567 0.000010 0.000010 0.467532 0.000010 0.138127 0.000010 0.085300 0.000010 0.209424
0.237598 0.000010 0.016130 0.000010 0.000010 0.360877 0.000010 0.136169 0.000010 0.249176
0.399022 0.000010 0.000010 0.000010 0.055057 0.198852 0.000010 0.185615 0.048971 0.112443
0.354114 0.000010 0.000010 0.000010 0.000010 0.157503 0.000010 0.072801 0.004374 0.411159
0.874261 0.036941 0.000010 0.072886 0.000010 0.000010 0.000010 0.000010 0.015852 0.000010
0.004154 0.000010 0.254642 0.002735 0.026060 0.124665 0.000010 0.286473 0.059102 0.242149
0.471442 0.000010 0.272477 0.000010 0.000010 0.221419 0.000010 0.022876 0.011735 0.000010
0.918043 0.014905 0.000010 0.066981 0.000010 0.000010 0.000010 0.000010 0.000010 0.000010
0.000010 0.012847 0.733386 0.253697 0.000010 0.000010 0.000010 0.000010 0.000010 0.000010
0.000010 0.056467 0.055778 0.000010 0.000010 0.000010 0.000010 0.829605 0.000010 0.058089
0.008717 0.000010 0.102452 0.054031 0.656431 0.000010 0.000010 0.000010 0.013127 0.165203
0.159872 0.000010 0.000010 0.000010 0.840048 0.000010 0.000010 0.000010 0.000010 0.000010
0.084393 0.000010 0.068905 0.037161 0.687426 0.043588 0.028802 0.000010 0.001249 0.048456
0.587573 0.000010 0.000010 0.000010 0.000010 0.000010 0.000010 0.087694 0.000010 0.324663
0.068193 0.000010 0.036587 0.000010 0.812235 0.000010 0.000010 0.000010 0.082925 0.000010
0.032091 0.045709 0.000010 0.000010 0.832369 0.000010 0.000010 0.089771 0.000010 0.000010
0.344696 0.000010 0.000010 0.000010 0.000010 0.000010 0.000010 0.499136 0.000010 0.156098
0.000010 0.000010 0.000010 0.022027 0.000010 0.146049 0.000010 0.080045 0.008877 0.742952
0.000010 0.073709 0.000010 0.000010 0.002928 0.123641 0.017822 0.227933 0.000010 0.553928
0.141888 0.000010 0.000010 0.000010 0.000010 0.127260 0.000010 0.000010 0.000010 0.730781
0.000010 0.086500 0.381754 0.333565 0.042326 0.041733 0.039949 0.000010 0.000010 0.074143
0.402607 0.000010 0.098660 0.000010 0.365836 0.071397 0.000010 0.009822 0.051638 0.000010
0.000010 0.000010 0.000010 0.000010 0.948034 0.000010 0.000010 0.051886 0.000010 0.000010
0.000010 0.060156 0.543216 0.356986 0.000010 0.000010 0.031798 0.000010 0.000010 0.007794
0.000010 0.047934 0.324609 0.410124 0.000010 0.000010 0.000010 0.056654 0.000010 0.160628
0.091607 0.043297 0.050088 0.000010 0.767242 0.000010 0.018544 0.000010 0.029182 0.000010
0.000010 0.053080 0.062429 0.013874 0.742130 0.010851 0.000010 0.071902 0.001288 0.044425
0.000010 0.000010 0.000010 0.023830 0.855511 0.000010 0.000010 0.120588 0.000010 0.000010
0.000010 0.000010 0.000010 0.060958 0.897387 0.000010 0.000010 0.017026 0.024568 0.000010
0.000010 0.084343 0.053876 0.016708 0.700253 0.000010 0.000010 0.038966 0.000010 0.105814
0.120684 0.014493 0.035106 0.000010 0.716507 0.038641 0.000010 0.000010 0.074529 0.000010
0.000010 0.002012 0.000010 0.000010 0.000010 0.225766 0.000010 0.156600 0.000010 0.615562
0.000010 0.000010 0.000010 0.000010 0.768764 0.005580 0.000010 0.224223 0.001372 0.000010
0.000010 0.000010 0.000010 0.000010 0.000010 0.178208 0.000010 0.141816 0.040033 0.639882
0.161543 0.000010 0.000010 0.000010 0.181695 0.000010 0.023773 0.000010 0.140371 0.492567
0.037734 0.043473 0.000010 0.000010 0.000010 0.117807 0.000010 0.000010 0.000010 0.800926
0.007197 0.000010 0.057044 0.000010 0.785878 0.000010 0.000010 0.076744 0.020600 0.052498
0.000010 0.000010 0.000010 0.000010 0.000010 0.000010 0.006566 0.000010 0.000010 0.993354
0.077271 0.000010 0.000010 0.000010 0.026840 0.292722 0.066261 0.014828 0.000010 0.522039
0.205363 0.000010 0.000010 0.000010 0.019805 0.000010 0.024432 0.746066 0.004284 0.000010
0.647503 0.000010 0.000010 0.000010 0.106411 0.000010 0.000010 0.161539 0.044631 0.039866
0.000010 0.012282 0.000010 0.000010 0.000010 0.511808 0.000010 0.231312 0.000010 0.244538
0.051370 0.000010 0.000010 0.095772 0.694840 0.000010 0.030089 0.065698 0.062190 0.000010
0.000010 0.000010 0.000010 0.000010 0.985506 0.000010 0.000010 0.000010 0.014414 0.000010
0.024523 0.000010 0.006090 0.000010 0.855033 0.000010 0.017995 0.050404 0.045914 0.000010
0.058076 0.000010 0.000010 0.000010 0.933174 0.000010 0.000010 0.000010 0.000010 0.008680
0.007995 0.000010 0.000010 0.057274 0.626049 0.055940 0.038573 0.197634 0.016505 0.000010
0.000010 0.000010 0.157004 0.000010 0.746308 0.000010 0.000010 0.056181 0.040447 0.000010
0.000010 0.000010 0.000010 0.000010 0.999910 0.000010 0.000010 0.000010 0.000010 0.000010
0.000010 0.000010 0.015620 0.000010 0.803070 0.039739 0.000010 0.043288 0.000010 0.098233
0.032591 0.026942 0.117694 0.000010 0.757239 0.052941 0.000010 0.012554 0.000010 0.000010
0.000010 0.002837 0.129000 0.039228 0.726912 0.000010 0.000010 0.055090 0.000010 0.046892
0.000010 0.000010 0.015567 0.021615 0.883584 0.000010 0.000010 0.053142 0.000010 0.026042
0.064586 0.039290 0.055149 0.049807 0.690471 0.041419 0.000010 0.059248 0.000010 0.000010
0.330614 0.000010 0.032154 0.000010 0.605418 0.000010 0.000010 0.000010 0.031755 0.000010
0.000010 0.060816 0.002531 0.000010 0.724512 0.019784 0.000010 0.103781 0.023385 0.065161
0.124918 0.000010 0.000010 0.359664 0.000010 0.092906 0.000010 0.422452 0.000010 0.000010
0.105375 0.000010 0.000010 0.000097 0.000010 0.132760 0.056819 0.395995 0.023783 0.285141
0.000010 0.000010 0.000010 0.000010 0.000010 0.873798 0.000010 0.000010 0.000010 0.126122
0.000010 0.000010 0.000010 0.000010 0.000010 0.000010 0.000019 0.000010 0.999901 0.000010
0.069409 0.030799 0.000010 0.000010 0.760794 0.047745 0.000010 0.027726 0.000010 0.063487
0.000010 0.019082 0.058076 0.000010 0.805750 0.023938 0.031579 0.000010 0.000010 0.061536
0.071696 0.025164 0.000010 0.000010 0.031547 0.089858 0.000010 0.000010 0.017315 0.764380
0.077207 0.000010 0.000010 0.057358 0.000010 0.108413 0.000010 0.066501 0.006842 0.683639
0.000010 0.000010 0.003048 0.000010 0.000010 0.264904 0.000010 0.000010 0.000010 0.731977
0.000010 0.000010 0.000010 0.080878 0.414251 0.000010 0.015532 0.192293 0.296997 0.000010
0.225589 0.000010 0.000010 0.000010 0.000010 0.150515 0.000010 0.301967 0.013557 0.308322
0.000010 0.000010 0.000010 0.000010 0.000010 0.065702 0.000010 0.912192 0.000010 0.022036
0.000010 0.000010 0.000010 0.000010 0.045412 0.275179 0.000010 0.679339 0.000010 0.000010
0.000010 0.000010 0.000010 0.075258 0.907787 0.000010 0.016885 0.000010 0.000010 0.000010
0.000010 0.000010 0.191957 0.000010 0.035708 0.107797 0.218544 0.283795 0.000010 0.162158
0.058854 0.020471 0.000010 0.000010 0.887652 0.000010 0.000010 0.000010 0.032963 0.000010
0.000010 0.000010 0.142984 0.000010 0.000543 0.284400 0.022786 0.442089 0.000010 0.107158
0.116986 0.000010 0.060292 0.002029 0.782092 0.000010 0.016499 0.000010 0.022062 0.000010
0.000010 0.000010 0.000010 0.000010 0.943752 0.000010 0.000010 0.000010 0.056168 0.000010
0.054631 0.000010 0.048829 0.100083 0.000010 0.000010 0.000010 0.245435 0.022015 0.528967
0.679191 0.000010 0.000010 0.237938 0.000010 0.000010 0.082801 0.000010 0.000010 0.000010
0.112020 0.000010 0.119643 0.026333 0.000010 0.174540 0.000010 0.112505 0.000010 0.454918
0.114032 0.000010 0.120583 0.000010 0.000010 0.000010 0.000010 0.000010 0.000010 0.765315
0.000010 0.000010 0.000010 0.986079 0.000010 0.013841 0.000010 0.000010 0.000010 0.000010
0.999910 0.000010 0.000010 0.000010 0.000010 0.000010 0.000010 0.000010 0.000010 0.000010
0.249235 0.000010 0.000010 0.000010 0.000010 0.000010 0.000010 0.714663 0.036032 0.000010
0.000010 0.000010 0.000010 0.072946 0.000010 0.926974 0.000010 0.000010 0.000010 0.000010
0.146160 0.016707 0.450980 0.136771 0.035377 0.037322 0.000010 0.096719 0.079944 0.000010
0.005728 0.007953 0.057763 0.015405 0.047668 0.181323 0.019819 0.504174 0.152930 0.007238
0.000010 0.000010 0.151902 0.000010 0.000010 0.107465 0.000010 0.608700 0.000010 0.131872
0.034702 0.003716 0.052801 0.342165 0.090857 0.000918 0.073448 0.255273 0.123237 0.022882
0.120136 0.106127 0.039295 0.022678 0.101521 0.013383 0.061008 0.148331 0.287727 0.099795
0.067289 0.082994 0.130873 0.204848 0.214582 0.141103 0.000010 0.018473 0.000010 0.139818
0.098347 0.000010 0.000010 0.000010 0.000010 0.000010 0.031959 0.698299 0.000759 0.170586
0.000010 0.000010 0.741419 0.025316 0.000010 0.078770 0.000010 0.154436 0.000010 0.000010
0.000010 0.000010 0.000010 0.070011 0.929909 0.000010 0.000010 0.000010 0.000010 0.000010
0.000010 0.000010 0.077251 0.000010 0.000010 0.922669 0.000010 0.000010 0.000010 0.000010
0.000010 0.071429 0.084366 0.000010 0.031698 0.131082 0.040091 0.640221 0.000010 0.001082
0.748555 0.000010 0.000010 0.000010 0.000010 0.000010 0.000010 0.251365 0.000010 0.000010
0.059468 0.000010 0.029591 0.000010 0.000010 0.016832 0.000010 0.846023 0.048036 0.000010
0.000010 0.019068 0.646398 0.180263 0.000010 0.082723 0.000010 0.000010 0.071498 0.000010
0.524800 0.058158 0.055032 0.000010 0.049758 0.000010 0.000010 0.312202 0.000010 0.000010
0.000010 0.001448 0.000010 0.650174 0.109918 0.000010 0.000010 0.042267 0.196142 0.000010
0.000010 0.016113 0.079495 0.159597 0.018195 0.116029 0.000010 0.610532 0.000010 0.000010
0.415940 0.000197 0.000010 0.000010 0.523807 0.000010 0.000010 0.000010 0.059995 0.000010
0.311594 0.000010 0.000010 0.000010 0.650264 0.000010 0.000010 0.000010 0.038072 0.000010
0.280525 0.050614 0.000010 0.000010 0.034965 0.000010 0.000010 0.534223 0.070536 0.029098
0.000010 0.000010 0.000010 0.609639 0.167007 0.000010 0.000010 0.016828 0.206465 0.000010
0.006869 0.000010 0.000690 0.061907 0.088332 0.014706 0.010215 0.539770 0.000010 0.277491
0.073371 0.016333 0.000010 0.148156 0.000010 0.000010 0.000010 0.496085 0.032946 0.233069
0.000010 0.000010 0.333281 0.657556 0.000010 0.000010 0.000010 0.009092 0.000010 0.000010
0.150144 0.000010 0.443663 0.000010 0.000010 0.297432 0.000010 0.056503 0.000010 0.052208
0.000010 0.000010 0.356690 0.000010 0.000010 0.253532 0.106262 0.283456 0.000010 0.000010
0.000010 0.000010 0.475810 0.099171 0.000010 0.214422 0.029312 0.121101 0.000010 0.060144
0.000010 0.000010 0.000010 0.000010 0.000010 0.544051 0.000010 0.455869 0.000010 0.000010
0.105050 0.009142 0.540575 0.000010 0.000010 0.209147 0.000010 0.000010 0.000010 0.136036
0.000010 0.000010 0.000010 0.000010 0.000010 0.446389 0.000010 0.553531 0.000010 0.000010
0.000010 0.000010 0.000010 0.000010 0.000010 0.341571 0.000010 0.658349 0.000010 0.000010
0.000010 0.000010 0.000010 0.000010 0.000010 0.338046 0.031048 0.630836 0.000010 0.000010
0.000010 0.000010 0.000010 0.021036 0.000010 0.000010 0.000010 0.824130 0.000010 0.154764
0.424886 0.000010 0.000010 0.000010 0.093452 0.000010 0.015678 0.227326 0.088711 0.149907
0.000010 0.000010 0.000010 0.030196 0.027790 0.318329 0.007991 0.615643 0.000010 0.000010
0.000010 0.000010 0.761565 0.000010 0.000010 0.000010 0.054964 0.000010 0.183401 0.000010
0.757003 0.000010 0.000010 0.000010 0.000010 0.000010 0.000010 0.242917 0.000010 0.000010
0.000010 0.000010 0.000010 0.000010 0.046606 0.128529 0.000010 0.563849 0.003365 0.257601
0.118026 0.035990 0.098552 0.000010 0.000010 0.052386 0.023557 0.671448 0.000010 0.000010
0.000010 0.000010 0.000010 0.000010 0.000010 0.999910 0.000010 0.000010 0.000010 0.000010
0.227442 0.000010 0.000010 0.000010 0.000010 0.000010 0.000010 0.399650 0.089388 0.283460
0.194263 0.000010 0.013422 0.000010 0.034626 0.034351 0.000010 0.467496 0.083061 0.172752
0.189525 0.000010 0.072496 0.000010 0.141782 0.052657 0.121551 0.421949 0.000010 0.000010
0.449612 0.000010 0.000010 0.000010 0.000010 0.000010 0.000010 0.550308 0.000010 0.000010
0.096186 0.000010 0.052702 0.000010 0.082142 0.000010 0.037384 0.719090 0.012455 0.000010
0.519799 0.000010 0.048731 0.000010 0.090228 0.007902 0.000010 0.162546 0.007671 0.163093
0.148267 0.000010 0.278002 0.000010 0.356555 0.000010 0.000010 0.046794 0.000010 0.170333
0.189063 0.000010 0.000010 0.000010 0.000010 0.000010 0.027316 0.744330 0.039231 0.000010
0.864595 0.049905 0.034496 0.050944 0.000010 0.000010 0.000010 0.000010 0.000010 0.000010
0.170892 0.000010 0.000010 0.000010 0.000010 0.000010 0.052302 0.427892 0.000010 0.348854
0.089553 0.000010 0.233516 0.125999 0.000010 0.360483 0.000010 0.181405 0.009004 0.000010
0.037029 0.001117 0.000010 0.000010 0.009155 0.081707 0.000010 0.610783 0.000010 0.260169
0.096706 0.000010 0.079087 0.085265 0.000010 0.000010 0.000010 0.480648 0.000010 0.258244
0.322613 0.085916 0.000010 0.000010 0.000010 0.178341 0.000010 0.294609 0.000010 0.118471
0.133494 0.020603 0.040736 0.000010 0.453462 0.000010 0.000010 0.087203 0.000010 0.264463
0.361088 0.000010 0.106424 0.000010 0.410327 0.031300 0.000010 0.011365 0.000010 0.079455
0.137209 0.000010 0.047443 0.082633 0.478124 0.000010 0.002764 0.000010 0.139083 0.112714
0.004827 0.000010 0.015205 0.000010 0.000010 0.537281 0.060126 0.184166 0.001952 0.196413
0.000010 0.000010 0.063063 0.075298 0.000010 0.485196 0.000010 0.347509 0.000010 0.028884
0.169781 0.000010 0.000010 0.000010 0.000010 0.000010 0.000010 0.830139 0.000010 0.000010
0.301013 0.000010 0.058241 0.300796 0.000010 0.117041 0.018503 0.072329 0.000010 0.132047
0.092656 0.007584 0.094158 0.000010 0.014682 0.079413 0.000010 0.414817 0.005115 0.291555
0.321197 0.000010 0.127982 0.000010 0.548781 0.001981 0.000010 0.000010 0.000010 0.000010
0.246123 0.000010 0.141320 0.000010 0.486337 0.026793 0.000010 0.032199 0.042078 0.025120
0.000010 0.000010 0.000010 0.094753 0.785209 0.000010 0.036680 0.000010 0.000010 0.083298
0.000010 0.000010 0.000010 0.041429 0.838232 0.016815 0.002161 0.088514 0.012809 0.000010
0.000010 0.000010 0.171111 0.034170 0.000010 0.357710 0.105119 0.272313 0.059538 0.000010
0.000010 0.058339 0.099100 0.000010 0.779978 0.003864 0.000010 0.000010 0.015464 0.043215
0.060863 0.088821 0.131627 0.000010 0.476083 0.000010 0.000010 0.207337 0.012480 0.022760
0.078588 0.000010 0.056344 0.000010 0.000010 0.497426 0.025510 0.342082 0.000010 0.000010
0.193652 0.000010 0.061970 0.104562 0.497449 0.050085 0.000010 0.000010 0.092242 0.000010
0.348735 0.000010 0.000011 0.000010 0.000010 0.048081 0.000010 0.603113 0.000010 0.000010
0.040896 0.021997 0.184285 0.039872 0.508527 0.000010 0.000010 0.048371 0.096179 0.059852
0.000010 0.000010 0.304974 0.000010 0.073072 0.073380 0.078515 0.354103 0.097723 0.018204
0.007010 0.000010 0.000010 0.000010 0.000010 0.162781 0.000010 0.603811 0.000010 0.226338
0.023758 0.000010 0.079428 0.000010 0.777841 0.000010 0.000010 0.000010 0.118912 0.000010
0.281442 0.000010 0.473201 0.054832 0.000010 0.037960 0.000010 0.152516 0.000010 0.000010
0.077320 0.000010 0.077864 0.002431 0.642978 0.049370 0.014133 0.051235 0.000010 0.084651
0.000010 0.000010 0.240403 0.000010 0.000010 0.049147 0.000010 0.620086 0.000010 0.090304
0.000010 0.000010 0.069710 0.005961 0.000010 0.147893 0.010972 0.635820 0.044535 0.085079
0.262516 0.000010 0.000010 0.000010 0.000010 0.225745 0.000010 0.245385 0.081659 0.184645
