0.000010 0.000010 0.000010 0.000010 0.000010 0.000010 0.000010 0.000010 0.000010 0.124188 0.000010 0.000010 0.000010 0.000010 0.875652 0.000010 0.000010 0.000010
0.000010 0.000010 0.000010 0.000010 0.000010 0.000010 0.000010 0.000010 0.000010 0.000010 0.000010 0.000010 0.000010 0.000010 0.000010 0.999830 0.000010 0.000010
0.000010 0.000010 0.000010 0.000010 0.000010 0.000010 0.000010 0.000010 0.000010 0.000010 0.000010 0.000010 0.000010 0.000010 0.000010 0.000010 0.999830 0.000010
0.000010 0.000010 0.000010 0.000010 0.000010 0.000010 0.000010 0.000010 0.000010 0.000010 0.000010 0.000010 0.999830 0.000010 0.000010 0.000010 0.000010 0.000010
0.000010 0.000010 0.000010 0.000010 0.000010 0.000010 0.000010 0.000010 0.000010 0.000010 0.000010 0.000010 0.999830 0.000010 0.000010 0.000010 0.000010 0.000010
0.000010 0.000010 0.000010 0.000010 0.057028 0.000010 0.000010 0.000010 0.000010 0.000010 0.000010 0.000010 0.904696 0.000010 0.000010 0.038126 0.000010 0.000010
0.000010 0.000010 0.054123 0.000010 0.000010 0.000010 0.000010 0.000010 0.000010 0.000010 0.000010 0.000010 0.359415 0.000010 0.245882 0.000010 0.340440 0.000010
0.000010 0.000010 0.008728 0.000010 0.000010 0.039729 0.000010 0.000010 0.000010 0.000010 0.000010 0.000010 0.191346 0.000010 0.000010 0.000010 0.760057 0.000010
0.000010 0.000010 0.000010 0.000010 0.000010 0.000010 0.000010 0.723880 0.000010 0.000016 0.000010 0.000010 0.000010 0.000010 0.000010 0.000010 0.000010 0.275954
0.000010 0.000010 0.000010 0.000010 0.000013 0.000010 0.000010 0.999815 0.000010 0.000020 0.000010 0.000010 0.000010 0.000010 0.000010 0.000010 0.000012 0.000010
0.000010 0.000010 0.000010 0.000010 0.000010 0.999830 0.000010 0.000010 0.000010 0.000010 0.000010 0.000010 0.000010 0.000010 0.000010 0.000010 0.000010 0.000010
0.000010 0.000010 0.000010 0.000010 0.000010 0.424011 0.091709 0.000010 0.000010 0.000010 0.000010 0.000010 0.000010 0.000010 0.171286 0.140851 0.172013 0.000010
0.000010 0.000010 0.000010 0.000010 0.000010 0.000010 0.999830 0.000010 0.000010 0.000010 0.000010 0.000010 0.000010 0.000010 0.000010 0.000010 0.000010 0.000010
0.000010 0.000010 0.000010 0.000010 0.000010 0.000010 0.999830 0.000010 0.000010 0.000010 0.000010 0.000010 0.000010 0.000010 0.000010 0.000010 0.000010 0.000010
0.000010 0.000010 0.000010 0.000010 0.000010 0.000010 0.999830 0.000010 0.000010 0.000010 0.000010 0.000010 0.000010 0.000010 0.000010 0.000010 0.000010 0.000010
0.000010 0.000010 0.000010 0.000010 0.000010 0.000010 0.000010 0.000010 0.000010 0.000010 0.000010 0.000010 0.000010 0.000010 0.000010 0.999830 0.000010 0.000010
0.000010 0.000010 0.000010 0.000010 0.000010 0.000010 0.000010 0.000010 0.000010 0.000010 0.000010 0.225843 0.773997 0.000010 0.000010 0.000010 0.000010 0.000010
0.000010 0.999830 0.000010 0.000010 0.000010 0.000010 0.000010 0.000010 0.000010 0.000010 0.000010 0.000010 0.000010 0.000010 0.000010 0.000010 0.000010 0.000010
0.000010 0.687922 0.000010 0.075638 0.000010 0.000010 0.000010 0.000010 0.047284 0.000010 0.000010 0.000010 0.000010 0.000010 0.000010 0.000010 0.189017 0.000010
0.000010 0.000010 0.000010 0.000010 0.000010 0.000010 0.000010 0.000010 0.000010 0.000010 0.000010 0.000010 0.999830 0.000010 0.000010 0.000010 0.000010 0.000010
0.000010 0.000010 0.000010 0.000010 0.000010 0.999830 0.000010 0.000010 0.000010 0.000010 0.000010 0.000010 0.000010 0.000010 0.000010 0.000010 0.000010 0.000010
0.000010 0.000010 0.000010 0.000010 0.000010 0.999830 0.000010 0.000010 0.000010 0.000010 0.000010 0.000010 0.000010 0.000010 0.000010 0.000010 0.000010 0.000010
0.000010 0.000010 0.000010 0.000010 0.000010 0.016619 0.000010 0.000010 0.000010 0.000010 0.000010 0.083915 0.485794 0.000010 0.123341 0.000010 0.290200 0.000010
0.000010 0.000010 0.000010 0.000010 0.000010 0.999830 0.000010 0.000010 0.000010 0.000010 0.000010 0.000010 0.000010 0.000010 0.000010 0.000010 0.000010 0.000010
0.000010 0.000010 0.000011 0.000010 0.000010 0.000010 0.000010 0.000010 0.000010 0.000010 0.000010 0.000010 0.432178 0.049009 0.082069 0.020436 0.416177 0.000010
0.000010 0.000010 0.000010 0.000010 0.092261 0.000010 0.000010 0.000010 0.000010 0.000010 0.000010 0.000010 0.000010 0.000010 0.000010 0.000010 0.907579 0.000010
0.000010 0.000010 0.000010 0.000010 0.000010 0.000010 0.000010 0.000010 0.000010 0.000010 0.000010 0.000010 0.000010 0.000010 0.000010 0.000010 0.999830 0.000010
0.000010 0.000010 0.000010 0.000010 0.000010 0.000010 0.000010 0.000010 0.000010 0.000010 0.000010 0.000010 0.000010 0.000010 0.000010 0.000010 0.999830 0.000010
0.000010 0.000010 0.000010 0.000010 0.000010 0.000010 0.000010 0.000010 0.000010 0.000010 0.000010 0.000010 0.301708 0.000010 0.109826 0.214386 0.373939 0.000010
0.000010 0.000019 0.162291 0.000010 0.098183 0.000010 0.000010 0.000010 0.000010 0.000010 0.000010 0.000010 0.376691 0.000010 0.000010 0.128028 0.234669 0.000010
0.000010 0.000010 0.000010 0.000010 0.000010 0.000010 0.000010 0.895084 0.000010 0.000010 0.000010 0.000010 0.000010 0.000010 0.000010 0.000010 0.104756 0.000010
0.000010 0.000010 0.000010 0.000010 0.000010 0.000010 0.000010 0.120751 0.000010 0.000010 0.000010 0.000010 0.000010 0.000010 0.000010 0.180960 0.020099 0.678050
0.000010 0.000010 0.000010 0.000010 0.001912 0.000010 0.000010 0.000010 0.000010 0.000010 0.000010 0.000010 0.331108 0.000010 0.000010 0.015564 0.651276 0.000010
0.000010 0.000010 0.000010 0.000010 0.000010 0.000010 0.000010 0.000010 0.000010 0.000010 0.000010 0.000010 0.000010 0.000010 0.000010 0.000010 0.999830 0.000010
0.000010 0.000010 0.421930 0.000010 0.000010 0.000010 0.000010 0.000010 0.000010 0.000010 0.000010 0.000010 0.113226 0.000010 0.000010 0.000010 0.464694 0.000010
0.000010 0.000010 0.000010 0.000010 0.000010 0.000010 0.000010 0.000010 0.000010 0.000010 0.000010 0.019967 0.607228 0.000010 0.372656 0.000010 0.000010 0.000010
0.000010 0.000010 0.000010 0.000010 0.172845 0.000010 0.017122 0.000010 0.000010 0.000010 0.000010 0.000010 0.350062 0.000010 0.000010 0.087360 0.372481 0.000010
0.000010 0.000010 0.000010 0.000010 0.076471 0.000010 0.000010 0.000010 0.000010 0.000010 0.000010 0.000010 0.176730 0.000010 0.000010 0.222817 0.523842 0.000010
0.000010 0.000010 0.414090 0.000010 0.038443 0.000010 0.051673 0.000010 0.131510 0.000010 0.237350 0.000010 0.000010 0.000010 0.000010 0.000010 0.000010 0.126815
0.000010 0.000010 0.000010 0.000010 0.000010 0.000010 0.000010 0.000010 0.000010 0.000010 0.000011 0.000010 0.000010 0.000010 0.000010 0.000010 0.999829 0.000010
0.000010 0.073334 0.000010 0.000010 0.000010 0.000010 0.000010 0.000010 0.125919 0.000010 0.026812 0.000010 0.000010 0.086434 0.000010 0.000010 0.015896 0.671485
0.000010 0.000010 0.000010 0.000010 0.000010 0.000010 0.999830 0.000010 0.000010 0.000010 0.000010 0.000010 0.000010 0.000010 0.000010 0.000010 0.000010 0.000010
0.000010 0.000010 0.000010 0.000010 0.000010 0.468581 0.531254 0.000015 0.000010 0.000010 0.000010 0.000010 0.000010 0.000010 0.000010 0.000010 0.000010 0.000010
0.000010 0.000010 0.000010 0.000010 0.000010 0.963756 0.036084 0.000010 0.000010 0.000010 0.000010 0.000010 0.000010 0.000010 0.000010 0.000010 0.000010 0.000010
0.000010 0.000010 0.000010 0.000010 0.000010 0.861971 0.000010 0.000010 0.000010 0.000010 0.000010 0.000010 0.000010 0.000010 0.000010 0.000010 0.000010 0.137869
0.000010 0.000010 0.000010 0.000010 0.000010 0.999830 0.000010 0.000010 0.000010 0.000010 0.000010 0.000010 0.000010 0.000010 0.000010 0.000010 0.000010 0.000010
0.000010 0.000010 0.000010 0.000010 0.000010 0.877809 0.000010 0.000010 0.000010 0.000010 0.000010 0.000010 0.000010 0.000010 0.000010 0.000010 0.000010 0.122031
0.000010 0.000010 0.000010 0.000010 0.000010 0.999830 0.000010 0.000010 0.000010 0.000010 0.000010 0.000010 0.000010 0.000010 0.000010 0.000010 0.000010 0.000010
0.000010 0.000010 0.000010 0.000010 0.000010 0.000010 0.000010 0.000010 0.000010 0.000010 0.000010 0.000010 0.000010 0.000010 0.999830 0.000010 0.000010 0.000010
0.000010 0.274016 0.000010 0.000010 0.000010 0.276083 0.000010 0.246228 0.000010 0.203533 0.000010 0.000010 0.000010 0.000010 0.000010 0.000010 0.000010 0.000010
0.000010 0.000010 0.000010 0.000010 0.000010 0.000010 0.999830 0.000010 0.000010 0.000010 0.000010 0.000010 0.000010 0.000010 0.000010 0.000010 0.000010 0.000010
0.000010 0.000010 0.000010 0.000010 0.000010 0.000010 0.000010 0.000010 0.000010 0.000010 0.000010 0.000010 0.999830 0.000010 0.000010 0.000010 0.000010 0.000010
0.000010 0.000010 0.000010 0.000010 0.000010 0.999830 0.000010 0.000010 0.000010 0.000010 0.000010 0.000010 0.000010 0.000010 0.000010 0.000010 0.000010 0.000010
0.000010 0.169783 0.000010 0.000010 0.134617 0.148005 0.547456 0.000010 0.000010 0.000010 0.000010 0.000010 0.000010 0.000010 0.000010 0.000010 0.000010 0.000010
0.000010 0.000010 0.000010 0.000010 0.000010 0.000010 0.000010 0.000010 0.382433 0.000010 0.000010 0.617407 0.000010 0.000010 0.000010 0.000010 0.000010 0.000010
0.000010 0.000010 0.000010 0.000010 0.000010 0.782151 0.095208 0.000010 0.000010 0.000010 0.000010 0.000010 0.000010 0.000010 0.000010 0.000010 0.000010 0.122492
0.000010 0.000010 0.000010 0.000010 0.000010 0.000010 0.000010 0.000010 0.000010 0.999830 0.000010 0.000010 0.000010 0.000010 0.000010 0.000010 0.000010 0.000010
0.000010 0.213241 0.000010 0.000010 0.000010 0.000010 0.097166 0.000010 0.000010 0.000010 0.000010 0.000010 0.000010 0.000010 0.000010 0.000010 0.000010 0.689443
0.000010 0.999830 0.000010 0.000010 0.000010 0.000010 0.000010 0.000010 0.000010 0.000010 0.000010 0.000010 0.000010 0.000010 0.000010 0.000010 0.000010 0.000010
0.000010 0.000010 0.000010 0.000010 0.000010 0.000010 0.000010 0.000010 0.000010 0.000010 0.000010 0.999830 0.000010 0.000010 0.000010 0.000010 0.000010 0.000010
0.030096 0.000010 0.147336 0.000010 0.000010 0.000010 0.000010 0.000010 0.136655 0.000010 0.000010 0.000010 0.031515 0.000010 0.000010 0.505608 0.148671 0.000010
0.000010 0.000010 0.155081 0.000010 0.214837 0.000010 0.000010 0.000010 0.060202 0.000010 0.000010 0.236263 0.000010 0.000010 0.000010 0.000010 0.000010 0.333487
0.000010 0.072488 0.000010 0.000010 0.000010 0.000010 0.000010 0.105555 0.000010 0.099512 0.000010 0.000010 0.000010 0.000010 0.227304 0.341335 0.000010 0.153686
0.000010 0.000010 0.200484 0.000010 0.000010 0.000010 0.000010 0.000010 0.000010 0.016310 0.000010 0.000010 0.000010 0.000010 0.159317 0.203696 0.000010 0.420063
0.000010 0.000010 0.018578 0.000010 0.000010 0.000010 0.000010 0.000010 0.000010 0.000010 0.000010 0.000010 0.707709 0.000010 0.000010 0.000010 0.273562 0.000010
0.000010 0.000010 0.000010 0.000010 0.000010 0.000010 0.000010 0.000010 0.000010 0.000010 0.000010 0.000010 0.999830 0.000010 0.000010 0.000010 0.000010 0.000010
0.000010 0.000010 0.000010 0.000010 0.000010 0.000010 0.000010 0.000010 0.999830 0.000010 0.000010 0.000010 0.000010 0.000010 0.000010 0.000010 0.000010 0.000010
0.000010 0.000010 0.000010 0.000010 0.000010 0.000010 0.000010 0.000011 0.999824 0.000010 0.000010 0.000010 0.000010 0.000010 0.000010 0.000015 0.000010 0.000010
0.000010 0.000010 0.000010 0.000010 0.000010 0.000010 0.000010 0.000010 0.000010 0.999830 0.000010 0.000010 0.000010 0.000010 0.000010 0.000010 0.000010 0.000010
0.043072 0.353047 0.000010 0.000010 0.000010 0.012570 0.030670 0.000010 0.000010 0.413875 0.000010 0.039894 0.000010 0.000010 0.060494 0.000010 0.000010 0.046278
0.000010 0.000010 0.442121 0.000010 0.000010 0.000010 0.000010 0.000010 0.000010 0.000010 0.081948 0.000010 0.000010 0.000010 0.000010 0.393579 0.082212 0.000010
0.000010 0.000010 0.000010 0.000010 0.000010 0.000010 0.000010 0.000010 0.000010 0.999830 0.000010 0.000010 0.000010 0.000010 0.000010 0.000010 0.000010 0.000010
0.021897 0.192425 0.000010 0.053258 0.000010 0.000010 0.008017 0.000010 0.000010 0.522813 0.104355 0.000010 0.000010 0.000010 0.097125 0.000010 0.000010 0.000010
0.000010 0.000010 0.000010 0.000010 0.000010 0.000010 0.000010 0.094147 0.000010 0.000010 0.000010 0.085655 0.000010 0.000010 0.000010 0.000010 0.000010 0.820048
0.000010 0.260658 0.000010 0.000010 0.000010 0.000010 0.074945 0.000010 0.000010 0.591993 0.000010 0.000010 0.000010 0.030572 0.002951 0.037472 0.001299 0.000010
0.000010 0.000010 0.000010 0.056821 0.000010 0.000010 0.000010 0.062676 0.000010 0.000010 0.000010 0.007765 0.000010 0.000010 0.143178 0.035846 0.000010 0.693594
0.000010 0.000010 0.000010 0.000010 0.000010 0.000010 0.000010 0.000010 0.999830 0.000010 0.000010 0.000010 0.000010 0.000010 0.000010 0.000010 0.000010 0.000010
0.000010 0.000010 0.309934 0.000010 0.000010 0.000010 0.000010 0.096791 0.000010 0.000010 0.000010 0.331667 0.000010 0.000010 0.000010 0.000010 0.000010 0.261468
0.000010 0.000010 0.077956 0.000010 0.000010 0.000010 0.000010 0.000010 0.000010 0.000010 0.000010 0.221888 0.000010 0.000010 0.000010 0.660377 0.022923 0.016725
0.000010 0.000010 0.000010 0.000010 0.000010 0.101012 0.000010 0.000010 0.000010 0.667718 0.000010 0.000010 0.006083 0.067209 0.143275 0.000010 0.008750 0.005843
0.000010 0.000010 0.000010 0.000010 0.000010 0.000010 0.000010 0.000010 0.000010 0.000010 0.000010 0.000010 0.000010 0.000010 0.000010 0.158347 0.841493 0.000010
0.000010 0.000010 0.000010 0.000010 0.000010 0.000010 0.000010 0.000010 0.000010 0.000010 0.000010 0.000010 0.999830 0.000010 0.000010 0.000010 0.000010 0.000010
0.000010 0.000010 0.000010 0.000010 0.000010 0.000010 0.000010 0.000010 0.000010 0.003223 0.000010 0.015962 0.597016 0.000010 0.000010 0.000010 0.383659 0.000010
0.000010 0.000010 0.000010 0.000010 0.000010 0.000010 0.000010 0.000010 0.089200 0.000010 0.000010 0.000010 0.121594 0.000010 0.000010 0.000010 0.789056 0.000010
0.000010 0.000010 0.000010 0.000010 0.000010 0.000010 0.000010 0.000010 0.000010 0.000010 0.000010 0.000010 0.999830 0.000010 0.000010 0.000010 0.000010 0.000010
0.034216 0.000010 0.000010 0.000010 0.032121 0.000010 0.000010 0.029529 0.000010 0.000010 0.000010 0.000010 0.000010 0.000010 0.000010 0.013594 0.890410 0.000010
0.000010 0.000010 0.000010 0.000010 0.000010 0.000010 0.000010 0.101409 0.743796 0.000010 0.000010 0.000010 0.000010 0.000010 0.000010 0.154645 0.000010 0.000010
0.000010 0.000010 0.000010 0.000010 0.000010 0.000010 0.999830 0.000010 0.000010 0.000010 0.000010 0.000010 0.000010 0.000010 0.000010 0.000010 0.000010 0.000010
0.000010 0.000010 0.000010 0.000010 0.000010 0.000010 0.000010 0.000010 0.000010 0.000010 0.999830 0.000010 0.000010 0.000010 0.000010 0.000010 0.000010 0.000010
0.000010 0.000010 0.000010 0.000010 0.000010 0.999830 0.000010 0.000010 0.000010 0.000010 0.000010 0.000010 0.000010 0.000010 0.000010 0.000010 0.000010 0.000010
0.000010 0.000010 0.000010 0.000010 0.000010 0.999830 0.000010 0.000010 0.000010 0.000010 0.000010 0.000010 0.000010 0.000010 0.000010 0.000010 0.000010 0.000010
0.000010 0.000010 0.000010 0.000010 0.000010 0.999830 0.000010 0.000010 0.000010 0.000010 0.000010 0.000010 0.000010 0.000010 0.000010 0.000010 0.000010 0.000010
0.000010 0.999830 0.000010 0.000010 0.000010 0.000010 0.000010 0.000010 0.000010 0.000010 0.000010 0.000010 0.000010 0.000010 0.000010 0.000010 0.000010 0.000010
0.000010 0.000010 0.000010 0.000010 0.000010 0.000010 0.000010 0.000010 0.999830 0.000010 0.000010 0.000010 0.000010 0.000010 0.000010 0.000010 0.000010 0.000010
0.000010 0.000010 0.000010 0.000010 0.000010 0.000010 0.000010 0.082107 0.822281 0.000010 0.000010 0.000010 0.000010 0.000010 0.000010 0.095462 0.000010 0.000010
0.000010 0.000010 0.000010 0.000010 0.000010 0.000010 0.000010 0.000010 0.000010 0.000010 0.000010 0.000010 0.792414 0.000010 0.000010 0.207426 0.000010 0.000010
0.000010 0.000010 0.000010 0.000010 0.000010 0.000010 0.000010 0.000010 0.000010 0.000010 0.999830 0.000010 0.000010 0.000010 0.000010 0.000010 0.000010 0.000010
0.033395 0.000010 0.000010 0.000010 0.098711 0.000010 0.000010 0.000010 0.000010 0.000010 0.000010 0.000010 0.000010 0.000010 0.000010 0.000010 0.000010 0.867744
0.000010 0.000010 0.000010 0.000010 0.000010 0.019697 0.000010 0.000010 0.980143 0.000010 0.000010 0.000010 0.000010 0.000010 0.000010 0.000010 0.000010 0.000010
0.000010 0.000010 0.000010 0.000010 0.999830 0.000010 0.000010 0.000010 0.000010 0.000010 0.000010 0.000010 0.000010 0.000010 0.000010 0.000010 0.000010 0.000010
0.000010 0.094042 0.273293 0.000010 0.207157 0.000010 0.000010 0.000010 0.000010 0.000010 0.041979 0.106312 0.000010 0.000010 0.019332 0.160124 0.097661 0.000010
0.000010 0.000010 0.000010 0.000010 0.178709 0.000010 0.000010 0.000010 0.821122 0.000010 0.000010 0.000010 0.000019 0.000010 0.000010 0.000010 0.000010 0.000010
0.000010 0.852583 0.000010 0.000010 0.000010 0.000010 0.000010 0.000010 0.000010 0.000010 0.000010 0.000010 0.000010 0.000010 0.000010 0.147257 0.000010 0.000010
0.000010 0.000010 0.000010 0.000010 0.156385 0.000010 0.000010 0.000010 0.702991 0.000010 0.000010 0.140474 0.000010 0.000010 0.000010 0.000010 0.000010 0.000010
0.000010 0.000010 0.789393 0.000010 0.188085 0.000010 0.000010 0.000010 0.000010 0.000010 0.000010 0.000010 0.000010 0.000010 0.000010 0.000010 0.022372 0.000010
0.000010 0.000010 0.000010 0.000010 0.000010 0.000010 0.000010 0.000010 0.526367 0.000010 0.000010 0.269986 0.000010 0.032736 0.000010 0.051363 0.119418 0.000010
0.000010 0.000010 0.000010 0.000010 0.000010 0.000010 0.000010 0.000010 0.737596 0.000010 0.000010 0.000010 0.000010 0.000010 0.000010 0.000010 0.000010 0.262244
0.041978 0.155481 0.000010 0.000010 0.000010 0.000010 0.000010 0.000010 0.000010 0.707739 0.000010 0.000010 0.000010 0.000010 0.094662 0.000010 0.000010 0.000010
0.000010 0.000010 0.000010 0.000010 0.000010 0.000010 0.000010 0.000010 0.000010 0.000010 0.000010 0.000010 0.000010 0.000010 0.000010 0.000010 0.000010 0.999830
0.023492 0.000010 0.252509 0.000010 0.000010 0.000010 0.000010 0.000010 0.000010 0.009753 0.000010 0.000010 0.429434 0.000010 0.000010 0.000010 0.284683 0.000010
0.000010 0.000010 0.000010 0.000010 0.000010 0.000010 0.000010 0.000010 0.000010 0.000010 0.000010 0.000010 0.268194 0.000010 0.000010 0.000010 0.731646 0.000010
0.000010 0.000010 0.000010 0.000010 0.000010 0.000010 0.000010 0.000010 0.000010 0.541993 0.457847 0.000010 0.000010 0.000010 0.000010 0.000010 0.000010 0.000010
0.000010 0.000010 0.000010 0.000010 0.000010 0.000010 0.000010 0.000010 0.000010 0.000010 0.999830 0.000010 0.000010 0.000010 0.000010 0.000010 0.000010 0.000010
0.999830 0.000010 0.000010 0.000010 0.000010 0.000010 0.000010 0.000010 0.000010 0.000010 0.000010 0.000010 0.000010 0.000010 0.000010 0.000010 0.000010 0.000010
0.156795 0.000010 0.000010 0.000010 0.000010 0.000010 0.000010 0.000010 0.000010 0.000010 0.000010 0.000010 0.000010 0.843045 0.000010 0.000010 0.000010 0.000010
0.000010 0.999830 0.000010 0.000010 0.000010 0.000010 0.000010 0.000010 0.000010 0.000010 0.000010 0.000010 0.000010 0.000010 0.000010 0.000010 0.000010 0.000010
0.000010 0.000010 0.000010 0.000010 0.181016 0.000010 0.091010 0.000010 0.000010 0.000010 0.000010 0.000010 0.000010 0.000010 0.000010 0.727824 0.000010 0.000010
0.000010 0.140485 0.277563 0.000010 0.170942 0.000010 0.000010 0.000010 0.290742 0.120138 0.000010 0.000010 0.000010 0.000010 0.000010 0.000010 0.000010 0.000010
0.000010 0.000010 0.000010 0.000010 0.000010 0.000010 0.000010 0.000010 0.000010 0.000010 0.000010 0.000010 0.317672 0.000010 0.120178 0.000010 0.562000 0.000010
0.000010 0.000010 0.000010 0.000010 0.475551 0.000010 0.000010 0.000010 0.000010 0.000010 0.000010 0.133371 0.000010 0.000010 0.000010 0.000010 0.000010 0.390928
0.000010 0.000010 0.312560 0.000010 0.000010 0.000010 0.000010 0.000010 0.000010 0.000010 0.000010 0.000010 0.426522 0.000010 0.069298 0.000010 0.191480 0.000010
0.000010 0.000010 0.044529 0.000010 0.000010 0.000010 0.000010 0.000010 0.182776 0.000010 0.000010 0.000010 0.254968 0.000010 0.034562 0.000010 0.483035 0.000010
0.999830 0.000010 0.000010 0.000010 0.000010 0.000010 0.000010 0.000010 0.000010 0.000010 0.000010 0.000010 0.000010 0.000010 0.000010 0.000010 0.000010 0.000010
0.000010 0.000010 0.000010 0.000010 0.000010 0.000010 0.000010 0.000010 0.000010 0.000010 0.000010 0.440124 0.000010 0.000010 0.000010 0.194300 0.000010 0.365425
0.999830 0.000010 0.000010 0.000010 0.000010 0.000010 0.000010 0.000010 0.000010 0.000010 0.000010 0.000010 0.000010 0.000010 0.000010 0.000010 0.000010 0.000010
0.000010 0.000010 0.000010 0.000010 0.000010 0.000010 0.000010 0.000010 0.000010 0.000010 0.000010 0.000010 0.000010 0.999830 0.000010 0.000010 0.000010 0.000010
0.000010 0.000010 0.000010 0.000010 0.000010 0.000010 0.000010 0.000010 0.000010 0.000010 0.000010 0.000010 0.000010 0.999830 0.000010 0.000010 0.000010 0.000010
0.000010 0.000010 0.173853 0.019503 0.000010 0.013646 0.000010 0.000010 0.047278 0.000010 0.000010 0.211381 0.050038 0.000010 0.000010 0.000010 0.000010 0.484192
0.000010 0.000010 0.000010 0.000010 0.222881 0.000010 0.000010 0.000010 0.000010 0.000010 0.000010 0.000010 0.000010 0.000010 0.000010 0.000010 0.776959 0.000010
0.000010 0.000010 0.000010 0.000010 0.000010 0.000010 0.000010 0.000010 0.000010 0.000010 0.000010 0.000010 0.000010 0.000010 0.000010 0.000010 0.999830 0.000010
0.000010 0.000010 0.000010 0.025303 0.000010 0.015422 0.000010 0.000010 0.000010 0.000010 0.431081 0.000010 0.218556 0.000010 0.000010 0.000010 0.000010 0.309508
0.000010 0.000330 0.000010 0.000010 0.000010 0.116643 0.000010 0.000010 0.000010 0.000010 0.572537 0.000010 0.000010 0.000010 0.000010 0.000010 0.000010 0.310350
0.000010 0.000010 0.000010 0.000010 0.000010 0.000010 0.000010 0.999830 0.000010 0.000010 0.000010 0.000010 0.000010 0.000010 0.000010 0.000010 0.000010 0.000010
0.000010 0.000010 0.000010 0.000010 0.103058 0.000010 0.000010 0.000010 0.000010 0.183598 0.000010 0.000010 0.060110 0.000010 0.240429 0.381644 0.000010 0.031042
0.000010 0.000010 0.020695 0.000010 0.000010 0.000010 0.000010 0.000010 0.057117 0.000010 0.000010 0.000010 0.247239 0.000010 0.220043 0.000010 0.454776 0.000010
0.000010 0.000010 0.000010 0.000010 0.000010 0.000010 0.000010 0.000010 0.000010 0.000010 0.000010 0.000010 0.000010 0.000010 0.000010 0.000010 0.000010 0.999830
0.000010 0.000010 0.000010 0.000010 0.000010 0.083111 0.000012 0.000010 0.000010 0.000010 0.000016 0.000010 0.000010 0.000010 0.000010 0.000010 0.000010 0.916722
0.000010 0.000010 0.000010 0.000010 0.000010 0.000010 0.000010 0.000010 0.196078 0.000010 0.000010 0.000010 0.000010 0.000010 0.000010 0.000010 0.000010 0.803762
0.000010 0.000010 0.000010 0.000010 0.000010 0.000010 0.000010 0.000010 0.000010 0.000010 0.000010 0.000010 0.999830 0.000010 0.000010 0.000010 0.000010 0.000010
0.000010 0.000010 0.000010 0.000010 0.000010 0.000010 0.000010 0.000010 0.000010 0.000010 0.000010 0.000010 0.796258 0.000010 0.095157 0.000010 0.065739 0.042706
0.000010 0.000010 0.000010 0.026213 0.000010 0.000010 0.000010 0.000010 0.000010 0.000010 0.000010 0.000010 0.314820 0.000010 0.000010 0.348306 0.310521 0.000010
0.000010 0.000010 0.000010 0.000010 0.000010 0.000010 0.033898 0.000010 0.000010 0.000010 0.000010 0.000010 0.000010 0.000010 0.000010 0.000010 0.965942 0.000010
0.000010 0.999830 0.000010 0.000010 0.000010 0.000010 0.000010 0.000010 0.000010 0.000010 0.000010 0.000010 0.000010 0.000010 0.000010 0.000010 0.000010 0.000010
0.000010 0.000010 0.000010 0.000010 0.999830 0.000010 0.000010 0.000010 0.000010 0.000010 0.000010 0.000010 0.000010 0.000010 0.000010 0.000010 0.000010 0.000010
0.000010 0.132279 0.000010 0.000010 0.105407 0.074224 0.130079 0.000010 0.000010 0.373643 0.000010 0.000010 0.003040 0.031489 0.112082 0.037667 0.000010 0.000010
0.000010 0.000010 0.000010 0.000010 0.107362 0.000010 0.000010 0.000010 0.000010 0.000010 0.000010 0.000010 0.000010 0.000010 0.892478 0.000010 0.000010 0.000010
0.000010 0.422914 0.000010 0.000010 0.000010 0.010888 0.000010 0.000010 0.000010 0.566048 0.000010 0.000010 0.000010 0.000010 0.000010 0.000010 0.000010 0.000010
0.000010 0.000010 0.000010 0.000010 0.000010 0.000010 0.000010 0.000010 0.000010 0.999830 0.000010 0.000010 0.000010 0.000010 0.000010 0.000010 0.000010 0.000010
0.000010 0.000010 0.000010 0.000010 0.000010 0.000010 0.000010 0.000010 0.000010 0.999830 0.000010 0.000010 0.000010 0.000010 0.000010 0.000010 0.000010 0.000010
0.000010 0.000010 0.000010 0.000010 0.000010 0.000010 0.000010 0.000010 0.000010 0.999830 0.000010 0.000010 0.000010 0.000010 0.000010 0.000010 0.000010 0.000010
0.019679 0.000010 0.000010 0.000010 0.000010 0.064814 0.014245 0.000010 0.000010 0.173353 0.000010 0.000010 0.000010 0.000010 0.000010 0.000010 0.000010 0.727779
0.999830 0.000010 0.000010 0.000010 0.000010 0.000010 0.000010 0.000010 0.000010 0.000010 0.000010 0.000010 0.000010 0.000010 0.000010 0.000010 0.000010 0.000010
0.000010 0.000010 0.000010 0.000010 0.000010 0.000010 0.000010 0.000010 0.000010 0.000010 0.000010 0.999830 0.000010 0.000010 0.000010 0.000010 0.000010 0.000010
0.000010 0.000010 0.000010 0.000010 0.524582 0.000010 0.000010 0.000010 0.000010 0.000010 0.000010 0.000010 0.000010 0.000010 0.000010 0.475258 0.000010 0.000010
0.038827 0.092076 0.000010 0.000010 0.000010 0.038761 0.000010 0.000010 0.000010 0.610244 0.209749 0.000010 0.000010 0.000010 0.010223 0.000010 0.000010 0.000010
0.000010 0.000010 0.000010 0.000010 0.000010 0.000010 0.000010 0.000010 0.000010 0.000010 0.000010 0.000010 0.000010 0.000010 0.000010 0.622826 0.377014 0.000010
0.000010 0.000010 0.000010 0.000010 0.000010 0.000010 0.000010 0.000010 0.000010 0.999830 0.000010 0.000010 0.000010 0.000010 0.000010 0.000010 0.000010 0.000010
0.000010 0.000010 0.597621 0.000010 0.144664 0.000010 0.000010 0.000010 0.000010 0.000010 0.000010 0.000010 0.257565 0.000010 0.000010 0.000010 0.000010 0.000010
0.000010 0.000010 0.335582 0.000010 0.223680 0.005833 0.000010 0.000010 0.000010 0.000010 0.005373 0.000010 0.212188 0.000010 0.000010 0.217225 0.000010 0.000010
0.000010 0.000010 0.000010 0.000010 0.325992 0.000010 0.000010 0.000010 0.296179 0.000010 0.000010 0.212346 0.000010 0.000010 0.000010 0.000010 0.165343 0.000010
0.000010 0.000010 0.051411 0.131363 0.000010 0.000010 0.000010 0.000010 0.037406 0.000010 0.000010 0.356625 0.000010 0.000010 0.028844 0.086398 0.000010 0.307843
0.000010 0.000010 0.000010 0.000010 0.445905 0.000010 0.000010 0.000010 0.518825 0.000010 0.000010 0.000010 0.000010 0.000010 0.000010 0.031567 0.000010 0.003562
0.000010 0.000010 0.000010 0.000010 0.000010 0.000010 0.000010 0.000010 0.689734 0.000010 0.000010 0.264239 0.004319 0.000010 0.000010 0.041568 0.000010 0.000010
0.000010 0.000010 0.000010 0.000010 0.290935 0.000010 0.000010 0.000010 0.000010 0.000010 0.116535 0.000010 0.000010 0.000010 0.000010 0.000010 0.000010 0.592380
0.000010 0.000010 0.000010 0.000010 0.000010 0.000010 0.000010 0.000010 0.000010 0.000010 0.000010 0.000010 0.000010 0.000010 0.868035 0.000010 0.000010 0.131805
0.000010 0.000010 0.000010 0.000010 0.233040 0.064327 0.000010 0.000010 0.000010 0.011658 0.131145 0.000010 0.000010 0.000010 0.000010 0.000010 0.000010 0.559700
0.000010 0.000010 0.000010 0.000010 0.000010 0.000010 0.000010 0.000010 0.000010 0.000010 0.000010 0.000010 0.000010 0.000010 0.999830 0.000010 0.000010 0.000010
0.000010 0.000010 0.000010 0.000010 0.000010 0.000010 0.000010 0.000010 0.000010 0.000010 0.000010 0.000010 0.000010 0.000010 0.999830 0.000010 0.000010 0.000010
0.000010 0.000010 0.198184 0.000010 0.073018 0.000010 0.000010 0.129426 0.000010 0.000010 0.000010 0.000010 0.000010 0.000010 0.111292 0.133217 0.000010 0.354744
0.000010 0.000010 0.000010 0.000010 0.000010 0.000010 0.000010 0.000010 0.000010 0.000010 0.000010 0.000010 0.000010 0.000010 0.999826 0.000010 0.000014 0.000010
0.000010 0.000010 0.000010 0.000010 0.604645 0.000010 0.000010 0.000010 0.395195 0.000010 0.000010 0.000010 0.000010 0.000010 0.000010 0.000010 0.000010 0.000010
0.000010 0.000010 0.000010 0.000010 0.000010 0.000010 0.000010 0.000010 0.000010 0.000010 0.000010 0.000010 0.000010 0.000010 0.000010 0.999830 0.000010 0.000010
0.000010 0.000010 0.243574 0.000010 0.453187 0.000010 0.000010 0.000010 0.265275 0.000010 0.000010 0.000010 0.000010 0.000010 0.000010 0.000010 0.037824 0.000010
0.000010 0.000010 0.000010 0.000010 0.773013 0.000010 0.000010 0.000010 0.000010 0.226827 0.000010 0.000010 0.000010 0.000010 0.000010 0.000010 0.000010 0.000010
0.000010 0.000010 0.000010 0.000010 0.000010 0.000010 0.000010 0.000010 0.000010 0.999830 0.000010 0.000010 0.000010 0.000010 0.000010 0.000010 0.000010 0.000010
0.000010 0.000010 0.000010 0.000010 0.000011 0.024927 0.000010 0.000010 0.000010 0.000010 0.000010 0.000010 0.000010 0.000010 0.000010 0.974913 0.000010 0.000010
0.000010 0.000010 0.000010 0.000010 0.999830 0.000010 0.000010 0.000010 0.000010 0.000010 0.000010 0.000010 0.000010 0.000010 0.000010 0.000010 0.000010 0.000010
0.993060 0.000010 0.000010 0.000010 0.000010 0.000010 0.000010 0.000010 0.000010 0.000010 0.000010 0.000010 0.000010 0.000010 0.000010 0.000010 0.000010 0.006780
0.999830 0.000010 0.000010 0.000010 0.000010 0.000010 0.000010 0.000010 0.000010 0.000010 0.000010 0.000010 0.000010 0.000010 0.000010 0.000010 0.000010 0.000010
0.000010 0.000010 0.000010 0.000010 0.000010 0.000010 0.000010 0.000010 0.164414 0.000010 0.000010 0.000010 0.000010 0.000010 0.000010 0.000010 0.221440 0.613996
0.000010 0.000010 0.000010 0.000010 0.000010 0.000010 0.000010 0.000010 0.000010 0.000010 0.000010 0.000010 0.000010 0.999830 0.000010 0.000010 0.000010 0.000010
0.545631 0.065247 0.000010 0.000010 0.000010 0.000010 0.000010 0.000010 0.002118 0.000010 0.000010 0.000010 0.000010 0.386864 0.000010 0.000010 0.000010 0.000010
0.000010 0.061562 0.000010 0.791498 0.000010 0.000010 0.000010 0.000010 0.000010 0.000010 0.000010 0.000010 0.066483 0.000010 0.080317 0.000010 0.000010 0.000010
0.000010 0.000010 0.000010 0.000010 0.000010 0.000010 0.000010 0.000010 0.000010 0.946628 0.000010 0.000010 0.053212 0.000010 0.000010 0.000010 0.000010 0.000010
0.945786 0.000010 0.000010 0.000010 0.000010 0.000010 0.000010 0.000010 0.000010 0.000010 0.000010 0.000010 0.000010 0.000010 0.000010 0.000010 0.000010 0.054054
0.998221 0.000010 0.000010 0.000010 0.000010 0.000010 0.000010 0.000010 0.001612 0.000010 0.000010 0.000010 0.000010 0.000010 0.000010 0.000010 0.000017 0.000010
0.999830 0.000010 0.000010 0.000010 0.000010 0.000010 0.000010 0.000010 0.000010 0.000010 0.000010 0.000010 0.000010 0.000010 0.000010 0.000010 0.000010 0.000010
0.000010 0.000010 0.000010 0.000010 0.015230 0.000010 0.000010 0.000010 0.000010 0.000010 0.000010 0.000010 0.000010 0.000010 0.000010 0.984610 0.000010 0.000010
0.000010 0.000010 0.000010 0.000010 0.000010 0.000010 0.000010 0.000010 0.000010 0.000010 0.000010 0.000010 0.000010 0.000010 0.000010 0.999830 0.000010 0.000010
0.000010 0.000010 0.000010 0.000010 0.000010 0.000010 0.000010 0.000010 0.264266 0.000010 0.304182 0.044586 0.000010 0.000010 0.000010 0.000010 0.000010 0.386826
0.000010 0.007804 0.000010 0.000010 0.055102 0.000010 0.000010 0.000010 0.101867 0.000010 0.000010 0.000010 0.294240 0.000010 0.000010 0.402676 0.000010 0.138191
0.376743 0.000010 0.000010 0.279970 0.000010 0.000010 0.000010 0.000010 0.000010 0.000010 0.202197 0.000010 0.000010 0.140950 0.000010 0.000010 0.000010 0.000010
0.000010 0.000010 0.000010 0.000010 0.475814 0.000010 0.000010 0.000010 0.000010 0.000010 0.040366 0.157369 0.000010 0.000010 0.000010 0.048696 0.000010 0.277626
0.000010 0.000010 0.000010 0.000010 0.000010 0.000010 0.000010 0.000010 0.000010 0.000010 0.000010 0.000010 0.000010 0.999830 0.000010 0.000010 0.000010 0.000010
0.000010 0.000010 0.000010 0.000010 0.000010 0.000010 0.000010 0.000010 0.000010 0.000010 0.000010 0.000010 0.000010 0.999830 0.000010 0.000010 0.000010 0.000010
0.007902 0.000010 0.000010 0.000010 0.202090 0.000010 0.000010 0.000010 0.057335 0.031291 0.000010 0.022971 0.281848 0.000010 0.078437 0.318026 0.000010 0.000010
0.000010 0.000010 0.000010 0.000010 0.000010 0.000010 0.000010 0.000010 0.000010 0.000010 0.000010 0.000010 0.000010 0.000010 0.000010 0.999830 0.000010 0.000010
0.000010 0.000010 0.000010 0.000010 0.000010 0.000010 0.000010 0.000010 0.000010 0.000010 0.000010 0.000010 0.000010 0.990212 0.000010 0.000010 0.009628 0.000010
0.042982 0.000010 0.956858 0.000010 0.000010 0.000010 0.000010 0.000010 0.000010 0.000010 0.000010 0.000010 0.000010 0.000010 0.000010 0.000010 0.000010 0.000010
0.000010 0.000010 0.166370 0.000010 0.000010 0.000010 0.000010 0.153837 0.000010 0.000010 0.000010 0.052496 0.000010 0.123534 0.000010 0.000010 0.000010 0.503634
0.000010 0.000010 0.000010 0.000010 0.000010 0.000010 0.000010 0.000010 0.000010 0.000010 0.000010 0.000010 0.000010 0.999830 0.000010 0.000010 0.000010 0.000010
0.000020 0.000010 0.085902 0.000013 0.000010 0.000010 0.000010 0.000010 0.000010 0.000010 0.000017 0.000010 0.000010 0.913918 0.000010 0.000010 0.000010 0.000010
0.793309 0.000010 0.000010 0.000010 0.000010 0.000010 0.000010 0.000010 0.000010 0.000010 0.000010 0.000010 0.000010 0.206531 0.000010 0.000010 0.000010 0.000010
0.000010 0.000010 0.001206 0.000010 0.778210 0.000010 0.016624 0.000010 0.051926 0.037793 0.000010 0.000010 0.000010 0.000010 0.000010 0.000010 0.026795 0.087337
0.000010 0.000010 0.000010 0.000010 0.000010 0.000010 0.000010 0.000010 0.000010 0.000010 0.000010 0.000010 0.000010 0.000010 0.000010 0.000010 0.000010 0.999830
0.000010 0.059665 0.384977 0.000010 0.093916 0.000010 0.000010 0.000010 0.000010 0.385606 0.000010 0.000010 0.000010 0.000010 0.000010 0.000010 0.075706 0.000010
0.022385 0.000010 0.173234 0.008605 0.152548 0.000010 0.000010 0.000010 0.072410 0.000010 0.076529 0.000010 0.047008 0.000010 0.000010 0.159425 0.000010 0.287766
0.000010 0.020195 0.000010 0.558222 0.000010 0.000010 0.000010 0.000010 0.000010 0.000010 0.000010 0.000010 0.000010 0.281024 0.000010 0.000010 0.114985 0.025445
0.559161 0.000010 0.000010 0.378306 0.000010 0.000010 0.000010 0.000010 0.000010 0.000010 0.000010 0.000010 0.000010 0.000010 0.062383 0.000010 0.000010 0.000010
0.232011 0.000010 0.000010 0.631489 0.000010 0.067740 0.000010 0.000010 0.000010 0.000010 0.000010 0.068620 0.000010 0.000010 0.000010 0.000010 0.000010 0.000010
0.532802 0.000010 0.000010 0.467038 0.000010 0.000010 0.000010 0.000010 0.000010 0.000010 0.000010 0.000010 0.000010 0.000010 0.000010 0.000010 0.000010 0.000010
0.000010 0.000010 0.999830 0.000010 0.000010 0.000010 0.000010 0.000010 0.000010 0.000010 0.000010 0.000010 0.000010 0.000010 0.000010 0.000010 0.000010 0.000010
0.000010 0.000010 0.000010 0.000010 0.000010 0.000010 0.000010 0.999830 0.000010 0.000010 0.000010 0.000010 0.000010 0.000010 0.000010 0.000010 0.000010 0.000010
0.000010 0.000010 0.000010 0.000010 0.000010 0.000010 0.000010 0.000010 0.135195 0.000010 0.000010 0.000010 0.864645 0.000010 0.000010 0.000010 0.000010 0.000010
0.000010 0.000010 0.000010 0.000010 0.000010 0.072760 0.000010 0.000010 0.111517 0.000010 0.000010 0.000010 0.638936 0.000010 0.000010 0.176647 0.000010 0.000010
0.000010 0.000010 0.000010 0.000010 0.000010 0.000010 0.000010 0.000010 0.000010 0.000010 0.000010 0.000010 0.512582 0.000010 0.195926 0.000010 0.291342 0.000010
0.000010 0.999830 0.000010 0.000010 0.000010 0.000010 0.000010 0.000010 0.000010 0.000010 0.000010 0.000010 0.000010 0.000010 0.000010 0.000010 0.000010 0.000010
0.999830 0.000010 0.000010 0.000010 0.000010 0.000010 0.000010 0.000010 0.000010 0.000010 0.000010 0.000010 0.000010 0.000010 0.000010 0.000010 0.000010 0.000010
0.000010 0.607225 0.000010 0.000010 0.000010 0.000010 0.000010 0.000010 0.000010 0.000010 0.000010 0.000010 0.000010 0.000010 0.000010 0.000010 0.000010 0.392615
0.000010 0.684373 0.000010 0.000010 0.000010 0.000010 0.000010 0.000010 0.000010 0.000010 0.000010 0.000010 0.000010 0.000010 0.000010 0.207273 0.000010 0.108205
0.000010 0.000010 0.000010 0.694439 0.000010 0.000010 0.000766 0.000010 0.000010 0.000010 0.000010 0.000010 0.000010 0.263208 0.000010 0.000010 0.000010 0.041447
0.271938 0.000010 0.000010 0.727902 0.000010 0.000010 0.000010 0.000010 0.000010 0.000010 0.000010 0.000010 0.000010 0.000010 0.000010 0.000010 0.000010 0.000010
0.999830 0.000010 0.000010 0.000010 0.000010 0.000010 0.000010 0.000010 0.000010 0.000010 0.000010 0.000010 0.000010 0.000010 0.000010 0.000010 0.000010 0.000010
0.135441 0.000010 0.000010 0.860438 0.000010 0.000010 0.003971 0.000010 0.000010 0.000010 0.000010 0.000010 0.000010 0.000010 0.000010 0.000010 0.000010 0.000010
0.000010 0.000010 0.133130 0.000010 0.000010 0.000010 0.000010 0.000010 0.047564 0.000010 0.000010 0.000010 0.819156 0.000010 0.000010 0.000010 0.000010 0.000010
0.000010 0.000010 0.000010 0.000010 0.024103 0.000010 0.000010 0.000010 0.000010 0.000010 0.000010 0.185558 0.648835 0.000010 0.000010 0.000010 0.141364 0.000010
0.000010 0.000010 0.000010 0.032677 0.000010 0.011414 0.000010 0.000010 0.118270 0.000010 0.000010 0.000010 0.505740 0.000010 0.000010 0.000010 0.331769 0.000010
0.000010 0.000010 0.000010 0.675445 0.000010 0.000010 0.000010 0.000010 0.000010 0.000010 0.000010 0.000010 0.000010 0.324395 0.000010 0.000010 0.000010 0.000010
0.000010 0.000010 0.000010 0.000010 0.000010 0.000010 0.000010 0.000010 0.000010 0.000010 0.000010 0.000010 0.000010 0.000010 0.000010 0.000010 0.999830 0.000010
0.000010 0.000010 0.000010 0.000010 0.166750 0.029198 0.000010 0.000010 0.054299 0.000010 0.000010 0.006553 0.401189 0.000010 0.000010 0.000010 0.341890 0.000010
0.000010 0.000010 0.000010 0.000010 0.483934 0.000010 0.000010 0.000010 0.004297 0.000010 0.000010 0.000010 0.208675 0.000010 0.000010 0.302954 0.000010 0.000010
0.216277 0.000010 0.000010 0.783563 0.000010 0.000010 0.000010 0.000010 0.000010 0.000010 0.000010 0.000010 0.000010 0.000010 0.000010 0.000010 0.000010 0.000010
0.999830 0.000010 0.000010 0.000010 0.000010 0.000010 0.000010 0.000010 0.000010 0.000010 0.000010 0.000010 0.000010 0.000010 0.000010 0.000010 0.000010 0.000010
0.000010 0.000010 0.000010 0.985143 0.003153 0.000010 0.000010 0.000010 0.000010 0.000010 0.000010 0.000010 0.000010 0.000010 0.000010 0.011554 0.000010 0.000010
0.000010 0.000010 0.000010 0.999830 0.000010 0.000010 0.000010 0.000010 0.000010 0.000010 0.000010 0.000010 0.000010 0.000010 0.000010 0.000010 0.000010 0.000010
0.000010 0.000010 0.000010 0.996968 0.002872 0.000010 0.000010 0.000010 0.000010 0.000010 0.000010 0.000010 0.000010 0.000010 0.000010 0.000010 0.000010 0.000010
0.000010 0.000010 0.000010 0.612102 0.000010 0.000010 0.000010 0.000010 0.000010 0.000010 0.000010 0.000010 0.000010 0.338572 0.000010 0.000010 0.000010 0.049176
0.000010 0.000010 0.000010 0.380382 0.000010 0.000010 0.000010 0.000010 0.000010 0.000010 0.000010 0.000010 0.000010 0.619458 0.000010 0.000010 0.000010 0.000010
0.215509 0.000010 0.000010 0.748686 0.000010 0.000010 0.000010 0.000010 0.000010 0.000010 0.000010 0.000010 0.000010 0.000010 0.000010 0.035656 0.000010 0.000010
0.000010 0.000010 0.000010 0.000010 0.000010 0.000425 0.002270 0.000010 0.248945 0.298756 0.000010 0.155286 0.000010 0.000010 0.000010 0.294198 0.000010 0.000010
0.000010 0.000010 0.000010 0.000010 0.999830 0.000010 0.000010 0.000010 0.000010 0.000010 0.000010 0.000010 0.000010 0.000010 0.000010 0.000010 0.000010 0.000010
0.164851 0.000010 0.000010 0.834989 0.000010 0.000010 0.000010 0.000010 0.000010 0.000010 0.000010 0.000010 0.000010 0.000010 0.000010 0.000010 0.000010 0.000010
0.000010 0.000010 0.000010 0.998934 0.000010 0.000906 0.000010 0.000010 0.000010 0.000010 0.000010 0.000010 0.000010 0.000010 0.000010 0.000010 0.000010 0.000010
0.000010 0.000010 0.000010 0.000010 0.000010 0.000010 0.000010 0.000010 0.000010 0.000010 0.000010 0.000010 0.891904 0.107936 0.000010 0.000010 0.000010 0.000010
0.000016 0.000010 0.000010 0.000010 0.000010 0.000010 0.000010 0.000010 0.000010 0.000010 0.000010 0.024546 0.276090 0.000010 0.112004 0.000010 0.587214 0.000010
0.000010 0.000010 0.000010 0.000010 0.000010 0.000010 0.000010 0.000010 0.000010 0.000010 0.000010 0.000010 0.999830 0.000010 0.000010 0.000010 0.000010 0.000010
