0.000010 0.000010 0.000010 0.492722 0.113881 0.000010 0.000010 0.000010 0.297527 0.000010 0.010928 0.027335 0.000010 0.057527
0.597287 0.000010 0.039846 0.022107 0.165177 0.000010 0.175153 0.000010 0.000350 0.000010 0.000010 0.000010 0.000010 0.000010
0.000010 0.000010 0.000010 0.066035 0.105178 0.000010 0.828677 0.000010 0.000010 0.000010 0.000010 0.000010 0.000010 0.000010
0.000010 0.000010 0.137393 0.080130 0.070976 0.032719 0.589458 0.000010 0.000010 0.053919 0.000010 0.002610 0.000010 0.032735
0.000010 0.000010 0.238115 0.039325 0.000010 0.000010 0.567690 0.000010 0.000010 0.154770 0.000010 0.000010 0.000010 0.000010
0.049077 0.000010 0.180474 0.000010 0.154610 0.000010 0.615739 0.000010 0.000010 0.000010 0.000010 0.000010 0.000010 0.000010
0.000010 0.000010 0.054912 0.119886 0.142531 0.000010 0.671542 0.011038 0.000010 0.000010 0.000010 0.000010 0.000010 0.000010
0.000010 0.000010 0.000010 0.010271 0.139465 0.064600 0.733937 0.000010 0.000010 0.000010 0.000010 0.051637 0.000010 0.000010
0.015603 0.095731 0.075477 0.050764 0.000010 0.018870 0.000010 0.060531 0.400209 0.100649 0.000010 0.000010 0.008657 0.173468
0.816793 0.000010 0.000010 0.000010 0.000010 0.000010 0.000010 0.000010 0.000010 0.183087 0.000010 0.000010 0.000010 0.000010
0.000010 0.000010 0.000010 0.000010 0.000010 0.999870 0.000010 0.000010 0.000010 0.000010 0.000010 0.000010 0.000010 0.000010
0.000010 0.119068 0.000010 0.021030 0.138053 0.289122 0.218002 0.000010 0.066465 0.148190 0.000010 0.000010 0.000010 0.000010
0.000010 0.999870 0.000010 0.000010 0.000010 0.000010 0.000010 0.000010 0.000010 0.000010 0.000010 0.000010 0.000010 0.000010
0.000010 0.999870 0.000010 0.000010 0.000010 0.000010 0.000010 0.000010 0.000010 0.000010 0.000010 0.000010 0.000010 0.000010
0.000010 0.999870 0.000010 0.000010 0.000010 0.000010 0.000010 0.000010 0.000010 0.000010 0.000010 0.000010 0.000010 0.000010
0.758630 0.000010 0.000010 0.128345 0.112916 0.000010 0.000010 0.000010 0.000010 0.000010 0.000010 0.000010 0.000010 0.000010
0.000010 0.000010 0.037460 0.041063 0.178324 0.000815 0.710357 0.000010 0.000010 0.000010 0.000010 0.000010 0.031900 0.000010
0.000010 0.491718 0.000010 0.000010 0.063877 0.000010 0.033870 0.023905 0.386540 0.000010 0.000010 0.000010 0.000010 0.000010
0.000010 0.205110 0.009045 0.000010 0.079653 0.000010 0.382416 0.092054 0.168557 0.000010 0.012225 0.000010 0.050879 0.000010
0.000010 0.132556 0.124917 0.000010 0.000010 0.000010 0.000010 0.154145 0.095067 0.000010 0.021674 0.000010 0.395261 0.076312
0.000010 0.000010 0.110564 0.000010 0.051145 0.033900 0.796346 0.000010 0.000010 0.000010 0.007955 0.000010 0.000010 0.000010
0.000010 0.000010 0.000010 0.000010 0.000010 0.999870 0.000010 0.000010 0.000010 0.000010 0.000010 0.000010 0.000010 0.000010
0.000010 0.000011 0.000010 0.000010 0.000010 0.999869 0.000010 0.000010 0.000010 0.000010 0.000010 0.000010 0.000010 0.000010
0.000010 0.000010 0.047150 0.171460 0.058893 0.023483 0.672987 0.000010 0.000010 0.000010 0.000010 0.000010 0.000010 0.025947
0.000010 0.000010 0.000010 0.000010 0.000010 0.999870 0.000010 0.000010 0.000010 0.000010 0.000010 0.000010 0.000010 0.000010
0.000010 0.000010 0.033050 0.078716 0.140846 0.016087 0.655386 0.075835 0.000010 0.000010 0.000010 0.000010 0.000010 0.000010
0.000010 0.000010 0.067620 0.000010 0.092425 0.000010 0.781467 0.000010 0.000010 0.002304 0.000010 0.014728 0.041377 0.000010
0.000010 0.000010 0.999870 0.000010 0.000010 0.000010 0.000010 0.000010 0.000010 0.000010 0.000010 0.000010 0.000010 0.000010
0.000010 0.000010 0.000010 0.000010 0.134464 0.027249 0.806667 0.000010 0.000010 0.023345 0.008185 0.000010 0.000010 0.000010
0.000010 0.000010 0.000010 0.000010 0.015166 0.000010 0.969909 0.000010 0.000010 0.000010 0.014815 0.000010 0.000010 0.000010
0.012999 0.000010 0.079619 0.229728 0.140742 0.000010 0.536821 0.000010 0.000010 0.000010 0.000010 0.000010 0.000010 0.000010
0.193593 0.000010 0.167266 0.000010 0.134286 0.000010 0.504755 0.000010 0.000010 0.000010 0.000010 0.000010 0.000010 0.000010
0.000010 0.000010 0.000010 0.000010 0.239278 0.000010 0.098380 0.000010 0.051967 0.018060 0.036452 0.000010 0.000010 0.555783
0.073667 0.000010 0.075114 0.000010 0.153080 0.000010 0.645057 0.000010 0.000010 0.033501 0.000010 0.000665 0.007752 0.011104
0.003072 0.000010 0.000010 0.000010 0.000010 0.000010 0.996808 0.000010 0.000010 0.000010 0.000010 0.000010 0.000010 0.000010
0.104655 0.000010 0.000010 0.000010 0.000010 0.000010 0.000010 0.069957 0.262275 0.045484 0.213189 0.123084 0.016846 0.164450
0.000010 0.000010 0.999870 0.000010 0.000010 0.000010 0.000010 0.000010 0.000010 0.000010 0.000010 0.000010 0.000010 0.000010
0.209258 0.000010 0.037827 0.000010 0.290497 0.000010 0.389761 0.024665 0.000010 0.047912 0.000010 0.000010 0.000010 0.000010
0.000010 0.000010 0.000010 0.089203 0.000010 0.015279 0.284474 0.054911 0.000010 0.016192 0.000010 0.000010 0.000010 0.539860
0.008953 0.000010 0.216946 0.000010 0.152876 0.007537 0.537318 0.000010 0.013409 0.000010 0.062891 0.000010 0.000010 0.000010
0.000010 0.000010 0.200351 0.000010 0.000010 0.000010 0.000010 0.029300 0.000010 0.000010 0.055662 0.115072 0.000010 0.599525
0.100264 0.006271 0.124313 0.054272 0.228584 0.000010 0.486216 0.000010 0.000010 0.000010 0.000010 0.000010 0.000010 0.000010
0.000010 0.077916 0.000010 0.000010 0.336686 0.000010 0.000010 0.000010 0.000010 0.347779 0.000010 0.000010 0.138344 0.099185
0.120682 0.000010 0.000010 0.000010 0.141167 0.000010 0.703212 0.000010 0.000010 0.034839 0.000010 0.000010 0.000010 0.000010
0.000010 0.000010 0.082611 0.000010 0.088190 0.031952 0.067067 0.043038 0.000010 0.084174 0.079669 0.068930 0.011309 0.443019
0.000010 0.999870 0.000010 0.000010 0.000010 0.000010 0.000010 0.000010 0.000010 0.000010 0.000010 0.000010 0.000010 0.000010
0.000010 0.777241 0.000010 0.000010 0.000010 0.222639 0.000010 0.000010 0.000010 0.000010 0.000010 0.000010 0.000010 0.000010
0.093552 0.000010 0.186884 0.012284 0.000010 0.029279 0.599237 0.078683 0.000010 0.000010 0.000010 0.000010 0.000010 0.000010
0.000010 0.097073 0.000010 0.000010 0.000010 0.859186 0.000010 0.000010 0.000010 0.000010 0.005429 0.000010 0.038212 0.000010
0.000010 0.000010 0.000010 0.000010 0.000010 0.826616 0.000010 0.000010 0.053990 0.000010 0.000010 0.000010 0.000010 0.119284
0.000010 0.000010 0.000010 0.000010 0.000010 0.999870 0.000010 0.000010 0.000010 0.000010 0.000010 0.000010 0.000010 0.000010
0.000010 0.053676 0.000010 0.000010 0.000010 0.796652 0.014014 0.000010 0.000010 0.000010 0.029982 0.000010 0.000010 0.105586
0.000010 0.000010 0.000010 0.000010 0.000010 0.999870 0.000010 0.000010 0.000010 0.000010 0.000010 0.000010 0.000010 0.000010
0.000010 0.000010 0.106136 0.769838 0.022794 0.026486 0.000010 0.000010 0.074657 0.000010 0.000010 0.000010 0.000010 0.000010
0.000010 0.104770 0.123405 0.000010 0.000010 0.240063 0.000010 0.000010 0.491562 0.000010 0.000010 0.000010 0.000010 0.040111
0.000010 0.999870 0.000010 0.000010 0.000010 0.000010 0.000010 0.000010 0.000010 0.000010 0.000010 0.000010 0.000010 0.000010
0.000010 0.999870 0.000010 0.000010 0.000010 0.000010 0.000010 0.000010 0.000010 0.000010 0.000010 0.000010 0.000010 0.000010
0.172103 0.005627 0.000010 0.000010 0.154172 0.000010 0.000010 0.008461 0.187080 0.000010 0.230258 0.074866 0.167373 0.000010
0.000010 0.000010 0.225596 0.000010 0.137427 0.000010 0.594320 0.000010 0.000010 0.042557 0.000010 0.000010 0.000010 0.000010
0.394038 0.000010 0.000010 0.000010 0.000010 0.075891 0.000010 0.000010 0.000010 0.000010 0.369207 0.160764 0.000010 0.000010
0.000010 0.136321 0.000010 0.000010 0.000010 0.863559 0.000010 0.000010 0.000010 0.000010 0.000010 0.000010 0.000010 0.000010
0.000010 0.495962 0.035821 0.000010 0.028630 0.122260 0.000010 0.000010 0.261992 0.000010 0.000010 0.000010 0.000010 0.055255
0.004374 0.347322 0.066561 0.000010 0.000010 0.120942 0.000010 0.063836 0.395021 0.000010 0.001874 0.000010 0.000010 0.000010
0.000010 0.000010 0.000010 0.000010 0.069476 0.000010 0.000010 0.000010 0.000010 0.930404 0.000010 0.000010 0.000010 0.000010
0.000010 0.110832 0.021900 0.000010 0.000010 0.779246 0.000010 0.000010 0.053386 0.033470 0.000010 0.000010 0.000010 0.001087
0.000010 0.000010 0.000010 0.000010 0.000010 0.000010 0.000010 0.000010 0.000010 0.999870 0.000010 0.000010 0.000010 0.000010
0.000010 0.000010 0.000010 0.000010 0.006431 0.000010 0.000010 0.000010 0.993449 0.000010 0.000010 0.000010 0.000010 0.000010
0.000010 0.249774 0.000010 0.000010 0.066836 0.000010 0.000010 0.000010 0.079054 0.000010 0.000010 0.000010 0.000010 0.604237
0.000010 0.280180 0.000010 0.000010 0.000010 0.144543 0.038895 0.000010 0.483860 0.000010 0.000010 0.000010 0.000010 0.052433
0.168886 0.024083 0.032316 0.000010 0.105788 0.035686 0.037191 0.000010 0.000010 0.370400 0.000010 0.000010 0.115132 0.110469
0.359061 0.000010 0.017288 0.000010 0.153771 0.000010 0.316795 0.000010 0.000010 0.108135 0.032484 0.012397 0.000010 0.000010
0.012779 0.000010 0.166395 0.037574 0.227243 0.007586 0.000010 0.000010 0.000010 0.227426 0.000010 0.000010 0.001419 0.319518
0.131740 0.000010 0.000010 0.209468 0.248531 0.031915 0.009039 0.000010 0.181659 0.033701 0.000860 0.000010 0.000010 0.153038
0.049613 0.000010 0.002565 0.293337 0.115202 0.000010 0.060014 0.000010 0.008146 0.069358 0.000010 0.000010 0.000010 0.401705
0.000010 0.090793 0.241077 0.000010 0.000010 0.073370 0.000010 0.000010 0.015091 0.000010 0.208702 0.132356 0.000010 0.238541
0.000010 0.000010 0.005510 0.000010 0.015473 0.000010 0.818675 0.000010 0.000010 0.089025 0.000010 0.000010 0.000010 0.071227
0.000010 0.000010 0.327147 0.000010 0.035563 0.030201 0.577653 0.000010 0.000010 0.000010 0.000010 0.000010 0.029346 0.000010
0.000010 0.000010 0.193227 0.025324 0.000010 0.000010 0.000010 0.000010 0.000010 0.766753 0.000010 0.000010 0.014596 0.000010
0.000010 0.007412 0.053192 0.000010 0.000010 0.003931 0.090629 0.000010 0.000010 0.844747 0.000010 0.000010 0.000010 0.000010
0.000010 0.000010 0.000010 0.000010 0.000010 0.072403 0.000010 0.000010 0.881603 0.000010 0.030195 0.011306 0.000010 0.004404
0.000010 0.025131 0.443304 0.142492 0.000010 0.000010 0.293005 0.044989 0.000010 0.000010 0.050998 0.000010 0.000010 0.000010
0.000010 0.102455 0.016585 0.033421 0.000010 0.066143 0.000010 0.004937 0.604806 0.132378 0.000010 0.000010 0.000010 0.039214
0.408497 0.000010 0.000010 0.000010 0.278184 0.000010 0.193479 0.000010 0.000010 0.085258 0.013227 0.000010 0.009342 0.011944
0.000010 0.000010 0.000010 0.000010 0.000010 0.000010 0.000010 0.000010 0.999870 0.000010 0.000010 0.000010 0.000010 0.000010
0.000010 0.047158 0.014254 0.184879 0.063545 0.030480 0.000010 0.000010 0.565182 0.000010 0.033703 0.027653 0.000010 0.033096
0.118654 0.000014 0.398849 0.000010 0.000010 0.000010 0.263062 0.000010 0.000010 0.000010 0.000010 0.000010 0.050150 0.169190
0.000010 0.000010 0.000010 0.000010 0.132746 0.000010 0.000010 0.000010 0.000010 0.000010 0.079646 0.000010 0.000010 0.787498
0.053365 0.077485 0.008577 0.036257 0.009698 0.089116 0.008559 0.000010 0.572031 0.000010 0.016760 0.013157 0.018274 0.096702
0.000010 0.000010 0.000010 0.000010 0.000010 0.026671 0.000010 0.088626 0.874812 0.000010 0.009791 0.000010 0.000010 0.000010
0.076185 0.000010 0.000010 0.022518 0.000010 0.000010 0.000010 0.000010 0.000010 0.000010 0.000010 0.000010 0.000010 0.901186
0.000010 0.009096 0.085999 0.018277 0.000010 0.000010 0.030151 0.155262 0.000010 0.205637 0.000010 0.000010 0.000010 0.495508
0.000010 0.000010 0.000010 0.290485 0.000010 0.000010 0.000010 0.000010 0.000010 0.063904 0.000010 0.000010 0.000010 0.645501
0.000010 0.000010 0.000010 0.147885 0.000010 0.000010 0.000010 0.695466 0.000010 0.000010 0.000010 0.156539 0.000010 0.000010
0.000010 0.000010 0.080459 0.000010 0.000010 0.048123 0.000010 0.000010 0.003649 0.767097 0.068436 0.000010 0.000010 0.032155
0.001263 0.040617 0.156937 0.161492 0.000010 0.000010 0.386739 0.088450 0.003468 0.059996 0.000010 0.000010 0.004072 0.096924
0.094674 0.000010 0.019647 0.037708 0.174246 0.000010 0.133406 0.000010 0.000010 0.209033 0.025499 0.000010 0.000010 0.305728
0.540855 0.019225 0.041919 0.000010 0.239791 0.000010 0.112779 0.000010 0.000010 0.000010 0.000010 0.000010 0.000010 0.045353
0.149245 0.000010 0.231736 0.141446 0.000010 0.000010 0.051678 0.097732 0.000010 0.000010 0.000010 0.098239 0.146335 0.083528
0.000010 0.007702 0.000010 0.069777 0.145787 0.122504 0.000010 0.000010 0.480174 0.000010 0.006602 0.051718 0.000010 0.115676
0.172336 0.000010 0.000010 0.000010 0.038131 0.029107 0.725953 0.000010 0.000010 0.000010 0.034383 0.000010 0.000010 0.000010
0.000010 0.000010 0.309571 0.000010 0.144721 0.000010 0.545598 0.000010 0.000010 0.000010 0.000010 0.000010 0.000010 0.000010
0.034569 0.000010 0.031584 0.000010 0.000010 0.000010 0.738202 0.083933 0.000010 0.000010 0.044064 0.016349 0.000010 0.051229
0.000010 0.000010 0.163398 0.051125 0.042020 0.000010 0.730940 0.000010 0.000010 0.000010 0.012427 0.000010 0.000010 0.000010
0.000010 0.000010 0.014891 0.000010 0.083901 0.000010 0.781124 0.000010 0.055508 0.000010 0.000010 0.000010 0.064486 0.000010
0.000010 0.012570 0.309603 0.000010 0.000010 0.000010 0.677717 0.000010 0.000010 0.000010 0.000010 0.000010 0.000010 0.000010
0.147317 0.000010 0.104564 0.000010 0.000010 0.000010 0.700373 0.000010 0.000010 0.000010 0.000010 0.047646 0.000010 0.000010
0.000010 0.000010 0.000010 0.062574 0.000010 0.000010 0.062884 0.000010 0.000010 0.871515 0.000010 0.000010 0.000010 0.002928
0.000010 0.999870 0.000010 0.000010 0.000010 0.000010 0.000010 0.000010 0.000010 0.000010 0.000010 0.000010 0.000010 0.000010
0.000993 0.033230 0.211316 0.000010 0.000010 0.008078 0.000356 0.040245 0.034020 0.115905 0.013997 0.000010 0.057048 0.484782
0.000010 0.000010 0.000010 0.000010 0.087313 0.016398 0.000010 0.000010 0.172041 0.000010 0.362024 0.236483 0.125661 0.000010
0.000010 0.013946 0.000010 0.000010 0.000010 0.985934 0.000010 0.000010 0.000010 0.000010 0.000010 0.000010 0.000010 0.000010
0.000010 0.000010 0.000010 0.000010 0.000010 0.999870 0.000010 0.000010 0.000010 0.000010 0.000010 0.000010 0.000010 0.000010
0.000010 0.087537 0.000010 0.000010 0.000010 0.912343 0.000010 0.000010 0.000010 0.000010 0.000010 0.000010 0.000010 0.000010
0.000010 0.162216 0.170905 0.000010 0.000010 0.086712 0.005850 0.009585 0.352438 0.000010 0.000010 0.000010 0.000010 0.212224
0.000010 0.407569 0.000010 0.000010 0.057168 0.056848 0.000010 0.000010 0.383635 0.000010 0.094690 0.000010 0.000010 0.000010
0.000010 0.000010 0.085505 0.000010 0.000010 0.089482 0.000010 0.000010 0.000010 0.824903 0.000010 0.000010 0.000010 0.000010
0.000010 0.000010 0.000010 0.094194 0.000010 0.000010 0.000010 0.571683 0.000010 0.000010 0.000010 0.334013 0.000010 0.000010
0.000010 0.000010 0.000010 0.000010 0.000010 0.000010 0.000010 0.000010 0.000010 0.980338 0.000010 0.019542 0.000010 0.000010
0.000010 0.000010 0.000010 0.000010 0.000010 0.999870 0.000010 0.000010 0.000010 0.000010 0.000010 0.000010 0.000010 0.000010
0.000010 0.000010 0.000010 0.000010 0.000010 0.000010 0.000010 0.999870 0.000010 0.000010 0.000010 0.000010 0.000010 0.000010
0.118226 0.000010 0.027799 0.000010 0.086397 0.000010 0.651774 0.000010 0.000010 0.000010 0.000010 0.000010 0.115714 0.000010
0.000010 0.000010 0.000010 0.258145 0.000010 0.000010 0.000010 0.132089 0.022753 0.000010 0.000010 0.069102 0.517821 0.000010
0.000010 0.032460 0.046416 0.000010 0.000010 0.000010 0.000010 0.007710 0.050351 0.000010 0.000010 0.000010 0.000010 0.862974
0.000010 0.000010 0.024190 0.000010 0.124928 0.000010 0.000038 0.063881 0.000010 0.000010 0.134170 0.291170 0.106597 0.254965
0.000010 0.000010 0.185243 0.036684 0.000010 0.000010 0.010615 0.009074 0.000010 0.000010 0.000010 0.016682 0.000010 0.741622
0.000010 0.000010 0.000010 0.000010 0.271841 0.071091 0.000013 0.000010 0.000010 0.496337 0.000010 0.084336 0.000010 0.076302
0.000010 0.000010 0.522445 0.000010 0.423682 0.053764 0.000010 0.000010 0.000010 0.000010 0.000010 0.000010 0.000010 0.000010
0.183654 0.000010 0.085878 0.034528 0.317349 0.006963 0.157319 0.000010 0.108649 0.044692 0.012026 0.000010 0.000010 0.048901
0.000010 0.000010 0.207729 0.000010 0.103548 0.000010 0.075865 0.000010 0.000010 0.607890 0.000010 0.000010 0.004878 0.000010
0.011406 0.036447 0.088202 0.000010 0.000010 0.089152 0.227041 0.000010 0.423935 0.060581 0.000010 0.044441 0.018745 0.000010
0.110082 0.003700 0.178917 0.000010 0.215775 0.000010 0.000010 0.000010 0.000010 0.491435 0.000010 0.000010 0.000010 0.000010
0.482008 0.000010 0.148717 0.000010 0.171837 0.024190 0.116580 0.000010 0.036813 0.000010 0.000010 0.019785 0.000010 0.000010
0.096276 0.000010 0.000010 0.098850 0.105432 0.010640 0.000010 0.000010 0.000010 0.652927 0.000010 0.000010 0.000010 0.035796
0.351379 0.000010 0.176085 0.000010 0.000010 0.026542 0.054817 0.042892 0.000010 0.000010 0.007336 0.125550 0.215339 0.000010
0.000010 0.000010 0.483618 0.000010 0.000010 0.000010 0.093683 0.054448 0.000010 0.307635 0.000010 0.000010 0.000010 0.060527
0.024503 0.073411 0.180338 0.000010 0.000010 0.037471 0.000010 0.032798 0.051564 0.000010 0.084884 0.075325 0.000010 0.439656
0.000010 0.000010 0.000010 0.071980 0.000010 0.000010 0.000010 0.000010 0.000010 0.646378 0.007048 0.000010 0.000010 0.274495
0.000010 0.000010 0.000010 0.092559 0.008074 0.000010 0.000010 0.000010 0.715943 0.000654 0.000010 0.059409 0.079238 0.044052
0.000010 0.042470 0.000010 0.000010 0.099344 0.000010 0.000010 0.000010 0.000010 0.000010 0.000010 0.000010 0.000010 0.858077
0.178101 0.000010 0.179964 0.026265 0.000010 0.028692 0.141307 0.024171 0.000010 0.000010 0.025529 0.000010 0.000010 0.395911
0.000010 0.000010 0.007178 0.004642 0.072843 0.000010 0.655656 0.147077 0.000010 0.112525 0.000010 0.000010 0.000010 0.000010
0.000010 0.000010 0.053734 0.006667 0.054712 0.000010 0.878409 0.000010 0.000010 0.006389 0.000010 0.000010 0.000010 0.000010
0.021967 0.000010 0.000010 0.000010 0.000010 0.036818 0.000010 0.123212 0.571343 0.000010 0.213685 0.032895 0.000010 0.000010
0.000010 0.000010 0.000010 0.029257 0.000010 0.000010 0.000010 0.212440 0.000010 0.000010 0.000010 0.758193 0.000010 0.000010
0.000010 0.000010 0.000010 0.000010 0.000010 0.000010 0.007259 0.000010 0.697868 0.000010 0.179107 0.102303 0.013374 0.000010
0.000010 0.000010 0.198714 0.000010 0.000010 0.022232 0.000010 0.056043 0.000010 0.000010 0.069828 0.000010 0.066690 0.586413
0.000010 0.000010 0.100308 0.000010 0.120485 0.000010 0.000010 0.000010 0.016365 0.000010 0.170226 0.303068 0.178224 0.111255
0.392855 0.000010 0.000010 0.372785 0.000010 0.000010 0.000010 0.130978 0.000010 0.000010 0.103283 0.000010 0.000010 0.000010
0.000010 0.000010 0.000010 0.011542 0.032547 0.000010 0.057567 0.102998 0.000010 0.021514 0.000010 0.773753 0.000010 0.000010
0.509693 0.000010 0.000010 0.255516 0.000010 0.000010 0.000010 0.213915 0.000010 0.000010 0.020776 0.000010 0.000010 0.000010
0.149841 0.031444 0.020308 0.129069 0.000010 0.000010 0.062567 0.231815 0.008113 0.057037 0.000010 0.145890 0.000010 0.163875
0.000010 0.000010 0.000010 0.000010 0.122843 0.000010 0.000010 0.053113 0.000010 0.000010 0.000010 0.823935 0.000010 0.000010
0.000010 0.000752 0.202077 0.000010 0.000010 0.000010 0.657861 0.061188 0.000010 0.068060 0.000010 0.000010 0.009982 0.000010
0.323769 0.032961 0.123629 0.109153 0.266207 0.000010 0.046415 0.000010 0.000010 0.097796 0.000010 0.000010 0.000010 0.000010
0.000010 0.000010 0.153022 0.059035 0.219897 0.000010 0.000010 0.000010 0.179721 0.369683 0.018562 0.000010 0.000010 0.000010
0.000010 0.000010 0.075523 0.077144 0.249266 0.000010 0.597967 0.000010 0.000010 0.000010 0.000010 0.000010 0.000010 0.000010
0.000010 0.012402 0.264980 0.000010 0.231480 0.068171 0.000010 0.000010 0.000010 0.123378 0.000010 0.000010 0.000010 0.299508
0.063194 0.000010 0.100437 0.220250 0.000010 0.000010 0.535051 0.000010 0.000010 0.000010 0.000010 0.080978 0.000010 0.000010
0.000010 0.000010 0.050190 0.100210 0.168520 0.000010 0.646000 0.007171 0.000010 0.016612 0.011227 0.000010 0.000010 0.000010
0.999870 0.000010 0.000010 0.000010 0.000010 0.000010 0.000010 0.000010 0.000010 0.000010 0.000010 0.000010 0.000010 0.000010
0.000010 0.000010 0.000010 0.000010 0.000010 0.000010 0.000010 0.048287 0.000010 0.000010 0.000010 0.951593 0.000010 0.000010
0.224050 0.000010 0.000010 0.000010 0.272613 0.000010 0.000010 0.000010 0.000010 0.133750 0.026575 0.027372 0.000010 0.315561
0.000010 0.000010 0.000010 0.005681 0.000010 0.017503 0.000010 0.000010 0.000010 0.000010 0.000010 0.976706 0.000010 0.000010
0.000010 0.000010 0.000010 0.000010 0.000010 0.000010 0.000010 0.140968 0.000010 0.000010 0.000010 0.858912 0.000010 0.000010
0.000010 0.000010 0.000010 0.000010 0.030929 0.000010 0.000010 0.109629 0.000010 0.000010 0.000010 0.859332 0.000010 0.000010
0.094969 0.000010 0.000010 0.019856 0.182935 0.054202 0.128966 0.000010 0.000010 0.053087 0.000010 0.014414 0.044873 0.406648
0.000010 0.000010 0.091170 0.048847 0.043626 0.045400 0.626828 0.000010 0.000010 0.144049 0.000010 0.000010 0.000010 0.000010
0.108133 0.000010 0.121286 0.000010 0.000010 0.000010 0.646258 0.054519 0.000010 0.000010 0.033658 0.000010 0.036065 0.000010
0.000010 0.000010 0.000010 0.000010 0.156486 0.000010 0.723278 0.000010 0.000010 0.027701 0.041676 0.050768 0.000010 0.000010
0.203477 0.001792 0.129672 0.000010 0.000010 0.139929 0.000010 0.000010 0.119260 0.000010 0.000010 0.023786 0.000010 0.382015
0.000010 0.050167 0.000010 0.000010 0.057795 0.074665 0.092062 0.125580 0.000010 0.052183 0.054517 0.009836 0.119746 0.363410
0.000010 0.087880 0.000010 0.000010 0.000010 0.000010 0.000010 0.287507 0.105055 0.000010 0.106121 0.000010 0.045155 0.368202
0.000010 0.101144 0.000010 0.000010 0.030306 0.100360 0.000010 0.248277 0.000010 0.000010 0.022278 0.041824 0.073854 0.381897
0.000010 0.046059 0.000010 0.000010 0.000010 0.000010 0.000010 0.311416 0.002503 0.000010 0.000010 0.000010 0.000010 0.639921
0.000010 0.060626 0.000010 0.000010 0.000010 0.083977 0.000010 0.336875 0.000010 0.000010 0.000010 0.000010 0.000010 0.518421
0.326435 0.000010 0.144748 0.003005 0.119618 0.032574 0.153375 0.000010 0.180515 0.000010 0.000010 0.000010 0.000010 0.039671
0.000010 0.000010 0.017488 0.076007 0.188407 0.000010 0.619223 0.076084 0.000010 0.022711 0.000010 0.000010 0.000010 0.000010
0.000010 0.000010 0.000010 0.000010 0.098197 0.073192 0.000010 0.000010 0.000010 0.062946 0.030657 0.000010 0.000010 0.734919
0.263400 0.000010 0.000010 0.000010 0.000010 0.000010 0.000010 0.016719 0.000010 0.443892 0.090425 0.014266 0.171218 0.000010
0.000010 0.000010 0.075011 0.000010 0.193366 0.087486 0.138896 0.000010 0.000010 0.000010 0.000010 0.000010 0.010825 0.494336
0.000010 0.123496 0.000010 0.000010 0.000010 0.000010 0.000010 0.316894 0.000010 0.000010 0.000010 0.000010 0.000010 0.559500
0.949306 0.000010 0.000010 0.000010 0.000010 0.000010 0.050574 0.000010 0.000010 0.000010 0.000010 0.000010 0.000010 0.000010
0.082792 0.000010 0.241358 0.000010 0.000010 0.000010 0.616678 0.059072 0.000010 0.000010 0.000010 0.000010 0.000010 0.000010
0.000010 0.000010 0.096756 0.119461 0.207181 0.000010 0.576503 0.000010 0.000010 0.000010 0.000010 0.000010 0.000010 0.000010
0.139201 0.000010 0.000010 0.000010 0.266738 0.000010 0.542830 0.000010 0.005384 0.000010 0.000010 0.045756 0.000010 0.000010
0.257465 0.036101 0.087699 0.216405 0.000010 0.029982 0.263215 0.000010 0.000010 0.103560 0.000010 0.000010 0.000010 0.005513
0.067704 0.000010 0.000010 0.024569 0.025175 0.069303 0.813159 0.000010 0.000010 0.000010 0.000010 0.000010 0.000010 0.000010
0.162813 0.000010 0.076423 0.016975 0.000010 0.000010 0.639338 0.104361 0.000010 0.000010 0.000010 0.000010 0.000010 0.000010
0.000010 0.390880 0.048293 0.000010 0.000010 0.060108 0.000010 0.000010 0.451048 0.000010 0.000010 0.000010 0.000010 0.049580
0.201871 0.000010 0.542710 0.000010 0.255309 0.000010 0.000010 0.000010 0.000010 0.000010 0.000010 0.000010 0.000010 0.000010
0.000010 0.000010 0.000010 0.104821 0.000010 0.000010 0.664558 0.230512 0.000010 0.000010 0.000010 0.000010 0.000010 0.000010
0.000010 0.220446 0.002234 0.199127 0.000010 0.122931 0.000010 0.000010 0.388594 0.066588 0.000010 0.000010 0.000010 0.000010
0.003999 0.000010 0.068013 0.533370 0.149354 0.000010 0.164472 0.000010 0.042466 0.000010 0.038255 0.000010 0.000010 0.000010
0.000010 0.110053 0.000010 0.000010 0.000010 0.026030 0.000010 0.000010 0.758047 0.000010 0.017912 0.000010 0.000010 0.087869
0.000010 0.000010 0.000010 0.000010 0.000010 0.078546 0.050207 0.000010 0.871136 0.000010 0.000010 0.000010 0.000010 0.000010
0.000010 0.005003 0.091890 0.000010 0.000010 0.000010 0.000010 0.000010 0.865427 0.000010 0.000010 0.000010 0.033883 0.003707
0.000010 0.000010 0.691646 0.000010 0.000010 0.000010 0.000010 0.000010 0.000010 0.308234 0.000010 0.000010 0.000010 0.000010
0.000010 0.013090 0.050885 0.000010 0.000010 0.060389 0.000010 0.000010 0.870165 0.000010 0.000010 0.000010 0.000010 0.005381
0.000010 0.000010 0.000010 0.000010 0.013347 0.098148 0.000010 0.005989 0.149776 0.000010 0.000010 0.075356 0.000010 0.657304
0.000010 0.000010 0.000010 0.000010 0.000010 0.000010 0.000010 0.120033 0.000010 0.000010 0.000010 0.879847 0.000010 0.000010
0.000010 0.000010 0.000010 0.000010 0.247861 0.000010 0.000010 0.000010 0.000010 0.752019 0.000010 0.000010 0.000010 0.000010
0.291889 0.000010 0.398758 0.000010 0.256125 0.014890 0.000010 0.000010 0.013067 0.000010 0.025190 0.000010 0.000010 0.000010
0.000010 0.000010 0.000010 0.000010 0.030265 0.000010 0.000010 0.000010 0.677160 0.000010 0.156916 0.040106 0.000010 0.095462
0.323953 0.000010 0.000010 0.000010 0.279443 0.000010 0.303525 0.000010 0.000010 0.058241 0.000010 0.034748 0.000010 0.000010
0.082893 0.000010 0.000010 0.000010 0.000010 0.083470 0.000010 0.000010 0.755130 0.000010 0.009939 0.000010 0.000010 0.068478
0.000010 0.000010 0.000010 0.000010 0.000010 0.000010 0.000010 0.000010 0.000010 0.000010 0.000010 0.000010 0.999870 0.000010
0.169267 0.000010 0.135838 0.000010 0.251532 0.000010 0.381972 0.021287 0.000010 0.040024 0.000010 0.000010 0.000010 0.000010
0.100440 0.000010 0.173047 0.000010 0.256972 0.011941 0.178941 0.000010 0.000010 0.245283 0.033306 0.000010 0.000010 0.000010
0.066758 0.000010 0.253958 0.000010 0.185564 0.000010 0.074005 0.000010 0.000010 0.394991 0.000010 0.000010 0.009406 0.015248
0.307014 0.000010 0.099201 0.034960 0.000010 0.000010 0.403063 0.073238 0.000010 0.079806 0.000010 0.000010 0.000010 0.002648
0.098965 0.000010 0.000010 0.000010 0.000010 0.009743 0.000010 0.254343 0.000010 0.636849 0.000010 0.000010 0.000010 0.000010
0.179963 0.006030 0.000010 0.000010 0.346684 0.000010 0.000010 0.000010 0.025943 0.030640 0.061042 0.000010 0.068402 0.281236
0.000010 0.035159 0.029838 0.000010 0.000010 0.000010 0.000010 0.146428 0.184921 0.000010 0.013052 0.000010 0.274684 0.315848
0.000010 0.000010 0.040820 0.000010 0.000010 0.000010 0.803874 0.131656 0.000010 0.000010 0.000010 0.000010 0.023550 0.000010
0.000010 0.000010 0.286538 0.000010 0.194770 0.000010 0.000010 0.000010 0.000010 0.483934 0.000010 0.000010 0.000010 0.034658
0.355672 0.000010 0.219490 0.050037 0.058895 0.000010 0.000010 0.000010 0.000010 0.269415 0.000010 0.000010 0.046410 0.000010
0.167347 0.000010 0.155935 0.000010 0.087015 0.056936 0.017129 0.000010 0.000010 0.475769 0.000586 0.000010 0.000010 0.039222
0.000010 0.000010 0.162606 0.000010 0.088808 0.000010 0.120280 0.000010 0.007976 0.000010 0.012910 0.000010 0.000010 0.607339
0.000010 0.000010 0.000010 0.665746 0.036517 0.000010 0.000010 0.000010 0.062371 0.000010 0.000010 0.000010 0.025409 0.209867
0.000010 0.004388 0.224003 0.000010 0.091552 0.000010 0.000010 0.000010 0.037050 0.000010 0.039565 0.017419 0.000010 0.585953
0.000010 0.000010 0.000010 0.779303 0.075662 0.018948 0.069857 0.000010 0.000010 0.056139 0.000010 0.000010 0.000010 0.000010
0.000010 0.000010 0.000010 0.999870 0.000010 0.000010 0.000010 0.000010 0.000010 0.000010 0.000010 0.000010 0.000010 0.000010
0.000010 0.000010 0.035246 0.964634 0.000010 0.000010 0.000010 0.000010 0.000010 0.000010 0.000010 0.000010 0.000010 0.000010
0.173727 0.000010 0.000010 0.199248 0.265053 0.000010 0.000010 0.000010 0.000010 0.039237 0.000010 0.000010 0.000010 0.322645
0.000010 0.000010 0.000728 0.925979 0.000010 0.000010 0.000010 0.000010 0.000010 0.000010 0.073183 0.000010 0.000010 0.000010
0.000010 0.000010 0.483976 0.000010 0.232512 0.000010 0.000010 0.000010 0.000010 0.283401 0.000010 0.000010 0.000010 0.000010
0.533584 0.000010 0.019703 0.000010 0.211270 0.000010 0.235344 0.000010 0.000010 0.000010 0.000010 0.000010 0.000010 0.000010
0.015109 0.000010 0.311105 0.000010 0.195275 0.014247 0.131733 0.000010 0.000010 0.294082 0.023175 0.000010 0.000010 0.015214
0.000010 0.014018 0.297811 0.000010 0.332951 0.000010 0.000010 0.000010 0.214850 0.000010 0.000010 0.000010 0.000719 0.139572
0.000010 0.000010 0.000010 0.136731 0.000010 0.034348 0.000010 0.009786 0.000010 0.000010 0.000010 0.000010 0.047221 0.771824
0.000010 0.000011 0.000010 0.000010 0.000010 0.000010 0.000010 0.000010 0.000010 0.000010 0.999869 0.000010 0.000010 0.000010
0.000010 0.000010 0.000010 0.176081 0.000010 0.000010 0.000010 0.000010 0.823799 0.000010 0.000010 0.000010 0.000010 0.000010
0.000010 0.000010 0.000010 0.000010 0.000010 0.000010 0.000010 0.000010 0.000010 0.000010 0.999870 0.000010 0.000010 0.000010
0.598268 0.000010 0.002102 0.000010 0.000010 0.000010 0.247477 0.086607 0.000010 0.000010 0.000010 0.000010 0.000010 0.065456
0.000010 0.297150 0.000010 0.000010 0.000010 0.000010 0.000010 0.000010 0.619932 0.000010 0.045125 0.037693 0.000010 0.000010
0.593652 0.000010 0.093007 0.032815 0.106420 0.000010 0.128581 0.014443 0.000010 0.000010 0.000010 0.000010 0.000010 0.031012
0.999870 0.000010 0.000010 0.000010 0.000010 0.000010 0.000010 0.000010 0.000010 0.000010 0.000010 0.000010 0.000010 0.000010
0.998447 0.000010 0.000010 0.000010 0.000010 0.000010 0.000010 0.001433 0.000010 0.000010 0.000010 0.000010 0.000010 0.000010
0.333629 0.000010 0.130859 0.071757 0.000010 0.000010 0.368605 0.084106 0.000010 0.005790 0.005184 0.000010 0.000010 0.000010
0.032519 0.000010 0.671164 0.000010 0.172909 0.000010 0.000010 0.000010 0.000010 0.123308 0.000010 0.000010 0.000010 0.000010
0.000010 0.007530 0.000010 0.000010 0.046543 0.000010 0.000010 0.000010 0.000010 0.000010 0.018664 0.650013 0.255601 0.021568
0.000010 0.013274 0.000010 0.000010 0.000010 0.043151 0.045631 0.000010 0.000010 0.000010 0.013105 0.827791 0.056967 0.000010
0.000010 0.000010 0.137548 0.000010 0.264479 0.079924 0.200909 0.000010 0.000010 0.000010 0.034904 0.000010 0.000010 0.282156
0.000010 0.000010 0.001997 0.000010 0.000010 0.044450 0.000010 0.000010 0.000010 0.006655 0.000010 0.879268 0.067540 0.000010
0.000010 0.000010 0.000010 0.079862 0.000010 0.018220 0.000010 0.000010 0.076007 0.000010 0.000010 0.825811 0.000010 0.000010
0.000010 0.015269 0.000010 0.081718 0.051389 0.000010 0.057006 0.000010 0.001924 0.000010 0.058656 0.226394 0.507583 0.000010
0.000010 0.000245 0.000010 0.000931 0.163277 0.000010 0.000010 0.000010 0.807207 0.000010 0.000010 0.000010 0.000010 0.028250
0.022474 0.000010 0.000010 0.000010 0.044691 0.000010 0.000010 0.000010 0.000010 0.000010 0.020265 0.694453 0.198910 0.019127
0.047119 0.000010 0.005562 0.031742 0.000010 0.019831 0.005633 0.000010 0.000010 0.042870 0.000010 0.813615 0.000010 0.033570
0.000010 0.017561 0.000010 0.000010 0.000010 0.000010 0.014782 0.000010 0.020593 0.045470 0.002075 0.791508 0.038262 0.069690
0.039939 0.000010 0.000010 0.000010 0.000010 0.000010 0.000010 0.039716 0.000010 0.000010 0.000010 0.920234 0.000010 0.000010
0.000010 0.000010 0.071330 0.000010 0.000010 0.000010 0.000010 0.056138 0.000010 0.000010 0.000010 0.000010 0.000010 0.872423
0.558036 0.000010 0.000010 0.000010 0.284399 0.000010 0.088343 0.000010 0.000010 0.069122 0.000010 0.000010 0.000010 0.000010
0.781394 0.000010 0.000010 0.000010 0.203677 0.000010 0.000010 0.000010 0.000010 0.000010 0.000010 0.014820 0.000010 0.000010
0.000010 0.122233 0.145906 0.000010 0.000010 0.005926 0.000010 0.157949 0.037610 0.000017 0.031750 0.000010 0.000010 0.498549
0.000010 0.000010 0.000010 0.145841 0.341627 0.000010 0.000010 0.000010 0.000010 0.001448 0.087507 0.088899 0.000010 0.334597
0.067868 0.000010 0.100543 0.048702 0.134540 0.000010 0.310364 0.000010 0.000010 0.181151 0.000010 0.007057 0.000010 0.149713
0.000010 0.000010 0.000010 0.000010 0.074095 0.000010 0.000010 0.000010 0.000010 0.000010 0.067999 0.713023 0.144783 0.000010
0.016415 0.000010 0.000010 0.000010 0.000010 0.000010 0.000010 0.171642 0.000010 0.000010 0.065220 0.542972 0.203661 0.000010
0.030715 0.013790 0.298937 0.000010 0.114877 0.000010 0.101902 0.000010 0.003703 0.157245 0.064245 0.000010 0.000010 0.214536
0.044629 0.000010 0.081935 0.026194 0.000010 0.000010 0.078633 0.090633 0.000010 0.219090 0.019876 0.266300 0.172660 0.000010
0.000010 0.011678 0.000010 0.044978 0.016613 0.000010 0.000010 0.000010 0.040111 0.000010 0.000010 0.812845 0.000010 0.073696
0.000010 0.000010 0.060557 0.000010 0.000010 0.000010 0.000010 0.170826 0.000010 0.000010 0.008269 0.760247 0.000010 0.000010
0.000010 0.000010 0.000010 0.137550 0.000010 0.000010 0.000010 0.074986 0.000010 0.000010 0.000010 0.787355 0.000010 0.000010
0.000010 0.000010 0.000010 0.121492 0.084182 0.025097 0.000010 0.000010 0.044347 0.000010 0.018487 0.610363 0.095962 0.000010
0.121515 0.000010 0.128725 0.000010 0.110493 0.000010 0.354876 0.000010 0.007293 0.216121 0.025002 0.035915 0.000010 0.000010
0.721100 0.000010 0.000010 0.114786 0.164004 0.000010 0.000010 0.000010 0.000010 0.000010 0.000010 0.000010 0.000010 0.000010
0.000010 0.000010 0.000010 0.000010 0.000010 0.000010 0.000010 0.000010 0.000010 0.190669 0.046203 0.730930 0.000010 0.032098
0.505899 0.000010 0.000010 0.000010 0.242433 0.000010 0.180351 0.000010 0.000010 0.000010 0.048897 0.000010 0.000010 0.022330
0.013341 0.102220 0.000010 0.740587 0.000010 0.000010 0.000010 0.064004 0.000010 0.000010 0.000010 0.012640 0.055294 0.011843
0.000010 0.000010 0.000010 0.000010 0.197764 0.000010 0.000010 0.000010 0.000010 0.105940 0.014761 0.144233 0.000010 0.537212
0.000010 0.000010 0.000010 0.000010 0.000010 0.000018 0.000010 0.000010 0.000010 0.000010 0.999862 0.000010 0.000010 0.000010
0.043281 0.066288 0.000010 0.756776 0.000010 0.000010 0.000010 0.102553 0.000010 0.000010 0.000010 0.000010 0.028612 0.002410
0.000010 0.000010 0.063246 0.000010 0.000010 0.000010 0.000010 0.131664 0.205994 0.011521 0.000010 0.000010 0.000010 0.587485
0.420087 0.000010 0.146067 0.000010 0.000010 0.000010 0.000010 0.433736 0.000010 0.000010 0.000010 0.000010 0.000010 0.000010
0.000010 0.000010 0.000010 0.000010 0.069424 0.003558 0.000010 0.000010 0.000010 0.000010 0.000010 0.666500 0.260418 0.000010
0.022213 0.000010 0.000010 0.000010 0.120841 0.000010 0.000010 0.024848 0.037972 0.000010 0.040517 0.691152 0.062386 0.000010
0.000010 0.000011 0.000010 0.000010 0.057593 0.000010 0.000010 0.000010 0.000010 0.000010 0.000010 0.942286 0.000010 0.000010
0.000010 0.000010 0.000010 0.000010 0.000010 0.000010 0.000010 0.321848 0.000010 0.000010 0.018981 0.659061 0.000010 0.000010
0.000010 0.000010 0.333156 0.000010 0.419529 0.000010 0.000010 0.000010 0.088386 0.000010 0.074038 0.000010 0.000010 0.084801
0.078145 0.000010 0.113002 0.045097 0.116874 0.000010 0.157776 0.001138 0.452749 0.035160 0.000010 0.000010 0.000010 0.000010
0.358179 0.000010 0.393905 0.000010 0.048331 0.000010 0.199486 0.000010 0.000010 0.000010 0.000010 0.000010 0.000010 0.000010
0.133341 0.000010 0.097341 0.080238 0.000010 0.000010 0.160831 0.273025 0.000010 0.255144 0.000010 0.000010 0.000010 0.000010
0.305028 0.000010 0.144199 0.084010 0.000010 0.000010 0.378922 0.087751 0.000010 0.000010 0.000010 0.000010 0.000010 0.000010
0.140705 0.000010 0.000010 0.737117 0.000010 0.000010 0.000010 0.103876 0.018202 0.000010 0.000010 0.000010 0.000010 0.000010
0.155551 0.000010 0.101696 0.000010 0.205172 0.000010 0.146269 0.099610 0.000010 0.014044 0.036984 0.000010 0.013773 0.226851
0.120992 0.000010 0.184799 0.229582 0.000010 0.000010 0.000010 0.023418 0.000010 0.107530 0.000010 0.000010 0.075339 0.258269
0.000010 0.000010 0.000010 0.999870 0.000010 0.000010 0.000010 0.000010 0.000010 0.000010 0.000010 0.000010 0.000010 0.000010
0.000010 0.000010 0.000010 0.023959 0.000010 0.000010 0.000010 0.000010 0.225470 0.000010 0.000010 0.000010 0.022032 0.728439
0.790438 0.073117 0.000010 0.000010 0.136335 0.000010 0.000010 0.000010 0.000010 0.000010 0.000010 0.000010 0.000010 0.000010
0.000010 0.000010 0.000010 0.035162 0.066586 0.000010 0.077354 0.000010 0.019626 0.000010 0.034802 0.507323 0.188882 0.070205
0.000010 0.000010 0.000010 0.145379 0.000010 0.000010 0.000010 0.000010 0.000010 0.000010 0.000010 0.648166 0.206344 0.000010
0.000010 0.000010 0.000010 0.068191 0.000010 0.050647 0.000010 0.000010 0.000010 0.072330 0.000010 0.489330 0.293706 0.025717
0.449144 0.000010 0.000010 0.185982 0.000010 0.000010 0.257728 0.088594 0.000010 0.000010 0.000010 0.000010 0.018463 0.000010
0.000010 0.000010 0.000010 0.000010 0.000010 0.000010 0.000010 0.127289 0.000010 0.000010 0.061074 0.685268 0.091049 0.035230
0.001934 0.003659 0.000010 0.074339 0.041927 0.000010 0.000010 0.000010 0.000010 0.004201 0.000010 0.717232 0.156638 0.000010
0.489260 0.000010 0.000010 0.222132 0.226418 0.000010 0.062090 0.000010 0.000010 0.000010 0.000010 0.000010 0.000010 0.000010
0.007096 0.000010 0.099753 0.000010 0.117464 0.000010 0.650399 0.000010 0.009496 0.115712 0.000010 0.000010 0.000010 0.000010
0.158430 0.075469 0.092480 0.000010 0.099937 0.011017 0.485717 0.000010 0.000010 0.054842 0.000010 0.022047 0.000010 0.000010
0.000010 0.000010 0.091094 0.147914 0.000010 0.000010 0.760882 0.000010 0.000010 0.000010 0.000010 0.000010 0.000010 0.000010
0.000010 0.110072 0.000010 0.000010 0.152287 0.037718 0.000010 0.000010 0.295150 0.000010 0.000010 0.000010 0.063341 0.341352
0.118398 0.000010 0.056869 0.235060 0.000010 0.000010 0.000010 0.162777 0.000010 0.008646 0.021747 0.205158 0.120086 0.071211
0.000010 0.000010 0.000010 0.000010 0.080026 0.000010 0.000010 0.068085 0.000010 0.000010 0.000010 0.851780 0.000010 0.000010
0.000010 0.077920 0.000010 0.000010 0.074991 0.019368 0.000010 0.000010 0.295658 0.000010 0.000010 0.000010 0.000010 0.531973
0.000010 0.068479 0.000010 0.000010 0.151666 0.000010 0.120774 0.000010 0.327339 0.000010 0.000010 0.000010 0.000010 0.331652
0.000010 0.025773 0.000010 0.000010 0.000010 0.014404 0.000010 0.006751 0.000010 0.000010 0.026388 0.464565 0.453746 0.008302
0.000010 0.061664 0.000010 0.000010 0.060899 0.000010 0.000010 0.000010 0.000010 0.000010 0.009088 0.482442 0.385817 0.000010
0.000010 0.000010 0.000010 0.000010 0.037240 0.000010 0.000010 0.000010 0.000010 0.004254 0.000010 0.640026 0.318380 0.000010
0.020107 0.000010 0.000010 0.000010 0.006835 0.000010 0.000010 0.000010 0.056597 0.000010 0.002454 0.913917 0.000010 0.000010
0.010395 0.089928 0.000010 0.000010 0.000010 0.000010 0.004146 0.000010 0.000010 0.000010 0.000010 0.492377 0.388699 0.014375
0.000010 0.000010 0.000013 0.000010 0.000010 0.000010 0.000010 0.155773 0.000010 0.000010 0.067058 0.344948 0.432118 0.000010
0.000010 0.000010 0.126165 0.000010 0.138262 0.000010 0.558699 0.000010 0.000010 0.176774 0.000010 0.000010 0.000010 0.000010
0.010569 0.000010 0.000010 0.000010 0.100306 0.000010 0.000010 0.000010 0.000010 0.109804 0.000010 0.779222 0.000010 0.000010
0.071314 0.000010 0.135150 0.000010 0.147164 0.000010 0.542236 0.000010 0.000010 0.053505 0.050551 0.000010 0.000010 0.000010
0.000010 0.000010 0.000010 0.000010 0.000010 0.028569 0.482401 0.400090 0.000010 0.000010 0.088840 0.000010 0.000010 0.000010
0.034008 0.000010 0.133694 0.021376 0.007445 0.000021 0.746046 0.000010 0.000010 0.000010 0.000010 0.000010 0.057339 0.000010
0.000010 0.000010 0.000010 0.000010 0.026901 0.000010 0.000010 0.000010 0.000010 0.000010 0.038083 0.503862 0.431055 0.000010
