0.000010 0.000010 0.084681 0.000010 0.000010 0.028416 0.357401 0.000010 0.000010 0.000010 0.021988 0.000010 0.000010 0.019463 0.423901 0.000010 0.000010 0.064040
0.017430 0.000010 0.671357 0.000010 0.118067 0.008425 0.000010 0.000010 0.000490 0.000010 0.000010 0.000010 0.000010 0.018080 0.122710 0.000010 0.021541 0.021812
0.000010 0.000010 0.022456 0.000010 0.062172 0.000010 0.000010 0.000010 0.282882 0.000010 0.000010 0.000010 0.632350 0.000010 0.000010 0.000010 0.000010 0.000010
0.000010 0.000010 0.000010 0.000010 0.000010 0.000010 0.000010 0.000010 0.000010 0.000010 0.000010 0.000010 0.000010 0.000010 0.000010 0.000010 0.999830 0.000010
0.000010 0.000010 0.000010 0.000010 0.000010 0.000010 0.000010 0.000010 0.000010 0.000010 0.000010 0.000010 0.000010 0.000010 0.000010 0.000010 0.999830 0.000010
0.000010 0.019144 0.006562 0.000010 0.135921 0.000010 0.000010 0.000010 0.578097 0.000010 0.000010 0.000010 0.000010 0.000010 0.000010 0.000010 0.260146 0.000010
0.000010 0.000010 0.000010 0.000010 0.000010 0.000010 0.000010 0.000010 0.744563 0.000010 0.000010 0.000010 0.000010 0.000010 0.255277 0.000010 0.000010 0.000010
0.000010 0.000010 0.000010 0.000010 0.000010 0.000010 0.000010 0.000010 0.465308 0.000010 0.000010 0.054619 0.332764 0.000010 0.050767 0.075509 0.020913 0.000010
0.000010 0.000010 0.000010 0.000010 0.000010 0.000010 0.000010 0.225052 0.000010 0.000010 0.000010 0.000010 0.000010 0.369529 0.000010 0.000010 0.000010 0.405269
0.000010 0.000010 0.000010 0.000010 0.000010 0.000010 0.000010 0.000010 0.000010 0.120598 0.000010 0.000010 0.042504 0.506634 0.000010 0.330124 0.000010 0.000010
0.000010 0.000010 0.000010 0.000010 0.000010 0.000010 0.000010 0.000010 0.000010 0.000010 0.000010 0.999830 0.000010 0.000010 0.000010 0.000010 0.000010 0.000010
0.000010 0.000010 0.165464 0.000010 0.000010 0.097030 0.015740 0.000010 0.141470 0.013031 0.000010 0.420265 0.091192 0.009652 0.046066 0.000010 0.000010 0.000010
0.000010 0.000010 0.000010 0.000010 0.000010 0.999830 0.000010 0.000010 0.000010 0.000010 0.000010 0.000010 0.000010 0.000010 0.000010 0.000010 0.000010 0.000010
0.000010 0.000010 0.000010 0.000010 0.000010 0.999826 0.000010 0.000010 0.000010 0.000010 0.000010 0.000010 0.000010 0.000010 0.000010 0.000010 0.000014 0.000010
0.000010 0.000010 0.000010 0.000010 0.000010 0.999830 0.000010 0.000010 0.000010 0.000010 0.000010 0.000010 0.000010 0.000010 0.000010 0.000010 0.000010 0.000010
0.000010 0.000010 0.999830 0.000010 0.000010 0.000010 0.000010 0.000010 0.000010 0.000010 0.000010 0.000010 0.000010 0.000010 0.000010 0.000010 0.000010 0.000010
0.000010 0.000010 0.000010 0.000010 0.000010 0.000010 0.000010 0.000010 0.597450 0.000010 0.000010 0.000010 0.000010 0.000010 0.000010 0.197525 0.204875 0.000010
0.000010 0.000010 0.000010 0.000010 0.000010 0.000010 0.000010 0.000010 0.000010 0.999830 0.000010 0.000010 0.000010 0.000010 0.000010 0.000010 0.000010 0.000010
0.000010 0.000010 0.000010 0.035892 0.000010 0.000010 0.000010 0.113919 0.268414 0.535600 0.000010 0.000010 0.046046 0.000010 0.000010 0.000010 0.000010 0.000010
0.000010 0.000010 0.000010 0.000010 0.000010 0.000010 0.000010 0.000010 0.999830 0.000010 0.000010 0.000010 0.000010 0.000010 0.000010 0.000010 0.000010 0.000010
0.000010 0.000012 0.000010 0.000010 0.000012 0.000010 0.000010 0.000012 0.000010 0.000010 0.000010 0.999824 0.000010 0.000010 0.000010 0.000010 0.000010 0.000010
0.000010 0.000010 0.000010 0.000010 0.000010 0.000010 0.000010 0.000010 0.000010 0.000010 0.000010 0.999829 0.000010 0.000010 0.000010 0.000011 0.000010 0.000010
0.000010 0.000010 0.000010 0.000010 0.000010 0.000010 0.000010 0.000010 0.282565 0.000010 0.000010 0.000010 0.311428 0.000010 0.205383 0.000010 0.200483 0.000010
0.000010 0.000010 0.000010 0.000010 0.000010 0.000010 0.000010 0.000010 0.000010 0.000010 0.000010 0.999830 0.000010 0.000010 0.000010 0.000010 0.000010 0.000010
0.064942 0.000010 0.105077 0.000010 0.000010 0.000010 0.000010 0.001626 0.546114 0.000010 0.016150 0.000010 0.005529 0.000010 0.000010 0.000010 0.260452 0.000010
0.000010 0.000010 0.000010 0.000010 0.115583 0.000010 0.000010 0.000010 0.000010 0.000010 0.000010 0.000010 0.884257 0.000010 0.000010 0.000010 0.000010 0.000010
0.000010 0.064765 0.000010 0.000010 0.000010 0.000010 0.000010 0.000010 0.000010 0.000010 0.000010 0.000010 0.935075 0.000010 0.000010 0.000010 0.000010 0.000010
0.000010 0.000010 0.000010 0.000010 0.000010 0.000010 0.000010 0.000010 0.000010 0.000012 0.000010 0.000010 0.999828 0.000010 0.000010 0.000010 0.000010 0.000010
0.000010 0.000010 0.154313 0.000010 0.000010 0.000010 0.000010 0.000010 0.372490 0.000010 0.000010 0.000010 0.115378 0.000010 0.100083 0.000010 0.257606 0.000010
0.000010 0.033795 0.063609 0.000010 0.282172 0.000010 0.000010 0.000010 0.290999 0.000010 0.000010 0.000010 0.263795 0.000010 0.065509 0.000010 0.000010 0.000010
0.000010 0.000010 0.000010 0.000010 0.000010 0.000010 0.000010 0.000010 0.000010 0.000010 0.000010 0.000010 0.017813 0.473775 0.508262 0.000010 0.000010 0.000010
0.000010 0.000010 0.212882 0.000010 0.000010 0.000010 0.117297 0.000010 0.000010 0.000010 0.000010 0.000010 0.011236 0.000010 0.000010 0.000010 0.000010 0.658445
0.000010 0.000010 0.033997 0.000010 0.236223 0.000010 0.000010 0.000010 0.171944 0.000010 0.000010 0.000010 0.499558 0.000010 0.000010 0.000010 0.058149 0.000010
0.000010 0.000010 0.000010 0.000010 0.000010 0.000010 0.000010 0.000010 0.000010 0.000010 0.000010 0.000010 0.999830 0.000010 0.000010 0.000010 0.000010 0.000010
0.000010 0.030474 0.315387 0.000010 0.000010 0.000010 0.000010 0.029374 0.370689 0.000010 0.000010 0.000010 0.131949 0.000010 0.000010 0.000010 0.122007 0.000010
0.000010 0.000010 0.000010 0.000010 0.000010 0.000010 0.000010 0.000010 0.693033 0.000010 0.000010 0.000010 0.000010 0.000010 0.077654 0.229163 0.000010 0.000010
0.000010 0.058389 0.006031 0.000010 0.231552 0.044356 0.000010 0.000010 0.081371 0.000010 0.000010 0.000010 0.270020 0.000010 0.000010 0.025181 0.283001 0.000010
0.000010 0.000010 0.182437 0.000010 0.000010 0.009517 0.000010 0.000010 0.000010 0.000010 0.000010 0.000010 0.374530 0.000010 0.000010 0.000010 0.433376 0.000010
0.000010 0.022558 0.150414 0.000010 0.000010 0.082680 0.000010 0.236994 0.000010 0.000010 0.287135 0.000010 0.000010 0.000010 0.000010 0.102804 0.082115 0.035200
0.000010 0.000010 0.000010 0.000010 0.000010 0.000010 0.000010 0.063015 0.000010 0.000010 0.082410 0.000010 0.722143 0.000010 0.000010 0.000010 0.132292 0.000010
0.028408 0.000010 0.000010 0.047809 0.000010 0.000010 0.000010 0.087834 0.000010 0.000010 0.014780 0.007303 0.000010 0.095230 0.000010 0.000010 0.115708 0.602828
0.000010 0.000010 0.000010 0.000010 0.000010 0.999830 0.000010 0.000010 0.000010 0.000010 0.000010 0.000010 0.000010 0.000010 0.000010 0.000010 0.000010 0.000010
0.000010 0.000010 0.000010 0.000010 0.000010 0.590800 0.000010 0.000010 0.000010 0.000010 0.000010 0.409040 0.000010 0.000010 0.000010 0.000010 0.000010 0.000010
0.000010 0.000010 0.000010 0.000010 0.000010 0.146249 0.000010 0.000010 0.000010 0.000010 0.000010 0.853591 0.000010 0.000010 0.000010 0.000010 0.000010 0.000010
0.000010 0.000010 0.000010 0.000010 0.000010 0.000010 0.000010 0.000010 0.000010 0.112949 0.000010 0.772471 0.000010 0.000010 0.000010 0.000010 0.000010 0.114430
0.000010 0.000010 0.000010 0.000010 0.000010 0.000010 0.000010 0.000010 0.000010 0.000010 0.000010 0.999830 0.000010 0.000010 0.000010 0.000010 0.000010 0.000010
0.000010 0.000010 0.000010 0.000010 0.000010 0.000010 0.000010 0.000010 0.000010 0.099442 0.000010 0.789259 0.000010 0.000010 0.000010 0.000010 0.000010 0.111149
0.000010 0.000010 0.000010 0.000010 0.000010 0.000010 0.000010 0.000010 0.000010 0.000010 0.000010 0.999830 0.000010 0.000010 0.000010 0.000010 0.000010 0.000010
0.000010 0.058890 0.000010 0.000010 0.000010 0.000010 0.298477 0.152317 0.000010 0.002096 0.000010 0.000010 0.000010 0.000010 0.488090 0.000010 0.000010 0.000010
0.000010 0.000010 0.000010 0.000010 0.000010 0.000010 0.000010 0.000010 0.000010 0.994120 0.000010 0.005720 0.000010 0.000010 0.000010 0.000010 0.000010 0.000010
0.000010 0.000010 0.000010 0.000010 0.000010 0.999830 0.000010 0.000010 0.000010 0.000010 0.000010 0.000010 0.000010 0.000010 0.000010 0.000010 0.000010 0.000010
0.000010 0.000010 0.000010 0.000010 0.000010 0.000010 0.000010 0.000010 0.540457 0.000010 0.000010 0.000010 0.000010 0.000010 0.000010 0.000010 0.459383 0.000010
0.000010 0.000010 0.000010 0.000010 0.000010 0.089770 0.000010 0.000010 0.000010 0.000010 0.000010 0.910070 0.000010 0.000010 0.000010 0.000010 0.000010 0.000010
0.000010 0.179895 0.000010 0.000010 0.000010 0.403838 0.201229 0.000010 0.000010 0.043992 0.000010 0.170917 0.000010 0.000010 0.000010 0.000010 0.000010 0.000010
0.000010 0.000010 0.000010 0.000010 0.121554 0.000010 0.000010 0.389052 0.000010 0.000010 0.000010 0.000010 0.000010 0.000010 0.000010 0.489244 0.000010 0.000010
0.000010 0.000010 0.000010 0.000010 0.000010 0.122835 0.000010 0.000010 0.000010 0.085558 0.039996 0.672321 0.000010 0.000010 0.000010 0.000010 0.000010 0.079160
0.000010 0.000010 0.000010 0.000010 0.000010 0.027079 0.886698 0.084892 0.001191 0.000010 0.000010 0.000010 0.000010 0.000010 0.000010 0.000010 0.000010 0.000010
0.000010 0.000010 0.000010 0.000010 0.000010 0.117709 0.102854 0.000010 0.000010 0.158096 0.000010 0.000010 0.000010 0.000010 0.000010 0.000010 0.000010 0.621201
0.000010 0.000010 0.000010 0.000010 0.000010 0.000010 0.000010 0.000010 0.000010 0.999830 0.000010 0.000010 0.000010 0.000010 0.000010 0.000010 0.000010 0.000010
0.000010 0.000010 0.000010 0.000010 0.211196 0.000010 0.000010 0.000010 0.000010 0.028033 0.000010 0.000010 0.000010 0.000010 0.000010 0.669226 0.000010 0.091405
0.000010 0.000010 0.532987 0.082483 0.085451 0.000010 0.000010 0.014155 0.000010 0.000010 0.000010 0.000010 0.175483 0.000010 0.000010 0.000010 0.109320 0.000010
0.000010 0.066719 0.000010 0.000010 0.304057 0.000010 0.000010 0.056945 0.000010 0.000010 0.092028 0.000010 0.000010 0.000010 0.000010 0.220738 0.000010 0.259393
0.000010 0.000010 0.362298 0.000010 0.000010 0.000010 0.241155 0.000010 0.000010 0.000010 0.003088 0.000010 0.000010 0.027202 0.162163 0.000238 0.000010 0.203746
0.000010 0.000010 0.180971 0.000010 0.104200 0.000010 0.000010 0.000010 0.082498 0.095883 0.000010 0.000010 0.000010 0.000010 0.240283 0.000010 0.000010 0.296046
0.000010 0.000010 0.000010 0.000010 0.000010 0.000010 0.000010 0.000010 0.978613 0.000010 0.021227 0.000010 0.000010 0.000010 0.000010 0.000010 0.000010 0.000010
0.000010 0.000010 0.000010 0.000010 0.000010 0.000010 0.000010 0.000010 0.480358 0.000010 0.089460 0.000010 0.000010 0.000010 0.000010 0.000010 0.430032 0.000010
0.000010 0.000010 0.000010 0.000010 0.187998 0.000010 0.000010 0.811842 0.000010 0.000010 0.000010 0.000010 0.000010 0.000010 0.000010 0.000010 0.000010 0.000010
0.000010 0.000010 0.000010 0.000010 0.000010 0.000010 0.000010 0.999830 0.000010 0.000010 0.000010 0.000010 0.000010 0.000010 0.000010 0.000010 0.000010 0.000010
0.000010 0.000010 0.000010 0.000010 0.000010 0.000010 0.925593 0.000010 0.000010 0.000010 0.000010 0.074247 0.000010 0.000010 0.000010 0.000010 0.000010 0.000010
0.041561 0.008521 0.000010 0.000010 0.000010 0.006420 0.483526 0.000010 0.000010 0.200641 0.022312 0.050312 0.000010 0.014342 0.031733 0.034240 0.016903 0.089430
0.000010 0.000010 0.696299 0.000010 0.000010 0.000010 0.000010 0.000010 0.141537 0.000010 0.060771 0.000010 0.000010 0.032438 0.000010 0.068825 0.000010 0.000010
0.000010 0.000010 0.000010 0.000010 0.000010 0.000010 0.999830 0.000010 0.000010 0.000010 0.000010 0.000010 0.000010 0.000010 0.000010 0.000010 0.000010 0.000010
0.036245 0.000010 0.000010 0.019516 0.000010 0.040956 0.452141 0.000010 0.000010 0.160661 0.049882 0.032339 0.000010 0.054920 0.118015 0.000010 0.000010 0.035246
0.000010 0.000010 0.000010 0.000010 0.000010 0.019307 0.000010 0.000010 0.000010 0.000010 0.000010 0.000010 0.000010 0.000010 0.000010 0.105150 0.000010 0.875393
0.031196 0.000010 0.000010 0.000010 0.000426 0.081477 0.630743 0.000010 0.036481 0.000010 0.000010 0.052068 0.067622 0.005093 0.000010 0.000010 0.000010 0.094804
0.000010 0.000010 0.000010 0.000010 0.000010 0.000010 0.000010 0.000010 0.000010 0.000010 0.046963 0.000010 0.000010 0.000010 0.200144 0.115397 0.000010 0.637355
0.000010 0.000010 0.000010 0.000010 0.065647 0.000010 0.036296 0.808290 0.000010 0.000010 0.089626 0.000010 0.000010 0.000010 0.000010 0.000010 0.000010 0.000010
0.000010 0.054528 0.095948 0.000010 0.000010 0.000010 0.000010 0.281331 0.018962 0.000010 0.000010 0.000010 0.068483 0.000010 0.055998 0.128209 0.000010 0.296441
0.000010 0.000013 0.498323 0.000010 0.020410 0.000010 0.000010 0.000010 0.000010 0.000010 0.034190 0.000010 0.143773 0.000010 0.000010 0.226080 0.077100 0.000010
0.053841 0.000010 0.000010 0.009286 0.000010 0.013045 0.542150 0.000010 0.000010 0.009916 0.000010 0.089534 0.000010 0.040706 0.094732 0.000010 0.072530 0.074181
0.000010 0.000010 0.220152 0.000010 0.000010 0.000010 0.000010 0.000010 0.187723 0.000010 0.000010 0.000010 0.485827 0.000410 0.000010 0.000010 0.105759 0.000010
0.000010 0.000010 0.000010 0.000010 0.000010 0.000010 0.000010 0.000010 0.000010 0.000010 0.000010 0.000010 0.000010 0.000010 0.000010 0.000010 0.999830 0.000010
0.000010 0.000010 0.000010 0.000010 0.036057 0.045915 0.000010 0.000010 0.669667 0.000010 0.005101 0.000010 0.243130 0.000010 0.000010 0.000010 0.000010 0.000010
0.000010 0.000010 0.000010 0.000010 0.174590 0.000010 0.000010 0.000010 0.364465 0.000010 0.000010 0.000010 0.460796 0.000010 0.000010 0.000010 0.000010 0.000010
0.000010 0.000010 0.000010 0.000010 0.152268 0.000010 0.000010 0.015058 0.288022 0.000010 0.000010 0.000010 0.031152 0.000010 0.000010 0.000010 0.513370 0.000010
0.000010 0.000010 0.130496 0.000010 0.000010 0.000010 0.000010 0.000010 0.506791 0.000010 0.063951 0.000010 0.196037 0.000010 0.000010 0.000010 0.102596 0.000010
0.000010 0.000010 0.107286 0.000010 0.000010 0.000010 0.000010 0.892554 0.000010 0.000010 0.000010 0.000010 0.000010 0.000010 0.000010 0.000010 0.000010 0.000010
0.000010 0.000010 0.000010 0.000010 0.000010 0.999830 0.000010 0.000010 0.000010 0.000010 0.000010 0.000010 0.000010 0.000010 0.000010 0.000010 0.000010 0.000010
0.199317 0.000010 0.000010 0.000010 0.000010 0.000010 0.000010 0.000010 0.000010 0.000010 0.396879 0.000010 0.000010 0.403653 0.000010 0.000010 0.000010 0.000010
0.000010 0.000010 0.000010 0.000010 0.000010 0.093414 0.000010 0.000010 0.000010 0.000010 0.000010 0.906426 0.000010 0.000010 0.000010 0.000010 0.000010 0.000010
0.000010 0.000010 0.000010 0.000010 0.000010 0.000010 0.000010 0.000010 0.000010 0.000010 0.000010 0.999830 0.000010 0.000010 0.000010 0.000010 0.000010 0.000010
0.000010 0.000010 0.000010 0.000010 0.000010 0.000010 0.000010 0.000010 0.000010 0.000010 0.000010 0.999830 0.000010 0.000010 0.000010 0.000010 0.000010 0.000010
0.000010 0.000010 0.000010 0.000010 0.000010 0.000010 0.000010 0.000010 0.000010 0.999830 0.000010 0.000010 0.000010 0.000010 0.000010 0.000010 0.000010 0.000010
0.000010 0.000010 0.000010 0.000010 0.000010 0.000010 0.000010 0.999830 0.000010 0.000010 0.000010 0.000010 0.000010 0.000010 0.000010 0.000010 0.000010 0.000010
0.030450 0.000010 0.087084 0.000010 0.000010 0.000010 0.000010 0.882316 0.000010 0.000010 0.000010 0.000010 0.000010 0.000010 0.000010 0.000010 0.000010 0.000010
0.003992 0.000010 0.157844 0.000010 0.000010 0.000010 0.000010 0.000010 0.838014 0.000010 0.000010 0.000010 0.000010 0.000010 0.000010 0.000010 0.000010 0.000010
0.000010 0.000010 0.000010 0.000010 0.000010 0.000010 0.000010 0.000010 0.000010 0.000010 0.999830 0.000010 0.000010 0.000010 0.000010 0.000010 0.000010 0.000010
0.000010 0.000010 0.000010 0.000010 0.000010 0.000010 0.000010 0.000010 0.000010 0.000010 0.000010 0.000010 0.000010 0.000010 0.000010 0.000010 0.273517 0.726323
0.103303 0.000010 0.000010 0.000010 0.000010 0.000010 0.000010 0.786215 0.000010 0.000010 0.000010 0.045502 0.000010 0.005691 0.000010 0.000010 0.000010 0.059159
0.000010 0.999830 0.000010 0.000010 0.000010 0.000010 0.000010 0.000010 0.000010 0.000010 0.000010 0.000010 0.000010 0.000010 0.000010 0.000010 0.000010 0.000010
0.000010 0.109685 0.329680 0.000010 0.111899 0.000010 0.092358 0.000010 0.130400 0.000010 0.021561 0.086356 0.000010 0.000010 0.035046 0.082924 0.000010 0.000010
0.000010 0.000010 0.000010 0.000010 0.493415 0.000010 0.000010 0.506425 0.000010 0.000010 0.000010 0.000010 0.000010 0.000010 0.000010 0.000010 0.000010 0.000010
0.031053 0.029211 0.071038 0.000010 0.161677 0.000010 0.028063 0.000010 0.000010 0.601198 0.000010 0.000010 0.000010 0.000010 0.022781 0.000010 0.054878 0.000010
0.000010 0.247257 0.062186 0.000010 0.000010 0.000010 0.000010 0.530317 0.000010 0.000010 0.000010 0.000010 0.000010 0.000010 0.000010 0.160100 0.000010 0.000010
0.000010 0.000010 0.462570 0.000010 0.426271 0.000010 0.000010 0.000010 0.070420 0.020185 0.000010 0.000010 0.000010 0.020424 0.000010 0.000010 0.000010 0.000010
0.000010 0.030626 0.140319 0.000010 0.000010 0.000010 0.000010 0.465570 0.000010 0.000010 0.000010 0.000010 0.000014 0.000010 0.000010 0.363341 0.000010 0.000010
0.000010 0.000010 0.000010 0.000010 0.000010 0.000010 0.000010 0.561300 0.000010 0.046988 0.000010 0.024044 0.000010 0.000010 0.129321 0.000010 0.000010 0.238218
0.000010 0.000010 0.000010 0.011239 0.000010 0.042219 0.745820 0.000010 0.000010 0.026568 0.005146 0.000010 0.000010 0.000010 0.116093 0.000010 0.000010 0.052804
0.000010 0.050354 0.000010 0.000010 0.000010 0.001984 0.000010 0.036235 0.000010 0.000010 0.000010 0.000010 0.000010 0.000010 0.000010 0.000010 0.000010 0.911287
0.015836 0.000010 0.020925 0.000010 0.074927 0.020662 0.008956 0.000010 0.485594 0.000010 0.000010 0.000010 0.192709 0.000010 0.010425 0.116125 0.053761 0.000010
0.000010 0.000010 0.000010 0.000010 0.053646 0.000010 0.000010 0.000010 0.626723 0.000010 0.000010 0.000010 0.319481 0.000010 0.000010 0.000010 0.000010 0.000010
0.024795 0.000010 0.000010 0.062288 0.000010 0.000010 0.648954 0.000010 0.000010 0.000010 0.100984 0.000010 0.000010 0.162849 0.000010 0.000010 0.000010 0.000010
0.000010 0.000010 0.000010 0.000010 0.000010 0.000010 0.000010 0.000010 0.000010 0.000010 0.999830 0.000010 0.000010 0.000010 0.000010 0.000010 0.000010 0.000010
0.848000 0.000010 0.000010 0.016780 0.020696 0.008982 0.000010 0.000010 0.000010 0.004425 0.000010 0.000010 0.022057 0.000010 0.000010 0.078950 0.000010 0.000010
0.903156 0.000010 0.000010 0.000010 0.000010 0.000010 0.000010 0.000010 0.000010 0.000010 0.096684 0.000010 0.000010 0.000010 0.000010 0.000010 0.000010 0.000010
0.000010 0.000010 0.000010 0.000010 0.000010 0.000010 0.000010 0.000010 0.000010 0.999830 0.000010 0.000010 0.000010 0.000010 0.000010 0.000010 0.000010 0.000010
0.000010 0.001688 0.458634 0.000010 0.180037 0.067424 0.000010 0.058461 0.000010 0.000010 0.045494 0.000010 0.000010 0.000010 0.107734 0.000010 0.080427 0.000010
0.019698 0.048628 0.060513 0.000010 0.227378 0.036743 0.208315 0.377578 0.000010 0.000010 0.000010 0.021046 0.000010 0.000010 0.000010 0.000010 0.000010 0.000010
0.000010 0.000010 0.000010 0.000010 0.148956 0.000010 0.000010 0.000010 0.312536 0.000010 0.000010 0.000010 0.424918 0.000010 0.111155 0.000010 0.002305 0.000010
0.000010 0.338119 0.000010 0.000010 0.089864 0.000010 0.000010 0.000010 0.000010 0.000010 0.000010 0.009455 0.000010 0.000010 0.000010 0.193406 0.000010 0.369027
0.000010 0.000010 0.000010 0.000010 0.000010 0.000010 0.000010 0.000010 0.801509 0.000010 0.000010 0.000010 0.000010 0.000010 0.198331 0.000010 0.000010 0.000010
0.027494 0.000010 0.000010 0.000010 0.139368 0.000010 0.000010 0.019391 0.000010 0.000010 0.000010 0.000010 0.553743 0.000010 0.186204 0.000010 0.073679 0.000010
0.999830 0.000010 0.000010 0.000010 0.000010 0.000010 0.000010 0.000010 0.000010 0.000010 0.000010 0.000010 0.000010 0.000010 0.000010 0.000010 0.000010 0.000010
0.000010 0.000010 0.338029 0.000010 0.000010 0.000010 0.000010 0.000010 0.000010 0.000010 0.000010 0.000010 0.037421 0.016455 0.000010 0.266141 0.000010 0.341824
0.853928 0.000010 0.000010 0.123311 0.000010 0.000010 0.000010 0.000010 0.000010 0.000010 0.000010 0.008478 0.014143 0.000010 0.000010 0.000010 0.000010 0.000010
0.999830 0.000010 0.000010 0.000010 0.000010 0.000010 0.000010 0.000010 0.000010 0.000010 0.000010 0.000010 0.000010 0.000010 0.000010 0.000010 0.000010 0.000010
0.926561 0.000010 0.000010 0.000010 0.000010 0.000010 0.000010 0.000010 0.000010 0.000010 0.000010 0.000010 0.000010 0.000010 0.000010 0.073279 0.000010 0.000010
0.000010 0.000010 0.018111 0.019517 0.117765 0.000010 0.000010 0.022479 0.000010 0.000010 0.000010 0.055876 0.000010 0.000010 0.000010 0.298569 0.032367 0.435215
0.000010 0.000010 0.000010 0.000010 0.019744 0.000010 0.000010 0.093789 0.288824 0.000010 0.000010 0.004719 0.233619 0.000010 0.146739 0.000010 0.212455 0.000010
0.000010 0.000010 0.000010 0.000010 0.000010 0.000010 0.000010 0.000010 0.000010 0.000010 0.000010 0.000010 0.999830 0.000010 0.000010 0.000010 0.000010 0.000010
0.000010 0.000010 0.000010 0.122280 0.006238 0.000010 0.092379 0.000010 0.000010 0.000010 0.200493 0.000010 0.000010 0.036621 0.000010 0.020721 0.232600 0.288567
0.000012 0.000010 0.000010 0.000010 0.000010 0.032957 0.107473 0.000010 0.000010 0.030635 0.362778 0.052689 0.051917 0.000010 0.000010 0.000013 0.000010 0.361436
0.000010 0.000010 0.000010 0.000010 0.000010 0.000010 0.000010 0.000010 0.000010 0.000010 0.000010 0.000010 0.000010 0.999830 0.000010 0.000010 0.000010 0.000010
0.000010 0.017398 0.370529 0.000010 0.149326 0.000010 0.171425 0.000010 0.150714 0.102727 0.000010 0.000010 0.000010 0.000010 0.037771 0.000010 0.000010 0.000010
0.007263 0.031161 0.000010 0.000010 0.000010 0.000010 0.000010 0.110550 0.320695 0.000010 0.000010 0.000010 0.216092 0.000010 0.155877 0.000010 0.158253 0.000010
0.000010 0.000010 0.000010 0.000010 0.000010 0.000010 0.000010 0.000010 0.000010 0.000010 0.000010 0.000010 0.000010 0.000010 0.000010 0.000010 0.000010 0.999830
0.000010 0.000010 0.000010 0.000010 0.000010 0.000010 0.000010 0.000010 0.000010 0.000010 0.000010 0.194051 0.000010 0.000010 0.000010 0.000010 0.000010 0.805789
0.000010 0.000010 0.000010 0.000010 0.000010 0.000010 0.000010 0.008989 0.000010 0.000010 0.000010 0.000010 0.000010 0.000010 0.000010 0.000010 0.327346 0.663516
0.000010 0.000010 0.000010 0.000010 0.000010 0.000010 0.000010 0.000010 0.477151 0.000010 0.000010 0.000010 0.000010 0.000010 0.000010 0.000010 0.522689 0.000010
0.000010 0.000010 0.000010 0.000010 0.270897 0.000010 0.000010 0.000010 0.532887 0.000010 0.000010 0.000010 0.000010 0.000010 0.196066 0.000010 0.000010 0.000010
0.052089 0.000010 0.203953 0.000016 0.064378 0.000010 0.000010 0.000010 0.401995 0.000010 0.000010 0.000010 0.157747 0.000010 0.000010 0.119712 0.000010 0.000010
0.000010 0.000010 0.000010 0.000010 0.000010 0.041416 0.000010 0.000010 0.174642 0.000010 0.000010 0.021204 0.762599 0.000010 0.000010 0.000010 0.000010 0.000010
0.000010 0.000010 0.000010 0.000010 0.000010 0.000010 0.000010 0.000010 0.000010 0.999830 0.000010 0.000010 0.000010 0.000010 0.000010 0.000010 0.000010 0.000010
0.000010 0.730070 0.000010 0.000010 0.184931 0.000010 0.000010 0.027901 0.000010 0.000010 0.000010 0.000010 0.000010 0.000010 0.056958 0.000010 0.000010 0.000010
0.000010 0.034464 0.000010 0.000010 0.000010 0.115388 0.302198 0.041123 0.000010 0.128825 0.000010 0.144337 0.059535 0.000010 0.066995 0.000010 0.107045 0.000010
0.000010 0.108973 0.034741 0.000010 0.000010 0.000010 0.129011 0.000010 0.097796 0.000010 0.092310 0.000010 0.001797 0.000010 0.498563 0.000010 0.036710 0.000010
0.000010 0.000010 0.000010 0.000010 0.000010 0.009550 0.597931 0.000010 0.000010 0.371414 0.000010 0.020965 0.000010 0.000010 0.000010 0.000010 0.000010 0.000010
0.000010 0.000010 0.000010 0.000010 0.000010 0.055022 0.820279 0.000010 0.000010 0.023252 0.000010 0.000010 0.000010 0.101308 0.000010 0.000010 0.000010 0.000010
0.000010 0.030356 0.000010 0.000010 0.000010 0.000010 0.740894 0.000010 0.000010 0.068161 0.000010 0.075158 0.000010 0.000010 0.000010 0.000010 0.000010 0.085301
0.000010 0.000010 0.000010 0.000010 0.107121 0.048668 0.723816 0.000010 0.000010 0.076670 0.000010 0.000010 0.000010 0.043596 0.000010 0.000010 0.000010 0.000010
0.000010 0.000010 0.000010 0.000010 0.000010 0.006164 0.175088 0.000010 0.000010 0.000010 0.000010 0.107970 0.000010 0.053087 0.022081 0.000010 0.000010 0.635489
0.999830 0.000010 0.000010 0.000010 0.000010 0.000010 0.000010 0.000010 0.000010 0.000010 0.000010 0.000010 0.000010 0.000010 0.000010 0.000010 0.000010 0.000010
0.000010 0.000010 0.000010 0.000010 0.000010 0.000010 0.000010 0.000010 0.000010 0.000010 0.000010 0.000010 0.000010 0.000010 0.000010 0.999830 0.000010 0.000010
0.000010 0.000010 0.000010 0.000010 0.999830 0.000010 0.000010 0.000010 0.000010 0.000010 0.000010 0.000010 0.000010 0.000010 0.000010 0.000010 0.000010 0.000010
0.084441 0.000010 0.000010 0.000010 0.000010 0.000010 0.722527 0.000010 0.000010 0.003982 0.116017 0.000010 0.000010 0.072902 0.000010 0.000010 0.000010 0.000010
0.002312 0.014510 0.453363 0.000010 0.000010 0.000010 0.000010 0.000014 0.125689 0.000010 0.000010 0.000010 0.255700 0.056744 0.000010 0.091568 0.000010 0.000010
0.011161 0.000010 0.000010 0.000010 0.000010 0.012961 0.678387 0.000010 0.000010 0.181898 0.000010 0.000010 0.000010 0.000010 0.000010 0.000010 0.000010 0.115463
0.000010 0.035462 0.350431 0.000010 0.202203 0.000010 0.000010 0.000010 0.000010 0.000010 0.025057 0.000010 0.144471 0.000010 0.000010 0.000010 0.242256 0.000010
0.000010 0.000010 0.193583 0.000010 0.336926 0.000010 0.000010 0.137884 0.140638 0.000010 0.000010 0.000010 0.000010 0.063142 0.000010 0.000010 0.127708 0.000010
0.000010 0.239487 0.064919 0.000010 0.076275 0.000010 0.000010 0.244197 0.000010 0.000010 0.000010 0.000010 0.125518 0.000010 0.000010 0.206088 0.043407 0.000010
0.000010 0.000010 0.087231 0.137727 0.000010 0.000010 0.000010 0.081490 0.161090 0.000010 0.024642 0.024706 0.000010 0.036773 0.000010 0.223933 0.000010 0.222319
0.000010 0.258128 0.000010 0.000010 0.000010 0.000010 0.000010 0.541938 0.000010 0.000010 0.000010 0.000010 0.000010 0.000010 0.000010 0.000010 0.151461 0.048333
0.000010 0.029947 0.076429 0.000010 0.156604 0.000010 0.000010 0.426907 0.000010 0.000010 0.000010 0.004961 0.000010 0.000010 0.000010 0.253636 0.003097 0.048319
0.000010 0.000010 0.000010 0.000010 0.109342 0.000010 0.000010 0.000010 0.000010 0.000010 0.165680 0.000010 0.000010 0.000010 0.000010 0.000010 0.221722 0.503116
0.000010 0.000010 0.000010 0.000010 0.000010 0.000010 0.117573 0.000010 0.000010 0.000010 0.000010 0.000010 0.000010 0.000010 0.655992 0.000010 0.000010 0.226284
0.000010 0.187407 0.000010 0.000010 0.000010 0.039545 0.071548 0.000010 0.000010 0.023301 0.102754 0.000010 0.000010 0.000010 0.000010 0.000010 0.066947 0.508388
0.000010 0.000010 0.000010 0.000010 0.000010 0.000010 0.000010 0.000010 0.000010 0.000010 0.000010 0.000010 0.000010 0.000010 0.999830 0.000010 0.000010 0.000010
0.000010 0.000010 0.000010 0.000010 0.000010 0.000010 0.000010 0.000010 0.000010 0.000010 0.000010 0.000010 0.000010 0.000010 0.999830 0.000010 0.000010 0.000010
0.000010 0.000010 0.062882 0.000010 0.091200 0.000010 0.000010 0.101171 0.116576 0.051533 0.000010 0.003547 0.000010 0.000010 0.260034 0.000010 0.000010 0.312957
0.000010 0.000010 0.000010 0.000010 0.000010 0.000010 0.000010 0.000010 0.000010 0.000010 0.000010 0.000010 0.000010 0.000010 0.999830 0.000010 0.000010 0.000010
0.000010 0.578768 0.000010 0.000010 0.046684 0.000010 0.000010 0.374398 0.000010 0.000010 0.000010 0.000010 0.000010 0.000010 0.000010 0.000010 0.000010 0.000010
0.000010 0.000010 0.677028 0.000010 0.000010 0.000010 0.000010 0.000010 0.000010 0.000010 0.000010 0.000010 0.058333 0.000010 0.051311 0.000010 0.213187 0.000010
0.000010 0.052910 0.139008 0.000010 0.356400 0.000010 0.000010 0.151474 0.000010 0.000010 0.000010 0.000010 0.000010 0.065927 0.000010 0.023094 0.211077 0.000010
0.000010 0.741008 0.000010 0.000010 0.000010 0.000010 0.258832 0.000010 0.000010 0.000010 0.000010 0.000010 0.000010 0.000010 0.000010 0.000010 0.000010 0.000010
0.000010 0.000010 0.000010 0.000010 0.000010 0.000010 0.999830 0.000010 0.000010 0.000010 0.000010 0.000010 0.000010 0.000010 0.000010 0.000010 0.000010 0.000010
0.001088 0.000010 0.545808 0.000010 0.183641 0.000010 0.000010 0.000010 0.000010 0.000010 0.039469 0.000010 0.000010 0.000010 0.173464 0.000010 0.056410 0.000010
0.000010 0.307412 0.000010 0.000010 0.692428 0.000010 0.000010 0.000010 0.000010 0.000010 0.000010 0.000010 0.000010 0.000010 0.000010 0.000010 0.000010 0.000010
0.348645 0.000010 0.000010 0.619118 0.000010 0.000010 0.000010 0.000010 0.000010 0.000010 0.000010 0.000010 0.000010 0.000010 0.000010 0.000010 0.000010 0.032087
0.741916 0.000010 0.000010 0.152816 0.000010 0.000010 0.000010 0.000010 0.000010 0.000010 0.000010 0.035112 0.000010 0.000010 0.000010 0.033251 0.036775 0.000010
0.000010 0.000010 0.000010 0.000010 0.000010 0.000010 0.000010 0.000010 0.000010 0.000010 0.000010 0.000010 0.000010 0.000010 0.000010 0.000010 0.559936 0.439904
0.692189 0.000010 0.000010 0.299937 0.000010 0.000010 0.000010 0.000010 0.000010 0.000010 0.000010 0.007725 0.000010 0.000010 0.000010 0.000010 0.000010 0.000010
0.741652 0.000010 0.000010 0.143809 0.000010 0.019007 0.000010 0.000010 0.003845 0.049104 0.000010 0.000010 0.000010 0.000010 0.000010 0.042464 0.000010 0.000010
0.120896 0.013584 0.107623 0.553948 0.000010 0.000010 0.000010 0.000010 0.000010 0.131834 0.049696 0.000010 0.016864 0.000010 0.000010 0.000010 0.005454 0.000010
0.000010 0.000010 0.000010 0.000010 0.000010 0.000010 0.999830 0.000010 0.000010 0.000010 0.000010 0.000010 0.000010 0.000010 0.000010 0.000010 0.000010 0.000010
0.442975 0.000010 0.000010 0.442823 0.000010 0.027697 0.000010 0.000010 0.000010 0.000010 0.000704 0.000010 0.000010 0.000010 0.000010 0.000010 0.021188 0.064493
0.663350 0.000010 0.018915 0.132594 0.000010 0.000010 0.000010 0.051907 0.000010 0.004044 0.000010 0.000010 0.036350 0.092731 0.000010 0.000010 0.000010 0.000010
0.659178 0.000010 0.000010 0.194664 0.000010 0.021695 0.000010 0.000010 0.000010 0.000010 0.000010 0.000010 0.000010 0.091456 0.000010 0.000010 0.004603 0.028283
0.000010 0.000010 0.720010 0.000010 0.235037 0.000010 0.000010 0.000010 0.000010 0.000010 0.000010 0.000010 0.044803 0.000010 0.000010 0.000010 0.000010 0.000010
0.000010 0.000010 0.879444 0.000010 0.000010 0.000010 0.000010 0.011637 0.000010 0.000010 0.000010 0.028570 0.000010 0.080209 0.000010 0.000010 0.000010 0.000010
0.055491 0.000010 0.083498 0.000010 0.000010 0.000010 0.000010 0.193427 0.000010 0.000010 0.309010 0.000010 0.000010 0.000010 0.000010 0.000010 0.000010 0.358445
0.000010 0.096719 0.322413 0.000010 0.095204 0.000010 0.000010 0.128686 0.000010 0.040102 0.000010 0.000010 0.060411 0.000010 0.000010 0.000010 0.170770 0.085596
0.457450 0.000010 0.000010 0.381027 0.000010 0.000010 0.000010 0.000010 0.000010 0.000010 0.144785 0.000010 0.000010 0.016597 0.000010 0.000010 0.000010 0.000010
0.000010 0.218378 0.070440 0.040679 0.200790 0.000010 0.000010 0.181656 0.000010 0.014060 0.053794 0.063512 0.000010 0.000010 0.000010 0.000010 0.000010 0.156600
0.793860 0.000010 0.000010 0.000010 0.000010 0.004595 0.000010 0.000010 0.000010 0.000010 0.110007 0.000010 0.000010 0.000010 0.037573 0.000010 0.000010 0.053835
0.433389 0.000010 0.000010 0.298029 0.000010 0.000010 0.000010 0.000010 0.000010 0.000010 0.100438 0.014467 0.019206 0.070301 0.064060 0.000010 0.000010 0.000010
0.000010 0.047623 0.269596 0.000010 0.188706 0.033338 0.000010 0.012926 0.116340 0.000010 0.099833 0.000010 0.105155 0.000010 0.000010 0.000010 0.126393 0.000010
0.000010 0.000010 0.779378 0.000010 0.000010 0.000010 0.000010 0.000010 0.000010 0.000010 0.000010 0.000010 0.000010 0.000010 0.094871 0.125601 0.000010 0.000010
0.634896 0.000010 0.000010 0.204883 0.012684 0.000010 0.000010 0.010945 0.000010 0.000010 0.000010 0.031882 0.000010 0.000010 0.000010 0.104590 0.000010 0.000010
0.000010 0.000010 0.762373 0.000010 0.000010 0.000010 0.000010 0.000010 0.121257 0.000010 0.000010 0.000010 0.000010 0.000010 0.032755 0.000010 0.000010 0.083475
0.057550 0.000010 0.075712 0.000010 0.000010 0.000010 0.000010 0.000010 0.000010 0.000010 0.000010 0.000010 0.011342 0.042309 0.000010 0.228484 0.000010 0.584483
0.349621 0.000010 0.000010 0.650219 0.000010 0.000010 0.000010 0.000010 0.000010 0.000010 0.000010 0.000010 0.000010 0.000010 0.000010 0.000010 0.000010 0.000010
0.624288 0.000010 0.000010 0.143480 0.000010 0.000010 0.000010 0.000010 0.000010 0.000010 0.054949 0.016801 0.000010 0.068511 0.069926 0.021934 0.000010 0.000010
0.999830 0.000010 0.000010 0.000010 0.000010 0.000010 0.000010 0.000010 0.000010 0.000010 0.000010 0.000010 0.000010 0.000010 0.000010 0.000010 0.000010 0.000010
0.000010 0.737197 0.000010 0.000010 0.000010 0.014796 0.000010 0.000011 0.000010 0.000010 0.038955 0.000010 0.000010 0.000010 0.078448 0.044811 0.000010 0.085671
0.000010 0.000010 0.000010 0.000010 0.104990 0.000010 0.000010 0.000010 0.000010 0.000010 0.000010 0.000010 0.000010 0.000010 0.000010 0.000010 0.000010 0.894850
0.000010 0.110869 0.000010 0.000010 0.089714 0.000010 0.399701 0.000010 0.121249 0.000010 0.000010 0.000010 0.129236 0.000010 0.149112 0.000010 0.000010 0.000010
0.001595 0.100248 0.228865 0.126264 0.217557 0.000010 0.041835 0.000010 0.049103 0.000010 0.005702 0.000010 0.000010 0.000010 0.000010 0.000010 0.017610 0.211142
0.214271 0.000010 0.000010 0.563835 0.000010 0.000010 0.000010 0.000010 0.000010 0.048536 0.000010 0.005437 0.089608 0.003156 0.000010 0.012999 0.000010 0.062057
0.470156 0.000010 0.000010 0.410964 0.000010 0.000010 0.000010 0.000010 0.000010 0.000010 0.000010 0.000010 0.000010 0.000010 0.118730 0.000010 0.000010 0.000010
0.098819 0.000010 0.000010 0.640605 0.000010 0.000010 0.000010 0.040825 0.000010 0.000010 0.026795 0.083215 0.000010 0.000010 0.087678 0.021953 0.000010 0.000010
0.373438 0.000010 0.000010 0.478422 0.050406 0.000010 0.000010 0.000010 0.000010 0.000010 0.000010 0.000010 0.000010 0.000010 0.097594 0.000010 0.000010 0.000010
0.000010 0.029922 0.633380 0.000010 0.000010 0.000010 0.000010 0.000010 0.043663 0.000010 0.023069 0.000010 0.000010 0.000010 0.269836 0.000010 0.000010 0.000010
0.000010 0.000010 0.000010 0.000010 0.000010 0.000010 0.000010 0.000010 0.000010 0.000010 0.000010 0.000010 0.000010 0.999830 0.000010 0.000010 0.000010 0.000010
0.000010 0.089154 0.000010 0.000010 0.000010 0.026213 0.000010 0.005439 0.804547 0.000010 0.000010 0.000010 0.000010 0.000016 0.000010 0.074511 0.000010 0.000010
0.000010 0.000010 0.039814 0.000010 0.000010 0.023866 0.000010 0.000010 0.412692 0.000010 0.099652 0.022648 0.181650 0.000010 0.000010 0.000010 0.219568 0.000010
0.000010 0.000010 0.000010 0.000010 0.000010 0.000010 0.000010 0.030000 0.674837 0.000010 0.000010 0.000010 0.000010 0.000010 0.152016 0.000010 0.143007 0.000010
0.077323 0.014836 0.000010 0.000010 0.118930 0.000010 0.117149 0.000010 0.000010 0.202311 0.026420 0.025882 0.000010 0.000010 0.000010 0.000010 0.000010 0.417050
0.767147 0.000010 0.055154 0.177549 0.000010 0.000010 0.000010 0.000010 0.000010 0.000010 0.000010 0.000010 0.000010 0.000010 0.000010 0.000010 0.000010 0.000010
0.000010 0.000010 0.000010 0.000010 0.000010 0.000010 0.154935 0.000010 0.000010 0.231793 0.000010 0.000010 0.000010 0.000010 0.000010 0.000010 0.000010 0.613122
0.005538 0.041322 0.168033 0.030387 0.000010 0.000010 0.176032 0.000010 0.000010 0.167286 0.000010 0.000010 0.005253 0.000010 0.007428 0.000010 0.000010 0.398632
0.238219 0.000010 0.000010 0.597221 0.000010 0.015442 0.000010 0.076325 0.000010 0.033329 0.000010 0.007371 0.005243 0.000010 0.000076 0.000010 0.026684 0.000010
0.109845 0.000010 0.000010 0.835954 0.000010 0.000010 0.000010 0.000010 0.000010 0.000010 0.000010 0.000010 0.000010 0.000010 0.054051 0.000010 0.000010 0.000010
0.923502 0.000010 0.015682 0.046978 0.000010 0.000010 0.000010 0.000010 0.000010 0.000010 0.000010 0.000010 0.013699 0.000010 0.000010 0.000010 0.000010 0.000010
0.145178 0.000010 0.000010 0.658414 0.000010 0.076245 0.000010 0.000010 0.000010 0.005772 0.000010 0.000010 0.114260 0.000010 0.000010 0.000010 0.000010 0.000010
0.000010 0.000010 0.000010 0.000010 0.000010 0.000010 0.000010 0.136574 0.526375 0.000010 0.000010 0.000010 0.000010 0.000010 0.000010 0.038481 0.298431 0.000010
0.000010 0.000010 0.114527 0.000010 0.101649 0.000010 0.000010 0.096668 0.344410 0.000010 0.007793 0.000010 0.019567 0.000010 0.000010 0.000010 0.315275 0.000010
0.000010 0.118479 0.019329 0.056707 0.000010 0.000010 0.000010 0.000010 0.360685 0.000010 0.000010 0.022636 0.368132 0.000010 0.000010 0.007266 0.046667 0.000010
0.144750 0.000010 0.000010 0.707576 0.000010 0.000010 0.000010 0.000010 0.000010 0.000010 0.130422 0.000010 0.000010 0.000010 0.000010 0.017111 0.000010 0.000010
0.000010 0.000010 0.000010 0.000010 0.000010 0.000010 0.000010 0.000010 0.000010 0.000010 0.000010 0.000010 0.999830 0.000010 0.000010 0.000010 0.000010 0.000010
0.001335 0.000010 0.000010 0.000010 0.332679 0.000010 0.000010 0.000010 0.568668 0.000010 0.000010 0.034438 0.062751 0.000010 0.000010 0.000010 0.000010 0.000010
0.000010 0.119618 0.127189 0.000010 0.373844 0.000010 0.000010 0.130144 0.028217 0.000010 0.000010 0.000010 0.000010 0.000010 0.000010 0.000010 0.220869 0.000010
0.251819 0.000010 0.000010 0.702179 0.000010 0.000010 0.000010 0.044462 0.000010 0.000010 0.000010 0.001393 0.000010 0.000010 0.000010 0.000017 0.000010 0.000010
0.815288 0.000010 0.000010 0.184552 0.000010 0.000010 0.000010 0.000010 0.000010 0.000010 0.000010 0.000010 0.000010 0.000010 0.000010 0.000010 0.000010 0.000010
0.063542 0.040661 0.024506 0.759057 0.000010 0.000010 0.000010 0.000176 0.000010 0.000010 0.111938 0.000010 0.000010 0.000010 0.000010 0.000010 0.000010 0.000010
0.289940 0.000010 0.000010 0.481048 0.000010 0.000010 0.000010 0.022734 0.000010 0.000010 0.106745 0.000010 0.000010 0.016725 0.000010 0.060490 0.022207 0.000010
0.286199 0.001836 0.000010 0.504818 0.000010 0.000010 0.000010 0.003729 0.000010 0.000010 0.128200 0.000010 0.000010 0.000010 0.037889 0.000010 0.000010 0.037219
0.318638 0.000010 0.000010 0.536546 0.000010 0.018062 0.000010 0.031959 0.000010 0.000010 0.000010 0.000010 0.000010 0.011302 0.000010 0.000010 0.022266 0.061117
0.386943 0.000010 0.000010 0.513053 0.000010 0.000010 0.000010 0.003119 0.000010 0.000010 0.096746 0.000010 0.000010 0.000010 0.000010 0.000010 0.000010 0.000010
0.255392 0.000010 0.000010 0.586036 0.000010 0.018274 0.000010 0.040119 0.000010 0.000010 0.025827 0.026267 0.000010 0.000010 0.047975 0.000010 0.000010 0.000010
0.008670 0.000010 0.050376 0.000010 0.104395 0.000010 0.263802 0.335468 0.000010 0.000010 0.000010 0.000010 0.000010 0.000010 0.099346 0.090807 0.047037 0.000010
0.000010 0.242881 0.000010 0.000010 0.560457 0.000010 0.000010 0.000010 0.000010 0.000010 0.000010 0.000010 0.000010 0.000010 0.000010 0.000010 0.196512 0.000010
0.085935 0.000010 0.000010 0.863441 0.000010 0.000010 0.000010 0.050474 0.000010 0.000010 0.000010 0.000010 0.000010 0.000010 0.000010 0.000010 0.000010 0.000010
0.000010 0.000010 0.004467 0.887184 0.000010 0.000010 0.000010 0.000010 0.000010 0.000010 0.000010 0.108199 0.000010 0.000010 0.000010 0.000010 0.000010 0.000010
0.106296 0.003646 0.000010 0.000010 0.000010 0.000010 0.000010 0.000010 0.889908 0.000010 0.000010 0.000010 0.000010 0.000010 0.000010 0.000010 0.000010 0.000010
0.000010 0.000010 0.000010 0.000010 0.000010 0.000010 0.000010 0.000010 0.093399 0.000010 0.000010 0.000010 0.345273 0.000010 0.226051 0.001275 0.333871 0.000010
0.000010 0.000010 0.000010 0.000010 0.072787 0.035537 0.000010 0.000010 0.461970 0.000010 0.000010 0.000010 0.000010 0.000010 0.000010 0.000010 0.429565 0.000010
