0.000010 0.000010 0.404884 0.000010 0.134919 0.000010 0.026573 0.433584
0.000010 0.265916 0.687329 0.000010 0.000010 0.046704 0.000010 0.000010
0.000010 0.999930 0.000010 0.000010 0.000010 0.000010 0.000010 0.000010
0.012468 0.682187 0.055945 0.000010 0.050013 0.185202 0.012042 0.002133
0.000010 0.614494 0.088569 0.000010 0.000010 0.296887 0.000010 0.000010
0.000010 0.754971 0.026776 0.000010 0.000010 0.218203 0.000010 0.000010
0.000010 0.845592 0.071541 0.000010 0.000010 0.082817 0.000010 0.000010
0.077115 0.842713 0.026878 0.031498 0.000010 0.000010 0.021766 0.000010
0.068702 0.000010 0.140823 0.014958 0.195078 0.103256 0.000010 0.477163
0.000010 0.000010 0.886236 0.000010 0.000010 0.000010 0.113704 0.000010
0.999930 0.000010 0.000010 0.000010 0.000010 0.000010 0.000010 0.000010
0.425511 0.286220 0.200197 0.000010 0.000010 0.001568 0.000010 0.086475
0.473327 0.000010 0.010599 0.000010 0.000010 0.000010 0.067369 0.448665
0.521188 0.000010 0.000010 0.000010 0.000010 0.000010 0.000010 0.478752
0.482020 0.000010 0.000010 0.000010 0.000010 0.000010 0.000010 0.517920
0.000010 0.103519 0.895484 0.000947 0.000010 0.000010 0.000010 0.000010
0.000010 0.876558 0.004735 0.043590 0.000010 0.075076 0.000010 0.000010
0.306630 0.042542 0.090818 0.000010 0.000010 0.000010 0.000010 0.559970
0.000010 0.411861 0.000010 0.039901 0.000010 0.032003 0.126811 0.389395
0.056158 0.000010 0.000010 0.507711 0.090744 0.121084 0.000010 0.224273
0.038360 0.833824 0.000010 0.000010 0.000010 0.127766 0.000010 0.000010
0.999930 0.000010 0.000010 0.000010 0.000010 0.000010 0.000010 0.000010
0.999930 0.000010 0.000010 0.000010 0.000010 0.000010 0.000010 0.000010
0.023366 0.785843 0.048834 0.000010 0.055962 0.085965 0.000010 0.000010
0.999930 0.000010 0.000010 0.000010 0.000010 0.000010 0.000010 0.000010
0.000010 0.829814 0.047703 0.000010 0.000010 0.078327 0.006368 0.037758
0.000010 0.844349 0.000010 0.045388 0.000010 0.096452 0.013771 0.000010
0.000010 0.000010 0.000010 0.000010 0.000010 0.999930 0.000010 0.000010
0.031683 0.888546 0.000582 0.000010 0.000010 0.079150 0.000010 0.000010
0.000010 0.993427 0.000010 0.000010 0.000010 0.000010 0.006513 0.000010
0.000010 0.711431 0.122598 0.000010 0.007561 0.116974 0.001402 0.040015
0.000010 0.556469 0.266718 0.000010 0.000010 0.176763 0.000010 0.000010
0.000010 0.158534 0.143497 0.000010 0.603950 0.000010 0.000010 0.093979
0.000010 0.769138 0.096468 0.025155 0.000019 0.109191 0.000010 0.000010
0.000010 0.999930 0.000010 0.000010 0.000010 0.000010 0.000010 0.000010
0.000010 0.009275 0.156403 0.000010 0.166096 0.000010 0.323557 0.344638
0.000010 0.110761 0.000010 0.000010 0.000010 0.889179 0.000010 0.000010
0.002180 0.494575 0.401555 0.000010 0.000010 0.101650 0.000010 0.000010
0.013463 0.330171 0.033274 0.000010 0.595936 0.027127 0.000010 0.000010
0.000010 0.634373 0.029947 0.000010 0.000010 0.249353 0.000010 0.086288
0.000010 0.000010 0.000010 0.043152 0.625516 0.203661 0.127631 0.000010
0.000010 0.630826 0.175297 0.006897 0.000010 0.164874 0.000010 0.022076
0.050743 0.000010 0.491851 0.192041 0.116625 0.148710 0.000010 0.000010
0.000010 0.803816 0.196124 0.000010 0.000010 0.000010 0.000010 0.000010
0.000010 0.125499 0.000010 0.000010 0.516859 0.151742 0.205859 0.000010
0.532993 0.000010 0.000010 0.000010 0.000010 0.000010 0.000010 0.466947
0.845961 0.000010 0.000010 0.000010 0.000010 0.000010 0.000010 0.153979
0.026417 0.663405 0.093871 0.000755 0.018951 0.196582 0.000010 0.000010
0.999930 0.000010 0.000010 0.000010 0.000010 0.000010 0.000010 0.000010
0.813588 0.000010 0.000010 0.000010 0.186352 0.000010 0.000010 0.000010
0.999930 0.000010 0.000010 0.000010 0.000010 0.000010 0.000010 0.000010
0.834843 0.012277 0.000010 0.000010 0.152830 0.000010 0.000010 0.000010
0.999928 0.000010 0.000012 0.000010 0.000010 0.000010 0.000010 0.000010
0.034052 0.047811 0.431882 0.035592 0.000010 0.128563 0.000010 0.322080
0.323168 0.000010 0.000010 0.000010 0.059730 0.123599 0.000010 0.493463
0.728962 0.000010 0.000010 0.000010 0.000011 0.000010 0.000010 0.270977
0.775966 0.000010 0.000010 0.000010 0.000010 0.000010 0.000010 0.223974
0.000010 0.000010 0.294194 0.182849 0.000010 0.000010 0.205345 0.317571
0.000010 0.714297 0.000010 0.000010 0.000010 0.285643 0.000010 0.000010
0.065212 0.000010 0.308020 0.013035 0.000010 0.000010 0.421565 0.192138
0.999930 0.000010 0.000010 0.000010 0.000010 0.000010 0.000010 0.000010
0.478679 0.000010 0.000010 0.000010 0.022139 0.065157 0.000010 0.433986
0.354519 0.006970 0.021431 0.000010 0.000010 0.004522 0.000010 0.612528
0.000010 0.000010 0.710611 0.054049 0.000010 0.235290 0.000010 0.000010
0.916788 0.000010 0.000010 0.000010 0.018723 0.062049 0.000010 0.002399
0.000010 0.000015 0.684923 0.075906 0.000010 0.239116 0.000010 0.000010
0.004211 0.000010 0.044699 0.000010 0.000010 0.000010 0.000010 0.951040
0.094887 0.000010 0.000010 0.000010 0.633781 0.000010 0.000010 0.271283
0.342608 0.018031 0.000010 0.000010 0.074808 0.000010 0.000010 0.564513
0.063819 0.012327 0.497503 0.160892 0.098120 0.160209 0.007120 0.000010
0.000010 0.407165 0.469691 0.000010 0.000010 0.061522 0.061582 0.000010
0.026629 0.031740 0.318079 0.019753 0.338932 0.264846 0.000010 0.000010
0.028802 0.085400 0.433533 0.000010 0.196753 0.023639 0.000010 0.231853
0.000010 0.158997 0.298305 0.000010 0.438207 0.039098 0.000010 0.065364
0.099135 0.000010 0.000010 0.000010 0.228241 0.221308 0.185768 0.265518
0.000010 0.892781 0.000010 0.000010 0.052297 0.054871 0.000010 0.000010
0.009092 0.599780 0.000010 0.034211 0.013695 0.343192 0.000010 0.000010
0.000010 0.000010 0.583845 0.000013 0.000010 0.416092 0.000010 0.000010
0.038047 0.000010 0.591560 0.000010 0.000010 0.370343 0.000010 0.000010
0.075018 0.000010 0.000010 0.000010 0.090717 0.000010 0.041815 0.792410
0.000010 0.438772 0.000010 0.000010 0.000010 0.405615 0.000010 0.155563
0.154877 0.000010 0.073681 0.000010 0.050526 0.098498 0.002496 0.619902
0.000010 0.353998 0.595403 0.008539 0.040444 0.001585 0.000010 0.000010
0.000010 0.000010 0.000010 0.000010 0.000010 0.000010 0.000010 0.999930
0.073572 0.000010 0.170797 0.000010 0.068169 0.039566 0.033641 0.614235
0.000010 0.395162 0.000010 0.037141 0.177805 0.360138 0.000010 0.029724
0.000010 0.000010 0.000010 0.077855 0.876011 0.000010 0.014359 0.031735
0.167731 0.001791 0.084483 0.024588 0.110476 0.020882 0.027869 0.562180
0.063814 0.000010 0.000010 0.000010 0.007512 0.000010 0.000010 0.928625
0.000010 0.000010 0.069585 0.000013 0.930351 0.000010 0.000011 0.000010
0.000010 0.080725 0.190036 0.000010 0.576732 0.152467 0.000010 0.000010
0.000010 0.000010 0.240373 0.000010 0.759567 0.000010 0.000010 0.000010
0.000010 0.013275 0.290462 0.022220 0.000010 0.000010 0.585078 0.088935
0.000010 0.000010 0.520042 0.000010 0.000010 0.340964 0.070974 0.067979
0.000010 0.452025 0.123520 0.040467 0.128619 0.168071 0.000010 0.087278
0.000010 0.105786 0.423637 0.025224 0.314730 0.130594 0.000010 0.000010
0.000010 0.246729 0.618038 0.000010 0.058155 0.063592 0.000010 0.013456
0.000010 0.128258 0.197268 0.174215 0.122056 0.214993 0.140642 0.022558
0.142992 0.000010 0.080621 0.000010 0.170810 0.023714 0.101642 0.480202
0.035473 0.822040 0.121848 0.000010 0.000010 0.020600 0.000010 0.000010
0.000010 0.655665 0.000010 0.000010 0.016594 0.327692 0.000010 0.000010
0.000736 0.813829 0.000010 0.007476 0.065947 0.024930 0.087061 0.000010
0.000010 0.829109 0.000014 0.000010 0.000010 0.150755 0.000010 0.020081
0.000010 0.824271 0.000010 0.093074 0.000010 0.053947 0.000010 0.028669
0.000017 0.689724 0.000010 0.000010 0.000010 0.310209 0.000010 0.000010
0.000010 0.881875 0.000010 0.000010 0.000010 0.073273 0.044802 0.000010
0.007540 0.000010 0.756153 0.000010 0.074318 0.135446 0.026514 0.000010
0.762869 0.000010 0.000010 0.000010 0.000010 0.000010 0.000010 0.237071
0.035979 0.001444 0.072424 0.049142 0.501705 0.250820 0.011856 0.076632
0.000010 0.029874 0.000010 0.210897 0.000010 0.000010 0.416871 0.342319
0.999930 0.000010 0.000010 0.000010 0.000010 0.000010 0.000010 0.000010
0.905710 0.000010 0.000010 0.000010 0.094230 0.000010 0.000010 0.000010
0.999930 0.000010 0.000010 0.000010 0.000010 0.000010 0.000010 0.000010
0.199452 0.000010 0.000010 0.000010 0.224934 0.142049 0.000010 0.433525
0.319022 0.022980 0.000010 0.058441 0.000010 0.000010 0.007424 0.592103
0.097888 0.000010 0.371934 0.043836 0.000010 0.393760 0.092553 0.000010
0.000010 0.000010 0.235597 0.000010 0.000010 0.000010 0.725147 0.039206
0.000010 0.000010 0.671921 0.000010 0.000010 0.249706 0.078323 0.000010
0.999930 0.000010 0.000010 0.000010 0.000010 0.000010 0.000010 0.000010
0.000010 0.000010 0.340934 0.031632 0.000010 0.000010 0.627384 0.000010
0.000010 0.788446 0.058777 0.123184 0.000010 0.029553 0.000010 0.000010
0.000010 0.000010 0.182219 0.596459 0.000010 0.000010 0.110513 0.110769
0.000010 0.000010 0.000010 0.000010 0.898570 0.020298 0.000010 0.081083
0.000010 0.067830 0.000010 0.175090 0.288166 0.053818 0.405936 0.009140
0.000010 0.000010 0.000010 0.025178 0.768207 0.206565 0.000010 0.000010
0.135918 0.000010 0.504007 0.000010 0.067564 0.135668 0.156814 0.000010
0.042467 0.000757 0.230033 0.000010 0.086686 0.636206 0.000010 0.003832
0.012311 0.237731 0.402849 0.000010 0.056791 0.164354 0.000010 0.125944
0.000010 0.032204 0.429316 0.071883 0.000010 0.466557 0.000010 0.000010
0.134798 0.206220 0.038387 0.093668 0.000010 0.115023 0.000010 0.411885
0.000010 0.000010 0.583957 0.000010 0.000010 0.415983 0.000010 0.000010
0.022239 0.273737 0.452033 0.000010 0.000010 0.167680 0.042860 0.041431
0.007364 0.000010 0.750988 0.035942 0.066210 0.139466 0.000010 0.000010
0.017123 0.264956 0.136650 0.290730 0.000010 0.123323 0.167198 0.000010
0.000010 0.162186 0.173544 0.000010 0.067679 0.549951 0.000010 0.046610
0.061337 0.000010 0.000010 0.000010 0.455931 0.156730 0.123051 0.202922
0.000010 0.000010 0.415292 0.000010 0.317820 0.178065 0.088784 0.000010
0.024602 0.000010 0.044905 0.112871 0.068095 0.025534 0.038790 0.685192
0.000010 0.000010 0.000010 0.000010 0.958667 0.041273 0.000010 0.000010
0.017207 0.214554 0.137871 0.000010 0.427678 0.163260 0.019853 0.019568
0.000010 0.699206 0.182549 0.000010 0.002872 0.094878 0.000010 0.020464
0.000010 0.932194 0.000010 0.000010 0.000010 0.067746 0.000010 0.000010
0.033413 0.000010 0.000010 0.000010 0.000010 0.000010 0.288895 0.677643
0.000010 0.000010 0.035134 0.000010 0.000010 0.000010 0.964806 0.000010
0.000010 0.000010 0.000010 0.051874 0.000010 0.000010 0.193185 0.754891
0.025001 0.000011 0.000010 0.103306 0.610267 0.184584 0.000010 0.076810
0.000010 0.000010 0.000670 0.277359 0.124712 0.117991 0.352887 0.126360
0.026560 0.144368 0.645111 0.000010 0.000010 0.000010 0.045665 0.138266
0.000010 0.053012 0.085197 0.001974 0.000010 0.000010 0.859777 0.000010
0.000010 0.031550 0.814057 0.000010 0.000010 0.000010 0.035114 0.119239
0.000010 0.108341 0.303800 0.000010 0.193988 0.015104 0.268912 0.109835
0.000010 0.000010 0.109452 0.000010 0.000010 0.000010 0.890488 0.000010
0.000010 0.719048 0.015551 0.020055 0.025321 0.219996 0.000010 0.000010
0.000010 0.128276 0.622690 0.000010 0.000010 0.210716 0.000010 0.038278
0.000010 0.006359 0.433781 0.000010 0.000010 0.353480 0.000010 0.206340
0.013534 0.807328 0.052842 0.000010 0.000010 0.126256 0.000010 0.000010
0.082031 0.000010 0.221698 0.000010 0.314794 0.381437 0.000010 0.000010
0.000010 0.600227 0.166946 0.000010 0.002784 0.114481 0.115532 0.000010
0.000010 0.726072 0.158402 0.000010 0.000010 0.098917 0.001818 0.014761
0.000010 0.000010 0.999930 0.000010 0.000010 0.000010 0.000010 0.000010
0.000010 0.000010 0.000010 0.000010 0.000010 0.000010 0.999930 0.000010
0.000010 0.033632 0.513930 0.000010 0.379189 0.000010 0.073209 0.000010
0.006646 0.000010 0.000010 0.000010 0.000010 0.000010 0.993294 0.000010
0.000010 0.000010 0.000010 0.000010 0.000010 0.000010 0.999930 0.000010
0.005264 0.000010 0.000010 0.021421 0.000010 0.000010 0.973265 0.000010
0.059279 0.122531 0.246167 0.091664 0.430796 0.049543 0.000010 0.000010
0.036627 0.686748 0.078484 0.035038 0.000018 0.163065 0.000010 0.000010
0.000010 0.733872 0.054520 0.066213 0.000010 0.112784 0.000010 0.032582
0.000010 0.846998 0.071468 0.000010 0.000010 0.000010 0.081484 0.000010
0.193782 0.120574 0.079933 0.000010 0.403764 0.078832 0.031293 0.091811
0.084156 0.164870 0.000010 0.138827 0.407927 0.029265 0.099474 0.075471
0.000010 0.000010 0.000010 0.078823 0.426665 0.000010 0.158147 0.336325
0.105241 0.000010 0.000010 0.089840 0.472934 0.000010 0.197540 0.134416
0.000010 0.044331 0.007344 0.000010 0.673995 0.000010 0.071621 0.202680
0.081191 0.079045 0.000010 0.090288 0.615783 0.000010 0.026662 0.107010
0.049853 0.295305 0.320117 0.000010 0.067671 0.121421 0.000010 0.145613
0.000010 0.758260 0.125693 0.000010 0.000010 0.101352 0.014654 0.000010
0.066120 0.000010 0.057127 0.024354 0.812792 0.039577 0.000010 0.000010
0.003087 0.000010 0.596866 0.207342 0.045676 0.000010 0.146997 0.000010
0.081901 0.180503 0.061626 0.009325 0.544376 0.122249 0.000010 0.000010
0.005212 0.046957 0.000010 0.000010 0.624441 0.000010 0.076860 0.246500
0.000010 0.131380 0.868560 0.000010 0.000010 0.000010 0.000010 0.000010
0.000010 0.714440 0.035999 0.007691 0.000010 0.241831 0.000010 0.000010
0.000010 0.861034 0.000010 0.000010 0.005324 0.133592 0.000010 0.000010
0.000010 0.655047 0.228308 0.049432 0.028450 0.031754 0.006988 0.000010
0.068564 0.385202 0.406300 0.000010 0.030755 0.109149 0.000010 0.000010
0.065073 0.903400 0.031477 0.000010 0.000010 0.000010 0.000010 0.000010
0.000010 0.764018 0.129616 0.000010 0.000010 0.088247 0.018079 0.000010
0.294314 0.000010 0.000010 0.000010 0.048717 0.080212 0.000010 0.576718
0.000010 0.035225 0.363714 0.000010 0.000010 0.601010 0.000010 0.000010
0.000010 0.990022 0.000010 0.000010 0.009918 0.000010 0.000010 0.000010
0.260427 0.065966 0.098516 0.033977 0.000010 0.050296 0.000010 0.490799
0.000010 0.298840 0.394261 0.000010 0.000010 0.090741 0.000010 0.216118
0.129262 0.000010 0.000010 0.000010 0.133819 0.000010 0.000010 0.736869
0.121279 0.055475 0.000010 0.000010 0.000010 0.033300 0.000010 0.789906
0.018932 0.000010 0.000010 0.027081 0.025424 0.105540 0.000010 0.822992
0.000010 0.000010 0.143380 0.000010 0.000010 0.856560 0.000010 0.000010
0.097017 0.000010 0.000010 0.000010 0.042528 0.107832 0.000010 0.752583
0.082759 0.000010 0.000010 0.000010 0.702157 0.000010 0.062853 0.152190
0.000010 0.000010 0.004238 0.000010 0.000010 0.000010 0.995702 0.000010
0.000010 0.080789 0.759330 0.000010 0.000010 0.090344 0.069497 0.000010
0.032865 0.048812 0.431734 0.000010 0.000010 0.410659 0.000010 0.075901
0.005642 0.000010 0.000010 0.000010 0.113462 0.000010 0.158463 0.722392
0.000010 0.422986 0.467552 0.000010 0.000010 0.041621 0.067800 0.000010
0.094649 0.064209 0.008187 0.000010 0.132309 0.000010 0.027338 0.673287
0.000010 0.000010 0.000010 0.999930 0.000010 0.000010 0.000010 0.000010
0.000010 0.454850 0.332562 0.000010 0.000010 0.212538 0.000010 0.000010
0.039290 0.245361 0.403659 0.000010 0.000010 0.302319 0.009340 0.000010
0.004393 0.061635 0.476129 0.043249 0.043078 0.371497 0.000010 0.000010
0.000010 0.459393 0.397171 0.002009 0.017688 0.123709 0.000010 0.000010
0.062646 0.000010 0.692188 0.075784 0.000010 0.000010 0.169342 0.000010
0.023339 0.013282 0.430147 0.107116 0.291080 0.000010 0.003084 0.131941
0.021369 0.000010 0.000010 0.337776 0.351109 0.017302 0.000010 0.272414
0.000010 0.916470 0.000010 0.001844 0.000010 0.047409 0.034237 0.000010
0.000010 0.000010 0.428226 0.000010 0.051213 0.520511 0.000010 0.000010
0.000010 0.000010 0.642809 0.043206 0.000010 0.313935 0.000010 0.000010
0.057392 0.000010 0.595872 0.000010 0.042941 0.303755 0.000010 0.000010
0.000010 0.155511 0.000010 0.000010 0.654577 0.189862 0.000010 0.000010
0.000010 0.088868 0.394063 0.033388 0.278611 0.000010 0.000010 0.205040
0.000010 0.000010 0.000010 0.015491 0.623974 0.282955 0.037704 0.039846
0.083521 0.184508 0.547736 0.068056 0.000010 0.022432 0.000010 0.093727
0.011467 0.177451 0.494888 0.000010 0.093822 0.013184 0.053323 0.155856
0.000010 0.203281 0.504899 0.000010 0.021808 0.007341 0.000010 0.262641
0.005894 0.024704 0.477976 0.000010 0.387365 0.104031 0.000010 0.000010
0.000010 0.212809 0.373407 0.000010 0.051998 0.035117 0.031644 0.295006
0.000010 0.000010 0.279980 0.000010 0.000010 0.692117 0.027853 0.000010
0.000010 0.348431 0.601712 0.000010 0.000010 0.049807 0.000010 0.000010
0.021865 0.169479 0.325597 0.000010 0.043304 0.439724 0.000010 0.000010
0.000010 0.000010 0.176354 0.000010 0.172142 0.413638 0.000010 0.237826
0.023167 0.000010 0.106946 0.009581 0.849121 0.000010 0.000010 0.011155
0.000010 0.000010 0.000010 0.000010 0.000010 0.000010 0.693110 0.306830
0.000010 0.113246 0.015194 0.000010 0.000010 0.026961 0.000010 0.844560
0.000010 0.000010 0.000010 0.000010 0.000010 0.000010 0.643348 0.356592
0.000010 0.333136 0.565681 0.000010 0.089752 0.009497 0.001904 0.000010
0.174538 0.000010 0.000010 0.000010 0.004709 0.000010 0.061301 0.759411
0.000010 0.242925 0.601993 0.000010 0.059763 0.068359 0.026929 0.000010
0.000010 0.000010 0.895503 0.000010 0.000010 0.000010 0.104437 0.000010
0.000010 0.000010 0.937391 0.000010 0.000010 0.000010 0.062549 0.000010
0.000010 0.458923 0.368340 0.000010 0.000380 0.142038 0.030288 0.000010
0.000010 0.108387 0.146772 0.000010 0.000012 0.744789 0.000010 0.000010
0.000010 0.000010 0.000010 0.387551 0.015691 0.000010 0.596708 0.000010
0.057618 0.001217 0.000010 0.110108 0.000010 0.000010 0.831017 0.000010
0.088675 0.323605 0.067703 0.000010 0.339127 0.180860 0.000010 0.000010
0.013832 0.000010 0.000010 0.120642 0.000010 0.000010 0.865476 0.000010
0.017219 0.023429 0.000010 0.038989 0.000010 0.000010 0.816289 0.104044
0.007492 0.109074 0.016763 0.566535 0.000010 0.000010 0.224950 0.075167
0.047688 0.127763 0.000010 0.000010 0.046357 0.011845 0.000010 0.766317
0.000031 0.000010 0.000010 0.328205 0.021224 0.000010 0.650500 0.000010
0.033134 0.015845 0.060257 0.030834 0.013372 0.033548 0.813001 0.000010
0.029678 0.000010 0.000010 0.130023 0.043319 0.000010 0.745503 0.051447
0.000010 0.000010 0.000010 0.000010 0.000010 0.000010 0.999930 0.000010
0.000010 0.000010 0.000010 0.000010 0.938498 0.061442 0.000010 0.000010
0.000010 0.231622 0.731718 0.000010 0.000010 0.036610 0.000010 0.000010
0.000010 0.000010 0.896113 0.000010 0.000010 0.000010 0.103827 0.000010
0.076875 0.012189 0.000010 0.000010 0.566505 0.134936 0.000010 0.209465
0.000010 0.000010 0.318962 0.000010 0.448341 0.052743 0.179220 0.000705
0.000010 0.350158 0.272495 0.009872 0.154920 0.212524 0.000010 0.000010
0.000010 0.000010 0.000010 0.204016 0.029900 0.004449 0.761595 0.000010
0.000010 0.000010 0.010677 0.275183 0.000010 0.000010 0.693098 0.021001
0.000010 0.176199 0.132533 0.000010 0.249611 0.393129 0.015510 0.032998
0.000010 0.085190 0.193560 0.235190 0.000010 0.156005 0.330024 0.000010
0.000010 0.000010 0.000010 0.077811 0.063931 0.000010 0.792770 0.065448
0.000010 0.000011 0.000010 0.000010 0.000010 0.079307 0.920632 0.000010
0.000010 0.000010 0.000010 0.000010 0.051541 0.000010 0.948399 0.000010
0.007988 0.045707 0.015435 0.204873 0.004030 0.000010 0.609293 0.112664
0.000010 0.393614 0.290926 0.000010 0.000010 0.233233 0.060034 0.022164
0.000010 0.000010 0.999930 0.000010 0.000010 0.000010 0.000010 0.000010
0.000010 0.000010 0.096775 0.000010 0.059677 0.028072 0.815435 0.000010
0.000010 0.293494 0.600839 0.000010 0.051472 0.004633 0.026558 0.022985
0.023631 0.105277 0.443727 0.059105 0.065749 0.035324 0.033720 0.233467
0.000010 0.000010 0.226812 0.010004 0.590357 0.000010 0.172787 0.000010
0.000010 0.000010 0.000010 0.000010 0.007138 0.000010 0.591990 0.400823
0.014474 0.126557 0.477203 0.000010 0.095690 0.000010 0.074206 0.211850
0.000010 0.052382 0.000010 0.000010 0.635900 0.072463 0.000010 0.239215
0.000010 0.085631 0.567966 0.000010 0.005806 0.159934 0.074376 0.106266
0.001080 0.000010 0.000010 0.368452 0.000010 0.000010 0.630418 0.000010
0.000010 0.000010 0.091589 0.130062 0.000010 0.000010 0.747540 0.030769
0.000010 0.000010 0.000010 0.000010 0.000010 0.000010 0.999930 0.000010
0.000010 0.000010 0.000010 0.025021 0.075311 0.000010 0.899618 0.000010
0.000010 0.015720 0.192618 0.053300 0.119479 0.436118 0.000010 0.182745
0.000010 0.221094 0.166984 0.000010 0.000010 0.150500 0.000010 0.461382
0.000010 0.329542 0.303441 0.000010 0.009421 0.357555 0.000010 0.000010
0.022399 0.242446 0.417881 0.000010 0.000010 0.210398 0.106846 0.000010
0.000010 0.484627 0.342052 0.000010 0.000010 0.173271 0.000010 0.000010
0.000010 0.000010 0.696083 0.000010 0.000010 0.000010 0.000010 0.303857
0.000010 0.260079 0.243275 0.022324 0.264503 0.130006 0.079793 0.000010
0.000010 0.067469 0.305120 0.074170 0.286816 0.195166 0.000010 0.071239
0.000010 0.000010 0.720989 0.000010 0.000010 0.000010 0.000010 0.278951
0.000010 0.000010 0.000010 0.000010 0.737022 0.000010 0.000010 0.262918
0.000010 0.000010 0.867019 0.000010 0.026278 0.034395 0.072267 0.000010
0.000010 0.122829 0.000010 0.263153 0.064876 0.000010 0.484341 0.064771
0.000010 0.000010 0.018593 0.327182 0.000010 0.000010 0.654175 0.000010
0.043197 0.006851 0.000010 0.407252 0.020181 0.034762 0.469677 0.018070
0.020036 0.342337 0.564718 0.072868 0.000010 0.000010 0.000010 0.000010
0.000010 0.000010 0.000010 0.124332 0.042985 0.000010 0.832633 0.000010
0.000010 0.000010 0.049912 0.223088 0.000010 0.000010 0.726950 0.000010
0.000010 0.181535 0.818071 0.000344 0.000010 0.000010 0.000010 0.000010
0.000010 0.794878 0.046295 0.017268 0.000010 0.126963 0.000010 0.014567
0.044486 0.603507 0.183061 0.000010 0.000010 0.142889 0.026027 0.000010
0.000010 0.845291 0.035260 0.000010 0.000010 0.119399 0.000010 0.000010
0.114890 0.040860 0.000010 0.114728 0.359179 0.074880 0.000010 0.295443
0.000010 0.013693 0.284360 0.124571 0.123829 0.052300 0.328741 0.072496
0.000010 0.000010 0.000010 0.101671 0.000010 0.000010 0.898269 0.000010
0.092949 0.000010 0.000010 0.011050 0.571390 0.000010 0.000010 0.324571
0.031900 0.167315 0.067219 0.000010 0.355769 0.000010 0.000010 0.377767
0.033345 0.000010 0.000010 0.523602 0.000010 0.000010 0.443002 0.000010
0.003838 0.000010 0.000010 0.526850 0.033965 0.000010 0.419181 0.016136
0.000010 0.000010 0.009047 0.376395 0.000010 0.000010 0.614508 0.000010
0.000010 0.000010 0.003091 0.000010 0.000010 0.000010 0.948497 0.048362
0.000010 0.000010 0.000010 0.471878 0.042764 0.000010 0.439571 0.045747
0.000010 0.000010 0.000010 0.479016 0.000010 0.016239 0.504695 0.000010
0.000010 0.629987 0.122635 0.000010 0.000015 0.247323 0.000010 0.000010
0.000010 0.000010 0.154544 0.000010 0.000010 0.016532 0.828874 0.000010
0.000010 0.676152 0.106921 0.000010 0.000010 0.201410 0.015477 0.000010
0.000010 0.450184 0.000010 0.517577 0.000010 0.000010 0.000010 0.032188
0.000010 0.833601 0.000010 0.055939 0.000010 0.110410 0.000010 0.000010
0.000010 0.000010 0.000010 0.541733 0.000010 0.000010 0.458207 0.000010
0.000010 0.999930 0.000010 0.000010 0.000010 0.000010 0.000010 0.000010
0.052741 0.559313 0.037935 0.041667 0.000010 0.308314 0.000010 0.000010
0.000010 0.000010 0.916376 0.000010 0.000010 0.000010 0.083564 0.000010
0.000010 0.091713 0.649024 0.192241 0.000010 0.000010 0.000010 0.066982
0.000010 0.248936 0.211004 0.000010 0.000010 0.540010 0.000010 0.000010
0.025129 0.000010 0.002159 0.404936 0.000010 0.000010 0.507459 0.060287
0.000010 0.000010 0.000010 0.000010 0.000010 0.000010 0.999930 0.000010
0.000010 0.000010 0.075406 0.000010 0.008929 0.000010 0.915615 0.000010
0.000010 0.039008 0.000010 0.000010 0.000010 0.000010 0.960932 0.000010
0.000010 0.000010 0.089323 0.521416 0.000010 0.041837 0.346860 0.000534
0.000010 0.000010 0.000010 0.247853 0.133796 0.000010 0.618301 0.000010
0.000010 0.000010 0.000010 0.000010 0.000010 0.000010 0.999930 0.000010
0.000010 0.009443 0.000010 0.393366 0.000010 0.052508 0.544642 0.000010
0.000010 0.000010 0.009263 0.356117 0.067923 0.050079 0.516589 0.000010
0.000010 0.000010 0.000010 0.466541 0.080763 0.000010 0.452646 0.000010
0.000010 0.004523 0.000010 0.183069 0.012854 0.000010 0.799514 0.000010
0.000010 0.000010 0.000010 0.620900 0.021464 0.032535 0.325062 0.000010
0.000010 0.000010 0.082221 0.493799 0.083018 0.000010 0.340922 0.000010
0.007548 0.036740 0.000010 0.374640 0.000010 0.026267 0.554774 0.000010
0.000010 0.000011 0.532895 0.000010 0.000010 0.142959 0.000010 0.324095
0.061420 0.283211 0.502881 0.000010 0.000010 0.140973 0.000010 0.011485
0.000010 0.118173 0.000010 0.000010 0.000010 0.881767 0.000010 0.000010
0.000010 0.000010 0.000010 0.000010 0.000010 0.000010 0.623646 0.376294
0.011122 0.000010 0.009819 0.467411 0.000010 0.015378 0.496240 0.000010
0.044331 0.028472 0.000010 0.387018 0.000010 0.000010 0.540139 0.000010
0.026047 0.801804 0.000010 0.041786 0.000010 0.075785 0.054549 0.000010
0.000010 0.693267 0.103510 0.036431 0.007554 0.129513 0.000010 0.029706
0.000010 0.747161 0.000010 0.000010 0.000013 0.252776 0.000010 0.000010
0.000010 0.000010 0.137961 0.074749 0.000010 0.000010 0.542168 0.245083
0.000010 0.364084 0.473292 0.000010 0.000010 0.162575 0.000010 0.000010
0.000010 0.049419 0.855125 0.000010 0.000010 0.087829 0.007587 0.000010
0.000010 0.000010 0.635412 0.000010 0.000010 0.295252 0.069286 0.000010
0.024792 0.000010 0.000010 0.000010 0.000010 0.000682 0.928030 0.046455
0.188845 0.155689 0.238010 0.026552 0.205006 0.139036 0.046852 0.000010
0.021102 0.000010 0.000010 0.070757 0.000010 0.000010 0.908091 0.000010
0.016442 0.133800 0.374355 0.000010 0.135338 0.309744 0.030300 0.000010
0.000010 0.000010 0.000010 0.131236 0.074499 0.000010 0.768103 0.026123
0.000012 0.000010 0.000010 0.056742 0.000010 0.000010 0.943197 0.000010
0.000010 0.372970 0.288294 0.274762 0.000010 0.000010 0.000010 0.063934
0.112277 0.000010 0.496590 0.000010 0.091721 0.000010 0.000010 0.299372
0.000011 0.463120 0.204744 0.000010 0.124777 0.178456 0.000010 0.028871
0.000010 0.870462 0.000010 0.000010 0.129478 0.000010 0.000010 0.000010
0.000010 0.239114 0.000010 0.000010 0.000010 0.000010 0.000010 0.760826
0.000010 0.000010 0.731598 0.000010 0.000010 0.000010 0.002956 0.265396
0.001932 0.008969 0.967919 0.000010 0.000010 0.000010 0.000010 0.021140
0.000010 0.000010 0.000010 0.000010 0.020568 0.932706 0.000010 0.046676
0.000010 0.000010 0.224041 0.000010 0.462386 0.041675 0.069914 0.201955
0.183508 0.005527 0.007752 0.447940 0.049262 0.118037 0.169698 0.018276
0.000010 0.131291 0.606032 0.000010 0.145895 0.116741 0.000011 0.000010
0.020921 0.436155 0.084203 0.085339 0.045792 0.271038 0.052390 0.004162
0.047840 0.032076 0.016139 0.627545 0.018437 0.070093 0.179753 0.008116
0.008559 0.074838 0.053292 0.294878 0.113754 0.172120 0.017568 0.264991
0.044299 0.151578 0.786652 0.017431 0.000010 0.000010 0.000010 0.000010
0.000010 0.000010 0.112322 0.000010 0.755246 0.097226 0.000010 0.035165
0.000010 0.000010 0.000010 0.000010 0.000010 0.000010 0.975987 0.023953
0.000010 0.000010 0.000010 0.000010 0.088331 0.911609 0.000010 0.000010
0.112022 0.019034 0.586511 0.016642 0.044783 0.156088 0.064910 0.000010
0.000010 0.000010 0.899379 0.021217 0.000010 0.079354 0.000010 0.000010
0.000010 0.000010 0.909026 0.000010 0.034906 0.044242 0.011787 0.000010
0.000010 0.000010 0.000010 0.000010 0.676173 0.084144 0.000010 0.239632
0.000010 0.001642 0.720142 0.129030 0.079846 0.000010 0.000010 0.069310
0.000010 0.000010 0.001905 0.000010 0.000010 0.000010 0.266419 0.731626
0.024220 0.000010 0.570559 0.000010 0.075353 0.155469 0.058100 0.116278
0.000010 0.000010 0.246782 0.000010 0.000010 0.000010 0.654745 0.098424
0.000010 0.000010 0.109818 0.000010 0.000010 0.000010 0.791614 0.098518
0.006418 0.071572 0.757544 0.006824 0.001983 0.000010 0.155639 0.000010
0.000010 0.000010 0.003485 0.000010 0.000010 0.000010 0.319894 0.676571
0.018177 0.232463 0.549758 0.113175 0.000010 0.029259 0.048056 0.009103
0.006450 0.240409 0.540812 0.036855 0.000010 0.000010 0.009745 0.165710
0.000010 0.000010 0.081213 0.067765 0.372586 0.000010 0.000010 0.478396
0.000010 0.086794 0.157436 0.000010 0.472358 0.283372 0.000010 0.000010
0.079979 0.000010 0.243884 0.000010 0.374142 0.301955 0.000010 0.000010
0.022985 0.101974 0.064770 0.011647 0.506653 0.238556 0.004610 0.048804
0.000010 0.000010 0.425846 0.000010 0.000010 0.574094 0.000010 0.000010
0.000010 0.215639 0.022087 0.000010 0.561980 0.200254 0.000010 0.000010
0.000010 0.000010 0.533427 0.000011 0.000010 0.466503 0.000019 0.000010
0.000010 0.000010 0.628918 0.000010 0.000010 0.371022 0.000010 0.000010
0.034182 0.000011 0.592252 0.004412 0.000010 0.369107 0.000016 0.000010
0.000010 0.080403 0.880494 0.000010 0.000010 0.012775 0.000010 0.026288
0.018420 0.184696 0.540831 0.071787 0.000010 0.000010 0.128676 0.055571
0.000010 0.000010 0.565692 0.084842 0.000010 0.349416 0.000010 0.000010
0.008235 0.028178 0.000010 0.000010 0.852962 0.000010 0.110585 0.000010
0.020518 0.018984 0.885047 0.000010 0.000010 0.000010 0.000010 0.075410
0.000010 0.205102 0.559502 0.000010 0.000010 0.146996 0.088360 0.000010
0.040782 0.000010 0.752365 0.000010 0.103401 0.063261 0.040161 0.000010
0.000010 0.000010 0.000010 0.000010 0.000010 0.999930 0.000010 0.000010
0.000010 0.270318 0.608690 0.019045 0.000010 0.000010 0.101908 0.000010
0.000010 0.141471 0.655440 0.000010 0.032915 0.051062 0.119082 0.000010
0.102549 0.000010 0.573505 0.000010 0.088654 0.055945 0.179316 0.000010
0.000010 0.000010 0.908334 0.078283 0.000010 0.013333 0.000010 0.000010
0.031319 0.000010 0.762200 0.021949 0.063841 0.000010 0.120661 0.000010
0.000010 0.272934 0.497133 0.000010 0.061627 0.000010 0.076771 0.091505
0.000010 0.000010 0.001626 0.810778 0.187546 0.000010 0.000010 0.000010
0.000010 0.000010 0.931951 0.000010 0.000010 0.000010 0.067989 0.000010
0.000010 0.000010 0.638673 0.000010 0.046380 0.000010 0.025686 0.289220
0.057031 0.338027 0.602491 0.000010 0.002412 0.000010 0.000010 0.000010
0.000010 0.000010 0.262002 0.000010 0.243793 0.371197 0.000010 0.122969
0.000010 0.233616 0.630251 0.000010 0.000010 0.091466 0.044627 0.000010
0.000010 0.258024 0.572600 0.000010 0.103925 0.000010 0.000010 0.065411
0.000010 0.126978 0.596760 0.040539 0.000010 0.199922 0.000010 0.035770
0.000010 0.030319 0.055202 0.914428 0.000010 0.000010 0.000010 0.000010
0.000010 0.000010 0.081827 0.918113 0.000010 0.000010 0.000010 0.000010
0.000010 0.037927 0.000010 0.669885 0.000010 0.000010 0.181405 0.110743
0.050105 0.220516 0.159853 0.000010 0.013832 0.554873 0.000802 0.000010
0.000010 0.033382 0.342068 0.000010 0.071385 0.506979 0.000010 0.046156
0.000010 0.000010 0.999930 0.000010 0.000010 0.000010 0.000010 0.000010
0.026917 0.170603 0.314303 0.000010 0.081850 0.122303 0.000010 0.284004
0.000010 0.285959 0.480692 0.054024 0.096962 0.082333 0.000010 0.000010
0.000010 0.000010 0.000010 0.999930 0.000010 0.000010 0.000010 0.000010
0.000010 0.000010 0.110884 0.586946 0.113691 0.001600 0.186848 0.000010
0.043193 0.032143 0.000010 0.161621 0.000010 0.012078 0.699890 0.051056
0.004417 0.000010 0.009995 0.168931 0.000010 0.013338 0.783959 0.019341
0.102304 0.000010 0.275471 0.000010 0.208402 0.370857 0.000010 0.042936
0.014200 0.000010 0.000010 0.296655 0.060088 0.011096 0.604746 0.013196
0.041530 0.000010 0.134859 0.585231 0.066698 0.005735 0.165927 0.000010
0.000010 0.000010 0.413904 0.000010 0.066995 0.519051 0.000010 0.000010
0.000010 0.000010 0.031382 0.694587 0.000010 0.087729 0.070163 0.116110
0.000010 0.031688 0.877920 0.000010 0.000010 0.063562 0.026790 0.000010
0.000010 0.008904 0.000010 0.533554 0.098630 0.000010 0.252778 0.106103
0.069218 0.042265 0.309438 0.022446 0.321520 0.065254 0.132238 0.037620
0.000010 0.185124 0.652181 0.000010 0.000010 0.162645 0.000010 0.000010
0.000010 0.000010 0.000010 0.114690 0.096325 0.000010 0.788935 0.000010
0.000010 0.004505 0.357034 0.000010 0.512875 0.047110 0.000010 0.078445
0.032234 0.034975 0.034137 0.593243 0.005256 0.042036 0.258108 0.000010
0.000010 0.065445 0.593579 0.024050 0.212987 0.103908 0.000010 0.000010
0.017833 0.090334 0.617559 0.033105 0.079684 0.161464 0.000010 0.000010
0.000010 0.250392 0.436378 0.000010 0.014491 0.237226 0.061483 0.000010
0.000010 0.863550 0.000010 0.000010 0.000010 0.003362 0.133038 0.000010
0.000010 0.357302 0.306377 0.000010 0.000010 0.327643 0.008638 0.000010
0.053980 0.131002 0.272615 0.021155 0.058233 0.326253 0.000010 0.136751
0.000010 0.293965 0.384258 0.015808 0.083328 0.129215 0.093406 0.000010
0.000010 0.798673 0.043560 0.000010 0.011984 0.141627 0.000010 0.004127
0.000010 0.193865 0.597626 0.000010 0.081901 0.126568 0.000010 0.000010
0.000010 0.597975 0.000931 0.000010 0.000010 0.292276 0.091376 0.017413
0.000010 0.294738 0.502230 0.024795 0.000373 0.103073 0.074770 0.000010
0.000010 0.215899 0.432773 0.118153 0.000010 0.196212 0.000010 0.036933
0.000010 0.121677 0.035220 0.634223 0.000010 0.041194 0.122676 0.044991
0.000013 0.689942 0.000010 0.000010 0.000010 0.309995 0.000010 0.000010
0.000010 0.854606 0.004380 0.000010 0.000010 0.140964 0.000010 0.000010
0.000010 0.533476 0.133081 0.000010 0.000010 0.299644 0.033760 0.000010
0.007815 0.000010 0.000010 0.570834 0.158062 0.000010 0.190719 0.072540
0.000010 0.000025 0.062829 0.574949 0.000010 0.023059 0.202837 0.136282
0.000010 0.000010 0.151269 0.000010 0.814963 0.000010 0.000010 0.033718
