0.377148 0.000010 0.438057 0.000010 0.025345 0.023792 0.092677 0.000010 0.042951
0.000324 0.029070 0.153329 0.000010 0.000010 0.000010 0.000010 0.265606 0.551631
0.000010 0.000010 0.064707 0.000010 0.000010 0.000010 0.000010 0.935223 0.000010
0.017678 0.183867 0.041538 0.007916 0.014466 0.000010 0.043372 0.660894 0.030258
0.000010 0.290470 0.080307 0.000010 0.000010 0.000010 0.000010 0.598121 0.031053
0.000010 0.215808 0.016752 0.000010 0.000010 0.000010 0.000010 0.736860 0.030531
0.000010 0.086788 0.145273 0.000010 0.008558 0.000010 0.000010 0.759332 0.000010
0.000010 0.000010 0.011036 0.074465 0.046509 0.000010 0.000010 0.801383 0.066568
0.484103 0.094085 0.124522 0.063436 0.000010 0.015811 0.171370 0.000010 0.046654
0.000010 0.000010 0.097322 0.002965 0.037614 0.000010 0.000010 0.014245 0.847815
0.000010 0.000010 0.000010 0.999920 0.000010 0.000010 0.000010 0.000010 0.000010
0.127719 0.007751 0.010203 0.399934 0.000010 0.000010 0.000010 0.250526 0.203838
0.550021 0.000010 0.052606 0.397313 0.000010 0.000010 0.000010 0.000010 0.000010
0.549003 0.000010 0.000010 0.450927 0.000010 0.000010 0.000010 0.000010 0.000010
0.631279 0.000010 0.000010 0.368651 0.000010 0.000010 0.000010 0.000010 0.000010
0.000010 0.000010 0.255957 0.000010 0.000010 0.000010 0.000010 0.096645 0.647338
0.000010 0.087095 0.077255 0.000010 0.000010 0.000010 0.010625 0.824975 0.000010
0.640790 0.000010 0.134067 0.225083 0.000010 0.000010 0.000010 0.000010 0.000010
0.375536 0.055950 0.046205 0.000010 0.116223 0.050666 0.000010 0.355391 0.000010
0.226575 0.129432 0.032687 0.032621 0.274669 0.069843 0.199459 0.034703 0.000010
0.000010 0.140153 0.000010 0.033146 0.000010 0.002413 0.000010 0.824237 0.000010
0.000010 0.000010 0.000010 0.999920 0.000010 0.000010 0.000010 0.000010 0.000010
0.000010 0.000010 0.000010 0.999920 0.000010 0.000010 0.000010 0.000010 0.000010
0.000010 0.073033 0.164806 0.023307 0.000010 0.000010 0.033841 0.704973 0.000010
0.000010 0.000010 0.000010 0.999920 0.000010 0.000010 0.000010 0.000010 0.000010
0.003955 0.079073 0.132098 0.008730 0.000010 0.008726 0.000010 0.750523 0.016874
0.000010 0.087625 0.000010 0.003765 0.037021 0.000010 0.000010 0.829193 0.042356
0.000010 0.999920 0.000010 0.000010 0.000010 0.000010 0.000010 0.000010 0.000010
0.000010 0.066041 0.000010 0.027782 0.000010 0.000010 0.000010 0.855866 0.050261
0.000010 0.000010 0.000010 0.000010 0.000010 0.012695 0.000010 0.987235 0.000010
0.013335 0.112381 0.205926 0.000010 0.000684 0.000010 0.000010 0.638672 0.028972
0.000010 0.185332 0.000010 0.000010 0.000010 0.000010 0.000010 0.565849 0.248759
0.109405 0.000010 0.000010 0.000010 0.000010 0.008328 0.572136 0.141625 0.168466
0.000010 0.100429 0.000010 0.000010 0.000010 0.000010 0.017368 0.713965 0.168188
0.000010 0.000010 0.000010 0.000010 0.000010 0.000010 0.000010 0.999920 0.000010
0.270534 0.000010 0.000010 0.000010 0.157933 0.234323 0.160553 0.001276 0.175351
0.000010 0.919029 0.078848 0.000010 0.000010 0.000010 0.000010 0.002062 0.000010
0.000010 0.095418 0.053441 0.000010 0.000010 0.000010 0.000010 0.480902 0.370189
0.000010 0.017674 0.123468 0.026527 0.000010 0.000010 0.566868 0.265423 0.000010
0.040924 0.245556 0.000010 0.000010 0.000010 0.051448 0.000010 0.619111 0.042921
0.000010 0.200239 0.000010 0.000010 0.088268 0.092850 0.618592 0.000010 0.000010
0.000777 0.161905 0.094007 0.000010 0.000010 0.000010 0.000010 0.613670 0.129600
0.067225 0.131776 0.000010 0.000010 0.056918 0.000010 0.167169 0.000010 0.576872
0.000010 0.000010 0.000010 0.000010 0.000010 0.000010 0.000010 0.783899 0.216031
0.000010 0.139714 0.000010 0.000010 0.124617 0.088435 0.480948 0.107950 0.058306
0.544475 0.000010 0.000010 0.455455 0.000010 0.000010 0.000010 0.000010 0.000010
0.199095 0.000010 0.000010 0.800835 0.000010 0.000010 0.000010 0.000010 0.000010
0.000010 0.239738 0.169443 0.001995 0.000010 0.032616 0.000010 0.556168 0.000010
0.000010 0.000010 0.000010 0.999920 0.000010 0.000010 0.000010 0.000010 0.000010
0.000010 0.000010 0.000010 0.810318 0.000010 0.000010 0.189612 0.000010 0.000010
0.000010 0.000010 0.000010 0.999920 0.000010 0.000010 0.000010 0.000010 0.000010
0.000010 0.000010 0.000010 0.836659 0.000010 0.026754 0.132526 0.004010 0.000010
0.000010 0.000010 0.000010 0.999920 0.000010 0.000010 0.000010 0.000010 0.000010
0.234884 0.117822 0.647234 0.000010 0.000010 0.000010 0.000010 0.000010 0.000010
0.532359 0.130265 0.000010 0.303214 0.000010 0.000010 0.034112 0.000010 0.000010
0.315041 0.000010 0.000010 0.684889 0.000010 0.000010 0.000010 0.000010 0.000010
0.250473 0.000010 0.047382 0.702085 0.000010 0.000010 0.000010 0.000010 0.000010
0.211045 0.000010 0.000010 0.000010 0.184227 0.242531 0.000010 0.000010 0.362147
0.000010 0.276311 0.000010 0.000010 0.000010 0.000010 0.000010 0.707467 0.016162
0.000010 0.000010 0.000010 0.106874 0.146331 0.398429 0.000010 0.000010 0.348316
0.000010 0.000010 0.000010 0.999920 0.000010 0.000010 0.000010 0.000010 0.000010
0.505835 0.053846 0.000010 0.411348 0.000010 0.000010 0.028921 0.000010 0.000010
0.581311 0.000010 0.057999 0.317031 0.000010 0.043608 0.000010 0.000010 0.000010
0.000010 0.208591 0.000010 0.000010 0.000010 0.030750 0.000010 0.000010 0.760600
0.054380 0.067883 0.000010 0.877677 0.000010 0.000010 0.000010 0.000010 0.000010
0.000010 0.222882 0.075700 0.000010 0.000010 0.022375 0.000010 0.000010 0.678993
0.970560 0.000010 0.000010 0.000010 0.000010 0.000010 0.000010 0.000010 0.029370
0.357075 0.000010 0.000010 0.021860 0.000010 0.000010 0.621005 0.000010 0.000010
0.620252 0.000010 0.000010 0.303272 0.000010 0.000010 0.051252 0.025174 0.000010
0.000010 0.150035 0.000010 0.060549 0.051436 0.000010 0.146728 0.053807 0.537415
0.000010 0.059224 0.000010 0.000010 0.000010 0.040806 0.000010 0.454047 0.445873
0.000010 0.247345 0.015280 0.023316 0.000010 0.000010 0.353083 0.009314 0.351631
0.214503 0.027024 0.190362 0.021588 0.000010 0.000010 0.182735 0.056538 0.307231
0.069190 0.050405 0.222798 0.000010 0.000010 0.000010 0.393293 0.090294 0.173989
0.102529 0.246265 0.000010 0.101436 0.109148 0.242875 0.197716 0.000010 0.000010
0.000010 0.062458 0.000010 0.000010 0.000010 0.000010 0.057151 0.867760 0.012581
0.000010 0.348638 0.000010 0.000010 0.000010 0.000010 0.032403 0.618899 0.000010
0.000010 0.378028 0.085327 0.000010 0.000010 0.000010 0.000010 0.000010 0.536585
0.000010 0.340279 0.000010 0.036914 0.000010 0.000010 0.000010 0.000010 0.622747
0.788268 0.000010 0.000010 0.054617 0.000010 0.073143 0.083922 0.000010 0.000010
0.062361 0.422413 0.229827 0.012352 0.000010 0.052386 0.000010 0.220631 0.000010
0.627204 0.075878 0.037112 0.122244 0.000010 0.020579 0.047708 0.000010 0.069255
0.000010 0.000010 0.041283 0.000010 0.000010 0.012590 0.027881 0.353885 0.564322
0.972865 0.000010 0.000010 0.000010 0.000010 0.027065 0.000010 0.000010 0.000010
0.618529 0.027589 0.094554 0.057612 0.013357 0.039479 0.055668 0.000010 0.093203
0.000010 0.386952 0.131160 0.000010 0.000010 0.015771 0.166860 0.299217 0.000010
0.000010 0.000010 0.000010 0.000010 0.000010 0.085451 0.914479 0.000010 0.000010
0.594186 0.013123 0.018551 0.133241 0.023171 0.029749 0.107099 0.015833 0.065047
0.845006 0.000010 0.000010 0.044745 0.000010 0.110189 0.000010 0.000010 0.000010
0.000010 0.000010 0.102249 0.000010 0.000010 0.000010 0.897681 0.000010 0.000010
0.000010 0.158463 0.174519 0.000010 0.000010 0.022880 0.529153 0.023911 0.091044
0.000010 0.000010 0.260661 0.000010 0.000010 0.000010 0.709723 0.000010 0.029555
0.000010 0.000010 0.481663 0.000010 0.478305 0.039972 0.000010 0.000010 0.000010
0.000010 0.289972 0.000010 0.019403 0.000010 0.081671 0.000154 0.000010 0.608760
0.087099 0.177921 0.259843 0.000010 0.009014 0.003062 0.093927 0.369115 0.000010
0.000010 0.108829 0.015617 0.000010 0.000010 0.024358 0.325755 0.148085 0.377326
0.014880 0.050827 0.120062 0.000010 0.000010 0.000010 0.056313 0.235254 0.522633
0.000010 0.230843 0.326663 0.000010 0.245395 0.008090 0.100502 0.088476 0.000010
0.491356 0.012579 0.049930 0.112566 0.078300 0.034205 0.170208 0.000010 0.050846
0.000010 0.008333 0.000010 0.025704 0.000010 0.043342 0.000010 0.794186 0.128396
0.000010 0.315564 0.000010 0.000010 0.000010 0.000010 0.017290 0.667086 0.000010
0.000010 0.008754 0.026404 0.000010 0.021120 0.100952 0.054972 0.787768 0.000010
0.005585 0.169122 0.051058 0.000010 0.000010 0.007710 0.000010 0.766486 0.000010
0.055444 0.040359 0.000010 0.000010 0.019747 0.000010 0.000010 0.815116 0.069294
0.000010 0.313582 0.000010 0.000010 0.000010 0.000010 0.000010 0.686348 0.000010
0.000010 0.095623 0.030767 0.000010 0.044812 0.000010 0.000010 0.828748 0.000010
0.000010 0.103332 0.056507 0.013543 0.000010 0.000010 0.071751 0.000010 0.754826
0.295964 0.000010 0.000010 0.703966 0.000010 0.000010 0.000010 0.000010 0.000010
0.045898 0.241236 0.063610 0.023584 0.010024 0.055572 0.509741 0.005244 0.045092
0.214393 0.000010 0.000010 0.000010 0.328772 0.385521 0.000010 0.000010 0.071263
0.000010 0.000010 0.000010 0.999916 0.000010 0.000010 0.000014 0.000010 0.000010
0.000010 0.000010 0.000010 0.902707 0.000010 0.000010 0.097223 0.000010 0.000010
0.000010 0.000010 0.000010 0.999920 0.000010 0.000010 0.000010 0.000010 0.000010
0.464498 0.142580 0.015188 0.180261 0.000010 0.000010 0.197433 0.000010 0.000010
0.609627 0.000010 0.000010 0.277350 0.000010 0.104605 0.000010 0.008368 0.000010
0.000010 0.350510 0.000010 0.111650 0.079818 0.000010 0.000010 0.000010 0.457972
0.000010 0.000010 0.350126 0.000010 0.606471 0.043343 0.000010 0.000010 0.000010
0.000010 0.212034 0.000010 0.000010 0.050942 0.006933 0.000010 0.000010 0.730041
0.000010 0.000010 0.000010 0.999920 0.000010 0.000010 0.000010 0.000010 0.000010
0.000010 0.000010 0.383455 0.000010 0.603830 0.012655 0.000010 0.000010 0.000010
0.000010 0.049177 0.035300 0.000010 0.057391 0.000010 0.011166 0.787918 0.059018
0.035669 0.000010 0.395260 0.000010 0.485544 0.000010 0.083477 0.000010 0.000010
0.098700 0.032465 0.000010 0.000010 0.000010 0.010829 0.857957 0.000010 0.000010
0.000010 0.062884 0.000010 0.000010 0.429572 0.118400 0.280612 0.108493 0.000010
0.008538 0.192265 0.041508 0.000010 0.000010 0.000010 0.757638 0.000010 0.000010
0.000010 0.058187 0.000010 0.127976 0.089103 0.000010 0.101857 0.000010 0.622836
0.011923 0.593530 0.000010 0.040412 0.000010 0.002798 0.083461 0.016996 0.250859
0.136994 0.146289 0.000010 0.000010 0.000010 0.000010 0.065002 0.240367 0.411307
0.000010 0.425461 0.000010 0.000010 0.000010 0.000010 0.006536 0.092110 0.475844
0.460055 0.100411 0.000010 0.101396 0.046131 0.000010 0.000010 0.215361 0.076617
0.000010 0.380976 0.000010 0.000010 0.000010 0.000010 0.000010 0.000010 0.618954
0.079879 0.138249 0.000010 0.017569 0.031217 0.000010 0.000010 0.283216 0.449840
0.000010 0.115916 0.048629 0.015368 0.000010 0.000010 0.070291 0.000010 0.749756
0.000010 0.143009 0.198126 0.018250 0.331254 0.061543 0.000010 0.232815 0.014983
0.000010 0.584787 0.172534 0.000010 0.000010 0.039429 0.046518 0.059105 0.097597
0.120934 0.179025 0.000010 0.063803 0.079182 0.130333 0.426694 0.000010 0.000010
0.000010 0.148445 0.015230 0.010068 0.014339 0.047469 0.309515 0.000010 0.454914
0.695053 0.021822 0.065475 0.000010 0.093396 0.035662 0.062116 0.000010 0.026456
0.000010 0.000010 0.000010 0.000010 0.000010 0.000010 0.999920 0.000010 0.000010
0.000010 0.186922 0.184865 0.000010 0.000010 0.061716 0.391678 0.174295 0.000494
0.010094 0.098987 0.147563 0.000010 0.000010 0.000010 0.000010 0.650143 0.093172
0.000010 0.075812 0.000010 0.000010 0.000010 0.000010 0.000010 0.924118 0.000010
0.582452 0.000010 0.000010 0.000010 0.123041 0.256947 0.000010 0.000010 0.037510
0.000010 0.000010 0.075568 0.000010 0.907479 0.016894 0.000010 0.000010 0.000010
0.657248 0.000010 0.000010 0.000010 0.112296 0.220932 0.000010 0.009474 0.000010
0.020568 0.204224 0.025940 0.011241 0.000010 0.116881 0.621116 0.000010 0.000010
0.062485 0.128809 0.000010 0.000010 0.438859 0.145898 0.147765 0.000010 0.076154
0.000010 0.000010 0.827409 0.000010 0.000010 0.172521 0.000010 0.000010 0.000010
0.018009 0.000010 0.050724 0.000010 0.844239 0.000010 0.000010 0.033618 0.053369
0.000010 0.000010 0.611582 0.000010 0.000010 0.098066 0.000010 0.000010 0.290293
0.051669 0.044475 0.401006 0.000010 0.268561 0.016519 0.167006 0.030146 0.020606
0.000010 0.000010 0.000010 0.000010 0.878033 0.000010 0.000010 0.000010 0.121897
0.000010 0.220422 0.142181 0.000010 0.000010 0.009373 0.026607 0.601378 0.000010
0.014396 0.193520 0.149588 0.000010 0.000010 0.000010 0.000010 0.113220 0.529236
0.205661 0.308497 0.000010 0.000010 0.000010 0.018790 0.000010 0.007123 0.459890
0.000010 0.133617 0.054464 0.005683 0.000010 0.000010 0.000010 0.743474 0.062721
0.012303 0.348180 0.000010 0.076936 0.000010 0.000010 0.307563 0.000010 0.254978
0.000010 0.125691 0.231980 0.000010 0.097331 0.000010 0.000010 0.544948 0.000010
0.000010 0.100263 0.075738 0.000010 0.000010 0.011850 0.000010 0.704781 0.107328
0.000010 0.000010 0.000010 0.000010 0.000010 0.000010 0.000010 0.000010 0.999920
0.000010 0.000010 0.000010 0.000010 0.999920 0.000010 0.000010 0.000010 0.000010
0.000010 0.000010 0.000010 0.000010 0.000010 0.017320 0.379986 0.000010 0.602634
0.000010 0.000010 0.000010 0.010883 0.989047 0.000010 0.000010 0.000010 0.000010
0.000010 0.000010 0.000010 0.000010 0.999920 0.000010 0.000010 0.000010 0.000010
0.000010 0.000010 0.000010 0.010182 0.989748 0.000010 0.000010 0.000010 0.000010
0.000010 0.025411 0.000010 0.053281 0.034698 0.000010 0.458885 0.189439 0.238257
0.000010 0.158926 0.058525 0.045778 0.000010 0.000010 0.000010 0.652277 0.084454
0.000010 0.112377 0.153777 0.000010 0.000010 0.052281 0.000010 0.681515 0.000010
0.000010 0.000010 0.000010 0.000010 0.014806 0.050770 0.000010 0.826601 0.107773
0.106426 0.077722 0.000010 0.179713 0.022107 0.015885 0.391575 0.106309 0.100252
0.077980 0.015199 0.000010 0.073113 0.132666 0.073309 0.427961 0.199752 0.000010
0.284860 0.000010 0.067025 0.000010 0.039792 0.194870 0.413413 0.000010 0.000010
0.152547 0.000010 0.000010 0.088496 0.218063 0.054154 0.475157 0.011552 0.000010
0.171988 0.000010 0.128107 0.000010 0.007755 0.062893 0.629218 0.000010 0.000010
0.030665 0.000010 0.235989 0.100705 0.000010 0.077197 0.555404 0.000010 0.000010
0.151524 0.119585 0.060084 0.039220 0.000010 0.000010 0.068684 0.289306 0.271579
0.000010 0.093295 0.094485 0.000010 0.009696 0.000010 0.000010 0.729432 0.073052
0.000010 0.031764 0.000010 0.059969 0.000010 0.038896 0.782679 0.000010 0.086653
0.000010 0.000010 0.142282 0.000010 0.164194 0.121029 0.027944 0.000010 0.544510
0.000010 0.087122 0.000010 0.079617 0.000010 0.000010 0.543672 0.180542 0.109007
0.240606 0.000010 0.098932 0.006899 0.006009 0.079706 0.567817 0.000010 0.000010
0.000010 0.000010 0.197051 0.000010 0.000010 0.000010 0.000010 0.161305 0.641584
0.000010 0.252789 0.028156 0.000010 0.010562 0.000010 0.000010 0.682846 0.025608
0.000010 0.135357 0.082279 0.000010 0.003748 0.000010 0.007790 0.770785 0.000010
0.007134 0.028470 0.000010 0.000010 0.027774 0.000010 0.030401 0.653089 0.253102
0.000010 0.108804 0.420721 0.075699 0.000010 0.001410 0.000010 0.312174 0.081162
0.000010 0.000010 0.063470 0.059516 0.000010 0.000010 0.000010 0.876954 0.000010
0.000010 0.085989 0.181616 0.000010 0.000010 0.018646 0.000010 0.713699 0.000010
0.655819 0.063656 0.000010 0.253427 0.000010 0.000010 0.027048 0.000010 0.000010
0.000010 0.600533 0.076229 0.000010 0.000010 0.000010 0.000010 0.030102 0.293086
0.000010 0.000010 0.291883 0.000010 0.000010 0.013362 0.000010 0.694695 0.000010
0.507382 0.038303 0.176142 0.242207 0.012982 0.000010 0.000010 0.022953 0.000010
0.131215 0.108024 0.420231 0.000010 0.000010 0.001901 0.000010 0.239851 0.098747
0.760820 0.000010 0.000010 0.086444 0.000010 0.047577 0.105109 0.000010 0.000010
0.843144 0.015017 0.000010 0.073425 0.000010 0.000010 0.000010 0.068364 0.000010
0.824150 0.098344 0.000010 0.000010 0.000010 0.014833 0.062622 0.000010 0.000010
0.000010 0.838666 0.000010 0.000010 0.000010 0.000010 0.000010 0.000010 0.161264
0.816172 0.076331 0.000010 0.048322 0.000010 0.000010 0.059125 0.000010 0.000010
0.194575 0.000010 0.000010 0.071388 0.056974 0.000010 0.677013 0.000010 0.000010
0.000010 0.000010 0.012497 0.000010 0.987433 0.000010 0.000010 0.000010 0.000010
0.000010 0.010671 0.000010 0.000010 0.000010 0.027189 0.000010 0.070153 0.891937
0.068447 0.398242 0.000010 0.027041 0.000010 0.017043 0.000010 0.054468 0.434728
0.656597 0.000010 0.000010 0.000010 0.030980 0.172708 0.124548 0.015128 0.000010
0.000010 0.032058 0.000010 0.000010 0.024796 0.023652 0.000010 0.399280 0.520174
0.713184 0.000010 0.000010 0.063347 0.000010 0.022658 0.124252 0.025138 0.051390
0.000010 0.000010 0.264884 0.027631 0.538189 0.000010 0.066932 0.102324 0.000010
0.000010 0.210434 0.000010 0.000010 0.000010 0.000010 0.000010 0.444756 0.344749
0.000010 0.274257 0.000010 0.019922 0.000010 0.029093 0.000010 0.242565 0.434123
0.000010 0.358510 0.000010 0.003821 0.000010 0.000010 0.048402 0.104627 0.484599
0.000010 0.112714 0.232318 0.000010 0.000010 0.000010 0.015232 0.425917 0.213779
0.000010 0.000010 0.134317 0.059680 0.163552 0.000010 0.000010 0.000010 0.642400
0.115834 0.000010 0.000010 0.000010 0.017230 0.049824 0.307465 0.070923 0.438696
0.256536 0.016477 0.061615 0.000010 0.184613 0.076779 0.403950 0.000010 0.000010
0.000010 0.057773 0.106082 0.000010 0.031063 0.000010 0.000010 0.805032 0.000010
0.000010 0.497279 0.000010 0.000010 0.000010 0.000010 0.048497 0.000010 0.454164
0.000010 0.295901 0.173131 0.000010 0.000010 0.014040 0.000010 0.000010 0.516878
0.000010 0.280388 0.000010 0.064417 0.000010 0.000010 0.053675 0.000010 0.601470
0.000010 0.180529 0.000010 0.000010 0.000010 0.010989 0.644466 0.163966 0.000010
0.138708 0.000010 0.575587 0.000010 0.000010 0.000010 0.252221 0.004113 0.029332
0.061770 0.261134 0.000010 0.000010 0.014179 0.052103 0.610774 0.000010 0.000010
0.000010 0.000010 0.707993 0.084375 0.000010 0.000010 0.000010 0.099711 0.107871
0.014712 0.039393 0.890027 0.055817 0.000010 0.000010 0.000010 0.000010 0.000010
0.035876 0.058155 0.905908 0.000010 0.000010 0.000010 0.000010 0.000010 0.000010
0.000010 0.093889 0.218550 0.001761 0.000010 0.000010 0.357015 0.008937 0.319818
0.140476 0.039998 0.755006 0.000010 0.005778 0.058701 0.000010 0.000010 0.000010
0.000010 0.644033 0.000010 0.000010 0.013237 0.010572 0.000010 0.000010 0.332108
0.000010 0.014319 0.069518 0.000010 0.000010 0.000010 0.000010 0.379540 0.536573
0.000010 0.428282 0.000010 0.014357 0.000010 0.025410 0.033859 0.154298 0.343764
0.267210 0.373828 0.000010 0.000010 0.000010 0.000010 0.163233 0.000010 0.195680
0.000010 0.000010 0.190265 0.026723 0.000010 0.000010 0.782952 0.000010 0.000010
0.000010 0.000010 0.000010 0.000010 0.000010 0.999920 0.000010 0.000010 0.000010
0.789956 0.012381 0.197603 0.000010 0.000010 0.000010 0.000010 0.000010 0.000010
0.000010 0.000010 0.000010 0.000010 0.000010 0.999920 0.000010 0.000010 0.000010
0.000010 0.000912 0.147981 0.000010 0.000010 0.010587 0.074180 0.321073 0.445237
0.737592 0.000583 0.000010 0.147932 0.036070 0.077782 0.000010 0.000010 0.000010
0.000010 0.065329 0.164781 0.000010 0.000010 0.021710 0.043884 0.234754 0.469512
0.000010 0.000010 0.138608 0.000010 0.071621 0.000010 0.000010 0.019492 0.770229
0.000010 0.000010 0.174463 0.000010 0.013861 0.002012 0.000010 0.033556 0.776069
0.000010 0.140730 0.237960 0.000010 0.000010 0.024778 0.000010 0.391180 0.205313
0.000010 0.723446 0.000010 0.000010 0.007539 0.000010 0.000010 0.070866 0.198100
0.000010 0.000010 0.000010 0.000171 0.792058 0.014243 0.100322 0.000010 0.093165
0.000010 0.000010 0.000010 0.059084 0.881185 0.006269 0.000010 0.053412 0.000010
0.000010 0.160063 0.000010 0.083894 0.000010 0.034256 0.316631 0.304575 0.100551
0.000010 0.026767 0.000010 0.031295 0.937087 0.004801 0.000010 0.000010 0.000010
0.119904 0.000010 0.000010 0.008351 0.834062 0.000010 0.000010 0.000010 0.037633
0.102485 0.000010 0.093625 0.000010 0.526961 0.024723 0.032233 0.177167 0.042785
0.805763 0.000010 0.000010 0.000010 0.000010 0.000010 0.053882 0.127707 0.012598
0.000010 0.000010 0.000010 0.000010 0.813792 0.020725 0.058456 0.033161 0.073826
0.013534 0.019312 0.000010 0.034919 0.819867 0.000010 0.019515 0.000010 0.092823
0.066380 0.000010 0.000010 0.019272 0.826347 0.014759 0.049745 0.015122 0.008355
0.000010 0.000010 0.012864 0.000010 0.969055 0.018021 0.000010 0.000010 0.000010
0.000010 0.061276 0.000010 0.000010 0.000010 0.020393 0.918271 0.000010 0.000010
0.000010 0.009481 0.000010 0.000010 0.000010 0.000010 0.000010 0.259554 0.730905
0.000010 0.000010 0.024903 0.000010 0.000010 0.037666 0.000010 0.120144 0.817236
0.150460 0.134700 0.050873 0.074552 0.000010 0.065811 0.523572 0.000010 0.000010
0.014730 0.029772 0.036985 0.000010 0.090220 0.091926 0.406925 0.000010 0.329421
0.000010 0.193399 0.030934 0.000010 0.000010 0.000010 0.156295 0.340527 0.278805
0.000010 0.000010 0.004241 0.000010 0.846506 0.066268 0.027021 0.031331 0.024603
0.000010 0.000010 0.132717 0.000010 0.753919 0.113304 0.000010 0.000010 0.000010
0.014591 0.378629 0.000010 0.006462 0.000010 0.059431 0.218584 0.112407 0.209876
0.000010 0.167825 0.144104 0.000010 0.428132 0.048315 0.000010 0.075150 0.136443
0.083642 0.000010 0.000010 0.000010 0.846929 0.000010 0.069107 0.000010 0.000271
0.000010 0.072219 0.000010 0.000010 0.892338 0.035383 0.000010 0.000010 0.000010
0.000010 0.000010 0.168564 0.000010 0.831366 0.000010 0.000010 0.000010 0.000010
0.114809 0.000010 0.117547 0.017983 0.695609 0.022891 0.000010 0.031132 0.000010
0.000010 0.225715 0.000010 0.000010 0.040653 0.026741 0.000010 0.414764 0.292086
0.000010 0.000010 0.293154 0.000010 0.000010 0.000010 0.000010 0.000010 0.706776
0.000010 0.018718 0.000010 0.000010 0.744198 0.058334 0.056015 0.000010 0.122694
0.000010 0.000010 0.047061 0.000010 0.000010 0.064624 0.036973 0.316987 0.534316
0.117708 0.024942 0.698124 0.055432 0.074977 0.000010 0.028786 0.000010 0.000010
0.000010 0.000010 0.000010 0.000010 0.143324 0.017585 0.585378 0.000010 0.253663
0.000010 0.000010 0.000010 0.000010 0.000010 0.999920 0.000010 0.000010 0.000010
0.096368 0.000010 0.807711 0.010293 0.053679 0.000010 0.031910 0.000010 0.000010
0.233747 0.058745 0.052896 0.000010 0.000010 0.023191 0.618686 0.012705 0.000010
0.042850 0.165642 0.467538 0.000010 0.052678 0.032489 0.000010 0.001334 0.237448
0.000010 0.000010 0.000010 0.002947 0.862347 0.000010 0.046557 0.000010 0.088099
0.060484 0.000010 0.000010 0.000010 0.759587 0.027612 0.000010 0.000010 0.152267
0.017253 0.000010 0.000010 0.000010 0.982677 0.000010 0.000010 0.000010 0.000010
0.000010 0.000010 0.055049 0.008220 0.804304 0.102788 0.029599 0.000010 0.000010
0.154190 0.417676 0.000345 0.000010 0.000010 0.061053 0.114988 0.030900 0.220828
0.442388 0.140703 0.103077 0.000010 0.000010 0.000010 0.000010 0.211987 0.101805
0.000010 0.361906 0.240580 0.000010 0.000010 0.000010 0.019404 0.245287 0.132784
0.000010 0.198734 0.401533 0.000010 0.054712 0.048726 0.000010 0.109574 0.186690
0.000010 0.158437 0.350279 0.000010 0.000010 0.003929 0.000010 0.406326 0.080989
0.100093 0.000010 0.876501 0.000010 0.000010 0.023346 0.000010 0.000010 0.000010
0.000010 0.122848 0.001008 0.000010 0.025661 0.058966 0.260769 0.247068 0.283660
0.000010 0.226991 0.487641 0.000010 0.000010 0.006049 0.266262 0.000010 0.013016
0.085838 0.000010 0.914092 0.000010 0.000010 0.000010 0.000010 0.000010 0.000010
0.256773 0.000010 0.000010 0.000010 0.000010 0.000010 0.743157 0.000010 0.000010
0.000010 0.004701 0.035003 0.000010 0.000010 0.000010 0.089270 0.071791 0.799196
0.057419 0.000010 0.008089 0.000010 0.657334 0.010308 0.099054 0.167767 0.000010
0.000010 0.000010 0.157911 0.000010 0.842019 0.000010 0.000010 0.000010 0.000010
0.032826 0.044134 0.093558 0.026849 0.688985 0.000701 0.069276 0.043662 0.000010
0.000010 0.000010 0.595243 0.000010 0.000010 0.000010 0.000010 0.325326 0.079371
0.000010 0.000010 0.060678 0.000010 0.805936 0.098781 0.034555 0.000010 0.000010
0.000010 0.000010 0.059634 0.000010 0.848029 0.000010 0.017843 0.000010 0.074445
0.000010 0.000010 0.357799 0.000010 0.000010 0.000010 0.000010 0.155513 0.486628
0.013021 0.149710 0.000010 0.000010 0.000010 0.009865 0.000112 0.746801 0.080460
0.020792 0.146885 0.000010 0.034900 0.006675 0.000010 0.000010 0.553802 0.236917
0.000010 0.129281 0.141368 0.000010 0.000010 0.000010 0.000010 0.729291 0.000010
0.402777 0.044963 0.000010 0.049880 0.043249 0.000010 0.380430 0.078671 0.000010
0.000010 0.070631 0.403667 0.000010 0.366133 0.052566 0.098864 0.000010 0.008109
0.000010 0.000010 0.000010 0.000010 0.948008 0.000010 0.000010 0.000010 0.051922
0.392895 0.000010 0.000010 0.047881 0.000010 0.000010 0.559164 0.000010 0.000010
0.436658 0.005939 0.000010 0.000010 0.000010 0.000010 0.332470 0.150468 0.074425
0.000010 0.000010 0.097197 0.048138 0.773276 0.031652 0.049696 0.000010 0.000010
0.043911 0.010587 0.000010 0.000010 0.740221 0.014560 0.064889 0.074597 0.051215
0.021219 0.000010 0.000010 0.000010 0.856056 0.000010 0.000010 0.000010 0.122666
0.052065 0.000010 0.000010 0.000010 0.898644 0.026681 0.000010 0.000010 0.022560
0.084021 0.000010 0.000010 0.000010 0.711090 0.000010 0.076977 0.086356 0.041516
0.000010 0.040803 0.121121 0.000010 0.720918 0.079221 0.037896 0.000010 0.000010
0.000010 0.225595 0.000010 0.000010 0.000010 0.000010 0.000010 0.614168 0.160177
0.000010 0.004864 0.000010 0.000010 0.771195 0.000010 0.000010 0.000010 0.223881
0.000010 0.180980 0.000010 0.000010 0.000010 0.047548 0.000010 0.627570 0.143852
0.000010 0.000010 0.132841 0.000010 0.168536 0.166568 0.000010 0.532005 0.000010
0.000010 0.134945 0.048675 0.003687 0.000010 0.000010 0.000010 0.812643 0.000010
0.000010 0.000010 0.006296 0.000010 0.781461 0.031494 0.054587 0.049997 0.076135
0.000010 0.000010 0.000010 0.003358 0.000010 0.000010 0.000010 0.996572 0.000010
0.000010 0.299406 0.076207 0.052715 0.029137 0.000010 0.000010 0.520412 0.022095
0.000010 0.000010 0.212762 0.000010 0.029251 0.023450 0.000010 0.000010 0.734486
0.000010 0.000010 0.650908 0.000010 0.105101 0.048130 0.000010 0.036134 0.159687
0.000010 0.516375 0.000010 0.000010 0.000010 0.000010 0.000010 0.248022 0.235543
0.086503 0.000010 0.051150 0.028620 0.692208 0.075311 0.000010 0.000010 0.066178
0.000010 0.000010 0.000010 0.000010 0.990309 0.009621 0.000010 0.000010 0.000010
0.000010 0.000010 0.020938 0.009422 0.854768 0.044994 0.017845 0.000010 0.052003
0.000010 0.000010 0.060744 0.000010 0.932863 0.000010 0.000010 0.006333 0.000010
0.044987 0.074746 0.002377 0.000010 0.630830 0.031838 0.000010 0.000010 0.215191
0.000010 0.000010 0.000010 0.000010 0.743427 0.045028 0.154770 0.000010 0.056725
0.000010 0.000010 0.000010 0.000010 0.999920 0.000010 0.000010 0.000010 0.000010
0.000010 0.039869 0.000010 0.000010 0.805850 0.000010 0.014714 0.095743 0.043784
0.000010 0.063428 0.050761 0.000010 0.768899 0.000010 0.116312 0.000010 0.000560
0.046560 0.000010 0.000010 0.000010 0.727295 0.000010 0.125155 0.047272 0.053678
0.014737 0.000010 0.000010 0.000010 0.884032 0.000010 0.014932 0.027244 0.059014
0.080901 0.038567 0.061270 0.000010 0.690380 0.000010 0.072754 0.000010 0.056098
0.000010 0.000010 0.336532 0.000010 0.607273 0.028264 0.027882 0.000010 0.000010
0.000010 0.013856 0.000010 0.000010 0.742216 0.019062 0.050782 0.072788 0.101267
0.340310 0.103388 0.122222 0.000010 0.000010 0.000010 0.000010 0.000010 0.434030
0.000010 0.135206 0.098802 0.045785 0.000010 0.026857 0.000010 0.293384 0.399936
0.000010 0.872583 0.000010 0.000010 0.000010 0.000010 0.000010 0.127347 0.000010
0.000010 0.000010 0.000010 0.000010 0.000010 0.999920 0.000010 0.000010 0.000010
0.002615 0.047782 0.073386 0.019340 0.762405 0.000010 0.000010 0.068199 0.026254
0.000010 0.025179 0.000010 0.042348 0.810454 0.000010 0.058476 0.063504 0.000010
0.005592 0.091329 0.080599 0.022152 0.032990 0.012794 0.000010 0.754525 0.000010
0.018322 0.121339 0.074491 0.000010 0.000010 0.018156 0.006883 0.686018 0.074770
0.000010 0.257864 0.000010 0.000010 0.000010 0.000010 0.007205 0.734871 0.000010
0.069732 0.000010 0.000010 0.019342 0.416159 0.300765 0.000010 0.000010 0.193962
0.000010 0.151766 0.225910 0.000010 0.000010 0.014628 0.000010 0.305455 0.302201
0.000010 0.061302 0.000010 0.000010 0.000010 0.000010 0.000010 0.032463 0.906175
0.000010 0.272786 0.000010 0.000010 0.044905 0.000010 0.000010 0.000010 0.682249
0.030047 0.000010 0.000010 0.038779 0.931115 0.000010 0.000010 0.000010 0.000010
0.000010 0.113204 0.000010 0.195146 0.033799 0.000010 0.209154 0.163491 0.285176
0.000010 0.000010 0.061807 0.011213 0.889198 0.037732 0.000010 0.000010 0.000010
0.000010 0.281896 0.000010 0.013821 0.000931 0.000010 0.149128 0.112425 0.441770
0.010700 0.000010 0.112411 0.000010 0.785996 0.028183 0.062670 0.000010 0.000010
0.000010 0.000010 0.000010 0.000010 0.949462 0.050468 0.000010 0.000010 0.000010
0.118261 0.000010 0.052226 0.000010 0.000010 0.020653 0.038237 0.518299 0.252294
0.236352 0.000010 0.704698 0.058890 0.000010 0.000010 0.000010 0.000010 0.000010
0.028022 0.174692 0.113861 0.000010 0.000010 0.000010 0.119083 0.455700 0.108612
0.000010 0.000010 0.160661 0.000010 0.000010 0.000010 0.116937 0.722341 0.000010
0.562685 0.000010 0.000010 0.000010 0.000010 0.000010 0.000010 0.437245 0.000010
0.000010 0.000010 0.999920 0.000010 0.000010 0.000010 0.000010 0.000010 0.000010
0.000010 0.000010 0.256154 0.000010 0.000010 0.033823 0.000010 0.000010 0.709962
0.017595 0.970806 0.000010 0.000010 0.000010 0.000010 0.011538 0.000010 0.000010
0.158888 0.038437 0.142454 0.000010 0.033587 0.086295 0.444769 0.000010 0.095551
0.196692 0.231698 0.085717 0.011629 0.027069 0.224480 0.046751 0.126877 0.049087
0.000010 0.104839 0.000010 0.000010 0.000010 0.000010 0.153124 0.138565 0.603423
0.182110 0.062889 0.047248 0.036015 0.136989 0.099859 0.101694 0.307057 0.026138
0.003275 0.050942 0.279162 0.056771 0.012286 0.086746 0.177536 0.085915 0.247367
0.299583 0.140286 0.061101 0.000010 0.214526 0.000010 0.123939 0.136568 0.023977
0.000010 0.000010 0.104161 0.031284 0.000010 0.000010 0.000010 0.168107 0.696399
0.059057 0.073104 0.000010 0.000010 0.000010 0.000010 0.717093 0.000010 0.150696
0.048888 0.000010 0.000010 0.000010 0.951042 0.000010 0.000010 0.000010 0.000010
0.000010 0.925145 0.000010 0.000010 0.000010 0.000010 0.074785 0.000010 0.000010
0.003182 0.132223 0.000010 0.092808 0.033713 0.000010 0.089593 0.008532 0.639929
0.000010 0.000010 0.748730 0.000010 0.000010 0.000010 0.000010 0.000010 0.251200
0.000010 0.013402 0.060019 0.000010 0.000010 0.049017 0.030828 0.000010 0.846693
0.204212 0.082464 0.000010 0.000010 0.000010 0.078933 0.634341 0.000010 0.000010
0.067521 0.000010 0.517938 0.000010 0.045510 0.000010 0.065226 0.000010 0.303765
0.643746 0.000010 0.000010 0.000010 0.109523 0.215131 0.000010 0.000010 0.031550
0.152795 0.122231 0.000010 0.000010 0.024365 0.000010 0.087206 0.000010 0.613363
0.000010 0.000010 0.408461 0.000010 0.520383 0.071095 0.000010 0.000010 0.000010
0.000010 0.000010 0.304689 0.000010 0.652638 0.042613 0.000010 0.000010 0.000010
0.000010 0.000010 0.303807 0.000010 0.068219 0.072354 0.000010 0.051350 0.504229
0.540360 0.000010 0.000010 0.000010 0.169858 0.251711 0.000010 0.000010 0.038020
0.048783 0.017247 0.013751 0.002965 0.093531 0.000010 0.007529 0.277727 0.538455
0.157867 0.000010 0.063542 0.000010 0.000010 0.041923 0.000010 0.238667 0.497961
0.552549 0.000010 0.000010 0.000010 0.000010 0.000010 0.380874 0.000010 0.066517
0.000010 0.296106 0.155387 0.000010 0.000010 0.000010 0.446111 0.052792 0.049565
0.000010 0.257251 0.000010 0.078864 0.000010 0.000010 0.377126 0.000010 0.286709
0.062788 0.222826 0.000010 0.023630 0.000010 0.000524 0.496496 0.072766 0.120951
0.000010 0.540545 0.000010 0.000010 0.000010 0.000010 0.000010 0.000010 0.459385
0.000010 0.212405 0.115475 0.000010 0.000010 0.000010 0.541927 0.130142 0.000010
0.000010 0.443874 0.000010 0.000010 0.000010 0.000010 0.000010 0.000010 0.556056
0.000010 0.335673 0.000010 0.000010 0.000010 0.000010 0.000010 0.000010 0.664257
0.000010 0.340316 0.000010 0.026376 0.000010 0.000010 0.000010 0.000010 0.633247
0.000010 0.000010 0.003761 0.000010 0.000010 0.000010 0.000879 0.170654 0.824656
0.000010 0.000010 0.427079 0.000010 0.096124 0.101704 0.000010 0.155591 0.219462
0.012380 0.324569 0.000010 0.003923 0.039478 0.000010 0.000010 0.000010 0.619610
0.000010 0.000010 0.000010 0.002987 0.000010 0.194225 0.802728 0.000010 0.000010
0.000010 0.000010 0.757858 0.000010 0.000010 0.000010 0.000010 0.000010 0.242072
0.000010 0.127729 0.000010 0.000010 0.045813 0.003206 0.000010 0.254939 0.568273
0.000010 0.055127 0.129953 0.046990 0.000010 0.000010 0.100131 0.000010 0.667760
0.000010 0.999920 0.000010 0.000010 0.000010 0.000010 0.000010 0.000010 0.000010
0.000010 0.000010 0.221827 0.000010 0.000010 0.091443 0.000010 0.281092 0.405589
0.000010 0.035708 0.199629 0.000010 0.038338 0.078646 0.014928 0.168587 0.464143
0.000010 0.056255 0.175410 0.093901 0.144484 0.014791 0.081851 0.000010 0.433287
0.000010 0.000010 0.447266 0.000010 0.000010 0.000010 0.000010 0.000010 0.552664
0.000010 0.000010 0.098068 0.043232 0.074716 0.010485 0.050902 0.000010 0.722567
0.000010 0.014568 0.527568 0.000010 0.092883 0.007100 0.039533 0.153693 0.164634
0.000010 0.000010 0.150703 0.000010 0.356563 0.000010 0.285218 0.162834 0.044642
0.000010 0.000010 0.197019 0.000010 0.000010 0.060577 0.000010 0.000010 0.742344
0.123003 0.000010 0.860864 0.000010 0.000010 0.000010 0.016073 0.000010 0.000010
0.000010 0.000010 0.174446 0.044112 0.000010 0.000010 0.008765 0.352290 0.420347
0.107600 0.364419 0.087659 0.000010 0.000010 0.013669 0.239811 0.000010 0.186811
0.000010 0.079332 0.045377 0.000010 0.009166 0.000010 0.000010 0.263743 0.602342
0.061405 0.000010 0.109936 0.000010 0.000010 0.000010 0.089282 0.263922 0.475415
0.000010 0.203160 0.376619 0.000010 0.000010 0.022900 0.000010 0.133021 0.264261
0.001589 0.000010 0.139395 0.000010 0.459767 0.000010 0.053184 0.254518 0.091517
0.000010 0.033046 0.364766 0.000010 0.411943 0.000010 0.104211 0.070148 0.015856
0.051112 0.000010 0.130844 0.000010 0.472517 0.155262 0.067088 0.123148 0.000010
0.000010 0.538180 0.000010 0.055678 0.000010 0.000010 0.019807 0.197281 0.189012
0.061289 0.490687 0.000010 0.000010 0.000010 0.000010 0.068027 0.026846 0.353111
0.000010 0.000010 0.166190 0.000010 0.000010 0.000010 0.000010 0.000010 0.833740
0.287103 0.114287 0.298571 0.011910 0.000010 0.000010 0.062519 0.142448 0.083142
0.000010 0.079225 0.093278 0.000010 0.014363 0.008922 0.098398 0.291864 0.413930
0.000010 0.000010 0.321058 0.000010 0.549263 0.000010 0.129618 0.000010 0.000010
0.000010 0.028443 0.251879 0.000010 0.487384 0.042909 0.138120 0.021544 0.029702
0.072838 0.000010 0.000010 0.034309 0.784409 0.008270 0.003208 0.096936 0.000010
0.034399 0.016944 0.000010 0.000010 0.840503 0.018135 0.000010 0.000010 0.089978
0.002181 0.364897 0.000010 0.093875 0.000010 0.067418 0.195242 0.000010 0.276358
0.018382 0.004771 0.000010 0.016135 0.785201 0.019265 0.101455 0.054770 0.000010
0.000010 0.000010 0.069224 0.056175 0.499574 0.002387 0.148294 0.025118 0.199209
0.000010 0.504963 0.081501 0.000010 0.000010 0.000010 0.069015 0.000010 0.344471
0.092801 0.049111 0.196139 0.000010 0.494497 0.099292 0.068129 0.000010 0.000010
0.000010 0.049343 0.347463 0.000010 0.000010 0.000010 0.000010 0.000010 0.603134
0.050772 0.000010 0.037198 0.000010 0.510108 0.100645 0.186425 0.063035 0.051797
0.000010 0.072507 0.000010 0.064765 0.073654 0.101009 0.315228 0.022489 0.350328
0.000010 0.159296 0.018603 0.000010 0.000010 0.000010 0.000010 0.227121 0.594930
0.000010 0.000010 0.024720 0.000010 0.776832 0.122348 0.076050 0.000010 0.000010
0.051558 0.037921 0.283088 0.000010 0.000010 0.000010 0.473532 0.000010 0.153861
0.000010 0.050606 0.076839 0.000010 0.647313 0.000010 0.090280 0.082095 0.052838
0.000010 0.047068 0.000010 0.000010 0.000010 0.000010 0.242334 0.091725 0.618823
0.000010 0.147516 0.000010 0.004674 0.000010 0.045865 0.076991 0.092840 0.632085
0.000010 0.224639 0.266798 0.000010 0.000010 0.085326 0.000010 0.182717 0.240481
0.000010 0.023205 0.165947 0.000010 0.087875 0.000010 0.000010 0.722923 0.000010
0.000010 0.312097 0.000010 0.000010 0.014102 0.000010 0.000010 0.345612 0.328139
0.098618 0.328182 0.307419 0.060801 0.000010 0.029099 0.031585 0.084599 0.059686
0.000010 0.119446 0.029836 0.000010 0.078432 0.000010 0.096123 0.271984 0.404148
0.026788 0.125032 0.000010 0.000010 0.000010 0.000010 0.009501 0.773855 0.064784
0.000010 0.096149 0.000010 0.000010 0.000010 0.000010 0.097060 0.208322 0.598419
0.000010 0.298415 0.085711 0.000010 0.001431 0.087444 0.000010 0.526959 0.000010
0.000010 0.087905 0.186031 0.000010 0.063259 0.030238 0.000010 0.293939 0.338599
0.080736 0.168970 0.000010 0.000010 0.029866 0.000010 0.021703 0.225763 0.472933
0.020470 0.022527 0.234588 0.000010 0.475927 0.000010 0.091988 0.154470 0.000010
0.000010 0.301765 0.000010 0.000010 0.000010 0.000010 0.000010 0.698165 0.000010
0.000010 0.132406 0.000010 0.000010 0.000010 0.012140 0.000010 0.818472 0.036932
0.000010 0.288073 0.155401 0.000010 0.000010 0.052655 0.000010 0.455116 0.048715
0.108007 0.000010 0.010692 0.000010 0.534282 0.000010 0.221696 0.107042 0.018250
0.163591 0.033757 0.113782 0.000010 0.530136 0.000010 0.000010 0.069168 0.089535
0.000010 0.000010 0.000010 0.000010 0.000010 0.068831 0.825345 0.000010 0.105765
