0.000010 0.000010 0.000010 0.000010 0.000010 0.070276 0.000010 0.000010 0.000010 0.000010 0.000010 0.018556 0.294158 0.478763 0.016276 0.000010 0.121861
0.104700 0.000010 0.542520 0.000010 0.000010 0.000010 0.000010 0.154178 0.000010 0.033021 0.000010 0.000010 0.000010 0.000010 0.000010 0.000010 0.165461
0.000010 0.000010 0.000010 0.000010 0.000010 0.000010 0.000010 0.124864 0.000010 0.019159 0.720270 0.000010 0.000010 0.048816 0.000010 0.000010 0.086772
0.062950 0.000010 0.000010 0.000010 0.024856 0.000010 0.000010 0.858483 0.000010 0.000010 0.000010 0.000010 0.000010 0.000010 0.000010 0.053580 0.000010
0.000010 0.000010 0.000010 0.000010 0.000010 0.000010 0.000010 0.901591 0.000010 0.000010 0.000010 0.000010 0.000010 0.000010 0.000010 0.098259 0.000010
0.000010 0.063827 0.059074 0.000010 0.000010 0.000010 0.027509 0.678765 0.000010 0.022663 0.075624 0.000010 0.000010 0.000010 0.000010 0.000010 0.072438
0.135625 0.000010 0.000010 0.000010 0.000010 0.000010 0.000010 0.245115 0.000010 0.053042 0.415477 0.000010 0.000010 0.000010 0.000010 0.000010 0.150621
0.000010 0.029818 0.000010 0.000010 0.046555 0.000010 0.000010 0.261322 0.023287 0.011216 0.440661 0.000010 0.000010 0.000010 0.000010 0.000010 0.187041
0.084278 0.040731 0.000010 0.086331 0.017865 0.162497 0.060936 0.000010 0.000010 0.019627 0.000010 0.000010 0.427443 0.012827 0.000010 0.087395 0.000010
0.128522 0.000010 0.685579 0.000010 0.000010 0.000010 0.000010 0.000010 0.000010 0.000010 0.000010 0.000010 0.000010 0.000010 0.000010 0.185759 0.000010
0.000010 0.000010 0.000010 0.000010 0.999840 0.000010 0.000010 0.000010 0.000010 0.000010 0.000010 0.000010 0.000010 0.000010 0.000010 0.000010 0.000010
0.000010 0.061408 0.005213 0.115855 0.286739 0.000010 0.000010 0.016763 0.000010 0.029461 0.145378 0.000010 0.053578 0.002787 0.000010 0.116333 0.166425
0.000010 0.000010 0.000010 0.999840 0.000010 0.000010 0.000010 0.000010 0.000010 0.000010 0.000010 0.000010 0.000010 0.000010 0.000010 0.000010 0.000010
0.000010 0.000010 0.000010 0.999840 0.000010 0.000010 0.000010 0.000010 0.000010 0.000010 0.000010 0.000010 0.000010 0.000010 0.000010 0.000010 0.000010
0.000010 0.000010 0.000010 0.999840 0.000010 0.000010 0.000010 0.000010 0.000010 0.000010 0.000010 0.000010 0.000010 0.000010 0.000010 0.000010 0.000010
0.000010 0.000010 0.641329 0.000010 0.000010 0.000010 0.000010 0.000010 0.000010 0.000010 0.060065 0.000010 0.000010 0.104815 0.000010 0.000010 0.193661
0.000010 0.005493 0.000010 0.000010 0.000010 0.000010 0.000010 0.768049 0.000010 0.000010 0.000010 0.000010 0.000010 0.000010 0.000010 0.000010 0.226319
0.000010 0.000010 0.000010 0.440770 0.000010 0.000010 0.000010 0.000010 0.000010 0.005796 0.101551 0.000010 0.451752 0.000010 0.000010 0.000010 0.000010
0.000010 0.000010 0.000010 0.177325 0.000010 0.000010 0.000010 0.195399 0.053217 0.000010 0.273732 0.046312 0.206270 0.000010 0.000010 0.000010 0.047646
0.000010 0.214586 0.000010 0.122397 0.000010 0.122406 0.138891 0.000010 0.233264 0.026562 0.000010 0.038292 0.103512 0.000010 0.000010 0.000010 0.000010
0.000010 0.000010 0.000010 0.000010 0.038845 0.000010 0.000010 0.478002 0.000010 0.039383 0.442252 0.001398 0.000010 0.000010 0.000010 0.000010 0.000010
0.000010 0.000010 0.000010 0.000010 0.999840 0.000010 0.000010 0.000010 0.000010 0.000010 0.000010 0.000010 0.000010 0.000010 0.000010 0.000010 0.000010
0.000010 0.000010 0.000010 0.000010 0.999840 0.000010 0.000010 0.000010 0.000010 0.000010 0.000010 0.000010 0.000010 0.000010 0.000010 0.000010 0.000010
0.012459 0.000010 0.000010 0.000010 0.017364 0.000010 0.069104 0.288274 0.000010 0.000010 0.454801 0.000010 0.000010 0.118098 0.000010 0.000010 0.039801
0.000010 0.000010 0.000010 0.000010 0.999840 0.000010 0.000010 0.000010 0.000010 0.000010 0.000010 0.000010 0.000010 0.000010 0.000010 0.000010 0.000010
0.071242 0.000010 0.006574 0.000010 0.000010 0.000010 0.000010 0.550076 0.000010 0.000010 0.169966 0.005467 0.000010 0.081624 0.023212 0.000010 0.091748
0.000010 0.029970 0.000010 0.000010 0.000010 0.000010 0.013289 0.000010 0.000010 0.084347 0.865524 0.000010 0.000010 0.000010 0.000010 0.000010 0.006750
0.000010 0.000010 0.000010 0.000010 0.000010 0.000010 0.000010 0.000010 0.000010 0.999840 0.000010 0.000010 0.000010 0.000010 0.000010 0.000010 0.000010
0.000010 0.000010 0.000010 0.000010 0.024751 0.000010 0.057652 0.000010 0.000010 0.000010 0.837287 0.000010 0.000010 0.000010 0.000010 0.000010 0.080180
0.000010 0.000010 0.000010 0.000010 0.000010 0.000010 0.000010 0.000010 0.000010 0.000010 0.999840 0.000010 0.000010 0.000010 0.000010 0.000010 0.000010
0.042473 0.000010 0.000010 0.000010 0.000010 0.000010 0.057315 0.291605 0.000010 0.000010 0.296592 0.000010 0.000010 0.185213 0.000010 0.000010 0.126692
0.000010 0.000010 0.173973 0.000010 0.000010 0.000010 0.090207 0.212937 0.000010 0.061288 0.306696 0.000010 0.000010 0.000010 0.000010 0.000010 0.154788
0.000010 0.000010 0.043013 0.000010 0.000010 0.554404 0.000010 0.000010 0.000010 0.000010 0.080234 0.039804 0.051225 0.000010 0.000010 0.006584 0.224636
0.000010 0.000010 0.093620 0.000010 0.000010 0.000010 0.000010 0.242587 0.000010 0.088320 0.408602 0.000010 0.000010 0.000010 0.000010 0.000010 0.166751
0.000010 0.000010 0.000010 0.000010 0.000010 0.000010 0.000010 0.000010 0.000010 0.000010 0.999840 0.000010 0.000010 0.000010 0.000010 0.000010 0.000010
0.000010 0.000010 0.104158 0.000010 0.000010 0.149063 0.000010 0.000010 0.160154 0.000010 0.000010 0.192508 0.257760 0.070963 0.032600 0.032704 0.000010
0.000010 0.000010 0.000010 0.000010 0.000010 0.000010 0.000010 0.000010 0.000010 0.999840 0.000010 0.000010 0.000010 0.000010 0.000010 0.000010 0.000010
0.045633 0.005724 0.124506 0.000010 0.000010 0.000010 0.038344 0.171031 0.000010 0.000010 0.236580 0.000010 0.000010 0.000010 0.000010 0.000010 0.378082
0.019249 0.000010 0.000010 0.000010 0.023843 0.532081 0.000010 0.184693 0.000010 0.000010 0.106505 0.000010 0.000010 0.093177 0.000010 0.019432 0.020930
0.000010 0.000010 0.050278 0.000010 0.000018 0.000010 0.000010 0.545616 0.000010 0.111942 0.078919 0.042682 0.044268 0.000010 0.000010 0.000010 0.126186
0.000010 0.000010 0.000010 0.000010 0.000010 0.582383 0.128782 0.000010 0.208295 0.080410 0.000010 0.000010 0.000010 0.000010 0.000010 0.000010 0.000010
0.122500 0.000010 0.013252 0.000010 0.000010 0.000010 0.119333 0.198150 0.000010 0.000020 0.335205 0.000010 0.000010 0.030418 0.000010 0.000010 0.181031
0.087332 0.052259 0.000010 0.079579 0.000010 0.095825 0.058290 0.001306 0.081192 0.000010 0.000010 0.000010 0.000010 0.000010 0.000010 0.279136 0.265000
0.076569 0.000010 0.000010 0.000010 0.000010 0.000010 0.000010 0.000010 0.000010 0.017019 0.670920 0.000010 0.000010 0.000010 0.000010 0.000010 0.235361
0.000010 0.000010 0.000010 0.000010 0.021391 0.439988 0.000010 0.089082 0.140923 0.081055 0.000010 0.058121 0.000010 0.000010 0.000010 0.065828 0.103522
0.000010 0.000010 0.000010 0.999840 0.000010 0.000010 0.000010 0.000010 0.000010 0.000010 0.000010 0.000010 0.000010 0.000010 0.000010 0.000010 0.000010
0.000010 0.000010 0.000010 0.782999 0.216851 0.000010 0.000010 0.000010 0.000010 0.000010 0.000010 0.000010 0.000010 0.000010 0.000010 0.000010 0.000010
0.000010 0.104096 0.034523 0.000010 0.000010 0.000010 0.140234 0.172734 0.000010 0.060279 0.445624 0.000010 0.000010 0.042410 0.000010 0.000010 0.000010
0.000010 0.018390 0.000010 0.099109 0.862903 0.000010 0.000010 0.000010 0.000010 0.000010 0.000010 0.019468 0.000010 0.000010 0.000010 0.000010 0.000010
0.000010 0.000010 0.000010 0.000010 0.822219 0.106384 0.000010 0.000010 0.000010 0.000010 0.000010 0.000010 0.071258 0.000010 0.000010 0.000010 0.000010
0.000010 0.000010 0.000010 0.000010 0.999840 0.000010 0.000010 0.000010 0.000010 0.000010 0.000010 0.000010 0.000010 0.000010 0.000010 0.000010 0.000010
0.000010 0.000010 0.000010 0.052751 0.795938 0.096869 0.000010 0.000010 0.000010 0.000010 0.024511 0.029810 0.000010 0.000010 0.000010 0.000010 0.000010
0.000010 0.000010 0.000010 0.000010 0.999840 0.000010 0.000010 0.000010 0.000010 0.000010 0.000010 0.000010 0.000010 0.000010 0.000010 0.000010 0.000010
0.000010 0.000010 0.000010 0.000010 0.051045 0.000010 0.000010 0.000010 0.000010 0.087948 0.000010 0.000010 0.004080 0.757106 0.000010 0.000010 0.099701
0.000010 0.000010 0.000010 0.102836 0.244201 0.018559 0.052492 0.092029 0.000010 0.000010 0.000010 0.000010 0.489772 0.000010 0.000010 0.000010 0.000010
0.000010 0.000010 0.000010 0.999840 0.000010 0.000010 0.000010 0.000010 0.000010 0.000010 0.000010 0.000010 0.000010 0.000010 0.000010 0.000010 0.000010
0.000010 0.000010 0.000010 0.999840 0.000010 0.000010 0.000010 0.000010 0.000010 0.000010 0.000010 0.000010 0.000010 0.000010 0.000010 0.000010 0.000010
0.000010 0.000010 0.175439 0.000010 0.000010 0.000010 0.048270 0.000010 0.253292 0.000010 0.000010 0.168585 0.209289 0.000010 0.000010 0.000010 0.145016
0.000010 0.000010 0.000010 0.000010 0.000010 0.000010 0.000010 0.716705 0.000010 0.097581 0.000010 0.000010 0.000010 0.000010 0.000010 0.000010 0.185574
0.158525 0.000010 0.254036 0.014407 0.042577 0.000010 0.000010 0.000010 0.243466 0.000010 0.000010 0.286879 0.000010 0.000010 0.000010 0.000010 0.000010
0.000010 0.000010 0.000010 0.138930 0.860920 0.000010 0.000010 0.000010 0.000010 0.000010 0.000010 0.000010 0.000010 0.000010 0.000010 0.000010 0.000010
0.000010 0.000010 0.000010 0.485863 0.147536 0.027640 0.061037 0.000010 0.000010 0.000010 0.000010 0.000010 0.271915 0.000010 0.000010 0.000010 0.005900
0.000010 0.000010 0.045843 0.325635 0.132140 0.000010 0.000010 0.000010 0.000010 0.044152 0.000010 0.037792 0.414327 0.000010 0.000010 0.000010 0.000010
0.000010 0.000010 0.000010 0.000010 0.000010 0.000010 0.000010 0.000010 0.000010 0.000010 0.000010 0.000010 0.000010 0.000010 0.000010 0.805962 0.193888
0.000010 0.000010 0.000010 0.115727 0.783704 0.000010 0.000010 0.000010 0.000010 0.030600 0.000010 0.000010 0.038294 0.000010 0.000010 0.031555 0.000010
0.000010 0.000010 0.066217 0.000010 0.000010 0.000010 0.000010 0.000010 0.000010 0.000010 0.000010 0.000010 0.000010 0.000010 0.000010 0.933633 0.000010
0.000010 0.000010 0.000010 0.000010 0.000010 0.000010 0.000010 0.000010 0.000010 0.000010 0.000010 0.000010 0.950885 0.000010 0.000010 0.000010 0.048965
0.000010 0.000010 0.000010 0.271103 0.000010 0.621740 0.000010 0.000010 0.000010 0.000010 0.000010 0.000010 0.079960 0.000010 0.000010 0.000010 0.027067
0.000010 0.000010 0.000010 0.270303 0.159125 0.046504 0.000010 0.019817 0.020042 0.000010 0.004812 0.004588 0.474718 0.000010 0.000010 0.000010 0.000010
0.000010 0.100465 0.148765 0.027541 0.027439 0.076307 0.000010 0.068025 0.018100 0.060755 0.000010 0.000010 0.000010 0.000010 0.000010 0.262539 0.209993
0.204660 0.017798 0.214574 0.000010 0.000010 0.000010 0.000010 0.033974 0.000010 0.037659 0.242307 0.021515 0.000010 0.000010 0.000010 0.091940 0.135494
0.031035 0.000010 0.000010 0.000010 0.000809 0.331692 0.000010 0.035171 0.000010 0.170465 0.000010 0.000010 0.000010 0.000010 0.000010 0.187709 0.243018
0.000010 0.000010 0.143420 0.000010 0.018264 0.155547 0.018747 0.000010 0.000010 0.000010 0.028508 0.000010 0.174048 0.200747 0.000010 0.029758 0.230880
0.033930 0.000010 0.050637 0.000010 0.000010 0.371972 0.000010 0.089467 0.000010 0.001791 0.000010 0.000010 0.042293 0.233980 0.000010 0.047314 0.128536
0.000010 0.000010 0.000010 0.081915 0.063439 0.222566 0.158598 0.000010 0.183317 0.106206 0.000010 0.162408 0.021459 0.000010 0.000010 0.000010 0.000010
0.000010 0.000010 0.000010 0.000010 0.000010 0.022579 0.000010 0.430109 0.000010 0.004753 0.486496 0.000010 0.000010 0.000010 0.000010 0.055942 0.000010
0.000010 0.053779 0.000010 0.000010 0.028717 0.000010 0.029879 0.824608 0.000010 0.062897 0.000010 0.000010 0.000010 0.000010 0.000010 0.000010 0.000010
0.042790 0.030297 0.000010 0.000010 0.000010 0.000010 0.000010 0.000010 0.000010 0.165495 0.000010 0.000010 0.000010 0.000010 0.000010 0.761288 0.000010
0.000010 0.000010 0.000010 0.000010 0.000010 0.000010 0.000010 0.000010 0.000010 0.120391 0.044113 0.000010 0.000010 0.000010 0.000010 0.835355 0.000010
0.000010 0.000010 0.000010 0.000010 0.075060 0.000010 0.000010 0.000010 0.006841 0.000010 0.000010 0.037096 0.880874 0.000010 0.000010 0.000010 0.000010
0.000010 0.000010 0.000010 0.017606 0.000010 0.000010 0.160476 0.081337 0.000010 0.266361 0.202364 0.046452 0.000010 0.225304 0.000010 0.000010 0.000010
0.000010 0.000010 0.000010 0.103939 0.069850 0.009956 0.000010 0.000010 0.000010 0.079228 0.000010 0.000010 0.585366 0.040693 0.000010 0.110868 0.000010
0.000010 0.022165 0.418887 0.000010 0.000010 0.000010 0.000010 0.189788 0.000010 0.000010 0.000010 0.013417 0.000010 0.000010 0.000010 0.078590 0.277044
0.000010 0.000010 0.000010 0.000010 0.000010 0.000010 0.000010 0.000010 0.000010 0.000010 0.000010 0.000010 0.999840 0.000010 0.000010 0.000010 0.000010
0.000010 0.000010 0.000010 0.031997 0.041600 0.019745 0.000010 0.000010 0.040130 0.033664 0.000010 0.024426 0.561820 0.189915 0.000010 0.000010 0.056623
0.012204 0.068411 0.073969 0.000010 0.000010 0.165621 0.163620 0.198375 0.000010 0.196668 0.119447 0.000010 0.000010 0.001605 0.000010 0.000010 0.000010
0.000010 0.000010 0.000010 0.000010 0.000010 0.772866 0.000010 0.000010 0.021988 0.000010 0.000010 0.059328 0.000010 0.000010 0.000010 0.000010 0.145688
0.000010 0.000010 0.004967 0.078527 0.069057 0.087041 0.000010 0.000010 0.044110 0.031571 0.018237 0.009598 0.543275 0.038047 0.000010 0.000010 0.075511
0.000010 0.000010 0.000010 0.000010 0.049136 0.000010 0.000010 0.000010 0.000010 0.000010 0.000010 0.060610 0.890114 0.000010 0.000010 0.000010 0.000010
0.072411 0.000010 0.024339 0.000010 0.000010 0.888088 0.000010 0.000010 0.000010 0.000010 0.000010 0.000010 0.000010 0.000010 0.000010 0.000010 0.015032
0.011009 0.000010 0.031824 0.005484 0.000010 0.530332 0.000010 0.032459 0.000010 0.090365 0.010872 0.000010 0.000010 0.094473 0.000010 0.193102 0.000010
0.037582 0.003941 0.000010 0.000010 0.000010 0.625558 0.000010 0.000010 0.000010 0.000010 0.000010 0.000010 0.000010 0.225067 0.000010 0.054226 0.053516
0.126300 0.057072 0.000010 0.000010 0.000010 0.000010 0.000010 0.000010 0.000010 0.000010 0.000010 0.015788 0.000010 0.254889 0.545831 0.000010 0.000010
0.000010 0.000010 0.000010 0.000010 0.086574 0.004891 0.009108 0.062034 0.000010 0.039771 0.000010 0.071954 0.000010 0.000010 0.000010 0.725568 0.000010
0.000010 0.051723 0.000010 0.046556 0.000010 0.067759 0.133365 0.206155 0.000010 0.023068 0.200545 0.000010 0.000010 0.237446 0.000010 0.033303 0.000010
0.134268 0.069288 0.000010 0.000010 0.000010 0.229091 0.056087 0.158179 0.000010 0.000010 0.000010 0.035787 0.000010 0.000010 0.000010 0.149245 0.167965
0.048438 0.000010 0.455819 0.017057 0.000010 0.052672 0.093406 0.000010 0.000010 0.000010 0.164085 0.000010 0.000010 0.000010 0.000010 0.000642 0.167791
0.028679 0.172606 0.094606 0.000010 0.000010 0.091135 0.118973 0.095631 0.048624 0.083171 0.002050 0.000010 0.000010 0.151202 0.099155 0.014117 0.000010
0.000010 0.000010 0.000010 0.008847 0.116606 0.121981 0.004092 0.000010 0.000010 0.000010 0.000010 0.009190 0.481291 0.054382 0.059729 0.000010 0.143801
0.066595 0.000010 0.121815 0.000010 0.000010 0.000010 0.037463 0.000010 0.000010 0.019087 0.721990 0.032940 0.000010 0.000010 0.000010 0.000010 0.000010
0.000010 0.000010 0.000010 0.000010 0.000010 0.000010 0.000010 0.955064 0.000010 0.044786 0.000010 0.000010 0.000010 0.000010 0.000010 0.000010 0.000010
0.030915 0.053954 0.000010 0.000010 0.000010 0.050746 0.064313 0.050839 0.011359 0.007188 0.683679 0.046927 0.000010 0.000010 0.000010 0.000010 0.000010
0.000010 0.000010 0.000010 0.000010 0.000010 0.000010 0.000010 0.273406 0.000010 0.159113 0.439442 0.010123 0.000010 0.025502 0.000010 0.000010 0.092303
0.000010 0.000010 0.021021 0.000010 0.000010 0.000010 0.000010 0.135653 0.027873 0.067044 0.607652 0.000010 0.000010 0.000010 0.000010 0.000010 0.140648
0.000010 0.000010 0.000010 0.006944 0.000010 0.000010 0.000010 0.696154 0.000010 0.179505 0.117266 0.000010 0.000010 0.000010 0.000010 0.000010 0.000010
0.000010 0.000010 0.144475 0.000010 0.000010 0.000010 0.084430 0.265319 0.000010 0.000010 0.495421 0.000010 0.000010 0.010235 0.000010 0.000010 0.000010
0.000010 0.000010 0.035969 0.000010 0.000010 0.000010 0.000010 0.111005 0.000010 0.000010 0.000010 0.000010 0.000010 0.006634 0.000010 0.846263 0.000010
0.000010 0.000010 0.000010 0.999840 0.000010 0.000010 0.000010 0.000010 0.000010 0.000010 0.000010 0.000010 0.000010 0.000010 0.000010 0.000010 0.000010
0.000010 0.095721 0.000010 0.021930 0.019421 0.478118 0.070036 0.038605 0.000010 0.115134 0.000010 0.002183 0.053477 0.000010 0.000010 0.105306 0.000010
0.023784 0.000010 0.000010 0.000010 0.000010 0.000010 0.000010 0.006906 0.461350 0.000010 0.000010 0.261086 0.162714 0.000010 0.000010 0.000010 0.084050
0.000010 0.000010 0.000010 0.023451 0.976399 0.000010 0.000010 0.000010 0.000010 0.000010 0.000010 0.000010 0.000010 0.000010 0.000010 0.000010 0.000010
0.000010 0.000010 0.000010 0.000010 0.999840 0.000010 0.000010 0.000010 0.000010 0.000010 0.000010 0.000010 0.000010 0.000010 0.000010 0.000010 0.000010
0.000010 0.000010 0.000010 0.092517 0.907333 0.000010 0.000010 0.000010 0.000010 0.000010 0.000010 0.000010 0.000010 0.000010 0.000010 0.000010 0.000010
0.000010 0.000010 0.000010 0.153110 0.071786 0.197376 0.209806 0.000010 0.000010 0.006099 0.027329 0.000010 0.334394 0.000010 0.000010 0.000010 0.000010
0.000010 0.000010 0.000010 0.384948 0.067133 0.000010 0.000010 0.000010 0.000010 0.000010 0.011597 0.095341 0.390821 0.000010 0.000010 0.000010 0.050049
0.000010 0.000010 0.000010 0.000010 0.091003 0.000010 0.000010 0.091826 0.000010 0.000010 0.000010 0.000010 0.000010 0.000010 0.000010 0.817031 0.000010
0.124054 0.000010 0.000010 0.000010 0.000010 0.000010 0.000010 0.000010 0.000010 0.000010 0.000010 0.006586 0.000010 0.190461 0.669151 0.009628 0.000010
0.000010 0.022990 0.020562 0.000010 0.000010 0.000010 0.000010 0.000010 0.000010 0.000010 0.000010 0.000010 0.000010 0.000010 0.045807 0.910511 0.000010
0.000010 0.000010 0.000010 0.000010 0.999840 0.000010 0.000010 0.000010 0.000010 0.000010 0.000010 0.000010 0.000010 0.000010 0.000010 0.000010 0.000010
0.351962 0.062995 0.000010 0.000010 0.000010 0.000010 0.000010 0.000010 0.000010 0.000010 0.000010 0.000010 0.000010 0.000010 0.584903 0.000010 0.000010
0.000010 0.161297 0.191727 0.000010 0.000010 0.000010 0.000010 0.596660 0.000010 0.000010 0.048904 0.000010 0.000010 0.000010 0.001291 0.000010 0.000010
0.000010 0.278947 0.010178 0.000010 0.000010 0.025031 0.000010 0.000010 0.347880 0.000010 0.000010 0.000010 0.000010 0.337844 0.000010 0.000010 0.000010
0.000010 0.000010 0.000010 0.029880 0.000010 0.854842 0.000010 0.000010 0.000010 0.050779 0.000010 0.000010 0.064370 0.000010 0.000010 0.000010 0.000010
0.095802 0.000010 0.000010 0.000010 0.000010 0.194925 0.044012 0.066182 0.522769 0.000010 0.000010 0.061742 0.000010 0.000010 0.000010 0.000010 0.014468
0.000010 0.002032 0.000010 0.000010 0.000010 0.715715 0.140563 0.086481 0.000010 0.051907 0.000010 0.000010 0.000010 0.003192 0.000010 0.000010 0.000010
0.000010 0.000010 0.000010 0.000010 0.076404 0.055082 0.000010 0.000010 0.066215 0.000010 0.000010 0.000010 0.000010 0.000010 0.000010 0.410972 0.391207
0.000010 0.000010 0.000010 0.000010 0.010899 0.000010 0.784105 0.000010 0.000010 0.000010 0.000010 0.000010 0.000010 0.000010 0.000010 0.000010 0.204856
0.000010 0.000010 0.157166 0.000010 0.013687 0.031660 0.115314 0.120752 0.000010 0.000010 0.045825 0.015711 0.102011 0.023744 0.000010 0.009538 0.364533
0.000010 0.000010 0.000010 0.000010 0.000010 0.000010 0.238399 0.091518 0.000010 0.009835 0.000010 0.000010 0.000010 0.000010 0.000010 0.660117 0.000010
0.000010 0.001574 0.000010 0.038466 0.079865 0.000010 0.061645 0.099968 0.051782 0.016198 0.157775 0.000010 0.419345 0.000010 0.000010 0.059563 0.013758
0.000010 0.000010 0.111779 0.000010 0.000010 0.000010 0.197727 0.000010 0.000010 0.053041 0.000010 0.000010 0.000010 0.000010 0.000010 0.463829 0.173504
0.200323 0.000010 0.337222 0.000010 0.000020 0.000010 0.117096 0.147917 0.000010 0.034659 0.000010 0.000010 0.012122 0.000010 0.023700 0.000010 0.126861
0.000010 0.000010 0.107540 0.000010 0.004820 0.029454 0.000010 0.000010 0.000010 0.000010 0.000010 0.000010 0.000010 0.095416 0.000010 0.648778 0.113882
0.157569 0.000010 0.269893 0.000010 0.000010 0.000010 0.000010 0.009971 0.363493 0.198954 0.000010 0.000010 0.000010 0.000010 0.000010 0.000010 0.000010
0.000010 0.038188 0.000010 0.000010 0.000010 0.058191 0.178504 0.000010 0.000010 0.317472 0.120121 0.000010 0.000010 0.047857 0.000010 0.239567 0.000010
0.000010 0.000010 0.005952 0.066825 0.027424 0.446141 0.094642 0.000010 0.105124 0.103266 0.000010 0.066776 0.083399 0.000010 0.000382 0.000010 0.000010
0.000010 0.000010 0.000010 0.013545 0.017620 0.218190 0.000010 0.104601 0.001117 0.000010 0.000010 0.000010 0.000010 0.053479 0.000010 0.591349 0.000010
0.000010 0.067686 0.000010 0.000010 0.000010 0.037708 0.000010 0.000010 0.047622 0.017225 0.000010 0.000010 0.698576 0.050353 0.021970 0.000010 0.058771
0.000010 0.000010 0.000010 0.032657 0.000010 0.861491 0.000010 0.000010 0.000010 0.000010 0.000010 0.000010 0.000010 0.000010 0.000010 0.000010 0.105712
0.084168 0.061579 0.059489 0.000359 0.000947 0.384095 0.120897 0.130784 0.000010 0.053759 0.057794 0.046069 0.000010 0.000010 0.000010 0.000010 0.000010
0.124205 0.000010 0.000010 0.000010 0.000010 0.000010 0.000010 0.326214 0.000010 0.000010 0.364032 0.000010 0.000010 0.004636 0.010483 0.101494 0.068836
0.000010 0.000010 0.000010 0.000010 0.000010 0.000010 0.000010 0.426898 0.000010 0.030283 0.456732 0.000010 0.000010 0.000010 0.000010 0.000010 0.085956
0.000010 0.000010 0.057744 0.000010 0.000010 0.000010 0.000010 0.000010 0.189758 0.000010 0.000010 0.155069 0.597299 0.000010 0.000010 0.000010 0.000010
0.000010 0.000010 0.012196 0.000010 0.000010 0.000010 0.000010 0.000010 0.090901 0.000010 0.000010 0.000010 0.000010 0.020219 0.876554 0.000010 0.000010
0.000010 0.000010 0.000010 0.000010 0.000010 0.000010 0.000010 0.000010 0.146703 0.000010 0.018135 0.147598 0.687434 0.000010 0.000010 0.000010 0.000010
0.000010 0.075145 0.000010 0.000010 0.033225 0.602900 0.121325 0.000010 0.000010 0.074186 0.000010 0.066590 0.026528 0.000010 0.000010 0.000010 0.000010
0.000010 0.000010 0.000010 0.000010 0.000010 0.094936 0.091063 0.000018 0.577459 0.023562 0.000010 0.080763 0.039141 0.000010 0.000010 0.000010 0.092968
0.665722 0.000010 0.000010 0.000010 0.000010 0.000010 0.000010 0.000010 0.000010 0.000010 0.000010 0.106807 0.000010 0.227331 0.000010 0.000010 0.000010
0.000010 0.039049 0.000010 0.000010 0.000010 0.000010 0.000010 0.000010 0.044101 0.000010 0.028404 0.000010 0.011869 0.000010 0.791063 0.000010 0.085404
0.999840 0.000010 0.000010 0.000010 0.000010 0.000010 0.000010 0.000010 0.000010 0.000010 0.000010 0.000010 0.000010 0.000010 0.000010 0.000010 0.000010
0.370742 0.000010 0.000010 0.069544 0.000010 0.173092 0.000010 0.106991 0.000010 0.000010 0.000010 0.000010 0.000010 0.000010 0.265578 0.013942 0.000010
0.000010 0.000010 0.000010 0.000010 0.000010 0.000010 0.000010 0.000010 0.000010 0.000010 0.000010 0.000010 0.000010 0.000010 0.890317 0.000010 0.109533
0.127736 0.042878 0.000010 0.012319 0.000010 0.000010 0.065582 0.061181 0.000010 0.125700 0.529784 0.000973 0.000010 0.000010 0.000010 0.033766 0.000010
0.051313 0.000010 0.281627 0.035304 0.000010 0.000010 0.041099 0.082347 0.000010 0.067814 0.000010 0.000010 0.000010 0.092836 0.000010 0.090641 0.256938
0.000010 0.000010 0.000010 0.000010 0.000010 0.000010 0.163666 0.025479 0.000010 0.036644 0.000010 0.020191 0.177739 0.019203 0.000010 0.333025 0.223964
0.000010 0.000010 0.000010 0.000010 0.000010 0.000010 0.048315 0.028248 0.000010 0.059687 0.569508 0.000010 0.000010 0.055345 0.000010 0.000010 0.238788
0.000010 0.000010 0.000010 0.000010 0.062372 0.275287 0.315554 0.094234 0.000010 0.007095 0.000010 0.000010 0.000010 0.000010 0.000010 0.081004 0.164353
0.055562 0.000010 0.106326 0.000010 0.000010 0.000010 0.012178 0.435222 0.000010 0.000010 0.164973 0.000010 0.000010 0.161844 0.063795 0.000010 0.000010
0.034590 0.000010 0.000010 0.000010 0.000010 0.000010 0.047555 0.137564 0.000010 0.022952 0.516484 0.004582 0.000010 0.057817 0.000010 0.000010 0.178366
0.196226 0.000010 0.803624 0.000010 0.000010 0.000010 0.000010 0.000010 0.000010 0.000010 0.000010 0.000010 0.000010 0.000010 0.000010 0.000010 0.000010
0.000010 0.000010 0.000010 0.000010 0.000010 0.000010 0.000010 0.000010 0.000010 0.000010 0.000010 0.000010 0.000010 0.000010 0.999840 0.000010 0.000010
0.000010 0.000010 0.221514 0.000010 0.000010 0.327339 0.000010 0.000010 0.000010 0.000010 0.000010 0.026531 0.000010 0.000010 0.014720 0.117488 0.292298
0.000010 0.000010 0.000010 0.000010 0.002465 0.000010 0.000010 0.000010 0.239723 0.000010 0.000010 0.000010 0.000010 0.000010 0.757672 0.000010 0.000010
0.000010 0.000010 0.000010 0.000010 0.000010 0.000010 0.000010 0.000010 0.090295 0.000010 0.000010 0.000010 0.000010 0.000010 0.909555 0.000010 0.000010
0.000010 0.000010 0.000010 0.000010 0.000010 0.000010 0.000010 0.000010 0.134376 0.000010 0.000010 0.000010 0.000010 0.000010 0.844033 0.000010 0.021451
0.046824 0.000010 0.098800 0.000010 0.043285 0.399853 0.000010 0.026007 0.064106 0.053789 0.000010 0.000010 0.000010 0.000010 0.000010 0.000010 0.267247
0.000010 0.000010 0.000010 0.000010 0.041371 0.000010 0.000010 0.208229 0.000010 0.063882 0.471584 0.000010 0.000010 0.036025 0.000010 0.136838 0.041970
0.103573 0.093114 0.038514 0.000010 0.000010 0.000010 0.000010 0.345124 0.000010 0.060000 0.312077 0.047498 0.000010 0.000010 0.000010 0.000010 0.000010
0.000010 0.000010 0.000010 0.000010 0.000010 0.000010 0.000010 0.096485 0.018405 0.000010 0.673124 0.032720 0.000010 0.000010 0.000010 0.021194 0.157962
0.000010 0.000010 0.099488 0.039182 0.118034 0.384208 0.111155 0.000010 0.066466 0.033850 0.075108 0.000010 0.072428 0.000010 0.000010 0.000010 0.000010
0.048548 0.042144 0.000010 0.038057 0.067770 0.384147 0.000010 0.218912 0.152718 0.000010 0.000010 0.035607 0.000010 0.000010 0.000010 0.006098 0.005929
0.075239 0.000010 0.000010 0.069830 0.000010 0.436652 0.000010 0.000010 0.153377 0.000010 0.000010 0.098967 0.146657 0.019179 0.000010 0.000010 0.000010
0.000010 0.000010 0.000010 0.079046 0.082556 0.501904 0.000010 0.000010 0.290972 0.000010 0.045402 0.000010 0.000010 0.000010 0.000010 0.000010 0.000010
0.041220 0.000010 0.000010 0.038281 0.000010 0.659257 0.000010 0.000010 0.039692 0.000010 0.046355 0.015749 0.080706 0.078650 0.000010 0.000010 0.000010
0.209298 0.062125 0.000010 0.047473 0.079709 0.582488 0.000010 0.000010 0.000010 0.000010 0.000010 0.018798 0.000010 0.000010 0.000010 0.000010 0.000010
0.000010 0.000010 0.318533 0.000010 0.042227 0.020229 0.076385 0.236096 0.000010 0.029514 0.000010 0.000010 0.182916 0.019115 0.000010 0.000010 0.074905
0.000010 0.000010 0.000010 0.000010 0.000010 0.000010 0.011250 0.193162 0.000010 0.006608 0.494670 0.000010 0.000010 0.086865 0.000010 0.019429 0.187916
0.000010 0.000010 0.000010 0.000010 0.068567 0.742377 0.000010 0.000010 0.000010 0.010700 0.000010 0.028806 0.000010 0.000010 0.000010 0.033014 0.116427
0.187100 0.034362 0.124821 0.000010 0.000010 0.000010 0.000010 0.000010 0.192076 0.000010 0.000010 0.044746 0.000010 0.000010 0.000010 0.416785 0.000010
0.000010 0.020282 0.000010 0.000010 0.085174 0.499858 0.002598 0.135354 0.000010 0.032949 0.000010 0.000010 0.000010 0.000010 0.000010 0.000010 0.223685
0.056970 0.000010 0.000010 0.099651 0.000010 0.616970 0.000010 0.000010 0.046268 0.000010 0.084287 0.019052 0.076702 0.000010 0.000010 0.000010 0.000010
0.000010 0.000010 0.911805 0.000010 0.000010 0.000010 0.000010 0.000010 0.000010 0.000010 0.088045 0.000010 0.000010 0.000010 0.000010 0.000010 0.000010
0.000010 0.000010 0.082449 0.000010 0.000010 0.000010 0.068941 0.629499 0.030557 0.060297 0.128147 0.000010 0.000010 0.000010 0.000010 0.000010 0.000010
0.000010 0.000010 0.000010 0.000010 0.000010 0.000010 0.000010 0.471950 0.000010 0.013350 0.224069 0.000010 0.000010 0.123766 0.000010 0.000010 0.166744
0.000010 0.000010 0.170580 0.000010 0.000010 0.000010 0.000010 0.302218 0.011836 0.000010 0.234152 0.000010 0.000010 0.000010 0.021750 0.000010 0.259354
0.084294 0.000010 0.178062 0.036639 0.035270 0.000010 0.000010 0.293097 0.000010 0.018317 0.044067 0.000010 0.000010 0.197943 0.000010 0.112231 0.000010
0.000010 0.000010 0.018407 0.000010 0.055850 0.000010 0.000010 0.199896 0.000010 0.000010 0.674350 0.000010 0.000010 0.051376 0.000010 0.000010 0.000010
0.093859 0.049178 0.154703 0.000010 0.000010 0.000010 0.000010 0.205516 0.000010 0.067840 0.418259 0.000672 0.000010 0.000010 0.009883 0.000010 0.000010
0.000010 0.000010 0.000010 0.385638 0.044593 0.049037 0.000010 0.000010 0.000010 0.054175 0.000010 0.000010 0.453761 0.000010 0.000010 0.000010 0.012685
0.085611 0.000010 0.098695 0.000010 0.000010 0.000010 0.608965 0.000010 0.000010 0.103890 0.001438 0.000010 0.000010 0.000010 0.000010 0.000010 0.101291
0.000010 0.070658 0.000010 0.000010 0.000010 0.000010 0.029540 0.000010 0.000010 0.000010 0.686082 0.000010 0.000010 0.213591 0.000010 0.000010 0.000010
0.000010 0.000010 0.000010 0.205671 0.127990 0.000010 0.000010 0.081063 0.000010 0.000010 0.000010 0.000010 0.380309 0.162878 0.000010 0.041979 0.000010
0.073421 0.000010 0.000010 0.000010 0.000010 0.000010 0.019701 0.216100 0.000010 0.028514 0.000010 0.013545 0.054783 0.401386 0.000010 0.000010 0.192460
0.000010 0.000010 0.000010 0.107703 0.033051 0.083752 0.000010 0.000010 0.000010 0.000010 0.000010 0.030717 0.744657 0.000010 0.000010 0.000010 0.000010
0.000010 0.000010 0.000010 0.000013 0.057490 0.000010 0.000010 0.000010 0.000010 0.064786 0.000010 0.000010 0.847170 0.000010 0.000010 0.000010 0.030421
0.000010 0.027870 0.000010 0.008224 0.000010 0.006983 0.052875 0.006969 0.000010 0.027936 0.000010 0.000010 0.869042 0.000010 0.000010 0.000010 0.000010
0.000010 0.000010 0.000010 0.000010 0.000010 0.000010 0.384326 0.000010 0.000010 0.330616 0.000010 0.000010 0.000010 0.000010 0.000010 0.284918 0.000010
0.000010 0.000010 0.000010 0.023303 0.058950 0.001024 0.016070 0.000010 0.000010 0.042359 0.000010 0.000010 0.858185 0.000010 0.000010 0.000010 0.000010
0.000010 0.000010 0.000010 0.000462 0.097392 0.654791 0.000010 0.000010 0.000010 0.000010 0.000010 0.000010 0.161598 0.000010 0.076869 0.000010 0.008777
0.000010 0.000010 0.000010 0.000010 0.000010 0.000010 0.000010 0.000010 0.000010 0.000010 0.000010 0.000010 0.000010 0.000010 0.999840 0.000010 0.000010
0.000010 0.000010 0.034958 0.000010 0.000010 0.000010 0.000010 0.000010 0.000010 0.000010 0.017655 0.000010 0.000010 0.000010 0.000010 0.692541 0.254716
0.000010 0.000010 0.271075 0.000010 0.000010 0.000010 0.113931 0.000010 0.000010 0.322242 0.000010 0.011262 0.033625 0.000010 0.000010 0.000010 0.247756
0.000010 0.037348 0.000010 0.000010 0.000010 0.088531 0.005590 0.000010 0.000010 0.000010 0.000010 0.147956 0.674030 0.000010 0.046435 0.000010 0.000010
0.000010 0.000010 0.281704 0.000010 0.000010 0.000010 0.000010 0.000010 0.000010 0.000010 0.343138 0.003275 0.000010 0.000010 0.004807 0.000010 0.366955
0.000010 0.000010 0.071559 0.000010 0.077755 0.072495 0.009212 0.000010 0.000010 0.000010 0.000010 0.001860 0.731043 0.000010 0.035977 0.000010 0.000010
0.000010 0.999840 0.000010 0.000010 0.000010 0.000010 0.000010 0.000010 0.000010 0.000010 0.000010 0.000010 0.000010 0.000010 0.000010 0.000010 0.000010
0.068535 0.000010 0.145886 0.000010 0.000010 0.000010 0.000010 0.266326 0.000010 0.103845 0.165924 0.000010 0.000010 0.000010 0.000010 0.017597 0.231787
0.000010 0.000010 0.089335 0.000010 0.010622 0.000010 0.122353 0.109758 0.000010 0.079276 0.073959 0.032774 0.000010 0.000010 0.000010 0.196463 0.285380
0.000010 0.000010 0.017778 0.000010 0.000010 0.000010 0.293493 0.000010 0.000010 0.037675 0.099807 0.000010 0.000010 0.000010 0.000010 0.333948 0.217188
0.035109 0.037944 0.275573 0.000010 0.000010 0.014122 0.000010 0.240505 0.000010 0.071240 0.159112 0.000010 0.000010 0.090263 0.000010 0.076053 0.000010
0.074871 0.060322 0.124671 0.000010 0.012904 0.000010 0.000010 0.000010 0.000010 0.000010 0.036800 0.000010 0.000010 0.000010 0.106700 0.583631 0.000010
0.000014 0.009774 0.135042 0.016732 0.000010 0.304198 0.000010 0.000010 0.059149 0.000010 0.000010 0.036660 0.001938 0.000010 0.000010 0.000010 0.436412
0.000010 0.237699 0.000010 0.021649 0.000010 0.329157 0.030455 0.000010 0.127643 0.017326 0.000010 0.009661 0.226322 0.000010 0.000010 0.000010 0.000010
0.000010 0.061615 0.000010 0.000010 0.000010 0.000010 0.000010 0.000010 0.000010 0.036256 0.901989 0.000010 0.000010 0.000010 0.000010 0.000010 0.000010
0.000010 0.000010 0.000010 0.000010 0.000010 0.023360 0.000010 0.000010 0.000010 0.287430 0.000010 0.000010 0.000010 0.000010 0.000010 0.480511 0.208569
0.015073 0.109101 0.227704 0.000010 0.000010 0.000010 0.219433 0.043766 0.000010 0.009740 0.000010 0.000010 0.000010 0.000010 0.000010 0.301924 0.073170
0.000010 0.000010 0.123769 0.000010 0.050426 0.011688 0.172065 0.068555 0.000010 0.015982 0.000010 0.000010 0.000010 0.000010 0.000010 0.425095 0.132330
0.000010 0.000010 0.000010 0.000010 0.000010 0.627865 0.000010 0.345304 0.000010 0.026691 0.000010 0.000010 0.000010 0.000010 0.000010 0.000010 0.000010
0.129330 0.026188 0.000010 0.000010 0.000010 0.190079 0.000010 0.000010 0.000010 0.000010 0.000010 0.000010 0.077430 0.507402 0.000010 0.000010 0.069461
0.000010 0.000010 0.000010 0.004298 0.000010 0.578352 0.146853 0.001516 0.039477 0.102246 0.000010 0.020515 0.058810 0.000010 0.000010 0.000010 0.047853
0.000010 0.000010 0.000010 0.000010 0.000010 0.000010 0.000010 0.106576 0.008569 0.000010 0.000010 0.000010 0.000010 0.739186 0.000010 0.000010 0.145539
0.000010 0.000010 0.000010 0.000010 0.000010 0.000010 0.000010 0.051418 0.000010 0.000010 0.000010 0.000010 0.000010 0.875871 0.000010 0.000010 0.072571
0.000010 0.000010 0.000010 0.000010 0.000010 0.000010 0.004331 0.117062 0.000010 0.000010 0.000010 0.000010 0.000010 0.878468 0.000010 0.000010 0.000010
0.136052 0.000010 0.083930 0.000010 0.000010 0.323485 0.025499 0.061361 0.000010 0.000010 0.000010 0.000010 0.000010 0.089602 0.000010 0.056050 0.223932
0.000010 0.000010 0.000010 0.000010 0.000010 0.000010 0.000010 0.124412 0.000010 0.000010 0.000010 0.039195 0.000010 0.836254 0.000010 0.000010 0.000010
0.000010 0.000010 0.000010 0.000010 0.000010 0.000010 0.496824 0.000010 0.000010 0.095121 0.000010 0.000010 0.000010 0.000010 0.000010 0.337837 0.070088
0.045379 0.000010 0.508644 0.000010 0.000010 0.000010 0.000010 0.192591 0.000010 0.000010 0.096731 0.000010 0.000010 0.000010 0.000010 0.000010 0.156534
0.063570 0.000010 0.000010 0.000010 0.000010 0.031355 0.070234 0.065081 0.000010 0.252838 0.009212 0.000010 0.000010 0.000010 0.000010 0.249110 0.258510
0.000010 0.000010 0.000010 0.000010 0.000010 0.068129 0.568778 0.000010 0.000010 0.000010 0.000010 0.000010 0.214636 0.008079 0.000010 0.000010 0.140259
0.000010 0.067315 0.000010 0.000010 0.031080 0.768837 0.000010 0.000010 0.000010 0.000010 0.000010 0.000010 0.000010 0.132638 0.000010 0.000010 0.000010
0.000010 0.000010 0.000010 0.000010 0.000010 0.000010 0.000010 0.000010 0.000015 0.000010 0.000010 0.999835 0.000010 0.000010 0.000010 0.000010 0.000010
0.000010 0.000010 0.000010 0.000010 0.000010 0.000010 0.000010 0.000010 0.000010 0.000010 0.006652 0.000010 0.828469 0.143015 0.000010 0.000010 0.021734
0.000010 0.000010 0.000010 0.000010 0.000010 0.000010 0.000010 0.000010 0.000010 0.000010 0.000010 0.999840 0.000010 0.000010 0.000010 0.000010 0.000010
0.213583 0.000010 0.430475 0.000010 0.000010 0.065679 0.061098 0.000010 0.000010 0.000010 0.229045 0.000010 0.000010 0.000010 0.000010 0.000010 0.000010
0.000010 0.000010 0.000010 0.277639 0.000010 0.000010 0.000010 0.000010 0.080177 0.005703 0.000010 0.027809 0.608552 0.000010 0.000010 0.000010 0.000010
0.181907 0.000010 0.484508 0.000010 0.000010 0.006332 0.034207 0.189326 0.026420 0.009396 0.000010 0.000010 0.000010 0.000010 0.000010 0.000010 0.067814
0.000010 0.000010 0.999840 0.000010 0.000010 0.000010 0.000010 0.000010 0.000010 0.000010 0.000010 0.000010 0.000010 0.000010 0.000010 0.000010 0.000010
0.000010 0.000010 0.999840 0.000010 0.000010 0.000010 0.000010 0.000010 0.000010 0.000010 0.000010 0.000010 0.000010 0.000010 0.000010 0.000010 0.000010
0.154590 0.094798 0.188871 0.000010 0.000010 0.000010 0.073655 0.171005 0.000010 0.036720 0.230398 0.000010 0.000010 0.030056 0.000010 0.019828 0.000010
0.036507 0.000010 0.000010 0.000010 0.000010 0.000010 0.245186 0.000010 0.000010 0.478922 0.000010 0.000010 0.000010 0.000010 0.000010 0.069760 0.169506
0.000010 0.033518 0.030196 0.005367 0.000010 0.000010 0.000010 0.000010 0.665750 0.000010 0.000010 0.000010 0.000010 0.000010 0.160861 0.000010 0.104198
0.000010 0.000010 0.000010 0.023564 0.000010 0.000010 0.000010 0.000010 0.269138 0.000010 0.052054 0.000010 0.023062 0.000010 0.632062 0.000010 0.000010
0.010646 0.000010 0.000010 0.000010 0.083053 0.281907 0.134504 0.131819 0.000010 0.000010 0.125188 0.026933 0.000010 0.000010 0.000010 0.000010 0.205860
0.000010 0.009608 0.000010 0.000010 0.037897 0.000010 0.000010 0.000010 0.324843 0.000010 0.000010 0.000010 0.000010 0.000010 0.611953 0.000010 0.015579
0.000010 0.000010 0.000010 0.006935 0.000010 0.000010 0.000010 0.000010 0.291927 0.000010 0.000010 0.000010 0.086979 0.000010 0.550041 0.030384 0.033625
0.000010 0.329405 0.000010 0.013033 0.000010 0.000010 0.040098 0.000010 0.368415 0.000010 0.088770 0.036476 0.019458 0.066437 0.021126 0.000010 0.016714
0.000010 0.000010 0.000010 0.006690 0.000010 0.023527 0.000010 0.102562 0.000010 0.000010 0.000010 0.000010 0.779748 0.000010 0.000010 0.000010 0.087353
0.020025 0.000010 0.045125 0.000010 0.000010 0.000010 0.000010 0.000010 0.625770 0.000010 0.000010 0.000010 0.000010 0.000010 0.204411 0.000010 0.104548
0.000010 0.000010 0.047901 0.000010 0.028341 0.004763 0.000010 0.000010 0.335907 0.012005 0.000010 0.000010 0.000010 0.033556 0.489741 0.047696 0.000010
0.000010 0.000010 0.000010 0.012911 0.000010 0.041122 0.000010 0.000010 0.448920 0.000010 0.005879 0.000010 0.026220 0.000010 0.412182 0.052665 0.000010
0.036038 0.000010 0.000010 0.000010 0.000010 0.000010 0.000010 0.000010 0.258145 0.000010 0.000010 0.000010 0.000010 0.000010 0.705677 0.000010 0.000010
0.000010 0.000010 0.000010 0.000010 0.000010 0.928233 0.029898 0.041729 0.000010 0.000010 0.000010 0.000010 0.000010 0.000010 0.000010 0.000010 0.000010
0.000010 0.000010 0.558626 0.000010 0.000010 0.000010 0.000010 0.141283 0.000010 0.000010 0.000010 0.000010 0.000010 0.000010 0.000010 0.000010 0.299951
0.000010 0.000010 0.768513 0.000010 0.000010 0.000010 0.000010 0.000010 0.000010 0.000010 0.000010 0.000010 0.000010 0.000010 0.000010 0.000010 0.231337
0.009303 0.000010 0.000010 0.119646 0.012231 0.544956 0.017458 0.000010 0.000010 0.120069 0.030442 0.053555 0.055628 0.036642 0.000010 0.000010 0.000010
0.000010 0.000010 0.000010 0.000010 0.000010 0.331346 0.010217 0.000010 0.011811 0.000010 0.000010 0.092476 0.000010 0.092817 0.068844 0.061738 0.330661
0.000010 0.000010 0.034290 0.000010 0.000010 0.141990 0.118628 0.034378 0.000010 0.004328 0.291611 0.000010 0.000010 0.060125 0.000010 0.161543 0.153027
0.000010 0.000010 0.000010 0.000010 0.000010 0.000010 0.000010 0.000010 0.663930 0.000010 0.000010 0.033599 0.000010 0.008360 0.212943 0.000010 0.081048
0.000010 0.065327 0.016005 0.000010 0.000010 0.000010 0.000010 0.000010 0.518438 0.000010 0.000010 0.065911 0.000010 0.096108 0.238101 0.000010 0.000010
0.000010 0.000010 0.054267 0.014871 0.000010 0.181897 0.157960 0.090509 0.000010 0.189052 0.000010 0.066769 0.000010 0.000010 0.000010 0.116122 0.128472
0.036450 0.093050 0.000010 0.000010 0.000010 0.000010 0.000010 0.000010 0.218070 0.092019 0.115550 0.009877 0.000010 0.063686 0.163693 0.196341 0.011193
