0.009742 0.449995 0.000010 0.472379 0.067855 0.000010 0.000010
0.000010 0.724093 0.000010 0.000010 0.041870 0.233997 0.000010
0.000010 0.021014 0.000010 0.000010 0.000010 0.978936 0.000010
0.006058 0.000010 0.052864 0.048534 0.022820 0.869704 0.000010
0.000010 0.000010 0.125348 0.014232 0.000010 0.860379 0.000010
0.000010 0.000010 0.108174 0.000010 0.000010 0.891776 0.000010
0.000010 0.094668 0.000010 0.000010 0.000010 0.905282 0.000010
0.000010 0.122750 0.000010 0.000010 0.000010 0.841405 0.035805
0.000010 0.000010 0.000014 0.000010 0.999936 0.000010 0.000010
0.000010 0.000010 0.000010 0.000010 0.999940 0.000010 0.000010
0.000010 0.000010 0.000010 0.000010 0.000010 0.000010 0.999940
0.000010 0.263893 0.000010 0.000010 0.000010 0.191314 0.544753
0.000010 0.000010 0.000010 0.000010 0.000010 0.000010 0.999940
0.000010 0.000010 0.000010 0.000010 0.000010 0.000010 0.999940
0.000010 0.046584 0.000010 0.000010 0.000010 0.000010 0.953366
0.000010 0.999940 0.000010 0.000010 0.000010 0.000010 0.000010
0.000010 0.191776 0.000010 0.000010 0.000010 0.781353 0.026831
0.000010 0.000010 0.000010 0.758164 0.000010 0.000010 0.241786
0.100214 0.000010 0.034878 0.418904 0.000010 0.363789 0.082195
0.000010 0.000010 0.000010 0.000010 0.000010 0.999940 0.000010
0.000010 0.000010 0.000010 0.000010 0.000010 0.000010 0.999940
0.000010 0.000010 0.000010 0.000010 0.000010 0.000010 0.999940
0.000010 0.137222 0.000010 0.000010 0.034165 0.781647 0.046936
0.000010 0.000010 0.000010 0.000010 0.000010 0.000010 0.999940
0.049430 0.002068 0.023433 0.000010 0.000010 0.925039 0.000010
0.049856 0.026879 0.082515 0.000010 0.000010 0.840719 0.000010
0.000010 0.001416 0.000010 0.000010 0.000010 0.994914 0.003630
0.000010 0.000010 0.000010 0.000010 0.000010 0.999940 0.000010
0.000010 0.203691 0.000010 0.000010 0.000010 0.796259 0.000010
0.000010 0.178492 0.092468 0.000010 0.000010 0.729000 0.000010
0.000010 0.000010 0.000010 0.000010 0.999940 0.000010 0.000010
0.000010 0.158366 0.000010 0.027526 0.670552 0.143526 0.000010
0.000010 0.125946 0.000010 0.000010 0.000010 0.874004 0.000010
0.009993 0.000010 0.000010 0.000010 0.000010 0.989957 0.000010
0.000010 0.406762 0.024718 0.000010 0.000010 0.568480 0.000010
0.000010 0.154470 0.074761 0.000010 0.000010 0.770730 0.000010
0.000010 0.059192 0.114911 0.000010 0.000010 0.792273 0.033595
0.022876 0.183543 0.051945 0.000010 0.000010 0.741606 0.000010
0.116164 0.361514 0.239162 0.051297 0.213744 0.000010 0.018110
0.000010 0.113333 0.000010 0.000010 0.000010 0.886617 0.000010
0.076764 0.000010 0.177796 0.091652 0.555242 0.098525 0.000010
0.000010 0.000010 0.000010 0.028100 0.000010 0.000010 0.971850
0.000010 0.000010 0.000010 0.000010 0.000010 0.000010 0.999940
0.000010 0.000010 0.000010 0.000010 0.000010 0.000010 0.999940
0.000010 0.000010 0.000010 0.000010 0.118818 0.000010 0.881132
0.000010 0.000010 0.000010 0.000010 0.000010 0.000010 0.999940
0.000010 0.000010 0.000010 0.000010 0.091328 0.000010 0.908622
0.000010 0.000010 0.000010 0.000010 0.000010 0.000010 0.999940
0.000010 0.349089 0.173251 0.374476 0.000010 0.045209 0.057955
0.000010 0.000010 0.000010 0.636394 0.000010 0.000010 0.363556
0.000010 0.000010 0.000010 0.000010 0.000010 0.000010 0.999940
0.000010 0.000010 0.000010 0.000010 0.000010 0.999940 0.000010
0.000010 0.000010 0.000010 0.000010 0.000010 0.000010 0.999940
0.000010 0.000010 0.063968 0.317587 0.000010 0.000010 0.618404
0.000010 0.499804 0.500146 0.000010 0.000010 0.000010 0.000010
0.000010 0.000010 0.000010 0.000010 0.000010 0.000010 0.999940
0.000010 0.000010 0.000010 0.999940 0.000010 0.000010 0.000010
0.000010 0.000010 0.000010 0.305719 0.596122 0.000010 0.098119
0.000010 0.000010 0.000010 0.629869 0.000010 0.019400 0.350691
0.000010 0.448231 0.347056 0.036842 0.114582 0.000010 0.053269
0.021531 0.632223 0.064621 0.000010 0.000010 0.281595 0.000010
0.000010 0.108776 0.572495 0.000010 0.294490 0.000010 0.024209
0.000010 0.494553 0.000010 0.262224 0.243183 0.000010 0.000010
0.000010 0.410049 0.053742 0.146825 0.293749 0.095615 0.000010
0.020587 0.000010 0.000010 0.000010 0.000010 0.979363 0.000010
0.000010 0.000010 0.119149 0.000010 0.000010 0.857008 0.023803
0.000010 0.124485 0.875465 0.000010 0.000010 0.000010 0.000010
0.000010 0.047270 0.952680 0.000010 0.000010 0.000010 0.000010
0.000010 0.000010 0.000010 0.999940 0.000010 0.000010 0.000010
0.045759 0.000010 0.090086 0.686342 0.067668 0.000010 0.110125
0.024608 0.707621 0.083932 0.000010 0.012860 0.170958 0.000010
0.000010 0.000010 0.000010 0.999940 0.000010 0.000010 0.000010
0.133314 0.083037 0.000010 0.693752 0.008711 0.000010 0.081165
0.000010 0.000010 0.000010 0.000010 0.999940 0.000010 0.000010
0.046006 0.005608 0.000010 0.803027 0.000010 0.045958 0.099381
0.000010 0.245250 0.000010 0.000010 0.754700 0.000010 0.000010
0.011708 0.000010 0.988242 0.000010 0.000010 0.000010 0.000010
0.000010 0.422987 0.234095 0.000010 0.342878 0.000010 0.000010
0.000010 0.759533 0.054508 0.000010 0.000010 0.185919 0.000010
0.064849 0.051465 0.000010 0.719157 0.000010 0.075984 0.088525
0.000010 0.166857 0.000010 0.000010 0.000010 0.833093 0.000010
0.000010 0.000010 0.080131 0.000010 0.000010 0.919819 0.000010
0.000010 0.008381 0.000010 0.020644 0.000010 0.970935 0.000010
0.000010 0.113492 0.000010 0.000010 0.000010 0.867046 0.019422
0.000010 0.000010 0.059791 0.000010 0.000010 0.940159 0.000010
0.054103 0.000010 0.000010 0.000010 0.000010 0.945847 0.000010
0.006888 0.405310 0.587762 0.000010 0.000010 0.000010 0.000010
0.000010 0.000010 0.000010 0.000010 0.000010 0.000010 0.999940
0.608003 0.000014 0.000010 0.279538 0.000010 0.112414 0.000010
0.000010 0.000010 0.000010 0.000010 0.000010 0.000010 0.999940
0.000010 0.000010 0.000010 0.000010 0.000010 0.000010 0.999940
0.000010 0.000010 0.000010 0.000010 0.000010 0.000010 0.999940
0.003531 0.000010 0.000010 0.640399 0.000010 0.000010 0.356030
0.000010 0.000010 0.999940 0.000010 0.000010 0.000010 0.000010
0.000010 0.364157 0.484904 0.000010 0.150899 0.000010 0.000010
0.000016 0.140332 0.000010 0.000010 0.000010 0.859612 0.000010
0.579921 0.000010 0.117935 0.000010 0.298802 0.003312 0.000010
0.000010 0.000010 0.210085 0.063144 0.701630 0.025111 0.000010
0.028963 0.131338 0.786115 0.000010 0.027509 0.000010 0.026055
0.000010 0.000010 0.909309 0.055436 0.035215 0.000010 0.000010
0.002813 0.504242 0.149589 0.127445 0.007840 0.185428 0.022643
0.000010 0.000010 0.999940 0.000010 0.000010 0.000010 0.000010
0.004941 0.046204 0.243702 0.519803 0.000010 0.073664 0.111675
0.000010 0.163165 0.836785 0.000010 0.000010 0.000010 0.000010
0.043860 0.482502 0.119770 0.007968 0.000010 0.345880 0.000010
0.040563 0.558813 0.400584 0.000010 0.000010 0.000010 0.000010
0.000010 0.214073 0.477977 0.025696 0.282225 0.000010 0.000010
0.061836 0.029779 0.000010 0.908345 0.000010 0.000010 0.000010
0.000010 0.000010 0.120481 0.000010 0.879469 0.000010 0.000010
0.000010 0.171777 0.000010 0.017893 0.000010 0.810290 0.000010
0.000010 0.000010 0.000010 0.000010 0.000010 0.999940 0.000010
0.247166 0.000010 0.000010 0.752784 0.000010 0.000010 0.000010
0.606057 0.000010 0.168081 0.014118 0.211714 0.000010 0.000010
0.957861 0.042080 0.000010 0.000010 0.000010 0.000019 0.000010
0.974468 0.025482 0.000010 0.000010 0.000010 0.000010 0.000010
0.000010 0.000010 0.000010 0.670570 0.002447 0.021200 0.305752
0.000010 0.537408 0.251652 0.000010 0.000010 0.194559 0.016351
0.000010 0.278055 0.494197 0.215731 0.000010 0.000010 0.011987
0.000010 0.059398 0.000010 0.010437 0.000010 0.930125 0.000010
0.000010 0.000010 0.537768 0.029804 0.385458 0.000010 0.046940
0.000010 0.202760 0.000010 0.000010 0.000010 0.797190 0.000010
0.000010 0.183967 0.078927 0.002588 0.000010 0.734488 0.000010
0.999940 0.000010 0.000010 0.000010 0.000010 0.000010 0.000010
0.035596 0.488085 0.018040 0.000010 0.380597 0.057762 0.019909
0.999940 0.000010 0.000010 0.000010 0.000010 0.000010 0.000010
0.984061 0.015889 0.000010 0.000010 0.000010 0.000010 0.000010
0.999940 0.000010 0.000010 0.000010 0.000010 0.000010 0.000010
0.023078 0.227782 0.228566 0.000010 0.368324 0.071782 0.080458
0.013619 0.000010 0.122600 0.000010 0.000010 0.863741 0.000010
0.033755 0.191777 0.000010 0.000010 0.000010 0.774428 0.000010
0.216359 0.000010 0.055570 0.167851 0.235477 0.260660 0.064073
0.301560 0.000010 0.000010 0.261897 0.274822 0.032062 0.129640
0.000010 0.000010 0.000010 0.000010 0.999940 0.000010 0.000010
0.000010 0.417684 0.000199 0.248115 0.067573 0.266408 0.000010
0.000010 0.049908 0.115188 0.000010 0.000010 0.834864 0.000010
0.000010 0.000010 0.000010 0.000010 0.944170 0.000010 0.055780
0.000010 0.000010 0.000010 0.000010 0.818733 0.000010 0.181217
0.000010 0.000010 0.287772 0.000010 0.528431 0.120917 0.062850
0.000010 0.000010 0.023548 0.000010 0.000010 0.976402 0.000010
0.000010 0.000010 0.042107 0.000010 0.048919 0.908934 0.000010
0.013606 0.336162 0.000010 0.000010 0.000010 0.650191 0.000010
0.000010 0.182267 0.000010 0.000010 0.000010 0.805823 0.011870
0.000010 0.000010 0.000010 0.620829 0.027554 0.000010 0.351577
0.000010 0.000010 0.895689 0.000010 0.000010 0.104261 0.000010
0.000010 0.051807 0.062821 0.551159 0.000010 0.099377 0.234817
0.000010 0.353730 0.000010 0.345727 0.000010 0.300503 0.000010
0.000010 0.000010 0.000010 0.838920 0.000010 0.000010 0.161030
0.039292 0.000016 0.000010 0.935830 0.000010 0.024832 0.000010
0.000010 0.000010 0.000010 0.983711 0.000010 0.000010 0.016239
0.000010 0.000010 0.000010 0.999940 0.000010 0.000010 0.000010
0.000010 0.000010 0.000010 0.245141 0.613968 0.000010 0.140850
0.999940 0.000010 0.000010 0.000010 0.000010 0.000010 0.000010
0.000010 0.671549 0.328401 0.000010 0.000010 0.000010 0.000010
0.000010 0.179702 0.435572 0.000010 0.000010 0.362340 0.022356
0.179790 0.000010 0.000010 0.777448 0.000010 0.000010 0.042721
0.011832 0.597735 0.013249 0.000010 0.000010 0.377153 0.000010
0.000010 0.000010 0.000010 0.999940 0.000010 0.000010 0.000010
0.000010 0.401814 0.235075 0.000010 0.000010 0.363072 0.000010
0.000010 0.345236 0.266309 0.000010 0.000010 0.356365 0.032060
0.000010 0.166720 0.724440 0.000010 0.000010 0.108799 0.000010
0.064522 0.429716 0.181749 0.000010 0.283351 0.000010 0.040641
0.000010 0.000010 0.916899 0.000010 0.000010 0.083051 0.000010
0.000010 0.299656 0.700294 0.000010 0.000010 0.000010 0.000010
0.000010 0.000010 0.232195 0.122594 0.518175 0.127006 0.000010
0.000010 0.492009 0.000010 0.253290 0.176148 0.078522 0.000010
0.058590 0.000010 0.201447 0.159391 0.459247 0.049094 0.072220
0.000010 0.805207 0.000010 0.194743 0.000010 0.000010 0.000010
0.000010 0.738431 0.000010 0.184451 0.040899 0.000010 0.036188
0.000010 0.373098 0.180561 0.000010 0.417260 0.029050 0.000010
0.000010 0.520874 0.000010 0.327011 0.060042 0.092043 0.000010
0.000010 0.000010 0.999940 0.000010 0.000010 0.000010 0.000010
0.000010 0.730626 0.000010 0.000010 0.000010 0.269324 0.000010
0.000010 0.185424 0.664003 0.000010 0.000010 0.150532 0.000010
0.000010 0.000010 0.550451 0.362146 0.000010 0.087363 0.000010
0.000010 0.015556 0.000010 0.984394 0.000010 0.000010 0.000010
0.000010 0.770727 0.021692 0.000010 0.000010 0.207541 0.000010
0.000010 0.000010 0.932911 0.066974 0.000010 0.000075 0.000010
0.938479 0.000010 0.000010 0.000010 0.027669 0.000010 0.033811
0.957042 0.000373 0.000010 0.000010 0.000010 0.024337 0.018217
0.000010 0.000010 0.273860 0.000010 0.397136 0.314061 0.014913
0.999940 0.000010 0.000010 0.000010 0.000010 0.000010 0.000010
0.918653 0.000010 0.000010 0.062004 0.000010 0.017954 0.001359
0.616308 0.105858 0.000010 0.096356 0.000010 0.171377 0.010081
0.000010 0.000010 0.000010 0.898676 0.000010 0.101274 0.000010
0.912092 0.000010 0.000010 0.000010 0.023770 0.009591 0.054517
0.924565 0.059754 0.000010 0.000010 0.000010 0.000010 0.015641
0.949640 0.000010 0.000010 0.050310 0.000010 0.000010 0.000010
0.000010 0.716880 0.086226 0.000010 0.000010 0.196854 0.000010
0.000010 0.988284 0.000010 0.000010 0.000010 0.000010 0.011666
0.185217 0.043945 0.340267 0.000010 0.430541 0.000010 0.000010
0.000010 0.245019 0.332897 0.013323 0.063014 0.345727 0.000010
0.961005 0.000010 0.000010 0.000010 0.000010 0.038945 0.000010
0.000010 0.000010 0.632250 0.057272 0.214550 0.069336 0.026573
0.902121 0.000010 0.000010 0.000010 0.097829 0.000010 0.000010
0.889847 0.037933 0.000010 0.052823 0.019367 0.000010 0.000010
0.030164 0.214429 0.291906 0.079264 0.000010 0.384217 0.000010
0.000010 0.999940 0.000010 0.000010 0.000010 0.000010 0.000010
0.880498 0.000010 0.000010 0.000010 0.000010 0.101986 0.017476
0.023687 0.853160 0.000010 0.000015 0.042247 0.080870 0.000010
0.092636 0.306354 0.000010 0.000010 0.600970 0.000010 0.000010
0.981501 0.000010 0.000010 0.000010 0.018449 0.000010 0.000010
0.869151 0.088972 0.000010 0.000010 0.041838 0.000010 0.000010
0.999940 0.000010 0.000010 0.000010 0.000010 0.000010 0.000010
0.000010 0.000010 0.702789 0.194252 0.048494 0.054435 0.000010
0.000010 0.000010 0.000010 0.000010 0.999940 0.000010 0.000010
0.000010 0.296463 0.127115 0.472211 0.000010 0.104181 0.000010
0.097716 0.206246 0.295843 0.053651 0.163391 0.164228 0.018925
0.767972 0.000010 0.000010 0.031968 0.060136 0.139895 0.000010
0.983128 0.000010 0.014265 0.000010 0.000010 0.000010 0.002566
0.776561 0.025037 0.115237 0.000010 0.007836 0.000010 0.075309
0.939094 0.060856 0.000010 0.000010 0.000010 0.000010 0.000010
0.031463 0.879755 0.000010 0.000010 0.000010 0.088742 0.000010
0.000010 0.000010 0.000010 0.000010 0.999940 0.000010 0.000010
0.000010 0.000010 0.139217 0.000010 0.000010 0.860733 0.000010
0.000010 0.131943 0.131371 0.000010 0.000010 0.679436 0.057220
0.000010 0.104264 0.000010 0.000010 0.000010 0.895686 0.000010
0.107930 0.000010 0.106303 0.452922 0.297968 0.010948 0.023920
0.999940 0.000010 0.000010 0.000010 0.000010 0.000010 0.000010
0.000010 0.000010 0.000010 0.485550 0.514400 0.000010 0.000010
0.041242 0.191383 0.035196 0.414484 0.258136 0.059549 0.000010
0.846995 0.006805 0.018623 0.000010 0.055267 0.060798 0.011502
0.913679 0.055278 0.000010 0.006796 0.024217 0.000010 0.000010
0.999940 0.000010 0.000010 0.000010 0.000010 0.000010 0.000010
0.841111 0.000010 0.000010 0.000010 0.000010 0.099879 0.058970
0.000010 0.000010 0.166637 0.000010 0.000010 0.833313 0.000010
0.000010 0.067425 0.181806 0.000010 0.000010 0.750729 0.000010
0.000010 0.000010 0.121875 0.000010 0.000010 0.878075 0.000010
0.930644 0.000010 0.000010 0.000010 0.069306 0.000010 0.000010
0.000010 0.153196 0.000010 0.000010 0.000010 0.846754 0.000010
0.000010 0.000010 0.181242 0.000010 0.000010 0.784212 0.034506
0.000010 0.109844 0.508653 0.000010 0.000010 0.381464 0.000010
0.921553 0.064668 0.000010 0.000010 0.000010 0.000010 0.013739
0.999940 0.000010 0.000010 0.000010 0.000010 0.000010 0.000010
0.790827 0.034956 0.006475 0.000010 0.042296 0.125425 0.000010
0.815802 0.000010 0.184148 0.000010 0.000010 0.000010 0.000010
0.830991 0.000010 0.130651 0.000010 0.037023 0.001305 0.000010
0.867003 0.015726 0.011728 0.000010 0.068044 0.007296 0.030193
0.961491 0.000010 0.000010 0.000010 0.038459 0.000010 0.000010
0.849641 0.046755 0.096092 0.000010 0.000010 0.000010 0.007481
0.000010 0.394479 0.326368 0.278694 0.000010 0.000010 0.000428
0.000010 0.000010 0.611012 0.000010 0.000010 0.364019 0.024929
0.867651 0.000010 0.082652 0.000010 0.000010 0.049657 0.000010
0.883087 0.000010 0.000010 0.000010 0.000010 0.074045 0.042828
0.075459 0.000010 0.000010 0.000010 0.000010 0.919034 0.005468
0.000010 0.074245 0.000010 0.000010 0.000010 0.891525 0.034190
0.000010 0.000010 0.037525 0.000010 0.000010 0.962425 0.000010
0.572377 0.161543 0.000010 0.266039 0.000010 0.000010 0.000010
0.000010 0.778629 0.221321 0.000010 0.000010 0.000010 0.000010
0.000010 0.448659 0.551291 0.000010 0.000010 0.000010 0.000010
0.978574 0.000010 0.000010 0.000010 0.000010 0.021376 0.000010
0.090002 0.296029 0.156030 0.000010 0.258478 0.023315 0.176135
0.026338 0.195710 0.659222 0.000010 0.104744 0.013966 0.000010
0.999940 0.000010 0.000010 0.000010 0.000010 0.000010 0.000010
0.094079 0.545320 0.000010 0.000010 0.347509 0.000010 0.013062
0.000010 0.314127 0.062156 0.072486 0.111225 0.439986 0.000010
0.000010 0.881467 0.000010 0.063191 0.055302 0.000010 0.000010
0.000010 0.000010 0.796165 0.203785 0.000010 0.000010 0.000010
0.000010 0.000010 0.000010 0.000010 0.999940 0.000010 0.000010
0.000010 0.550904 0.203306 0.000010 0.079976 0.129630 0.036164
0.196212 0.107289 0.124022 0.319592 0.183117 0.069758 0.000010
0.000010 0.999940 0.000010 0.000010 0.000010 0.000010 0.000010
0.000010 0.000010 0.083770 0.009694 0.617798 0.288708 0.000010
0.999940 0.000010 0.000010 0.000010 0.000010 0.000010 0.000010
0.019715 0.520392 0.263998 0.000010 0.000010 0.045681 0.150193
0.000010 0.812122 0.000010 0.000010 0.187828 0.000010 0.000010
0.000010 0.863776 0.000010 0.046568 0.042245 0.000010 0.047381
0.296352 0.000010 0.000010 0.703598 0.000010 0.000010 0.000010
0.042607 0.518995 0.328303 0.081831 0.013295 0.000010 0.014960
0.092359 0.716313 0.083844 0.061509 0.000010 0.045955 0.000010
0.056714 0.592624 0.000010 0.081548 0.000010 0.240693 0.028401
0.000010 0.019903 0.980047 0.000010 0.000010 0.000010 0.000010
0.000010 0.000010 0.724321 0.000010 0.275629 0.000010 0.000010
0.000010 0.000010 0.372848 0.120642 0.411930 0.094550 0.000010
0.000010 0.000010 0.999940 0.000010 0.000010 0.000010 0.000010
0.000010 0.000020 0.999930 0.000010 0.000010 0.000010 0.000010
0.000010 0.208016 0.791934 0.000010 0.000010 0.000010 0.000010
0.000010 0.999940 0.000010 0.000010 0.000010 0.000010 0.000010
0.000010 0.361492 0.546456 0.000010 0.092012 0.000010 0.000010
0.000010 0.999940 0.000010 0.000010 0.000010 0.000010 0.000010
0.000010 0.744084 0.072301 0.000010 0.000010 0.183575 0.000010
0.032797 0.765624 0.103455 0.000010 0.072605 0.000010 0.025499
0.040100 0.959850 0.000010 0.000010 0.000010 0.000010 0.000010
0.081602 0.814265 0.053664 0.000010 0.002766 0.000010 0.047682
0.354433 0.252549 0.000010 0.112281 0.216374 0.064343 0.000010
0.000010 0.683069 0.000010 0.000010 0.000010 0.316881 0.000010
0.000010 0.652374 0.184239 0.000010 0.000010 0.158137 0.005221
0.000010 0.824687 0.000010 0.109904 0.011810 0.053569 0.000010
0.487931 0.309632 0.000010 0.160362 0.000010 0.042045 0.000010
0.000010 0.000010 0.913601 0.000010 0.000010 0.086349 0.000010
0.029427 0.046277 0.803876 0.120391 0.000010 0.000010 0.000010
0.000010 0.427419 0.204304 0.327692 0.031642 0.007033 0.001900
0.025669 0.488028 0.000010 0.033631 0.139361 0.313293 0.000010
0.898809 0.000010 0.000010 0.097171 0.000010 0.003980 0.000010
0.915521 0.000010 0.071416 0.000010 0.000010 0.000010 0.013023
0.009892 0.000010 0.719416 0.188340 0.000010 0.000010 0.082322
0.876804 0.000010 0.000010 0.065614 0.000010 0.057541 0.000010
0.572286 0.266771 0.000010 0.000010 0.116974 0.000010 0.043939
0.000010 0.000010 0.999940 0.000010 0.000010 0.000010 0.000010
0.627768 0.000010 0.000010 0.040046 0.131634 0.177599 0.022934
0.167224 0.247337 0.241876 0.000010 0.304002 0.023862 0.015689
0.000010 0.797221 0.112069 0.000010 0.000010 0.090670 0.000010
0.000010 0.369159 0.000010 0.007028 0.536717 0.016229 0.070847
0.712701 0.024278 0.033622 0.000010 0.050679 0.163591 0.015118
0.000010 0.504154 0.446489 0.000010 0.049317 0.000010 0.000010
0.000010 0.586749 0.227634 0.000010 0.078139 0.102837 0.004621
0.000010 0.221976 0.430483 0.000010 0.000010 0.347501 0.000010
0.048134 0.427499 0.102509 0.000010 0.023711 0.393335 0.004802
0.000010 0.015299 0.055600 0.000010 0.000010 0.929061 0.000010
0.000010 0.584200 0.320125 0.000010 0.000010 0.082384 0.013261
0.137436 0.491975 0.053906 0.000010 0.022788 0.293876 0.000010
0.094079 0.460601 0.398062 0.000010 0.000010 0.047228 0.000010
0.000010 0.000010 0.078901 0.000010 0.000010 0.909592 0.011467
0.005111 0.050821 0.000010 0.000010 0.000010 0.944028 0.000010
0.664787 0.013554 0.000010 0.000010 0.228902 0.092726 0.000010
0.612567 0.123708 0.000010 0.058568 0.000010 0.174992 0.030146
