0.000010 0.000010 0.000010 0.000010 0.000010 0.000010 0.000010 0.000010 0.000010 0.652308 0.000010 0.229373 0.118199 0.000010 0.000010
0.003843 0.000010 0.029417 0.000010 0.677316 0.145250 0.000010 0.000010 0.020243 0.000010 0.083022 0.020868 0.000010 0.019972 0.000010
0.000010 0.000010 0.000010 0.865548 0.000010 0.000010 0.000010 0.000010 0.000010 0.036624 0.000010 0.000010 0.000010 0.097708 0.000010
0.000010 0.000010 0.000010 0.000010 0.000010 0.156064 0.000010 0.000010 0.000010 0.000010 0.140605 0.000010 0.000010 0.703210 0.000010
0.000010 0.000010 0.000010 0.000010 0.000010 0.000010 0.000010 0.000010 0.000010 0.000010 0.000010 0.000010 0.000010 0.999860 0.000010
0.000010 0.000010 0.000010 0.000010 0.000010 0.652907 0.000010 0.000010 0.108833 0.000010 0.000010 0.000010 0.000010 0.238141 0.000010
0.000010 0.000010 0.000010 0.058787 0.000010 0.606276 0.000010 0.000010 0.000010 0.334816 0.000010 0.000010 0.000010 0.000010 0.000010
0.000010 0.056392 0.000010 0.380396 0.000010 0.362058 0.000010 0.000010 0.000010 0.000010 0.147848 0.000010 0.000010 0.053206 0.000010
0.267909 0.000010 0.000010 0.000010 0.000010 0.000010 0.000010 0.000010 0.000010 0.000010 0.000010 0.000010 0.569786 0.000010 0.162185
0.063955 0.000010 0.000010 0.371888 0.000010 0.000010 0.000010 0.000010 0.000010 0.000010 0.000010 0.000010 0.564037 0.000010 0.000010
0.000010 0.999860 0.000010 0.000010 0.000010 0.000010 0.000010 0.000010 0.000010 0.000010 0.000010 0.000010 0.000010 0.000010 0.000010
0.000010 0.422008 0.000010 0.207319 0.010157 0.061530 0.000010 0.081598 0.000010 0.178184 0.000010 0.000010 0.003484 0.000010 0.035649
0.000010 0.000010 0.000010 0.000010 0.000010 0.000010 0.000010 0.999860 0.000010 0.000010 0.000010 0.000010 0.000010 0.000010 0.000010
0.000010 0.000010 0.000010 0.000010 0.000010 0.000010 0.000010 0.999860 0.000010 0.000010 0.000010 0.000010 0.000010 0.000010 0.000010
0.000010 0.000010 0.000010 0.000010 0.000010 0.000010 0.000010 0.999860 0.000010 0.000010 0.000010 0.000010 0.000010 0.000010 0.000010
0.000010 0.000010 0.000010 0.000010 0.907835 0.000010 0.000010 0.000010 0.000010 0.092035 0.000010 0.000010 0.000010 0.000010 0.000010
0.000010 0.005347 0.000010 0.000010 0.105618 0.512679 0.000010 0.000010 0.000010 0.083365 0.000010 0.000010 0.000010 0.292890 0.000010
0.000010 0.077148 0.000010 0.000010 0.000010 0.000010 0.000010 0.175430 0.000010 0.000010 0.129305 0.618007 0.000010 0.000010 0.000010
0.000010 0.007453 0.000010 0.305166 0.000010 0.000010 0.115634 0.008724 0.000010 0.151953 0.000010 0.309835 0.000010 0.013500 0.087666
0.000010 0.000010 0.000010 0.000010 0.000010 0.999860 0.000010 0.000010 0.000010 0.000010 0.000010 0.000010 0.000010 0.000010 0.000010
0.000010 0.999860 0.000010 0.000010 0.000010 0.000010 0.000010 0.000010 0.000010 0.000010 0.000010 0.000010 0.000010 0.000010 0.000010
0.000010 0.999860 0.000010 0.000010 0.000010 0.000010 0.000010 0.000010 0.000010 0.000010 0.000010 0.000010 0.000010 0.000010 0.000010
0.000010 0.000010 0.000010 0.341492 0.000010 0.128339 0.000010 0.000010 0.000010 0.210802 0.008586 0.000010 0.000010 0.310681 0.000010
0.000010 0.999860 0.000010 0.000010 0.000010 0.000010 0.000010 0.000010 0.000010 0.000010 0.000010 0.000010 0.000010 0.000010 0.000010
0.000010 0.000010 0.026853 0.060761 0.040415 0.674755 0.006576 0.000010 0.000010 0.000010 0.058584 0.000010 0.000010 0.110745 0.021241
0.000010 0.000010 0.000010 0.923944 0.000010 0.000010 0.000010 0.000010 0.075926 0.000010 0.000010 0.000010 0.000010 0.000010 0.000010
0.000691 0.000010 0.000010 0.956292 0.000010 0.000010 0.000010 0.000010 0.042897 0.000010 0.000010 0.000010 0.000010 0.000010 0.000010
0.000010 0.000010 0.000010 0.999860 0.000010 0.000010 0.000010 0.000010 0.000010 0.000010 0.000010 0.000010 0.000010 0.000010 0.000010
0.000010 0.000010 0.000010 0.222072 0.089649 0.249791 0.000010 0.000010 0.000010 0.209736 0.000010 0.000010 0.000010 0.228652 0.000010
0.000010 0.000010 0.000010 0.260876 0.119085 0.270847 0.000010 0.000010 0.069066 0.000010 0.047531 0.000010 0.000010 0.232506 0.000010
0.000010 0.000010 0.000010 0.197070 0.000010 0.000010 0.000010 0.000010 0.000010 0.239771 0.000010 0.000010 0.563039 0.000010 0.000010
0.618597 0.000010 0.000010 0.028541 0.153543 0.047716 0.000010 0.000010 0.000010 0.000010 0.000010 0.113895 0.037617 0.000010 0.000010
0.000010 0.000010 0.000010 0.464040 0.082670 0.298279 0.000010 0.000010 0.000010 0.000010 0.000010 0.000010 0.000010 0.147908 0.007003
0.000010 0.000010 0.000010 0.999860 0.000010 0.000010 0.000010 0.000010 0.000010 0.000010 0.000010 0.000010 0.000010 0.000010 0.000010
0.000010 0.000010 0.000010 0.179679 0.205169 0.426262 0.000010 0.000010 0.020861 0.000010 0.104717 0.000010 0.000010 0.056745 0.006488
0.000010 0.000010 0.000010 0.000010 0.000010 0.608269 0.000010 0.000010 0.000010 0.257443 0.000010 0.000010 0.000010 0.000010 0.134167
0.015782 0.000010 0.000010 0.316794 0.043826 0.034045 0.000010 0.044994 0.098174 0.000010 0.008529 0.000010 0.000010 0.437786 0.000010
0.000010 0.000010 0.000010 0.369194 0.171448 0.000010 0.000010 0.030525 0.020300 0.000010 0.038290 0.000010 0.000010 0.370153 0.000010
0.018210 0.000010 0.184991 0.000010 0.097648 0.000010 0.034749 0.073881 0.061112 0.000010 0.200768 0.010877 0.000010 0.061031 0.256683
0.000010 0.000010 0.038457 0.683083 0.000010 0.000010 0.000010 0.000010 0.000010 0.000010 0.051965 0.000010 0.000010 0.180458 0.045937
0.599979 0.008626 0.197882 0.006397 0.000010 0.000010 0.000010 0.000010 0.000010 0.000010 0.031516 0.000010 0.000010 0.100799 0.054721
0.000010 0.000010 0.000010 0.000010 0.000010 0.000010 0.000010 0.999860 0.000010 0.000010 0.000010 0.000010 0.000010 0.000010 0.000010
0.000010 0.414712 0.000010 0.000010 0.000010 0.000010 0.000010 0.585158 0.000010 0.000010 0.000010 0.000010 0.000010 0.000010 0.000010
0.000010 0.843166 0.000010 0.000010 0.000010 0.000010 0.000010 0.156704 0.000010 0.000010 0.000010 0.000010 0.000010 0.000010 0.000010
0.172706 0.827164 0.000010 0.000010 0.000010 0.000010 0.000010 0.000010 0.000010 0.000010 0.000010 0.000010 0.000010 0.000010 0.000010
0.000010 0.999860 0.000010 0.000010 0.000010 0.000010 0.000010 0.000010 0.000010 0.000010 0.000010 0.000010 0.000010 0.000010 0.000010
0.152659 0.810783 0.000010 0.000010 0.000010 0.000010 0.000010 0.036437 0.000010 0.000010 0.000010 0.000010 0.000010 0.000010 0.000010
0.000010 0.999860 0.000010 0.000010 0.000010 0.000010 0.000010 0.000010 0.000010 0.000010 0.000010 0.000010 0.000010 0.000010 0.000010
0.000010 0.000010 0.000010 0.000010 0.000010 0.000010 0.000010 0.000010 0.000010 0.999860 0.000010 0.000010 0.000010 0.000010 0.000010
0.000010 0.221334 0.000010 0.000010 0.000010 0.000010 0.000010 0.137461 0.071242 0.000010 0.051628 0.518236 0.000010 0.000010 0.000010
0.000010 0.000010 0.000010 0.000010 0.000010 0.000010 0.000010 0.999860 0.000010 0.000010 0.000010 0.000010 0.000010 0.000010 0.000010
0.000010 0.000010 0.000010 0.000010 0.000010 0.215687 0.000010 0.000010 0.000010 0.000010 0.000010 0.000010 0.000010 0.784183 0.000010
0.000010 0.999860 0.000010 0.000010 0.000010 0.000010 0.000010 0.000010 0.000010 0.000010 0.000010 0.000010 0.000010 0.000010 0.000010
0.000010 0.180633 0.000010 0.000010 0.000010 0.000010 0.000010 0.434216 0.148047 0.000010 0.000010 0.236994 0.000010 0.000010 0.000010
0.000010 0.000010 0.000010 0.000010 0.145582 0.000010 0.000010 0.000010 0.000010 0.000010 0.114113 0.000010 0.000010 0.000010 0.740185
0.095876 0.680355 0.053938 0.000010 0.000010 0.000010 0.000010 0.163556 0.000010 0.000010 0.000010 0.006176 0.000010 0.000010 0.000010
0.000010 0.000010 0.000010 0.000010 0.000010 0.000010 0.000010 0.001817 0.000010 0.000010 0.089602 0.889418 0.000010 0.000010 0.019053
0.638341 0.000010 0.000010 0.000010 0.000010 0.000010 0.000010 0.184333 0.000010 0.000010 0.000010 0.177206 0.000010 0.000010 0.000010
0.000010 0.198162 0.000010 0.000010 0.000010 0.070847 0.000010 0.163699 0.000010 0.000010 0.000010 0.567183 0.000010 0.000010 0.000010
0.121648 0.000010 0.000010 0.000010 0.384261 0.000010 0.000010 0.011653 0.000010 0.000010 0.000010 0.144564 0.000010 0.148118 0.189666
0.000010 0.000010 0.000010 0.183440 0.462921 0.000010 0.038675 0.000010 0.000010 0.000010 0.036107 0.000010 0.022762 0.174777 0.081238
0.301088 0.000010 0.074262 0.000010 0.000010 0.000010 0.000010 0.000010 0.237838 0.000010 0.154065 0.000010 0.000010 0.000010 0.232648
0.168727 0.000010 0.007461 0.000010 0.298000 0.000010 0.000010 0.000010 0.000010 0.217235 0.060896 0.156914 0.090687 0.000010 0.000010
0.322207 0.000010 0.000010 0.000010 0.193677 0.185071 0.000010 0.000010 0.000010 0.052103 0.143893 0.083609 0.019360 0.000010 0.000010
0.000010 0.000010 0.009292 0.145829 0.000010 0.824512 0.000010 0.000010 0.000010 0.000010 0.000010 0.000010 0.000010 0.000010 0.020257
0.000010 0.000010 0.044015 0.095709 0.000010 0.402514 0.000010 0.014776 0.042710 0.000010 0.000010 0.000010 0.000010 0.400186 0.000010
0.000010 0.019949 0.000010 0.000010 0.000010 0.000010 0.000010 0.000010 0.000010 0.000010 0.000010 0.000010 0.000010 0.000010 0.979921
0.000010 0.000010 0.000010 0.000010 0.000010 0.000010 0.000010 0.000010 0.000010 0.000010 0.000010 0.000010 0.000010 0.000010 0.999860
0.000010 0.090082 0.011814 0.000010 0.000010 0.000010 0.000010 0.000010 0.000010 0.000010 0.000010 0.897985 0.000010 0.000010 0.000010
0.118021 0.051417 0.089960 0.000010 0.000010 0.000010 0.000010 0.062998 0.000542 0.065582 0.000010 0.543540 0.010433 0.057447 0.000010
0.000010 0.000010 0.081298 0.000010 0.724788 0.152271 0.000010 0.000010 0.000010 0.000010 0.000010 0.000010 0.013298 0.000010 0.028244
0.000010 0.000010 0.000010 0.000010 0.000010 0.000010 0.000010 0.000010 0.000010 0.000010 0.000010 0.999860 0.000010 0.000010 0.000010
0.063946 0.041976 0.119792 0.000010 0.000010 0.000010 0.050376 0.075053 0.007163 0.134582 0.000010 0.507042 0.000010 0.000010 0.000010
0.912488 0.000010 0.000010 0.000010 0.000010 0.000010 0.000010 0.000010 0.000010 0.000010 0.000010 0.000010 0.000010 0.000010 0.087382
0.083803 0.052208 0.118878 0.040534 0.000010 0.000010 0.000010 0.049264 0.000010 0.062104 0.000010 0.585741 0.000010 0.007398 0.000010
0.665797 0.000010 0.000010 0.000010 0.156942 0.000010 0.000010 0.000010 0.000010 0.177141 0.000010 0.000010 0.000010 0.000010 0.000010
0.000010 0.000010 0.080647 0.000010 0.000010 0.000010 0.000010 0.000010 0.000010 0.000010 0.000010 0.082307 0.000010 0.095007 0.741928
0.320014 0.000010 0.000010 0.000010 0.118984 0.120606 0.000010 0.000010 0.005754 0.000010 0.113922 0.000010 0.000010 0.000010 0.320631
0.000010 0.000010 0.033220 0.171181 0.679610 0.000010 0.000010 0.000010 0.010216 0.005577 0.000010 0.000010 0.000010 0.100107 0.000010
0.081777 0.079480 0.034815 0.000010 0.000010 0.000010 0.064607 0.009803 0.000010 0.012537 0.074111 0.514813 0.038469 0.089538 0.000010
0.000010 0.013828 0.000010 0.483262 0.163698 0.316223 0.000010 0.000010 0.000010 0.000010 0.017464 0.000010 0.000010 0.005435 0.000010
0.000010 0.000010 0.000010 0.000010 0.000010 0.000010 0.000010 0.000010 0.000010 0.000010 0.000010 0.000010 0.000010 0.999860 0.000010
0.000010 0.000010 0.000010 0.244700 0.000010 0.708493 0.000010 0.046687 0.000010 0.000010 0.000010 0.000010 0.000010 0.000010 0.000010
0.000010 0.000010 0.000010 0.431212 0.000010 0.484060 0.000010 0.000010 0.000010 0.000010 0.000010 0.017076 0.000010 0.000010 0.067543
0.000010 0.000010 0.000010 0.000010 0.000010 0.517213 0.000010 0.000010 0.000010 0.000010 0.000010 0.000010 0.000010 0.463074 0.019593
0.000010 0.000010 0.000010 0.318552 0.067506 0.421612 0.021502 0.000010 0.000010 0.000010 0.000010 0.000010 0.012684 0.158054 0.000010
0.000010 0.000010 0.000010 0.000010 0.000010 0.000010 0.000010 0.000010 0.000010 0.000010 0.000010 0.000010 0.000010 0.000010 0.999860
0.000010 0.000010 0.000010 0.000010 0.000010 0.000010 0.000010 0.999860 0.000010 0.000010 0.000010 0.000010 0.000010 0.000010 0.000010
0.000010 0.000010 0.999860 0.000010 0.000010 0.000010 0.000010 0.000010 0.000010 0.000010 0.000010 0.000010 0.000010 0.000010 0.000010
0.000010 0.968935 0.000010 0.000010 0.000010 0.000010 0.000010 0.030935 0.000010 0.000010 0.000010 0.000010 0.000010 0.000010 0.000010
0.000010 0.999858 0.000010 0.000010 0.000012 0.000010 0.000010 0.000010 0.000010 0.000010 0.000010 0.000010 0.000010 0.000010 0.000010
0.000010 0.999860 0.000010 0.000010 0.000010 0.000010 0.000010 0.000010 0.000010 0.000010 0.000010 0.000010 0.000010 0.000010 0.000010
0.072809 0.118671 0.000010 0.000010 0.000010 0.000010 0.000337 0.263775 0.008276 0.000010 0.000010 0.536042 0.000010 0.000010 0.000010
0.000010 0.075317 0.000010 0.000010 0.000010 0.000010 0.000010 0.000010 0.000010 0.000010 0.000010 0.000010 0.000010 0.000010 0.924553
0.000010 0.000010 0.000010 0.000010 0.057302 0.000010 0.000010 0.000010 0.000010 0.000010 0.000010 0.000010 0.000010 0.000010 0.942568
0.000010 0.000010 0.000010 0.000010 0.146331 0.853539 0.000010 0.000010 0.000010 0.000010 0.000010 0.000010 0.000010 0.000010 0.000010
0.000010 0.000010 0.999860 0.000010 0.000010 0.000010 0.000010 0.000010 0.000010 0.000010 0.000010 0.000010 0.000010 0.000010 0.000010
0.716685 0.000010 0.000010 0.000010 0.000010 0.000010 0.000010 0.000010 0.000010 0.000010 0.000010 0.000010 0.000010 0.283185 0.000010
0.013681 0.076071 0.000010 0.000010 0.000010 0.000010 0.039541 0.000010 0.000010 0.000010 0.000010 0.000010 0.074922 0.000010 0.795685
0.000010 0.000010 0.000010 0.000010 0.000010 0.000010 0.000010 0.000010 0.999860 0.000010 0.000010 0.000010 0.000010 0.000010 0.000010
0.000010 0.098453 0.024266 0.000010 0.400984 0.130870 0.000010 0.000010 0.169606 0.064504 0.018918 0.060449 0.004137 0.015263 0.012508
0.000010 0.000010 0.000010 0.000010 0.000010 0.046794 0.000010 0.000010 0.324026 0.000010 0.000010 0.000010 0.000010 0.000010 0.629060
0.089798 0.021179 0.000010 0.057570 0.000010 0.076328 0.007528 0.122876 0.145929 0.091684 0.000010 0.340743 0.000010 0.046315 0.000010
0.000010 0.000010 0.000010 0.000010 0.142347 0.000010 0.000010 0.000010 0.315234 0.020991 0.041685 0.000010 0.000010 0.000010 0.479643
0.000010 0.000010 0.000010 0.000010 0.352174 0.312592 0.000010 0.000010 0.113699 0.000010 0.150499 0.037956 0.000010 0.000010 0.032989
0.000010 0.000010 0.000010 0.009541 0.298303 0.000010 0.000010 0.000010 0.048329 0.112616 0.000010 0.000010 0.000010 0.000010 0.531112
0.290721 0.019787 0.000010 0.000010 0.000010 0.000010 0.000010 0.000010 0.000010 0.000010 0.141417 0.011019 0.000010 0.000010 0.536957
0.008028 0.000010 0.069055 0.000010 0.000010 0.000010 0.000010 0.076818 0.000010 0.000010 0.147850 0.698149 0.000010 0.000010 0.000010
0.907117 0.000010 0.000010 0.000010 0.000010 0.000010 0.000010 0.000010 0.092753 0.000010 0.000010 0.000010 0.000010 0.000010 0.000010
0.000010 0.000010 0.000010 0.223296 0.120341 0.490645 0.000010 0.016760 0.000010 0.000010 0.065514 0.012641 0.000010 0.045420 0.025313
0.000010 0.000010 0.000010 0.413085 0.000010 0.481599 0.000010 0.000010 0.000010 0.000010 0.000010 0.000010 0.000010 0.105196 0.000010
0.000010 0.004672 0.425929 0.000010 0.000010 0.000010 0.000010 0.000010 0.000010 0.000010 0.000010 0.569279 0.000010 0.000010 0.000010
0.000010 0.000010 0.999860 0.000010 0.000010 0.000010 0.000010 0.000010 0.000010 0.000010 0.000010 0.000010 0.000010 0.000010 0.000010
0.000010 0.000010 0.000010 0.078054 0.014499 0.000010 0.858398 0.013768 0.000010 0.000010 0.000010 0.000010 0.005266 0.000010 0.029925
0.000010 0.000010 0.112137 0.000010 0.000010 0.000010 0.831863 0.000010 0.000010 0.000010 0.055879 0.000010 0.000010 0.000010 0.000010
0.000010 0.097723 0.000010 0.000010 0.000010 0.025917 0.000010 0.205750 0.000010 0.000010 0.000010 0.665592 0.000010 0.000010 0.004919
0.000010 0.000010 0.000010 0.000010 0.493160 0.000010 0.000010 0.108068 0.059782 0.057759 0.067164 0.000010 0.000010 0.161044 0.052943
0.000010 0.033103 0.000010 0.000010 0.093533 0.000010 0.000010 0.034179 0.163660 0.000010 0.000010 0.208274 0.000010 0.101205 0.365965
0.000010 0.000010 0.000010 0.376974 0.000010 0.320005 0.000010 0.000010 0.000010 0.230126 0.000010 0.000010 0.000010 0.072785 0.000010
0.380157 0.038631 0.000010 0.000010 0.129625 0.000010 0.000010 0.007014 0.435732 0.000010 0.000010 0.008750 0.000010 0.000010 0.000010
0.000010 0.000010 0.000010 0.016073 0.000010 0.733021 0.000010 0.000010 0.000010 0.144987 0.105809 0.000010 0.000010 0.000010 0.000010
0.000010 0.000010 0.000010 0.485381 0.000010 0.133250 0.013660 0.000010 0.000010 0.136783 0.000010 0.000010 0.000010 0.123236 0.107600
0.000010 0.000010 0.000010 0.000010 0.000010 0.000010 0.999860 0.000010 0.000010 0.000010 0.000010 0.000010 0.000010 0.000010 0.000010
0.333586 0.000010 0.036033 0.081118 0.430659 0.000010 0.000010 0.000010 0.000010 0.000010 0.000010 0.009832 0.008101 0.000010 0.100591
0.000010 0.008762 0.000010 0.023363 0.000010 0.000010 0.967755 0.000010 0.000010 0.000010 0.000010 0.000010 0.000010 0.000010 0.000010
0.000010 0.000010 0.000010 0.000010 0.000010 0.000010 0.978792 0.000010 0.000010 0.002970 0.000010 0.000010 0.018117 0.000010 0.000010
0.011098 0.000010 0.000010 0.000010 0.075529 0.000010 0.913253 0.000010 0.000010 0.000010 0.000010 0.000010 0.000010 0.000010 0.000010
0.467483 0.071008 0.000010 0.000010 0.169079 0.000010 0.000010 0.000010 0.000010 0.000010 0.000010 0.000010 0.000010 0.119587 0.172743
0.000010 0.000010 0.000010 0.189575 0.000010 0.328549 0.000010 0.000010 0.000010 0.228722 0.000010 0.000010 0.000010 0.215099 0.037955
0.000010 0.000010 0.000010 0.999860 0.000010 0.000010 0.000010 0.000010 0.000010 0.000010 0.000010 0.000010 0.000010 0.000010 0.000010
0.369758 0.000010 0.337944 0.014906 0.000010 0.000010 0.000010 0.000010 0.000010 0.024544 0.000010 0.010315 0.000010 0.242443 0.000010
0.366807 0.070183 0.458972 0.000010 0.000010 0.000010 0.000010 0.033115 0.000010 0.054442 0.000010 0.016392 0.000010 0.000010 0.000010
0.000010 0.000010 0.000010 0.000010 0.000010 0.000010 0.000010 0.000010 0.000010 0.000010 0.000010 0.000010 0.999860 0.000010 0.000010
0.000010 0.010395 0.000010 0.000010 0.368342 0.076681 0.000010 0.000010 0.105635 0.110066 0.000010 0.169545 0.057913 0.101352 0.000010
0.000010 0.000010 0.000010 0.195706 0.000010 0.384976 0.000791 0.000010 0.000010 0.203185 0.000010 0.000010 0.000010 0.114681 0.100570
0.999860 0.000010 0.000010 0.000010 0.000010 0.000010 0.000010 0.000010 0.000010 0.000010 0.000010 0.000010 0.000010 0.000010 0.000010
0.755554 0.171071 0.000010 0.000010 0.000010 0.000010 0.000010 0.000010 0.000010 0.000010 0.000010 0.000010 0.073255 0.000010 0.000010
0.696236 0.000010 0.000010 0.000010 0.000010 0.000010 0.000010 0.000010 0.000010 0.000010 0.000010 0.000010 0.000010 0.303634 0.000010
0.000010 0.000010 0.000010 0.000010 0.000010 0.999860 0.000010 0.000010 0.000010 0.000010 0.000010 0.000010 0.000010 0.000010 0.000010
0.000010 0.000010 0.000010 0.000010 0.000010 0.782856 0.000010 0.000010 0.066986 0.077889 0.016208 0.000010 0.055961 0.000010 0.000010
0.000010 0.000010 0.000010 0.208908 0.314071 0.384076 0.064857 0.000010 0.027409 0.000010 0.000589 0.000010 0.000010 0.000010 0.000010
0.000010 0.000010 0.000010 0.883336 0.000010 0.000010 0.000010 0.027431 0.000010 0.000010 0.000010 0.000010 0.000010 0.089113 0.000010
0.095650 0.060364 0.000010 0.006040 0.000010 0.000010 0.000010 0.304438 0.000010 0.000010 0.000010 0.489966 0.043453 0.000010 0.000010
0.000010 0.000010 0.000010 0.000010 0.000010 0.000010 0.000010 0.000010 0.951707 0.000010 0.048163 0.000010 0.000010 0.000010 0.000010
0.000010 0.151067 0.000010 0.000010 0.000010 0.000010 0.000010 0.160903 0.036227 0.206329 0.000010 0.331604 0.000010 0.113779 0.000010
0.000010 0.000010 0.000010 0.000010 0.000010 0.000010 0.000010 0.000010 0.077178 0.724213 0.000010 0.000010 0.000010 0.198489 0.000010
0.000010 0.084456 0.000010 0.000010 0.000010 0.000010 0.000010 0.105101 0.000010 0.000010 0.000010 0.810323 0.000010 0.000010 0.000010
0.000010 0.000010 0.000010 0.000010 0.000010 0.000010 0.000010 0.013077 0.000010 0.000010 0.000010 0.834773 0.152030 0.000010 0.000010
0.102417 0.076149 0.000010 0.000010 0.000010 0.000010 0.000010 0.000010 0.031211 0.000010 0.000010 0.790113 0.000010 0.000010 0.000010
0.000010 0.000010 0.000010 0.000010 0.000010 0.000010 0.000010 0.031724 0.080262 0.000010 0.000010 0.805314 0.082590 0.000010 0.000010
0.635069 0.109742 0.000010 0.000010 0.000010 0.000010 0.000010 0.000010 0.000010 0.000010 0.000010 0.148134 0.106945 0.000010 0.000010
0.000010 0.000010 0.000010 0.000010 0.000010 0.000010 0.999860 0.000010 0.000010 0.000010 0.000010 0.000010 0.000010 0.000010 0.000010
0.000010 0.000010 0.000010 0.000010 0.359697 0.000010 0.000010 0.000010 0.000010 0.000010 0.000010 0.000010 0.000010 0.000010 0.640173
0.000010 0.000010 0.000010 0.000010 0.249352 0.000010 0.000010 0.009224 0.360500 0.001225 0.000010 0.000010 0.000010 0.379600 0.000010
0.000010 0.006207 0.219671 0.000010 0.000010 0.000010 0.036041 0.000010 0.000010 0.000010 0.000010 0.737971 0.000010 0.000010 0.000010
0.000010 0.000010 0.000010 0.319412 0.504082 0.083581 0.009527 0.000010 0.016439 0.000010 0.000010 0.000010 0.041689 0.000010 0.025191
0.020098 0.005858 0.000010 0.000010 0.000010 0.000010 0.000010 0.000010 0.000010 0.000010 0.000010 0.973925 0.000010 0.000010 0.000010
0.000010 0.000010 0.000010 0.105707 0.327515 0.215138 0.000010 0.000010 0.166295 0.000010 0.000010 0.000010 0.000010 0.135774 0.049481
0.000010 0.014424 0.000010 0.001540 0.233954 0.146620 0.000010 0.000010 0.086854 0.000010 0.000010 0.000010 0.016769 0.272925 0.226845
0.000010 0.000010 0.000010 0.158781 0.162089 0.000010 0.000010 0.000010 0.336068 0.000010 0.000010 0.000010 0.000010 0.000010 0.342953
0.208040 0.054064 0.146508 0.000010 0.266273 0.109256 0.000010 0.000010 0.000010 0.000010 0.017713 0.000010 0.054632 0.000010 0.143443
0.052063 0.000010 0.000010 0.000010 0.000010 0.000010 0.000010 0.000010 0.241243 0.000010 0.059960 0.000010 0.000010 0.225127 0.421508
0.044522 0.004360 0.000010 0.000010 0.214528 0.000010 0.000010 0.006484 0.114803 0.000010 0.000010 0.000010 0.000010 0.093687 0.521536
0.506498 0.000010 0.112213 0.000010 0.000010 0.000010 0.000010 0.000010 0.037856 0.000010 0.000010 0.004016 0.000010 0.339318 0.000010
0.225236 0.000010 0.000010 0.000010 0.000010 0.000010 0.000010 0.000010 0.000010 0.597368 0.137286 0.039999 0.000010 0.000010 0.000010
0.495020 0.020132 0.054875 0.000010 0.000010 0.000010 0.010893 0.027972 0.202342 0.000010 0.000010 0.107025 0.022070 0.059610 0.000010
0.000010 0.000010 0.000010 0.000010 0.000010 0.000010 0.000010 0.000010 0.000010 0.999860 0.000010 0.000010 0.000010 0.000010 0.000010
0.000010 0.000010 0.000010 0.000010 0.000010 0.000010 0.000010 0.000010 0.000010 0.999860 0.000010 0.000010 0.000010 0.000010 0.000010
0.347604 0.000010 0.000010 0.000010 0.044017 0.138262 0.000010 0.034525 0.066128 0.103672 0.227375 0.000010 0.000010 0.000010 0.038348
0.000010 0.000010 0.000010 0.000010 0.000010 0.000010 0.000010 0.000010 0.000010 0.999860 0.000010 0.000010 0.000010 0.000010 0.000010
0.000010 0.000010 0.000010 0.000010 0.000010 0.000010 0.000010 0.000010 0.644179 0.000010 0.000010 0.000010 0.000010 0.011102 0.344599
0.000010 0.000010 0.000010 0.090834 0.681029 0.000010 0.000010 0.000010 0.000010 0.000010 0.046224 0.000010 0.000010 0.181803 0.000010
0.000010 0.000010 0.000010 0.000010 0.126712 0.000010 0.000010 0.000010 0.160449 0.000010 0.047834 0.000010 0.000010 0.452314 0.212592
0.000010 0.000010 0.000010 0.000010 0.000010 0.000010 0.000010 0.000010 0.680165 0.000010 0.000010 0.319705 0.000010 0.000010 0.000010
0.000010 0.000010 0.000010 0.000010 0.000010 0.000010 0.000010 0.000010 0.000010 0.063433 0.047277 0.889169 0.000010 0.000010 0.000010
0.000010 0.000192 0.024474 0.000010 0.653666 0.000010 0.000010 0.000010 0.000010 0.000010 0.126247 0.000010 0.000010 0.195320 0.000010
0.000010 0.000010 0.000010 0.000010 0.000010 0.000010 0.000010 0.000010 0.999860 0.000010 0.000010 0.000010 0.000010 0.000010 0.000010
0.127258 0.000010 0.000010 0.000010 0.000010 0.000010 0.871806 0.000010 0.000010 0.000010 0.000816 0.000010 0.000010 0.000010 0.000010
0.000010 0.028070 0.000010 0.012488 0.000010 0.000010 0.877575 0.000010 0.000010 0.000010 0.000010 0.035415 0.000010 0.046351 0.000010
0.426089 0.000010 0.000010 0.000010 0.000010 0.000010 0.000010 0.000010 0.000010 0.000010 0.000010 0.000010 0.000010 0.573781 0.000010
0.000010 0.010677 0.000010 0.000010 0.000010 0.000010 0.947204 0.000010 0.000010 0.000010 0.000010 0.000010 0.000010 0.041999 0.000010
0.000010 0.015422 0.049441 0.041093 0.000010 0.000010 0.831061 0.000010 0.000010 0.005111 0.000010 0.057782 0.000010 0.000010 0.000010
0.000010 0.000010 0.065830 0.047541 0.098990 0.000010 0.567834 0.000010 0.003680 0.077614 0.000010 0.138431 0.000010 0.000010 0.000010
0.000010 0.000010 0.008203 0.000010 0.000010 0.000010 0.000010 0.000010 0.000010 0.010603 0.079238 0.884736 0.000010 0.000010 0.017120
0.139141 0.000010 0.000010 0.000010 0.000010 0.000010 0.832836 0.009289 0.000010 0.000010 0.014529 0.000010 0.000010 0.004106 0.000010
0.000010 0.008885 0.000010 0.031495 0.066267 0.000010 0.804459 0.000010 0.000010 0.000010 0.000010 0.000010 0.042127 0.045801 0.000886
0.000010 0.000010 0.000010 0.000010 0.000010 0.000010 0.811839 0.026496 0.000010 0.000010 0.000010 0.000010 0.102427 0.059128 0.000010
0.000010 0.000010 0.000010 0.095136 0.731683 0.112640 0.000010 0.021074 0.035764 0.000010 0.000010 0.000010 0.003615 0.000010 0.000010
0.000010 0.000010 0.000010 0.000010 0.923399 0.000010 0.000010 0.000010 0.000010 0.000010 0.000010 0.000010 0.076471 0.000010 0.000010
0.384439 0.000010 0.334113 0.000010 0.171412 0.000010 0.000010 0.000010 0.011800 0.000010 0.026858 0.000010 0.000010 0.000010 0.071288
0.104216 0.000010 0.000010 0.100776 0.221623 0.059549 0.000010 0.006394 0.151130 0.024607 0.040125 0.000010 0.000010 0.176608 0.114922
0.000010 0.000010 0.209074 0.000010 0.000010 0.000010 0.752346 0.000010 0.000010 0.000010 0.000010 0.000010 0.038460 0.000010 0.000010
0.176931 0.063410 0.076599 0.000010 0.123047 0.000010 0.000010 0.015548 0.316149 0.000010 0.000010 0.000010 0.000010 0.070277 0.157969
0.059496 0.000010 0.090826 0.000010 0.000010 0.000010 0.794158 0.008759 0.000010 0.046660 0.000010 0.000010 0.000010 0.000010 0.000010
0.000010 0.005276 0.000010 0.026385 0.000010 0.000010 0.754800 0.000010 0.000010 0.037188 0.000010 0.037296 0.138965 0.000010 0.000010
0.000010 0.000010 0.064940 0.088589 0.195999 0.225389 0.000010 0.011145 0.159771 0.051962 0.000010 0.000010 0.000010 0.099022 0.103124
0.000010 0.000010 0.000010 0.000010 0.869664 0.000010 0.000010 0.000010 0.000010 0.005064 0.125152 0.000010 0.000010 0.000010 0.000010
0.000010 0.037952 0.000010 0.001217 0.007866 0.000010 0.834988 0.000010 0.000010 0.000010 0.000010 0.000010 0.000010 0.000010 0.117877
0.059421 0.000010 0.000010 0.102433 0.615153 0.093336 0.000010 0.000010 0.000010 0.000011 0.129549 0.000010 0.000017 0.000010 0.000010
0.612721 0.000010 0.000010 0.063175 0.180650 0.000010 0.049841 0.000010 0.000010 0.022973 0.000010 0.000010 0.002320 0.000010 0.068239
0.035571 0.000010 0.000010 0.000010 0.000010 0.000010 0.933800 0.000010 0.000010 0.000010 0.000010 0.000010 0.030509 0.000010 0.000010
0.000010 0.000228 0.126984 0.000010 0.000010 0.000010 0.698727 0.004731 0.000010 0.010170 0.088509 0.000010 0.028950 0.000010 0.041632
0.000010 0.000010 0.000010 0.000010 0.000010 0.000010 0.932684 0.000010 0.043463 0.000010 0.023732 0.000010 0.000010 0.000010 0.000010
0.104159 0.000010 0.072126 0.010688 0.000010 0.000010 0.000010 0.015736 0.652888 0.069983 0.042800 0.008071 0.000010 0.000010 0.023489
0.999860 0.000010 0.000010 0.000010 0.000010 0.000010 0.000010 0.000010 0.000010 0.000010 0.000010 0.000010 0.000010 0.000010 0.000010
0.000010 0.000010 0.000010 0.130474 0.071286 0.058944 0.000010 0.000010 0.163676 0.191148 0.009297 0.375096 0.000010 0.000010 0.000010
0.240524 0.000010 0.000010 0.000010 0.264261 0.132797 0.093547 0.000010 0.182201 0.000010 0.000010 0.023956 0.000010 0.062633 0.000010
0.070384 0.006670 0.000010 0.084872 0.000010 0.000010 0.701224 0.000010 0.000010 0.042715 0.000010 0.040944 0.010307 0.042814 0.000010
0.000010 0.000010 0.000010 0.000010 0.000010 0.000010 0.848925 0.000010 0.000010 0.091797 0.049873 0.000010 0.000010 0.009295 0.000010
0.008287 0.098834 0.122325 0.000010 0.000010 0.000010 0.584656 0.000010 0.000010 0.072155 0.053709 0.000010 0.000010 0.000010 0.059953
0.000010 0.000010 0.000010 0.000010 0.047096 0.000010 0.819147 0.026144 0.000010 0.071407 0.000010 0.000010 0.000010 0.036107 0.000010
0.000010 0.000010 0.000010 0.000010 0.547478 0.094712 0.000010 0.000010 0.000010 0.000010 0.357691 0.000010 0.000010 0.000010 0.000010
0.000010 0.000010 0.000010 0.000010 0.000010 0.000010 0.000010 0.000010 0.000010 0.000010 0.000010 0.000010 0.999860 0.000010 0.000010
0.000010 0.000010 0.000010 0.000010 0.048907 0.790435 0.000010 0.047878 0.074009 0.000010 0.000010 0.000010 0.000010 0.000010 0.038671
0.000010 0.032804 0.046397 0.180249 0.017558 0.452679 0.000010 0.051795 0.000010 0.000010 0.054008 0.000010 0.002392 0.162059 0.000010
0.000010 0.000010 0.000010 0.000010 0.000010 0.724450 0.000010 0.000010 0.000010 0.166240 0.071506 0.000010 0.000010 0.037694 0.000010
0.431746 0.035448 0.000010 0.056587 0.000010 0.000010 0.042155 0.036847 0.069431 0.011005 0.000010 0.215377 0.101344 0.000010 0.000010
0.000010 0.000010 0.000010 0.000010 0.045837 0.000010 0.934305 0.000010 0.000010 0.019738 0.000010 0.000010 0.000010 0.000010 0.000010
0.648625 0.003154 0.000010 0.000010 0.000010 0.000010 0.000010 0.032312 0.000010 0.009990 0.000010 0.305820 0.000010 0.000010 0.000010
0.406981 0.000010 0.000010 0.085665 0.025258 0.000010 0.000010 0.000010 0.000010 0.129675 0.000010 0.245620 0.106712 0.000010 0.000010
0.050398 0.000010 0.000425 0.023802 0.000010 0.000010 0.726311 0.046173 0.000010 0.000010 0.038672 0.000010 0.000010 0.000010 0.114140
0.000010 0.000010 0.021679 0.000010 0.000010 0.000010 0.818392 0.000010 0.000010 0.000010 0.123333 0.000010 0.000010 0.000010 0.036486
0.000010 0.000010 0.000010 0.018244 0.037995 0.000010 0.943642 0.000010 0.000010 0.000010 0.000010 0.000010 0.000010 0.000010 0.000010
0.000010 0.005823 0.029376 0.108974 0.000010 0.000010 0.686052 0.075266 0.000010 0.000010 0.094419 0.000010 0.000010 0.000010 0.000010
0.000010 0.000010 0.000010 0.006906 0.000010 0.473456 0.000010 0.000010 0.000010 0.000010 0.031016 0.000010 0.000010 0.349962 0.138560
0.000010 0.000010 0.000010 0.001204 0.077826 0.416899 0.000010 0.000010 0.000010 0.000010 0.000010 0.000010 0.010841 0.347437 0.145702
0.000010 0.034055 0.000010 0.281524 0.062529 0.477767 0.000010 0.000010 0.144024 0.000010 0.000010 0.000010 0.000010 0.000010 0.000010
0.060188 0.000010 0.155424 0.000010 0.029674 0.000010 0.741627 0.000010 0.000010 0.000010 0.000010 0.000010 0.012986 0.000010 0.000010
0.000010 0.000010 0.000010 0.999860 0.000010 0.000010 0.000010 0.000010 0.000010 0.000010 0.000010 0.000010 0.000010 0.000010 0.000010
0.000010 0.028196 0.000010 0.208685 0.000010 0.370476 0.000010 0.000010 0.112331 0.000010 0.044889 0.000010 0.037791 0.197552 0.000010
0.000010 0.000010 0.000010 0.000010 0.166411 0.000010 0.000010 0.010957 0.236863 0.036046 0.000010 0.000010 0.000010 0.428085 0.121548
0.000010 0.011864 0.000010 0.000010 0.000010 0.000010 0.854787 0.000010 0.000010 0.015733 0.000010 0.000010 0.000010 0.000010 0.117506
0.000010 0.000010 0.000010 0.000010 0.000010 0.000010 0.999860 0.000010 0.000010 0.000010 0.000010 0.000010 0.000010 0.000010 0.000010
0.000010 0.000010 0.091318 0.000010 0.000010 0.000010 0.707182 0.000010 0.021578 0.067627 0.006765 0.000010 0.035312 0.000010 0.070137
0.000010 0.000010 0.183977 0.000592 0.000010 0.000010 0.674576 0.000010 0.000010 0.000010 0.070485 0.000010 0.000010 0.018963 0.051316
0.046245 0.000010 0.213262 0.000010 0.000010 0.000010 0.657435 0.000010 0.021550 0.039013 0.000010 0.000010 0.000010 0.000010 0.022405
0.072498 0.000010 0.000010 0.000010 0.000010 0.074750 0.742022 0.000010 0.000010 0.000010 0.017897 0.000010 0.043162 0.000010 0.049582
0.000010 0.000010 0.005897 0.000010 0.000010 0.000010 0.859285 0.000010 0.000010 0.000010 0.000010 0.000010 0.125277 0.000010 0.009431
0.000010 0.036990 0.047267 0.002785 0.000010 0.000010 0.740592 0.029014 0.000010 0.000010 0.114296 0.000010 0.028976 0.000010 0.000010
0.000010 0.000010 0.000010 0.000010 0.018626 0.039549 0.000010 0.000010 0.014880 0.000010 0.173969 0.282871 0.000010 0.000010 0.470016
0.000010 0.000010 0.000010 0.000010 0.000010 0.000010 0.000010 0.000010 0.512959 0.000010 0.000010 0.000010 0.000010 0.486911 0.000010
0.000010 0.000010 0.000010 0.003425 0.000010 0.041635 0.803874 0.044200 0.036771 0.000010 0.000010 0.000010 0.000010 0.000010 0.070005
0.000010 0.094409 0.098761 0.000010 0.000010 0.080543 0.678989 0.000010 0.000010 0.000010 0.000010 0.000010 0.000010 0.000010 0.047199
0.000010 0.000010 0.000010 0.173220 0.000010 0.738810 0.087851 0.000010 0.000010 0.000010 0.000010 0.000010 0.000010 0.000010 0.000010
0.000010 0.000010 0.000010 0.328705 0.000010 0.106127 0.000010 0.000010 0.000010 0.146301 0.060541 0.000010 0.000010 0.358227 0.000010
0.000010 0.000010 0.000010 0.020762 0.000010 0.461003 0.000010 0.021306 0.026365 0.005263 0.000010 0.000010 0.000010 0.465211 0.000010
0.000010 0.000010 0.672643 0.000010 0.056754 0.000010 0.136267 0.000010 0.000010 0.000010 0.134226 0.000010 0.000010 0.000010 0.000010
0.000010 0.000010 0.000010 0.000010 0.701787 0.000010 0.000010 0.000010 0.113168 0.000010 0.063946 0.000010 0.000010 0.000010 0.120990
0.000010 0.000010 0.000010 0.000010 0.000010 0.000010 0.000010 0.000010 0.000010 0.062501 0.000010 0.000010 0.000010 0.000010 0.937369
0.000010 0.044591 0.000010 0.000010 0.000010 0.000010 0.872183 0.000010 0.001680 0.000010 0.000010 0.009489 0.000010 0.045702 0.026265
0.162649 0.181411 0.000010 0.025454 0.000010 0.000010 0.157493 0.000010 0.000010 0.059560 0.000010 0.000010 0.000010 0.203644 0.209709
0.092728 0.055194 0.000010 0.000010 0.028684 0.000010 0.000010 0.000010 0.006113 0.000010 0.000010 0.000010 0.042091 0.175497 0.599613
0.000010 0.000010 0.238223 0.000010 0.000010 0.000010 0.761647 0.000010 0.000010 0.000010 0.000010 0.000010 0.000010 0.000010 0.000010
0.000010 0.000010 0.000010 0.000010 0.000010 0.000010 0.000010 0.000010 0.000010 0.582630 0.243413 0.000010 0.173837 0.000010 0.000010
0.125365 0.000010 0.000010 0.113119 0.238190 0.115592 0.000010 0.000010 0.000010 0.146100 0.000010 0.000010 0.000010 0.261543 0.000010
0.000010 0.000010 0.000010 0.000010 0.003307 0.000010 0.000010 0.000010 0.000010 0.774922 0.139289 0.000010 0.082371 0.000010 0.000010
0.000010 0.000010 0.000010 0.000010 0.000010 0.000010 0.000010 0.000010 0.999860 0.000010 0.000010 0.000010 0.000010 0.000010 0.000010
0.000010 0.000010 0.000010 0.000010 0.000010 0.000010 0.000010 0.000010 0.000010 0.000010 0.000010 0.000010 0.999860 0.000010 0.000010
0.125605 0.044254 0.000010 0.000010 0.511407 0.075072 0.000010 0.000010 0.030374 0.000010 0.000010 0.000010 0.000010 0.068482 0.144726
0.217015 0.000010 0.000010 0.077447 0.000010 0.000010 0.164277 0.031313 0.159102 0.077360 0.061795 0.181158 0.030473 0.000010 0.000010
0.000010 0.000010 0.000010 0.000010 0.999860 0.000010 0.000010 0.000010 0.000010 0.000010 0.000010 0.000010 0.000010 0.000010 0.000010
0.689675 0.000010 0.000010 0.144557 0.060905 0.000010 0.000010 0.000010 0.094209 0.000010 0.000010 0.010555 0.000010 0.000010 0.000010
0.000010 0.050321 0.145017 0.000010 0.000010 0.000010 0.793663 0.000010 0.000010 0.000010 0.000010 0.010889 0.000010 0.000010 0.000010
0.050067 0.079947 0.000010 0.000010 0.495482 0.020324 0.000010 0.070697 0.000010 0.000010 0.000010 0.000010 0.000010 0.074735 0.208668
0.000010 0.000010 0.000010 0.000010 0.000010 0.000010 0.000010 0.000010 0.000010 0.000010 0.999860 0.000010 0.000010 0.000010 0.000010
0.000010 0.000010 0.000010 0.000010 0.000010 0.000010 0.000010 0.000010 0.000010 0.000010 0.999860 0.000010 0.000010 0.000010 0.000010
0.000010 0.000010 0.429324 0.000010 0.015729 0.000010 0.000010 0.000010 0.000010 0.000010 0.019456 0.535382 0.000010 0.000010 0.000010
0.075637 0.039891 0.071326 0.000010 0.361042 0.043052 0.000010 0.000010 0.000127 0.000010 0.027399 0.064634 0.000010 0.000010 0.316831
0.000010 0.000010 0.000010 0.039809 0.459337 0.000010 0.096469 0.000010 0.000010 0.000010 0.220942 0.039939 0.000010 0.083472 0.059953
0.000010 0.011229 0.000010 0.116995 0.445862 0.000010 0.065016 0.000010 0.000010 0.045012 0.079106 0.082932 0.000010 0.153778 0.000010
0.000010 0.000010 0.000010 0.000010 0.000010 0.000010 0.000010 0.000010 0.000010 0.000010 0.000010 0.000010 0.000010 0.000010 0.999860
0.367940 0.000010 0.000010 0.000010 0.000010 0.000010 0.000010 0.000010 0.096947 0.000010 0.000010 0.000010 0.000010 0.000010 0.534993
0.553938 0.000010 0.028110 0.124476 0.000010 0.000010 0.000010 0.000010 0.203213 0.000010 0.000010 0.000010 0.000010 0.000010 0.090162
0.000010 0.000010 0.000010 0.000010 0.000010 0.000010 0.000010 0.000010 0.000010 0.000010 0.000010 0.000010 0.000010 0.000010 0.999860
0.000010 0.000010 0.000010 0.000010 0.000010 0.000010 0.000010 0.000010 0.000010 0.000010 0.000010 0.000010 0.000010 0.000010 0.999860
0.082370 0.000010 0.000010 0.000013 0.000010 0.000010 0.000010 0.000010 0.000010 0.000010 0.003869 0.000010 0.000010 0.000010 0.913638
0.000010 0.000010 0.000010 0.000010 0.711048 0.000010 0.000010 0.000010 0.000010 0.000010 0.288822 0.000010 0.000010 0.000010 0.000010
0.000010 0.018510 0.000010 0.000010 0.235873 0.000010 0.000010 0.000010 0.163327 0.000010 0.000010 0.012696 0.022842 0.000010 0.546662
0.000010 0.000010 0.000010 0.000010 0.000010 0.000010 0.000010 0.000010 0.000010 0.000010 0.999860 0.000010 0.000010 0.000010 0.000010
0.000010 0.000010 0.047499 0.088388 0.453841 0.000010 0.000990 0.000010 0.000010 0.182954 0.000010 0.000010 0.000010 0.098796 0.127454
0.054710 0.000010 0.000010 0.000010 0.584437 0.000010 0.089567 0.000010 0.000010 0.160299 0.000010 0.000010 0.004708 0.000010 0.106188
0.000010 0.000010 0.068621 0.068533 0.599992 0.000010 0.000010 0.000010 0.000010 0.109380 0.058797 0.000010 0.000010 0.000010 0.094587
0.000010 0.016813 0.000010 0.000010 0.583400 0.021073 0.145171 0.021668 0.000010 0.000010 0.000010 0.000010 0.000010 0.000010 0.211785
0.259284 0.000010 0.000010 0.000010 0.137567 0.009187 0.317294 0.000010 0.000010 0.117785 0.047335 0.104952 0.006525 0.000010 0.000010
0.000010 0.000010 0.000010 0.393944 0.589270 0.000010 0.000010 0.000010 0.000010 0.000010 0.016666 0.000010 0.000010 0.000010 0.000010
0.000010 0.010096 0.000010 0.000010 0.683258 0.000010 0.000010 0.000010 0.000010 0.000010 0.078943 0.000010 0.000010 0.227593 0.000010
0.052693 0.000010 0.000010 0.000010 0.666766 0.103214 0.000010 0.000010 0.000010 0.000010 0.050604 0.126622 0.000010 0.000010 0.000010
0.065326 0.000010 0.000010 0.057131 0.226482 0.000010 0.385220 0.000010 0.000010 0.149851 0.000010 0.115901 0.000010 0.000010 0.000010
0.000010 0.000010 0.000797 0.171258 0.000010 0.000010 0.000010 0.000010 0.660700 0.000010 0.000010 0.000010 0.000010 0.000010 0.167135
0.000010 0.000010 0.000010 0.000010 0.107710 0.000010 0.000010 0.000010 0.839765 0.000010 0.052405 0.000010 0.000010 0.000010 0.000010
0.021198 0.040108 0.000010 0.103700 0.167078 0.000010 0.000010 0.000010 0.181533 0.343996 0.000010 0.142308 0.000010 0.000010 0.000010
0.052755 0.032187 0.078559 0.000010 0.441470 0.220053 0.000010 0.010688 0.000010 0.106865 0.000010 0.000010 0.010140 0.047225 0.000010
0.048716 0.020189 0.000010 0.000010 0.000010 0.000010 0.820422 0.000010 0.000010 0.004961 0.017777 0.067165 0.000010 0.020690 0.000010
0.000010 0.048237 0.017963 0.008858 0.000010 0.000010 0.822966 0.000010 0.000010 0.021444 0.000010 0.000010 0.000010 0.000010 0.080442
0.042785 0.103771 0.063440 0.000010 0.125604 0.000010 0.000010 0.000010 0.501793 0.000020 0.000010 0.045060 0.000010 0.001266 0.116201
0.029097 0.000010 0.050292 0.000010 0.000010 0.000010 0.815606 0.033162 0.000010 0.000010 0.000010 0.002360 0.000010 0.069393 0.000010
