0.000010 0.000010 0.000010 0.000010 0.000010 0.026562 0.331135 0.000010 0.000010 0.642233
0.000010 0.029508 0.756643 0.020521 0.038776 0.005183 0.000010 0.000010 0.149329 0.000010
0.000010 0.000010 0.129281 0.000010 0.000010 0.000010 0.000010 0.000010 0.870639 0.000010
0.000010 0.000010 0.000010 0.087014 0.000010 0.000010 0.000010 0.000010 0.831567 0.081348
0.003329 0.000010 0.045970 0.021509 0.024913 0.000010 0.021906 0.000010 0.882332 0.000010
0.000010 0.000010 0.011091 0.000010 0.088219 0.000010 0.000010 0.000010 0.900620 0.000010
0.000010 0.000010 0.000010 0.000010 0.000010 0.000010 0.000010 0.000010 0.702301 0.297619
0.038355 0.000010 0.164433 0.000010 0.000010 0.000010 0.000010 0.000010 0.797141 0.000010
0.000010 0.774451 0.000010 0.225469 0.000010 0.000010 0.000010 0.000010 0.000010 0.000010
0.000010 0.999910 0.000010 0.000010 0.000010 0.000010 0.000010 0.000010 0.000010 0.000010
0.999910 0.000010 0.000010 0.000010 0.000010 0.000010 0.000010 0.000010 0.000010 0.000010
0.479361 0.063541 0.235126 0.000010 0.000010 0.000010 0.000010 0.000010 0.135884 0.086039
0.000010 0.999910 0.000010 0.000010 0.000010 0.000010 0.000010 0.000010 0.000010 0.000010
0.000010 0.999910 0.000010 0.000010 0.000010 0.000010 0.000010 0.000010 0.000010 0.000010
0.000010 0.999910 0.000010 0.000010 0.000010 0.000010 0.000010 0.000010 0.000010 0.000010
0.000010 0.000010 0.999910 0.000010 0.000010 0.000010 0.000010 0.000010 0.000010 0.000010
0.019244 0.000010 0.254991 0.000010 0.000010 0.000010 0.000010 0.000010 0.725695 0.000010
0.028402 0.052839 0.000010 0.000010 0.000010 0.000010 0.918689 0.000010 0.000010 0.000010
0.014192 0.000010 0.000010 0.000010 0.024457 0.070157 0.454519 0.053953 0.235683 0.147008
0.000010 0.000010 0.000010 0.000010 0.000010 0.000010 0.000010 0.000010 0.999910 0.000010
0.999910 0.000010 0.000010 0.000010 0.000010 0.000010 0.000010 0.000010 0.000010 0.000010
0.999910 0.000010 0.000010 0.000010 0.000010 0.000010 0.000010 0.000010 0.000010 0.000010
0.036234 0.000010 0.039210 0.041857 0.000010 0.000010 0.000010 0.000010 0.745982 0.136666
0.999910 0.000010 0.000010 0.000010 0.000010 0.000010 0.000010 0.000010 0.000010 0.000010
0.000010 0.000010 0.017864 0.000010 0.000012 0.049482 0.000010 0.000010 0.843287 0.089306
0.000010 0.000010 0.125162 0.000010 0.042281 0.059098 0.000010 0.000010 0.773399 0.000010
0.009631 0.000010 0.065828 0.000010 0.000010 0.000010 0.000010 0.000010 0.924471 0.000010
0.000010 0.000010 0.000010 0.000010 0.000010 0.000010 0.000010 0.000010 0.999910 0.000010
0.000010 0.000010 0.249099 0.000010 0.000010 0.000010 0.000010 0.000010 0.727366 0.023465
0.000010 0.000010 0.158941 0.000010 0.107399 0.000010 0.000010 0.000010 0.733590 0.000010
0.000010 0.999910 0.000010 0.000010 0.000010 0.000010 0.000010 0.000010 0.000010 0.000010
0.000010 0.058970 0.198718 0.742242 0.000010 0.000010 0.000010 0.000010 0.000010 0.000010
0.000010 0.000010 0.217286 0.000010 0.000010 0.000010 0.000010 0.000010 0.782634 0.000010
0.000010 0.000010 0.045081 0.000010 0.000010 0.024491 0.000010 0.000010 0.930357 0.000010
0.000010 0.000010 0.499460 0.016679 0.000010 0.000010 0.000010 0.000010 0.483791 0.000010
0.000010 0.000010 0.000010 0.000010 0.038207 0.011122 0.000010 0.000010 0.737384 0.213227
0.022819 0.000010 0.116551 0.000010 0.078452 0.000010 0.000010 0.000010 0.782117 0.000010
0.000010 0.000171 0.232850 0.000010 0.044452 0.022820 0.000010 0.000010 0.699657 0.000010
0.000010 0.037289 0.373794 0.317131 0.159208 0.000010 0.000010 0.112529 0.000010 0.000010
0.000010 0.000010 0.173979 0.000010 0.000010 0.000010 0.000010 0.000010 0.825941 0.000010
0.000010 0.000010 0.000010 0.699864 0.056320 0.124718 0.062452 0.000010 0.056596 0.000010
0.000010 0.999907 0.000013 0.000010 0.000010 0.000010 0.000010 0.000010 0.000010 0.000010
0.781900 0.218020 0.000010 0.000010 0.000010 0.000010 0.000010 0.000010 0.000010 0.000010
0.999910 0.000010 0.000010 0.000010 0.000010 0.000010 0.000010 0.000010 0.000010 0.000010
0.880392 0.000010 0.000010 0.119528 0.000010 0.000010 0.000010 0.000010 0.000010 0.000010
0.999910 0.000010 0.000010 0.000010 0.000010 0.000010 0.000010 0.000010 0.000010 0.000010
0.890219 0.000010 0.000010 0.109701 0.000010 0.000010 0.000010 0.000010 0.000010 0.000010
0.999910 0.000010 0.000010 0.000010 0.000010 0.000010 0.000010 0.000010 0.000010 0.000010
0.002401 0.000010 0.000010 0.133740 0.040445 0.000010 0.107538 0.000010 0.000010 0.715825
0.316279 0.048076 0.000010 0.000010 0.000010 0.000010 0.585822 0.000010 0.000010 0.049762
0.484904 0.515016 0.000010 0.000010 0.000010 0.000010 0.000010 0.000010 0.000010 0.000010
0.000010 0.000010 0.000010 0.000010 0.000010 0.000010 0.000010 0.000010 0.999910 0.000010
0.999910 0.000010 0.000010 0.000010 0.000010 0.000010 0.000010 0.000010 0.000010 0.000010
0.372546 0.299055 0.000010 0.046940 0.000010 0.000010 0.281399 0.000010 0.000010 0.000010
0.000010 0.000010 0.394006 0.000010 0.605914 0.000010 0.000010 0.000010 0.000010 0.000010
0.883355 0.000010 0.000010 0.116565 0.000010 0.000010 0.000010 0.000010 0.000010 0.000010
0.000010 0.000010 0.000010 0.000010 0.000010 0.000010 0.999910 0.000010 0.000010 0.000010
0.000010 0.042628 0.000010 0.749929 0.000010 0.000010 0.207374 0.000010 0.000010 0.000010
0.283031 0.011899 0.000010 0.000010 0.000010 0.000010 0.678933 0.000010 0.026077 0.000010
0.000010 0.012811 0.434968 0.234589 0.317572 0.000010 0.000010 0.000010 0.000010 0.000010
0.000010 0.000010 0.674171 0.000010 0.077376 0.000010 0.000010 0.023643 0.224749 0.000010
0.001475 0.000010 0.000010 0.380024 0.510384 0.000010 0.000010 0.000010 0.000010 0.108057
0.000010 0.000010 0.258223 0.211973 0.000010 0.000010 0.216113 0.000010 0.000010 0.313631
0.000010 0.000010 0.213460 0.422342 0.000010 0.000010 0.000013 0.000010 0.000010 0.364125
0.000010 0.000010 0.000010 0.000010 0.000010 0.000010 0.000010 0.000010 0.908406 0.091514
0.020902 0.000010 0.000010 0.000010 0.027529 0.000010 0.000010 0.000010 0.951498 0.000010
0.000010 0.000010 0.000010 0.000010 0.999910 0.000010 0.000010 0.000010 0.000010 0.000010
0.000010 0.000010 0.000010 0.000010 0.999910 0.000010 0.000010 0.000010 0.000010 0.000010
0.000010 0.000010 0.000010 0.000010 0.000010 0.000010 0.999910 0.000010 0.000010 0.000010
0.068760 0.000010 0.000010 0.115725 0.076300 0.048744 0.666900 0.000010 0.000010 0.023532
0.000010 0.000010 0.896061 0.000010 0.051018 0.001838 0.000010 0.000010 0.051023 0.000010
0.000010 0.000010 0.000010 0.000010 0.000010 0.000010 0.999910 0.000010 0.000010 0.000010
0.049132 0.000010 0.000010 0.009061 0.000010 0.000010 0.693944 0.156516 0.000010 0.091297
0.000010 0.054832 0.000010 0.945088 0.000010 0.000010 0.000010 0.000010 0.000010 0.000010
0.041082 0.000010 0.003896 0.077561 0.000010 0.003588 0.804494 0.036720 0.032629 0.000010
0.000010 0.000010 0.041151 0.823238 0.000010 0.000010 0.000010 0.000010 0.000010 0.135541
0.000010 0.000010 0.000010 0.028367 0.929132 0.042431 0.000010 0.000010 0.000010 0.000010
0.000010 0.044077 0.247199 0.262872 0.258903 0.000010 0.000010 0.000010 0.000010 0.186899
0.000010 0.000010 0.887160 0.068774 0.000010 0.000010 0.000010 0.000010 0.043997 0.000010
0.062756 0.000010 0.000010 0.072205 0.000010 0.000010 0.641580 0.068040 0.000010 0.155369
0.000010 0.000010 0.286317 0.000010 0.000010 0.000010 0.000010 0.000010 0.713603 0.000010
0.000010 0.000010 0.000010 0.000010 0.000010 0.000010 0.000010 0.000010 0.999910 0.000010
0.000010 0.003839 0.038251 0.000010 0.000010 0.000010 0.017814 0.000010 0.935698 0.004349
0.024497 0.000010 0.168007 0.000010 0.000010 0.000010 0.000010 0.000010 0.807426 0.000010
0.000010 0.000010 0.000010 0.000010 0.000010 0.000010 0.000010 0.000010 0.999910 0.000010
0.000010 0.000010 0.000010 0.000010 0.000010 0.056785 0.000010 0.000010 0.823077 0.120068
0.000010 0.000010 0.359006 0.000010 0.636961 0.000010 0.000010 0.003963 0.000010 0.000010
0.509372 0.490548 0.000010 0.000010 0.000010 0.000010 0.000010 0.000010 0.000010 0.000010
0.000010 0.013243 0.000010 0.000010 0.000010 0.624189 0.272879 0.000010 0.089629 0.000010
0.999909 0.000010 0.000010 0.000010 0.000010 0.000010 0.000011 0.000010 0.000010 0.000010
0.999910 0.000010 0.000010 0.000010 0.000010 0.000010 0.000010 0.000010 0.000010 0.000010
0.999910 0.000010 0.000010 0.000010 0.000010 0.000010 0.000010 0.000010 0.000010 0.000010
0.281421 0.000010 0.000010 0.000010 0.000010 0.000010 0.718499 0.000010 0.000010 0.000010
0.029156 0.000010 0.000010 0.000010 0.970764 0.000010 0.000010 0.000010 0.000010 0.000010
0.000010 0.174853 0.292703 0.000010 0.532375 0.000010 0.000010 0.000010 0.000010 0.000010
0.000010 0.000010 0.181877 0.000010 0.000010 0.000010 0.000010 0.000022 0.818031 0.000010
0.000010 0.000010 0.000010 0.380678 0.000010 0.303949 0.000010 0.315303 0.000010 0.000010
0.000010 0.000010 0.000010 0.926522 0.000010 0.025513 0.000010 0.000010 0.047895 0.000010
0.038615 0.000010 0.093638 0.041093 0.764383 0.062221 0.000010 0.000010 0.000010 0.000010
0.000010 0.000010 0.000010 0.231639 0.768281 0.000010 0.000010 0.000010 0.000010 0.000010
0.014691 0.000010 0.545650 0.087008 0.106299 0.000010 0.089228 0.000010 0.157083 0.000010
0.000010 0.000010 0.000010 0.000010 0.999910 0.000010 0.000010 0.000010 0.000010 0.000010
0.052571 0.000010 0.122229 0.116444 0.162988 0.000010 0.503501 0.000010 0.042228 0.000010
0.000010 0.000010 0.132021 0.000010 0.867899 0.000010 0.000010 0.000010 0.000010 0.000010
0.000010 0.000010 0.543488 0.000010 0.073547 0.030964 0.037397 0.000010 0.314554 0.000010
0.000010 0.000010 0.469895 0.000010 0.485073 0.000010 0.000010 0.044961 0.000010 0.000010
0.000010 0.000010 0.194064 0.337571 0.468296 0.000010 0.000010 0.000010 0.000010 0.000010
0.000010 0.000010 0.031917 0.000010 0.000010 0.050565 0.895270 0.000010 0.000010 0.022188
0.000010 0.018189 0.000010 0.981731 0.000010 0.000010 0.000010 0.000010 0.000010 0.000010
0.000010 0.000010 0.078096 0.000010 0.000010 0.005416 0.000010 0.000010 0.782814 0.133614
0.000010 0.000010 0.000010 0.000010 0.000010 0.000010 0.000010 0.000010 0.999910 0.000010
0.000010 0.000010 0.000010 0.000010 0.000010 0.165863 0.765846 0.068221 0.000010 0.000010
0.000010 0.000010 0.000010 0.309669 0.099303 0.590958 0.000010 0.000010 0.000010 0.000010
0.000010 0.000010 0.000010 0.000010 0.000010 0.953310 0.000010 0.000010 0.046610 0.000010
0.000010 0.000010 0.000010 0.000010 0.000010 0.999910 0.000010 0.000010 0.000010 0.000010
0.165473 0.031020 0.000010 0.029096 0.000010 0.000010 0.765092 0.000010 0.009270 0.000010
0.003097 0.000010 0.498120 0.000010 0.243778 0.000010 0.000010 0.000010 0.085109 0.169847
0.000010 0.000010 0.295971 0.069135 0.423576 0.000010 0.211258 0.000010 0.000010 0.000010
0.000010 0.000010 0.006681 0.000010 0.000010 0.000010 0.000010 0.000010 0.870305 0.122944
0.031652 0.000010 0.000010 0.566951 0.401327 0.000010 0.000010 0.000010 0.000010 0.000010
0.000010 0.000010 0.000010 0.000010 0.000010 0.000010 0.000010 0.000010 0.683073 0.316847
0.000010 0.000010 0.096065 0.000010 0.077401 0.000010 0.000010 0.000010 0.704326 0.122148
0.000010 0.000010 0.000010 0.000010 0.000010 0.999910 0.000010 0.000010 0.000010 0.000010
0.000010 0.016609 0.545043 0.438278 0.000010 0.000010 0.000010 0.000010 0.000010 0.000010
0.000010 0.000010 0.000010 0.000010 0.000010 0.999910 0.000010 0.000010 0.000010 0.000010
0.000010 0.000010 0.000010 0.000010 0.000010 0.999910 0.000010 0.000010 0.000010 0.000010
0.000010 0.000010 0.000010 0.000010 0.000010 0.999910 0.000010 0.000010 0.000010 0.000010
0.028200 0.000010 0.213821 0.501657 0.127515 0.000010 0.000010 0.078587 0.050179 0.000010
0.000010 0.000010 0.000010 0.000010 0.055650 0.000010 0.000010 0.009748 0.766307 0.168235
0.000010 0.000010 0.277548 0.000010 0.000010 0.009190 0.000010 0.000010 0.713192 0.000010
0.036490 0.000010 0.000010 0.369413 0.000010 0.000010 0.116331 0.288652 0.189063 0.000010
0.101671 0.000010 0.000010 0.425619 0.000010 0.193360 0.168055 0.111245 0.000010 0.000010
0.000010 0.999910 0.000010 0.000010 0.000010 0.000010 0.000010 0.000010 0.000010 0.000010
0.000010 0.000010 0.359767 0.130627 0.000010 0.000010 0.199362 0.000010 0.197576 0.112618
0.000010 0.000010 0.000010 0.000010 0.052903 0.000010 0.000010 0.000010 0.694149 0.252878
0.000010 0.000010 0.000010 0.999910 0.000010 0.000010 0.000010 0.000010 0.000010 0.000010
0.145794 0.000010 0.000010 0.854126 0.000010 0.000010 0.000010 0.000010 0.000010 0.000010
0.033524 0.000010 0.035049 0.752190 0.140290 0.000010 0.000010 0.000010 0.038898 0.000010
0.000010 0.000010 0.000010 0.003838 0.000010 0.000010 0.000010 0.000010 0.996082 0.000010
0.000010 0.000010 0.000010 0.063489 0.024983 0.000010 0.000010 0.000010 0.795489 0.115979
0.000010 0.000010 0.359835 0.000010 0.000010 0.000010 0.000010 0.038818 0.578038 0.023249
0.000010 0.014212 0.215773 0.000010 0.000010 0.000010 0.000010 0.000010 0.769945 0.000010
0.231149 0.070386 0.000010 0.000010 0.000010 0.000010 0.698395 0.000010 0.000010 0.000010
0.000010 0.000010 0.000010 0.000010 0.849601 0.000010 0.000010 0.000010 0.150319 0.000010
0.177376 0.000010 0.000010 0.000010 0.067586 0.004438 0.573597 0.000010 0.073510 0.103453
0.000010 0.000010 0.000010 0.000010 0.106066 0.000010 0.055288 0.000010 0.096433 0.742152
0.134167 0.000010 0.000010 0.000010 0.000010 0.000010 0.865753 0.000010 0.000010 0.000010
0.000014 0.000010 0.000010 0.000010 0.000010 0.000010 0.947293 0.000010 0.052623 0.000010
0.046017 0.000010 0.000010 0.000010 0.000010 0.000010 0.953903 0.000010 0.000010 0.000010
0.000010 0.000010 0.000010 0.000010 0.000010 0.000010 0.999910 0.000010 0.000010 0.000010
0.085100 0.000010 0.000010 0.713927 0.000010 0.017599 0.183315 0.000010 0.000010 0.000010
0.000010 0.000010 0.000010 0.000010 0.000010 0.999910 0.000010 0.000010 0.000010 0.000010
0.000010 0.000010 0.644005 0.000010 0.355915 0.000010 0.000010 0.000010 0.000010 0.000010
0.014866 0.000010 0.194600 0.000010 0.405586 0.000010 0.000010 0.000010 0.384888 0.000010
0.025937 0.000010 0.000010 0.000010 0.000010 0.153877 0.804802 0.015324 0.000010 0.000010
0.000010 0.000010 0.672885 0.000010 0.000010 0.000010 0.000010 0.023471 0.303574 0.000010
0.000010 0.000010 0.000010 0.000010 0.000010 0.000010 0.999910 0.000010 0.000010 0.000010
0.000010 0.000010 0.462555 0.000010 0.229515 0.000010 0.000010 0.000010 0.307860 0.000010
0.017484 0.025742 0.407852 0.000010 0.219941 0.000010 0.000010 0.000010 0.328932 0.000010
0.000010 0.000010 0.129253 0.000010 0.756793 0.000010 0.000010 0.000010 0.113884 0.000010
0.000010 0.000010 0.455407 0.401065 0.014736 0.000010 0.000010 0.128732 0.000010 0.000010
0.000010 0.000010 0.000010 0.037771 0.885498 0.000010 0.000010 0.000010 0.076661 0.000010
0.000010 0.000010 0.286053 0.000010 0.713867 0.000010 0.000010 0.000010 0.000010 0.000010
0.000010 0.000010 0.000010 0.823047 0.000010 0.000010 0.000010 0.000010 0.176873 0.000010
0.000010 0.000010 0.000010 0.217416 0.000010 0.000010 0.000010 0.000010 0.000010 0.782504
0.054383 0.000010 0.000010 0.639707 0.088063 0.004329 0.086683 0.066467 0.060339 0.000010
0.000010 0.000010 0.000010 0.000010 0.000010 0.000010 0.000010 0.000010 0.000010 0.999910
0.000010 0.000010 0.000010 0.000010 0.000010 0.000010 0.000010 0.000010 0.000010 0.999910
0.000010 0.050184 0.046386 0.405998 0.069238 0.000010 0.000010 0.000010 0.000010 0.428144
0.000010 0.000010 0.000010 0.000010 0.000010 0.000010 0.000010 0.000010 0.000010 0.999910
0.000010 0.000010 0.000010 0.000010 0.999910 0.000010 0.000010 0.000010 0.000010 0.000010
0.000010 0.000010 0.746829 0.000010 0.000010 0.000010 0.000010 0.000010 0.192286 0.060815
0.000010 0.000010 0.136834 0.033112 0.605690 0.000010 0.000010 0.000010 0.162658 0.061657
0.000010 0.020812 0.000010 0.176304 0.433504 0.000010 0.239214 0.000010 0.130116 0.000010
0.000010 0.000010 0.000010 0.000010 0.000010 0.000010 0.962879 0.000010 0.000010 0.037041
0.000010 0.000010 0.713766 0.000010 0.025498 0.000010 0.000010 0.000010 0.160233 0.100443
0.000010 0.000018 0.000010 0.000010 0.799092 0.000010 0.099094 0.000010 0.101736 0.000010
0.023418 0.000010 0.000010 0.000010 0.000010 0.477312 0.000010 0.499200 0.000010 0.000010
0.026548 0.000010 0.000010 0.000010 0.000010 0.935609 0.000010 0.000010 0.037773 0.000010
0.000010 0.000010 0.000010 0.573672 0.141715 0.000010 0.000010 0.000010 0.284542 0.000010
0.000010 0.000010 0.000010 0.000010 0.000010 0.870100 0.000010 0.129820 0.000010 0.000010
0.000010 0.000010 0.000010 0.000010 0.000010 0.904735 0.064546 0.000010 0.030175 0.000484
0.000011 0.000010 0.000010 0.000010 0.000010 0.000010 0.028346 0.817782 0.093029 0.060782
0.000010 0.000010 0.000010 0.000010 0.000010 0.000010 0.887935 0.000010 0.111985 0.000010
0.002970 0.000010 0.000010 0.068377 0.000010 0.661198 0.000010 0.267395 0.000010 0.000010
0.020594 0.000010 0.077453 0.000010 0.000010 0.901883 0.000010 0.000010 0.000010 0.000010
0.000010 0.000010 0.000010 0.006681 0.000010 0.993239 0.000010 0.000010 0.000010 0.000010
0.000010 0.000010 0.839952 0.018867 0.061478 0.000010 0.000010 0.000010 0.079643 0.000010
0.000010 0.000010 0.999910 0.000010 0.000010 0.000010 0.000010 0.000010 0.000010 0.000010
0.000010 0.000010 0.017118 0.538893 0.229707 0.198188 0.000010 0.000010 0.000010 0.016043
0.000010 0.000010 0.303138 0.148641 0.244692 0.000010 0.000010 0.000010 0.303469 0.000010
0.000010 0.000010 0.000010 0.000010 0.000010 0.586815 0.000010 0.413105 0.000010 0.000010
0.000010 0.000010 0.052289 0.377460 0.495319 0.000010 0.011280 0.000010 0.063601 0.000010
0.000010 0.000010 0.000010 0.128780 0.000010 0.871140 0.000010 0.000010 0.000010 0.000010
0.003857 0.000010 0.000010 0.000010 0.000010 0.619069 0.026804 0.266107 0.000010 0.084113
0.000010 0.000010 0.241037 0.000010 0.273961 0.000010 0.074439 0.041975 0.368538 0.000010
0.000010 0.000010 0.999910 0.000010 0.000010 0.000010 0.000010 0.000010 0.000010 0.000010
0.027064 0.000010 0.000010 0.000010 0.000010 0.859909 0.000010 0.000010 0.112957 0.000010
0.000010 0.000010 0.920358 0.058032 0.000010 0.021541 0.000010 0.000010 0.000010 0.000010
0.000010 0.169687 0.260316 0.468936 0.000010 0.000010 0.000010 0.101002 0.000010 0.000010
0.000010 0.000010 0.000010 0.010934 0.000010 0.675998 0.000010 0.312998 0.000010 0.000010
0.000010 0.000010 0.062980 0.079329 0.000010 0.832603 0.000010 0.025028 0.000010 0.000010
0.000010 0.000010 0.000010 0.000010 0.000010 0.999910 0.000010 0.000010 0.000010 0.000010
0.000010 0.000010 0.000010 0.149110 0.630024 0.000010 0.151561 0.000010 0.056986 0.012269
0.000010 0.000010 0.000010 0.999910 0.000010 0.000010 0.000010 0.000010 0.000010 0.000010
0.000010 0.000011 0.211509 0.000010 0.146228 0.000010 0.455550 0.000010 0.092900 0.093762
0.010082 0.000010 0.279385 0.358649 0.137687 0.049391 0.000010 0.055851 0.108924 0.000010
0.000010 0.000010 0.000010 0.043566 0.000010 0.127122 0.000010 0.746656 0.082596 0.000010
0.000010 0.000010 0.000010 0.000010 0.000010 0.398766 0.000010 0.555480 0.000010 0.045684
0.087905 0.000010 0.000010 0.000010 0.000010 0.107371 0.000010 0.804654 0.000010 0.000010
0.000010 0.000010 0.000010 0.000010 0.000010 0.360686 0.000010 0.639234 0.000010 0.000010
0.000010 0.000010 0.672822 0.000010 0.000010 0.028227 0.000010 0.000010 0.034990 0.263901
0.000010 0.999910 0.000010 0.000010 0.000010 0.000010 0.000010 0.000010 0.000010 0.000010
0.000010 0.000010 0.000010 0.000010 0.112738 0.000010 0.000010 0.000010 0.887182 0.000010
0.095885 0.000010 0.213056 0.000010 0.081900 0.000010 0.000010 0.000010 0.609099 0.000010
0.000010 0.000010 0.000010 0.000010 0.000010 0.000010 0.000010 0.000010 0.782911 0.217009
0.010901 0.000010 0.000010 0.506485 0.000010 0.130768 0.320069 0.000010 0.031727 0.000010
0.000010 0.000010 0.000010 0.000010 0.000010 0.974788 0.000010 0.025132 0.000010 0.000010
0.000010 0.000010 0.000010 0.660180 0.000010 0.000010 0.339740 0.000010 0.000010 0.000010
0.000010 0.000010 0.187889 0.407983 0.000010 0.057045 0.324145 0.000010 0.000010 0.022888
0.000010 0.000010 0.000010 0.000010 0.000010 0.051429 0.000010 0.948491 0.000010 0.000010
0.000010 0.000010 0.000010 0.000010 0.000010 0.189959 0.000010 0.809961 0.000010 0.000010
0.000010 0.000010 0.000010 0.000010 0.000010 0.999910 0.000010 0.000010 0.000010 0.000010
0.000010 0.000010 0.000010 0.000019 0.000010 0.000010 0.000010 0.999901 0.000010 0.000010
0.000010 0.000010 0.031829 0.000010 0.144992 0.000010 0.000010 0.000010 0.823109 0.000010
0.000010 0.000010 0.070754 0.035786 0.134661 0.000010 0.000010 0.000010 0.758739 0.000010
0.000217 0.000010 0.000010 0.000010 0.098604 0.000010 0.000010 0.052050 0.849069 0.000010
0.000010 0.000010 0.000010 0.000010 0.000010 0.000010 0.000010 0.999910 0.000010 0.000010
0.000010 0.000010 0.176787 0.000010 0.000010 0.000010 0.000010 0.000010 0.823133 0.000010
0.030634 0.000010 0.000010 0.013982 0.150243 0.000010 0.000010 0.018140 0.786950 0.000010
0.000010 0.000011 0.161610 0.000010 0.462789 0.000010 0.000010 0.000010 0.375530 0.000010
0.000010 0.000010 0.000018 0.000010 0.000010 0.190876 0.000010 0.809036 0.000010 0.000010
0.000010 0.000010 0.000010 0.000010 0.000010 0.999910 0.000010 0.000010 0.000010 0.000010
0.000010 0.000010 0.000010 0.000010 0.010779 0.000010 0.000010 0.989141 0.000010 0.000010
0.000010 0.000010 0.000010 0.000010 0.025664 0.000010 0.000010 0.974256 0.000010 0.000010
0.000010 0.000010 0.000010 0.000010 0.030666 0.000010 0.000010 0.969254 0.000010 0.000010
0.000010 0.000010 0.000010 0.048539 0.000010 0.228661 0.000010 0.722729 0.000010 0.000010
0.000010 0.000010 0.000010 0.000010 0.000010 0.397337 0.000010 0.602583 0.000010 0.000010
0.000010 0.000010 0.029403 0.000010 0.020874 0.169143 0.000010 0.780520 0.000010 0.000010
0.000011 0.000010 0.384182 0.000010 0.333131 0.000010 0.282616 0.000010 0.000010 0.000010
0.040353 0.000010 0.000010 0.000010 0.542225 0.000010 0.000010 0.000010 0.417352 0.000010
0.000010 0.000010 0.000010 0.000010 0.000010 0.111725 0.000010 0.888195 0.000010 0.000010
0.000010 0.000010 0.000010 0.000010 0.000010 0.000010 0.000010 0.999910 0.000010 0.000010
0.000010 0.000010 0.000010 0.000010 0.000010 0.078936 0.000010 0.000010 0.845635 0.075359
0.000010 0.000010 0.012995 0.000010 0.000010 0.000010 0.000010 0.005751 0.841780 0.139413
0.000010 0.027423 0.000010 0.017178 0.000010 0.000010 0.000010 0.000010 0.955329 0.000010
0.000010 0.011619 0.147736 0.000010 0.000010 0.577975 0.262609 0.000010 0.000010 0.000010
0.000010 0.000010 0.791978 0.000010 0.207942 0.000010 0.000010 0.000010 0.000010 0.000010
0.000010 0.000010 0.325444 0.000010 0.646148 0.000010 0.000010 0.028338 0.000010 0.000010
0.000010 0.000010 0.000010 0.000010 0.000010 0.956082 0.000010 0.000010 0.043838 0.000010
0.161815 0.000010 0.136211 0.290020 0.085235 0.116914 0.000010 0.000010 0.018532 0.191242
0.012621 0.000010 0.183731 0.161023 0.592436 0.020940 0.000010 0.000010 0.029210 0.000010
0.000010 0.000010 0.000010 0.000010 0.000010 0.999910 0.000010 0.000010 0.000010 0.000010
0.000010 0.000010 0.000010 0.000010 0.000010 0.000010 0.000010 0.000010 0.000010 0.999910
0.000010 0.000010 0.299488 0.185565 0.000010 0.000010 0.000010 0.000010 0.374808 0.140079
0.000010 0.000010 0.000010 0.000010 0.000010 0.000010 0.000010 0.000010 0.000010 0.999910
0.000010 0.000010 0.000010 0.196078 0.650643 0.000010 0.153209 0.000010 0.000010 0.000010
0.000010 0.999910 0.000010 0.000010 0.000010 0.000010 0.000010 0.000010 0.000010 0.000010
0.000010 0.000010 0.601523 0.195949 0.099524 0.000010 0.000010 0.000010 0.102944 0.000010
0.000010 0.000010 0.000010 0.287017 0.057945 0.116211 0.233041 0.103258 0.049571 0.152927
0.000010 0.000010 0.999910 0.000010 0.000010 0.000010 0.000010 0.000010 0.000010 0.000010
0.000010 0.116510 0.072994 0.631170 0.038796 0.000010 0.000010 0.000010 0.140480 0.000010
0.000010 0.000010 0.000010 0.032886 0.000010 0.967034 0.000010 0.000010 0.000010 0.000010
0.086084 0.008721 0.563926 0.081703 0.234272 0.000010 0.000010 0.000018 0.025247 0.000010
0.000010 0.000010 0.000010 0.000010 0.000010 0.000010 0.000010 0.000010 0.000010 0.999910
0.000010 0.000010 0.000010 0.000010 0.000010 0.000010 0.000010 0.000010 0.000010 0.999910
0.000010 0.000010 0.000010 0.000010 0.000010 0.291574 0.708346 0.000010 0.000010 0.000010
0.015468 0.000010 0.562787 0.081922 0.232056 0.033750 0.073977 0.000010 0.000010 0.000010
0.000010 0.000010 0.747180 0.000010 0.030917 0.085573 0.063131 0.000010 0.025796 0.047362
0.030477 0.000010 0.650039 0.000010 0.000010 0.046534 0.085408 0.000010 0.187491 0.000010
0.000010 0.000010 0.000010 0.000010 0.999910 0.000010 0.000010 0.000010 0.000010 0.000010
0.000010 0.000010 0.000010 0.326910 0.673010 0.000010 0.000010 0.000010 0.000010 0.000010
0.000010 0.000010 0.053685 0.636897 0.234858 0.000010 0.003250 0.000010 0.071260 0.000010
0.000010 0.000010 0.000010 0.000010 0.999910 0.000010 0.000010 0.000010 0.000010 0.000010
0.000010 0.000010 0.000010 0.000010 0.999910 0.000010 0.000010 0.000010 0.000010 0.000010
0.000010 0.000010 0.074569 0.000010 0.925351 0.000010 0.000010 0.000010 0.000010 0.000010
0.000010 0.000010 0.999910 0.000010 0.000010 0.000010 0.000010 0.000010 0.000010 0.000010
0.000010 0.054246 0.322764 0.000010 0.622921 0.000010 0.000010 0.000010 0.000010 0.000010
0.000010 0.000010 0.000010 0.000010 0.000010 0.000010 0.000010 0.000010 0.000010 0.999910
0.024651 0.000010 0.811333 0.000010 0.058303 0.000010 0.000010 0.000010 0.105654 0.000010
0.008216 0.000010 0.696749 0.090069 0.058013 0.061126 0.000010 0.000010 0.000010 0.085788
0.000010 0.000010 0.797675 0.000010 0.000010 0.058284 0.000010 0.000010 0.000010 0.143971
0.020545 0.105639 0.795016 0.000010 0.000010 0.000010 0.000010 0.078739 0.000010 0.000010
0.000010 0.037180 0.000010 0.149792 0.000010 0.000010 0.000010 0.562796 0.000010 0.250171
0.000010 0.000010 0.793546 0.000010 0.000010 0.000010 0.000010 0.000010 0.206374 0.000010
0.014394 0.000010 0.710147 0.020427 0.120387 0.000010 0.000010 0.000010 0.134594 0.000010
0.000010 0.000010 0.869388 0.096186 0.000010 0.000010 0.027793 0.000010 0.000010 0.006573
0.000010 0.000010 0.135477 0.000010 0.000010 0.000010 0.000010 0.753190 0.000010 0.111263
0.000010 0.000010 0.000010 0.021583 0.868904 0.000010 0.000010 0.000010 0.109443 0.000010
0.000010 0.000010 0.031256 0.093845 0.739983 0.030963 0.087601 0.000010 0.000010 0.016311
0.020195 0.000010 0.139371 0.035277 0.093196 0.000010 0.209505 0.000010 0.000010 0.502417
0.000010 0.017079 0.530534 0.156206 0.000010 0.000010 0.005028 0.087681 0.203432 0.000010
0.005980 0.000010 0.000010 0.018096 0.000010 0.631126 0.067799 0.276948 0.000010 0.000010
0.015211 0.000010 0.000010 0.000010 0.041667 0.646883 0.000010 0.296179 0.000010 0.000010
0.073969 0.000010 0.000010 0.097974 0.662737 0.012206 0.153064 0.000010 0.000010 0.000010
0.000010 0.000010 0.000010 0.000010 0.000010 0.314214 0.050811 0.634905 0.000010 0.000010
0.000010 0.057717 0.178538 0.029741 0.000010 0.000010 0.000010 0.733945 0.000010 0.000010
0.000010 0.000010 0.000010 0.000010 0.941203 0.000010 0.000010 0.000010 0.000010 0.058717
0.000010 0.000010 0.000010 0.093633 0.000010 0.000010 0.030022 0.852902 0.023384 0.000010
0.001462 0.000010 0.288641 0.400439 0.151999 0.091526 0.000010 0.065893 0.000010 0.000010
0.000010 0.000010 0.880849 0.000010 0.105181 0.000010 0.000010 0.000010 0.013900 0.000010
0.012568 0.000010 0.164894 0.584430 0.000010 0.000010 0.000010 0.000010 0.000010 0.238048
0.003865 0.000010 0.000010 0.041198 0.000010 0.000010 0.000010 0.844871 0.074755 0.035262
0.000010 0.000010 0.532784 0.084365 0.382781 0.000010 0.000010 0.000010 0.000010 0.000010
0.000010 0.000010 0.619190 0.141057 0.160575 0.000010 0.000010 0.000010 0.079118 0.000010
0.000010 0.000010 0.262219 0.000010 0.415415 0.000010 0.000010 0.000010 0.322296 0.000010
0.000010 0.000010 0.527717 0.093585 0.020554 0.041070 0.000010 0.000010 0.317024 0.000010
0.000010 0.000010 0.078152 0.047319 0.000010 0.000010 0.000010 0.000010 0.874459 0.000010
0.001973 0.000010 0.661625 0.038728 0.293552 0.000010 0.000010 0.000010 0.004072 0.000010
0.000010 0.000010 0.461515 0.033037 0.026029 0.000010 0.000010 0.186824 0.246485 0.046069
0.000010 0.000010 0.498696 0.027183 0.387555 0.083149 0.000010 0.000010 0.003368 0.000010
0.017213 0.000010 0.000010 0.000010 0.025685 0.000010 0.000010 0.000010 0.957032 0.000010
0.000010 0.000010 0.113911 0.000010 0.000010 0.000010 0.000010 0.000010 0.886009 0.000010
0.000010 0.000010 0.000010 0.170225 0.000010 0.000010 0.000010 0.829695 0.000010 0.000010
0.000010 0.000010 0.036730 0.000010 0.000010 0.000010 0.006070 0.771624 0.137242 0.048285
