0.010929 0.072510 0.409737 0.506814 0.000010
0.000010 0.064913 0.606051 0.000010 0.329016
0.000010 0.000010 0.000010 0.000010 0.999960
0.020938 0.018003 0.039954 0.070853 0.850252
0.061744 0.000010 0.106265 0.000010 0.831971
0.000010 0.000010 0.078092 0.000010 0.921878
0.000010 0.000010 0.021795 0.000010 0.978175
0.070786 0.000010 0.037647 0.000010 0.891547
0.000010 0.000010 0.254906 0.745064 0.000010
0.000010 0.000010 0.000010 0.844218 0.155752
0.999960 0.000010 0.000010 0.000010 0.000010
0.547698 0.000010 0.157853 0.000010 0.294429
0.999960 0.000010 0.000010 0.000010 0.000010
0.999960 0.000010 0.000010 0.000010 0.000010
0.961052 0.000010 0.038918 0.000010 0.000010
0.000010 0.016746 0.724707 0.000010 0.258528
0.038624 0.000010 0.104822 0.000010 0.856534
0.377680 0.000010 0.108503 0.513797 0.000010
0.136692 0.125530 0.136803 0.232542 0.368432
0.001505 0.000010 0.000010 0.013013 0.985462
0.999960 0.000010 0.000010 0.000010 0.000010
0.999960 0.000010 0.000010 0.000010 0.000010
0.000010 0.000010 0.000010 0.000010 0.999960
0.999960 0.000010 0.000010 0.000010 0.000010
0.000010 0.059628 0.055063 0.000010 0.885289
0.014710 0.058809 0.066776 0.000010 0.859695
0.000010 0.034279 0.041059 0.000010 0.924642
0.000010 0.000010 0.000010 0.000010 0.999960
0.000010 0.000010 0.144739 0.000010 0.855231
0.000010 0.000010 0.187200 0.000010 0.812770
0.000010 0.000010 0.000010 0.676243 0.323727
0.049676 0.032569 0.132711 0.640461 0.144583
0.000010 0.009018 0.072424 0.000010 0.918538
0.000010 0.000010 0.000010 0.000010 0.999960
0.000010 0.000010 0.249276 0.000010 0.750694
0.000010 0.000010 0.233767 0.000010 0.766203
0.047351 0.000010 0.074463 0.071050 0.807126
0.000010 0.031200 0.155271 0.007946 0.805573
0.020288 0.160762 0.590134 0.224812 0.004004
0.000010 0.000010 0.108433 0.000010 0.891537
0.043962 0.136735 0.154289 0.601380 0.063634
0.999960 0.000010 0.000010 0.000010 0.000010
0.999960 0.000010 0.000010 0.000010 0.000010
0.999960 0.000010 0.000010 0.000010 0.000010
0.849414 0.000010 0.000010 0.150556 0.000010
0.999960 0.000010 0.000010 0.000010 0.000010
0.892512 0.000010 0.000010 0.107458 0.000010
0.999960 0.000010 0.000010 0.000010 0.000010
0.046302 0.000010 0.385007 0.404045 0.164637
0.382153 0.000010 0.000010 0.617817 0.000010
0.999960 0.000010 0.000010 0.000010 0.000010
0.000010 0.000010 0.000010 0.000010 0.999960
0.999960 0.000010 0.000010 0.000010 0.000010
0.579735 0.000010 0.000010 0.420235 0.000010
0.002781 0.016893 0.980306 0.000010 0.000010
0.866218 0.014290 0.000010 0.119472 0.000010
0.108754 0.045251 0.060101 0.785884 0.000010
0.114694 0.000010 0.000010 0.885276 0.000010
0.426358 0.000010 0.000010 0.481459 0.092163
0.082145 0.028030 0.564727 0.203443 0.121656
0.000010 0.119350 0.423057 0.000010 0.457573
0.076480 0.000010 0.601003 0.322497 0.000010
0.000010 0.064792 0.435213 0.449395 0.050590
0.000010 0.000010 0.310678 0.426846 0.262456
0.000010 0.003580 0.000010 0.000010 0.996390
0.000010 0.000010 0.000010 0.056134 0.943836
0.113170 0.000010 0.861365 0.025445 0.000010
0.101536 0.000010 0.898434 0.000010 0.000010
0.157605 0.000010 0.000010 0.841391 0.000984
0.163289 0.097242 0.043024 0.696434 0.000010
0.000010 0.110305 0.531399 0.000010 0.358276
0.082065 0.005379 0.000010 0.912536 0.000010
0.127717 0.177749 0.056496 0.638028 0.000010
0.125536 0.008433 0.178018 0.688003 0.000010
0.145722 0.093697 0.000010 0.686174 0.074397
0.000010 0.070096 0.270107 0.659777 0.000010
0.000010 0.000010 0.847933 0.152037 0.000010
0.000010 0.000010 0.553355 0.299914 0.146711
0.000010 0.044837 0.573314 0.000010 0.381829
0.151150 0.189840 0.025673 0.620004 0.013334
0.000010 0.002078 0.083357 0.000010 0.914545
0.000010 0.000010 0.000010 0.000010 0.999960
0.000010 0.000010 0.000010 0.031623 0.968347
0.025793 0.003531 0.013424 0.000010 0.957242
0.010782 0.000010 0.000010 0.000010 0.989188
0.000010 0.038071 0.000010 0.000010 0.961899
0.030030 0.020738 0.949212 0.000010 0.000010
0.999960 0.000010 0.000010 0.000010 0.000010
0.004105 0.640306 0.046997 0.212175 0.096417
0.999960 0.000010 0.000010 0.000010 0.000010
0.999960 0.000010 0.000010 0.000010 0.000010
0.999960 0.000010 0.000010 0.000010 0.000010
0.453104 0.041485 0.000010 0.505391 0.000010
0.157579 0.000010 0.791950 0.050451 0.000010
0.008304 0.028801 0.962874 0.000010 0.000010
0.000010 0.041036 0.004667 0.000010 0.954278
0.000010 0.619182 0.026413 0.317142 0.037252
0.000010 0.000010 0.075988 0.827792 0.096199
0.096471 0.106706 0.758787 0.038026 0.000010
0.070116 0.000010 0.449846 0.408635 0.071393
0.098893 0.008537 0.459817 0.120431 0.312322
0.015087 0.000010 0.812359 0.000010 0.172534
0.204447 0.010684 0.068442 0.468596 0.247831
0.078083 0.000010 0.819547 0.064390 0.037970
0.005359 0.034388 0.443183 0.060445 0.456626
0.019623 0.017978 0.898004 0.034475 0.029919
0.003084 0.019779 0.655882 0.287679 0.033576
0.104150 0.134056 0.030355 0.731429 0.000010
0.050009 0.000010 0.086655 0.863316 0.000010
0.000010 0.016209 0.091611 0.027390 0.864779
0.000010 0.000010 0.000010 0.000010 0.999960
0.090029 0.354532 0.000010 0.555419 0.000010
0.000010 0.636683 0.031727 0.331570 0.000010
0.000010 0.902560 0.072611 0.000010 0.024809
0.000010 0.999960 0.000010 0.000010 0.000010
0.371964 0.012829 0.000010 0.613148 0.002048
0.019595 0.000010 0.602658 0.046275 0.331462
0.146098 0.000010 0.545720 0.250884 0.057289
0.000010 0.000010 0.069406 0.000010 0.930564
0.093649 0.000010 0.351680 0.520496 0.034165
0.000010 0.024583 0.116615 0.000010 0.858782
0.004348 0.040681 0.162820 0.000010 0.792142
0.000010 0.999960 0.000010 0.000010 0.000010
0.011572 0.055933 0.535666 0.293902 0.102927
0.000010 0.999960 0.000010 0.000010 0.000010
0.000010 0.999960 0.000010 0.000010 0.000010
0.000010 0.939278 0.060692 0.000010 0.000010
0.141122 0.041814 0.411089 0.371346 0.034630
0.044124 0.000010 0.103205 0.000010 0.852651
0.022674 0.101559 0.111179 0.000010 0.764578
0.045390 0.228267 0.050689 0.441962 0.233692
0.141122 0.330848 0.000010 0.528010 0.000010
0.000010 0.357289 0.000010 0.642681 0.000010
0.021387 0.000010 0.366719 0.284161 0.327723
0.000010 0.027813 0.124167 0.000010 0.848000
0.021013 0.000010 0.112551 0.866416 0.000010
0.278205 0.063682 0.000010 0.658093 0.000010
0.069153 0.000010 0.198477 0.556918 0.175442
0.000010 0.000010 0.000010 0.000010 0.999960
0.000010 0.006331 0.000010 0.015889 0.977760
0.000010 0.080227 0.224432 0.000010 0.695321
0.054182 0.000010 0.000010 0.000010 0.945788
0.373104 0.000010 0.000010 0.626866 0.000010
0.077927 0.000010 0.509494 0.165823 0.246746
0.374866 0.003696 0.060093 0.356913 0.204432
0.000010 0.000010 0.317386 0.287123 0.395471
0.275557 0.008363 0.000010 0.716060 0.000010
0.132140 0.000010 0.000010 0.824339 0.043501
0.184755 0.000010 0.000010 0.815215 0.000010
0.138271 0.000010 0.030782 0.830927 0.000010
0.154501 0.057835 0.000010 0.787644 0.000010
0.000010 0.999960 0.000010 0.000010 0.000010
0.000010 0.018316 0.981654 0.000010 0.000010
0.048909 0.000010 0.340974 0.131247 0.478861
0.053670 0.240714 0.000010 0.705597 0.000010
0.000010 0.092508 0.486136 0.000010 0.421336
0.167044 0.051410 0.000010 0.781527 0.000010
0.001384 0.000010 0.432028 0.000010 0.566568
0.056573 0.014432 0.479364 0.000010 0.449621
0.037448 0.000010 0.652372 0.033601 0.276568
0.092724 0.171397 0.422126 0.223829 0.089924
0.000010 0.000010 0.651276 0.236148 0.112556
0.096409 0.000010 0.866085 0.000010 0.037486
0.018316 0.000010 0.000010 0.768227 0.213438
0.000010 0.000010 0.355918 0.485428 0.158634
0.085084 0.060819 0.000010 0.747533 0.106555
0.014350 0.091824 0.609625 0.056804 0.227398
0.066490 0.084065 0.505361 0.200867 0.143217
0.051470 0.000010 0.421088 0.352763 0.174669
0.000010 0.078741 0.346309 0.288837 0.286104
0.100871 0.000010 0.646617 0.107767 0.144735
0.000010 0.047042 0.483562 0.000010 0.469376
0.025477 0.000010 0.508070 0.089746 0.376697
0.009060 0.000010 0.286966 0.586611 0.117353
0.102242 0.000010 0.060952 0.781467 0.055328
0.000010 0.099668 0.527899 0.000010 0.372414
0.091450 0.000010 0.388395 0.248810 0.271336
0.033207 0.937802 0.000010 0.028971 0.000010
0.061410 0.911617 0.000010 0.000010 0.026953
0.000010 0.000010 0.179393 0.447426 0.373161
0.013101 0.986869 0.000010 0.000010 0.000010
0.052841 0.940948 0.006191 0.000010 0.000010
0.000010 0.678896 0.132807 0.120869 0.067417
0.000010 0.024959 0.033369 0.868109 0.073553
0.040426 0.880723 0.000010 0.050744 0.028097
0.034636 0.867196 0.050301 0.013997 0.033870
0.024891 0.919445 0.000010 0.055645 0.000010
0.000010 0.057929 0.564323 0.000010 0.377728
0.000010 0.130397 0.661986 0.000010 0.207597
0.000010 0.182967 0.351600 0.465413 0.000010
0.000010 0.000010 0.432322 0.145357 0.422301
0.000010 0.999960 0.000010 0.000010 0.000010
0.129388 0.004969 0.402231 0.331035 0.132378
0.000016 0.897795 0.000010 0.102169 0.000010
0.004614 0.881902 0.000010 0.086001 0.027473
0.033448 0.021517 0.337191 0.072924 0.534920
0.000010 0.084791 0.915179 0.000010 0.000010
0.033154 0.871688 0.090265 0.000010 0.004883
0.000010 0.029622 0.562512 0.043287 0.364569
0.000010 0.117345 0.322128 0.560508 0.000010
0.000010 0.999960 0.000010 0.000010 0.000010
0.051560 0.848465 0.094300 0.005665 0.000010
0.000010 0.999960 0.000010 0.000010 0.000010
0.059094 0.000010 0.391731 0.455187 0.093979
0.000010 0.000010 0.021126 0.978844 0.000010
0.000010 0.000010 0.234424 0.442916 0.322640
0.000010 0.098685 0.324058 0.311614 0.265633
0.019034 0.758496 0.000010 0.115371 0.107088
0.000010 0.939832 0.060138 0.000010 0.000010
0.131880 0.707937 0.160157 0.000016 0.000010
0.046937 0.908931 0.044112 0.000010 0.000010
0.000010 0.092653 0.626503 0.000010 0.280824
0.000010 0.355470 0.000010 0.644500 0.000010
0.019078 0.000010 0.060090 0.046615 0.874207
0.102860 0.017706 0.068502 0.000010 0.810921
0.000010 0.000010 0.074629 0.024957 0.900394
0.121925 0.108406 0.036141 0.701138 0.032390
0.000010 0.997030 0.002940 0.000010 0.000010
0.120609 0.000010 0.000010 0.879361 0.000010
0.023064 0.082558 0.124063 0.702751 0.067564
0.037876 0.793056 0.079263 0.023923 0.065883
0.000010 0.902609 0.065486 0.031885 0.000010
0.000010 0.991644 0.008326 0.000010 0.000010
0.079898 0.787855 0.000010 0.000010 0.132227
0.000010 0.000010 0.199571 0.000010 0.800399
0.000010 0.000010 0.200782 0.000010 0.799188
0.050494 0.000010 0.000010 0.000010 0.949476
0.020955 0.883743 0.068223 0.027069 0.000010
0.000010 0.000010 0.000010 0.000010 0.999960
0.033241 0.029369 0.057650 0.037735 0.842005
0.083609 0.000010 0.424044 0.013266 0.479071
0.023628 0.911694 0.064658 0.000010 0.000010
0.000010 0.999960 0.000010 0.000010 0.000010
0.000010 0.830983 0.100947 0.068050 0.000010
0.000010 0.843319 0.106881 0.017791 0.031999
0.000010 0.838621 0.066543 0.080618 0.014208
0.018875 0.809269 0.064613 0.079053 0.028190
0.017114 0.982856 0.000010 0.000010 0.000010
0.077753 0.831451 0.065608 0.000010 0.025178
0.063389 0.054335 0.602638 0.231659 0.047979
0.155538 0.000010 0.071170 0.085513 0.687770
0.000010 0.857026 0.089337 0.000010 0.053618
0.114231 0.783305 0.102443 0.000010 0.000010
0.000010 0.105642 0.000010 0.000010 0.894328
0.026334 0.000010 0.093450 0.000010 0.880196
0.000010 0.000010 0.000010 0.087957 0.912013
0.000010 0.664735 0.163351 0.148056 0.023848
0.000010 0.000010 0.999960 0.000010 0.000010
0.027304 0.000010 0.972666 0.000010 0.000010
0.062098 0.913606 0.000010 0.000010 0.024277
0.192481 0.196524 0.365223 0.181976 0.063797
0.066838 0.023509 0.624389 0.163187 0.122078
0.000010 0.999960 0.000010 0.000010 0.000010
0.068160 0.154185 0.445861 0.311324 0.020470
0.000010 0.000010 0.258912 0.142749 0.598318
0.000010 0.114842 0.682995 0.128050 0.074102
0.037129 0.000010 0.115822 0.560536 0.286502
0.000010 0.369937 0.000010 0.630033 0.000010
0.048898 0.003390 0.615053 0.101557 0.231102
0.022548 0.216940 0.137954 0.510860 0.111698
0.008453 0.018300 0.712990 0.000010 0.260247
0.000010 0.000010 0.121705 0.681898 0.196378
0.031064 0.939729 0.000010 0.029187 0.000010
0.169720 0.032967 0.589854 0.000010 0.207448
0.009105 0.110770 0.770139 0.000010 0.109975
0.003801 0.140464 0.525553 0.196369 0.133814
0.000010 0.384397 0.000010 0.615573 0.000010
0.023955 0.092509 0.621143 0.142206 0.120187
0.000010 0.146269 0.461515 0.059545 0.332661
0.023636 0.124224 0.375825 0.059195 0.417120
0.000010 0.000010 0.999960 0.000010 0.000010
0.000010 0.000010 0.544210 0.455760 0.000010
0.003789 0.000010 0.216776 0.616405 0.163020
0.000010 0.000010 0.990571 0.000010 0.009399
0.000010 0.000010 0.999960 0.000010 0.000010
0.087617 0.000010 0.912353 0.000010 0.000010
0.000010 0.000010 0.777793 0.000010 0.222177
0.032497 0.011664 0.817961 0.137869 0.000010
0.000010 0.104269 0.574334 0.000010 0.321376
0.000010 0.069829 0.595056 0.000010 0.335095
0.003147 0.175033 0.768237 0.033426 0.020157
0.000010 0.105880 0.707801 0.000010 0.186299
0.019397 0.233572 0.697824 0.000010 0.049197
0.000010 0.366938 0.195022 0.381276 0.056755
0.000010 0.000010 0.494673 0.000010 0.505297
0.000010 0.048732 0.616253 0.000010 0.334995
0.000010 0.049232 0.427092 0.146399 0.377267
0.000010 0.453311 0.229150 0.197221 0.120308
0.038972 0.000010 0.397191 0.242138 0.321689
0.018362 0.000010 0.488752 0.301531 0.191345
0.068018 0.000010 0.343118 0.334612 0.254242
0.020959 0.050418 0.372314 0.109703 0.446606
0.030843 0.865594 0.000010 0.103543 0.000010
0.046129 0.893943 0.042151 0.000010 0.017767
0.146276 0.000010 0.458114 0.286690 0.108910
0.040447 0.865772 0.000010 0.021829 0.071942
0.101442 0.604651 0.193022 0.018702 0.082184
0.000010 0.000010 0.670731 0.273366 0.055883
0.016347 0.651715 0.000010 0.219889 0.112039
0.093914 0.196662 0.426482 0.237311 0.045631
0.000010 0.001152 0.639246 0.000010 0.359581
0.045239 0.000010 0.271789 0.538582 0.144380
0.093512 0.636229 0.086160 0.026366 0.157733
0.000010 0.010902 0.834755 0.069172 0.085162
0.018158 0.050772 0.711618 0.053648 0.165805
0.000010 0.000010 0.502143 0.000010 0.497827
0.055300 0.031597 0.395857 0.000010 0.517236
0.000010 0.000010 0.099673 0.032090 0.868217
0.028279 0.004087 0.647308 0.023902 0.296423
0.000010 0.141610 0.447845 0.029804 0.380731
0.000613 0.075445 0.599725 0.091148 0.233068
0.006735 0.000010 0.061151 0.000010 0.932095
0.000010 0.015608 0.009175 0.000010 0.975197
0.000010 0.631963 0.069643 0.251846 0.046538
0.000010 0.554242 0.135068 0.112112 0.198569
