0.000010 0.088838 0.504324 0.406828
0.119761 0.000010 0.880219 0.000010
0.233151 0.000010 0.766829 0.000010
0.484823 0.019147 0.496021 0.000010
0.489804 0.000010 0.510176 0.000010
0.428925 0.000010 0.571055 0.000010
0.324109 0.000010 0.675871 0.000010
0.217357 0.024278 0.701407 0.056958
0.202651 0.037613 0.197767 0.561969
0.000010 0.093695 0.906285 0.000010
0.000010 0.000010 0.000010 0.999970
0.061212 0.000010 0.416623 0.522155
0.000010 0.043381 0.002031 0.954578
0.000010 0.000010 0.000010 0.999970
0.000010 0.028196 0.000010 0.971784
0.000010 0.000010 0.999970 0.000010
0.326222 0.000010 0.673758 0.000010
0.038325 0.000010 0.216965 0.744699
0.248782 0.197809 0.320954 0.232454
0.254703 0.397027 0.016238 0.332032
0.455566 0.031649 0.502695 0.010089
0.000010 0.000010 0.000010 0.999970
0.000010 0.000010 0.000010 0.999970
0.318946 0.000010 0.646403 0.034641
0.000010 0.000010 0.000010 0.999970
0.309579 0.000010 0.690401 0.000010
0.319086 0.077604 0.603300 0.000010
0.999970 0.000010 0.000010 0.000010
0.290288 0.000010 0.683998 0.025704
0.231898 0.036164 0.731929 0.000010
0.302152 0.028187 0.669651 0.000010
0.313083 0.000010 0.686897 0.000010
0.200894 0.013458 0.281140 0.504508
0.319822 0.000010 0.680158 0.000010
0.194444 0.000010 0.805536 0.000010
0.009938 0.356138 0.266011 0.367913
0.986231 0.000010 0.013749 0.000010
0.211054 0.000010 0.788926 0.000010
0.277109 0.000010 0.300210 0.422671
0.479489 0.000010 0.478574 0.041927
0.474906 0.225269 0.000010 0.299815
0.308914 0.004571 0.686505 0.000010
0.213436 0.131178 0.517298 0.138087
0.167617 0.000010 0.832363 0.000010
0.348471 0.189653 0.107254 0.354621
0.000010 0.000010 0.000010 0.999970
0.000010 0.000010 0.000010 0.999970
0.416174 0.000010 0.583806 0.000010
0.000010 0.013331 0.022430 0.964229
0.000010 0.000010 0.000010 0.999970
0.000010 0.000010 0.000010 0.999970
0.018048 0.011397 0.000010 0.970545
0.000010 0.000010 0.000010 0.999970
0.175671 0.000010 0.554460 0.269859
0.270049 0.000010 0.000010 0.729931
0.000010 0.000010 0.000010 0.999970
0.000010 0.000010 0.021290 0.978690
0.000010 0.374168 0.394923 0.230899
0.518908 0.000010 0.481072 0.000010
0.000010 0.479306 0.316665 0.204019
0.000010 0.000010 0.000010 0.999970
0.078183 0.000010 0.000010 0.921797
0.135487 0.040786 0.026831 0.796897
0.234865 0.011641 0.753484 0.000010
0.000010 0.014321 0.000010 0.985659
0.231263 0.040764 0.727963 0.000010
0.114967 0.085836 0.135133 0.664064
0.259545 0.000010 0.000010 0.740435
0.063751 0.032014 0.086702 0.817533
0.206010 0.042835 0.580470 0.170685
0.152961 0.057396 0.789633 0.000010
0.377302 0.022065 0.349662 0.250971
0.071433 0.000010 0.582530 0.346027
0.237751 0.003810 0.469421 0.289018
0.309799 0.247657 0.000010 0.442534
0.308640 0.000010 0.691340 0.000010
0.600508 0.000010 0.383733 0.015749
0.407779 0.000010 0.592201 0.000010
0.363377 0.020895 0.585614 0.030114
0.109353 0.117154 0.073894 0.699600
0.560938 0.000010 0.327832 0.111220
0.193474 0.087329 0.106653 0.612544
0.120499 0.002115 0.870261 0.007126
0.073591 0.100053 0.089424 0.736931
0.075582 0.140587 0.211637 0.572194
0.568240 0.000010 0.316136 0.115614
0.325078 0.108785 0.019433 0.546703
0.090895 0.096803 0.169432 0.642870
0.064672 0.138028 0.022760 0.774540
0.206095 0.066630 0.124494 0.602781
0.337540 0.000010 0.292958 0.369492
0.183823 0.000010 0.314131 0.502035
0.000010 0.639919 0.340847 0.019224
0.361619 0.110965 0.469773 0.057643
0.331298 0.000010 0.523282 0.145410
0.305198 0.030731 0.512802 0.151269
0.148861 0.000010 0.821699 0.029430
0.313608 0.255049 0.339755 0.091588
0.093291 0.159145 0.142997 0.604567
0.196837 0.000010 0.803143 0.000010
0.600873 0.000010 0.399107 0.000010
0.235075 0.058707 0.647593 0.058626
0.401537 0.012558 0.585894 0.000010
0.262900 0.028111 0.708979 0.000010
0.607325 0.000010 0.392655 0.000010
0.253931 0.052885 0.693175 0.000010
0.227257 0.057890 0.714843 0.000010
0.000010 0.000010 0.000010 0.999970
0.410995 0.022950 0.138024 0.428030
0.034312 0.621269 0.114548 0.229871
0.000010 0.000010 0.000010 0.999970
0.000010 0.000010 0.000010 0.999970
0.000010 0.000010 0.000010 0.999970
0.291345 0.000010 0.032442 0.676203
0.029251 0.101835 0.109677 0.759237
0.407076 0.141624 0.357704 0.093596
0.000010 0.748557 0.251423 0.000010
0.244394 0.115889 0.639707 0.000010
0.000010 0.000010 0.000010 0.999970
0.000010 0.668755 0.331225 0.000010
0.284853 0.048525 0.666612 0.000010
0.006526 0.535213 0.350039 0.108222
0.269347 0.000010 0.072970 0.657673
0.188771 0.569324 0.089154 0.152752
0.527753 0.000010 0.008100 0.464137
0.143568 0.209673 0.459063 0.187697
0.677253 0.000010 0.226621 0.096116
0.221334 0.000010 0.623810 0.154846
0.509317 0.000010 0.490663 0.000010
0.197060 0.116385 0.243654 0.442901
0.419558 0.000010 0.580422 0.000010
0.238788 0.040603 0.683372 0.037237
0.153313 0.032720 0.749010 0.064957
0.222736 0.375160 0.402094 0.000010
0.660541 0.000010 0.272873 0.066576
0.314717 0.164496 0.000010 0.520777
0.264869 0.065406 0.421381 0.248344
0.096256 0.195490 0.142843 0.565411
0.330437 0.009214 0.000010 0.660339
0.388045 0.020063 0.311570 0.280322
0.292779 0.000010 0.694998 0.012213
0.341538 0.000010 0.658442 0.000010
0.033529 0.367620 0.102163 0.496688
0.000010 0.999970 0.000010 0.000010
0.000010 0.334047 0.134689 0.531253
0.412344 0.075197 0.000010 0.512449
0.223523 0.619918 0.016019 0.140540
0.014932 0.029372 0.818991 0.136704
0.000010 0.878863 0.121117 0.000010
0.000010 0.053855 0.866621 0.079514
0.135165 0.269735 0.412967 0.182132
0.000010 0.942683 0.057297 0.000010
0.390840 0.022592 0.576647 0.009921
0.255414 0.000010 0.744566 0.000010
0.370334 0.002491 0.463379 0.163796
0.327011 0.000010 0.672969 0.000010
0.446566 0.000010 0.227348 0.326077
0.255650 0.099949 0.644391 0.000010
0.249870 0.000010 0.738425 0.011695
0.000010 0.000010 0.999970 0.000010
0.000010 0.999970 0.000010 0.000010
0.100345 0.081768 0.578158 0.239730
0.000010 0.999970 0.000010 0.000010
0.000010 0.999970 0.000010 0.000010
0.000010 0.999970 0.000010 0.000010
0.188775 0.088903 0.381132 0.341190
0.346481 0.000010 0.653499 0.000010
0.322106 0.000010 0.658184 0.019700
0.207622 0.101673 0.690695 0.000010
0.193346 0.035884 0.216299 0.554471
0.250193 0.231886 0.128162 0.389759
0.098541 0.273114 0.062614 0.565731
0.031246 0.312164 0.065974 0.590616
0.210875 0.098005 0.113233 0.577887
0.116853 0.133044 0.150157 0.599946
0.247577 0.000010 0.567702 0.184712
0.288000 0.000010 0.711980 0.000010
0.248414 0.000010 0.106652 0.644924
0.016247 0.283982 0.630249 0.069522
0.294123 0.000010 0.257527 0.448340
0.197228 0.138030 0.065769 0.598973
0.000010 0.000010 0.999970 0.000010
0.479586 0.000010 0.520394 0.000010
0.342651 0.017131 0.640209 0.000010
0.198525 0.064518 0.736948 0.000010
0.195560 0.000010 0.698938 0.105491
0.184160 0.000010 0.767802 0.048028
0.264342 0.034256 0.701392 0.000010
0.168960 0.000010 0.000010 0.831020
0.616315 0.000010 0.383665 0.000010
0.200726 0.000010 0.799254 0.000010
0.097799 0.041327 0.215143 0.645730
0.193345 0.000010 0.687186 0.119459
0.078902 0.101529 0.072405 0.747164
0.156117 0.045376 0.126226 0.672281
0.239903 0.097052 0.000010 0.663036
0.863004 0.000010 0.136976 0.000010
0.146420 0.008733 0.129204 0.715643
0.178883 0.115476 0.000010 0.705632
0.000010 0.999970 0.000010 0.000010
0.083996 0.081738 0.834256 0.000010
0.449761 0.000010 0.471692 0.078537
0.106838 0.256809 0.087589 0.548764
0.111314 0.061210 0.827466 0.000010
0.115464 0.082603 0.150013 0.651920
0.063513 0.594103 0.284950 0.057433
0.309660 0.000014 0.690316 0.000010
0.367312 0.051460 0.581217 0.000010
0.406605 0.000010 0.563996 0.029390
0.249615 0.000010 0.750365 0.000010
0.000010 0.230826 0.713993 0.055171
0.044702 0.090289 0.507476 0.357534
0.156846 0.286057 0.061787 0.495309
0.269957 0.041745 0.688288 0.000010
0.537757 0.000010 0.429177 0.033056
0.346143 0.000010 0.653837 0.000010
0.338228 0.000010 0.581825 0.079937
0.485053 0.000010 0.071024 0.443913
0.045443 0.000010 0.594316 0.360232
0.500526 0.058873 0.000010 0.440591
0.069725 0.060855 0.751020 0.118400
0.071219 0.058083 0.656157 0.214541
0.083261 0.000010 0.690822 0.225907
0.173074 0.000010 0.527767 0.299149
0.095308 0.125802 0.544710 0.234180
0.703322 0.039876 0.256792 0.000010
0.125900 0.000010 0.874080 0.000010
0.500046 0.000010 0.449894 0.050050
0.529643 0.034947 0.202841 0.232570
0.245437 0.034041 0.113762 0.606759
0.000010 0.741761 0.000010 0.258219
0.141453 0.052055 0.232360 0.574131
0.000010 0.717192 0.003847 0.278951
0.083679 0.000010 0.835890 0.080422
0.071239 0.171771 0.019901 0.737089
0.166618 0.041034 0.792337 0.000010
0.000010 0.074876 0.925104 0.000010
0.000010 0.025529 0.974451 0.000010
0.261555 0.011984 0.726452 0.000010
0.800203 0.000010 0.199777 0.000010
0.000010 0.840526 0.063748 0.095717
0.000010 0.946616 0.003704 0.049670
0.324018 0.000010 0.332736 0.343236
0.001173 0.998807 0.000010 0.000010
0.004331 0.900157 0.033370 0.062143
0.039328 0.589200 0.258280 0.113193
0.158518 0.105293 0.177967 0.558221
0.000010 0.859260 0.079942 0.060788
0.043040 0.864885 0.052898 0.039177
0.032471 0.890703 0.000010 0.076817
0.000010 0.999970 0.000010 0.000010
0.384412 0.000014 0.000010 0.615564
0.086150 0.000010 0.913830 0.000010
0.000010 0.079377 0.920603 0.000010
0.333012 0.000010 0.072023 0.594955
0.145871 0.155178 0.364173 0.334778
0.327358 0.007268 0.556246 0.109128
0.034744 0.934353 0.030893 0.000010
0.000010 0.891058 0.084823 0.024110
0.516497 0.036254 0.248947 0.198302
0.196868 0.488785 0.314338 0.000010
0.002381 0.891274 0.000010 0.106335
0.050573 0.949407 0.000010 0.000010
0.000010 0.965168 0.000010 0.034812
0.000010 0.784372 0.121980 0.093637
0.335669 0.066579 0.591291 0.006461
0.000010 0.000010 0.999970 0.000010
0.064733 0.864891 0.070366 0.000010
0.083800 0.013922 0.856797 0.045481
0.064610 0.097799 0.609643 0.227948
0.210689 0.187398 0.274740 0.327174
0.000010 0.674969 0.000010 0.325011
0.000010 0.081271 0.674868 0.243851
0.339089 0.079429 0.060031 0.521451
0.199769 0.082294 0.634798 0.083138
0.000010 0.912702 0.035678 0.051610
0.000010 0.860613 0.099669 0.039709
0.000010 0.999970 0.000010 0.000010
0.000010 0.941036 0.010818 0.048136
0.527530 0.038969 0.251926 0.181574
0.251932 0.000010 0.443039 0.305019
0.470252 0.000010 0.529728 0.000010
0.266266 0.080202 0.615104 0.038429
0.289153 0.000010 0.710827 0.000010
0.000010 0.036157 0.760977 0.202856
0.272435 0.085206 0.468777 0.173582
0.350954 0.004698 0.435425 0.208923
0.000010 0.000010 0.777794 0.222186
0.166700 0.070893 0.063536 0.698871
0.022996 0.000010 0.920866 0.056127
0.070433 0.717440 0.115496 0.096631
0.000010 0.893227 0.106753 0.000010
0.080346 0.727112 0.093553 0.098990
0.000010 0.018430 0.946947 0.034613
0.026559 0.973421 0.000010 0.000010
0.000010 0.920553 0.079427 0.000010
0.014392 0.000010 0.985588 0.000010
0.344885 0.000010 0.655095 0.000010
0.312303 0.000010 0.655226 0.032461
0.397212 0.000010 0.602768 0.000010
0.258901 0.094761 0.083787 0.562551
0.120947 0.432478 0.340503 0.106072
0.000010 0.999970 0.000010 0.000010
0.146110 0.049983 0.051961 0.751946
0.162371 0.000010 0.274176 0.563443
0.004355 0.869472 0.018977 0.107196
0.039495 0.818904 0.067015 0.074586
0.000010 0.927719 0.072261 0.000010
0.000010 0.993243 0.000010 0.006737
0.000010 0.745308 0.127446 0.127237
0.069699 0.839966 0.076936 0.013399
0.406186 0.000010 0.593794 0.000010
0.028712 0.827218 0.144060 0.000010
0.403400 0.009496 0.587094 0.000010
0.006621 0.385032 0.551623 0.056725
0.366641 0.000010 0.633339 0.000010
0.043889 0.869333 0.086767 0.000010
0.187843 0.000010 0.806144 0.006003
0.479928 0.032159 0.452421 0.035493
0.000010 0.059388 0.940592 0.000010
0.029545 0.162755 0.773454 0.034246
0.627363 0.000010 0.372617 0.000010
0.000010 0.823977 0.091347 0.084667
0.000010 0.999970 0.000010 0.000010
0.000010 0.940836 0.044286 0.014868
0.000010 0.964152 0.035828 0.000010
0.103434 0.705732 0.183079 0.007755
0.071725 0.846851 0.019746 0.061678
0.000010 0.999970 0.000010 0.000010
0.081468 0.852661 0.065860 0.000010
0.122169 0.802583 0.042183 0.033065
0.021403 0.799969 0.075871 0.102757
0.010198 0.964720 0.025072 0.000010
0.085998 0.741505 0.106051 0.066446
0.000010 0.679700 0.247765 0.072524
0.048423 0.811916 0.117486 0.022176
0.155639 0.044066 0.577343 0.222952
0.210094 0.000010 0.714800 0.075096
0.999970 0.000010 0.000010 0.000010
0.000010 0.715561 0.006942 0.277487
0.084193 0.805272 0.098725 0.011810
0.068738 0.839708 0.027544 0.064010
0.336899 0.048335 0.586974 0.027791
0.308736 0.002487 0.660251 0.028526
0.528714 0.000010 0.471266 0.000010
0.002340 0.680940 0.171298 0.145422
0.253816 0.000010 0.746164 0.000010
0.063654 0.000010 0.936326 0.000010
0.274365 0.092521 0.633104 0.000010
0.000010 0.960641 0.000010 0.039339
0.273175 0.074396 0.359625 0.292803
0.000010 0.999970 0.000010 0.000010
0.435426 0.032416 0.467578 0.064580
0.000010 0.874964 0.051760 0.073266
0.000010 0.999970 0.000010 0.000010
0.060306 0.053333 0.790215 0.096146
0.000010 0.000010 0.594111 0.405869
0.363137 0.000010 0.545749 0.091104
0.000010 0.000010 0.866519 0.133461
0.127649 0.000010 0.872331 0.000010
0.000010 0.066399 0.784022 0.149569
0.000010 0.000010 0.980648 0.019332
0.999970 0.000010 0.000010 0.000010
0.152817 0.109485 0.268398 0.469300
0.285720 0.242450 0.235035 0.236795
0.196289 0.000010 0.719603 0.084098
0.000010 0.000010 0.999970 0.000010
0.999970 0.000010 0.000010 0.000010
0.251020 0.252356 0.199234 0.297390
0.000010 0.000010 0.953712 0.046268
0.335822 0.000010 0.150624 0.513543
0.000010 0.999970 0.000010 0.000010
0.977787 0.000010 0.000010 0.022193
0.178534 0.068869 0.606487 0.146110
0.077577 0.016902 0.905511 0.000010
0.062584 0.012677 0.924729 0.000010
0.295385 0.081023 0.023644 0.599948
0.000010 0.086589 0.781417 0.131984
0.000010 0.355338 0.129880 0.514772
0.192673 0.088616 0.575504 0.143207
0.026231 0.691739 0.271794 0.010236
0.027446 0.829322 0.121284 0.021948
0.000010 0.145836 0.830761 0.023393
0.108401 0.439416 0.118907 0.333276
0.072799 0.117559 0.769066 0.040575
0.043253 0.079507 0.786125 0.091116
0.326024 0.240185 0.126184 0.307608
0.522894 0.000010 0.246020 0.231076
0.417869 0.000010 0.254807 0.327314
0.456029 0.028511 0.172072 0.343388
0.581195 0.013105 0.405691 0.000010
0.422844 0.000010 0.193617 0.383528
0.485569 0.009021 0.505400 0.000010
0.386225 0.000010 0.613755 0.000010
0.383653 0.072889 0.543448 0.000010
0.046477 0.000010 0.949492 0.004021
0.000010 0.196906 0.749838 0.053246
0.328217 0.068312 0.564563 0.038908
0.117747 0.096741 0.094600 0.690912
0.000010 0.000010 0.948854 0.051126
0.186170 0.064577 0.749243 0.000010
0.075027 0.059529 0.731250 0.134194
0.999970 0.000010 0.000010 0.000010
0.000010 0.133906 0.866074 0.000010
0.093076 0.118953 0.787961 0.000010
0.059391 0.154421 0.607244 0.178944
0.011291 0.032469 0.956231 0.000010
0.000010 0.175079 0.772877 0.052034
0.139720 0.115090 0.733867 0.011323
0.110917 0.385249 0.334058 0.169777
0.000010 0.052499 0.947481 0.000010
0.000010 0.081919 0.699364 0.218707
0.000010 0.000010 0.940950 0.059030
0.453706 0.000010 0.274413 0.271871
0.135281 0.038924 0.825785 0.000010
0.083541 0.000010 0.819196 0.097254
0.247688 0.000010 0.734017 0.018285
0.023958 0.489035 0.445391 0.041616
0.077914 0.451398 0.412744 0.057944
0.035512 0.635681 0.197294 0.131513
0.648568 0.000010 0.308288 0.043134
0.557379 0.000010 0.365604 0.077007
0.000010 0.000010 0.999970 0.000010
0.176771 0.000010 0.513753 0.309467
0.153843 0.026682 0.737566 0.081910
0.099190 0.595366 0.265652 0.039793
0.067081 0.538914 0.293231 0.100774
0.028041 0.847048 0.036433 0.088478
0.028995 0.926357 0.041897 0.002751
0.413156 0.000010 0.290175 0.296658
0.080063 0.870646 0.000010 0.049281
0.067035 0.526623 0.266579 0.139762
0.577434 0.000010 0.422546 0.000010
0.091428 0.591165 0.172314 0.145093
0.059635 0.027544 0.912811 0.000010
0.072614 0.646913 0.126116 0.154358
0.105483 0.144730 0.401905 0.347882
0.201842 0.000010 0.798138 0.000010
0.019001 0.916299 0.000010 0.064690
0.178552 0.000010 0.424540 0.396898
0.090923 0.676766 0.174044 0.058267
0.211103 0.039456 0.657934 0.091507
0.193652 0.000010 0.715477 0.090861
0.308536 0.049493 0.641962 0.000010
0.207984 0.096491 0.695514 0.000010
0.414758 0.002757 0.582475 0.000010
0.418119 0.011825 0.388870 0.181186
0.269039 0.111923 0.619028 0.000010
0.353396 0.000010 0.646584 0.000010
0.229868 0.000010 0.761700 0.008421
0.479098 0.067894 0.452998 0.000010
0.170312 0.085508 0.744170 0.000010
0.253581 0.074385 0.645621 0.026413
0.091546 0.521986 0.316468 0.070000
0.542217 0.000010 0.457763 0.000010
0.352092 0.000010 0.647888 0.000010
0.463778 0.010900 0.525312 0.000010
0.073655 0.589100 0.116162 0.221083
0.105936 0.576294 0.258446 0.059324
0.168519 0.000010 0.227960 0.603510
