0.000010 0.130230 0.000010 0.072698 0.000010 0.281508 0.000010 0.000010 0.000010 0.022835 0.025995 0.466665 0.000010
0.622119 0.164572 0.000010 0.000010 0.000010 0.000010 0.000010 0.045859 0.000010 0.000010 0.000010 0.000010 0.167360
0.000010 0.117446 0.000010 0.000010 0.000010 0.000010 0.000010 0.000010 0.000010 0.000010 0.000010 0.061955 0.820499
0.000010 0.081363 0.000010 0.039311 0.003061 0.014641 0.000010 0.141179 0.064922 0.000010 0.036902 0.016174 0.602407
0.000010 0.000010 0.000010 0.000010 0.000010 0.000010 0.000010 0.232452 0.159277 0.000010 0.000010 0.016346 0.591835
0.011515 0.171019 0.058119 0.000010 0.000010 0.000010 0.000010 0.172023 0.000010 0.000010 0.000010 0.000010 0.587245
0.000010 0.156021 0.000010 0.000010 0.000010 0.000010 0.000010 0.048841 0.000010 0.000010 0.000010 0.125387 0.669661
0.000010 0.167828 0.043686 0.000010 0.052959 0.000010 0.023541 0.000010 0.000010 0.003781 0.005126 0.000010 0.703019
0.022532 0.000010 0.061667 0.170025 0.038044 0.485529 0.000010 0.062502 0.100287 0.001615 0.000010 0.057761 0.000010
0.832683 0.000010 0.000010 0.000010 0.000010 0.000010 0.000010 0.000010 0.167207 0.000010 0.000010 0.000010 0.000010
0.000010 0.000010 0.000010 0.000010 0.999880 0.000010 0.000010 0.000010 0.000010 0.000010 0.000010 0.000010 0.000010
0.000010 0.163461 0.059836 0.000010 0.357616 0.100331 0.000010 0.000010 0.144846 0.000010 0.000010 0.000010 0.173841
0.000010 0.041789 0.000010 0.000010 0.251321 0.661311 0.000010 0.000010 0.000010 0.000010 0.000010 0.045489 0.000010
0.000010 0.013117 0.000010 0.000010 0.326742 0.660041 0.000010 0.000010 0.000010 0.000010 0.000010 0.000010 0.000010
0.000010 0.000010 0.000010 0.000010 0.178959 0.820931 0.000010 0.000010 0.000010 0.000010 0.000010 0.000010 0.000010
0.739006 0.145280 0.038808 0.000010 0.000010 0.000010 0.000010 0.000010 0.000010 0.000010 0.000010 0.076816 0.000010
0.000010 0.189649 0.032844 0.000010 0.000010 0.000010 0.000010 0.043963 0.000010 0.000010 0.000010 0.062841 0.670623
0.041478 0.035334 0.000010 0.000010 0.148181 0.774916 0.000010 0.000010 0.000010 0.000010 0.000010 0.000010 0.000010
0.000010 0.082327 0.000010 0.000010 0.000010 0.396060 0.014635 0.000010 0.000010 0.056584 0.058635 0.000010 0.391690
0.000010 0.000010 0.233828 0.118796 0.018983 0.222093 0.239687 0.134494 0.000010 0.032060 0.000010 0.000010 0.000010
0.000010 0.058116 0.000010 0.000010 0.043696 0.000010 0.000010 0.102840 0.000010 0.000010 0.000010 0.000010 0.795259
0.000010 0.000010 0.000010 0.000010 0.999880 0.000010 0.000010 0.000010 0.000010 0.000010 0.000010 0.000010 0.000010
0.000010 0.000010 0.000010 0.000010 0.999880 0.000010 0.000010 0.000010 0.000010 0.000010 0.000010 0.000010 0.000010
0.000010 0.052338 0.000010 0.038981 0.023554 0.000010 0.000010 0.039979 0.000010 0.000010 0.000010 0.156867 0.688211
0.000010 0.000010 0.000010 0.000010 0.999880 0.000010 0.000010 0.000010 0.000010 0.000010 0.000010 0.000010 0.000010
0.000010 0.140842 0.000010 0.000010 0.004050 0.000010 0.000010 0.040082 0.000010 0.010923 0.000010 0.153751 0.650283
0.001236 0.104715 0.059908 0.000010 0.000010 0.000010 0.013300 0.065166 0.000010 0.000010 0.000010 0.000010 0.755605
0.000010 0.000010 0.000010 0.000010 0.000010 0.000010 0.000010 0.999880 0.000010 0.000010 0.000010 0.000010 0.000010
0.000010 0.186565 0.000010 0.000010 0.024391 0.000010 0.000010 0.000010 0.000010 0.000010 0.000010 0.000010 0.788944
0.000010 0.000010 0.000010 0.000010 0.000010 0.000010 0.000010 0.000010 0.000010 0.019379 0.000010 0.000010 0.980511
0.024195 0.141605 0.000010 0.000010 0.000010 0.000010 0.000010 0.093065 0.000010 0.000010 0.000010 0.193236 0.547819
0.208900 0.130603 0.000010 0.000010 0.000010 0.000010 0.000010 0.173771 0.000010 0.000010 0.000010 0.000010 0.486637
0.000010 0.233110 0.000010 0.559905 0.000010 0.039364 0.000010 0.000010 0.040535 0.045997 0.000010 0.000010 0.081019
0.072961 0.160911 0.000010 0.000010 0.000010 0.000010 0.012084 0.077989 0.032481 0.000010 0.000010 0.000010 0.643503
0.000010 0.000010 0.000010 0.000010 0.000010 0.000010 0.000010 0.000010 0.000010 0.000010 0.000010 0.000010 0.999880
0.132076 0.000010 0.000010 0.166989 0.000010 0.230402 0.101433 0.000010 0.037858 0.215313 0.088524 0.023257 0.004109
0.000010 0.000010 0.000010 0.000010 0.000010 0.000010 0.000010 0.999880 0.000010 0.000010 0.000010 0.000010 0.000010
0.208852 0.308478 0.033101 0.000010 0.000010 0.000010 0.000010 0.033084 0.034102 0.000010 0.000010 0.000010 0.382314
0.000010 0.019083 0.000010 0.555092 0.015215 0.000010 0.000010 0.000010 0.023420 0.000010 0.000010 0.116051 0.271070
0.010326 0.165709 0.000010 0.000010 0.000010 0.041944 0.000010 0.206928 0.006997 0.050940 0.000010 0.000010 0.517096
0.000010 0.000010 0.000010 0.575628 0.000010 0.000010 0.219115 0.205157 0.000010 0.000010 0.000010 0.000010 0.000010
0.112760 0.210282 0.000010 0.000010 0.000010 0.003833 0.021402 0.126043 0.000010 0.000010 0.000010 0.032538 0.493082
0.019208 0.333378 0.035262 0.103463 0.000010 0.053118 0.100345 0.011203 0.343973 0.000010 0.000010 0.000010 0.000010
0.121099 0.158888 0.000010 0.000010 0.000010 0.000010 0.000010 0.000010 0.018258 0.000010 0.000010 0.000010 0.701666
0.000010 0.096509 0.000010 0.454701 0.000010 0.000010 0.159263 0.086636 0.067907 0.059662 0.000010 0.000010 0.075263
0.000010 0.000010 0.000010 0.000010 0.354408 0.645482 0.000010 0.000010 0.000010 0.000010 0.000010 0.000010 0.000010
0.000010 0.000010 0.000010 0.000010 0.730633 0.269257 0.000010 0.000010 0.000010 0.000010 0.000010 0.000010 0.000010
0.061404 0.000010 0.125650 0.000010 0.000010 0.000010 0.000010 0.215327 0.000010 0.000010 0.000010 0.043735 0.553803
0.000010 0.000010 0.008399 0.000010 0.968334 0.000010 0.000010 0.000010 0.000010 0.023167 0.000010 0.000010 0.000010
0.000010 0.000010 0.000010 0.186649 0.813241 0.000010 0.000010 0.000010 0.000010 0.000010 0.000010 0.000010 0.000010
0.000010 0.000010 0.000010 0.000010 0.999880 0.000010 0.000010 0.000010 0.000010 0.000010 0.000010 0.000010 0.000010
0.000010 0.000010 0.000010 0.136345 0.826466 0.000010 0.000010 0.000010 0.000010 0.037089 0.000010 0.000010 0.000010
0.000010 0.000010 0.000010 0.000010 0.999880 0.000010 0.000010 0.000010 0.000010 0.000010 0.000010 0.000010 0.000010
0.000010 0.093021 0.000010 0.000010 0.035698 0.077922 0.000010 0.090372 0.000010 0.000010 0.000010 0.702907 0.000010
0.000010 0.007503 0.000010 0.052003 0.286185 0.534736 0.000010 0.109537 0.000010 0.000010 0.000010 0.000010 0.009965
0.000010 0.000010 0.000010 0.000010 0.587137 0.412753 0.000010 0.000010 0.000010 0.000010 0.000010 0.000010 0.000010
0.000010 0.000010 0.000010 0.000010 0.623060 0.340108 0.000010 0.000010 0.000010 0.000010 0.000010 0.036732 0.000010
0.163913 0.206555 0.005486 0.000010 0.000010 0.156918 0.273112 0.000010 0.000010 0.193946 0.000010 0.000010 0.000010
0.000010 0.166885 0.000010 0.000010 0.000010 0.000010 0.000010 0.225242 0.032789 0.000010 0.000010 0.000010 0.574994
0.375105 0.000010 0.000010 0.000010 0.070540 0.000010 0.245541 0.000010 0.000010 0.308724 0.000010 0.000010 0.000010
0.000010 0.000010 0.000010 0.000010 0.999880 0.000010 0.000010 0.000010 0.000010 0.000010 0.000010 0.000010 0.000010
0.000010 0.023832 0.000010 0.011723 0.364183 0.549642 0.000010 0.050539 0.000010 0.000010 0.000010 0.000010 0.000010
0.025904 0.000010 0.000010 0.000010 0.261838 0.626160 0.000010 0.037251 0.000010 0.048767 0.000010 0.000010 0.000010
0.000010 0.077947 0.000010 0.000010 0.000010 0.000010 0.000010 0.000010 0.921943 0.000010 0.000010 0.000010 0.000010
0.000010 0.000010 0.000010 0.017902 0.823514 0.109622 0.000010 0.022008 0.026874 0.000010 0.000010 0.000010 0.000010
0.000010 0.000010 0.000010 0.000010 0.000010 0.000010 0.000010 0.000010 0.999880 0.000010 0.000010 0.000010 0.000010
0.012441 0.067430 0.000010 0.000010 0.000010 0.920030 0.000010 0.000010 0.000010 0.000010 0.000010 0.000010 0.000010
0.000010 0.098437 0.000010 0.591819 0.016238 0.293416 0.000010 0.000010 0.000010 0.000010 0.000010 0.000010 0.000010
0.000010 0.000010 0.000010 0.043020 0.265915 0.643689 0.000010 0.000010 0.000010 0.005447 0.000010 0.000010 0.041849
0.161397 0.199426 0.101877 0.089805 0.050483 0.000010 0.029888 0.047782 0.315049 0.000010 0.000010 0.000010 0.004252
0.367655 0.154043 0.000010 0.000010 0.000010 0.000010 0.000010 0.019014 0.105361 0.035819 0.014079 0.000010 0.303969
0.019724 0.226403 0.000010 0.320800 0.007694 0.000010 0.000010 0.167468 0.240009 0.000010 0.000010 0.010071 0.007781
0.097505 0.260696 0.000010 0.160833 0.011294 0.151167 0.000010 0.000010 0.050056 0.011124 0.000010 0.217778 0.039507
0.063309 0.133064 0.000010 0.404833 0.000010 0.000010 0.000010 0.006163 0.072172 0.000010 0.000010 0.244237 0.076162
0.000010 0.000010 0.000010 0.215803 0.094450 0.075543 0.188779 0.250961 0.000010 0.174394 0.000010 0.000010 0.000010
0.000010 0.033658 0.001695 0.071934 0.000010 0.000010 0.000010 0.009650 0.068072 0.000010 0.000010 0.000010 0.814921
0.000010 0.078038 0.000010 0.019622 0.005376 0.000010 0.007840 0.329397 0.000010 0.000010 0.000010 0.000010 0.559656
0.000010 0.000010 0.041793 0.000010 0.000010 0.000010 0.000010 0.181379 0.776728 0.000010 0.000010 0.000010 0.000010
0.000010 0.000010 0.000010 0.000010 0.000010 0.000010 0.000010 0.011238 0.875080 0.000010 0.000010 0.000010 0.113582
0.000010 0.034770 0.000010 0.102097 0.046486 0.735806 0.000010 0.000010 0.000010 0.062489 0.018282 0.000010 0.000010
0.000010 0.000010 0.000010 0.000010 0.003004 0.025559 0.000010 0.433528 0.000010 0.050735 0.000010 0.196408 0.290695
0.000010 0.000010 0.000010 0.060387 0.090112 0.623293 0.000010 0.028425 0.167133 0.012495 0.000010 0.018096 0.000010
0.409874 0.274525 0.008578 0.002235 0.000010 0.000010 0.003637 0.000010 0.092317 0.017961 0.000010 0.000010 0.190821
0.000010 0.061557 0.000010 0.000010 0.000010 0.925190 0.000010 0.000010 0.000010 0.012842 0.000010 0.000322 0.000010
0.000010 0.095929 0.000010 0.056382 0.042552 0.555159 0.049763 0.000010 0.019843 0.033389 0.000010 0.146932 0.000010
0.089917 0.000010 0.075889 0.171324 0.000010 0.000010 0.000010 0.391672 0.000010 0.000010 0.000010 0.017500 0.253628
0.000010 0.137115 0.000010 0.775767 0.000010 0.000010 0.034407 0.000010 0.000010 0.052621 0.000010 0.000010 0.000010
0.044543 0.078645 0.019803 0.091227 0.113425 0.565059 0.034026 0.030400 0.000010 0.022832 0.000010 0.000010 0.000010
0.000010 0.000010 0.000010 0.018621 0.033915 0.825158 0.000010 0.000010 0.000010 0.084017 0.000010 0.038209 0.000010
0.089248 0.000010 0.000010 0.899895 0.000010 0.000010 0.000010 0.000010 0.000010 0.000010 0.000010 0.010756 0.000010
0.000010 0.000010 0.000010 0.529069 0.000010 0.000010 0.000010 0.087081 0.212011 0.004821 0.000010 0.128604 0.038343
0.062419 0.061371 0.000010 0.651330 0.000010 0.000010 0.000010 0.000010 0.033575 0.000010 0.000010 0.191225 0.000010
0.000010 0.000010 0.067393 0.000010 0.000010 0.000010 0.000010 0.000010 0.000010 0.020471 0.529389 0.382657 0.000010
0.000010 0.000010 0.000010 0.026116 0.033993 0.000010 0.000010 0.089189 0.774676 0.075947 0.000010 0.000010 0.000010
0.000010 0.000010 0.063539 0.089480 0.000010 0.058816 0.000010 0.146416 0.054631 0.000010 0.000010 0.211119 0.375939
0.089309 0.193509 0.048788 0.265600 0.000010 0.000010 0.000010 0.032571 0.222615 0.032086 0.000010 0.000010 0.115472
0.563166 0.176554 0.000010 0.051713 0.000010 0.014739 0.000010 0.043263 0.006109 0.000010 0.000010 0.000010 0.144396
0.116761 0.000010 0.175478 0.087959 0.000010 0.000010 0.048655 0.223653 0.001160 0.000010 0.109033 0.177344 0.059919
0.000010 0.156689 0.000010 0.131008 0.110269 0.440420 0.000010 0.000010 0.000010 0.032034 0.071052 0.058468 0.000010
0.170143 0.057405 0.000010 0.000010 0.026843 0.000010 0.000010 0.000010 0.000010 0.034586 0.000010 0.000010 0.710944
0.000010 0.139193 0.000010 0.000010 0.000010 0.000010 0.000010 0.313193 0.000010 0.000010 0.000010 0.000010 0.547514
0.043315 0.000010 0.090243 0.052863 0.000010 0.000010 0.020900 0.036792 0.000010 0.043162 0.002051 0.000010 0.710625
0.000010 0.083929 0.000010 0.000010 0.000010 0.000010 0.000010 0.156521 0.000010 0.009539 0.000010 0.045865 0.704065
0.000010 0.133501 0.000010 0.000010 0.000010 0.031717 0.050401 0.014074 0.000010 0.000010 0.000010 0.000010 0.770227
0.000010 0.000010 0.000010 0.000010 0.000010 0.000010 0.000010 0.311959 0.000010 0.000010 0.000010 0.000010 0.687931
0.154052 0.000010 0.000010 0.000010 0.000010 0.000010 0.019082 0.106485 0.000010 0.000010 0.000010 0.000010 0.720291
0.000010 0.000010 0.000010 0.016001 0.000010 0.000010 0.000010 0.000010 0.874245 0.000010 0.000010 0.005947 0.103717
0.000010 0.000010 0.000010 0.000010 0.624595 0.375295 0.000010 0.000010 0.000010 0.000010 0.000010 0.000010 0.000010
0.000010 0.000010 0.108551 0.491588 0.021131 0.042462 0.000010 0.212802 0.113177 0.010229 0.000010 0.000010 0.000010
0.005086 0.102369 0.000010 0.000010 0.000010 0.114177 0.474195 0.000010 0.000010 0.303783 0.000010 0.000010 0.000321
0.000010 0.000010 0.000010 0.000010 0.999880 0.000010 0.000010 0.000010 0.000010 0.000010 0.000010 0.000010 0.000010
0.000010 0.000010 0.000010 0.105002 0.894888 0.000010 0.000010 0.000010 0.000010 0.000010 0.000010 0.000010 0.000010
0.000010 0.000010 0.000010 0.000010 0.999880 0.000010 0.000010 0.000010 0.000010 0.000010 0.000010 0.000010 0.000010
0.000010 0.000010 0.000010 0.195769 0.144169 0.468025 0.000010 0.171771 0.000010 0.000010 0.000010 0.000010 0.020186
0.000010 0.048347 0.000010 0.000010 0.235662 0.619258 0.000010 0.000010 0.000010 0.096642 0.000010 0.000010 0.000010
0.000010 0.000010 0.000010 0.000010 0.092280 0.000010 0.000010 0.061742 0.845878 0.000010 0.000010 0.000010 0.000010
0.000010 0.000010 0.000010 0.000010 0.000010 0.000010 0.000010 0.000010 0.006909 0.022808 0.658841 0.311352 0.000010
0.000010 0.000010 0.035535 0.000010 0.000010 0.000010 0.000010 0.000010 0.929638 0.000010 0.034727 0.000010 0.000010
0.000010 0.000010 0.000010 0.000010 0.999880 0.000010 0.000010 0.000010 0.000010 0.000010 0.000010 0.000010 0.000010
0.000010 0.000010 0.155066 0.000010 0.000010 0.000010 0.000010 0.000010 0.000010 0.000010 0.650653 0.194181 0.000010
0.107715 0.076377 0.159736 0.000010 0.000010 0.000010 0.000010 0.026894 0.000010 0.000010 0.004141 0.000010 0.625068
0.000010 0.000010 0.265728 0.011752 0.000010 0.015334 0.377594 0.000010 0.000010 0.000010 0.000010 0.329513 0.000010
0.000010 0.000010 0.000010 0.860157 0.000010 0.095932 0.000010 0.043811 0.000010 0.000010 0.000010 0.000010 0.000010
0.000010 0.101718 0.000010 0.225630 0.000010 0.000010 0.601147 0.023574 0.000010 0.043131 0.000010 0.004730 0.000010
0.000010 0.000010 0.017400 0.750669 0.000010 0.000010 0.001246 0.175590 0.000010 0.000010 0.000010 0.019830 0.035195
0.000010 0.298558 0.000010 0.065753 0.060052 0.000010 0.086811 0.000010 0.488746 0.000010 0.000010 0.000010 0.000010
0.000010 0.351240 0.000010 0.037882 0.036600 0.000010 0.000010 0.531147 0.037571 0.005490 0.000010 0.000010 0.000010
0.161838 0.366980 0.000010 0.053691 0.007071 0.080062 0.000010 0.088061 0.036785 0.020602 0.000010 0.026573 0.158306
0.000010 0.140241 0.000010 0.000010 0.000010 0.000010 0.000010 0.207527 0.580079 0.000010 0.000010 0.000010 0.072063
0.000010 0.000010 0.014963 0.000010 0.087554 0.455212 0.039549 0.074785 0.082280 0.000010 0.000010 0.000010 0.245598
0.105943 0.221708 0.000010 0.000010 0.000010 0.010871 0.000010 0.170280 0.491119 0.000010 0.000010 0.000010 0.000010
0.494786 0.164422 0.000010 0.000010 0.006752 0.017988 0.000010 0.162509 0.000010 0.000010 0.030543 0.000010 0.122940
0.131010 0.081580 0.000010 0.033019 0.000010 0.000010 0.000010 0.000010 0.658233 0.000010 0.000010 0.096078 0.000010
0.428407 0.000010 0.000010 0.000010 0.000010 0.000010 0.370043 0.201450 0.000010 0.000010 0.000010 0.000010 0.000010
0.000010 0.000010 0.055100 0.060068 0.000010 0.000010 0.000010 0.485857 0.263487 0.006466 0.000010 0.041905 0.087057
0.017941 0.000010 0.000010 0.437586 0.051536 0.117481 0.104907 0.191679 0.000010 0.078809 0.000010 0.000010 0.000010
0.000010 0.000592 0.000010 0.266059 0.000010 0.000010 0.000010 0.000010 0.656057 0.017190 0.000010 0.060023 0.000010
0.000010 0.060922 0.057285 0.064684 0.000010 0.633357 0.055018 0.000010 0.024201 0.017867 0.024595 0.062030 0.000010
0.000010 0.091904 0.000010 0.854781 0.000010 0.000010 0.000010 0.000010 0.053215 0.000010 0.000010 0.000010 0.000010
0.150607 0.000010 0.091532 0.387313 0.000010 0.000010 0.000010 0.191640 0.000010 0.035156 0.000010 0.018052 0.125640
0.000010 0.086767 0.000010 0.000010 0.000010 0.003498 0.000010 0.031836 0.110508 0.000010 0.000010 0.148138 0.619184
0.000010 0.081314 0.000010 0.000010 0.000010 0.000010 0.000010 0.044770 0.011487 0.000010 0.000010 0.000010 0.862339
0.066546 0.000010 0.000010 0.000010 0.000010 0.569042 0.177377 0.000010 0.000010 0.186944 0.000010 0.000010 0.000010
0.000010 0.000010 0.000010 0.000010 0.000010 0.000010 0.036993 0.000010 0.000010 0.000010 0.926435 0.036471 0.000010
0.005840 0.000010 0.000010 0.000010 0.000010 0.633558 0.140858 0.000010 0.000010 0.199889 0.010989 0.000010 0.008797
0.000010 0.000010 0.086645 0.606714 0.008416 0.000010 0.000010 0.212047 0.000010 0.086098 0.000010 0.000010 0.000010
0.000010 0.114685 0.000010 0.059026 0.000010 0.053869 0.620669 0.090842 0.000010 0.060839 0.000010 0.000010 0.000010
0.396910 0.000010 0.000010 0.000010 0.000010 0.000010 0.000010 0.000010 0.000010 0.126654 0.000010 0.476336 0.000010
0.000010 0.065895 0.049517 0.000010 0.000010 0.022227 0.016434 0.000010 0.000010 0.000010 0.816939 0.000010 0.028919
0.526389 0.000019 0.000010 0.000010 0.009550 0.000010 0.027740 0.000010 0.000010 0.056391 0.000010 0.379840 0.000010
0.149727 0.000010 0.000010 0.175598 0.000010 0.060205 0.025528 0.017650 0.062367 0.000010 0.246017 0.206514 0.056355
0.000010 0.115985 0.000010 0.000010 0.000010 0.000010 0.000010 0.000010 0.000010 0.000010 0.883905 0.000010 0.000010
0.000010 0.000010 0.061798 0.009942 0.000010 0.000010 0.000010 0.190406 0.050516 0.012615 0.000010 0.078995 0.595668
0.320515 0.234857 0.000010 0.000010 0.000010 0.000010 0.000010 0.126119 0.124187 0.000010 0.000010 0.126305 0.067946
0.000010 0.247201 0.000010 0.000010 0.000010 0.165887 0.000010 0.149278 0.368594 0.029558 0.000010 0.039412 0.000010
0.000010 0.264068 0.000010 0.000010 0.000010 0.000010 0.000010 0.072865 0.000010 0.000010 0.000010 0.081364 0.581613
0.000010 0.245486 0.000010 0.295027 0.075962 0.000010 0.000010 0.269025 0.114419 0.000010 0.000010 0.000010 0.000010
0.092554 0.000010 0.000010 0.000010 0.000010 0.000010 0.000010 0.106754 0.000010 0.000010 0.073291 0.187568 0.539754
0.000010 0.169454 0.000010 0.000010 0.000010 0.000010 0.000010 0.051323 0.056202 0.008672 0.000010 0.073266 0.641013
0.999880 0.000010 0.000010 0.000010 0.000010 0.000010 0.000010 0.000010 0.000010 0.000010 0.000010 0.000010 0.000010
0.000010 0.000010 0.000010 0.000010 0.000010 0.000010 0.000010 0.000010 0.000010 0.000010 0.999880 0.000010 0.000010
0.224465 0.249744 0.000010 0.311522 0.000010 0.000010 0.000010 0.000010 0.150167 0.030981 0.033051 0.000010 0.000010
0.000010 0.000010 0.000010 0.000010 0.000010 0.000010 0.156170 0.000010 0.000010 0.000010 0.843720 0.000010 0.000010
0.000010 0.000010 0.000010 0.000010 0.000010 0.000010 0.000010 0.000010 0.000010 0.000010 0.999880 0.000010 0.000010
0.000010 0.027764 0.000010 0.000010 0.001681 0.000010 0.062079 0.000010 0.000010 0.000010 0.908386 0.000010 0.000010
0.098088 0.202590 0.000010 0.405194 0.041791 0.000010 0.072317 0.000010 0.052118 0.000010 0.000010 0.000010 0.127841
0.000010 0.048814 0.000010 0.000014 0.034953 0.000010 0.000010 0.096453 0.142831 0.000010 0.000010 0.055985 0.620891
0.082393 0.000010 0.087483 0.000010 0.000010 0.000010 0.000010 0.104629 0.000010 0.036174 0.000010 0.060089 0.629161
0.000010 0.147191 0.028640 0.000010 0.000010 0.000010 0.010685 0.000010 0.034089 0.051974 0.000010 0.000010 0.727352
0.179790 0.000010 0.000010 0.391837 0.144646 0.089865 0.066059 0.127732 0.000010 0.000010 0.000010 0.000010 0.000010
0.000013 0.052463 0.036996 0.401228 0.075186 0.053122 0.157662 0.000010 0.044405 0.037835 0.000010 0.000010 0.141060
0.000010 0.000010 0.000010 0.406769 0.000010 0.230186 0.161855 0.000010 0.000010 0.122277 0.000010 0.078834 0.000010
0.000010 0.000010 0.000010 0.483948 0.106729 0.085297 0.316320 0.000010 0.000010 0.000010 0.000010 0.000010 0.007627
0.000010 0.000010 0.000010 0.637072 0.000010 0.126022 0.047126 0.000010 0.009596 0.026657 0.000010 0.153456 0.000010
0.000010 0.000010 0.072055 0.558917 0.079555 0.000010 0.000010 0.000010 0.000010 0.076250 0.000010 0.213144 0.000010
0.326411 0.116379 0.000010 0.059978 0.034867 0.142559 0.000010 0.141301 0.000010 0.000010 0.000010 0.012288 0.166168
0.000010 0.178701 0.000010 0.000010 0.000010 0.000010 0.000010 0.022070 0.056675 0.000010 0.000010 0.123674 0.618799
0.000010 0.100901 0.000010 0.750461 0.039811 0.000010 0.000010 0.010069 0.068636 0.030052 0.000010 0.000010 0.000010
0.273516 0.000010 0.066367 0.000010 0.000010 0.000010 0.188916 0.000010 0.421668 0.049453 0.000010 0.000010 0.000010
0.000010 0.192952 0.022532 0.510681 0.062931 0.000010 0.000010 0.080089 0.000010 0.000010 0.000010 0.000010 0.130745
0.000010 0.000010 0.000010 0.584697 0.000010 0.195002 0.039979 0.000010 0.000010 0.055442 0.000010 0.119144 0.005666
0.947295 0.000010 0.000010 0.000010 0.000010 0.000010 0.000010 0.000010 0.000010 0.000010 0.000010 0.000010 0.052595
0.085078 0.000010 0.000010 0.000010 0.000010 0.000010 0.038436 0.247246 0.000010 0.000010 0.000010 0.000010 0.629149
0.000010 0.206564 0.000010 0.000010 0.000010 0.000010 0.000010 0.097725 0.000010 0.000010 0.000010 0.126022 0.569599
0.130898 0.299424 0.000010 0.000010 0.000010 0.000010 0.006688 0.000010 0.000010 0.000010 0.042773 0.000010 0.520137
0.212344 0.000010 0.000010 0.000010 0.064104 0.000010 0.000010 0.077107 0.117353 0.000010 0.000010 0.249793 0.279229
0.068861 0.059620 0.000010 0.000010 0.056953 0.000010 0.000010 0.000010 0.000010 0.000010 0.000010 0.016699 0.797787
0.192288 0.000010 0.072388 0.000010 0.000010 0.000010 0.000010 0.076001 0.000010 0.016125 0.000010 0.031798 0.611331
0.000010 0.024542 0.000010 0.026050 0.217856 0.682866 0.000010 0.048606 0.000010 0.000010 0.000010 0.000010 0.000010
0.207401 0.242483 0.000010 0.000010 0.000010 0.000010 0.000010 0.550016 0.000010 0.000010 0.000010 0.000010 0.000010
0.000010 0.000010 0.113134 0.000010 0.000010 0.000010 0.000010 0.000010 0.000010 0.000010 0.000010 0.270910 0.615855
0.000010 0.000010 0.000010 0.000010 0.211749 0.518466 0.000010 0.000010 0.088838 0.000010 0.000010 0.166158 0.014709
0.000010 0.245388 0.000010 0.000010 0.000010 0.017338 0.000010 0.068583 0.000010 0.026635 0.000010 0.451545 0.190442
0.000010 0.000010 0.000010 0.123797 0.070054 0.748458 0.000010 0.000010 0.000010 0.057601 0.000010 0.000010 0.000010
0.000010 0.011022 0.000010 0.000010 0.068075 0.827986 0.000010 0.012713 0.000010 0.000010 0.000010 0.000010 0.080124
0.000010 0.014764 0.020967 0.046943 0.000010 0.806996 0.000010 0.099730 0.000010 0.010529 0.000010 0.000010 0.000010
0.000010 0.000010 0.000010 0.000010 0.000010 0.000010 0.000010 0.688251 0.311639 0.000010 0.000010 0.000010 0.000010
0.000010 0.041026 0.000010 0.074933 0.045152 0.778460 0.000010 0.056700 0.003659 0.000010 0.000010 0.000010 0.000010
0.000010 0.033355 0.000010 0.667510 0.073725 0.152724 0.000010 0.000010 0.000010 0.000010 0.072606 0.000010 0.000010
0.000010 0.000010 0.000010 0.000010 0.000010 0.000010 0.000010 0.000010 0.000010 0.000010 0.999880 0.000010 0.000010
0.064602 0.224322 0.000010 0.000010 0.000010 0.000010 0.000010 0.000010 0.710976 0.000010 0.000010 0.000010 0.000010
0.295198 0.246121 0.000010 0.000010 0.000010 0.036359 0.000010 0.404352 0.000010 0.017891 0.000010 0.000010 0.000010
0.000010 0.064498 0.013752 0.115429 0.000010 0.598723 0.000010 0.000010 0.000010 0.165480 0.042047 0.000010 0.000010
0.323216 0.254779 0.000010 0.000010 0.000010 0.000010 0.000010 0.000010 0.064780 0.007750 0.037833 0.000010 0.311572
0.020497 0.075294 0.000010 0.145232 0.048647 0.647469 0.000010 0.000010 0.000010 0.018333 0.044468 0.000010 0.000010
0.000010 0.000010 0.999880 0.000010 0.000010 0.000010 0.000010 0.000010 0.000010 0.000010 0.000010 0.000010 0.000010
0.242074 0.141696 0.000010 0.000010 0.000010 0.000010 0.000010 0.156970 0.065822 0.000010 0.000010 0.000010 0.393358
0.098325 0.255015 0.009235 0.000010 0.008735 0.000010 0.000010 0.182903 0.231399 0.035993 0.000010 0.000010 0.178345
0.049057 0.219037 0.023927 0.012923 0.000010 0.000010 0.000010 0.244112 0.383029 0.000010 0.000010 0.000010 0.067855
0.281147 0.000010 0.035715 0.015369 0.000010 0.000010 0.000010 0.092168 0.064660 0.000010 0.000010 0.121801 0.389081
0.194545 0.000010 0.106441 0.000010 0.010314 0.000010 0.000010 0.000010 0.579054 0.000010 0.109566 0.000010 0.000010
0.172757 0.371783 0.010487 0.282762 0.000010 0.015150 0.072210 0.000010 0.030603 0.044198 0.000010 0.000010 0.000010
0.000010 0.000010 0.251657 0.327985 0.000010 0.240979 0.124985 0.035406 0.000010 0.018918 0.000010 0.000010 0.000010
0.000010 0.000010 0.147526 0.000010 0.000010 0.000010 0.000010 0.040311 0.000010 0.000010 0.000010 0.000010 0.812063
0.000010 0.202517 0.000010 0.033438 0.000010 0.000010 0.000010 0.279609 0.484346 0.000010 0.000010 0.000010 0.000010
0.291916 0.127618 0.130867 0.000010 0.000010 0.000010 0.000010 0.192016 0.257503 0.000010 0.000010 0.000010 0.000010
0.169262 0.130770 0.000010 0.024064 0.065430 0.000010 0.000010 0.149611 0.460793 0.000010 0.000010 0.000010 0.000010
0.000010 0.087857 0.000010 0.617690 0.000010 0.000010 0.000010 0.163039 0.000010 0.005181 0.000010 0.000010 0.126154
0.000010 0.073223 0.028492 0.201311 0.000010 0.057152 0.000010 0.000010 0.000010 0.000010 0.000010 0.639742 0.000010
0.000010 0.080181 0.000010 0.582777 0.000010 0.034097 0.048859 0.228974 0.000010 0.025043 0.000010 0.000010 0.000010
0.000010 0.145214 0.000010 0.000010 0.000010 0.000010 0.000010 0.000010 0.000010 0.000010 0.000010 0.745268 0.109419
0.000010 0.065093 0.000010 0.000010 0.000010 0.000010 0.000010 0.000010 0.000010 0.000010 0.000010 0.934797 0.000010
0.000010 0.055722 0.000010 0.000010 0.000010 0.000010 0.000010 0.011632 0.000010 0.000010 0.000010 0.932546 0.000010
0.174761 0.255136 0.000010 0.325474 0.000010 0.000010 0.000010 0.000010 0.083260 0.000010 0.000010 0.146382 0.014917
0.000010 0.000010 0.000010 0.000010 0.000010 0.000010 0.000010 0.000010 0.000010 0.075893 0.000010 0.923997 0.000010
0.000010 0.174491 0.000010 0.000010 0.000010 0.000010 0.000010 0.483092 0.342317 0.000010 0.000010 0.000010 0.000010
0.553715 0.157822 0.000010 0.000010 0.000010 0.000010 0.000010 0.024594 0.000010 0.000010 0.000010 0.000010 0.263780
0.023596 0.221348 0.000010 0.014157 0.008755 0.000010 0.000010 0.306415 0.283911 0.021790 0.000010 0.000010 0.119978
0.000010 0.311867 0.000010 0.139397 0.000010 0.221521 0.000010 0.318042 0.000010 0.009093 0.000010 0.000010 0.000010
0.000010 0.000010 0.069644 0.780136 0.006691 0.000010 0.000010 0.000010 0.000010 0.000010 0.000010 0.143439 0.000010
0.000010 0.000010 0.000010 0.000010 0.000010 0.000010 0.000010 0.000010 0.000010 0.999880 0.000010 0.000010 0.000010
0.000010 0.098662 0.000010 0.000010 0.000010 0.719509 0.000010 0.010410 0.000010 0.032513 0.000010 0.138826 0.000010
0.000010 0.000010 0.000010 0.000010 0.000010 0.000010 0.000010 0.000010 0.000010 0.999880 0.000010 0.000010 0.000010
0.609006 0.000010 0.003995 0.078139 0.000010 0.000010 0.000010 0.031579 0.003212 0.007561 0.000010 0.000010 0.266447
0.000010 0.000010 0.000010 0.000269 0.119319 0.737967 0.081158 0.000010 0.000010 0.061207 0.000010 0.000010 0.000010
0.597443 0.089997 0.000010 0.020794 0.000010 0.000010 0.036384 0.091134 0.000010 0.000010 0.000010 0.026671 0.137518
0.999880 0.000010 0.000010 0.000010 0.000010 0.000010 0.000010 0.000010 0.000010 0.000010 0.000010 0.000010 0.000010
0.999880 0.000010 0.000010 0.000010 0.000010 0.000010 0.000010 0.000010 0.000010 0.000010 0.000010 0.000010 0.000010
0.334258 0.000010 0.114432 0.000010 0.000010 0.000010 0.000010 0.138191 0.000010 0.003351 0.000010 0.076798 0.332900
0.027847 0.171339 0.000010 0.000010 0.000010 0.000010 0.000010 0.656919 0.118596 0.000010 0.025220 0.000010 0.000010
0.000010 0.106090 0.028544 0.000010 0.000010 0.000010 0.666680 0.000010 0.000010 0.000010 0.198596 0.000010 0.000010
0.000010 0.000010 0.000010 0.000010 0.041160 0.017041 0.235125 0.000010 0.000010 0.004567 0.676194 0.000010 0.025843
0.000010 0.198732 0.000010 0.296110 0.071415 0.000010 0.000010 0.128395 0.032398 0.039838 0.000010 0.000010 0.233053
0.000010 0.014324 0.006550 0.000010 0.034024 0.000010 0.277646 0.000010 0.000010 0.000010 0.667376 0.000010 0.000010
0.000010 0.065269 0.000010 0.000010 0.000010 0.076560 0.249938 0.000010 0.002964 0.000010 0.605189 0.000010 0.000010
0.000010 0.053213 0.335467 0.000010 0.005696 0.033250 0.358033 0.000010 0.000010 0.042052 0.041457 0.054678 0.076113
0.000010 0.192299 0.006434 0.033003 0.000010 0.729190 0.000010 0.000010 0.000010 0.000010 0.038994 0.000010 0.000010
0.030275 0.107576 0.000010 0.000010 0.000010 0.000010 0.608575 0.000010 0.000010 0.000010 0.253484 0.000010 0.000010
0.039890 0.000010 0.000010 0.021364 0.014722 0.009582 0.281174 0.000010 0.051351 0.000010 0.566994 0.000010 0.014873
0.000010 0.000010 0.000010 0.036749 0.000010 0.045512 0.418048 0.000010 0.040345 0.000010 0.459267 0.000010 0.000010
0.000390 0.000010 0.000010 0.000010 0.000010 0.000010 0.226594 0.000010 0.000010 0.027089 0.745837 0.000010 0.000010
0.000010 0.000010 0.000010 0.904892 0.000010 0.000010 0.000010 0.086664 0.000010 0.008344 0.000010 0.000010 0.000010
0.560380 0.300204 0.000010 0.000010 0.000010 0.000010 0.000010 0.000010 0.045757 0.000010 0.000010 0.000010 0.093569
0.803070 0.177257 0.000010 0.000010 0.000010 0.000010 0.000010 0.000010 0.000010 0.016861 0.002722 0.000010 0.000010
0.000010 0.000010 0.003586 0.525043 0.060722 0.136124 0.000010 0.145299 0.000010 0.061516 0.000010 0.067650 0.000010
0.000010 0.341403 0.000010 0.323206 0.000010 0.000010 0.027163 0.000010 0.042101 0.081523 0.074495 0.110049 0.000010
0.053698 0.143766 0.000010 0.148759 0.000010 0.000010 0.004869 0.094452 0.192573 0.000010 0.000010 0.045408 0.316425
0.000010 0.075597 0.000010 0.000010 0.000010 0.000010 0.635682 0.000010 0.000010 0.031970 0.256661 0.000010 0.000010
0.003849 0.000010 0.066366 0.000010 0.000010 0.000010 0.496277 0.000010 0.000010 0.069358 0.276003 0.088077 0.000010
0.018892 0.122786 0.000010 0.206060 0.000010 0.013812 0.000010 0.302126 0.156922 0.067940 0.000010 0.000010 0.111412
0.033677 0.000010 0.108512 0.000010 0.000010 0.000010 0.206847 0.088896 0.200182 0.034201 0.176086 0.093457 0.058102
0.000010 0.017121 0.000010 0.047342 0.000010 0.061166 0.314015 0.000010 0.012548 0.000010 0.547738 0.000010 0.000010
0.000010 0.000010 0.000010 0.000010 0.000010 0.000010 0.146026 0.059219 0.000010 0.026498 0.768167 0.000010 0.000010
0.000010 0.000010 0.000010 0.000010 0.000010 0.000010 0.178399 0.000010 0.000010 0.000010 0.675764 0.145737 0.000010
0.000010 0.125900 0.024498 0.000010 0.000010 0.057037 0.263416 0.000010 0.000010 0.016479 0.428973 0.083636 0.000010
0.119260 0.114926 0.000010 0.000010 0.000010 0.000010 0.000010 0.128757 0.207613 0.025965 0.038964 0.000010 0.364456
0.701564 0.214440 0.000010 0.000010 0.000010 0.000010 0.000010 0.000010 0.000010 0.000010 0.000010 0.083896 0.000010
0.000010 0.000010 0.000010 0.027058 0.000010 0.000010 0.076728 0.000010 0.157729 0.057452 0.680954 0.000010 0.000010
0.501042 0.258562 0.000010 0.005739 0.000010 0.000010 0.000010 0.000010 0.000010 0.061036 0.000010 0.000010 0.173540
0.013617 0.000010 0.000010 0.002087 0.047138 0.072130 0.085909 0.011314 0.000010 0.000010 0.000010 0.754670 0.013084
0.000010 0.241825 0.000010 0.498107 0.000010 0.000010 0.121189 0.000010 0.105370 0.021256 0.012182 0.000010 0.000010
0.000010 0.000010 0.000010 0.000010 0.000014 0.000010 0.000010 0.000010 0.000010 0.999876 0.000010 0.000010 0.000010
0.027189 0.000010 0.036726 0.027871 0.000010 0.047755 0.000010 0.000010 0.000010 0.000010 0.061649 0.798739 0.000010
0.000010 0.000010 0.000010 0.591599 0.000010 0.207834 0.000010 0.047315 0.062699 0.013033 0.000010 0.050356 0.027103
0.434220 0.000010 0.000010 0.000010 0.000010 0.023509 0.056599 0.171949 0.000010 0.000010 0.041664 0.271989 0.000010
0.000010 0.077517 0.086266 0.000010 0.000010 0.000010 0.500991 0.000010 0.000010 0.000010 0.335136 0.000010 0.000010
0.010563 0.141577 0.000010 0.000010 0.000010 0.000010 0.321535 0.000010 0.000010 0.034160 0.492085 0.000010 0.000010
0.000010 0.028802 0.000010 0.000010 0.000010 0.000010 0.000010 0.000010 0.000010 0.000010 0.971088 0.000010 0.000010
0.000010 0.000010 0.000010 0.047298 0.005326 0.000010 0.205509 0.000010 0.000010 0.075008 0.656181 0.010608 0.000010
0.000010 0.390628 0.000010 0.087485 0.000010 0.098745 0.000010 0.341969 0.004304 0.076800 0.000010 0.000010 0.000010
0.081116 0.126261 0.000010 0.000010 0.000010 0.399473 0.000010 0.121817 0.004452 0.000010 0.000010 0.120158 0.146663
0.329100 0.047886 0.042234 0.000010 0.000010 0.000010 0.000010 0.386797 0.000010 0.000010 0.000010 0.034671 0.159242
0.136485 0.000010 0.000010 0.000010 0.000010 0.000010 0.000010 0.110120 0.265582 0.022154 0.074276 0.238196 0.153128
0.278465 0.000010 0.000010 0.000010 0.000010 0.000010 0.000010 0.150079 0.000010 0.000010 0.000010 0.203109 0.368256
0.150380 0.000010 0.000010 0.000010 0.000010 0.037775 0.000010 0.000010 0.000010 0.000010 0.000010 0.811745 0.000010
0.155701 0.185133 0.001608 0.228941 0.000010 0.000010 0.027876 0.109423 0.042125 0.056058 0.019559 0.017823 0.155734
0.052511 0.000010 0.152796 0.237635 0.000010 0.000010 0.000010 0.191563 0.064050 0.000010 0.000010 0.301376 0.000010
0.000010 0.000010 0.000010 0.000010 0.000010 0.000010 0.000010 0.000010 0.000010 0.000010 0.000010 0.999880 0.000010
0.000010 0.000010 0.000127 0.711471 0.000010 0.227591 0.000010 0.000010 0.000010 0.015741 0.000010 0.044990 0.000010
0.934047 0.000010 0.000010 0.000010 0.000010 0.000010 0.000010 0.065843 0.000010 0.000010 0.000010 0.000010 0.000010
0.000010 0.070303 0.049282 0.050111 0.000010 0.025438 0.443707 0.000010 0.000010 0.034831 0.190950 0.040417 0.094920
0.000010 0.000359 0.159813 0.000010 0.000010 0.000010 0.217606 0.000010 0.000010 0.000010 0.518406 0.103736 0.000010
0.000010 0.000010 0.077929 0.000010 0.043486 0.000010 0.568219 0.000012 0.016919 0.000010 0.121069 0.172306 0.000010
0.450036 0.000010 0.026437 0.000010 0.000010 0.000010 0.000010 0.000010 0.000010 0.006996 0.000010 0.255819 0.260632
0.000010 0.000010 0.071721 0.026280 0.000010 0.000010 0.333539 0.000010 0.000010 0.082651 0.483616 0.002123 0.000010
0.000010 0.043985 0.052133 0.000010 0.000010 0.000010 0.370853 0.000010 0.000010 0.000010 0.470317 0.062632 0.000010
0.500839 0.234166 0.000010 0.000010 0.000010 0.000010 0.000010 0.000010 0.000010 0.000010 0.000010 0.201644 0.063262
0.017069 0.106578 0.032615 0.000010 0.000010 0.000010 0.000010 0.103962 0.096903 0.000010 0.000010 0.000010 0.642804
0.160143 0.100272 0.000010 0.000010 0.014424 0.028333 0.024331 0.115910 0.069058 0.000010 0.000010 0.000010 0.487478
0.000010 0.044668 0.000010 0.000010 0.000010 0.000010 0.000010 0.087349 0.000010 0.000010 0.000010 0.135885 0.732009
0.000010 0.160121 0.046809 0.335245 0.049483 0.383078 0.025192 0.000010 0.000010 0.000010 0.000010 0.000010 0.000010
0.099877 0.000010 0.112511 0.080544 0.000010 0.000010 0.057353 0.051292 0.022239 0.036337 0.261091 0.278716 0.000010
0.000010 0.056391 0.000010 0.000010 0.000010 0.000010 0.235057 0.000010 0.000010 0.000010 0.708452 0.000010 0.000010
0.000010 0.100665 0.000010 0.527227 0.044625 0.327394 0.000010 0.000010 0.000010 0.000010 0.000010 0.000010 0.000010
0.000010 0.157090 0.000010 0.333978 0.000010 0.389502 0.000010 0.000010 0.000010 0.000010 0.000010 0.000010 0.119339
0.000010 0.000010 0.201137 0.009386 0.017811 0.000010 0.628285 0.009076 0.000010 0.007484 0.110730 0.016041 0.000010
0.000010 0.076465 0.171177 0.021970 0.000010 0.019433 0.503416 0.000010 0.000010 0.010887 0.196591 0.000010 0.000010
0.007768 0.052736 0.023929 0.000010 0.000010 0.000010 0.682304 0.000010 0.000010 0.000010 0.186199 0.046994 0.000010
0.000010 0.000010 0.000010 0.000010 0.000010 0.037216 0.139469 0.000010 0.000010 0.013941 0.809284 0.000010 0.000010
0.029042 0.000010 0.169913 0.024671 0.000010 0.084696 0.392830 0.000010 0.000010 0.000010 0.293230 0.000010 0.005558
0.000010 0.000010 0.191421 0.000010 0.000010 0.000010 0.556261 0.020722 0.000010 0.037114 0.165843 0.018685 0.009894
0.000010 0.140674 0.000010 0.000010 0.000010 0.000010 0.000010 0.128690 0.175973 0.000010 0.000010 0.000010 0.554574
0.000010 0.128412 0.000010 0.000010 0.000010 0.000010 0.000010 0.000010 0.077175 0.006788 0.787535 0.000010 0.000010
0.077568 0.126108 0.000010 0.000010 0.000010 0.000010 0.000010 0.138312 0.067685 0.041453 0.000010 0.000010 0.548805
0.000010 0.000010 0.058101 0.000010 0.000010 0.000010 0.000010 0.000010 0.000010 0.201939 0.056393 0.098474 0.585013
0.045933 0.002828 0.042479 0.000010 0.000010 0.000010 0.000010 0.129981 0.000010 0.000010 0.000010 0.016928 0.761780
0.000010 0.084069 0.000010 0.000010 0.000010 0.000010 0.915821 0.000010 0.000010 0.000010 0.000010 0.000010 0.000010
0.000010 0.117316 0.000010 0.000010 0.000010 0.000010 0.000010 0.000010 0.031232 0.000010 0.000010 0.009339 0.842024
0.000010 0.160085 0.000010 0.000010 0.042899 0.000010 0.029283 0.258925 0.000010 0.000010 0.000010 0.043231 0.465506
0.931859 0.000010 0.000010 0.000010 0.000010 0.000010 0.000010 0.000010 0.000010 0.016378 0.051663 0.000010 0.000010
0.369387 0.000010 0.176539 0.000010 0.000010 0.000010 0.000010 0.000010 0.004296 0.013903 0.000010 0.435794 0.000010
0.063392 0.195417 0.000010 0.000010 0.000010 0.000010 0.000010 0.441599 0.128434 0.000010 0.000010 0.000010 0.171079
0.000010 0.019982 0.148669 0.000010 0.019572 0.012151 0.521964 0.000010 0.012599 0.047433 0.177732 0.039857 0.000010
0.000010 0.031028 0.000010 0.000010 0.000010 0.000010 0.218043 0.000010 0.000010 0.009208 0.741632 0.000010 0.000010
0.068065 0.000010 0.000010 0.013516 0.000010 0.000010 0.170125 0.000010 0.000010 0.033602 0.714612 0.000010 0.000010
0.000010 0.000010 0.006616 0.000010 0.000010 0.000010 0.000010 0.000010 0.000010 0.021148 0.956544 0.000010 0.015602
0.000010 0.144992 0.144115 0.000010 0.002667 0.000010 0.552278 0.018869 0.035724 0.006255 0.077477 0.017583 0.000010
0.000010 0.000010 0.075133 0.098653 0.000010 0.000010 0.413056 0.000010 0.075528 0.009334 0.328225 0.000010 0.000010
0.000010 0.000010 0.000010 0.000010 0.000010 0.000010 0.000010 0.000010 0.000010 0.000010 0.999880 0.000010 0.000010
0.000010 0.112240 0.045650 0.000010 0.000010 0.000010 0.562239 0.000010 0.059759 0.000010 0.220032 0.000010 0.000010
0.000010 0.000010 0.042878 0.074843 0.000010 0.000010 0.491544 0.010589 0.102356 0.000010 0.263249 0.014481 0.000010
0.016800 0.020773 0.111389 0.071630 0.000010 0.040207 0.618080 0.000010 0.000010 0.000010 0.121061 0.000010 0.000010
0.021520 0.025938 0.000010 0.000010 0.000010 0.000010 0.461647 0.000010 0.015509 0.000010 0.457450 0.000010 0.017865
0.027596 0.000010 0.314626 0.000010 0.000010 0.046457 0.358068 0.046510 0.000010 0.000010 0.206673 0.000010 0.000010
0.000010 0.000010 0.121176 0.000010 0.000010 0.000010 0.466887 0.000010 0.000010 0.000010 0.109272 0.302575 0.000010
0.000010 0.124570 0.015933 0.000010 0.003170 0.000010 0.450114 0.000010 0.071908 0.000010 0.334235 0.000010 0.000010
0.062100 0.153567 0.053377 0.000010 0.000010 0.294985 0.000010 0.031518 0.331095 0.000010 0.000010 0.073296 0.000010
0.485405 0.001676 0.000010 0.000010 0.051517 0.000010 0.000010 0.149059 0.050326 0.023523 0.000010 0.006779 0.231665
0.000010 0.159041 0.000010 0.000010 0.000010 0.000010 0.000010 0.840849 0.000010 0.000010 0.000010 0.000010 0.000010
0.000010 0.000010 0.000010 0.000010 0.000010 0.000010 0.000010 0.000010 0.000010 0.999880 0.000010 0.000010 0.000010
0.005561 0.053649 0.292585 0.000010 0.000010 0.000010 0.330368 0.001248 0.000010 0.000010 0.316520 0.000010 0.000010
