0.290990 0.000010 0.036556 0.067566 0.000010 0.000010 0.000010 0.000010 0.000010 0.513088 0.080125 0.000010 0.000010 0.000010 0.000010 0.000010 0.011545 0.000010 0.000010
0.000010 0.000010 0.249485 0.000010 0.000010 0.134842 0.000010 0.334882 0.056533 0.000010 0.000010 0.000010 0.000010 0.000010 0.202253 0.000010 0.000010 0.000010 0.021874
0.000010 0.000010 0.000010 0.000010 0.000010 0.000010 0.000010 0.027429 0.013450 0.056126 0.000010 0.000010 0.000010 0.000010 0.115746 0.000010 0.000010 0.000010 0.787108
0.000010 0.000010 0.072412 0.019347 0.000010 0.131436 0.000010 0.000010 0.098860 0.000010 0.000010 0.000010 0.031880 0.016699 0.000010 0.000010 0.008014 0.072158 0.549093
0.000010 0.000010 0.000010 0.000010 0.000010 0.124834 0.000010 0.000010 0.140587 0.000010 0.000010 0.000010 0.000010 0.000010 0.013891 0.009918 0.117698 0.122432 0.470520
0.000010 0.000010 0.042922 0.000010 0.031848 0.000010 0.000010 0.054714 0.076773 0.000010 0.000010 0.000010 0.000010 0.000010 0.000010 0.000010 0.000010 0.129146 0.664466
0.000010 0.000010 0.030587 0.000010 0.000010 0.165865 0.000010 0.000010 0.073001 0.000010 0.000010 0.000010 0.029189 0.000010 0.062480 0.000010 0.000010 0.000010 0.638747
0.000010 0.000010 0.165426 0.000010 0.032643 0.000010 0.012147 0.000010 0.037642 0.008439 0.000010 0.000010 0.000010 0.055604 0.000010 0.004053 0.000010 0.000010 0.683935
0.428406 0.000010 0.000010 0.156042 0.051665 0.072544 0.000010 0.000010 0.014735 0.022873 0.000010 0.089954 0.000010 0.028304 0.000010 0.000010 0.094837 0.040549 0.000010
0.000010 0.000010 0.125836 0.000010 0.000010 0.236802 0.000010 0.501425 0.000010 0.000010 0.000010 0.000010 0.042091 0.000010 0.000010 0.000010 0.093706 0.000010 0.000010
0.000010 0.000010 0.000010 0.000010 0.000010 0.000010 0.000010 0.000010 0.000010 0.000010 0.000010 0.000010 0.000010 0.999820 0.000010 0.000010 0.000010 0.000010 0.000010
0.065622 0.000010 0.000010 0.000010 0.043402 0.000010 0.000010 0.000010 0.023238 0.000010 0.000010 0.119051 0.000010 0.302330 0.288592 0.000010 0.117780 0.000010 0.039876
0.000010 0.000010 0.000010 0.000010 0.000010 0.000010 0.000010 0.000010 0.000010 0.000010 0.000010 0.999820 0.000010 0.000010 0.000010 0.000010 0.000010 0.000010 0.000010
0.000010 0.000010 0.000010 0.000010 0.000010 0.000010 0.000010 0.000010 0.000010 0.000010 0.000010 0.999820 0.000010 0.000010 0.000010 0.000010 0.000010 0.000010 0.000010
0.000010 0.000010 0.000010 0.000010 0.000010 0.000010 0.000010 0.000010 0.000010 0.000010 0.000010 0.999820 0.000010 0.000010 0.000010 0.000010 0.000010 0.000010 0.000010
0.000010 0.000010 0.080061 0.000010 0.000010 0.000010 0.000010 0.373284 0.000010 0.050633 0.000010 0.000010 0.000010 0.000010 0.495872 0.000010 0.000010 0.000010 0.000010
0.000010 0.000010 0.000010 0.051353 0.000010 0.024230 0.000010 0.000010 0.032378 0.000010 0.000010 0.000010 0.000010 0.000518 0.191174 0.000010 0.000010 0.003278 0.696949
0.472567 0.000010 0.086571 0.000010 0.000010 0.000010 0.000010 0.000010 0.000010 0.000010 0.000010 0.440702 0.000010 0.000010 0.000010 0.000010 0.000010 0.000010 0.000010
0.220910 0.000010 0.000010 0.000010 0.000010 0.000010 0.110920 0.000010 0.000010 0.002968 0.000010 0.152400 0.000010 0.000010 0.000010 0.045722 0.000010 0.061541 0.405419
0.114909 0.089461 0.000010 0.064746 0.209710 0.000010 0.207161 0.000010 0.037689 0.000010 0.000010 0.110194 0.000010 0.000010 0.000010 0.051694 0.000010 0.114336 0.000010
0.000010 0.000010 0.000010 0.000010 0.000010 0.000010 0.000010 0.000010 0.090353 0.000010 0.000010 0.000010 0.000010 0.043379 0.000010 0.000010 0.000010 0.000010 0.866108
0.000010 0.000010 0.000010 0.000010 0.000010 0.000010 0.000010 0.000010 0.000010 0.000010 0.000010 0.000010 0.000010 0.999820 0.000010 0.000010 0.000010 0.000010 0.000010
0.000010 0.000010 0.000010 0.000010 0.000010 0.000010 0.000010 0.000010 0.000010 0.000010 0.000010 0.000010 0.000010 0.999820 0.000010 0.000010 0.000010 0.000010 0.000010
0.000010 0.000010 0.000010 0.016433 0.000010 0.071781 0.000010 0.000010 0.000010 0.113593 0.000010 0.000010 0.000010 0.022535 0.000010 0.000010 0.000010 0.082930 0.692598
0.000010 0.000010 0.000010 0.000010 0.000010 0.000010 0.000010 0.000010 0.000010 0.000010 0.000010 0.000010 0.000010 0.999820 0.000010 0.000010 0.000010 0.000010 0.000010
0.003282 0.000010 0.000010 0.000010 0.000010 0.082262 0.000010 0.000010 0.023730 0.063675 0.033430 0.000010 0.000010 0.010656 0.088871 0.000010 0.000010 0.058764 0.635230
0.000010 0.009936 0.000010 0.000010 0.063625 0.003308 0.008347 0.000010 0.089124 0.000010 0.000010 0.000010 0.000010 0.000010 0.145912 0.000010 0.001205 0.000010 0.678432
0.000010 0.000010 0.000010 0.000010 0.000010 0.000010 0.000010 0.000010 0.999816 0.000010 0.000010 0.000010 0.000010 0.000010 0.000010 0.000014 0.000010 0.000010 0.000010
0.000010 0.000010 0.139336 0.000010 0.015100 0.000010 0.000010 0.000010 0.000010 0.000010 0.000010 0.000010 0.000010 0.027972 0.000010 0.014115 0.000010 0.000010 0.803338
0.000010 0.000010 0.000010 0.000010 0.000010 0.000010 0.000010 0.000010 0.000010 0.000010 0.000010 0.000010 0.000010 0.000010 0.000010 0.027697 0.000010 0.000010 0.972133
0.000439 0.000010 0.000010 0.000010 0.000010 0.008983 0.000010 0.000010 0.031228 0.194041 0.000010 0.000010 0.000010 0.000010 0.241795 0.000010 0.000010 0.085868 0.437527
0.000010 0.000010 0.058880 0.000010 0.000010 0.033420 0.000010 0.128322 0.069762 0.000010 0.000010 0.000010 0.000010 0.000010 0.132625 0.000010 0.000010 0.116046 0.460825
0.054675 0.000010 0.107178 0.599875 0.000010 0.000010 0.000010 0.000010 0.000010 0.000010 0.056864 0.000010 0.000010 0.000010 0.103906 0.009878 0.000010 0.000010 0.067505
0.000010 0.000010 0.152132 0.000010 0.000010 0.000010 0.028749 0.102054 0.119617 0.000010 0.000010 0.000010 0.000010 0.000010 0.000010 0.000010 0.000010 0.000010 0.597308
0.000010 0.000010 0.000010 0.000010 0.000010 0.000010 0.000010 0.000010 0.000010 0.000010 0.000010 0.000010 0.000010 0.000010 0.135538 0.000010 0.000010 0.000010 0.864292
0.164437 0.000010 0.103816 0.100792 0.000010 0.000010 0.000010 0.000010 0.000010 0.102154 0.426463 0.000010 0.000010 0.000010 0.028825 0.073392 0.000010 0.000010 0.000010
0.000010 0.000010 0.000010 0.000010 0.000010 0.000010 0.000010 0.000010 0.999820 0.000010 0.000010 0.000010 0.000010 0.000010 0.000010 0.000010 0.000010 0.000010 0.000010
0.000010 0.000010 0.038757 0.000010 0.003607 0.065616 0.000010 0.063928 0.022992 0.000010 0.000010 0.000010 0.000010 0.000010 0.365604 0.000010 0.042560 0.062317 0.334521
0.000010 0.064433 0.000010 0.526434 0.000010 0.017779 0.000010 0.000010 0.000010 0.088987 0.000010 0.000010 0.000010 0.012398 0.000010 0.000010 0.026748 0.000010 0.263101
0.025376 0.000010 0.168079 0.000010 0.000010 0.000010 0.000010 0.000010 0.187159 0.000010 0.000010 0.000010 0.000010 0.021324 0.000010 0.042158 0.000010 0.023724 0.532060
0.000010 0.185499 0.000010 0.462321 0.000010 0.000010 0.159723 0.000010 0.093575 0.000010 0.000010 0.000010 0.000010 0.000010 0.000010 0.003858 0.000010 0.094894 0.000010
0.000010 0.000010 0.016087 0.006894 0.000010 0.123420 0.018788 0.000514 0.000010 0.008377 0.000010 0.000010 0.000010 0.000010 0.226127 0.000010 0.000010 0.168048 0.431646
0.000010 0.000010 0.348690 0.091019 0.042440 0.162568 0.089816 0.000010 0.009443 0.000010 0.000010 0.072770 0.000010 0.000010 0.000010 0.000010 0.130267 0.052885 0.000010
0.000010 0.000010 0.175317 0.000010 0.000010 0.146257 0.000010 0.000010 0.000010 0.000010 0.000010 0.000010 0.000010 0.000010 0.000010 0.000010 0.000010 0.000010 0.678265
0.025089 0.000010 0.000010 0.445280 0.000010 0.000010 0.091188 0.000010 0.088628 0.000010 0.105604 0.000010 0.000010 0.018322 0.000010 0.025439 0.108850 0.000010 0.091500
0.000010 0.000010 0.000010 0.000010 0.000010 0.000010 0.000010 0.000010 0.000010 0.000010 0.000010 0.999820 0.000010 0.000010 0.000010 0.000010 0.000010 0.000010 0.000010
0.000010 0.000010 0.000010 0.000010 0.000010 0.000010 0.000010 0.000010 0.000010 0.000010 0.000010 0.794232 0.000010 0.205598 0.000010 0.000010 0.000010 0.000010 0.000010
0.000010 0.030555 0.000010 0.000010 0.109724 0.000010 0.000010 0.046924 0.055091 0.045110 0.000010 0.000010 0.000010 0.000010 0.034114 0.000010 0.000010 0.137660 0.540711
0.000010 0.000010 0.000010 0.000010 0.000010 0.000010 0.000010 0.000010 0.000010 0.000010 0.000010 0.106481 0.000010 0.847239 0.000010 0.046120 0.000010 0.000010 0.000010
0.096546 0.000010 0.000010 0.084102 0.000010 0.000010 0.000010 0.000010 0.000010 0.000010 0.000010 0.000010 0.000010 0.819192 0.000010 0.000010 0.000010 0.000010 0.000010
0.000010 0.000010 0.000010 0.000010 0.000010 0.000010 0.000010 0.000010 0.000010 0.000010 0.000010 0.000010 0.000010 0.999820 0.000010 0.000010 0.000010 0.000010 0.000010
0.000010 0.028981 0.000010 0.086167 0.000010 0.000010 0.000010 0.000010 0.000010 0.000010 0.000010 0.049610 0.000010 0.794009 0.000010 0.031032 0.000010 0.000010 0.010071
0.000010 0.000010 0.000010 0.000010 0.000010 0.000010 0.000010 0.000010 0.000010 0.000010 0.000010 0.000010 0.000010 0.999820 0.000010 0.000010 0.000010 0.000010 0.000010
0.063119 0.000010 0.000010 0.000010 0.000010 0.000010 0.000010 0.000010 0.050861 0.762444 0.000010 0.000010 0.000010 0.044021 0.000010 0.000010 0.079415 0.000010 0.000010
0.543161 0.000010 0.000010 0.001378 0.000010 0.000010 0.000010 0.000010 0.018520 0.000010 0.000010 0.079815 0.000010 0.247892 0.000010 0.000010 0.000010 0.104714 0.004399
0.000010 0.000010 0.000010 0.000010 0.000010 0.000010 0.000010 0.000010 0.000010 0.000010 0.000010 0.999820 0.000010 0.000010 0.000010 0.000010 0.000010 0.000010 0.000010
0.000010 0.000010 0.000010 0.000010 0.000010 0.000010 0.000010 0.000010 0.000010 0.000010 0.000010 0.999820 0.000010 0.000010 0.000010 0.000010 0.000010 0.000010 0.000010
0.033222 0.000010 0.212530 0.000010 0.051676 0.000010 0.000010 0.098637 0.000010 0.000010 0.561722 0.000010 0.000010 0.000010 0.000010 0.042083 0.000010 0.000010 0.000010
0.000010 0.000010 0.154181 0.000010 0.000010 0.000010 0.000010 0.000010 0.137061 0.000010 0.000010 0.000010 0.000010 0.000010 0.000010 0.000010 0.000010 0.121743 0.586866
0.000010 0.000010 0.000010 0.000010 0.000010 0.000010 0.000010 0.195549 0.000010 0.000010 0.804281 0.000010 0.000010 0.000010 0.000010 0.000010 0.000010 0.000010 0.000010
0.000010 0.000010 0.000010 0.000010 0.000010 0.000010 0.000010 0.000010 0.000010 0.000010 0.000010 0.146300 0.000010 0.853530 0.000010 0.000010 0.000010 0.000010 0.000010
0.303196 0.000010 0.000010 0.036471 0.000010 0.000010 0.000010 0.000010 0.000010 0.000010 0.000010 0.468957 0.000010 0.132926 0.000010 0.000010 0.000010 0.058310 0.000010
0.428846 0.022700 0.000010 0.000010 0.000010 0.000010 0.000010 0.038759 0.009916 0.000010 0.000010 0.314487 0.000010 0.113369 0.000010 0.071803 0.000010 0.000010 0.000010
0.000010 0.000010 0.252466 0.000010 0.000010 0.000010 0.000010 0.000010 0.000010 0.000010 0.000010 0.000010 0.000010 0.000010 0.000010 0.000010 0.747364 0.000010 0.000010
0.025405 0.000010 0.000010 0.015640 0.000010 0.000010 0.000010 0.000010 0.005583 0.000010 0.000010 0.135582 0.000010 0.772843 0.000010 0.000010 0.044817 0.000010 0.000010
0.000010 0.000010 0.162368 0.000010 0.000010 0.000010 0.000010 0.084299 0.000010 0.000010 0.000010 0.000010 0.000010 0.000010 0.000010 0.000010 0.753173 0.000010 0.000010
0.929268 0.000010 0.047899 0.000010 0.000010 0.022673 0.000010 0.000010 0.000010 0.000010 0.000010 0.000010 0.000010 0.000010 0.000010 0.000010 0.000010 0.000010 0.000010
0.103895 0.000010 0.000010 0.643018 0.000010 0.000010 0.000010 0.000010 0.000010 0.000010 0.000010 0.252927 0.000010 0.000010 0.000010 0.000010 0.000010 0.000010 0.000010
0.509908 0.000010 0.000010 0.030066 0.000010 0.000010 0.015885 0.000010 0.000010 0.000010 0.000010 0.257902 0.000010 0.150260 0.000010 0.007192 0.000010 0.000010 0.028667
0.000010 0.032892 0.612661 0.029557 0.128432 0.000010 0.032827 0.000010 0.122388 0.000010 0.000010 0.000010 0.000010 0.041123 0.000010 0.000010 0.000010 0.000010 0.000010
0.000010 0.000010 0.000010 0.000010 0.000010 0.091206 0.000010 0.000010 0.057387 0.000010 0.000010 0.000010 0.004701 0.000010 0.685842 0.030703 0.130031 0.000010 0.000010
0.000010 0.000010 0.256249 0.339984 0.000010 0.040585 0.000010 0.000010 0.174042 0.000010 0.000010 0.000010 0.000010 0.008550 0.000010 0.000010 0.156228 0.024241 0.000010
0.138396 0.000010 0.205048 0.171315 0.000010 0.040017 0.000010 0.000010 0.000010 0.191114 0.102332 0.000010 0.000010 0.005323 0.146346 0.000010 0.000010 0.000010 0.000010
0.068732 0.000010 0.064249 0.359799 0.000010 0.003731 0.000010 0.004250 0.000010 0.231144 0.000010 0.000010 0.000010 0.000010 0.094819 0.000010 0.092905 0.030375 0.049905
0.000010 0.000010 0.000010 0.089538 0.000010 0.000010 0.000010 0.000010 0.176654 0.000010 0.681161 0.000010 0.000010 0.052497 0.000010 0.000010 0.000010 0.000010 0.000010
0.000010 0.000010 0.046743 0.055189 0.003231 0.000010 0.000010 0.000010 0.036837 0.000010 0.000010 0.000010 0.000010 0.000010 0.000010 0.006957 0.034498 0.000010 0.816425
0.000010 0.007164 0.071457 0.000010 0.000010 0.000010 0.006992 0.000010 0.122888 0.000010 0.000010 0.000010 0.000010 0.013236 0.000010 0.000010 0.000010 0.199599 0.578544
0.000010 0.000010 0.000010 0.000010 0.037846 0.000010 0.000010 0.033156 0.150819 0.000010 0.000010 0.000010 0.000010 0.000010 0.000010 0.000010 0.778029 0.000010 0.000010
0.000010 0.000010 0.000010 0.000010 0.000010 0.000010 0.000010 0.000010 0.026135 0.000010 0.000010 0.000010 0.000010 0.000010 0.000010 0.000010 0.973695 0.000010 0.000010
0.850284 0.061564 0.000010 0.000010 0.000010 0.000010 0.000010 0.000010 0.000010 0.000010 0.000010 0.000010 0.000010 0.051071 0.000010 0.036931 0.000010 0.000010 0.000010
0.000010 0.040319 0.000010 0.000010 0.000010 0.000010 0.000010 0.001671 0.280184 0.204328 0.000010 0.015728 0.000010 0.000010 0.000010 0.037399 0.019480 0.129367 0.271422
0.577983 0.000010 0.000010 0.037818 0.000010 0.000010 0.000010 0.000010 0.055775 0.032158 0.000010 0.100505 0.000010 0.055577 0.000010 0.000010 0.140063 0.000010 0.000010
0.000010 0.027492 0.241007 0.000010 0.023832 0.000010 0.000010 0.088006 0.000010 0.000010 0.000010 0.000010 0.000010 0.000010 0.467012 0.000010 0.084706 0.000010 0.067826
0.966785 0.000010 0.000010 0.000010 0.000010 0.000010 0.000010 0.000010 0.000010 0.000010 0.033045 0.000010 0.000010 0.000010 0.000010 0.000010 0.000010 0.000010 0.000010
0.535232 0.000010 0.020950 0.006731 0.000010 0.000010 0.000010 0.000010 0.017468 0.195091 0.144981 0.052906 0.000010 0.026529 0.000010 0.000010 0.000010 0.000010 0.000010
0.016156 0.006348 0.000010 0.139707 0.078300 0.000010 0.000010 0.075294 0.222227 0.003790 0.000010 0.000010 0.000010 0.000010 0.039952 0.000010 0.000010 0.204511 0.213625
0.000010 0.000010 0.000010 0.867216 0.000010 0.000010 0.043082 0.000010 0.000010 0.000010 0.000010 0.005994 0.000010 0.000010 0.005085 0.078483 0.000010 0.000010 0.000010
0.534938 0.000010 0.000010 0.100284 0.000010 0.000010 0.016327 0.020268 0.030039 0.033896 0.066324 0.067955 0.000010 0.082160 0.041781 0.005949 0.000010 0.000010 0.000010
0.830295 0.012819 0.000010 0.000010 0.000010 0.000010 0.000010 0.000010 0.000010 0.000010 0.108841 0.000010 0.000010 0.026636 0.000010 0.021269 0.000010 0.000010 0.000010
0.000010 0.000010 0.000010 0.933348 0.000010 0.066482 0.000010 0.000010 0.000010 0.000010 0.000010 0.000010 0.000010 0.000010 0.000010 0.000010 0.000010 0.000010 0.000010
0.000010 0.109589 0.000010 0.461602 0.000010 0.000010 0.000010 0.077327 0.087848 0.069078 0.000010 0.000010 0.000010 0.000010 0.000010 0.000010 0.174314 0.000010 0.020121
0.000010 0.000010 0.120149 0.666483 0.000010 0.000010 0.000010 0.000010 0.000010 0.213209 0.000010 0.000010 0.000010 0.000010 0.000010 0.000010 0.000010 0.000010 0.000010
0.000010 0.000010 0.000010 0.000010 0.058219 0.084835 0.000010 0.000010 0.000010 0.277175 0.000010 0.000010 0.560139 0.000010 0.000010 0.019491 0.000010 0.000010 0.000010
0.038356 0.000010 0.000010 0.022283 0.000010 0.000010 0.000010 0.012293 0.006375 0.000010 0.000010 0.000010 0.000010 0.065974 0.000010 0.038264 0.816335 0.000010 0.000010
0.004716 0.129010 0.000553 0.033046 0.038645 0.000010 0.000010 0.030527 0.025962 0.237905 0.000010 0.002349 0.000010 0.000010 0.000010 0.000010 0.000010 0.138611 0.358596
0.000010 0.000010 0.254902 0.293600 0.058911 0.169155 0.000010 0.000010 0.000010 0.000010 0.000010 0.000010 0.000010 0.000010 0.106949 0.004963 0.000010 0.111399 0.000010
0.000010 0.000010 0.244544 0.065176 0.000010 0.036120 0.000010 0.240362 0.000010 0.000010 0.000010 0.017145 0.000010 0.000010 0.358784 0.000010 0.000010 0.037748 0.000010
0.000010 0.116934 0.000013 0.009046 0.165540 0.004138 0.059682 0.080662 0.091858 0.160155 0.000010 0.000010 0.074502 0.000010 0.017576 0.000010 0.047756 0.124899 0.047189
0.452243 0.000010 0.076132 0.142481 0.000010 0.000010 0.000010 0.000010 0.000010 0.076655 0.073217 0.016153 0.051038 0.109528 0.000010 0.000010 0.000010 0.002453 0.000010
0.000010 0.000010 0.152217 0.000010 0.000010 0.006368 0.000010 0.090042 0.000010 0.000010 0.000010 0.000010 0.000010 0.025246 0.000010 0.040700 0.000010 0.000010 0.685296
0.000010 0.000010 0.000010 0.000010 0.000010 0.000010 0.000010 0.000010 0.119762 0.000010 0.000010 0.000010 0.000010 0.000010 0.000010 0.000010 0.000010 0.245094 0.634984
0.000010 0.144389 0.000010 0.000010 0.018596 0.000010 0.029069 0.045935 0.000010 0.000010 0.000010 0.000010 0.000010 0.000010 0.000010 0.031707 0.000010 0.008788 0.721396
0.000010 0.000010 0.065019 0.000010 0.000010 0.000010 0.000010 0.000010 0.162791 0.044413 0.000010 0.000010 0.000010 0.000010 0.000010 0.012475 0.000010 0.000010 0.715162
0.000010 0.000010 0.008095 0.000010 0.000010 0.000010 0.066193 0.075960 0.087315 0.000010 0.000010 0.000010 0.000010 0.000010 0.019030 0.000010 0.000010 0.000010 0.743279
0.000010 0.000010 0.000010 0.000010 0.000010 0.000010 0.000010 0.000010 0.290263 0.000010 0.000010 0.004163 0.000010 0.000010 0.000010 0.000010 0.000010 0.031926 0.673498
0.000010 0.000010 0.000010 0.000010 0.000010 0.000010 0.027377 0.070352 0.000010 0.036411 0.000010 0.000010 0.000010 0.000010 0.133979 0.000010 0.000010 0.089292 0.642459
0.000010 0.000010 0.000010 0.030625 0.000010 0.000010 0.000010 0.157639 0.000010 0.000010 0.000010 0.000010 0.000010 0.000010 0.000010 0.000010 0.811576 0.000010 0.000010
0.000010 0.000010 0.000010 0.000010 0.000010 0.000010 0.000010 0.000010 0.000010 0.000010 0.000010 0.999820 0.000010 0.000010 0.000010 0.000010 0.000010 0.000010 0.000010
0.000010 0.132361 0.000010 0.403619 0.055454 0.000010 0.000010 0.020886 0.141687 0.000010 0.072341 0.023094 0.000010 0.000010 0.000010 0.000010 0.071082 0.079376 0.000010
0.000010 0.000010 0.000010 0.000010 0.000010 0.000010 0.000010 0.000010 0.000010 0.000010 0.999820 0.000010 0.000010 0.000010 0.000010 0.000010 0.000010 0.000010 0.000010
0.000010 0.000010 0.000010 0.000010 0.000010 0.000010 0.000010 0.000010 0.000010 0.000010 0.000010 0.045357 0.000010 0.954473 0.000010 0.000010 0.000010 0.000010 0.000010
0.000010 0.000010 0.000010 0.000010 0.000010 0.000010 0.000010 0.000010 0.000010 0.000010 0.000010 0.000010 0.000010 0.999820 0.000010 0.000010 0.000010 0.000010 0.000010
0.000010 0.000010 0.000010 0.000010 0.000010 0.000010 0.000010 0.000010 0.000010 0.000010 0.000010 0.101960 0.000010 0.897870 0.000010 0.000010 0.000010 0.000010 0.000010
0.339997 0.167501 0.000010 0.085321 0.000010 0.000010 0.000010 0.000010 0.015762 0.000010 0.000010 0.116551 0.000010 0.087236 0.000010 0.000010 0.000010 0.187511 0.000010
0.425719 0.000010 0.060500 0.000010 0.000010 0.000010 0.000010 0.000010 0.000010 0.000010 0.000010 0.367860 0.000010 0.053858 0.000010 0.091923 0.000010 0.000010 0.000010
0.001086 0.000010 0.000010 0.009748 0.000010 0.000010 0.000010 0.000010 0.000010 0.000010 0.000010 0.000010 0.000010 0.047326 0.000010 0.000010 0.941690 0.000010 0.000010
0.000010 0.034394 0.000010 0.000010 0.000010 0.099278 0.000010 0.000010 0.000010 0.182273 0.000010 0.000010 0.678250 0.000010 0.000010 0.005665 0.000010 0.000010 0.000010
0.000010 0.000010 0.058346 0.000010 0.050956 0.000010 0.000010 0.000010 0.000010 0.000010 0.000010 0.000010 0.055065 0.000010 0.003473 0.000010 0.832020 0.000010 0.000010
0.000010 0.000010 0.000010 0.000010 0.000010 0.000010 0.000010 0.000010 0.000010 0.000010 0.000010 0.000010 0.000010 0.999820 0.000010 0.000010 0.000010 0.000010 0.000010
0.000010 0.000010 0.000010 0.000010 0.068500 0.336595 0.000010 0.000010 0.000010 0.000010 0.000010 0.000010 0.594745 0.000010 0.000010 0.000010 0.000010 0.000010 0.000010
0.000010 0.000010 0.000010 0.000010 0.123820 0.000010 0.000010 0.180358 0.000010 0.000010 0.000010 0.000010 0.000010 0.000010 0.018982 0.000010 0.000010 0.057629 0.619071
0.000010 0.062356 0.000010 0.000010 0.277960 0.000010 0.330398 0.043856 0.000010 0.285290 0.000010 0.000010 0.000010 0.000010 0.000010 0.000010 0.000010 0.000010 0.000010
0.081649 0.179040 0.000010 0.703647 0.000010 0.000010 0.000010 0.000010 0.035513 0.000010 0.000010 0.000010 0.000010 0.000010 0.000010 0.000010 0.000010 0.000010 0.000010
0.000010 0.047752 0.000010 0.167535 0.000010 0.098395 0.467192 0.000010 0.000010 0.000010 0.136104 0.000010 0.000010 0.000010 0.000010 0.013356 0.000010 0.069546 0.000010
0.000010 0.000010 0.000010 0.719246 0.000010 0.000010 0.000010 0.000010 0.060600 0.028391 0.000010 0.000010 0.000010 0.000010 0.000010 0.000010 0.000010 0.191613 0.000010
0.000010 0.000010 0.225582 0.037971 0.000010 0.000010 0.000010 0.000010 0.000010 0.000010 0.044637 0.000010 0.068885 0.100583 0.000010 0.000010 0.522212 0.000010 0.000010
0.000010 0.000010 0.194618 0.000010 0.000010 0.000010 0.000010 0.000010 0.000010 0.000010 0.000010 0.000010 0.000010 0.029810 0.000010 0.009612 0.000010 0.765811 0.000010
0.117012 0.000010 0.325322 0.024649 0.000010 0.000010 0.000010 0.000010 0.013850 0.027203 0.000010 0.000010 0.000010 0.022517 0.246149 0.007006 0.000426 0.125689 0.090096
0.000010 0.000010 0.000010 0.000010 0.000010 0.000010 0.000010 0.004694 0.000010 0.000010 0.000010 0.000010 0.000010 0.000010 0.000010 0.000010 0.680159 0.246716 0.068281
0.428402 0.000010 0.105417 0.000010 0.000010 0.000010 0.075413 0.000010 0.030794 0.000010 0.000010 0.006750 0.000010 0.101321 0.000010 0.000010 0.000010 0.065941 0.185851
0.000010 0.000010 0.210207 0.000010 0.000010 0.000010 0.000010 0.000954 0.030512 0.000010 0.000010 0.000010 0.000010 0.000010 0.085389 0.000010 0.494252 0.178556 0.000010
0.008762 0.000010 0.006306 0.000010 0.000010 0.214235 0.000010 0.000010 0.045590 0.000010 0.000010 0.000010 0.019145 0.019384 0.563585 0.000010 0.000010 0.122883 0.000010
0.000010 0.000010 0.218725 0.032445 0.000010 0.000010 0.000010 0.019186 0.000010 0.110885 0.000010 0.000010 0.000010 0.000010 0.014958 0.000010 0.603670 0.000010 0.000010
0.000010 0.000010 0.000010 0.000010 0.000010 0.144586 0.371908 0.279625 0.203731 0.000010 0.000010 0.000010 0.000010 0.000010 0.000010 0.000010 0.000010 0.000010 0.000010
0.000010 0.075078 0.000010 0.000010 0.000010 0.000010 0.000010 0.000010 0.322964 0.048667 0.000010 0.000010 0.000010 0.000010 0.125520 0.024994 0.250844 0.151814 0.000010
0.000010 0.014732 0.000010 0.418123 0.000010 0.000010 0.000010 0.000010 0.139023 0.000010 0.381411 0.035558 0.000010 0.011024 0.000010 0.000010 0.000010 0.000010 0.000010
0.000010 0.058008 0.000010 0.223320 0.000010 0.000010 0.000010 0.000010 0.000010 0.069055 0.030188 0.000010 0.000010 0.000010 0.000010 0.000010 0.619289 0.000010 0.000010
0.678479 0.000010 0.000010 0.036891 0.060614 0.000010 0.044404 0.000010 0.008425 0.089341 0.055331 0.000010 0.006231 0.001995 0.000010 0.000010 0.018200 0.000010 0.000010
0.000010 0.000010 0.000010 0.949588 0.000010 0.000010 0.000010 0.000010 0.000010 0.000010 0.000010 0.050242 0.000010 0.000010 0.000010 0.000010 0.000010 0.000010 0.000010
0.000010 0.000010 0.000010 0.371621 0.068523 0.075987 0.000010 0.062725 0.073727 0.001188 0.033619 0.008308 0.000010 0.000010 0.000010 0.031450 0.000010 0.138236 0.134537
0.000010 0.025227 0.085583 0.000010 0.000010 0.128692 0.000010 0.000010 0.012185 0.014085 0.000010 0.000010 0.001969 0.000010 0.000010 0.000010 0.080549 0.014621 0.636990
0.000010 0.000010 0.028279 0.000010 0.000010 0.021072 0.000010 0.000010 0.092785 0.000010 0.000010 0.000010 0.000010 0.000010 0.069343 0.000010 0.000010 0.000010 0.788381
0.465667 0.024032 0.000010 0.000010 0.000010 0.000010 0.000010 0.000010 0.000010 0.000010 0.510140 0.000010 0.000010 0.000010 0.000010 0.000010 0.000010 0.000010 0.000010
0.000010 0.000010 0.000010 0.000010 0.000010 0.000010 0.106620 0.034508 0.000010 0.000010 0.000010 0.000010 0.858713 0.000010 0.000010 0.000010 0.000010 0.000010 0.000010
0.566818 0.000010 0.000010 0.000010 0.000010 0.000010 0.000010 0.000010 0.000010 0.000010 0.393708 0.000010 0.000010 0.000010 0.000010 0.039314 0.000010 0.000010 0.000010
0.029315 0.085645 0.000010 0.509171 0.067929 0.000010 0.000010 0.000010 0.098302 0.000010 0.044689 0.000010 0.000010 0.027033 0.000010 0.042102 0.000010 0.095714 0.000010
0.000010 0.136452 0.074009 0.000010 0.000010 0.000010 0.451896 0.000010 0.031159 0.000010 0.225907 0.000010 0.000010 0.000010 0.000010 0.002410 0.000010 0.078046 0.000010
0.000010 0.000010 0.000010 0.000010 0.000010 0.687205 0.000010 0.000010 0.000010 0.195880 0.000010 0.000010 0.000010 0.000010 0.000010 0.116755 0.000010 0.000010 0.000010
0.035492 0.000010 0.053942 0.000010 0.016600 0.000010 0.139190 0.000010 0.000010 0.000010 0.000010 0.000010 0.716095 0.000010 0.000010 0.000010 0.000010 0.000010 0.038552
0.000010 0.000010 0.000010 0.000010 0.000010 0.999820 0.000010 0.000010 0.000010 0.000010 0.000010 0.000010 0.000010 0.000010 0.000010 0.000010 0.000010 0.000010 0.000010
0.000010 0.166303 0.000010 0.138345 0.000010 0.373656 0.000010 0.000010 0.000010 0.000010 0.000010 0.000010 0.250029 0.000010 0.000010 0.000010 0.039565 0.012566 0.019416
0.000010 0.000010 0.103618 0.000010 0.000010 0.000010 0.102824 0.000010 0.000010 0.000010 0.000010 0.000010 0.793398 0.000010 0.000010 0.000010 0.000010 0.000010 0.000010
0.000010 0.047358 0.000010 0.000010 0.049740 0.115339 0.000010 0.000010 0.127663 0.000010 0.000010 0.004153 0.000010 0.000010 0.000010 0.002090 0.074281 0.033133 0.546143
0.000010 0.000010 0.258163 0.000010 0.000010 0.043185 0.000010 0.056409 0.089487 0.107039 0.000010 0.044252 0.000010 0.000010 0.260911 0.000010 0.098081 0.042373 0.000010
0.204033 0.000010 0.151585 0.000010 0.000010 0.000010 0.000010 0.000010 0.023113 0.000010 0.000010 0.005428 0.000010 0.000010 0.130537 0.010626 0.313166 0.161402 0.000010
0.000010 0.027492 0.110954 0.000010 0.000010 0.000010 0.000010 0.000010 0.057720 0.061352 0.000010 0.000010 0.000010 0.000010 0.000010 0.000010 0.076177 0.017733 0.648452
0.000010 0.000010 0.162371 0.322504 0.000010 0.000010 0.000010 0.001948 0.000010 0.000010 0.000010 0.000010 0.000010 0.058469 0.000010 0.000010 0.101476 0.353101 0.000010
0.000010 0.044982 0.000010 0.000010 0.000010 0.142882 0.000010 0.040141 0.000010 0.129695 0.000010 0.000010 0.053236 0.000010 0.000623 0.000010 0.000010 0.088614 0.499717
0.000010 0.000010 0.000010 0.000010 0.000010 0.007444 0.000010 0.000010 0.000010 0.073087 0.000010 0.000010 0.000010 0.000010 0.216451 0.008398 0.053768 0.085633 0.555098
0.000010 0.000010 0.000010 0.000010 0.000010 0.292164 0.000010 0.698058 0.000010 0.000010 0.000010 0.000010 0.000010 0.000010 0.009618 0.000010 0.000010 0.000010 0.000010
0.000010 0.000010 0.000010 0.000010 0.000010 0.000010 0.000010 0.000010 0.000010 0.000010 0.000010 0.000010 0.999820 0.000010 0.000010 0.000010 0.000010 0.000010 0.000010
0.000010 0.021889 0.403244 0.330974 0.000010 0.010959 0.000010 0.093529 0.000010 0.000010 0.000010 0.000010 0.038571 0.000010 0.072273 0.018804 0.009656 0.000010 0.000010
0.000010 0.000010 0.000010 0.000010 0.000010 0.000010 0.328358 0.000010 0.000010 0.000010 0.000010 0.000010 0.671472 0.000010 0.000010 0.000010 0.000010 0.000010 0.000010
0.000010 0.000010 0.000010 0.000010 0.000010 0.000010 0.125146 0.000010 0.000010 0.000010 0.000010 0.000010 0.874684 0.000010 0.000010 0.000010 0.000010 0.000010 0.000010
0.000010 0.000010 0.000010 0.000010 0.001180 0.000010 0.167309 0.000010 0.000010 0.000010 0.000010 0.000010 0.831350 0.000010 0.000010 0.000010 0.000010 0.000010 0.000010
0.000010 0.000010 0.174342 0.430858 0.000010 0.056799 0.080143 0.080025 0.054925 0.000010 0.000010 0.000010 0.000010 0.034236 0.002997 0.000010 0.006228 0.000010 0.079355
0.000010 0.000010 0.000010 0.008864 0.000010 0.061548 0.000010 0.000010 0.085785 0.032645 0.000010 0.000010 0.000010 0.035995 0.000597 0.000010 0.178366 0.000010 0.596090
0.000010 0.000010 0.000010 0.000010 0.094621 0.119121 0.000010 0.046970 0.118591 0.000010 0.000010 0.000010 0.000010 0.000010 0.000010 0.041318 0.000010 0.000010 0.579250
0.000010 0.000010 0.000010 0.000010 0.000010 0.000010 0.008654 0.000010 0.000010 0.000010 0.017999 0.000010 0.000010 0.000010 0.303959 0.028244 0.032669 0.000010 0.608346
0.000010 0.000010 0.023744 0.366515 0.000010 0.022278 0.000010 0.000010 0.049749 0.000010 0.193578 0.073290 0.000010 0.105615 0.000010 0.000010 0.000010 0.107295 0.057837
0.000010 0.579440 0.067240 0.024628 0.084023 0.000010 0.037187 0.000010 0.020958 0.000010 0.000010 0.000010 0.000010 0.057552 0.008848 0.000010 0.035593 0.013264 0.071187
0.000010 0.999820 0.000010 0.000010 0.000010 0.000010 0.000010 0.000010 0.000010 0.000010 0.000010 0.000010 0.000010 0.000010 0.000010 0.000010 0.000010 0.000010 0.000010
0.000010 0.999820 0.000010 0.000010 0.000010 0.000010 0.000010 0.000010 0.000010 0.000010 0.000010 0.000010 0.000010 0.000010 0.000010 0.000010 0.000010 0.000010 0.000010
0.000010 0.767718 0.000010 0.215636 0.000010 0.000010 0.000010 0.000010 0.000010 0.016486 0.000010 0.000010 0.000010 0.000010 0.000010 0.000010 0.000010 0.000010 0.000010
0.000010 0.999820 0.000010 0.000010 0.000010 0.000010 0.000010 0.000010 0.000010 0.000010 0.000010 0.000010 0.000010 0.000010 0.000010 0.000010 0.000010 0.000010 0.000010
0.175107 0.000010 0.114677 0.053104 0.000010 0.000010 0.000010 0.251758 0.061300 0.000010 0.000010 0.000010 0.000010 0.018919 0.075878 0.000010 0.000010 0.100882 0.148275
0.000010 0.000010 0.000010 0.000010 0.000010 0.000010 0.000010 0.000010 0.000010 0.099564 0.000010 0.000010 0.007408 0.000010 0.077590 0.000010 0.138696 0.040040 0.636572
0.000010 0.000010 0.027593 0.764093 0.000010 0.000010 0.000010 0.000010 0.000010 0.000010 0.000010 0.000010 0.000010 0.076202 0.000010 0.031856 0.100116 0.000010 0.000010
0.000010 0.000010 0.045098 0.000010 0.055780 0.218681 0.168369 0.092917 0.000010 0.000010 0.011807 0.000010 0.000010 0.000010 0.000010 0.077816 0.329420 0.000010 0.000010
0.000010 0.000010 0.000010 0.513330 0.017711 0.000010 0.000010 0.000010 0.009535 0.000010 0.000010 0.000010 0.000010 0.101282 0.140914 0.000010 0.113142 0.067587 0.036388
0.000010 0.999820 0.000010 0.000010 0.000010 0.000010 0.000010 0.000010 0.000010 0.000010 0.000010 0.000010 0.000010 0.000010 0.000010 0.000010 0.000010 0.000010 0.000010
0.000010 0.000010 0.000010 0.000010 0.000010 0.000010 0.000010 0.495291 0.000010 0.000010 0.000010 0.000010 0.000010 0.000010 0.504539 0.000010 0.000010 0.000010 0.000010
0.000010 0.030184 0.000010 0.000010 0.000010 0.000010 0.000010 0.149191 0.101368 0.000010 0.000010 0.000010 0.000010 0.000010 0.000010 0.000010 0.000010 0.150208 0.568909
0.000010 0.000010 0.085188 0.000010 0.000010 0.000010 0.000010 0.000010 0.066272 0.112712 0.018390 0.000010 0.000010 0.000010 0.000010 0.000010 0.000010 0.053361 0.663947
0.000010 0.000010 0.035824 0.048493 0.000010 0.000010 0.037863 0.085743 0.000010 0.000010 0.000010 0.000010 0.000010 0.000010 0.279865 0.000010 0.038984 0.000010 0.473109
0.000010 0.051912 0.000010 0.000010 0.000010 0.113243 0.000010 0.193150 0.049529 0.168347 0.000010 0.039734 0.000010 0.016422 0.000010 0.000010 0.116478 0.000010 0.251084
0.000010 0.000010 0.000010 0.000010 0.000010 0.031300 0.000010 0.018260 0.000010 0.017664 0.000010 0.004455 0.000010 0.066854 0.108442 0.000010 0.000010 0.000010 0.752905
0.000010 0.000010 0.000010 0.000010 0.004200 0.082019 0.000010 0.223842 0.085362 0.000010 0.000010 0.000010 0.036661 0.000010 0.000010 0.003774 0.000010 0.000010 0.564022
0.462359 0.000010 0.000010 0.061292 0.000010 0.000010 0.000010 0.000010 0.045937 0.000010 0.000010 0.370942 0.000010 0.059330 0.000010 0.000010 0.000010 0.000010 0.000010
0.000010 0.000010 0.121111 0.000010 0.000010 0.082888 0.000010 0.103098 0.104198 0.000010 0.000010 0.000010 0.000010 0.000010 0.000010 0.000010 0.000010 0.588565 0.000010
0.000010 0.000010 0.000010 0.000010 0.013955 0.000010 0.000010 0.000010 0.000010 0.312452 0.000010 0.000010 0.000010 0.000010 0.000010 0.034395 0.000010 0.000010 0.639049
0.409071 0.000010 0.000010 0.000010 0.000010 0.011429 0.000010 0.000010 0.000010 0.166239 0.000010 0.196250 0.000010 0.121109 0.000010 0.000010 0.090955 0.004828 0.000010
0.096896 0.000010 0.124920 0.000010 0.000010 0.099928 0.000010 0.000010 0.061344 0.377473 0.000010 0.000010 0.000010 0.000010 0.024698 0.010451 0.000010 0.031656 0.172534
0.748140 0.000010 0.000010 0.086374 0.000010 0.000010 0.000010 0.000010 0.000010 0.000010 0.000010 0.109322 0.000010 0.014227 0.000010 0.041796 0.000010 0.000010 0.000010
0.861739 0.000010 0.000010 0.000010 0.000010 0.000010 0.000010 0.000010 0.057274 0.000010 0.000010 0.000010 0.000010 0.056857 0.000010 0.000010 0.000010 0.000010 0.023980
0.843040 0.000010 0.000010 0.054810 0.000010 0.000010 0.017311 0.000010 0.013760 0.000010 0.000010 0.008075 0.000010 0.000010 0.000010 0.000010 0.000010 0.062874 0.000010
0.000010 0.000010 0.000010 0.000010 0.000010 0.000010 0.000010 0.000010 0.293745 0.000010 0.000010 0.000010 0.000010 0.000010 0.000010 0.000010 0.334084 0.372011 0.000010
0.882681 0.000010 0.000010 0.000010 0.000010 0.000010 0.000010 0.000010 0.019436 0.000010 0.000010 0.002681 0.000010 0.061997 0.000010 0.000010 0.000010 0.033066 0.000010
0.133093 0.046892 0.000010 0.634562 0.000010 0.000010 0.000010 0.000010 0.000010 0.000010 0.040949 0.000010 0.061330 0.083044 0.000010 0.000010 0.000010 0.000010 0.000010
0.000010 0.000010 0.000010 0.000010 0.000010 0.000010 0.000010 0.000010 0.000010 0.000010 0.000010 0.000010 0.999820 0.000010 0.000010 0.000010 0.000010 0.000010 0.000010
0.000010 0.000010 0.561475 0.000010 0.000010 0.000010 0.000010 0.000010 0.000010 0.000010 0.000010 0.000010 0.000010 0.000010 0.000010 0.000010 0.438355 0.000010 0.000010
0.038780 0.013488 0.232795 0.000010 0.000010 0.000010 0.000010 0.000010 0.317877 0.000010 0.000010 0.000010 0.000010 0.000010 0.315087 0.000015 0.000010 0.081838 0.000010
0.642955 0.025597 0.000010 0.054699 0.027297 0.000010 0.000010 0.000010 0.000010 0.000010 0.131868 0.000010 0.000010 0.000010 0.000010 0.117454 0.000010 0.000010 0.000010
0.000010 0.000010 0.161779 0.000010 0.000010 0.000010 0.000010 0.109278 0.000010 0.000010 0.016093 0.000010 0.020419 0.000010 0.406712 0.000010 0.071160 0.000010 0.214439
0.746647 0.000010 0.091543 0.087695 0.000010 0.000010 0.000010 0.000010 0.000010 0.000010 0.000010 0.000010 0.010647 0.062330 0.000010 0.001008 0.000010 0.000010 0.000010
0.000010 0.000010 0.000010 0.000010 0.999820 0.000010 0.000010 0.000010 0.000010 0.000010 0.000010 0.000010 0.000010 0.000010 0.000010 0.000010 0.000010 0.000010 0.000010
0.000010 0.000010 0.000010 0.000010 0.000010 0.000010 0.000010 0.000010 0.127203 0.000010 0.000010 0.000010 0.000010 0.000010 0.824265 0.000010 0.000010 0.048372 0.000010
0.000010 0.000010 0.167809 0.000010 0.000022 0.000010 0.000010 0.000010 0.079230 0.000010 0.000010 0.000010 0.000010 0.020783 0.282079 0.016390 0.219475 0.133529 0.080582
0.000010 0.000010 0.195056 0.000010 0.012163 0.000010 0.000010 0.000010 0.021668 0.000010 0.000010 0.000010 0.000010 0.000010 0.093880 0.000010 0.337708 0.298510 0.040896
0.000010 0.031413 0.000010 0.000010 0.020727 0.018852 0.000010 0.144782 0.097072 0.081455 0.000010 0.000010 0.000010 0.000010 0.245856 0.000010 0.092667 0.000010 0.267078
0.000010 0.131750 0.000010 0.000010 0.000010 0.065981 0.000010 0.166639 0.000010 0.000010 0.000010 0.000010 0.076754 0.000010 0.000010 0.000010 0.558736 0.000010 0.000010
0.006873 0.000010 0.322627 0.286452 0.015238 0.059044 0.009029 0.000010 0.013731 0.000010 0.132812 0.027622 0.000010 0.000010 0.126482 0.000010 0.000010 0.000010 0.000010
0.179688 0.044702 0.000010 0.312468 0.259855 0.000010 0.000010 0.000010 0.008329 0.000010 0.174518 0.020319 0.000010 0.000010 0.000010 0.000010 0.000010 0.000010 0.000010
0.000010 0.095076 0.000010 0.000010 0.091260 0.000010 0.000010 0.010120 0.016222 0.000010 0.000010 0.000010 0.000010 0.000010 0.000010 0.000010 0.000010 0.000010 0.787181
0.000010 0.000010 0.139224 0.058587 0.000010 0.000010 0.000010 0.000010 0.266852 0.000010 0.000010 0.000010 0.000010 0.000010 0.000010 0.000010 0.515488 0.019709 0.000010
0.000010 0.000010 0.281422 0.000010 0.114945 0.000010 0.000010 0.081621 0.003594 0.000010 0.000010 0.000010 0.000010 0.000010 0.155702 0.000595 0.156206 0.205805 0.000010
0.000010 0.000010 0.321415 0.019346 0.000010 0.000010 0.000010 0.044057 0.016062 0.000010 0.000010 0.000010 0.000010 0.048097 0.051774 0.012470 0.313012 0.173668 0.000010
0.000010 0.000010 0.000010 0.632693 0.000010 0.000010 0.000010 0.000010 0.069501 0.000010 0.015051 0.000010 0.000010 0.000010 0.000010 0.034391 0.000010 0.102063 0.146172
0.090476 0.000010 0.081036 0.180388 0.015909 0.129598 0.000010 0.000010 0.000010 0.502464 0.000010 0.000010 0.000010 0.000010 0.000010 0.000010 0.000010 0.000010 0.000010
0.064039 0.083678 0.000010 0.510338 0.000010 0.000010 0.040270 0.000010 0.084390 0.000010 0.000010 0.000010 0.000010 0.000010 0.000010 0.026976 0.000010 0.190190 0.000010
0.000010 0.000010 0.000010 0.000010 0.000010 0.000010 0.000010 0.000010 0.000010 0.720156 0.000010 0.000010 0.000010 0.031677 0.214249 0.000010 0.033769 0.000010 0.000010
0.000010 0.000010 0.092203 0.000010 0.000010 0.000010 0.000010 0.000010 0.000010 0.907627 0.000010 0.000010 0.000010 0.000010 0.000010 0.000010 0.000010 0.000010 0.000010
0.000010 0.000010 0.130156 0.000010 0.000010 0.000010 0.000010 0.000010 0.000010 0.869674 0.000010 0.000010 0.000010 0.000010 0.000010 0.000010 0.000010 0.000010 0.000010
0.000010 0.000010 0.127241 0.334899 0.000010 0.196733 0.000010 0.064976 0.000010 0.100128 0.000010 0.000010 0.000010 0.016415 0.033505 0.000010 0.060219 0.065784 0.000010
0.000010 0.000010 0.000010 0.000010 0.000010 0.000010 0.000010 0.000010 0.000010 0.897487 0.000010 0.000010 0.000010 0.000010 0.000010 0.067244 0.000010 0.035109 0.000010
0.000010 0.000010 0.000010 0.000010 0.000010 0.000010 0.000010 0.000010 0.014282 0.000010 0.000010 0.000010 0.000010 0.000010 0.000010 0.000010 0.464132 0.521425 0.000010
0.000010 0.000010 0.021899 0.000010 0.000010 0.027393 0.000010 0.270664 0.039174 0.000010 0.000010 0.000010 0.000010 0.000010 0.626533 0.000010 0.000010 0.000010 0.014206
0.000010 0.000010 0.130345 0.034139 0.000010 0.042391 0.000010 0.000010 0.249726 0.000010 0.003940 0.000010 0.000010 0.013268 0.210401 0.000010 0.223597 0.092092 0.000010
0.223603 0.000010 0.153059 0.093786 0.000010 0.000010 0.000010 0.000010 0.000010 0.000010 0.000010 0.000010 0.000010 0.000010 0.000010 0.000010 0.000010 0.529401 0.000010
0.000010 0.000010 0.000010 0.773235 0.071247 0.000010 0.000010 0.000010 0.000010 0.108668 0.000010 0.000010 0.000010 0.038817 0.000010 0.007894 0.000010 0.000010 0.000010
0.000010 0.000010 0.000010 0.000010 0.000010 0.000010 0.000010 0.000010 0.000010 0.000010 0.000010 0.000010 0.000010 0.000010 0.000011 0.999819 0.000010 0.000010 0.000010
0.820417 0.000010 0.050959 0.000010 0.000010 0.000010 0.000010 0.000010 0.000010 0.128465 0.000010 0.000010 0.000010 0.000010 0.000010 0.000010 0.000010 0.000010 0.000010
0.000010 0.000010 0.000014 0.000010 0.000010 0.000010 0.000010 0.000010 0.000010 0.000010 0.000010 0.000010 0.000010 0.000010 0.000010 0.999816 0.000010 0.000010 0.000010
