0.001198 0.028319 0.028416 0.076010 0.000010 0.010905 0.350462 0.000010 0.000010 0.504661
0.000010 0.000010 0.455201 0.016665 0.000010 0.028320 0.003110 0.000010 0.251693 0.244971
0.000010 0.000010 0.034038 0.000010 0.000010 0.000010 0.000010 0.000010 0.939717 0.026175
0.000010 0.021457 0.000010 0.000010 0.199237 0.000010 0.000010 0.000010 0.653953 0.125293
0.021744 0.000010 0.000010 0.000010 0.339910 0.000010 0.000010 0.000010 0.563728 0.074558
0.000010 0.000010 0.000010 0.000010 0.248466 0.000010 0.000010 0.000010 0.751454 0.000010
0.000010 0.000010 0.000010 0.000010 0.051992 0.000010 0.000010 0.000010 0.695749 0.252189
0.081906 0.000010 0.034244 0.000010 0.000010 0.000010 0.000010 0.000010 0.815810 0.067980
0.000010 0.000010 0.000010 0.999910 0.000010 0.000010 0.000010 0.000010 0.000010 0.000010
0.000010 0.000010 0.000010 0.999910 0.000010 0.000010 0.000010 0.000010 0.000010 0.000010
0.999910 0.000010 0.000010 0.000010 0.000010 0.000010 0.000010 0.000010 0.000010 0.000010
0.421504 0.094567 0.118875 0.000010 0.000010 0.000010 0.041443 0.000010 0.247607 0.075964
0.000010 0.999910 0.000010 0.000010 0.000010 0.000010 0.000010 0.000010 0.000010 0.000010
0.000010 0.999910 0.000010 0.000010 0.000010 0.000010 0.000010 0.000010 0.000010 0.000010
0.000010 0.999910 0.000010 0.000010 0.000010 0.000010 0.000010 0.000010 0.000010 0.000010
0.000010 0.000010 0.669682 0.000010 0.000010 0.000010 0.000010 0.000010 0.110392 0.219856
0.046595 0.000010 0.087128 0.000010 0.084864 0.000010 0.000010 0.000010 0.705859 0.075505
0.076405 0.186064 0.000010 0.000010 0.000010 0.000010 0.648005 0.000010 0.000010 0.089465
0.009026 0.018234 0.000010 0.000010 0.040122 0.000010 0.292561 0.183066 0.283752 0.173209
0.020760 0.000010 0.000010 0.000010 0.068401 0.000010 0.000010 0.000010 0.910769 0.000010
0.999910 0.000010 0.000010 0.000010 0.000010 0.000010 0.000010 0.000010 0.000010 0.000010
0.999910 0.000010 0.000010 0.000010 0.000010 0.000010 0.000010 0.000010 0.000010 0.000010
0.000010 0.000010 0.000010 0.000010 0.000010 0.000010 0.000010 0.000010 0.774515 0.225405
0.999910 0.000010 0.000010 0.000010 0.000010 0.000010 0.000010 0.000010 0.000010 0.000010
0.000010 0.000010 0.045337 0.000010 0.070308 0.076002 0.000010 0.000010 0.808293 0.000010
0.029991 0.000010 0.052393 0.000010 0.052110 0.050468 0.000010 0.000010 0.814988 0.000010
0.000010 0.000010 0.086905 0.000010 0.000010 0.021567 0.026260 0.000010 0.865208 0.000010
0.000010 0.000010 0.000010 0.000010 0.000010 0.000010 0.000010 0.000010 0.999910 0.000010
0.000010 0.000010 0.000010 0.000010 0.082275 0.000010 0.000010 0.000010 0.700516 0.217139
0.000010 0.000010 0.131756 0.000010 0.175833 0.000010 0.000010 0.000010 0.687481 0.004870
0.000010 0.000010 0.012665 0.624305 0.000010 0.000010 0.000010 0.000010 0.161205 0.201765
0.000010 0.002697 0.076357 0.629462 0.000010 0.033979 0.123670 0.000010 0.133794 0.000010
0.000010 0.000010 0.131141 0.000010 0.060357 0.000010 0.000010 0.003413 0.805030 0.000010
0.000010 0.002795 0.000010 0.000010 0.000010 0.001472 0.000010 0.000010 0.995663 0.000010
0.000010 0.000015 0.263901 0.000010 0.090873 0.000010 0.000010 0.000010 0.645151 0.000010
0.000010 0.000010 0.164875 0.000010 0.053238 0.000010 0.020578 0.000010 0.684338 0.076921
0.000010 0.059090 0.037866 0.011914 0.252105 0.000010 0.000010 0.000010 0.638975 0.000010
0.000010 0.028322 0.150159 0.000010 0.102372 0.001599 0.012100 0.000010 0.683277 0.022141
0.000010 0.089509 0.435762 0.070558 0.188565 0.000010 0.062609 0.152957 0.000010 0.000010
0.008098 0.000010 0.119990 0.000010 0.000010 0.000010 0.000010 0.000010 0.825950 0.045903
0.022927 0.000010 0.000010 0.623502 0.141595 0.031463 0.000010 0.122890 0.023249 0.034344
0.000010 0.999910 0.000010 0.000010 0.000010 0.000010 0.000010 0.000010 0.000010 0.000010
0.389795 0.610124 0.000010 0.000010 0.000010 0.000010 0.000011 0.000010 0.000010 0.000010
0.844088 0.155832 0.000010 0.000010 0.000010 0.000010 0.000010 0.000010 0.000010 0.000010
0.821549 0.000010 0.000010 0.178371 0.000010 0.000010 0.000010 0.000010 0.000010 0.000010
0.999910 0.000010 0.000010 0.000010 0.000010 0.000010 0.000010 0.000010 0.000010 0.000010
0.811334 0.037683 0.000010 0.150913 0.000010 0.000010 0.000010 0.000010 0.000010 0.000010
0.999907 0.000010 0.000010 0.000013 0.000010 0.000010 0.000010 0.000010 0.000010 0.000010
0.000010 0.000010 0.000010 0.000010 0.189839 0.000010 0.281775 0.000010 0.000010 0.528317
0.226712 0.133399 0.000010 0.000010 0.147150 0.000010 0.492678 0.000010 0.000010 0.000010
0.000010 0.999910 0.000010 0.000010 0.000010 0.000010 0.000010 0.000010 0.000010 0.000010
0.000010 0.000010 0.000010 0.000010 0.246778 0.000010 0.000010 0.000010 0.753142 0.000010
0.914719 0.085201 0.000010 0.000010 0.000010 0.000010 0.000010 0.000010 0.000010 0.000010
0.196475 0.404334 0.000010 0.000010 0.124357 0.000010 0.274775 0.000010 0.000010 0.000010
0.000010 0.000010 0.678276 0.000010 0.220393 0.000010 0.000010 0.030273 0.000010 0.070997
0.685139 0.154798 0.000010 0.102207 0.000010 0.000010 0.054253 0.003553 0.000010 0.000010
0.000010 0.066204 0.007806 0.000010 0.000010 0.000010 0.879449 0.015703 0.030788 0.000010
0.000010 0.194612 0.000010 0.634442 0.000010 0.000010 0.170876 0.000010 0.000010 0.000010
0.217550 0.176761 0.000010 0.000010 0.000010 0.000010 0.556997 0.000143 0.048499 0.000010
0.056772 0.011280 0.576711 0.114775 0.094942 0.000010 0.132966 0.000010 0.012523 0.000010
0.000010 0.000010 0.431302 0.000010 0.049953 0.008775 0.000010 0.080469 0.403310 0.026152
0.000010 0.015315 0.231217 0.317660 0.382946 0.000010 0.000010 0.000010 0.000010 0.052813
0.000010 0.000010 0.260428 0.248997 0.000010 0.000010 0.215000 0.000010 0.000010 0.275515
0.000010 0.000010 0.115981 0.317974 0.000010 0.000010 0.113856 0.000010 0.207635 0.244503
0.000010 0.000010 0.000010 0.000010 0.120799 0.000010 0.000010 0.000010 0.818565 0.060566
0.000010 0.023315 0.000010 0.000010 0.279011 0.000010 0.000010 0.021181 0.676432 0.000010
0.005286 0.000010 0.513072 0.000010 0.393529 0.000010 0.000010 0.000010 0.000010 0.088053
0.000010 0.037109 0.590508 0.000010 0.372313 0.000010 0.000010 0.000010 0.000010 0.000010
0.106659 0.000010 0.000010 0.000010 0.000010 0.000010 0.893261 0.000010 0.000010 0.000010
0.067009 0.064664 0.000010 0.141373 0.037133 0.085411 0.570213 0.000010 0.000010 0.034167
0.000010 0.000010 0.604175 0.000010 0.000010 0.057697 0.000010 0.000010 0.302340 0.035728
0.000010 0.000010 0.000010 0.000010 0.000010 0.000010 0.999910 0.000010 0.000010 0.000010
0.039279 0.105484 0.000010 0.080134 0.000010 0.023573 0.529434 0.093785 0.000010 0.128282
0.000010 0.000010 0.053893 0.946027 0.000010 0.000010 0.000010 0.000010 0.000010 0.000010
0.055407 0.091653 0.000010 0.095530 0.000010 0.054168 0.626885 0.000010 0.076317 0.000010
0.000010 0.000010 0.135222 0.686883 0.000010 0.000010 0.000010 0.000010 0.000010 0.177825
0.000010 0.000010 0.458111 0.000010 0.464155 0.008067 0.069606 0.000010 0.000010 0.000010
0.000010 0.000010 0.352728 0.319278 0.121676 0.000010 0.000010 0.000010 0.110964 0.095303
0.000010 0.000010 0.517185 0.000010 0.006659 0.032266 0.015233 0.000010 0.319125 0.109492
0.108539 0.018426 0.000010 0.096997 0.000010 0.039992 0.537376 0.066703 0.000010 0.131936
0.024776 0.000010 0.146457 0.000010 0.000010 0.006694 0.000010 0.000010 0.822013 0.000010
0.000010 0.000010 0.000010 0.000010 0.366159 0.000010 0.000010 0.000010 0.633761 0.000010
0.000010 0.011617 0.000010 0.000010 0.073211 0.000010 0.037423 0.000010 0.877689 0.000010
0.023998 0.000010 0.020863 0.000010 0.000619 0.000010 0.044314 0.000010 0.910156 0.000010
0.000010 0.000010 0.000010 0.000010 0.338314 0.000010 0.000010 0.000010 0.661606 0.000010
0.000010 0.000010 0.000010 0.000010 0.050713 0.066982 0.000010 0.000010 0.846892 0.035353
0.018267 0.000010 0.770311 0.080025 0.131338 0.000010 0.000010 0.000010 0.000010 0.000010
0.000010 0.999910 0.000010 0.000010 0.000010 0.000010 0.000010 0.000010 0.000010 0.000010
0.000010 0.037385 0.079859 0.000010 0.000010 0.237454 0.201744 0.379766 0.063752 0.000010
0.918400 0.081520 0.000010 0.000010 0.000010 0.000010 0.000010 0.000010 0.000010 0.000010
0.999910 0.000010 0.000010 0.000010 0.000010 0.000010 0.000010 0.000010 0.000010 0.000010
0.999910 0.000010 0.000010 0.000010 0.000010 0.000010 0.000010 0.000010 0.000010 0.000010
0.140839 0.270765 0.000010 0.067770 0.000010 0.000010 0.511092 0.009483 0.000010 0.000010
0.097315 0.000010 0.486469 0.001197 0.414959 0.000010 0.000010 0.000010 0.000010 0.000010
0.000010 0.000010 0.730916 0.000010 0.259261 0.009753 0.000010 0.000010 0.000010 0.000010
0.000010 0.000010 0.070703 0.000010 0.077582 0.026511 0.020628 0.000010 0.804526 0.000010
0.000010 0.000010 0.000010 0.191195 0.153084 0.000010 0.000010 0.655651 0.000010 0.000010
0.000010 0.000010 0.000010 0.706802 0.270336 0.000010 0.000010 0.000010 0.022792 0.000010
0.083588 0.000010 0.613752 0.064309 0.152426 0.085875 0.000010 0.000010 0.000010 0.000010
0.000010 0.000010 0.000010 0.000010 0.864979 0.000010 0.014411 0.000010 0.000010 0.120540
0.082413 0.000010 0.357056 0.000010 0.166569 0.003635 0.112492 0.000010 0.161872 0.115933
0.000010 0.000010 0.369823 0.000010 0.630097 0.000010 0.000010 0.000010 0.000010 0.000010
0.029086 0.150701 0.000010 0.107454 0.144417 0.000010 0.324156 0.000010 0.169077 0.075079
0.000010 0.000010 0.455646 0.000010 0.458193 0.000010 0.000010 0.000010 0.000010 0.086091
0.004168 0.000010 0.388146 0.000010 0.110578 0.000010 0.120076 0.000010 0.376982 0.000010
0.019603 0.000010 0.775184 0.000010 0.150453 0.000010 0.054699 0.000010 0.000010 0.000010
0.000010 0.000010 0.377596 0.285257 0.148274 0.000010 0.030436 0.021442 0.000010 0.136955
0.000010 0.080329 0.000010 0.017129 0.000010 0.019412 0.730653 0.020722 0.000010 0.131715
0.000010 0.004632 0.000010 0.832466 0.162833 0.000010 0.000010 0.000010 0.000010 0.000010
0.000010 0.020707 0.092129 0.000010 0.058146 0.029199 0.000394 0.000010 0.726478 0.072916
0.000010 0.000010 0.000016 0.000010 0.000010 0.000010 0.000010 0.000010 0.999904 0.000010
0.018120 0.000010 0.000010 0.000010 0.000010 0.073010 0.682916 0.225894 0.000010 0.000010
0.000010 0.034477 0.000010 0.095398 0.156077 0.072227 0.041893 0.599889 0.000010 0.000010
0.000010 0.015803 0.095479 0.011639 0.000010 0.877019 0.000010 0.000010 0.000010 0.000010
0.000010 0.000010 0.000010 0.000010 0.000010 0.999910 0.000010 0.000010 0.000010 0.000010
0.107898 0.222418 0.000010 0.008538 0.000010 0.000014 0.639406 0.000010 0.021685 0.000010
0.000010 0.088274 0.465664 0.000010 0.161159 0.000010 0.000010 0.000010 0.124641 0.160213
0.012205 0.078412 0.325090 0.000010 0.354443 0.010506 0.184374 0.000010 0.000010 0.034940
0.000010 0.000010 0.000010 0.000010 0.142956 0.000010 0.000010 0.000010 0.714847 0.142127
0.027981 0.002813 0.169287 0.334064 0.404854 0.000010 0.060959 0.000010 0.000010 0.000010
0.008077 0.000010 0.000010 0.000010 0.000010 0.000010 0.000010 0.000010 0.758663 0.233191
0.000010 0.000010 0.070564 0.000010 0.076913 0.050462 0.000010 0.000010 0.693087 0.108925
0.000010 0.000010 0.000010 0.000010 0.000010 0.999910 0.000010 0.000010 0.000010 0.000010
0.000010 0.000010 0.518720 0.331904 0.000010 0.033271 0.047684 0.000010 0.068371 0.000010
0.020078 0.000010 0.000010 0.000010 0.000010 0.884970 0.000010 0.094882 0.000010 0.000010
0.000010 0.000010 0.000010 0.000010 0.000010 0.999910 0.000010 0.000010 0.000010 0.000010
0.010681 0.000010 0.065173 0.000010 0.000010 0.924076 0.000010 0.000010 0.000010 0.000010
0.098746 0.000010 0.289390 0.446630 0.115909 0.000010 0.000010 0.000010 0.049275 0.000010
0.008160 0.000010 0.000010 0.000010 0.182063 0.000010 0.000010 0.000010 0.664567 0.145149
0.033049 0.000010 0.171208 0.000010 0.000010 0.085954 0.000010 0.000010 0.709729 0.000010
0.007164 0.000010 0.000010 0.309133 0.134798 0.000010 0.095738 0.289626 0.143869 0.019642
0.057576 0.048480 0.000010 0.329850 0.000010 0.000010 0.199700 0.330611 0.000010 0.033743
0.000010 0.007529 0.000010 0.685364 0.000010 0.000010 0.000010 0.307037 0.000010 0.000010
0.009736 0.012260 0.308140 0.042296 0.088743 0.000010 0.227740 0.000010 0.236842 0.074223
0.000010 0.000010 0.059971 0.000010 0.105476 0.026338 0.000010 0.000010 0.640032 0.168133
0.008338 0.000010 0.000010 0.991582 0.000010 0.000010 0.000010 0.000010 0.000010 0.000010
0.231113 0.000010 0.000010 0.768807 0.000010 0.000010 0.000010 0.000010 0.000010 0.000010
0.000010 0.000010 0.000010 0.623338 0.256669 0.000010 0.000010 0.000010 0.063338 0.056594
0.000010 0.000010 0.000010 0.000010 0.222799 0.000010 0.000010 0.022026 0.755105 0.000010
0.000010 0.003784 0.000010 0.000010 0.166602 0.000010 0.000010 0.000010 0.659756 0.169798
0.000010 0.000010 0.266673 0.000010 0.000010 0.071664 0.000010 0.000010 0.661593 0.000010
0.000010 0.052291 0.000010 0.000010 0.000010 0.000010 0.000010 0.000010 0.891627 0.056012
0.063694 0.326792 0.000010 0.094452 0.000010 0.000010 0.515002 0.000010 0.000010 0.000010
0.000010 0.000010 0.000010 0.000010 0.810176 0.000010 0.000010 0.000010 0.000010 0.189744
0.172091 0.182024 0.000010 0.000010 0.095814 0.000010 0.335896 0.000010 0.089323 0.124811
0.000010 0.000010 0.058462 0.000010 0.096745 0.000010 0.236649 0.000010 0.193013 0.415081
0.103899 0.114596 0.000010 0.000010 0.000010 0.000010 0.781435 0.000010 0.000010 0.000010
0.000010 0.089013 0.000010 0.000010 0.042948 0.000010 0.867969 0.000010 0.000010 0.000010
0.110737 0.000010 0.000010 0.097780 0.000010 0.000010 0.791413 0.000010 0.000010 0.000010
0.000010 0.087700 0.000010 0.019895 0.091752 0.000010 0.800593 0.000010 0.000010 0.000010
0.133889 0.006966 0.000010 0.632019 0.000010 0.034607 0.183288 0.000010 0.000010 0.009191
0.000010 0.000010 0.000010 0.000010 0.000010 0.999910 0.000010 0.000010 0.000010 0.000010
0.000010 0.000010 0.881881 0.000010 0.051397 0.000010 0.000010 0.066652 0.000010 0.000010
0.036279 0.007099 0.257885 0.000010 0.452266 0.000010 0.000010 0.000010 0.246420 0.000010
0.014660 0.000010 0.000010 0.000010 0.000010 0.117762 0.776322 0.091196 0.000010 0.000010
0.000010 0.005688 0.521854 0.000010 0.014172 0.058720 0.000010 0.000010 0.399515 0.000010
0.053800 0.050277 0.000010 0.045354 0.000010 0.010260 0.840259 0.000010 0.000010 0.000010
0.000010 0.000010 0.340470 0.000010 0.270578 0.000010 0.000010 0.000010 0.388881 0.000010
0.034477 0.000010 0.371429 0.000010 0.278796 0.005609 0.000010 0.000010 0.309640 0.000010
0.000010 0.000010 0.408456 0.019226 0.415970 0.000010 0.000010 0.000010 0.108444 0.047854
0.043807 0.017500 0.390460 0.236141 0.000010 0.000010 0.039893 0.178493 0.083145 0.010543
0.000010 0.000010 0.370348 0.048930 0.580652 0.000010 0.000010 0.000010 0.000010 0.000010
0.018493 0.024465 0.623577 0.001375 0.332041 0.000010 0.000010 0.000010 0.000010 0.000010
0.003722 0.000010 0.000010 0.500043 0.309418 0.000010 0.132340 0.000010 0.054427 0.000010
0.000010 0.000010 0.000010 0.188725 0.000010 0.000010 0.149820 0.000010 0.000010 0.661385
0.056148 0.024349 0.000010 0.456021 0.280081 0.008821 0.131729 0.042821 0.000010 0.000010
0.000010 0.000010 0.000010 0.000010 0.000010 0.000010 0.000010 0.000010 0.000010 0.999910
0.000010 0.000010 0.000010 0.000010 0.000010 0.000010 0.000010 0.000010 0.000010 0.999910
0.002512 0.017878 0.089732 0.305142 0.109660 0.000010 0.060945 0.000010 0.072658 0.341453
0.000010 0.000010 0.000010 0.000010 0.000010 0.000010 0.099654 0.000010 0.000010 0.900266
0.000010 0.000010 0.152787 0.000010 0.838140 0.009003 0.000010 0.000010 0.000010 0.000010
0.002994 0.000010 0.417698 0.000010 0.000011 0.000010 0.000010 0.004678 0.396172 0.178408
0.006968 0.000010 0.348089 0.024083 0.419633 0.000010 0.000010 0.000010 0.187276 0.013910
0.000010 0.000010 0.000010 0.000010 0.552184 0.000010 0.367637 0.000010 0.000010 0.080108
0.000010 0.000010 0.000010 0.000010 0.000010 0.000010 0.894832 0.000010 0.000010 0.105088
0.002633 0.000010 0.412466 0.000010 0.019404 0.000010 0.000010 0.062618 0.258933 0.243905
0.000010 0.012605 0.081534 0.000010 0.905791 0.000010 0.000010 0.000010 0.000010 0.000010
0.000010 0.000010 0.000010 0.019590 0.000010 0.345557 0.000010 0.634783 0.000010 0.000010
0.046108 0.005621 0.000010 0.000010 0.000010 0.753132 0.023694 0.143590 0.027815 0.000010
0.000010 0.000010 0.000010 0.393433 0.316113 0.000010 0.000010 0.000010 0.210710 0.079685
0.013217 0.000010 0.000010 0.000010 0.000010 0.730770 0.000010 0.255943 0.000010 0.000010
0.007016 0.049528 0.028728 0.000010 0.000010 0.751653 0.000010 0.141580 0.000010 0.021455
0.000010 0.000010 0.138084 0.000010 0.000010 0.152392 0.148569 0.534275 0.026631 0.000010
0.000010 0.000010 0.000010 0.000010 0.000010 0.000010 0.902163 0.000010 0.002359 0.095408
0.000010 0.023844 0.000010 0.077176 0.000010 0.460966 0.000010 0.437954 0.000010 0.000010
0.022848 0.000010 0.072473 0.026212 0.000010 0.708276 0.000010 0.131776 0.038375 0.000010
0.000010 0.038411 0.000010 0.036780 0.000010 0.640531 0.000010 0.284218 0.000010 0.000010
0.000010 0.030994 0.545637 0.000010 0.000010 0.004294 0.000010 0.000010 0.318369 0.100657
0.000010 0.000010 0.735002 0.000010 0.000010 0.088154 0.000010 0.000010 0.162682 0.014102
0.000010 0.000010 0.254542 0.399740 0.073180 0.183383 0.089105 0.000010 0.000010 0.000010
0.000010 0.014327 0.214975 0.071506 0.288910 0.000010 0.000010 0.000010 0.284569 0.125673
0.000010 0.000010 0.000010 0.000010 0.000010 0.457722 0.000010 0.542198 0.000010 0.000010
0.043471 0.013490 0.227584 0.165722 0.425406 0.000010 0.058096 0.066202 0.000010 0.000010
0.000010 0.032017 0.000010 0.094840 0.000010 0.824279 0.000010 0.023417 0.000010 0.025397
0.001883 0.000010 0.000010 0.000010 0.000010 0.489365 0.052330 0.361596 0.000010 0.094777
0.000010 0.017329 0.225250 0.000010 0.264046 0.000010 0.040983 0.025463 0.408802 0.018096
0.000010 0.000010 0.699269 0.000010 0.000010 0.000010 0.000010 0.000010 0.000010 0.300651
0.054117 0.000010 0.092877 0.000010 0.000010 0.671987 0.000010 0.180960 0.000010 0.000010
0.000010 0.000010 0.506225 0.062838 0.000010 0.000010 0.000010 0.000010 0.268218 0.162659
0.000010 0.010767 0.257395 0.643505 0.000010 0.088274 0.000010 0.000010 0.000010 0.000010
0.000010 0.000010 0.000010 0.000010 0.000010 0.385804 0.000010 0.614116 0.000010 0.000010
0.038367 0.003881 0.098018 0.000010 0.000010 0.637085 0.023863 0.175076 0.000010 0.023679
0.000010 0.000010 0.000010 0.000010 0.000010 0.999910 0.000010 0.000010 0.000010 0.000010
0.000010 0.017760 0.000010 0.128998 0.584788 0.000010 0.075380 0.038291 0.000010 0.154744
0.000010 0.000010 0.000010 0.999910 0.000010 0.000010 0.000010 0.000010 0.000010 0.000010
0.000010 0.000010 0.000010 0.000010 0.139203 0.000010 0.398733 0.000010 0.187478 0.274526
0.000010 0.000010 0.223637 0.201896 0.207186 0.055198 0.066482 0.059349 0.186221 0.000010
0.031016 0.000010 0.000010 0.028718 0.000010 0.230789 0.052567 0.565698 0.091172 0.000010
0.000010 0.000010 0.000010 0.000010 0.000010 0.525827 0.000010 0.358534 0.000010 0.115569
0.088022 0.000010 0.000010 0.000010 0.000010 0.075769 0.000010 0.701688 0.000010 0.134461
0.000010 0.027957 0.000010 0.000010 0.000010 0.404679 0.000010 0.453078 0.000010 0.114227
0.000010 0.000010 0.377628 0.000010 0.000010 0.029642 0.000010 0.000010 0.160360 0.432310
0.000010 0.000010 0.000010 0.669897 0.000010 0.000010 0.000010 0.284474 0.000010 0.045559
0.000017 0.021329 0.051233 0.019404 0.152772 0.000010 0.000010 0.000010 0.755206 0.000010
0.073357 0.047677 0.080969 0.000010 0.005970 0.000010 0.000010 0.030487 0.751431 0.010079
0.000010 0.000010 0.000010 0.000010 0.068031 0.000010 0.040149 0.000010 0.757041 0.134718
0.105579 0.048965 0.000010 0.439166 0.032394 0.094645 0.229158 0.000010 0.050063 0.000010
0.000010 0.000010 0.000010 0.000010 0.000010 0.780345 0.000010 0.179258 0.000010 0.040326
0.035867 0.062327 0.000010 0.602994 0.000010 0.000010 0.298751 0.000010 0.000010 0.000010
0.000010 0.036619 0.000010 0.437573 0.000010 0.000010 0.294752 0.039093 0.060230 0.131693
0.000010 0.041135 0.048581 0.000010 0.009096 0.295613 0.016756 0.523206 0.058729 0.006865
0.000010 0.000010 0.000010 0.000010 0.000010 0.145825 0.000010 0.794512 0.000010 0.059593
0.000010 0.000010 0.016401 0.000010 0.000010 0.983519 0.000010 0.000010 0.000010 0.000010
0.000010 0.074337 0.000010 0.000010 0.000010 0.229627 0.000010 0.588089 0.107888 0.000010
0.000010 0.000010 0.132073 0.005204 0.160929 0.000010 0.000010 0.000010 0.701735 0.000010
0.000010 0.000010 0.144208 0.000010 0.226984 0.000010 0.000010 0.000010 0.628738 0.000010
0.008032 0.000010 0.033929 0.000010 0.188871 0.000010 0.000010 0.057572 0.711546 0.000010
0.000010 0.000010 0.004530 0.000010 0.000010 0.116575 0.000010 0.878825 0.000010 0.000010
0.003789 0.000010 0.000010 0.000010 0.000010 0.000010 0.000010 0.000010 0.996131 0.000010
0.044858 0.000010 0.000010 0.000561 0.229047 0.000010 0.000010 0.019132 0.694294 0.012068
0.000010 0.002635 0.237343 0.000010 0.521163 0.000010 0.000010 0.000010 0.218580 0.020230
0.001141 0.000010 0.039585 0.000010 0.000010 0.328865 0.000010 0.630349 0.000010 0.000010
0.000010 0.000010 0.000010 0.000010 0.000010 0.919983 0.000010 0.079937 0.000010 0.000010
0.000010 0.000010 0.000010 0.000010 0.021484 0.077801 0.000010 0.826790 0.000010 0.073865
0.000010 0.000010 0.099375 0.000010 0.000010 0.311976 0.000010 0.577357 0.011232 0.000010
0.000010 0.000010 0.000010 0.026808 0.040415 0.291822 0.000010 0.582344 0.000010 0.058561
0.000010 0.022439 0.038391 0.079307 0.000010 0.334514 0.000010 0.522116 0.003193 0.000010
0.000010 0.001140 0.000010 0.000010 0.000010 0.389028 0.000010 0.609762 0.000010 0.000010
0.033209 0.030287 0.000010 0.000010 0.001131 0.245892 0.000010 0.617261 0.000010 0.072180
0.000010 0.032006 0.402798 0.000010 0.162718 0.020836 0.250720 0.000010 0.000010 0.130882
0.000010 0.000010 0.000010 0.000010 0.819474 0.000010 0.000010 0.000010 0.180446 0.000010
0.000010 0.034194 0.018309 0.000010 0.027264 0.224024 0.000010 0.682806 0.000010 0.013363
0.076495 0.022203 0.000010 0.000010 0.000010 0.144789 0.000010 0.694076 0.000010 0.062387
0.000010 0.000010 0.000010 0.000010 0.082714 0.131659 0.000010 0.000010 0.766247 0.019321
0.000010 0.010058 0.000010 0.000010 0.105996 0.000010 0.000010 0.000010 0.737648 0.146237
0.000010 0.029654 0.000010 0.000010 0.241444 0.000010 0.000010 0.000010 0.728832 0.000010
0.000010 0.027014 0.164647 0.000010 0.000010 0.348854 0.160672 0.259320 0.000010 0.039454
0.000010 0.000010 0.706832 0.000010 0.106708 0.000010 0.000010 0.000010 0.000010 0.186390
0.018029 0.000010 0.753355 0.000010 0.210447 0.000010 0.000010 0.000010 0.000010 0.018109
0.060338 0.000010 0.000010 0.000010 0.000010 0.680092 0.012264 0.229275 0.017982 0.000010
0.223079 0.000010 0.279077 0.157818 0.137772 0.191327 0.000010 0.000010 0.010886 0.000010
0.060041 0.000010 0.441407 0.123792 0.327599 0.034348 0.000010 0.000010 0.012773 0.000010
0.000010 0.000010 0.000010 0.000010 0.000010 0.905539 0.000010 0.094381 0.000010 0.000010
0.030209 0.000010 0.000010 0.213958 0.000010 0.048030 0.000010 0.000010 0.000010 0.707743
0.000010 0.000010 0.102111 0.094409 0.108623 0.000010 0.000010 0.000010 0.475626 0.219181
0.000010 0.000010 0.142923 0.064441 0.000010 0.000010 0.000010 0.000010 0.000010 0.792566
0.000010 0.000010 0.000010 0.000010 0.811105 0.000010 0.188815 0.000010 0.000010 0.000010
0.000010 0.000010 0.000010 0.649246 0.000010 0.000010 0.000010 0.350674 0.000010 0.000010
0.061970 0.000010 0.589200 0.093469 0.065950 0.000010 0.015943 0.000010 0.173429 0.000010
0.000010 0.037997 0.000010 0.217649 0.127917 0.049580 0.217477 0.166296 0.029123 0.153941
0.000010 0.000010 0.825106 0.000010 0.000010 0.000010 0.000010 0.000010 0.174814 0.000010
0.000010 0.000010 0.073232 0.641648 0.108793 0.000010 0.022491 0.000010 0.153786 0.000010
0.045089 0.000010 0.000010 0.023641 0.000010 0.907706 0.023504 0.000010 0.000010 0.000010
0.113913 0.057332 0.611279 0.007560 0.077741 0.000010 0.019719 0.000010 0.112426 0.000010
0.000010 0.000010 0.000010 0.000010 0.000010 0.000010 0.000010 0.000010 0.000010 0.999910
0.000010 0.127725 0.000010 0.000010 0.000010 0.000010 0.000010 0.068245 0.000010 0.803960
0.000010 0.005748 0.007618 0.000010 0.000010 0.176301 0.650355 0.158684 0.000010 0.001255
0.040267 0.000010 0.561947 0.100899 0.068753 0.000010 0.069505 0.066219 0.092380 0.000010
0.000010 0.000010 0.442008 0.000010 0.000010 0.129391 0.064548 0.000010 0.206598 0.157405
0.022082 0.000010 0.324353 0.000010 0.000010 0.072107 0.080529 0.002923 0.322963 0.175013
0.000010 0.000010 0.634766 0.000010 0.365154 0.000010 0.000010 0.000010 0.000010 0.000010
0.000010 0.000010 0.290125 0.391600 0.318206 0.000010 0.000010 0.000010 0.000010 0.000010
0.017187 0.000010 0.050133 0.549260 0.269027 0.000010 0.000010 0.000010 0.114344 0.000010
0.000010 0.000010 0.518102 0.000010 0.481818 0.000010 0.000010 0.000010 0.000010 0.000010
0.000010 0.000010 0.651077 0.000010 0.348843 0.000010 0.000010 0.000010 0.000010 0.000010
0.000010 0.014905 0.625241 0.107984 0.251810 0.000010 0.000010 0.000010 0.000010 0.000010
0.000010 0.000010 0.651902 0.000010 0.000010 0.000010 0.000010 0.000010 0.072452 0.275576
0.063955 0.000010 0.638005 0.000010 0.242083 0.000010 0.055897 0.000010 0.000010 0.000010
0.000010 0.000010 0.000010 0.000010 0.000010 0.000010 0.000010 0.000010 0.000010 0.999910
0.018857 0.000010 0.474434 0.000010 0.053610 0.028263 0.000010 0.000010 0.236225 0.188570
0.000010 0.020360 0.649358 0.062334 0.000010 0.098361 0.000010 0.000010 0.000010 0.169537
0.000010 0.000010 0.649602 0.000010 0.000010 0.082164 0.000010 0.000010 0.100059 0.168115
0.010520 0.046584 0.730458 0.026174 0.000010 0.067226 0.000010 0.076326 0.042681 0.000010
0.000010 0.000010 0.046197 0.189519 0.000010 0.000010 0.131593 0.444494 0.000010 0.188147
0.000010 0.015761 0.527399 0.000010 0.000010 0.000010 0.000010 0.000010 0.429115 0.027665
0.000010 0.000010 0.532554 0.000010 0.044592 0.014330 0.000010 0.000010 0.235513 0.172961
0.000010 0.000010 0.408360 0.042402 0.000010 0.000010 0.134273 0.000010 0.254762 0.160153
0.000010 0.000010 0.200723 0.000010 0.000010 0.000010 0.144282 0.517588 0.000010 0.137347
0.000010 0.007476 0.124550 0.002973 0.697526 0.000010 0.000010 0.016831 0.075486 0.075128
0.000010 0.000010 0.015210 0.000010 0.692290 0.000010 0.013574 0.029604 0.000010 0.249272
0.057768 0.000010 0.050972 0.037757 0.115829 0.000010 0.210428 0.000010 0.119633 0.407585
0.007252 0.020729 0.343847 0.072493 0.000010 0.000010 0.047336 0.008250 0.377297 0.122775
0.032988 0.000010 0.000010 0.015757 0.021323 0.600926 0.061584 0.267382 0.000010 0.000010
0.053636 0.000010 0.041428 0.000010 0.006557 0.613293 0.000010 0.285037 0.000010 0.000010
0.094861 0.000010 0.133269 0.053577 0.482722 0.015709 0.079537 0.000010 0.000010 0.140296
0.000010 0.027870 0.000010 0.000010 0.016843 0.389875 0.020234 0.513928 0.031210 0.000010
0.040118 0.044793 0.144227 0.001450 0.000010 0.000010 0.000010 0.626629 0.000010 0.142744
0.000010 0.000010 0.090150 0.000010 0.663834 0.000010 0.000010 0.000010 0.000010 0.245946
0.014611 0.004684 0.000010 0.084331 0.000010 0.000010 0.094038 0.750728 0.051568 0.000010
0.039540 0.000010 0.283154 0.326888 0.114215 0.066743 0.000010 0.144383 0.010040 0.015016
0.000010 0.000010 0.512045 0.000010 0.121812 0.000010 0.000010 0.000010 0.225375 0.140708
0.042723 0.000010 0.022895 0.478760 0.043862 0.000010 0.050927 0.000010 0.060351 0.300452
0.072482 0.000010 0.000010 0.012931 0.019342 0.000010 0.000010 0.690465 0.076664 0.128077
0.000010 0.000010 0.707971 0.144561 0.079254 0.000010 0.000010 0.000010 0.068154 0.000010
0.000010 0.000010 0.664356 0.000010 0.202860 0.000010 0.064092 0.027742 0.040901 0.000010
0.000010 0.000010 0.346586 0.000010 0.368078 0.000010 0.000010 0.000010 0.285267 0.000010
0.017950 0.019797 0.382588 0.073872 0.034690 0.011260 0.000010 0.000010 0.434506 0.025317
0.000010 0.000010 0.006926 0.000010 0.204366 0.000010 0.000010 0.000010 0.745982 0.042667
0.002731 0.000010 0.461113 0.054499 0.142819 0.000018 0.000013 0.000010 0.212944 0.125842
0.000010 0.000010 0.269074 0.041447 0.062438 0.000010 0.000010 0.137211 0.295737 0.194052
0.000010 0.047493 0.483195 0.004365 0.243779 0.017288 0.030026 0.054787 0.119047 0.000010
0.000010 0.000010 0.000010 0.000010 0.235558 0.000010 0.000010 0.000010 0.722597 0.041775
0.013192 0.000010 0.039599 0.000010 0.059870 0.000010 0.000010 0.012002 0.875286 0.000010
0.024816 0.000010 0.010646 0.169188 0.000010 0.035627 0.032670 0.621302 0.028555 0.077175
0.000010 0.000010 0.000010 0.000010 0.055485 0.000010 0.089926 0.582294 0.120947 0.151297
