0.000010 0.280760 0.036745 0.000010 0.000010 0.000010 0.003148 0.000010 0.000010 0.000010 0.000010 0.000010 0.000010 0.000010 0.000010 0.000010 0.628421 0.050795
0.000010 0.000010 0.000010 0.000010 0.082755 0.000010 0.087068 0.000010 0.000010 0.000010 0.012704 0.000010 0.000010 0.000010 0.713070 0.060707 0.000010 0.043576
0.000010 0.000010 0.000010 0.496654 0.000010 0.000010 0.000010 0.000010 0.000010 0.000010 0.000010 0.000010 0.000010 0.000010 0.000010 0.503186 0.000010 0.000010
0.000010 0.000010 0.000010 0.000010 0.882055 0.000010 0.117785 0.000010 0.000010 0.000010 0.000010 0.000010 0.000010 0.000010 0.000010 0.000010 0.000010 0.000010
0.000010 0.000010 0.000010 0.000010 0.999830 0.000010 0.000010 0.000010 0.000010 0.000010 0.000010 0.000010 0.000010 0.000010 0.000010 0.000010 0.000010 0.000010
0.365776 0.000010 0.000010 0.131414 0.275963 0.000010 0.000010 0.000010 0.000010 0.000010 0.096718 0.000010 0.000010 0.000010 0.021965 0.108045 0.000010 0.000010
0.360170 0.000010 0.000010 0.001303 0.000010 0.000010 0.000010 0.000010 0.000010 0.000010 0.000010 0.000010 0.000010 0.000010 0.000010 0.345755 0.292632 0.000010
0.234565 0.000010 0.000010 0.290569 0.024446 0.000010 0.104701 0.000010 0.047027 0.000010 0.000010 0.051668 0.000010 0.000010 0.000010 0.246914 0.000010 0.000010
0.000010 0.000010 0.000010 0.000010 0.000010 0.000010 0.000010 0.000010 0.000010 0.000010 0.000010 0.999830 0.000010 0.000010 0.000010 0.000010 0.000010 0.000010
0.000010 0.000010 0.021073 0.004003 0.000010 0.064920 0.002765 0.000010 0.000010 0.000010 0.000010 0.412993 0.111174 0.000010 0.000010 0.270381 0.112591 0.000010
0.000010 0.000010 0.000010 0.000010 0.000010 0.999830 0.000010 0.000010 0.000010 0.000010 0.000010 0.000010 0.000010 0.000010 0.000010 0.000010 0.000010 0.000010
0.000010 0.000010 0.000010 0.000010 0.000013 0.999827 0.000010 0.000010 0.000010 0.000010 0.000010 0.000010 0.000010 0.000010 0.000010 0.000010 0.000010 0.000010
0.000010 0.000010 0.000010 0.000010 0.000010 0.999830 0.000010 0.000010 0.000010 0.000010 0.000010 0.000010 0.000010 0.000010 0.000010 0.000010 0.000010 0.000010
0.000010 0.000010 0.000010 0.000010 0.000010 0.000010 0.000010 0.000010 0.000010 0.000010 0.000010 0.000010 0.000010 0.000010 0.942684 0.000010 0.057156 0.000010
0.000010 0.000010 0.000010 0.000010 0.385753 0.000010 0.000010 0.000010 0.000010 0.000010 0.000010 0.000010 0.000010 0.000010 0.000010 0.445110 0.168987 0.000010
0.000010 0.000010 0.999830 0.000010 0.000010 0.000010 0.000010 0.000010 0.000010 0.000010 0.000010 0.000010 0.000010 0.000010 0.000010 0.000010 0.000010 0.000010
0.153866 0.000010 0.549790 0.217718 0.000010 0.000010 0.000010 0.000010 0.000010 0.000010 0.000010 0.000010 0.068830 0.000010 0.000010 0.000010 0.009666 0.000010
0.999830 0.000010 0.000010 0.000010 0.000010 0.000010 0.000010 0.000010 0.000010 0.000010 0.000010 0.000010 0.000010 0.000010 0.000010 0.000010 0.000010 0.000010
0.000010 0.000010 0.000010 0.000010 0.000010 0.000010 0.000010 0.000010 0.000010 0.000010 0.000010 0.999830 0.000010 0.000010 0.000010 0.000010 0.000010 0.000010
0.000010 0.000010 0.000010 0.000010 0.000010 0.000010 0.000010 0.000010 0.000010 0.000010 0.000010 0.999830 0.000010 0.000010 0.000010 0.000010 0.000010 0.000010
0.000010 0.000010 0.000010 0.215121 0.217650 0.000010 0.032537 0.000010 0.000010 0.001817 0.000010 0.000010 0.000010 0.000010 0.000010 0.345763 0.186991 0.000010
0.000010 0.000010 0.000010 0.000010 0.000010 0.000010 0.000010 0.000010 0.000010 0.000010 0.000010 0.999830 0.000010 0.000010 0.000010 0.000010 0.000010 0.000010
0.407040 0.000010 0.000010 0.022392 0.159882 0.000010 0.000010 0.048946 0.000010 0.000010 0.000010 0.000010 0.030211 0.000010 0.085623 0.245796 0.000010 0.000010
0.000010 0.000010 0.000010 0.999830 0.000010 0.000010 0.000010 0.000010 0.000010 0.000010 0.000010 0.000010 0.000010 0.000010 0.000010 0.000010 0.000010 0.000010
0.000010 0.000010 0.000010 0.999830 0.000010 0.000010 0.000010 0.000010 0.000010 0.000010 0.000010 0.000010 0.000010 0.000010 0.000010 0.000010 0.000010 0.000010
0.000010 0.000010 0.000010 0.999830 0.000010 0.000010 0.000010 0.000010 0.000010 0.000010 0.000010 0.000010 0.000010 0.000010 0.000010 0.000010 0.000010 0.000010
0.263568 0.000010 0.000010 0.141125 0.274426 0.000010 0.000010 0.000010 0.000010 0.000010 0.000010 0.000010 0.000010 0.000010 0.154043 0.000010 0.166709 0.000010
0.114630 0.000010 0.000010 0.070602 0.273798 0.000010 0.105886 0.000010 0.000010 0.000010 0.050621 0.000010 0.000010 0.000010 0.077728 0.306624 0.000010 0.000010
0.087422 0.000923 0.000010 0.000010 0.000010 0.000010 0.000010 0.026332 0.000010 0.053276 0.000010 0.005931 0.000010 0.000010 0.172341 0.000010 0.000010 0.653665
0.153435 0.000010 0.000010 0.406495 0.191774 0.000010 0.006745 0.000010 0.071937 0.000010 0.000010 0.000010 0.000010 0.000010 0.010141 0.159363 0.000010 0.000010
0.000010 0.000010 0.000010 0.607945 0.000010 0.000010 0.000010 0.000010 0.000010 0.000010 0.000010 0.000010 0.000010 0.000010 0.000010 0.391895 0.000010 0.000010
0.649752 0.000010 0.000010 0.000010 0.000010 0.000010 0.000010 0.000010 0.000010 0.000010 0.000010 0.000010 0.000010 0.000010 0.350088 0.000010 0.000010 0.000010
0.339080 0.000010 0.000010 0.000010 0.000010 0.000010 0.000010 0.000010 0.174814 0.000010 0.000010 0.000010 0.000010 0.000010 0.000010 0.292525 0.193442 0.000010
0.000010 0.000010 0.000010 0.226540 0.535893 0.042853 0.000010 0.000010 0.000010 0.000010 0.061803 0.000010 0.000010 0.000010 0.031170 0.101620 0.000010 0.000010
0.000010 0.000010 0.000010 0.259809 0.328687 0.033508 0.014702 0.000010 0.000010 0.045792 0.000010 0.000010 0.000010 0.000010 0.195893 0.121499 0.000010 0.000010
0.000010 0.018669 0.000010 0.000010 0.119563 0.082692 0.152179 0.000010 0.194019 0.000010 0.061834 0.000010 0.171104 0.124989 0.023786 0.000010 0.000010 0.051085
0.130300 0.000010 0.000010 0.333382 0.118213 0.000010 0.090035 0.000010 0.000010 0.003635 0.000010 0.000010 0.000010 0.000010 0.000010 0.324315 0.000010 0.000010
0.000010 0.000010 0.000010 0.000010 0.000010 0.000010 0.016995 0.000010 0.000010 0.347507 0.000010 0.035312 0.058705 0.110310 0.000010 0.059516 0.000010 0.371546
0.000010 0.000010 0.000010 0.000010 0.000010 0.999830 0.000010 0.000010 0.000010 0.000010 0.000010 0.000010 0.000010 0.000010 0.000010 0.000010 0.000010 0.000010
0.000010 0.000010 0.000010 0.000010 0.000010 0.596976 0.000010 0.000010 0.000010 0.000010 0.000010 0.402864 0.000010 0.000010 0.000010 0.000010 0.000010 0.000010
0.000010 0.000010 0.000010 0.000010 0.000010 0.123407 0.000010 0.000010 0.000010 0.000010 0.000010 0.876433 0.000010 0.000010 0.000010 0.000010 0.000010 0.000010
0.000010 0.000010 0.000010 0.000010 0.000010 0.000010 0.000010 0.000010 0.000010 0.141778 0.000010 0.858062 0.000010 0.000010 0.000010 0.000010 0.000010 0.000010
0.000010 0.000010 0.000010 0.000010 0.000010 0.000010 0.000010 0.000010 0.000010 0.000010 0.000010 0.999830 0.000010 0.000010 0.000010 0.000010 0.000010 0.000010
0.000010 0.000010 0.097673 0.000010 0.000010 0.000010 0.000010 0.000010 0.000010 0.102753 0.000010 0.799424 0.000010 0.000010 0.000010 0.000010 0.000010 0.000010
0.000010 0.000010 0.000010 0.000010 0.000010 0.000010 0.000010 0.000010 0.000010 0.000010 0.000010 0.999830 0.000010 0.000010 0.000010 0.000010 0.000010 0.000010
0.000010 0.000010 0.000010 0.000010 0.000010 0.000010 0.000010 0.000010 0.000010 0.000010 0.000010 0.000010 0.000010 0.000010 0.000010 0.000010 0.999830 0.000010
0.000010 0.000010 0.979768 0.000010 0.000010 0.000010 0.000010 0.000010 0.000010 0.000010 0.000010 0.020072 0.000010 0.000010 0.000010 0.000010 0.000010 0.000010
0.000010 0.000010 0.000010 0.000010 0.000010 0.999830 0.000010 0.000010 0.000010 0.000010 0.000010 0.000010 0.000010 0.000010 0.000010 0.000010 0.000010 0.000010
0.000010 0.000010 0.000010 0.000010 0.655270 0.000010 0.000010 0.000010 0.000010 0.000012 0.000010 0.000010 0.000010 0.000010 0.000010 0.344568 0.000010 0.000010
0.000010 0.000010 0.000010 0.000010 0.000010 0.088475 0.000010 0.000010 0.000010 0.000010 0.000010 0.911360 0.000015 0.000010 0.000010 0.000010 0.000010 0.000010
0.000010 0.225538 0.041006 0.000010 0.000010 0.441934 0.000010 0.000010 0.000010 0.000010 0.139206 0.152187 0.000010 0.000010 0.000010 0.000010 0.000010 0.000010
0.000010 0.000010 0.000010 0.000010 0.000010 0.000010 0.025785 0.000010 0.494813 0.047905 0.000010 0.000010 0.431357 0.000010 0.000010 0.000010 0.000010 0.000010
0.000010 0.023599 0.000010 0.000010 0.000010 0.148744 0.000010 0.000010 0.000010 0.047335 0.000010 0.724252 0.011419 0.004091 0.000010 0.000010 0.000010 0.040450
0.026894 0.848566 0.035461 0.000010 0.000010 0.038506 0.025611 0.000010 0.000010 0.000010 0.000010 0.000010 0.024842 0.000010 0.000010 0.000010 0.000010 0.000010
0.000010 0.000010 0.067993 0.000010 0.000010 0.151942 0.000010 0.000010 0.000010 0.000010 0.000010 0.000010 0.000010 0.000010 0.000010 0.000010 0.000010 0.779915
0.000010 0.000010 0.999830 0.000010 0.000010 0.000010 0.000010 0.000010 0.000010 0.000010 0.000010 0.000010 0.000010 0.000010 0.000010 0.000010 0.000010 0.000010
0.000010 0.000010 0.085039 0.000010 0.025681 0.000010 0.000010 0.024243 0.714230 0.107797 0.000010 0.001443 0.000010 0.000010 0.000010 0.013315 0.000010 0.028153
0.000010 0.000010 0.000010 0.294731 0.113621 0.000010 0.036371 0.000010 0.120621 0.037444 0.000010 0.000010 0.000010 0.015532 0.381570 0.000010 0.000010 0.000010
0.000010 0.000010 0.000010 0.000010 0.000010 0.000010 0.125347 0.000010 0.214544 0.000010 0.242823 0.000010 0.091965 0.000010 0.000010 0.003085 0.000010 0.322115
0.000010 0.167215 0.000010 0.000010 0.000010 0.000010 0.061286 0.000010 0.055628 0.044346 0.000010 0.000010 0.000010 0.000010 0.241871 0.000010 0.227672 0.201871
0.102496 0.000010 0.078447 0.000010 0.000010 0.000010 0.150831 0.000010 0.000010 0.084955 0.000010 0.000010 0.000010 0.000010 0.187019 0.055976 0.051935 0.288241
0.358891 0.000010 0.000010 0.021322 0.000010 0.000010 0.000010 0.007616 0.000010 0.000010 0.034072 0.000010 0.018030 0.000010 0.000010 0.559950 0.000010 0.000010
0.508795 0.000010 0.016008 0.000010 0.425536 0.022876 0.000010 0.000010 0.000010 0.000010 0.000010 0.000010 0.000010 0.000010 0.000010 0.026655 0.000010 0.000010
0.000010 0.000010 0.000010 0.000010 0.000010 0.000010 0.000010 0.000010 0.000010 0.000010 0.000010 0.000010 0.999830 0.000010 0.000010 0.000010 0.000010 0.000010
0.000010 0.000010 0.000010 0.000010 0.000010 0.000010 0.000010 0.000010 0.000010 0.000010 0.000010 0.000010 0.999830 0.000010 0.000010 0.000010 0.000010 0.000010
0.000010 0.894700 0.000010 0.000010 0.000010 0.000010 0.000010 0.000010 0.000010 0.000010 0.000010 0.105140 0.000010 0.000010 0.000010 0.000010 0.000010 0.000010
0.000010 0.439358 0.243409 0.000010 0.007976 0.031069 0.021731 0.049078 0.056181 0.000010 0.012111 0.040639 0.000010 0.000010 0.000010 0.000010 0.006572 0.091805
0.053763 0.000010 0.000010 0.129362 0.000010 0.000010 0.000010 0.000010 0.066989 0.000010 0.000010 0.000010 0.056753 0.052949 0.640065 0.000010 0.000010 0.000010
0.000010 0.999830 0.000010 0.000010 0.000010 0.000010 0.000010 0.000010 0.000010 0.000010 0.000010 0.000010 0.000010 0.000010 0.000010 0.000010 0.000010 0.000010
0.000010 0.436510 0.141270 0.000010 0.000010 0.066645 0.000010 0.000010 0.000010 0.085961 0.000010 0.027356 0.000010 0.091907 0.000010 0.000010 0.150240 0.000010
0.000010 0.000010 0.000010 0.000010 0.000010 0.018170 0.000010 0.000010 0.120814 0.000010 0.000010 0.000010 0.000010 0.000010 0.000010 0.000010 0.000010 0.860866
0.000010 0.537763 0.137133 0.000010 0.000010 0.033043 0.000010 0.000010 0.000010 0.000010 0.000010 0.038938 0.000010 0.006422 0.000010 0.116241 0.032350 0.098010
0.000010 0.000010 0.000010 0.000010 0.000010 0.000010 0.000010 0.000010 0.124591 0.000010 0.000010 0.000010 0.000010 0.000010 0.000010 0.000010 0.193189 0.682069
0.000010 0.048365 0.000010 0.000010 0.000010 0.000010 0.000010 0.000522 0.000010 0.000010 0.000010 0.000010 0.913099 0.000010 0.000010 0.000010 0.000010 0.037874
0.216156 0.000010 0.000010 0.000010 0.000010 0.000010 0.050412 0.000010 0.344139 0.000010 0.000010 0.000010 0.107032 0.000010 0.000010 0.000010 0.000010 0.282132
0.000010 0.014674 0.000010 0.049395 0.033771 0.000010 0.000010 0.016891 0.223935 0.004539 0.005584 0.000010 0.000010 0.000010 0.460365 0.190755 0.000010 0.000010
0.000010 0.534260 0.009218 0.000010 0.000010 0.031093 0.030646 0.042442 0.000010 0.098854 0.000010 0.084261 0.000010 0.020419 0.000010 0.000010 0.074209 0.074520
0.280209 0.000010 0.000010 0.247664 0.000010 0.000010 0.000010 0.000010 0.000010 0.000010 0.000010 0.014469 0.000010 0.000010 0.195376 0.262152 0.000010 0.000010
0.000010 0.000010 0.000010 0.000010 0.999830 0.000010 0.000010 0.000010 0.000010 0.000010 0.000010 0.000010 0.000010 0.000010 0.000010 0.000010 0.000010 0.000010
0.000010 0.000010 0.000010 0.000010 0.257009 0.020042 0.000010 0.000010 0.000010 0.000010 0.000010 0.000010 0.000010 0.000010 0.000010 0.722799 0.000010 0.000010
0.304269 0.000010 0.000010 0.181448 0.000010 0.000010 0.003791 0.000010 0.000010 0.000010 0.000010 0.000010 0.081932 0.000010 0.000010 0.428430 0.000010 0.000010
0.461564 0.000010 0.000010 0.000010 0.538276 0.000010 0.000010 0.000010 0.000010 0.000010 0.000010 0.000010 0.000010 0.000010 0.000010 0.000010 0.000010 0.000010
0.479057 0.000010 0.000010 0.000010 0.053092 0.000010 0.000010 0.041738 0.000010 0.000010 0.000010 0.000010 0.000010 0.000010 0.097857 0.328127 0.000010 0.000010
0.000010 0.000010 0.000010 0.000010 0.000010 0.000010 0.000010 0.000010 0.336508 0.000010 0.000010 0.000010 0.663332 0.000010 0.000010 0.000010 0.000010 0.000010
0.000010 0.000010 0.000010 0.000010 0.000010 0.999830 0.000010 0.000010 0.000010 0.000010 0.000010 0.000010 0.000010 0.000010 0.000010 0.000010 0.000010 0.000010
0.081442 0.271960 0.000010 0.000010 0.000010 0.000010 0.011173 0.121954 0.000010 0.000010 0.000010 0.000010 0.075002 0.438348 0.000010 0.000010 0.000010 0.000010
0.000010 0.000010 0.000010 0.000010 0.000010 0.092181 0.000010 0.000010 0.000010 0.000010 0.000010 0.907659 0.000010 0.000010 0.000010 0.000010 0.000010 0.000010
0.000010 0.000010 0.000010 0.000010 0.000010 0.000010 0.000010 0.000010 0.000010 0.000010 0.000010 0.999830 0.000010 0.000010 0.000010 0.000010 0.000010 0.000010
0.000010 0.000010 0.000010 0.000010 0.000010 0.000010 0.000010 0.000010 0.000010 0.000010 0.000010 0.999830 0.000010 0.000010 0.000010 0.000010 0.000010 0.000010
0.000010 0.000010 0.999830 0.000010 0.000010 0.000010 0.000010 0.000010 0.000010 0.000010 0.000010 0.000010 0.000010 0.000010 0.000010 0.000010 0.000010 0.000010
0.000010 0.000010 0.000011 0.000010 0.000010 0.000010 0.000010 0.000010 0.000010 0.034337 0.000010 0.000010 0.965503 0.000010 0.000010 0.000010 0.000010 0.000010
0.000010 0.000010 0.000010 0.000010 0.000010 0.000010 0.000010 0.000010 0.000010 0.000010 0.000010 0.000010 0.930892 0.000010 0.068948 0.000010 0.000010 0.000010
0.299384 0.000010 0.000010 0.268899 0.166399 0.000010 0.000010 0.000010 0.000010 0.000010 0.000010 0.000010 0.000010 0.000010 0.201648 0.045735 0.017815 0.000010
0.114870 0.000010 0.000010 0.000010 0.000010 0.000010 0.000010 0.000010 0.000010 0.000010 0.000010 0.000010 0.000010 0.584793 0.000010 0.000010 0.000010 0.300187
0.000010 0.000010 0.000010 0.000010 0.285083 0.000010 0.000010 0.000010 0.000010 0.000010 0.000010 0.000010 0.000010 0.000010 0.000010 0.000010 0.000010 0.714757
0.000010 0.000010 0.000010 0.000010 0.000010 0.000010 0.000010 0.109610 0.000010 0.000010 0.000010 0.050476 0.792627 0.000010 0.000010 0.000010 0.000010 0.047147
0.000010 0.000010 0.000010 0.000010 0.000010 0.000010 0.000010 0.000010 0.000010 0.000010 0.999830 0.000010 0.000010 0.000010 0.000010 0.000010 0.000010 0.000010
0.000010 0.042337 0.000010 0.000010 0.099141 0.000010 0.023700 0.000010 0.032115 0.000010 0.123944 0.077630 0.051764 0.000010 0.328056 0.109699 0.048671 0.062872
0.106259 0.000010 0.000010 0.000010 0.000010 0.000010 0.000010 0.000010 0.000010 0.000010 0.224875 0.000010 0.668716 0.000010 0.000010 0.000010 0.000010 0.000010
0.000010 0.000010 0.660740 0.000010 0.094191 0.000010 0.000010 0.000010 0.000010 0.000010 0.086976 0.000010 0.000010 0.000010 0.128079 0.000010 0.029885 0.000010
0.000010 0.000010 0.000010 0.000010 0.000010 0.000010 0.000010 0.000010 0.168360 0.000010 0.272285 0.000010 0.473865 0.000010 0.085349 0.000010 0.000010 0.000010
0.071883 0.000010 0.019113 0.000010 0.112544 0.000010 0.112468 0.000010 0.029604 0.000010 0.078139 0.000010 0.036388 0.000010 0.400317 0.139453 0.000010 0.000010
0.000010 0.000010 0.000010 0.000010 0.000010 0.000010 0.000010 0.000010 0.354359 0.068414 0.000010 0.000010 0.400821 0.000010 0.100923 0.000010 0.075354 0.000010
0.000010 0.000010 0.003974 0.000010 0.000010 0.000010 0.088558 0.000010 0.000010 0.000010 0.000010 0.010645 0.659589 0.000010 0.000010 0.000010 0.000010 0.237103
0.000010 0.669946 0.060810 0.000010 0.000010 0.051252 0.000010 0.000010 0.000010 0.055010 0.000010 0.000010 0.000010 0.000010 0.000010 0.039317 0.082368 0.041188
0.000010 0.000010 0.000010 0.000010 0.000010 0.000010 0.000010 0.000010 0.000010 0.074619 0.032375 0.000010 0.019890 0.000010 0.000010 0.000010 0.000010 0.872976
0.112288 0.000010 0.000010 0.000010 0.212543 0.000010 0.040873 0.041200 0.076749 0.000010 0.000010 0.000010 0.000010 0.000010 0.000010 0.516227 0.000010 0.000010
0.000010 0.000010 0.000010 0.000950 0.042324 0.000010 0.000010 0.000010 0.000010 0.000010 0.000010 0.000010 0.000010 0.000010 0.000010 0.956575 0.000010 0.000010
0.000010 0.715099 0.000010 0.005531 0.000010 0.000010 0.000010 0.000010 0.000010 0.000010 0.000010 0.017416 0.000010 0.261815 0.000010 0.000010 0.000010 0.000010
0.000010 0.081995 0.000010 0.000010 0.079011 0.033131 0.000010 0.000010 0.078757 0.000010 0.000010 0.000010 0.000010 0.606156 0.000010 0.000010 0.000010 0.120830
0.000010 0.000010 0.000010 0.000010 0.000010 0.000010 0.000010 0.889379 0.052531 0.000010 0.000010 0.000010 0.000010 0.000010 0.000010 0.032784 0.000010 0.025165
0.000010 0.000010 0.000010 0.000010 0.000010 0.000010 0.046870 0.952970 0.000010 0.000010 0.000010 0.000010 0.000010 0.000010 0.000010 0.000010 0.000010 0.000010
0.000010 0.000010 0.999830 0.000010 0.000010 0.000010 0.000010 0.000010 0.000010 0.000010 0.000010 0.000010 0.000010 0.000010 0.000010 0.000010 0.000010 0.000010
0.000010 0.000010 0.000010 0.060495 0.087312 0.088009 0.060549 0.000010 0.000010 0.051400 0.029137 0.000010 0.093228 0.000010 0.495931 0.000010 0.033848 0.000010
0.000010 0.201537 0.000010 0.000010 0.051941 0.036346 0.000010 0.000010 0.000010 0.000010 0.146093 0.041128 0.444028 0.000010 0.072530 0.000010 0.005904 0.000403
0.443444 0.000010 0.000010 0.144575 0.001001 0.000010 0.000010 0.000010 0.000010 0.000010 0.000010 0.000010 0.000010 0.000010 0.000010 0.192148 0.218702 0.000010
0.000010 0.000010 0.000010 0.000010 0.073078 0.000010 0.000010 0.000010 0.174104 0.000010 0.366115 0.023243 0.000010 0.000010 0.000010 0.000010 0.000010 0.363329
0.000010 0.000010 0.000010 0.000010 0.000010 0.000010 0.000010 0.000010 0.000010 0.000010 0.000010 0.000010 0.000010 0.000010 0.000010 0.999830 0.000010 0.000010
0.155597 0.000010 0.000010 0.377356 0.177601 0.000010 0.000010 0.028546 0.070717 0.010437 0.000010 0.000010 0.009838 0.000010 0.000010 0.046587 0.123231 0.000010
0.000010 0.000010 0.000010 0.000010 0.000010 0.000010 0.000010 0.999830 0.000010 0.000010 0.000010 0.000010 0.000010 0.000010 0.000010 0.000010 0.000010 0.000010
0.000010 0.000010 0.000010 0.132777 0.000010 0.000010 0.000010 0.000010 0.344233 0.000010 0.000010 0.000010 0.000010 0.000010 0.182981 0.000010 0.000010 0.339869
0.000010 0.000010 0.000010 0.000010 0.000010 0.000010 0.000010 0.999830 0.000010 0.000010 0.000010 0.000010 0.000010 0.000010 0.000010 0.000010 0.000010 0.000010
0.000010 0.000010 0.000010 0.000010 0.000010 0.000010 0.000010 0.999830 0.000010 0.000010 0.000010 0.000010 0.000010 0.000010 0.000010 0.000010 0.000010 0.000010
0.000010 0.000010 0.000010 0.000010 0.000010 0.000010 0.000010 0.865915 0.076122 0.000010 0.000010 0.000010 0.000010 0.057814 0.000010 0.000010 0.000010 0.000010
0.000010 0.000010 0.000010 0.000010 0.000010 0.000010 0.001531 0.000010 0.224482 0.165310 0.000010 0.048773 0.069049 0.000010 0.019895 0.082869 0.000010 0.387990
0.140367 0.000010 0.000010 0.259346 0.183910 0.000010 0.015432 0.000010 0.000010 0.098763 0.000010 0.000010 0.000010 0.000010 0.000010 0.083562 0.218510 0.000010
0.000010 0.000010 0.000010 0.999830 0.000010 0.000010 0.000010 0.000010 0.000010 0.000010 0.000010 0.000010 0.000010 0.000010 0.000010 0.000010 0.000010 0.000010
0.000010 0.055479 0.000010 0.073994 0.205759 0.000010 0.000010 0.000010 0.000010 0.071770 0.000010 0.000010 0.000010 0.256708 0.000010 0.000010 0.000010 0.336170
0.000010 0.071296 0.074371 0.058843 0.000010 0.000010 0.000010 0.000010 0.000010 0.000010 0.000010 0.047370 0.000010 0.315514 0.000010 0.000010 0.025208 0.407289
0.000010 0.131432 0.124398 0.000010 0.093294 0.000010 0.000010 0.000010 0.098025 0.022463 0.053585 0.000010 0.000010 0.000010 0.276241 0.091564 0.108907 0.000010
0.446832 0.000010 0.000010 0.115268 0.082815 0.000010 0.000010 0.008179 0.000010 0.000010 0.000010 0.000010 0.087262 0.000010 0.000010 0.035781 0.223753 0.000010
0.000010 0.000010 0.000010 0.000010 0.000010 0.000010 0.000010 0.000010 0.000010 0.456468 0.000010 0.000010 0.000010 0.000010 0.000010 0.000010 0.000010 0.543372
0.000010 0.000010 0.000010 0.000010 0.000010 0.000010 0.000010 0.000010 0.000010 0.231141 0.000010 0.234189 0.000010 0.000010 0.000010 0.000010 0.000010 0.534521
0.000010 0.000010 0.000010 0.000010 0.000010 0.000010 0.000010 0.000010 0.000010 0.999830 0.000010 0.000010 0.000010 0.000010 0.000010 0.000010 0.000010 0.000010
0.999830 0.000010 0.000010 0.000010 0.000010 0.000010 0.000010 0.000010 0.000010 0.000010 0.000010 0.000010 0.000010 0.000010 0.000010 0.000010 0.000010 0.000010
0.896208 0.000010 0.000010 0.000010 0.000010 0.000010 0.000010 0.000010 0.000010 0.000010 0.000010 0.000010 0.000010 0.000010 0.000010 0.000010 0.103632 0.000010
0.364441 0.000010 0.000010 0.109186 0.037242 0.000010 0.030505 0.047938 0.096828 0.000010 0.000010 0.000010 0.000010 0.000010 0.245403 0.068357 0.000010 0.000010
0.000010 0.000010 0.000010 0.215693 0.000010 0.033614 0.000010 0.000010 0.000010 0.000010 0.000010 0.000011 0.000010 0.000010 0.000010 0.750543 0.000010 0.000010
0.000010 0.000010 0.999830 0.000010 0.000010 0.000010 0.000010 0.000010 0.000010 0.000010 0.000010 0.000010 0.000010 0.000010 0.000010 0.000010 0.000010 0.000010
0.067081 0.000010 0.000010 0.000010 0.000010 0.000010 0.037091 0.000010 0.000010 0.000010 0.895678 0.000010 0.000010 0.000010 0.000010 0.000010 0.000010 0.000010
0.000010 0.187536 0.235910 0.000010 0.100468 0.098937 0.000010 0.000010 0.000010 0.000017 0.001620 0.151093 0.000010 0.000010 0.000010 0.000010 0.224319 0.000010
0.000010 0.103965 0.000010 0.035899 0.125452 0.000010 0.117372 0.000010 0.000010 0.000010 0.067353 0.000010 0.000010 0.000010 0.000010 0.000010 0.549839 0.000010
0.000010 0.540866 0.415083 0.000010 0.000010 0.013709 0.000010 0.000010 0.000010 0.000010 0.000010 0.030202 0.000010 0.000010 0.000010 0.000010 0.000010 0.000010
0.000010 0.897409 0.000014 0.006378 0.000010 0.096059 0.000010 0.000010 0.000010 0.000010 0.000010 0.000010 0.000010 0.000010 0.000010 0.000010 0.000010 0.000010
0.000010 0.710329 0.121398 0.000010 0.000010 0.000010 0.000010 0.000010 0.000010 0.000010 0.019760 0.076354 0.000010 0.000010 0.000010 0.000010 0.000010 0.072030
0.000010 0.768125 0.083678 0.000010 0.000010 0.036934 0.000010 0.000010 0.000010 0.000010 0.073818 0.000010 0.000010 0.000010 0.000010 0.000010 0.000010 0.037315
0.000010 0.094839 0.000010 0.000010 0.000010 0.000010 0.000010 0.000010 0.000010 0.000010 0.000010 0.125017 0.000010 0.000010 0.000010 0.000010 0.000010 0.779993
0.000010 0.000010 0.000010 0.000010 0.000010 0.000010 0.000010 0.999830 0.000010 0.000010 0.000010 0.000010 0.000010 0.000010 0.000010 0.000010 0.000010 0.000010
0.000010 0.000010 0.000010 0.000010 0.000010 0.000010 0.000010 0.000010 0.999830 0.000010 0.000010 0.000010 0.000010 0.000010 0.000010 0.000010 0.000010 0.000010
0.000010 0.000010 0.000010 0.000010 0.396746 0.004553 0.000010 0.000010 0.031921 0.000010 0.323607 0.000010 0.000010 0.000010 0.243043 0.000010 0.000010 0.000010
0.000010 0.810517 0.000010 0.008946 0.000010 0.000010 0.000010 0.087151 0.000010 0.000010 0.000010 0.000981 0.000010 0.092276 0.000010 0.000010 0.000010 0.000010
0.000010 0.000010 0.000010 0.138993 0.000010 0.000010 0.000010 0.024762 0.000014 0.041202 0.000010 0.000010 0.009738 0.000010 0.527891 0.257291 0.000010 0.000010
0.000010 0.696884 0.227604 0.000010 0.000010 0.000010 0.000010 0.000010 0.000010 0.043242 0.000010 0.005981 0.000010 0.000010 0.000010 0.000010 0.000010 0.026160
0.419910 0.000010 0.000010 0.023499 0.000010 0.000010 0.000010 0.000010 0.000010 0.000010 0.197987 0.000010 0.000010 0.000010 0.358464 0.000010 0.000010 0.000010
0.004546 0.000010 0.000010 0.000010 0.208227 0.000010 0.000010 0.000010 0.000010 0.000010 0.145888 0.021589 0.209140 0.000010 0.227954 0.182546 0.000010 0.000010
0.000010 0.000010 0.000010 0.000010 0.000010 0.000010 0.000010 0.000010 0.163128 0.147799 0.259630 0.000010 0.209398 0.000010 0.085549 0.134376 0.000010 0.000010
0.126454 0.000010 0.000010 0.000010 0.000010 0.011197 0.019026 0.000010 0.169093 0.000010 0.000010 0.026046 0.090278 0.174743 0.147173 0.000010 0.000010 0.235900
0.000010 0.000010 0.000010 0.000010 0.176062 0.000010 0.037773 0.000010 0.000010 0.065277 0.261838 0.000010 0.451485 0.000010 0.000010 0.000010 0.000010 0.007445
0.000010 0.000010 0.000010 0.000010 0.099020 0.005569 0.000010 0.000010 0.326208 0.067759 0.015229 0.014817 0.451415 0.000010 0.003928 0.015965 0.000010 0.000010
0.000010 0.000010 0.000010 0.000010 0.356554 0.000010 0.000010 0.000010 0.000010 0.093848 0.000010 0.000010 0.000010 0.000010 0.000010 0.000010 0.000010 0.549447
0.000010 0.000010 0.006280 0.000010 0.000010 0.000010 0.159837 0.000010 0.000010 0.000010 0.000010 0.000010 0.000010 0.000010 0.000010 0.000010 0.617997 0.215746
0.020963 0.063883 0.023645 0.000010 0.015164 0.036648 0.000010 0.004481 0.000010 0.155587 0.175006 0.003861 0.000010 0.036695 0.000010 0.000010 0.000010 0.463998
0.000010 0.000010 0.000010 0.000010 0.000010 0.000010 0.000010 0.000010 0.000010 0.000010 0.000010 0.000010 0.000010 0.000010 0.000010 0.000010 0.999830 0.000010
0.000010 0.000010 0.000010 0.000010 0.000010 0.000010 0.000010 0.000010 0.000010 0.000010 0.000010 0.000010 0.000010 0.000010 0.000010 0.000010 0.999830 0.000010
0.142484 0.000010 0.000010 0.000010 0.000010 0.023630 0.151331 0.000010 0.026393 0.000010 0.058167 0.029360 0.000010 0.000010 0.080685 0.031756 0.128885 0.327230
0.000010 0.000010 0.000010 0.000010 0.000010 0.000010 0.000010 0.000010 0.000010 0.000010 0.000010 0.000010 0.000010 0.000010 0.000010 0.000010 0.999830 0.000010
0.000010 0.000010 0.000010 0.000010 0.000010 0.000010 0.000010 0.000010 0.000010 0.000010 0.653411 0.000010 0.346429 0.000010 0.000010 0.000010 0.000010 0.000010
0.000010 0.000010 0.000010 0.119527 0.143211 0.000010 0.039751 0.000010 0.000010 0.000010 0.000010 0.000010 0.000010 0.000010 0.697371 0.000010 0.000010 0.000010
0.000010 0.000010 0.000010 0.000010 0.343731 0.000010 0.033533 0.000010 0.000010 0.127828 0.106978 0.000010 0.257586 0.000010 0.130224 0.000010 0.000010 0.000010
0.000010 0.328540 0.000010 0.000010 0.000010 0.000010 0.000010 0.000010 0.000010 0.000010 0.671300 0.000010 0.000010 0.000010 0.000010 0.000010 0.000010 0.000010
0.000010 0.999830 0.000010 0.000010 0.000010 0.000010 0.000010 0.000010 0.000010 0.000010 0.000010 0.000010 0.000010 0.000010 0.000010 0.000010 0.000010 0.000010
0.000010 0.000010 0.000010 0.000010 0.175908 0.000010 0.061185 0.000010 0.050927 0.000010 0.000010 0.000010 0.000010 0.042596 0.649780 0.000010 0.019484 0.000010
0.000010 0.000010 0.000010 0.000010 0.000010 0.000010 0.000010 0.000010 0.000010 0.000010 0.999830 0.000010 0.000010 0.000010 0.000010 0.000010 0.000010 0.000010
0.000010 0.000010 0.000010 0.000010 0.000010 0.012883 0.000010 0.262872 0.000010 0.038856 0.000010 0.000010 0.000010 0.683137 0.000010 0.000010 0.000010 0.002123
0.000010 0.000010 0.000010 0.000010 0.000010 0.000010 0.000010 0.717381 0.037503 0.042076 0.000010 0.035394 0.000010 0.167516 0.000010 0.000010 0.000010 0.000010
0.000010 0.000010 0.000010 0.000010 0.000010 0.000010 0.000010 0.000010 0.000010 0.999830 0.000010 0.000010 0.000010 0.000010 0.000010 0.000010 0.000010 0.000010
0.000010 0.000010 0.000010 0.000010 0.011226 0.000010 0.000010 0.683406 0.000010 0.000010 0.000010 0.003783 0.000010 0.301445 0.000010 0.000010 0.000010 0.000010
0.000010 0.000010 0.069292 0.000010 0.000010 0.000010 0.000010 0.651984 0.014976 0.000016 0.000010 0.000010 0.000010 0.220276 0.000010 0.043336 0.000010 0.000010
0.000010 0.000010 0.132201 0.033676 0.000010 0.000010 0.000010 0.068538 0.034085 0.000010 0.000010 0.000010 0.000010 0.579553 0.028349 0.000010 0.123488 0.000010
0.000010 0.999830 0.000010 0.000010 0.000010 0.000010 0.000010 0.000010 0.000010 0.000010 0.000010 0.000010 0.000010 0.000010 0.000010 0.000010 0.000010 0.000010
0.011988 0.000010 0.000010 0.000010 0.001928 0.030546 0.016817 0.370176 0.000010 0.038592 0.000010 0.000010 0.000010 0.489196 0.000010 0.000010 0.000010 0.040657
0.000010 0.000010 0.000010 0.069272 0.000010 0.000010 0.000010 0.725651 0.000010 0.084459 0.000010 0.000010 0.000010 0.071297 0.049190 0.000010 0.000010 0.000010
0.000010 0.000010 0.000010 0.041633 0.004209 0.036950 0.000010 0.542567 0.000010 0.046683 0.000010 0.000010 0.000010 0.327838 0.000010 0.000010 0.000010 0.000010
0.033511 0.000010 0.000010 0.120921 0.000010 0.003205 0.000010 0.000010 0.000010 0.000010 0.063202 0.000010 0.000010 0.000010 0.779032 0.000010 0.000010 0.000010
0.000010 0.000010 0.000010 0.000010 0.000010 0.000010 0.000010 0.011298 0.000010 0.000010 0.000010 0.017597 0.064517 0.000010 0.906448 0.000010 0.000010 0.000010
0.000010 0.000010 0.000010 0.000010 0.000010 0.000010 0.000010 0.131027 0.056571 0.000010 0.000010 0.000010 0.183891 0.000010 0.133502 0.000010 0.000010 0.494880
0.137514 0.000010 0.000010 0.000010 0.000010 0.000010 0.002389 0.000010 0.000010 0.280810 0.149916 0.000010 0.037629 0.000010 0.301767 0.089866 0.000010 0.000010
0.000010 0.000010 0.000010 0.000010 0.000010 0.017810 0.000010 0.412562 0.000010 0.000010 0.000010 0.000010 0.000010 0.566534 0.000010 0.002954 0.000010 0.000010
0.000010 0.000010 0.000010 0.090110 0.043177 0.000304 0.000010 0.000010 0.020048 0.038387 0.333028 0.052086 0.140325 0.043751 0.052377 0.000010 0.000010 0.186336
0.000010 0.000010 0.000010 0.000010 0.000010 0.042375 0.000010 0.803549 0.000010 0.000010 0.000010 0.000010 0.000010 0.049710 0.000010 0.000010 0.040562 0.063675
0.000010 0.062035 0.000010 0.000010 0.000010 0.000010 0.049965 0.438144 0.000010 0.000010 0.000010 0.017161 0.000010 0.370493 0.000010 0.062082 0.000010 0.000010
0.093428 0.006330 0.000010 0.173077 0.000010 0.001817 0.000010 0.000010 0.000010 0.111937 0.181302 0.000010 0.056937 0.000010 0.216202 0.108042 0.050847 0.000010
0.000010 0.000010 0.000010 0.000010 0.000010 0.000010 0.074585 0.000010 0.075715 0.000010 0.000010 0.000010 0.000010 0.000010 0.825097 0.000010 0.024463 0.000010
0.000010 0.000010 0.000010 0.000010 0.000010 0.000010 0.000010 0.633182 0.132380 0.027786 0.000010 0.031901 0.000010 0.174621 0.000010 0.000010 0.000010 0.000010
0.015937 0.000010 0.000010 0.039132 0.000010 0.000010 0.000010 0.000010 0.000010 0.000017 0.000010 0.000010 0.000010 0.000010 0.712977 0.114778 0.037593 0.079456
0.000010 0.000010 0.000010 0.054719 0.000010 0.000010 0.000010 0.028184 0.211617 0.000010 0.000010 0.000010 0.000010 0.000010 0.095693 0.000010 0.000010 0.609656
0.000010 0.000010 0.000010 0.000010 0.000010 0.000010 0.000010 0.277501 0.000010 0.000010 0.000010 0.000010 0.000010 0.722339 0.000010 0.000010 0.000010 0.000010
0.000010 0.008331 0.000010 0.000010 0.000010 0.000010 0.090845 0.562972 0.000010 0.000010 0.000010 0.022821 0.063605 0.251306 0.000010 0.000010 0.000010 0.000010
0.000010 0.000010 0.000010 0.000010 0.000010 0.000010 0.000010 0.999830 0.000010 0.000010 0.000010 0.000010 0.000010 0.000010 0.000010 0.000010 0.000010 0.000010
0.000010 0.059809 0.000010 0.000010 0.000010 0.015777 0.009018 0.000010 0.000010 0.000010 0.655938 0.000010 0.000010 0.029201 0.000010 0.000010 0.098265 0.131883
0.000010 0.000010 0.000010 0.000010 0.000010 0.000010 0.000010 0.000010 0.000010 0.139420 0.000010 0.000010 0.000010 0.000010 0.000010 0.000010 0.000010 0.860420
0.000010 0.409367 0.000010 0.186485 0.000010 0.000010 0.000010 0.000010 0.000010 0.000010 0.150975 0.000010 0.000010 0.000010 0.000010 0.059015 0.194028 0.000010
0.030493 0.045476 0.000010 0.000010 0.093351 0.000010 0.000010 0.052825 0.000010 0.145527 0.119360 0.000010 0.013286 0.045050 0.293450 0.006004 0.000010 0.155107
0.000010 0.000010 0.040823 0.109771 0.014840 0.000010 0.000010 0.168753 0.000010 0.000010 0.000010 0.000010 0.000010 0.544672 0.000010 0.000010 0.062087 0.058944
0.000010 0.000010 0.000010 0.000010 0.000010 0.000010 0.043572 0.482863 0.000010 0.000010 0.000010 0.000010 0.000010 0.372901 0.000010 0.000010 0.100524 0.000010
0.000010 0.000010 0.000010 0.000010 0.000010 0.006639 0.010851 0.039045 0.000010 0.065292 0.000010 0.060001 0.000010 0.678865 0.000010 0.000010 0.139197 0.000010
0.000010 0.000010 0.000010 0.000010 0.000010 0.022828 0.000010 0.363055 0.000010 0.039811 0.000010 0.000010 0.000010 0.458221 0.042202 0.000010 0.073763 0.000010
0.001815 0.000010 0.000010 0.000010 0.000010 0.000010 0.346852 0.000010 0.000010 0.000010 0.029391 0.000010 0.000010 0.000010 0.607716 0.014096 0.000010 0.000010
0.445448 0.000010 0.000010 0.000010 0.000010 0.006847 0.000010 0.000010 0.009724 0.000010 0.108744 0.000010 0.031090 0.000010 0.000010 0.398027 0.000010 0.000010
0.443868 0.000010 0.000010 0.000010 0.144514 0.023328 0.018770 0.000010 0.000010 0.000010 0.000010 0.053899 0.031124 0.006037 0.019067 0.259303 0.000010 0.000010
0.444104 0.000010 0.000010 0.000010 0.098069 0.000010 0.005195 0.000010 0.000010 0.000010 0.000010 0.000010 0.000010 0.000010 0.000010 0.290923 0.161579 0.000010
0.000010 0.000010 0.343539 0.000010 0.000010 0.000010 0.000010 0.070280 0.000010 0.000010 0.000010 0.000010 0.000010 0.000010 0.015705 0.077760 0.000010 0.492586
0.000010 0.000010 0.000010 0.000010 0.000010 0.000010 0.000010 0.720636 0.028656 0.000010 0.000010 0.000010 0.000010 0.232221 0.000010 0.000010 0.018347 0.000010
0.000010 0.000010 0.352868 0.000010 0.000010 0.000010 0.000010 0.000010 0.000010 0.000010 0.000010 0.000010 0.000010 0.000010 0.000010 0.000010 0.000010 0.646972
0.000010 0.000010 0.282361 0.000010 0.000010 0.000010 0.000010 0.012168 0.000010 0.000010 0.000010 0.000010 0.000010 0.000010 0.094529 0.114346 0.036259 0.460217
0.000010 0.000010 0.000010 0.066521 0.000010 0.026638 0.055323 0.210671 0.000010 0.000010 0.000010 0.002141 0.047461 0.576032 0.000010 0.000010 0.000010 0.015114
0.000010 0.000010 0.000010 0.000010 0.000010 0.000010 0.121431 0.131207 0.000010 0.000010 0.000010 0.000010 0.000010 0.747212 0.000010 0.000010 0.000010 0.000010
0.000010 0.000010 0.000010 0.024858 0.000010 0.000010 0.000010 0.769167 0.000010 0.000010 0.000010 0.000010 0.000010 0.205825 0.000010 0.000010 0.000010 0.000010
0.000010 0.000010 0.000010 0.000010 0.000010 0.059811 0.105671 0.193591 0.000010 0.000010 0.000010 0.000010 0.000010 0.551396 0.000010 0.089402 0.000010 0.000010
0.173911 0.000010 0.000010 0.000010 0.371330 0.000010 0.014041 0.000010 0.000010 0.000010 0.000010 0.000010 0.116290 0.000010 0.000010 0.324298 0.000010 0.000010
0.368484 0.000010 0.000010 0.000010 0.197912 0.000010 0.000010 0.000010 0.000010 0.072001 0.000010 0.000010 0.107659 0.000010 0.112084 0.141739 0.000010 0.000010
0.572623 0.000010 0.000010 0.000010 0.000010 0.000010 0.000010 0.000010 0.000010 0.000010 0.102898 0.002747 0.000010 0.000010 0.000010 0.321593 0.000010 0.000010
0.000010 0.000010 0.000010 0.000010 0.000010 0.000010 0.000010 0.062312 0.119492 0.000010 0.000010 0.000010 0.000010 0.818046 0.000010 0.000010 0.000010 0.000010
0.000010 0.000010 0.000010 0.000010 0.000010 0.000010 0.000010 0.000010 0.000010 0.000010 0.000010 0.000010 0.000010 0.000010 0.000010 0.999830 0.000010 0.000010
0.000010 0.000010 0.000010 0.000010 0.153018 0.000010 0.014514 0.000010 0.000010 0.000010 0.151463 0.021246 0.000010 0.000010 0.000010 0.659629 0.000010 0.000010
0.000010 0.000010 0.000010 0.001334 0.297937 0.016171 0.000010 0.000010 0.000010 0.040205 0.251227 0.000010 0.153724 0.000010 0.204411 0.000010 0.034891 0.000010
0.000010 0.000010 0.000010 0.000010 0.000010 0.000010 0.000010 0.277264 0.000010 0.000010 0.000010 0.003134 0.034842 0.613684 0.000010 0.000010 0.070945 0.000010
0.000010 0.000010 0.000010 0.000010 0.000010 0.000010 0.000010 0.729513 0.000010 0.000010 0.000010 0.000010 0.000010 0.270327 0.000010 0.000010 0.000010 0.000010
0.000010 0.000010 0.000010 0.102995 0.000010 0.000010 0.000010 0.000010 0.000010 0.000010 0.004543 0.000010 0.000010 0.799732 0.000010 0.000010 0.092590 0.000010
0.000010 0.000010 0.000010 0.000010 0.044936 0.000010 0.028525 0.300142 0.077565 0.025411 0.000010 0.000010 0.000010 0.523074 0.000010 0.000010 0.000238 0.000010
0.000010 0.000010 0.000010 0.000010 0.000010 0.000010 0.000010 0.233451 0.000010 0.050254 0.063419 0.000010 0.000010 0.592379 0.000010 0.000010 0.056864 0.003513
0.093248 0.000010 0.000010 0.000010 0.000010 0.000010 0.000010 0.242005 0.000010 0.000010 0.000010 0.004813 0.068681 0.540260 0.000010 0.000010 0.000010 0.050874
0.000010 0.000010 0.000010 0.000010 0.000010 0.000010 0.000010 0.311356 0.000010 0.000010 0.000010 0.000010 0.067202 0.621291 0.000010 0.000010 0.000010 0.000010
0.000010 0.000010 0.000010 0.037756 0.000010 0.035720 0.078418 0.206931 0.000010 0.000010 0.000010 0.026926 0.000010 0.614130 0.000010 0.000010 0.000010 0.000010
0.040666 0.197966 0.063357 0.000010 0.000010 0.000010 0.171811 0.000010 0.000010 0.000010 0.000010 0.000010 0.440012 0.000010 0.086068 0.000010 0.000010 0.000010
0.000010 0.000010 0.000010 0.000010 0.503789 0.000010 0.000010 0.000010 0.000010 0.000010 0.496051 0.000010 0.000010 0.000010 0.000010 0.000010 0.000010 0.000010
0.038660 0.000010 0.000010 0.017771 0.000010 0.035206 0.000010 0.152476 0.000010 0.000010 0.054903 0.000010 0.003901 0.696973 0.000010 0.000010 0.000010 0.000010
0.034138 0.000010 0.000010 0.000010 0.000010 0.000010 0.000010 0.171085 0.000010 0.043146 0.000010 0.089484 0.000010 0.621914 0.000010 0.000010 0.040113 0.000010
0.564063 0.000010 0.000010 0.232867 0.072340 0.000010 0.000010 0.130590 0.000010 0.000010 0.000010 0.000010 0.000010 0.000010 0.000010 0.000010 0.000010 0.000010
0.000010 0.000010 0.000010 0.223473 0.254595 0.000010 0.115041 0.000010 0.000010 0.066662 0.000010 0.000010 0.000010 0.000010 0.000010 0.247917 0.092192 0.000010
0.284963 0.000010 0.000010 0.000010 0.406974 0.000010 0.000010 0.000010 0.000010 0.109049 0.000010 0.000010 0.000010 0.000010 0.000010 0.198874 0.000010 0.000010
0.000010 0.167873 0.000010 0.000010 0.024077 0.028938 0.057109 0.248003 0.000010 0.000010 0.000010 0.000010 0.000010 0.330413 0.143476 0.000010 0.000010 0.000010
0.000010 0.000010 0.000010 0.000010 0.000010 0.000010 0.000010 0.000010 0.999830 0.000010 0.000010 0.000010 0.000010 0.000010 0.000010 0.000010 0.000010 0.000010
0.000010 0.000010 0.000010 0.000010 0.000010 0.000010 0.000010 0.000010 0.551415 0.000010 0.000010 0.000010 0.448425 0.000010 0.000010 0.000010 0.000010 0.000010
0.000010 0.000010 0.000010 0.026743 0.000010 0.000010 0.000010 0.592923 0.000010 0.000010 0.000010 0.059659 0.000010 0.320535 0.000010 0.000010 0.000010 0.000010
0.000010 0.000010 0.000010 0.000010 0.204001 0.000010 0.030979 0.123882 0.296426 0.000010 0.000010 0.170452 0.000010 0.000010 0.000010 0.000010 0.000010 0.174139
