0.365227 0.025581 0.128856 0.015201 0.000010 0.000010 0.000010 0.000010 0.431540 0.000010 0.033536 0.000010
0.000010 0.001096 0.005421 0.017135 0.015077 0.000010 0.000010 0.143193 0.781357 0.000010 0.036672 0.000010
0.000010 0.000010 0.000010 0.000010 0.015555 0.000010 0.000010 0.000010 0.000449 0.000010 0.000010 0.983906
0.000010 0.000010 0.000010 0.000010 0.000010 0.000010 0.000010 0.999890 0.000010 0.000010 0.000010 0.000010
0.000010 0.000010 0.000010 0.000010 0.000010 0.000010 0.000010 0.999890 0.000010 0.000010 0.000010 0.000010
0.000010 0.000010 0.000010 0.000010 0.133032 0.000010 0.000010 0.428156 0.000010 0.000010 0.000010 0.438722
0.000010 0.000010 0.000010 0.000010 0.107728 0.000010 0.000010 0.029491 0.106566 0.000010 0.000010 0.756135
0.000010 0.000010 0.000010 0.000010 0.000010 0.000010 0.083812 0.132934 0.046125 0.000010 0.000010 0.737049
0.000010 0.000010 0.471311 0.000010 0.000010 0.000010 0.000010 0.000010 0.000010 0.000010 0.528589 0.000010
0.000010 0.059858 0.001510 0.000010 0.000010 0.000010 0.000010 0.320822 0.000010 0.000010 0.617730 0.000010
0.000010 0.000010 0.000010 0.000010 0.000010 0.000010 0.999890 0.000010 0.000010 0.000010 0.000010 0.000010
0.037936 0.092947 0.000010 0.000010 0.000010 0.116695 0.411406 0.000010 0.029658 0.000010 0.001544 0.309765
0.000010 0.999890 0.000010 0.000010 0.000010 0.000010 0.000010 0.000010 0.000010 0.000010 0.000010 0.000010
0.000010 0.999890 0.000010 0.000010 0.000010 0.000010 0.000010 0.000010 0.000010 0.000010 0.000010 0.000010
0.000010 0.999890 0.000010 0.000010 0.000010 0.000010 0.000010 0.000010 0.000010 0.000010 0.000010 0.000010
0.000010 0.000010 0.000010 0.000010 0.000010 0.000010 0.000010 0.000010 0.999890 0.000010 0.000010 0.000010
0.000010 0.000304 0.000010 0.000010 0.000010 0.000010 0.018840 0.439544 0.107414 0.000010 0.000010 0.433829
0.677853 0.188316 0.000010 0.000010 0.000010 0.000010 0.075934 0.000010 0.057817 0.000010 0.000010 0.000010
0.332147 0.013883 0.000010 0.000010 0.000010 0.128050 0.020572 0.000010 0.000010 0.120136 0.000010 0.385153
0.000010 0.000010 0.000010 0.000010 0.000010 0.000010 0.000010 0.348688 0.000010 0.000010 0.019280 0.631942
0.000010 0.000010 0.000010 0.000010 0.000010 0.000010 0.999890 0.000010 0.000010 0.000010 0.000010 0.000010
0.000010 0.000010 0.000010 0.000010 0.000010 0.000010 0.999890 0.000010 0.000010 0.000010 0.000010 0.000010
0.000010 0.029673 0.000010 0.000010 0.000010 0.000010 0.000010 0.295578 0.084649 0.000010 0.000010 0.590021
0.000010 0.000010 0.000010 0.000010 0.000010 0.000010 0.999890 0.000010 0.000010 0.000010 0.000010 0.000010
0.000010 0.000010 0.000010 0.070959 0.010343 0.039390 0.000010 0.280715 0.003779 0.000010 0.000010 0.594754
0.000010 0.000010 0.000010 0.014018 0.081681 0.013192 0.021619 0.000010 0.000010 0.000010 0.018218 0.851212
0.000010 0.000010 0.000010 0.000010 0.054881 0.000010 0.000010 0.000010 0.000010 0.000010 0.000010 0.945019
0.000010 0.000010 0.000010 0.000010 0.000010 0.000010 0.000010 0.000010 0.000010 0.000010 0.000010 0.999890
0.000010 0.000010 0.000010 0.000010 0.000010 0.000010 0.000010 0.412509 0.185287 0.000010 0.000010 0.402114
0.000010 0.000010 0.000010 0.000010 0.201658 0.000010 0.000010 0.081653 0.082538 0.000010 0.000010 0.634071
0.000010 0.121600 0.000010 0.000010 0.000010 0.000010 0.000010 0.000010 0.048142 0.000010 0.579939 0.250239
0.093226 0.000010 0.646667 0.019784 0.000010 0.000010 0.000010 0.000010 0.144790 0.000010 0.011339 0.084134
0.000010 0.000010 0.000010 0.000010 0.000010 0.072505 0.000010 0.217810 0.000010 0.004427 0.000010 0.705179
0.000010 0.000010 0.000010 0.000010 0.000010 0.000010 0.000010 0.000010 0.000010 0.000010 0.000010 0.999890
0.000010 0.000010 0.000010 0.000010 0.020875 0.071960 0.000010 0.221496 0.199821 0.000010 0.000010 0.485777
0.042142 0.000010 0.000010 0.000010 0.000010 0.253181 0.000010 0.000010 0.000010 0.000010 0.000010 0.704587
0.000010 0.050700 0.000406 0.000010 0.144978 0.000010 0.000010 0.441660 0.052679 0.000010 0.000010 0.309517
0.000010 0.035088 0.000010 0.000010 0.056325 0.000010 0.000010 0.276881 0.195848 0.000010 0.000010 0.435789
0.051405 0.079778 0.069658 0.000010 0.120189 0.285241 0.000010 0.056785 0.168372 0.168531 0.000010 0.000010
0.000010 0.000010 0.000010 0.000010 0.000010 0.126531 0.005083 0.181273 0.001588 0.000010 0.000010 0.685456
0.000010 0.000010 0.621140 0.011107 0.000010 0.137840 0.025792 0.063033 0.000010 0.101851 0.039186 0.000010
0.000010 0.999890 0.000010 0.000010 0.000010 0.000010 0.000010 0.000010 0.000010 0.000010 0.000010 0.000010
0.000010 0.611439 0.000010 0.000010 0.000010 0.000010 0.388461 0.000010 0.000010 0.000010 0.000010 0.000010
0.000010 0.153593 0.000010 0.000010 0.000010 0.000010 0.846307 0.000010 0.000010 0.000010 0.000010 0.000010
0.000010 0.000010 0.169879 0.000010 0.000010 0.000010 0.830021 0.000010 0.000010 0.000010 0.000010 0.000010
0.000010 0.000010 0.000010 0.000010 0.000010 0.000010 0.999890 0.000010 0.000010 0.000010 0.000010 0.000010
0.000010 0.039085 0.145503 0.000010 0.000010 0.000010 0.815322 0.000010 0.000010 0.000010 0.000010 0.000010
0.000010 0.000010 0.000010 0.000010 0.000010 0.000010 0.999890 0.000010 0.000010 0.000010 0.000010 0.000010
0.344210 0.003166 0.066867 0.000010 0.073142 0.095335 0.036436 0.000010 0.329831 0.000010 0.000010 0.050973
0.499560 0.163459 0.000010 0.000010 0.104053 0.000010 0.224740 0.008118 0.000010 0.000010 0.000010 0.000010
0.000010 0.999890 0.000010 0.000010 0.000010 0.000010 0.000010 0.000010 0.000010 0.000010 0.000010 0.000010
0.000010 0.000010 0.000010 0.000010 0.000010 0.000010 0.000010 0.999890 0.000010 0.000010 0.000010 0.000010
0.000010 0.109351 0.000010 0.000010 0.000010 0.000010 0.890549 0.000010 0.000010 0.000010 0.000010 0.000010
0.248648 0.407072 0.000010 0.000010 0.147546 0.000010 0.194327 0.000010 0.000010 0.000010 0.002337 0.000010
0.000010 0.000010 0.000010 0.000010 0.000010 0.815734 0.000010 0.000010 0.184166 0.000010 0.000010 0.000010
0.039153 0.158123 0.089829 0.000010 0.000010 0.022629 0.690196 0.000010 0.000010 0.000010 0.000010 0.000010
0.870801 0.040469 0.000010 0.000010 0.000010 0.084408 0.000010 0.000010 0.000010 0.004243 0.000010 0.000010
0.181238 0.189629 0.629043 0.000010 0.000010 0.000010 0.000010 0.000010 0.000010 0.000010 0.000010 0.000010
0.552200 0.164136 0.000010 0.000010 0.000010 0.000010 0.215175 0.000010 0.000010 0.002163 0.010870 0.055395
0.093840 0.019342 0.136690 0.000152 0.000010 0.286065 0.024492 0.101857 0.337520 0.000010 0.000010 0.000010
0.000010 0.000010 0.000010 0.000050 0.000010 0.107549 0.000010 0.209664 0.468535 0.085964 0.000010 0.128179
0.000010 0.006859 0.338110 0.000010 0.256371 0.341104 0.000010 0.023561 0.033935 0.000010 0.000010 0.000010
0.191016 0.000013 0.253554 0.000010 0.000010 0.000010 0.005205 0.000010 0.500841 0.000010 0.049310 0.000010
0.109327 0.000010 0.325700 0.000010 0.000010 0.000010 0.000010 0.020325 0.341657 0.000010 0.036237 0.166694
0.000010 0.000010 0.000010 0.013811 0.059387 0.000015 0.000010 0.254879 0.000010 0.000013 0.000010 0.671835
0.000010 0.028334 0.000010 0.000010 0.028215 0.000010 0.000010 0.660638 0.000010 0.000010 0.000010 0.282733
0.000010 0.000010 0.000010 0.000010 0.102957 0.866811 0.030140 0.000010 0.000010 0.000010 0.000012 0.000010
0.000010 0.000051 0.000010 0.000010 0.000010 0.999849 0.000010 0.000010 0.000010 0.000010 0.000010 0.000010
0.884990 0.000010 0.000010 0.000010 0.000010 0.000010 0.114910 0.000010 0.000010 0.000010 0.000010 0.000010
0.578847 0.061266 0.135866 0.080248 0.011209 0.000010 0.058399 0.063181 0.000010 0.000010 0.010944 0.000010
0.000010 0.000010 0.000010 0.030927 0.000010 0.054882 0.000010 0.125434 0.677619 0.008818 0.051618 0.050652
0.999890 0.000010 0.000010 0.000010 0.000010 0.000010 0.000010 0.000010 0.000010 0.000010 0.000010 0.000010
0.534523 0.100160 0.086508 0.067925 0.018285 0.000010 0.042387 0.000010 0.083592 0.063079 0.003510 0.000010
0.000010 0.000010 0.907756 0.000010 0.000010 0.092144 0.000010 0.000010 0.000010 0.000010 0.000010 0.000010
0.608802 0.084349 0.096993 0.050011 0.000010 0.000010 0.055921 0.000010 0.008008 0.000010 0.019218 0.076656
0.000010 0.000010 0.709893 0.008880 0.000010 0.000010 0.000010 0.000010 0.281137 0.000010 0.000010 0.000010
0.088442 0.000010 0.025625 0.000010 0.000010 0.748755 0.000010 0.137099 0.000010 0.000010 0.000010 0.000010
0.000010 0.000010 0.323520 0.000010 0.053868 0.308855 0.000010 0.000010 0.212522 0.000010 0.000010 0.101165
0.000010 0.000010 0.000010 0.074043 0.012033 0.000010 0.000010 0.158104 0.654727 0.000010 0.000010 0.101023
0.542043 0.023448 0.083165 0.094131 0.000010 0.000010 0.088563 0.061006 0.045001 0.001733 0.060880 0.000010
0.000010 0.000010 0.000010 0.001429 0.000010 0.000010 0.016034 0.119211 0.166027 0.000010 0.000010 0.697228
0.000010 0.000010 0.000010 0.000010 0.000010 0.000010 0.000010 0.999890 0.000010 0.000010 0.000010 0.000010
0.017871 0.021853 0.000010 0.000010 0.026442 0.000010 0.000010 0.204707 0.000010 0.000010 0.000010 0.729058
0.028015 0.000010 0.000010 0.000010 0.000010 0.056280 0.022554 0.048514 0.000010 0.000010 0.000010 0.844568
0.000010 0.000010 0.000010 0.000010 0.000010 0.052973 0.000010 0.794804 0.000010 0.000010 0.000010 0.152133
0.000010 0.000010 0.000010 0.050840 0.000010 0.000010 0.000010 0.300202 0.014130 0.000010 0.017536 0.617221
0.000010 0.000014 0.000010 0.000010 0.000010 0.915003 0.000010 0.000010 0.000010 0.000010 0.084893 0.000010
0.000010 0.999890 0.000010 0.000010 0.000010 0.000010 0.000010 0.000010 0.000010 0.000010 0.000010 0.000010
0.066162 0.000010 0.000010 0.255188 0.000010 0.000010 0.000010 0.000010 0.000010 0.286873 0.391697 0.000010
0.000010 0.088022 0.000010 0.000010 0.000010 0.000010 0.911878 0.000010 0.000010 0.000010 0.000010 0.000010
0.000010 0.000010 0.000010 0.000010 0.000010 0.000010 0.999890 0.000010 0.000010 0.000010 0.000010 0.000010
0.000010 0.000010 0.000010 0.000010 0.000010 0.000010 0.999890 0.000010 0.000010 0.000010 0.000010 0.000010
0.486374 0.262978 0.079623 0.000010 0.008041 0.000010 0.149389 0.000010 0.000010 0.013536 0.000010 0.000010
0.000010 0.000010 0.000010 0.000010 0.000010 0.908561 0.091339 0.000010 0.000010 0.000010 0.000010 0.000010
0.000010 0.000010 0.000010 0.044226 0.000010 0.955670 0.000010 0.000010 0.000014 0.000010 0.000010 0.000010
0.000010 0.000010 0.000010 0.017007 0.100536 0.000010 0.000010 0.123366 0.054782 0.007868 0.000010 0.696381
0.000010 0.000010 0.181021 0.000010 0.095153 0.000010 0.000010 0.000010 0.000010 0.611187 0.112559 0.000010
0.000010 0.000010 0.729369 0.000010 0.000010 0.000010 0.000010 0.270531 0.000010 0.000010 0.000010 0.000010
0.000010 0.000010 0.044088 0.085811 0.000010 0.798140 0.058081 0.000010 0.000010 0.000010 0.013810 0.000010
0.000010 0.000011 0.000010 0.000010 0.999889 0.000010 0.000010 0.000010 0.000010 0.000010 0.000010 0.000010
0.067632 0.000011 0.000010 0.001050 0.160411 0.028805 0.094272 0.142827 0.440117 0.000010 0.032308 0.032548
0.000010 0.000010 0.000010 0.000010 0.385486 0.614369 0.000010 0.000010 0.000010 0.000010 0.000010 0.000055
0.337694 0.151134 0.110829 0.010249 0.183259 0.000010 0.015912 0.000010 0.015431 0.000010 0.000010 0.175453
0.000010 0.000010 0.000010 0.000010 0.337893 0.507876 0.000010 0.000010 0.154141 0.000010 0.000010 0.000010
0.063105 0.000010 0.000010 0.000010 0.127291 0.084231 0.000010 0.072185 0.403023 0.000010 0.008067 0.242047
0.026957 0.000010 0.000010 0.000010 0.049066 0.636555 0.000010 0.000010 0.284415 0.002937 0.000010 0.000010
0.030678 0.000010 0.313886 0.000010 0.000010 0.600424 0.000010 0.000010 0.049097 0.000010 0.000010 0.005845
0.738733 0.067880 0.053017 0.054083 0.000010 0.000010 0.000010 0.000010 0.086217 0.000010 0.000010 0.000010
0.000010 0.002491 0.954581 0.000010 0.042838 0.000010 0.000010 0.000010 0.000010 0.000010 0.000010 0.000010
0.012558 0.022181 0.000010 0.012191 0.001614 0.034264 0.000010 0.155211 0.067395 0.000010 0.000010 0.694545
0.000010 0.000010 0.000010 0.000010 0.000010 0.000010 0.000010 0.209346 0.000010 0.000010 0.000010 0.790554
0.610934 0.000010 0.000010 0.039376 0.000010 0.000010 0.027770 0.000010 0.000010 0.162659 0.159190 0.000010
0.000010 0.026853 0.096150 0.057119 0.000010 0.000010 0.000010 0.144483 0.000010 0.545093 0.130242 0.000010
0.000010 0.007084 0.000010 0.885397 0.000010 0.107428 0.000010 0.000010 0.000010 0.000010 0.000011 0.000010
0.000010 0.000010 0.000010 0.943565 0.000010 0.000010 0.000010 0.000010 0.000010 0.000010 0.056335 0.000010
0.654373 0.218559 0.000010 0.000010 0.000010 0.023572 0.103416 0.000010 0.000010 0.000010 0.000010 0.000010
0.000010 0.065587 0.000010 0.000010 0.068188 0.044114 0.000010 0.213601 0.549779 0.000010 0.058671 0.000010
0.190284 0.062698 0.000010 0.000455 0.206019 0.346622 0.025673 0.059636 0.108572 0.000010 0.000010 0.000010
0.000010 0.000010 0.000010 0.000010 0.149115 0.000010 0.000010 0.090466 0.024676 0.000010 0.000010 0.735663
0.000010 0.013663 0.366888 0.000010 0.426960 0.081595 0.034216 0.000010 0.076618 0.000010 0.000010 0.000010
0.000010 0.000010 0.000010 0.000010 0.000010 0.000233 0.052159 0.000010 0.105291 0.000010 0.000010 0.842237
0.000010 0.000010 0.000010 0.031755 0.000010 0.167422 0.000010 0.165846 0.001959 0.000010 0.000010 0.632948
0.000010 0.000010 0.000010 0.999890 0.000010 0.000010 0.000010 0.000010 0.000010 0.000010 0.000010 0.000010
0.000010 0.000010 0.346033 0.065492 0.000010 0.178344 0.000010 0.000010 0.335142 0.000010 0.000010 0.074919
0.000010 0.000010 0.000010 0.863359 0.000010 0.000010 0.020652 0.000010 0.000010 0.115899 0.000010 0.000010
0.000010 0.000010 0.000010 0.999890 0.000010 0.000010 0.000010 0.000010 0.000010 0.000010 0.000010 0.000010
0.000010 0.000010 0.022028 0.962850 0.000010 0.003503 0.011540 0.000010 0.000010 0.000010 0.000010 0.000010
0.000010 0.000010 0.465355 0.000010 0.000010 0.243737 0.082406 0.063236 0.145195 0.000010 0.000010 0.000010
0.000010 0.000010 0.000010 0.000010 0.067375 0.135575 0.017988 0.205211 0.000010 0.000010 0.000010 0.573782
0.000010 0.000010 0.000010 0.083945 0.000010 0.042097 0.034190 0.149709 0.072200 0.000010 0.025489 0.592320
0.078495 0.000011 0.359550 0.000010 0.000010 0.000010 0.000010 0.289308 0.000010 0.271382 0.001194 0.000010
0.161770 0.042539 0.401945 0.000010 0.000010 0.000010 0.046161 0.010343 0.000010 0.336710 0.000483 0.000010
0.000010 0.000010 0.000010 0.000010 0.000010 0.000010 0.000010 0.000010 0.000010 0.000010 0.999890 0.000010
0.216447 0.004458 0.026083 0.000010 0.150662 0.000010 0.027916 0.015822 0.412129 0.000010 0.000010 0.146442
0.000010 0.000015 0.000010 0.014672 0.040708 0.160546 0.000010 0.131107 0.015937 0.000010 0.000010 0.636966
0.000010 0.000010 0.999886 0.000010 0.000010 0.000014 0.000010 0.000010 0.000010 0.000010 0.000010 0.000010
0.000010 0.000010 0.781776 0.000010 0.000010 0.000010 0.218124 0.000010 0.000010 0.000010 0.000010 0.000010
0.000010 0.000010 0.710939 0.000010 0.007777 0.124488 0.000010 0.156716 0.000010 0.000010 0.000010 0.000010
0.000010 0.000010 0.000010 0.000010 0.000010 0.000010 0.000010 0.702887 0.000010 0.000010 0.000010 0.297013
0.000010 0.007069 0.000010 0.000010 0.134290 0.000010 0.000010 0.188043 0.024129 0.000010 0.046489 0.599919
0.000010 0.000010 0.000010 0.051963 0.082431 0.000010 0.000010 0.000010 0.267840 0.000010 0.000010 0.597686
0.000010 0.057459 0.000010 0.000010 0.000010 0.000010 0.009861 0.000010 0.000010 0.000010 0.000010 0.932590
0.485098 0.308657 0.103552 0.000010 0.000017 0.000010 0.072956 0.000010 0.000010 0.000010 0.029660 0.000010
0.000010 0.000010 0.000010 0.000010 0.914663 0.000010 0.000010 0.000010 0.085237 0.000010 0.000010 0.000010
0.347984 0.183417 0.011711 0.015157 0.024117 0.000010 0.164636 0.159288 0.082057 0.000010 0.000010 0.011603
0.273330 0.000010 0.000010 0.000010 0.136365 0.000010 0.000010 0.009212 0.427869 0.000010 0.000010 0.153154
0.791612 0.105034 0.000010 0.000010 0.000010 0.000010 0.103265 0.000010 0.000010 0.000010 0.000010 0.000010
0.870073 0.074105 0.000010 0.000010 0.000010 0.000010 0.000010 0.000010 0.000010 0.000010 0.055731 0.000010
0.760205 0.000010 0.092773 0.000010 0.037587 0.000010 0.109355 0.000010 0.000010 0.000010 0.000010 0.000010
0.805241 0.052772 0.000010 0.000010 0.070327 0.000010 0.002771 0.000010 0.000010 0.000010 0.068818 0.000010
0.171559 0.009165 0.658014 0.025532 0.000010 0.000010 0.110581 0.000010 0.000010 0.000010 0.025090 0.000010
0.000010 0.000010 0.000010 0.999890 0.000010 0.000010 0.000010 0.000010 0.000010 0.000010 0.000010 0.000010
0.000010 0.000010 0.000010 0.000010 0.000010 0.789972 0.000010 0.000010 0.203979 0.005959 0.000010 0.000010
0.000010 0.012767 0.000010 0.000010 0.378902 0.000010 0.000010 0.375411 0.232840 0.000010 0.000010 0.000010
0.753054 0.000010 0.000010 0.103378 0.000010 0.000010 0.017437 0.000010 0.000010 0.095240 0.030820 0.000010
0.000010 0.000010 0.000010 0.009118 0.000010 0.138202 0.000010 0.000010 0.405122 0.012350 0.043974 0.391174
0.799366 0.051962 0.079111 0.023317 0.000010 0.000010 0.046174 0.000010 0.000010 0.000010 0.000010 0.000010
0.000010 0.000010 0.000010 0.000010 0.127684 0.129258 0.000010 0.275484 0.236826 0.000010 0.022740 0.207948
0.000010 0.000010 0.000010 0.000010 0.098883 0.286407 0.000010 0.293233 0.146519 0.000010 0.062245 0.112653
0.000010 0.005844 0.000010 0.000010 0.298539 0.411514 0.000010 0.000010 0.147091 0.000010 0.000010 0.136942
0.000010 0.000010 0.257190 0.000010 0.000010 0.132301 0.042150 0.000010 0.257865 0.180878 0.034641 0.094925
0.000010 0.000010 0.057161 0.000010 0.329335 0.496129 0.000010 0.117296 0.000010 0.000010 0.000010 0.000010
0.000010 0.017741 0.035617 0.000010 0.127177 0.586140 0.001198 0.085678 0.146398 0.000010 0.000010 0.000010
0.080029 0.000010 0.538644 0.000010 0.094695 0.000010 0.000010 0.286552 0.000010 0.000010 0.000010 0.000010
0.217645 0.000010 0.293335 0.000010 0.000010 0.000010 0.000010 0.000010 0.488930 0.000010 0.000010 0.000010
0.118041 0.032907 0.519149 0.000010 0.211552 0.000010 0.012745 0.051127 0.000010 0.054428 0.000010 0.000010
0.000010 0.060745 0.000010 0.000010 0.000010 0.086483 0.000010 0.000010 0.802775 0.039166 0.000010 0.010762
0.046735 0.079023 0.151098 0.010885 0.000010 0.000010 0.000010 0.000010 0.696891 0.000010 0.015307 0.000010
0.052166 0.000010 0.311083 0.000010 0.136492 0.013998 0.029338 0.000010 0.307176 0.000010 0.019664 0.130043
0.249447 0.000010 0.000010 0.000010 0.059458 0.000010 0.000010 0.000010 0.554167 0.000010 0.059245 0.077612
0.000010 0.000010 0.000010 0.000010 0.688374 0.311526 0.000010 0.000010 0.000010 0.000010 0.000010 0.000010
0.000010 0.000010 0.000010 0.000010 0.000010 0.000010 0.000010 0.249113 0.692023 0.011960 0.000010 0.046823
0.000010 0.000010 0.000010 0.000010 0.195475 0.291462 0.005850 0.355456 0.118050 0.000010 0.033647 0.000010
0.320961 0.000010 0.000010 0.000010 0.678939 0.000010 0.000010 0.000010 0.000010 0.000010 0.000010 0.000010
0.953002 0.000010 0.000010 0.000010 0.000010 0.000010 0.000010 0.000010 0.046898 0.000010 0.000010 0.000010
0.000010 0.000010 0.000010 0.000010 0.007351 0.000010 0.000010 0.177303 0.748629 0.066637 0.000010 0.000010
0.000010 0.000010 0.000010 0.000010 0.999890 0.000010 0.000010 0.000010 0.000010 0.000010 0.000010 0.000010
0.000010 0.000013 0.023148 0.305864 0.000010 0.000010 0.000010 0.000010 0.000010 0.670896 0.000010 0.000010
0.032212 0.000010 0.000010 0.758101 0.000010 0.004470 0.049564 0.000010 0.000010 0.137125 0.000010 0.018469
0.000010 0.000010 0.469488 0.000010 0.000010 0.156159 0.000010 0.374263 0.000010 0.000010 0.000010 0.000010
0.000010 0.000010 0.000010 0.716374 0.000010 0.000010 0.014715 0.000013 0.000010 0.268818 0.000010 0.000010
0.009250 0.054444 0.000010 0.747003 0.000010 0.000010 0.000010 0.000010 0.022926 0.158364 0.000010 0.007953
0.139602 0.000010 0.000010 0.130772 0.000010 0.000010 0.000010 0.023211 0.117436 0.588909 0.000010 0.000010
0.887606 0.000010 0.000010 0.000010 0.000010 0.028240 0.000010 0.081297 0.000010 0.000010 0.002777 0.000010
0.000010 0.009290 0.087522 0.428659 0.000010 0.000010 0.000010 0.003200 0.000010 0.471256 0.000014 0.000010
0.000010 0.000010 0.000010 0.713940 0.000010 0.008655 0.009314 0.069912 0.042089 0.117194 0.038847 0.000010
0.000010 0.029117 0.026017 0.638498 0.000010 0.000010 0.000010 0.019829 0.000010 0.239946 0.046532 0.000010
0.000010 0.010826 0.000010 0.000010 0.055641 0.000010 0.000010 0.000010 0.671892 0.000010 0.008386 0.253185
0.000010 0.000010 0.000010 0.000010 0.000010 0.063732 0.005048 0.000010 0.738577 0.065012 0.075324 0.052247
0.001588 0.000010 0.442941 0.204884 0.074796 0.126207 0.000010 0.000010 0.123931 0.000010 0.025602 0.000010
0.000010 0.020386 0.095699 0.000010 0.172858 0.142129 0.000010 0.160123 0.243934 0.000010 0.000010 0.164822
0.000010 0.000010 0.000010 0.429784 0.000010 0.000010 0.000010 0.000010 0.000010 0.528356 0.041770 0.000010
0.023148 0.011346 0.168350 0.000010 0.336770 0.211832 0.048726 0.103817 0.002082 0.075239 0.018670 0.000010
0.000010 0.032759 0.084536 0.841954 0.000010 0.000010 0.000010 0.000010 0.000010 0.000010 0.040671 0.000010
0.048584 0.000010 0.000010 0.471017 0.000010 0.000010 0.000010 0.000010 0.000010 0.382457 0.097863 0.000010
0.039210 0.024813 0.000010 0.000010 0.159980 0.152331 0.000010 0.152598 0.165859 0.017736 0.000010 0.287433
0.000010 0.000010 0.000010 0.000013 0.000010 0.000010 0.000010 0.000010 0.999887 0.000010 0.000010 0.000010
0.000010 0.000010 0.000010 0.663006 0.000010 0.114625 0.038299 0.000010 0.000010 0.183990 0.000010 0.000010
0.000010 0.000010 0.064284 0.000010 0.000010 0.000010 0.000010 0.000010 0.748485 0.000010 0.000010 0.187141
0.000010 0.000010 0.610618 0.100358 0.000010 0.148869 0.000010 0.000010 0.107637 0.000010 0.000010 0.032448
0.000010 0.000010 0.000010 0.335456 0.000010 0.000010 0.000010 0.000010 0.000010 0.664444 0.000010 0.000010
0.000010 0.000010 0.000010 0.639069 0.000010 0.015625 0.033075 0.000010 0.065592 0.170874 0.075705 0.000010
0.000010 0.000010 0.000010 0.999890 0.000010 0.000010 0.000010 0.000010 0.000010 0.000010 0.000010 0.000010
0.077188 0.024929 0.123001 0.000010 0.621835 0.078612 0.000010 0.000010 0.000010 0.043512 0.000010 0.030872
0.000010 0.000010 0.999890 0.000010 0.000010 0.000010 0.000010 0.000010 0.000010 0.000010 0.000010 0.000010
0.407869 0.000010 0.000010 0.000010 0.186517 0.000010 0.000010 0.000010 0.174391 0.000010 0.000010 0.231144
0.020323 0.000010 0.230371 0.025548 0.228729 0.000010 0.000010 0.059784 0.230693 0.102605 0.000010 0.101909
0.051500 0.000010 0.045040 0.194499 0.000010 0.000010 0.008093 0.051133 0.000010 0.606819 0.000010 0.042867
0.000010 0.000010 0.000010 0.542273 0.000010 0.039019 0.000010 0.000010 0.000010 0.418618 0.000010 0.000010
0.000010 0.000010 0.000010 0.059073 0.000010 0.000010 0.090008 0.000010 0.089759 0.695893 0.065197 0.000010
0.000010 0.030598 0.000010 0.392492 0.000010 0.000010 0.000010 0.000010 0.069064 0.483301 0.024476 0.000010
0.000010 0.007128 0.000010 0.012491 0.026222 0.000010 0.000010 0.000010 0.802297 0.037008 0.000010 0.114794
0.000010 0.000010 0.000010 0.000010 0.000010 0.000010 0.000010 0.000010 0.000010 0.000010 0.999890 0.000010
0.000010 0.030389 0.000010 0.000010 0.168151 0.056196 0.000010 0.070075 0.000010 0.000010 0.003591 0.671538
0.000010 0.035873 0.000010 0.000010 0.000010 0.026982 0.054567 0.386849 0.027171 0.020523 0.000010 0.447985
0.062811 0.000010 0.000010 0.000010 0.000010 0.015541 0.000010 0.230898 0.064433 0.000010 0.000010 0.626248
0.234344 0.052628 0.445648 0.097850 0.070546 0.000010 0.050358 0.000010 0.000010 0.000010 0.000010 0.048576
0.000010 0.000010 0.000010 0.794830 0.000010 0.000010 0.000010 0.000010 0.038658 0.166422 0.000010 0.000010
0.296890 0.040660 0.651748 0.000010 0.000010 0.000010 0.010623 0.000010 0.000010 0.000010 0.000010 0.000010
0.279612 0.023905 0.467224 0.027180 0.000010 0.000010 0.000010 0.000010 0.139970 0.000010 0.000010 0.062048
0.023991 0.031940 0.000010 0.242340 0.000010 0.113454 0.006176 0.001581 0.000010 0.578085 0.000010 0.002393
0.000010 0.000010 0.000010 0.155941 0.000010 0.000010 0.000010 0.000010 0.020567 0.823403 0.000010 0.000010
0.000010 0.000010 0.000010 0.999890 0.000010 0.000010 0.000010 0.000010 0.000010 0.000010 0.000010 0.000010
0.000010 0.064481 0.000010 0.233497 0.000010 0.000010 0.000010 0.000010 0.000010 0.542632 0.033310 0.126010
0.000010 0.000010 0.000010 0.000010 0.000010 0.136778 0.000010 0.470788 0.000010 0.000010 0.000010 0.392344
0.000010 0.000010 0.000010 0.000010 0.000010 0.168795 0.000010 0.495257 0.000010 0.000010 0.000010 0.335857
0.000010 0.000010 0.000010 0.000010 0.186908 0.000010 0.013199 0.086152 0.000010 0.040409 0.009140 0.664132
0.000010 0.000010 0.000010 0.100237 0.000010 0.000010 0.000010 0.000010 0.000010 0.899663 0.000010 0.000010
0.000010 0.000010 0.000010 0.000010 0.000010 0.000010 0.000010 0.000010 0.000010 0.000010 0.000010 0.999890
0.000010 0.000010 0.000010 0.000010 0.207344 0.000010 0.039815 0.190698 0.000010 0.017401 0.000010 0.544671
0.000010 0.014403 0.000010 0.000010 0.326970 0.199570 0.000010 0.284089 0.119749 0.000010 0.011555 0.043613
0.000010 0.000010 0.000010 0.316585 0.000010 0.041026 0.000012 0.000010 0.000010 0.642297 0.000010 0.000010
0.000010 0.000010 0.000010 0.884276 0.000010 0.000012 0.000010 0.000010 0.000010 0.115623 0.000010 0.000010
0.000010 0.000010 0.000010 0.080945 0.053004 0.000010 0.000010 0.000010 0.048844 0.817126 0.000010 0.000010
0.000010 0.000010 0.000010 0.300247 0.000010 0.034112 0.000010 0.005006 0.057006 0.554996 0.048573 0.000010
0.000010 0.000010 0.063120 0.295868 0.061599 0.000011 0.000010 0.000010 0.002785 0.576558 0.000010 0.000010
0.000010 0.019727 0.068160 0.305090 0.000010 0.014156 0.000010 0.024552 0.000010 0.559467 0.008798 0.000010
0.000010 0.000010 0.000010 0.375774 0.000010 0.000010 0.000010 0.000010 0.000010 0.624126 0.000010 0.000010
0.000010 0.034652 0.000010 0.239819 0.000010 0.000010 0.027151 0.017764 0.035537 0.645017 0.000010 0.000010
0.291119 0.000010 0.000010 0.000010 0.028154 0.440529 0.000010 0.055535 0.163647 0.000010 0.020956 0.000010
0.000010 0.000010 0.000010 0.000010 0.644493 0.000010 0.000010 0.355407 0.000010 0.000010 0.000010 0.000010
0.000010 0.004195 0.000010 0.130110 0.037279 0.000010 0.000010 0.000010 0.030545 0.797801 0.000010 0.000010
0.000010 0.015892 0.000010 0.092680 0.000010 0.000010 0.094221 0.000010 0.020176 0.776962 0.000010 0.000010
0.000010 0.000010 0.000010 0.077579 0.137708 0.000010 0.000010 0.000010 0.000010 0.000010 0.014741 0.769892
0.000010 0.017207 0.035897 0.000010 0.000010 0.096245 0.000010 0.241295 0.000010 0.000010 0.000010 0.609285
0.000010 0.032741 0.000010 0.000010 0.103386 0.000010 0.000010 0.541647 0.000010 0.000010 0.000010 0.322146
0.089685 0.000010 0.000010 0.384224 0.000010 0.000010 0.000010 0.000010 0.173899 0.151728 0.200394 0.000010
0.000010 0.000010 0.000010 0.000010 0.101889 0.155407 0.000010 0.000010 0.742615 0.000010 0.000010 0.000010
0.000010 0.000010 0.000010 0.000010 0.000010 0.999890 0.000010 0.000010 0.000010 0.000010 0.000010 0.000010
0.006047 0.000010 0.000010 0.652253 0.000010 0.000010 0.056682 0.015854 0.000010 0.269094 0.000010 0.000010
0.000010 0.000010 0.189167 0.185600 0.000010 0.267004 0.193630 0.156263 0.008275 0.000010 0.000010 0.000010
0.000010 0.000010 0.096707 0.030485 0.002861 0.661731 0.066095 0.142061 0.000010 0.000010 0.000010 0.000010
0.000010 0.000010 0.000010 0.913076 0.000010 0.000010 0.000010 0.000010 0.000010 0.086824 0.000010 0.000010
0.193097 0.000010 0.000010 0.006226 0.000010 0.000010 0.039722 0.000010 0.576080 0.000010 0.184806 0.000010
0.034072 0.000010 0.128366 0.000010 0.011145 0.000010 0.000010 0.325146 0.336866 0.000010 0.000010 0.164345
0.025386 0.065992 0.000010 0.005594 0.000010 0.000010 0.000010 0.000010 0.796120 0.000010 0.106838 0.000010
0.000010 0.000010 0.000010 0.000010 0.999890 0.000010 0.000010 0.000010 0.000010 0.000010 0.000010 0.000010
0.000010 0.000010 0.000010 0.000010 0.000010 0.000010 0.000010 0.000010 0.000010 0.000010 0.999890 0.000010
0.000010 0.000010 0.108308 0.000010 0.042799 0.169594 0.051357 0.110231 0.492923 0.000010 0.000010 0.024739
0.197507 0.034371 0.235618 0.072910 0.164024 0.000010 0.000010 0.000010 0.033345 0.135593 0.001465 0.125138
0.000010 0.000010 0.000017 0.000010 0.000010 0.000010 0.000010 0.000010 0.948988 0.000010 0.000010 0.050905
0.013653 0.000010 0.668402 0.000010 0.092464 0.034874 0.000010 0.000010 0.000010 0.000010 0.000010 0.190536
0.000010 0.000010 0.046340 0.912632 0.000010 0.000010 0.040938 0.000010 0.000010 0.000010 0.000010 0.000010
0.000010 0.058739 0.034400 0.000010 0.000010 0.261716 0.094368 0.089180 0.433413 0.007238 0.000010 0.020906
0.000010 0.000010 0.000010 0.000010 0.000010 0.000010 0.000010 0.000010 0.930304 0.000010 0.069596 0.000010
0.060399 0.119153 0.022835 0.018106 0.000010 0.000010 0.000010 0.000010 0.695556 0.000010 0.083892 0.000010
0.584653 0.000010 0.000010 0.174583 0.000010 0.000010 0.000010 0.000010 0.000010 0.071148 0.169535 0.000010
0.036677 0.000010 0.097051 0.000010 0.000010 0.364347 0.020592 0.096835 0.313807 0.070641 0.000010 0.000010
0.046433 0.000010 0.000010 0.137383 0.000010 0.063897 0.000010 0.090136 0.574067 0.000010 0.018979 0.069055
0.089111 0.000010 0.000010 0.078368 0.000010 0.000010 0.012016 0.135973 0.556317 0.002003 0.000010 0.126161
0.000010 0.000010 0.000010 0.000010 0.000010 0.999890 0.000010 0.000010 0.000010 0.000010 0.000010 0.000010
0.000010 0.000010 0.353722 0.000010 0.117129 0.529058 0.000010 0.000010 0.000010 0.000010 0.000010 0.000010
0.000010 0.000010 0.556741 0.000010 0.205153 0.091406 0.008001 0.000010 0.000010 0.000010 0.000010 0.138630
0.000010 0.000010 0.000010 0.000010 0.000010 0.999890 0.000010 0.000010 0.000010 0.000010 0.000010 0.000010
0.000010 0.000010 0.000010 0.000010 0.000010 0.999890 0.000010 0.000010 0.000010 0.000010 0.000010 0.000010
0.000010 0.000010 0.091797 0.000010 0.000010 0.908103 0.000010 0.000010 0.000010 0.000010 0.000010 0.000010
0.000010 0.000010 0.000010 0.000010 0.000010 0.000010 0.000010 0.027551 0.972349 0.000010 0.000010 0.000010
0.040333 0.000010 0.000010 0.000010 0.111449 0.658477 0.038181 0.000010 0.151489 0.000010 0.000010 0.000010
0.000010 0.000010 0.000010 0.000010 0.000010 0.000010 0.000010 0.010759 0.872408 0.000010 0.116743 0.000010
0.000010 0.000010 0.000010 0.035868 0.000010 0.198308 0.025879 0.095156 0.518398 0.000010 0.000010 0.126331
0.000010 0.026162 0.000010 0.089842 0.000010 0.208400 0.000010 0.000010 0.603216 0.000010 0.072310 0.000010
0.000010 0.000010 0.000010 0.000010 0.000010 0.147641 0.000010 0.000010 0.704978 0.000010 0.071584 0.075716
0.000010 0.037814 0.000010 0.005462 0.000010 0.253946 0.000010 0.000010 0.519152 0.157127 0.026439 0.000010
0.151832 0.000010 0.207582 0.000010 0.000010 0.000010 0.000010 0.000010 0.188399 0.452107 0.000010 0.000010
0.000010 0.000010 0.000010 0.000010 0.000010 0.000010 0.000010 0.000010 0.620829 0.000010 0.000010 0.379071
0.000010 0.000010 0.000010 0.007615 0.000010 0.000010 0.013344 0.231624 0.747337 0.000010 0.000010 0.000010
0.111034 0.000010 0.064209 0.000010 0.000010 0.000010 0.000010 0.097810 0.701426 0.000010 0.000010 0.025452
0.147563 0.000010 0.000010 0.000010 0.000010 0.000010 0.000010 0.000010 0.304604 0.547743 0.000010 0.000010
0.000010 0.000017 0.000010 0.004828 0.678585 0.194243 0.000010 0.034277 0.000010 0.000010 0.000010 0.087990
0.000010 0.000010 0.000010 0.000010 0.819418 0.000010 0.000010 0.001681 0.154234 0.024587 0.000010 0.000010
0.239584 0.000010 0.053065 0.000010 0.192335 0.000010 0.046912 0.000010 0.377760 0.000010 0.000010 0.090285
0.015604 0.011960 0.066732 0.000010 0.000010 0.000010 0.031281 0.174272 0.531687 0.042755 0.000010 0.125669
0.053583 0.000010 0.057694 0.584139 0.000010 0.000010 0.021225 0.005151 0.000010 0.278149 0.000010 0.000010
0.000010 0.000010 0.000010 0.618010 0.000010 0.050147 0.056552 0.000010 0.000010 0.275211 0.000010 0.000010
0.042202 0.000010 0.039526 0.016104 0.484003 0.117762 0.106448 0.054319 0.116059 0.000010 0.023547 0.000010
0.005563 0.030915 0.017196 0.397936 0.000010 0.000010 0.000010 0.055125 0.000010 0.493206 0.000010 0.000010
0.000010 0.038745 0.035165 0.000010 0.000010 0.000010 0.036381 0.000010 0.243898 0.645740 0.000010 0.000010
0.000010 0.000010 0.000010 0.000010 0.780763 0.108664 0.000010 0.000010 0.110483 0.000010 0.000010 0.000010
0.065282 0.004571 0.117246 0.000010 0.000010 0.000010 0.001162 0.057101 0.000010 0.754577 0.000010 0.000010
0.000010 0.000010 0.270024 0.000010 0.111835 0.068918 0.048516 0.000010 0.257691 0.163145 0.079821 0.000010
0.000010 0.000010 0.000010 0.000010 0.017904 0.179685 0.000010 0.104397 0.584165 0.000010 0.020820 0.092968
0.036001 0.000010 0.518158 0.000010 0.072749 0.000010 0.038090 0.000010 0.334932 0.000010 0.000010 0.000010
0.000010 0.000010 0.059222 0.000010 0.017391 0.000010 0.067717 0.033855 0.088788 0.695414 0.000010 0.037563
0.000010 0.000010 0.140662 0.000010 0.000010 0.470372 0.000010 0.000010 0.371158 0.000010 0.000010 0.017728
0.025391 0.000010 0.000010 0.000010 0.054670 0.273791 0.000010 0.150060 0.457284 0.026792 0.011963 0.000010
0.000010 0.000010 0.000010 0.000010 0.226569 0.110282 0.000010 0.341212 0.262578 0.000010 0.007651 0.051649
0.000010 0.002724 0.056464 0.060803 0.000010 0.000010 0.013914 0.348402 0.471946 0.000010 0.000010 0.045697
0.000010 0.000010 0.004608 0.000010 0.073701 0.000010 0.000010 0.390329 0.071458 0.000010 0.004370 0.455474
0.000010 0.000010 0.049674 0.008039 0.120300 0.287025 0.000010 0.000010 0.343587 0.000010 0.000010 0.191314
0.000010 0.000010 0.045110 0.000010 0.112393 0.006270 0.000010 0.000010 0.476215 0.133356 0.007675 0.218931
0.000010 0.031462 0.013622 0.011807 0.196716 0.170993 0.000010 0.095539 0.413954 0.065867 0.000010 0.000010
0.000010 0.000010 0.000010 0.000010 0.025991 0.000010 0.000010 0.585883 0.000010 0.000010 0.000010 0.388036
0.000010 0.000010 0.000010 0.000010 0.109180 0.000010 0.000010 0.044327 0.000013 0.013548 0.000010 0.832862
0.029276 0.000010 0.204244 0.010963 0.000010 0.000010 0.000011 0.000010 0.050283 0.642648 0.031037 0.031499
0.118358 0.000010 0.000010 0.000010 0.023080 0.000010 0.000010 0.047428 0.152029 0.586331 0.000010 0.072714
