0.538570 0.000010 0.077630 0.383790
0.000010 0.000010 0.073779 0.926201
0.000010 0.000010 0.000010 0.999970
0.030098 0.076093 0.000010 0.893799
0.000010 0.078112 0.000010 0.921868
0.000010 0.000010 0.000010 0.999970
0.000010 0.000010 0.000010 0.999970
0.000010 0.055208 0.000010 0.944772
0.999970 0.000010 0.000010 0.000010
0.999970 0.000010 0.000010 0.000010
0.000010 0.999970 0.000010 0.000010
0.000010 0.539794 0.000010 0.460186
0.000010 0.999970 0.000010 0.000010
0.000010 0.999970 0.000010 0.000010
0.000010 0.969039 0.001957 0.028993
0.000010 0.000010 0.067108 0.932872
0.000010 0.036636 0.010089 0.953265
0.624633 0.375347 0.000010 0.000010
0.415387 0.111516 0.115350 0.357747
0.000010 0.046421 0.000010 0.953559
0.000010 0.999970 0.000010 0.000010
0.000010 0.999970 0.000010 0.000010
0.000010 0.087932 0.000010 0.912048
0.000010 0.999970 0.000010 0.000010
0.000010 0.000010 0.039240 0.960740
0.000010 0.000010 0.067968 0.932012
0.000010 0.015282 0.000010 0.984698
0.000010 0.000010 0.000010 0.999970
0.000010 0.000010 0.004034 0.995946
0.000010 0.000010 0.000010 0.999970
0.999970 0.000010 0.000010 0.000010
0.548511 0.080855 0.000010 0.370624
0.000010 0.000010 0.000010 0.999970
0.000010 0.000010 0.008903 0.991077
0.000010 0.000010 0.000010 0.999970
0.000010 0.000010 0.023588 0.976392
0.000010 0.083620 0.000010 0.916360
0.000010 0.000010 0.028705 0.971275
0.200332 0.070308 0.149508 0.579852
0.000010 0.000010 0.000010 0.999970
0.497262 0.101976 0.111461 0.289302
0.000010 0.999970 0.000010 0.000010
0.000010 0.999970 0.000010 0.000010
0.000010 0.999970 0.000010 0.000010
0.037727 0.962253 0.000010 0.000010
0.000010 0.999970 0.000010 0.000010
0.000010 0.999970 0.000010 0.000010
0.000010 0.999970 0.000010 0.000010
0.367730 0.072731 0.000010 0.559529
0.552604 0.447376 0.000010 0.000010
0.000010 0.999970 0.000010 0.000010
0.000010 0.000010 0.000010 0.999970
0.000010 0.999970 0.000010 0.000010
0.318268 0.681712 0.000010 0.000010
0.000010 0.000010 0.032066 0.967914
0.000010 0.999970 0.000010 0.000010
0.824855 0.157511 0.017625 0.000010
0.823206 0.176774 0.000010 0.000010
0.525039 0.458171 0.005497 0.011293
0.198193 0.056275 0.000010 0.745522
0.000010 0.000010 0.107566 0.892414
0.276895 0.114131 0.000010 0.608963
0.445576 0.000010 0.039379 0.515035
0.412529 0.000010 0.000010 0.587451
0.000010 0.017635 0.043185 0.939169
0.000010 0.081403 0.000010 0.918577
0.068304 0.000010 0.000010 0.931676
0.000010 0.057697 0.000010 0.942283
0.865532 0.134448 0.000010 0.000010
0.722099 0.208998 0.068893 0.000010
0.000010 0.000010 0.096474 0.903506
0.956267 0.043713 0.000010 0.000010
0.679624 0.131871 0.188494 0.000010
0.682495 0.123842 0.000010 0.193653
0.727968 0.185520 0.072313 0.014199
0.730243 0.000010 0.076903 0.192844
0.103601 0.000010 0.134577 0.761812
0.311587 0.000010 0.000010 0.688393
0.016000 0.000010 0.039483 0.944508
0.637715 0.181783 0.119528 0.060974
0.000010 0.000010 0.022342 0.977638
0.000010 0.051799 0.000010 0.948181
0.000010 0.015356 0.000010 0.984624
0.000010 0.015706 0.000010 0.984274
0.000010 0.053341 0.000010 0.946639
0.000010 0.000010 0.078371 0.921609
0.077982 0.000010 0.027244 0.894764
0.000010 0.999970 0.000010 0.000010
0.228338 0.000010 0.659523 0.112129
0.000010 0.999970 0.000010 0.000010
0.000010 0.999970 0.000010 0.000010
0.000010 0.999970 0.000010 0.000010
0.473501 0.472863 0.053627 0.000010
0.048811 0.125681 0.000010 0.825498
0.219876 0.000010 0.046485 0.733628
0.000010 0.000010 0.000010 0.999970
0.276890 0.011715 0.594620 0.116775
0.731965 0.074080 0.000010 0.193945
0.077093 0.083214 0.142494 0.697199
0.273237 0.088830 0.000010 0.637923
0.132978 0.011222 0.050527 0.805274
0.000010 0.041179 0.000010 0.958801
0.434360 0.209304 0.041517 0.314818
0.004910 0.103450 0.000010 0.891630
0.002294 0.000010 0.079360 0.918336
0.001755 0.034413 0.134085 0.829747
0.356779 0.000010 0.000010 0.643201
0.760637 0.123677 0.115676 0.000010
0.831558 0.108767 0.000010 0.059665
0.000010 0.014813 0.011684 0.973494
0.000010 0.000010 0.000010 0.999970
0.611150 0.092842 0.295998 0.000010
0.279736 0.000010 0.650855 0.069400
0.000010 0.000010 0.989852 0.010128
0.000010 0.000010 0.999970 0.000010
0.571380 0.428600 0.000010 0.000010
0.000010 0.019496 0.025390 0.955104
0.198307 0.130334 0.000010 0.671349
0.000010 0.000010 0.000010 0.999970
0.487508 0.105028 0.000010 0.407454
0.000010 0.000010 0.026710 0.973270
0.012582 0.000010 0.000010 0.987398
0.000010 0.000010 0.999970 0.000010
0.328927 0.026517 0.055379 0.589176
0.000010 0.000010 0.999970 0.000010
0.000010 0.000010 0.999970 0.000010
0.000010 0.000010 0.999970 0.000010
0.290620 0.145758 0.076727 0.486896
0.000010 0.014423 0.039543 0.946024
0.000010 0.000647 0.078762 0.920582
0.356449 0.120041 0.241051 0.282458
0.465886 0.195370 0.334758 0.003986
0.999970 0.000010 0.000010 0.000010
0.294835 0.009843 0.000010 0.695312
0.000010 0.000010 0.000010 0.999970
0.671307 0.200089 0.000010 0.128594
0.547803 0.372033 0.080154 0.000010
0.345728 0.215497 0.000010 0.438765
0.000010 0.030481 0.000010 0.969499
0.000010 0.053019 0.000010 0.946961
0.000010 0.000010 0.029256 0.970724
0.000010 0.039710 0.000010 0.960270
0.603712 0.393273 0.003005 0.000010
0.137208 0.048031 0.000010 0.814750
0.449567 0.327700 0.025846 0.196887
0.325598 0.000010 0.000010 0.674382
0.706703 0.293277 0.000010 0.000010
0.809786 0.102400 0.083670 0.004144
0.845154 0.154826 0.000010 0.000010
0.874125 0.125855 0.000010 0.000010
0.788651 0.211329 0.000010 0.000010
0.000010 0.000010 0.999970 0.000010
0.000010 0.000010 0.000010 0.999970
0.000010 0.064914 0.000010 0.935066
0.667435 0.120620 0.211935 0.000010
0.000010 0.000010 0.091057 0.908923
0.810632 0.177541 0.011817 0.000010
0.000010 0.000010 0.000010 0.999970
0.000010 0.059688 0.003135 0.937166
0.018829 0.035415 0.028315 0.917441
0.240929 0.063587 0.113261 0.582222
0.173885 0.000010 0.000010 0.826095
0.036716 0.021995 0.000010 0.941280
0.671451 0.075705 0.000010 0.252833
0.399155 0.000010 0.000010 0.600825
0.614784 0.168039 0.057941 0.159236
0.205574 0.000010 0.006634 0.787782
0.305988 0.034324 0.024494 0.635194
0.410988 0.000010 0.000010 0.588992
0.394203 0.000010 0.017620 0.588166
0.054362 0.106299 0.000010 0.839329
0.000010 0.000010 0.027756 0.972224
0.099066 0.000010 0.000010 0.900914
0.433190 0.065510 0.002874 0.498425
0.808463 0.102428 0.000010 0.089099
0.000010 0.000010 0.095852 0.904128
0.201394 0.085358 0.000010 0.713238
0.000010 0.048509 0.951471 0.000010
0.000010 0.018678 0.977597 0.003715
0.267858 0.187101 0.000010 0.545032
0.000010 0.000010 0.999970 0.000010
0.000010 0.032470 0.967510 0.000010
0.057699 0.026715 0.655973 0.259613
0.837036 0.000010 0.006271 0.156683
0.000010 0.073826 0.926154 0.000010
0.000010 0.012705 0.954336 0.032950
0.005970 0.025531 0.968488 0.000010
0.000010 0.008833 0.000010 0.991147
0.000010 0.000010 0.108108 0.891872
0.491128 0.000010 0.192822 0.316039
0.125253 0.000010 0.000010 0.874727
0.000010 0.000010 0.967138 0.032842
0.332535 0.113620 0.000010 0.553834
0.081004 0.000010 0.918976 0.000010
0.049693 0.000010 0.950287 0.000010
0.099486 0.005416 0.052542 0.842556
0.000010 0.000010 0.076749 0.923231
0.000010 0.024301 0.898773 0.076916
0.044420 0.000010 0.063861 0.891709
0.516712 0.000010 0.126448 0.356830
0.000010 0.000010 0.999970 0.000010
0.006476 0.011961 0.942456 0.039107
0.000010 0.000010 0.999970 0.000010
0.355299 0.034598 0.000010 0.610094
0.852172 0.055078 0.000010 0.092740
0.449887 0.000010 0.000010 0.550093
0.244273 0.053604 0.110402 0.591721
0.102697 0.000010 0.790006 0.107287
0.000010 0.000010 0.999970 0.000010
0.000010 0.103382 0.790202 0.106405
0.000010 0.015646 0.970502 0.013842
0.000010 0.000010 0.094870 0.905110
0.953431 0.000010 0.046549 0.000010
0.000010 0.076577 0.000010 0.923403
0.000010 0.089473 0.000010 0.910507
0.036285 0.000010 0.000010 0.963695
0.703155 0.100323 0.112502 0.084020
0.000010 0.000010 0.999970 0.000010
0.884109 0.115871 0.000010 0.000010
0.652189 0.000010 0.063713 0.284088
0.038312 0.032287 0.862641 0.066759
0.022963 0.000010 0.929758 0.047268
0.000019 0.000010 0.999961 0.000010
0.000010 0.083999 0.884636 0.031355
0.000010 0.000010 0.000010 0.999970
0.000010 0.016743 0.000010 0.983237
0.000010 0.063177 0.000010 0.936803
0.037341 0.000010 0.962639 0.000010
0.000010 0.000010 0.000010 0.999970
0.000010 0.064956 0.016521 0.918513
0.045208 0.034546 0.000010 0.920235
0.000010 0.020137 0.955526 0.024327
0.000010 0.000010 0.999970 0.000010
0.025831 0.000010 0.809928 0.164231
0.007135 0.000010 0.834328 0.158527
0.034949 0.011740 0.848360 0.104951
0.062622 0.042552 0.877858 0.016967
0.000010 0.013142 0.986838 0.000010
0.000010 0.021615 0.868708 0.109667
0.208177 0.057982 0.062675 0.671166
0.000010 0.177979 0.000010 0.822001
0.000010 0.000010 0.907862 0.092118
0.000010 0.041000 0.901326 0.057663
0.000010 0.021342 0.058138 0.920511
0.000010 0.036936 0.000010 0.963044
0.000010 0.038089 0.000010 0.961891
0.206425 0.016336 0.652070 0.125169
0.000010 0.000010 0.000010 0.999970
0.000010 0.019240 0.050013 0.930737
0.000010 0.000010 0.999970 0.000010
0.304925 0.182746 0.111399 0.400930
0.219807 0.046386 0.000010 0.733797
0.000010 0.000010 0.999970 0.000010
0.353037 0.000010 0.226240 0.420713
0.154765 0.019944 0.000010 0.825281
0.146110 0.000010 0.029007 0.824874
0.444087 0.075863 0.000010 0.480040
0.999970 0.000010 0.000010 0.000010
0.103261 0.027159 0.000010 0.869570
0.488754 0.025325 0.210082 0.275839
0.000010 0.000010 0.097149 0.902831
0.674016 0.000010 0.000010 0.325964
0.000010 0.000010 0.999970 0.000010
0.000010 0.148259 0.060691 0.791040
0.304639 0.000010 0.000010 0.695341
0.112911 0.058048 0.096019 0.733022
0.587859 0.056147 0.355984 0.000010
0.164475 0.000010 0.060407 0.775107
0.055228 0.000010 0.148175 0.796587
0.052566 0.026125 0.131556 0.789753
0.000010 0.000010 0.000010 0.999970
0.448684 0.000010 0.000010 0.551296
0.598550 0.000010 0.000010 0.401430
0.000010 0.000010 0.000010 0.999970
0.000010 0.000010 0.000010 0.999970
0.084318 0.000010 0.020021 0.895651
0.000010 0.000010 0.017510 0.982470
0.228929 0.000010 0.013167 0.757894
0.000010 0.042764 0.091600 0.865627
0.000010 0.000010 0.018732 0.981248
0.080670 0.011141 0.154172 0.754017
0.026532 0.000010 0.128823 0.844635
0.052851 0.021328 0.158730 0.767091
0.289232 0.000010 0.383895 0.326863
0.000010 0.000010 0.000010 0.999970
0.000010 0.022943 0.000010 0.977037
0.080582 0.000010 0.033303 0.886105
0.155694 0.000010 0.542940 0.301356
0.191728 0.005643 0.000010 0.802619
0.317695 0.007967 0.025830 0.648509
0.327266 0.056949 0.000010 0.615775
0.146280 0.000010 0.099470 0.754241
0.068512 0.024688 0.906789 0.000010
0.000010 0.013270 0.953671 0.033050
0.333309 0.096359 0.038802 0.531529
0.062918 0.011667 0.905347 0.020068
0.121469 0.003670 0.622408 0.252453
0.215581 0.000010 0.000010 0.784399
0.153761 0.040856 0.669323 0.136059
0.202291 0.088601 0.181343 0.527765
0.000010 0.000010 0.019221 0.980759
0.472479 0.097689 0.000010 0.429823
0.008525 0.046736 0.735446 0.209293
0.032663 0.062889 0.000010 0.904438
0.073755 0.004887 0.057929 0.863429
0.000010 0.000010 0.000010 0.999970
0.000010 0.022349 0.081217 0.896425
0.000010 0.000010 0.000010 0.999970
0.024228 0.005585 0.000010 0.970177
0.032502 0.000010 0.164495 0.802993
0.031396 0.000010 0.128811 0.839782
0.000010 0.063579 0.000010 0.936401
0.000010 0.000010 0.000010 0.999970
0.216098 0.000010 0.689174 0.094718
0.029914 0.032905 0.656494 0.280687
