0.149834 0.000010 0.450621 0.013397 0.291837 0.000010 0.000010 0.000010 0.000010 0.076229 0.000010 0.018021
0.174986 0.046816 0.000010 0.000010 0.000010 0.000010 0.000010 0.167286 0.000010 0.000010 0.610832 0.000010
0.093752 0.000010 0.068299 0.000010 0.000010 0.000010 0.000010 0.837859 0.000010 0.000010 0.000010 0.000010
0.066118 0.144412 0.004132 0.000010 0.017227 0.007844 0.000010 0.617606 0.076914 0.036627 0.000010 0.029089
0.000010 0.231052 0.025579 0.000010 0.000010 0.000010 0.000010 0.582265 0.161023 0.000010 0.000010 0.000010
0.148611 0.181171 0.000010 0.000010 0.000010 0.000010 0.000010 0.631556 0.000010 0.000010 0.038581 0.000010
0.153792 0.051960 0.121028 0.000010 0.000010 0.000010 0.000010 0.673140 0.000010 0.000010 0.000010 0.000010
0.162890 0.000010 0.000010 0.000010 0.000010 0.058663 0.000010 0.731499 0.000010 0.000010 0.000010 0.046869
0.000010 0.064394 0.102176 0.007985 0.482923 0.046604 0.000010 0.000010 0.115501 0.170943 0.009434 0.000010
0.000010 0.000010 0.000010 0.000010 0.000010 0.000010 0.000010 0.000010 0.165995 0.000010 0.833905 0.000010
0.000010 0.000010 0.000010 0.000010 0.000010 0.999890 0.000010 0.000010 0.000010 0.000010 0.000010 0.000010
0.131751 0.000010 0.008527 0.000010 0.114310 0.363156 0.000010 0.218857 0.163339 0.000010 0.000010 0.000010
0.045627 0.000010 0.045560 0.000010 0.652783 0.255950 0.000010 0.000010 0.000010 0.000010 0.000010 0.000010
0.012012 0.000010 0.000010 0.000010 0.654803 0.333095 0.000010 0.000010 0.000010 0.000010 0.000010 0.000010
0.000010 0.000010 0.000010 0.000010 0.812351 0.187549 0.000010 0.000010 0.000010 0.000010 0.000010 0.000010
0.151248 0.000010 0.101579 0.000010 0.000010 0.000010 0.000010 0.000010 0.000010 0.000010 0.747083 0.000010
0.140744 0.046614 0.059966 0.000010 0.000010 0.000010 0.013011 0.739590 0.000010 0.000013 0.000010 0.000010
0.000010 0.000010 0.000010 0.000010 0.765737 0.156480 0.000010 0.000010 0.000010 0.000010 0.077693 0.000010
0.057682 0.000334 0.052665 0.037462 0.387215 0.000010 0.000010 0.379899 0.000014 0.000010 0.000010 0.084690
0.000010 0.135453 0.000010 0.034374 0.212274 0.023639 0.495279 0.000010 0.000010 0.098921 0.000010 0.000010
0.000010 0.099591 0.000010 0.000010 0.000010 0.047913 0.000010 0.852406 0.000010 0.000010 0.000010 0.000010
0.000010 0.000010 0.000010 0.000010 0.000010 0.999890 0.000010 0.000010 0.000010 0.000010 0.000010 0.000010
0.000010 0.000010 0.000010 0.000010 0.000010 0.999890 0.000010 0.000010 0.000010 0.000010 0.000010 0.000010
0.032078 0.043798 0.154922 0.000010 0.000010 0.025880 0.000010 0.712499 0.000010 0.030763 0.000010 0.000010
0.000010 0.000010 0.000010 0.000010 0.000010 0.999890 0.000010 0.000010 0.000010 0.000010 0.000010 0.000010
0.146990 0.043846 0.153155 0.009347 0.000010 0.003678 0.000010 0.642925 0.000010 0.000010 0.000010 0.000010
0.095058 0.070045 0.000010 0.000010 0.000010 0.000010 0.047605 0.786106 0.000010 0.000010 0.001116 0.000010
0.000010 0.999890 0.000010 0.000010 0.000010 0.000010 0.000010 0.000010 0.000010 0.000010 0.000010 0.000010
0.137988 0.000010 0.000010 0.000010 0.000010 0.025410 0.000010 0.822499 0.014024 0.000010 0.000010 0.000010
0.000010 0.000010 0.000010 0.001958 0.000010 0.000010 0.000010 0.997942 0.000010 0.000010 0.000010 0.000010
0.136502 0.100580 0.182618 0.000010 0.000010 0.000010 0.000010 0.544664 0.000010 0.000010 0.035567 0.000010
0.132877 0.172555 0.000010 0.000010 0.000010 0.000010 0.000010 0.497144 0.000010 0.000010 0.197344 0.000010
0.240127 0.000010 0.000010 0.033682 0.049655 0.000010 0.000010 0.090510 0.020933 0.565034 0.000010 0.000010
0.155987 0.078169 0.000010 0.000010 0.000010 0.000010 0.000010 0.656791 0.023739 0.006596 0.078658 0.000010
0.000010 0.000010 0.000010 0.000010 0.000010 0.000010 0.000010 0.964597 0.000010 0.000010 0.035303 0.000010
0.000010 0.000010 0.004350 0.239478 0.238189 0.000010 0.000010 0.007531 0.045509 0.171137 0.136978 0.156788
0.000010 0.982972 0.016928 0.000010 0.000010 0.000010 0.000010 0.000010 0.000010 0.000010 0.000010 0.000010
0.303306 0.042594 0.001558 0.000010 0.000010 0.000010 0.000010 0.404836 0.047084 0.000010 0.200562 0.000010
0.000010 0.000010 0.134212 0.000010 0.000010 0.017589 0.000010 0.277542 0.023568 0.547020 0.000010 0.000010
0.159629 0.215502 0.000010 0.064137 0.026761 0.000010 0.000010 0.533901 0.000010 0.000010 0.000010 0.000010
0.000010 0.205384 0.000010 0.083810 0.000010 0.000010 0.039514 0.000010 0.000010 0.611982 0.000010 0.059240
0.205031 0.125790 0.021222 0.000010 0.019277 0.000010 0.008316 0.505891 0.000010 0.000010 0.114423 0.000010
0.336874 0.008892 0.000010 0.000010 0.049095 0.000010 0.150203 0.000010 0.329803 0.110280 0.014803 0.000010
0.156790 0.000010 0.000010 0.000010 0.000010 0.000010 0.000010 0.703985 0.017800 0.000010 0.121345 0.000010
0.087310 0.088543 0.000010 0.091472 0.000010 0.000010 0.000010 0.082244 0.083064 0.468993 0.000010 0.098323
0.000010 0.000010 0.000010 0.000010 0.641786 0.358114 0.000010 0.000010 0.000010 0.000010 0.000010 0.000010
0.000010 0.000010 0.000010 0.000010 0.261404 0.738496 0.000010 0.000010 0.000010 0.000010 0.000010 0.000010
0.000010 0.229802 0.122819 0.008349 0.000010 0.000010 0.000010 0.568531 0.000010 0.000010 0.070430 0.000010
0.000010 0.000010 0.000010 0.000010 0.000010 0.951927 0.047973 0.000010 0.000010 0.000010 0.000010 0.000010
0.000010 0.000010 0.000010 0.000010 0.000010 0.813433 0.000010 0.000010 0.000010 0.186467 0.000010 0.000010
0.000010 0.000010 0.000010 0.000010 0.000010 0.999890 0.000010 0.000010 0.000010 0.000010 0.000010 0.000010
0.000010 0.000010 0.000010 0.032004 0.000010 0.826026 0.000010 0.001516 0.000010 0.140374 0.000010 0.000010
0.000010 0.000010 0.000010 0.000010 0.000010 0.999890 0.000010 0.000010 0.000010 0.000010 0.000010 0.000010
0.107749 0.087248 0.682311 0.000010 0.096916 0.025705 0.000010 0.000010 0.000010 0.000010 0.000010 0.000010
0.000010 0.111048 0.000010 0.000010 0.538255 0.285597 0.000010 0.018462 0.000010 0.046567 0.000010 0.000010
0.000010 0.000010 0.000010 0.000010 0.409595 0.590305 0.000010 0.000010 0.000010 0.000010 0.000010 0.000010
0.000010 0.000010 0.044184 0.000010 0.329542 0.626185 0.000010 0.000010 0.000010 0.000010 0.000010 0.000010
0.197910 0.000010 0.000010 0.265996 0.144671 0.000010 0.193419 0.000010 0.000010 0.000010 0.148502 0.049442
0.123413 0.227317 0.000010 0.000010 0.000010 0.000010 0.000010 0.610964 0.038225 0.000010 0.000010 0.000010
0.000010 0.000010 0.000010 0.405033 0.000010 0.064326 0.000010 0.000010 0.000010 0.000010 0.394477 0.136085
0.000010 0.000010 0.000010 0.000010 0.000010 0.999890 0.000010 0.000010 0.000010 0.000010 0.000010 0.000010
0.000010 0.055386 0.000010 0.000010 0.560890 0.369991 0.000010 0.000010 0.000010 0.013654 0.000010 0.000010
0.000010 0.037826 0.000010 0.042779 0.623132 0.266510 0.000010 0.000010 0.000010 0.000010 0.029684 0.000010
0.122112 0.000010 0.000010 0.000010 0.000010 0.000010 0.000010 0.000010 0.877788 0.000010 0.000010 0.000010
0.000010 0.033973 0.000010 0.000010 0.110412 0.832991 0.000010 0.000010 0.020770 0.001784 0.000010 0.000010
0.000010 0.000010 0.000010 0.000010 0.000010 0.000010 0.000010 0.000010 0.973156 0.000010 0.026744 0.000010
0.071662 0.000010 0.000010 0.000010 0.920998 0.000010 0.000010 0.000010 0.000010 0.000010 0.007250 0.000010
0.080981 0.000010 0.000010 0.000010 0.311239 0.018138 0.000010 0.000010 0.000010 0.589562 0.000010 0.000010
0.000010 0.000010 0.000010 0.000010 0.645016 0.266658 0.000010 0.045296 0.000010 0.042949 0.000010 0.000010
0.170532 0.048095 0.000010 0.000010 0.000010 0.047732 0.108921 0.019843 0.319336 0.107970 0.177531 0.000010
0.153997 0.011008 0.000010 0.035410 0.000010 0.000010 0.000010 0.330488 0.118937 0.000010 0.350101 0.000010
0.229445 0.168300 0.018537 0.000010 0.000010 0.006105 0.000010 0.000010 0.231419 0.327057 0.019087 0.000010
0.251281 0.000010 0.194973 0.004098 0.154776 0.008333 0.000010 0.049208 0.057594 0.176592 0.103114 0.000010
0.128780 0.014104 0.223767 0.000010 0.013193 0.000010 0.000010 0.077641 0.069202 0.399985 0.073290 0.000010
0.000010 0.251468 0.000010 0.222005 0.111072 0.084777 0.000010 0.000010 0.000010 0.224602 0.000010 0.106016
0.000010 0.009457 0.000010 0.000010 0.000010 0.000010 0.000010 0.834080 0.096403 0.059979 0.000010 0.000010
0.055903 0.329623 0.000010 0.000010 0.000010 0.007787 0.022064 0.572788 0.000010 0.011774 0.000010 0.000010
0.000010 0.181829 0.007728 0.000010 0.000010 0.000010 0.022852 0.000010 0.787511 0.000010 0.000010 0.000010
0.000010 0.019264 0.000010 0.000010 0.000010 0.002031 0.000010 0.101313 0.877313 0.000010 0.000010 0.000010
0.035834 0.000010 0.000010 0.070112 0.744885 0.048384 0.000010 0.000010 0.000010 0.097092 0.000010 0.003633
0.000010 0.437126 0.212785 0.049974 0.022121 0.000010 0.000010 0.277924 0.000010 0.000010 0.000010 0.000010
0.000010 0.030412 0.027354 0.016224 0.621660 0.094739 0.000010 0.000010 0.157577 0.051983 0.000010 0.000010
0.294650 0.000010 0.000010 0.015954 0.000010 0.000010 0.006993 0.205514 0.086181 0.002738 0.387919 0.000010
0.044833 0.000010 0.000010 0.020703 0.934374 0.000010 0.000010 0.000010 0.000010 0.000010 0.000010 0.000010
0.117320 0.000010 0.121605 0.037821 0.569749 0.044806 0.000010 0.000010 0.019048 0.055850 0.000010 0.033761
0.000010 0.392435 0.050054 0.000010 0.000010 0.000010 0.036511 0.256045 0.000010 0.164144 0.100750 0.000010
0.143313 0.000010 0.000010 0.066295 0.000010 0.000010 0.000010 0.000010 0.000010 0.790302 0.000010 0.000010
0.088618 0.029851 0.000010 0.032461 0.570879 0.115808 0.025807 0.000010 0.000010 0.094562 0.038345 0.003640
0.000010 0.000010 0.046713 0.092459 0.828965 0.031784 0.000010 0.000010 0.000010 0.000010 0.000010 0.000010
0.000010 0.000010 0.040246 0.000010 0.000010 0.000010 0.000010 0.000010 0.000010 0.890445 0.069219 0.000010
0.000010 0.085615 0.154630 0.000010 0.000010 0.000010 0.000010 0.018663 0.218143 0.522879 0.000010 0.000010
0.045727 0.000010 0.194485 0.000010 0.000010 0.000010 0.000010 0.000010 0.034968 0.657037 0.067713 0.000010
0.000010 0.000010 0.481002 0.024187 0.000010 0.000010 0.000010 0.000010 0.000010 0.000010 0.000010 0.494721
0.000010 0.080457 0.000010 0.077347 0.000010 0.029189 0.000010 0.000010 0.777451 0.035486 0.000010 0.000010
0.000010 0.149407 0.236474 0.000010 0.065936 0.000010 0.000010 0.383034 0.076661 0.088428 0.000010 0.000010
0.186059 0.025334 0.000010 0.031238 0.000010 0.000010 0.000010 0.145024 0.235073 0.292301 0.084922 0.000010
0.172967 0.041866 0.000010 0.000010 0.014620 0.000010 0.000010 0.153386 0.023586 0.053249 0.540276 0.000010
0.000010 0.231563 0.218805 0.000010 0.000010 0.000010 0.143579 0.057421 0.000010 0.081716 0.136745 0.130122
0.176218 0.000010 0.046131 0.028825 0.447185 0.111512 0.000010 0.000010 0.000010 0.133578 0.000010 0.056501
0.051601 0.000010 0.000010 0.042001 0.000010 0.020837 0.000010 0.730974 0.000010 0.000010 0.154517 0.000010
0.098315 0.320823 0.000010 0.000010 0.000010 0.000010 0.000010 0.580771 0.000010 0.000010 0.000010 0.000010
0.000010 0.042412 0.000015 0.084701 0.000010 0.000010 0.000010 0.742598 0.000010 0.053586 0.049563 0.027075
0.065328 0.157650 0.047276 0.005027 0.000013 0.000010 0.000010 0.724646 0.000010 0.000010 0.000010 0.000010
0.129619 0.021080 0.000010 0.000010 0.036529 0.000010 0.051544 0.761159 0.000010 0.000010 0.000010 0.000010
0.000010 0.310304 0.000010 0.000010 0.000010 0.000010 0.000010 0.689596 0.000010 0.000010 0.000010 0.000010
0.000010 0.107525 0.000010 0.000010 0.000010 0.000010 0.000010 0.700965 0.000010 0.000010 0.158673 0.032758
0.000010 0.000010 0.005579 0.000010 0.000010 0.000010 0.000010 0.102781 0.875810 0.013771 0.001988 0.000010
0.000010 0.000010 0.000010 0.000010 0.371554 0.628346 0.000010 0.000010 0.000010 0.000010 0.000010 0.000010
0.000010 0.214393 0.000010 0.030746 0.041530 0.026535 0.051853 0.002562 0.124212 0.495334 0.012805 0.000010
0.110812 0.000010 0.000010 0.403772 0.131078 0.000010 0.169862 0.000010 0.000010 0.000010 0.000010 0.184406
0.000010 0.000010 0.000010 0.000010 0.000010 0.999890 0.000010 0.000010 0.000010 0.000010 0.000010 0.000010
0.000010 0.000010 0.000014 0.000010 0.000010 0.895456 0.000010 0.000010 0.000010 0.104440 0.000010 0.000010
0.000010 0.000010 0.000010 0.000010 0.000010 0.999883 0.000010 0.000010 0.000010 0.000017 0.000010 0.000010
0.000010 0.173899 0.000010 0.000010 0.467498 0.149785 0.000010 0.014880 0.000010 0.193868 0.000010 0.000010
0.049054 0.000010 0.000010 0.090078 0.623208 0.237579 0.000010 0.000010 0.000010 0.000010 0.000010 0.000010
0.000010 0.059070 0.000010 0.000010 0.000010 0.089234 0.000010 0.000010 0.851606 0.000010 0.000010 0.000010
0.000010 0.000010 0.354765 0.015483 0.000010 0.000010 0.000010 0.000010 0.000010 0.000010 0.000010 0.629661
0.000010 0.000010 0.000010 0.000010 0.000010 0.000010 0.000010 0.000010 0.962194 0.000010 0.007863 0.029853
0.000010 0.000010 0.000010 0.000010 0.000010 0.999890 0.000010 0.000010 0.000010 0.000010 0.000010 0.000010
0.000010 0.000010 0.325977 0.000438 0.000010 0.000010 0.000010 0.000010 0.000013 0.000010 0.060055 0.613448
0.063045 0.038285 0.000010 0.000010 0.000010 0.000010 0.091629 0.668440 0.000010 0.000010 0.138530 0.000010
0.000010 0.000010 0.296009 0.000010 0.050565 0.000010 0.570900 0.000010 0.000010 0.000010 0.017915 0.064541
0.000010 0.049019 0.000010 0.000010 0.097773 0.000010 0.000010 0.000010 0.000010 0.853119 0.000010 0.000010
0.114997 0.047554 0.000010 0.131589 0.000010 0.000010 0.168793 0.007916 0.000010 0.247033 0.000010 0.282069
0.000010 0.180708 0.040756 0.000010 0.000010 0.000010 0.003448 0.025316 0.000010 0.749702 0.000010 0.000010
0.269853 0.000010 0.000010 0.000010 0.000010 0.073699 0.000010 0.000010 0.493031 0.071095 0.000010 0.092252
0.378751 0.546462 0.000010 0.000010 0.000010 0.040961 0.000010 0.000010 0.000010 0.033745 0.000010 0.000010
0.367947 0.094458 0.011192 0.019580 0.081719 0.002043 0.000010 0.162855 0.040235 0.062205 0.157745 0.000010
0.018670 0.198679 0.000010 0.000010 0.000010 0.000010 0.000010 0.086923 0.695648 0.000010 0.000010 0.000010
0.000010 0.075885 0.000010 0.000010 0.459723 0.086343 0.042997 0.238174 0.089917 0.000010 0.000010 0.006912
0.226006 0.176586 0.000010 0.000010 0.007234 0.000010 0.000010 0.000010 0.488417 0.000010 0.101687 0.000010
0.172569 0.168397 0.000010 0.000010 0.018310 0.004572 0.000010 0.112781 0.000010 0.000010 0.494272 0.029048
0.097579 0.000010 0.103182 0.000010 0.000010 0.001491 0.000010 0.000010 0.640404 0.034036 0.123247 0.000010
0.000010 0.205130 0.000010 0.005176 0.000010 0.000010 0.261521 0.008218 0.000010 0.000010 0.423357 0.096538
0.000010 0.477383 0.077910 0.005033 0.000010 0.000010 0.000010 0.089184 0.291232 0.059197 0.000010 0.000010
0.000010 0.189646 0.000010 0.101872 0.123330 0.046454 0.000010 0.000010 0.000010 0.440978 0.026502 0.071167
0.000010 0.000010 0.067991 0.010522 0.000010 0.000010 0.000010 0.000010 0.656464 0.264944 0.000010 0.000010
0.072187 0.007198 0.066721 0.029721 0.633769 0.000010 0.075296 0.000010 0.011099 0.062457 0.000010 0.041523
0.107923 0.000010 0.000010 0.000010 0.000010 0.000010 0.000010 0.000010 0.010446 0.881541 0.000010 0.000010
0.000010 0.188701 0.075079 0.037269 0.000010 0.011120 0.000010 0.137461 0.000010 0.389843 0.160477 0.000010
0.061291 0.032178 0.149676 0.000010 0.004081 0.000010 0.000010 0.637419 0.115295 0.000010 0.000010 0.000010
0.090598 0.043318 0.000010 0.000010 0.000010 0.000010 0.000010 0.865994 0.000010 0.000010 0.000010 0.000010
0.000010 0.000010 0.000010 0.245972 0.571833 0.000010 0.000010 0.000010 0.000010 0.000010 0.070471 0.111644
0.000010 0.000010 0.067472 0.000012 0.000010 0.000010 0.000010 0.000010 0.000010 0.000010 0.000010 0.932425
0.000010 0.000010 0.000010 0.237997 0.632081 0.000010 0.054651 0.015485 0.000010 0.000010 0.000010 0.059716
0.000010 0.217416 0.012464 0.098054 0.000010 0.007106 0.058360 0.000010 0.000010 0.606540 0.000010 0.000010
0.115096 0.079730 0.000010 0.146178 0.062482 0.000010 0.288375 0.000010 0.000010 0.095960 0.000010 0.212129
0.000010 0.000010 0.473355 0.124966 0.000010 0.000010 0.000010 0.000010 0.000010 0.000010 0.401589 0.000010
0.067987 0.000010 0.026615 0.000010 0.000010 0.000010 0.000010 0.054587 0.011854 0.000010 0.000010 0.838886
0.024242 0.000010 0.366039 0.076499 0.000010 0.013067 0.000010 0.000010 0.000010 0.000010 0.520083 0.000010
0.000010 0.021451 0.217273 0.000010 0.065300 0.000010 0.000010 0.049997 0.067443 0.171600 0.149852 0.257043
0.129281 0.000010 0.000010 0.000010 0.000010 0.000010 0.000010 0.000010 0.000010 0.000010 0.000010 0.870619
0.000010 0.189265 0.111520 0.009426 0.000010 0.000010 0.009364 0.606712 0.054942 0.018721 0.000010 0.000010
0.261248 0.132914 0.111885 0.000010 0.000010 0.000010 0.000010 0.060960 0.117602 0.000010 0.315330 0.000010
0.238864 0.155855 0.033174 0.020871 0.176108 0.000010 0.000010 0.000010 0.375069 0.000010 0.000010 0.000010
0.241817 0.074652 0.083410 0.000010 0.000010 0.000010 0.000010 0.600040 0.000010 0.000010 0.000010 0.000010
0.213738 0.269966 0.000010 0.000010 0.000010 0.074358 0.000010 0.000010 0.134915 0.306954 0.000010 0.000010
0.000010 0.106965 0.187338 0.000010 0.000010 0.000010 0.000010 0.520255 0.000010 0.000010 0.103733 0.081638
0.172448 0.051135 0.073838 0.005786 0.000010 0.000010 0.000010 0.661573 0.035160 0.000010 0.000010 0.000010
0.000010 0.000010 0.000010 0.000010 0.000010 0.000010 0.000010 0.000010 0.000010 0.000010 0.999890 0.000010
0.000010 0.000010 0.000010 0.000010 0.000010 0.000010 0.000010 0.000010 0.000010 0.000010 0.000010 0.999890
0.261767 0.000010 0.000010 0.032193 0.000010 0.000010 0.000010 0.000010 0.150607 0.319600 0.215988 0.019785
0.000010 0.000010 0.000010 0.000010 0.000010 0.011429 0.000010 0.000010 0.000010 0.000010 0.000010 0.988471
0.000010 0.000010 0.020227 0.000010 0.000010 0.000010 0.000010 0.000010 0.000010 0.000010 0.000010 0.979673
0.048484 0.000010 0.000010 0.000010 0.000010 0.000010 0.000010 0.000010 0.000010 0.000010 0.000010 0.951416
0.205856 0.000367 0.000010 0.000010 0.000010 0.049698 0.046196 0.122988 0.043143 0.420135 0.104364 0.007224
0.048319 0.092745 0.056335 0.000010 0.000010 0.036214 0.000010 0.623082 0.143245 0.000010 0.000010 0.000010
0.000010 0.105127 0.107207 0.038564 0.000010 0.000010 0.013718 0.645740 0.000010 0.000010 0.089584 0.000010
0.150241 0.000010 0.000010 0.049820 0.000010 0.000010 0.000758 0.746289 0.028228 0.000010 0.000010 0.024604
0.000010 0.128802 0.000010 0.009703 0.110585 0.147419 0.023118 0.000010 0.000010 0.381961 0.198361 0.000010
0.041379 0.000010 0.000010 0.059102 0.070739 0.077107 0.145078 0.136293 0.048693 0.390024 0.000010 0.031554
0.000010 0.000010 0.073224 0.167053 0.267063 0.000010 0.076861 0.000010 0.000010 0.407348 0.000010 0.008390
0.016948 0.000010 0.000010 0.036998 0.133014 0.098344 0.124117 0.000010 0.000010 0.446097 0.000010 0.144432
0.000010 0.000010 0.174256 0.045654 0.144655 0.000010 0.000010 0.000010 0.004115 0.621962 0.000010 0.009297
0.000010 0.000010 0.267526 0.073894 0.000010 0.087485 0.022359 0.000010 0.000010 0.548666 0.000010 0.000010
0.101771 0.143727 0.006185 0.000010 0.143842 0.033499 0.000010 0.180125 0.000010 0.064771 0.326039 0.000010
0.186010 0.025215 0.136436 0.000010 0.000010 0.000010 0.000010 0.624360 0.027909 0.000010 0.000010 0.000010
0.103644 0.015047 0.000010 0.033139 0.000010 0.043926 0.000010 0.000010 0.059064 0.745120 0.000010 0.000010
0.000010 0.000010 0.000010 0.089530 0.000010 0.000010 0.200630 0.000010 0.412635 0.000010 0.297124 0.000010
0.193372 0.079737 0.000010 0.000010 0.000010 0.066117 0.000010 0.141296 0.000010 0.519408 0.000010 0.000010
0.000010 0.000010 0.141028 0.065198 0.214199 0.000010 0.000010 0.000010 0.000010 0.568956 0.000010 0.010548
0.000010 0.000010 0.000010 0.000010 0.000010 0.000010 0.000010 0.049432 0.000010 0.000010 0.950468 0.000010
0.000010 0.251040 0.000010 0.000010 0.000010 0.000010 0.010520 0.607379 0.000010 0.000010 0.130981 0.000010
0.181821 0.102516 0.120648 0.000010 0.000010 0.000010 0.000010 0.594934 0.000010 0.000010 0.000010 0.000010
0.255971 0.000010 0.000010 0.000010 0.000010 0.000010 0.000010 0.554847 0.000010 0.012431 0.134590 0.042090
0.000010 0.076220 0.241943 0.000010 0.000010 0.061516 0.000010 0.270146 0.128223 0.000010 0.221891 0.000010
0.039528 0.000010 0.020619 0.000010 0.000010 0.051394 0.000010 0.823533 0.000010 0.000010 0.064856 0.000010
0.000010 0.085783 0.082827 0.010927 0.000010 0.000010 0.000010 0.622012 0.000010 0.000010 0.198381 0.000010
0.018041 0.048883 0.000010 0.000010 0.688744 0.217335 0.000010 0.000010 0.000010 0.026926 0.000010 0.000010
0.250836 0.552481 0.000010 0.000010 0.000010 0.000010 0.000010 0.000010 0.000010 0.000010 0.196593 0.000010
0.000010 0.000010 0.341223 0.002797 0.000010 0.000010 0.000010 0.655889 0.000010 0.000010 0.000010 0.000010
0.000010 0.000010 0.156252 0.000010 0.525094 0.210340 0.000010 0.005667 0.102577 0.000010 0.000010 0.000010
0.222213 0.070131 0.426457 0.007216 0.047063 0.000010 0.000010 0.200376 0.026494 0.000010 0.000010 0.000010
0.000010 0.000010 0.000010 0.057956 0.753151 0.071985 0.000010 0.000010 0.000010 0.116828 0.000010 0.000010
0.000010 0.009975 0.000010 0.000010 0.837401 0.068426 0.000010 0.084119 0.000010 0.000010 0.000010 0.000010
0.000010 0.110967 0.000010 0.000020 0.812308 0.000010 0.029399 0.000010 0.000010 0.047236 0.000010 0.000010
0.000010 0.685664 0.000010 0.000010 0.000010 0.000010 0.000010 0.000010 0.314236 0.000010 0.000010 0.000010
0.046697 0.060170 0.000010 0.000010 0.779283 0.046287 0.000010 0.000010 0.000010 0.067493 0.000010 0.000010
0.031579 0.000010 0.000010 0.000010 0.161902 0.074454 0.000010 0.000010 0.000010 0.664688 0.000010 0.067308
0.000010 0.000010 0.014498 0.000010 0.000010 0.000010 0.000010 0.000010 0.000010 0.000010 0.000010 0.985402
0.220788 0.000010 0.000010 0.000010 0.000010 0.000010 0.000010 0.000010 0.735183 0.000010 0.043939 0.000010
0.244869 0.403767 0.000010 0.013963 0.034022 0.006513 0.000010 0.000010 0.000010 0.000010 0.296807 0.000010
0.063023 0.000010 0.000010 0.173480 0.607155 0.000010 0.000010 0.000010 0.000015 0.123929 0.000010 0.032337
0.270462 0.000010 0.000010 0.000017 0.000010 0.000010 0.000010 0.327833 0.060970 0.000010 0.308658 0.031999
0.069615 0.000010 0.000010 0.022053 0.656145 0.061514 0.000010 0.000010 0.000010 0.142645 0.047201 0.000777
0.000010 0.000010 0.000010 0.000010 0.000010 0.000010 0.999890 0.000010 0.000010 0.000010 0.000010 0.000010
0.215232 0.147079 0.000010 0.000010 0.000010 0.000010 0.000010 0.398745 0.041037 0.000010 0.197837 0.000010
0.258756 0.178328 0.000010 0.033781 0.000010 0.011158 0.000010 0.190913 0.234572 0.000010 0.092442 0.000010
0.188788 0.248145 0.000010 0.000010 0.000010 0.000010 0.009885 0.077486 0.391631 0.023178 0.060837 0.000010
0.000010 0.092702 0.142804 0.000010 0.000010 0.000010 0.000010 0.386068 0.072292 0.015353 0.290720 0.000010
0.000010 0.000010 0.056836 0.000010 0.000010 0.028423 0.006466 0.000010 0.569936 0.000010 0.230530 0.107750
0.352769 0.000010 0.000010 0.063826 0.042671 0.000010 0.060626 0.000010 0.038841 0.276657 0.164560 0.000010
0.000010 0.042581 0.032660 0.047296 0.235103 0.000010 0.319915 0.000010 0.000010 0.322385 0.000010 0.000010
0.000010 0.051443 0.090033 0.000010 0.000010 0.000010 0.003646 0.818965 0.000010 0.000010 0.000010 0.035844
0.194455 0.286649 0.000010 0.000010 0.000010 0.000010 0.000010 0.000010 0.485358 0.033459 0.000010 0.000010
0.040801 0.224953 0.022475 0.000010 0.000010 0.000010 0.025871 0.000010 0.289958 0.000010 0.395882 0.000010
0.097630 0.149471 0.000010 0.000010 0.000010 0.063707 0.000010 0.010549 0.478273 0.030767 0.169554 0.000010
0.077838 0.168533 0.000010 0.011570 0.000010 0.000010 0.000010 0.125115 0.000010 0.616873 0.000010 0.000010
0.094203 0.000010 0.620001 0.000010 0.064488 0.000010 0.000010 0.000010 0.000010 0.221227 0.000010 0.000010
0.079990 0.232156 0.000010 0.038908 0.048977 0.000010 0.014813 0.000010 0.000010 0.585079 0.000010 0.000027
0.186975 0.000010 0.725980 0.000010 0.000010 0.000010 0.000010 0.086954 0.000010 0.000010 0.000010 0.000010
0.100449 0.000010 0.899451 0.000010 0.000010 0.000010 0.000010 0.000010 0.000010 0.000010 0.000010 0.000010
0.087468 0.008878 0.903563 0.000010 0.000010 0.000010 0.000010 0.000010 0.000010 0.000010 0.000010 0.000010
0.273849 0.000010 0.144295 0.000010 0.000010 0.000018 0.000010 0.009430 0.067653 0.332563 0.172143 0.000010
0.000010 0.000010 0.932775 0.067125 0.000010 0.000010 0.000010 0.000010 0.000010 0.000010 0.000010 0.000010
0.187993 0.487792 0.000010 0.000010 0.000010 0.000010 0.000010 0.000010 0.324125 0.000010 0.000010 0.000010
0.160982 0.028661 0.000010 0.000010 0.000010 0.000010 0.000010 0.257243 0.000010 0.000010 0.553033 0.000010
0.215207 0.306183 0.000010 0.025732 0.000010 0.007748 0.000010 0.130385 0.292923 0.021773 0.000010 0.000010
0.320635 0.309460 0.000010 0.000010 0.228182 0.000010 0.000010 0.000010 0.000010 0.141643 0.000010 0.000010
0.000010 0.000010 0.199890 0.000010 0.000010 0.007621 0.000010 0.000010 0.000010 0.792399 0.000010 0.000010
0.000010 0.000010 0.000010 0.999890 0.000010 0.000010 0.000010 0.000010 0.000010 0.000010 0.000010 0.000010
0.066424 0.013175 0.159668 0.027907 0.730618 0.000010 0.000010 0.002149 0.000010 0.000010 0.000010 0.000010
0.000010 0.000010 0.000010 0.999890 0.000010 0.000010 0.000010 0.000010 0.000010 0.000010 0.000010 0.000010
0.000010 0.028338 0.018620 0.006646 0.000010 0.000010 0.000010 0.265109 0.002213 0.074594 0.604429 0.000010
0.000010 0.000181 0.000010 0.070835 0.749079 0.121497 0.007487 0.000010 0.000010 0.009489 0.000010 0.041382
0.105136 0.093722 0.012950 0.004868 0.000010 0.000010 0.000010 0.133408 0.000010 0.034420 0.615446 0.000010
0.000010 0.000010 0.000010 0.000010 0.000010 0.000010 0.000010 0.000010 0.000010 0.000010 0.999890 0.000010
0.000010 0.000010 0.000010 0.000010 0.000010 0.000010 0.000010 0.000010 0.000010 0.000010 0.999890 0.000010
0.000016 0.134822 0.141677 0.008891 0.000010 0.000010 0.000010 0.370604 0.010012 0.000010 0.333928 0.000010
0.158636 0.665105 0.000010 0.000010 0.000010 0.000010 0.000010 0.000010 0.124951 0.000010 0.051228 0.000010
0.054520 0.000010 0.000010 0.022198 0.000010 0.000010 0.356565 0.000010 0.000010 0.007065 0.000010 0.559582
0.000010 0.000010 0.000010 0.014584 0.000010 0.054768 0.089254 0.028578 0.000010 0.000010 0.000010 0.812745
0.229425 0.140592 0.000010 0.037236 0.000010 0.073025 0.000010 0.221830 0.001902 0.295941 0.000010 0.000010
0.000010 0.000010 0.000010 0.013668 0.000010 0.038067 0.091810 0.000010 0.012202 0.000010 0.000010 0.844182
0.066430 0.000010 0.000010 0.015928 0.090766 0.000010 0.000010 0.000010 0.032576 0.000010 0.000010 0.794230
0.046164 0.000010 0.041695 0.053042 0.042591 0.000010 0.543783 0.095820 0.000010 0.000010 0.000010 0.176855
0.182458 0.000010 0.000010 0.000010 0.739369 0.000010 0.000010 0.017062 0.000010 0.043945 0.000010 0.017096
0.069469 0.000010 0.000010 0.023926 0.000010 0.000010 0.283745 0.000010 0.000010 0.008114 0.000357 0.614330
0.000010 0.014003 0.000010 0.000010 0.007439 0.029535 0.029276 0.001625 0.041292 0.021532 0.066949 0.788319
0.000010 0.000010 0.000010 0.006571 0.057136 0.015805 0.127468 0.000010 0.027618 0.041358 0.000010 0.723994
0.000010 0.000010 0.000010 0.009915 0.000010 0.000010 0.033250 0.000010 0.000010 0.000010 0.037847 0.918908
0.000010 0.083635 0.000010 0.004504 0.000010 0.000010 0.000010 0.000010 0.000010 0.911771 0.000010 0.000010
0.305099 0.000010 0.000010 0.000010 0.000010 0.000010 0.000010 0.093641 0.058913 0.000010 0.542267 0.000010
0.198793 0.000010 0.000010 0.013528 0.000010 0.000010 0.000010 0.000010 0.000010 0.000010 0.784437 0.003163
0.000010 0.140734 0.087900 0.056192 0.142678 0.062310 0.000010 0.000010 0.000010 0.510125 0.000010 0.000010
0.358144 0.000010 0.094167 0.091341 0.000010 0.000010 0.000010 0.000010 0.025355 0.340234 0.000010 0.090699
0.141723 0.091876 0.043227 0.000010 0.000010 0.000010 0.000010 0.326832 0.199326 0.152075 0.044890 0.000010
0.076878 0.000010 0.000010 0.065904 0.000010 0.000010 0.193435 0.000010 0.000010 0.000010 0.000010 0.663704
0.000010 0.000010 0.083959 0.096384 0.000010 0.000010 0.237729 0.000010 0.000010 0.000010 0.000010 0.581848
0.120322 0.305561 0.000010 0.062483 0.014422 0.000010 0.000010 0.108170 0.147036 0.213290 0.028676 0.000010
0.000964 0.088303 0.104932 0.043287 0.000010 0.000010 0.195465 0.054065 0.195898 0.000010 0.038316 0.278740
0.034386 0.000010 0.000010 0.000010 0.077753 0.000010 0.056404 0.000010 0.013675 0.043867 0.000010 0.773856
0.000010 0.080711 0.000010 0.029479 0.000010 0.000010 0.000010 0.000010 0.000010 0.000010 0.000010 0.889720
0.000010 0.000010 0.177465 0.000010 0.000010 0.000010 0.000010 0.000010 0.000010 0.000010 0.000010 0.822435
0.139089 0.000010 0.070945 0.019097 0.063701 0.000010 0.141064 0.000010 0.000010 0.000010 0.000010 0.566044
0.117545 0.132922 0.000010 0.026226 0.000010 0.000010 0.000010 0.359405 0.201946 0.000010 0.128430 0.033476
0.230318 0.000010 0.068386 0.000010 0.000010 0.000010 0.000010 0.000010 0.000010 0.000010 0.701206 0.000010
0.000010 0.000010 0.000010 0.051091 0.000010 0.000010 0.000010 0.000010 0.179707 0.030539 0.000010 0.738582
0.284437 0.000010 0.000010 0.052825 0.000010 0.000010 0.000010 0.163662 0.000010 0.014525 0.484481 0.000010
0.000010 0.018310 0.726969 0.000010 0.071180 0.061983 0.088122 0.000010 0.000010 0.000864 0.032522 0.000010
0.228841 0.000010 0.000010 0.024830 0.000010 0.000010 0.007382 0.000010 0.098202 0.520684 0.000010 0.120001
0.000010 0.000010 0.000010 0.999890 0.000010 0.000010 0.000010 0.000010 0.000010 0.000010 0.000010 0.000010
0.000010 0.000010 0.778587 0.000010 0.061459 0.000010 0.000010 0.000010 0.000010 0.038638 0.077147 0.044099
0.000010 0.060106 0.098323 0.008480 0.209873 0.000010 0.000010 0.014478 0.019938 0.588751 0.000010 0.000010
0.000010 0.174774 0.295284 0.023714 0.014297 0.000010 0.000010 0.000010 0.000010 0.000010 0.421324 0.070546
0.070085 0.000010 0.000010 0.000010 0.000010 0.000010 0.303027 0.000010 0.000010 0.000010 0.000010 0.626798
0.144845 0.000010 0.000010 0.054196 0.000081 0.000010 0.115179 0.000010 0.000010 0.000010 0.000010 0.685628
0.064219 0.000010 0.000010 0.000010 0.000010 0.000010 0.000010 0.000010 0.000010 0.000010 0.000010 0.935681
0.000010 0.000010 0.036937 0.093117 0.000010 0.000010 0.019152 0.000010 0.000010 0.055369 0.000010 0.795356
0.410693 0.341711 0.000010 0.069230 0.088405 0.000010 0.000010 0.000010 0.000010 0.089891 0.000010 0.000010
0.103137 0.113142 0.102987 0.000010 0.406278 0.000010 0.000010 0.163912 0.029866 0.000010 0.080628 0.000010
0.042793 0.382238 0.072986 0.000010 0.000010 0.000010 0.000010 0.173504 0.000010 0.000010 0.328410 0.000010
0.000010 0.103810 0.275326 0.025686 0.000010 0.000010 0.000010 0.142587 0.269445 0.000010 0.124971 0.058124
0.000010 0.149797 0.208005 0.000010 0.000010 0.000010 0.000010 0.362260 0.000010 0.000010 0.279859 0.000010
0.000010 0.000010 0.798749 0.000010 0.041989 0.000010 0.000010 0.000010 0.000010 0.000010 0.159172 0.000010
0.184939 0.111777 0.014669 0.061779 0.000010 0.000010 0.011192 0.166491 0.035240 0.234752 0.151918 0.027223
0.006143 0.195275 0.342820 0.000010 0.000010 0.000010 0.056989 0.000010 0.078716 0.234597 0.085409 0.000010
0.000010 0.000010 0.999890 0.000010 0.000010 0.000010 0.000010 0.000010 0.000010 0.000010 0.000010 0.000010
0.000010 0.000010 0.043405 0.000011 0.220956 0.000010 0.010900 0.000010 0.000010 0.724657 0.000010 0.000010
0.000010 0.064116 0.000010 0.000010 0.000010 0.000010 0.000010 0.000010 0.000010 0.002022 0.933773 0.000010
0.070463 0.000010 0.023150 0.032749 0.038152 0.000010 0.243976 0.079205 0.000010 0.060037 0.000010 0.452228
0.005653 0.000010 0.126708 0.000010 0.000010 0.000010 0.242967 0.000010 0.000010 0.000010 0.000010 0.624592
0.000010 0.000010 0.050974 0.007148 0.002852 0.052011 0.385753 0.000010 0.069429 0.020615 0.000010 0.411178
0.000010 0.000010 0.272607 0.003072 0.000010 0.000010 0.034871 0.231672 0.000010 0.000010 0.457708 0.000010
0.000010 0.000010 0.023592 0.089306 0.000010 0.000010 0.139130 0.000010 0.000010 0.032372 0.000010 0.715530
0.062235 0.000010 0.038244 0.000010 0.000010 0.000010 0.218941 0.000010 0.000010 0.000010 0.000010 0.680500
0.247771 0.000010 0.180367 0.000010 0.000010 0.000010 0.000010 0.067474 0.000010 0.000010 0.504308 0.000010
0.052914 0.103789 0.000010 0.000010 0.000010 0.000010 0.000010 0.701951 0.116134 0.000010 0.025143 0.000010
0.113395 0.113240 0.000010 0.000010 0.037477 0.014677 0.000010 0.481712 0.062762 0.000010 0.163298 0.013399
0.031947 0.090853 0.138266 0.000010 0.000010 0.000010 0.000010 0.738854 0.000010 0.000010 0.000010 0.000010
0.146089 0.000010 0.000010 0.000010 0.394091 0.048664 0.069251 0.000010 0.000010 0.341835 0.000010 0.000010
0.000010 0.060324 0.306595 0.038458 0.000010 0.000010 0.098772 0.000010 0.014210 0.080682 0.116485 0.284433
0.067739 0.000010 0.000010 0.000010 0.000010 0.000010 0.077504 0.000010 0.000010 0.000010 0.000010 0.854667
0.093490 0.000010 0.000010 0.000010 0.331905 0.043033 0.000010 0.000010 0.000010 0.531493 0.000010 0.000010
0.154913 0.000010 0.000010 0.000010 0.393043 0.000010 0.000010 0.118579 0.000010 0.333385 0.000010 0.000010
0.000010 0.000010 0.000010 0.031298 0.000010 0.022849 0.522264 0.000010 0.000010 0.013913 0.000010 0.409606
0.050522 0.000010 0.000010 0.027116 0.005283 0.003914 0.487760 0.000010 0.000010 0.021319 0.000010 0.404037
0.037870 0.000010 0.000010 0.000010 0.000010 0.000010 0.383497 0.000010 0.000010 0.000010 0.000010 0.578543
0.034727 0.000010 0.000010 0.018275 0.036565 0.000010 0.000010 0.000010 0.000010 0.000010 0.000010 0.910352
0.000010 0.000010 0.000010 0.000010 0.090942 0.000010 0.443214 0.000010 0.000010 0.016722 0.012174 0.436878
0.000010 0.009729 0.000010 0.080391 0.000010 0.000010 0.503237 0.000010 0.000010 0.000010 0.000010 0.406563
0.111494 0.127848 0.000010 0.000010 0.000010 0.000010 0.000010 0.579277 0.181301 0.000010 0.000010 0.000010
0.211823 0.000010 0.000010 0.000010 0.000010 0.000010 0.000010 0.000010 0.022273 0.000010 0.000010 0.765814
0.118410 0.138817 0.000010 0.046261 0.000010 0.000010 0.000010 0.546298 0.064169 0.000010 0.085985 0.000010
0.000010 0.000010 0.115944 0.215908 0.000010 0.000010 0.085478 0.582590 0.000010 0.000010 0.000010 0.000010
0.000010 0.129540 0.026235 0.000010 0.000010 0.000010 0.054929 0.746016 0.000010 0.000010 0.043210 0.000010
0.036602 0.000010 0.000010 0.048288 0.000010 0.000010 0.528509 0.000010 0.000010 0.000010 0.000010 0.386520
0.057176 0.000010 0.022627 0.000010 0.000010 0.000010 0.000010 0.879052 0.041065 0.000010 0.000010 0.000010
0.157605 0.258292 0.028170 0.000010 0.000010 0.051091 0.027629 0.477153 0.000010 0.000010 0.000010 0.000010
0.000010 0.000010 0.000010 0.019068 0.000010 0.000010 0.000010 0.000010 0.000010 0.000010 0.943198 0.037644
0.000010 0.000010 0.452405 0.000010 0.000010 0.000010 0.150393 0.000010 0.050878 0.000010 0.346244 0.000010
0.185838 0.442767 0.000010 0.000010 0.000010 0.000010 0.000010 0.187197 0.126107 0.000010 0.058021 0.000010
0.029583 0.000010 0.000010 0.075626 0.025612 0.025952 0.413794 0.000010 0.013478 0.000010 0.000010 0.415905
0.048298 0.000010 0.000010 0.006935 0.000010 0.000010 0.000010 0.000010 0.000010 0.000010 0.000010 0.944678
0.000010 0.000010 0.003960 0.043028 0.000010 0.000010 0.000010 0.000010 0.023085 0.022515 0.067390 0.839961
0.000010 0.000010 0.073063 0.002561 0.000010 0.000010 0.000010 0.000180 0.000010 0.000010 0.000010 0.924116
0.131009 0.021713 0.000010 0.031222 0.000010 0.000010 0.479236 0.000010 0.037664 0.000010 0.000010 0.299096
0.000010 0.000010 0.000010 0.030251 0.000010 0.000010 0.245009 0.000010 0.062213 0.108997 0.000010 0.553461
0.000010 0.000010 0.000010 0.000010 0.000010 0.000010 0.000010 0.000010 0.000010 0.000010 0.000010 0.999890
0.104662 0.000010 0.000010 0.000010 0.000010 0.000010 0.332418 0.000010 0.055697 0.000010 0.000010 0.507143
0.000010 0.006878 0.000010 0.000010 0.000010 0.000010 0.334338 0.000010 0.091238 0.077750 0.000010 0.489725
0.025579 0.000010 0.000010 0.000010 0.008589 0.000010 0.451948 0.000010 0.000010 0.077434 0.000010 0.436380
0.034005 0.000010 0.000010 0.000010 0.000010 0.000010 0.196619 0.001569 0.019145 0.000010 0.006554 0.742047
0.000010 0.051099 0.000010 0.000010 0.017239 0.000010 0.588961 0.000010 0.000010 0.000010 0.009794 0.332837
0.000010 0.000010 0.249970 0.000010 0.000010 0.000010 0.444269 0.000010 0.000010 0.000010 0.000010 0.305671
0.085363 0.000010 0.000010 0.024198 0.000010 0.001099 0.305225 0.000010 0.064939 0.000010 0.000010 0.519116
0.154217 0.038811 0.081284 0.000010 0.303311 0.000010 0.000010 0.000010 0.337429 0.000010 0.084887 0.000010
0.000010 0.145307 0.021641 0.013155 0.000010 0.052977 0.000010 0.235971 0.044221 0.000010 0.486678 0.000010
0.157681 0.842219 0.000010 0.000010 0.000010 0.000010 0.000010 0.000010 0.000010 0.000010 0.000010 0.000010
0.000010 0.000010 0.000010 0.999890 0.000010 0.000010 0.000010 0.000010 0.000010 0.000010 0.000010 0.000010
0.056633 0.018423 0.000010 0.000010 0.000010 0.000010 0.443658 0.000010 0.000010 0.000010 0.014201 0.467016
0.000010 0.000010 0.000010 0.000010 0.000010 0.046625 0.397497 0.012518 0.036903 0.000010 0.000010 0.506387
0.121329 0.067836 0.090600 0.013469 0.019015 0.008810 0.037018 0.641884 0.000010 0.000010 0.000010 0.000010
0.162580 0.066294 0.070433 0.014333 0.000010 0.000010 0.009399 0.599724 0.077187 0.000010 0.000010 0.000010
0.084846 0.255148 0.000010 0.000010 0.000010 0.000010 0.000010 0.659916 0.000010 0.000010 0.000010 0.000010
0.075166 0.000010 0.000010 0.315495 0.043004 0.019866 0.056215 0.000010 0.000010 0.000010 0.121231 0.368975
0.000010 0.144045 0.138859 0.003959 0.000010 0.000010 0.000010 0.248159 0.049021 0.000010 0.415897 0.000010
0.281649 0.000010 0.000010 0.000010 0.000010 0.000010 0.000010 0.000010 0.148692 0.000010 0.569569 0.000010
0.114233 0.007611 0.000010 0.000010 0.000010 0.000010 0.000010 0.000010 0.872582 0.000010 0.005493 0.000010
0.047819 0.000010 0.000010 0.006930 0.014039 0.033349 0.000010 0.000010 0.000010 0.000010 0.000010 0.897793
0.113815 0.009852 0.000010 0.000010 0.000010 0.193199 0.024783 0.192619 0.276531 0.188225 0.000010 0.000936
0.000010 0.000010 0.080630 0.040378 0.000010 0.000010 0.039665 0.000010 0.000010 0.000010 0.000010 0.839246
0.161922 0.090651 0.000010 0.000010 0.000010 0.000010 0.000010 0.084494 0.529332 0.126481 0.000010 0.007061
0.000010 0.000010 0.100189 0.019591 0.000010 0.000010 0.119059 0.000010 0.000010 0.051741 0.000010 0.709351
0.034602 0.000010 0.000010 0.037671 0.000010 0.000010 0.041900 0.000010 0.000010 0.000010 0.000010 0.885748
0.271301 0.000010 0.000010 0.000010 0.000010 0.000010 0.270142 0.357640 0.000010 0.000010 0.100838 0.000010
0.000461 0.000010 0.865782 0.000010 0.037605 0.096072 0.000010 0.000010 0.000010 0.000010 0.000010 0.000010
0.199106 0.160789 0.131254 0.000010 0.000010 0.000010 0.000010 0.365978 0.000010 0.110430 0.032383 0.000010
0.000010 0.000010 0.339601 0.000010 0.000010 0.000010 0.000010 0.587610 0.000010 0.072699 0.000010 0.000010
0.000010 0.197398 0.000010 0.000010 0.425582 0.000010 0.000010 0.000010 0.000010 0.000010 0.376930 0.000010
0.000010 0.000010 0.999890 0.000010 0.000010 0.000010 0.000010 0.000010 0.000010 0.000010 0.000010 0.000010
0.000010 0.000010 0.010066 0.000010 0.000010 0.000010 0.000010 0.000010 0.000010 0.000010 0.989834 0.000010
0.151324 0.848576 0.000010 0.000010 0.000010 0.000010 0.000010 0.000010 0.000010 0.000010 0.000010 0.000010
0.061147 0.022962 0.121109 0.070388 0.142953 0.000010 0.000010 0.000010 0.000010 0.432557 0.123702 0.025141
0.009665 0.076237 0.098907 0.002301 0.107294 0.046891 0.025113 0.009357 0.113203 0.006539 0.033132 0.471360
0.173827 0.051705 0.000010 0.000010 0.000010 0.000010 0.000010 0.077252 0.184789 0.124677 0.387690 0.000010
0.268999 0.021440 0.031915 0.061163 0.041624 0.101978 0.079788 0.028976 0.037800 0.050798 0.142043 0.133476
0.034277 0.084105 0.003075 0.117742 0.042181 0.148800 0.484812 0.021217 0.018106 0.011210 0.010219 0.024256
0.204568 0.117988 0.052680 0.000010 0.268964 0.000010 0.242604 0.000010 0.000010 0.093355 0.000010 0.019791
0.271861 0.000010 0.000010 0.000010 0.000010 0.029997 0.000010 0.047771 0.039946 0.000010 0.610355 0.000010
