0.000010 0.000010 0.000989 0.457775 0.365460 0.131355 0.000010 0.044392
0.000010 0.018662 0.000010 0.729388 0.000010 0.044769 0.207141 0.000010
0.000010 0.000010 0.000010 0.043114 0.000010 0.000010 0.956826 0.000010
0.000010 0.000010 0.000010 0.033619 0.017233 0.068154 0.861592 0.019371
0.019374 0.097864 0.000010 0.000010 0.000010 0.000010 0.882712 0.000010
0.000010 0.092772 0.000010 0.000010 0.000010 0.000010 0.907168 0.000010
0.000010 0.000010 0.000010 0.108905 0.000010 0.000010 0.891035 0.000010
0.044925 0.000010 0.000010 0.127339 0.000010 0.000010 0.827686 0.000010
0.000010 0.000010 0.000010 0.000010 0.803483 0.196457 0.000010 0.000010
0.000010 0.000010 0.000010 0.000010 0.999930 0.000010 0.000010 0.000010
0.999930 0.000010 0.000010 0.000010 0.000010 0.000010 0.000010 0.000010
0.448175 0.037704 0.000010 0.266246 0.000010 0.000010 0.170039 0.077805
0.000010 0.000010 0.000010 0.000010 0.000010 0.000010 0.000010 0.999930
0.000010 0.000010 0.000010 0.000010 0.000010 0.000010 0.000010 0.999930
0.000010 0.000010 0.000010 0.000010 0.000010 0.000010 0.000010 0.999930
0.000010 0.000010 0.000010 0.999930 0.000010 0.000010 0.000010 0.000010
0.027055 0.000010 0.000010 0.194996 0.000010 0.000010 0.777899 0.000010
0.000010 0.000010 0.000010 0.000010 0.548279 0.000010 0.000010 0.451661
0.001885 0.070725 0.060516 0.000010 0.347930 0.000010 0.363106 0.155819
0.000010 0.000010 0.000010 0.000010 0.000010 0.000010 0.999930 0.000010
0.999930 0.000010 0.000010 0.000010 0.000010 0.000010 0.000010 0.000010
0.999930 0.000010 0.000010 0.000010 0.000010 0.000010 0.000010 0.000010
0.041834 0.000010 0.000010 0.130928 0.000010 0.049940 0.777258 0.000010
0.999930 0.000010 0.000010 0.000010 0.000010 0.000010 0.000010 0.000010
0.000010 0.021540 0.047056 0.008184 0.000010 0.000010 0.923180 0.000010
0.016411 0.060915 0.045900 0.035488 0.000010 0.000010 0.841256 0.000010
0.004848 0.000010 0.000010 0.002787 0.000010 0.000010 0.992315 0.000010
0.000010 0.000010 0.000010 0.000010 0.000010 0.000010 0.999930 0.000010
0.000010 0.000010 0.000010 0.212752 0.000010 0.000010 0.787188 0.000010
0.000010 0.079431 0.000010 0.178510 0.000010 0.000010 0.742009 0.000010
0.000010 0.000010 0.000010 0.000010 0.999930 0.000010 0.000010 0.000010
0.000010 0.000010 0.000010 0.217856 0.000010 0.782084 0.000010 0.000010
0.000010 0.000010 0.000010 0.134782 0.000010 0.000010 0.865158 0.000010
0.000010 0.000010 0.016822 0.000010 0.000010 0.000010 0.983118 0.000010
0.000010 0.041722 0.000010 0.408899 0.000010 0.000010 0.549329 0.000010
0.000010 0.079413 0.000010 0.150480 0.000010 0.000010 0.770057 0.000010
0.000010 0.072143 0.000010 0.052223 0.000010 0.000010 0.804975 0.070618
0.000010 0.012480 0.000010 0.199282 0.000010 0.000010 0.762788 0.025410
0.000010 0.203407 0.103053 0.335963 0.000010 0.291258 0.000010 0.066289
0.000010 0.000010 0.000010 0.108040 0.000010 0.000010 0.891900 0.000010
0.000010 0.125742 0.107912 0.000010 0.054850 0.682410 0.029057 0.000010
0.000010 0.000010 0.000010 0.000010 0.000010 0.000010 0.000010 0.999930
0.440760 0.000010 0.000010 0.000010 0.000010 0.000010 0.000010 0.559180
0.948497 0.000010 0.000010 0.000010 0.000010 0.000010 0.000010 0.051443
0.921768 0.000010 0.000010 0.000010 0.000010 0.078172 0.000010 0.000010
0.999930 0.000010 0.000010 0.000010 0.000010 0.000010 0.000010 0.000010
0.890082 0.000010 0.000010 0.000010 0.000010 0.109858 0.000010 0.000010
0.999930 0.000010 0.000010 0.000010 0.000010 0.000010 0.000010 0.000010
0.033123 0.118169 0.000010 0.342792 0.230210 0.124190 0.080084 0.071422
0.349233 0.000010 0.000010 0.000010 0.572246 0.000010 0.000010 0.078470
0.000010 0.000010 0.000010 0.000010 0.000010 0.000010 0.000010 0.999930
0.000010 0.000010 0.000010 0.000010 0.000010 0.000010 0.999930 0.000010
0.999930 0.000010 0.000010 0.000010 0.000010 0.000010 0.000010 0.000010
0.175234 0.000010 0.000010 0.000012 0.000010 0.154830 0.000010 0.669885
0.000010 0.619307 0.000010 0.380633 0.000010 0.000010 0.000010 0.000010
0.809812 0.000010 0.000010 0.000010 0.000010 0.067456 0.000010 0.122682
0.008334 0.000010 0.000010 0.000010 0.854478 0.000010 0.000010 0.137139
0.000010 0.000010 0.000010 0.000010 0.000010 0.825645 0.000010 0.174295
0.242586 0.000010 0.000010 0.000010 0.403789 0.000010 0.037487 0.316099
0.036232 0.326529 0.000010 0.407148 0.000010 0.201135 0.000010 0.028925
0.000010 0.078194 0.024601 0.631880 0.000010 0.000010 0.265284 0.000010
0.003282 0.525120 0.000010 0.085055 0.000010 0.373329 0.000010 0.013184
0.000010 0.000010 0.000010 0.482158 0.201817 0.315975 0.000010 0.000010
0.000010 0.000010 0.000010 0.456327 0.014985 0.507880 0.020768 0.000010
0.000010 0.000010 0.021006 0.000010 0.000010 0.000010 0.978934 0.000010
0.000010 0.084459 0.000010 0.000010 0.000010 0.000010 0.881385 0.034106
0.000010 0.999930 0.000010 0.000010 0.000010 0.000010 0.000010 0.000010
0.000010 0.999930 0.000010 0.000010 0.000010 0.000010 0.000010 0.000010
0.100776 0.000010 0.000010 0.000010 0.899164 0.000010 0.000010 0.000010
0.055932 0.063468 0.052922 0.000010 0.480715 0.156225 0.000010 0.190718
0.000010 0.107443 0.028714 0.698164 0.000010 0.000010 0.165639 0.000010
0.000010 0.000010 0.000010 0.000010 0.999930 0.000010 0.000010 0.000010
0.005608 0.000010 0.124292 0.083534 0.544435 0.108878 0.000010 0.133232
0.000010 0.000010 0.000010 0.000010 0.000010 0.999930 0.000010 0.000010
0.000010 0.000010 0.021596 0.000010 0.647852 0.098256 0.040682 0.191585
0.000010 0.000010 0.000010 0.193967 0.000010 0.805973 0.000010 0.000010
0.000010 0.956094 0.011990 0.000010 0.000010 0.031867 0.000010 0.000010
0.000010 0.289488 0.000010 0.366373 0.000010 0.344090 0.000010 0.000010
0.000010 0.003615 0.000010 0.785346 0.000010 0.052819 0.158180 0.000010
0.076316 0.000010 0.055923 0.046732 0.560282 0.094844 0.065898 0.099996
0.001562 0.000010 0.000010 0.185512 0.000010 0.000010 0.812875 0.000010
0.000010 0.000010 0.000010 0.000010 0.000010 0.000010 0.999930 0.000010
0.000010 0.000010 0.000010 0.000010 0.000010 0.000010 0.974678 0.025262
0.001853 0.000010 0.000010 0.111743 0.000010 0.000010 0.862462 0.023903
0.000010 0.000010 0.000010 0.000010 0.000010 0.000010 0.999930 0.000010
0.000010 0.000010 0.058918 0.000010 0.000010 0.000010 0.941022 0.000010
0.000010 0.640402 0.000010 0.359538 0.000010 0.000010 0.000010 0.000010
0.000010 0.000010 0.000010 0.000010 0.000010 0.000010 0.000010 0.999930
0.000010 0.000010 0.609961 0.000010 0.290898 0.000010 0.099090 0.000010
0.999930 0.000010 0.000010 0.000010 0.000010 0.000010 0.000010 0.000010
0.999929 0.000010 0.000011 0.000010 0.000010 0.000010 0.000010 0.000010
0.999930 0.000010 0.000010 0.000010 0.000010 0.000010 0.000010 0.000010
0.144929 0.000010 0.005982 0.000010 0.351523 0.110771 0.000010 0.386765
0.042153 0.957786 0.000010 0.000010 0.000010 0.000010 0.000010 0.000010
0.000010 0.611218 0.000010 0.269116 0.119616 0.000010 0.000010 0.000010
0.000010 0.000010 0.003105 0.127385 0.000010 0.000010 0.869461 0.000010
0.000010 0.000010 0.574685 0.000010 0.000010 0.414517 0.010748 0.000010
0.000010 0.058114 0.000010 0.000010 0.000010 0.941826 0.000010 0.000010
0.069970 0.880915 0.049065 0.000010 0.000010 0.000010 0.000010 0.000010
0.000010 0.754761 0.000010 0.000010 0.000010 0.245179 0.000010 0.000010
0.021359 0.115757 0.030837 0.485629 0.000010 0.154270 0.192129 0.000010
0.000010 0.999930 0.000010 0.000010 0.000010 0.000010 0.000010 0.000010
0.000010 0.256954 0.046465 0.000010 0.177876 0.213299 0.069785 0.235602
0.000010 0.862007 0.000010 0.137933 0.000010 0.000010 0.000010 0.000010
0.001788 0.111048 0.041860 0.481355 0.015366 0.000010 0.348562 0.000010
0.000010 0.510383 0.047517 0.442050 0.000010 0.000010 0.000010 0.000010
0.000010 0.459434 0.000010 0.197610 0.000010 0.342906 0.000010 0.000010
0.011385 0.000010 0.058086 0.045073 0.732329 0.035973 0.000010 0.117134
0.000010 0.000010 0.000010 0.000010 0.000010 0.999930 0.000010 0.000010
0.000010 0.000010 0.000010 0.157242 0.000010 0.000010 0.835969 0.006740
0.000010 0.000010 0.000010 0.000010 0.000010 0.000010 0.999930 0.000010
0.040041 0.000010 0.228257 0.000010 0.731651 0.000010 0.000010 0.000010
0.000010 0.095302 0.604568 0.000010 0.039005 0.261085 0.000010 0.000010
0.000010 0.000010 0.959987 0.028630 0.000010 0.000010 0.011333 0.000010
0.000010 0.000010 0.960850 0.039090 0.000010 0.000010 0.000010 0.000010
0.067718 0.000010 0.000010 0.000010 0.282477 0.142334 0.034123 0.473317
0.000010 0.202089 0.000010 0.555919 0.000010 0.000010 0.163528 0.078425
0.000010 0.429350 0.000010 0.281425 0.092558 0.071953 0.004319 0.120376
0.000010 0.000010 0.000010 0.065962 0.000010 0.000010 0.933978 0.000010
0.032347 0.410647 0.000010 0.000010 0.000010 0.556956 0.000010 0.000010
0.000010 0.000010 0.000010 0.182738 0.000010 0.000010 0.817202 0.000010
0.000010 0.085611 0.000010 0.178146 0.000010 0.000010 0.736193 0.000010
0.000010 0.000010 0.999930 0.000010 0.000010 0.000010 0.000010 0.000010
0.000010 0.045409 0.027723 0.478695 0.000010 0.448133 0.000010 0.000010
0.000010 0.000010 0.999930 0.000010 0.000010 0.000010 0.000010 0.000010
0.000010 0.016419 0.983521 0.000010 0.000010 0.000010 0.000010 0.000010
0.000010 0.000010 0.999930 0.000010 0.000010 0.000010 0.000010 0.000010
0.052631 0.154725 0.020575 0.229466 0.000010 0.493868 0.048714 0.000010
0.000010 0.113980 0.017615 0.000010 0.000010 0.000010 0.868355 0.000010
0.000010 0.007036 0.038486 0.185328 0.000010 0.000010 0.769109 0.000010
0.062398 0.000010 0.235378 0.000010 0.026107 0.441953 0.222419 0.011725
0.136789 0.000010 0.311417 0.000010 0.041163 0.504151 0.000010 0.006450
0.000010 0.000010 0.000010 0.000010 0.999930 0.000010 0.000010 0.000010
0.000010 0.000010 0.000010 0.427146 0.153874 0.147811 0.234319 0.036821
0.000010 0.144910 0.000010 0.000010 0.000010 0.000010 0.855030 0.000010
0.000010 0.000010 0.000010 0.000010 0.000010 0.999930 0.000010 0.000010
0.175810 0.000010 0.000010 0.000010 0.000010 0.824130 0.000010 0.000010
0.043837 0.226961 0.000010 0.000010 0.000010 0.715233 0.013928 0.000010
0.000010 0.000010 0.000010 0.000010 0.000010 0.000010 0.999930 0.000010
0.000010 0.027522 0.000010 0.000010 0.000010 0.069510 0.897248 0.005680
0.000010 0.000010 0.016942 0.327563 0.000010 0.010837 0.644618 0.000010
0.000010 0.000010 0.000010 0.210878 0.000010 0.000010 0.763685 0.025386
0.163382 0.000010 0.000010 0.000010 0.406674 0.070997 0.000010 0.358907
0.000010 0.845760 0.000010 0.000010 0.000010 0.000010 0.154180 0.000010
0.143001 0.059197 0.001780 0.054840 0.395084 0.000010 0.127167 0.218922
0.000010 0.000010 0.000010 0.361253 0.304205 0.000010 0.334492 0.000010
0.158477 0.000010 0.000010 0.000010 0.625764 0.085208 0.000010 0.130510
0.017371 0.000010 0.000010 0.000010 0.894617 0.000010 0.042988 0.044983
0.133348 0.000010 0.000017 0.000010 0.846888 0.019707 0.000010 0.000010
0.006418 0.033817 0.000010 0.000010 0.832553 0.000010 0.000010 0.127172
0.099832 0.000010 0.000010 0.000010 0.121506 0.772898 0.000010 0.005724
0.000010 0.000010 0.999930 0.000010 0.000010 0.000010 0.000010 0.000010
0.000010 0.457951 0.000010 0.541989 0.000010 0.000010 0.000010 0.000010
0.000010 0.398726 0.000010 0.156082 0.000010 0.000010 0.388631 0.056521
0.103159 0.000010 0.181703 0.000010 0.715088 0.000010 0.000010 0.000010
0.000010 0.063361 0.016640 0.577120 0.000010 0.000010 0.342839 0.000010
0.082460 0.000010 0.000010 0.000010 0.855488 0.000010 0.000010 0.062002
0.000010 0.243768 0.000010 0.381460 0.000010 0.000010 0.374722 0.000010
0.035019 0.274607 0.000010 0.318813 0.000010 0.000010 0.371521 0.000010
0.018842 0.741254 0.000010 0.094703 0.000010 0.000010 0.145161 0.000010
0.006485 0.080898 0.066731 0.431779 0.000010 0.414078 0.000010 0.000010
0.000010 0.887880 0.000010 0.000010 0.000010 0.035971 0.076098 0.000010
0.000010 0.765204 0.000010 0.234736 0.000010 0.000010 0.000010 0.000010
0.000010 0.056822 0.000010 0.000010 0.000010 0.808429 0.134700 0.000010
0.000010 0.000010 0.000010 0.525824 0.126068 0.348058 0.000010 0.000010
0.081618 0.111340 0.078164 0.000010 0.000010 0.685417 0.043430 0.000010
0.000010 0.000010 0.000010 0.805250 0.157531 0.000010 0.000010 0.037169
0.000010 0.000010 0.000010 0.724451 0.183299 0.000010 0.000010 0.092200
0.006769 0.063614 0.000010 0.397729 0.000010 0.531848 0.000010 0.000010
0.018195 0.000010 0.000010 0.519708 0.341717 0.000010 0.120340 0.000010
0.000010 0.999930 0.000010 0.000010 0.000010 0.000010 0.000010 0.000010
0.000010 0.000010 0.000010 0.746978 0.000010 0.000010 0.252962 0.000010
0.003008 0.660335 0.000010 0.153113 0.000010 0.000010 0.183503 0.000010
0.000010 0.398871 0.000010 0.000010 0.132672 0.220283 0.159848 0.088296
0.000010 0.000010 0.000010 0.030510 0.934223 0.000010 0.000010 0.035217
0.000010 0.000010 0.000010 0.779733 0.000010 0.012688 0.207529 0.000010
0.000010 0.867119 0.000010 0.000010 0.000010 0.000010 0.035407 0.097424
0.000010 0.000010 0.908902 0.000010 0.000010 0.091038 0.000010 0.000010
0.006345 0.000010 0.950592 0.000010 0.000010 0.000010 0.026477 0.016546
0.000012 0.197899 0.000010 0.000010 0.000010 0.543907 0.258142 0.000010
0.000010 0.000010 0.999930 0.000010 0.000010 0.000010 0.000010 0.000010
0.000010 0.000010 0.938502 0.000010 0.000010 0.000010 0.011571 0.049876
0.000010 0.000010 0.610751 0.113946 0.064816 0.000010 0.180192 0.030264
0.000010 0.000010 0.000010 0.000010 0.859347 0.000010 0.140593 0.000010
0.000010 0.000010 0.873880 0.000010 0.000010 0.069066 0.000010 0.057004
0.027099 0.000010 0.921933 0.050918 0.000010 0.000010 0.000010 0.000010
0.000010 0.000010 0.945273 0.000010 0.000010 0.000010 0.000010 0.054667
0.000010 0.081852 0.000010 0.719752 0.000010 0.000010 0.178909 0.019447
0.018235 0.000010 0.000010 0.981705 0.000010 0.000010 0.000010 0.000010
0.000010 0.275465 0.175416 0.022561 0.000010 0.526518 0.000010 0.000010
0.000010 0.293601 0.000010 0.226031 0.000010 0.137965 0.342363 0.000010
0.000010 0.000010 0.952737 0.000010 0.000010 0.019064 0.028148 0.000010
0.000010 0.537412 0.000010 0.000010 0.000010 0.361737 0.080829 0.019982
0.000010 0.000010 0.872537 0.000010 0.000010 0.127403 0.000010 0.000010
0.024487 0.000010 0.881754 0.028742 0.003481 0.061506 0.000010 0.000010
0.000010 0.302214 0.026482 0.188446 0.074053 0.000010 0.408775 0.000010
0.000010 0.000010 0.000010 0.999930 0.000010 0.000010 0.000010 0.000010
0.033155 0.000010 0.876726 0.000010 0.000010 0.000010 0.090069 0.000010
0.000010 0.000010 0.022325 0.847273 0.000010 0.070359 0.060003 0.000010
0.000010 0.000010 0.084239 0.252761 0.000010 0.662951 0.000010 0.000010
0.000010 0.000010 0.951261 0.000010 0.000010 0.048679 0.000010 0.000010
0.000010 0.000010 0.864433 0.081408 0.000010 0.054109 0.000010 0.000010
0.000010 0.000010 0.999930 0.000010 0.000010 0.000010 0.000010 0.000010
0.000010 0.635941 0.000010 0.000010 0.085799 0.184333 0.074052 0.019845
0.000010 0.000010 0.000010 0.000010 0.000010 0.999930 0.000010 0.000010
0.000010 0.164827 0.000010 0.267151 0.426445 0.000010 0.141537 0.000010
0.013325 0.184146 0.087788 0.228742 0.000010 0.343438 0.142541 0.000010
0.000010 0.000010 0.761251 0.000010 0.000010 0.125144 0.113555 0.000010
0.000010 0.000010 0.969380 0.000010 0.000010 0.030560 0.000010 0.000010
0.084403 0.124373 0.771036 0.002877 0.000010 0.017281 0.000010 0.000010
0.000010 0.000010 0.916734 0.039188 0.000010 0.000010 0.000010 0.044028
0.000010 0.000010 0.033769 0.882187 0.000010 0.000010 0.083994 0.000010
0.000010 0.000011 0.000010 0.000010 0.999929 0.000010 0.000010 0.000010
0.000010 0.095325 0.000010 0.000010 0.000010 0.000010 0.872639 0.031985
0.076656 0.134052 0.000010 0.100198 0.000010 0.000010 0.689053 0.000010
0.000010 0.000010 0.000010 0.103991 0.000010 0.000010 0.895949 0.000010
0.000010 0.002870 0.131866 0.000010 0.162131 0.582411 0.030546 0.090157
0.000010 0.000010 0.999930 0.000010 0.000010 0.000010 0.000010 0.000010
0.000010 0.000010 0.000010 0.000010 0.173470 0.764333 0.000010 0.062146
0.000010 0.000010 0.064642 0.198917 0.179505 0.543642 0.000010 0.013264
0.000010 0.018121 0.831625 0.001497 0.000010 0.091041 0.031770 0.025926
0.000010 0.000010 0.904036 0.038370 0.000010 0.037005 0.000010 0.020549
0.000010 0.000010 0.999930 0.000010 0.000010 0.000010 0.000010 0.000010
0.000010 0.000010 0.835990 0.000010 0.000010 0.039357 0.089840 0.034774
0.000010 0.162135 0.000010 0.000010 0.000010 0.000010 0.837805 0.000010
0.000010 0.140207 0.000010 0.063691 0.000010 0.021179 0.774883 0.000010
0.018301 0.063191 0.000010 0.000010 0.000010 0.000010 0.918458 0.000010
0.000010 0.000010 0.911749 0.000010 0.000010 0.088191 0.000010 0.000010
0.000010 0.000010 0.000010 0.165815 0.000010 0.000010 0.834125 0.000010
0.046669 0.153199 0.000010 0.000010 0.000010 0.006175 0.793918 0.000010
0.000010 0.423649 0.000010 0.097237 0.000010 0.000010 0.411076 0.067998
0.019027 0.000010 0.920491 0.060432 0.000010 0.000010 0.000010 0.000010
0.000010 0.000010 0.999930 0.000010 0.000010 0.000010 0.000010 0.000010
0.000010 0.000010 0.783129 0.039964 0.000010 0.083138 0.093729 0.000010
0.000010 0.175543 0.809207 0.000010 0.000010 0.015200 0.000010 0.000010
0.023173 0.075897 0.808805 0.000010 0.000010 0.092085 0.000010 0.000010
0.025707 0.000010 0.843880 0.020249 0.000010 0.092644 0.000010 0.017491
0.014930 0.000010 0.978020 0.000010 0.000010 0.007000 0.000010 0.000010
0.009358 0.100989 0.846398 0.035754 0.000010 0.000010 0.007470 0.000010
0.018443 0.370685 0.000010 0.356261 0.203339 0.000010 0.000010 0.051243
0.047933 0.525041 0.000010 0.000010 0.000010 0.000010 0.426976 0.000010
0.000010 0.077461 0.856674 0.000010 0.000010 0.000010 0.055344 0.010481
0.071824 0.000010 0.862033 0.000010 0.000010 0.000010 0.066093 0.000010
0.000010 0.000010 0.058688 0.000010 0.000010 0.000010 0.917008 0.024255
0.010227 0.000010 0.000010 0.091602 0.000010 0.000010 0.894507 0.003624
0.000010 0.000010 0.000010 0.000010 0.000010 0.007964 0.953629 0.038357
0.000010 0.000010 0.566056 0.160831 0.234704 0.000010 0.000010 0.038368
0.000010 0.247440 0.000010 0.752500 0.000010 0.000010 0.000010 0.000010
0.000010 0.650892 0.002471 0.346587 0.000010 0.000010 0.000010 0.000010
0.000012 0.000010 0.980911 0.000010 0.000010 0.000010 0.019026 0.000010
0.177842 0.132756 0.103935 0.284044 0.000010 0.301394 0.000010 0.000010
0.022334 0.689806 0.031727 0.123082 0.000010 0.107952 0.025079 0.000010
0.000010 0.000010 0.999930 0.000010 0.000010 0.000010 0.000010 0.000010
0.068920 0.000010 0.113365 0.543152 0.176091 0.098442 0.000010 0.000010
0.000010 0.000010 0.000010 0.341444 0.009447 0.228506 0.420563 0.000010
0.000010 0.000010 0.000010 0.883666 0.066289 0.000010 0.000010 0.049995
0.000010 0.589736 0.000010 0.000010 0.000010 0.354810 0.000010 0.055404
0.000010 0.000010 0.000010 0.000010 0.999930 0.000010 0.000010 0.000010
0.013269 0.154604 0.000010 0.546966 0.000010 0.166890 0.118242 0.000010
0.000010 0.057654 0.201740 0.108339 0.083089 0.418752 0.061513 0.068903
0.000010 0.000010 0.000010 0.999930 0.000010 0.000010 0.000010 0.000010
0.000010 0.075445 0.000010 0.000010 0.000010 0.747293 0.177211 0.000010
0.000010 0.000010 0.988548 0.000010 0.000010 0.011392 0.000010 0.000010
0.041591 0.235931 0.018297 0.500073 0.000010 0.039986 0.059823 0.104288
0.000010 0.000010 0.000010 0.866951 0.132989 0.000010 0.000010 0.000010
0.000010 0.000010 0.000010 0.820391 0.000010 0.067490 0.000010 0.112069
0.000010 0.000010 0.299801 0.000010 0.659228 0.000010 0.000010 0.040921
0.057857 0.319132 0.021317 0.503855 0.039900 0.049870 0.008059 0.000010
0.028650 0.081038 0.096938 0.723068 0.020295 0.010886 0.039114 0.000010
0.033972 0.000010 0.057412 0.605202 0.063256 0.000010 0.240127 0.000010
0.000010 0.999930 0.000010 0.000010 0.000010 0.000010 0.000010 0.000010
0.000010 0.685222 0.000010 0.000010 0.000010 0.314718 0.000010 0.000010
0.000010 0.276912 0.000010 0.000010 0.000010 0.622904 0.100134 0.000010
0.000010 0.999930 0.000010 0.000010 0.000010 0.000010 0.000010 0.000010
0.000010 0.999930 0.000010 0.000010 0.000010 0.000010 0.000010 0.000010
0.000010 0.901022 0.000010 0.098918 0.000010 0.000010 0.000010 0.000010
0.000010 0.000010 0.000010 0.999930 0.000010 0.000010 0.000010 0.000010
0.019294 0.651854 0.000010 0.280464 0.048348 0.000010 0.000010 0.000010
0.000010 0.000010 0.000010 0.962252 0.000010 0.000010 0.000010 0.037688
0.014472 0.067967 0.000010 0.743096 0.000010 0.000010 0.174425 0.000010
0.005901 0.149720 0.036465 0.704863 0.000010 0.052870 0.000010 0.050161
0.000010 0.000010 0.037066 0.962874 0.000010 0.000010 0.000010 0.000010
0.000010 0.076297 0.075229 0.771879 0.000010 0.000010 0.000010 0.076555
0.000010 0.000010 0.339569 0.267629 0.043067 0.288767 0.004502 0.056445
0.000010 0.000010 0.000010 0.691094 0.000010 0.000010 0.308846 0.000010
0.012743 0.187002 0.000010 0.628410 0.000010 0.010686 0.161130 0.000010
0.000010 0.000010 0.000010 0.843981 0.000010 0.142200 0.013768 0.000010
0.000010 0.000010 0.477399 0.314898 0.044271 0.163391 0.000010 0.000010
0.000010 0.846444 0.000010 0.000010 0.000010 0.056260 0.097246 0.000010
0.017486 0.723945 0.015427 0.040188 0.048735 0.147907 0.006302 0.000010
0.009963 0.188264 0.000010 0.425932 0.212554 0.120138 0.012448 0.030692
0.000010 0.000010 0.045599 0.488375 0.002999 0.192876 0.270121 0.000010
0.013915 0.000010 0.888609 0.000010 0.031406 0.066030 0.000010 0.000010
0.027447 0.069261 0.903242 0.000010 0.000010 0.000010 0.000010 0.000010
0.084416 0.674820 0.012849 0.000010 0.075376 0.152509 0.000010 0.000010
0.000010 0.000010 0.865814 0.000010 0.033754 0.042559 0.044547 0.013296
0.025183 0.000010 0.540200 0.254775 0.000010 0.113092 0.000010 0.066721
0.000010 0.959537 0.000010 0.000010 0.000010 0.040403 0.000010 0.000010
0.000010 0.000010 0.619950 0.000010 0.000010 0.227356 0.134376 0.018278
0.018245 0.189930 0.150477 0.261715 0.000010 0.379604 0.000010 0.000010
0.000010 0.097653 0.000010 0.802322 0.000010 0.000010 0.099975 0.000010
0.007552 0.000010 0.000010 0.347481 0.000010 0.644917 0.000010 0.000010
0.000010 0.000010 0.690793 0.032510 0.000010 0.145000 0.131657 0.000010
0.000010 0.471284 0.000010 0.444214 0.000010 0.059129 0.000010 0.025333
0.007089 0.183637 0.000010 0.575039 0.000010 0.122867 0.111338 0.000010
0.000010 0.411553 0.000010 0.206734 0.000010 0.000010 0.381663 0.000010
0.010264 0.065014 0.043598 0.430704 0.000010 0.071945 0.378454 0.000010
0.000010 0.000010 0.000010 0.068146 0.000010 0.047902 0.883902 0.000010
0.029100 0.341139 0.000010 0.557489 0.000010 0.000010 0.072232 0.000010
0.004039 0.021494 0.114687 0.510590 0.000010 0.073951 0.275219 0.000010
0.000010 0.394450 0.091500 0.452951 0.000010 0.020102 0.038852 0.002126
0.011840 0.033948 0.000010 0.000010 0.000010 0.000010 0.950186 0.003985
0.000010 0.000010 0.005165 0.050822 0.000010 0.000010 0.943963 0.000010
0.029906 0.000010 0.644811 0.033583 0.000010 0.255696 0.035973 0.000010
0.000010 0.000010 0.611808 0.109352 0.000010 0.083134 0.183131 0.012545
