0.000010 0.571358 0.102450 0.326182
0.000010 0.046368 0.081528 0.872094
0.000010 0.000010 0.000010 0.999970
0.074529 0.029020 0.008263 0.888188
0.093930 0.000010 0.000010 0.906050
0.000010 0.000010 0.000010 0.999970
0.000010 0.000010 0.025348 0.974632
0.089013 0.000010 0.000010 0.910967
0.000010 0.999970 0.000010 0.000010
0.000010 0.923709 0.000010 0.076271
0.999970 0.000010 0.000010 0.000010
0.556420 0.000015 0.000010 0.443555
0.999970 0.000010 0.000010 0.000010
0.999970 0.000010 0.000010 0.000010
0.999970 0.000010 0.000010 0.000010
0.000010 0.000010 0.052312 0.947668
0.049065 0.000010 0.000010 0.950915
0.398144 0.539293 0.000010 0.062552
0.158034 0.221075 0.127103 0.493788
0.045612 0.000010 0.000010 0.954368
0.999970 0.000010 0.000010 0.000010
0.999970 0.000010 0.000010 0.000010
0.018905 0.000010 0.011158 0.969927
0.999970 0.000010 0.000010 0.000010
0.000010 0.000010 0.060690 0.939290
0.016207 0.000010 0.076010 0.907773
0.000010 0.000010 0.049251 0.950729
0.000010 0.000010 0.005829 0.994151
0.020986 0.000010 0.000010 0.978994
0.000010 0.000010 0.000010 0.999970
0.000010 0.714740 0.000033 0.285216
0.061540 0.638204 0.036640 0.263616
0.000010 0.000010 0.000431 0.999549
0.020568 0.000010 0.000010 0.979412
0.000010 0.000010 0.000010 0.999970
0.000032 0.014388 0.000010 0.985570
0.080423 0.058358 0.000010 0.861209
0.000010 0.000010 0.039712 0.960268
0.013289 0.244579 0.200129 0.542003
0.000010 0.000010 0.000010 0.999970
0.052195 0.606328 0.146335 0.195142
0.999970 0.000010 0.000010 0.000010
0.999970 0.000010 0.000010 0.000010
0.999970 0.000010 0.000010 0.000010
0.856201 0.143779 0.000010 0.000010
0.999970 0.000010 0.000010 0.000010
0.893980 0.106000 0.000010 0.000010
0.999970 0.000010 0.000010 0.000010
0.037357 0.442123 0.000010 0.520510
0.418772 0.581208 0.000010 0.000010
0.999970 0.000010 0.000010 0.000010
0.009953 0.000010 0.000010 0.990027
0.999970 0.000010 0.000010 0.000010
0.601356 0.398624 0.000010 0.000010
0.000010 0.000010 0.085537 0.914443
0.865117 0.125505 0.009368 0.000010
0.130497 0.797078 0.047579 0.024847
0.120988 0.878992 0.000010 0.000010
0.460855 0.455810 0.027774 0.055561
0.063922 0.224716 0.041864 0.669498
0.000010 0.000010 0.144253 0.855727
0.065682 0.387901 0.000010 0.546407
0.000010 0.465602 0.061870 0.472518
0.000010 0.459124 0.000010 0.540856
0.000010 0.000010 0.015620 0.984360
0.017481 0.085055 0.000010 0.897453
0.055572 0.111901 0.030423 0.802104
0.075361 0.023315 0.042733 0.858592
0.189282 0.810698 0.000010 0.000010
0.187256 0.707193 0.105540 0.000010
0.000010 0.000010 0.122724 0.877256
0.109449 0.890531 0.000010 0.000010
0.152127 0.649226 0.198637 0.000010
0.116730 0.726427 0.026752 0.130091
0.199526 0.655355 0.103800 0.041319
0.000010 0.751090 0.102848 0.146052
0.000010 0.175857 0.114299 0.709835
0.000010 0.334429 0.000010 0.665551
0.011024 0.000010 0.075985 0.912981
0.175865 0.612681 0.194441 0.017013
0.000010 0.000010 0.021133 0.978847
0.017143 0.054828 0.000010 0.928019
0.000010 0.030346 0.000010 0.969634
0.030828 0.000010 0.000010 0.969152
0.067516 0.000010 0.000010 0.932464
0.000010 0.000010 0.065580 0.934400
0.000010 0.116288 0.072435 0.811266
0.999970 0.000010 0.000010 0.000010
0.026341 0.206114 0.646981 0.120565
0.999970 0.000010 0.000010 0.000010
0.999970 0.000010 0.000010 0.000010
0.999970 0.000010 0.000010 0.000010
0.481189 0.477972 0.040829 0.000010
0.097257 0.163180 0.026901 0.712662
0.000010 0.091024 0.115160 0.793806
0.000010 0.019503 0.041457 0.939030
0.000010 0.346177 0.632235 0.021578
0.000010 0.836038 0.000010 0.163942
0.095665 0.097517 0.219379 0.587439
0.046253 0.436314 0.000010 0.517422
0.103766 0.120031 0.027195 0.749009
0.028450 0.025824 0.003190 0.942535
0.231300 0.444426 0.022128 0.302146
0.028594 0.128151 0.000010 0.843245
0.000010 0.086807 0.048333 0.864851
0.000010 0.083907 0.080344 0.835739
0.018990 0.371904 0.022442 0.586664
0.141253 0.720084 0.138653 0.000010
0.040908 0.959072 0.000010 0.000010
0.000010 0.038806 0.018314 0.942870
0.000010 0.000010 0.000010 0.999970
0.133544 0.515633 0.350813 0.000010
0.000010 0.355910 0.644070 0.000010
0.000010 0.000010 0.914894 0.085086
0.000010 0.000010 0.999970 0.000010
0.405850 0.574356 0.019784 0.000010
0.000010 0.090749 0.039307 0.869934
0.142350 0.272847 0.002732 0.582071
0.028339 0.000010 0.000010 0.971641
0.080061 0.561001 0.000010 0.358927
0.000010 0.000010 0.048905 0.951075
0.002148 0.000010 0.066549 0.931292
0.000010 0.000010 0.999970 0.000010
0.000010 0.327230 0.073423 0.599337
0.000016 0.000010 0.999964 0.000010
0.000010 0.000010 0.999970 0.000010
0.000010 0.000010 0.981956 0.018024
0.105785 0.427938 0.054098 0.412178
0.068036 0.000010 0.006276 0.925677
0.038189 0.000010 0.121006 0.840795
0.062280 0.444449 0.237446 0.255825
0.160338 0.511699 0.327954 0.000010
0.000010 0.669176 0.330804 0.000010
0.034069 0.295612 0.001218 0.669101
0.000010 0.000010 0.053298 0.946682
0.028929 0.883153 0.000010 0.087908
0.291098 0.652209 0.056683 0.000010
0.069165 0.579318 0.000010 0.351507
0.006890 0.019610 0.000010 0.973491
0.029191 0.000010 0.037576 0.933223
0.000010 0.000010 0.099992 0.899988
0.062324 0.000010 0.000010 0.937656
0.395827 0.604153 0.000010 0.000010
0.053280 0.223871 0.000010 0.722839
0.395930 0.347835 0.013204 0.243031
0.000010 0.299517 0.000010 0.700463
0.318212 0.663038 0.018740 0.000010
0.175630 0.789865 0.017958 0.016547
0.216872 0.783108 0.000010 0.000010
0.180296 0.819684 0.000010 0.000010
0.162723 0.791279 0.045988 0.000010
0.000010 0.000010 0.999970 0.000010
0.000010 0.000010 0.136028 0.863952
0.057919 0.141697 0.000010 0.800374
0.090567 0.672161 0.237262 0.000010
0.000010 0.000010 0.121042 0.878938
0.197667 0.763197 0.039126 0.000010
0.026302 0.000010 0.008111 0.965577
0.042983 0.033892 0.046761 0.876364
0.034013 0.075458 0.000010 0.890519
0.065668 0.262345 0.192889 0.479099
0.000010 0.258148 0.000010 0.741832
0.046319 0.077148 0.000010 0.876523
0.039856 0.762479 0.000010 0.197655
0.000010 0.510688 0.000010 0.489292
0.106377 0.743802 0.060582 0.089239
0.016153 0.052717 0.108700 0.822431
0.069986 0.209235 0.099225 0.621554
0.043101 0.397333 0.000010 0.559556
0.000010 0.312896 0.081868 0.605226
0.060044 0.182041 0.008449 0.749467
0.000010 0.000010 0.072175 0.927805
0.012641 0.140469 0.000010 0.846881
0.014633 0.592706 0.000010 0.392651
0.122198 0.788765 0.000010 0.089027
0.000010 0.000010 0.123560 0.876420
0.077610 0.282954 0.000010 0.639426
0.030281 0.024637 0.945072 0.000010
0.062903 0.000010 0.925517 0.011571
0.000010 0.472992 0.000010 0.526988
0.015626 0.000010 0.984354 0.000010
0.052305 0.000014 0.947670 0.000010
0.000010 0.128666 0.696186 0.175138
0.050297 0.829088 0.026241 0.094374
0.041751 0.062965 0.895274 0.000010
0.033402 0.021496 0.878073 0.067029
0.028041 0.056287 0.915662 0.000010
0.000010 0.000010 0.084844 0.915136
0.000010 0.000010 0.155539 0.844441
0.000010 0.557366 0.234273 0.208351
0.000010 0.179140 0.000130 0.820720
0.000010 0.000010 0.999970 0.000010
0.105949 0.370137 0.020773 0.503142
0.003065 0.097782 0.899143 0.000010
0.025383 0.076752 0.897855 0.000010
0.039322 0.083834 0.036332 0.840512
0.000010 0.000010 0.114710 0.885270
0.031133 0.000010 0.886807 0.082050
0.000010 0.056659 0.054193 0.889138
0.000010 0.586347 0.145392 0.268251
0.000010 0.000010 0.999970 0.000010
0.055889 0.045224 0.894585 0.004302
0.000010 0.000010 0.999970 0.000010
0.045900 0.479962 0.003652 0.470485
0.000010 0.999970 0.000010 0.000010
0.002792 0.449350 0.000010 0.547848
0.000010 0.340828 0.111833 0.547329
0.045276 0.112563 0.767570 0.074591
0.000010 0.009905 0.957733 0.032353
0.121335 0.033586 0.730331 0.114748
0.053316 0.000010 0.934851 0.011822
0.000010 0.000010 0.122443 0.877537
0.000010 0.668707 0.331273 0.000010
0.044256 0.052303 0.000010 0.903431
0.118618 0.000010 0.000010 0.881362
0.034535 0.042977 0.000010 0.922478
0.140552 0.692498 0.115150 0.051801
0.000010 0.000010 0.999970 0.000010
0.154544 0.845436 0.000010 0.000010
0.044433 0.698647 0.082981 0.173940
0.037457 0.030167 0.806941 0.125435
0.000010 0.045501 0.939177 0.015312
0.000010 0.000010 0.999970 0.000010
0.107935 0.000010 0.805458 0.086597
0.000010 0.003777 0.000010 0.996203
0.000010 0.000010 0.000010 0.999970
0.093651 0.012567 0.018077 0.875706
0.015061 0.056764 0.906216 0.021960
0.000010 0.000010 0.000010 0.999970
0.061164 0.030527 0.025234 0.883074
0.082218 0.034974 0.000010 0.882797
0.040630 0.000010 0.943912 0.015448
0.000010 0.000010 0.999970 0.000010
0.000010 0.081362 0.845924 0.072704
0.000010 0.019795 0.851856 0.128340
0.000010 0.087285 0.846176 0.066529
0.019603 0.087745 0.826603 0.066049
0.015088 0.000010 0.984892 0.000010
0.081030 0.000010 0.838885 0.080075
0.057960 0.233223 0.099902 0.608915
0.190342 0.075365 0.000010 0.734283
0.003017 0.000010 0.872083 0.124890
0.109553 0.000010 0.799076 0.091361
0.000010 0.000010 0.119811 0.880169
0.038210 0.000010 0.010000 0.951781
0.028991 0.098381 0.000010 0.872619
0.000010 0.157588 0.674956 0.167445
0.000010 0.000010 0.000010 0.999970
0.048696 0.000010 0.053171 0.898122
0.066921 0.000010 0.933059 0.000010
0.184057 0.236452 0.230233 0.349259
0.064586 0.197727 0.032102 0.705585
0.000010 0.000010 0.999970 0.000010
0.053596 0.364264 0.179860 0.402280
0.000010 0.153654 0.000010 0.846326
0.000010 0.150992 0.146338 0.702660
0.061068 0.559895 0.000010 0.379027
0.000010 0.657315 0.342665 0.000010
0.027491 0.131739 0.050060 0.790711
0.040541 0.512355 0.220459 0.226646
0.000010 0.000010 0.050108 0.949872
0.000010 0.693123 0.000010 0.306857
0.022374 0.037866 0.939750 0.000010
0.163036 0.000010 0.068127 0.768828
0.000010 0.126383 0.100286 0.773321
0.000010 0.236456 0.145035 0.618499
0.005782 0.610997 0.383211 0.000010
0.000010 0.194324 0.108481 0.697186
0.000010 0.066518 0.167235 0.766237
0.033797 0.059694 0.136982 0.769527
0.036719 0.000010 0.000010 0.963261
0.000010 0.503555 0.019564 0.476872
0.000010 0.664593 0.000010 0.335387
0.000010 0.066222 0.039475 0.894293
0.000010 0.000010 0.000010 0.999970
0.007488 0.141335 0.063309 0.787868
0.000010 0.000010 0.032639 0.967341
0.000010 0.243074 0.061790 0.695127
0.000010 0.000010 0.116692 0.883288
0.000010 0.000010 0.079206 0.920774
0.007918 0.076722 0.237510 0.677850
0.000010 0.020348 0.117444 0.862199
0.032148 0.000010 0.272958 0.694884
0.000010 0.395941 0.383006 0.221042
0.000010 0.000010 0.000010 0.999970
0.000010 0.000010 0.102092 0.897888
0.000010 0.147951 0.064374 0.787664
0.000010 0.197915 0.472062 0.330014
0.025676 0.271655 0.000010 0.702659
0.000010 0.357056 0.000010 0.642924
0.075552 0.333788 0.000010 0.590650
0.024763 0.114106 0.069623 0.791508
0.039091 0.094426 0.866473 0.000010
0.050941 0.000010 0.905410 0.043639
0.125866 0.318779 0.020126 0.535229
0.051826 0.019658 0.874499 0.054017
0.098184 0.026508 0.622625 0.252683
0.000010 0.267470 0.000010 0.732510
0.031520 0.228895 0.664235 0.075350
0.076509 0.268821 0.215513 0.439157
0.000010 0.000010 0.040666 0.959314
0.059741 0.550183 0.000010 0.390066
0.098830 0.036436 0.647438 0.217296
0.011067 0.077969 0.041702 0.869263
0.000010 0.087578 0.088831 0.823581
0.000010 0.000010 0.000010 0.999970
0.063149 0.013628 0.045351 0.877872
0.000010 0.065380 0.000010 0.934600
0.001743 0.049358 0.044306 0.904592
0.000010 0.053488 0.156214 0.790288
0.006324 0.101996 0.104291 0.787389
0.043075 0.000010 0.000010 0.956905
0.015898 0.000010 0.000010 0.984082
0.002833 0.264680 0.644302 0.088184
0.000010 0.115168 0.572303 0.312519
