0.000010 0.520709 0.000010 0.475064 0.000010 0.004197
0.254356 0.035916 0.000010 0.696059 0.013650 0.000010
0.951889 0.000010 0.000010 0.048071 0.000010 0.000010
0.759809 0.069860 0.150939 0.000010 0.019373 0.000010
0.683600 0.000010 0.298647 0.002184 0.000010 0.015549
0.810434 0.000010 0.189526 0.000010 0.000010 0.000010
0.911774 0.000010 0.000010 0.088186 0.000010 0.000010
0.844394 0.000010 0.000010 0.095372 0.000010 0.060204
0.000010 0.000010 0.000010 0.000010 0.000010 0.999950
0.244682 0.000010 0.000010 0.203966 0.000010 0.551322
0.000010 0.000010 0.000010 0.000010 0.000010 0.999950
0.000010 0.000010 0.000010 0.000010 0.000010 0.999950
0.000010 0.000010 0.000010 0.048996 0.000010 0.950964
0.005467 0.000010 0.000010 0.994493 0.000010 0.000010
0.777275 0.000010 0.072771 0.114411 0.000010 0.035523
0.000010 0.540547 0.000010 0.128891 0.000010 0.330532
0.344017 0.264732 0.046958 0.114480 0.145329 0.084485
0.981847 0.012643 0.000010 0.000010 0.000010 0.005480
0.000010 0.000010 0.000010 0.000010 0.000010 0.999950
0.000010 0.000010 0.000010 0.000010 0.000010 0.999950
0.875000 0.000010 0.000010 0.124960 0.000010 0.000010
0.000010 0.000010 0.000010 0.000010 0.000010 0.999950
0.870159 0.000010 0.079530 0.000010 0.050280 0.000010
0.829114 0.000010 0.062387 0.052467 0.044869 0.011152
0.909617 0.000010 0.000010 0.061600 0.028753 0.000010
0.999950 0.000010 0.000010 0.000010 0.000010 0.000010
0.789720 0.000010 0.055844 0.154406 0.000010 0.000010
0.725147 0.000010 0.134458 0.140365 0.000010 0.000010
0.074480 0.608780 0.098448 0.185810 0.009937 0.022546
0.898001 0.000010 0.024407 0.073681 0.003891 0.000010
0.999950 0.000010 0.000010 0.000010 0.000010 0.000010
0.681145 0.000010 0.059716 0.259109 0.000010 0.000010
0.719605 0.006804 0.088244 0.185328 0.000010 0.000010
0.678845 0.005096 0.208833 0.044915 0.000010 0.062301
0.722761 0.018045 0.084822 0.152980 0.021381 0.000010
0.000010 0.140375 0.300569 0.411267 0.130696 0.017083
0.889520 0.000010 0.000010 0.110440 0.000010 0.000010
0.023323 0.463450 0.316295 0.010018 0.158292 0.028622
0.000010 0.000010 0.000010 0.000010 0.000010 0.999950
0.000010 0.000010 0.000010 0.000010 0.000010 0.999950
0.000010 0.000010 0.000010 0.000010 0.000010 0.999950
0.000010 0.156240 0.000010 0.000010 0.000010 0.843720
0.000010 0.000010 0.000010 0.000010 0.000010 0.999950
0.000010 0.109342 0.000010 0.000010 0.000010 0.890618
0.000010 0.000010 0.000010 0.000010 0.000010 0.999950
0.086924 0.398440 0.105154 0.380049 0.000010 0.029423
0.000010 0.522943 0.111383 0.000010 0.000010 0.365644
0.000010 0.000010 0.000010 0.000010 0.000010 0.999950
0.814604 0.000010 0.185356 0.000010 0.000010 0.000010
0.000010 0.000010 0.000010 0.000010 0.000010 0.999950
0.000010 0.294745 0.124180 0.000010 0.000010 0.581045
0.000010 0.000010 0.339988 0.659972 0.000010 0.000010
0.000010 0.097949 0.000010 0.000010 0.018679 0.883342
0.000010 0.821148 0.000010 0.070173 0.020506 0.088152
0.000010 0.810385 0.073372 0.000018 0.000010 0.116205
0.085812 0.508723 0.000010 0.000010 0.004803 0.400641
0.006660 0.189113 0.195882 0.542175 0.000010 0.066160
0.356684 0.000010 0.074401 0.490374 0.078521 0.000010
0.000010 0.221181 0.517381 0.225860 0.000010 0.035559
0.000010 0.472456 0.000010 0.527504 0.000010 0.000010
0.205343 0.436124 0.024438 0.334075 0.000010 0.000010
0.914904 0.000010 0.048531 0.000010 0.036536 0.000010
0.780129 0.017095 0.187094 0.000010 0.000010 0.015662
0.000010 0.000010 0.538907 0.461053 0.000010 0.000010
0.000010 0.000010 0.574062 0.425898 0.000010 0.000010
0.000010 0.869040 0.000010 0.000010 0.000010 0.130920
0.000010 0.682064 0.058916 0.041235 0.084713 0.133062
0.299350 0.000010 0.000010 0.629576 0.071044 0.000010
0.000010 0.957579 0.000010 0.000010 0.000010 0.042381
0.000010 0.621837 0.000010 0.100769 0.133942 0.143433
0.000010 0.554775 0.182992 0.132858 0.000010 0.129356
0.055284 0.726992 0.000010 0.021962 0.071964 0.123788
0.000010 0.621989 0.000010 0.377971 0.000010 0.000010
0.000010 0.064626 0.622283 0.268677 0.044394 0.000010
0.056628 0.235301 0.252358 0.455693 0.000010 0.000010
0.298768 0.000010 0.045312 0.631779 0.024121 0.000010
0.007818 0.654634 0.009941 0.067378 0.125668 0.134561
0.821982 0.000010 0.000010 0.171559 0.002713 0.003726
0.676407 0.000010 0.323553 0.000010 0.000010 0.000010
0.954751 0.029618 0.015600 0.000010 0.000010 0.000010
0.919462 0.000010 0.000010 0.051156 0.000010 0.029351
0.708731 0.000010 0.291229 0.000010 0.000010 0.000010
0.953090 0.000010 0.000010 0.000010 0.046870 0.000010
0.000010 0.000010 0.337591 0.625582 0.030096 0.006710
0.000010 0.000010 0.000010 0.000010 0.000010 0.999950
0.127560 0.190024 0.000010 0.048170 0.599840 0.034396
0.000010 0.000010 0.000010 0.000010 0.000010 0.999950
0.000010 0.000010 0.000010 0.000010 0.000010 0.999950
0.000010 0.000010 0.000010 0.000010 0.000010 0.999950
0.000010 0.531142 0.000010 0.000010 0.035224 0.433604
0.000010 0.000010 0.678977 0.256925 0.004456 0.059622
0.000010 0.000010 0.404606 0.563990 0.031374 0.000010
0.832403 0.003124 0.024339 0.095847 0.044277 0.000010
0.000010 0.181157 0.235883 0.000010 0.582930 0.000010
0.000010 0.657664 0.342296 0.000010 0.000010 0.000010
0.000010 0.000010 0.384745 0.381000 0.158084 0.076150
0.000010 0.117168 0.870421 0.000010 0.012382 0.000010
0.197939 0.136756 0.162660 0.436193 0.000010 0.066442
0.000010 0.000010 0.769785 0.230175 0.000010 0.000010
0.224653 0.446278 0.151088 0.007012 0.012286 0.158683
0.000010 0.000010 0.599637 0.400323 0.000010 0.000010
0.364402 0.023517 0.166391 0.432784 0.012896 0.000010
0.000010 0.000010 0.320158 0.679802 0.000010 0.000010
0.000010 0.231002 0.281804 0.487164 0.000010 0.000010
0.000010 0.777342 0.000010 0.082302 0.080240 0.060096
0.000010 0.684379 0.301455 0.000010 0.000010 0.014137
0.780604 0.028089 0.032620 0.154924 0.003754 0.000010
0.999950 0.000010 0.000010 0.000010 0.000010 0.000010
0.000010 0.573160 0.000010 0.000010 0.332749 0.094061
0.000010 0.195889 0.202003 0.000010 0.602078 0.000010
0.006109 0.000010 0.000010 0.086918 0.906943 0.000010
0.000010 0.018840 0.000010 0.008138 0.972992 0.000010
0.037380 0.627518 0.000010 0.000010 0.000010 0.335072
0.201896 0.000011 0.248461 0.548993 0.000010 0.000628
0.000010 0.191642 0.433912 0.277056 0.000010 0.097370
0.870483 0.000010 0.051599 0.077887 0.000010 0.000010
0.000010 0.334430 0.500010 0.123646 0.000010 0.041894
0.848042 0.000010 0.000010 0.132954 0.018974 0.000010
0.739340 0.006382 0.063517 0.164299 0.026453 0.000010
0.000010 0.000010 0.000010 0.000010 0.999950 0.000010
0.040021 0.321738 0.062490 0.571956 0.003785 0.000010
0.000010 0.000010 0.000010 0.000010 0.999950 0.000010
0.000010 0.000010 0.000010 0.000010 0.999950 0.000010
0.000010 0.000010 0.001519 0.052269 0.946182 0.000010
0.000010 0.326032 0.269503 0.271076 0.037785 0.095594
0.791503 0.000010 0.191010 0.017458 0.000010 0.000010
0.752132 0.000010 0.000010 0.145071 0.078226 0.024551
0.182906 0.354726 0.220453 0.000010 0.226793 0.015112
0.010081 0.539932 0.000010 0.017601 0.311839 0.120537
0.244644 0.291467 0.086596 0.373148 0.000010 0.004135
0.770441 0.000010 0.059413 0.149214 0.020912 0.000010
0.000010 0.775641 0.224319 0.000010 0.000010 0.000010
0.000010 0.678893 0.000010 0.000010 0.057248 0.263829
0.067269 0.474623 0.409272 0.048816 0.000010 0.000010
0.855307 0.000010 0.144653 0.000010 0.000010 0.000010
0.883344 0.000010 0.116616 0.000010 0.000010 0.000010
0.637703 0.000010 0.000010 0.300536 0.061730 0.000010
0.887713 0.000010 0.000010 0.072634 0.000010 0.039623
0.000010 0.641677 0.002888 0.000010 0.000010 0.355405
0.055513 0.000010 0.846100 0.098357 0.000010 0.000010
0.149411 0.370958 0.082185 0.048609 0.000010 0.348827
0.250587 0.312466 0.040603 0.396324 0.000010 0.000010
0.000010 0.752916 0.000010 0.000010 0.000010 0.247044
0.062329 0.833232 0.000010 0.000010 0.000010 0.104409
0.000010 0.838191 0.000305 0.000010 0.000010 0.161475
0.000010 0.822735 0.069026 0.011878 0.000010 0.096341
0.000010 0.792019 0.011986 0.031247 0.015714 0.149024
0.000010 0.000010 0.000010 0.000010 0.999950 0.000010
0.000010 0.000010 0.235931 0.760241 0.003798 0.000010
0.325496 0.031985 0.475882 0.152972 0.000010 0.013656
0.017062 0.713879 0.000010 0.000010 0.215856 0.053183
0.376282 0.000010 0.024807 0.542861 0.056031 0.000010
0.000010 0.826314 0.000010 0.000010 0.028685 0.144971
0.440184 0.000010 0.270424 0.289362 0.000010 0.000010
0.343016 0.000010 0.355421 0.257829 0.036933 0.006792
0.130538 0.000010 0.502181 0.366475 0.000010 0.000786
0.026931 0.230852 0.056075 0.447058 0.136633 0.102450
0.000010 0.037579 0.719703 0.242688 0.000010 0.000010
0.000010 0.000010 0.463268 0.495284 0.000010 0.041419
0.010312 0.591018 0.398640 0.000010 0.000010 0.000010
0.000010 0.493598 0.000010 0.494804 0.000010 0.011569
0.000010 0.572316 0.337682 0.000010 0.048203 0.041779
0.015677 0.036567 0.000010 0.901833 0.020522 0.025391
0.000010 0.250929 0.000010 0.728588 0.000010 0.020453
0.052934 0.322953 0.192712 0.396546 0.000010 0.034844
0.219111 0.288064 0.000010 0.491702 0.001103 0.000010
0.000010 0.000010 0.988407 0.011553 0.000010 0.000010
0.403563 0.000010 0.000019 0.596388 0.000010 0.000010
0.235917 0.000010 0.497534 0.266519 0.000010 0.000010
0.008406 0.411927 0.579637 0.000010 0.000010 0.000010
0.000010 0.868884 0.000010 0.127583 0.000010 0.003502
0.253759 0.000010 0.025131 0.661171 0.059919 0.000010
0.052560 0.000010 0.934475 0.000010 0.000010 0.012936
0.000010 0.038485 0.000010 0.000010 0.935301 0.026184
0.021610 0.000010 0.000010 0.000010 0.917659 0.060702
0.251361 0.336049 0.412560 0.000010 0.000010 0.000010
0.000010 0.000010 0.000010 0.000010 0.999470 0.000490
0.026555 0.033875 0.000010 0.022184 0.893406 0.023970
0.058311 0.146950 0.000010 0.148645 0.646074 0.000010
0.075602 0.868177 0.000010 0.056192 0.000010 0.000010
0.015278 0.072673 0.000010 0.000010 0.880893 0.031137
0.034964 0.010347 0.011341 0.068348 0.840333 0.034667
0.000010 0.077620 0.000010 0.000010 0.907095 0.015255
0.314062 0.000010 0.018904 0.667004 0.000010 0.000010
0.065653 0.000010 0.000010 0.827077 0.106250 0.001001
0.000010 0.383009 0.256055 0.214567 0.146349 0.000010
0.312782 0.077901 0.338637 0.270660 0.000010 0.000010
0.000010 0.000010 0.023253 0.000010 0.976707 0.000010
0.040787 0.184441 0.562926 0.083387 0.060933 0.067527
0.000010 0.111706 0.000010 0.000010 0.885903 0.002360
0.041809 0.101870 0.000010 0.002723 0.853578 0.000010
0.437439 0.042963 0.285344 0.202674 0.031571 0.000010
0.000010 0.000010 0.000010 0.999950 0.000010 0.000010
0.053014 0.000010 0.047364 0.035874 0.860183 0.003555
0.212826 0.057198 0.000010 0.729946 0.000010 0.000010
0.000010 0.487819 0.145168 0.292419 0.074574 0.000010
0.000010 0.000010 0.000010 0.014179 0.985781 0.000010
0.000010 0.039794 0.000010 0.118521 0.817891 0.023774
0.000010 0.000010 0.042688 0.000010 0.957272 0.000010
0.000010 0.273588 0.644336 0.042308 0.034105 0.005654
0.000010 0.759753 0.240207 0.000010 0.000010 0.000010
0.263780 0.403379 0.127398 0.205423 0.000010 0.000010
0.171952 0.242076 0.270835 0.204450 0.110677 0.000010
0.132639 0.123373 0.000010 0.000010 0.743958 0.000010
0.000010 0.000010 0.029286 0.035594 0.935089 0.000010
0.000010 0.006535 0.065642 0.109745 0.698318 0.119749
0.000010 0.000010 0.000010 0.099689 0.861004 0.039277
0.182785 0.000010 0.000010 0.772855 0.044330 0.000010
0.835833 0.000018 0.164119 0.000010 0.000010 0.000010
0.775423 0.000010 0.021924 0.084538 0.007838 0.110267
0.867805 0.038930 0.000010 0.093235 0.000010 0.000010
0.023299 0.700573 0.094169 0.009553 0.098162 0.074244
0.000010 0.000010 0.000010 0.032837 0.967123 0.000010
0.000010 0.899260 0.011802 0.000010 0.000010 0.088908
0.034935 0.694346 0.066417 0.155435 0.046685 0.002182
0.067201 0.048493 0.016456 0.049419 0.798773 0.019658
0.000010 0.035101 0.000010 0.070686 0.894184 0.000010
0.000010 0.000010 0.000010 0.017414 0.982546 0.000010
0.140983 0.011470 0.000010 0.000010 0.778230 0.069297
0.762228 0.000010 0.236421 0.001322 0.000010 0.000010
0.693972 0.000010 0.262913 0.043085 0.000010 0.000010
0.835788 0.000010 0.164172 0.000010 0.000010 0.000010
0.000010 0.000010 0.045809 0.051405 0.879253 0.023513
0.999950 0.000010 0.000010 0.000010 0.000010 0.000010
0.738686 0.000010 0.218092 0.000010 0.029056 0.014146
0.269869 0.000010 0.551920 0.165778 0.000010 0.012413
0.000010 0.000010 0.000010 0.075004 0.897830 0.027136
0.000010 0.000010 0.000010 0.000010 0.999950 0.000010
0.000010 0.041905 0.064073 0.085801 0.808200 0.000010
0.023729 0.000010 0.068333 0.076962 0.830955 0.000010
0.000010 0.020815 0.134531 0.008069 0.836565 0.000010
0.029009 0.065139 0.042567 0.049007 0.796685 0.017594
0.023956 0.013130 0.000010 0.000010 0.960536 0.002358
0.006698 0.000010 0.019645 0.080931 0.811455 0.081262
0.000010 0.223285 0.226376 0.466606 0.057343 0.026380
0.215772 0.000010 0.784188 0.000010 0.000010 0.000010
0.020772 0.000010 0.077336 0.059585 0.842286 0.000010
0.023516 0.000010 0.065378 0.009958 0.790320 0.110818
0.872044 0.000010 0.000010 0.000010 0.127916 0.000010
0.830810 0.000010 0.067468 0.084069 0.000010 0.017633
0.817609 0.000010 0.182351 0.000010 0.000010 0.000010
0.000010 0.162237 0.000010 0.221117 0.616617 0.000010
0.000010 0.000010 0.160328 0.839632 0.000010 0.000010
0.000010 0.000010 0.315589 0.673233 0.000010 0.011148
0.000010 0.000010 0.018206 0.000010 0.936294 0.045470
0.000010 0.153587 0.210670 0.285265 0.194385 0.156083
0.031446 0.040641 0.487679 0.354787 0.035333 0.050113
0.000010 0.000010 0.001780 0.000010 0.998180 0.000010
0.000010 0.281585 0.000010 0.583680 0.075960 0.058755
0.504877 0.143748 0.097643 0.253712 0.000010 0.000010
0.000010 0.139205 0.000010 0.798628 0.048962 0.013185
0.000010 0.192267 0.781833 0.000010 0.000010 0.025870
0.156294 0.079004 0.153797 0.563804 0.000010 0.047092
0.065599 0.452077 0.171825 0.084907 0.225581 0.000010
0.090872 0.000010 0.000010 0.909088 0.000010 0.000010
0.202014 0.607817 0.189708 0.000442 0.000010 0.000010
0.000010 0.051985 0.000010 0.000010 0.937723 0.010262
0.118831 0.000010 0.153738 0.559777 0.000010 0.167634
0.000010 0.000010 0.000010 0.999950 0.000010 0.000010
0.000010 0.236456 0.000010 0.728742 0.031872 0.002910
0.000010 0.620699 0.000010 0.018124 0.361148 0.000010
0.049227 0.119060 0.199895 0.535910 0.077905 0.018004
0.225053 0.074921 0.000010 0.582733 0.117273 0.000010
0.333299 0.071246 0.000010 0.481602 0.081405 0.032438
0.000010 0.275351 0.542466 0.182153 0.000010 0.000010
0.130053 0.445856 0.424061 0.000010 0.000010 0.000010
0.000010 0.000010 0.757353 0.242607 0.000010 0.000010
0.000010 0.000010 0.579450 0.420510 0.000010 0.000010
0.000010 0.000010 0.514482 0.485478 0.000010 0.000010
0.028979 0.000010 0.000010 0.956503 0.000010 0.014488
0.000010 0.062654 0.345700 0.556475 0.013879 0.021283
0.125687 0.000010 0.000010 0.829250 0.045033 0.000010
0.224702 0.000010 0.117050 0.621052 0.037176 0.000010
0.000010 0.054078 0.052012 0.833311 0.060579 0.000010
0.098105 0.000010 0.007317 0.821731 0.072827 0.000010
0.036302 0.000010 0.000010 0.773630 0.144819 0.045229
0.000010 0.398532 0.000010 0.263789 0.337649 0.000010
0.357206 0.000010 0.000010 0.642754 0.000010 0.000010
0.226897 0.000010 0.092319 0.680753 0.000010 0.000010
0.186270 0.183185 0.000010 0.630515 0.000010 0.000010
0.007077 0.229096 0.000010 0.355297 0.408509 0.000010
0.152196 0.000010 0.781359 0.037089 0.026855 0.002491
0.000010 0.096186 0.702418 0.170859 0.030518 0.000010
0.158504 0.341911 0.098636 0.355122 0.000010 0.045816
0.385709 0.118852 0.000872 0.463007 0.000010 0.031550
0.000010 0.121574 0.008314 0.000010 0.854507 0.015584
0.000017 0.000010 0.048001 0.012914 0.904306 0.034753
0.000010 0.166229 0.526566 0.197945 0.026805 0.082445
0.044732 0.020238 0.030827 0.000010 0.864334 0.039860
0.034906 0.036956 0.000010 0.259393 0.559255 0.109479
0.000010 0.041894 0.745575 0.212501 0.000010 0.000010
0.118394 0.228717 0.018966 0.000010 0.633903 0.000010
0.000010 0.194917 0.231652 0.312900 0.187919 0.072602
0.206067 0.000010 0.155493 0.638411 0.000010 0.000010
0.065120 0.486866 0.072164 0.319388 0.000010 0.056452
0.127743 0.039057 0.041990 0.076319 0.636096 0.078796
0.000010 0.049541 0.260845 0.689584 0.000010 0.000010
0.055817 0.036127 0.254581 0.623827 0.029639 0.000010
0.325260 0.000010 0.400634 0.274076 0.000010 0.000010
0.411724 0.040683 0.062076 0.436762 0.000010 0.048745
0.802886 0.000010 0.186289 0.010796 0.000010 0.000010
0.209108 0.014478 0.254396 0.521988 0.000010 0.000021
0.273254 0.027697 0.109172 0.468245 0.121622 0.000010
0.097805 0.056922 0.300404 0.485008 0.059852 0.000010
0.816402 0.000010 0.183558 0.000010 0.000010 0.000010
0.947053 0.000010 0.039658 0.013259 0.000010 0.000010
0.044884 0.245926 0.015952 0.093389 0.599839 0.000010
0.162049 0.120146 0.034925 0.151742 0.531128 0.000010
