0.011411 0.000010 0.000010 0.000010 0.000010 0.000010 0.067039 0.658211 0.263249 0.000010 0.000010 0.000010 0.000010
0.011464 0.692340 0.021636 0.000010 0.094334 0.000010 0.020593 0.000010 0.000010 0.153428 0.000010 0.006144 0.000010
0.000010 0.039114 0.008820 0.000010 0.000010 0.935250 0.000010 0.016726 0.000010 0.000010 0.000010 0.000010 0.000010
0.000010 0.000010 0.000010 0.000010 0.841100 0.000010 0.000010 0.000010 0.000010 0.158790 0.000010 0.000010 0.000010
0.000010 0.000010 0.000010 0.000010 0.999880 0.000010 0.000010 0.000010 0.000010 0.000010 0.000010 0.000010 0.000010
0.000010 0.000010 0.095644 0.000010 0.427211 0.424141 0.000010 0.000010 0.000010 0.052914 0.000010 0.000010 0.000010
0.000010 0.000010 0.010025 0.000010 0.091682 0.582018 0.000010 0.316186 0.000010 0.000010 0.000010 0.000010 0.000010
0.000010 0.000010 0.000010 0.000010 0.129170 0.652919 0.000010 0.000010 0.000010 0.145723 0.000010 0.000010 0.072099
0.402171 0.000010 0.000010 0.000010 0.000010 0.000010 0.437395 0.000010 0.000010 0.000010 0.160334 0.000010 0.000010
0.156544 0.000010 0.000010 0.075908 0.000010 0.293038 0.474420 0.000010 0.000010 0.000010 0.000010 0.000010 0.000010
0.000010 0.000010 0.000010 0.000010 0.000010 0.000010 0.000010 0.000010 0.000010 0.000010 0.000010 0.000010 0.999880
0.000010 0.031429 0.000010 0.000010 0.000010 0.246731 0.000010 0.143658 0.055311 0.000010 0.061555 0.000010 0.461246
0.000010 0.000010 0.000010 0.000010 0.000010 0.000010 0.000010 0.000010 0.999880 0.000010 0.000010 0.000010 0.000010
0.000010 0.000010 0.000010 0.000010 0.000010 0.000010 0.000010 0.000010 0.999880 0.000010 0.000010 0.000010 0.000010
0.000010 0.000010 0.000010 0.000010 0.000010 0.000010 0.000010 0.000010 0.999880 0.000010 0.000010 0.000010 0.000010
0.000010 0.916921 0.000010 0.000010 0.000010 0.000010 0.000010 0.082969 0.000010 0.000010 0.000010 0.000010 0.000010
0.000010 0.086603 0.000010 0.000010 0.435988 0.359940 0.000010 0.106220 0.000010 0.000010 0.000010 0.000010 0.011169
0.000010 0.000010 0.000010 0.000010 0.000010 0.000010 0.000010 0.000010 0.840394 0.109832 0.000010 0.000010 0.049675
0.000010 0.000010 0.000010 0.086205 0.000010 0.377936 0.000010 0.057624 0.360946 0.000010 0.117209 0.000010 0.000010
0.000010 0.000010 0.000010 0.000010 0.377528 0.610326 0.009683 0.000010 0.000010 0.000010 0.000010 0.000010 0.002373
0.000010 0.000010 0.000010 0.000010 0.000010 0.000010 0.000010 0.000010 0.000010 0.000010 0.000010 0.000010 0.999880
0.000010 0.000010 0.000010 0.000010 0.000010 0.000010 0.000010 0.000010 0.000010 0.000010 0.000010 0.000010 0.999880
0.000010 0.000010 0.000010 0.000010 0.290259 0.497538 0.000010 0.212103 0.000010 0.000010 0.000010 0.000010 0.000010
0.000010 0.000010 0.000010 0.000010 0.000010 0.000010 0.000010 0.000010 0.000010 0.000010 0.000010 0.000010 0.999880
0.000010 0.044178 0.000010 0.000010 0.297633 0.510991 0.000010 0.000010 0.000010 0.062377 0.021709 0.063042 0.000010
0.000010 0.000010 0.087584 0.000010 0.000010 0.878193 0.000010 0.000010 0.000010 0.000010 0.000010 0.012116 0.022018
0.000010 0.000010 0.053632 0.000010 0.000010 0.944304 0.000010 0.000010 0.001964 0.000010 0.000010 0.000010 0.000010
0.000010 0.000010 0.000010 0.000010 0.000010 0.999880 0.000010 0.000010 0.000010 0.000010 0.000010 0.000010 0.000010
0.000010 0.099590 0.000010 0.000010 0.337185 0.356606 0.000010 0.206529 0.000010 0.000010 0.000010 0.000010 0.000010
0.000010 0.097889 0.171981 0.000010 0.124014 0.592503 0.000010 0.000010 0.000010 0.013533 0.000010 0.000010 0.000010
0.000010 0.000010 0.000010 0.000010 0.000010 0.091840 0.547035 0.361025 0.000010 0.000010 0.000010 0.000010 0.000010
0.670729 0.152058 0.000010 0.000010 0.000010 0.085833 0.000010 0.000010 0.080318 0.000010 0.000010 0.010982 0.000010
0.000010 0.108387 0.000010 0.008174 0.223184 0.650262 0.000010 0.000010 0.000010 0.000010 0.009914 0.000010 0.000010
0.000010 0.000010 0.000010 0.000010 0.000010 0.999880 0.000010 0.000010 0.000010 0.000010 0.000010 0.000010 0.000010
0.000010 0.215616 0.012621 0.000010 0.205247 0.446810 0.000010 0.000010 0.000010 0.082327 0.037309 0.000010 0.000010
0.000010 0.000010 0.000010 0.000010 0.089012 0.546645 0.000960 0.191490 0.000010 0.000010 0.171813 0.000010 0.000010
0.020877 0.087034 0.148535 0.000010 0.407123 0.314716 0.000010 0.000010 0.021644 0.000010 0.000010 0.000010 0.000010
0.000010 0.210822 0.021666 0.000010 0.281191 0.431319 0.000010 0.000010 0.048012 0.006920 0.000010 0.000010 0.000010
0.025285 0.053984 0.078946 0.164352 0.087478 0.000010 0.000010 0.000010 0.084911 0.216062 0.288932 0.000010 0.000010
0.000010 0.000010 0.000010 0.000010 0.157230 0.678659 0.000010 0.000010 0.000010 0.074643 0.089377 0.000010 0.000010
0.570921 0.000010 0.000010 0.095070 0.096363 0.000010 0.097365 0.000010 0.000010 0.025686 0.097672 0.000010 0.016862
0.000010 0.000010 0.000010 0.000010 0.000010 0.000010 0.000010 0.000010 0.999880 0.000010 0.000010 0.000010 0.000010
0.000010 0.000010 0.000010 0.000010 0.000010 0.000010 0.000010 0.000010 0.393829 0.000010 0.000010 0.000010 0.606061
0.000010 0.000010 0.000010 0.000010 0.000010 0.000010 0.000010 0.000010 0.000010 0.000010 0.000010 0.000010 0.999880
0.182943 0.000010 0.000010 0.000010 0.000010 0.000010 0.000010 0.000010 0.000010 0.000010 0.000010 0.000010 0.816947
0.000010 0.000010 0.000010 0.000010 0.000010 0.000010 0.000010 0.000010 0.000010 0.000010 0.000010 0.000010 0.999880
0.153124 0.000010 0.000010 0.000010 0.000010 0.000010 0.000010 0.000010 0.000010 0.000010 0.000010 0.000010 0.846766
0.000010 0.000010 0.000010 0.000010 0.000010 0.000010 0.000010 0.000010 0.000010 0.000010 0.000010 0.000010 0.999880
0.000010 0.000010 0.000010 0.000010 0.000010 0.000010 0.000010 0.999880 0.000010 0.000010 0.000010 0.000010 0.000010
0.046179 0.000010 0.068996 0.000010 0.000012 0.000010 0.018028 0.000010 0.576111 0.057973 0.000010 0.000010 0.232641
0.000010 0.000010 0.000010 0.000010 0.000010 0.000010 0.000010 0.000010 0.571357 0.000010 0.000010 0.000010 0.428533
0.000010 0.000010 0.000010 0.000010 0.925076 0.074814 0.000010 0.000010 0.000010 0.000010 0.000010 0.000010 0.000010
0.000010 0.000010 0.000010 0.000010 0.000010 0.000010 0.000010 0.000010 0.000010 0.000010 0.000010 0.000010 0.999880
0.000010 0.000010 0.139903 0.000010 0.000010 0.000010 0.000010 0.000010 0.575785 0.000010 0.000010 0.000010 0.284212
0.000010 0.155982 0.000010 0.000010 0.000010 0.000010 0.000010 0.000010 0.000010 0.099731 0.744187 0.000010 0.000010
0.058179 0.000010 0.000010 0.000010 0.000010 0.000010 0.022949 0.000010 0.167620 0.000010 0.008899 0.000010 0.742273
0.055545 0.000010 0.000010 0.000010 0.000010 0.000010 0.061310 0.000010 0.712707 0.092687 0.077671 0.000010 0.000010
0.675061 0.000010 0.000010 0.000010 0.000010 0.000010 0.000010 0.000010 0.324829 0.000010 0.000010 0.000010 0.000010
0.000010 0.000010 0.000010 0.000010 0.000010 0.072950 0.022852 0.000010 0.687983 0.000010 0.000010 0.000010 0.216125
0.132939 0.378248 0.000010 0.000010 0.102501 0.000010 0.000010 0.000010 0.140685 0.000010 0.245548 0.000010 0.000010
0.000010 0.522840 0.000010 0.066410 0.185569 0.099883 0.000010 0.000010 0.000010 0.035520 0.089708 0.000010 0.000010
0.329688 0.000010 0.198625 0.000010 0.023526 0.000010 0.000010 0.000010 0.000010 0.184454 0.263627 0.000010 0.000010
0.215665 0.328688 0.000010 0.000010 0.000010 0.000010 0.073301 0.211365 0.116194 0.054717 0.000010 0.000010 0.000010
0.349150 0.188331 0.000010 0.000010 0.022614 0.134055 0.000010 0.052042 0.060491 0.193257 0.000010 0.000010 0.000010
0.000010 0.000010 0.039835 0.000010 0.249195 0.650001 0.000010 0.000010 0.000010 0.060879 0.000010 0.000010 0.000010
0.000010 0.000010 0.064171 0.031328 0.590109 0.308074 0.000010 0.000010 0.006238 0.000010 0.000010 0.000010 0.000010
0.000010 0.000010 0.021827 0.000010 0.000010 0.000010 0.000010 0.000010 0.000010 0.000010 0.962115 0.000010 0.015958
0.000010 0.000010 0.000010 0.000010 0.000010 0.000010 0.000010 0.000010 0.000010 0.000010 0.999880 0.000010 0.000010
0.134622 0.044438 0.000010 0.000010 0.000010 0.000010 0.044984 0.000010 0.717976 0.000010 0.000010 0.000010 0.057900
0.157674 0.000010 0.000010 0.000010 0.057493 0.000010 0.077218 0.074414 0.525702 0.000010 0.000010 0.059844 0.047595
0.000010 0.798367 0.000010 0.013323 0.095854 0.000010 0.034447 0.000010 0.000010 0.000010 0.034202 0.023738 0.000010
0.000010 0.000010 0.000010 0.000010 0.000010 0.000010 0.128703 0.000010 0.871187 0.000010 0.000010 0.000010 0.000010
0.117709 0.000010 0.000010 0.101736 0.000010 0.000010 0.064403 0.177367 0.513861 0.000010 0.000010 0.000010 0.024855
0.876119 0.000010 0.000010 0.000010 0.000010 0.000010 0.000010 0.000010 0.000010 0.000010 0.109572 0.000010 0.014209
0.156522 0.022732 0.000010 0.000010 0.000010 0.043393 0.083871 0.076278 0.558629 0.000010 0.000010 0.020361 0.038164
0.676222 0.151178 0.000010 0.000010 0.000010 0.000010 0.000010 0.172500 0.000010 0.000010 0.000010 0.000010 0.000010
0.057556 0.000010 0.004149 0.000010 0.151454 0.000010 0.000010 0.000010 0.000010 0.000010 0.786751 0.000010 0.000010
0.297991 0.102574 0.000010 0.000010 0.034389 0.052174 0.000010 0.000010 0.000010 0.163476 0.349326 0.000010 0.000010
0.000010 0.689594 0.054484 0.000010 0.070425 0.114803 0.000010 0.000010 0.000010 0.034602 0.000010 0.036022 0.000010
0.169344 0.000010 0.000010 0.008252 0.067960 0.000010 0.044164 0.038944 0.461381 0.081842 0.000010 0.081214 0.046857
0.000010 0.221577 0.000010 0.000010 0.104997 0.660268 0.000010 0.000010 0.000010 0.000010 0.000010 0.000578 0.012500
0.000010 0.000010 0.000010 0.000010 0.999880 0.000010 0.000010 0.000010 0.000010 0.000010 0.000010 0.000010 0.000010
0.000010 0.000010 0.000010 0.000010 0.231105 0.715845 0.000010 0.009269 0.043691 0.000010 0.000010 0.000010 0.000010
0.000010 0.000010 0.000010 0.000010 0.074494 0.814135 0.000010 0.000010 0.049194 0.000010 0.062086 0.000010 0.000010
0.000010 0.000010 0.000010 0.000010 0.749890 0.212522 0.000010 0.000010 0.000010 0.000010 0.037488 0.000010 0.000010
0.000010 0.055354 0.000010 0.000010 0.275281 0.606126 0.008217 0.000010 0.000010 0.000010 0.000010 0.054942 0.000010
0.000010 0.000010 0.000010 0.000010 0.000010 0.000010 0.000010 0.000010 0.000010 0.000010 0.999880 0.000010 0.000010
0.000010 0.000010 0.000010 0.000010 0.000010 0.000010 0.045012 0.000010 0.491720 0.000010 0.000010 0.000010 0.463169
0.000010 0.000010 0.000010 0.335224 0.000010 0.000010 0.437028 0.000010 0.000010 0.026233 0.000010 0.201425 0.000010
0.000010 0.000010 0.000010 0.000010 0.000010 0.000010 0.000010 0.000010 0.000010 0.000010 0.000010 0.000010 0.999880
0.000010 0.000010 0.000010 0.000010 0.000010 0.000010 0.000010 0.000010 0.000010 0.000010 0.000010 0.000010 0.999880
0.000010 0.000010 0.000010 0.000010 0.000010 0.000010 0.000010 0.000010 0.000010 0.000010 0.000010 0.000010 0.999880
0.087456 0.000010 0.012730 0.001265 0.000010 0.000010 0.000010 0.000010 0.751301 0.000010 0.000010 0.000010 0.147168
0.000010 0.000010 0.000010 0.000010 0.000010 0.000010 0.000010 0.000010 0.000010 0.000010 0.935801 0.000010 0.064089
0.000010 0.029049 0.000010 0.000010 0.000010 0.000010 0.000010 0.000010 0.000010 0.000010 0.934700 0.036151 0.000010
0.000010 0.114192 0.104716 0.000010 0.116251 0.654051 0.000010 0.000011 0.000010 0.000010 0.000010 0.010709 0.000010
0.198386 0.000010 0.106659 0.619662 0.000010 0.000010 0.075203 0.000010 0.000010 0.000010 0.000010 0.000010 0.000010
0.701285 0.000010 0.000010 0.000010 0.298605 0.000010 0.000010 0.000010 0.000010 0.000010 0.000010 0.000010 0.000010
0.060082 0.000010 0.000015 0.000010 0.000010 0.000010 0.007832 0.000010 0.000010 0.000010 0.805345 0.094371 0.032284
0.000010 0.000010 0.999880 0.000010 0.000010 0.000010 0.000010 0.000010 0.000010 0.000010 0.000010 0.000010 0.000010
0.044621 0.423496 0.164534 0.000010 0.106847 0.013370 0.000010 0.096770 0.013472 0.018759 0.000010 0.020538 0.097565
0.000010 0.000010 0.364534 0.000010 0.000010 0.022483 0.000010 0.000010 0.000010 0.000010 0.612882 0.000010 0.000010
0.128523 0.000010 0.171248 0.000010 0.000010 0.166086 0.000010 0.074841 0.440713 0.000010 0.000010 0.005483 0.013045
0.000010 0.116947 0.293936 0.000010 0.000010 0.000010 0.000010 0.000010 0.000010 0.097150 0.491876 0.000010 0.000010
0.000010 0.391162 0.146386 0.000010 0.052302 0.198665 0.000010 0.000010 0.004044 0.166006 0.041375 0.000010 0.000010
0.000010 0.300685 0.034524 0.000010 0.000010 0.000010 0.000010 0.094811 0.000010 0.000010 0.569890 0.000010 0.000010
0.267379 0.000010 0.000010 0.000010 0.000010 0.000010 0.000010 0.000010 0.000010 0.139561 0.560663 0.000010 0.032306
0.116977 0.000010 0.000010 0.000010 0.000010 0.000010 0.021892 0.057273 0.626397 0.140630 0.000010 0.036761 0.000010
0.900131 0.000010 0.099032 0.000010 0.000010 0.000010 0.000010 0.000010 0.000010 0.000010 0.000737 0.000010 0.000010
0.000010 0.118649 0.000010 0.000010 0.197723 0.524037 0.000010 0.000010 0.021721 0.119248 0.000010 0.018553 0.000010
0.000010 0.000010 0.000010 0.000010 0.236504 0.763386 0.000010 0.000010 0.000010 0.000010 0.000010 0.000010 0.000010
0.000010 0.000010 0.000010 0.171908 0.000010 0.004011 0.255082 0.000010 0.512669 0.000010 0.000010 0.031087 0.025172
0.140405 0.000010 0.000010 0.574047 0.132372 0.000010 0.151575 0.000010 0.000010 0.000010 0.000010 0.001521 0.000010
0.000010 0.000010 0.000010 0.000010 0.000010 0.000010 0.000010 0.000010 0.000010 0.000010 0.105405 0.894485 0.000010
0.000010 0.000010 0.000010 0.000010 0.000010 0.000010 0.000010 0.000010 0.000010 0.053882 0.000010 0.946008 0.000010
0.000010 0.000010 0.000010 0.000010 0.014494 0.000010 0.000010 0.000010 0.847426 0.000010 0.063173 0.000010 0.074817
0.000010 0.487176 0.034629 0.000010 0.210555 0.000010 0.033117 0.079512 0.037184 0.039059 0.078717 0.000010 0.000010
0.000010 0.107325 0.190891 0.000010 0.068393 0.000010 0.000010 0.000488 0.259248 0.000010 0.359622 0.000010 0.013972
0.000010 0.000010 0.059946 0.000010 0.121731 0.603286 0.000010 0.214947 0.000010 0.000010 0.000010 0.000010 0.000010
0.365673 0.142774 0.427674 0.000010 0.000010 0.000010 0.000010 0.000010 0.012725 0.000010 0.008298 0.000010 0.042786
0.000010 0.000010 0.000010 0.000010 0.044478 0.739202 0.000010 0.137941 0.000010 0.056739 0.000010 0.000010 0.021559
0.000010 0.000010 0.000010 0.000010 0.126665 0.607205 0.000010 0.106927 0.000010 0.000010 0.136164 0.022958 0.000010
0.000010 0.000010 0.000010 0.000010 0.000010 0.000010 0.000010 0.000010 0.000010 0.000010 0.000010 0.999880 0.000010
0.354022 0.443359 0.000010 0.000010 0.000010 0.025190 0.000010 0.000010 0.000010 0.000010 0.126152 0.051197 0.000010
0.000010 0.000010 0.000010 0.091244 0.000010 0.000010 0.000010 0.000010 0.000010 0.000010 0.000010 0.890537 0.018120
0.000010 0.000010 0.000010 0.000010 0.000010 0.000010 0.000010 0.000010 0.000010 0.000010 0.000010 0.999880 0.000010
0.012969 0.014026 0.000010 0.000010 0.000010 0.000010 0.000010 0.000010 0.000010 0.000010 0.000010 0.955806 0.017108
0.466716 0.184917 0.000010 0.000010 0.064651 0.000010 0.000010 0.000010 0.000010 0.000010 0.199006 0.000010 0.084631
0.000010 0.000010 0.000010 0.000010 0.288827 0.423037 0.000010 0.201605 0.000010 0.000010 0.086440 0.000010 0.000010
0.000010 0.197551 0.000010 0.000010 0.114043 0.569789 0.025452 0.000010 0.000010 0.000010 0.000010 0.058113 0.034981
0.344135 0.000010 0.000010 0.273459 0.263749 0.000010 0.019193 0.040204 0.059191 0.000010 0.000010 0.000010 0.000010
0.404576 0.000010 0.000010 0.327909 0.000010 0.000010 0.000010 0.083453 0.135809 0.000010 0.000010 0.000010 0.048172
0.000010 0.000010 0.000010 0.000010 0.000010 0.000010 0.999880 0.000010 0.000010 0.000010 0.000010 0.000010 0.000010
0.041670 0.370831 0.165016 0.000010 0.027172 0.082477 0.000010 0.146912 0.165862 0.000010 0.000010 0.000010 0.000010
0.000010 0.000010 0.000010 0.000010 0.175620 0.507712 0.000010 0.175362 0.000010 0.000010 0.127959 0.013267 0.000010
0.945577 0.000010 0.000010 0.000010 0.000010 0.000010 0.000010 0.000010 0.000010 0.000010 0.054313 0.000010 0.000010
0.801918 0.000010 0.000010 0.000010 0.000010 0.000010 0.000010 0.000010 0.000010 0.000010 0.000010 0.000010 0.197972
0.685668 0.000010 0.006400 0.000010 0.188547 0.000010 0.000010 0.000010 0.000010 0.000010 0.119295 0.000010 0.000010
0.000010 0.000010 0.000010 0.000010 0.622105 0.377785 0.000010 0.000010 0.000010 0.000010 0.000010 0.000010 0.000010
0.000010 0.000010 0.118892 0.000010 0.183573 0.514852 0.018237 0.107349 0.000010 0.057028 0.000010 0.000010 0.000010
0.000010 0.280265 0.060370 0.000010 0.062361 0.513045 0.000010 0.000010 0.000010 0.028373 0.000010 0.055517 0.000010
0.000010 0.027222 0.000010 0.000010 0.000010 0.910192 0.000010 0.000010 0.000010 0.000010 0.000010 0.000010 0.062486
0.159802 0.000010 0.000010 0.000010 0.000010 0.000010 0.000010 0.000010 0.760474 0.000010 0.000010 0.000010 0.079624
0.000010 0.000010 0.941472 0.000010 0.000010 0.000010 0.000010 0.000010 0.000010 0.058418 0.000010 0.000010 0.000010
0.001992 0.000010 0.000010 0.000010 0.143815 0.000010 0.000010 0.223186 0.467571 0.000010 0.000010 0.000010 0.163356
0.000010 0.000010 0.061509 0.000010 0.211521 0.000010 0.000010 0.726870 0.000010 0.000010 0.000010 0.000010 0.000010
0.149772 0.000010 0.000010 0.000010 0.000010 0.002241 0.000010 0.006778 0.769874 0.000010 0.000010 0.000010 0.071256
0.015637 0.000010 0.000010 0.000010 0.068295 0.000010 0.173137 0.000010 0.742842 0.000010 0.000010 0.000010 0.000010
0.178658 0.000010 0.059746 0.000010 0.000010 0.000010 0.013909 0.000010 0.638158 0.000010 0.000010 0.000010 0.109449
0.095449 0.000010 0.095812 0.000010 0.000010 0.000010 0.075982 0.000010 0.700528 0.000010 0.032149 0.000010 0.000010
0.678930 0.000010 0.000010 0.000010 0.000010 0.000010 0.041819 0.018223 0.150113 0.018665 0.000010 0.000010 0.092180
0.000010 0.000010 0.000010 0.000010 0.000010 0.000010 0.000010 0.000010 0.000010 0.000010 0.000010 0.999880 0.000010
0.000010 0.350881 0.000010 0.000010 0.000010 0.000010 0.000010 0.000010 0.000010 0.000010 0.649009 0.000010 0.000010
0.000010 0.259857 0.362817 0.000010 0.356547 0.000010 0.000010 0.015982 0.004717 0.000010 0.000010 0.000010 0.000010
0.107184 0.000010 0.000010 0.044902 0.000010 0.033125 0.125704 0.026271 0.537781 0.000010 0.000010 0.123041 0.001943
0.000010 0.509426 0.026521 0.000010 0.000010 0.361046 0.026328 0.000010 0.000010 0.000010 0.060950 0.015659 0.000010
0.201331 0.000010 0.000010 0.000010 0.000010 0.000010 0.000010 0.000010 0.700530 0.077596 0.000010 0.020453 0.000010
0.000010 0.338523 0.136491 0.000010 0.235981 0.203384 0.000010 0.000010 0.000010 0.013902 0.071651 0.000010 0.000010
0.000010 0.246678 0.130080 0.000010 0.260698 0.099294 0.052420 0.000010 0.000010 0.000010 0.210760 0.000010 0.000010
0.000010 0.177294 0.320722 0.000010 0.000010 0.130047 0.000010 0.000010 0.000010 0.000020 0.371837 0.000010 0.000010
0.235740 0.301239 0.000010 0.186298 0.000010 0.023844 0.011891 0.066064 0.000010 0.000010 0.127702 0.000010 0.047172
0.055039 0.000010 0.235496 0.000010 0.188627 0.000010 0.000010 0.000010 0.000010 0.048855 0.471904 0.000010 0.000010
0.029545 0.238679 0.150685 0.000010 0.052371 0.000010 0.000010 0.000010 0.000010 0.000010 0.508265 0.000010 0.020384
0.605800 0.000010 0.000590 0.000010 0.388959 0.000010 0.000010 0.000010 0.004561 0.000010 0.000010 0.000010 0.000010
0.229508 0.000010 0.000010 0.000010 0.000010 0.000010 0.000010 0.612250 0.000010 0.158142 0.000010 0.000010 0.000010
0.540747 0.000010 0.197906 0.054178 0.089153 0.000010 0.000010 0.000010 0.103327 0.000010 0.000010 0.000296 0.014333
0.000010 0.000010 0.000010 0.000010 0.000010 0.000010 0.000010 0.999880 0.000010 0.000010 0.000010 0.000010 0.000010
0.000010 0.000010 0.000010 0.000010 0.000010 0.000010 0.000010 0.999880 0.000010 0.000010 0.000010 0.000010 0.000010
0.340097 0.003579 0.054595 0.000010 0.000010 0.151259 0.000010 0.060649 0.009900 0.267660 0.095031 0.000010 0.017189
0.000010 0.000010 0.000010 0.000010 0.000010 0.000010 0.000010 0.999880 0.000010 0.000010 0.000010 0.000010 0.000010
0.000010 0.000010 0.673816 0.000010 0.000010 0.000010 0.000010 0.000010 0.000010 0.000010 0.326074 0.000010 0.000010
0.000010 0.738015 0.000010 0.003947 0.200425 0.000010 0.000010 0.017835 0.000010 0.039698 0.000010 0.000010 0.000010
0.000010 0.196459 0.196070 0.000010 0.348665 0.000010 0.042719 0.000010 0.000010 0.007077 0.208939 0.000010 0.000010
0.031879 0.000010 0.652072 0.000010 0.000010 0.000010 0.000010 0.000010 0.265742 0.050217 0.000010 0.000010 0.000010
0.000010 0.000010 0.000010 0.000010 0.055221 0.000010 0.000010 0.110805 0.768074 0.065810 0.000010 0.000010 0.000010
0.000010 0.672103 0.000010 0.030592 0.169183 0.000010 0.006385 0.000010 0.000010 0.121657 0.000010 0.000010 0.000010
0.000010 0.000010 0.999880 0.000010 0.000010 0.000010 0.000010 0.000010 0.000010 0.000010 0.000010 0.000010 0.000010
0.027998 0.000010 0.000010 0.684063 0.000010 0.000010 0.000010 0.000010 0.000010 0.000010 0.000010 0.287840 0.000010
0.000010 0.000010 0.000010 0.148735 0.000010 0.032857 0.000010 0.000010 0.027797 0.000010 0.000010 0.747560 0.042972
0.451196 0.000010 0.000010 0.000010 0.412647 0.000010 0.000010 0.000010 0.000010 0.000010 0.136057 0.000010 0.000010
0.000010 0.000010 0.000010 0.284785 0.000010 0.000010 0.000010 0.000010 0.000010 0.000010 0.000010 0.705469 0.009646
0.000010 0.000010 0.000010 0.180342 0.000010 0.033619 0.000010 0.000010 0.058598 0.008601 0.000010 0.714651 0.004119
0.000010 0.074779 0.009671 0.583328 0.016180 0.000010 0.000010 0.134275 0.059885 0.000010 0.000010 0.121822 0.000010
0.000010 0.000010 0.000010 0.000010 0.128011 0.000010 0.000010 0.075021 0.758986 0.037892 0.000010 0.000010 0.000010
0.089216 0.000010 0.000010 0.487882 0.003519 0.000010 0.000010 0.000010 0.000010 0.009303 0.000010 0.410000 0.000010
0.000010 0.073455 0.000010 0.123028 0.046816 0.000010 0.060090 0.000010 0.000010 0.000010 0.000010 0.689797 0.006744
0.000322 0.000010 0.000010 0.274390 0.000010 0.000010 0.084348 0.000010 0.041002 0.000010 0.000010 0.599857 0.000010
0.000010 0.749312 0.069301 0.000010 0.000010 0.156836 0.000010 0.000010 0.000010 0.024461 0.000010 0.000010 0.000010
0.000010 0.947428 0.000010 0.052462 0.000010 0.000010 0.000010 0.000010 0.000010 0.000010 0.000010 0.000010 0.000010
0.432272 0.153963 0.106843 0.000010 0.000010 0.000010 0.010630 0.000010 0.000010 0.000010 0.101519 0.194702 0.000010
0.092263 0.226886 0.168163 0.000010 0.152908 0.155096 0.000010 0.008535 0.002643 0.057631 0.135836 0.000010 0.000010
0.000010 0.000010 0.000010 0.518875 0.000010 0.000010 0.054001 0.000010 0.000010 0.000010 0.000010 0.427024 0.000010
0.187229 0.120140 0.332695 0.056995 0.079581 0.000010 0.000010 0.000010 0.056003 0.000010 0.142152 0.000010 0.025154
0.076860 0.000010 0.000010 0.017468 0.000010 0.000010 0.020999 0.048356 0.000010 0.000010 0.000010 0.836237 0.000010
0.000010 0.000010 0.000010 0.386425 0.000010 0.000010 0.044210 0.012252 0.040713 0.079935 0.000010 0.436395 0.000010
0.000010 0.198992 0.187645 0.021044 0.142068 0.260882 0.001636 0.057301 0.014109 0.008482 0.107811 0.000010 0.000010
0.000010 0.848035 0.000010 0.000010 0.000010 0.000010 0.000010 0.016246 0.000010 0.135619 0.000010 0.000010 0.000010
0.000010 0.000010 0.000010 0.194503 0.000010 0.000010 0.000010 0.000010 0.000010 0.000010 0.120679 0.657760 0.026968
0.061869 0.650323 0.000010 0.000010 0.000010 0.164837 0.000010 0.000010 0.000010 0.122881 0.000010 0.000010 0.000010
0.613305 0.211806 0.000010 0.000010 0.000010 0.000010 0.000010 0.007136 0.000010 0.000010 0.085091 0.082583 0.000010
0.000010 0.000010 0.000010 0.668881 0.000010 0.000010 0.000010 0.000010 0.000010 0.000010 0.000010 0.331009 0.000010
0.000010 0.000010 0.000010 0.169565 0.000010 0.000010 0.054038 0.005100 0.000010 0.077558 0.049967 0.628626 0.015086
0.000010 0.000010 0.000010 0.000010 0.000010 0.000010 0.000010 0.000010 0.000010 0.014364 0.000010 0.985526 0.000010
0.114492 0.000010 0.634975 0.035643 0.000010 0.000010 0.000010 0.052289 0.053008 0.061833 0.047701 0.000010 0.000010
0.999880 0.000010 0.000010 0.000010 0.000010 0.000010 0.000010 0.000010 0.000010 0.000010 0.000010 0.000010 0.000010
0.000010 0.028787 0.171421 0.000010 0.000010 0.249657 0.000010 0.224206 0.325849 0.000010 0.000010 0.000010 0.000010
0.252271 0.311940 0.192327 0.091808 0.094321 0.028105 0.000010 0.000010 0.000010 0.000010 0.000010 0.029168 0.000010
0.038695 0.000010 0.000010 0.582164 0.055142 0.017250 0.000010 0.080361 0.034617 0.000010 0.000010 0.191711 0.000010
0.000010 0.000010 0.000010 0.364144 0.000010 0.000010 0.000010 0.064294 0.000010 0.068263 0.000010 0.503210 0.000010
0.000010 0.000010 0.000010 0.702263 0.000010 0.000010 0.000010 0.119342 0.000010 0.033209 0.000010 0.061609 0.083496
0.000010 0.060031 0.000010 0.472836 0.000010 0.000010 0.000010 0.070651 0.000010 0.000010 0.000010 0.396392 0.000010
0.000010 0.599885 0.027230 0.000010 0.000010 0.000010 0.000010 0.000010 0.000010 0.372785 0.000010 0.000010 0.000010
0.000010 0.000010 0.000010 0.000010 0.000011 0.000010 0.999879 0.000010 0.000010 0.000010 0.000010 0.000010 0.000010
0.000010 0.008008 0.166947 0.000010 0.095638 0.649518 0.024222 0.000010 0.000010 0.000010 0.055598 0.000010 0.000010
0.000010 0.038257 0.000010 0.011614 0.351375 0.442158 0.000010 0.000010 0.000010 0.062641 0.017800 0.000010 0.076095
0.000010 0.000010 0.000010 0.000010 0.304700 0.450704 0.000010 0.165858 0.000010 0.078648 0.000010 0.000010 0.000010
0.476174 0.000801 0.062864 0.000010 0.000010 0.054330 0.050113 0.000010 0.249594 0.000010 0.000010 0.080259 0.025815
0.000010 0.016493 0.000010 0.197457 0.000010 0.000010 0.000010 0.025214 0.000010 0.000010 0.000010 0.760747 0.000010
0.694200 0.000010 0.000010 0.000010 0.000010 0.000010 0.000010 0.027578 0.274823 0.000010 0.000010 0.000010 0.003309
0.488688 0.089350 0.000010 0.012647 0.000010 0.044650 0.000010 0.108547 0.240591 0.000010 0.000010 0.015467 0.000010
0.000010 0.000010 0.000010 0.567474 0.000010 0.017399 0.000010 0.000010 0.006358 0.047086 0.097418 0.240919 0.023286
0.000010 0.000010 0.000010 0.744690 0.000010 0.000010 0.000010 0.000010 0.000010 0.109412 0.000010 0.145799 0.000010
0.000010 0.000010 0.000010 0.047557 0.000010 0.000010 0.000010 0.000010 0.000010 0.000010 0.000010 0.952333 0.000010
0.000010 0.000010 0.000010 0.588431 0.000010 0.070873 0.000010 0.000010 0.011165 0.133111 0.000010 0.184600 0.011750
0.000010 0.000010 0.000010 0.000010 0.416611 0.386081 0.000010 0.000010 0.000010 0.064196 0.133021 0.000010 0.000010
0.000010 0.088255 0.000010 0.000010 0.478141 0.293459 0.000010 0.000010 0.000010 0.000010 0.140056 0.000010 0.000010
0.000010 0.064459 0.203175 0.024756 0.020244 0.664481 0.000010 0.000010 0.000010 0.000010 0.000010 0.000010 0.022815
0.000010 0.006099 0.000010 0.885383 0.000010 0.000010 0.000010 0.009843 0.000010 0.000010 0.000010 0.098584 0.000010
0.000010 0.000010 0.000010 0.000010 0.000010 0.999880 0.000010 0.000010 0.000010 0.000010 0.000010 0.000010 0.000010
0.000010 0.000010 0.195077 0.017257 0.209996 0.516254 0.000010 0.000010 0.000010 0.044567 0.000010 0.000010 0.016779
0.000010 0.189058 0.276785 0.000010 0.345391 0.000010 0.000010 0.045408 0.000010 0.000010 0.143279 0.000010 0.000010
0.000010 0.000010 0.000010 0.616833 0.000010 0.000010 0.000010 0.026085 0.000010 0.000010 0.044020 0.312972 0.000010
0.000010 0.000010 0.000010 0.154938 0.000010 0.000010 0.000010 0.000010 0.000010 0.000010 0.000010 0.844952 0.000010
0.000010 0.000010 0.019454 0.823170 0.000010 0.000010 0.000010 0.102579 0.000010 0.000010 0.000010 0.054707 0.000010
0.000010 0.038062 0.000010 0.535059 0.012069 0.000010 0.020515 0.006117 0.000010 0.045690 0.028537 0.313901 0.000010
0.033159 0.000010 0.051889 0.586635 0.000010 0.000010 0.000010 0.054991 0.000010 0.001774 0.000010 0.271483 0.000010
0.068624 0.000010 0.000010 0.533302 0.000010 0.000010 0.006794 0.006793 0.002290 0.036506 0.037687 0.300795 0.007169
0.000010 0.000010 0.000010 0.626976 0.000010 0.000010 0.000010 0.000010 0.000010 0.000010 0.012746 0.360177 0.000010
0.000010 0.000010 0.000010 0.622854 0.000010 0.000010 0.000010 0.000010 0.000010 0.105662 0.000010 0.230030 0.041364
0.000010 0.075995 0.015396 0.000010 0.004383 0.000010 0.000010 0.000010 0.249914 0.199844 0.449698 0.004710 0.000010
0.000010 0.000010 0.599546 0.000010 0.400344 0.000010 0.000010 0.000010 0.000010 0.000010 0.000010 0.000010 0.000010
0.000010 0.000010 0.036650 0.794636 0.000010 0.038131 0.000010 0.000010 0.000010 0.000010 0.028466 0.102038 0.000010
0.000010 0.000010 0.000010 0.729287 0.000010 0.000010 0.000010 0.046882 0.000010 0.009727 0.000010 0.112444 0.101579
0.000010 0.000010 0.135370 0.000010 0.000010 0.712157 0.000010 0.000017 0.000010 0.075339 0.000010 0.077037 0.000010
0.000010 0.000010 0.000010 0.000010 0.278987 0.517660 0.000010 0.147121 0.000010 0.000010 0.056141 0.000010 0.000010
0.000010 0.000010 0.106500 0.000010 0.556688 0.326289 0.000010 0.000010 0.010433 0.000010 0.000010 0.000010 0.000010
0.000010 0.137815 0.000010 0.172617 0.000010 0.000010 0.214062 0.000010 0.017160 0.101640 0.000010 0.356636 0.000010
0.000010 0.676749 0.093609 0.000010 0.000010 0.000010 0.000010 0.000010 0.000010 0.083120 0.146432 0.000010 0.000010
0.000010 0.000010 0.000010 0.000010 0.000010 0.000010 0.000010 0.037617 0.000010 0.000010 0.962273 0.000010 0.000010
0.000010 0.000010 0.000010 0.261847 0.022971 0.000519 0.000010 0.000010 0.000010 0.000010 0.000010 0.657576 0.057008
0.172532 0.000010 0.000010 0.000010 0.156856 0.000010 0.000010 0.080619 0.000010 0.000010 0.231996 0.190556 0.167370
0.079917 0.000020 0.000010 0.000010 0.180105 0.000010 0.039745 0.005779 0.000010 0.000010 0.638687 0.000010 0.055686
0.000010 0.000010 0.000010 0.115437 0.000010 0.000010 0.000010 0.000010 0.000010 0.000010 0.000010 0.884453 0.000010
0.000010 0.000010 0.000010 0.000010 0.000010 0.000010 0.119001 0.480506 0.000010 0.400393 0.000010 0.000010 0.000010
0.131220 0.254212 0.000010 0.000010 0.302618 0.163775 0.000010 0.148095 0.000010 0.000010 0.000010 0.000010 0.000010
0.000010 0.074017 0.000010 0.000010 0.000010 0.000010 0.000010 0.778802 0.000010 0.147082 0.000010 0.000010 0.000010
0.000010 0.000010 0.999880 0.000010 0.000010 0.000010 0.000010 0.000010 0.000010 0.000010 0.000010 0.000010 0.000010
0.000010 0.000010 0.000010 0.000010 0.000010 0.000010 0.999875 0.000010 0.000010 0.000010 0.000010 0.000015 0.000010
0.121474 0.551473 0.048488 0.000010 0.105377 0.000010 0.000010 0.000010 0.000010 0.000010 0.136410 0.000010 0.036708
0.201418 0.000010 0.147159 0.153328 0.000010 0.080946 0.021355 0.080231 0.217647 0.068833 0.000010 0.029042 0.000010
0.000010 0.999880 0.000010 0.000010 0.000010 0.000010 0.000010 0.000010 0.000010 0.000010 0.000010 0.000010 0.000010
0.680016 0.053321 0.097136 0.000010 0.000010 0.151595 0.000010 0.008676 0.000010 0.000010 0.009186 0.000010 0.000010
0.054247 0.000010 0.000010 0.000010 0.000010 0.000010 0.000010 0.000010 0.000010 0.000010 0.000010 0.927118 0.018536
0.016911 0.509422 0.000010 0.000010 0.062873 0.000010 0.000010 0.000010 0.074373 0.000010 0.229872 0.000010 0.106477
0.000010 0.000010 0.000010 0.000010 0.000010 0.000010 0.000010 0.000010 0.000010 0.999880 0.000010 0.000010 0.000010
0.000010 0.000010 0.000010 0.000010 0.000010 0.000010 0.000010 0.000010 0.000010 0.999880 0.000010 0.000010 0.000010
0.059879 0.013947 0.000010 0.087480 0.000010 0.000010 0.248069 0.000010 0.424207 0.015572 0.000010 0.150785 0.000010
0.095793 0.314251 0.000010 0.073511 0.085854 0.000010 0.000010 0.000010 0.039199 0.049047 0.340255 0.000010 0.002040
0.000010 0.504947 0.000010 0.000010 0.090591 0.000010 0.000010 0.000010 0.032807 0.211941 0.036134 0.123511 0.000010
0.000010 0.475078 0.000010 0.013507 0.123496 0.101132 0.010707 0.073305 0.070388 0.067615 0.000010 0.060243 0.004500
0.000010 0.000010 0.000010 0.000010 0.000010 0.000010 0.000010 0.000010 0.000010 0.000010 0.999880 0.000010 0.000010
0.361140 0.000010 0.105695 0.000010 0.000010 0.000010 0.000010 0.000010 0.000010 0.000010 0.533064 0.000010 0.000010
0.537750 0.000010 0.219244 0.000010 0.000010 0.124255 0.039042 0.000010 0.000010 0.000010 0.079629 0.000010 0.000010
0.000010 0.000010 0.000010 0.000010 0.000010 0.000010 0.000010 0.000010 0.000010 0.000010 0.999880 0.000010 0.000010
0.000010 0.000010 0.000010 0.000010 0.000010 0.000010 0.000010 0.000010 0.000010 0.000010 0.999880 0.000010 0.000010
0.049260 0.000010 0.000010 0.000010 0.000010 0.000010 0.000010 0.000010 0.000010 0.043925 0.906714 0.000010 0.000010
0.000010 0.729528 0.000010 0.000010 0.000010 0.000010 0.000010 0.000010 0.000010 0.270362 0.000010 0.000010 0.000010
0.000010 0.205865 0.149526 0.000010 0.000010 0.000010 0.031680 0.000010 0.000010 0.000010 0.601093 0.000010 0.011756
0.000010 0.000010 0.000010 0.000010 0.000010 0.000010 0.000010 0.000010 0.000010 0.999880 0.000010 0.000010 0.000010
0.000010 0.463985 0.000010 0.000010 0.099324 0.076540 0.000010 0.158645 0.000010 0.000010 0.155125 0.046311 0.000010
0.053508 0.583324 0.000010 0.000010 0.000010 0.000010 0.000010 0.145535 0.000010 0.000010 0.129771 0.087782 0.000010
0.000010 0.637978 0.000010 0.000010 0.000010 0.046781 0.040218 0.128291 0.000010 0.010006 0.123911 0.012755 0.000010
0.000010 0.615722 0.000010 0.134492 0.000010 0.000010 0.000010 0.000010 0.000010 0.000010 0.198652 0.025063 0.025991
0.203128 0.027713 0.000010 0.435137 0.000010 0.000010 0.020167 0.182862 0.043847 0.087086 0.000010 0.000010 0.000010
0.000010 0.654619 0.000010 0.000010 0.000010 0.345271 0.000010 0.000010 0.000010 0.000010 0.000010 0.000010 0.000010
0.000010 0.729977 0.000010 0.000010 0.178604 0.000010 0.000010 0.000010 0.000010 0.060311 0.000010 0.000010 0.031018
0.101229 0.704358 0.000010 0.000010 0.090169 0.000010 0.000010 0.000010 0.036938 0.067225 0.000010 0.000010 0.000010
0.000010 0.203911 0.000010 0.531713 0.000010 0.000010 0.000010 0.214265 0.050021 0.000010 0.000010 0.000010 0.000010
0.000010 0.020220 0.668168 0.000010 0.016822 0.098598 0.000010 0.016452 0.000010 0.000010 0.179670 0.000010 0.000010
0.000010 0.010851 0.818227 0.000010 0.000010 0.000010 0.000010 0.000010 0.000010 0.170822 0.000010 0.000010 0.000010
0.055374 0.186650 0.177577 0.000010 0.000010 0.086832 0.000010 0.365931 0.100254 0.000010 0.000010 0.000010 0.027322
0.068560 0.502049 0.000010 0.031591 0.144485 0.099452 0.003046 0.095727 0.000010 0.000010 0.000010 0.000010 0.055041
0.060904 0.000010 0.000010 0.255738 0.019313 0.000010 0.000010 0.011580 0.025611 0.004134 0.000010 0.596053 0.026617
0.000010 0.000010 0.000010 0.266914 0.000010 0.000010 0.000010 0.024685 0.000010 0.000010 0.053063 0.609388 0.045870
0.094303 0.083143 0.505466 0.000010 0.024846 0.000010 0.000010 0.039401 0.000010 0.000010 0.120868 0.049047 0.082876
0.004977 0.000010 0.000010 0.523186 0.060537 0.000010 0.000010 0.000010 0.029157 0.000010 0.000010 0.382062 0.000010
0.030791 0.151332 0.000010 0.616775 0.000010 0.000010 0.000010 0.093980 0.000010 0.061145 0.000010 0.000010 0.045907
0.000010 0.000010 0.749050 0.000010 0.000010 0.000010 0.000010 0.154259 0.000018 0.000010 0.096583 0.000010 0.000010
0.116950 0.000010 0.000010 0.718227 0.029595 0.000010 0.000010 0.115791 0.019357 0.000010 0.000010 0.000010 0.000010
0.261096 0.211620 0.092164 0.137933 0.000010 0.000010 0.056578 0.000010 0.000010 0.115659 0.068392 0.000010 0.056508
0.000010 0.573678 0.042279 0.000010 0.081473 0.055414 0.000010 0.036647 0.000010 0.074440 0.136009 0.000010 0.000010
0.477498 0.142371 0.071473 0.000010 0.000010 0.004998 0.000010 0.157576 0.000010 0.101501 0.000010 0.000010 0.044523
0.023936 0.000010 0.009489 0.691022 0.026200 0.036041 0.000010 0.170400 0.000010 0.000010 0.000010 0.000010 0.042851
0.132555 0.380950 0.000010 0.000010 0.000010 0.052239 0.000010 0.000010 0.000010 0.006490 0.427686 0.000010 0.000010
0.000010 0.513137 0.106470 0.019104 0.072660 0.000010 0.000010 0.000010 0.032184 0.026891 0.229495 0.000010 0.000010
0.000010 0.383414 0.235817 0.000010 0.376482 0.000010 0.000010 0.000010 0.000010 0.000010 0.004197 0.000010 0.000010
0.058498 0.550476 0.000010 0.000010 0.339744 0.000010 0.000010 0.000010 0.005650 0.000010 0.000010 0.039005 0.006558
0.022821 0.077346 0.038077 0.000010 0.377276 0.436133 0.000010 0.000010 0.000010 0.048277 0.000010 0.000010 0.000010
0.045589 0.304780 0.102160 0.000010 0.000010 0.158985 0.000010 0.000010 0.000010 0.115641 0.272775 0.000010 0.000010
0.038229 0.394782 0.119004 0.121689 0.000010 0.200439 0.000010 0.051427 0.000010 0.074370 0.000010 0.000010 0.000010
0.004093 0.445897 0.213094 0.057212 0.049103 0.000010 0.014030 0.000010 0.035281 0.000010 0.177912 0.003337 0.000010
0.000010 0.065857 0.000010 0.000010 0.575122 0.343694 0.000010 0.015237 0.000010 0.000010 0.000010 0.000010 0.000010
0.000010 0.000010 0.057373 0.000010 0.089616 0.800440 0.000010 0.000010 0.000010 0.052480 0.000010 0.000010 0.000010
0.184268 0.010606 0.000010 0.630817 0.000010 0.011072 0.014421 0.137104 0.000010 0.000010 0.000010 0.000010 0.011653
0.000010 0.021629 0.000010 0.576660 0.037678 0.103422 0.000010 0.205463 0.055079 0.000010 0.000010 0.000010 0.000010
