0.000010 0.000010 0.340916 0.456195 0.000010 0.000010 0.000010 0.158618 0.030821 0.013400
0.000010 0.042391 0.000010 0.736179 0.000010 0.000010 0.150379 0.000010 0.070991 0.000010
0.000010 0.000010 0.000010 0.056090 0.000010 0.000010 0.943830 0.000010 0.000010 0.000010
0.000010 0.164944 0.000010 0.000010 0.000010 0.000010 0.683362 0.051066 0.100569 0.000010
0.022502 0.273988 0.000010 0.000010 0.119534 0.000010 0.583916 0.000010 0.000010 0.000010
0.000010 0.239353 0.000010 0.000010 0.000010 0.000010 0.760567 0.000010 0.000010 0.000010
0.000010 0.111575 0.000010 0.140424 0.000010 0.000010 0.739708 0.000010 0.000010 0.008233
0.081846 0.000010 0.000010 0.064329 0.016016 0.000010 0.837748 0.000010 0.000010 0.000010
0.999910 0.000010 0.000010 0.000010 0.000010 0.000010 0.000010 0.000010 0.000010 0.000010
0.450171 0.000010 0.105229 0.085777 0.147765 0.000010 0.211008 0.000010 0.000010 0.000010
0.000010 0.000010 0.999910 0.000010 0.000010 0.000010 0.000010 0.000010 0.000010 0.000010
0.000010 0.000010 0.999910 0.000010 0.000010 0.000010 0.000010 0.000010 0.000010 0.000010
0.000010 0.000010 0.999910 0.000010 0.000010 0.000010 0.000010 0.000010 0.000010 0.000010
0.000010 0.000010 0.000010 0.999910 0.000010 0.000010 0.000010 0.000010 0.000010 0.000010
0.033178 0.022379 0.000010 0.058759 0.130681 0.000010 0.747836 0.007127 0.000010 0.000010
0.089423 0.000010 0.823580 0.086928 0.000010 0.000010 0.000010 0.000010 0.000010 0.000010
0.000010 0.000010 0.385509 0.000010 0.142855 0.164144 0.307432 0.000010 0.000010 0.000010
0.014366 0.088007 0.000010 0.000010 0.000010 0.000010 0.896507 0.000010 0.001060 0.000010
0.999907 0.000010 0.000010 0.000012 0.000010 0.000011 0.000010 0.000010 0.000010 0.000010
0.999905 0.000010 0.000015 0.000010 0.000010 0.000010 0.000010 0.000010 0.000010 0.000010
0.000010 0.000010 0.000012 0.102510 0.000010 0.041357 0.845185 0.010887 0.000010 0.000010
0.999910 0.000010 0.000010 0.000010 0.000010 0.000010 0.000010 0.000010 0.000010 0.000010
0.000010 0.061039 0.000010 0.008525 0.024158 0.000010 0.802792 0.000010 0.054874 0.048573
0.027269 0.027362 0.000010 0.000010 0.072072 0.000010 0.823197 0.000010 0.000010 0.050049
0.000010 0.000010 0.000010 0.000010 0.064095 0.000010 0.890991 0.000010 0.000010 0.044843
0.000010 0.000010 0.000010 0.000010 0.000010 0.000010 0.999910 0.000010 0.000010 0.000010
0.000010 0.120944 0.000010 0.170259 0.000010 0.000010 0.708726 0.000010 0.000010 0.000010
0.000010 0.193819 0.000010 0.142094 0.000010 0.000010 0.664017 0.000010 0.000010 0.000010
0.000010 0.000010 0.028686 0.169899 0.000010 0.000010 0.022154 0.726946 0.000010 0.052265
0.000010 0.000010 0.000010 0.000010 0.144711 0.018593 0.836625 0.000010 0.000010 0.000010
0.000010 0.000010 0.000010 0.000010 0.000010 0.000010 0.999910 0.000010 0.000010 0.000010
0.000010 0.075012 0.000010 0.231968 0.079897 0.000010 0.613063 0.000010 0.000010 0.000010
0.000010 0.000010 0.015358 0.000095 0.261502 0.000010 0.699178 0.003143 0.000010 0.020685
0.000010 0.285054 0.044530 0.063630 0.000010 0.000010 0.584329 0.004446 0.017971 0.000010
0.000010 0.134964 0.022731 0.171916 0.000010 0.000010 0.639371 0.000010 0.024710 0.006269
0.000010 0.080295 0.066892 0.197145 0.370103 0.046958 0.000010 0.076864 0.144253 0.017470
0.000010 0.000010 0.000010 0.000010 0.111999 0.000010 0.861905 0.000010 0.026026 0.000010
0.025808 0.000010 0.000010 0.000010 0.140028 0.006446 0.033053 0.596238 0.198387 0.000010
0.000010 0.000010 0.999910 0.000010 0.000010 0.000010 0.000010 0.000010 0.000010 0.000010
0.577351 0.000010 0.422569 0.000010 0.000010 0.000010 0.000010 0.000010 0.000010 0.000010
0.999910 0.000010 0.000010 0.000010 0.000010 0.000010 0.000010 0.000010 0.000010 0.000010
0.835818 0.000010 0.000010 0.000010 0.000010 0.000010 0.000010 0.164102 0.000010 0.000010
0.999910 0.000010 0.000010 0.000010 0.000010 0.000010 0.000010 0.000010 0.000010 0.000010
0.858767 0.000010 0.000010 0.000010 0.000010 0.000010 0.000010 0.141153 0.000010 0.000010
0.999910 0.000010 0.000010 0.000010 0.000010 0.000010 0.000010 0.000010 0.000010 0.000010
0.008783 0.163460 0.281290 0.411794 0.033433 0.000010 0.019035 0.082174 0.000010 0.000010
0.224199 0.125547 0.572414 0.000010 0.000010 0.000010 0.000010 0.077780 0.000010 0.000010
0.422058 0.000010 0.577862 0.000010 0.000010 0.000010 0.000010 0.000010 0.000010 0.000010
0.000010 0.256386 0.000010 0.000010 0.000010 0.000010 0.743534 0.000010 0.000010 0.000010
0.999910 0.000010 0.000010 0.000010 0.000010 0.000010 0.000010 0.000010 0.000010 0.000010
0.281920 0.148926 0.569084 0.000010 0.000010 0.000010 0.000010 0.000010 0.000010 0.000010
0.000010 0.000010 0.000010 0.204453 0.795467 0.000010 0.000010 0.000010 0.000010 0.000010
0.775704 0.000010 0.152479 0.000010 0.000010 0.000010 0.000010 0.000010 0.071747 0.000010
0.000010 0.000010 0.708543 0.000010 0.066962 0.000010 0.002057 0.066349 0.156039 0.000010
0.000010 0.000010 0.352494 0.000010 0.000010 0.000010 0.000010 0.647426 0.000010 0.000010
0.213342 0.000010 0.671687 0.000010 0.000010 0.042305 0.072606 0.000010 0.000010 0.000010
0.018622 0.000010 0.090005 0.307969 0.366077 0.000010 0.021497 0.177536 0.000010 0.018264
0.000010 0.022576 0.000010 0.426677 0.132438 0.076414 0.323135 0.000010 0.000010 0.018721
0.000010 0.266189 0.000010 0.014006 0.358948 0.000010 0.000010 0.306405 0.054403 0.000010
0.000010 0.000010 0.135024 0.500282 0.000010 0.000010 0.000010 0.284584 0.080051 0.000010
0.000010 0.021478 0.103105 0.347583 0.000010 0.000010 0.172549 0.355235 0.000010 0.000010
0.000010 0.131281 0.000010 0.000010 0.000010 0.000010 0.817209 0.000010 0.000010 0.051440
0.000010 0.282530 0.000010 0.000010 0.000010 0.000010 0.669663 0.000010 0.047737 0.000010
0.031838 0.065234 0.000010 0.000010 0.902858 0.000010 0.000010 0.000010 0.000010 0.000010
0.000010 0.000010 0.000010 0.000010 0.999910 0.000010 0.000010 0.000010 0.000010 0.000010
0.062650 0.000010 0.675931 0.000010 0.000010 0.000010 0.000010 0.085152 0.176207 0.000010
0.037713 0.073238 0.514918 0.017138 0.000010 0.000010 0.000010 0.183363 0.124466 0.049135
0.000010 0.000010 0.000010 0.620947 0.086741 0.000010 0.198595 0.000010 0.093657 0.000010
0.000010 0.000010 0.830921 0.000010 0.000010 0.000010 0.000010 0.000010 0.168999 0.000010
0.014962 0.000584 0.538945 0.102903 0.000010 0.013071 0.000010 0.142608 0.129506 0.057401
0.037659 0.000010 0.000010 0.000010 0.114027 0.000010 0.000010 0.848244 0.000010 0.000010
0.030771 0.000010 0.555011 0.044792 0.000010 0.000010 0.012058 0.164149 0.193180 0.000010
0.000010 0.000010 0.000010 0.288573 0.000010 0.000010 0.000010 0.711347 0.000010 0.000010
0.000010 0.121159 0.000010 0.000010 0.750884 0.000010 0.000010 0.059360 0.068537 0.000010
0.000010 0.029415 0.000010 0.159358 0.357200 0.000010 0.141755 0.312223 0.000010 0.000010
0.000010 0.059546 0.000010 0.628218 0.036065 0.000010 0.205272 0.000010 0.000010 0.070849
0.060778 0.025134 0.463204 0.078645 0.000010 0.000010 0.000010 0.189673 0.157367 0.025169
0.030745 0.000010 0.000010 0.142369 0.000010 0.000010 0.812327 0.000010 0.000010 0.014499
0.000010 0.392539 0.000010 0.000010 0.000010 0.000010 0.607381 0.000010 0.000010 0.000010
0.000010 0.071620 0.049108 0.000010 0.000010 0.000010 0.879202 0.000010 0.000010 0.000010
0.000010 0.000010 0.048969 0.000010 0.112352 0.000010 0.838610 0.000010 0.000010 0.000010
0.000010 0.301887 0.000010 0.000010 0.000010 0.000010 0.698033 0.000010 0.000010 0.000010
0.000010 0.084849 0.000010 0.057212 0.000010 0.000010 0.788033 0.000010 0.000010 0.069846
0.000010 0.000010 0.000010 0.000010 0.999910 0.000010 0.000010 0.000010 0.000010 0.000010
0.463404 0.000010 0.536512 0.000010 0.000013 0.000010 0.000010 0.000010 0.000010 0.000010
0.000010 0.000010 0.000010 0.000010 0.000010 0.000010 0.000010 0.000010 0.999910 0.000010
0.999907 0.000010 0.000011 0.000010 0.000010 0.000010 0.000013 0.000010 0.000010 0.000010
0.999910 0.000010 0.000010 0.000010 0.000010 0.000010 0.000010 0.000010 0.000010 0.000010
0.999910 0.000010 0.000010 0.000010 0.000010 0.000010 0.000010 0.000010 0.000010 0.000010
0.176200 0.000010 0.667600 0.000010 0.000010 0.042768 0.000010 0.113372 0.000010 0.000010
0.092477 0.000010 0.000010 0.000010 0.907443 0.000010 0.000010 0.000010 0.000010 0.000010
0.000010 0.000010 0.000010 0.000010 0.999910 0.000010 0.000010 0.000010 0.000010 0.000010
0.000010 0.088094 0.000010 0.082056 0.000010 0.059366 0.757164 0.000010 0.000010 0.013271
0.000010 0.000010 0.000010 0.000010 0.000010 0.000010 0.000010 0.000010 0.999910 0.000010
0.000010 0.259748 0.000010 0.000010 0.000010 0.000010 0.001522 0.733521 0.005149 0.000010
0.072229 0.000010 0.000010 0.000010 0.783830 0.000010 0.000010 0.039909 0.000010 0.103973
0.000010 0.989116 0.000010 0.000010 0.000010 0.000010 0.000010 0.000010 0.000010 0.010804
0.068220 0.205847 0.053483 0.442000 0.052882 0.000010 0.108332 0.029917 0.031423 0.007887
0.000010 0.360827 0.000010 0.000010 0.639093 0.000010 0.000010 0.000010 0.000010 0.000010
0.001735 0.170814 0.445293 0.009941 0.000010 0.000010 0.192977 0.158418 0.000010 0.020792
0.000010 0.327812 0.000010 0.196159 0.475959 0.000010 0.000010 0.000010 0.000010 0.000010
0.001114 0.154255 0.007015 0.460057 0.082981 0.000010 0.284646 0.000010 0.000010 0.009902
0.000010 0.024739 0.014730 0.278868 0.681603 0.000010 0.000010 0.000010 0.000010 0.000010
0.023537 0.000010 0.000010 0.036433 0.627761 0.000010 0.000010 0.312209 0.000010 0.000010
0.000010 0.000010 0.582796 0.103784 0.000010 0.000010 0.000010 0.131436 0.181924 0.000010
0.000010 0.045544 0.000010 0.000010 0.047741 0.000010 0.000010 0.906644 0.000010 0.000010
0.000010 0.000010 0.033666 0.025119 0.131138 0.000010 0.787932 0.000010 0.000010 0.022095
0.000010 0.004065 0.000010 0.000010 0.000010 0.000010 0.995855 0.000010 0.000010 0.000010
0.019831 0.000010 0.415303 0.000010 0.000010 0.000010 0.000010 0.000010 0.564796 0.000010
0.000010 0.000010 0.000010 0.000010 0.000010 0.000010 0.000010 0.000010 0.999910 0.000010
0.000010 0.000010 0.011237 0.000010 0.097173 0.022563 0.000010 0.000010 0.000010 0.868967
0.000010 0.000010 0.000010 0.000010 0.000010 0.000010 0.000010 0.000010 0.000010 0.999910
0.080609 0.000010 0.814391 0.000010 0.008602 0.000010 0.046904 0.049444 0.000010 0.000010
0.000010 0.201316 0.000010 0.548398 0.101826 0.005059 0.095068 0.016936 0.031367 0.000010
0.030774 0.243532 0.246526 0.123152 0.355966 0.000010 0.000010 0.000010 0.000010 0.000010
0.001993 0.129923 0.000010 0.101766 0.000010 0.000010 0.766258 0.000010 0.000010 0.000010
0.016142 0.409302 0.016697 0.008457 0.175111 0.000010 0.000010 0.374251 0.000010 0.000010
0.001379 0.000010 0.000010 0.118415 0.018719 0.000010 0.828718 0.000010 0.000010 0.032720
0.000010 0.000010 0.000010 0.000010 0.209079 0.000010 0.755292 0.000010 0.000010 0.035559
0.000010 0.000010 0.000010 0.000010 0.000010 0.000010 0.000010 0.000010 0.000010 0.999910
0.000010 0.000010 0.000010 0.324106 0.215971 0.000010 0.040422 0.354899 0.005415 0.059147
0.014353 0.000010 0.000010 0.000010 0.000010 0.094328 0.000010 0.000010 0.000010 0.891249
0.000010 0.000010 0.000010 0.000010 0.000010 0.000010 0.000010 0.000010 0.000010 0.999910
0.024207 0.000010 0.000010 0.000010 0.041853 0.000010 0.000010 0.000010 0.000023 0.933857
0.071336 0.009181 0.000010 0.132249 0.271523 0.000010 0.032357 0.483314 0.000010 0.000010
0.015795 0.147434 0.000010 0.000010 0.115040 0.000010 0.721670 0.000010 0.000010 0.000010
0.032838 0.000010 0.000010 0.062368 0.085138 0.000010 0.726806 0.000010 0.000010 0.092800
0.000010 0.132439 0.000010 0.000010 0.000010 0.148107 0.142214 0.343457 0.233733 0.000010
0.097643 0.000010 0.000010 0.000010 0.000010 0.000010 0.000010 0.390718 0.511568 0.000010
0.000010 0.149018 0.177752 0.424684 0.000010 0.000010 0.151864 0.096631 0.000010 0.000010
0.000010 0.057459 0.000010 0.048534 0.148839 0.000010 0.722499 0.000010 0.000010 0.022619
0.000010 0.000010 0.000010 0.000010 0.000010 0.000010 0.000010 0.999910 0.000010 0.000010
0.204400 0.000010 0.000010 0.000010 0.000010 0.000010 0.000010 0.741447 0.054083 0.000010
0.000010 0.158928 0.000010 0.000010 0.047029 0.000010 0.072884 0.721099 0.000010 0.000010
0.000010 0.187998 0.000010 0.000010 0.000010 0.013501 0.798431 0.000010 0.000010 0.000010
0.000010 0.198776 0.000010 0.053471 0.000010 0.000010 0.701240 0.000010 0.000010 0.046454
0.000010 0.063370 0.000010 0.284948 0.012767 0.000010 0.556450 0.000010 0.000010 0.082415
0.010598 0.000010 0.037184 0.054404 0.000010 0.000010 0.897754 0.000010 0.000010 0.000010
0.095497 0.000010 0.682928 0.000010 0.000010 0.000010 0.000010 0.187389 0.034127 0.000010
0.000010 0.856030 0.000010 0.143890 0.000010 0.000010 0.000010 0.000010 0.000010 0.000010
0.178220 0.091515 0.443192 0.052112 0.000010 0.000010 0.120801 0.064481 0.000010 0.049649
0.000010 0.161763 0.120128 0.499432 0.000010 0.000010 0.129340 0.032746 0.056551 0.000010
0.076078 0.000010 0.714206 0.000010 0.000010 0.000010 0.000010 0.128839 0.080817 0.000010
0.000010 0.008449 0.752933 0.000010 0.000010 0.000010 0.029524 0.086953 0.122090 0.000010
0.091162 0.050489 0.637564 0.000010 0.000010 0.000010 0.000010 0.161958 0.058776 0.000010
0.000010 0.065561 0.729560 0.000010 0.078220 0.000010 0.000010 0.126598 0.000010 0.000010
0.095039 0.000010 0.158157 0.000010 0.000010 0.000010 0.000010 0.686202 0.060541 0.000010
0.000010 0.000010 0.000013 0.000010 0.000010 0.000010 0.000010 0.000010 0.000010 0.999907
0.000010 0.000010 0.000010 0.161145 0.838775 0.000010 0.000010 0.000010 0.000010 0.000010
0.000010 0.544506 0.000010 0.268800 0.029181 0.000010 0.157452 0.000010 0.000010 0.000010
0.008684 0.000010 0.573468 0.000010 0.000010 0.000010 0.000010 0.047045 0.357893 0.012861
0.000010 0.000010 0.000010 0.434960 0.165939 0.009852 0.333480 0.000010 0.000010 0.055719
0.019557 0.000010 0.630919 0.000010 0.000010 0.000010 0.000010 0.239678 0.109785 0.000010
0.000010 0.230282 0.000010 0.227305 0.173196 0.000010 0.369157 0.000010 0.000010 0.000010
0.019718 0.234732 0.000010 0.162356 0.262529 0.003053 0.303095 0.000010 0.000010 0.014487
0.004588 0.343006 0.000010 0.211903 0.357997 0.000010 0.082456 0.000010 0.000010 0.000010
0.052341 0.000010 0.009696 0.268563 0.144390 0.133038 0.062128 0.202100 0.127724 0.000010
0.000010 0.403627 0.000010 0.000010 0.532987 0.000010 0.000010 0.063316 0.000010 0.000010
0.043671 0.141261 0.000010 0.173471 0.619850 0.000010 0.000010 0.021696 0.000010 0.000010
0.000010 0.292025 0.000010 0.000010 0.000010 0.000010 0.000010 0.569608 0.138297 0.000010
0.000010 0.000010 0.156573 0.507964 0.000010 0.000010 0.000010 0.335393 0.000010 0.000010
0.029499 0.264953 0.061601 0.000010 0.000010 0.000014 0.000010 0.553509 0.052586 0.037809
0.000010 0.000010 0.023386 0.804758 0.114179 0.057617 0.000010 0.000010 0.000010 0.000010
0.000010 0.000010 0.131371 0.722179 0.000010 0.000010 0.000010 0.146380 0.000010 0.000010
0.035292 0.120603 0.064757 0.389541 0.035300 0.000010 0.022486 0.331993 0.000010 0.000010
0.000010 0.070753 0.254982 0.626891 0.000010 0.000010 0.032187 0.000010 0.000010 0.015137
0.000010 0.681240 0.000010 0.000010 0.318680 0.000010 0.000010 0.000010 0.000010 0.000010
0.002566 0.020428 0.000010 0.666765 0.000010 0.007171 0.303020 0.000010 0.000010 0.000010
0.003628 0.356262 0.000010 0.178060 0.275373 0.000010 0.164331 0.008920 0.013396 0.000010
0.000010 0.682846 0.258148 0.000010 0.000010 0.000010 0.000010 0.058936 0.000010 0.000010
0.000010 0.047653 0.713763 0.116608 0.000010 0.000010 0.000010 0.047089 0.074837 0.000010
0.000010 0.085761 0.000010 0.731547 0.000010 0.075209 0.101695 0.000010 0.005738 0.000010
0.000010 0.903123 0.000010 0.000010 0.096797 0.000010 0.000010 0.000010 0.000010 0.000010
0.000010 0.000010 0.000010 0.000010 0.000010 0.610869 0.000010 0.004218 0.000010 0.384843
0.050084 0.000010 0.022590 0.000010 0.000010 0.160071 0.001449 0.000010 0.000010 0.765755
0.000010 0.205525 0.000010 0.000010 0.102830 0.000010 0.205743 0.485842 0.000010 0.000010
0.007466 0.000010 0.000010 0.000010 0.000010 0.261947 0.000010 0.000010 0.000010 0.730517
0.000010 0.000010 0.051532 0.000010 0.015847 0.110736 0.031684 0.000010 0.048743 0.741418
0.000010 0.017610 0.056376 0.097891 0.000010 0.574659 0.016471 0.000010 0.082762 0.154201
0.000010 0.036664 0.726768 0.060548 0.000010 0.000010 0.026103 0.016353 0.133524 0.000010
0.000010 0.000010 0.000010 0.000010 0.000010 0.438024 0.000010 0.075106 0.000010 0.486801
0.011798 0.000012 0.000010 0.012205 0.039535 0.095014 0.084214 0.025840 0.004236 0.727137
0.000010 0.000010 0.010416 0.000010 0.000010 0.187436 0.000010 0.027234 0.186980 0.587885
0.000010 0.035443 0.000010 0.674929 0.041494 0.000010 0.233466 0.000010 0.000010 0.014617
0.000010 0.000010 0.000010 0.792458 0.091451 0.009060 0.007683 0.000010 0.000010 0.099297
0.000010 0.000010 0.000010 0.136661 0.152982 0.000010 0.000010 0.361427 0.348870 0.000010
0.000010 0.245865 0.000010 0.269424 0.123524 0.000010 0.253421 0.107717 0.000010 0.000010
0.000010 0.000010 0.000010 0.000010 0.000010 0.357904 0.000010 0.000010 0.152066 0.489960
0.035485 0.404030 0.025013 0.000010 0.238601 0.056680 0.000010 0.153303 0.086858 0.000010
0.000010 0.000010 0.009341 0.006152 0.000010 0.000010 0.000010 0.059159 0.141034 0.784263
0.004071 0.000010 0.046415 0.012108 0.000010 0.327507 0.000011 0.000010 0.123120 0.486739
0.000010 0.211772 0.021278 0.191986 0.132744 0.000010 0.370632 0.000010 0.071548 0.000010
0.000010 0.000010 0.000010 0.999910 0.000010 0.000010 0.000010 0.000010 0.000010 0.000010
0.027495 0.000010 0.000010 0.000010 0.134882 0.188353 0.000010 0.000010 0.000010 0.649211
0.000010 0.000010 0.000010 0.756692 0.000010 0.000010 0.166244 0.076993 0.000010 0.000010
0.000010 0.000010 0.000010 0.070387 0.238327 0.000010 0.000010 0.618147 0.000010 0.073080
0.000010 0.000010 0.000010 0.000010 0.000010 0.560274 0.000010 0.000010 0.000010 0.439646
0.006245 0.000010 0.000010 0.056460 0.037370 0.123473 0.000010 0.000010 0.183104 0.593307
0.000010 0.000010 0.000010 0.000010 0.000010 0.000010 0.000010 0.000010 0.000010 0.999910
0.000010 0.611771 0.103442 0.033911 0.047631 0.065623 0.000010 0.136396 0.001196 0.000010
0.000010 0.000010 0.000010 0.000010 0.000010 0.000010 0.000010 0.999910 0.000010 0.000010
0.000010 0.191226 0.364444 0.262292 0.000010 0.000010 0.181977 0.000010 0.000010 0.000010
0.000010 0.233421 0.000010 0.256856 0.015335 0.096326 0.093951 0.240477 0.015164 0.048450
0.000010 0.000010 0.037314 0.000010 0.000010 0.563714 0.090104 0.055741 0.000010 0.253077
0.000010 0.000010 0.000010 0.000013 0.007683 0.417676 0.000010 0.000010 0.000010 0.574567
0.105606 0.000010 0.000010 0.056146 0.009960 0.703496 0.000010 0.000010 0.000010 0.124742
0.000013 0.000010 0.000010 0.089251 0.000010 0.485122 0.000010 0.000010 0.000010 0.425553
0.000010 0.011345 0.000010 0.812869 0.000010 0.027440 0.120846 0.000010 0.000010 0.027449
0.000010 0.184147 0.000010 0.000010 0.054713 0.000010 0.761069 0.000010 0.000010 0.000010
0.085868 0.000010 0.000010 0.019711 0.039713 0.000010 0.780262 0.000010 0.074395 0.000010
0.000010 0.000010 0.075121 0.065913 0.058876 0.000010 0.800030 0.000010 0.000010 0.000010
0.000010 0.060333 0.282420 0.002437 0.000010 0.000010 0.024471 0.506664 0.007289 0.116355
0.000010 0.000010 0.000010 0.034185 0.000010 0.170843 0.000010 0.000010 0.000010 0.794902
0.000010 0.000010 0.281453 0.000010 0.000010 0.000010 0.000010 0.718467 0.000010 0.000010
0.000010 0.000010 0.253050 0.186301 0.000010 0.045832 0.000010 0.508662 0.000010 0.006106
0.027685 0.008168 0.000010 0.000010 0.061700 0.621308 0.000010 0.002662 0.000010 0.278436
0.000010 0.000010 0.000010 0.000010 0.000010 0.786440 0.000010 0.000010 0.000010 0.213480
0.000010 0.000010 0.000010 0.000010 0.000010 0.000010 0.000010 0.000010 0.000010 0.999910
0.003027 0.000010 0.069872 0.000010 0.000010 0.588517 0.060611 0.000010 0.000010 0.277923
0.000010 0.050538 0.000010 0.000010 0.202937 0.000010 0.735952 0.010513 0.000010 0.000010
0.000010 0.166086 0.000010 0.000010 0.170201 0.000010 0.663643 0.000010 0.000010 0.000010
0.000010 0.213539 0.000010 0.000010 0.000010 0.057050 0.729340 0.000010 0.000010 0.000010
0.000010 0.000010 0.000010 0.000010 0.000010 0.653730 0.000010 0.000010 0.079105 0.267096
0.000323 0.000010 0.000010 0.000010 0.000010 0.000010 0.999597 0.000010 0.000010 0.000010
0.022920 0.257085 0.000010 0.001827 0.000010 0.027588 0.690531 0.000010 0.000010 0.000010
0.000010 0.528202 0.000010 0.181270 0.140194 0.000010 0.150274 0.000010 0.000010 0.000010
0.000010 0.000010 0.000010 0.000010 0.008359 0.662010 0.000010 0.000010 0.000010 0.329561
0.000010 0.000010 0.000010 0.000010 0.000010 0.048167 0.000010 0.000010 0.000010 0.951753
0.000010 0.056851 0.000010 0.005673 0.000010 0.701238 0.000010 0.000010 0.003279 0.232909
0.000010 0.000010 0.000010 0.040882 0.021373 0.462366 0.000010 0.000010 0.169357 0.305972
0.000010 0.012908 0.000010 0.003836 0.000010 0.469135 0.000010 0.021654 0.162806 0.329621
0.000010 0.000010 0.000010 0.000010 0.008014 0.549127 0.000010 0.074324 0.000010 0.368475
0.000010 0.000010 0.000010 0.000010 0.000010 0.509935 0.000010 0.000010 0.070439 0.419556
0.040915 0.015781 0.000010 0.000010 0.006502 0.589706 0.012495 0.000010 0.022398 0.312173
0.000010 0.068322 0.247402 0.207808 0.457530 0.014431 0.000010 0.000010 0.000010 0.004467
0.000010 0.869095 0.000010 0.000010 0.000010 0.000010 0.130825 0.000010 0.000010 0.000010
0.000010 0.000010 0.000010 0.000010 0.000010 0.838425 0.000010 0.000010 0.000010 0.161495
0.089650 0.000010 0.000010 0.000010 0.000010 0.778362 0.000010 0.000010 0.000010 0.131917
0.000010 0.103107 0.000010 0.000010 0.000010 0.000010 0.755220 0.000010 0.000010 0.141603
0.004715 0.037074 0.000010 0.000010 0.110494 0.009414 0.796518 0.041744 0.000010 0.000010
0.000010 0.263448 0.000010 0.000010 0.000010 0.000010 0.736472 0.000010 0.000010 0.000010
0.000010 0.000010 0.000010 0.127932 0.000010 0.000010 0.000010 0.000010 0.704386 0.167611
0.000010 0.071429 0.000010 0.701456 0.227045 0.000010 0.000010 0.000010 0.000010 0.000010
0.000010 0.000010 0.000010 0.000010 0.999910 0.000010 0.000010 0.000010 0.000010 0.000010
0.052269 0.000010 0.000010 0.000010 0.000010 0.253194 0.000010 0.000010 0.000010 0.694467
0.165099 0.000010 0.000010 0.019938 0.352049 0.000010 0.055340 0.237377 0.000010 0.170156
0.049838 0.065312 0.000010 0.000010 0.657871 0.000010 0.068897 0.122722 0.000010 0.035319
0.000010 0.000010 0.000010 0.000010 0.000010 0.000010 0.000010 0.000010 0.148376 0.851544
0.060064 0.000010 0.000010 0.510700 0.000010 0.000010 0.000010 0.250063 0.000010 0.179113
0.000010 0.139987 0.000010 0.296654 0.000010 0.006138 0.421484 0.135687 0.000010 0.000010
0.000010 0.000010 0.080618 0.809180 0.000010 0.030825 0.000010 0.051736 0.009446 0.018155
0.000010 0.999910 0.000010 0.000010 0.000010 0.000010 0.000010 0.000010 0.000010 0.000010
0.043126 0.053715 0.000010 0.429354 0.230400 0.000010 0.131392 0.111972 0.000010 0.000010
0.000010 0.173377 0.241226 0.098571 0.000010 0.217645 0.000010 0.204004 0.000010 0.065137
0.000010 0.000010 0.000010 0.953072 0.000010 0.000010 0.046848 0.000010 0.000010 0.000010
0.000010 0.084106 0.000010 0.000010 0.088268 0.000010 0.150343 0.677222 0.000010 0.000010
0.049437 0.000010 0.000010 0.000010 0.000010 0.000010 0.000010 0.000010 0.145919 0.804574
0.125260 0.036336 0.020682 0.369606 0.316067 0.000010 0.118445 0.013575 0.000010 0.000010
0.000010 0.000010 0.000010 0.999910 0.000010 0.000010 0.000010 0.000010 0.000010 0.000010
0.000010 0.000010 0.144705 0.740550 0.000010 0.000010 0.000010 0.082257 0.000010 0.032427
0.000010 0.000010 0.392016 0.005980 0.000010 0.000010 0.000010 0.000010 0.555682 0.046262
0.037593 0.003443 0.033901 0.293455 0.403481 0.037299 0.076463 0.086147 0.028208 0.000010
0.000010 0.000010 0.037367 0.563888 0.076226 0.000010 0.157888 0.027462 0.000010 0.137128
0.000010 0.000010 0.106402 0.553643 0.000010 0.017534 0.249616 0.000010 0.000010 0.072755
0.000010 0.101198 0.000010 0.000010 0.521986 0.000010 0.000010 0.376746 0.000010 0.000010
0.000010 0.206891 0.000010 0.000010 0.121459 0.000010 0.071606 0.533376 0.066618 0.000010
0.000010 0.000010 0.000010 0.000010 0.999910 0.000010 0.000010 0.000010 0.000010 0.000010
0.000010 0.000010 0.000010 0.000010 0.999910 0.000010 0.000010 0.000010 0.000010 0.000010
0.000010 0.000010 0.000010 0.000010 0.929224 0.000010 0.000010 0.070696 0.000010 0.000010
0.000010 0.000010 0.000010 0.999910 0.000010 0.000010 0.000010 0.000010 0.000010 0.000010
0.036728 0.134025 0.000010 0.135396 0.693791 0.000010 0.000010 0.000010 0.000010 0.000010
0.000010 0.000010 0.000010 0.999026 0.000010 0.000010 0.000010 0.000010 0.000010 0.000894
0.012591 0.044585 0.000010 0.531655 0.184443 0.000010 0.178323 0.000010 0.031311 0.017063
0.000010 0.000010 0.000010 0.633662 0.245697 0.000010 0.000010 0.002061 0.112696 0.005833
0.000010 0.000010 0.000010 0.743943 0.181762 0.000010 0.000010 0.000010 0.067670 0.006564
0.007100 0.000010 0.000010 0.553574 0.279835 0.159431 0.000010 0.000010 0.000010 0.000010
0.000010 0.000010 0.103708 0.131266 0.000010 0.547946 0.000010 0.217019 0.000010 0.000010
0.000010 0.000010 0.000010 0.697990 0.000010 0.000010 0.301930 0.000010 0.000010 0.000010
0.000010 0.107109 0.000010 0.717409 0.016297 0.000010 0.159125 0.000010 0.000010 0.000010
0.000010 0.000010 0.023471 0.690559 0.000010 0.000010 0.151422 0.134488 0.000010 0.000010
0.000010 0.000010 0.097614 0.230152 0.000010 0.672164 0.000010 0.000010 0.000010 0.000010
0.000010 0.692511 0.000010 0.044664 0.185760 0.000010 0.036641 0.000010 0.000010 0.040375
0.000010 0.756201 0.000010 0.189369 0.000010 0.054360 0.000010 0.000010 0.000010 0.000010
0.013924 0.202987 0.224993 0.477024 0.000010 0.000010 0.000010 0.081023 0.000010 0.000010
0.045896 0.011395 0.000010 0.496415 0.000010 0.000010 0.297682 0.073734 0.074837 0.000010
0.041566 0.011356 0.000010 0.000010 0.000010 0.223076 0.000010 0.048385 0.082158 0.593420
0.050937 0.000010 0.000010 0.000010 0.038527 0.254593 0.000010 0.000010 0.009182 0.646710
0.082845 0.490123 0.013952 0.142205 0.125584 0.000010 0.000010 0.071293 0.054343 0.019635
0.000016 0.022706 0.024409 0.000010 0.000010 0.459494 0.019430 0.010986 0.020269 0.442672
0.036415 0.000010 0.000010 0.191869 0.000010 0.727271 0.000010 0.044385 0.000010 0.000010
0.000010 0.694388 0.000010 0.133618 0.171924 0.000010 0.000010 0.000010 0.000010 0.000010
0.000724 0.000014 0.043088 0.000010 0.000010 0.787590 0.011430 0.117379 0.039745 0.000010
0.055068 0.104086 0.000010 0.237729 0.111366 0.035249 0.000010 0.253167 0.191467 0.011848
0.000010 0.099476 0.000010 0.622222 0.146476 0.000010 0.131765 0.000010 0.000010 0.000010
0.047762 0.068057 0.042429 0.357616 0.000010 0.000010 0.000010 0.484086 0.000010 0.000010
0.051019 0.040759 0.000010 0.049971 0.000010 0.771770 0.041995 0.044446 0.000010 0.000010
0.000010 0.000010 0.000010 0.337131 0.530840 0.000010 0.008263 0.123706 0.000010 0.000010
0.000010 0.102690 0.029355 0.457402 0.327702 0.014579 0.028460 0.022320 0.017471 0.000010
0.000010 0.379683 0.000010 0.272860 0.112003 0.000010 0.235394 0.000010 0.000010 0.000010
0.021282 0.086871 0.000010 0.441758 0.000010 0.000010 0.318578 0.087292 0.003749 0.040440
0.000010 0.194160 0.000010 0.056712 0.000010 0.000012 0.727937 0.004831 0.016306 0.000010
0.000019 0.088967 0.000010 0.355041 0.308497 0.000010 0.183098 0.061308 0.000010 0.003041
0.000010 0.110469 0.000010 0.492090 0.000010 0.148337 0.201085 0.023911 0.024068 0.000010
0.000010 0.209929 0.032921 0.410815 0.219478 0.019313 0.032828 0.014644 0.042230 0.017833
0.000010 0.252141 0.000010 0.000010 0.000010 0.000010 0.747779 0.000010 0.000010 0.000010
0.000010 0.116592 0.000010 0.000010 0.000010 0.000010 0.883328 0.000010 0.000010 0.000010
0.000012 0.000010 0.017870 0.038910 0.000010 0.708836 0.000010 0.190006 0.044326 0.000010
0.000010 0.114005 0.044329 0.115657 0.000010 0.663305 0.062653 0.000010 0.000010 0.000010
