0.508189 0.123440 0.368371
0.924680 0.075310 0.000010
0.999980 0.000010 0.000010
0.929126 0.000010 0.070864
0.957735 0.000010 0.042255
0.999980 0.000010 0.000010
0.999980 0.000010 0.000010
0.953268 0.008157 0.038575
0.189599 0.000010 0.810391
0.110040 0.000010 0.889950
0.000010 0.000010 0.999980
0.471370 0.000010 0.528620
0.000010 0.027595 0.972395
0.000010 0.000010 0.999980
0.000010 0.040350 0.959640
0.928847 0.071143 0.000010
0.985186 0.014804 0.000010
0.101570 0.000010 0.898420
0.443149 0.108408 0.448443
0.974692 0.000010 0.025298
0.000010 0.000010 0.999980
0.000010 0.000010 0.999980
0.952965 0.000010 0.047025
0.000010 0.000010 0.999980
0.960006 0.039984 0.000010
0.926534 0.073456 0.000010
0.999980 0.000010 0.000010
0.999980 0.000010 0.000010
0.999980 0.000010 0.000010
0.999980 0.000010 0.000010
0.190314 0.000010 0.809676
0.501562 0.003307 0.495131
0.999980 0.000010 0.000010
0.985360 0.014630 0.000010
0.999980 0.000010 0.000010
0.990591 0.009399 0.000010
0.956887 0.000010 0.043103
0.973073 0.026917 0.000010
0.641016 0.154539 0.204445
0.999980 0.000010 0.000010
0.386221 0.130609 0.483170
0.000010 0.000010 0.999980
0.000010 0.000010 0.999980
0.000010 0.000010 0.999980
0.000010 0.000010 0.999980
0.000010 0.000010 0.999980
0.000010 0.000010 0.999980
0.000010 0.000010 0.999980
0.656772 0.000010 0.343218
0.093249 0.000010 0.906741
0.000010 0.000010 0.999980
0.999980 0.000010 0.000010
0.000010 0.000010 0.999980
0.000010 0.000010 0.999980
0.976296 0.023694 0.000010
0.000010 0.035052 0.964938
0.113569 0.098282 0.788148
0.159124 0.000010 0.840866
0.087793 0.039665 0.872542
0.784891 0.026196 0.188913
0.892002 0.107988 0.000010
0.680548 0.000010 0.319442
0.589313 0.066191 0.344496
0.720527 0.000010 0.279463
0.971717 0.028273 0.000010
0.943012 0.000010 0.056978
0.973571 0.009116 0.017313
0.961191 0.000010 0.038799
0.150400 0.015446 0.834154
0.136896 0.111488 0.751616
0.904212 0.095778 0.000010
0.052221 0.068068 0.879711
0.140003 0.198310 0.661687
0.367212 0.016281 0.616507
0.139749 0.114419 0.745832
0.433135 0.109613 0.457252
0.778316 0.146077 0.075607
0.791954 0.000010 0.208036
0.969994 0.029996 0.000010
0.171645 0.148255 0.680100
0.985438 0.014552 0.000010
0.984193 0.000010 0.015797
0.993927 0.000010 0.006063
0.999980 0.000010 0.000010
0.999980 0.000010 0.000010
0.931373 0.068617 0.000010
0.949770 0.047413 0.002817
0.000010 0.000010 0.999980
0.131864 0.675294 0.192842
0.000010 0.000010 0.999980
0.000010 0.000010 0.999980
0.000010 0.000010 0.999980
0.000010 0.120837 0.879153
0.848411 0.000010 0.151579
0.788937 0.065366 0.145697
0.999980 0.000010 0.000010
0.210660 0.605349 0.183991
0.392575 0.000010 0.607415
0.715479 0.148010 0.136511
0.710921 0.000010 0.289069
0.817818 0.062960 0.119222
0.999980 0.000010 0.000010
0.385720 0.065477 0.548803
0.928612 0.000010 0.071378
0.922040 0.077950 0.000010
0.842835 0.127511 0.029654
0.727997 0.000010 0.271993
0.071649 0.181536 0.746815
0.257019 0.000950 0.742030
0.992141 0.007849 0.000010
0.999980 0.000010 0.000010
0.013653 0.375936 0.610411
0.166475 0.645090 0.188435
0.009413 0.990577 0.000010
0.000010 0.999980 0.000010
0.035937 0.023801 0.940263
0.974331 0.025659 0.000010
0.728520 0.000010 0.271470
0.999980 0.000010 0.000010
0.548217 0.000010 0.451773
0.987772 0.012218 0.000010
0.999980 0.000010 0.000010
0.000010 0.999980 0.000010
0.658443 0.065498 0.276059
0.000010 0.999980 0.000010
0.000010 0.999980 0.000010
0.000010 0.999980 0.000010
0.545336 0.089971 0.364693
0.951041 0.048949 0.000010
0.919509 0.080481 0.000010
0.352069 0.259202 0.388729
0.093717 0.343606 0.562677
0.000010 0.183613 0.816377
0.766748 0.000010 0.233242
0.999980 0.000010 0.000010
0.266421 0.000010 0.733569
0.092646 0.117347 0.790007
0.518571 0.000010 0.481419
0.999980 0.000010 0.000010
0.958036 0.000010 0.041954
0.988254 0.011736 0.000010
0.995387 0.000010 0.004603
0.000010 0.075387 0.924603
0.850883 0.000010 0.149107
0.239558 0.061563 0.698879
0.761970 0.029158 0.208872
0.053335 0.044894 0.901771
0.122069 0.143636 0.734295
0.031615 0.101498 0.866887
0.184340 0.047846 0.767815
0.112288 0.082786 0.804926
0.000010 0.999980 0.000010
0.999980 0.000010 0.000010
0.959448 0.000010 0.040542
0.031217 0.290545 0.678238
0.908801 0.091189 0.000010
0.066292 0.120940 0.812768
0.999980 0.000010 0.000010
0.942790 0.035691 0.021520
0.928243 0.027842 0.043915
0.640711 0.125100 0.234190
0.895262 0.000010 0.104728
0.959041 0.000010 0.040949
0.419867 0.000010 0.580123
0.676572 0.000010 0.323418
0.280256 0.080819 0.638925
0.840951 0.050703 0.108347
0.715058 0.071695 0.213248
0.656365 0.000010 0.343625
0.641244 0.087420 0.271336
0.892895 0.000010 0.107095
0.973788 0.026202 0.000010
0.960416 0.000010 0.039574
0.569004 0.029350 0.401646
0.251111 0.000010 0.748879
0.906906 0.093084 0.000010
0.774610 0.000010 0.225380
0.000010 0.962587 0.037403
0.026609 0.973381 0.000010
0.603601 0.000010 0.396389
0.000010 0.999980 0.000010
0.000010 0.961255 0.038735
0.271737 0.661561 0.066702
0.263095 0.091769 0.645136
0.000010 0.936735 0.063255
0.037217 0.962773 0.000010
0.000010 0.972600 0.027390
0.999980 0.000010 0.000010
0.896101 0.103889 0.000010
0.449897 0.206065 0.344039
0.900722 0.000010 0.099268
0.031832 0.968158 0.000010
0.650971 0.000010 0.349019
0.000010 0.928994 0.070996
0.002081 0.960253 0.037665
0.854030 0.061986 0.083983
0.920359 0.079631 0.000010
0.089987 0.910003 0.000010
0.910867 0.080043 0.009090
0.460441 0.139870 0.399689
0.000010 0.999980 0.000010
0.035315 0.948556 0.016129
0.000010 0.999980 0.000010
0.695852 0.000010 0.304138
0.327094 0.000010 0.672896
0.644790 0.000010 0.355200
0.634284 0.122551 0.243166
0.125007 0.796645 0.078348
0.000010 0.999980 0.000010
0.134488 0.790865 0.074647
0.026887 0.973103 0.000010
0.905730 0.094260 0.000010
0.000010 0.194037 0.805953
0.972621 0.000010 0.027369
0.971958 0.000010 0.028032
0.995926 0.000010 0.004064
0.222096 0.145921 0.631983
0.000010 0.999980 0.000010
0.168264 0.061942 0.769794
0.412209 0.106580 0.481212
0.075614 0.866626 0.057759
0.058036 0.929997 0.011967
0.000010 0.999980 0.000010
0.032764 0.893617 0.073619
0.999980 0.000010 0.000010
0.999980 0.000010 0.000010
0.960572 0.000010 0.039418
0.000010 0.970768 0.029222
0.999980 0.000010 0.000010
0.938246 0.018021 0.043733
0.933073 0.000010 0.066917
0.034245 0.965745 0.000010
0.000010 0.999980 0.000010
0.184311 0.815679 0.000010
0.158588 0.841402 0.000010
0.123030 0.852283 0.024688
0.029504 0.878282 0.092214
0.000010 0.999980 0.000010
0.123676 0.876314 0.000010
0.705127 0.076467 0.218406
0.872035 0.000010 0.127955
0.090920 0.909070 0.000010
0.081671 0.918319 0.000010
0.926073 0.058722 0.015206
0.999980 0.000010 0.000010
0.978953 0.000010 0.021037
0.139106 0.671074 0.189819
0.999980 0.000010 0.000010
0.944552 0.055438 0.000010
0.000010 0.999980 0.000010
0.506438 0.098655 0.394908
0.809427 0.021642 0.168932
0.000010 0.999980 0.000010
0.502906 0.233588 0.263506
0.860806 0.000010 0.139184
0.836428 0.061338 0.102234
0.636325 0.000010 0.363665
0.000010 0.185036 0.814954
0.890882 0.000010 0.109108
0.370935 0.223486 0.405580
0.906168 0.093822 0.000010
0.450437 0.000010 0.549553
0.000010 0.999980 0.000010
0.827568 0.065394 0.107038
0.802878 0.000010 0.197112
0.784424 0.099873 0.115704
0.000010 0.433603 0.566387
0.814729 0.059222 0.126049
0.814959 0.156311 0.028729
0.802393 0.141755 0.055851
0.999980 0.000010 0.000010
0.681505 0.010287 0.308208
0.577827 0.000010 0.422163
0.999980 0.000010 0.000010
0.999980 0.000010 0.000010
0.937408 0.026109 0.036483
0.979988 0.020002 0.000010
0.823975 0.040029 0.135996
0.877536 0.093946 0.028518
0.981484 0.018506 0.000010
0.778756 0.151399 0.069845
0.837105 0.162885 0.000010
0.798476 0.165593 0.035931
0.384296 0.392232 0.223472
0.999980 0.000010 0.000010
0.998986 0.001004 0.000010
0.914129 0.045333 0.040538
0.321683 0.549222 0.129094
0.855121 0.000010 0.144869
0.740284 0.032320 0.227395
0.690952 0.000010 0.309038
0.780445 0.109724 0.109831
0.000010 0.926563 0.073427
0.037117 0.962873 0.000010
0.609789 0.049181 0.341030
0.028416 0.912391 0.059193
0.266458 0.620235 0.113307
0.893281 0.000010 0.106709
0.168912 0.678439 0.152648
0.567926 0.202191 0.229883
0.986014 0.013976 0.000010
0.549950 0.000010 0.450040
0.220390 0.738810 0.040800
0.934104 0.000010 0.065886
0.891910 0.064347 0.043743
0.999980 0.000010 0.000010
0.915725 0.084265 0.000010
0.999980 0.000010 0.000010
0.981102 0.000010 0.018888
0.816200 0.181136 0.002665
0.858487 0.137285 0.004228
0.999980 0.000010 0.000010
0.999980 0.000010 0.000010
0.155734 0.693303 0.150963
0.299433 0.664556 0.036010
