0.000010 0.000010 0.037168 0.000010 0.386136 0.000010 0.007251 0.110359 0.000010 0.000010 0.097553 0.000010 0.327183 0.013119 0.000010 0.021152
0.000010 0.030259 0.000010 0.025242 0.152749 0.000010 0.000010 0.024775 0.000010 0.000010 0.693095 0.068299 0.000010 0.005491 0.000010 0.000010
0.000010 0.000010 0.000010 0.000010 0.000010 0.939117 0.000010 0.000010 0.000010 0.000010 0.060743 0.000010 0.000010 0.000010 0.000010 0.000010
0.000010 0.000010 0.000010 0.000010 0.129520 0.000010 0.000010 0.000010 0.000010 0.000010 0.000010 0.870340 0.000010 0.000010 0.000010 0.000010
0.000010 0.000010 0.000010 0.000010 0.000010 0.000010 0.000010 0.000010 0.000010 0.000010 0.000010 0.999850 0.000010 0.000010 0.000010 0.000010
0.000010 0.000010 0.000010 0.121787 0.000010 0.412254 0.000010 0.000010 0.000010 0.000010 0.030112 0.435726 0.000010 0.000010 0.000010 0.000010
0.000010 0.000010 0.000010 0.051033 0.280281 0.586135 0.000010 0.000010 0.000010 0.000010 0.000010 0.082431 0.000010 0.000010 0.000010 0.000010
0.000010 0.000010 0.000010 0.000010 0.044629 0.654882 0.000010 0.000010 0.118421 0.000010 0.000010 0.120434 0.000010 0.000010 0.061524 0.000010
0.000010 0.404978 0.000010 0.000010 0.000010 0.000010 0.000010 0.594882 0.000010 0.000010 0.000010 0.000010 0.000010 0.000010 0.000010 0.000010
0.000010 0.503374 0.123974 0.000010 0.000010 0.000010 0.000010 0.000010 0.372522 0.000010 0.000010 0.000010 0.000010 0.000010 0.000010 0.000010
0.319508 0.000010 0.000010 0.000010 0.000010 0.000010 0.000010 0.000010 0.000010 0.000010 0.000010 0.000010 0.000010 0.000010 0.680352 0.000010
0.569091 0.000010 0.000010 0.000010 0.000010 0.181862 0.005688 0.000010 0.000010 0.000010 0.211830 0.000010 0.000010 0.031419 0.000010 0.000010
0.000010 0.000010 0.000010 0.000010 0.000010 0.000010 0.000010 0.000010 0.000010 0.000010 0.000010 0.000010 0.000010 0.999850 0.000010 0.000010
0.000010 0.000010 0.000010 0.000010 0.000010 0.000010 0.000010 0.000010 0.000010 0.000010 0.000010 0.000010 0.000010 0.999850 0.000010 0.000010
0.000010 0.000010 0.000010 0.000010 0.000010 0.000010 0.000010 0.000010 0.000010 0.000010 0.000010 0.000010 0.000010 0.999850 0.000010 0.000010
0.000010 0.000010 0.000010 0.000010 0.000010 0.000010 0.000010 0.000010 0.000010 0.000010 0.999850 0.000010 0.000010 0.000010 0.000010 0.000010
0.017928 0.000010 0.000010 0.000010 0.080062 0.373846 0.000010 0.000010 0.132589 0.000010 0.000010 0.395464 0.000010 0.000010 0.000010 0.000010
0.000010 0.000010 0.999850 0.000010 0.000010 0.000010 0.000010 0.000010 0.000010 0.000010 0.000010 0.000010 0.000010 0.000010 0.000010 0.000010
0.000010 0.000010 0.560142 0.000010 0.000010 0.378108 0.045511 0.000010 0.000010 0.016119 0.000010 0.000010 0.000010 0.000010 0.000010 0.000010
0.000010 0.013698 0.000010 0.000010 0.000010 0.558695 0.000010 0.000010 0.000010 0.000010 0.000010 0.427477 0.000010 0.000010 0.000010 0.000010
0.000010 0.000010 0.000010 0.000010 0.000010 0.000010 0.000010 0.000010 0.000010 0.000010 0.000010 0.000010 0.000010 0.000010 0.999850 0.000010
0.000010 0.000010 0.000010 0.000010 0.000010 0.000010 0.000010 0.000010 0.000010 0.000010 0.000010 0.000010 0.000010 0.000010 0.999850 0.000010
0.000010 0.000010 0.000010 0.000010 0.221340 0.544910 0.000010 0.000010 0.000010 0.000010 0.000010 0.233620 0.000010 0.000010 0.000010 0.000010
0.000010 0.000010 0.000010 0.000010 0.000010 0.000010 0.000010 0.000010 0.000010 0.000010 0.000010 0.000010 0.000010 0.000010 0.999850 0.000010
0.000010 0.000010 0.000010 0.000010 0.049274 0.461510 0.023147 0.000010 0.000010 0.000010 0.075843 0.325812 0.000010 0.000010 0.000010 0.064313
0.000010 0.000010 0.000010 0.046847 0.000010 0.885437 0.027126 0.000010 0.000010 0.000010 0.000010 0.000010 0.000010 0.000010 0.040470 0.000010
0.000010 0.000010 0.000010 0.038888 0.000010 0.938881 0.000010 0.000010 0.012907 0.000010 0.000010 0.000010 0.000010 0.009204 0.000010 0.000010
0.000010 0.000010 0.000010 0.000010 0.000010 0.999850 0.000010 0.000010 0.000010 0.000010 0.000010 0.000010 0.000010 0.000010 0.000010 0.000010
0.000010 0.000010 0.000010 0.000010 0.136021 0.349231 0.000010 0.000010 0.000010 0.000010 0.127643 0.386985 0.000010 0.000010 0.000010 0.000010
0.000010 0.000010 0.000010 0.191791 0.000010 0.590170 0.000010 0.000010 0.071405 0.000010 0.045839 0.100684 0.000010 0.000010 0.000010 0.000010
0.000010 0.515995 0.000010 0.000010 0.483865 0.000010 0.000010 0.000010 0.000010 0.000010 0.000010 0.000010 0.000010 0.000010 0.000010 0.000010
0.010961 0.000010 0.000010 0.000010 0.000010 0.049022 0.000010 0.638816 0.000010 0.000010 0.163958 0.000010 0.113957 0.000010 0.000010 0.023187
0.000010 0.000010 0.000010 0.000010 0.000010 0.638908 0.009353 0.000010 0.037321 0.007566 0.071097 0.235654 0.000010 0.000010 0.000010 0.000010
0.000010 0.000010 0.000010 0.000010 0.000010 0.999850 0.000010 0.000010 0.000010 0.000010 0.000010 0.000010 0.000010 0.000010 0.000010 0.000010
0.000010 0.000010 0.000010 0.006819 0.000010 0.360548 0.064944 0.000010 0.000010 0.000010 0.322778 0.244801 0.000010 0.000010 0.000010 0.000010
0.022826 0.000020 0.000010 0.000010 0.042065 0.600432 0.000010 0.000010 0.275709 0.000010 0.000010 0.058848 0.000010 0.000010 0.000010 0.000010
0.000010 0.000010 0.000010 0.151647 0.000010 0.352932 0.000010 0.000010 0.056697 0.000010 0.000010 0.381510 0.000010 0.045193 0.011919 0.000010
0.000010 0.000010 0.013123 0.012728 0.032126 0.390933 0.012022 0.000010 0.000010 0.000010 0.222626 0.295253 0.000010 0.021109 0.000010 0.000010
0.000010 0.000010 0.000010 0.081280 0.000010 0.000010 0.131241 0.062142 0.297178 0.150105 0.019118 0.134916 0.047212 0.076739 0.000010 0.000010
0.010819 0.000010 0.000010 0.000010 0.000010 0.674367 0.047708 0.000010 0.095409 0.000010 0.000010 0.170690 0.000010 0.000010 0.000906 0.000010
0.106052 0.071498 0.000010 0.000010 0.000010 0.000010 0.086308 0.555811 0.000010 0.110334 0.000010 0.069896 0.000010 0.000010 0.000010 0.000010
0.000010 0.000010 0.000010 0.000010 0.000010 0.000010 0.000010 0.000010 0.000010 0.000010 0.000010 0.000010 0.000010 0.999850 0.000010 0.000010
0.000010 0.000010 0.000010 0.000010 0.000010 0.000010 0.000010 0.000010 0.000010 0.000010 0.000010 0.000010 0.000010 0.565487 0.434373 0.000010
0.999846 0.000014 0.000010 0.000010 0.000010 0.000010 0.000010 0.000010 0.000010 0.000010 0.000010 0.000010 0.000010 0.000010 0.000010 0.000010
0.612740 0.000010 0.000010 0.000010 0.000010 0.000010 0.000010 0.000010 0.000010 0.000010 0.000010 0.000010 0.000010 0.000010 0.387120 0.000010
0.000010 0.000010 0.000010 0.000010 0.000010 0.000010 0.000010 0.000010 0.000010 0.000010 0.000010 0.000010 0.000010 0.000010 0.999850 0.000010
0.999850 0.000010 0.000010 0.000010 0.000010 0.000010 0.000010 0.000010 0.000010 0.000010 0.000010 0.000010 0.000010 0.000010 0.000010 0.000010
0.000010 0.000010 0.000010 0.000010 0.000010 0.000010 0.000010 0.000010 0.000010 0.000010 0.000010 0.000010 0.000010 0.000010 0.999850 0.000010
0.000010 0.000010 0.000010 0.041931 0.452998 0.000010 0.182991 0.000010 0.000010 0.000010 0.000010 0.000010 0.287539 0.034431 0.000010 0.000010
0.000010 0.000010 0.902287 0.000010 0.000010 0.000010 0.000010 0.000010 0.000010 0.000010 0.000010 0.000010 0.000010 0.000010 0.097573 0.000010
0.000010 0.000010 0.000010 0.000010 0.000010 0.000010 0.000010 0.000010 0.000010 0.000010 0.000010 0.000010 0.000010 0.999850 0.000010 0.000010
0.000010 0.000010 0.000010 0.000010 0.000010 0.048283 0.000010 0.000010 0.000010 0.000010 0.000010 0.951577 0.000010 0.000010 0.000010 0.000010
0.000010 0.000010 0.000010 0.000010 0.000010 0.000010 0.000010 0.000010 0.000010 0.000010 0.000010 0.000010 0.000010 0.000010 0.999850 0.000010
0.280339 0.000010 0.000010 0.129587 0.000010 0.000010 0.000010 0.000010 0.000010 0.000010 0.000010 0.000010 0.252059 0.337895 0.000010 0.000010
0.000010 0.000010 0.000010 0.000010 0.000010 0.000010 0.492508 0.000010 0.507352 0.000010 0.000010 0.000010 0.000010 0.000010 0.000010 0.000010
0.999850 0.000010 0.000010 0.000010 0.000010 0.000010 0.000010 0.000010 0.000010 0.000010 0.000010 0.000010 0.000010 0.000010 0.000010 0.000010
0.000010 0.000010 0.000010 0.000010 0.000010 0.000010 0.091429 0.000010 0.000010 0.000010 0.000010 0.000010 0.872181 0.036259 0.000010 0.000010
0.000010 0.000010 0.151788 0.000010 0.000010 0.000010 0.000010 0.614897 0.000010 0.000010 0.000010 0.000010 0.108842 0.124353 0.000010 0.000010
0.000010 0.000010 0.999850 0.000010 0.000010 0.000010 0.000010 0.000010 0.000010 0.000010 0.000010 0.000010 0.000010 0.000010 0.000010 0.000010
0.121879 0.000010 0.002346 0.000010 0.000010 0.000010 0.000010 0.066100 0.809555 0.000010 0.000010 0.000010 0.000010 0.000010 0.000010 0.000010
0.000010 0.000010 0.000010 0.000010 0.000010 0.059334 0.114487 0.000010 0.000010 0.077773 0.579956 0.165648 0.000010 0.000010 0.002702 0.000010
0.064468 0.000010 0.000010 0.222555 0.000010 0.000010 0.187649 0.274860 0.250358 0.000010 0.000010 0.000010 0.000010 0.000010 0.000010 0.000010
0.000010 0.040272 0.000010 0.000010 0.152158 0.000010 0.000010 0.217727 0.039642 0.000010 0.336474 0.000010 0.213626 0.000010 0.000010 0.000010
0.000010 0.000010 0.103766 0.000010 0.237689 0.092142 0.000018 0.327751 0.000010 0.000010 0.202493 0.033185 0.002875 0.000010 0.000010 0.000010
0.000010 0.000010 0.000010 0.047765 0.055798 0.667401 0.000017 0.000010 0.000010 0.000010 0.000010 0.228909 0.000010 0.000010 0.000010 0.000010
0.000010 0.000010 0.033589 0.000010 0.000010 0.274701 0.000010 0.000010 0.000010 0.000010 0.000010 0.691580 0.000010 0.000010 0.000010 0.000010
0.000010 0.000010 0.000010 0.000010 0.000010 0.000010 0.999850 0.000010 0.000010 0.000010 0.000010 0.000010 0.000010 0.000010 0.000010 0.000010
0.000010 0.000010 0.000010 0.000010 0.000010 0.000010 0.999850 0.000010 0.000010 0.000010 0.000010 0.000010 0.000010 0.000010 0.000010 0.000010
0.000010 0.000010 0.000010 0.000010 0.000010 0.000010 0.000010 0.000010 0.000010 0.000010 0.000010 0.000010 0.917159 0.000010 0.082701 0.000010
0.000206 0.021660 0.200519 0.012380 0.031071 0.000010 0.000010 0.082473 0.032378 0.000010 0.000010 0.011944 0.477153 0.005136 0.068695 0.056345
0.000010 0.037997 0.000010 0.000010 0.000010 0.000010 0.000010 0.000010 0.128458 0.009089 0.719460 0.092541 0.000010 0.000010 0.000010 0.012355
0.000010 0.000010 0.000010 0.000010 0.000010 0.000010 0.000010 0.000010 0.000010 0.000010 0.000010 0.000010 0.999850 0.000010 0.000010 0.000010
0.058388 0.023512 0.147835 0.000010 0.109242 0.000010 0.000010 0.049784 0.000010 0.083883 0.000010 0.000010 0.462171 0.043728 0.000010 0.021386
0.044463 0.000010 0.000010 0.000010 0.000010 0.000010 0.000010 0.837762 0.101898 0.000010 0.000010 0.000010 0.000010 0.015758 0.000010 0.000010
0.078012 0.012124 0.000010 0.000010 0.000010 0.082588 0.000010 0.089431 0.000010 0.000010 0.001840 0.000010 0.633274 0.069591 0.000010 0.033061
0.000010 0.000010 0.000010 0.000010 0.175318 0.000010 0.000010 0.686209 0.138344 0.000010 0.000010 0.000010 0.000010 0.000010 0.000010 0.000010
0.000010 0.000010 0.000010 0.000010 0.000010 0.000010 0.891248 0.000010 0.000010 0.000010 0.000010 0.000010 0.108612 0.000010 0.000010 0.000010
0.000010 0.000010 0.027804 0.004265 0.067840 0.031615 0.118524 0.296611 0.343804 0.000010 0.045137 0.064331 0.000010 0.000010 0.000010 0.000010
0.000010 0.000010 0.000010 0.021571 0.000010 0.114602 0.000010 0.000010 0.298780 0.000010 0.505479 0.047817 0.011651 0.000010 0.000010 0.000010
0.007880 0.040205 0.000010 0.000010 0.122098 0.000010 0.000010 0.069662 0.000010 0.008770 0.000010 0.027444 0.555881 0.008918 0.101621 0.057462
0.000010 0.000010 0.000010 0.000010 0.000010 0.616060 0.000010 0.000010 0.000010 0.000010 0.241794 0.114058 0.000010 0.000010 0.027969 0.000010
0.000010 0.000010 0.000010 0.000010 0.000010 0.000010 0.000010 0.000010 0.000010 0.000010 0.000010 0.999850 0.000010 0.000010 0.000010 0.000010
0.000010 0.000010 0.000010 0.000010 0.000010 0.678420 0.000010 0.000010 0.000010 0.000010 0.000010 0.267664 0.039959 0.013837 0.000010 0.000010
0.037822 0.000010 0.000010 0.000010 0.000010 0.825917 0.046546 0.000010 0.000010 0.000010 0.000010 0.069742 0.019863 0.000010 0.000010 0.000010
0.000010 0.000010 0.000010 0.000010 0.000010 0.168884 0.064508 0.000010 0.000010 0.000010 0.000010 0.766478 0.000010 0.000010 0.000010 0.000010
0.000010 0.009037 0.000010 0.000010 0.000010 0.555725 0.000010 0.000010 0.000010 0.000010 0.099578 0.288084 0.000010 0.000010 0.000010 0.047466
0.000010 0.078352 0.000010 0.000010 0.000010 0.000010 0.624730 0.000010 0.296788 0.000010 0.000010 0.000010 0.000010 0.000010 0.000010 0.000010
0.000010 0.000010 0.000010 0.000010 0.000010 0.000010 0.000010 0.000010 0.000010 0.000010 0.000010 0.000010 0.000010 0.999850 0.000010 0.000010
0.000010 0.444946 0.000010 0.000010 0.000010 0.000010 0.000010 0.000010 0.000010 0.274998 0.000010 0.000010 0.057346 0.000010 0.000010 0.222590
0.000010 0.000010 0.000010 0.000010 0.000010 0.000010 0.000010 0.000010 0.000010 0.000010 0.000010 0.000010 0.000010 0.000010 0.999850 0.000010
0.553994 0.000010 0.000010 0.000010 0.000010 0.000012 0.000010 0.000010 0.000010 0.000010 0.000010 0.000010 0.000010 0.000010 0.445864 0.000010
0.000010 0.000010 0.000010 0.000010 0.000010 0.000010 0.000010 0.000010 0.000010 0.000010 0.000010 0.000010 0.000010 0.000010 0.999850 0.000010
0.000010 0.000010 0.999850 0.000010 0.000010 0.000010 0.000010 0.000010 0.000010 0.000010 0.000010 0.000010 0.000010 0.000010 0.000010 0.000010
0.062711 0.000010 0.000010 0.000010 0.000010 0.000010 0.937149 0.000010 0.000010 0.000010 0.000010 0.000010 0.000010 0.000010 0.000010 0.000010
0.000010 0.000010 0.000010 0.000010 0.000010 0.000010 0.890225 0.000010 0.000010 0.000010 0.068836 0.000010 0.000010 0.000010 0.000010 0.040808
0.000010 0.000010 0.000792 0.067493 0.010620 0.598971 0.000010 0.000010 0.000010 0.004465 0.144839 0.162673 0.000010 0.000010 0.000010 0.010067
0.000010 0.093388 0.000010 0.078777 0.000010 0.000010 0.000010 0.225562 0.000010 0.602153 0.000010 0.000010 0.000010 0.000010 0.000010 0.000010
0.000010 0.000010 0.000010 0.000010 0.000010 0.000010 0.000010 0.728905 0.000010 0.000010 0.000010 0.270955 0.000010 0.000010 0.000010 0.000010
0.069552 0.026781 0.000010 0.011023 0.000010 0.000010 0.660416 0.018844 0.116537 0.000010 0.000010 0.000010 0.000010 0.000010 0.000010 0.096757
0.000010 0.000010 0.000010 0.999850 0.000010 0.000010 0.000010 0.000010 0.000010 0.000010 0.000010 0.000010 0.000010 0.000010 0.000010 0.000010
0.064822 0.000010 0.000010 0.146655 0.053439 0.031014 0.020120 0.000010 0.060515 0.000010 0.382217 0.097069 0.108177 0.000010 0.035912 0.000010
0.000010 0.000010 0.000010 0.279260 0.000010 0.000010 0.720600 0.000010 0.000010 0.000010 0.000010 0.000010 0.000010 0.000010 0.000010 0.000010
0.000010 0.000010 0.624001 0.136135 0.000010 0.000010 0.000010 0.000010 0.000010 0.000010 0.145905 0.044874 0.023281 0.000010 0.000010 0.025704
0.000010 0.000010 0.000010 0.276505 0.000010 0.000010 0.453994 0.000010 0.215123 0.000010 0.054258 0.000010 0.000010 0.000010 0.000010 0.000010
0.000010 0.000010 0.015214 0.090314 0.000010 0.179880 0.110327 0.000010 0.016341 0.000010 0.451607 0.063286 0.072951 0.000010 0.000010 0.000010
0.012049 0.000010 0.000010 0.000010 0.000010 0.000010 0.465998 0.000010 0.409902 0.000010 0.111931 0.000010 0.000010 0.000010 0.000010 0.000010
0.040595 0.000010 0.034210 0.000010 0.144606 0.000010 0.551370 0.229108 0.000010 0.000010 0.000010 0.000010 0.000010 0.000010 0.000010 0.000010
0.035399 0.000010 0.009691 0.000010 0.111576 0.000010 0.000010 0.054570 0.000010 0.011661 0.000010 0.000010 0.731920 0.045092 0.000010 0.000010
0.000010 0.000010 0.000010 0.000010 0.000010 0.000010 0.000010 0.941654 0.000010 0.000010 0.000010 0.000010 0.000010 0.000010 0.058206 0.000010
0.000010 0.000010 0.000010 0.000010 0.098483 0.501187 0.000010 0.000010 0.130731 0.000010 0.000010 0.230717 0.025830 0.000010 0.000010 0.012953
0.000010 0.000010 0.000010 0.000010 0.000010 0.753915 0.000010 0.000010 0.000010 0.000010 0.009325 0.236630 0.000010 0.000010 0.000010 0.000010
0.000010 0.185088 0.000010 0.000010 0.000010 0.000010 0.000010 0.000010 0.000010 0.154201 0.000010 0.000010 0.656390 0.000010 0.003427 0.000784
0.000010 0.137389 0.000010 0.000010 0.000010 0.000010 0.000010 0.106364 0.026666 0.564062 0.000010 0.138140 0.000010 0.027280 0.000010 0.000010
0.000010 0.000010 0.010347 0.000010 0.000010 0.000010 0.057185 0.000010 0.053418 0.000010 0.000010 0.000010 0.000010 0.000010 0.000010 0.878931
0.000010 0.000010 0.000010 0.000010 0.000010 0.000010 0.000010 0.000010 0.000010 0.000010 0.000010 0.000010 0.000010 0.000010 0.000010 0.999850
0.000010 0.000010 0.999850 0.000010 0.000010 0.000010 0.000010 0.000010 0.000010 0.000010 0.000010 0.000010 0.000010 0.000010 0.000010 0.000010
0.000010 0.038555 0.000010 0.071611 0.082952 0.000010 0.073964 0.000010 0.000010 0.000010 0.513828 0.137056 0.000010 0.081944 0.000010 0.000010
0.034228 0.000010 0.000010 0.145953 0.021843 0.000010 0.442615 0.000010 0.000010 0.000010 0.064349 0.035507 0.206821 0.048605 0.000010 0.000010
0.000010 0.000010 0.000010 0.119167 0.132226 0.633016 0.000010 0.000010 0.000010 0.000010 0.000010 0.115471 0.000010 0.000010 0.000010 0.000010
0.000010 0.000010 0.000010 0.411053 0.000010 0.000010 0.000010 0.363208 0.193238 0.000010 0.000010 0.000010 0.000010 0.000010 0.032381 0.000010
0.000010 0.000010 0.000010 0.000010 0.211427 0.724798 0.000010 0.000010 0.000010 0.000010 0.000010 0.033159 0.000010 0.000010 0.030495 0.000010
0.000010 0.000010 0.000010 0.000010 0.136915 0.554653 0.113660 0.000010 0.000010 0.000010 0.000010 0.155420 0.000834 0.000010 0.000010 0.038418
0.000010 0.000010 0.000010 0.000010 0.000010 0.000010 0.000010 0.000010 0.000010 0.000010 0.000010 0.000010 0.000010 0.000010 0.000010 0.999850
0.060702 0.000010 0.000010 0.000010 0.000010 0.000010 0.000010 0.290351 0.351703 0.000010 0.286292 0.000010 0.000010 0.000010 0.000010 0.010842
0.033932 0.000010 0.000010 0.000010 0.000010 0.000010 0.000010 0.000010 0.000010 0.111669 0.000010 0.000010 0.000010 0.000010 0.000010 0.854269
0.000010 0.000010 0.000010 0.000010 0.000010 0.000010 0.000010 0.000010 0.000010 0.000010 0.000010 0.000010 0.000010 0.000010 0.000010 0.999850
0.000010 0.000010 0.000010 0.000010 0.000010 0.000010 0.000010 0.000010 0.061134 0.000010 0.000010 0.000010 0.000010 0.000010 0.012337 0.926399
0.098646 0.000010 0.000010 0.000010 0.000010 0.000010 0.144026 0.451425 0.246809 0.000010 0.048501 0.010493 0.000010 0.000010 0.000010 0.000010
0.000010 0.000010 0.000010 0.009061 0.162139 0.422070 0.133023 0.000010 0.000010 0.000010 0.000010 0.247976 0.000010 0.000010 0.025631 0.000010
0.000010 0.050578 0.000010 0.000010 0.000010 0.595635 0.002346 0.000010 0.000010 0.000010 0.171587 0.095419 0.000010 0.000010 0.029295 0.055050
0.034737 0.038152 0.000010 0.000010 0.000010 0.000010 0.000010 0.319324 0.000010 0.254149 0.000010 0.264166 0.089372 0.000010 0.000010 0.000010
0.087069 0.000010 0.000010 0.000010 0.000010 0.001429 0.000010 0.383723 0.000010 0.314667 0.000010 0.000010 0.160838 0.052174 0.000010 0.000010
0.000010 0.999850 0.000010 0.000010 0.000010 0.000010 0.000010 0.000010 0.000010 0.000010 0.000010 0.000010 0.000010 0.000010 0.000010 0.000010
0.007859 0.000010 0.113941 0.132644 0.049190 0.076498 0.000010 0.032270 0.019572 0.000010 0.402428 0.017677 0.147863 0.000010 0.000010 0.000010
0.000010 0.000010 0.000010 0.021415 0.181369 0.480721 0.119993 0.000010 0.000010 0.000010 0.000010 0.177642 0.000010 0.000010 0.000010 0.018761
0.035481 0.000010 0.000010 0.000010 0.000010 0.000010 0.000010 0.964379 0.000010 0.000010 0.000010 0.000010 0.000010 0.000010 0.000010 0.000010
0.330296 0.000010 0.000010 0.000010 0.000010 0.000010 0.000010 0.669564 0.000010 0.000010 0.000010 0.000010 0.000010 0.000010 0.000010 0.000010
0.000010 0.000010 0.000010 0.000010 0.000010 0.000010 0.151319 0.705917 0.000010 0.000010 0.000010 0.142634 0.000010 0.000010 0.000010 0.000010
0.000010 0.000010 0.000010 0.000010 0.000010 0.310844 0.000010 0.000010 0.000010 0.000010 0.000010 0.689016 0.000010 0.000010 0.000010 0.000010
0.000010 0.000010 0.000010 0.159593 0.176997 0.484204 0.000010 0.000010 0.000010 0.000010 0.000010 0.171146 0.000010 0.007951 0.000010 0.000010
0.000010 0.000010 0.000010 0.025434 0.000010 0.481262 0.000010 0.000010 0.105591 0.000010 0.242900 0.089502 0.000010 0.000010 0.008455 0.046765
0.000010 0.000010 0.000010 0.000010 0.000010 0.929739 0.000010 0.000010 0.000010 0.000010 0.000010 0.000010 0.000010 0.046560 0.023571 0.000010
0.000010 0.000010 0.999850 0.000010 0.000010 0.000010 0.000010 0.000010 0.000010 0.000010 0.000010 0.000010 0.000010 0.000010 0.000010 0.000010
0.000010 0.000010 0.000010 0.892544 0.079310 0.000010 0.028016 0.000010 0.000010 0.000010 0.000010 0.000010 0.000010 0.000010 0.000010 0.000010
0.284239 0.000010 0.072263 0.000010 0.117189 0.000010 0.000010 0.000010 0.000010 0.000010 0.000010 0.154620 0.295876 0.075713 0.000010 0.000010
0.000010 0.000010 0.000010 0.073375 0.474771 0.000010 0.000010 0.000010 0.009081 0.000010 0.061749 0.181255 0.199669 0.000010 0.000010 0.000010
0.053408 0.000010 0.350671 0.000010 0.000010 0.000010 0.000010 0.000010 0.000010 0.000010 0.000010 0.000010 0.579825 0.015975 0.000010 0.000010
0.000010 0.052143 0.082018 0.000010 0.000010 0.000010 0.000010 0.000010 0.000010 0.000010 0.000010 0.000010 0.813138 0.052582 0.000010 0.000010
0.000010 0.000010 0.093220 0.000010 0.000010 0.000010 0.000010 0.090874 0.000010 0.000010 0.000010 0.000010 0.745125 0.000010 0.070661 0.000010
0.000010 0.042853 0.126526 0.074515 0.000010 0.000010 0.000010 0.000010 0.000010 0.000010 0.000010 0.000010 0.714987 0.041009 0.000010 0.000010
0.000010 0.034116 0.000010 0.000010 0.034425 0.000010 0.000010 0.616966 0.000010 0.000010 0.000010 0.000010 0.165198 0.000010 0.149184 0.000010
0.000010 0.000010 0.000010 0.000010 0.000010 0.000010 0.000010 0.000010 0.000010 0.000010 0.000010 0.000010 0.000010 0.000010 0.000010 0.999850
0.000010 0.000010 0.000010 0.000010 0.000010 0.000010 0.000010 0.000010 0.999850 0.000010 0.000010 0.000010 0.000010 0.000010 0.000010 0.000010
0.000010 0.000010 0.000010 0.345694 0.000010 0.000010 0.000010 0.000010 0.063407 0.000010 0.218570 0.335737 0.000010 0.009767 0.026727 0.000010
0.030536 0.097933 0.000010 0.000010 0.000010 0.000010 0.000010 0.000010 0.000010 0.002874 0.000010 0.000010 0.740841 0.000010 0.000010 0.127705
0.000010 0.046156 0.000010 0.023830 0.000010 0.334427 0.000010 0.000010 0.106465 0.000010 0.487965 0.000010 0.000010 0.000010 0.000010 0.001058
0.000010 0.000010 0.196584 0.000010 0.000010 0.000010 0.000010 0.090157 0.000010 0.000010 0.000010 0.000010 0.674491 0.022250 0.003657 0.012761
0.000010 0.014295 0.000010 0.150398 0.000010 0.144969 0.070806 0.000010 0.000010 0.000010 0.372283 0.247149 0.000010 0.000010 0.000010 0.000010
0.000010 0.048452 0.000010 0.129888 0.000010 0.096202 0.240073 0.000010 0.000010 0.000010 0.255875 0.203746 0.000010 0.000010 0.025675 0.000010
0.013252 0.000010 0.000010 0.284692 0.000010 0.127430 0.286871 0.000010 0.195128 0.000010 0.092527 0.000010 0.000010 0.000010 0.000010 0.000010
0.120914 0.000010 0.000010 0.000010 0.052559 0.013021 0.041345 0.192882 0.246321 0.164750 0.150642 0.017497 0.000010 0.000010 0.000010 0.000010
0.000010 0.000010 0.000010 0.273625 0.000010 0.000010 0.468006 0.052850 0.031314 0.000010 0.000010 0.174095 0.000010 0.000010 0.000010 0.000010
0.053908 0.000010 0.000010 0.051127 0.000010 0.000010 0.545853 0.003346 0.282332 0.000010 0.031317 0.032026 0.000010 0.000010 0.000010 0.000010
0.034794 0.000010 0.000010 0.000010 0.000010 0.000010 0.000010 0.556143 0.000010 0.000010 0.000010 0.352683 0.056259 0.000010 0.000010 0.000010
0.000438 0.000010 0.000010 0.000010 0.673854 0.000010 0.000010 0.218792 0.000010 0.000010 0.000010 0.000010 0.106795 0.000010 0.000010 0.000010
0.000010 0.000010 0.000010 0.159646 0.000010 0.000010 0.000010 0.504786 0.000010 0.047153 0.000010 0.096878 0.099846 0.026894 0.064707 0.000010
0.000010 0.000010 0.000010 0.000010 0.999850 0.000010 0.000010 0.000010 0.000010 0.000010 0.000010 0.000010 0.000010 0.000010 0.000010 0.000010
0.000010 0.000010 0.000010 0.000010 0.999850 0.000010 0.000010 0.000010 0.000010 0.000010 0.000010 0.000010 0.000010 0.000010 0.000010 0.000010
0.013849 0.000010 0.035257 0.112783 0.267805 0.136842 0.028343 0.316858 0.032123 0.000010 0.044930 0.000010 0.000010 0.011150 0.000010 0.000010
0.000010 0.062757 0.000010 0.000010 0.929032 0.000010 0.000010 0.000010 0.000010 0.000010 0.000010 0.000010 0.008081 0.000010 0.000010 0.000010
0.000010 0.000010 0.000010 0.620105 0.000010 0.000010 0.379755 0.000010 0.000010 0.000010 0.000010 0.000010 0.000010 0.000010 0.000010 0.000010
0.000010 0.000010 0.000010 0.000010 0.000010 0.000010 0.000010 0.000010 0.000010 0.000010 0.823449 0.176411 0.000010 0.000010 0.000010 0.000010
0.030656 0.035573 0.000010 0.173751 0.000010 0.000010 0.285045 0.000010 0.000010 0.000010 0.180387 0.294487 0.000010 0.000010 0.000010 0.000010
0.000010 0.000010 0.000010 0.676375 0.000010 0.000010 0.000010 0.000010 0.000010 0.000010 0.000010 0.000010 0.323485 0.000010 0.000010 0.000010
0.000010 0.000010 0.000010 0.000010 0.000010 0.000010 0.000010 0.000010 0.000010 0.000010 0.000010 0.000010 0.999850 0.000010 0.000010 0.000010
0.000010 0.000010 0.000010 0.000010 0.149250 0.000010 0.000010 0.000010 0.008563 0.030191 0.640320 0.156730 0.000010 0.000010 0.014847 0.000010
0.000010 0.000010 0.000010 0.999850 0.000010 0.000010 0.000010 0.000010 0.000010 0.000010 0.000010 0.000010 0.000010 0.000010 0.000010 0.000010
0.000010 0.000010 0.000010 0.000010 0.000010 0.000010 0.000010 0.032099 0.000010 0.688837 0.000010 0.000010 0.000010 0.000010 0.000010 0.278934
0.000010 0.000010 0.033293 0.000010 0.000010 0.013189 0.000010 0.000010 0.024093 0.165010 0.000010 0.000010 0.000010 0.000010 0.039551 0.724764
0.000010 0.000010 0.000010 0.000010 0.000010 0.000010 0.181374 0.471813 0.000010 0.000010 0.000010 0.346683 0.000010 0.000010 0.000010 0.000010
0.000010 0.000010 0.000010 0.000010 0.000010 0.000010 0.000010 0.000010 0.000010 0.283517 0.000010 0.000010 0.000010 0.000010 0.026390 0.689963
0.000010 0.000010 0.058894 0.000010 0.000010 0.000010 0.000010 0.000010 0.032650 0.195722 0.000010 0.000010 0.000010 0.006671 0.011708 0.694256
0.000010 0.000010 0.155261 0.000010 0.039568 0.000010 0.000010 0.000010 0.000010 0.613914 0.094294 0.023987 0.000010 0.000010 0.000010 0.072876
0.000010 0.000010 0.000010 0.000010 0.000010 0.000010 0.000010 0.000010 0.000010 0.000010 0.000010 0.000010 0.999850 0.000010 0.000010 0.000010
0.000010 0.000010 0.000010 0.000010 0.000010 0.000010 0.000010 0.072696 0.000010 0.504431 0.000010 0.000010 0.000010 0.042545 0.000010 0.380208
0.000010 0.043373 0.037136 0.000010 0.000010 0.000010 0.026285 0.000010 0.000010 0.160600 0.057795 0.000010 0.000010 0.000010 0.027753 0.646968
0.000010 0.065936 0.000010 0.000010 0.000010 0.000010 0.003570 0.029432 0.000010 0.279045 0.000010 0.000010 0.000010 0.023581 0.013037 0.585309
0.000010 0.000010 0.000010 0.083164 0.000010 0.107860 0.000010 0.000010 0.000010 0.000010 0.807864 0.000010 0.000010 0.000993 0.000010 0.000010
0.008903 0.030036 0.000010 0.000010 0.000010 0.000010 0.000010 0.000010 0.000010 0.005463 0.955477 0.000010 0.000010 0.000010 0.000010 0.000010
0.000010 0.008460 0.032165 0.000010 0.000010 0.000010 0.130365 0.428602 0.219605 0.000010 0.000010 0.000010 0.000010 0.000010 0.000010 0.180703
0.000010 0.000010 0.054111 0.172021 0.000010 0.091405 0.139043 0.076161 0.000010 0.000010 0.339055 0.128113 0.000010 0.000010 0.000010 0.000010
0.000010 0.054576 0.000010 0.000010 0.000010 0.000010 0.000010 0.000010 0.000010 0.550152 0.000010 0.000010 0.000010 0.000010 0.000010 0.395142
0.140013 0.002250 0.000010 0.347128 0.000010 0.000010 0.102744 0.133683 0.030787 0.045094 0.121229 0.077001 0.000010 0.000010 0.000010 0.000010
0.000010 0.033047 0.000010 0.000010 0.026128 0.000010 0.000010 0.070511 0.000010 0.000010 0.000010 0.000010 0.000010 0.036070 0.000010 0.834134
0.013207 0.021630 0.000010 0.000010 0.095560 0.000010 0.000010 0.000010 0.000010 0.359974 0.000010 0.000010 0.044323 0.000010 0.000010 0.465205
0.000010 0.000010 0.000010 0.114463 0.000010 0.207772 0.170092 0.000010 0.000010 0.007719 0.253452 0.166839 0.050238 0.029346 0.000010 0.000010
0.000010 0.000010 0.000010 0.000010 0.103762 0.000010 0.000015 0.000010 0.123632 0.000010 0.772472 0.000010 0.000010 0.000010 0.000010 0.000010
0.000010 0.000010 0.000010 0.000010 0.000010 0.000010 0.006105 0.000010 0.100767 0.192276 0.000010 0.000010 0.000010 0.000010 0.068075 0.632667
0.000010 0.000010 0.000010 0.000010 0.080611 0.082535 0.000010 0.085772 0.000010 0.000010 0.750963 0.000010 0.000010 0.000010 0.000010 0.000010
0.000010 0.000010 0.000010 0.000010 0.000010 0.000010 0.000010 0.600361 0.239622 0.000010 0.067818 0.000010 0.000010 0.009695 0.000010 0.082394
0.000010 0.000010 0.000010 0.000010 0.000010 0.000010 0.000010 0.000010 0.000010 0.704384 0.000010 0.000010 0.000010 0.000010 0.000010 0.295476
0.057199 0.067403 0.000010 0.000010 0.057819 0.000010 0.000010 0.000010 0.019514 0.191497 0.000010 0.000010 0.000010 0.000010 0.000010 0.606468
0.000010 0.000010 0.000010 0.000010 0.000010 0.000010 0.000010 0.000010 0.000010 0.000010 0.000010 0.000010 0.000010 0.000010 0.000010 0.999850
0.022197 0.004247 0.000010 0.649835 0.057182 0.000010 0.000010 0.090198 0.068397 0.030616 0.000010 0.000010 0.053875 0.023383 0.000010 0.000010
0.000010 0.000010 0.000010 0.000010 0.000010 0.000010 0.000010 0.999850 0.000010 0.000010 0.000010 0.000010 0.000010 0.000010 0.000010 0.000010
0.000010 0.000010 0.000010 0.175179 0.174460 0.248222 0.000010 0.000010 0.000010 0.000010 0.000010 0.000010 0.402019 0.000010 0.000010 0.000010
0.000010 0.000010 0.000010 0.150218 0.000010 0.010253 0.012814 0.248496 0.000010 0.074377 0.321184 0.093330 0.057173 0.000010 0.000010 0.032085
0.000010 0.000010 0.053667 0.000010 0.000010 0.030148 0.000010 0.024944 0.041463 0.591112 0.000010 0.035556 0.000010 0.000010 0.043968 0.179061
0.000010 0.000010 0.000010 0.000010 0.145926 0.000010 0.000010 0.000010 0.000010 0.400946 0.000010 0.000010 0.000010 0.000010 0.000010 0.452997
0.075548 0.045809 0.000010 0.000010 0.128579 0.000010 0.020323 0.000010 0.000010 0.658608 0.000010 0.000010 0.000010 0.000010 0.025668 0.045376
0.000010 0.000010 0.000010 0.000010 0.119935 0.000010 0.000010 0.000010 0.000010 0.464377 0.021025 0.000010 0.000010 0.021328 0.009077 0.364157
0.000010 0.000010 0.000010 0.031860 0.275575 0.000010 0.000010 0.000010 0.000010 0.023564 0.668881 0.000010 0.000010 0.000010 0.000010 0.000010
0.000010 0.999850 0.000010 0.000010 0.000010 0.000010 0.000010 0.000010 0.000010 0.000010 0.000010 0.000010 0.000010 0.000010 0.000010 0.000010
0.000010 0.023102 0.000010 0.161519 0.000010 0.602494 0.000010 0.000010 0.066070 0.000010 0.000010 0.143152 0.000010 0.003563 0.000010 0.000010
0.090297 0.000010 0.000010 0.000010 0.000010 0.383918 0.000010 0.000010 0.066617 0.000010 0.019503 0.420152 0.000010 0.019413 0.000010 0.000010
0.000010 0.000010 0.002155 0.000010 0.182099 0.449479 0.000010 0.000010 0.000010 0.000010 0.000010 0.349671 0.016486 0.000010 0.000010 0.000010
0.066229 0.000010 0.141046 0.043822 0.000010 0.046573 0.000010 0.408439 0.000010 0.000010 0.011380 0.000010 0.153444 0.000010 0.040895 0.088102
0.000010 0.000010 0.000010 0.000010 0.023481 0.000010 0.000010 0.000010 0.025911 0.209286 0.000010 0.000010 0.000010 0.000010 0.000010 0.741202
0.000010 0.000010 0.258771 0.000010 0.000010 0.000010 0.000010 0.605531 0.000010 0.000010 0.000010 0.000010 0.124330 0.000010 0.011247 0.000010
0.000010 0.000010 0.202573 0.000010 0.000010 0.003038 0.000010 0.417636 0.000010 0.000889 0.189934 0.000010 0.166862 0.000010 0.000010 0.018978
0.000010 0.000010 0.041809 0.000010 0.015258 0.000010 0.111231 0.000010 0.000010 0.585783 0.000010 0.000010 0.000010 0.003414 0.023549 0.218867
0.000010 0.000010 0.000010 0.000010 0.092457 0.000010 0.000010 0.000010 0.000010 0.790635 0.000010 0.000010 0.000010 0.000010 0.000010 0.116778
0.000010 0.000010 0.000010 0.000010 0.000010 0.000010 0.000010 0.000010 0.000010 0.120049 0.010561 0.000010 0.000010 0.000010 0.000010 0.869259
0.001209 0.000010 0.019932 0.000010 0.000010 0.154716 0.000010 0.000010 0.000010 0.582970 0.000010 0.000010 0.000010 0.061274 0.000010 0.179798
0.000010 0.000010 0.000010 0.000010 0.000010 0.390015 0.137789 0.000010 0.024092 0.000010 0.000010 0.447983 0.000010 0.000010 0.000010 0.000010
0.000010 0.000010 0.000010 0.000014 0.000010 0.241184 0.109174 0.000010 0.000010 0.000010 0.174544 0.474974 0.000010 0.000010 0.000010 0.000010
0.000010 0.000010 0.000010 0.193104 0.000010 0.681802 0.000010 0.000010 0.000010 0.022129 0.063600 0.000010 0.000010 0.000010 0.039255 0.000010
0.012942 0.000010 0.000010 0.000010 0.000010 0.000010 0.000010 0.000010 0.075538 0.850375 0.000010 0.000010 0.000010 0.000010 0.000010 0.061025
0.000010 0.000010 0.000010 0.000010 0.000010 0.999850 0.000010 0.000010 0.000010 0.000010 0.000010 0.000010 0.000010 0.000010 0.000010 0.000010
0.000010 0.000010 0.000010 0.211745 0.000010 0.596576 0.000010 0.009243 0.000010 0.007079 0.000010 0.135254 0.000010 0.000010 0.040003 0.000010
0.000010 0.001777 0.009067 0.269939 0.000010 0.000010 0.209909 0.000010 0.000010 0.000010 0.204602 0.304605 0.000010 0.000010 0.000010 0.000010
0.000010 0.000010 0.000010 0.000010 0.000010 0.000010 0.033775 0.000010 0.002680 0.651975 0.004230 0.000010 0.000010 0.000010 0.036714 0.270526
0.000010 0.000010 0.000010 0.000010 0.000010 0.000010 0.000010 0.000010 0.000010 0.228693 0.000010 0.000010 0.000010 0.000010 0.000010 0.771167
0.000010 0.000010 0.000010 0.050125 0.035785 0.000010 0.009685 0.000010 0.000010 0.891122 0.013172 0.000010 0.000010 0.000010 0.000010 0.000010
0.000010 0.035842 0.000010 0.000010 0.008168 0.000010 0.000010 0.000010 0.087591 0.548828 0.000010 0.029899 0.000010 0.000010 0.000010 0.289572
0.000010 0.003505 0.000010 0.057157 0.030251 0.000010 0.000010 0.065659 0.000010 0.585744 0.000010 0.000010 0.000010 0.000010 0.000010 0.257584
0.008274 0.000010 0.000010 0.000010 0.019669 0.000010 0.050544 0.068566 0.000010 0.553755 0.000010 0.000010 0.000010 0.024048 0.000010 0.275055
0.039563 0.000010 0.000010 0.000010 0.000010 0.000010 0.000010 0.000010 0.000010 0.619707 0.000010 0.000010 0.000010 0.000010 0.000010 0.340600
0.029485 0.000010 0.000010 0.000010 0.097170 0.000010 0.000010 0.000010 0.000010 0.627911 0.000010 0.000010 0.000010 0.020953 0.026057 0.198325
0.000010 0.000010 0.002879 0.025309 0.093498 0.000010 0.467707 0.000010 0.000010 0.000010 0.123830 0.000010 0.286676 0.000010 0.000010 0.000010
0.000010 0.000010 0.000010 0.594105 0.000010 0.000010 0.035479 0.000010 0.000010 0.000010 0.000010 0.350409 0.000010 0.019886 0.000010 0.000010
0.000010 0.000010 0.000010 0.052905 0.019947 0.020447 0.010052 0.000010 0.000010 0.841650 0.000010 0.000010 0.000010 0.003279 0.000010 0.051630
0.000010 0.000010 0.000010 0.000010 0.032196 0.000010 0.000010 0.000010 0.000010 0.772704 0.001425 0.000010 0.000010 0.000010 0.132145 0.061420
0.000010 0.018237 0.000010 0.101544 0.047189 0.646028 0.000010 0.000010 0.000010 0.000010 0.000010 0.096165 0.000010 0.000010 0.000010 0.090738
0.000010 0.000010 0.000010 0.000010 0.168217 0.508074 0.000010 0.000010 0.046089 0.000010 0.000010 0.271110 0.000010 0.000433 0.005979 0.000010
0.000010 0.000010 0.000010 0.090646 0.000010 0.296842 0.000010 0.000010 0.000422 0.000010 0.000010 0.578030 0.000010 0.033950 0.000010 0.000010
0.000019 0.222041 0.000010 0.000010 0.000010 0.000010 0.000010 0.000010 0.068516 0.135856 0.124244 0.000010 0.081272 0.000010 0.000010 0.367962
0.000010 0.000010 0.000010 0.000010 0.000010 0.000010 0.000010 0.000010 0.999850 0.000010 0.000010 0.000010 0.000010 0.000010 0.000010 0.000010
0.000010 0.000010 0.000010 0.000010 0.000010 0.000010 0.462731 0.000010 0.537129 0.000010 0.000010 0.000010 0.000010 0.000010 0.000010 0.000010
0.000010 0.000010 0.019752 0.000010 0.000010 0.009662 0.000010 0.000010 0.000010 0.282477 0.000010 0.001749 0.000010 0.000010 0.068312 0.617947
0.000010 0.000010 0.000010 0.000010 0.000010 0.000010 0.035710 0.150729 0.308494 0.000010 0.000010 0.153829 0.000010 0.000010 0.191450 0.159687
0.000015 0.000010 0.000010 0.031512 0.000010 0.000010 0.185251 0.058289 0.551039 0.000010 0.000010 0.123424 0.000010 0.000010 0.050380 0.000010
0.000010 0.000010 0.000010 0.000010 0.000010 0.000010 0.000010 0.000010 0.000010 0.123557 0.000010 0.000010 0.000010 0.000010 0.000010 0.876303
0.000010 0.110115 0.000010 0.000010 0.804854 0.000010 0.000010 0.015774 0.000010 0.000010 0.000010 0.000010 0.000010 0.000010 0.069138 0.000010
0.000010 0.000010 0.037342 0.000010 0.150438 0.118039 0.000010 0.111013 0.000010 0.000010 0.260388 0.322679 0.000010 0.000010 0.000010 0.000010
0.000010 0.000010 0.000010 0.000010 0.949957 0.000010 0.000010 0.049903 0.000010 0.000010 0.000010 0.000010 0.000010 0.000010 0.000010 0.000010
0.000010 0.000010 0.000010 0.999850 0.000010 0.000010 0.000010 0.000010 0.000010 0.000010 0.000010 0.000010 0.000010 0.000010 0.000010 0.000010
0.000010 0.999850 0.000010 0.000010 0.000010 0.000010 0.000010 0.000010 0.000010 0.000010 0.000010 0.000010 0.000010 0.000010 0.000010 0.000010
0.071825 0.000010 0.000010 0.042748 0.000010 0.000010 0.000010 0.061759 0.378999 0.000010 0.354127 0.090442 0.000010 0.000010 0.000010 0.000010
0.001113 0.000010 0.178308 0.165595 0.113051 0.058150 0.000010 0.174692 0.000010 0.182818 0.000010 0.000010 0.104701 0.000010 0.000010 0.021502
0.000010 0.000010 0.000010 0.000010 0.000010 0.000010 0.000010 0.000010 0.000010 0.000010 0.999850 0.000010 0.000010 0.000010 0.000010 0.000010
0.000010 0.000010 0.000010 0.083187 0.000010 0.076630 0.049504 0.664942 0.000010 0.000010 0.125626 0.000010 0.000010 0.000010 0.000010 0.000010
0.092359 0.031256 0.000010 0.000010 0.000010 0.000010 0.000010 0.000010 0.000010 0.000010 0.000010 0.000010 0.000010 0.000010 0.000010 0.876254
0.108816 0.000010 0.000010 0.000010 0.000010 0.033260 0.000010 0.000010 0.570564 0.000010 0.179277 0.055484 0.000010 0.052500 0.000010 0.000010
0.000010 0.000010 0.000010 0.000010 0.999850 0.000010 0.000010 0.000010 0.000010 0.000010 0.000010 0.000010 0.000010 0.000010 0.000010 0.000010
0.000010 0.000010 0.000010 0.000010 0.830479 0.000010 0.000010 0.000010 0.000010 0.039238 0.000010 0.000010 0.000010 0.130153 0.000010 0.000010
0.000010 0.196004 0.000010 0.000010 0.000010 0.000010 0.000010 0.000010 0.000010 0.060590 0.000010 0.000010 0.588471 0.000010 0.000010 0.154815
0.030070 0.000010 0.000010 0.000010 0.000010 0.000010 0.000010 0.000010 0.789137 0.030386 0.000010 0.150287 0.000010 0.000010 0.000010 0.000010
0.000010 0.000010 0.048840 0.000010 0.067954 0.000010 0.068432 0.000010 0.000010 0.000010 0.632253 0.045387 0.018630 0.000010 0.000010 0.118413
0.000010 0.000010 0.000010 0.000010 0.075015 0.054069 0.000010 0.000010 0.000010 0.046261 0.575812 0.121249 0.083809 0.000010 0.039294 0.004411
0.000010 0.000010 0.000010 0.000010 0.000010 0.000010 0.831039 0.000010 0.168821 0.000010 0.000010 0.000010 0.000010 0.000010 0.000010 0.000010
0.000010 0.000010 0.059508 0.000010 0.000010 0.000010 0.599780 0.340582 0.000010 0.000010 0.000010 0.000010 0.000010 0.000010 0.000010 0.000010
0.000010 0.000010 0.000010 0.165878 0.000010 0.134455 0.124390 0.545150 0.000010 0.000010 0.000010 0.000010 0.000010 0.000010 0.030016 0.000010
0.000010 0.000010 0.000010 0.000010 0.000010 0.000010 0.999850 0.000010 0.000010 0.000010 0.000010 0.000010 0.000010 0.000010 0.000010 0.000010
0.000010 0.000010 0.000010 0.000010 0.000010 0.000010 0.999850 0.000010 0.000010 0.000010 0.000010 0.000010 0.000010 0.000010 0.000010 0.000010
0.000010 0.000010 0.000010 0.000010 0.000010 0.000010 0.999850 0.000010 0.000010 0.000010 0.000010 0.000010 0.000010 0.000010 0.000010 0.000010
0.000010 0.000010 0.000010 0.000010 0.000010 0.000010 0.000010 0.000010 0.000010 0.000010 0.999850 0.000010 0.000010 0.000010 0.000010 0.000010
