0.142063 0.000010 0.000010 0.406563 0.000010 0.451335 0.000010
0.046410 0.243667 0.002839 0.000010 0.007099 0.699965 0.000010
0.000010 0.951395 0.000010 0.000010 0.000010 0.048555 0.000010
0.059273 0.755487 0.133413 0.034099 0.017709 0.000010 0.000010
0.000010 0.647777 0.295177 0.000010 0.000010 0.026986 0.030029
0.000010 0.786591 0.213359 0.000010 0.000010 0.000010 0.000010
0.000010 0.902521 0.021320 0.000010 0.000010 0.076118 0.000010
0.000010 0.830391 0.000010 0.000010 0.000010 0.095713 0.073856
0.000010 0.000010 0.000010 0.000010 0.000010 0.000010 0.999940
0.000010 0.212644 0.000010 0.085313 0.000010 0.215907 0.486106
0.000010 0.000010 0.000010 0.850971 0.000010 0.000010 0.148979
0.000010 0.000010 0.000010 0.804624 0.000010 0.000010 0.195326
0.000010 0.000010 0.000010 0.822584 0.000010 0.000010 0.177366
0.000010 0.012113 0.000010 0.000010 0.000010 0.987837 0.000010
0.000010 0.794927 0.055064 0.000010 0.000010 0.105220 0.044759
0.000010 0.000010 0.000010 0.800411 0.000010 0.087060 0.112489
0.000010 0.360408 0.041757 0.390978 0.128250 0.078587 0.000010
0.000010 0.975377 0.000010 0.000010 0.000010 0.000010 0.024573
0.000010 0.000010 0.000010 0.000010 0.000010 0.000010 0.999940
0.000010 0.000010 0.000010 0.000010 0.000010 0.000010 0.999940
0.020023 0.861954 0.000010 0.000010 0.000010 0.117983 0.000010
0.000010 0.000010 0.000010 0.000010 0.000010 0.000010 0.999940
0.000010 0.857114 0.091752 0.000010 0.051093 0.000011 0.000010
0.000010 0.827428 0.073270 0.000010 0.042207 0.041570 0.015505
0.000010 0.910784 0.000344 0.000010 0.028507 0.060335 0.000010
0.000010 0.999940 0.000010 0.000010 0.000010 0.000010 0.000010
0.000010 0.784886 0.063433 0.000010 0.000010 0.151641 0.000010
0.000010 0.712077 0.148409 0.000010 0.000010 0.139474 0.000010
0.686138 0.044009 0.000010 0.084491 0.000010 0.185332 0.000010
0.000010 0.890811 0.028918 0.000010 0.005400 0.074841 0.000010
0.000010 0.999940 0.000010 0.000010 0.000010 0.000010 0.000010
0.000010 0.672484 0.068117 0.000010 0.000010 0.259359 0.000010
0.000010 0.706976 0.093080 0.017240 0.000010 0.182674 0.000010
0.040852 0.658967 0.199895 0.042291 0.000010 0.041615 0.016371
0.000010 0.716315 0.082467 0.043080 0.000010 0.158108 0.000010
0.085208 0.000010 0.269667 0.099887 0.128812 0.416406 0.000010
0.000010 0.890544 0.000010 0.000010 0.000010 0.109406 0.000010
0.635601 0.033504 0.178637 0.000010 0.142931 0.000010 0.009306
0.000010 0.000010 0.000010 0.705967 0.000010 0.000010 0.293983
0.000010 0.000010 0.000010 0.268082 0.000010 0.000010 0.731868
0.000010 0.000010 0.000010 0.000010 0.000010 0.000010 0.999940
0.170600 0.000010 0.000010 0.000010 0.000010 0.000010 0.829350
0.000010 0.000010 0.000010 0.000010 0.000010 0.000010 0.999940
0.139174 0.000010 0.000010 0.000010 0.000010 0.000010 0.860776
0.000010 0.000010 0.000010 0.000010 0.000010 0.000010 0.999940
0.115888 0.078416 0.104235 0.321464 0.000010 0.367913 0.012073
0.012960 0.000010 0.121875 0.571517 0.000010 0.000010 0.293619
0.000010 0.000010 0.000010 0.474431 0.000010 0.000010 0.525519
0.000010 0.794763 0.205187 0.000010 0.000010 0.000010 0.000010
0.000010 0.000010 0.000010 0.000010 0.000010 0.000010 0.999940
0.000010 0.000010 0.108123 0.541431 0.000010 0.000010 0.350406
0.000010 0.000010 0.336277 0.000010 0.000010 0.663673 0.000010
0.047624 0.000010 0.000010 0.154439 0.004808 0.000010 0.793098
0.016469 0.000010 0.000010 0.877581 0.000010 0.105910 0.000010
0.644421 0.000010 0.000010 0.355529 0.000010 0.000010 0.000010
0.000010 0.075342 0.000010 0.653084 0.000010 0.000010 0.271534
0.145351 0.009402 0.178766 0.069982 0.000010 0.541654 0.054834
0.000010 0.362704 0.069226 0.000010 0.078598 0.489442 0.000010
0.357295 0.000010 0.422995 0.000010 0.000010 0.207449 0.012231
0.289274 0.000010 0.000010 0.216305 0.000010 0.494382 0.000010
0.359453 0.226739 0.000010 0.118617 0.000010 0.295161 0.000010
0.000010 0.882488 0.080364 0.000010 0.037108 0.000010 0.000010
0.000010 0.743183 0.216784 0.039993 0.000010 0.000010 0.000010
0.000010 0.000010 0.542015 0.000010 0.000010 0.457935 0.000010
0.000010 0.000010 0.575029 0.000010 0.000010 0.424921 0.000010
0.093433 0.000010 0.000010 0.815253 0.000010 0.011358 0.079926
0.149135 0.000010 0.049124 0.618358 0.074116 0.041941 0.067316
0.000010 0.302451 0.000010 0.000010 0.069507 0.628002 0.000010
0.000010 0.000010 0.000010 0.999940 0.000010 0.000010 0.000010
0.123910 0.000010 0.000010 0.615109 0.124350 0.094647 0.041963
0.867196 0.000010 0.000010 0.000010 0.000010 0.107397 0.025366
0.126595 0.045650 0.000010 0.678186 0.067391 0.027477 0.054692
0.726709 0.000010 0.000010 0.000010 0.000010 0.273241 0.000010
0.024018 0.000010 0.620448 0.042090 0.051266 0.262158 0.000010
0.330165 0.067484 0.175357 0.000010 0.000010 0.426963 0.000010
0.010539 0.320080 0.022406 0.014313 0.016359 0.616293 0.000010
0.197821 0.000010 0.010383 0.541046 0.113902 0.066400 0.070436
0.000010 0.817108 0.000010 0.000010 0.000010 0.159704 0.023149
0.000011 0.670291 0.329658 0.000010 0.000010 0.000010 0.000010
0.000010 0.934296 0.013888 0.051777 0.000010 0.000010 0.000010
0.000010 0.917866 0.000010 0.038417 0.000010 0.036302 0.007385
0.000010 0.700863 0.299087 0.000010 0.000010 0.000010 0.000010
0.000010 0.936340 0.014227 0.000010 0.049393 0.000010 0.000010
0.038520 0.000010 0.287673 0.000010 0.006873 0.653320 0.013593
0.000010 0.004941 0.000010 0.428920 0.000010 0.000010 0.566099
0.000010 0.097499 0.000010 0.268926 0.582887 0.050658 0.000010
0.000010 0.000010 0.000010 0.000010 0.000010 0.000010 0.999940
0.000010 0.000010 0.000010 0.000010 0.000010 0.000010 0.999940
0.000010 0.000010 0.000010 0.000010 0.000010 0.000010 0.999940
0.104654 0.000010 0.000010 0.639191 0.001754 0.000010 0.254371
0.000010 0.000010 0.650458 0.000010 0.000010 0.256822 0.092679
0.000010 0.000010 0.390413 0.000010 0.030547 0.579000 0.000010
0.000010 0.803399 0.045132 0.000176 0.045352 0.105921 0.000010
0.278270 0.000010 0.166796 0.000010 0.554893 0.000010 0.000010
0.758108 0.006936 0.234915 0.000010 0.000010 0.000010 0.000010
0.057185 0.000010 0.318374 0.000010 0.130980 0.397332 0.096109
0.080455 0.000010 0.884047 0.035458 0.000010 0.000010 0.000010
0.029312 0.166998 0.183427 0.115499 0.000010 0.441403 0.063350
0.000010 0.000010 0.765743 0.000010 0.000010 0.234207 0.000010
0.114065 0.219434 0.155145 0.463488 0.000010 0.000010 0.047848
0.000010 0.000010 0.592785 0.000010 0.000010 0.407165 0.000010
0.000010 0.351657 0.171251 0.038788 0.006999 0.431285 0.000010
0.000010 0.000010 0.308007 0.000010 0.000010 0.673864 0.018089
0.309833 0.000010 0.212065 0.025677 0.000010 0.452395 0.000010
0.123851 0.000010 0.000010 0.731621 0.044509 0.099989 0.000010
0.920787 0.000010 0.079163 0.000010 0.000010 0.000010 0.000010
0.000010 0.790889 0.031061 0.030618 0.002309 0.145104 0.000010
0.000010 0.999940 0.000010 0.000010 0.000010 0.000010 0.000010
0.000010 0.000010 0.000010 0.670307 0.323980 0.000010 0.005673
0.132236 0.000010 0.172453 0.105857 0.589424 0.000010 0.000010
0.000010 0.000010 0.000010 0.016237 0.890538 0.093184 0.000010
0.000010 0.000010 0.000010 0.038101 0.957022 0.004837 0.000010
0.001986 0.063646 0.000010 0.781428 0.000010 0.000010 0.152910
0.031277 0.178911 0.232141 0.011177 0.000010 0.546474 0.000010
0.000010 0.000010 0.448777 0.253009 0.000010 0.266268 0.031916
0.000010 0.846411 0.063648 0.000010 0.000010 0.078410 0.011501
0.362576 0.000010 0.449592 0.030068 0.000010 0.119709 0.038036
0.000010 0.859133 0.000010 0.000010 0.020260 0.120567 0.000010
0.000010 0.735551 0.073362 0.001873 0.028147 0.161047 0.000010
0.000010 0.000010 0.000010 0.000010 0.999940 0.000010 0.000010
0.375657 0.083364 0.000010 0.000010 0.026315 0.504063 0.010581
0.000010 0.000010 0.000010 0.000010 0.978106 0.000010 0.021844
0.000010 0.000010 0.000010 0.000010 0.999940 0.000010 0.000010
0.000010 0.000010 0.000010 0.000010 0.931680 0.053729 0.014551
0.474730 0.007166 0.146469 0.000010 0.000010 0.280700 0.090914
0.000010 0.782638 0.183454 0.000010 0.000010 0.016090 0.017788
0.000010 0.748060 0.000010 0.000010 0.080241 0.139845 0.031824
0.426178 0.198927 0.093750 0.062917 0.204666 0.000010 0.013552
0.463626 0.000010 0.000010 0.162956 0.290705 0.000010 0.082683
0.097959 0.247424 0.076581 0.218758 0.000010 0.359257 0.000010
0.000010 0.762163 0.076791 0.000010 0.021294 0.139722 0.000010
0.999940 0.000010 0.000010 0.000010 0.000010 0.000010 0.000010
0.814493 0.000010 0.000010 0.000010 0.000010 0.000010 0.185457
0.710701 0.062873 0.226386 0.000010 0.000010 0.000010 0.000010
0.000010 0.847491 0.152459 0.000010 0.000010 0.000010 0.000010
0.026721 0.870606 0.102633 0.000010 0.000010 0.000010 0.000010
0.000010 0.643348 0.000010 0.000010 0.062717 0.293895 0.000010
0.000010 0.894733 0.000010 0.000010 0.000010 0.074041 0.031186
0.141293 0.000010 0.000010 0.680678 0.000010 0.000010 0.177989
0.000010 0.004461 0.880047 0.000010 0.000010 0.115453 0.000010
0.027657 0.157910 0.079226 0.471587 0.000010 0.039332 0.224278
0.023126 0.237539 0.072278 0.252116 0.000010 0.414921 0.000010
0.059830 0.000010 0.000010 0.809276 0.000010 0.000010 0.130854
0.000010 0.043492 0.006466 0.921170 0.000010 0.000010 0.028842
0.127345 0.000010 0.031714 0.740682 0.000015 0.000010 0.100224
0.073414 0.000010 0.112123 0.814422 0.000010 0.000010 0.000010
0.707517 0.000010 0.000010 0.198100 0.000010 0.000010 0.094344
0.000010 0.000010 0.000010 0.000010 0.999940 0.000010 0.000010
0.000010 0.000010 0.227036 0.000010 0.013990 0.758934 0.000010
0.000010 0.311913 0.478630 0.049397 0.000010 0.160031 0.000010
0.034596 0.023378 0.000010 0.719581 0.209718 0.000010 0.012706
0.000010 0.372144 0.037624 0.000010 0.060368 0.529833 0.000010
0.201238 0.000010 0.000010 0.725284 0.022540 0.000010 0.050909
0.000010 0.417074 0.294230 0.000010 0.000010 0.288656 0.000010
0.000010 0.333733 0.343531 0.000010 0.020249 0.274030 0.028437
0.000010 0.115727 0.501187 0.000010 0.000010 0.371319 0.011736
0.254889 0.079354 0.000010 0.053989 0.126593 0.417308 0.067857
0.050249 0.000010 0.707319 0.000010 0.000010 0.242392 0.000010
0.000010 0.000010 0.443848 0.000010 0.000010 0.508558 0.047554
0.612265 0.048651 0.260474 0.078580 0.000010 0.000010 0.000010
0.319019 0.000010 0.000010 0.205701 0.000010 0.475240 0.000010
0.549695 0.000010 0.256528 0.126388 0.041060 0.000010 0.026309
0.000010 0.023778 0.000010 0.061026 0.029607 0.867767 0.017802
0.144254 0.000010 0.000010 0.159297 0.000010 0.696409 0.000010
0.329030 0.087552 0.129614 0.070507 0.000010 0.356270 0.027017
0.000010 0.210004 0.000010 0.307043 0.000010 0.482913 0.000010
0.000010 0.000010 0.999940 0.000010 0.000010 0.000010 0.000010
0.000010 0.397181 0.000010 0.000010 0.000010 0.598159 0.004620
0.006759 0.208342 0.489037 0.000010 0.000010 0.275978 0.019864
0.045766 0.000010 0.594461 0.359734 0.000010 0.000010 0.000010
0.000010 0.025184 0.000010 0.877363 0.000010 0.097413 0.000010
0.000010 0.251456 0.026200 0.000010 0.057315 0.653324 0.011685
0.000010 0.000010 0.999940 0.000010 0.000010 0.000010 0.000010
0.106653 0.000010 0.000010 0.000010 0.893297 0.000010 0.000010
0.000010 0.006509 0.000010 0.017930 0.912217 0.005131 0.058193
0.491556 0.222241 0.286163 0.000010 0.000010 0.000010 0.000010
0.000010 0.000010 0.000010 0.000010 0.983181 0.000010 0.016769
0.000010 0.025594 0.000010 0.047122 0.880277 0.028931 0.018056
0.014844 0.054192 0.003680 0.131685 0.632834 0.162755 0.000010
0.000010 0.051752 0.022781 0.861558 0.000010 0.063879 0.000010
0.143100 0.000010 0.000010 0.000010 0.856850 0.000010 0.000010
0.041528 0.020822 0.000010 0.000010 0.828744 0.077540 0.031346
0.055932 0.000010 0.000010 0.052784 0.891244 0.000010 0.000010
0.000010 0.316817 0.007691 0.013148 0.000010 0.662314 0.000010
0.000010 0.072970 0.000010 0.000010 0.093979 0.812200 0.020822
0.421337 0.000010 0.177636 0.044683 0.149628 0.206696 0.000010
0.099750 0.308817 0.323408 0.000010 0.000010 0.267995 0.000010
0.030996 0.000010 0.006441 0.000010 0.962523 0.000010 0.000010
0.192694 0.019609 0.550741 0.043758 0.053469 0.096107 0.043623
0.104522 0.000010 0.000010 0.034505 0.860933 0.000010 0.000010
0.000010 0.053173 0.000010 0.118006 0.828781 0.000010 0.000010
0.000010 0.422307 0.297585 0.055508 0.016677 0.207904 0.000010
0.000010 0.000010 0.000010 0.000010 0.000010 0.999940 0.000010
0.036002 0.041411 0.025605 0.000010 0.842376 0.037852 0.016744
0.070974 0.221110 0.000010 0.000010 0.000010 0.707876 0.000010
0.653992 0.002449 0.000010 0.000010 0.056353 0.287176 0.000010
0.025119 0.000010 0.000010 0.000010 0.961903 0.012938 0.000010
0.000843 0.000010 0.000010 0.041472 0.806950 0.120043 0.030673
0.000010 0.000010 0.046322 0.000010 0.953628 0.000010 0.000010
0.172795 0.000010 0.614115 0.145384 0.029717 0.037968 0.000010
0.999940 0.000010 0.000010 0.000010 0.000010 0.000010 0.000010
0.000010 0.226497 0.146028 0.423032 0.000010 0.204413 0.000010
0.272824 0.179809 0.230088 0.006566 0.112741 0.197962 0.000010
0.114801 0.124980 0.000010 0.038785 0.721403 0.000010 0.000010
0.001333 0.000010 0.037427 0.000010 0.926911 0.034299 0.000010
0.086584 0.000010 0.032154 0.000010 0.676376 0.096697 0.108168
0.022263 0.000010 0.000010 0.000010 0.848279 0.094148 0.035279
0.000010 0.185276 0.000010 0.000010 0.044359 0.770325 0.000010
0.000010 0.819454 0.180496 0.000010 0.000010 0.000010 0.000010
0.000010 0.777340 0.028578 0.000010 0.015395 0.083157 0.095511
0.000010 0.847483 0.015575 0.049187 0.000010 0.087725 0.000010
0.454651 0.034686 0.040722 0.346392 0.095755 0.000010 0.027783
0.000010 0.000010 0.000010 0.000010 0.963179 0.036771 0.000010
0.662847 0.000010 0.000010 0.307442 0.000010 0.000010 0.029671
0.470217 0.035621 0.000010 0.325701 0.028304 0.140137 0.000010
0.053293 0.073232 0.012219 0.005405 0.792174 0.047702 0.015976
0.034281 0.000010 0.000010 0.007441 0.882572 0.075677 0.000010
0.000010 0.000010 0.000010 0.000010 0.973221 0.023364 0.003375
0.018720 0.136820 0.000010 0.039301 0.767771 0.000010 0.037369
0.000010 0.753445 0.221770 0.000010 0.000010 0.024744 0.000010
0.000010 0.691171 0.251253 0.000010 0.000010 0.057536 0.000010
0.000010 0.834266 0.165538 0.000010 0.000010 0.000010 0.000157
0.090159 0.000010 0.000010 0.000010 0.853239 0.056561 0.000010
0.000010 0.999940 0.000010 0.000010 0.000010 0.000010 0.000010
0.000010 0.736635 0.211753 0.000010 0.024908 0.000010 0.026674
0.000010 0.241449 0.569931 0.000010 0.000010 0.188581 0.000010
0.000010 0.000010 0.000010 0.000010 0.880744 0.074503 0.044712
0.000010 0.000010 0.000010 0.000010 0.999940 0.000010 0.000010
0.040058 0.000010 0.067301 0.000010 0.805995 0.086616 0.000010
0.022948 0.029058 0.054800 0.000010 0.816503 0.076672 0.000010
0.101555 0.000010 0.080062 0.000010 0.808465 0.009888 0.000010
0.096643 0.038119 0.010255 0.000878 0.787347 0.044903 0.021855
0.038531 0.012617 0.000010 0.000010 0.938316 0.000010 0.010506
0.005379 0.022848 0.018535 0.000010 0.804586 0.069273 0.079369
0.000010 0.000010 0.259108 0.260363 0.029982 0.450516 0.000010
0.000010 0.173842 0.826108 0.000010 0.000010 0.000010 0.000010
0.000010 0.027510 0.081736 0.000010 0.833194 0.057531 0.000010
0.035180 0.025593 0.043717 0.000010 0.774831 0.017535 0.103134
0.000010 0.866982 0.000010 0.000010 0.132968 0.000010 0.000010
0.045642 0.802375 0.056584 0.000010 0.000010 0.085171 0.010208
0.000010 0.807482 0.192468 0.000010 0.000010 0.000010 0.000010
0.000010 0.000010 0.000010 0.189653 0.594638 0.215669 0.000010
0.000010 0.000010 0.167625 0.000010 0.000010 0.832325 0.000010
0.000010 0.000010 0.317063 0.000010 0.000010 0.670735 0.012161
0.000010 0.000010 0.019449 0.000010 0.913655 0.000010 0.066856
0.203144 0.011937 0.159741 0.000010 0.187610 0.250375 0.187183
0.098427 0.005114 0.441374 0.000010 0.033648 0.365866 0.055562
0.000010 0.000010 0.000010 0.000010 0.999940 0.000010 0.000010
0.233152 0.000010 0.000010 0.011241 0.087365 0.577103 0.091120
0.157093 0.504333 0.068661 0.025244 0.000010 0.244649 0.000010
0.000010 0.000010 0.000010 0.169731 0.013951 0.816277 0.000010
0.000010 0.000010 0.829536 0.149936 0.000010 0.000010 0.020489
0.121921 0.148721 0.118425 0.000010 0.000010 0.563596 0.047317
0.244946 0.072464 0.139882 0.266051 0.209778 0.066869 0.000010
0.000010 0.092270 0.000010 0.000010 0.000010 0.907680 0.000010
0.675638 0.177348 0.118724 0.000010 0.000010 0.028260 0.000010
0.022145 0.000010 0.000010 0.000010 0.911504 0.000010 0.066310
0.004847 0.117183 0.155173 0.000010 0.000010 0.567244 0.155533
0.000010 0.000010 0.000010 0.000010 0.000010 0.999940 0.000010
0.095893 0.000010 0.000010 0.179885 0.029398 0.694794 0.000010
0.060517 0.000010 0.000010 0.598362 0.341082 0.000010 0.000010
0.107590 0.056812 0.166797 0.024068 0.070780 0.538946 0.035007
0.010251 0.225659 0.000010 0.068859 0.114196 0.581015 0.000010
0.000010 0.319379 0.000010 0.125584 0.069397 0.484086 0.001534
0.365925 0.000010 0.449987 0.000010 0.000010 0.184047 0.000010
0.568207 0.121246 0.306922 0.000010 0.000010 0.000010 0.003595
0.000010 0.000010 0.725249 0.000010 0.000010 0.274701 0.000010
0.000010 0.000010 0.569513 0.000010 0.000010 0.430437 0.000010
0.074018 0.000010 0.435294 0.000011 0.000010 0.490647 0.000010
0.000010 0.028213 0.000010 0.000010 0.000010 0.949440 0.022307
0.000010 0.000010 0.364778 0.023048 0.014078 0.560334 0.037743
0.000010 0.125860 0.000010 0.000010 0.041184 0.832917 0.000010
0.000010 0.220996 0.103093 0.000010 0.032895 0.621251 0.021745
0.076531 0.000010 0.037281 0.000010 0.057890 0.828267 0.000010
0.000010 0.100296 0.000010 0.000010 0.060430 0.825086 0.014158
0.063514 0.000010 0.000010 0.000010 0.132714 0.779164 0.024579
0.292120 0.000010 0.000010 0.138240 0.316301 0.253310 0.000010
0.000433 0.362845 0.000010 0.000010 0.000010 0.636681 0.000010
0.000811 0.227793 0.091729 0.000010 0.000010 0.679637 0.000010
0.095703 0.208765 0.000010 0.080375 0.000010 0.615127 0.000010
0.076796 0.023916 0.000010 0.162631 0.394544 0.342092 0.000010
0.000010 0.112929 0.799820 0.000010 0.029445 0.057776 0.000010
0.062514 0.000010 0.738687 0.008188 0.033130 0.157461 0.000010
0.082303 0.137325 0.115001 0.273783 0.000010 0.356901 0.034677
0.099603 0.372960 0.000010 0.048430 0.000010 0.464847 0.014140
0.077586 0.000010 0.003350 0.046858 0.843122 0.000010 0.029064
0.000010 0.000010 0.038651 0.000010 0.893721 0.015913 0.051685
0.099202 0.000010 0.536086 0.066103 0.025911 0.189033 0.083655
0.035437 0.047145 0.025278 0.009859 0.853815 0.000010 0.028455
0.121514 0.012248 0.000010 0.000010 0.547787 0.242490 0.075942
0.000010 0.000010 0.799902 0.003678 0.000010 0.196380 0.000010
0.239939 0.116236 0.000010 0.030743 0.610712 0.000010 0.002350
0.334467 0.000010 0.140160 0.000010 0.177344 0.298127 0.049882
0.000010 0.213929 0.149808 0.000010 0.000010 0.636223 0.000010
0.500199 0.054502 0.032655 0.061968 0.000010 0.302532 0.048134
0.129321 0.126041 0.004563 0.000010 0.611364 0.069082 0.059620
0.150654 0.000010 0.177096 0.000010 0.000010 0.672210 0.000010
0.019595 0.037174 0.256688 0.023813 0.031634 0.631086 0.000010
0.000010 0.295032 0.418753 0.000010 0.000010 0.286175 0.000010
0.095551 0.407358 0.043354 0.000010 0.008450 0.414417 0.030860
0.024495 0.787794 0.173115 0.000010 0.000010 0.014566 0.000010
0.069951 0.209618 0.211044 0.000010 0.000010 0.509358 0.000010
0.092629 0.275842 0.077000 0.000010 0.101641 0.452867 0.000010
0.024235 0.080229 0.301565 0.059066 0.061288 0.473607 0.000010
0.000010 0.801435 0.198515 0.000010 0.000010 0.000010 0.000010
0.000010 0.959837 0.019390 0.000010 0.000010 0.004244 0.016500
0.256931 0.046229 0.000010 0.009843 0.587019 0.073855 0.026112
0.000010 0.153081 0.041292 0.116881 0.531114 0.157612 0.000010
