0.501604 0.110602 0.387795
0.901246 0.084615 0.014140
0.999980 0.000010 0.000010
0.881103 0.040200 0.078697
0.935747 0.000010 0.064243
0.999980 0.000010 0.000010
0.970583 0.029407 0.000010
0.930669 0.009598 0.059732
0.000010 0.000010 0.999980
0.439063 0.000010 0.560927
0.000010 0.076198 0.923792
0.000010 0.000010 0.999980
0.000010 0.083641 0.916349
0.938122 0.061868 0.000010
0.950113 0.014662 0.035225
0.190067 0.000010 0.809923
0.532236 0.160728 0.307036
0.971826 0.000010 0.028164
0.000010 0.000010 0.999980
0.000010 0.000010 0.999980
0.982030 0.016724 0.001246
0.000010 0.000010 0.999980
0.927323 0.072667 0.000010
0.903567 0.096423 0.000010
0.939275 0.060715 0.000010
0.974654 0.025336 0.000010
0.980054 0.019936 0.000010
0.999980 0.000010 0.000010
0.445259 0.051424 0.503317
0.999980 0.000010 0.000010
0.975872 0.024118 0.000010
0.999980 0.000010 0.000010
0.961012 0.020735 0.018253
0.875679 0.000010 0.124311
0.957051 0.042939 0.000010
0.638450 0.183130 0.178421
0.999980 0.000010 0.000010
0.362519 0.155989 0.481492
0.000010 0.007796 0.992194
0.000010 0.000010 0.999980
0.000010 0.070910 0.929080
0.000010 0.000010 0.999980
0.000010 0.000010 0.999980
0.000010 0.000010 0.999980
0.000010 0.000010 0.999980
0.665635 0.000010 0.334355
0.129155 0.000010 0.870835
0.000010 0.000010 0.999980
0.993664 0.000010 0.006326
0.000010 0.000010 0.999980
0.079182 0.005778 0.915040
0.923059 0.076931 0.000010
0.000010 0.052373 0.947617
0.192583 0.085151 0.722266
0.180339 0.000010 0.819651
0.126458 0.048898 0.824645
0.736105 0.029512 0.234383
0.851695 0.148295 0.000010
0.638240 0.021796 0.339964
0.585582 0.061953 0.352465
0.682591 0.015721 0.301688
0.941584 0.058406 0.000010
0.937135 0.000010 0.062855
0.853282 0.035644 0.111074
0.887633 0.040523 0.071844
0.165498 0.039174 0.795327
0.167124 0.129701 0.703175
0.874892 0.125098 0.000010
0.073248 0.106176 0.820576
0.153705 0.202331 0.643964
0.319468 0.065861 0.614672
0.178512 0.135352 0.686136
0.448619 0.114618 0.436763
0.728443 0.123784 0.147773
0.796235 0.000010 0.203755
0.907044 0.081279 0.011677
0.156926 0.174226 0.668849
0.973880 0.026110 0.000010
0.943857 0.000010 0.056133
0.977980 0.003273 0.018748
0.995438 0.000528 0.004035
0.982289 0.000010 0.017701
0.921483 0.078507 0.000010
0.891096 0.073878 0.035026
0.000010 0.000010 0.999980
0.162649 0.646670 0.190681
0.000010 0.000010 0.999980
0.000010 0.000010 0.999980
0.000010 0.000010 0.999980
0.055581 0.086609 0.857810
0.751737 0.032742 0.215521
0.877868 0.122122 0.000010
0.932431 0.067559 0.000010
0.167545 0.619880 0.212576
0.387745 0.000010 0.612245
0.591885 0.248844 0.159271
0.651363 0.000010 0.348627
0.777418 0.035623 0.186959
0.993492 0.000010 0.006498
0.386559 0.059881 0.553560
0.888140 0.000010 0.111850
0.910386 0.068545 0.021070
0.873515 0.071727 0.054758
0.717530 0.000010 0.282460
0.140748 0.165567 0.693686
0.277456 0.000010 0.722534
0.961948 0.018842 0.019210
0.999980 0.000010 0.000010
0.055525 0.397673 0.546802
0.091193 0.661335 0.247472
0.065233 0.934757 0.000010
0.000010 0.999980 0.000010
0.091281 0.057070 0.851649
0.911688 0.058086 0.030226
0.647400 0.006538 0.346063
0.999980 0.000010 0.000010
0.541828 0.000010 0.458162
0.932512 0.067478 0.000010
0.928766 0.071224 0.000010
0.000010 0.999980 0.000010
0.687838 0.077139 0.235023
0.000010 0.999980 0.000010
0.000010 0.999980 0.000010
0.009135 0.990855 0.000010
0.501574 0.085062 0.413364
0.952641 0.031016 0.016344
0.838514 0.150512 0.010974
0.380574 0.238219 0.381207
0.095415 0.340300 0.564286
0.728748 0.015443 0.255809
0.954385 0.045605 0.000010
0.289833 0.000010 0.710157
0.035368 0.130363 0.834269
0.505540 0.000010 0.494450
0.999980 0.000010 0.000010
0.942376 0.056547 0.001076
0.905870 0.094120 0.000010
0.962164 0.005955 0.031881
0.068762 0.028552 0.902685
0.800793 0.000010 0.199197
0.284792 0.041671 0.673538
0.821070 0.000010 0.178920
0.069935 0.080398 0.849667
0.189331 0.062541 0.748128
0.089394 0.060179 0.850426
0.223041 0.030063 0.746896
0.147728 0.074035 0.778237
0.000010 0.999980 0.000010
0.878553 0.121437 0.000010
0.865995 0.000010 0.133995
0.098293 0.268654 0.633054
0.857319 0.142671 0.000010
0.141173 0.093240 0.765587
0.982309 0.017681 0.000010
0.906811 0.061186 0.032004
0.909785 0.000010 0.090205
0.542218 0.200086 0.257696
0.854200 0.000010 0.145790
0.900325 0.000010 0.099665
0.407782 0.000010 0.592208
0.636282 0.003742 0.359976
0.270039 0.068533 0.661428
0.864895 0.085310 0.049794
0.717324 0.069975 0.212701
0.656711 0.000010 0.343279
0.674383 0.097016 0.228600
0.847591 0.000010 0.152399
0.935756 0.064234 0.000010
0.905008 0.000010 0.094982
0.542500 0.000010 0.457490
0.280302 0.016141 0.703556
0.861258 0.138732 0.000010
0.752956 0.000010 0.247034
0.000010 0.951113 0.048877
0.010549 0.939494 0.049957
0.614504 0.000010 0.385486
0.000010 0.999980 0.000010
0.002507 0.937941 0.059552
0.191625 0.704353 0.104022
0.274287 0.060393 0.665320
0.000010 0.906519 0.093471
0.080645 0.880516 0.038839
0.000010 0.909626 0.090364
0.912633 0.087357 0.000010
0.834407 0.165583 0.000010
0.450682 0.200935 0.348383
0.864486 0.000010 0.135504
0.000010 0.999980 0.000010
0.610971 0.042746 0.346283
0.000010 0.903633 0.096357
0.001545 0.903849 0.094605
0.868014 0.034946 0.097040
0.877495 0.122495 0.000010
0.110354 0.876457 0.013189
0.874218 0.092622 0.033160
0.455956 0.142646 0.401398
0.000010 0.999980 0.000010
0.000010 0.902187 0.097803
0.000010 0.999980 0.000010
0.574370 0.035085 0.390545
0.296954 0.020765 0.682282
0.665068 0.000010 0.334922
0.616807 0.143954 0.239240
0.116894 0.763639 0.119467
0.025419 0.959606 0.014975
0.126867 0.736696 0.136437
0.025894 0.937157 0.036950
0.874762 0.125228 0.000010
0.932405 0.000010 0.067585
0.928014 0.000010 0.071976
0.956653 0.000010 0.043337
0.197296 0.140552 0.662152
0.000010 0.999980 0.000010
0.169203 0.055789 0.775008
0.352853 0.106011 0.541136
0.102887 0.836552 0.060561
0.014084 0.955722 0.030194
0.000010 0.999980 0.000010
0.068357 0.829165 0.102479
0.999980 0.000010 0.000010
0.999980 0.000010 0.000010
0.905630 0.000067 0.094303
0.028323 0.911633 0.060045
0.999980 0.000010 0.000010
0.908727 0.026856 0.064418
0.888198 0.000010 0.111792
0.014474 0.943720 0.041806
0.000011 0.999979 0.000010
0.146278 0.840170 0.013552
0.145352 0.854638 0.000010
0.107104 0.843073 0.049823
0.086856 0.824860 0.088285
0.000010 0.983042 0.016948
0.084082 0.857735 0.058183
0.659130 0.122791 0.218079
0.783472 0.000010 0.216518
0.127892 0.872098 0.000010
0.099167 0.815336 0.085497
0.857496 0.142494 0.000010
0.966238 0.009088 0.024674
0.923285 0.000010 0.076705
0.188447 0.689722 0.121832
0.999980 0.000010 0.000010
0.905913 0.056673 0.037414
0.000010 0.952780 0.047210
0.445295 0.220108 0.334597
0.784854 0.034007 0.181139
0.000010 0.999980 0.000010
0.525456 0.208963 0.265581
0.878270 0.000010 0.121720
0.717215 0.182085 0.100699
0.590360 0.000010 0.409630
0.842042 0.026090 0.131867
0.353897 0.229922 0.416181
0.945598 0.054392 0.000010
0.510032 0.000010 0.489958
0.000010 0.937835 0.062155
0.795006 0.043115 0.161879
0.870640 0.085253 0.044107
0.693710 0.128200 0.178089
0.050853 0.440502 0.508644
0.753817 0.104603 0.141580
0.779137 0.186729 0.034134
0.775733 0.154867 0.069400
0.654073 0.001126 0.344801
0.552762 0.000010 0.447228
0.951653 0.048337 0.000010
0.999980 0.000010 0.000010
0.862543 0.039969 0.097489
0.943385 0.056605 0.000010
0.791069 0.061450 0.147481
0.878990 0.121000 0.000010
0.900053 0.099937 0.000010
0.740998 0.200121 0.058881
0.842944 0.157046 0.000010
0.727682 0.252115 0.020203
0.328431 0.380001 0.291569
0.999980 0.000010 0.000010
0.907403 0.092587 0.000010
0.835538 0.080500 0.083962
0.340649 0.488822 0.170529
0.792952 0.000010 0.207038
0.747454 0.000010 0.252536
0.658026 0.010260 0.331715
0.815530 0.072803 0.111667
0.000010 0.879528 0.120462
0.045451 0.921758 0.032791
0.631725 0.037446 0.330829
0.054565 0.880819 0.064616
0.259009 0.624968 0.116023
0.853880 0.000010 0.146110
0.131752 0.666370 0.201878
0.509022 0.224273 0.266705
0.956514 0.043476 0.000010
0.535255 0.000465 0.464281
0.219325 0.666780 0.113896
0.888650 0.045111 0.066239
0.856063 0.104790 0.039147
0.999980 0.000010 0.000010
0.864366 0.068175 0.067458
0.999980 0.000010 0.000010
0.910845 0.034476 0.054679
0.795647 0.177015 0.027338
0.813624 0.109838 0.076538
0.999980 0.000010 0.000010
0.999980 0.000010 0.000010
0.153181 0.639246 0.207573
0.355898 0.573528 0.070573
