0.000010 0.000010 0.314722 0.000010 0.000010 0.006712 0.000010 0.000010 0.000010 0.000010 0.000010 0.016788 0.000010 0.000010 0.661669
0.022673 0.000010 0.002565 0.000010 0.081721 0.047124 0.000010 0.000010 0.003193 0.000010 0.081193 0.000010 0.000010 0.761452 0.000010
0.010613 0.000010 0.000010 0.000010 0.000010 0.000010 0.000010 0.000010 0.000010 0.917600 0.000010 0.000010 0.000010 0.071667 0.000010
0.000010 0.000010 0.000010 0.000010 0.150979 0.000010 0.000010 0.000010 0.000010 0.000010 0.848891 0.000010 0.000010 0.000010 0.000010
0.000010 0.000010 0.000010 0.000010 0.000010 0.000010 0.000010 0.000010 0.000010 0.000010 0.999860 0.000010 0.000010 0.000010 0.000010
0.111761 0.000010 0.000010 0.000010 0.000010 0.000010 0.000010 0.000010 0.000010 0.410027 0.433064 0.000010 0.000010 0.045038 0.000010
0.010177 0.000010 0.000010 0.000010 0.000010 0.000010 0.000010 0.000010 0.000010 0.563094 0.115341 0.000010 0.000010 0.000010 0.311279
0.000010 0.062578 0.000010 0.063511 0.138379 0.000010 0.000010 0.000010 0.000010 0.596308 0.139124 0.000010 0.000010 0.000010 0.000010
0.000010 0.999860 0.000010 0.000010 0.000010 0.000010 0.000010 0.000010 0.000010 0.000010 0.000010 0.000010 0.000010 0.000010 0.000010
0.000010 0.421561 0.000010 0.000010 0.000010 0.000010 0.065053 0.074280 0.000010 0.245039 0.000010 0.008133 0.000010 0.007142 0.178711
0.000010 0.000010 0.000010 0.000010 0.000010 0.000010 0.000010 0.999860 0.000010 0.000010 0.000010 0.000010 0.000010 0.000010 0.000010
0.000010 0.000010 0.000010 0.000010 0.000010 0.000010 0.000010 0.999860 0.000010 0.000010 0.000010 0.000010 0.000010 0.000010 0.000010
0.000010 0.000010 0.000010 0.000010 0.000010 0.000010 0.000010 0.999860 0.000010 0.000010 0.000010 0.000010 0.000010 0.000010 0.000010
0.000010 0.000010 0.000010 0.000010 0.000010 0.000010 0.000010 0.000010 0.000010 0.000010 0.000010 0.000010 0.000010 0.955987 0.043883
0.000010 0.000010 0.000010 0.138692 0.000010 0.000010 0.000010 0.000010 0.000010 0.355039 0.403969 0.000010 0.000010 0.000010 0.102190
0.000010 0.000010 0.000010 0.000010 0.000010 0.000010 0.000010 0.000010 0.000010 0.000010 0.000010 0.999860 0.000010 0.000010 0.000010
0.000010 0.000010 0.000010 0.000010 0.000010 0.000010 0.064548 0.000010 0.000010 0.374238 0.000010 0.557310 0.003794 0.000010 0.000010
0.000010 0.000010 0.014514 0.000010 0.000010 0.000010 0.000010 0.000010 0.000010 0.568911 0.416455 0.000010 0.000010 0.000010 0.000010
0.000010 0.999860 0.000010 0.000010 0.000010 0.000010 0.000010 0.000010 0.000010 0.000010 0.000010 0.000010 0.000010 0.000010 0.000010
0.000010 0.999860 0.000010 0.000010 0.000010 0.000010 0.000010 0.000010 0.000010 0.000010 0.000010 0.000010 0.000010 0.000010 0.000010
0.000010 0.000010 0.000010 0.000010 0.050225 0.000010 0.000010 0.000010 0.000010 0.508904 0.247091 0.000010 0.000010 0.000010 0.193670
0.000010 0.999860 0.000010 0.000010 0.000010 0.000010 0.000010 0.000010 0.000010 0.000010 0.000010 0.000010 0.000010 0.000010 0.000010
0.000010 0.000010 0.000010 0.000010 0.035325 0.000010 0.032318 0.000010 0.059766 0.471253 0.325886 0.000010 0.000010 0.075362 0.000010
0.053073 0.021303 0.000010 0.000010 0.000010 0.000010 0.043192 0.000010 0.000010 0.882322 0.000010 0.000010 0.000010 0.000010 0.000010
0.035042 0.000010 0.000010 0.000010 0.000010 0.000010 0.000010 0.000010 0.000010 0.964828 0.000010 0.000010 0.000010 0.000010 0.000010
0.000010 0.000010 0.000010 0.000010 0.000010 0.000010 0.000010 0.000010 0.000010 0.999860 0.000010 0.000010 0.000010 0.000010 0.000010
0.000010 0.000010 0.000010 0.000010 0.000010 0.000010 0.000010 0.000010 0.000010 0.315882 0.363255 0.000010 0.000010 0.145995 0.174758
0.159710 0.000010 0.000010 0.004193 0.081547 0.000010 0.000010 0.000010 0.000010 0.590883 0.131599 0.000010 0.000010 0.031979 0.000010
0.000010 0.000010 0.083674 0.000010 0.000010 0.667014 0.000010 0.000010 0.028857 0.039508 0.000010 0.000010 0.000010 0.180846 0.000010
0.000010 0.000010 0.000010 0.000010 0.000010 0.000010 0.035773 0.000010 0.000010 0.625001 0.246943 0.000010 0.013070 0.079113 0.000010
0.000010 0.000010 0.000010 0.000010 0.000010 0.000010 0.000010 0.000010 0.000010 0.999860 0.000010 0.000010 0.000010 0.000010 0.000010
0.009868 0.000010 0.000010 0.000010 0.000010 0.000010 0.038432 0.000010 0.000010 0.395017 0.237557 0.000010 0.000010 0.286892 0.032144
0.000010 0.000010 0.000010 0.265033 0.000010 0.000010 0.000010 0.000010 0.000010 0.487374 0.080426 0.000010 0.000010 0.000010 0.167058
0.135209 0.000010 0.000010 0.028195 0.028162 0.000010 0.000010 0.061597 0.000010 0.308653 0.388873 0.000010 0.000010 0.049231 0.000010
0.010654 0.000010 0.000010 0.000010 0.020726 0.000010 0.000010 0.029427 0.000010 0.414714 0.294534 0.013110 0.000010 0.216757 0.000010
0.072395 0.000010 0.046724 0.148655 0.190918 0.033899 0.190326 0.060715 0.000010 0.000010 0.097213 0.000010 0.135273 0.023830 0.000010
0.000010 0.000010 0.000010 0.000010 0.103619 0.000010 0.010596 0.000010 0.000010 0.685284 0.200391 0.000010 0.000010 0.000010 0.000010
0.000010 0.014629 0.000010 0.000010 0.011752 0.570187 0.128332 0.000010 0.020459 0.000010 0.064372 0.058317 0.131881 0.000010 0.000010
0.000010 0.000010 0.000010 0.000010 0.000010 0.000010 0.000010 0.999860 0.000010 0.000010 0.000010 0.000010 0.000010 0.000010 0.000010
0.000010 0.403570 0.000010 0.000010 0.000010 0.000010 0.000010 0.596300 0.000010 0.000010 0.000010 0.000010 0.000010 0.000010 0.000010
0.000010 0.894906 0.000010 0.000010 0.000010 0.000010 0.000010 0.104964 0.000010 0.000010 0.000010 0.000010 0.000010 0.000010 0.000010
0.000010 0.788009 0.000010 0.000010 0.000010 0.129455 0.000010 0.000010 0.000010 0.000010 0.000010 0.082416 0.000010 0.000010 0.000010
0.000010 0.999860 0.000010 0.000010 0.000010 0.000010 0.000010 0.000010 0.000010 0.000010 0.000010 0.000010 0.000010 0.000010 0.000010
0.000010 0.787549 0.000010 0.000010 0.000010 0.086500 0.000010 0.000010 0.000010 0.000010 0.000010 0.125831 0.000010 0.000010 0.000010
0.000010 0.999860 0.000010 0.000010 0.000010 0.000010 0.000010 0.000010 0.000010 0.000010 0.000010 0.000010 0.000010 0.000010 0.000010
0.000010 0.000010 0.000010 0.000010 0.000010 0.000010 0.000010 0.000010 0.000010 0.000010 0.000010 0.000010 0.000010 0.000010 0.999860
0.000010 0.000010 0.000010 0.000010 0.000010 0.000010 0.000010 0.000010 0.000010 0.000010 0.000010 0.999860 0.000010 0.000010 0.000010
0.000010 0.000010 0.000010 0.000010 0.000010 0.000010 0.000010 0.999860 0.000010 0.000010 0.000010 0.000010 0.000010 0.000010 0.000010
0.000010 0.000010 0.000010 0.000010 0.000010 0.000010 0.000010 0.000010 0.000010 0.073967 0.925903 0.000010 0.000010 0.000010 0.000010
0.000010 0.916874 0.000010 0.000010 0.000010 0.000010 0.000010 0.082996 0.000010 0.000010 0.000010 0.000010 0.000010 0.000010 0.000010
0.122749 0.168384 0.269632 0.000010 0.000010 0.000010 0.000010 0.432291 0.000010 0.000010 0.000010 0.006845 0.000010 0.000010 0.000010
0.000010 0.000010 0.000010 0.405934 0.112511 0.000010 0.481435 0.000010 0.000010 0.000010 0.000010 0.000010 0.000010 0.000010 0.000010
0.000010 0.742593 0.013562 0.000010 0.000010 0.076660 0.025286 0.141800 0.000010 0.000010 0.000010 0.000010 0.000010 0.000010 0.000010
0.000010 0.000010 0.826159 0.000010 0.046083 0.000011 0.035654 0.018504 0.000010 0.000010 0.000010 0.073499 0.000010 0.000010 0.000010
0.000010 0.000010 0.082552 0.000010 0.000010 0.626165 0.000010 0.130215 0.000010 0.000010 0.000010 0.160957 0.000010 0.000010 0.000010
0.000010 0.000010 0.000010 0.000010 0.000010 0.000010 0.000010 0.000010 0.000010 0.000010 0.000010 0.999860 0.000010 0.000010 0.000010
0.000010 0.000010 0.000010 0.829500 0.000010 0.111796 0.000010 0.005204 0.004075 0.000010 0.000010 0.049325 0.000010 0.000010 0.000010
0.000010 0.000010 0.000010 0.039684 0.036893 0.000010 0.104717 0.000010 0.000010 0.059046 0.176029 0.000010 0.064950 0.518600 0.000010
0.229487 0.000010 0.000010 0.231641 0.128939 0.319545 0.090289 0.000010 0.000010 0.000010 0.000010 0.000010 0.000010 0.000010 0.000010
0.000010 0.000010 0.183973 0.012754 0.047914 0.226463 0.000010 0.000010 0.000010 0.000010 0.000010 0.000010 0.000010 0.301049 0.227757
0.011351 0.000010 0.000010 0.000010 0.147209 0.317964 0.000010 0.000010 0.000010 0.122438 0.022981 0.098057 0.000010 0.175521 0.104407
0.059046 0.000010 0.000010 0.000010 0.041259 0.000010 0.000010 0.000010 0.030926 0.636089 0.232580 0.000010 0.000010 0.000010 0.000010
0.015058 0.000010 0.000010 0.000010 0.000010 0.000010 0.000010 0.000010 0.000010 0.282521 0.666766 0.035544 0.000010 0.000010 0.000010
0.000010 0.000010 0.000010 0.000010 0.000010 0.000010 0.999860 0.000010 0.000010 0.000010 0.000010 0.000010 0.000010 0.000010 0.000010
0.000010 0.000010 0.000010 0.000010 0.000010 0.000010 0.999860 0.000010 0.000010 0.000010 0.000010 0.000010 0.000010 0.000010 0.000010
0.000010 0.094051 0.905819 0.000010 0.000010 0.000010 0.000010 0.000010 0.000010 0.000010 0.000010 0.000010 0.000010 0.000010 0.000010
0.006100 0.040805 0.446820 0.015875 0.000010 0.091842 0.000010 0.017279 0.068957 0.000010 0.026104 0.231559 0.000010 0.000010 0.054610
0.000010 0.000010 0.000010 0.089759 0.000010 0.000010 0.043426 0.000010 0.000010 0.000010 0.094867 0.000010 0.055838 0.716009 0.000010
0.000010 0.000010 0.999860 0.000010 0.000010 0.000010 0.000010 0.000010 0.000010 0.000010 0.000010 0.000010 0.000010 0.000010 0.000010
0.000010 0.039712 0.425135 0.000010 0.000010 0.063641 0.000010 0.050030 0.027792 0.000010 0.000010 0.157668 0.078626 0.000010 0.157326
0.000010 0.000010 0.000010 0.144141 0.000010 0.801492 0.000010 0.054248 0.000010 0.000010 0.000010 0.000010 0.000010 0.000010 0.000010
0.000010 0.048820 0.578230 0.016541 0.000010 0.084408 0.000010 0.038268 0.000227 0.055526 0.000010 0.115570 0.020208 0.000010 0.042153
0.000010 0.000010 0.000010 0.147559 0.000010 0.663366 0.000010 0.000010 0.000010 0.000010 0.000010 0.000010 0.000010 0.001799 0.187166
0.000010 0.000010 0.070427 0.000010 0.000010 0.031429 0.898024 0.000010 0.000010 0.000010 0.000010 0.000010 0.000010 0.000010 0.000010
0.000010 0.000010 0.000010 0.418111 0.159769 0.267612 0.031800 0.000010 0.000010 0.000010 0.077467 0.019851 0.000010 0.025310 0.000010
0.020520 0.000010 0.003830 0.238542 0.004920 0.000010 0.000010 0.000010 0.028341 0.124924 0.045765 0.000010 0.000010 0.533088 0.000010
0.000010 0.092327 0.500836 0.000010 0.061144 0.125837 0.000010 0.022429 0.065135 0.000010 0.037664 0.042739 0.000010 0.000010 0.051828
0.000010 0.007050 0.000010 0.000010 0.000010 0.000010 0.000010 0.000010 0.000010 0.632651 0.110903 0.000010 0.000010 0.249286 0.000010
0.000010 0.000010 0.000010 0.000010 0.000010 0.000010 0.000010 0.000010 0.000010 0.000010 0.999860 0.000010 0.000010 0.000010 0.000010
0.000010 0.000010 0.026014 0.005580 0.000010 0.000010 0.000010 0.021280 0.000010 0.667260 0.263796 0.000010 0.000010 0.000010 0.015980
0.000010 0.009828 0.033566 0.000010 0.000010 0.000010 0.075021 0.000010 0.000010 0.822700 0.058784 0.000010 0.000010 0.000010 0.000010
0.000010 0.000010 0.000010 0.000010 0.000010 0.000010 0.026885 0.000010 0.000010 0.219388 0.753607 0.000010 0.000010 0.000010 0.000010
0.000010 0.000010 0.000010 0.000010 0.000010 0.000010 0.000010 0.000010 0.050815 0.553517 0.294275 0.000010 0.000010 0.101283 0.000010
0.000010 0.000010 0.000010 0.309998 0.000010 0.000010 0.689872 0.000010 0.000010 0.000010 0.000010 0.000010 0.000010 0.000010 0.000010
0.000010 0.000010 0.000010 0.000010 0.000010 0.000010 0.000010 0.999860 0.000010 0.000010 0.000010 0.000010 0.000010 0.000010 0.000010
0.000010 0.000010 0.272010 0.000010 0.042971 0.000010 0.078599 0.003653 0.231389 0.034185 0.000010 0.000010 0.337114 0.000010 0.000010
0.000010 0.905756 0.000010 0.000010 0.000010 0.000010 0.000010 0.094114 0.000010 0.000010 0.000010 0.000010 0.000010 0.000010 0.000010
0.000010 0.999860 0.000010 0.000010 0.000010 0.000010 0.000010 0.000010 0.000010 0.000010 0.000010 0.000010 0.000010 0.000010 0.000010
0.000010 0.999860 0.000010 0.000010 0.000010 0.000010 0.000010 0.000010 0.000010 0.000010 0.000010 0.000010 0.000010 0.000010 0.000010
0.000010 0.000010 0.000010 0.000010 0.000010 0.000010 0.000010 0.000010 0.000010 0.000010 0.000010 0.999860 0.000010 0.000010 0.000010
0.000010 0.000010 0.000010 0.000010 0.000010 0.000010 0.999860 0.000010 0.000010 0.000010 0.000010 0.000010 0.000010 0.000010 0.000010
0.000010 0.000010 0.000010 0.000010 0.000010 0.000010 0.934089 0.000010 0.000010 0.000010 0.000010 0.000010 0.000010 0.065781 0.000010
0.087752 0.000010 0.000010 0.000010 0.023473 0.000010 0.000010 0.000010 0.017267 0.579665 0.133733 0.000110 0.000010 0.157921 0.000010
0.119544 0.000010 0.000010 0.000010 0.000010 0.217506 0.000010 0.000010 0.000010 0.000010 0.000010 0.000010 0.662830 0.000010 0.000010
0.000010 0.000010 0.000010 0.000010 0.000010 0.705944 0.000010 0.000010 0.000010 0.000010 0.293926 0.000010 0.000010 0.000010 0.000010
0.000010 0.047490 0.000010 0.000010 0.000010 0.049193 0.799990 0.000010 0.103217 0.000010 0.000010 0.000010 0.000010 0.000010 0.000010
0.999860 0.000010 0.000010 0.000010 0.000010 0.000010 0.000010 0.000010 0.000010 0.000010 0.000010 0.000010 0.000010 0.000010 0.000010
0.155262 0.076189 0.098963 0.032510 0.035952 0.001227 0.037986 0.000010 0.000591 0.039469 0.085060 0.000010 0.000010 0.349277 0.087483
0.292294 0.000010 0.000010 0.000010 0.000010 0.000010 0.678066 0.000010 0.000010 0.029520 0.000010 0.000010 0.000010 0.000010 0.000010
0.155740 0.000010 0.000015 0.000010 0.000010 0.000010 0.000010 0.000010 0.021154 0.000010 0.017968 0.646370 0.000010 0.143588 0.015086
0.294182 0.000010 0.000010 0.113723 0.018022 0.000010 0.455770 0.000010 0.000010 0.000010 0.000010 0.000010 0.000010 0.118203 0.000010
0.113307 0.000010 0.000010 0.070906 0.138762 0.000010 0.031055 0.000010 0.000010 0.170470 0.085500 0.007361 0.000010 0.382568 0.000010
0.000010 0.000010 0.000010 0.292615 0.000010 0.000010 0.487697 0.000010 0.000010 0.000010 0.000010 0.000010 0.000010 0.135059 0.084518
0.000010 0.028981 0.000010 0.000010 0.100650 0.242174 0.619851 0.000010 0.000010 0.000010 0.000010 0.008244 0.000010 0.000010 0.000010
0.000010 0.000010 0.686111 0.000010 0.123148 0.066299 0.000010 0.056666 0.000010 0.000010 0.000010 0.067676 0.000010 0.000010 0.000010
0.000010 0.000010 0.000010 0.000010 0.000010 0.966103 0.029922 0.003855 0.000010 0.000010 0.000010 0.000010 0.000010 0.000010 0.000010
0.000010 0.000010 0.018501 0.098725 0.090025 0.000010 0.000010 0.000010 0.012926 0.483390 0.230096 0.000010 0.000010 0.044719 0.021548
0.000010 0.000010 0.000010 0.000010 0.000010 0.000010 0.000010 0.000010 0.000010 0.752087 0.235537 0.000010 0.000010 0.012256 0.000010
0.000010 0.013772 0.723429 0.000010 0.000010 0.000010 0.000010 0.000010 0.053467 0.000010 0.000010 0.000010 0.209222 0.000010 0.000010
0.000010 0.000010 0.100632 0.093489 0.000010 0.042725 0.000010 0.051723 0.000010 0.000010 0.097210 0.000010 0.614130 0.000010 0.000010
0.000010 0.000010 0.000010 0.059766 0.000010 0.000010 0.045152 0.000010 0.888875 0.000010 0.000010 0.006096 0.000010 0.000010 0.000010
0.000010 0.000010 0.000010 0.000010 0.054457 0.000010 0.000010 0.000010 0.945413 0.000010 0.000010 0.000010 0.000010 0.000010 0.000010
0.000010 0.000010 0.000010 0.000010 0.000010 0.000010 0.000010 0.000010 0.000010 0.000010 0.000010 0.999860 0.000010 0.000010 0.000010
0.004083 0.000010 0.000010 0.000010 0.057000 0.000010 0.121519 0.095923 0.000010 0.000010 0.156175 0.000010 0.000010 0.516524 0.048697
0.164621 0.043211 0.203073 0.000010 0.000010 0.000010 0.425983 0.038202 0.000010 0.000010 0.037332 0.000010 0.000010 0.082361 0.005147
0.032683 0.000010 0.000010 0.000010 0.000010 0.000010 0.000010 0.000010 0.000010 0.593467 0.158122 0.000010 0.000010 0.000010 0.215618
0.419154 0.023777 0.000010 0.191283 0.000010 0.359029 0.000010 0.006658 0.000010 0.000010 0.000010 0.000010 0.000010 0.000010 0.000010
0.000010 0.000010 0.000010 0.000010 0.055362 0.000010 0.000010 0.000010 0.000010 0.722247 0.068242 0.000010 0.000010 0.000010 0.154040
0.000010 0.000010 0.000010 0.015518 0.000010 0.000010 0.118859 0.000010 0.047030 0.565751 0.154766 0.000010 0.000010 0.000010 0.097986
0.000010 0.000010 0.000010 0.000010 0.000010 0.000010 0.000010 0.000010 0.999860 0.000010 0.000010 0.000010 0.000010 0.000010 0.000010
0.000010 0.000010 0.000010 0.335983 0.000010 0.338928 0.000010 0.000010 0.016175 0.000010 0.000010 0.000010 0.000010 0.308803 0.000010
0.000010 0.020390 0.000010 0.000010 0.000010 0.000010 0.000010 0.000010 0.898078 0.000010 0.000010 0.000010 0.081412 0.000010 0.000010
0.000010 0.000010 0.000010 0.000010 0.000010 0.000010 0.000010 0.000010 0.999860 0.000010 0.000010 0.000010 0.000010 0.000010 0.000010
0.000010 0.000010 0.000010 0.066070 0.000010 0.000010 0.000010 0.000010 0.933800 0.000010 0.000010 0.000010 0.000010 0.000010 0.000010
0.000010 0.076242 0.000010 0.308509 0.000010 0.454419 0.096935 0.000010 0.000010 0.007075 0.006093 0.000010 0.000010 0.050647 0.000010
0.000010 0.000010 0.000010 0.000010 0.000010 0.000010 0.044735 0.000010 0.000010 0.415120 0.293184 0.000010 0.000010 0.000010 0.246851
0.000010 0.031414 0.000010 0.000012 0.000010 0.000010 0.054043 0.000010 0.066226 0.533055 0.123860 0.000010 0.000010 0.191311 0.000010
0.000010 0.000010 0.079319 0.000010 0.014854 0.364459 0.000010 0.000010 0.000010 0.000010 0.258942 0.000010 0.282327 0.000010 0.000010
0.000010 0.045637 0.133295 0.000010 0.000010 0.380118 0.000010 0.000652 0.000010 0.000010 0.000010 0.054326 0.337853 0.000010 0.048039
0.118080 0.000010 0.122156 0.027607 0.000010 0.040474 0.000010 0.000010 0.000010 0.049025 0.032748 0.117408 0.000010 0.379753 0.112689
0.000010 0.000010 0.000010 0.000010 0.000010 0.000010 0.080685 0.000010 0.012876 0.494477 0.193501 0.000010 0.000010 0.000010 0.218360
0.000010 0.000010 0.000010 0.000010 0.000010 0.999860 0.000010 0.000010 0.000010 0.000010 0.000010 0.000010 0.000010 0.000010 0.000010
0.000010 0.204565 0.000010 0.000010 0.000010 0.795305 0.000010 0.000010 0.000010 0.000010 0.000010 0.000010 0.000010 0.000010 0.000010
0.016454 0.000010 0.000010 0.000010 0.000010 0.710314 0.089972 0.000010 0.000010 0.000010 0.171368 0.000010 0.000010 0.011791 0.000010
0.000010 0.000010 0.000010 0.000010 0.000010 0.000010 0.000010 0.000010 0.000010 0.336496 0.663374 0.000010 0.000010 0.000010 0.000010
0.125069 0.000010 0.000010 0.000010 0.063602 0.000010 0.000010 0.001785 0.000010 0.498730 0.185514 0.000010 0.000010 0.000010 0.125210
0.042200 0.000010 0.000010 0.050807 0.041858 0.000010 0.000010 0.000010 0.049441 0.459610 0.098411 0.000010 0.000015 0.257587 0.000010
0.000010 0.027156 0.000010 0.000010 0.000010 0.000010 0.000010 0.048199 0.000010 0.924525 0.000010 0.000010 0.000010 0.000010 0.000010
0.000010 0.000010 0.000010 0.000010 0.000010 0.000010 0.000010 0.000010 0.000010 0.000010 0.000010 0.999860 0.000010 0.000010 0.000010
0.952320 0.000010 0.000010 0.000010 0.047550 0.000010 0.000010 0.000010 0.000010 0.000010 0.000010 0.000010 0.000010 0.000010 0.000010
0.000010 0.153110 0.184121 0.000010 0.000010 0.000010 0.000010 0.091754 0.000010 0.000010 0.115847 0.237542 0.000010 0.000010 0.217536
0.019787 0.000010 0.082623 0.064825 0.000010 0.000010 0.000010 0.000010 0.000010 0.000010 0.194039 0.000010 0.000010 0.000010 0.638626
0.000010 0.030785 0.542074 0.000010 0.000010 0.000010 0.000010 0.003153 0.000010 0.000010 0.000010 0.423878 0.000010 0.000010 0.000010
0.000010 0.000010 0.880762 0.000010 0.000010 0.000010 0.000010 0.088712 0.000010 0.000010 0.000010 0.030407 0.000010 0.000010 0.000010
0.028220 0.075400 0.712449 0.000010 0.000010 0.065975 0.000010 0.000010 0.000010 0.000010 0.000010 0.117857 0.000010 0.000010 0.000010
0.081461 0.000010 0.777007 0.000010 0.000010 0.010293 0.000010 0.040539 0.000010 0.000010 0.000010 0.090600 0.000010 0.000010 0.000010
0.000010 0.125926 0.180810 0.000010 0.000010 0.649013 0.000010 0.000010 0.039943 0.000010 0.000010 0.000010 0.000010 0.000010 0.004208
0.000010 0.000010 0.000010 0.000010 0.000010 0.000010 0.000010 0.000010 0.999860 0.000010 0.000010 0.000010 0.000010 0.000010 0.000010
0.000010 0.000010 0.000010 0.999860 0.000010 0.000010 0.000010 0.000010 0.000010 0.000010 0.000010 0.000010 0.000010 0.000010 0.000010
0.338897 0.000010 0.000010 0.025643 0.000010 0.000010 0.000010 0.018257 0.000010 0.000010 0.360917 0.000010 0.000010 0.256185 0.000010
0.000010 0.000010 0.818606 0.000010 0.000010 0.000010 0.000010 0.000010 0.106851 0.000010 0.000010 0.000010 0.074422 0.000010 0.000010
0.026059 0.000010 0.000010 0.064336 0.000010 0.000010 0.026727 0.000010 0.009802 0.347874 0.000010 0.000010 0.015603 0.509517 0.000010
0.000010 0.000010 0.671081 0.000010 0.000010 0.096608 0.000010 0.000010 0.000010 0.000010 0.000010 0.232191 0.000010 0.000010 0.000010
0.165292 0.000010 0.000010 0.000010 0.000010 0.000010 0.021884 0.000010 0.000010 0.139724 0.283742 0.000010 0.000010 0.389258 0.000010
0.163887 0.017334 0.000010 0.000010 0.000010 0.000010 0.227649 0.000010 0.009762 0.116455 0.202582 0.000010 0.000010 0.262251 0.000010
0.326118 0.000010 0.000010 0.168954 0.004547 0.000010 0.248873 0.000010 0.000010 0.124951 0.000010 0.000010 0.000010 0.126467 0.000010
0.000010 0.023825 0.029469 0.256838 0.042252 0.206456 0.031919 0.017415 0.000010 0.038984 0.000010 0.000010 0.176052 0.131279 0.045470
0.253977 0.000010 0.000010 0.000010 0.050385 0.050375 0.472432 0.000010 0.000010 0.000010 0.172732 0.000010 0.000010 0.000010 0.000010
0.051769 0.014007 0.000010 0.251880 0.000010 0.046139 0.496525 0.003662 0.000010 0.000010 0.039545 0.000010 0.000010 0.096403 0.000010
0.000010 0.000010 0.033435 0.000010 0.000010 0.604966 0.000010 0.000010 0.000010 0.000010 0.361480 0.000010 0.000010 0.000010 0.000010
0.000010 0.000010 0.000010 0.000010 0.098860 0.216901 0.000010 0.000010 0.000010 0.000010 0.000010 0.000010 0.000010 0.000010 0.684119
0.188751 0.005424 0.066219 0.000010 0.000010 0.547213 0.000010 0.026160 0.020094 0.000010 0.078260 0.039955 0.027865 0.000010 0.000010
0.000010 0.000010 0.000010 0.000010 0.000010 0.000010 0.000010 0.000010 0.000010 0.000010 0.000010 0.000010 0.000010 0.000010 0.999860
0.000010 0.000010 0.000010 0.000010 0.000010 0.000010 0.000010 0.000010 0.000010 0.000010 0.000010 0.000010 0.000010 0.000010 0.999860
0.090649 0.004417 0.000010 0.040194 0.185660 0.324391 0.000010 0.046174 0.000010 0.141588 0.000010 0.000010 0.000010 0.023737 0.143129
0.000010 0.000010 0.000010 0.000010 0.000010 0.000010 0.000010 0.000010 0.000010 0.000010 0.000010 0.000010 0.000010 0.000010 0.999860
0.632184 0.000010 0.000010 0.000010 0.000010 0.000010 0.367686 0.000010 0.000010 0.000010 0.000010 0.000010 0.000010 0.000010 0.000010
0.000010 0.000010 0.000010 0.000010 0.041381 0.000010 0.000010 0.000010 0.000010 0.000010 0.177663 0.000010 0.000010 0.780835 0.000010
0.172445 0.000896 0.000010 0.000010 0.058790 0.010872 0.314851 0.000010 0.000010 0.000010 0.310032 0.000010 0.000010 0.132035 0.000010
0.666710 0.000010 0.333160 0.000010 0.000010 0.000010 0.000010 0.000010 0.000010 0.000010 0.000010 0.000010 0.000010 0.000010 0.000010
0.000010 0.000010 0.979652 0.000010 0.000010 0.000010 0.000010 0.000010 0.000010 0.000010 0.000010 0.000010 0.000010 0.000010 0.020218
0.000010 0.000010 0.000010 0.002758 0.129896 0.000010 0.000010 0.000010 0.000010 0.000010 0.160675 0.000010 0.039251 0.667321 0.000010
0.999860 0.000010 0.000010 0.000010 0.000010 0.000010 0.000010 0.000010 0.000010 0.000010 0.000010 0.000010 0.000010 0.000010 0.000010
0.000010 0.000010 0.000010 0.000010 0.000010 0.000010 0.000010 0.004472 0.283010 0.000010 0.000010 0.000010 0.712398 0.000010 0.000010
0.000010 0.043150 0.000010 0.034428 0.000010 0.000010 0.000010 0.000010 0.730588 0.006786 0.000010 0.011274 0.173685 0.000010 0.000010
0.000010 0.000010 0.000010 0.000010 0.012163 0.490373 0.138989 0.000010 0.000010 0.000010 0.358365 0.000010 0.000010 0.000010 0.000010
0.000010 0.011747 0.000010 0.000010 0.000010 0.000010 0.000010 0.000010 0.702746 0.000010 0.000010 0.000010 0.285387 0.000010 0.000010
0.000010 0.000010 0.000010 0.039858 0.010808 0.000010 0.000010 0.000010 0.729889 0.000010 0.000010 0.076983 0.142362 0.000010 0.000010
0.000010 0.000010 0.000010 0.000010 0.000010 0.000010 0.000010 0.000010 0.076785 0.000010 0.017744 0.110961 0.606984 0.068541 0.118895
0.000010 0.000010 0.952392 0.000010 0.047478 0.000010 0.000010 0.000010 0.000010 0.000010 0.000010 0.000010 0.000010 0.000010 0.000010
0.000010 0.000010 0.000010 0.000010 0.029867 0.049017 0.000010 0.035651 0.381310 0.000010 0.000010 0.000010 0.504055 0.000010 0.000010
0.000010 0.000010 0.000010 0.000010 0.000010 0.000010 0.060304 0.000010 0.738760 0.000010 0.021914 0.049926 0.077881 0.051125 0.000010
0.000010 0.000010 0.000010 0.000010 0.000010 0.027395 0.027286 0.051916 0.607769 0.000010 0.000010 0.000010 0.285534 0.000010 0.000010
0.073121 0.000010 0.000010 0.000010 0.000010 0.000010 0.002244 0.000953 0.000010 0.104172 0.000010 0.000010 0.000010 0.819411 0.000010
0.000010 0.010000 0.000010 0.000010 0.000010 0.000010 0.076713 0.000010 0.000010 0.000010 0.000010 0.000010 0.021142 0.892035 0.000010
0.076190 0.000010 0.047425 0.036072 0.000014 0.395751 0.162184 0.000010 0.147181 0.000010 0.000010 0.000010 0.000010 0.135112 0.000010
0.183509 0.000010 0.000010 0.000010 0.022707 0.079421 0.122751 0.000010 0.000010 0.120344 0.123515 0.047777 0.000010 0.299905 0.000010
0.000010 0.000010 0.000010 0.000010 0.000010 0.000010 0.000010 0.011872 0.442355 0.000010 0.000010 0.000010 0.545653 0.000010 0.000010
0.359212 0.058277 0.000010 0.070440 0.000010 0.176172 0.132370 0.010576 0.000010 0.000010 0.050513 0.000010 0.059386 0.082994 0.000010
0.000010 0.000010 0.000010 0.000010 0.000010 0.068926 0.000010 0.042716 0.823949 0.000010 0.000010 0.000010 0.018772 0.000010 0.045537
0.000010 0.022060 0.071480 0.000010 0.068963 0.000010 0.000010 0.000010 0.447066 0.000013 0.000010 0.000010 0.378666 0.000010 0.011672
0.142661 0.000010 0.013873 0.000010 0.000010 0.000010 0.158312 0.016671 0.000010 0.226057 0.143179 0.000010 0.018678 0.222063 0.058445
0.000010 0.000010 0.000010 0.000010 0.156187 0.000010 0.000010 0.000010 0.000010 0.000010 0.000010 0.000010 0.000010 0.843683 0.000010
0.000010 0.036607 0.000010 0.163678 0.000010 0.000010 0.000010 0.000010 0.638004 0.000010 0.000010 0.000010 0.161600 0.000010 0.000010
0.000010 0.000010 0.000010 0.000010 0.057079 0.088081 0.000010 0.000010 0.000010 0.119142 0.000010 0.000010 0.000010 0.735588 0.000010
0.000010 0.000010 0.000010 0.308867 0.000010 0.586281 0.000010 0.006784 0.033257 0.000010 0.000010 0.000010 0.000010 0.064711 0.000010
0.000010 0.000010 0.000010 0.000010 0.000010 0.000010 0.000010 0.000010 0.343172 0.000010 0.000010 0.000010 0.656698 0.000010 0.000010
0.000010 0.025798 0.012065 0.026857 0.084785 0.000010 0.040138 0.000010 0.578050 0.000010 0.000010 0.000010 0.232226 0.000010 0.000010
0.000010 0.000010 0.000010 0.000010 0.000010 0.000010 0.000010 0.000010 0.999860 0.000010 0.000010 0.000010 0.000010 0.000010 0.000010
0.645087 0.000010 0.062005 0.017806 0.031509 0.113199 0.000010 0.033585 0.000010 0.000010 0.000010 0.000010 0.025815 0.000010 0.070924
0.000010 0.000010 0.000010 0.000010 0.000010 0.999860 0.000010 0.000010 0.000010 0.000010 0.000010 0.000010 0.000010 0.000010 0.000010
0.153122 0.000010 0.404364 0.000010 0.000010 0.000010 0.000010 0.000010 0.000010 0.261252 0.000010 0.000010 0.000010 0.000010 0.181152
0.127284 0.000010 0.040359 0.000010 0.000010 0.256075 0.051174 0.000010 0.035992 0.017450 0.104815 0.000010 0.074937 0.291853 0.000010
0.000010 0.000010 0.000010 0.060193 0.000010 0.000852 0.000010 0.000010 0.190326 0.000010 0.050726 0.064633 0.558276 0.000010 0.074915
0.000010 0.000010 0.000010 0.000010 0.024456 0.000010 0.000010 0.000010 0.525611 0.000010 0.000010 0.000010 0.333133 0.000010 0.116689
0.000010 0.081114 0.000010 0.000010 0.026997 0.000010 0.001850 0.001309 0.064057 0.000010 0.000010 0.000010 0.683507 0.000010 0.141086
0.000010 0.000010 0.000010 0.000010 0.000010 0.000010 0.000010 0.029434 0.391555 0.000010 0.000010 0.000010 0.441593 0.046452 0.090866
0.014407 0.000010 0.000010 0.000010 0.370943 0.000010 0.000010 0.000010 0.000010 0.000010 0.000010 0.000010 0.000010 0.614530 0.000010
0.159246 0.000010 0.000010 0.065517 0.000010 0.000010 0.000010 0.025127 0.000010 0.615158 0.134851 0.000010 0.000010 0.000010 0.000010
0.000010 0.015863 0.000010 0.012585 0.093260 0.000010 0.021607 0.062342 0.000010 0.397822 0.391852 0.000010 0.000010 0.004599 0.000010
0.000010 0.000010 0.000010 0.000010 0.089384 0.000010 0.000010 0.000010 0.000010 0.406739 0.333061 0.000010 0.000010 0.000010 0.170706
0.044091 0.000010 0.111644 0.000010 0.000010 0.437755 0.000010 0.000010 0.096289 0.042699 0.000010 0.262122 0.000010 0.005320 0.000010
0.000010 0.000010 0.000010 0.000010 0.000010 0.000010 0.000010 0.000010 0.766594 0.000010 0.000010 0.000010 0.187730 0.027947 0.017619
0.000010 0.000010 0.090288 0.000010 0.000010 0.605549 0.000010 0.000010 0.000010 0.000010 0.000010 0.304043 0.000010 0.000010 0.000010
0.000010 0.000010 0.125025 0.000010 0.000010 0.397793 0.000010 0.000010 0.015201 0.015056 0.000010 0.242494 0.001445 0.142864 0.060051
0.000010 0.016086 0.000010 0.000010 0.046400 0.000010 0.088002 0.027531 0.244747 0.000010 0.000010 0.000010 0.577144 0.000010 0.000010
0.000010 0.000010 0.000010 0.000010 0.112353 0.000010 0.000010 0.000010 0.166055 0.000010 0.000010 0.000010 0.721471 0.000010 0.000010
0.000010 0.000010 0.000010 0.015603 0.000010 0.000010 0.000010 0.000010 0.909526 0.000010 0.000010 0.000010 0.074750 0.000010 0.000010
0.000010 0.000010 0.000010 0.000010 0.104710 0.000010 0.000010 0.064830 0.212693 0.074111 0.000010 0.000010 0.543556 0.000010 0.000010
0.000010 0.000010 0.000010 0.032389 0.017027 0.000010 0.127515 0.000010 0.000010 0.391230 0.431739 0.000010 0.000010 0.000010 0.000010
0.000010 0.000010 0.000010 0.000010 0.000010 0.000010 0.110784 0.000010 0.000010 0.256807 0.475213 0.000010 0.000010 0.157086 0.000010
0.205833 0.021342 0.000010 0.000010 0.000010 0.000010 0.000010 0.000010 0.000010 0.692833 0.016498 0.000010 0.000696 0.062709 0.000010
0.000010 0.000010 0.000010 0.089384 0.000010 0.000010 0.000010 0.000010 0.081186 0.000010 0.000010 0.000010 0.829310 0.000010 0.000010
0.000010 0.000010 0.000010 0.000010 0.000010 0.000010 0.000010 0.000010 0.000010 0.999860 0.000010 0.000010 0.000010 0.000010 0.000010
0.216808 0.024012 0.000010 0.000010 0.053153 0.000010 0.000010 0.000010 0.000010 0.541231 0.164693 0.000010 0.000013 0.000010 0.000010
0.251770 0.000010 0.000010 0.000010 0.000010 0.000010 0.150815 0.013270 0.000010 0.000010 0.337718 0.005361 0.000010 0.211467 0.029518
0.000010 0.006295 0.000010 0.000010 0.000010 0.000010 0.008196 0.000010 0.307184 0.000010 0.000010 0.000010 0.608588 0.000010 0.069637
0.000010 0.000010 0.000010 0.000010 0.000010 0.000010 0.000010 0.000010 0.887904 0.000010 0.000010 0.000010 0.111966 0.000010 0.000010
0.000010 0.000010 0.000010 0.000010 0.000010 0.000010 0.004526 0.000010 0.043114 0.000010 0.000010 0.000010 0.820541 0.000010 0.131709
0.001352 0.000010 0.000010 0.066868 0.055143 0.000010 0.000010 0.000010 0.322606 0.000010 0.017011 0.000010 0.523742 0.000010 0.013197
0.051381 0.000010 0.000010 0.000010 0.004205 0.032795 0.000010 0.000010 0.285331 0.000010 0.000010 0.000010 0.559061 0.000010 0.067137
0.000010 0.000010 0.000010 0.000010 0.000010 0.057499 0.064971 0.027500 0.307676 0.000010 0.000010 0.000010 0.510933 0.000010 0.031331
0.000010 0.000010 0.000010 0.000010 0.000010 0.000010 0.055620 0.000010 0.341363 0.000010 0.000010 0.000010 0.602897 0.000010 0.000010
0.000010 0.030255 0.000010 0.000010 0.105751 0.000010 0.000010 0.031767 0.258597 0.000010 0.000010 0.000010 0.573530 0.000010 0.000010
0.000010 0.000010 0.235938 0.000010 0.215334 0.000010 0.475740 0.000010 0.000010 0.000010 0.000010 0.029148 0.000010 0.043740 0.000010
0.611489 0.000010 0.000010 0.000010 0.000010 0.000010 0.000010 0.000010 0.000010 0.000010 0.388381 0.000010 0.000010 0.000010 0.000010
0.054231 0.000010 0.000010 0.000010 0.000010 0.000010 0.000010 0.038227 0.184280 0.029242 0.000010 0.000010 0.688914 0.005017 0.000010
0.000010 0.108895 0.000010 0.000010 0.000010 0.000010 0.000010 0.000010 0.151622 0.000010 0.000010 0.000010 0.676416 0.000010 0.062956
0.111487 0.000010 0.000010 0.000010 0.035568 0.000010 0.000010 0.000010 0.118929 0.625619 0.085979 0.000010 0.000010 0.000010 0.022327
0.000010 0.000010 0.000010 0.042899 0.078008 0.000010 0.000010 0.000010 0.000010 0.505848 0.260936 0.000010 0.000010 0.000010 0.112209
0.068885 0.000010 0.000010 0.009650 0.000010 0.000010 0.000010 0.000010 0.000010 0.295656 0.583063 0.042646 0.000010 0.000010 0.000010
0.000010 0.000010 0.171957 0.000010 0.081169 0.000010 0.000010 0.028691 0.323807 0.000010 0.001783 0.000010 0.267655 0.124859 0.000010
0.086283 0.000010 0.000010 0.484244 0.059728 0.000010 0.000010 0.020903 0.000010 0.000010 0.000010 0.000010 0.000010 0.348743 0.000010
0.000010 0.000010 0.000010 0.603479 0.000010 0.000010 0.396391 0.000010 0.000010 0.000010 0.000010 0.000010 0.000010 0.000010 0.000010
0.000010 0.050077 0.000010 0.000010 0.000010 0.000010 0.000010 0.000010 0.642801 0.000010 0.001066 0.012301 0.293654 0.000010 0.000010
0.000012 0.127830 0.000010 0.444145 0.000010 0.153308 0.000010 0.000010 0.105265 0.000010 0.125983 0.000010 0.000010 0.000010 0.043378
0.048889 0.022183 0.000010 0.632342 0.000010 0.036992 0.130156 0.000010 0.000010 0.000010 0.129347 0.000010 0.000010 0.000010 0.000010
0.000010 0.000010 0.000010 0.000010 0.000010 0.000010 0.000010 0.000010 0.936016 0.000010 0.000010 0.000010 0.063854 0.000010 0.000010
0.000010 0.065215 0.000010 0.000010 0.248266 0.052322 0.000010 0.000010 0.099694 0.000010 0.000010 0.000010 0.000010 0.000010 0.534403
0.000010 0.000010 0.000010 0.000010 0.000010 0.128826 0.000010 0.000010 0.000010 0.158916 0.304240 0.007487 0.000010 0.241112 0.159329
0.000010 0.000010 0.000010 0.000010 0.082400 0.000010 0.000010 0.000010 0.000010 0.000010 0.000010 0.000010 0.000010 0.000010 0.917470
0.999860 0.000010 0.000010 0.000010 0.000010 0.000010 0.000010 0.000010 0.000010 0.000010 0.000010 0.000010 0.000010 0.000010 0.000010
0.047608 0.046895 0.000010 0.268283 0.000010 0.088520 0.000010 0.000010 0.000010 0.000010 0.094196 0.000010 0.000010 0.454408 0.000010
0.170291 0.000010 0.096938 0.000010 0.061297 0.152304 0.000010 0.003215 0.047141 0.060657 0.000010 0.169552 0.163311 0.000010 0.075245
0.000010 0.000010 0.000010 0.000010 0.000010 0.000010 0.000010 0.000010 0.000010 0.000010 0.000010 0.000010 0.000010 0.999860 0.000010
0.097839 0.000010 0.000010 0.000010 0.000010 0.661084 0.000010 0.000010 0.000010 0.076788 0.000010 0.000010 0.000010 0.164179 0.000010
0.000010 0.046802 0.050465 0.000010 0.000010 0.009707 0.000010 0.000010 0.892917 0.000010 0.000010 0.000010 0.000010 0.000010 0.000010
0.039937 0.045056 0.000010 0.536455 0.000010 0.000010 0.000010 0.080568 0.000010 0.079732 0.022639 0.000010 0.000010 0.195533 0.000010
0.000010 0.000010 0.000010 0.000010 0.999860 0.000010 0.000010 0.000010 0.000010 0.000010 0.000010 0.000010 0.000010 0.000010 0.000010
0.000010 0.000010 0.000010 0.000010 0.999860 0.000010 0.000010 0.000010 0.000010 0.000010 0.000010 0.000010 0.000010 0.000010 0.000010
0.000010 0.000010 0.681568 0.000010 0.024344 0.000010 0.000010 0.000010 0.174441 0.000010 0.000010 0.000010 0.115743 0.003804 0.000010
0.000010 0.000010 0.000010 0.999860 0.000010 0.000010 0.000010 0.000010 0.000010 0.000010 0.000010 0.000010 0.000010 0.000010 0.000010
0.000010 0.000010 0.003506 0.000010 0.174404 0.000010 0.058545 0.000010 0.105977 0.000010 0.046692 0.058014 0.000010 0.552783 0.000010
0.000010 0.007642 0.098370 0.000010 0.044942 0.000010 0.000010 0.000010 0.029742 0.064262 0.134555 0.000010 0.030111 0.533101 0.057215
0.000010 0.000010 0.000010 0.000010 0.000010 0.329344 0.599413 0.000010 0.000010 0.000010 0.000010 0.071123 0.000010 0.000010 0.000010
0.181775 0.010898 0.000010 0.000010 0.000010 0.547516 0.117725 0.000010 0.000010 0.141987 0.000010 0.000010 0.000010 0.000010 0.000010
0.000010 0.000010 0.000010 0.000010 0.000010 0.000010 0.999860 0.000010 0.000010 0.000010 0.000010 0.000010 0.000010 0.000010 0.000010
0.000010 0.000010 0.000010 0.000010 0.000010 0.000010 0.999860 0.000010 0.000010 0.000010 0.000010 0.000010 0.000010 0.000010 0.000010
0.000010 0.000010 0.000010 0.000010 0.000010 0.000010 0.999860 0.000010 0.000010 0.000010 0.000010 0.000010 0.000010 0.000010 0.000010
0.000010 0.000010 0.000010 0.000010 0.143923 0.000010 0.000010 0.000010 0.000010 0.000010 0.000010 0.000010 0.000010 0.855947 0.000010
0.143724 0.000010 0.000010 0.609276 0.000010 0.000010 0.244791 0.000010 0.000010 0.000010 0.000010 0.000010 0.000010 0.000010 0.002099
0.000010 0.000010 0.000010 0.000010 0.999859 0.000010 0.000010 0.000010 0.000010 0.000010 0.000011 0.000010 0.000010 0.000010 0.000010
0.000010 0.024015 0.000010 0.065370 0.036257 0.000010 0.109634 0.000010 0.038872 0.045830 0.081479 0.000010 0.000010 0.486931 0.111552
0.000010 0.000010 0.000010 0.999860 0.000010 0.000010 0.000010 0.000010 0.000010 0.000010 0.000010 0.000010 0.000010 0.000010 0.000010
0.000010 0.000010 0.000010 0.000010 0.130114 0.000010 0.149310 0.000010 0.048897 0.004781 0.000010 0.000010 0.000010 0.636602 0.030206
0.000010 0.000010 0.000010 0.999860 0.000010 0.000010 0.000010 0.000010 0.000010 0.000010 0.000010 0.000010 0.000010 0.000010 0.000010
0.000010 0.000010 0.000010 0.013776 0.049041 0.179342 0.000010 0.000010 0.000010 0.000010 0.000010 0.116517 0.410218 0.002592 0.228434
0.000010 0.000010 0.000010 0.045701 0.000010 0.000010 0.000010 0.000010 0.000010 0.360457 0.000010 0.000010 0.000010 0.593722 0.000010
0.014528 0.012118 0.000010 0.081051 0.090630 0.000010 0.000010 0.000010 0.000010 0.000010 0.165618 0.000010 0.000010 0.635966 0.000010
0.000010 0.000010 0.122331 0.000010 0.035135 0.056202 0.000010 0.000010 0.000010 0.000010 0.041615 0.000010 0.000010 0.744618 0.000010
0.000010 0.000010 0.000010 0.000010 0.000010 0.000010 0.000010 0.000010 0.000010 0.000010 0.000010 0.071646 0.502628 0.208431 0.217186
0.608898 0.000010 0.000010 0.000010 0.000010 0.000010 0.217213 0.000010 0.000010 0.026094 0.042634 0.042445 0.000010 0.062626 0.000010
0.813605 0.000010 0.000010 0.000010 0.021706 0.000010 0.000010 0.000010 0.000010 0.000010 0.000010 0.000010 0.038242 0.126337 0.000010
0.173728 0.021328 0.154414 0.000010 0.000010 0.032968 0.000010 0.000010 0.000010 0.117136 0.000010 0.000010 0.000010 0.149255 0.351091
0.000010 0.052315 0.000010 0.000010 0.069112 0.079417 0.000010 0.005102 0.000010 0.100026 0.121454 0.000010 0.008721 0.526320 0.037473
0.000010 0.025920 0.067550 0.000010 0.032093 0.048434 0.000010 0.000010 0.593110 0.000010 0.000010 0.000010 0.232804 0.000010 0.000010
0.000010 0.043939 0.000010 0.000010 0.000010 0.000010 0.032940 0.000010 0.600787 0.000010 0.000010 0.000010 0.291910 0.000010 0.030325
0.442624 0.086536 0.047058 0.141982 0.000010 0.052195 0.123968 0.000010 0.033066 0.000010 0.046013 0.010500 0.000010 0.008630 0.007387
0.000010 0.000010 0.000010 0.034798 0.000010 0.000010 0.000010 0.030389 0.393517 0.000010 0.042633 0.010680 0.487892 0.000010 0.000010
0.000010 0.008626 0.000010 0.138453 0.000010 0.023838 0.000010 0.025806 0.000010 0.038608 0.000010 0.000010 0.602469 0.018430 0.143700
0.735735 0.000010 0.000010 0.000010 0.000010 0.000010 0.136251 0.000010 0.000010 0.000010 0.000010 0.000010 0.000010 0.000010 0.127894
0.000010 0.008478 0.017379 0.000010 0.000010 0.122686 0.000010 0.000010 0.000010 0.000010 0.027306 0.001280 0.701685 0.000010 0.121105
0.108324 0.055375 0.000010 0.218913 0.101311 0.280453 0.000010 0.000010 0.023305 0.000010 0.000010 0.000010 0.124068 0.088181 0.000010
0.096786 0.000010 0.000010 0.000010 0.039708 0.000010 0.103340 0.000010 0.000010 0.035521 0.038451 0.000010 0.000010 0.675231 0.010883
0.073699 0.047088 0.044306 0.000010 0.089784 0.445845 0.000010 0.000010 0.000010 0.000010 0.000010 0.000010 0.000010 0.174985 0.124214
0.021674 0.055354 0.000010 0.000010 0.000010 0.009942 0.000010 0.000010 0.000010 0.048451 0.015526 0.000010 0.685802 0.000010 0.163172
