0.000010 0.038347 0.062928 0.000010 0.000010 0.000010 0.000010 0.000010 0.000010 0.000010 0.000010 0.898595 0.000010 0.000010 0.000010 0.000010
0.000010 0.000010 0.000010 0.000010 0.611264 0.183958 0.043187 0.000010 0.000010 0.000010 0.161471 0.000010 0.000010 0.000010 0.000010 0.000010
0.000010 0.000010 0.000010 0.999850 0.000010 0.000010 0.000010 0.000010 0.000010 0.000010 0.000010 0.000010 0.000010 0.000010 0.000010 0.000010
0.000010 0.000010 0.000010 0.000010 0.000010 0.000010 0.000010 0.000010 0.000010 0.000010 0.999850 0.000010 0.000010 0.000010 0.000010 0.000010
0.000010 0.000010 0.000010 0.000010 0.000010 0.000010 0.000010 0.000010 0.000010 0.000010 0.999850 0.000010 0.000010 0.000010 0.000010 0.000010
0.000010 0.000010 0.000010 0.179065 0.074204 0.000010 0.000010 0.100391 0.000010 0.000010 0.646220 0.000010 0.000010 0.000010 0.000010 0.000010
0.000010 0.000010 0.000010 0.654363 0.000010 0.086392 0.000010 0.000010 0.000010 0.000010 0.024003 0.235123 0.000010 0.000010 0.000010 0.000010
0.000010 0.000010 0.000010 0.961021 0.000010 0.000010 0.000010 0.000010 0.000010 0.000010 0.000010 0.000010 0.000010 0.000010 0.038839 0.000010
0.999850 0.000010 0.000010 0.000010 0.000010 0.000010 0.000010 0.000010 0.000010 0.000010 0.000010 0.000010 0.000010 0.000010 0.000010 0.000010
0.999850 0.000010 0.000010 0.000010 0.000010 0.000010 0.000010 0.000010 0.000010 0.000010 0.000010 0.000010 0.000010 0.000010 0.000010 0.000010
0.000010 0.000010 0.000010 0.000010 0.000010 0.000010 0.000010 0.000010 0.000010 0.000010 0.000010 0.000010 0.000010 0.000010 0.999850 0.000010
0.051673 0.000010 0.000010 0.164842 0.129406 0.000010 0.000010 0.000010 0.000010 0.000010 0.000010 0.158016 0.000010 0.072592 0.423371 0.000010
0.000010 0.000010 0.000010 0.000010 0.000010 0.000010 0.000010 0.000010 0.000010 0.000010 0.000010 0.000010 0.000010 0.999850 0.000010 0.000010
0.000010 0.000010 0.000010 0.000010 0.000010 0.000010 0.000010 0.000010 0.000011 0.000010 0.000010 0.000010 0.000010 0.999849 0.000010 0.000010
0.000010 0.000010 0.000010 0.000010 0.000010 0.000010 0.000010 0.000010 0.000010 0.000010 0.000010 0.000010 0.000010 0.999850 0.000010 0.000010
0.000010 0.000010 0.000010 0.000010 0.999850 0.000010 0.000010 0.000010 0.000010 0.000010 0.000010 0.000010 0.000010 0.000010 0.000010 0.000010
0.000010 0.000010 0.000010 0.000010 0.132179 0.000010 0.000010 0.000010 0.000010 0.000010 0.867681 0.000010 0.000010 0.000010 0.000010 0.000010
0.000010 0.000010 0.999850 0.000010 0.000010 0.000010 0.000010 0.000010 0.000010 0.000010 0.000010 0.000010 0.000010 0.000010 0.000010 0.000010
0.000010 0.000010 0.691025 0.203961 0.000010 0.056443 0.000010 0.000010 0.000010 0.048451 0.000010 0.000010 0.000010 0.000010 0.000010 0.000010
0.000010 0.000010 0.000010 0.999850 0.000010 0.000010 0.000010 0.000010 0.000010 0.000010 0.000010 0.000010 0.000010 0.000010 0.000010 0.000010
0.000010 0.000010 0.000010 0.000010 0.000010 0.000010 0.000010 0.000010 0.000010 0.000010 0.000010 0.000010 0.000010 0.000010 0.999850 0.000010
0.000010 0.000010 0.000010 0.000010 0.000010 0.000010 0.000010 0.000010 0.000010 0.000010 0.000010 0.000010 0.000010 0.000010 0.999850 0.000010
0.000010 0.000010 0.000010 0.000010 0.000010 0.000010 0.000010 0.000010 0.000010 0.000010 0.858521 0.141339 0.000010 0.000010 0.000010 0.000010
0.000010 0.000010 0.000010 0.000010 0.000010 0.000010 0.000010 0.000010 0.000010 0.000010 0.000010 0.000010 0.000010 0.000010 0.999850 0.000010
0.000010 0.000010 0.000010 0.646959 0.000010 0.028292 0.000010 0.000010 0.007932 0.000010 0.236095 0.055411 0.000010 0.000010 0.000010 0.025211
0.000010 0.000010 0.000010 0.938910 0.000010 0.000010 0.000010 0.025171 0.000010 0.000010 0.000010 0.000010 0.000010 0.000010 0.035790 0.000010
0.000010 0.000010 0.000010 0.999850 0.000010 0.000010 0.000010 0.000010 0.000010 0.000010 0.000010 0.000010 0.000010 0.000010 0.000010 0.000010
0.000010 0.000010 0.000010 0.999850 0.000010 0.000010 0.000010 0.000010 0.000010 0.000010 0.000010 0.000010 0.000010 0.000010 0.000010 0.000010
0.000010 0.000010 0.000010 0.354086 0.157566 0.000010 0.000010 0.000010 0.000010 0.000010 0.393865 0.094363 0.000010 0.000010 0.000010 0.000010
0.000010 0.000010 0.000010 0.716405 0.114940 0.000010 0.000010 0.168525 0.000010 0.000010 0.000010 0.000010 0.000010 0.000010 0.000010 0.000010
0.999850 0.000010 0.000010 0.000010 0.000010 0.000010 0.000010 0.000010 0.000010 0.000010 0.000010 0.000010 0.000010 0.000010 0.000010 0.000010
0.000010 0.000010 0.000010 0.010054 0.000010 0.189127 0.000010 0.000010 0.000010 0.000010 0.000010 0.000010 0.800689 0.000010 0.000010 0.000010
0.000010 0.000010 0.000010 0.791282 0.126964 0.000010 0.000010 0.037643 0.000010 0.000010 0.025924 0.000010 0.000010 0.000010 0.018077 0.000010
0.000010 0.000010 0.000010 0.999850 0.000010 0.000010 0.000010 0.000010 0.000010 0.000010 0.000010 0.000010 0.000010 0.000010 0.000010 0.000010
0.000010 0.000010 0.000010 0.630173 0.146090 0.159789 0.000010 0.000010 0.063828 0.000010 0.000010 0.000010 0.000010 0.000010 0.000010 0.000010
0.000010 0.000010 0.000010 0.217658 0.000010 0.000010 0.000010 0.000010 0.042285 0.000010 0.447513 0.292423 0.000010 0.000010 0.000010 0.000010
0.000010 0.000010 0.000010 0.203081 0.134847 0.000010 0.000010 0.176966 0.000010 0.000010 0.484985 0.000010 0.000010 0.000010 0.000010 0.000010
0.000010 0.000010 0.000010 0.419121 0.250679 0.000010 0.000010 0.016330 0.000010 0.000010 0.292271 0.000010 0.000010 0.021488 0.000010 0.000010
0.000010 0.000010 0.000010 0.000010 0.000010 0.287142 0.269828 0.031270 0.275742 0.000010 0.000010 0.000010 0.105015 0.030904 0.000010 0.000010
0.000010 0.000010 0.000010 0.772560 0.000010 0.003953 0.017127 0.000010 0.041779 0.000010 0.164471 0.000010 0.000010 0.000010 0.000010 0.000010
0.000010 0.000010 0.069768 0.000010 0.000010 0.000010 0.152470 0.000010 0.000010 0.000010 0.164166 0.000010 0.613476 0.000010 0.000010 0.000010
0.000010 0.000010 0.000010 0.000010 0.000010 0.000010 0.000010 0.000010 0.000010 0.000010 0.000010 0.000010 0.000010 0.999850 0.000010 0.000010
0.000010 0.000010 0.000010 0.000010 0.000010 0.000010 0.000010 0.000010 0.000010 0.000010 0.000010 0.000010 0.000010 0.520900 0.478960 0.000010
0.000010 0.000010 0.000010 0.000010 0.000010 0.000010 0.000010 0.000010 0.000010 0.000010 0.000010 0.000010 0.000010 0.034969 0.964891 0.000010
0.115252 0.000010 0.000010 0.000010 0.000010 0.000010 0.000010 0.000010 0.000010 0.000010 0.000010 0.000010 0.000010 0.000010 0.884608 0.000010
0.000010 0.000010 0.000010 0.000010 0.000010 0.000010 0.000010 0.000010 0.000010 0.000010 0.000010 0.000010 0.000010 0.000010 0.999850 0.000010
0.104274 0.000010 0.000010 0.000010 0.000010 0.000010 0.000010 0.000010 0.000010 0.000010 0.000010 0.000010 0.030547 0.000010 0.865049 0.000010
0.000010 0.000010 0.000010 0.000010 0.000010 0.000010 0.000010 0.000010 0.000010 0.000010 0.000010 0.000010 0.000010 0.000010 0.999850 0.000010
0.000010 0.000010 0.000010 0.000010 0.000010 0.000010 0.000010 0.000010 0.000010 0.000010 0.000010 0.999850 0.000010 0.000010 0.000010 0.000010
0.356921 0.077613 0.318681 0.000010 0.000010 0.000010 0.000010 0.000010 0.000010 0.000010 0.000010 0.000010 0.000010 0.000010 0.246666 0.000010
0.000010 0.000010 0.000010 0.000010 0.000010 0.000010 0.000010 0.000010 0.000010 0.000010 0.000010 0.000010 0.000010 0.999850 0.000010 0.000010
0.000010 0.000010 0.000010 0.000010 0.000010 0.000010 0.000010 0.000010 0.000010 0.000010 0.999850 0.000010 0.000010 0.000010 0.000010 0.000010
0.000010 0.000010 0.000010 0.000010 0.000010 0.000010 0.000010 0.000010 0.000010 0.000010 0.000010 0.000010 0.000010 0.000010 0.999850 0.000010
0.000010 0.000010 0.162250 0.000010 0.000010 0.000010 0.000010 0.134061 0.000010 0.000010 0.000010 0.000010 0.000010 0.538036 0.165534 0.000010
0.000010 0.000010 0.000010 0.000010 0.000010 0.000010 0.000010 0.000010 0.999850 0.000010 0.000010 0.000010 0.000010 0.000010 0.000010 0.000010
0.000010 0.000010 0.000010 0.000010 0.000010 0.000010 0.000010 0.000010 0.000010 0.000010 0.000010 0.000010 0.092597 0.098137 0.809136 0.000010
0.000010 0.999850 0.000010 0.000010 0.000010 0.000010 0.000010 0.000010 0.000010 0.000010 0.000010 0.000010 0.000010 0.000010 0.000010 0.000010
0.000010 0.000010 0.117356 0.000010 0.000010 0.000010 0.000010 0.000010 0.000010 0.000015 0.000010 0.000010 0.745992 0.136517 0.000010 0.000010
0.000010 0.000010 0.999850 0.000010 0.000010 0.000010 0.000010 0.000010 0.000010 0.000010 0.000010 0.000010 0.000010 0.000010 0.000010 0.000010
0.000010 0.000010 0.000010 0.000010 0.333263 0.000010 0.000010 0.037411 0.286149 0.000010 0.069200 0.000010 0.215351 0.058525 0.000010 0.000010
0.000010 0.000010 0.000010 0.000010 0.731956 0.000010 0.000010 0.000010 0.046557 0.000010 0.221357 0.000010 0.000010 0.000010 0.000010 0.000010
0.000010 0.000010 0.000010 0.000010 0.000010 0.147400 0.000010 0.215675 0.293141 0.000010 0.000010 0.000019 0.343655 0.000010 0.000010 0.000010
0.018458 0.103379 0.034132 0.000010 0.199647 0.079871 0.009032 0.000010 0.000010 0.000010 0.000010 0.337824 0.217576 0.000010 0.000010 0.000010
0.000010 0.011836 0.000010 0.000010 0.239175 0.102049 0.000010 0.000010 0.000010 0.000010 0.000010 0.249030 0.397800 0.000010 0.000010 0.000010
0.000010 0.000010 0.000010 0.620629 0.000010 0.051691 0.000010 0.015144 0.000010 0.000010 0.306578 0.000010 0.000010 0.000010 0.000010 0.005847
0.000010 0.000010 0.000010 0.000010 0.000010 0.000010 0.000010 0.000010 0.000010 0.000010 0.999850 0.000010 0.000010 0.000010 0.000010 0.000010
0.000010 0.000010 0.000010 0.000010 0.000010 0.000010 0.000010 0.000010 0.999850 0.000010 0.000010 0.000010 0.000010 0.000010 0.000010 0.000010
0.000010 0.000010 0.000010 0.000010 0.000010 0.000010 0.000010 0.000010 0.999850 0.000010 0.000010 0.000010 0.000010 0.000010 0.000010 0.000010
0.000010 0.999850 0.000010 0.000010 0.000010 0.000010 0.000010 0.000010 0.000010 0.000010 0.000010 0.000010 0.000010 0.000010 0.000010 0.000010
0.000010 0.394425 0.331623 0.000010 0.000010 0.000010 0.000010 0.000010 0.058497 0.000010 0.000010 0.062894 0.088061 0.036650 0.006910 0.020860
0.000010 0.000010 0.000010 0.000010 0.924567 0.000010 0.075293 0.000010 0.000010 0.000010 0.000010 0.000010 0.000010 0.000010 0.000010 0.000010
0.000010 0.999850 0.000010 0.000010 0.000010 0.000010 0.000010 0.000010 0.000010 0.000010 0.000010 0.000010 0.000010 0.000010 0.000010 0.000010
0.000010 0.519050 0.192511 0.000010 0.000010 0.000010 0.097739 0.000010 0.000010 0.065500 0.000010 0.122801 0.000010 0.002299 0.000010 0.000010
0.099711 0.000010 0.000010 0.000010 0.000010 0.000010 0.000010 0.000010 0.000010 0.000010 0.000010 0.000010 0.900149 0.000010 0.000010 0.000010
0.000010 0.599051 0.210946 0.051896 0.000010 0.000010 0.000010 0.000010 0.000010 0.000010 0.000010 0.023110 0.040523 0.074374 0.000010 0.000010
0.000010 0.000010 0.000010 0.000010 0.058288 0.000010 0.000010 0.000010 0.000010 0.000010 0.000010 0.130457 0.811125 0.000010 0.000010 0.000010
0.000010 0.000010 0.000010 0.000010 0.000010 0.000010 0.000010 0.000010 0.910043 0.000010 0.000010 0.000010 0.052632 0.000010 0.000010 0.037195
0.041639 0.000010 0.000010 0.000010 0.000010 0.363723 0.000010 0.000010 0.356279 0.000010 0.000010 0.000010 0.238240 0.000010 0.000010 0.000010
0.000010 0.000010 0.000010 0.000010 0.936856 0.000010 0.000010 0.000010 0.000010 0.000010 0.000399 0.000010 0.062615 0.000010 0.000010 0.000010
0.000010 0.663396 0.000010 0.000010 0.000010 0.000010 0.000010 0.000010 0.000010 0.068294 0.010489 0.152445 0.004768 0.000010 0.100507 0.000010
0.000010 0.000010 0.000010 0.882602 0.117258 0.000010 0.000010 0.000010 0.000010 0.000010 0.000010 0.000010 0.000010 0.000010 0.000010 0.000010
0.000010 0.000010 0.000010 0.000010 0.000010 0.000010 0.000010 0.000010 0.000010 0.000010 0.999850 0.000010 0.000010 0.000010 0.000010 0.000010
0.000010 0.009818 0.000010 0.971404 0.000010 0.000010 0.000010 0.000010 0.000010 0.000010 0.000010 0.000010 0.000010 0.018648 0.000010 0.000010
0.000010 0.000010 0.027291 0.972569 0.000010 0.000010 0.000010 0.000010 0.000010 0.000010 0.000010 0.000010 0.000010 0.000010 0.000010 0.000010
0.000010 0.000010 0.000010 0.000010 0.000010 0.000010 0.000010 0.000010 0.000010 0.000010 0.999850 0.000010 0.000010 0.000010 0.000010 0.000010
0.000010 0.000010 0.000010 0.837012 0.000010 0.000010 0.000010 0.070675 0.000010 0.000010 0.000010 0.039079 0.000010 0.000010 0.000010 0.053115
0.000010 0.000010 0.000010 0.000010 0.000010 0.000010 0.000010 0.000010 0.999850 0.000010 0.000010 0.000010 0.000010 0.000010 0.000010 0.000010
0.000010 0.000010 0.000010 0.000010 0.000010 0.000010 0.000010 0.000010 0.000010 0.000010 0.000010 0.000010 0.000010 0.999850 0.000010 0.000010
0.000010 0.000010 0.000010 0.000010 0.000010 0.000010 0.999850 0.000010 0.000010 0.000010 0.000010 0.000010 0.000010 0.000010 0.000010 0.000010
0.000010 0.000010 0.000010 0.000010 0.000010 0.000010 0.000010 0.000010 0.000010 0.000010 0.000010 0.000010 0.000010 0.000010 0.999850 0.000010
0.000010 0.000010 0.000010 0.000010 0.000010 0.000010 0.000010 0.000010 0.000010 0.000010 0.000010 0.000010 0.000010 0.000010 0.999850 0.000010
0.000010 0.000010 0.000010 0.000010 0.000010 0.000010 0.000010 0.000010 0.000010 0.000010 0.000010 0.000010 0.000010 0.000010 0.999850 0.000010
0.000010 0.000010 0.999850 0.000010 0.000010 0.000010 0.000010 0.000010 0.000010 0.000010 0.000010 0.000010 0.000010 0.000010 0.000010 0.000010
0.000010 0.000010 0.000010 0.000010 0.000010 0.000010 0.000010 0.000010 0.992967 0.000010 0.000010 0.000010 0.000010 0.000010 0.006893 0.000010
0.076084 0.000010 0.000010 0.000010 0.006721 0.000010 0.000010 0.000010 0.917065 0.000010 0.000010 0.000010 0.000010 0.000010 0.000010 0.000010
0.000010 0.000010 0.000010 0.503819 0.153105 0.000010 0.000010 0.000010 0.000010 0.000010 0.342946 0.000010 0.000010 0.000010 0.000010 0.000010
0.000010 0.000010 0.000010 0.000010 0.000010 0.000010 0.999850 0.000010 0.000010 0.000010 0.000010 0.000010 0.000010 0.000010 0.000010 0.000010
0.000010 0.000010 0.000010 0.000010 0.000010 0.000010 0.000010 0.121763 0.000010 0.000010 0.000010 0.000010 0.871195 0.000010 0.000010 0.006912
0.000010 0.000010 0.000010 0.000010 0.000010 0.000010 0.000010 0.000010 0.913686 0.000010 0.000010 0.000010 0.042379 0.000010 0.043805 0.000010
0.000010 0.000010 0.000010 0.000010 0.000010 0.000010 0.000010 0.999850 0.000010 0.000010 0.000010 0.000010 0.000010 0.000010 0.000010 0.000010
0.000010 0.000010 0.081650 0.026498 0.542681 0.063680 0.056180 0.216091 0.000010 0.000010 0.000010 0.000010 0.010239 0.000010 0.002901 0.000010
0.000010 0.000010 0.000010 0.000010 0.000010 0.000010 0.000010 0.310225 0.667268 0.000010 0.022378 0.000010 0.000010 0.000010 0.000010 0.000010
0.000010 0.000010 0.846811 0.000010 0.150748 0.000010 0.000010 0.000010 0.002311 0.000010 0.000010 0.000010 0.000010 0.000010 0.000010 0.000010
0.000010 0.000010 0.000010 0.000010 0.000010 0.137295 0.000010 0.391861 0.470714 0.000010 0.000010 0.000010 0.000010 0.000010 0.000010 0.000010
0.000010 0.000010 0.000010 0.142058 0.254013 0.403635 0.000010 0.165466 0.000010 0.000010 0.000010 0.000010 0.000010 0.000010 0.000010 0.034718
0.000010 0.000010 0.000010 0.000010 0.316858 0.000010 0.000010 0.000010 0.655117 0.027895 0.000010 0.000010 0.000010 0.000010 0.000010 0.000010
0.000010 0.000010 0.000010 0.000010 0.000010 0.060910 0.000010 0.000010 0.600452 0.000010 0.000010 0.000010 0.338508 0.000010 0.000010 0.000010
0.000010 0.674844 0.194390 0.000010 0.000010 0.000010 0.000010 0.000010 0.000010 0.000010 0.000010 0.125550 0.000010 0.000010 0.000010 0.005096
0.000010 0.000010 0.000010 0.000010 0.000010 0.000010 0.000010 0.000010 0.000010 0.000010 0.000010 0.000010 0.999850 0.000010 0.000010 0.000010
0.000010 0.000010 0.000010 0.506604 0.000010 0.269773 0.000010 0.015971 0.000010 0.000010 0.207532 0.000010 0.000010 0.000010 0.000010 0.000010
0.000010 0.000010 0.000010 0.999850 0.000010 0.000010 0.000010 0.000010 0.000010 0.000010 0.000010 0.000010 0.000010 0.000010 0.000010 0.000010
0.000010 0.564573 0.000010 0.000010 0.000010 0.000010 0.435287 0.000010 0.000010 0.000010 0.000010 0.000010 0.000010 0.000010 0.000010 0.000010
0.000010 0.000010 0.000010 0.000010 0.000010 0.000010 0.999850 0.000010 0.000010 0.000010 0.000010 0.000010 0.000010 0.000010 0.000010 0.000010
0.000010 0.000010 0.000010 0.000010 0.000010 0.000010 0.000010 0.000010 0.071543 0.000010 0.000010 0.000010 0.000010 0.000010 0.000010 0.928317
0.000010 0.000010 0.000010 0.000010 0.000010 0.000010 0.000010 0.000010 0.000010 0.000010 0.000010 0.000010 0.000010 0.000010 0.000010 0.999850
0.000010 0.000010 0.999850 0.000010 0.000010 0.000010 0.000010 0.000010 0.000010 0.000010 0.000010 0.000010 0.000010 0.000010 0.000010 0.000010
0.000010 0.000010 0.000010 0.000010 0.467169 0.230846 0.000010 0.183197 0.000010 0.000010 0.041637 0.000010 0.000010 0.077042 0.000010 0.000010
0.000010 0.135994 0.117233 0.000010 0.206685 0.014963 0.000010 0.260916 0.264109 0.000010 0.000010 0.000010 0.000010 0.000010 0.000010 0.000010
0.000010 0.000010 0.000010 0.887118 0.000010 0.000010 0.000010 0.000010 0.000010 0.000010 0.000010 0.112742 0.000010 0.000010 0.000010 0.000010
0.000010 0.000010 0.000010 0.000010 0.000010 0.000010 0.000010 0.541757 0.000010 0.000010 0.000010 0.000010 0.458103 0.000010 0.000010 0.000010
0.000010 0.000010 0.000010 0.717327 0.000010 0.282533 0.000010 0.000010 0.000010 0.000010 0.000010 0.000010 0.000010 0.000010 0.000010 0.000010
0.000010 0.000010 0.000010 0.810132 0.000010 0.000010 0.000010 0.006871 0.182867 0.000010 0.000010 0.000010 0.000010 0.000010 0.000010 0.000010
0.000010 0.000010 0.000010 0.000010 0.000010 0.000010 0.000010 0.000010 0.000010 0.000010 0.000010 0.000010 0.000010 0.000010 0.000010 0.999850
0.000010 0.000010 0.000010 0.000010 0.483925 0.000010 0.000010 0.000010 0.061721 0.000010 0.000010 0.000010 0.453595 0.000010 0.000010 0.000638
0.000010 0.000010 0.000010 0.000010 0.000010 0.000010 0.000010 0.000010 0.000010 0.000010 0.000010 0.000010 0.000010 0.000010 0.000010 0.999850
0.000010 0.000010 0.000010 0.000010 0.000010 0.000010 0.000010 0.000010 0.000010 0.000010 0.000010 0.000010 0.000010 0.000010 0.000010 0.999850
0.000010 0.000010 0.000010 0.000010 0.001891 0.000010 0.000010 0.000010 0.000010 0.000010 0.000010 0.000010 0.000010 0.000010 0.000010 0.997969
0.000010 0.000010 0.000010 0.000010 0.000010 0.153485 0.000010 0.000010 0.191392 0.009756 0.113442 0.000010 0.506788 0.000010 0.025036 0.000010
0.000010 0.000010 0.000010 0.806202 0.000010 0.000010 0.000010 0.193658 0.000010 0.000010 0.000010 0.000010 0.000010 0.000010 0.000010 0.000010
0.000010 0.000010 0.000010 0.436118 0.299606 0.000010 0.000010 0.000010 0.000010 0.000010 0.264146 0.000010 0.000010 0.000010 0.000010 0.000010
0.000010 0.000010 0.000010 0.000010 0.000010 0.000010 0.435913 0.000010 0.000010 0.000010 0.221332 0.000010 0.330055 0.012580 0.000010 0.000010
0.000010 0.000010 0.000010 0.000010 0.000010 0.000010 0.549156 0.000010 0.000010 0.000010 0.000010 0.000010 0.322230 0.000010 0.128485 0.000010
0.999850 0.000010 0.000010 0.000010 0.000010 0.000010 0.000010 0.000010 0.000010 0.000010 0.000010 0.000010 0.000010 0.000010 0.000010 0.000010
0.000010 0.185513 0.000010 0.128995 0.264188 0.052612 0.000010 0.096743 0.000010 0.000010 0.000010 0.209309 0.062550 0.000010 0.000010 0.000010
0.000010 0.000010 0.000010 0.645851 0.000010 0.000010 0.000010 0.000010 0.147319 0.000010 0.133714 0.072996 0.000010 0.000010 0.000010 0.000010
0.000010 0.000010 0.000010 0.000010 0.000010 0.000010 0.000010 0.000010 0.000010 0.000010 0.000010 0.000010 0.999850 0.000010 0.000010 0.000010
0.000010 0.000010 0.000010 0.000010 0.000010 0.000010 0.000010 0.000010 0.000010 0.000010 0.000010 0.000010 0.877922 0.000010 0.121938 0.000010
0.000010 0.000010 0.035553 0.000010 0.000010 0.000010 0.000010 0.000010 0.000010 0.000010 0.217629 0.000010 0.746689 0.000010 0.000010 0.000010
0.000010 0.000010 0.000010 0.000010 0.000010 0.000010 0.000010 0.000010 0.000010 0.000010 0.999850 0.000010 0.000010 0.000010 0.000010 0.000010
0.000010 0.000010 0.000010 0.737012 0.000010 0.000010 0.000010 0.212501 0.000010 0.000010 0.000010 0.000010 0.046359 0.004008 0.000010 0.000010
0.000010 0.000010 0.000010 0.511019 0.301881 0.000010 0.000010 0.000010 0.000010 0.030925 0.149903 0.000010 0.006161 0.000010 0.000010 0.000010
0.000010 0.000010 0.000010 0.856344 0.104008 0.000010 0.000010 0.000010 0.000010 0.000010 0.000010 0.000010 0.000010 0.039518 0.000010 0.000010
0.000010 0.000010 0.999850 0.000010 0.000010 0.000010 0.000010 0.000010 0.000010 0.000010 0.000010 0.000010 0.000010 0.000010 0.000010 0.000010
0.000010 0.000010 0.000010 0.000010 0.000010 0.000010 0.000010 0.999850 0.000010 0.000010 0.000010 0.000010 0.000010 0.000010 0.000010 0.000010
0.000010 0.354820 0.189187 0.000010 0.000010 0.000010 0.000010 0.014722 0.000010 0.000010 0.115191 0.138172 0.000010 0.110277 0.077541 0.000010
0.000010 0.000010 0.000010 0.000010 0.000010 0.000010 0.000010 0.000010 0.000010 0.000010 0.000010 0.999850 0.000010 0.000010 0.000010 0.000010
0.000010 0.543947 0.455913 0.000010 0.000010 0.000010 0.000010 0.000010 0.000010 0.000010 0.000010 0.000010 0.000010 0.000010 0.000010 0.000010
0.000010 0.999850 0.000010 0.000010 0.000010 0.000010 0.000010 0.000010 0.000010 0.000010 0.000010 0.000010 0.000010 0.000010 0.000010 0.000010
0.000010 0.999850 0.000010 0.000010 0.000010 0.000010 0.000010 0.000010 0.000010 0.000010 0.000010 0.000010 0.000010 0.000010 0.000010 0.000010
0.000010 0.999850 0.000010 0.000010 0.000010 0.000010 0.000010 0.000010 0.000010 0.000010 0.000010 0.000010 0.000010 0.000010 0.000010 0.000010
0.009476 0.174027 0.000010 0.000010 0.000010 0.000010 0.000010 0.000010 0.000010 0.000010 0.000010 0.000010 0.719631 0.024433 0.072323 0.000010
0.000010 0.000010 0.000010 0.000010 0.000010 0.000010 0.000010 0.000010 0.000010 0.000010 0.000010 0.000010 0.000010 0.000010 0.000010 0.999850
0.000010 0.000010 0.000010 0.000010 0.097920 0.075606 0.000010 0.000010 0.826344 0.000010 0.000010 0.000010 0.000010 0.000010 0.000010 0.000010
0.000010 0.000010 0.000010 0.000010 0.334648 0.000010 0.000010 0.449187 0.000010 0.000010 0.216035 0.000010 0.000010 0.000010 0.000010 0.000010
0.000010 0.599770 0.081645 0.000010 0.000010 0.000010 0.233825 0.000010 0.000010 0.000010 0.000010 0.040905 0.000010 0.000010 0.043744 0.000010
0.000010 0.000010 0.000010 0.335332 0.664528 0.000010 0.000010 0.000010 0.000010 0.000010 0.000010 0.000010 0.000010 0.000010 0.000010 0.000010
0.000010 0.999850 0.000010 0.000010 0.000010 0.000010 0.000010 0.000010 0.000010 0.000010 0.000010 0.000010 0.000010 0.000010 0.000010 0.000010
0.000010 0.000010 0.000010 0.000010 0.486126 0.131016 0.000010 0.194976 0.000010 0.000010 0.187762 0.000010 0.000010 0.000010 0.000010 0.000010
0.000010 0.000010 0.000010 0.167410 0.504770 0.000010 0.000010 0.296317 0.000010 0.000010 0.007519 0.000010 0.000010 0.000010 0.023873 0.000010
0.000010 0.000010 0.000010 0.147274 0.000010 0.000010 0.000010 0.342916 0.509680 0.000010 0.000010 0.000010 0.000010 0.000010 0.000010 0.000010
0.000010 0.000010 0.000010 0.000010 0.365738 0.000010 0.000010 0.000010 0.141349 0.119753 0.000010 0.000010 0.373040 0.000010 0.000010 0.000010
0.000010 0.000010 0.000010 0.000010 0.000010 0.000010 0.000010 0.430492 0.521680 0.000010 0.000010 0.000010 0.047698 0.000010 0.000010 0.000010
0.000010 0.000010 0.000010 0.000010 0.047535 0.000010 0.000010 0.000010 0.686249 0.000010 0.266086 0.000010 0.000010 0.000010 0.000010 0.000010
0.000010 0.000010 0.000010 0.000010 0.000010 0.000010 0.112018 0.253987 0.000010 0.000010 0.066675 0.000010 0.567200 0.000010 0.000010 0.000010
0.000010 0.000010 0.000010 0.000010 0.000010 0.000010 0.000010 0.000010 0.000010 0.000010 0.000010 0.885130 0.114730 0.000010 0.000010 0.000010
0.000010 0.015877 0.019327 0.000010 0.000010 0.000010 0.128990 0.238642 0.000010 0.000010 0.000010 0.000010 0.522497 0.000010 0.074567 0.000010
0.000010 0.000010 0.000010 0.000010 0.000010 0.000010 0.000010 0.000010 0.000010 0.000010 0.000010 0.999850 0.000010 0.000010 0.000010 0.000010
0.000010 0.000010 0.000010 0.000010 0.000010 0.000010 0.000010 0.000010 0.000010 0.000010 0.000010 0.999850 0.000010 0.000010 0.000010 0.000010
0.067302 0.000010 0.000010 0.073671 0.000010 0.307993 0.000010 0.047369 0.000010 0.000010 0.000010 0.122783 0.380782 0.000010 0.000010 0.000010
0.000010 0.000010 0.000010 0.000010 0.000010 0.000010 0.000010 0.000010 0.000010 0.000010 0.000010 0.999850 0.000010 0.000010 0.000010 0.000010
0.000010 0.000010 0.000010 0.000010 0.000010 0.000010 0.000010 0.670531 0.329329 0.000010 0.000010 0.000010 0.000010 0.000010 0.000010 0.000010
0.000010 0.000010 0.000010 0.000010 0.743142 0.163893 0.000010 0.000010 0.000010 0.000010 0.092836 0.000010 0.000010 0.000010 0.000010 0.000010
0.000010 0.000010 0.000010 0.000010 0.252079 0.000715 0.000010 0.471958 0.196313 0.000010 0.078825 0.000010 0.000010 0.000010 0.000010 0.000010
0.000010 0.242793 0.000010 0.000010 0.000010 0.000010 0.000010 0.757067 0.000010 0.000010 0.000010 0.000010 0.000010 0.000010 0.000010 0.000010
0.000010 0.999850 0.000010 0.000010 0.000010 0.000010 0.000010 0.000010 0.000010 0.000010 0.000010 0.000010 0.000010 0.000010 0.000010 0.000010
0.000010 0.000010 0.000010 0.000010 0.732842 0.053017 0.004643 0.000010 0.000010 0.000010 0.203485 0.000010 0.000010 0.000010 0.005903 0.000010
0.000010 0.000010 0.000010 0.000010 0.000010 0.000010 0.000010 0.999850 0.000010 0.000010 0.000010 0.000010 0.000010 0.000010 0.000010 0.000010
0.000010 0.000010 0.000010 0.000010 0.000010 0.000010 0.000010 0.000010 0.000010 0.570019 0.000010 0.000010 0.008383 0.000010 0.010352 0.411126
0.000010 0.000010 0.000010 0.000010 0.000010 0.000010 0.000010 0.000010 0.000010 0.000010 0.065182 0.000010 0.000010 0.000010 0.005608 0.929080
0.000010 0.000010 0.000010 0.000010 0.000010 0.000010 0.000010 0.000010 0.008631 0.000010 0.410724 0.000010 0.580515 0.000010 0.000010 0.000010
0.000010 0.000010 0.000010 0.000010 0.000010 0.000010 0.000010 0.000010 0.000010 0.129009 0.000010 0.000010 0.000010 0.000010 0.000010 0.870851
0.000010 0.000010 0.083992 0.000010 0.000010 0.000010 0.000010 0.000010 0.000010 0.000010 0.005991 0.000010 0.000010 0.000010 0.000010 0.909888
0.000010 0.000010 0.069404 0.081923 0.000010 0.000010 0.000010 0.000010 0.000010 0.760822 0.000010 0.087730 0.000010 0.000010 0.000010 0.000010
0.000010 0.999850 0.000010 0.000010 0.000010 0.000010 0.000010 0.000010 0.000010 0.000010 0.000010 0.000010 0.000010 0.000010 0.000010 0.000010
0.000010 0.000010 0.000010 0.000010 0.000010 0.000010 0.000010 0.000010 0.000010 0.326366 0.000010 0.000010 0.048978 0.031838 0.000010 0.592698
0.000010 0.000010 0.000010 0.000010 0.041079 0.000010 0.038932 0.000010 0.000010 0.000010 0.070710 0.000010 0.000010 0.000010 0.000010 0.849159
0.000010 0.000010 0.000010 0.000010 0.000010 0.000010 0.357925 0.000010 0.000010 0.000010 0.000010 0.000010 0.000010 0.000010 0.000010 0.641935
0.000010 0.000010 0.000010 0.000010 0.949247 0.000010 0.000010 0.002985 0.000010 0.000010 0.000010 0.000010 0.036798 0.010850 0.000010 0.000010
0.000010 0.000010 0.000010 0.000010 0.999850 0.000010 0.000010 0.000010 0.000010 0.000010 0.000010 0.000010 0.000010 0.000010 0.000010 0.000010
0.000010 0.000010 0.000010 0.000010 0.031419 0.000010 0.291402 0.000010 0.218179 0.000010 0.000010 0.000010 0.458881 0.000010 0.000010 0.000010
0.000010 0.000010 0.040454 0.000010 0.296820 0.000010 0.000010 0.070407 0.101714 0.000010 0.388871 0.000010 0.101634 0.000010 0.000010 0.000010
0.000010 0.000010 0.000010 0.000010 0.000010 0.000010 0.208094 0.000010 0.000010 0.344150 0.000010 0.000010 0.000010 0.000010 0.000010 0.447626
0.000010 0.000010 0.000010 0.000010 0.166144 0.000010 0.004351 0.533195 0.000010 0.000010 0.000010 0.000010 0.296189 0.000010 0.000010 0.000010
0.000010 0.000010 0.000010 0.000010 0.000010 0.000010 0.130180 0.000010 0.000010 0.000010 0.000010 0.000010 0.097693 0.000010 0.000010 0.771997
0.000010 0.051437 0.000010 0.000010 0.000010 0.000010 0.000010 0.000010 0.000010 0.306926 0.000010 0.058943 0.000010 0.000010 0.000010 0.582575
0.000010 0.041504 0.000010 0.206490 0.264817 0.000010 0.000010 0.177662 0.138082 0.000010 0.081720 0.089636 0.000010 0.000010 0.000010 0.000010
0.000010 0.000010 0.000010 0.000010 0.822379 0.177481 0.000010 0.000010 0.000010 0.000010 0.000010 0.000010 0.000010 0.000010 0.000010 0.000010
0.000010 0.000010 0.000010 0.070255 0.000010 0.000010 0.000010 0.000010 0.044625 0.000010 0.000010 0.000010 0.000010 0.000010 0.039598 0.845402
0.000010 0.000010 0.000010 0.000010 0.519014 0.431480 0.000010 0.000010 0.000010 0.000010 0.000010 0.000010 0.019870 0.000010 0.000010 0.029516
0.204488 0.000010 0.000010 0.000010 0.255184 0.000010 0.000010 0.000010 0.000010 0.000010 0.000010 0.000010 0.487641 0.000010 0.000010 0.052567
0.000010 0.000010 0.000010 0.000010 0.000010 0.000010 0.000010 0.000010 0.000010 0.573657 0.000010 0.000010 0.000010 0.000010 0.000010 0.426203
0.000010 0.000010 0.000010 0.000010 0.000010 0.123392 0.095937 0.000010 0.000010 0.033979 0.000010 0.000010 0.000010 0.000010 0.000010 0.746571
0.000010 0.000010 0.000010 0.000010 0.000010 0.000010 0.000010 0.000010 0.000010 0.000010 0.000010 0.000010 0.000010 0.000010 0.000010 0.999850
0.000010 0.049729 0.000010 0.000010 0.000010 0.042787 0.000010 0.738111 0.076088 0.000010 0.000010 0.000010 0.077571 0.015613 0.000010 0.000010
0.000010 0.000010 0.000010 0.000010 0.000010 0.000010 0.000010 0.000010 0.000010 0.000010 0.000010 0.000010 0.999850 0.000010 0.000010 0.000010
0.000010 0.380559 0.067750 0.056669 0.262154 0.064556 0.000010 0.168212 0.000010 0.000010 0.000010 0.000010 0.000010 0.000010 0.000010 0.000010
0.000010 0.000010 0.000010 0.004590 0.374580 0.000010 0.074857 0.179276 0.000010 0.000010 0.000010 0.000010 0.316204 0.000010 0.005938 0.044465
0.000010 0.000010 0.033467 0.091887 0.000010 0.000010 0.000010 0.000010 0.000010 0.689357 0.000010 0.000010 0.041189 0.000010 0.000010 0.143990
0.000010 0.000010 0.000010 0.000010 0.000010 0.000010 0.000010 0.000010 0.000010 0.518397 0.000010 0.063563 0.000010 0.000010 0.000010 0.417910
0.000010 0.000010 0.000010 0.000010 0.000010 0.000010 0.000010 0.000010 0.076382 0.753761 0.000010 0.000010 0.000010 0.000010 0.072074 0.097663
0.000010 0.000010 0.000010 0.000010 0.005168 0.000010 0.000010 0.000010 0.000010 0.621246 0.000010 0.000010 0.000010 0.000010 0.000010 0.373456
0.000010 0.000010 0.000010 0.000010 0.000010 0.999850 0.000010 0.000010 0.000010 0.000010 0.000010 0.000010 0.000010 0.000010 0.000010 0.000010
0.999850 0.000010 0.000010 0.000010 0.000010 0.000010 0.000010 0.000010 0.000010 0.000010 0.000010 0.000010 0.000010 0.000010 0.000010 0.000010
0.000010 0.000010 0.000010 0.608990 0.000010 0.000010 0.000010 0.042888 0.054704 0.000010 0.269918 0.000010 0.000010 0.023391 0.000010 0.000010
0.000010 0.000010 0.000010 0.133005 0.086750 0.000010 0.000010 0.000010 0.129355 0.000010 0.600536 0.000010 0.000010 0.046189 0.004064 0.000010
0.000010 0.000010 0.000010 0.565192 0.000010 0.000010 0.000010 0.000010 0.000010 0.000010 0.260234 0.174444 0.000010 0.000010 0.000010 0.000010
0.000010 0.000010 0.661347 0.000010 0.069194 0.000010 0.000010 0.000010 0.000010 0.000010 0.000010 0.000010 0.269329 0.000010 0.000010 0.000010
0.000010 0.000010 0.000010 0.000010 0.000010 0.000010 0.000010 0.000010 0.000010 0.000010 0.000010 0.000010 0.000010 0.000010 0.000010 0.999850
0.000010 0.000010 0.547705 0.000010 0.000010 0.000010 0.000010 0.000010 0.000010 0.000010 0.000010 0.000010 0.452155 0.000010 0.000010 0.000010
0.000010 0.000010 0.527985 0.000010 0.201687 0.000010 0.000010 0.000010 0.000010 0.000010 0.000010 0.000010 0.270198 0.000010 0.000010 0.000010
0.000010 0.000010 0.023260 0.000010 0.000010 0.000010 0.000010 0.000010 0.007902 0.835382 0.000010 0.000010 0.014850 0.002707 0.000010 0.115800
0.000010 0.000010 0.000010 0.000010 0.000010 0.024043 0.000010 0.000010 0.000010 0.809334 0.000010 0.000010 0.000010 0.000010 0.000010 0.166493
0.000010 0.000010 0.000010 0.000010 0.000010 0.000010 0.000010 0.000010 0.000010 0.000010 0.000010 0.000010 0.000010 0.000010 0.000010 0.999850
0.000010 0.000010 0.000010 0.000010 0.000010 0.000010 0.000010 0.000010 0.000010 0.824768 0.000010 0.000010 0.000010 0.039721 0.000010 0.135381
0.000010 0.000010 0.000010 0.000010 0.000010 0.233891 0.000010 0.000010 0.000010 0.000010 0.765969 0.000010 0.000010 0.000010 0.000010 0.000010
0.000010 0.000010 0.000010 0.000010 0.000010 0.000010 0.000010 0.000010 0.000019 0.000010 0.999841 0.000010 0.000010 0.000010 0.000010 0.000010
0.000010 0.000010 0.000010 0.669617 0.000010 0.031291 0.000010 0.100823 0.000010 0.012168 0.181905 0.000010 0.000010 0.000010 0.004096 0.000010
0.000010 0.000010 0.000010 0.000010 0.000010 0.000010 0.000010 0.000010 0.000010 0.999850 0.000010 0.000010 0.000010 0.000010 0.000010 0.000010
0.000010 0.000010 0.000010 0.999850 0.000010 0.000010 0.000010 0.000010 0.000010 0.000010 0.000010 0.000010 0.000010 0.000010 0.000010 0.000010
0.000010 0.000010 0.000010 0.567151 0.000010 0.000010 0.000010 0.209224 0.000010 0.000010 0.189121 0.000010 0.000010 0.000010 0.034384 0.000010
0.000010 0.000010 0.000010 0.091363 0.299696 0.000010 0.000010 0.572594 0.000010 0.000010 0.036227 0.000010 0.000010 0.000010 0.000010 0.000010
0.000010 0.000010 0.000010 0.000010 0.000010 0.000010 0.000010 0.000010 0.000010 0.749837 0.000010 0.000010 0.000010 0.000010 0.002600 0.247433
0.000010 0.000010 0.000010 0.000010 0.000010 0.000010 0.000010 0.000010 0.000010 0.000010 0.000010 0.000010 0.000010 0.000010 0.000010 0.999850
0.000010 0.000010 0.000010 0.000010 0.000010 0.000010 0.000010 0.041492 0.000010 0.958368 0.000010 0.000010 0.000010 0.000010 0.000010 0.000010
0.000010 0.000010 0.000010 0.000010 0.000010 0.000010 0.000010 0.000010 0.070388 0.929472 0.000010 0.000010 0.000010 0.000010 0.000010 0.000010
0.000010 0.000010 0.000010 0.000010 0.000010 0.000010 0.000010 0.067593 0.000010 0.930547 0.000010 0.001730 0.000010 0.000010 0.000010 0.000010
0.000010 0.000010 0.000010 0.000010 0.000010 0.000010 0.000010 0.000010 0.000010 0.743549 0.000010 0.000010 0.060977 0.000010 0.000799 0.194556
0.000010 0.000010 0.000010 0.000010 0.000010 0.000010 0.000010 0.000010 0.000010 0.657563 0.000010 0.000010 0.000010 0.000010 0.000010 0.342297
0.000010 0.000010 0.000010 0.000010 0.057265 0.000010 0.000010 0.000010 0.000010 0.764042 0.000010 0.000010 0.000010 0.000010 0.000461 0.178111
0.000010 0.297929 0.000010 0.000010 0.134716 0.000010 0.000010 0.000010 0.458957 0.000010 0.108278 0.000010 0.000010 0.000010 0.000010 0.000010
0.000010 0.000010 0.000010 0.000010 0.000010 0.000010 0.000010 0.999850 0.000010 0.000010 0.000010 0.000010 0.000010 0.000010 0.000010 0.000010
0.000010 0.000010 0.000010 0.000010 0.000010 0.000010 0.000010 0.000010 0.000010 0.846549 0.000010 0.000010 0.000010 0.000010 0.000010 0.153311
0.000010 0.000010 0.000010 0.000010 0.000010 0.000010 0.000010 0.000010 0.000010 0.962294 0.000010 0.000010 0.000010 0.000010 0.037566 0.000010
0.000010 0.000010 0.000010 0.872034 0.000010 0.000010 0.000010 0.064427 0.000010 0.000010 0.000010 0.000010 0.000010 0.018784 0.000010 0.044635
0.000010 0.000010 0.000010 0.677256 0.000010 0.000010 0.000010 0.000010 0.000010 0.000010 0.218517 0.104097 0.000010 0.000010 0.000010 0.000010
0.000010 0.000010 0.000010 0.000010 0.000010 0.000010 0.000010 0.000010 0.000010 0.000010 0.999850 0.000010 0.000010 0.000010 0.000010 0.000010
0.000010 0.000010 0.000010 0.000010 0.000010 0.096566 0.837893 0.000010 0.000010 0.000010 0.000010 0.000010 0.000010 0.000010 0.000010 0.065411
0.000010 0.000010 0.000010 0.000010 0.724218 0.000010 0.000010 0.000010 0.275642 0.000010 0.000010 0.000010 0.000010 0.000010 0.000010 0.000010
0.000010 0.000010 0.000010 0.000010 0.000010 0.000010 0.000010 0.000010 0.999850 0.000010 0.000010 0.000010 0.000010 0.000010 0.000010 0.000010
0.000010 0.000010 0.000010 0.000010 0.000010 0.000010 0.000010 0.000010 0.000010 0.000010 0.044603 0.000010 0.000010 0.000010 0.000010 0.955257
0.000010 0.000010 0.000010 0.008292 0.000010 0.000010 0.000010 0.000010 0.273905 0.000010 0.000010 0.276233 0.237270 0.000010 0.124850 0.079349
0.000010 0.000010 0.000010 0.000010 0.000010 0.000010 0.000010 0.217583 0.512546 0.000010 0.104327 0.013912 0.124907 0.000010 0.006163 0.020472
0.000010 0.000010 0.000010 0.000010 0.000010 0.000010 0.327010 0.000010 0.000010 0.000010 0.000010 0.000010 0.000010 0.000010 0.000010 0.672850
0.169884 0.000010 0.000010 0.000010 0.000010 0.000010 0.000010 0.000010 0.000010 0.000010 0.000010 0.829976 0.000010 0.000010 0.000010 0.000010
0.000010 0.000010 0.000010 0.000010 0.319092 0.000010 0.000010 0.000010 0.000010 0.000010 0.339229 0.191310 0.150249 0.000010 0.000010 0.000010
0.000010 0.000010 0.000010 0.000010 0.000010 0.000010 0.000010 0.000010 0.000010 0.000010 0.000010 0.999850 0.000010 0.000010 0.000010 0.000010
0.000010 0.000010 0.000010 0.000010 0.000010 0.000010 0.000010 0.999850 0.000010 0.000010 0.000010 0.000010 0.000010 0.000010 0.000010 0.000010
0.999850 0.000010 0.000010 0.000010 0.000010 0.000010 0.000010 0.000010 0.000010 0.000010 0.000010 0.000010 0.000010 0.000010 0.000010 0.000010
0.000010 0.000010 0.000010 0.000010 0.504587 0.083616 0.000010 0.000010 0.081943 0.000010 0.158912 0.000010 0.162753 0.000010 0.008090 0.000010
0.000010 0.000010 0.392107 0.048893 0.000010 0.000010 0.000010 0.138729 0.000010 0.132192 0.000010 0.132426 0.096299 0.000010 0.000010 0.059265
0.000010 0.000010 0.000010 0.000010 0.999850 0.000010 0.000010 0.000010 0.000010 0.000010 0.000010 0.000010 0.000010 0.000010 0.000010 0.000010
0.079114 0.000010 0.003899 0.000010 0.000010 0.000010 0.000010 0.000010 0.172055 0.000010 0.128851 0.000010 0.615971 0.000010 0.000010 0.000010
0.000010 0.000010 0.000010 0.000010 0.000010 0.000010 0.000010 0.000010 0.000010 0.000010 0.000010 0.000010 0.039878 0.000010 0.000010 0.959982
0.000010 0.000010 0.000010 0.000010 0.545180 0.000010 0.000010 0.131812 0.145415 0.000010 0.000010 0.000010 0.068137 0.109345 0.000010 0.000010
0.000010 0.000010 0.000010 0.000010 0.000010 0.999850 0.000010 0.000010 0.000010 0.000010 0.000010 0.000010 0.000010 0.000010 0.000010 0.000010
0.000010 0.000010 0.000010 0.000010 0.000010 0.999850 0.000010 0.000010 0.000010 0.000010 0.000010 0.000010 0.000010 0.000010 0.000010 0.000010
0.000010 0.560920 0.000010 0.000010 0.000010 0.000010 0.385574 0.000010 0.000010 0.000010 0.000010 0.000010 0.000010 0.005440 0.000010 0.047946
0.000010 0.060252 0.000010 0.000010 0.537264 0.000010 0.000010 0.006512 0.270278 0.000010 0.000010 0.000010 0.083342 0.000010 0.042253 0.000010
0.000010 0.000010 0.056254 0.000010 0.507603 0.377273 0.000010 0.000010 0.000010 0.000010 0.000010 0.000010 0.000010 0.000010 0.000010 0.058750
0.000010 0.104529 0.000010 0.120431 0.445078 0.257918 0.000010 0.000010 0.000010 0.000010 0.000010 0.000010 0.000010 0.000010 0.038540 0.033405
0.000010 0.000010 0.000010 0.000010 0.000010 0.000010 0.000010 0.000010 0.999850 0.000010 0.000010 0.000010 0.000010 0.000010 0.000010 0.000010
0.000010 0.000010 0.000010 0.000010 0.000010 0.000010 0.000010 0.000010 0.628964 0.000010 0.000010 0.000010 0.370896 0.000010 0.000010 0.000010
0.000010 0.079119 0.000010 0.000010 0.124284 0.000010 0.000010 0.259275 0.032250 0.000010 0.000010 0.000010 0.504962 0.000010 0.000010 0.000010
0.000010 0.000010 0.000010 0.000010 0.000010 0.000010 0.000010 0.000010 0.999850 0.000010 0.000010 0.000010 0.000010 0.000010 0.000010 0.000010
0.000010 0.000010 0.000010 0.000010 0.000010 0.000010 0.000010 0.000010 0.999850 0.000010 0.000010 0.000010 0.000010 0.000010 0.000010 0.000010
0.000010 0.000010 0.000010 0.000010 0.000010 0.000010 0.000010 0.000010 0.999850 0.000010 0.000010 0.000010 0.000010 0.000010 0.000010 0.000010
0.000010 0.000010 0.000010 0.000010 0.000010 0.999850 0.000010 0.000010 0.000010 0.000010 0.000010 0.000010 0.000010 0.000010 0.000010 0.000010
