0.000010 0.480932 0.002865 0.074589 0.441604
0.118417 0.000010 0.000010 0.000010 0.881553
0.281951 0.000010 0.000010 0.000010 0.718019
0.515246 0.000010 0.004062 0.037558 0.443124
0.545940 0.000010 0.000010 0.000010 0.454030
0.472636 0.000010 0.000010 0.000010 0.527334
0.370302 0.000010 0.000010 0.000010 0.629668
0.247884 0.000010 0.082755 0.021516 0.647836
0.098271 0.537396 0.162883 0.031312 0.170138
0.000010 0.000010 0.001130 0.098060 0.900790
0.000010 0.000010 0.999960 0.000010 0.000010
0.070553 0.018921 0.498049 0.000010 0.412467
0.000010 0.071026 0.912130 0.004731 0.012102
0.000010 0.000010 0.999960 0.000010 0.000010
0.000010 0.037997 0.940471 0.000010 0.021513
0.000010 0.000010 0.000010 0.000010 0.999960
0.341358 0.000010 0.018514 0.000010 0.640108
0.028894 0.224540 0.572164 0.000010 0.174393
0.230153 0.163431 0.117259 0.201905 0.287252
0.168943 0.387165 0.082147 0.361735 0.000010
0.503677 0.000010 0.018675 0.035578 0.442060
0.000010 0.000010 0.999960 0.000010 0.000010
0.000010 0.000010 0.999960 0.000010 0.000010
0.329198 0.000010 0.060120 0.000010 0.610662
0.000010 0.000010 0.999960 0.000010 0.000010
0.345426 0.000010 0.013998 0.007746 0.632820
0.385678 0.000010 0.000010 0.072416 0.541885
0.999960 0.000010 0.000010 0.000010 0.000010
0.336906 0.000010 0.028286 0.000010 0.634788
0.307337 0.000010 0.000010 0.037218 0.655426
0.292238 0.046662 0.000010 0.020632 0.640458
0.338671 0.000010 0.000010 0.000010 0.661299
0.038946 0.638876 0.062264 0.000010 0.259903
0.344770 0.000010 0.000010 0.008153 0.647058
0.270121 0.000010 0.000010 0.000010 0.729849
0.000010 0.468079 0.000010 0.338717 0.193184
0.999960 0.000010 0.000010 0.000010 0.000010
0.234110 0.000010 0.000010 0.000010 0.765860
0.144389 0.568680 0.040100 0.000010 0.246821
0.510755 0.038955 0.011128 0.000010 0.439153
0.271261 0.551467 0.000010 0.177252 0.000010
0.344542 0.000010 0.000010 0.007364 0.648074
0.168001 0.139064 0.065395 0.114647 0.512893
0.229147 0.000010 0.000010 0.000010 0.770823
0.278213 0.484051 0.000802 0.194054 0.042880
0.000010 0.000010 0.999960 0.000010 0.000010
0.000010 0.000010 0.999960 0.000010 0.000010
0.428632 0.000010 0.015062 0.000010 0.556286
0.000010 0.000010 0.999960 0.000010 0.000010
0.000010 0.171609 0.828361 0.000010 0.000010
0.000010 0.000010 0.999960 0.000010 0.000010
0.000010 0.147733 0.850368 0.001879 0.000010
0.000010 0.000010 0.999960 0.000010 0.000010
0.134648 0.271020 0.080571 0.000010 0.513751
0.163469 0.428140 0.408370 0.000010 0.000010
0.000010 0.000010 0.999960 0.000010 0.000010
0.000010 0.000010 0.999960 0.000010 0.000010
0.000010 0.178906 0.084157 0.369405 0.367522
0.566075 0.000010 0.000010 0.000010 0.433895
0.000010 0.097596 0.126385 0.473303 0.302706
0.000010 0.000010 0.999960 0.000010 0.000010
0.043312 0.340959 0.615710 0.000010 0.000010
0.059079 0.410369 0.501615 0.014414 0.014522
0.240717 0.000010 0.000010 0.024280 0.734982
0.032349 0.025488 0.942143 0.000010 0.000010
0.239319 0.000010 0.000010 0.046546 0.714115
0.000010 0.652429 0.212696 0.046456 0.088409
0.000010 0.812854 0.187116 0.000010 0.000010
0.009697 0.438307 0.481707 0.035618 0.034671
0.153943 0.150191 0.090195 0.032858 0.572813
0.167442 0.000010 0.000010 0.061462 0.771076
0.296854 0.353784 0.017793 0.000010 0.331559
0.035288 0.374482 0.050136 0.000010 0.540084
0.075028 0.511063 0.000010 0.000010 0.413888
0.232857 0.400292 0.156076 0.210766 0.000010
0.324028 0.004480 0.036164 0.000010 0.635318
0.632489 0.016554 0.012193 0.000010 0.338754
0.420962 0.000010 0.000010 0.000010 0.579008
0.374176 0.000010 0.060743 0.000010 0.565061
0.000010 0.706429 0.200442 0.087992 0.005128
0.550865 0.152096 0.005545 0.000010 0.291484
0.094826 0.518704 0.243160 0.064036 0.079275
0.121334 0.025004 0.000010 0.000010 0.853642
0.000010 0.732631 0.158805 0.085514 0.023041
0.000010 0.541794 0.182873 0.111602 0.163721
0.505807 0.229569 0.000010 0.000010 0.264604
0.000010 0.912693 0.000010 0.086498 0.000789
0.005993 0.525016 0.260310 0.082568 0.126112
0.000010 0.768079 0.160139 0.071761 0.000010
0.000010 0.919207 0.000010 0.000010 0.080763
0.181622 0.576120 0.000010 0.000010 0.242237
0.000010 0.797640 0.000010 0.000010 0.202330
0.000010 0.080536 0.000010 0.599979 0.319465
0.370300 0.074408 0.000010 0.104402 0.450880
0.302111 0.212411 0.000010 0.000010 0.485458
0.186457 0.319328 0.000010 0.000010 0.494195
0.133491 0.055401 0.000010 0.000010 0.811088
0.255661 0.184586 0.000010 0.238145 0.321598
0.007265 0.533579 0.211299 0.150810 0.097048
0.215800 0.000010 0.016515 0.000010 0.767665
0.640740 0.000010 0.000010 0.000010 0.359230
0.245789 0.019807 0.044641 0.065920 0.623843
0.447062 0.000010 0.004759 0.021479 0.526690
0.307383 0.000010 0.000010 0.033362 0.659235
0.673603 0.000010 0.000178 0.000010 0.326199
0.312909 0.000010 0.000010 0.063134 0.623937
0.187075 0.041106 0.000010 0.050709 0.721100
0.000010 0.000010 0.999960 0.000010 0.000010
0.246862 0.613891 0.029832 0.008062 0.101352
0.041502 0.163212 0.107284 0.613145 0.074857
0.000010 0.000010 0.999960 0.000010 0.000010
0.000010 0.073889 0.926081 0.000010 0.000010
0.000010 0.000010 0.999960 0.000010 0.000010
0.170644 0.571378 0.257957 0.000010 0.000010
0.010676 0.321464 0.498319 0.103880 0.065661
0.402982 0.026709 0.091033 0.125337 0.353938
0.000010 0.029038 0.000010 0.724284 0.246658
0.242608 0.000010 0.000010 0.113632 0.643740
0.000010 0.000010 0.999960 0.000010 0.000010
0.000010 0.000010 0.000010 0.657904 0.342066
0.294212 0.020408 0.000010 0.050160 0.635210
0.000010 0.178194 0.000010 0.508749 0.313038
0.036395 0.963575 0.000010 0.000010 0.000010
0.115119 0.286251 0.000010 0.539993 0.058627
0.217285 0.782685 0.000010 0.000010 0.000010
0.129048 0.075800 0.143994 0.201829 0.449329
0.635598 0.131041 0.021716 0.000010 0.211635
0.219961 0.156388 0.028968 0.000010 0.594673
0.533945 0.000010 0.000010 0.000010 0.466025
0.155071 0.320485 0.205332 0.109732 0.209379
0.412869 0.000010 0.000010 0.000010 0.587101
0.244721 0.002092 0.043584 0.043951 0.665654
0.129372 0.097826 0.003905 0.024538 0.744359
0.231388 0.004932 0.000010 0.379292 0.384377
0.603936 0.149246 0.000010 0.000010 0.246798
0.174840 0.593283 0.107990 0.123877 0.000010
0.199266 0.335316 0.004592 0.086347 0.374479
0.001433 0.626699 0.109079 0.182582 0.080208
0.073802 0.922402 0.003776 0.000010 0.000010
0.231372 0.447736 0.037419 0.000010 0.283463
0.304182 0.021013 0.003404 0.000010 0.671391
0.397735 0.000010 0.000010 0.000010 0.602235
0.000010 0.516272 0.105557 0.345668 0.032492
0.000010 0.000010 0.000010 0.999960 0.000010
0.000010 0.559644 0.071860 0.326552 0.041934
0.228494 0.716195 0.006766 0.048535 0.000010
0.129568 0.267999 0.000010 0.583299 0.019124
0.000010 0.108743 0.059855 0.023934 0.807459
0.000010 0.000010 0.001798 0.871405 0.126777
0.000010 0.095990 0.018081 0.041430 0.844489
0.060740 0.267950 0.012069 0.267868 0.391373
0.000010 0.000010 0.000010 0.935575 0.064395
0.429383 0.000010 0.007988 0.024679 0.537940
0.264211 0.000010 0.011741 0.000010 0.724027
0.343232 0.160277 0.052652 0.004520 0.439319
0.378777 0.000010 0.000010 0.000010 0.621193
0.357369 0.344161 0.101909 0.000010 0.196551
0.267051 0.000010 0.000010 0.109006 0.623923
0.286057 0.000010 0.012848 0.000010 0.701075
0.000010 0.000010 0.000010 0.000010 0.999960
0.000010 0.000010 0.000010 0.999960 0.000010
0.000010 0.401003 0.000010 0.044378 0.554600
0.000010 0.000010 0.000010 0.999960 0.000010
0.000010 0.000010 0.000010 0.999960 0.000010
0.000010 0.000010 0.000010 0.999960 0.000010
0.124464 0.385947 0.071038 0.065858 0.352693
0.360000 0.000010 0.045645 0.000010 0.594335
0.336860 0.042659 0.000010 0.000010 0.620460
0.281836 0.000010 0.000010 0.103040 0.615104
0.051488 0.510369 0.216214 0.021562 0.200367
0.148690 0.438794 0.102075 0.213910 0.096532
0.000010 0.673887 0.069761 0.253015 0.003326
0.000010 0.550530 0.158838 0.290613 0.000010
0.038969 0.822310 0.000010 0.092218 0.046493
0.000010 0.665843 0.116977 0.104092 0.113078
0.215932 0.185300 0.062925 0.000010 0.535832
0.335140 0.000010 0.000010 0.000010 0.664830
0.054147 0.797311 0.087491 0.000010 0.061041
0.000010 0.086935 0.014184 0.277197 0.621674
0.206561 0.470218 0.110332 0.000010 0.212879
0.036002 0.772954 0.059676 0.107755 0.023612
0.000010 0.000010 0.000010 0.000010 0.999960
0.513751 0.000010 0.000014 0.000010 0.486216
0.373010 0.000010 0.000010 0.030717 0.596253
0.216929 0.010520 0.000269 0.064187 0.708095
0.198225 0.021836 0.083954 0.000010 0.695976
0.228462 0.000010 0.071405 0.000010 0.700112
0.283030 0.000010 0.000010 0.039812 0.677138
0.080746 0.460349 0.458886 0.000010 0.000010
0.615064 0.000010 0.000010 0.000010 0.384906
0.206158 0.033324 0.000010 0.000010 0.760498
0.065393 0.307658 0.406500 0.016484 0.203965
0.170012 0.169207 0.020178 0.000010 0.640594
0.000010 0.645475 0.272654 0.077037 0.004823
0.079988 0.592376 0.234565 0.034467 0.058603
0.108956 0.672931 0.147194 0.070909 0.000010
0.857766 0.000010 0.000010 0.000010 0.142204
0.039750 0.685906 0.210064 0.000010 0.064271
0.000010 0.824239 0.119900 0.055840 0.000010
0.000010 0.000010 0.000010 0.999960 0.000010
0.104306 0.000010 0.000010 0.086623 0.809052
0.427044 0.085095 0.029025 0.000010 0.458826
0.000010 0.612356 0.131748 0.224880 0.031006
0.141155 0.000010 0.000010 0.057694 0.801131
0.000010 0.660937 0.194036 0.049835 0.095183
0.042422 0.055340 0.037034 0.580133 0.285071
0.346185 0.000010 0.000010 0.000010 0.653785
0.373636 0.000010 0.030855 0.015866 0.579632
0.391190 0.045372 0.010539 0.000010 0.552889
0.257484 0.016750 0.000010 0.000010 0.725746
0.000010 0.000010 0.069127 0.216722 0.714131
0.000010 0.389921 0.050793 0.073183 0.486093
0.046562 0.656969 0.026536 0.269923 0.000010
0.321001 0.000010 0.003319 0.043038 0.632632
0.512319 0.068714 0.000010 0.000010 0.418947
0.308490 0.048992 0.000010 0.000010 0.642498
0.311078 0.073337 0.044519 0.000010 0.571057
0.325701 0.665770 0.000010 0.000010 0.008509
0.000010 0.484203 0.000010 0.000010 0.515767
0.318531 0.632871 0.018034 0.030554 0.000010
0.081395 0.000010 0.128767 0.052721 0.737107
0.060704 0.218646 0.041815 0.063199 0.615635
0.027995 0.311843 0.000010 0.005391 0.654761
0.080469 0.405531 0.007649 0.000010 0.506341
0.069736 0.308987 0.000010 0.107354 0.513912
0.716960 0.000010 0.000010 0.032326 0.250694
0.144552 0.000010 0.000010 0.000010 0.855418
0.489212 0.063350 0.019893 0.000010 0.427536
0.412880 0.409934 0.000010 0.001021 0.176156
0.023603 0.898542 0.000010 0.000010 0.077835
0.000010 0.192876 0.077351 0.729754 0.000010
0.006952 0.680282 0.104988 0.000010 0.207767
0.000010 0.286206 0.030624 0.683150 0.000010
0.101567 0.092299 0.000010 0.000010 0.806114
0.000010 0.553058 0.296345 0.150577 0.000010
0.129673 0.059859 0.000010 0.023667 0.786791
0.000010 0.000010 0.000010 0.075963 0.924007
0.000010 0.000010 0.000010 0.030474 0.969496
0.266233 0.005594 0.000010 0.022512 0.705651
0.763616 0.051429 0.000010 0.000010 0.184935
0.000010 0.070175 0.032474 0.835218 0.062123
0.000010 0.000010 0.071184 0.928786 0.000010
0.308183 0.284404 0.118905 0.000010 0.288499
0.014615 0.000010 0.006929 0.978436 0.000010
0.006346 0.038840 0.039289 0.889172 0.026352
0.039261 0.131821 0.012531 0.580881 0.235505
0.044270 0.590979 0.153200 0.076993 0.134558
0.000010 0.049655 0.006487 0.857711 0.086137
0.046314 0.000010 0.044338 0.849408 0.059930
0.021391 0.045345 0.053893 0.879361 0.000010
0.000010 0.000012 0.000010 0.999958 0.000010
0.105116 0.894854 0.000010 0.000010 0.000010
0.098784 0.000010 0.000010 0.000010 0.901186
0.000010 0.000010 0.000010 0.085053 0.914917
0.164804 0.708411 0.123986 0.000010 0.002789
0.058687 0.482264 0.000010 0.144009 0.315030
0.329910 0.152907 0.000010 0.002282 0.514890
0.042335 0.001507 0.000010 0.921622 0.034526
0.000010 0.058521 0.000010 0.870478 0.070982
0.469678 0.302049 0.000010 0.007365 0.220898
0.192106 0.000010 0.000010 0.486363 0.321511
0.000010 0.113924 0.009486 0.876570 0.000010
0.057681 0.000010 0.000010 0.942289 0.000010
0.000010 0.000010 0.046866 0.945122 0.007992
0.000010 0.052351 0.062351 0.761805 0.123484
0.353186 0.000010 0.014751 0.058900 0.573152
0.000010 0.000010 0.000010 0.000010 0.999960
0.037723 0.055300 0.000010 0.842643 0.064324
0.067578 0.080459 0.000010 0.000010 0.851943
0.032608 0.251925 0.061248 0.087259 0.566960
0.004735 0.581514 0.000010 0.178515 0.235225
0.000010 0.357887 0.014206 0.627887 0.000010
0.000010 0.254535 0.032912 0.082275 0.630268
0.139467 0.815178 0.000010 0.035353 0.009992
0.159849 0.159185 0.000345 0.050199 0.630422
0.000010 0.025186 0.041757 0.900640 0.032407
0.000010 0.003612 0.025727 0.856807 0.113845
0.000010 0.000010 0.000010 0.999960 0.000010
0.000010 0.004534 0.049415 0.942700 0.003342
0.445606 0.302117 0.000010 0.025795 0.226472
0.207586 0.362305 0.037210 0.000010 0.392889
0.469774 0.000010 0.000010 0.000010 0.530196
0.271568 0.000010 0.032764 0.081853 0.613805
0.306213 0.000010 0.000010 0.000010 0.693757
0.000010 0.267424 0.026962 0.006714 0.698890
0.206449 0.267532 0.000010 0.091258 0.434751
0.212699 0.399587 0.000010 0.000010 0.387694
0.000010 0.264301 0.011192 0.000010 0.724487
0.000010 0.999960 0.000010 0.000010 0.000010
0.000010 0.103699 0.000010 0.000010 0.896271
0.053242 0.145974 0.000010 0.710670 0.090104
0.000010 0.009091 0.000010 0.883789 0.107101
0.070254 0.099217 0.032255 0.717162 0.081111
0.023753 0.000010 0.043251 0.008606 0.924380
0.000010 0.066255 0.000010 0.933715 0.000010
0.000010 0.000010 0.012345 0.897480 0.090155
0.015689 0.000010 0.021338 0.000010 0.962953
0.381963 0.006525 0.000010 0.002000 0.609502
0.325188 0.000010 0.063238 0.000010 0.611554
0.432155 0.000010 0.000010 0.000010 0.567815
0.117827 0.595300 0.180708 0.070151 0.036015
0.057264 0.212723 0.000010 0.408175 0.321828
0.000010 0.000010 0.000010 0.999960 0.000010
0.000010 0.828687 0.171282 0.000010 0.000010
0.047928 0.604008 0.120859 0.000010 0.227194
0.000010 0.074683 0.052504 0.854053 0.018750
0.033510 0.090424 0.012740 0.804970 0.058357
0.000010 0.000010 0.000010 0.911013 0.088957
0.000010 0.000010 0.009996 0.989974 0.000010
0.000010 0.090152 0.049743 0.738219 0.121876
0.059191 0.054390 0.000010 0.821008 0.065402
0.426644 0.000010 0.000010 0.000010 0.573326
0.019852 0.000010 0.000010 0.823247 0.156882
0.430413 0.000010 0.000010 0.005488 0.564079
0.055056 0.000010 0.067712 0.386546 0.490675
0.413718 0.000010 0.001045 0.000010 0.585218
0.020915 0.044374 0.000010 0.848068 0.086633
0.219295 0.000010 0.011554 0.000010 0.769131
0.492164 0.000010 0.046483 0.028755 0.432588
0.000010 0.000010 0.001241 0.074636 0.924103
0.014833 0.083181 0.000010 0.145729 0.756247
0.645106 0.000010 0.000010 0.000010 0.354864
0.013457 0.050499 0.047482 0.807686 0.080876
0.000010 0.000010 0.000010 0.999960 0.000010
0.000010 0.008288 0.011947 0.930522 0.049234
0.000010 0.000010 0.000010 0.971485 0.028485
0.082315 0.027132 0.021662 0.682634 0.186257
0.027576 0.131754 0.000010 0.825644 0.015016
0.000010 0.000010 0.000010 0.999960 0.000010
0.091333 0.000010 0.000010 0.838615 0.070032
0.097615 0.076773 0.000010 0.776284 0.049319
0.000010 0.153749 0.000010 0.779789 0.066442
0.000010 0.016710 0.000010 0.955668 0.027602
0.027476 0.161513 0.000010 0.711077 0.099924
0.000010 0.107706 0.000010 0.668753 0.223522
0.049754 0.000010 0.035107 0.795956 0.119173
0.112586 0.241334 0.061682 0.025362 0.559036
0.222275 0.007424 0.057641 0.000010 0.712650
0.999960 0.000010 0.000010 0.000010 0.000010
0.000010 0.283912 0.025407 0.690662 0.000010
0.087680 0.000010 0.025181 0.785482 0.101647
0.075066 0.024572 0.044826 0.836443 0.019093
0.382026 0.000010 0.020895 0.062622 0.534447
0.341404 0.038492 0.000010 0.003904 0.616191
0.574843 0.000010 0.000010 0.000010 0.425127
0.000010 0.186667 0.004390 0.658905 0.150028
0.246142 0.011250 0.000010 0.000010 0.742587
0.074193 0.000010 0.000010 0.000010 0.925777
0.297435 0.000010 0.000010 0.086205 0.616340
0.000012 0.000010 0.048853 0.951115 0.000010
0.238737 0.204889 0.152698 0.071318 0.332358
0.006244 0.000010 0.008929 0.984807 0.000010
0.394081 0.125733 0.005081 0.030418 0.444687
0.000010 0.108156 0.000010 0.860650 0.031174
0.000010 0.000010 0.000010 0.999960 0.000010
0.000013 0.206786 0.000010 0.025915 0.767276
0.000010 0.312659 0.135538 0.000010 0.551783
0.344674 0.134057 0.000010 0.000010 0.521248
0.000010 0.166527 0.000010 0.000010 0.833443
0.128533 0.000010 0.000010 0.000010 0.871437
0.000010 0.192073 0.000010 0.045953 0.761954
0.000010 0.011912 0.018673 0.000010 0.969395
0.796687 0.203283 0.000010 0.000010 0.000010
0.037537 0.647299 0.003435 0.086863 0.224866
0.034281 0.035166 0.401387 0.110067 0.419099
0.169000 0.125070 0.000010 0.000010 0.705910
0.000010 0.000010 0.000010 0.000010 0.999960
0.999960 0.000010 0.000010 0.000010 0.000010
0.196214 0.315130 0.070927 0.241807 0.175922
0.000010 0.005635 0.045850 0.000010 0.948495
0.099535 0.820960 0.000010 0.000010 0.079485
0.000010 0.000010 0.000010 0.999960 0.000010
0.921455 0.078515 0.000010 0.000010 0.000010
0.153562 0.054791 0.122804 0.060655 0.608188
0.058208 0.030527 0.000010 0.016996 0.894259
0.058654 0.000010 0.000010 0.012298 0.929028
0.101944 0.888829 0.001554 0.007662 0.000010
0.000010 0.130501 0.025198 0.065871 0.778420
0.000010 0.546689 0.055708 0.339882 0.057711
0.152822 0.157591 0.048313 0.078635 0.562639
0.000010 0.081369 0.000010 0.658547 0.260064
0.000010 0.079420 0.000010 0.802171 0.118390
0.000010 0.000010 0.021075 0.144103 0.834802
0.000010 0.545777 0.000010 0.401075 0.053128
0.070949 0.030145 0.029873 0.112555 0.756478
0.025234 0.058659 0.070360 0.067001 0.778746
0.000010 0.805586 0.038729 0.070550 0.085124
0.348571 0.445010 0.000010 0.000010 0.206399
0.308229 0.412036 0.072640 0.000010 0.207086
0.261672 0.575446 0.026519 0.000010 0.136353
0.578194 0.000010 0.000010 0.020867 0.400920
0.279705 0.580086 0.000010 0.000010 0.140189
0.479587 0.000010 0.000010 0.010962 0.509431
0.385669 0.000010 0.000010 0.000010 0.614301
0.378986 0.000010 0.029987 0.054715 0.536302
0.014009 0.047175 0.000010 0.000010 0.938796
0.000010 0.000010 0.058344 0.195306 0.746330
0.281922 0.110931 0.000010 0.050655 0.556481
0.000010 0.845652 0.034384 0.119944 0.000010
0.000010 0.000010 0.044649 0.000010 0.955321
0.204781 0.000010 0.000010 0.064279 0.730921
0.009514 0.146686 0.059276 0.049745 0.734779
0.804807 0.195163 0.000010 0.000010 0.000010
0.005231 0.000010 0.000010 0.118128 0.876622
0.074251 0.047785 0.000010 0.104924 0.773031
0.057151 0.112637 0.077406 0.163130 0.589677
0.020164 0.011042 0.000010 0.017005 0.951779
0.000010 0.074464 0.000010 0.167629 0.757886
0.069729 0.134852 0.000010 0.086519 0.708890
0.034255 0.295012 0.000010 0.366605 0.304119
0.000010 0.000010 0.000010 0.055977 0.943993
0.000010 0.302641 0.000010 0.056483 0.640856
0.002577 0.000010 0.066099 0.000010 0.931303
0.335641 0.412616 0.000010 0.000010 0.251723
0.146305 0.000010 0.000010 0.042040 0.811635
0.009695 0.191609 0.000010 0.000010 0.798676
0.260751 0.024635 0.004279 0.000911 0.709424
0.000010 0.090596 0.000010 0.477651 0.431733
0.056284 0.113966 0.000010 0.425806 0.403934
0.000010 0.194651 0.009574 0.617082 0.178683
0.632719 0.009378 0.065067 0.000010 0.292826
0.520967 0.117965 0.009348 0.000010 0.351710
0.000010 0.000010 0.000010 0.000010 0.999960
0.143334 0.308076 0.075049 0.000010 0.473531
0.141659 0.115477 0.000010 0.019048 0.723807
0.043392 0.124653 0.000010 0.575854 0.256091
0.018438 0.173945 0.000010 0.525273 0.282334
0.027190 0.045186 0.054272 0.841175 0.032176
0.022927 0.000010 0.017606 0.909982 0.049474
0.368352 0.260502 0.106630 0.000010 0.264506
0.044289 0.082372 0.022175 0.851155 0.000010
0.031227 0.114265 0.080200 0.510142 0.264166
0.538582 0.047232 0.000010 0.000010 0.414165
0.048503 0.219839 0.006134 0.570989 0.154535
0.055812 0.000010 0.000010 0.016690 0.927479
0.027894 0.239344 0.000010 0.622487 0.110265
0.071291 0.327241 0.094803 0.133609 0.373056
0.213426 0.000010 0.000010 0.000010 0.786544
0.000010 0.109947 0.000010 0.890023 0.000010
0.051494 0.584749 0.000010 0.000010 0.363737
0.085093 0.076770 0.009145 0.663060 0.165932
0.135326 0.195570 0.000010 0.001056 0.668038
0.181896 0.094647 0.024783 0.000010 0.698664
0.299488 0.010310 0.000010 0.049087 0.641105
0.256591 0.000010 0.000010 0.103958 0.639431
0.455380 0.000010 0.000010 0.004376 0.540224
0.355316 0.213325 0.065081 0.000010 0.366268
0.213722 0.085098 0.000010 0.095981 0.605188
0.382155 0.017461 0.000010 0.000010 0.600364
0.215265 0.039692 0.000020 0.000010 0.745014
0.512522 0.000010 0.000010 0.078224 0.409234
0.165157 0.028036 0.000010 0.076434 0.730363
0.266022 0.036177 0.000010 0.076455 0.621337
0.050410 0.145213 0.000010 0.504319 0.300047
0.573441 0.000010 0.021345 0.000010 0.405195
0.397615 0.000010 0.000010 0.000010 0.602355
0.485353 0.000010 0.000010 0.009308 0.505318
0.023925 0.286639 0.018771 0.575085 0.095581
0.077138 0.114956 0.000010 0.561579 0.246317
0.000010 0.864556 0.000010 0.000010 0.135414
