0.000010 0.435016 0.000010 0.000010 0.143008 0.000010 0.024584 0.397353
0.000010 0.677278 0.000010 0.242519 0.022126 0.000010 0.044222 0.013825
0.000010 0.062981 0.000010 0.936959 0.000010 0.000010 0.000010 0.000010
0.000010 0.000010 0.000010 0.747287 0.035568 0.141348 0.048320 0.027447
0.033971 0.030387 0.000010 0.634888 0.000010 0.300714 0.000010 0.000010
0.000010 0.000010 0.000010 0.785695 0.000010 0.214245 0.000010 0.000010
0.000010 0.087657 0.000010 0.887106 0.000010 0.000010 0.025187 0.000010
0.074646 0.107471 0.000010 0.817833 0.000010 0.000010 0.000010 0.000010
0.000010 0.000010 0.000010 0.000010 0.999930 0.000010 0.000010 0.000010
0.000010 0.000010 0.000010 0.000010 0.999930 0.000010 0.000010 0.000010
0.999930 0.000010 0.000010 0.000010 0.000010 0.000010 0.000010 0.000010
0.483171 0.192858 0.000010 0.237230 0.000010 0.000010 0.000010 0.086701
0.122656 0.000010 0.000010 0.000010 0.000010 0.000010 0.000010 0.877284
0.150508 0.000010 0.000010 0.000010 0.000010 0.000010 0.000010 0.849432
0.126707 0.000010 0.000010 0.000010 0.000010 0.000010 0.000010 0.873233
0.000010 0.999930 0.000010 0.000010 0.000010 0.000010 0.000010 0.000010
0.044242 0.123414 0.000010 0.785388 0.000010 0.046915 0.000010 0.000010
0.108606 0.088694 0.000010 0.000010 0.000010 0.000010 0.000010 0.802650
0.000010 0.064861 0.180264 0.345122 0.000010 0.049792 0.000010 0.359932
0.022639 0.000010 0.000010 0.977301 0.000010 0.000010 0.000010 0.000010
0.999930 0.000010 0.000010 0.000010 0.000010 0.000010 0.000010 0.000010
0.999930 0.000010 0.000010 0.000010 0.000010 0.000010 0.000010 0.000010
0.000010 0.124212 0.014809 0.860929 0.000010 0.000010 0.000010 0.000010
0.999930 0.000010 0.000010 0.000010 0.000010 0.000010 0.000010 0.000010
0.000010 0.004102 0.000010 0.839923 0.000010 0.074730 0.081205 0.000010
0.015024 0.039501 0.000010 0.817077 0.000010 0.061116 0.067253 0.000010
0.000010 0.058417 0.000010 0.890553 0.000010 0.000010 0.050980 0.000010
0.000010 0.000010 0.000010 0.999930 0.000010 0.000010 0.000010 0.000010
0.000010 0.150805 0.000010 0.796918 0.000010 0.052227 0.000010 0.000010
0.000010 0.149198 0.000010 0.702271 0.000010 0.148481 0.000010 0.000010
0.000010 0.333660 0.000010 0.000010 0.666280 0.000010 0.000010 0.000010
0.000010 0.133199 0.000010 0.087831 0.648321 0.000010 0.015687 0.114932
0.000010 0.062385 0.033360 0.890806 0.000010 0.013409 0.000010 0.000010
0.000010 0.000010 0.000010 0.986339 0.000010 0.000010 0.013601 0.000010
0.000010 0.272855 0.000010 0.658601 0.000010 0.068494 0.000010 0.000010
0.000010 0.197520 0.000010 0.703473 0.000010 0.098957 0.000010 0.000010
0.000010 0.023775 0.000010 0.690351 0.018380 0.218350 0.000010 0.049114
0.000010 0.166030 0.000010 0.705420 0.000010 0.081146 0.017847 0.029527
0.000010 0.369107 0.183276 0.000010 0.062040 0.278093 0.000010 0.107454
0.001075 0.154196 0.000010 0.844679 0.000010 0.000010 0.000010 0.000010
0.000010 0.000010 0.119243 0.039127 0.631633 0.177921 0.032045 0.000010
0.253604 0.000010 0.000010 0.000010 0.000012 0.000010 0.000010 0.746334
0.722054 0.000010 0.000010 0.000010 0.000010 0.000010 0.000010 0.277886
0.999930 0.000010 0.000010 0.000010 0.000010 0.000010 0.000010 0.000010
0.819042 0.000010 0.000010 0.000010 0.180898 0.000010 0.000010 0.000010
0.999930 0.000010 0.000010 0.000010 0.000010 0.000010 0.000010 0.000010
0.857339 0.000010 0.000010 0.000010 0.142601 0.000010 0.000010 0.000010
0.999930 0.000010 0.000010 0.000010 0.000010 0.000010 0.000010 0.000010
0.021337 0.370165 0.000010 0.059786 0.095903 0.111624 0.000010 0.341164
0.291575 0.000010 0.000010 0.000010 0.002936 0.109459 0.000010 0.595990
0.500786 0.000010 0.000010 0.000010 0.000010 0.000010 0.000010 0.499154
0.000010 0.000010 0.000010 0.810666 0.000010 0.189274 0.000010 0.000010
0.999930 0.000010 0.000010 0.000010 0.000010 0.000010 0.000010 0.000010
0.354733 0.000010 0.000010 0.000010 0.000010 0.110068 0.000010 0.535149
0.000010 0.630211 0.047199 0.000010 0.000010 0.322540 0.000010 0.000010
0.757722 0.000010 0.009233 0.000010 0.057653 0.000010 0.000010 0.175351
0.000010 0.073774 0.037817 0.000010 0.013636 0.000010 0.000010 0.874733
0.000010 0.000010 0.000010 0.000010 0.643817 0.000010 0.000010 0.356123
0.261536 0.000010 0.010103 0.068072 0.000010 0.000010 0.000010 0.660249
0.045845 0.543112 0.000010 0.000010 0.115827 0.172961 0.019231 0.103003
0.000010 0.479945 0.103128 0.346001 0.000010 0.070886 0.000010 0.000010
0.019222 0.203302 0.000010 0.000010 0.321209 0.456227 0.000010 0.000010
0.000010 0.499260 0.000010 0.000010 0.283127 0.000010 0.000010 0.217563
0.000010 0.309726 0.000010 0.227900 0.339123 0.000010 0.000010 0.123211
0.000010 0.000010 0.011356 0.908637 0.000010 0.070064 0.009902 0.000010
0.000010 0.000010 0.020257 0.750161 0.000010 0.196254 0.000010 0.033288
0.000010 0.445040 0.001750 0.000010 0.000010 0.553160 0.000010 0.000010
0.000010 0.426664 0.000010 0.000010 0.000010 0.573276 0.000010 0.000010
0.075782 0.015785 0.000010 0.000010 0.096871 0.000010 0.000010 0.811521
0.061668 0.021944 0.000010 0.000010 0.177358 0.038484 0.093551 0.606975
0.000010 0.638019 0.015072 0.279103 0.000010 0.000010 0.067766 0.000010
0.000010 0.000010 0.000010 0.000010 0.000010 0.000010 0.000010 0.999930
0.038321 0.090318 0.084493 0.000010 0.128232 0.000010 0.052622 0.605995
0.000010 0.062275 0.000010 0.000010 0.937665 0.000010 0.000010 0.000010
0.062182 0.030426 0.000010 0.050187 0.128327 0.000010 0.068847 0.660011
0.000010 0.270626 0.000010 0.000010 0.729314 0.000010 0.000010 0.000010
0.000010 0.276520 0.000010 0.000010 0.000010 0.655156 0.026697 0.041587
0.000010 0.424253 0.000010 0.087856 0.316755 0.171095 0.000010 0.000010
0.000010 0.615636 0.000010 0.284318 0.000010 0.039074 0.047944 0.012999
0.074749 0.065678 0.016761 0.011288 0.170097 0.013162 0.120036 0.528229
0.019099 0.186090 0.000010 0.791023 0.000010 0.000010 0.003749 0.000010
0.000010 0.000010 0.000010 0.691019 0.000010 0.308921 0.000010 0.000010
0.000010 0.000010 0.000010 0.941446 0.000010 0.002277 0.000010 0.056228
0.007590 0.040368 0.000010 0.914496 0.000010 0.000010 0.000010 0.037506
0.000010 0.000010 0.000010 0.701664 0.000010 0.298276 0.000010 0.000010
0.000010 0.000010 0.000010 0.916742 0.000010 0.001708 0.081499 0.000010
0.008624 0.604927 0.000010 0.000010 0.057071 0.307618 0.021730 0.000010
0.546815 0.000010 0.000010 0.001034 0.000010 0.000010 0.000010 0.452100
0.000010 0.016938 0.333593 0.097137 0.000010 0.000010 0.318666 0.233635
0.999930 0.000010 0.000010 0.000010 0.000010 0.000010 0.000010 0.000010
0.999930 0.000010 0.000010 0.000010 0.000010 0.000010 0.000010 0.000010
0.999930 0.000010 0.000010 0.000010 0.000010 0.000010 0.000010 0.000010
0.235697 0.000010 0.030544 0.000010 0.056315 0.000010 0.000010 0.677404
0.089322 0.239261 0.022721 0.000010 0.000010 0.648655 0.000010 0.000010
0.000010 0.550542 0.000010 0.000010 0.000010 0.404875 0.044533 0.000010
0.000010 0.088351 0.044041 0.838559 0.000010 0.029009 0.000010 0.000010
0.000010 0.000010 0.646503 0.000010 0.206362 0.147085 0.000010 0.000010
0.000010 0.000010 0.000010 0.024653 0.731575 0.243722 0.000010 0.000010
0.087766 0.397191 0.000010 0.000010 0.051908 0.322439 0.140665 0.000010
0.000010 0.000010 0.000010 0.000010 0.046637 0.896947 0.000010 0.056366
0.080678 0.452999 0.000010 0.149194 0.006589 0.181969 0.017947 0.110613
0.000010 0.213002 0.000010 0.000010 0.000010 0.786938 0.000010 0.000010
0.054264 0.000010 0.000010 0.215357 0.114224 0.154436 0.000010 0.461689
0.000010 0.404782 0.000010 0.000010 0.000010 0.595158 0.000010 0.000010
0.000010 0.421830 0.000010 0.344052 0.000010 0.163842 0.000010 0.070236
0.008231 0.675081 0.000010 0.000010 0.000010 0.316638 0.000010 0.000010
0.000010 0.431548 0.033054 0.000010 0.288194 0.217393 0.000010 0.029781
0.001988 0.089525 0.000010 0.000010 0.081877 0.000010 0.065086 0.761495
0.000010 0.000010 0.000010 0.000010 0.852713 0.147227 0.000010 0.000010
0.000010 0.142152 0.000010 0.778467 0.000010 0.017822 0.034725 0.026803
0.000010 0.000010 0.000010 0.999930 0.000010 0.000010 0.000010 0.000010
0.000010 0.000010 0.205235 0.000010 0.000010 0.000010 0.142944 0.651771
0.000010 0.000010 0.515980 0.000010 0.091696 0.151531 0.135511 0.105253
0.000010 0.098353 0.024989 0.000010 0.001450 0.000010 0.866896 0.008281
0.000010 0.000010 0.000010 0.000010 0.000010 0.000010 0.999930 0.000010
0.142216 0.000010 0.000010 0.049717 0.009453 0.000010 0.000010 0.798574
0.000010 0.535199 0.011115 0.165271 0.013395 0.210287 0.000010 0.064713
0.016857 0.263551 0.000010 0.000010 0.000010 0.453731 0.025443 0.240388
0.014114 0.079807 0.000010 0.843951 0.000010 0.062088 0.000010 0.000010
0.036114 0.125532 0.000010 0.000010 0.337246 0.448240 0.000010 0.052838
0.023037 0.149558 0.008104 0.819261 0.000010 0.000010 0.000010 0.000010
0.000010 0.156816 0.000010 0.737385 0.000010 0.051604 0.054155 0.000010
0.000010 0.000010 0.000010 0.000010 0.000010 0.000010 0.999930 0.000010
0.021578 0.494623 0.000010 0.068233 0.350547 0.000010 0.064990 0.000010
0.022950 0.000010 0.111215 0.000010 0.000010 0.000010 0.865784 0.000010
0.000010 0.000010 0.000010 0.000010 0.000010 0.000010 0.999930 0.000010
0.040213 0.000010 0.000010 0.000010 0.000010 0.000010 0.959727 0.000010
0.103421 0.275668 0.005816 0.012588 0.431697 0.170790 0.000010 0.000010
0.018084 0.016167 0.000010 0.792184 0.000010 0.173524 0.000010 0.000010
0.032760 0.140912 0.000010 0.724791 0.000010 0.000010 0.101496 0.000010
0.006304 0.000010 0.290526 0.165595 0.337018 0.106170 0.000010 0.094367
0.066211 0.000010 0.354788 0.000010 0.350629 0.000010 0.000010 0.228332
0.000010 0.000010 0.242102 0.000010 0.714839 0.000010 0.043009 0.000010
0.000010 0.364168 0.000010 0.245251 0.071653 0.094072 0.000010 0.224826
0.000010 0.127555 0.000010 0.755311 0.000010 0.073873 0.043220 0.000010
0.000010 0.000010 0.000010 0.000010 0.999930 0.000010 0.000010 0.000010
0.210048 0.000010 0.000010 0.000010 0.789892 0.000010 0.000010 0.000010
0.000010 0.000010 0.000010 0.097352 0.630595 0.272003 0.000010 0.000010
0.000010 0.000010 0.021807 0.838929 0.000010 0.139214 0.000010 0.000010
0.000010 0.000010 0.000010 0.835738 0.000547 0.118580 0.045095 0.000010
0.000010 0.299572 0.000010 0.633607 0.000010 0.000010 0.066770 0.000010
0.033340 0.077035 0.000010 0.889576 0.000010 0.000010 0.000010 0.000010
0.178532 0.000010 0.000010 0.000010 0.076847 0.017706 0.000010 0.726876
0.000010 0.104784 0.000010 0.013394 0.000010 0.881772 0.000010 0.000010
0.212873 0.034275 0.000010 0.168923 0.000010 0.086181 0.005825 0.491903
0.000010 0.418861 0.000010 0.249567 0.000010 0.081177 0.000010 0.250355
0.133207 0.000010 0.000010 0.000010 0.000010 0.000010 0.000010 0.866733
0.015301 0.000010 0.000010 0.039536 0.065796 0.000010 0.000010 0.879327
0.109527 0.000010 0.000010 0.000010 0.149204 0.027145 0.000010 0.714085
0.000010 0.000010 0.000010 0.000010 0.071263 0.111209 0.000010 0.817478
0.105239 0.000010 0.000010 0.000010 0.696661 0.000010 0.010387 0.187673
0.000010 0.000010 0.000010 0.000010 0.000010 0.000010 0.999930 0.000010
0.000010 0.713579 0.107459 0.000010 0.000010 0.178912 0.000010 0.000010
0.001996 0.179556 0.000010 0.278607 0.000010 0.485773 0.000010 0.054039
0.000010 0.000010 0.127392 0.006897 0.065791 0.000010 0.114393 0.685497
0.000010 0.516047 0.006021 0.380355 0.000010 0.034283 0.063264 0.000010
0.034252 0.000010 0.000010 0.000010 0.148713 0.000010 0.054232 0.762763
0.000010 0.292286 0.000010 0.413332 0.000010 0.294332 0.000010 0.000010
0.028263 0.280834 0.000010 0.331690 0.000010 0.330808 0.028374 0.000010
0.000010 0.368086 0.000010 0.118785 0.019705 0.493383 0.000010 0.000010
0.052517 0.399673 0.210102 0.049409 0.243636 0.007477 0.000010 0.037176
0.000010 0.246132 0.000010 0.000010 0.040449 0.713369 0.000010 0.000010
0.040888 0.505587 0.000010 0.000010 0.000010 0.453474 0.000010 0.000010
0.000010 0.000010 0.000010 0.066712 0.532443 0.283826 0.000010 0.116979
0.000010 0.474035 0.000010 0.000010 0.299061 0.000010 0.000010 0.226854
0.041185 0.000010 0.046427 0.000010 0.487053 0.268010 0.000010 0.157295
0.008387 0.827216 0.027211 0.000010 0.000010 0.000010 0.044166 0.092990
0.000010 0.649451 0.000010 0.000010 0.158167 0.000010 0.040770 0.151572
0.034665 0.363777 0.000010 0.088579 0.320056 0.123634 0.000010 0.069270
0.000010 0.473382 0.000010 0.212961 0.000010 0.000010 0.019467 0.294149
0.000010 0.000010 0.000010 0.000010 0.000010 0.999928 0.000012 0.000010
0.003073 0.607139 0.020636 0.369111 0.000010 0.000010 0.000010 0.000010
0.011294 0.275461 0.000010 0.210362 0.022224 0.480628 0.000010 0.000010
0.000010 0.000010 0.000010 0.000010 0.028109 0.595760 0.000010 0.376080
0.000010 0.106710 0.000010 0.016205 0.000010 0.000010 0.000010 0.877035
0.005465 0.646147 0.071908 0.245330 0.000010 0.028645 0.002485 0.000010
0.001734 0.000010 0.000010 0.000010 0.000010 0.998206 0.000010 0.000010
0.000010 0.000010 0.635709 0.000010 0.014787 0.000010 0.349454 0.000010
0.053218 0.000010 0.153050 0.008799 0.000010 0.000010 0.761803 0.023101
0.000010 0.000010 0.000010 0.265639 0.407054 0.327257 0.000010 0.000010
0.006883 0.000010 0.272726 0.000010 0.000010 0.000010 0.720342 0.000010
0.023076 0.031143 0.167089 0.000010 0.000010 0.000010 0.736471 0.042191
0.000010 0.125818 0.574912 0.043415 0.000010 0.000010 0.148246 0.107579
0.000010 0.070437 0.000010 0.041817 0.000010 0.022446 0.000010 0.865261
0.001960 0.000010 0.448306 0.000010 0.085502 0.000010 0.464191 0.000010
0.020900 0.065644 0.126009 0.020010 0.040718 0.000010 0.726699 0.000010
0.000010 0.000010 0.252219 0.000010 0.052142 0.000010 0.674307 0.021291
0.000010 0.649068 0.000010 0.297580 0.000010 0.020204 0.027613 0.005505
0.014040 0.811370 0.002072 0.054012 0.000010 0.000010 0.118477 0.000010
0.000010 0.185681 0.000010 0.000010 0.414655 0.150265 0.206679 0.042690
0.000010 0.283586 0.000010 0.307731 0.077647 0.330997 0.000010 0.000010
0.000010 0.000010 0.532761 0.000010 0.000010 0.000010 0.467179 0.000010
0.040867 0.093535 0.091688 0.020273 0.150081 0.540042 0.000010 0.063503
0.000775 0.000010 0.000010 0.000010 0.131215 0.000010 0.867960 0.000010
0.000010 0.000010 0.374917 0.024933 0.000010 0.000010 0.508715 0.091396
0.000010 0.194795 0.039211 0.422115 0.000010 0.292860 0.000010 0.050989
0.000010 0.999930 0.000010 0.000010 0.000010 0.000010 0.000010 0.000010
0.046524 0.029412 0.205172 0.018724 0.000010 0.017499 0.682649 0.000010
0.000010 0.723911 0.000010 0.207204 0.068835 0.000010 0.000010 0.000010
0.000010 0.229369 0.000010 0.000010 0.632079 0.022170 0.116342 0.000010
0.000010 0.000010 0.618812 0.000010 0.000010 0.000010 0.381128 0.000010
0.034393 0.104134 0.183940 0.000010 0.005569 0.000010 0.649842 0.022102
0.000010 0.000010 0.000010 0.000010 0.000010 0.000010 0.999930 0.000010
0.000010 0.037094 0.029576 0.011821 0.142924 0.631511 0.000010 0.147054
0.000010 0.000010 0.000010 0.000010 0.999930 0.000010 0.000010 0.000010
0.000010 0.199381 0.000010 0.232576 0.000010 0.143047 0.000010 0.424957
0.000010 0.190423 0.080800 0.184552 0.217240 0.253243 0.044862 0.028869
0.021254 0.000010 0.582361 0.094238 0.035432 0.000010 0.224716 0.041978
0.000010 0.014139 0.424103 0.000010 0.000010 0.000010 0.561708 0.000010
0.111305 0.095509 0.696814 0.000010 0.000010 0.000010 0.096332 0.000010
0.011875 0.066126 0.487621 0.000010 0.000010 0.000010 0.434338 0.000010
0.000010 0.765776 0.031561 0.170389 0.000010 0.000010 0.032233 0.000010
0.000010 0.000010 0.204065 0.000010 0.699692 0.000010 0.096193 0.000010
0.000010 0.000010 0.000010 0.824824 0.012758 0.162368 0.000010 0.000010
0.093528 0.080239 0.040722 0.770514 0.000010 0.014967 0.000010 0.000010
0.000010 0.104437 0.000010 0.826945 0.000010 0.010707 0.000010 0.057871
0.048800 0.000010 0.000010 0.061515 0.481360 0.000010 0.097854 0.310441
0.000010 0.027461 0.196946 0.000010 0.000010 0.000010 0.775542 0.000010
0.040534 0.000010 0.000010 0.000010 0.634105 0.000010 0.000010 0.325311
0.000010 0.149926 0.035360 0.034093 0.451227 0.000010 0.000010 0.329364
0.027987 0.045844 0.558451 0.066045 0.000010 0.008135 0.282634 0.010894
0.000010 0.014079 0.813344 0.000010 0.000010 0.000010 0.172527 0.000010
0.000010 0.000010 0.000010 0.000010 0.000010 0.000010 0.999930 0.000010
0.026257 0.000010 0.602784 0.091481 0.000010 0.000010 0.237485 0.041964
0.000010 0.026139 0.000010 0.758845 0.000010 0.214967 0.000010 0.000010
0.000010 0.068467 0.000010 0.682999 0.000010 0.248485 0.000010 0.000010
0.015921 0.000010 0.060708 0.783212 0.000010 0.140119 0.000010 0.000010
0.000010 0.000010 0.867261 0.000010 0.000010 0.000010 0.132679 0.000010
0.000010 0.000010 0.000010 0.999930 0.000010 0.000010 0.000010 0.000010
0.026813 0.000010 0.020474 0.731858 0.029035 0.191790 0.000010 0.000010
0.000010 0.179675 0.000010 0.256849 0.000010 0.563427 0.000010 0.000010
0.000010 0.019166 0.660156 0.000010 0.000010 0.000010 0.320628 0.000010
0.000010 0.000010 0.134354 0.000010 0.000010 0.000010 0.865586 0.000010
0.000010 0.044302 0.833152 0.000010 0.000010 0.030930 0.091575 0.000010
0.000010 0.090647 0.600641 0.000010 0.000010 0.005794 0.302878 0.000010
0.000010 0.000010 0.607656 0.000010 0.016763 0.086793 0.288748 0.000010
0.000556 0.017583 0.559244 0.000010 0.086634 0.009602 0.326360 0.000010
0.000010 0.000010 0.598525 0.000010 0.000010 0.000010 0.401415 0.000010
0.039533 0.029304 0.636352 0.024128 0.000010 0.009562 0.261101 0.000010
0.000010 0.446378 0.000012 0.000010 0.000010 0.249476 0.034017 0.270087
0.000010 0.000010 0.000010 0.195397 0.000010 0.804543 0.000010 0.000010
0.000010 0.044447 0.763262 0.000010 0.000010 0.018407 0.173844 0.000010
0.102740 0.003107 0.773575 0.000010 0.000010 0.000010 0.120538 0.000010
0.000010 0.000010 0.000010 0.867971 0.000010 0.000010 0.131969 0.000010
0.021942 0.093874 0.000010 0.810498 0.014234 0.059422 0.000010 0.000010
0.000010 0.000010 0.000010 0.802092 0.000010 0.184062 0.000010 0.013796
0.000010 0.195059 0.215749 0.000010 0.000010 0.000010 0.412082 0.177070
0.000010 0.837475 0.000010 0.000010 0.000010 0.162465 0.000010 0.000010
0.012454 0.659964 0.008541 0.000010 0.000010 0.319001 0.000010 0.000010
0.062782 0.000010 0.265276 0.000650 0.000010 0.006867 0.664396 0.000010
0.205109 0.226726 0.000010 0.025329 0.174826 0.161615 0.206374 0.000010
0.049426 0.359270 0.000010 0.010576 0.119419 0.424854 0.036436 0.000010
0.000010 0.000010 0.125161 0.000010 0.000010 0.000010 0.874779 0.000010
0.053969 0.471138 0.000010 0.000010 0.314497 0.000010 0.160356 0.000010
0.000010 0.264928 0.000010 0.507058 0.108081 0.082082 0.000010 0.037820
0.000010 0.762334 0.000010 0.000010 0.073250 0.000010 0.074610 0.089766
0.017416 0.000010 0.000010 0.000010 0.000010 0.815462 0.000010 0.167071
0.000010 0.000010 0.310422 0.000010 0.689518 0.000010 0.000010 0.000010
0.052722 0.581193 0.000482 0.142350 0.106894 0.116340 0.000010 0.000010
0.000010 0.070846 0.143444 0.074391 0.230332 0.123753 0.073103 0.284121
0.000010 0.913692 0.000010 0.086011 0.000010 0.000010 0.000010 0.000247
0.000010 0.034963 0.000010 0.186426 0.646416 0.122793 0.000010 0.009372
0.042814 0.000010 0.000010 0.000010 0.036427 0.000010 0.920709 0.000010
0.139733 0.574750 0.022378 0.096855 0.000010 0.139429 0.000010 0.026835
0.000010 0.948874 0.000010 0.000010 0.029288 0.000010 0.021788 0.000010
0.000010 0.663149 0.000010 0.000010 0.050589 0.000010 0.072360 0.213861
0.000010 0.000010 0.131302 0.000010 0.075270 0.000010 0.228995 0.564393
0.030390 0.528672 0.096847 0.043220 0.092384 0.181272 0.000010 0.027204
0.000010 0.559425 0.000010 0.213603 0.012211 0.000010 0.150180 0.064552
0.001420 0.489235 0.000010 0.302394 0.000010 0.000010 0.084547 0.122374
0.000010 0.426593 0.000010 0.000010 0.000010 0.573347 0.000010 0.000010
0.000010 0.177984 0.000010 0.000010 0.380870 0.431176 0.009930 0.000010
0.009468 0.000010 0.000010 0.119627 0.553857 0.317009 0.000010 0.000010
0.000010 0.270088 0.000010 0.000010 0.000010 0.729852 0.000010 0.000010
0.000010 0.439431 0.000010 0.000010 0.000010 0.560509 0.000010 0.000010
0.000010 0.482911 0.000010 0.000010 0.080106 0.436933 0.000010 0.000010
0.021197 0.953250 0.000010 0.025503 0.000010 0.000010 0.000010 0.000010
0.035508 0.548000 0.004672 0.000010 0.000010 0.362384 0.016973 0.032443
0.000010 0.811947 0.000010 0.112831 0.000010 0.000010 0.075172 0.000010
0.012472 0.614190 0.000010 0.222373 0.000010 0.104430 0.046504 0.000010
0.000010 0.783189 0.000010 0.000010 0.082371 0.000010 0.134390 0.000010
0.000010 0.796194 0.000010 0.080040 0.021633 0.000010 0.102093 0.000010
0.021959 0.729160 0.148711 0.000013 0.045856 0.000010 0.054281 0.000010
0.000010 0.202797 0.459318 0.000010 0.216321 0.000010 0.000010 0.121524
0.000010 0.657584 0.000010 0.342356 0.000010 0.000010 0.000010 0.000010
0.004957 0.688981 0.000010 0.198620 0.000010 0.084774 0.022637 0.000010
0.000010 0.631664 0.000010 0.188270 0.087032 0.000010 0.007987 0.085017
0.000010 0.304911 0.548949 0.000010 0.000010 0.000010 0.000010 0.146090
0.000010 0.044673 0.017040 0.133115 0.000010 0.798991 0.006151 0.000010
0.000010 0.154216 0.022530 0.000010 0.000010 0.766218 0.000010 0.056996
0.051584 0.366361 0.000010 0.127484 0.077342 0.117644 0.000010 0.259565
0.021903 0.470880 0.015925 0.354388 0.078962 0.000010 0.000010 0.057922
0.031758 0.000010 0.277841 0.000010 0.059459 0.000010 0.595243 0.035668
0.047384 0.013047 0.288162 0.000010 0.000010 0.020690 0.630686 0.000010
0.094159 0.183143 0.000010 0.000010 0.087262 0.536485 0.035633 0.063300
0.015161 0.000010 0.519187 0.041692 0.000010 0.009576 0.390144 0.024219
0.083609 0.267351 0.648990 0.000010 0.000010 0.000010 0.000010 0.000010
0.000010 0.192991 0.000010 0.000010 0.000010 0.805537 0.000010 0.001422
0.016855 0.000010 0.760021 0.054509 0.102301 0.000010 0.000010 0.066284
0.045734 0.290353 0.179478 0.000010 0.309931 0.140034 0.034448 0.000010
0.000010 0.645696 0.000010 0.200813 0.000010 0.153442 0.000010 0.000010
0.048089 0.281512 0.000010 0.073281 0.501660 0.032797 0.000010 0.062641
0.066724 0.076396 0.709919 0.096572 0.050360 0.000010 0.000010 0.000010
0.000010 0.681150 0.000010 0.000012 0.132625 0.186173 0.000010 0.000010
0.000010 0.640032 0.045672 0.025382 0.000010 0.258953 0.000010 0.029931
0.000010 0.298263 0.000010 0.294734 0.000010 0.406953 0.000010 0.000010
0.027176 0.409070 0.000010 0.405498 0.068613 0.048026 0.041597 0.000010
0.000010 0.030218 0.000010 0.781638 0.016171 0.171932 0.000010 0.000010
0.000010 0.517093 0.000010 0.195969 0.063872 0.208804 0.014232 0.000010
0.000010 0.448441 0.141628 0.274855 0.057125 0.077921 0.000010 0.000010
0.000010 0.458692 0.080547 0.081171 0.000010 0.310266 0.003781 0.065523
0.000010 0.000010 0.000010 0.795088 0.000010 0.204852 0.000010 0.000010
0.013376 0.028772 0.016755 0.923955 0.000010 0.017112 0.000010 0.000010
0.011141 0.056410 0.630244 0.039599 0.195128 0.000010 0.049290 0.018178
0.000010 0.117375 0.598034 0.163726 0.000010 0.000010 0.000010 0.120825
