0.333096 0.000010 0.133549 0.000010 0.000010 0.442832 0.000010 0.054760 0.000010 0.014488 0.000010 0.000010 0.021195 0.000010
0.000010 0.000010 0.000010 0.000010 0.000010 0.134120 0.000010 0.664871 0.001825 0.000010 0.142262 0.000010 0.000010 0.056831
0.000010 0.000010 0.000010 0.000010 0.000010 0.000010 0.999870 0.000010 0.000010 0.000010 0.000010 0.000010 0.000010 0.000010
0.000010 0.000010 0.000010 0.000010 0.000010 0.121265 0.000010 0.000010 0.000010 0.000010 0.878615 0.000010 0.000010 0.000010
0.000010 0.000010 0.000010 0.000010 0.000010 0.000010 0.000010 0.000010 0.000010 0.000010 0.892483 0.107397 0.000010 0.000010
0.000010 0.000010 0.000010 0.000010 0.000010 0.000010 0.220202 0.028564 0.116950 0.000010 0.634184 0.000010 0.000010 0.000010
0.000010 0.000010 0.000010 0.000010 0.000010 0.262036 0.404008 0.000010 0.027732 0.000010 0.306124 0.000010 0.000010 0.000010
0.000010 0.000010 0.000010 0.061179 0.000010 0.100495 0.540219 0.000010 0.000010 0.000010 0.298007 0.000010 0.000010 0.000010
0.000010 0.000010 0.840427 0.000010 0.000010 0.000010 0.000010 0.000010 0.000010 0.108769 0.000010 0.050695 0.000010 0.000010
0.000010 0.000010 0.590388 0.000010 0.000010 0.000010 0.000010 0.000010 0.000010 0.409492 0.000010 0.000010 0.000010 0.000010
0.000010 0.000010 0.000010 0.999870 0.000010 0.000010 0.000010 0.000010 0.000010 0.000010 0.000010 0.000010 0.000010 0.000010
0.069799 0.000010 0.000010 0.471369 0.000010 0.061795 0.272360 0.080466 0.000010 0.008081 0.000010 0.036060 0.000010 0.000010
0.000010 0.000010 0.000010 0.000010 0.000010 0.000010 0.000010 0.000010 0.000010 0.999870 0.000010 0.000010 0.000010 0.000010
0.000010 0.000010 0.000010 0.000010 0.000010 0.000010 0.000010 0.000010 0.000010 0.999870 0.000010 0.000010 0.000010 0.000010
0.000010 0.000010 0.000010 0.000010 0.000010 0.000010 0.000010 0.000010 0.000010 0.999870 0.000010 0.000010 0.000010 0.000010
0.000010 0.000010 0.000010 0.000010 0.000010 0.000010 0.000010 0.999870 0.000010 0.000010 0.000010 0.000010 0.000010 0.000010
0.000010 0.000010 0.000010 0.028055 0.000010 0.070318 0.187991 0.120463 0.000010 0.000010 0.593082 0.000010 0.000010 0.000010
0.734879 0.018243 0.000010 0.056795 0.000010 0.054977 0.000010 0.000010 0.000010 0.135017 0.000010 0.000010 0.000010 0.000010
0.321284 0.081906 0.000010 0.000010 0.160956 0.000010 0.357141 0.000010 0.000010 0.000010 0.000010 0.078624 0.000010 0.000010
0.000010 0.000010 0.000010 0.000010 0.000010 0.000010 0.285795 0.000010 0.000010 0.000010 0.714085 0.000010 0.000010 0.000010
0.000010 0.000010 0.000010 0.999870 0.000010 0.000010 0.000010 0.000010 0.000010 0.000010 0.000010 0.000010 0.000010 0.000010
0.000010 0.000010 0.000010 0.999870 0.000010 0.000010 0.000010 0.000010 0.000010 0.000010 0.000010 0.000010 0.000010 0.000010
0.000010 0.000010 0.000010 0.000010 0.000010 0.215839 0.459126 0.000010 0.000010 0.000010 0.324925 0.000010 0.000010 0.000010
0.000010 0.000010 0.000010 0.999870 0.000010 0.000010 0.000010 0.000010 0.000010 0.000010 0.000010 0.000010 0.000010 0.000010
0.000010 0.000010 0.000010 0.000010 0.000010 0.000010 0.344681 0.073111 0.000010 0.000010 0.480802 0.004713 0.086337 0.010277
0.000010 0.119377 0.000010 0.000010 0.000010 0.000010 0.878316 0.000010 0.002197 0.000010 0.000010 0.000010 0.000010 0.000010
0.000010 0.000010 0.000010 0.000010 0.000010 0.000010 0.939996 0.000010 0.059884 0.000010 0.000010 0.000010 0.000010 0.000010
0.000010 0.000010 0.000010 0.000010 0.000010 0.000010 0.999870 0.000010 0.000010 0.000010 0.000010 0.000010 0.000010 0.000010
0.000010 0.000010 0.000010 0.000010 0.000010 0.109546 0.324879 0.122964 0.000010 0.000010 0.442512 0.000010 0.000010 0.000010
0.000010 0.000010 0.000010 0.000010 0.000010 0.000010 0.454023 0.128497 0.160375 0.000010 0.257006 0.000010 0.000010 0.000010
0.000010 0.000010 0.000010 0.000010 0.000010 0.000010 0.449441 0.000010 0.000010 0.550439 0.000010 0.000010 0.000010 0.000010
0.070250 0.183677 0.519696 0.000010 0.000010 0.000010 0.047622 0.140732 0.000010 0.024347 0.000010 0.000010 0.013607 0.000010
0.000010 0.000010 0.000010 0.000010 0.013648 0.000010 0.532422 0.088332 0.000010 0.000010 0.339973 0.025534 0.000010 0.000010
0.000010 0.000010 0.000010 0.000010 0.000010 0.000010 0.999870 0.000010 0.000010 0.000010 0.000010 0.000010 0.000010 0.000010
0.000010 0.000010 0.000010 0.000010 0.000010 0.000010 0.262294 0.268001 0.000010 0.000010 0.394391 0.075213 0.000010 0.000010
0.001266 0.000010 0.000010 0.000010 0.000010 0.090605 0.527603 0.000010 0.000010 0.000010 0.170902 0.209534 0.000010 0.000010
0.000010 0.000010 0.021082 0.000010 0.000010 0.000010 0.314741 0.068286 0.186488 0.040578 0.368744 0.000010 0.000010 0.000010
0.000283 0.042633 0.000010 0.000010 0.000010 0.004039 0.452990 0.206594 0.072131 0.016390 0.204880 0.000010 0.000010 0.000010
0.004883 0.000010 0.116469 0.000010 0.055781 0.000010 0.000010 0.139189 0.045046 0.070136 0.070021 0.336124 0.003651 0.158660
0.000010 0.000010 0.000010 0.000010 0.000010 0.000010 0.658518 0.000010 0.000010 0.000010 0.181532 0.123252 0.000010 0.036598
0.000010 0.578836 0.229588 0.000010 0.000010 0.000010 0.000010 0.000010 0.000010 0.000010 0.000010 0.026731 0.033430 0.131326
0.000010 0.000010 0.000010 0.000010 0.000010 0.000010 0.000010 0.000010 0.000010 0.999870 0.000010 0.000010 0.000010 0.000010
0.000010 0.000010 0.000010 0.631276 0.000010 0.000010 0.000010 0.000010 0.000010 0.368604 0.000010 0.000010 0.000010 0.000010
0.000010 0.000010 0.000010 0.999044 0.000836 0.000010 0.000010 0.000010 0.000010 0.000010 0.000010 0.000010 0.000010 0.000010
0.000010 0.255352 0.000010 0.744528 0.000010 0.000010 0.000010 0.000010 0.000010 0.000010 0.000010 0.000010 0.000010 0.000010
0.000010 0.000010 0.000010 0.999870 0.000010 0.000010 0.000010 0.000010 0.000010 0.000010 0.000010 0.000010 0.000010 0.000010
0.000010 0.234121 0.000010 0.765759 0.000010 0.000010 0.000010 0.000010 0.000010 0.000010 0.000010 0.000010 0.000010 0.000010
0.000010 0.000010 0.000010 0.999870 0.000010 0.000010 0.000010 0.000010 0.000010 0.000010 0.000010 0.000010 0.000010 0.000010
0.268076 0.000010 0.012231 0.000010 0.000010 0.512859 0.000010 0.000010 0.175521 0.000010 0.000010 0.031223 0.000010 0.000010
0.562373 0.000010 0.000010 0.232402 0.000010 0.000010 0.000010 0.000010 0.095341 0.109784 0.000010 0.000010 0.000010 0.000010
0.000010 0.000010 0.000010 0.345707 0.000010 0.000010 0.000010 0.000010 0.000010 0.654173 0.000010 0.000010 0.000010 0.000010
0.000010 0.000010 0.000010 0.000010 0.000010 0.000010 0.000010 0.000010 0.000010 0.000010 0.999870 0.000010 0.000010 0.000010
0.000010 0.000010 0.000010 0.999870 0.000010 0.000010 0.000010 0.000010 0.000010 0.000010 0.000010 0.000010 0.000010 0.000010
0.270998 0.000010 0.000010 0.271494 0.000010 0.000010 0.000010 0.000010 0.133874 0.323533 0.000010 0.000010 0.000010 0.000010
0.000010 0.000010 0.000010 0.000010 0.000010 0.076305 0.000010 0.155485 0.000010 0.000010 0.000010 0.768100 0.000010 0.000010
0.007063 0.211102 0.000010 0.669876 0.000010 0.000010 0.000010 0.000010 0.000010 0.111859 0.000010 0.000010 0.000010 0.000010
0.887171 0.000010 0.003006 0.000010 0.028613 0.000010 0.000010 0.000010 0.000010 0.000010 0.013697 0.067424 0.000010 0.000010
0.064169 0.000010 0.769827 0.000010 0.000010 0.000010 0.000010 0.000010 0.000010 0.165894 0.000010 0.000010 0.000010 0.000010
0.580496 0.016052 0.000010 0.223621 0.004627 0.000010 0.053310 0.000010 0.000010 0.121814 0.000010 0.000010 0.000010 0.000010
0.077262 0.000088 0.199818 0.032841 0.000010 0.000010 0.000010 0.337628 0.000010 0.000010 0.063015 0.289278 0.000010 0.000010
0.000010 0.000010 0.000010 0.000010 0.080524 0.000010 0.099820 0.546986 0.010815 0.000010 0.183943 0.077831 0.000010 0.000010
0.000010 0.000010 0.346848 0.000010 0.000010 0.033352 0.000010 0.000010 0.225603 0.000010 0.000010 0.327642 0.000010 0.066466
0.189336 0.093795 0.190171 0.000010 0.000010 0.172034 0.000010 0.334237 0.000010 0.000010 0.000010 0.000010 0.000010 0.020347
0.087936 0.179771 0.215850 0.000010 0.000010 0.229600 0.049070 0.221632 0.000010 0.000010 0.016072 0.000010 0.000010 0.000010
0.000010 0.000010 0.000010 0.000010 0.000010 0.064131 0.528553 0.000010 0.024748 0.000010 0.382469 0.000010 0.000010 0.000010
0.000010 0.000010 0.000010 0.000010 0.000010 0.000010 0.182699 0.000010 0.064617 0.000010 0.702358 0.000010 0.000010 0.050227
0.000010 0.000010 0.000010 0.000010 0.000010 0.088847 0.000010 0.000010 0.129937 0.021649 0.000010 0.759467 0.000010 0.000010
0.000010 0.000010 0.000010 0.000010 0.000010 0.000010 0.000010 0.000010 0.000010 0.000010 0.000010 0.999870 0.000010 0.000010
0.883742 0.000010 0.000010 0.100717 0.000010 0.000010 0.000010 0.000010 0.000010 0.000010 0.000010 0.000010 0.000010 0.015431
0.574633 0.000010 0.100684 0.095645 0.000010 0.046892 0.000010 0.000010 0.040249 0.014439 0.000010 0.000010 0.037685 0.089713
0.000010 0.000010 0.000010 0.000010 0.000010 0.000010 0.000010 0.829634 0.000010 0.000010 0.062112 0.000010 0.000010 0.108144
0.999870 0.000010 0.000010 0.000010 0.000010 0.000010 0.000010 0.000010 0.000010 0.000010 0.000010 0.000010 0.000010 0.000010
0.521309 0.104182 0.000010 0.035161 0.000010 0.116809 0.000010 0.000010 0.000010 0.083967 0.000010 0.000010 0.034452 0.104051
0.000010 0.000010 0.932377 0.000010 0.000010 0.000010 0.000010 0.000010 0.000010 0.000010 0.000010 0.067503 0.000010 0.000010
0.607774 0.000010 0.076964 0.064618 0.000010 0.000010 0.045128 0.035055 0.000010 0.065763 0.000010 0.000010 0.000010 0.104628
0.000010 0.000010 0.746972 0.000010 0.000010 0.187589 0.000010 0.065329 0.000010 0.000010 0.000010 0.000010 0.000010 0.000010
0.012747 0.066059 0.000010 0.000010 0.000010 0.000010 0.000010 0.000010 0.057236 0.000010 0.000010 0.744727 0.000010 0.119141
0.000010 0.000010 0.363212 0.000010 0.000010 0.048197 0.041737 0.120630 0.000010 0.000010 0.094970 0.331174 0.000010 0.000010
0.000010 0.000010 0.014777 0.000010 0.000010 0.011952 0.216819 0.658966 0.058716 0.000010 0.000010 0.000010 0.000010 0.038690
0.502016 0.004112 0.113755 0.102353 0.027689 0.142769 0.000010 0.000010 0.000010 0.000010 0.002311 0.000010 0.000010 0.104935
0.000010 0.000010 0.000010 0.016206 0.000010 0.000010 0.502566 0.219468 0.000010 0.000010 0.254468 0.000010 0.007203 0.000010
0.000010 0.000010 0.000010 0.000010 0.000010 0.000010 0.000010 0.000010 0.000010 0.000010 0.999870 0.000010 0.000010 0.000010
0.035043 0.000010 0.000010 0.000010 0.000010 0.005248 0.468341 0.000010 0.000010 0.007964 0.483314 0.000010 0.000010 0.000010
0.030985 0.042899 0.000010 0.000010 0.000010 0.000010 0.678942 0.000010 0.000010 0.000010 0.199848 0.047237 0.000010 0.000010
0.000010 0.000010 0.000010 0.000010 0.000010 0.000010 0.000010 0.000010 0.000010 0.000010 0.983512 0.016368 0.000010 0.000010
0.000010 0.000010 0.000010 0.000010 0.000010 0.000010 0.538623 0.059061 0.002032 0.000010 0.322615 0.000010 0.025721 0.051868
0.000010 0.000010 0.000010 0.000010 0.000010 0.000010 0.000010 0.000010 0.000010 0.000010 0.000010 0.999870 0.000010 0.000010
0.000010 0.000010 0.000010 0.376732 0.000010 0.000010 0.000010 0.000010 0.000010 0.623148 0.000010 0.000010 0.000010 0.000010
0.000010 0.000010 0.000010 0.000010 0.000010 0.000010 0.000010 0.000010 0.000010 0.000010 0.000010 0.000010 0.000010 0.999870
0.000010 0.000010 0.000010 0.999870 0.000010 0.000010 0.000010 0.000010 0.000010 0.000010 0.000010 0.000010 0.000010 0.000010
0.000010 0.186268 0.000010 0.813612 0.000010 0.000010 0.000010 0.000010 0.000010 0.000010 0.000010 0.000010 0.000010 0.000010
0.000010 0.000010 0.000010 0.999870 0.000010 0.000010 0.000010 0.000010 0.000010 0.000010 0.000010 0.000010 0.000010 0.000010
0.548058 0.100664 0.000010 0.186735 0.009040 0.000010 0.000010 0.000010 0.000010 0.155413 0.000010 0.000010 0.000010 0.000010
0.000010 0.130743 0.000010 0.000010 0.000010 0.000010 0.000010 0.000010 0.000010 0.000010 0.000010 0.869137 0.000010 0.000010
0.000010 0.000010 0.000010 0.000010 0.000010 0.000010 0.000010 0.000010 0.000010 0.000010 0.000010 0.979947 0.019933 0.000010
0.000010 0.000010 0.000010 0.000010 0.050004 0.013256 0.382969 0.122370 0.000010 0.000010 0.431311 0.000010 0.000010 0.000010
0.000010 0.000010 0.000010 0.000010 0.000010 0.000010 0.000010 0.000010 0.000010 0.000010 0.000010 0.000010 0.000010 0.999870
0.000010 0.000010 0.821258 0.000010 0.000010 0.000010 0.000010 0.000010 0.000010 0.000010 0.178622 0.000010 0.000010 0.000010
0.000010 0.098408 0.000010 0.013413 0.000010 0.000010 0.000010 0.000010 0.000010 0.000010 0.000010 0.801253 0.086827 0.000010
0.000010 0.000010 0.000010 0.000010 0.000010 0.000010 0.000010 0.000010 0.999870 0.000010 0.000010 0.000010 0.000010 0.000010
0.034920 0.000010 0.051738 0.099516 0.000010 0.063412 0.021876 0.435675 0.170740 0.000010 0.104815 0.000698 0.000010 0.016570
0.000010 0.000010 0.000010 0.000010 0.000010 0.000010 0.041025 0.000010 0.353381 0.000010 0.000010 0.605484 0.000010 0.000010
0.362523 0.000010 0.075329 0.052352 0.000010 0.059574 0.172944 0.000010 0.172875 0.104335 0.000010 0.000010 0.000010 0.000010
0.000010 0.000010 0.000010 0.000010 0.000010 0.054883 0.000010 0.128499 0.329066 0.000010 0.000010 0.487451 0.000010 0.000010
0.098270 0.000010 0.000010 0.000010 0.000010 0.000010 0.160566 0.449581 0.113186 0.000010 0.108015 0.070302 0.000010 0.000010
0.000010 0.110743 0.000010 0.000010 0.000010 0.000010 0.000010 0.294871 0.000010 0.000010 0.000010 0.594276 0.000010 0.000010
0.000010 0.000010 0.277917 0.014127 0.000010 0.117845 0.000010 0.000010 0.000010 0.000010 0.000010 0.552805 0.000010 0.037216
0.748748 0.000010 0.000010 0.012954 0.000010 0.136000 0.000010 0.000010 0.000010 0.000010 0.000010 0.000010 0.000010 0.102198
0.000010 0.000010 0.964884 0.000010 0.000010 0.000010 0.000010 0.000010 0.034996 0.000010 0.000010 0.000010 0.000010 0.000010
0.018175 0.000010 0.000010 0.000010 0.000010 0.087299 0.354081 0.091572 0.000010 0.000010 0.389233 0.028429 0.031142 0.000010
0.000010 0.000010 0.000010 0.000010 0.000010 0.000010 0.648611 0.010378 0.000010 0.000010 0.340901 0.000010 0.000010 0.000010
0.537709 0.000010 0.000010 0.021143 0.000010 0.000010 0.000010 0.000010 0.000010 0.000010 0.000010 0.000010 0.000010 0.441037
0.000010 0.000010 0.000010 0.000010 0.000010 0.000010 0.000010 0.000010 0.000010 0.000010 0.000010 0.000010 0.000010 0.999870
0.000010 0.000010 0.000010 0.000010 0.000010 0.000010 0.000010 0.000010 0.000010 0.017384 0.000010 0.112657 0.869849 0.000010
0.000010 0.065663 0.000010 0.000010 0.000010 0.000010 0.000010 0.000010 0.000010 0.000010 0.000010 0.000010 0.934217 0.000010
0.671772 0.064879 0.000010 0.120634 0.000010 0.000010 0.000010 0.000010 0.000010 0.142614 0.000010 0.000010 0.000010 0.000010
0.000010 0.090816 0.000010 0.000010 0.000010 0.060120 0.000010 0.566578 0.141613 0.074691 0.059907 0.006207 0.000010 0.000010
0.209072 0.000010 0.017230 0.037041 0.000010 0.000010 0.000010 0.118859 0.212624 0.026904 0.025637 0.352572 0.000010 0.000010
0.000010 0.000010 0.000010 0.000010 0.000010 0.115544 0.572661 0.000010 0.115102 0.000010 0.196593 0.000010 0.000010 0.000010
0.000010 0.000010 0.397481 0.055296 0.000010 0.000010 0.000010 0.082865 0.431505 0.000010 0.000010 0.032762 0.000010 0.000010
0.000010 0.005724 0.000010 0.000010 0.000010 0.258395 0.556327 0.000010 0.000010 0.000010 0.179454 0.000010 0.000010 0.000010
0.000010 0.000010 0.000010 0.000010 0.000010 0.109936 0.498110 0.000010 0.000010 0.000010 0.237158 0.121429 0.033277 0.000010
0.000010 0.000010 0.000010 0.000010 0.000010 0.000010 0.000010 0.000010 0.000010 0.000010 0.000010 0.000010 0.999870 0.000010
0.000010 0.006256 0.359275 0.000010 0.000010 0.000010 0.058446 0.392858 0.000010 0.000010 0.000010 0.137185 0.045901 0.000010
0.000010 0.000010 0.000010 0.013417 0.127492 0.000010 0.001512 0.000010 0.000010 0.000010 0.000010 0.000010 0.857479 0.000010
0.000010 0.000010 0.000010 0.000010 0.000010 0.000010 0.000010 0.000010 0.000010 0.000010 0.000010 0.000010 0.999870 0.000010
0.000010 0.000010 0.000010 0.019716 0.000010 0.000010 0.000010 0.028751 0.000010 0.000010 0.000010 0.000010 0.943147 0.008286
0.000010 0.120032 0.404181 0.076901 0.000010 0.000010 0.006777 0.146161 0.000010 0.000010 0.013065 0.232813 0.000010 0.000010
0.000010 0.058777 0.000010 0.000010 0.000010 0.105755 0.406250 0.000010 0.020114 0.000010 0.283995 0.125029 0.000010 0.000010
0.000010 0.000010 0.000010 0.023715 0.000010 0.000010 0.698444 0.128111 0.000010 0.000010 0.050036 0.000010 0.018978 0.080636
0.009447 0.078899 0.328621 0.000010 0.123395 0.000019 0.000010 0.000010 0.000010 0.000010 0.232319 0.000010 0.000010 0.227230
0.000010 0.062846 0.380355 0.081082 0.000010 0.000010 0.000010 0.000010 0.000010 0.000010 0.000010 0.000010 0.000010 0.475616
0.000010 0.000010 0.000010 0.000010 0.000010 0.000010 0.000010 0.000010 0.000010 0.999870 0.000010 0.000010 0.000010 0.000010
0.226928 0.045179 0.000010 0.000010 0.000010 0.041144 0.078368 0.398821 0.131485 0.013315 0.064699 0.000010 0.000010 0.000010
0.000010 0.025783 0.000010 0.000010 0.000010 0.164006 0.331995 0.004819 0.000010 0.000010 0.321954 0.128806 0.022566 0.000010
0.000010 0.677619 0.322261 0.000010 0.000010 0.000010 0.000010 0.000010 0.000010 0.000010 0.000010 0.000010 0.000010 0.000010
0.000010 0.999870 0.000010 0.000010 0.000010 0.000010 0.000010 0.000010 0.000010 0.000010 0.000010 0.000010 0.000010 0.000010
0.000010 0.999870 0.000010 0.000010 0.000010 0.000010 0.000010 0.000010 0.000010 0.000010 0.000010 0.000010 0.000010 0.000010
0.000010 0.000010 0.000010 0.000010 0.000010 0.000010 0.000010 0.000010 0.000010 0.000010 0.999870 0.000010 0.000010 0.000010
0.000010 0.000010 0.000010 0.000010 0.000010 0.175701 0.335320 0.000010 0.127490 0.000010 0.361389 0.000010 0.000010 0.000010
0.000010 0.000010 0.000010 0.000010 0.027288 0.000010 0.325691 0.337684 0.031344 0.000010 0.235593 0.000010 0.042319 0.000010
0.000010 0.007609 0.000010 0.018705 0.000010 0.010529 0.908351 0.000010 0.000010 0.032976 0.021750 0.000010 0.000010 0.000010
0.544557 0.011956 0.080480 0.124282 0.000010 0.000010 0.000010 0.000010 0.000010 0.238635 0.000010 0.000010 0.000010 0.000010
0.000010 0.000010 0.000010 0.000010 0.000010 0.073317 0.000010 0.000010 0.926563 0.000010 0.000010 0.000010 0.000010 0.000010
0.371936 0.064600 0.020829 0.186633 0.000010 0.101560 0.046975 0.000010 0.025395 0.085575 0.089368 0.002379 0.004720 0.000010
0.214857 0.000010 0.000010 0.000010 0.000010 0.317434 0.166107 0.142855 0.127301 0.000010 0.000010 0.000010 0.000010 0.031366
0.854504 0.000010 0.000010 0.129717 0.000010 0.000010 0.000010 0.000010 0.000010 0.015669 0.000010 0.000010 0.000010 0.000010
0.867088 0.000010 0.000010 0.000010 0.000010 0.000010 0.000010 0.000010 0.000010 0.083320 0.049482 0.000010 0.000010 0.000010
0.765371 0.000010 0.123202 0.100538 0.000010 0.000010 0.000010 0.000010 0.010788 0.000010 0.000010 0.000010 0.000010 0.000010
0.884072 0.000010 0.000010 0.011182 0.000010 0.000010 0.000010 0.000010 0.104635 0.000010 0.000010 0.000010 0.000010 0.000010
0.125623 0.000010 0.751165 0.114894 0.000010 0.000010 0.000010 0.000010 0.000010 0.000010 0.000010 0.000010 0.000010 0.008218
0.000010 0.000010 0.000010 0.000010 0.000010 0.000010 0.000010 0.000010 0.000010 0.000010 0.000010 0.000010 0.999870 0.000010
0.000010 0.000010 0.000010 0.000010 0.000010 0.000010 0.000010 0.311834 0.000010 0.000010 0.000010 0.688046 0.000010 0.000010
0.000010 0.000010 0.000010 0.022829 0.000010 0.000010 0.000010 0.292485 0.417630 0.000010 0.266956 0.000010 0.000010 0.000010
0.722493 0.000010 0.000010 0.022063 0.000010 0.000010 0.000010 0.000010 0.000010 0.000010 0.000010 0.000010 0.081448 0.173896
0.000010 0.000010 0.000010 0.000010 0.037126 0.000010 0.293546 0.529201 0.022213 0.000010 0.051182 0.053817 0.012845 0.000010
0.861705 0.029309 0.038014 0.045391 0.000010 0.000010 0.000010 0.000010 0.000010 0.000010 0.000010 0.000010 0.025491 0.000010
0.000010 0.000010 0.000010 0.000010 0.000010 0.000010 0.178867 0.330149 0.204431 0.000010 0.199462 0.087000 0.000010 0.000010
0.000010 0.000010 0.046678 0.022967 0.000010 0.000010 0.093678 0.242066 0.106716 0.010237 0.253111 0.224486 0.000010 0.000010
0.000010 0.091589 0.000010 0.000010 0.000010 0.024392 0.112031 0.161374 0.290007 0.000010 0.000010 0.320528 0.000010 0.000010
0.000010 0.012643 0.260389 0.028539 0.133527 0.053556 0.000010 0.298875 0.000010 0.000010 0.036144 0.071642 0.000010 0.104635
0.000010 0.093392 0.000010 0.000010 0.000010 0.000010 0.000010 0.000010 0.353604 0.000010 0.079601 0.473303 0.000010 0.000010
0.000010 0.041252 0.003018 0.030444 0.000010 0.000010 0.001818 0.225008 0.158861 0.000010 0.000010 0.539528 0.000010 0.000010
0.017764 0.219589 0.407406 0.000010 0.000010 0.000010 0.000010 0.000010 0.127429 0.000010 0.143497 0.000010 0.000010 0.084235
0.115047 0.116893 0.141511 0.000010 0.000010 0.626448 0.000010 0.000010 0.000010 0.000010 0.000010 0.000010 0.000010 0.000010
0.090463 0.182896 0.397191 0.046485 0.000010 0.000010 0.000010 0.000010 0.191368 0.000555 0.024327 0.000010 0.021055 0.045610
0.000010 0.000010 0.000010 0.000010 0.000010 0.999870 0.000010 0.000010 0.000010 0.000010 0.000010 0.000010 0.000010 0.000010
0.000010 0.000010 0.000010 0.000010 0.000010 0.999870 0.000010 0.000010 0.000010 0.000010 0.000010 0.000010 0.000010 0.000010
0.000010 0.058154 0.321084 0.000010 0.000010 0.243054 0.169277 0.040623 0.085918 0.040805 0.000010 0.041025 0.000010 0.000010
0.000010 0.000010 0.000010 0.000010 0.000010 0.999870 0.000010 0.000010 0.000010 0.000010 0.000010 0.000010 0.000010 0.000010
0.000010 0.000010 0.000010 0.000010 0.000010 0.000010 0.000010 0.000010 0.694824 0.000010 0.000010 0.305056 0.000010 0.000010
0.000010 0.000010 0.000010 0.011436 0.000010 0.055799 0.107444 0.696941 0.000010 0.000010 0.128290 0.000010 0.000010 0.000010
0.000010 0.127239 0.000010 0.000010 0.000010 0.000010 0.000010 0.238212 0.265151 0.000010 0.183837 0.170746 0.000010 0.014735
0.314096 0.000010 0.000010 0.000010 0.000010 0.000010 0.000010 0.000010 0.685784 0.000010 0.000010 0.000010 0.000010 0.000010
0.921463 0.000010 0.000010 0.000010 0.000010 0.078417 0.000010 0.000010 0.000010 0.000010 0.000010 0.000010 0.000010 0.000010
0.000010 0.000010 0.000010 0.026543 0.000010 0.134790 0.000010 0.651916 0.000010 0.000010 0.143791 0.000010 0.000010 0.042870
0.000010 0.000010 0.000010 0.000010 0.000010 0.000010 0.000010 0.000010 0.999870 0.000010 0.000010 0.000010 0.000010 0.000010
0.000010 0.000010 0.027982 0.000010 0.625559 0.000010 0.000010 0.000010 0.000010 0.000010 0.000010 0.000010 0.346349 0.000010
0.000010 0.000010 0.000010 0.051124 0.142920 0.000010 0.000010 0.000010 0.000010 0.016825 0.019957 0.005342 0.763752 0.000010
0.000010 0.999870 0.000010 0.000010 0.000010 0.000010 0.000010 0.000010 0.000010 0.000010 0.000010 0.000010 0.000010 0.000010
0.000010 0.000010 0.000010 0.009619 0.279279 0.000010 0.000010 0.000010 0.000010 0.000010 0.000010 0.000010 0.710992 0.000010
0.000010 0.000010 0.000010 0.032384 0.112968 0.052656 0.000010 0.000010 0.000010 0.010177 0.000010 0.000010 0.727238 0.064497
0.128424 0.000010 0.000010 0.000010 0.576000 0.000010 0.000010 0.100746 0.000010 0.000010 0.021817 0.008332 0.164602 0.000010
0.875362 0.000010 0.000010 0.000010 0.000010 0.074600 0.000010 0.000010 0.000010 0.000010 0.045364 0.000010 0.000010 0.004575
0.000010 0.017624 0.081345 0.000010 0.443525 0.000010 0.000010 0.000010 0.000010 0.000010 0.000332 0.000010 0.457084 0.000010
0.000010 0.114239 0.000010 0.000010 0.049726 0.000010 0.000010 0.075716 0.000010 0.000010 0.000010 0.000010 0.760218 0.000010
0.000010 0.006188 0.037690 0.000010 0.166100 0.000010 0.000010 0.000010 0.000010 0.008533 0.000010 0.000010 0.619453 0.161956
0.000010 0.000010 0.000010 0.000010 0.000010 0.000010 0.133246 0.788937 0.064819 0.012898 0.000010 0.000010 0.000010 0.000010
0.000010 0.000010 0.000010 0.004153 0.071362 0.000010 0.000010 0.924375 0.000010 0.000010 0.000010 0.000010 0.000010 0.000010
0.000010 0.000010 0.475228 0.000010 0.000010 0.000010 0.000010 0.149711 0.000010 0.000010 0.000010 0.092462 0.016227 0.266282
0.000010 0.236262 0.000010 0.000010 0.000010 0.000010 0.204998 0.267401 0.211053 0.000010 0.000010 0.080198 0.000010 0.000010
0.000010 0.000010 0.000010 0.000010 0.367516 0.000010 0.000010 0.000010 0.000010 0.000010 0.000010 0.000010 0.465525 0.166850
0.036115 0.214621 0.032889 0.000010 0.041295 0.000010 0.000010 0.128170 0.379302 0.041258 0.000010 0.113459 0.000010 0.012839
0.000010 0.000010 0.057407 0.000010 0.000010 0.042075 0.000010 0.000010 0.000010 0.011268 0.000010 0.000010 0.786830 0.102331
0.006923 0.000010 0.000010 0.000010 0.324518 0.090348 0.009886 0.000010 0.000010 0.000010 0.000010 0.000010 0.412140 0.156104
0.008354 0.024215 0.000010 0.000010 0.000010 0.000010 0.181813 0.239041 0.168153 0.007038 0.199616 0.092752 0.000010 0.078969
0.000010 0.000010 0.000010 0.000010 0.000010 0.157197 0.000010 0.842683 0.000010 0.000010 0.000010 0.000010 0.000010 0.000010
0.000010 0.000010 0.000010 0.031238 0.205143 0.000010 0.000010 0.000010 0.000010 0.000010 0.000010 0.112069 0.651449 0.000010
0.000010 0.000010 0.068884 0.000010 0.000010 0.108178 0.168020 0.654818 0.000010 0.000010 0.000010 0.000010 0.000010 0.000010
0.000010 0.000010 0.656425 0.000010 0.000010 0.000010 0.033905 0.180557 0.000010 0.000010 0.000010 0.072269 0.056754 0.000010
0.000010 0.000010 0.000010 0.000010 0.618540 0.000010 0.000010 0.000010 0.000010 0.000010 0.000010 0.000010 0.381340 0.000010
0.000010 0.000010 0.000010 0.008339 0.129860 0.081417 0.000010 0.000010 0.000010 0.000010 0.000010 0.045327 0.611455 0.123521
0.000010 0.000010 0.000010 0.000010 0.000010 0.000010 0.000010 0.000010 0.000010 0.000010 0.000010 0.000010 0.999870 0.000010
0.023954 0.007476 0.122050 0.000010 0.006468 0.088635 0.000010 0.000010 0.646809 0.025434 0.000010 0.021887 0.000010 0.057238
0.000010 0.000010 0.999870 0.000010 0.000010 0.000010 0.000010 0.000010 0.000010 0.000010 0.000010 0.000010 0.000010 0.000010
0.383020 0.000010 0.000010 0.000010 0.000010 0.175021 0.200657 0.053622 0.187589 0.000010 0.000010 0.000010 0.000010 0.000010
0.014291 0.215919 0.063491 0.000010 0.102847 0.000010 0.005748 0.304356 0.224548 0.000010 0.047096 0.000010 0.021653 0.000010
0.042872 0.000010 0.064404 0.000010 0.588877 0.000010 0.073918 0.000010 0.000010 0.000010 0.018245 0.000010 0.211604 0.000010
0.000010 0.000010 0.000010 0.000010 0.386870 0.120692 0.000010 0.000010 0.000010 0.000010 0.000010 0.000010 0.492328 0.000010
0.000010 0.000010 0.000010 0.086178 0.697808 0.117101 0.000010 0.000010 0.000010 0.000010 0.000010 0.000010 0.065155 0.033668
0.000010 0.000010 0.000010 0.000010 0.447374 0.147136 0.000010 0.000010 0.000010 0.000010 0.000010 0.000010 0.405380 0.000010
0.000010 0.035720 0.000010 0.000010 0.000010 0.306369 0.000010 0.586461 0.000010 0.000010 0.044777 0.000010 0.026584 0.000010
0.000010 0.000010 0.000010 0.000010 0.000010 0.000010 0.000010 0.000010 0.000010 0.999870 0.000010 0.000010 0.000010 0.000010
0.000010 0.000010 0.028122 0.000010 0.000010 0.000010 0.450098 0.042860 0.090575 0.021605 0.338745 0.027926 0.000010 0.000010
0.000010 0.000010 0.000010 0.017806 0.000010 0.000010 0.347950 0.056349 0.000010 0.074673 0.441449 0.000010 0.000010 0.061693
0.027770 0.000010 0.000010 0.000010 0.000010 0.164244 0.281320 0.000010 0.000010 0.000010 0.526565 0.000010 0.000010 0.000010
0.196431 0.000010 0.455908 0.106182 0.000010 0.000010 0.032022 0.022435 0.040062 0.059057 0.000010 0.000010 0.087843 0.000010
0.000010 0.000010 0.000010 0.000010 0.169471 0.038956 0.000010 0.012335 0.000010 0.000010 0.000010 0.000010 0.779138 0.000010
0.274816 0.000010 0.652492 0.072582 0.000010 0.000010 0.000010 0.000010 0.000010 0.000010 0.000010 0.000010 0.000010 0.000010
0.220594 0.000010 0.530054 0.015553 0.000010 0.068394 0.094333 0.042399 0.000010 0.000010 0.000010 0.000010 0.028602 0.000010
0.005863 0.000010 0.000010 0.018331 0.576072 0.000010 0.000010 0.000010 0.000010 0.028238 0.010318 0.109260 0.251848 0.000010
0.000010 0.000010 0.000010 0.000010 0.798400 0.054246 0.000010 0.000010 0.000010 0.000010 0.000010 0.000010 0.147244 0.000010
0.000010 0.000010 0.000010 0.000010 0.000010 0.000010 0.009149 0.000010 0.000010 0.000010 0.000010 0.000010 0.990731 0.000010
0.000010 0.014327 0.000010 0.000010 0.607915 0.000010 0.131123 0.000010 0.000010 0.055272 0.000010 0.000010 0.191272 0.000010
0.000010 0.019548 0.000010 0.000010 0.000010 0.000010 0.232357 0.000010 0.000010 0.000010 0.585508 0.162487 0.000010 0.000010
0.000010 0.055054 0.000010 0.000010 0.000010 0.000010 0.156917 0.115016 0.000010 0.000010 0.546061 0.126862 0.000010 0.000010
0.000010 0.000010 0.000010 0.004831 0.059677 0.000010 0.586456 0.025898 0.178029 0.003722 0.141317 0.000010 0.000010 0.000010
0.000010 0.000010 0.000010 0.000010 0.737760 0.000010 0.000010 0.000010 0.000010 0.000010 0.000010 0.000010 0.165628 0.096502
0.000010 0.000010 0.000010 0.000010 0.000010 0.000010 0.999870 0.000010 0.000010 0.000010 0.000010 0.000010 0.000010 0.000010
0.000010 0.000010 0.072733 0.000200 0.027577 0.000010 0.449459 0.000010 0.172147 0.000010 0.277804 0.000010 0.000010 0.000010
0.000010 0.000010 0.000010 0.000010 0.000010 0.000010 0.019367 0.179801 0.384432 0.015661 0.228842 0.171818 0.000010 0.000010
0.000010 0.000010 0.000010 0.000010 0.655498 0.000010 0.000010 0.000010 0.000010 0.000010 0.000010 0.038060 0.306332 0.000010
0.000010 0.000010 0.000010 0.000010 0.133497 0.000010 0.000010 0.000010 0.000010 0.000010 0.000010 0.000010 0.866383 0.000010
0.000010 0.000010 0.000010 0.000010 0.782580 0.012786 0.000010 0.000010 0.050970 0.000010 0.000010 0.000010 0.123573 0.030001
0.000010 0.001357 0.000010 0.000010 0.496916 0.000010 0.000010 0.036251 0.000010 0.000010 0.000010 0.056729 0.303526 0.105140
0.000010 0.023635 0.018248 0.000010 0.497873 0.032290 0.000010 0.000010 0.016477 0.000010 0.000010 0.000010 0.286769 0.124637
0.000010 0.000010 0.078885 0.000010 0.548020 0.003107 0.000010 0.000010 0.000010 0.040371 0.001627 0.001666 0.326255 0.000010
0.000010 0.000010 0.000010 0.000010 0.556109 0.000010 0.000010 0.000010 0.000010 0.000010 0.000010 0.000010 0.394203 0.049577
0.000010 0.000010 0.000010 0.044263 0.602705 0.039005 0.014116 0.000010 0.000010 0.000010 0.007396 0.000010 0.250494 0.041951
0.294299 0.000010 0.000010 0.000010 0.000010 0.085613 0.000010 0.092939 0.026371 0.000010 0.052595 0.448103 0.000010 0.000010
0.000010 0.000010 0.000010 0.000010 0.000010 0.000010 0.000010 0.000010 0.715914 0.000010 0.283966 0.000010 0.000010 0.000010
0.000010 0.000010 0.000010 0.000010 0.846940 0.000010 0.000010 0.000010 0.000010 0.000010 0.000010 0.032870 0.120079 0.000010
0.000010 0.000010 0.000010 0.103001 0.805947 0.014745 0.000010 0.000010 0.000010 0.000010 0.000010 0.000010 0.076207 0.000010
0.000010 0.000010 0.000010 0.000010 0.000010 0.050170 0.491908 0.000010 0.044079 0.000010 0.295214 0.000010 0.118538 0.000010
0.000010 0.050452 0.000010 0.000010 0.000010 0.163867 0.433818 0.000010 0.000010 0.000010 0.308336 0.043437 0.000010 0.000010
0.000010 0.024600 0.000010 0.000010 0.000010 0.000010 0.243131 0.000010 0.099875 0.034854 0.597450 0.000010 0.000010 0.000010
0.000010 0.000010 0.000010 0.000010 0.000010 0.000010 0.000010 0.127862 0.000010 0.000010 0.000010 0.000010 0.183636 0.688392
0.000010 0.000010 0.000010 0.000010 0.000010 0.097295 0.000010 0.635369 0.100952 0.000010 0.000010 0.166285 0.000010 0.000010
0.000010 0.000010 0.000010 0.000010 0.000010 0.001560 0.000010 0.000010 0.000010 0.000010 0.000010 0.998320 0.000010 0.000010
0.000010 0.038521 0.000010 0.031406 0.236251 0.000010 0.000010 0.000010 0.000010 0.000010 0.000010 0.012561 0.681171 0.000010
0.000010 0.000010 0.258746 0.188113 0.000010 0.000010 0.000010 0.036216 0.000010 0.000010 0.089933 0.238040 0.188872 0.000010
0.000010 0.000010 0.136230 0.060465 0.000010 0.000010 0.000010 0.000010 0.000010 0.000010 0.120265 0.650901 0.032050 0.000010
0.000010 0.000010 0.000010 0.000010 0.000010 0.000010 0.000010 0.000010 0.000010 0.000010 0.000010 0.000010 0.831680 0.168200
0.000010 0.000010 0.128315 0.060040 0.000010 0.704331 0.000010 0.000010 0.000010 0.000010 0.000010 0.000010 0.107214 0.000010
0.000010 0.049494 0.107802 0.000010 0.000010 0.136040 0.123868 0.238745 0.043353 0.000010 0.300629 0.000010 0.000010 0.000010
0.000010 0.000010 0.070759 0.000010 0.000010 0.898466 0.000010 0.000010 0.000010 0.000010 0.000010 0.030665 0.000010 0.000010
0.000010 0.000010 0.000010 0.000010 0.000010 0.000010 0.000010 0.000010 0.999870 0.000010 0.000010 0.000010 0.000010 0.000010
0.000010 0.000010 0.000010 0.000010 0.000010 0.000010 0.000010 0.000010 0.000010 0.999870 0.000010 0.000010 0.000010 0.000010
0.000010 0.000010 0.133135 0.032877 0.000010 0.000010 0.000010 0.536011 0.025724 0.000010 0.123305 0.148868 0.000010 0.000010
0.218746 0.000010 0.209546 0.000010 0.211636 0.113268 0.068787 0.000010 0.153003 0.008901 0.000010 0.000010 0.016054 0.000010
0.000010 0.000010 0.000010 0.000010 0.000010 0.000010 0.000010 0.999870 0.000010 0.000010 0.000010 0.000010 0.000010 0.000010
0.000010 0.131025 0.623189 0.000010 0.000010 0.000010 0.169707 0.018648 0.057341 0.000010 0.000010 0.000010 0.000010 0.000010
0.030243 0.000016 0.027307 0.017601 0.000010 0.000010 0.000010 0.000010 0.000010 0.000010 0.000010 0.000010 0.903537 0.021216
0.000010 0.000010 0.081655 0.108359 0.000010 0.000010 0.000010 0.461683 0.000010 0.024301 0.087384 0.236537 0.000010 0.000010
0.000010 0.000010 0.000010 0.000010 0.000010 0.999870 0.000010 0.000010 0.000010 0.000010 0.000010 0.000010 0.000010 0.000010
0.000010 0.000010 0.076295 0.000010 0.065708 0.817392 0.000010 0.000010 0.000010 0.040505 0.000010 0.000010 0.000010 0.000010
0.530044 0.000010 0.000010 0.000010 0.000010 0.000010 0.000010 0.014295 0.000010 0.000010 0.000010 0.000010 0.039912 0.415650
0.038793 0.030975 0.086225 0.000192 0.039710 0.000010 0.000010 0.296221 0.000010 0.000010 0.113452 0.365110 0.000010 0.029272
0.047790 0.065740 0.000010 0.000010 0.000010 0.047805 0.082425 0.594825 0.000010 0.000010 0.000010 0.049707 0.111639 0.000010
0.078393 0.000010 0.000010 0.033421 0.000010 0.096337 0.128608 0.480490 0.000010 0.000010 0.115862 0.000010 0.066820 0.000010
0.000010 0.000010 0.000010 0.000010 0.000010 0.000010 0.000010 0.000010 0.000010 0.000010 0.000010 0.999870 0.000010 0.000010
0.000010 0.000010 0.385748 0.000010 0.000010 0.000010 0.000010 0.000010 0.091547 0.000010 0.000010 0.522595 0.000010 0.000010
0.000010 0.000010 0.629296 0.004492 0.000010 0.000010 0.147940 0.000010 0.145123 0.000010 0.000010 0.073059 0.000010 0.000010
0.000010 0.000010 0.000010 0.000010 0.000010 0.000010 0.000010 0.000010 0.000010 0.000010 0.000010 0.999870 0.000010 0.000010
0.000010 0.000010 0.000010 0.000010 0.000010 0.000010 0.000010 0.000010 0.000010 0.000010 0.000010 0.999870 0.000010 0.000010
0.000010 0.099062 0.000010 0.000010 0.000010 0.000010 0.000010 0.000010 0.000010 0.000010 0.000010 0.900818 0.000010 0.000010
0.000010 0.000010 0.000010 0.000010 0.000010 0.132944 0.000010 0.866936 0.000010 0.000010 0.000010 0.000010 0.000010 0.000010
0.007292 0.000010 0.000010 0.067984 0.000010 0.000010 0.000010 0.161030 0.105871 0.000010 0.000010 0.657732 0.000010 0.000010
0.000010 0.000010 0.000010 0.000010 0.000010 0.999870 0.000010 0.000010 0.000010 0.000010 0.000010 0.000010 0.000010 0.000010
0.000010 0.000010 0.000010 0.006062 0.000010 0.159761 0.157191 0.459331 0.050145 0.000010 0.000010 0.122256 0.000010 0.045184
0.000010 0.000010 0.048852 0.000010 0.000010 0.211430 0.000010 0.487212 0.000010 0.037679 0.000010 0.133752 0.067861 0.013146
0.000010 0.000010 0.000010 0.000010 0.000010 0.159244 0.066970 0.595551 0.000010 0.000010 0.000010 0.108090 0.000010 0.070056
0.000010 0.019746 0.000010 0.000010 0.156935 0.000010 0.000010 0.564883 0.000010 0.066196 0.000010 0.192150 0.000010 0.000010
0.133255 0.049635 0.152572 0.000010 0.499026 0.159093 0.000010 0.006340 0.000010 0.000010 0.000010 0.000010 0.000010 0.000010
0.000010 0.000010 0.000010 0.000010 0.000010 0.000010 0.404825 0.595055 0.000010 0.000010 0.000010 0.000010 0.000010 0.000010
0.000010 0.000010 0.000010 0.024909 0.000010 0.077927 0.039835 0.700075 0.041240 0.000010 0.115935 0.000010 0.000010 0.000010
0.102056 0.000010 0.072718 0.000010 0.000010 0.000010 0.000010 0.729480 0.000010 0.000010 0.095646 0.000010 0.000010 0.000010
0.127838 0.000010 0.000010 0.000010 0.589186 0.096501 0.000010 0.186375 0.000010 0.000010 0.000010 0.000010 0.000010 0.000010
0.000010 0.000010 0.000010 0.000010 0.000010 0.000010 0.126512 0.023806 0.678366 0.000010 0.000010 0.145302 0.000010 0.025924
0.000010 0.000010 0.000010 0.000010 0.033385 0.032126 0.000010 0.126644 0.807745 0.000010 0.000010 0.000010 0.000010 0.000010
0.199168 0.000010 0.035836 0.049013 0.000010 0.304440 0.043967 0.188841 0.178665 0.000010 0.000010 0.000010 0.000010 0.000010
0.000010 0.099163 0.040255 0.021909 0.000010 0.079190 0.052854 0.502574 0.000010 0.000010 0.144609 0.000010 0.000010 0.059386
0.016362 0.000010 0.083978 0.032564 0.256898 0.000010 0.000010 0.000010 0.000010 0.000010 0.006895 0.000010 0.603223 0.000010
0.000010 0.000010 0.000010 0.050167 0.260832 0.000010 0.000010 0.000010 0.000010 0.000010 0.000010 0.055842 0.633059 0.000010
0.049438 0.084505 0.000010 0.072926 0.000010 0.018465 0.000010 0.111715 0.507253 0.000010 0.000010 0.108735 0.004330 0.042583
0.012500 0.017067 0.001789 0.000010 0.488919 0.000010 0.000010 0.000010 0.000010 0.027238 0.043741 0.000010 0.408676 0.000010
0.000010 0.107050 0.000010 0.011994 0.659656 0.077800 0.000010 0.142509 0.000010 0.000912 0.000010 0.000010 0.000010 0.000010
0.000010 0.000010 0.000010 0.000010 0.000010 0.162197 0.000010 0.000010 0.754978 0.000010 0.000010 0.082715 0.000010 0.000010
0.068979 0.000010 0.083398 0.003450 0.753104 0.000010 0.000010 0.000010 0.000010 0.000010 0.074032 0.000010 0.000010 0.016957
0.000010 0.106583 0.189487 0.041850 0.043019 0.006606 0.000010 0.278351 0.107876 0.000010 0.000010 0.046467 0.000010 0.179712
0.000010 0.000010 0.000010 0.000010 0.000010 0.104619 0.125461 0.548256 0.080163 0.000010 0.000010 0.141412 0.000010 0.000010
0.000010 0.000010 0.521187 0.049570 0.000010 0.195384 0.014312 0.156452 0.063015 0.000010 0.000010 0.000010 0.000010 0.000010
0.000010 0.145393 0.000010 0.008360 0.713377 0.092389 0.040391 0.000010 0.000010 0.000010 0.000010 0.000010 0.000010 0.000010
0.000010 0.000010 0.140568 0.000010 0.000010 0.000010 0.095454 0.343450 0.000010 0.000010 0.000010 0.420428 0.000010 0.000010
0.028554 0.046412 0.000010 0.000010 0.000010 0.000010 0.000010 0.517648 0.137278 0.000010 0.000010 0.241592 0.000010 0.028437
0.000010 0.000010 0.000010 0.000010 0.000010 0.000010 0.102076 0.388677 0.348578 0.000010 0.160569 0.000010 0.000010 0.000010
0.000010 0.154844 0.000010 0.000010 0.000010 0.000010 0.067209 0.539891 0.001128 0.025483 0.211365 0.000010 0.000010 0.000010
0.000010 0.108920 0.000010 0.000010 0.000010 0.057817 0.204166 0.092234 0.000010 0.000010 0.536774 0.000010 0.000010 0.000010
0.000010 0.069796 0.014318 0.000010 0.000010 0.064714 0.185180 0.326634 0.102044 0.000010 0.000010 0.237244 0.000010 0.000010
0.000010 0.057807 0.000010 0.000010 0.127340 0.103116 0.124331 0.400351 0.078484 0.000010 0.079916 0.000010 0.000010 0.028594
0.025769 0.000010 0.008490 0.000010 0.006900 0.000010 0.046177 0.434940 0.233351 0.000010 0.000010 0.168284 0.000010 0.076029
0.000010 0.000010 0.000010 0.000010 0.000010 0.026050 0.339036 0.013530 0.123618 0.000010 0.497677 0.000010 0.000010 0.000010
0.000010 0.000010 0.000010 0.000010 0.000010 0.000010 0.861209 0.000010 0.131344 0.000010 0.007337 0.000010 0.000010 0.000010
0.008277 0.000010 0.163051 0.037033 0.633597 0.094168 0.000010 0.000010 0.000010 0.000010 0.000010 0.000010 0.000010 0.063795
0.072374 0.000010 0.000010 0.000010 0.608849 0.112488 0.115313 0.022501 0.068395 0.000010 0.000010 0.000010 0.000010 0.000010
