0.000010 0.072894 0.422420 0.504667 0.000010
0.000010 0.051963 0.529621 0.000010 0.418396
0.000010 0.000010 0.000010 0.000010 0.999960
0.044498 0.000010 0.000010 0.057685 0.897797
0.029324 0.000010 0.026772 0.000010 0.943884
0.000010 0.000010 0.000010 0.000010 0.999960
0.000010 0.000010 0.000010 0.000010 0.999960
0.044606 0.000010 0.000010 0.000010 0.955364
0.000010 0.000010 0.000010 0.999960 0.000010
0.000010 0.000010 0.000010 0.999960 0.000010
0.999960 0.000010 0.000010 0.000010 0.000010
0.528330 0.000010 0.224540 0.000010 0.247111
0.999960 0.000010 0.000010 0.000010 0.000010
0.999960 0.000010 0.000010 0.000010 0.000010
0.950682 0.000010 0.049288 0.000010 0.000010
0.000010 0.050929 0.615448 0.000010 0.333603
0.034232 0.000010 0.056184 0.000010 0.909564
0.370116 0.000010 0.002109 0.627755 0.000010
0.098782 0.112702 0.045032 0.425093 0.318391
0.022813 0.000010 0.000010 0.000010 0.977157
0.999960 0.000010 0.000010 0.000010 0.000010
0.999960 0.000010 0.000010 0.000010 0.000010
0.060860 0.000010 0.007975 0.000010 0.931144
0.999960 0.000010 0.000010 0.000010 0.000010
0.000010 0.053101 0.000010 0.000010 0.946869
0.000010 0.066695 0.039543 0.000010 0.893743
0.000010 0.000010 0.000010 0.000010 0.999960
0.000010 0.000010 0.000010 0.000010 0.999960
0.000010 0.000010 0.080704 0.000010 0.919266
0.000010 0.000010 0.103424 0.000010 0.896546
0.000010 0.000010 0.000010 0.999960 0.000010
0.095701 0.000010 0.232381 0.489481 0.182427
0.000010 0.000010 0.000010 0.000010 0.999960
0.000010 0.000010 0.000010 0.000010 0.999960
0.000010 0.000010 0.280572 0.000010 0.719398
0.000010 0.000010 0.142952 0.000010 0.857018
0.061481 0.000010 0.009869 0.000010 0.928629
0.000010 0.027597 0.134926 0.000010 0.837457
0.090307 0.135516 0.632441 0.141725 0.000010
0.000010 0.000010 0.000010 0.000010 0.999960
0.102446 0.095722 0.229230 0.473467 0.099136
0.999960 0.000010 0.000010 0.000010 0.000010
0.999958 0.000010 0.000012 0.000010 0.000010
0.999960 0.000010 0.000010 0.000010 0.000010
0.918224 0.000010 0.000010 0.081746 0.000010
0.999960 0.000010 0.000010 0.000010 0.000010
0.999960 0.000010 0.000010 0.000010 0.000010
0.999960 0.000010 0.000010 0.000010 0.000010
0.069016 0.000010 0.336748 0.351150 0.243077
0.419649 0.000010 0.000010 0.580321 0.000010
0.999960 0.000010 0.000010 0.000010 0.000010
0.000010 0.000010 0.000010 0.000010 0.999960
0.999960 0.000010 0.000010 0.000010 0.000010
0.665645 0.000010 0.000010 0.334325 0.000010
0.000010 0.000010 0.959686 0.000010 0.040284
0.999960 0.000010 0.000010 0.000010 0.000010
0.131166 0.022948 0.000010 0.845866 0.000010
0.184899 0.000010 0.000010 0.815071 0.000010
0.408054 0.000010 0.000010 0.564180 0.027746
0.085222 0.006808 0.634112 0.146983 0.126875
0.000010 0.089466 0.439696 0.000010 0.470819
0.115610 0.000010 0.684817 0.199553 0.000010
0.000010 0.046679 0.431017 0.415840 0.106454
0.000010 0.000010 0.415089 0.380483 0.204407
0.000010 0.000010 0.000010 0.000010 0.999960
0.038836 0.000010 0.000010 0.000010 0.961134
0.012696 0.000010 0.987274 0.000010 0.000010
0.029567 0.000010 0.970403 0.000010 0.000010
0.106626 0.000010 0.000010 0.893344 0.000010
0.189384 0.059232 0.041833 0.709541 0.000010
0.000010 0.094180 0.520767 0.000010 0.385034
0.023930 0.000010 0.000010 0.976040 0.000010
0.115612 0.181297 0.026278 0.676803 0.000010
0.157978 0.000010 0.307053 0.534949 0.000010
0.158922 0.053300 0.000010 0.742129 0.045640
0.000010 0.061165 0.368242 0.570572 0.000010
0.000010 0.007126 0.916774 0.076080 0.000010
0.000010 0.000010 0.742844 0.215556 0.041580
0.000010 0.015173 0.575739 0.000010 0.409068
0.159314 0.098783 0.000010 0.634911 0.106982
0.000010 0.000010 0.000010 0.000010 0.999960
0.000010 0.000010 0.000010 0.000010 0.999960
0.000083 0.000010 0.000010 0.015548 0.984349
0.043866 0.000010 0.000010 0.000010 0.956104
0.002257 0.000010 0.000010 0.000010 0.997713
0.000010 0.029976 0.000010 0.000010 0.969994
0.000010 0.033977 0.965993 0.000010 0.000010
0.999960 0.000010 0.000010 0.000010 0.000010
0.000010 0.646300 0.000010 0.231978 0.121702
0.999960 0.000010 0.000010 0.000010 0.000010
0.999960 0.000010 0.000010 0.000010 0.000010
0.999958 0.000010 0.000012 0.000010 0.000010
0.434558 0.067002 0.000010 0.498420 0.000010
0.118773 0.000010 0.881197 0.000010 0.000010
0.000010 0.018965 0.888894 0.092121 0.000010
0.000010 0.016054 0.000010 0.000010 0.983916
0.015746 0.586421 0.080211 0.242154 0.075469
0.098184 0.000010 0.236588 0.665208 0.000010
0.094030 0.014153 0.891797 0.000010 0.000010
0.107737 0.000010 0.442787 0.231841 0.217625
0.010911 0.041376 0.427603 0.119805 0.400305
0.024337 0.000010 0.931853 0.000010 0.043790
0.205559 0.042780 0.205576 0.434403 0.111683
0.098217 0.000010 0.839694 0.000010 0.062069
0.000010 0.065011 0.420241 0.000010 0.514728
0.000010 0.099610 0.900360 0.000010 0.000010
0.000010 0.000010 0.739878 0.260092 0.000010
0.098421 0.115011 0.000010 0.786548 0.000010
0.118921 0.000010 0.195111 0.685948 0.000010
0.000010 0.000010 0.000010 0.000010 0.999960
0.000010 0.000010 0.000010 0.000010 0.999960
0.057186 0.293842 0.000010 0.648952 0.000010
0.000010 0.631216 0.123970 0.244793 0.000010
0.000010 0.980561 0.000010 0.000010 0.019409
0.000010 0.999960 0.000010 0.000010 0.000010
0.360269 0.000010 0.000010 0.639701 0.000010
0.014793 0.000010 0.583654 0.000010 0.401532
0.124930 0.000010 0.591796 0.189825 0.093439
0.000010 0.000010 0.000010 0.000010 0.999960
0.133860 0.000010 0.399269 0.391690 0.075171
0.000010 0.000010 0.091562 0.000010 0.908408
0.000010 0.000010 0.143398 0.000010 0.856572
0.000010 0.999960 0.000010 0.000010 0.000010
0.060472 0.051213 0.490702 0.256765 0.140848
0.000010 0.999960 0.000010 0.000010 0.000010
0.000010 0.985319 0.014651 0.000010 0.000010
0.000010 0.999960 0.000010 0.000010 0.000010
0.183781 0.078815 0.476134 0.212291 0.048980
0.007877 0.036920 0.027109 0.000010 0.928083
0.000010 0.056333 0.108695 0.000010 0.834951
0.113697 0.236005 0.040268 0.335819 0.274212
0.184184 0.321060 0.000010 0.453329 0.041416
0.000010 0.000010 0.000010 0.999960 0.000010
0.010122 0.000010 0.291690 0.270543 0.427636
0.000010 0.000010 0.141503 0.000010 0.858467
0.206875 0.000010 0.121184 0.633110 0.038821
0.377755 0.074983 0.038221 0.509032 0.000010
0.220845 0.000010 0.294045 0.322004 0.163097
0.000010 0.000010 0.000010 0.000010 0.999960
0.035858 0.000010 0.000010 0.000010 0.964112
0.000010 0.011616 0.217505 0.000010 0.770858
0.027308 0.000010 0.000010 0.000010 0.972662
0.373729 0.000010 0.000010 0.626241 0.000010
0.069337 0.000010 0.553422 0.072264 0.304967
0.310467 0.020009 0.065173 0.460198 0.144152
0.000010 0.000010 0.127971 0.317358 0.554651
0.262894 0.000010 0.000010 0.737076 0.000010
0.067245 0.071826 0.000010 0.827657 0.033263
0.123461 0.000010 0.000010 0.876509 0.000010
0.097924 0.000010 0.000010 0.902046 0.000010
0.207598 0.000010 0.010330 0.782052 0.000010
0.000010 0.999960 0.000010 0.000010 0.000010
0.000010 0.000010 0.999960 0.000010 0.000010
0.058408 0.000010 0.422016 0.000010 0.519556
0.091536 0.208653 0.000010 0.699791 0.000010
0.000010 0.081778 0.433347 0.000010 0.484856
0.141469 0.017352 0.000010 0.841159 0.000010
0.000010 0.000010 0.440371 0.000010 0.559599
0.053933 0.000010 0.456072 0.000010 0.489975
0.039852 0.000010 0.693444 0.000010 0.266684
0.080184 0.105717 0.508958 0.186909 0.118232
0.000010 0.000010 0.728967 0.112181 0.158832
0.042054 0.000010 0.953435 0.000010 0.004490
0.064960 0.000010 0.018481 0.653198 0.263351
0.000010 0.000010 0.293833 0.383060 0.323087
0.176145 0.055767 0.052869 0.582236 0.132983
0.000010 0.003940 0.431483 0.189424 0.375144
0.033784 0.030061 0.487128 0.265823 0.183204
0.026248 0.000010 0.509364 0.341899 0.122480
0.000010 0.005695 0.245642 0.380264 0.368389
0.114622 0.000010 0.777874 0.000010 0.107484
0.000010 0.000947 0.501500 0.000010 0.497533
0.015915 0.000010 0.627432 0.014729 0.341915
0.066110 0.000010 0.232849 0.411582 0.289450
0.071007 0.000010 0.000010 0.831756 0.097217
0.000010 0.062381 0.502956 0.000010 0.434643
0.104993 0.000010 0.410375 0.166503 0.318119
0.049060 0.950910 0.000010 0.000010 0.000010
0.017195 0.965572 0.000010 0.000010 0.017213
0.189505 0.000010 0.221111 0.238272 0.351103
0.000010 0.999960 0.000010 0.000010 0.000010
0.030046 0.951980 0.000010 0.010918 0.007046
0.024689 0.643434 0.055080 0.061469 0.215328
0.000010 0.000895 0.000010 0.824208 0.174878
0.071744 0.921240 0.000010 0.000010 0.006996
0.005824 0.950600 0.018992 0.000010 0.024575
0.000010 0.967842 0.000010 0.032128 0.000010
0.000010 0.000010 0.582201 0.000010 0.417769
0.000010 0.074857 0.640164 0.000010 0.284959
0.000010 0.157938 0.466283 0.375759 0.000010
0.000010 0.000010 0.447087 0.093344 0.459549
0.000010 0.966170 0.000010 0.000010 0.033800
0.136504 0.000010 0.428528 0.274822 0.160137
0.000010 0.917258 0.000010 0.082712 0.000010
0.000010 0.927012 0.000010 0.041935 0.031033
0.006329 0.041188 0.330773 0.089335 0.532375
0.000010 0.043134 0.905210 0.000010 0.051636
0.020278 0.898049 0.000978 0.000010 0.080686
0.000010 0.055368 0.510630 0.032185 0.401807
0.000010 0.118042 0.426962 0.454976 0.000010
0.000010 0.999960 0.000010 0.000010 0.000010
0.000010 0.912159 0.087811 0.000010 0.000010
0.000010 0.999960 0.000010 0.000010 0.000010
0.043624 0.000010 0.400473 0.327830 0.228064
0.120464 0.000010 0.256109 0.623406 0.000010
0.000010 0.000010 0.288927 0.437831 0.273222
0.056068 0.098307 0.360499 0.207850 0.277276
0.000010 0.776809 0.000010 0.087479 0.135692
0.000010 0.999960 0.000010 0.000010 0.000010
0.086156 0.778171 0.135653 0.000010 0.000010
0.002641 0.963084 0.000010 0.000010 0.034256
0.000010 0.074191 0.587675 0.000010 0.338114
0.000010 0.074563 0.000010 0.925407 0.000010
0.043591 0.000010 0.025557 0.000010 0.930832
0.073879 0.000010 0.194488 0.000010 0.731613
0.000010 0.000010 0.000010 0.000010 0.999960
0.103227 0.106831 0.075998 0.680453 0.033492
0.000010 0.999960 0.000010 0.000010 0.000010
0.105006 0.000010 0.000010 0.894964 0.000010
0.000010 0.065356 0.196158 0.625905 0.112571
0.033259 0.855227 0.058077 0.031781 0.021656
0.000010 0.925940 0.048777 0.025263 0.000010
0.000010 0.999960 0.000010 0.000010 0.000010
0.057866 0.855915 0.000010 0.000010 0.086199
0.000010 0.000010 0.138165 0.000010 0.861805
0.000010 0.000010 0.155612 0.000010 0.844358
0.031175 0.000010 0.000010 0.000010 0.968795
0.016789 0.959823 0.005291 0.013868 0.004228
0.000010 0.000010 0.000010 0.000010 0.999960
0.059438 0.008950 0.047987 0.000010 0.883616
0.029551 0.000010 0.372291 0.040801 0.557347
0.005150 0.944568 0.050263 0.000010 0.000010
0.000010 0.999960 0.000010 0.000010 0.000010
0.000010 0.800493 0.032611 0.015348 0.151538
0.000010 0.832020 0.167950 0.000010 0.000010
0.011934 0.845424 0.074834 0.020991 0.046818
0.037477 0.869450 0.031402 0.061661 0.000010
0.008398 0.991572 0.000010 0.000010 0.000010
0.012326 0.861401 0.104912 0.000010 0.021351
0.055587 0.031833 0.538144 0.204647 0.169790
0.158248 0.000010 0.098023 0.000010 0.743709
0.000010 0.891210 0.000010 0.000010 0.108760
0.032948 0.897524 0.000010 0.000010 0.069508
0.014410 0.052687 0.000010 0.000010 0.932883
0.039550 0.000010 0.000010 0.000010 0.960420
0.000010 0.000010 0.000010 0.000010 0.999960
0.000010 0.643670 0.097464 0.216990 0.041866
0.000010 0.000010 0.999960 0.000010 0.000010
0.000010 0.000010 0.999960 0.000010 0.000010
0.000010 0.988887 0.000010 0.000010 0.011083
0.191339 0.100714 0.429094 0.215466 0.063387
0.052669 0.007057 0.703353 0.147147 0.089774
0.000010 0.999960 0.000010 0.000010 0.000010
0.000010 0.209705 0.378659 0.317989 0.093637
0.014214 0.000010 0.283007 0.147783 0.554986
0.000010 0.056991 0.784845 0.114495 0.043658
0.080662 0.000010 0.263503 0.393911 0.261914
0.000010 0.000010 0.000010 0.999960 0.000010
0.042309 0.000010 0.615520 0.049733 0.292429
0.015047 0.207887 0.195406 0.479799 0.101860
0.000010 0.078555 0.578265 0.000010 0.343159
0.000010 0.000010 0.140117 0.642010 0.217852
0.000010 0.999960 0.000010 0.000010 0.000010
0.146106 0.043139 0.541581 0.000010 0.269165
0.000010 0.000010 0.891078 0.108892 0.000010
0.054653 0.075049 0.626263 0.055356 0.188679
0.028353 0.351644 0.000010 0.619983 0.000010
0.028355 0.049273 0.645623 0.083571 0.193179
0.000010 0.138259 0.509419 0.044883 0.307429
0.018459 0.122197 0.346972 0.056298 0.456074
0.000010 0.000010 0.999960 0.000010 0.000010
0.000010 0.000010 0.658851 0.341119 0.000010
0.001433 0.000010 0.322291 0.553206 0.123060
0.000010 0.000010 0.999960 0.000010 0.000010
0.000010 0.000010 0.999960 0.000010 0.000010
0.000010 0.000010 0.999960 0.000010 0.000010
0.000010 0.000010 0.727003 0.000010 0.272967
0.026709 0.000010 0.879071 0.094200 0.000010
0.026293 0.074102 0.616718 0.000010 0.282877
0.000010 0.000010 0.575339 0.000010 0.424631
0.010476 0.115409 0.833764 0.000010 0.040342
0.000010 0.120359 0.640725 0.000010 0.238896
0.020463 0.145331 0.769818 0.000010 0.064378
0.000010 0.375890 0.159152 0.277669 0.187278
0.000010 0.000010 0.395315 0.000010 0.604655
0.000010 0.000010 0.628532 0.000010 0.371438
0.000010 0.021112 0.428688 0.080750 0.469440
0.000010 0.536124 0.113211 0.152458 0.198198
0.029774 0.000010 0.539646 0.145904 0.284667
0.049677 0.000010 0.589854 0.235323 0.125136
0.055632 0.000010 0.372367 0.311532 0.260459
0.000010 0.079399 0.317222 0.131406 0.471963
0.013924 0.899142 0.000010 0.072103 0.014821
0.009467 0.920663 0.069850 0.000010 0.000010
0.127672 0.002326 0.523544 0.272026 0.074432
0.002650 0.888298 0.000010 0.063511 0.045530
0.007652 0.624760 0.223078 0.095639 0.048871
0.000010 0.000010 0.819042 0.180928 0.000010
0.025040 0.653434 0.000010 0.154222 0.167295
0.107315 0.176407 0.430939 0.148954 0.136384
0.000010 0.000010 0.646719 0.000010 0.353251
0.113455 0.000010 0.355152 0.411445 0.119938
0.036840 0.727313 0.037235 0.017957 0.180655
0.019340 0.000010 0.980630 0.000010 0.000010
0.022195 0.032756 0.668725 0.025872 0.250452
0.000010 0.000010 0.415379 0.000010 0.584591
0.008801 0.073380 0.402233 0.000010 0.515577
0.000010 0.000010 0.032253 0.000010 0.967717
0.015229 0.000010 0.684221 0.000010 0.300530
0.000010 0.157385 0.383315 0.023310 0.435979
0.000010 0.100784 0.609711 0.021364 0.268132
0.028801 0.000010 0.000010 0.000010 0.971169
0.000010 0.008960 0.000010 0.000010 0.991010
0.000468 0.674051 0.051084 0.192312 0.082085
0.000010 0.648511 0.014401 0.047038 0.290040
