0.000010 0.000010 0.000010 0.000010 0.000010 0.000010 0.000010 0.000010 0.000010 0.699560 0.013412 0.286908 0.000010 0.000010 0.000010
0.000010 0.000010 0.051150 0.000010 0.739538 0.209192 0.000010 0.000010 0.000010 0.000010 0.000010 0.000010 0.000010 0.000010 0.000010
0.000010 0.000010 0.000010 0.999860 0.000010 0.000010 0.000010 0.000010 0.000010 0.000010 0.000010 0.000010 0.000010 0.000010 0.000010
0.000010 0.000010 0.000010 0.000010 0.000010 0.999860 0.000010 0.000010 0.000010 0.000010 0.000010 0.000010 0.000010 0.000010 0.000010
0.000010 0.000010 0.000010 0.000010 0.000010 0.999860 0.000010 0.000010 0.000010 0.000010 0.000010 0.000010 0.000010 0.000010 0.000010
0.000010 0.000010 0.000010 0.036782 0.051786 0.810569 0.000010 0.000010 0.100752 0.000010 0.000010 0.000010 0.000010 0.000010 0.000010
0.000010 0.000010 0.000010 0.447796 0.000010 0.279019 0.000010 0.000010 0.000010 0.273066 0.000010 0.000010 0.000010 0.000010 0.000010
0.000010 0.000010 0.000010 0.963346 0.000010 0.000010 0.000010 0.036524 0.000010 0.000010 0.000010 0.000010 0.000010 0.000010 0.000010
0.000010 0.000010 0.000010 0.000010 0.000010 0.000010 0.000010 0.000010 0.000010 0.000010 0.000010 0.000010 0.999860 0.000010 0.000010
0.000010 0.000010 0.000010 0.000010 0.000010 0.000010 0.000010 0.000010 0.000010 0.000010 0.000010 0.000010 0.999860 0.000010 0.000010
0.000010 0.000010 0.000010 0.000010 0.000010 0.000010 0.000010 0.999860 0.000010 0.000010 0.000010 0.000010 0.000010 0.000010 0.000010
0.000010 0.069342 0.000010 0.246712 0.056031 0.000010 0.000010 0.432641 0.000010 0.054325 0.000010 0.000010 0.000010 0.000010 0.140859
0.000010 0.999860 0.000010 0.000010 0.000010 0.000010 0.000010 0.000010 0.000010 0.000010 0.000010 0.000010 0.000010 0.000010 0.000010
0.000010 0.999860 0.000010 0.000010 0.000010 0.000010 0.000010 0.000010 0.000010 0.000010 0.000010 0.000010 0.000010 0.000010 0.000010
0.000010 0.999858 0.000010 0.000010 0.000010 0.000010 0.000010 0.000010 0.000010 0.000010 0.000010 0.000012 0.000010 0.000010 0.000010
0.000010 0.000010 0.000010 0.000010 0.999860 0.000010 0.000010 0.000010 0.000010 0.000010 0.000010 0.000010 0.000010 0.000010 0.000010
0.000010 0.000010 0.000010 0.000010 0.037493 0.962377 0.000010 0.000010 0.000010 0.000010 0.000010 0.000010 0.000010 0.000010 0.000010
0.000010 0.225614 0.000010 0.000010 0.000010 0.000010 0.000010 0.000010 0.000010 0.000010 0.000010 0.774256 0.000010 0.000010 0.000010
0.000010 0.090788 0.000010 0.395947 0.000010 0.000010 0.000010 0.000010 0.000010 0.000010 0.050242 0.455467 0.000010 0.000010 0.007456
0.000010 0.000010 0.000010 0.666852 0.000010 0.300695 0.000010 0.000010 0.000010 0.000010 0.000010 0.000010 0.032333 0.000010 0.000010
0.000010 0.000010 0.000010 0.000010 0.000010 0.000010 0.000010 0.999860 0.000010 0.000010 0.000010 0.000010 0.000010 0.000010 0.000010
0.000010 0.000010 0.000010 0.000010 0.000010 0.000010 0.000010 0.999860 0.000010 0.000010 0.000010 0.000010 0.000010 0.000010 0.000010
0.000010 0.000010 0.000010 0.000010 0.000010 0.860010 0.000010 0.000010 0.000010 0.139860 0.000010 0.000010 0.000010 0.000010 0.000010
0.000010 0.000010 0.000010 0.000010 0.000010 0.000010 0.000010 0.999860 0.000010 0.000010 0.000010 0.000010 0.000010 0.000010 0.000010
0.000010 0.000010 0.000010 0.586225 0.000010 0.293359 0.000010 0.000010 0.000010 0.081082 0.017340 0.000010 0.000010 0.000010 0.021893
0.000010 0.000010 0.000010 0.922179 0.000010 0.000010 0.000010 0.003933 0.068087 0.000010 0.005691 0.000010 0.000010 0.000010 0.000010
0.000010 0.000010 0.000010 0.999860 0.000010 0.000010 0.000010 0.000010 0.000010 0.000010 0.000010 0.000010 0.000010 0.000010 0.000010
0.000010 0.000010 0.000010 0.999860 0.000010 0.000010 0.000010 0.000010 0.000010 0.000010 0.000010 0.000010 0.000010 0.000010 0.000010
0.000010 0.000010 0.000010 0.403415 0.176434 0.379447 0.000010 0.000010 0.000013 0.040591 0.000010 0.000010 0.000010 0.000010 0.000010
0.000010 0.000010 0.000010 0.721115 0.094718 0.000010 0.000010 0.000010 0.184047 0.000010 0.000010 0.000010 0.000010 0.000010 0.000010
0.000010 0.000010 0.000010 0.000010 0.000010 0.000010 0.000010 0.000010 0.000010 0.000010 0.000010 0.000010 0.999860 0.000010 0.000010
0.228387 0.000010 0.000010 0.000010 0.157887 0.000010 0.000010 0.000010 0.000010 0.000010 0.000010 0.000010 0.075374 0.538242 0.000010
0.000010 0.000010 0.000010 0.728933 0.054799 0.198468 0.000010 0.000010 0.017690 0.000010 0.000010 0.000010 0.000010 0.000010 0.000010
0.000010 0.000010 0.000010 0.999860 0.000010 0.000010 0.000010 0.000010 0.000010 0.000010 0.000010 0.000010 0.000010 0.000010 0.000010
0.024249 0.000010 0.000010 0.573885 0.342149 0.000010 0.000010 0.000010 0.000010 0.000010 0.000010 0.000010 0.000010 0.000010 0.059606
0.000010 0.000010 0.000010 0.000010 0.000010 0.779400 0.000010 0.000010 0.000010 0.217428 0.003053 0.000010 0.000010 0.000010 0.000010
0.000010 0.001137 0.000010 0.338885 0.070224 0.376839 0.000010 0.000010 0.212814 0.000010 0.000010 0.000010 0.000010 0.000010 0.000010
0.000010 0.005185 0.000010 0.672226 0.208402 0.000010 0.000010 0.000010 0.099849 0.000010 0.000010 0.000010 0.000010 0.014238 0.000010
0.000010 0.068158 0.232049 0.000010 0.187045 0.000010 0.000010 0.000010 0.003331 0.000010 0.000010 0.000010 0.000010 0.208718 0.300610
0.000010 0.000010 0.008196 0.775235 0.000010 0.177741 0.000010 0.000010 0.000010 0.000010 0.000010 0.000010 0.000010 0.000010 0.038717
0.000010 0.000010 0.000010 0.000010 0.000010 0.000010 0.000010 0.000010 0.000010 0.000010 0.000010 0.000010 0.000010 0.999860 0.000010
0.000010 0.999860 0.000010 0.000010 0.000010 0.000010 0.000010 0.000010 0.000010 0.000010 0.000010 0.000010 0.000010 0.000010 0.000010
0.000010 0.525296 0.000010 0.000010 0.000010 0.000010 0.000010 0.474574 0.000010 0.000010 0.000010 0.000010 0.000010 0.000010 0.000010
0.000010 0.039833 0.000010 0.000010 0.000010 0.000010 0.000010 0.960037 0.000010 0.000010 0.000010 0.000010 0.000010 0.000010 0.000010
0.000010 0.000010 0.000010 0.000010 0.000010 0.000010 0.000010 0.872387 0.000010 0.000010 0.000010 0.000010 0.000010 0.127483 0.000010
0.000010 0.000010 0.000010 0.000010 0.000010 0.000010 0.000010 0.999860 0.000010 0.000010 0.000010 0.000010 0.000010 0.000010 0.000010
0.000010 0.000010 0.000010 0.000010 0.000010 0.000010 0.000010 0.844059 0.000010 0.000010 0.000010 0.000010 0.000010 0.155811 0.000010
0.000010 0.000010 0.000010 0.000010 0.000010 0.000010 0.000010 0.999860 0.000010 0.000010 0.000010 0.000010 0.000010 0.000010 0.000010
0.252749 0.000010 0.000010 0.000010 0.000010 0.000010 0.000010 0.000010 0.000010 0.747121 0.000010 0.000010 0.000010 0.000010 0.000010
0.000010 0.000010 0.000010 0.000010 0.000010 0.000010 0.000010 0.298635 0.000010 0.000010 0.000010 0.397886 0.303359 0.000010 0.000010
0.000010 0.999860 0.000010 0.000010 0.000010 0.000010 0.000010 0.000010 0.000010 0.000010 0.000010 0.000010 0.000010 0.000010 0.000010
0.000010 0.000010 0.000010 0.000010 0.000010 0.999860 0.000010 0.000010 0.000010 0.000010 0.000010 0.000010 0.000010 0.000010 0.000010
0.000010 0.000010 0.000010 0.000010 0.000010 0.000010 0.000010 0.999860 0.000010 0.000010 0.000010 0.000010 0.000010 0.000010 0.000010
0.000010 0.611963 0.000010 0.000010 0.000010 0.000010 0.000010 0.153858 0.154221 0.000010 0.000010 0.000010 0.000010 0.079848 0.000010
0.000010 0.000010 0.000010 0.000010 0.000010 0.000010 0.000010 0.000010 0.000010 0.000010 0.000010 0.000010 0.000010 0.000010 0.999860
0.000010 0.083961 0.000010 0.000010 0.000010 0.000010 0.000010 0.725497 0.000010 0.000010 0.000010 0.000010 0.000010 0.190422 0.000010
0.000010 0.039853 0.000010 0.000010 0.000010 0.000010 0.000010 0.000010 0.000010 0.000010 0.000010 0.960017 0.000010 0.000010 0.000010
0.999860 0.000010 0.000010 0.000010 0.000010 0.000010 0.000010 0.000010 0.000010 0.000010 0.000010 0.000010 0.000010 0.000010 0.000010
0.000010 0.163291 0.000010 0.012771 0.000010 0.000010 0.017649 0.225945 0.000010 0.000010 0.000010 0.580245 0.000010 0.000010 0.000010
0.110676 0.009818 0.000010 0.000010 0.257200 0.129108 0.002682 0.000010 0.000010 0.000010 0.000010 0.000015 0.000010 0.158121 0.332310
0.000010 0.000010 0.000010 0.000010 0.699796 0.220839 0.006347 0.000010 0.000010 0.000010 0.005283 0.000010 0.000010 0.000010 0.067635
0.169288 0.000010 0.000010 0.000010 0.000010 0.000010 0.000010 0.000010 0.223524 0.000010 0.000010 0.000010 0.018567 0.190382 0.398140
0.123594 0.000010 0.010567 0.000010 0.203478 0.000010 0.000010 0.000010 0.000010 0.333215 0.000010 0.110160 0.000017 0.218890 0.000010
0.194903 0.000010 0.000010 0.000010 0.260963 0.000010 0.000010 0.000010 0.000010 0.257299 0.000010 0.000010 0.000010 0.286725 0.000010
0.000010 0.000010 0.000010 0.460346 0.000010 0.499011 0.000010 0.000010 0.000010 0.040522 0.000010 0.000010 0.000010 0.000010 0.000010
0.000010 0.000010 0.000010 0.000010 0.000010 0.999860 0.000010 0.000010 0.000010 0.000010 0.000010 0.000010 0.000010 0.000010 0.000010
0.000010 0.000010 0.000010 0.000010 0.000010 0.000010 0.000010 0.000010 0.000010 0.000010 0.000010 0.000010 0.000010 0.000010 0.999860
0.000010 0.000010 0.000010 0.000010 0.000010 0.000010 0.000010 0.000010 0.000010 0.000010 0.000010 0.000010 0.000010 0.000010 0.999860
0.000010 0.000010 0.000010 0.000010 0.000010 0.000010 0.000010 0.000010 0.000010 0.000010 0.000010 0.999860 0.000010 0.000010 0.000010
0.000010 0.067176 0.024352 0.000010 0.000010 0.000010 0.000010 0.042139 0.014128 0.008908 0.011278 0.644286 0.000010 0.083420 0.104253
0.000010 0.000010 0.105596 0.000010 0.894274 0.000010 0.000010 0.000010 0.000010 0.000010 0.000010 0.000010 0.000010 0.000010 0.000010
0.000010 0.000010 0.000010 0.000010 0.000010 0.000010 0.000010 0.000010 0.000010 0.000010 0.000010 0.999860 0.000010 0.000010 0.000010
0.000010 0.038320 0.132366 0.000010 0.000010 0.000010 0.039081 0.039359 0.000010 0.118142 0.000010 0.623019 0.000010 0.009633 0.000010
0.999860 0.000010 0.000010 0.000010 0.000010 0.000010 0.000010 0.000010 0.000010 0.000010 0.000010 0.000010 0.000010 0.000010 0.000010
0.185121 0.107715 0.000010 0.048681 0.009466 0.000010 0.000010 0.000010 0.000010 0.000950 0.011839 0.636147 0.000010 0.000010 0.000010
0.854569 0.000010 0.000010 0.000010 0.000010 0.000010 0.000010 0.000010 0.000010 0.145301 0.000010 0.000010 0.000010 0.000010 0.000010
0.000010 0.000010 0.000010 0.000010 0.000010 0.000010 0.000010 0.000010 0.000010 0.000010 0.037052 0.000010 0.000010 0.062692 0.900136
0.323001 0.000010 0.000010 0.000010 0.186217 0.000010 0.000010 0.000010 0.000010 0.004571 0.000010 0.000010 0.068700 0.000010 0.417411
0.000010 0.000010 0.020955 0.002414 0.903450 0.000010 0.000010 0.000010 0.017736 0.000010 0.000010 0.000010 0.000010 0.055345 0.000010
0.084063 0.000010 0.059937 0.000010 0.000010 0.017369 0.000010 0.084312 0.000010 0.174212 0.000010 0.580016 0.000010 0.000010 0.000010
0.000010 0.000010 0.000010 0.886610 0.113260 0.000010 0.000010 0.000010 0.000010 0.000010 0.000010 0.000010 0.000010 0.000010 0.000010
0.000010 0.000010 0.000010 0.000010 0.000010 0.999860 0.000010 0.000010 0.000010 0.000010 0.000010 0.000010 0.000010 0.000010 0.000010
0.000010 0.004564 0.000010 0.678558 0.000010 0.315711 0.000010 0.000010 0.000010 0.000010 0.000010 0.001057 0.000010 0.000010 0.000010
0.000010 0.000010 0.000010 0.967123 0.000010 0.000010 0.000010 0.000010 0.000010 0.000010 0.000010 0.000010 0.000010 0.032747 0.000010
0.000010 0.000010 0.000010 0.000010 0.000010 0.999860 0.000010 0.000010 0.000010 0.000010 0.000010 0.000010 0.000010 0.000010 0.000010
0.000010 0.000010 0.000010 0.848019 0.000010 0.000010 0.000010 0.000010 0.063210 0.036296 0.048621 0.000010 0.003754 0.000010 0.000010
0.000010 0.000010 0.000010 0.000010 0.000010 0.000010 0.000010 0.000010 0.000010 0.000010 0.000010 0.000010 0.000010 0.000010 0.999860
0.000010 0.999860 0.000010 0.000010 0.000010 0.000010 0.000010 0.000010 0.000010 0.000010 0.000010 0.000010 0.000010 0.000010 0.000010
0.000010 0.000010 0.999860 0.000010 0.000010 0.000010 0.000010 0.000010 0.000010 0.000010 0.000010 0.000010 0.000010 0.000010 0.000010
0.000010 0.000010 0.000010 0.000010 0.000010 0.000010 0.000010 0.999860 0.000010 0.000010 0.000010 0.000010 0.000010 0.000010 0.000010
0.000010 0.000010 0.000010 0.000010 0.000010 0.000010 0.000010 0.999860 0.000010 0.000010 0.000010 0.000010 0.000010 0.000010 0.000010
0.000010 0.000010 0.000010 0.000010 0.000010 0.000010 0.000010 0.999860 0.000010 0.000010 0.000010 0.000010 0.000010 0.000010 0.000010
0.000010 0.239374 0.000010 0.000010 0.000010 0.000010 0.000010 0.135248 0.000010 0.000010 0.000010 0.520595 0.000010 0.104672 0.000010
0.000010 0.000010 0.000010 0.000010 0.000010 0.000010 0.000010 0.000010 0.000010 0.000010 0.000010 0.000010 0.000010 0.072103 0.927767
0.000010 0.000010 0.000010 0.000010 0.009885 0.000010 0.000010 0.000010 0.000010 0.000010 0.000010 0.000010 0.076364 0.000010 0.913632
0.000010 0.000010 0.064204 0.501391 0.101049 0.333246 0.000010 0.000010 0.000010 0.000010 0.000010 0.000010 0.000010 0.000010 0.000010
0.000010 0.000010 0.999860 0.000010 0.000010 0.000010 0.000010 0.000010 0.000010 0.000010 0.000010 0.000010 0.000010 0.000010 0.000010
0.348177 0.000010 0.000010 0.000010 0.000010 0.000010 0.000010 0.000010 0.092264 0.000010 0.002597 0.000010 0.000010 0.556852 0.000010
0.000010 0.000010 0.000010 0.000010 0.000010 0.000010 0.000010 0.000010 0.000010 0.000010 0.000010 0.000010 0.000010 0.131982 0.867888
0.000010 0.000010 0.000010 0.000010 0.000010 0.000010 0.000010 0.000010 0.999860 0.000010 0.000010 0.000010 0.000010 0.000010 0.000010
0.184471 0.000010 0.028084 0.062247 0.540516 0.000010 0.000010 0.000010 0.184583 0.000010 0.000010 0.000010 0.000010 0.000010 0.000010
0.000010 0.000010 0.000010 0.000010 0.000010 0.075593 0.000010 0.000010 0.260996 0.000010 0.000010 0.000010 0.000010 0.000010 0.663291
0.300983 0.109097 0.000010 0.078249 0.000010 0.000010 0.000010 0.000010 0.120224 0.000010 0.019173 0.270986 0.000010 0.000010 0.101208
0.000010 0.000010 0.000010 0.000010 0.086353 0.000010 0.000010 0.000010 0.401924 0.000010 0.000010 0.000010 0.000010 0.000010 0.511603
0.000010 0.000010 0.000010 0.060028 0.613149 0.132747 0.000010 0.000010 0.139981 0.000010 0.030999 0.009268 0.000010 0.013747 0.000010
0.000010 0.000010 0.118132 0.000010 0.242950 0.000010 0.000010 0.000010 0.000010 0.000010 0.000010 0.000010 0.000010 0.047521 0.591287
0.341914 0.000010 0.000010 0.000010 0.000010 0.000010 0.000010 0.000010 0.000010 0.000010 0.000010 0.000010 0.000010 0.000010 0.657956
0.000010 0.023027 0.000010 0.000010 0.000010 0.000010 0.000010 0.000010 0.000010 0.081246 0.005681 0.825926 0.064020 0.000010 0.000010
0.999860 0.000010 0.000010 0.000010 0.000010 0.000010 0.000010 0.000010 0.000010 0.000010 0.000010 0.000010 0.000010 0.000010 0.000010
0.000010 0.000010 0.017045 0.489930 0.018364 0.355750 0.000010 0.000010 0.000010 0.118811 0.000010 0.000010 0.000010 0.000010 0.000010
0.000010 0.000010 0.000010 0.999860 0.000010 0.000010 0.000010 0.000010 0.000010 0.000010 0.000010 0.000010 0.000010 0.000010 0.000010
0.000010 0.000010 0.431804 0.000010 0.000010 0.000010 0.000010 0.000010 0.000010 0.000010 0.000010 0.568066 0.000010 0.000010 0.000010
0.000010 0.000010 0.999860 0.000010 0.000010 0.000010 0.000010 0.000010 0.000010 0.000010 0.000010 0.000010 0.000010 0.000010 0.000010
0.000010 0.000010 0.000010 0.000010 0.000010 0.000010 0.000010 0.000010 0.000010 0.000010 0.933136 0.000010 0.000010 0.000010 0.066734
0.000010 0.000010 0.000010 0.000010 0.000010 0.000010 0.000010 0.000010 0.000010 0.000010 0.999860 0.000010 0.000010 0.000010 0.000010
0.000010 0.284730 0.000010 0.000010 0.000010 0.000010 0.000010 0.041292 0.000010 0.000010 0.000010 0.481367 0.000010 0.192501 0.000010
0.000010 0.093376 0.000010 0.000010 0.605315 0.000010 0.000010 0.000010 0.246625 0.054574 0.000010 0.000010 0.000010 0.000010 0.000010
0.078193 0.016135 0.000010 0.000010 0.244459 0.000010 0.000010 0.000010 0.228345 0.000010 0.000010 0.176511 0.000010 0.000010 0.256267
0.000010 0.000010 0.000010 0.999860 0.000010 0.000010 0.000010 0.000010 0.000010 0.000010 0.000010 0.000010 0.000010 0.000010 0.000010
0.229007 0.000010 0.000010 0.000010 0.027052 0.000010 0.000010 0.000010 0.521082 0.000010 0.000010 0.000010 0.000010 0.222750 0.000010
0.000010 0.000010 0.000010 0.856164 0.000010 0.000010 0.000010 0.000010 0.000010 0.143706 0.000010 0.000010 0.000010 0.000010 0.000010
0.000010 0.000010 0.000010 0.682280 0.000010 0.136844 0.000010 0.000010 0.001596 0.061385 0.000010 0.000010 0.000010 0.000010 0.117795
0.000010 0.000010 0.000010 0.000010 0.000010 0.000010 0.000010 0.000010 0.000010 0.000010 0.999860 0.000010 0.000010 0.000010 0.000010
0.193612 0.000010 0.000010 0.000010 0.423582 0.000010 0.000010 0.000010 0.000010 0.000010 0.000010 0.000010 0.000010 0.278581 0.104115
0.000010 0.000010 0.000010 0.000010 0.000010 0.000010 0.000010 0.000010 0.000010 0.000010 0.999860 0.000010 0.000010 0.000010 0.000010
0.000010 0.000010 0.000010 0.000010 0.000010 0.000010 0.000010 0.000010 0.000010 0.000010 0.999860 0.000010 0.000010 0.000010 0.000010
0.000010 0.000010 0.039631 0.000010 0.000010 0.000010 0.000010 0.000010 0.000010 0.000010 0.960239 0.000010 0.000010 0.000010 0.000010
0.151263 0.000010 0.000010 0.000010 0.120253 0.056269 0.027414 0.000010 0.000010 0.000010 0.000010 0.000010 0.000010 0.424608 0.220103
0.000010 0.000010 0.000010 0.797408 0.000010 0.000010 0.000010 0.000010 0.202462 0.000010 0.000010 0.000010 0.000010 0.000010 0.000010
0.000010 0.000010 0.063542 0.824015 0.044772 0.000010 0.000010 0.000010 0.000010 0.000010 0.000010 0.000010 0.000010 0.000010 0.067562
0.365435 0.000010 0.339587 0.000010 0.000010 0.203325 0.075111 0.016441 0.000010 0.000010 0.000010 0.000010 0.000010 0.000010 0.000010
0.373479 0.000010 0.500866 0.000010 0.000010 0.000010 0.000010 0.125535 0.000010 0.000010 0.000010 0.000010 0.000010 0.000010 0.000010
0.000010 0.000010 0.000010 0.000010 0.000010 0.000010 0.000010 0.000010 0.000010 0.000010 0.000010 0.000010 0.999860 0.000010 0.000010
0.000010 0.000010 0.000010 0.000010 0.356337 0.131799 0.000010 0.000010 0.065656 0.144209 0.000010 0.179857 0.000010 0.122052 0.000010
0.000010 0.000010 0.000010 0.842485 0.000010 0.000010 0.000010 0.000010 0.000010 0.000010 0.000010 0.000010 0.000010 0.000010 0.157385
0.000010 0.000010 0.000010 0.000010 0.000010 0.000010 0.000010 0.000010 0.000010 0.000010 0.000010 0.000010 0.000010 0.999860 0.000010
0.000010 0.000010 0.000010 0.000010 0.000010 0.000010 0.000010 0.000010 0.000010 0.000010 0.000010 0.000010 0.000010 0.999860 0.000010
0.000010 0.000010 0.000010 0.000010 0.000010 0.000010 0.000010 0.000010 0.000010 0.000010 0.000010 0.000010 0.000010 0.999860 0.000010
0.000010 0.000010 0.000010 0.000010 0.000010 0.999860 0.000010 0.000010 0.000010 0.000010 0.000010 0.000010 0.000010 0.000010 0.000010
0.063032 0.000010 0.000010 0.464935 0.000010 0.299060 0.000010 0.000010 0.117557 0.055317 0.000010 0.000010 0.000010 0.000010 0.000010
0.000010 0.000010 0.000010 0.413568 0.281438 0.247711 0.031860 0.000010 0.000010 0.025320 0.000010 0.000010 0.000010 0.000013 0.000010
0.000010 0.041550 0.000010 0.958055 0.000275 0.000010 0.000010 0.000010 0.000010 0.000010 0.000010 0.000010 0.000010 0.000010 0.000010
0.119764 0.158467 0.000010 0.000010 0.000010 0.000010 0.000010 0.178142 0.000010 0.000010 0.000010 0.543517 0.000010 0.000010 0.000010
0.000010 0.000010 0.000010 0.000010 0.000010 0.000010 0.000010 0.000010 0.999860 0.000010 0.000010 0.000010 0.000010 0.000010 0.000010
0.000010 0.123606 0.000010 0.000010 0.000010 0.118446 0.000010 0.109575 0.054239 0.093302 0.006434 0.494318 0.000010 0.000010 0.000010
0.000010 0.000010 0.000010 0.000010 0.000010 0.035613 0.000010 0.000010 0.146364 0.817903 0.000010 0.000010 0.000010 0.000010 0.000010
0.000010 0.041609 0.000010 0.000010 0.000010 0.000010 0.000010 0.110082 0.000010 0.000010 0.000010 0.829526 0.000010 0.018672 0.000010
0.000010 0.000010 0.000010 0.000010 0.000010 0.074939 0.000010 0.000010 0.000010 0.000010 0.000010 0.924931 0.000010 0.000010 0.000010
0.000010 0.000010 0.000010 0.000010 0.000010 0.000010 0.000010 0.007516 0.000010 0.000010 0.000010 0.992354 0.000010 0.000010 0.000010
0.000010 0.000010 0.000010 0.000010 0.000010 0.000010 0.000010 0.000010 0.039691 0.000010 0.000010 0.960179 0.000010 0.000010 0.000010
0.893592 0.000010 0.000010 0.000010 0.000010 0.000010 0.000010 0.106278 0.000010 0.000010 0.000010 0.000010 0.000010 0.000010 0.000010
0.000010 0.000010 0.000010 0.000010 0.000010 0.000010 0.000010 0.000010 0.000010 0.000010 0.999860 0.000010 0.000010 0.000010 0.000010
0.000010 0.000010 0.000010 0.000010 0.169810 0.000010 0.000010 0.000010 0.000010 0.000010 0.000010 0.000010 0.000010 0.000010 0.830060
0.000010 0.000010 0.000010 0.000010 0.289785 0.231738 0.000010 0.000010 0.478358 0.000010 0.000010 0.000010 0.000010 0.000010 0.000010
0.000010 0.000010 0.222532 0.000010 0.000010 0.000010 0.000010 0.034224 0.000010 0.000010 0.000010 0.743124 0.000010 0.000010 0.000010
0.000010 0.000010 0.000010 0.420317 0.571534 0.000010 0.008029 0.000010 0.000010 0.000010 0.000010 0.000010 0.000010 0.000010 0.000010
0.000010 0.000010 0.000010 0.000010 0.000010 0.000010 0.000010 0.000010 0.000010 0.000010 0.000010 0.999860 0.000010 0.000010 0.000010
0.000010 0.000010 0.000010 0.000010 0.587511 0.196553 0.000010 0.000010 0.215817 0.000010 0.000010 0.000010 0.000010 0.000010 0.000010
0.000010 0.000010 0.051015 0.000010 0.433263 0.275393 0.000010 0.010655 0.229574 0.000010 0.000010 0.000010 0.000010 0.000010 0.000010
0.000010 0.000010 0.000010 0.161892 0.000010 0.000010 0.000010 0.000010 0.337701 0.000010 0.000010 0.000010 0.000010 0.037052 0.463246
0.149528 0.000010 0.000010 0.000010 0.353005 0.000010 0.130674 0.000010 0.000010 0.000010 0.000010 0.000010 0.000010 0.219768 0.146925
0.000010 0.000010 0.000010 0.000010 0.000010 0.000010 0.000010 0.000010 0.359435 0.000010 0.000010 0.000010 0.000010 0.101297 0.539148
0.000010 0.000010 0.000010 0.000010 0.000010 0.303633 0.000010 0.000010 0.000010 0.000010 0.000010 0.000010 0.000010 0.000010 0.696237
0.306051 0.000010 0.073079 0.000010 0.000010 0.000010 0.000010 0.000010 0.257672 0.000010 0.000010 0.000010 0.000010 0.363088 0.000010
0.000010 0.000010 0.000010 0.000010 0.000010 0.000010 0.000010 0.000010 0.000010 0.788902 0.000010 0.000010 0.000010 0.210968 0.000010
0.311647 0.000010 0.118345 0.000010 0.000010 0.000010 0.000010 0.046549 0.233480 0.000010 0.000010 0.007422 0.000010 0.282468 0.000010
0.000010 0.000010 0.000010 0.000010 0.000010 0.000010 0.000010 0.000010 0.000010 0.999860 0.000010 0.000010 0.000010 0.000010 0.000010
0.000010 0.000010 0.000010 0.000010 0.000010 0.000010 0.000010 0.000018 0.000010 0.999852 0.000010 0.000010 0.000010 0.000010 0.000010
0.147146 0.000010 0.000010 0.032290 0.116980 0.000010 0.000010 0.000010 0.090956 0.288658 0.000010 0.000010 0.087217 0.236672 0.000010
0.000010 0.000010 0.000010 0.000010 0.000010 0.000010 0.000010 0.000010 0.000010 0.999860 0.000010 0.000010 0.000010 0.000010 0.000010
0.000010 0.000010 0.000010 0.000010 0.000010 0.000010 0.000010 0.000010 0.673567 0.000010 0.000010 0.000010 0.000010 0.000010 0.326303
0.000010 0.000010 0.000010 0.067449 0.932421 0.000010 0.000010 0.000010 0.000010 0.000010 0.000010 0.000010 0.000010 0.000010 0.000010
0.000010 0.000010 0.000010 0.006261 0.219185 0.027551 0.000010 0.000010 0.443959 0.000010 0.000010 0.000010 0.000010 0.088159 0.214796
0.000010 0.000010 0.000010 0.000010 0.000010 0.000010 0.000010 0.000010 0.767270 0.000010 0.000010 0.232600 0.000010 0.000010 0.000010
0.000010 0.000010 0.000010 0.000010 0.000010 0.000010 0.000010 0.000010 0.000010 0.000010 0.000010 0.999860 0.000010 0.000010 0.000010
0.000010 0.000010 0.045843 0.000010 0.737716 0.215456 0.000010 0.000875 0.000010 0.000010 0.000010 0.000010 0.000010 0.000010 0.000010
0.000010 0.000010 0.000010 0.000010 0.000010 0.000010 0.000010 0.000010 0.999860 0.000010 0.000010 0.000010 0.000010 0.000010 0.000010
0.000010 0.000010 0.000010 0.000010 0.000010 0.000010 0.369680 0.000010 0.000010 0.000010 0.521367 0.000010 0.108833 0.000010 0.000010
0.000010 0.011637 0.000010 0.061293 0.000010 0.000010 0.000010 0.007835 0.000010 0.000010 0.919126 0.000010 0.000010 0.000010 0.000010
0.000010 0.000010 0.000010 0.000010 0.000010 0.000010 0.000010 0.000010 0.000010 0.000010 0.000010 0.000010 0.000010 0.999860 0.000010
0.000010 0.000010 0.000010 0.000010 0.000010 0.000010 0.128697 0.000010 0.000010 0.000010 0.871173 0.000010 0.000010 0.000010 0.000010
0.038241 0.008586 0.000010 0.000010 0.000010 0.055902 0.000010 0.000010 0.000010 0.000010 0.897161 0.000010 0.000010 0.000010 0.000010
0.000010 0.000010 0.000010 0.121609 0.000010 0.000010 0.796163 0.000010 0.000010 0.020710 0.000010 0.061408 0.000010 0.000010 0.000010
0.000010 0.000010 0.000010 0.000010 0.000010 0.131622 0.000010 0.000010 0.000010 0.000010 0.000010 0.868248 0.000010 0.000010 0.000010
0.000010 0.039274 0.000010 0.000010 0.000010 0.000010 0.235666 0.000010 0.000010 0.000010 0.646970 0.000010 0.000010 0.077980 0.000010
0.000010 0.000010 0.088800 0.000010 0.054541 0.000010 0.066502 0.019750 0.000010 0.000010 0.754967 0.000010 0.000010 0.015349 0.000010
0.000010 0.000010 0.355544 0.000010 0.000010 0.000010 0.000010 0.000010 0.000010 0.000010 0.644326 0.000010 0.000010 0.000010 0.000010
0.038276 0.005962 0.000010 0.000010 0.894345 0.000010 0.000010 0.000010 0.061307 0.000010 0.000010 0.000010 0.000010 0.000010 0.000010
0.000010 0.000010 0.000010 0.000010 0.999860 0.000010 0.000010 0.000010 0.000010 0.000010 0.000010 0.000010 0.000010 0.000010 0.000010
0.467787 0.000010 0.330194 0.000010 0.000010 0.000010 0.000010 0.000010 0.000010 0.000010 0.000010 0.000010 0.000010 0.000010 0.201899
0.025011 0.000010 0.000010 0.000010 0.287030 0.398793 0.000010 0.000010 0.073933 0.000010 0.000010 0.000010 0.000010 0.176430 0.038713
0.000010 0.000010 0.218992 0.000010 0.000010 0.000010 0.338841 0.000010 0.000010 0.000010 0.442047 0.000010 0.000010 0.000010 0.000010
0.097856 0.000146 0.021105 0.000010 0.079952 0.000010 0.000010 0.000010 0.479030 0.000010 0.000010 0.000010 0.000010 0.205173 0.116657
0.049405 0.000010 0.130535 0.000010 0.000010 0.000010 0.000010 0.000010 0.000010 0.000010 0.764337 0.000010 0.000010 0.055613 0.000010
0.000010 0.000010 0.000010 0.000010 0.000010 0.000010 0.253434 0.000010 0.000010 0.070444 0.621842 0.030099 0.000010 0.024082 0.000010
0.000010 0.000010 0.000010 0.166391 0.252571 0.173755 0.000010 0.000010 0.167659 0.000010 0.000010 0.059441 0.028380 0.000010 0.151725
0.000010 0.000010 0.000010 0.000010 0.999860 0.000010 0.000010 0.000010 0.000010 0.000010 0.000010 0.000010 0.000010 0.000010 0.000010
0.000010 0.000010 0.000010 0.000010 0.000010 0.086610 0.000010 0.022707 0.000010 0.000010 0.860403 0.000010 0.000010 0.000010 0.030170
0.104866 0.000010 0.000010 0.000010 0.887189 0.000010 0.000010 0.000010 0.000010 0.000010 0.007825 0.000010 0.000010 0.000010 0.000010
0.554480 0.000010 0.000010 0.000010 0.235142 0.000010 0.069434 0.000010 0.000010 0.000010 0.000010 0.000010 0.140835 0.000010 0.000010
0.000010 0.000010 0.000010 0.000010 0.000010 0.000010 0.542139 0.000010 0.000010 0.000010 0.457731 0.000010 0.000010 0.000010 0.000010
0.036583 0.000010 0.112413 0.000010 0.076489 0.000010 0.040491 0.000010 0.000010 0.000010 0.733925 0.000010 0.000010 0.000010 0.000010
0.000010 0.000010 0.000010 0.000010 0.000010 0.000010 0.000010 0.000010 0.000010 0.000010 0.999860 0.000010 0.000010 0.000010 0.000010
0.089426 0.015733 0.000010 0.000010 0.000010 0.000010 0.000010 0.000010 0.755097 0.050065 0.000010 0.041685 0.000010 0.000010 0.047905
0.505567 0.000010 0.000010 0.000010 0.000010 0.000010 0.000010 0.000010 0.000010 0.000010 0.000010 0.000010 0.000010 0.494303 0.000010
0.000010 0.000010 0.000010 0.101465 0.255440 0.000010 0.000010 0.000010 0.172822 0.022179 0.000010 0.447994 0.000010 0.000010 0.000010
0.017404 0.000010 0.076307 0.000010 0.341694 0.000013 0.000010 0.018412 0.213099 0.000010 0.038092 0.000010 0.000010 0.294909 0.000010
0.061527 0.000010 0.000010 0.103476 0.000010 0.000010 0.707445 0.000010 0.000010 0.000010 0.127442 0.000010 0.000010 0.000010 0.000010
0.000010 0.000010 0.000010 0.000010 0.000010 0.000010 0.533017 0.000010 0.000010 0.041036 0.425826 0.000010 0.000010 0.000010 0.000010
0.000010 0.000010 0.000010 0.000010 0.000010 0.000010 0.724090 0.022937 0.000010 0.000010 0.120393 0.000010 0.132469 0.000010 0.000010
0.000010 0.000010 0.000010 0.000010 0.000010 0.000010 0.620220 0.000010 0.000010 0.000010 0.379650 0.000010 0.000010 0.000010 0.000010
0.000010 0.000010 0.034224 0.042707 0.709325 0.000010 0.000010 0.000010 0.000010 0.213634 0.000010 0.000010 0.000010 0.000010 0.000010
0.000010 0.000010 0.000010 0.000010 0.000010 0.000010 0.000010 0.000010 0.000010 0.000010 0.000010 0.000010 0.999860 0.000010 0.000010
0.000010 0.012244 0.000010 0.393540 0.000010 0.556721 0.000010 0.000010 0.000010 0.000010 0.000010 0.000010 0.000010 0.000010 0.037385
0.000010 0.007873 0.000010 0.000010 0.110507 0.833942 0.000010 0.044682 0.000010 0.000010 0.000010 0.000010 0.000010 0.000010 0.002896
0.000010 0.000010 0.000010 0.394823 0.000010 0.444581 0.000010 0.000010 0.000010 0.151973 0.000010 0.000010 0.008513 0.000010 0.000010
0.999860 0.000010 0.000010 0.000010 0.000010 0.000010 0.000010 0.000010 0.000010 0.000010 0.000010 0.000010 0.000010 0.000010 0.000010
0.000010 0.000010 0.000010 0.000010 0.011212 0.000010 0.000010 0.000010 0.000010 0.000010 0.988658 0.000010 0.000010 0.000010 0.000010
0.999860 0.000010 0.000010 0.000010 0.000010 0.000010 0.000010 0.000010 0.000010 0.000010 0.000010 0.000010 0.000010 0.000010 0.000010
0.875270 0.000010 0.000010 0.000010 0.102108 0.000010 0.000010 0.000010 0.000010 0.000010 0.022502 0.000010 0.000010 0.000010 0.000010
0.000010 0.025745 0.000010 0.000010 0.000010 0.000010 0.861787 0.000010 0.000010 0.000010 0.112347 0.000010 0.000010 0.000010 0.000010
0.000010 0.000010 0.000010 0.000010 0.000010 0.000010 0.812063 0.000010 0.000010 0.000010 0.187807 0.000010 0.000010 0.000010 0.000010
0.000010 0.000010 0.000010 0.000010 0.000010 0.000010 0.000010 0.000010 0.000010 0.000010 0.999860 0.000010 0.000010 0.000010 0.000010
0.000010 0.031184 0.000010 0.000010 0.000010 0.000010 0.807712 0.000010 0.000010 0.000010 0.160985 0.000010 0.000010 0.000010 0.000010
0.000010 0.000010 0.000010 0.000010 0.005813 0.943509 0.000010 0.000010 0.000010 0.000010 0.000010 0.000010 0.000010 0.000010 0.050558
0.000010 0.000010 0.000010 0.000010 0.012813 0.965627 0.000010 0.000010 0.000010 0.000010 0.000010 0.000010 0.000010 0.000010 0.021440
0.000010 0.000010 0.000010 0.441491 0.000010 0.444419 0.027877 0.000010 0.086103 0.000010 0.000010 0.000010 0.000010 0.000010 0.000010
0.000010 0.000010 0.000010 0.000010 0.000010 0.000010 0.978849 0.000010 0.000010 0.000010 0.021021 0.000010 0.000010 0.000010 0.000010
0.000010 0.000010 0.000010 0.999860 0.000010 0.000010 0.000010 0.000010 0.000010 0.000010 0.000010 0.000010 0.000010 0.000010 0.000010
0.021903 0.000010 0.000010 0.499252 0.000010 0.272087 0.000010 0.026899 0.179758 0.000010 0.000010 0.000010 0.000010 0.000010 0.000010
0.000010 0.000010 0.000010 0.127727 0.273261 0.020560 0.000010 0.000010 0.578342 0.000010 0.000010 0.000010 0.000010 0.000010 0.000010
0.000010 0.000010 0.000010 0.000010 0.000010 0.000010 0.746321 0.000010 0.000010 0.000010 0.253549 0.000010 0.000010 0.000010 0.000010
0.000010 0.000010 0.000010 0.000010 0.000010 0.000010 0.000010 0.000010 0.000010 0.000010 0.999860 0.000010 0.000010 0.000010 0.000010
0.000010 0.000010 0.000010 0.000010 0.000010 0.000010 0.958037 0.000010 0.041833 0.000010 0.000010 0.000010 0.000010 0.000010 0.000010
0.000010 0.000010 0.000010 0.000010 0.000010 0.000010 0.945860 0.000010 0.000010 0.000010 0.000010 0.000010 0.000010 0.000010 0.054010
0.000010 0.000010 0.000010 0.000010 0.000010 0.000010 0.939745 0.000010 0.050818 0.009316 0.000010 0.000010 0.000010 0.000010 0.000010
0.048680 0.000010 0.000010 0.000010 0.000010 0.000010 0.756558 0.000010 0.000010 0.000010 0.194642 0.000010 0.000010 0.000010 0.000010
0.000010 0.000010 0.000010 0.000010 0.000010 0.000010 0.638874 0.000010 0.000010 0.000010 0.360996 0.000010 0.000010 0.000010 0.000010
0.000010 0.000010 0.000010 0.022995 0.000010 0.000010 0.717321 0.014095 0.000010 0.000010 0.211277 0.000010 0.000010 0.000010 0.034211
0.000010 0.000010 0.000010 0.000010 0.119061 0.154081 0.000010 0.000010 0.000010 0.000010 0.000010 0.273307 0.000010 0.000010 0.453441
0.000010 0.000010 0.000010 0.000010 0.000010 0.000010 0.000010 0.000010 0.999860 0.000010 0.000010 0.000010 0.000010 0.000010 0.000010
0.000010 0.000010 0.000010 0.000010 0.000010 0.000010 0.833200 0.000010 0.000010 0.000010 0.166670 0.000010 0.000010 0.000010 0.000010
0.000010 0.000010 0.000010 0.000010 0.000010 0.000010 0.995714 0.004156 0.000010 0.000010 0.000010 0.000010 0.000010 0.000010 0.000010
0.000010 0.019393 0.000010 0.508822 0.000010 0.371911 0.000010 0.000010 0.000010 0.025584 0.074190 0.000010 0.000010 0.000010 0.000010
0.000010 0.000010 0.000010 0.744411 0.000010 0.144774 0.000010 0.011946 0.000010 0.098759 0.000010 0.000010 0.000010 0.000010 0.000010
0.000010 0.000010 0.000010 0.000010 0.000010 0.999860 0.000010 0.000010 0.000010 0.000010 0.000010 0.000010 0.000010 0.000010 0.000010
0.000010 0.000010 0.999860 0.000010 0.000010 0.000010 0.000010 0.000010 0.000010 0.000010 0.000010 0.000010 0.000010 0.000010 0.000010
0.000010 0.000010 0.000010 0.000010 0.703736 0.000010 0.000010 0.000010 0.000010 0.000010 0.000010 0.000010 0.000010 0.000010 0.296134
0.000010 0.000010 0.000010 0.000010 0.000010 0.000010 0.000010 0.000010 0.000010 0.000010 0.000010 0.000010 0.000010 0.000010 0.999860
0.000010 0.000010 0.000010 0.000010 0.000010 0.054974 0.000010 0.000010 0.000010 0.000010 0.944896 0.000010 0.000010 0.000010 0.000010
0.259623 0.000010 0.000010 0.073683 0.000010 0.000010 0.000010 0.154843 0.000010 0.222216 0.061509 0.000010 0.000010 0.000010 0.228035
0.208526 0.000010 0.000010 0.000010 0.000010 0.032981 0.000010 0.003056 0.092077 0.000010 0.000010 0.000010 0.000010 0.000010 0.663260
0.000010 0.000010 0.326362 0.000010 0.000010 0.000010 0.000010 0.000010 0.000010 0.000010 0.673508 0.000010 0.000010 0.000010 0.000010
0.000010 0.000010 0.000010 0.000010 0.000010 0.000010 0.000010 0.000010 0.000010 0.868935 0.000010 0.000010 0.130935 0.000010 0.000010
0.069840 0.000010 0.000010 0.000010 0.304668 0.357929 0.000010 0.000010 0.025661 0.128634 0.000010 0.000010 0.000010 0.113177 0.000010
0.000010 0.000010 0.000010 0.000010 0.000010 0.000010 0.000010 0.000010 0.000010 0.999860 0.000010 0.000010 0.000010 0.000010 0.000010
0.000010 0.000010 0.000010 0.000010 0.000010 0.000010 0.000010 0.000010 0.999860 0.000010 0.000010 0.000010 0.000010 0.000010 0.000010
0.000010 0.000010 0.000010 0.000010 0.000010 0.000010 0.000010 0.000010 0.000010 0.000010 0.000010 0.000010 0.999860 0.000010 0.000010
0.173746 0.000010 0.000010 0.000010 0.541675 0.160354 0.000010 0.005066 0.000010 0.000010 0.000010 0.000010 0.000010 0.000010 0.119060
0.523611 0.010659 0.000010 0.096388 0.000010 0.000010 0.063487 0.000010 0.061564 0.073895 0.131964 0.038363 0.000010 0.000010 0.000010
0.000010 0.000010 0.000010 0.000010 0.999860 0.000010 0.000010 0.000010 0.000010 0.000010 0.000010 0.000010 0.000010 0.000010 0.000010
0.792580 0.000010 0.000010 0.107012 0.000010 0.000010 0.000010 0.000010 0.100288 0.000010 0.000010 0.000010 0.000010 0.000010 0.000010
0.038771 0.000010 0.000010 0.000010 0.000010 0.000010 0.000010 0.000010 0.000010 0.000010 0.961098 0.000011 0.000010 0.000010 0.000010
0.081421 0.099512 0.000010 0.000010 0.518094 0.000010 0.000010 0.011215 0.126019 0.000010 0.000010 0.000010 0.008001 0.000010 0.155657
0.000010 0.000010 0.000010 0.000010 0.000010 0.000010 0.000010 0.000010 0.000010 0.999860 0.000010 0.000010 0.000010 0.000010 0.000010
0.000010 0.000010 0.000010 0.000010 0.000010 0.000010 0.000010 0.000010 0.000010 0.999860 0.000010 0.000010 0.000010 0.000010 0.000010
0.000010 0.000010 0.450677 0.000010 0.000010 0.000010 0.000010 0.000010 0.000010 0.000010 0.000010 0.549193 0.000010 0.000010 0.000010
0.000010 0.000010 0.000010 0.000010 0.437220 0.008582 0.000010 0.029831 0.000010 0.000010 0.007276 0.095818 0.000010 0.093570 0.327622
0.042691 0.000010 0.000010 0.000010 0.829581 0.000010 0.000017 0.000010 0.000010 0.000010 0.081540 0.041991 0.000010 0.004090 0.000010
0.000010 0.002728 0.000010 0.187397 0.640504 0.000010 0.000010 0.034504 0.000010 0.000010 0.030228 0.104550 0.000010 0.000010 0.000010
0.000010 0.000010 0.000010 0.000010 0.000010 0.000010 0.000010 0.000010 0.000010 0.000010 0.000010 0.000010 0.000010 0.000010 0.999860
0.469785 0.000010 0.000010 0.000010 0.000010 0.000010 0.000010 0.000010 0.000010 0.000010 0.000010 0.000010 0.000010 0.000010 0.530085
0.575848 0.000010 0.087689 0.000010 0.078575 0.000010 0.000010 0.000010 0.257779 0.000010 0.000010 0.000010 0.000010 0.000010 0.000010
0.000010 0.000010 0.000010 0.000010 0.000010 0.000010 0.000010 0.000010 0.000010 0.000010 0.000010 0.000010 0.000010 0.000010 0.999860
0.000010 0.000010 0.000010 0.000010 0.000010 0.000010 0.000010 0.000010 0.000010 0.000010 0.000010 0.000010 0.000010 0.000010 0.999860
0.000010 0.000010 0.000010 0.000010 0.000010 0.000010 0.000010 0.000010 0.000010 0.000010 0.000010 0.000010 0.000010 0.000010 0.999860
0.000010 0.000010 0.000010 0.000010 0.999860 0.000010 0.000010 0.000010 0.000010 0.000010 0.000010 0.000010 0.000010 0.000010 0.000010
0.008647 0.000010 0.000010 0.000010 0.000010 0.000010 0.000010 0.055069 0.000010 0.000010 0.000010 0.000010 0.000010 0.000010 0.936165
0.000010 0.000010 0.000010 0.000010 0.000010 0.000010 0.000010 0.000010 0.000010 0.999860 0.000010 0.000010 0.000010 0.000010 0.000010
0.000010 0.000010 0.000010 0.000010 0.868147 0.036889 0.000010 0.037809 0.057045 0.000010 0.000010 0.000010 0.000010 0.000010 0.000010
0.106243 0.011838 0.000010 0.000010 0.634483 0.000010 0.000010 0.000010 0.000010 0.018623 0.068645 0.000010 0.000010 0.000010 0.160078
0.000010 0.000010 0.000010 0.000010 0.935194 0.000010 0.000010 0.000010 0.000010 0.000010 0.064676 0.000010 0.000010 0.000010 0.000010
0.000010 0.024474 0.000010 0.000010 0.619536 0.000010 0.062481 0.042095 0.000010 0.000010 0.000010 0.000010 0.044519 0.000010 0.206806
0.094504 0.000010 0.000010 0.000010 0.000010 0.000010 0.554435 0.000010 0.000010 0.256018 0.000010 0.000010 0.042306 0.052635 0.000010
0.000010 0.000010 0.000010 0.343933 0.655937 0.000010 0.000010 0.000010 0.000010 0.000010 0.000010 0.000010 0.000010 0.000010 0.000010
0.000010 0.000010 0.000010 0.000010 0.682446 0.185432 0.000010 0.000010 0.000010 0.000010 0.000010 0.000010 0.000010 0.052419 0.079592
0.128034 0.000010 0.000010 0.000010 0.871831 0.000010 0.000010 0.000010 0.000010 0.000010 0.000010 0.000014 0.000010 0.000010 0.000010
0.000010 0.000010 0.000010 0.000010 0.151620 0.000010 0.755851 0.000010 0.000010 0.083276 0.000010 0.009143 0.000010 0.000010 0.000010
0.000010 0.000010 0.000010 0.000018 0.000010 0.000010 0.000010 0.000010 0.727722 0.000010 0.000010 0.000010 0.000010 0.000010 0.272140
0.000010 0.000010 0.000010 0.000010 0.089590 0.000010 0.000010 0.000010 0.910280 0.000010 0.000010 0.000010 0.000010 0.000010 0.000010
0.104512 0.000010 0.000010 0.068573 0.051257 0.000010 0.000010 0.000010 0.132846 0.544363 0.000010 0.098359 0.000010 0.000010 0.000010
0.100911 0.000010 0.000010 0.087793 0.523400 0.119356 0.059879 0.000010 0.000010 0.000010 0.000010 0.008840 0.009255 0.090496 0.000010
0.000010 0.000010 0.000010 0.000010 0.000010 0.002842 0.232389 0.000010 0.000010 0.000010 0.667372 0.066249 0.000010 0.031047 0.000010
0.000010 0.000010 0.081778 0.000010 0.000010 0.000010 0.218439 0.016363 0.022241 0.000010 0.633202 0.000010 0.000010 0.000010 0.027887
0.137385 0.000010 0.024100 0.000010 0.000010 0.000010 0.000010 0.060354 0.520641 0.000010 0.000016 0.047021 0.000010 0.000010 0.210403
0.000010 0.000010 0.000010 0.000010 0.000010 0.000013 0.653921 0.000010 0.000010 0.000010 0.293669 0.052286 0.000010 0.000010 0.000010
