0.516317 0.000017 0.000010 0.431421 0.052234
0.005216 0.000010 0.285553 0.652881 0.056340
0.000010 0.000010 0.999960 0.000010 0.000010
0.093413 0.000010 0.843622 0.024875 0.038081
0.000010 0.050025 0.849658 0.100297 0.000010
0.000010 0.000010 0.927531 0.072439 0.000010
0.000010 0.000010 0.968247 0.028085 0.003648
0.000010 0.070838 0.876471 0.052670 0.000010
0.000010 0.999960 0.000010 0.000010 0.000010
0.000010 0.549656 0.250820 0.199504 0.000010
0.000010 0.999960 0.000010 0.000010 0.000010
0.000010 0.999960 0.000010 0.000010 0.000010
0.000010 0.953362 0.000010 0.046608 0.000010
0.000010 0.000010 0.217033 0.774191 0.008756
0.000010 0.039351 0.857159 0.103470 0.000010
0.536120 0.355622 0.000010 0.108239 0.000010
0.225684 0.122572 0.359883 0.138185 0.153675
0.012778 0.002305 0.984897 0.000010 0.000010
0.000010 0.999959 0.000010 0.000011 0.000010
0.000011 0.999959 0.000010 0.000010 0.000010
0.000010 0.000010 0.964425 0.035545 0.000010
0.000010 0.999960 0.000010 0.000010 0.000010
0.000010 0.000010 0.882069 0.051182 0.066729
0.000010 0.013602 0.855638 0.069246 0.061504
0.000010 0.000010 0.919777 0.036128 0.044075
0.000010 0.000010 0.999960 0.000010 0.000010
0.000010 0.000010 0.841541 0.158429 0.000010
0.000010 0.000010 0.827575 0.172395 0.000010
0.659412 0.022380 0.112054 0.173752 0.032401
0.000010 0.000010 0.915328 0.071954 0.012697
0.000010 0.000010 0.999960 0.000010 0.000010
0.000010 0.000010 0.741313 0.258657 0.000010
0.011797 0.000010 0.753087 0.228072 0.007034
0.057693 0.069163 0.792848 0.080286 0.000010
0.021660 0.000010 0.800487 0.146204 0.031638
0.224052 0.022277 0.025821 0.587501 0.140349
0.000010 0.000010 0.914711 0.085259 0.000010
0.582415 0.050182 0.079035 0.154685 0.133683
0.000010 0.999960 0.000010 0.000010 0.000010
0.000015 0.999955 0.000010 0.000010 0.000010
0.000010 0.999960 0.000010 0.000010 0.000010
0.145030 0.854940 0.000010 0.000010 0.000010
0.000010 0.999960 0.000010 0.000010 0.000010
0.106978 0.892992 0.000010 0.000010 0.000010
0.000010 0.999960 0.000010 0.000010 0.000010
0.394683 0.044983 0.154776 0.405548 0.000010
0.604977 0.376951 0.018052 0.000010 0.000010
0.000010 0.999960 0.000010 0.000010 0.000010
0.000010 0.000010 0.999960 0.000010 0.000010
0.000010 0.999960 0.000010 0.000010 0.000010
0.428343 0.571627 0.000010 0.000010 0.000010
0.011957 0.003997 0.002508 0.970600 0.010938
0.087311 0.888667 0.000010 0.000010 0.024002
0.748435 0.138803 0.000010 0.062807 0.049945
0.894974 0.104996 0.000010 0.000010 0.000010
0.470144 0.430728 0.068592 0.000010 0.030526
0.222393 0.078079 0.110619 0.582491 0.006417
0.000010 0.000010 0.431032 0.456217 0.112732
0.377515 0.046427 0.000757 0.575291 0.000010
0.465860 0.000010 0.010294 0.471113 0.052724
0.441582 0.000010 0.242778 0.315620 0.000010
0.000010 0.000010 0.955955 0.000010 0.044015
0.060016 0.000010 0.939954 0.000010 0.000010
0.035530 0.114754 0.000010 0.849696 0.000010
0.000010 0.111952 0.000010 0.888018 0.000010
0.823345 0.173620 0.003015 0.000010 0.000010
0.688901 0.156909 0.000010 0.046156 0.108024
0.000010 0.000010 0.334069 0.558317 0.107593
0.883063 0.101340 0.000010 0.000010 0.015578
0.618981 0.142115 0.000010 0.066772 0.172122
0.669268 0.118632 0.000010 0.212079 0.000010
0.682000 0.148078 0.062134 0.000010 0.107778
0.625999 0.000010 0.000010 0.333372 0.040609
0.193145 0.000010 0.000010 0.802996 0.003839
0.302368 0.000010 0.136122 0.561490 0.000010
0.000010 0.000010 0.348785 0.596772 0.054423
0.644584 0.143277 0.011806 0.020451 0.179882
0.000010 0.000010 0.901920 0.091397 0.006664
0.044495 0.000010 0.955475 0.000010 0.000010
0.033588 0.000010 0.966382 0.000010 0.000010
0.000010 0.023423 0.938444 0.023489 0.014634
0.000010 0.000010 0.999960 0.000010 0.000010
0.000010 0.000010 0.955684 0.000010 0.044286
0.000010 0.034529 0.000010 0.965441 0.000010
0.000010 0.999960 0.000010 0.000010 0.000010
0.162312 0.059190 0.097726 0.063235 0.617536
0.000010 0.999960 0.000010 0.000010 0.000010
0.000010 0.999960 0.000010 0.000010 0.000010
0.000011 0.999959 0.000011 0.000010 0.000010
0.499282 0.454212 0.000010 0.000010 0.046486
0.072403 0.152535 0.000010 0.775043 0.000010
0.000010 0.033972 0.000010 0.965998 0.000010
0.000017 0.000010 0.902608 0.016659 0.080706
0.324632 0.000010 0.075668 0.000010 0.599680
0.832951 0.000010 0.107814 0.059214 0.000010
0.047262 0.097045 0.000010 0.724360 0.131323
0.463299 0.032239 0.122775 0.381677 0.000010
0.151016 0.085050 0.304192 0.458078 0.001663
0.000010 0.005209 0.227984 0.766788 0.000010
0.477207 0.187308 0.245761 0.062203 0.027521
0.083530 0.075555 0.061817 0.779089 0.000010
0.038241 0.001003 0.449881 0.467544 0.043331
0.058825 0.020641 0.023734 0.896791 0.000010
0.280069 0.016321 0.000702 0.702078 0.000829
0.739689 0.093866 0.000010 0.031796 0.134639
0.872390 0.032110 0.000010 0.095480 0.000010
0.026199 0.000010 0.842289 0.111141 0.020361
0.000010 0.000010 0.999960 0.000010 0.000010
0.506186 0.132050 0.000010 0.000010 0.361744
0.344077 0.000010 0.000010 0.019022 0.636880
0.000010 0.000010 0.000010 0.079842 0.920128
0.013507 0.000010 0.000010 0.000010 0.986463
0.596398 0.368004 0.024737 0.000010 0.010851
0.044094 0.016724 0.314121 0.625051 0.000010
0.264787 0.151183 0.061667 0.522353 0.000010
0.000010 0.000010 0.921378 0.078592 0.000010
0.549988 0.068013 0.068748 0.313242 0.000010
0.000010 0.000010 0.855777 0.105382 0.038821
0.000010 0.001776 0.775130 0.173710 0.049374
0.000010 0.000010 0.000010 0.000010 0.999960
0.320225 0.000010 0.065296 0.568410 0.046058
0.000010 0.000010 0.000010 0.000010 0.999960
0.000010 0.000010 0.000012 0.000010 0.999958
0.000010 0.000010 0.000010 0.058411 0.941559
0.413918 0.115955 0.044345 0.390898 0.034884
0.000010 0.048245 0.849164 0.102571 0.000010
0.000010 0.021895 0.757995 0.114113 0.105988
0.467505 0.026147 0.237655 0.043798 0.224895
0.549812 0.117187 0.000010 0.000010 0.332981
0.306164 0.011869 0.304564 0.377393 0.000010
0.000010 0.000010 0.841514 0.124792 0.033674
0.903350 0.000010 0.000010 0.096620 0.000010
0.675757 0.260015 0.000010 0.000010 0.064208
0.628946 0.022793 0.179047 0.169204 0.000010
0.000010 0.000010 0.999960 0.000010 0.000010
0.000010 0.000010 0.981963 0.000010 0.018007
0.000010 0.000010 0.676410 0.236987 0.086584
0.000010 0.053248 0.930829 0.015902 0.000010
0.639153 0.359774 0.000010 0.000010 0.001054
0.195978 0.050693 0.306134 0.447185 0.000010
0.382148 0.365380 0.174283 0.060595 0.017594
0.324644 0.000010 0.321843 0.353493 0.000010
0.723268 0.270552 0.000010 0.000010 0.006160
0.796702 0.138564 0.058704 0.000010 0.006019
0.805331 0.194639 0.000010 0.000010 0.000010
0.823278 0.132317 0.000010 0.044385 0.000010
0.809659 0.129955 0.000010 0.000010 0.060366
0.000010 0.000010 0.000010 0.000010 0.999960
0.000010 0.000010 0.000010 0.999960 0.000010
0.178751 0.012653 0.514965 0.293621 0.000010
0.673858 0.086202 0.000019 0.000010 0.239911
0.000010 0.000010 0.378636 0.525801 0.095543
0.785125 0.169064 0.000010 0.000010 0.045791
0.000010 0.000661 0.583109 0.416210 0.000010
0.000010 0.052589 0.470219 0.463929 0.013253
0.038565 0.041363 0.306773 0.613290 0.000010
0.230273 0.093530 0.069522 0.439429 0.167246
0.250731 0.000010 0.146816 0.602433 0.000010
0.010390 0.103415 0.049466 0.836719 0.000010
0.800656 0.000010 0.199314 0.000010 0.000010
0.488000 0.000010 0.098297 0.413683 0.000010
0.793099 0.050777 0.095279 0.000010 0.060836
0.055284 0.000010 0.160568 0.712215 0.071923
0.214149 0.043241 0.077641 0.606655 0.058315
0.364320 0.055550 0.134579 0.445541 0.000010
0.272323 0.000919 0.241818 0.394494 0.090446
0.157014 0.053508 0.235731 0.553738 0.000010
0.000010 0.000010 0.457845 0.508860 0.033275
0.103328 0.020226 0.399261 0.477174 0.000010
0.617869 0.000010 0.136276 0.245835 0.000010
0.782725 0.094857 0.020316 0.102091 0.000010
0.000010 0.000010 0.324972 0.571773 0.103235
0.287366 0.056932 0.346327 0.309364 0.000010
0.050966 0.011103 0.000010 0.000010 0.937911
0.000010 0.069448 0.000010 0.000010 0.930522
0.493014 0.000010 0.357849 0.149116 0.000010
0.000010 0.007969 0.000010 0.000010 0.992001
0.027461 0.035142 0.016056 0.000010 0.921331
0.138139 0.000010 0.049593 0.134506 0.677752
0.840174 0.015582 0.081723 0.038369 0.024152
0.083973 0.021128 0.004696 0.000010 0.890193
0.001952 0.045816 0.035831 0.057084 0.859317
0.063032 0.025702 0.000010 0.000010 0.911245
0.000010 0.000010 0.343557 0.601966 0.054457
0.000010 0.000010 0.158974 0.711846 0.129160
0.479482 0.000010 0.000010 0.376210 0.144288
0.163959 0.000010 0.426181 0.409840 0.000010
0.000010 0.000010 0.000010 0.000010 0.999960
0.358814 0.108586 0.182785 0.349166 0.000649
0.112448 0.000010 0.000010 0.000010 0.887522
0.104855 0.000599 0.014674 0.000010 0.879862
0.087599 0.022432 0.530560 0.338675 0.020734
0.000010 0.000010 0.000010 0.935377 0.064593
0.000010 0.023756 0.039578 0.084525 0.852132
0.046380 0.000010 0.309868 0.594189 0.049553
0.549749 0.000010 0.000010 0.369589 0.080642
0.000010 0.000010 0.000010 0.000010 0.999960
0.022346 0.035622 0.000010 0.097641 0.844381
0.000010 0.000010 0.000010 0.000010 0.999960
0.493483 0.053081 0.095510 0.357916 0.000010
0.999960 0.000010 0.000010 0.000010 0.000010
0.438421 0.000010 0.311215 0.250344 0.000010
0.329090 0.000010 0.252785 0.314265 0.103850
0.126080 0.001641 0.117442 0.000010 0.754827
0.000010 0.005065 0.000010 0.054361 0.940554
0.003583 0.135062 0.000010 0.157620 0.703725
0.000010 0.047683 0.000010 0.056567 0.895730
0.000010 0.000010 0.239162 0.679444 0.081374
0.064540 0.000010 0.891444 0.043996 0.000010
0.000010 0.096989 0.809512 0.076559 0.016929
0.016199 0.000010 0.896984 0.086797 0.000010
0.730043 0.091305 0.028321 0.030257 0.120074
0.000010 0.000010 0.000010 0.000010 0.999960
0.905823 0.094147 0.000010 0.000010 0.000010
0.723357 0.003644 0.055879 0.128169 0.088950
0.047893 0.030140 0.039568 0.066554 0.815845
0.032201 0.000010 0.000010 0.058666 0.909113
0.000010 0.000010 0.000010 0.010196 0.989774
0.000010 0.082781 0.121803 0.000010 0.795396
0.000010 0.000010 0.802113 0.197857 0.000010
0.000010 0.000010 0.810198 0.189772 0.000010
0.000010 0.029821 0.970149 0.000010 0.000010
0.048331 0.007203 0.000010 0.064779 0.879677
0.000010 0.000010 0.999960 0.000010 0.000010
0.040889 0.023949 0.858449 0.045836 0.030877
0.030152 0.085401 0.492822 0.391615 0.000010
0.000010 0.033115 0.000010 0.062852 0.904013
0.000010 0.000010 0.000010 0.000010 0.999960
0.077077 0.000010 0.024043 0.082087 0.816783
0.028477 0.000010 0.033368 0.106251 0.831893
0.097095 0.000010 0.012135 0.060229 0.830531
0.083589 0.026405 0.016184 0.067314 0.806508
0.024426 0.006973 0.000010 0.000010 0.968581
0.000010 0.083500 0.007521 0.081812 0.827158
0.243791 0.054629 0.021611 0.615186 0.064784
0.128068 0.121208 0.750704 0.000010 0.000010
0.000010 0.008780 0.073584 0.066449 0.851177
0.000010 0.121415 0.000010 0.101596 0.776969
0.000010 0.000010 0.868519 0.000010 0.131451
0.005521 0.018229 0.875516 0.100724 0.000010
0.072604 0.000010 0.927366 0.000010 0.000010
0.144572 0.000010 0.000010 0.186653 0.668755
0.000010 0.000010 0.000010 0.999960 0.000010
0.000010 0.032057 0.000010 0.967913 0.000010
0.000010 0.059773 0.000010 0.000010 0.940197
0.210004 0.165014 0.036373 0.402599 0.186010
0.169414 0.066030 0.142782 0.602565 0.019210
0.000010 0.000010 0.000010 0.000010 0.999960
0.265962 0.075970 0.000010 0.493532 0.164527
0.161879 0.000010 0.583542 0.254560 0.000010
0.128800 0.000010 0.033780 0.710648 0.126761
0.627792 0.000010 0.363368 0.008821 0.000010
0.104483 0.049110 0.229129 0.617267 0.000010
0.510769 0.012860 0.119673 0.122808 0.233890
0.000010 0.016730 0.216442 0.764600 0.002219
0.697461 0.000010 0.210988 0.091532 0.000010
0.052964 0.012323 0.000010 0.000010 0.934693
0.000010 0.179863 0.211868 0.608249 0.000010
0.000010 0.000010 0.000010 0.935914 0.064056
0.198843 0.004164 0.076879 0.602372 0.117741
0.601290 0.002441 0.000010 0.000010 0.396248
0.160357 0.019949 0.107037 0.628780 0.083877
0.063110 0.000010 0.285784 0.505039 0.146057
0.055754 0.029070 0.383628 0.406740 0.124808
0.479229 0.000010 0.000236 0.520515 0.000010
0.635084 0.000010 0.180691 0.184205 0.000010
0.000010 0.000010 0.057863 0.942107 0.000010
0.000010 0.000010 0.000010 0.999960 0.000010
0.012031 0.086068 0.000010 0.901880 0.000010
0.000010 0.000010 0.156493 0.843477 0.000010
0.132433 0.040134 0.000010 0.822035 0.005389
0.000010 0.000010 0.250464 0.648908 0.100608
0.000010 0.000010 0.304258 0.621599 0.074123
0.033515 0.000010 0.032828 0.825155 0.108493
0.000010 0.000010 0.136955 0.758751 0.104273
0.000010 0.021886 0.034068 0.746755 0.197281
0.404632 0.000010 0.017463 0.211499 0.366397
0.000010 0.000010 0.476340 0.523630 0.000010
0.000010 0.000010 0.315935 0.650724 0.033321
0.155838 0.000010 0.337730 0.464207 0.042215
0.209324 0.000010 0.072125 0.251823 0.466718
0.253584 0.042656 0.351366 0.352384 0.000010
0.345601 0.000010 0.228511 0.425868 0.000010
0.355243 0.051200 0.250781 0.342767 0.000010
0.111443 0.019518 0.429195 0.396386 0.043458
0.110591 0.032186 0.000010 0.000010 0.857203
0.000010 0.047716 0.027656 0.022831 0.901787
0.317288 0.122579 0.135039 0.425084 0.000010
0.029148 0.037749 0.067942 0.000010 0.865151
0.055896 0.078960 0.070081 0.200306 0.594757
0.268069 0.000010 0.127774 0.604137 0.000010
0.244510 0.000010 0.105660 0.000010 0.649810
0.252134 0.091799 0.061703 0.411225 0.183140
0.000010 0.000010 0.342603 0.657367 0.000010
0.543332 0.035858 0.116716 0.304084 0.000010
0.045775 0.082852 0.151809 0.074067 0.645498
0.097289 0.000010 0.055164 0.847527 0.000010
0.086400 0.010731 0.174089 0.691209 0.037570
0.000010 0.000010 0.522962 0.477008 0.000010
0.014765 0.058511 0.488300 0.405874 0.032549
0.039484 0.000010 0.867009 0.093487 0.000010
0.032183 0.026324 0.293820 0.647662 0.000010
0.037139 0.000010 0.350201 0.472003 0.140647
0.102991 0.000010 0.236657 0.590760 0.069582
0.000010 0.000010 0.948571 0.051399 0.000010
0.000010 0.000010 0.999960 0.000010 0.000010
0.262692 0.000010 0.031204 0.080500 0.625594
0.124379 0.000010 0.194110 0.132790 0.548711
