0.000010 0.181918 0.000010 0.037192 0.359810 0.000010 0.000010 0.000010 0.290287 0.000010 0.067644 0.000798 0.008647 0.000010 0.000010 0.000010 0.000791 0.052824
0.026886 0.107557 0.000010 0.000010 0.141291 0.000010 0.018255 0.000010 0.541149 0.000010 0.002923 0.019975 0.000010 0.041363 0.016491 0.041176 0.000010 0.042865
0.000010 0.057587 0.000010 0.010908 0.336598 0.050695 0.004312 0.037594 0.382920 0.004176 0.000010 0.000010 0.000010 0.007899 0.000010 0.068544 0.005844 0.032863
0.000010 0.000010 0.000010 0.000010 0.000010 0.000010 0.000010 0.000010 0.000010 0.000010 0.608333 0.000010 0.014117 0.377400 0.000010 0.000010 0.000010 0.000010
0.009476 0.000010 0.000010 0.000010 0.150165 0.022243 0.000010 0.000010 0.615755 0.000010 0.000010 0.067520 0.021537 0.000010 0.000010 0.000010 0.052352 0.060852
0.000010 0.058976 0.013478 0.000010 0.698047 0.015126 0.000010 0.009354 0.112683 0.000010 0.000010 0.002686 0.016330 0.034847 0.000010 0.004698 0.015897 0.017817
0.000010 0.008554 0.012001 0.288735 0.219467 0.000010 0.000010 0.013007 0.000010 0.000010 0.276900 0.000010 0.000010 0.161013 0.020222 0.000010 0.000010 0.000010
0.059678 0.000010 0.043448 0.000010 0.883347 0.000010 0.000010 0.000010 0.000010 0.000010 0.013387 0.000010 0.000010 0.000010 0.000010 0.000010 0.000010 0.000010
0.058919 0.279292 0.000010 0.000010 0.000135 0.003876 0.000010 0.005178 0.439156 0.000010 0.040033 0.016335 0.023961 0.032438 0.000010 0.000010 0.000010 0.100607
0.051336 0.018458 0.000010 0.000010 0.808896 0.000010 0.000010 0.000010 0.060958 0.000010 0.010065 0.000010 0.000010 0.008415 0.000010 0.000010 0.000010 0.041763
0.062158 0.052731 0.000010 0.000010 0.536873 0.011240 0.000010 0.000010 0.101979 0.000010 0.000010 0.000010 0.000010 0.000010 0.006217 0.021764 0.000010 0.206937
0.000010 0.212412 0.028453 0.004784 0.308546 0.011426 0.000010 0.000010 0.312280 0.013011 0.003269 0.000010 0.003916 0.000010 0.026176 0.001029 0.011510 0.063137
0.050105 0.310473 0.035800 0.033939 0.000010 0.000010 0.000010 0.099265 0.125408 0.026050 0.000010 0.000010 0.063605 0.161249 0.000010 0.000010 0.094026 0.000010
0.011995 0.318944 0.015690 0.038287 0.000010 0.015077 0.000010 0.037310 0.000010 0.000010 0.269479 0.000010 0.003656 0.262399 0.000010 0.000010 0.018031 0.009063
0.004548 0.001338 0.000010 0.007949 0.861941 0.000010 0.015253 0.000010 0.000010 0.000010 0.000010 0.000010 0.000010 0.024653 0.000010 0.000010 0.018525 0.065693
0.010441 0.116866 0.000010 0.033297 0.300065 0.000010 0.035414 0.033641 0.366832 0.010789 0.013245 0.000010 0.019728 0.000010 0.000010 0.021114 0.023076 0.015442
0.022113 0.047042 0.000010 0.025443 0.645885 0.000010 0.000010 0.017424 0.145469 0.000010 0.012851 0.053192 0.001859 0.000010 0.000010 0.000010 0.000010 0.028641
0.000010 0.000010 0.035611 0.203243 0.403483 0.000010 0.000010 0.015769 0.033741 0.000010 0.177722 0.000010 0.000010 0.119791 0.000010 0.000010 0.000010 0.010540
0.650267 0.000010 0.045313 0.000015 0.241039 0.000010 0.000010 0.015655 0.000010 0.000010 0.000010 0.000010 0.010820 0.000010 0.000010 0.000010 0.000010 0.036781
0.000010 0.000010 0.006235 0.000010 0.000010 0.000010 0.888052 0.000010 0.000010 0.041006 0.000010 0.053249 0.007044 0.000010 0.000010 0.000010 0.004294 0.000010
0.000010 0.000010 0.007313 0.000010 0.016663 0.000010 0.939607 0.004143 0.000010 0.000010 0.000010 0.029392 0.000010 0.002762 0.000010 0.000010 0.000010 0.000010
0.000010 0.000010 0.000010 0.000010 0.000010 0.000010 0.999830 0.000010 0.000010 0.000010 0.000010 0.000010 0.000010 0.000010 0.000010 0.000010 0.000010 0.000010
0.000010 0.000010 0.041585 0.000010 0.018199 0.000010 0.924710 0.009161 0.000010 0.005769 0.000010 0.000456 0.000010 0.000010 0.000010 0.000010 0.000010 0.000010
0.000010 0.000010 0.000010 0.000010 0.000010 0.000010 0.000313 0.000010 0.000010 0.000010 0.000010 0.000010 0.000010 0.999527 0.000010 0.000010 0.000010 0.000010
0.999830 0.000010 0.000010 0.000010 0.000010 0.000010 0.000010 0.000010 0.000010 0.000010 0.000010 0.000010 0.000010 0.000010 0.000010 0.000010 0.000010 0.000010
0.000010 0.000010 0.000010 0.000010 0.000010 0.000010 0.923784 0.004893 0.000010 0.037073 0.000010 0.016987 0.007834 0.001155 0.008162 0.000010 0.000010 0.000010
0.000010 0.000010 0.000010 0.000010 0.000010 0.003463 0.025928 0.000010 0.816313 0.000010 0.040220 0.013814 0.042487 0.008153 0.043920 0.000010 0.000010 0.005612
0.000010 0.000010 0.000010 0.000010 0.000010 0.000010 0.958743 0.000010 0.000010 0.003384 0.017751 0.019982 0.000010 0.000010 0.000010 0.000010 0.000010 0.000010
0.060598 0.456136 0.000010 0.002264 0.076679 0.000010 0.000010 0.041901 0.207515 0.000010 0.000010 0.043802 0.037400 0.028803 0.000010 0.044821 0.000010 0.000010
0.016746 0.556462 0.000010 0.000010 0.068296 0.000010 0.000010 0.025696 0.168698 0.000010 0.015800 0.000010 0.019329 0.066494 0.000010 0.062390 0.000010 0.000010
0.032078 0.902322 0.015061 0.000010 0.000010 0.000010 0.000010 0.000010 0.000010 0.000010 0.001885 0.002568 0.004395 0.000010 0.000010 0.000010 0.001194 0.040398
0.052587 0.410470 0.000010 0.000010 0.035969 0.000010 0.000010 0.041677 0.346405 0.015010 0.000010 0.045296 0.010006 0.042015 0.000010 0.000010 0.000485 0.000010
0.005203 0.178678 0.005685 0.000010 0.006065 0.054810 0.000010 0.138246 0.133530 0.053444 0.000010 0.053460 0.053153 0.198739 0.066862 0.000010 0.052075 0.000010
0.129532 0.368948 0.028857 0.000010 0.000010 0.000010 0.000010 0.104327 0.100830 0.000010 0.000010 0.000010 0.062693 0.047243 0.045579 0.042183 0.069729 0.000010
0.035461 0.054168 0.268609 0.059701 0.093576 0.000010 0.000010 0.000010 0.350343 0.027391 0.000010 0.018054 0.003395 0.003279 0.000344 0.034383 0.000010 0.051245
0.000010 0.018631 0.000010 0.003073 0.088038 0.012992 0.000010 0.000010 0.111727 0.003232 0.000010 0.000010 0.000010 0.479586 0.000010 0.000010 0.000010 0.282622
0.000010 0.000010 0.000010 0.000010 0.150395 0.000010 0.000010 0.000010 0.000010 0.000010 0.000010 0.000010 0.000010 0.602197 0.000010 0.000010 0.000010 0.247258
0.000010 0.000010 0.000010 0.000010 0.000010 0.000010 0.000010 0.000010 0.000010 0.979235 0.000010 0.000010 0.000010 0.000010 0.000010 0.020605 0.000010 0.000010
0.066144 0.397246 0.062471 0.000010 0.000010 0.000010 0.000010 0.046967 0.302516 0.000010 0.015404 0.000010 0.042184 0.005629 0.000010 0.000010 0.000010 0.061348
0.016937 0.655526 0.000578 0.000010 0.039363 0.011328 0.000010 0.009548 0.074837 0.000010 0.000010 0.000010 0.032090 0.040438 0.000010 0.102435 0.016850 0.000010
0.000010 0.000010 0.000010 0.000010 0.999830 0.000010 0.000010 0.000010 0.000010 0.000010 0.000010 0.000010 0.000010 0.000010 0.000010 0.000010 0.000010 0.000010
0.089507 0.389726 0.000010 0.013222 0.165702 0.031689 0.000010 0.026031 0.142453 0.000010 0.015224 0.000010 0.019493 0.016242 0.067832 0.009643 0.013186 0.000010
0.000010 0.000010 0.000010 0.000010 0.656193 0.032367 0.000010 0.037137 0.199560 0.000010 0.000010 0.000010 0.000010 0.000010 0.000010 0.074613 0.000010 0.000010
0.000010 0.000010 0.000010 0.001719 0.733138 0.000010 0.000010 0.004776 0.230477 0.000010 0.000010 0.000010 0.000010 0.023218 0.000010 0.004505 0.002057 0.000010
0.080485 0.255187 0.000010 0.000010 0.000010 0.000010 0.000010 0.000010 0.000941 0.000010 0.000010 0.000010 0.631908 0.000010 0.000010 0.000010 0.031349 0.000010
0.000010 0.000010 0.000010 0.000010 0.000010 0.000010 0.657415 0.000010 0.000010 0.310401 0.000010 0.000010 0.000010 0.000010 0.000010 0.032034 0.000010 0.000010
0.000010 0.000010 0.003828 0.000010 0.000010 0.000010 0.673988 0.000010 0.032357 0.269359 0.000010 0.000010 0.000010 0.000010 0.018971 0.000010 0.000010 0.001377
0.000010 0.047469 0.005834 0.000010 0.000010 0.000010 0.227157 0.134450 0.120255 0.192897 0.000010 0.114809 0.066689 0.000010 0.064084 0.000010 0.001095 0.025189
0.066847 0.162583 0.022423 0.006140 0.000010 0.075069 0.000013 0.079938 0.225673 0.017975 0.000010 0.001931 0.070452 0.043425 0.068664 0.011711 0.113547 0.033590
0.054197 0.219111 0.020653 0.000010 0.014051 0.000010 0.000010 0.039459 0.264463 0.000010 0.000010 0.015792 0.135483 0.083196 0.000010 0.052936 0.100590 0.000010
0.000010 0.000010 0.000010 0.000010 0.000010 0.999830 0.000010 0.000010 0.000010 0.000010 0.000010 0.000010 0.000010 0.000010 0.000010 0.000010 0.000010 0.000010
0.128279 0.310566 0.006194 0.074267 0.000010 0.018997 0.006717 0.064874 0.040515 0.027538 0.000010 0.029345 0.062304 0.022998 0.139593 0.001861 0.065923 0.000010
0.000010 0.000010 0.000010 0.000010 0.000012 0.999828 0.000010 0.000010 0.000010 0.000010 0.000010 0.000010 0.000010 0.000010 0.000010 0.000010 0.000010 0.000010
0.070067 0.233604 0.035245 0.000010 0.016437 0.004407 0.000010 0.092797 0.180760 0.008684 0.000010 0.000010 0.114082 0.000010 0.089301 0.017124 0.083635 0.053808
0.139347 0.309933 0.002857 0.015112 0.000010 0.037394 0.000010 0.075288 0.085478 0.052780 0.000010 0.000010 0.114245 0.049920 0.004464 0.021732 0.091402 0.000010
0.000010 0.000010 0.999825 0.000010 0.000010 0.000010 0.000010 0.000010 0.000010 0.000015 0.000010 0.000010 0.000010 0.000010 0.000010 0.000010 0.000010 0.000010
0.000010 0.000812 0.036060 0.000010 0.856633 0.009490 0.000010 0.000010 0.000247 0.022583 0.002818 0.010951 0.018428 0.004155 0.037754 0.000010 0.000010 0.000010
0.053259 0.436547 0.017513 0.000010 0.000010 0.000010 0.000010 0.063220 0.303287 0.000010 0.000010 0.000010 0.000010 0.071196 0.000010 0.000010 0.025265 0.029614
0.089388 0.401219 0.000010 0.045501 0.000010 0.033345 0.000010 0.006461 0.345743 0.000010 0.000010 0.000010 0.004823 0.059305 0.000010 0.000010 0.000010 0.014124
0.015435 0.036351 0.012812 0.154146 0.620298 0.036176 0.000010 0.001420 0.023867 0.000010 0.003332 0.000010 0.005856 0.043560 0.000010 0.000010 0.000010 0.046686
0.000010 0.732053 0.000010 0.000010 0.000010 0.020327 0.000010 0.000010 0.190066 0.018215 0.000010 0.000010 0.034057 0.001004 0.000010 0.004168 0.000010 0.000010
0.012168 0.472021 0.027471 0.027127 0.067507 0.000010 0.000010 0.045728 0.251843 0.000010 0.000950 0.000010 0.038855 0.045480 0.000010 0.000010 0.000010 0.010779
0.065173 0.345776 0.036972 0.000010 0.440000 0.027512 0.041362 0.004793 0.000010 0.000010 0.009654 0.000010 0.000653 0.000010 0.000010 0.001774 0.026259 0.000010
0.000010 0.574482 0.001404 0.000010 0.013948 0.000010 0.000010 0.069858 0.285470 0.011977 0.017806 0.000010 0.005304 0.000010 0.000010 0.010412 0.000010 0.009259
0.059519 0.404568 0.021289 0.042772 0.029454 0.000010 0.000010 0.033878 0.203871 0.011718 0.000010 0.059391 0.025321 0.045723 0.000010 0.000010 0.045318 0.017127
0.037437 0.041737 0.089036 0.053732 0.152753 0.046481 0.000010 0.006532 0.000010 0.046307 0.109360 0.001216 0.000010 0.136826 0.000010 0.018544 0.164684 0.095314
0.000010 0.000010 0.000010 0.000010 0.000010 0.000010 0.000010 0.162140 0.000010 0.562597 0.152791 0.000010 0.000019 0.122323 0.000010 0.000010 0.000010 0.000010
0.000010 0.000010 0.027778 0.000010 0.000010 0.000010 0.000010 0.000010 0.104704 0.011513 0.473505 0.008151 0.000010 0.281283 0.082523 0.000010 0.010442 0.000010
0.004814 0.000010 0.022999 0.027471 0.842345 0.000010 0.000010 0.009068 0.025638 0.021939 0.000010 0.000010 0.000010 0.030913 0.000010 0.002848 0.011887 0.000010
0.145576 0.305727 0.022271 0.013585 0.000010 0.002746 0.000010 0.100345 0.152789 0.000010 0.000010 0.039123 0.105976 0.044734 0.004993 0.000010 0.049162 0.012922
0.104338 0.164926 0.000010 0.000010 0.040300 0.072378 0.011730 0.091731 0.233761 0.000010 0.000010 0.010148 0.074161 0.028405 0.093097 0.000010 0.051600 0.023375
0.184061 0.108547 0.028801 0.000010 0.054345 0.058309 0.000010 0.058674 0.177339 0.000010 0.000010 0.000010 0.066965 0.000010 0.091875 0.000010 0.171004 0.000010
0.000010 0.101727 0.121381 0.019245 0.000010 0.035387 0.000010 0.019693 0.581770 0.000020 0.000010 0.017964 0.000010 0.000010 0.001729 0.008606 0.000010 0.092411
0.000010 0.400525 0.000010 0.000010 0.070584 0.023332 0.000010 0.014826 0.387526 0.005000 0.000010 0.000010 0.000010 0.055274 0.024114 0.000010 0.018729 0.000010
0.054520 0.174635 0.086492 0.029688 0.047525 0.000010 0.000010 0.030115 0.481889 0.000010 0.030702 0.000010 0.037963 0.000010 0.000010 0.000010 0.000010 0.026392
0.017396 0.605030 0.027352 0.000010 0.009284 0.000010 0.000010 0.044243 0.127045 0.020016 0.000010 0.039383 0.000010 0.000010 0.000010 0.032189 0.047067 0.030924
0.009297 0.661631 0.034702 0.000010 0.014883 0.050376 0.000010 0.000010 0.182733 0.000010 0.014566 0.013207 0.000010 0.012900 0.000010 0.000010 0.003692 0.001943
0.069412 0.495315 0.028808 0.000010 0.010462 0.016696 0.019561 0.029413 0.164586 0.041065 0.000010 0.000010 0.000010 0.000010 0.000010 0.012885 0.041604 0.070133
0.000010 0.000010 0.000010 0.000010 0.000010 0.000010 0.000010 0.000010 0.000010 0.999830 0.000010 0.000010 0.000010 0.000010 0.000010 0.000010 0.000010 0.000010
0.009734 0.472820 0.000010 0.000010 0.060659 0.014311 0.000010 0.019050 0.297171 0.000010 0.000010 0.037044 0.000752 0.064381 0.000010 0.000010 0.023998 0.000010
0.000010 0.634608 0.028550 0.000010 0.000010 0.008695 0.000010 0.000010 0.038404 0.000010 0.000010 0.000010 0.000010 0.037939 0.000010 0.104013 0.059539 0.088152
0.000010 0.057323 0.000010 0.000010 0.576860 0.005848 0.000010 0.014864 0.136469 0.007971 0.022636 0.004180 0.000010 0.000010 0.001187 0.007439 0.000010 0.165152
0.006600 0.018225 0.023205 0.000010 0.562937 0.000010 0.000010 0.000010 0.075952 0.000010 0.022244 0.000010 0.000010 0.006046 0.065930 0.000010 0.006308 0.212473
0.000010 0.032076 0.718503 0.048254 0.023234 0.000010 0.000010 0.000010 0.105447 0.000010 0.000010 0.023565 0.000010 0.000010 0.039110 0.000010 0.000010 0.009710
0.000010 0.000010 0.000010 0.178683 0.665609 0.009621 0.000010 0.000010 0.060685 0.000010 0.047810 0.000010 0.001524 0.003101 0.000010 0.001384 0.000010 0.031493
0.000010 0.000010 0.000010 0.000010 0.000010 0.000010 0.000010 0.000010 0.000010 0.999830 0.000010 0.000010 0.000010 0.000010 0.000010 0.000010 0.000010 0.000010
0.000010 0.014067 0.011305 0.000010 0.000010 0.079989 0.695766 0.000010 0.003613 0.000010 0.000010 0.021032 0.029122 0.000010 0.082884 0.056884 0.005258 0.000010
0.010708 0.007145 0.047719 0.000010 0.341739 0.000010 0.000010 0.000010 0.067576 0.000010 0.016210 0.000010 0.000010 0.000010 0.000010 0.000010 0.000010 0.508794
0.000010 0.129378 0.063562 0.000010 0.116110 0.012909 0.000010 0.105656 0.329433 0.000010 0.009662 0.000010 0.086297 0.000010 0.000010 0.026125 0.047896 0.072900
0.003205 0.000010 0.000010 0.000010 0.000010 0.048590 0.763104 0.004621 0.000010 0.057812 0.018894 0.000010 0.006725 0.000010 0.069768 0.027192 0.000010 0.000010
0.000010 0.009655 0.043750 0.000010 0.000010 0.000010 0.786322 0.000010 0.021094 0.017330 0.022613 0.000010 0.008769 0.000010 0.039793 0.050469 0.000010 0.000126
0.000010 0.000010 0.000010 0.000010 0.000010 0.028199 0.719934 0.024232 0.098955 0.006592 0.000010 0.077995 0.000010 0.003042 0.000010 0.015902 0.025060 0.000010
0.004187 0.000010 0.008627 0.000010 0.000010 0.000010 0.764141 0.000010 0.061088 0.059218 0.000010 0.000010 0.000010 0.000010 0.023975 0.074443 0.004221 0.000010
0.009227 0.030515 0.002162 0.000010 0.000010 0.029114 0.770229 0.000010 0.019083 0.016502 0.000010 0.054103 0.001005 0.012624 0.030579 0.000010 0.024796 0.000010
0.000010 0.018175 0.000010 0.097501 0.056366 0.000010 0.240287 0.021718 0.326310 0.000010 0.027347 0.000010 0.013770 0.000010 0.000010 0.069784 0.036662 0.092010
0.000010 0.000010 0.000010 0.000010 0.000010 0.000010 0.000010 0.000010 0.000010 0.000010 0.000010 0.000010 0.999830 0.000010 0.000010 0.000010 0.000010 0.000010
0.000010 0.000010 0.000010 0.000010 0.000010 0.000010 0.000010 0.000010 0.000010 0.000010 0.000010 0.000010 0.999830 0.000010 0.000010 0.000010 0.000010 0.000010
0.000010 0.048213 0.000010 0.028016 0.174989 0.000010 0.000010 0.039839 0.296560 0.000010 0.000010 0.057908 0.024796 0.000010 0.000010 0.000010 0.022864 0.306724
0.000010 0.000010 0.000010 0.074091 0.743414 0.000010 0.022982 0.000010 0.000010 0.018550 0.036412 0.000010 0.000010 0.021933 0.000010 0.000010 0.000010 0.082509
0.000010 0.000010 0.000010 0.000010 0.000010 0.000010 0.000010 0.000010 0.000010 0.000010 0.000010 0.000010 0.999830 0.000010 0.000010 0.000010 0.000010 0.000010
0.000010 0.000010 0.029760 0.000010 0.000010 0.000010 0.000010 0.000010 0.900631 0.000010 0.014252 0.000010 0.000010 0.000010 0.000010 0.000010 0.055217 0.000010
0.000010 0.000010 0.000010 0.000010 0.000010 0.000010 0.000010 0.000010 0.000010 0.000010 0.000010 0.000010 0.999830 0.000010 0.000010 0.000010 0.000010 0.000010
0.032737 0.126186 0.043055 0.012876 0.148297 0.028881 0.000010 0.000010 0.540687 0.000010 0.012982 0.000010 0.007931 0.000010 0.000010 0.000010 0.002257 0.044040
0.000010 0.000011 0.000010 0.000010 0.000010 0.000010 0.000010 0.000010 0.000010 0.000010 0.999829 0.000010 0.000010 0.000010 0.000010 0.000010 0.000010 0.000010
0.038008 0.000010 0.000010 0.000010 0.629044 0.003158 0.000010 0.000010 0.083656 0.000010 0.000010 0.000010 0.011405 0.000010 0.000010 0.009006 0.013540 0.212082
0.000010 0.000010 0.000010 0.000010 0.000010 0.000010 0.000010 0.000010 0.000010 0.000010 0.097007 0.000010 0.477104 0.425739 0.000010 0.000010 0.000010 0.000010
0.000010 0.000010 0.000010 0.000010 0.000010 0.000010 0.000010 0.000010 0.000010 0.000010 0.000010 0.000010 0.000010 0.000010 0.000010 0.000010 0.000010 0.999830
0.014948 0.000010 0.063294 0.000010 0.000010 0.020649 0.000010 0.000010 0.757788 0.016824 0.056363 0.000010 0.070024 0.000010 0.000010 0.000010 0.000010 0.000010
0.018863 0.110106 0.018877 0.020601 0.166004 0.000010 0.000010 0.000010 0.486020 0.000010 0.020368 0.048067 0.019402 0.000010 0.000010 0.000010 0.029287 0.062336
0.000010 0.002606 0.000010 0.031932 0.779291 0.000010 0.000010 0.000010 0.058161 0.000010 0.000010 0.030848 0.032623 0.000010 0.000010 0.005524 0.000010 0.058916
0.098040 0.126782 0.002272 0.000010 0.000010 0.343695 0.000010 0.027246 0.011955 0.027779 0.000010 0.000010 0.061981 0.005462 0.116440 0.019969 0.158318 0.000010
0.021168 0.049468 0.017708 0.095806 0.489192 0.000010 0.000010 0.000010 0.249953 0.000010 0.000010 0.002135 0.000010 0.000010 0.000010 0.000010 0.026184 0.048294
0.014282 0.016424 0.015270 0.014360 0.704669 0.036342 0.000010 0.000010 0.160380 0.000010 0.000010 0.000010 0.000010 0.015511 0.000010 0.000010 0.000010 0.022672
0.009823 0.066064 0.000010 0.000010 0.842576 0.000010 0.000010 0.000010 0.000010 0.000010 0.019469 0.000010 0.000010 0.000010 0.000010 0.000010 0.000010 0.061938
0.000010 0.196797 0.043409 0.017684 0.091822 0.015006 0.000010 0.000010 0.558459 0.006133 0.000010 0.000445 0.053782 0.016385 0.000010 0.000010 0.000010 0.000010
0.000010 0.000010 0.000010 0.000010 0.000010 0.000010 0.000010 0.000010 0.000010 0.000010 0.000010 0.000010 0.000010 0.000010 0.000010 0.000010 0.000010 0.999830
0.000010 0.000010 0.000010 0.000010 0.000010 0.000010 0.000010 0.000010 0.000010 0.000010 0.999830 0.000010 0.000010 0.000010 0.000010 0.000010 0.000010 0.000010
0.000010 0.000010 0.000010 0.000010 0.000010 0.000010 0.000010 0.000010 0.000010 0.000010 0.999830 0.000010 0.000010 0.000010 0.000010 0.000010 0.000010 0.000010
0.000010 0.031640 0.026661 0.000010 0.715059 0.000010 0.000010 0.000010 0.049242 0.000010 0.000010 0.000010 0.007581 0.009235 0.034119 0.000010 0.000010 0.126362
0.000010 0.000010 0.000010 0.000010 0.000010 0.000010 0.000010 0.000010 0.000010 0.000010 0.999829 0.000010 0.000011 0.000010 0.000010 0.000010 0.000010 0.000010
0.000010 0.000010 0.000010 0.033607 0.720002 0.026731 0.000010 0.001566 0.153185 0.000010 0.000010 0.000010 0.000010 0.033066 0.000010 0.031733 0.000010 0.000010
0.000010 0.000010 0.000010 0.000010 0.985616 0.000010 0.000010 0.000010 0.000010 0.000010 0.000010 0.000010 0.000010 0.000010 0.000010 0.000010 0.000010 0.014224
0.000010 0.000010 0.000010 0.000010 0.000010 0.000010 0.000010 0.000010 0.000010 0.000010 0.999830 0.000010 0.000010 0.000010 0.000010 0.000010 0.000010 0.000010
0.000010 0.000010 0.000010 0.000010 0.000010 0.000010 0.000010 0.000010 0.000010 0.000010 0.999830 0.000010 0.000010 0.000010 0.000010 0.000010 0.000010 0.000010
0.000010 0.000010 0.000010 0.000010 0.000010 0.000010 0.000010 0.000010 0.000012 0.000010 0.999823 0.000010 0.000010 0.000010 0.000010 0.000010 0.000015 0.000010
0.000010 0.000010 0.000010 0.000010 0.000010 0.000010 0.000010 0.013951 0.000010 0.000010 0.985889 0.000010 0.000010 0.000010 0.000010 0.000010 0.000010 0.000010
0.000010 0.018944 0.000010 0.000010 0.000010 0.000010 0.000010 0.000010 0.000010 0.000010 0.648306 0.000010 0.000010 0.258255 0.024713 0.049652 0.000010 0.000010
0.010984 0.016953 0.000010 0.000010 0.050307 0.049009 0.045399 0.000010 0.624252 0.000010 0.000010 0.000010 0.020326 0.069214 0.000010 0.030745 0.000010 0.082731
0.051650 0.066060 0.000010 0.055182 0.021744 0.000010 0.000010 0.000010 0.650837 0.000010 0.031226 0.020622 0.000010 0.016261 0.000010 0.003198 0.000010 0.083140
0.000012 0.000010 0.000010 0.000010 0.000010 0.000010 0.000010 0.000010 0.000010 0.000010 0.999828 0.000010 0.000010 0.000010 0.000010 0.000010 0.000010 0.000010
0.000010 0.000010 0.000010 0.250836 0.361812 0.000010 0.000010 0.018731 0.142392 0.019960 0.101395 0.000010 0.000010 0.069132 0.000010 0.000010 0.010980 0.024673
0.000010 0.000010 0.038754 0.000010 0.517145 0.000010 0.000010 0.000010 0.103607 0.000010 0.000010 0.000010 0.000010 0.017952 0.014109 0.000010 0.000010 0.308313
0.000010 0.000010 0.000010 0.000010 0.000010 0.000010 0.000010 0.000010 0.000010 0.000010 0.999830 0.000010 0.000010 0.000010 0.000010 0.000010 0.000010 0.000010
0.000010 0.000010 0.018656 0.000010 0.000010 0.015566 0.000010 0.021926 0.000010 0.000010 0.911520 0.003773 0.000010 0.028440 0.000010 0.000010 0.000010 0.000010
0.000010 0.000010 0.000010 0.000010 0.000010 0.000010 0.000010 0.000010 0.000010 0.000010 0.999830 0.000010 0.000010 0.000010 0.000010 0.000010 0.000010 0.000010
0.005981 0.164073 0.224178 0.088201 0.084155 0.001644 0.000010 0.024752 0.212690 0.048151 0.000010 0.036062 0.037987 0.038096 0.000010 0.000010 0.000010 0.033979
0.000010 0.126708 0.031496 0.000010 0.078246 0.000010 0.000010 0.000010 0.613521 0.000010 0.030193 0.000010 0.000010 0.035372 0.000010 0.000010 0.000010 0.084354
0.014325 0.106921 0.020569 0.000010 0.042214 0.000010 0.000010 0.000010 0.642966 0.000010 0.023394 0.024561 0.000010 0.000010 0.000010 0.000010 0.030733 0.094226
0.003956 0.216367 0.021542 0.005496 0.000010 0.000010 0.004171 0.000010 0.634176 0.000010 0.016549 0.000010 0.007440 0.021193 0.000010 0.000010 0.000010 0.069032
0.000010 0.000010 0.000010 0.000010 0.000010 0.000010 0.000010 0.000010 0.000014 0.000010 0.341115 0.000010 0.000010 0.658722 0.000010 0.000010 0.000010 0.000010
0.000010 0.000010 0.000010 0.000010 0.000010 0.000010 0.272490 0.040432 0.000010 0.205228 0.422693 0.000010 0.000010 0.000010 0.003237 0.000010 0.000010 0.055800
0.000010 0.000010 0.000010 0.000010 0.000010 0.000010 0.000010 0.000010 0.000010 0.000010 0.999830 0.000010 0.000010 0.000010 0.000010 0.000010 0.000010 0.000010
0.000010 0.000010 0.000010 0.000010 0.000010 0.000010 0.000010 0.000010 0.000010 0.000010 0.999830 0.000010 0.000010 0.000010 0.000010 0.000010 0.000010 0.000010
0.000010 0.000010 0.000010 0.000010 0.000010 0.000010 0.000011 0.000010 0.000010 0.000010 0.999829 0.000010 0.000010 0.000010 0.000010 0.000010 0.000010 0.000010
0.000010 0.000010 0.000010 0.000010 0.000011 0.000010 0.000010 0.000010 0.000010 0.000010 0.965164 0.000010 0.000010 0.034675 0.000010 0.000010 0.000010 0.000010
0.000010 0.000010 0.000010 0.000010 0.000010 0.000010 0.000010 0.000010 0.000010 0.000010 0.999830 0.000010 0.000010 0.000010 0.000010 0.000010 0.000010 0.000010
0.000010 0.000010 0.000010 0.000010 0.000010 0.000010 0.000010 0.000010 0.000010 0.000010 0.999830 0.000010 0.000010 0.000010 0.000010 0.000010 0.000010 0.000010
0.000010 0.026952 0.294480 0.000010 0.208865 0.000010 0.000010 0.000010 0.279359 0.020608 0.000010 0.000010 0.033918 0.045777 0.010597 0.079354 0.000010 0.000010
0.000010 0.000010 0.000010 0.000010 0.000010 0.000010 0.000010 0.000010 0.000010 0.000010 0.999830 0.000010 0.000010 0.000010 0.000010 0.000010 0.000010 0.000010
0.000010 0.000010 0.000010 0.006825 0.000010 0.009122 0.000010 0.000010 0.000010 0.004875 0.692437 0.041920 0.002689 0.238209 0.000010 0.000010 0.003824 0.000010
0.000010 0.000010 0.000010 0.002100 0.863178 0.000010 0.000010 0.000010 0.113006 0.011361 0.000010 0.010226 0.000010 0.000010 0.000010 0.000010 0.000010 0.000010
0.000010 0.000010 0.000010 0.000010 0.000010 0.000010 0.000010 0.000010 0.000010 0.000010 0.345286 0.000010 0.000010 0.654554 0.000010 0.000010 0.000010 0.000010
0.034627 0.000010 0.033374 0.173345 0.077265 0.000010 0.000010 0.022800 0.000010 0.000010 0.149612 0.000010 0.000010 0.508867 0.000010 0.000010 0.000010 0.000010
0.000011 0.000010 0.000010 0.000010 0.000010 0.000011 0.000010 0.000010 0.000010 0.000010 0.999827 0.000010 0.000010 0.000010 0.000010 0.000010 0.000010 0.000010
0.000010 0.000010 0.000010 0.000010 0.000010 0.000010 0.000010 0.000010 0.000010 0.000010 0.999830 0.000010 0.000010 0.000010 0.000010 0.000010 0.000010 0.000010
0.000010 0.000010 0.000010 0.000010 0.000012 0.000010 0.000012 0.000010 0.000011 0.000010 0.999825 0.000010 0.000010 0.000010 0.000010 0.000010 0.000010 0.000010
0.000010 0.000010 0.000010 0.000010 0.000010 0.000010 0.000010 0.000010 0.000010 0.000010 0.999830 0.000010 0.000010 0.000010 0.000010 0.000010 0.000010 0.000010
0.000010 0.000010 0.000010 0.000010 0.000010 0.000010 0.000010 0.000010 0.000010 0.000010 0.834269 0.000010 0.000010 0.165571 0.000010 0.000010 0.000010 0.000010
0.000010 0.000011 0.000010 0.000010 0.000017 0.000010 0.000010 0.000010 0.000010 0.000010 0.999822 0.000010 0.000010 0.000010 0.000010 0.000010 0.000010 0.000010
0.000010 0.000010 0.999830 0.000010 0.000010 0.000010 0.000010 0.000010 0.000010 0.000010 0.000010 0.000010 0.000010 0.000010 0.000010 0.000010 0.000010 0.000010
0.000010 0.000010 0.000010 0.000010 0.000010 0.000010 0.000010 0.000010 0.000010 0.000010 0.000010 0.999830 0.000010 0.000010 0.000010 0.000010 0.000010 0.000010
0.000010 0.000010 0.000010 0.000010 0.000010 0.000010 0.000010 0.000010 0.000010 0.000010 0.000010 0.999830 0.000010 0.000010 0.000010 0.000010 0.000010 0.000010
0.000010 0.000010 0.000010 0.000010 0.000010 0.000010 0.000010 0.000010 0.000010 0.000010 0.000010 0.999830 0.000010 0.000010 0.000010 0.000010 0.000010 0.000010
0.000010 0.000010 0.000010 0.000010 0.000010 0.000010 0.000010 0.000010 0.000010 0.000020 0.999818 0.000010 0.000010 0.000010 0.000010 0.000010 0.000012 0.000010
0.000010 0.000010 0.000010 0.000010 0.000010 0.000010 0.000010 0.000010 0.000010 0.000010 0.999830 0.000010 0.000010 0.000010 0.000010 0.000010 0.000010 0.000010
0.000010 0.000010 0.000010 0.000010 0.000010 0.000010 0.000010 0.000010 0.000010 0.000010 0.000010 0.999830 0.000010 0.000010 0.000010 0.000010 0.000010 0.000010
0.000010 0.000010 0.000010 0.000010 0.000010 0.000010 0.000010 0.000010 0.000010 0.000010 0.000010 0.999830 0.000010 0.000010 0.000010 0.000010 0.000010 0.000010
0.000010 0.000010 0.000010 0.000010 0.000010 0.000010 0.000010 0.000010 0.000010 0.000010 0.000010 0.999830 0.000010 0.000010 0.000010 0.000010 0.000010 0.000010
0.000010 0.000010 0.000010 0.000010 0.000010 0.000012 0.000010 0.000010 0.000010 0.000010 0.999828 0.000010 0.000010 0.000010 0.000010 0.000010 0.000010 0.000010
0.000010 0.000013 0.000010 0.000010 0.000011 0.000010 0.000011 0.000010 0.000010 0.000010 0.999825 0.000010 0.000011 0.000010 0.000010 0.000010 0.000010 0.000010
0.000010 0.000010 0.000010 0.000010 0.000010 0.761970 0.000010 0.000010 0.000010 0.000010 0.000010 0.000010 0.000010 0.000010 0.000010 0.000010 0.237870 0.000010
0.000010 0.000010 0.000010 0.000010 0.000010 0.000010 0.000010 0.000010 0.000010 0.000010 0.999830 0.000010 0.000010 0.000010 0.000010 0.000010 0.000010 0.000010
0.904562 0.000010 0.000010 0.000043 0.095245 0.000010 0.000010 0.000010 0.000010 0.000010 0.000010 0.000010 0.000010 0.000010 0.000010 0.000010 0.000010 0.000010
0.000010 0.000010 0.000010 0.000010 0.000010 0.000010 0.000010 0.999830 0.000010 0.000010 0.000010 0.000010 0.000010 0.000010 0.000010 0.000010 0.000010 0.000010
0.000010 0.000010 0.000010 0.000010 0.000010 0.000010 0.000010 0.999830 0.000010 0.000010 0.000010 0.000010 0.000010 0.000010 0.000010 0.000010 0.000010 0.000010
0.045521 0.085644 0.000010 0.142110 0.532951 0.000010 0.000010 0.000010 0.041107 0.000010 0.000010 0.000010 0.012009 0.000010 0.000010 0.061019 0.000010 0.079539
0.000010 0.000010 0.000010 0.000010 0.000010 0.000010 0.000010 0.999830 0.000010 0.000010 0.000010 0.000010 0.000010 0.000010 0.000010 0.000010 0.000010 0.000010
0.064209 0.000010 0.000010 0.000010 0.000010 0.000010 0.915079 0.000010 0.000010 0.000010 0.000010 0.000010 0.000010 0.010631 0.000010 0.009941 0.000010 0.000010
0.100526 0.101788 0.013341 0.000010 0.000010 0.090064 0.069436 0.049916 0.113248 0.048757 0.025911 0.000010 0.113270 0.000010 0.044568 0.062013 0.167113 0.000010
0.052206 0.109723 0.022653 0.279756 0.363389 0.000010 0.000010 0.000010 0.025976 0.023294 0.000010 0.000010 0.000010 0.091787 0.008732 0.000010 0.000010 0.022405
0.000010 0.000010 0.002038 0.000010 0.000010 0.000010 0.000010 0.000010 0.000010 0.000010 0.037539 0.000636 0.007753 0.000010 0.950348 0.001566 0.000010 0.000010
0.000010 0.000010 0.000010 0.622515 0.000010 0.000010 0.000010 0.000010 0.012801 0.000010 0.122613 0.000010 0.000010 0.241931 0.000010 0.000010 0.000010 0.000010
0.000010 0.000010 0.000010 0.649987 0.000010 0.000010 0.000010 0.000010 0.000010 0.000010 0.266482 0.000010 0.000010 0.083382 0.000010 0.000010 0.000010 0.000010
0.000010 0.000010 0.000010 0.033589 0.782915 0.000010 0.000010 0.000010 0.138140 0.003746 0.000010 0.019107 0.017247 0.002414 0.000010 0.000010 0.000010 0.002742
0.073079 0.000010 0.009425 0.000010 0.000010 0.022283 0.000010 0.000010 0.000010 0.030203 0.374650 0.023265 0.000010 0.411995 0.037561 0.017450 0.000010 0.000010
0.010395 0.145182 0.036172 0.003902 0.346954 0.013177 0.000010 0.000010 0.279348 0.043347 0.000010 0.000010 0.022877 0.048254 0.000010 0.034529 0.001562 0.014250
0.000010 0.000010 0.008035 0.016816 0.746725 0.000010 0.000010 0.000010 0.098899 0.013810 0.045002 0.000010 0.000010 0.030075 0.000010 0.000010 0.004761 0.035788
0.000722 0.000010 0.000010 0.138268 0.369757 0.030758 0.000010 0.019914 0.051796 0.000010 0.156275 0.000010 0.000010 0.211345 0.000010 0.000010 0.000010 0.021074
0.153181 0.221639 0.006826 0.000010 0.000010 0.000010 0.000010 0.013223 0.125564 0.000010 0.000010 0.000010 0.411983 0.005926 0.034333 0.000010 0.000010 0.027236
0.021843 0.000010 0.017390 0.000010 0.000010 0.008519 0.000010 0.000010 0.147134 0.000010 0.000010 0.000010 0.000010 0.034646 0.000010 0.023007 0.000010 0.747351
0.091438 0.119229 0.032701 0.000010 0.000010 0.043444 0.000010 0.000010 0.588716 0.000010 0.005475 0.000010 0.000010 0.000010 0.039910 0.000010 0.042857 0.036140
0.000010 0.000010 0.000010 0.000010 0.000010 0.000010 0.000010 0.000010 0.000010 0.000010 0.000010 0.093136 0.000010 0.000010 0.906704 0.000010 0.000010 0.000010
0.000010 0.000010 0.000010 0.000672 0.000010 0.000010 0.000010 0.000010 0.000010 0.000010 0.661649 0.001919 0.015096 0.290218 0.030325 0.000010 0.000010 0.000010
0.000010 0.000010 0.000010 0.000010 0.000010 0.000010 0.000010 0.000010 0.000010 0.000010 0.000010 0.010186 0.000010 0.000010 0.927253 0.062411 0.000010 0.000010
0.000010 0.000010 0.000010 0.000010 0.000010 0.000010 0.000010 0.000010 0.000010 0.000010 0.000010 0.999830 0.000010 0.000010 0.000010 0.000010 0.000010 0.000010
0.000010 0.007974 0.050509 0.090272 0.341868 0.000010 0.005313 0.001941 0.303725 0.000010 0.000010 0.000010 0.000010 0.000010 0.000010 0.097405 0.001491 0.099422
0.000010 0.000010 0.000010 0.000010 0.578182 0.038673 0.000010 0.015667 0.319818 0.000010 0.000010 0.000010 0.009710 0.000010 0.000010 0.019849 0.017991 0.000010
0.000010 0.000010 0.000010 0.000010 0.000010 0.351533 0.648307 0.000010 0.000010 0.000010 0.000010 0.000010 0.000010 0.000010 0.000010 0.000010 0.000010 0.000010
0.018083 0.000010 0.023387 0.007029 0.511757 0.026149 0.014581 0.000010 0.326635 0.000010 0.000010 0.000010 0.000010 0.042472 0.000010 0.029817 0.000010 0.000010
0.018572 0.000010 0.000010 0.000010 0.676145 0.000010 0.000010 0.000010 0.230734 0.000010 0.016244 0.000010 0.005062 0.000010 0.000010 0.053123 0.000010 0.000010
0.000010 0.022311 0.043934 0.000010 0.836575 0.000010 0.002111 0.008484 0.039817 0.009766 0.000010 0.000010 0.000010 0.000010 0.000010 0.008479 0.000010 0.028432
0.076230 0.199646 0.000010 0.189853 0.010682 0.000010 0.000010 0.000010 0.102605 0.024946 0.000010 0.000010 0.050581 0.000010 0.121109 0.086035 0.138234 0.000010
0.000010 0.000010 0.000010 0.000010 0.000010 0.000010 0.000010 0.000010 0.000010 0.000010 0.000010 0.000010 0.000010 0.000010 0.000010 0.000010 0.999830 0.000010
0.055607 0.009328 0.142952 0.000010 0.479734 0.027978 0.000010 0.007408 0.174904 0.004769 0.021201 0.015697 0.043481 0.016880 0.000010 0.000010 0.000010 0.000010
0.000010 0.000010 0.000010 0.000010 0.000010 0.000010 0.000010 0.000010 0.000010 0.000010 0.000010 0.999830 0.000010 0.000010 0.000010 0.000010 0.000010 0.000010
0.000010 0.000010 0.048423 0.002349 0.000010 0.000010 0.013274 0.000010 0.766997 0.001453 0.021823 0.000010 0.027248 0.000010 0.000010 0.068132 0.050212 0.000010
0.021342 0.051222 0.000010 0.251650 0.476167 0.000010 0.000010 0.026494 0.113981 0.000010 0.043807 0.000010 0.001217 0.014031 0.000010 0.000010 0.000010 0.000010
0.000010 0.094661 0.000010 0.041699 0.000010 0.025764 0.225552 0.175732 0.000010 0.012096 0.015085 0.242116 0.000010 0.000010 0.099937 0.067277 0.000010 0.000010
0.000010 0.038289 0.010927 0.000010 0.049500 0.033965 0.000010 0.000010 0.592154 0.038259 0.000010 0.000010 0.060005 0.007099 0.038775 0.048903 0.045510 0.036553
0.000010 0.000010 0.000010 0.000010 0.000010 0.000010 0.000010 0.000010 0.000010 0.000010 0.999830 0.000010 0.000010 0.000010 0.000010 0.000010 0.000010 0.000010
0.042172 0.000010 0.024050 0.079119 0.526078 0.000010 0.000010 0.005376 0.200035 0.001495 0.000010 0.000010 0.000010 0.056131 0.000010 0.065454 0.000010 0.000010
0.024751 0.000010 0.034231 0.056904 0.536367 0.000010 0.000010 0.000010 0.269719 0.000010 0.000010 0.000010 0.000010 0.036927 0.000010 0.040991 0.000010 0.000010
0.000010 0.000010 0.000010 0.000010 0.486312 0.012546 0.000010 0.000010 0.317319 0.033331 0.000010 0.001649 0.041395 0.029501 0.000010 0.028305 0.022475 0.027087
0.108467 0.017039 0.000010 0.000010 0.719067 0.000010 0.000010 0.000010 0.065757 0.017407 0.016793 0.000766 0.021270 0.000010 0.000010 0.000010 0.000010 0.033345
0.009305 0.070444 0.000010 0.604521 0.139622 0.000010 0.000010 0.000010 0.000010 0.000010 0.058960 0.000010 0.000010 0.000010 0.000010 0.058642 0.047676 0.010729
0.087043 0.000010 0.078441 0.025740 0.117595 0.033467 0.000010 0.021875 0.445048 0.000010 0.000010 0.051419 0.000010 0.075286 0.000010 0.055635 0.008381 0.000010
0.000010 0.000010 0.000010 0.015480 0.764545 0.054577 0.000010 0.000010 0.000010 0.000010 0.000010 0.000010 0.000010 0.000010 0.000010 0.009107 0.000010 0.156161
0.000010 0.000010 0.000010 0.000010 0.959797 0.000010 0.000010 0.000010 0.000010 0.000010 0.032653 0.000010 0.000010 0.000010 0.000010 0.000010 0.000010 0.007400
0.007438 0.000010 0.230512 0.061183 0.065693 0.000010 0.000010 0.007262 0.461177 0.000010 0.000010 0.000010 0.024271 0.052601 0.030986 0.049742 0.009065 0.000010
0.000010 0.000010 0.014069 0.097907 0.661308 0.000010 0.000010 0.000010 0.032062 0.000010 0.072819 0.000010 0.008957 0.078156 0.000010 0.000010 0.000010 0.034621
0.000010 0.091866 0.112287 0.026090 0.005050 0.038821 0.000010 0.013257 0.490039 0.020805 0.000010 0.020801 0.000010 0.130543 0.001346 0.049035 0.000010 0.000010
0.000010 0.000010 0.003883 0.009485 0.685144 0.000010 0.008529 0.010249 0.124759 0.000010 0.033967 0.007257 0.013105 0.031161 0.000010 0.000199 0.019763 0.052447
0.000010 0.013699 0.027474 0.019441 0.567742 0.000010 0.000010 0.022971 0.168983 0.000010 0.016102 0.000010 0.009924 0.009138 0.000010 0.000010 0.002347 0.142109
0.000010 0.000010 0.000010 0.044343 0.000010 0.000010 0.000225 0.000010 0.786722 0.009450 0.004144 0.015612 0.025122 0.000010 0.000010 0.114282 0.000010 0.000010
0.005887 0.017407 0.000010 0.015905 0.881406 0.000010 0.000010 0.000010 0.003891 0.000010 0.000010 0.000010 0.033784 0.000010 0.001782 0.039838 0.000010 0.000010
0.000010 0.000010 0.003952 0.228914 0.208940 0.000010 0.000010 0.037057 0.061642 0.000010 0.179776 0.000010 0.000010 0.170574 0.000010 0.020251 0.001392 0.087422
0.000010 0.000010 0.000010 0.020761 0.783736 0.000010 0.000010 0.000010 0.134906 0.000010 0.011581 0.001678 0.000010 0.000010 0.022771 0.004597 0.006482 0.013398
0.000010 0.000010 0.000592 0.219947 0.351551 0.000010 0.000010 0.002862 0.070086 0.000010 0.215036 0.000010 0.000010 0.139816 0.000010 0.000010 0.000010 0.000010
0.022342 0.060928 0.107887 0.028947 0.543707 0.000010 0.000010 0.032678 0.166864 0.012918 0.000010 0.016695 0.006955 0.000010 0.000010 0.000010 0.000010 0.000010
0.000010 0.023206 0.000010 0.069849 0.754370 0.008021 0.000010 0.001223 0.036647 0.004650 0.027747 0.000010 0.000010 0.026290 0.000010 0.000010 0.000010 0.047917
0.044029 0.000010 0.000010 0.037487 0.606536 0.000010 0.000010 0.003468 0.223028 0.000010 0.013154 0.000010 0.018262 0.015404 0.000010 0.031598 0.000010 0.006954
0.000010 0.000010 0.000010 0.733520 0.000010 0.000010 0.000010 0.000010 0.000010 0.000010 0.266320 0.000010 0.000010 0.000010 0.000010 0.000010 0.000010 0.000010
0.000010 0.000010 0.000010 0.990207 0.000010 0.000010 0.000010 0.000010 0.000010 0.000010 0.000010 0.009633 0.000010 0.000010 0.000010 0.000010 0.000010 0.000010
0.000010 0.000010 0.000010 0.000010 0.000010 0.999830 0.000010 0.000010 0.000010 0.000010 0.000010 0.000010 0.000010 0.000010 0.000010 0.000010 0.000010 0.000010
0.000010 0.000010 0.000010 0.712178 0.000010 0.129744 0.000010 0.000010 0.000010 0.000010 0.027832 0.000010 0.000010 0.130107 0.000010 0.000010 0.000010 0.000010
0.000010 0.000010 0.000010 0.647158 0.000010 0.105787 0.000010 0.000010 0.000010 0.000010 0.145821 0.000010 0.000010 0.079949 0.000010 0.000010 0.021154 0.000010
0.000010 0.000010 0.000010 0.993881 0.000010 0.000010 0.000010 0.000010 0.000010 0.000010 0.000010 0.005959 0.000010 0.000010 0.000010 0.000010 0.000010 0.000010
0.000010 0.043550 0.000010 0.512767 0.000010 0.000010 0.000010 0.000010 0.000010 0.000010 0.004325 0.000010 0.015763 0.000010 0.032061 0.000010 0.391415 0.000010
0.000010 0.000010 0.016444 0.528435 0.028785 0.054828 0.000010 0.005130 0.141438 0.005542 0.063958 0.000010 0.000010 0.155351 0.000010 0.000010 0.000010 0.000010
0.000010 0.000010 0.000010 0.000010 0.000010 0.999830 0.000010 0.000010 0.000010 0.000010 0.000010 0.000010 0.000010 0.000010 0.000010 0.000010 0.000010 0.000010
0.022762 0.036776 0.256767 0.000010 0.425502 0.019270 0.000010 0.017266 0.051944 0.000010 0.000010 0.000010 0.083520 0.000010 0.021728 0.000010 0.022699 0.041696
0.000010 0.000010 0.000010 0.999830 0.000010 0.000010 0.000010 0.000010 0.000010 0.000010 0.000010 0.000010 0.000010 0.000010 0.000010 0.000010 0.000010 0.000010
0.000010 0.000010 0.000010 0.320164 0.000010 0.679676 0.000010 0.000010 0.000010 0.000010 0.000010 0.000010 0.000010 0.000010 0.000010 0.000010 0.000010 0.000010
0.000010 0.000010 0.000010 0.000010 0.000010 0.000010 0.000010 0.000010 0.000010 0.000010 0.000010 0.000010 0.000010 0.000010 0.000010 0.000010 0.999830 0.000010
0.043922 0.011006 0.069008 0.000010 0.000010 0.000010 0.141100 0.141756 0.000010 0.000010 0.000010 0.226135 0.015987 0.000010 0.266775 0.084221 0.000010 0.000010
0.026991 0.000010 0.021172 0.000010 0.000010 0.000010 0.126220 0.149757 0.000010 0.013721 0.000010 0.170856 0.000010 0.000010 0.326491 0.149857 0.000010 0.014845
