0.401245 0.000010 0.009693 0.000010 0.097797 0.000010 0.000010 0.037645 0.364244 0.000010 0.064284 0.000010 0.004633 0.000010 0.000010 0.000010 0.006208 0.014160
0.671853 0.000010 0.014837 0.017527 0.000010 0.000010 0.014814 0.000010 0.148335 0.000010 0.002211 0.044044 0.046684 0.000010 0.014091 0.025523 0.000010 0.000010
0.281468 0.000010 0.000010 0.000010 0.024994 0.048970 0.000010 0.000010 0.325327 0.008435 0.000010 0.002616 0.042603 0.029421 0.213519 0.001383 0.000010 0.021195
0.000010 0.000010 0.000010 0.000010 0.000010 0.000010 0.000010 0.000010 0.000010 0.000010 0.596107 0.398309 0.000010 0.000010 0.000010 0.000010 0.005434 0.000010
0.620053 0.000010 0.066086 0.000010 0.000010 0.023368 0.007952 0.000010 0.154090 0.000010 0.000010 0.000010 0.000010 0.000010 0.053461 0.000010 0.054779 0.020113
0.136642 0.007234 0.004719 0.000010 0.041923 0.009288 0.000010 0.000010 0.697616 0.000010 0.000010 0.031073 0.013081 0.009093 0.018052 0.000010 0.031207 0.000010
0.000010 0.013055 0.000010 0.022963 0.012485 0.000010 0.000010 0.280029 0.220854 0.000010 0.274549 0.168611 0.000010 0.007355 0.000010 0.000010 0.000010 0.000010
0.014347 0.040088 0.000010 0.000010 0.000010 0.000010 0.055457 0.000010 0.878888 0.000010 0.011090 0.000010 0.000010 0.000010 0.000010 0.000010 0.000010 0.000010
0.584722 0.000010 0.016117 0.000010 0.158954 0.014166 0.052269 0.000010 0.013348 0.000010 0.037612 0.039334 0.000010 0.000010 0.009159 0.000010 0.017296 0.056954
0.094274 0.000010 0.000010 0.000010 0.007286 0.000010 0.055746 0.000010 0.801941 0.000010 0.003274 0.012783 0.000010 0.004038 0.000010 0.000010 0.000010 0.020557
0.162689 0.000010 0.000010 0.006058 0.018079 0.019100 0.052559 0.000010 0.534417 0.000010 0.000010 0.000010 0.023524 0.000010 0.000010 0.000010 0.000010 0.183475
0.333263 0.022869 0.000010 0.028645 0.148816 0.016189 0.000010 0.000010 0.296844 0.009199 0.001616 0.000010 0.006489 0.000013 0.092821 0.000010 0.000010 0.043176
0.099430 0.037590 0.000010 0.000010 0.272431 0.000010 0.042385 0.020584 0.000010 0.016470 0.000010 0.161141 0.000010 0.088708 0.106982 0.000010 0.154199 0.000010
0.009107 0.019004 0.000010 0.000010 0.302196 0.016141 0.002031 0.034808 0.000010 0.000010 0.269628 0.264362 0.000010 0.034567 0.015029 0.000010 0.021497 0.011569
0.033977 0.000010 0.000010 0.000010 0.000010 0.000010 0.006313 0.004785 0.858887 0.000010 0.000010 0.022539 0.008338 0.000010 0.000010 0.014391 0.000010 0.050670
0.381633 0.000010 0.000010 0.000010 0.050195 0.000010 0.010956 0.040347 0.288167 0.011098 0.005255 0.000010 0.038375 0.036480 0.065152 0.029881 0.042401 0.000010
0.145100 0.000010 0.048712 0.000010 0.017235 0.000010 0.020391 0.029621 0.634778 0.000010 0.012499 0.000010 0.000010 0.019195 0.060238 0.000010 0.000010 0.012152
0.000010 0.038099 0.000010 0.000010 0.000010 0.000010 0.000010 0.205957 0.407068 0.000010 0.174495 0.126532 0.000010 0.016794 0.016245 0.000010 0.000010 0.014711
0.000010 0.046558 0.000010 0.000010 0.000010 0.000010 0.652153 0.001247 0.249317 0.000010 0.000010 0.000010 0.000010 0.017704 0.000010 0.000010 0.000010 0.032900
0.000010 0.004309 0.052296 0.000010 0.000010 0.000010 0.000010 0.000010 0.000010 0.045626 0.000010 0.000010 0.000010 0.000010 0.000010 0.887622 0.010017 0.000010
0.000010 0.009935 0.031965 0.000010 0.000010 0.000010 0.000010 0.000010 0.017238 0.000010 0.000010 0.005163 0.000010 0.001735 0.000010 0.933843 0.000010 0.000010
0.000010 0.000010 0.000010 0.000010 0.000010 0.000010 0.000010 0.000010 0.000010 0.000010 0.000010 0.000010 0.000010 0.000010 0.000010 0.999830 0.000010 0.000010
0.000010 0.043161 0.001194 0.000010 0.000010 0.000010 0.000010 0.000010 0.014440 0.010715 0.000010 0.000010 0.000010 0.009009 0.000010 0.921361 0.000010 0.000010
0.000010 0.000010 0.000010 0.000010 0.000010 0.000010 0.000010 0.000010 0.000010 0.000010 0.000010 0.999830 0.000010 0.000010 0.000010 0.000010 0.000010 0.000010
0.000010 0.000010 0.000010 0.000010 0.000010 0.000010 0.999830 0.000010 0.000010 0.000010 0.000010 0.000010 0.000010 0.000010 0.000010 0.000010 0.000010 0.000010
0.000010 0.000010 0.017836 0.000010 0.002644 0.000010 0.000010 0.000010 0.000010 0.042922 0.000010 0.000010 0.000010 0.007507 0.006770 0.922201 0.000010 0.000010
0.588736 0.000010 0.011598 0.033186 0.000010 0.000010 0.000010 0.000010 0.000010 0.000010 0.024603 0.009970 0.000010 0.000010 0.320091 0.011706 0.000010 0.000010
0.000010 0.000010 0.018586 0.000010 0.000010 0.000010 0.000010 0.000010 0.000010 0.006061 0.017346 0.000010 0.000010 0.000010 0.000010 0.957867 0.000010 0.000010
0.252783 0.000010 0.036516 0.000010 0.402381 0.000010 0.058293 0.000010 0.066180 0.000010 0.000010 0.028966 0.043302 0.042816 0.063186 0.000010 0.005497 0.000010
0.251026 0.000010 0.000010 0.000010 0.494289 0.000010 0.024130 0.000010 0.061076 0.000010 0.009981 0.074092 0.064620 0.020687 0.000010 0.000010 0.000010 0.000010
0.000010 0.013255 0.007772 0.000010 0.916713 0.000010 0.020025 0.000010 0.000010 0.000010 0.000010 0.000010 0.000010 0.000010 0.000010 0.000010 0.000010 0.042104
0.482794 0.000010 0.041365 0.000010 0.291411 0.000010 0.057041 0.000010 0.017031 0.013860 0.000010 0.051633 0.000010 0.038412 0.000285 0.000010 0.006089 0.000010
0.145180 0.000012 0.047205 0.054351 0.137950 0.044608 0.006755 0.000010 0.003801 0.054451 0.000010 0.185977 0.000010 0.138080 0.060729 0.000010 0.120852 0.000010
0.224914 0.025756 0.000010 0.037544 0.261749 0.000010 0.123226 0.000010 0.000010 0.000010 0.000010 0.047089 0.047889 0.098861 0.000010 0.000010 0.132881 0.000010
0.485196 0.259293 0.000010 0.000010 0.000010 0.000010 0.031195 0.041333 0.096790 0.029034 0.000010 0.003881 0.044909 0.000010 0.000010 0.000010 0.000010 0.008279
0.109753 0.000010 0.000010 0.000010 0.018959 0.006064 0.000010 0.002266 0.092949 0.003054 0.000010 0.483113 0.000010 0.000010 0.006079 0.000010 0.000010 0.277673
0.000010 0.000010 0.000010 0.000010 0.000010 0.000010 0.000010 0.000010 0.154318 0.000010 0.000010 0.602714 0.000010 0.000010 0.000010 0.000010 0.000010 0.242818
0.000010 0.000010 0.000010 0.000010 0.000010 0.000010 0.000010 0.000010 0.000010 0.982720 0.000010 0.000018 0.017112 0.000010 0.000010 0.000010 0.000010 0.000010
0.493525 0.050494 0.000010 0.000010 0.274183 0.000010 0.065995 0.000010 0.000010 0.000010 0.018746 0.001892 0.000010 0.045140 0.000010 0.000010 0.025876 0.024059
0.149029 0.000010 0.000010 0.000010 0.599531 0.004793 0.010274 0.000010 0.037138 0.000010 0.000010 0.035451 0.098868 0.005825 0.000010 0.000010 0.059001 0.000010
0.000010 0.000010 0.000010 0.000010 0.000010 0.000010 0.000010 0.000010 0.999830 0.000010 0.000010 0.000010 0.000010 0.000010 0.000010 0.000010 0.000010 0.000010
0.232925 0.000010 0.000010 0.065990 0.302054 0.029378 0.093587 0.015524 0.148644 0.000010 0.009019 0.020628 0.013889 0.026109 0.012319 0.000010 0.029885 0.000010
0.000010 0.000010 0.000010 0.000010 0.000010 0.000010 0.000010 0.000010 0.586742 0.000010 0.000010 0.000010 0.000010 0.019880 0.393228 0.000010 0.000010 0.000010
0.000010 0.000010 0.000010 0.000010 0.000010 0.000010 0.000010 0.000010 0.690293 0.000010 0.003341 0.000010 0.000010 0.000010 0.306216 0.000010 0.000010 0.000010
0.022353 0.000010 0.000010 0.000010 0.266248 0.000010 0.046995 0.000010 0.000010 0.000010 0.000010 0.000010 0.000010 0.000010 0.060558 0.000010 0.603716 0.000010
0.000010 0.000010 0.000010 0.000010 0.000010 0.000010 0.006312 0.000010 0.000010 0.312612 0.000010 0.000010 0.026524 0.000010 0.000010 0.651398 0.003024 0.000010
0.015057 0.003751 0.000010 0.011844 0.000010 0.000010 0.000010 0.000010 0.000010 0.267256 0.000010 0.000010 0.000010 0.000010 0.025692 0.676281 0.000010 0.000010
0.112602 0.003858 0.107522 0.064856 0.035921 0.000010 0.000010 0.000010 0.000010 0.185466 0.000010 0.000010 0.000010 0.133016 0.065297 0.228525 0.040815 0.022053
0.277465 0.013343 0.000945 0.068166 0.116215 0.073694 0.056174 0.007423 0.000010 0.021217 0.000010 0.037008 0.010314 0.081141 0.020635 0.000010 0.192939 0.023292
0.328183 0.014012 0.024424 0.000010 0.153552 0.000010 0.041373 0.000010 0.005483 0.000010 0.000010 0.081763 0.058146 0.039878 0.012250 0.000010 0.240866 0.000010
0.000010 0.000010 0.000010 0.000010 0.000010 0.999830 0.000010 0.000010 0.000010 0.000010 0.000010 0.000010 0.000010 0.000010 0.000010 0.000010 0.000010 0.000010
0.111843 0.000010 0.026436 0.132575 0.265226 0.013923 0.122379 0.072674 0.000010 0.022710 0.000010 0.020799 0.008512 0.068422 0.000010 0.010481 0.123970 0.000010
0.000010 0.000010 0.000010 0.000010 0.000010 0.999830 0.000010 0.000010 0.000010 0.000010 0.000010 0.000010 0.000010 0.000010 0.000010 0.000010 0.000010 0.000010
0.248083 0.032053 0.000010 0.081166 0.175852 0.001129 0.060177 0.000352 0.016187 0.009244 0.000010 0.000010 0.017918 0.092321 0.013508 0.000010 0.200753 0.051217
0.116527 0.000010 0.000010 0.000010 0.264809 0.036742 0.130419 0.006761 0.000010 0.050703 0.000010 0.047990 0.022809 0.077746 0.051018 0.000010 0.194405 0.000010
0.000010 0.999830 0.000010 0.000010 0.000010 0.000010 0.000010 0.000010 0.000010 0.000010 0.000010 0.000010 0.000010 0.000010 0.000010 0.000010 0.000010 0.000010
0.000010 0.027880 0.000010 0.006770 0.000010 0.008936 0.000010 0.000010 0.829024 0.014297 0.006086 0.000010 0.006352 0.000010 0.100554 0.000010 0.000010 0.000010
0.514255 0.006614 0.000010 0.000010 0.283011 0.000010 0.054344 0.000010 0.000010 0.000010 0.000010 0.074032 0.000010 0.062604 0.000010 0.000010 0.001505 0.003534
0.482247 0.000010 0.000010 0.000010 0.288986 0.042469 0.075124 0.042281 0.000010 0.000010 0.000010 0.056966 0.000010 0.005114 0.000010 0.000010 0.006714 0.000010
0.016623 0.016531 0.000010 0.000010 0.025787 0.036684 0.021741 0.145766 0.618333 0.000010 0.003000 0.043175 0.000010 0.000010 0.027030 0.000010 0.000010 0.045258
0.238038 0.000010 0.000010 0.000010 0.694945 0.019590 0.000010 0.000010 0.000010 0.013983 0.000010 0.000472 0.000010 0.000010 0.014281 0.000010 0.018581 0.000010
0.423302 0.028841 0.000010 0.000010 0.357818 0.000010 0.016317 0.019057 0.058443 0.000010 0.002378 0.048100 0.000010 0.045655 0.000010 0.000010 0.000010 0.000010
0.029779 0.036151 0.000010 0.000010 0.332235 0.026848 0.067778 0.000010 0.436102 0.000010 0.005899 0.000010 0.004849 0.010458 0.000010 0.037050 0.012780 0.000010
0.425325 0.000018 0.000010 0.000010 0.449439 0.000010 0.000010 0.000010 0.009793 0.017319 0.019642 0.000010 0.014520 0.063844 0.000010 0.000010 0.000010 0.000010
0.319800 0.016531 0.053288 0.000010 0.319589 0.000010 0.056455 0.046907 0.028267 0.010311 0.000010 0.044462 0.000010 0.033042 0.000010 0.000010 0.071279 0.000010
0.023853 0.080666 0.006693 0.000010 0.015263 0.050442 0.037365 0.058953 0.149955 0.044571 0.115436 0.132047 0.021113 0.009655 0.000010 0.000010 0.165575 0.088382
0.000010 0.000010 0.000010 0.000010 0.000010 0.000010 0.000010 0.000010 0.000010 0.563117 0.161949 0.110916 0.000010 0.163879 0.000010 0.000010 0.000010 0.000010
0.000010 0.021474 0.013889 0.053719 0.016658 0.000010 0.000010 0.000010 0.000010 0.005383 0.472189 0.280719 0.000010 0.000010 0.120969 0.000010 0.014910 0.000010
0.000010 0.025203 0.000010 0.000010 0.000010 0.000010 0.007318 0.027857 0.835712 0.015617 0.000010 0.030941 0.009462 0.006206 0.041594 0.000010 0.000010 0.000010
0.107557 0.016013 0.040487 0.000010 0.267471 0.000010 0.132118 0.029636 0.000010 0.000010 0.000010 0.034213 0.000010 0.096346 0.101334 0.000010 0.165332 0.009424
0.312129 0.000010 0.005734 0.086584 0.103433 0.075436 0.101384 0.000010 0.045364 0.000522 0.000010 0.030542 0.000010 0.094223 0.000010 0.014402 0.122945 0.007250
0.160697 0.023363 0.000010 0.097399 0.093835 0.056257 0.181235 0.000010 0.052991 0.000010 0.000010 0.000010 0.000010 0.056913 0.027754 0.000010 0.249476 0.000010
0.693870 0.131840 0.000010 0.008403 0.000010 0.031558 0.010383 0.041653 0.000010 0.000010 0.000010 0.000010 0.022976 0.011000 0.004762 0.000010 0.000010 0.043475
0.489710 0.000010 0.000010 0.032251 0.313244 0.027789 0.000010 0.000010 0.046673 0.004314 0.000010 0.051942 0.001581 0.010170 0.022248 0.000010 0.000010 0.000010
0.599995 0.086891 0.000010 0.019424 0.053817 0.000010 0.063469 0.032393 0.040956 0.000010 0.035904 0.000010 0.000010 0.026245 0.037127 0.000010 0.003709 0.000010
0.260309 0.022611 0.027755 0.000010 0.506401 0.000010 0.024082 0.000010 0.009976 0.019617 0.000010 0.000010 0.037021 0.042205 0.000010 0.000010 0.037232 0.012721
0.219967 0.031257 0.012403 0.000010 0.607358 0.052086 0.012597 0.000010 0.009305 0.000010 0.014293 0.010795 0.000010 0.000010 0.029859 0.000010 0.000010 0.000010
0.257136 0.026688 0.000010 0.000010 0.430965 0.031644 0.072662 0.000010 0.003695 0.036006 0.000010 0.000010 0.015929 0.033824 0.000010 0.023130 0.009572 0.058688
0.000010 0.000010 0.000010 0.000010 0.000010 0.000010 0.000010 0.000010 0.000010 0.999830 0.000010 0.000010 0.000010 0.000010 0.000010 0.000010 0.000010 0.000010
0.443320 0.000010 0.031606 0.000010 0.370468 0.019773 0.007153 0.000010 0.038765 0.000010 0.000010 0.062134 0.000010 0.018125 0.000010 0.000010 0.008565 0.000010
0.101206 0.030039 0.000010 0.000010 0.592313 0.009551 0.000010 0.000010 0.000010 0.000010 0.000010 0.029925 0.090930 0.000010 0.000010 0.000010 0.055378 0.090558
0.145928 0.000010 0.004192 0.003958 0.034823 0.003491 0.000010 0.000010 0.578950 0.010377 0.025015 0.000010 0.008877 0.009843 0.031858 0.000010 0.000010 0.142628
0.131463 0.022106 0.000010 0.059062 0.000010 0.000010 0.004287 0.000010 0.559257 0.000010 0.020518 0.005199 0.000010 0.000010 0.000010 0.000010 0.000010 0.198008
0.163364 0.722125 0.020870 0.028620 0.000010 0.000010 0.000010 0.044803 0.016150 0.000010 0.000010 0.000010 0.000010 0.000010 0.000010 0.000010 0.000010 0.003958
0.008802 0.000010 0.000010 0.000010 0.000010 0.000086 0.000010 0.179930 0.657264 0.000010 0.048824 0.000010 0.000010 0.000010 0.068414 0.000010 0.000010 0.036569
0.000010 0.000010 0.000010 0.000010 0.000010 0.000010 0.000010 0.000010 0.000010 0.999828 0.000010 0.000010 0.000012 0.000010 0.000010 0.000010 0.000010 0.000010
0.000010 0.006215 0.027973 0.071880 0.020557 0.074959 0.000010 0.000010 0.000010 0.000010 0.000010 0.000010 0.047317 0.000010 0.030105 0.697844 0.023062 0.000010
0.038313 0.043198 0.000010 0.000010 0.015302 0.000010 0.000010 0.000010 0.338893 0.000010 0.012637 0.000010 0.000010 0.000010 0.054247 0.000010 0.000010 0.497300
0.269448 0.063543 0.000010 0.000010 0.105854 0.001331 0.000010 0.000010 0.113183 0.000010 0.002697 0.000010 0.012513 0.104729 0.166538 0.000010 0.108418 0.051677
0.000010 0.000010 0.000010 0.057752 0.012674 0.046292 0.005275 0.000010 0.000010 0.058339 0.018732 0.000010 0.031259 0.005497 0.000010 0.764090 0.000010 0.000010
0.042934 0.044401 0.000010 0.028372 0.005457 0.000010 0.000010 0.000010 0.004913 0.004845 0.021998 0.000010 0.051446 0.000010 0.000010 0.795545 0.000010 0.000010
0.106623 0.000010 0.071542 0.000012 0.000010 0.034476 0.000010 0.000010 0.000010 0.008351 0.000010 0.000210 0.020866 0.029176 0.005063 0.723600 0.000010 0.000010
0.015448 0.007222 0.000010 0.033893 0.000010 0.000010 0.005992 0.000010 0.000010 0.057669 0.000010 0.000010 0.059405 0.000010 0.049848 0.770423 0.000010 0.000010
0.000010 0.000010 0.052841 0.025507 0.039270 0.025302 0.002587 0.000010 0.000010 0.008415 0.000010 0.007832 0.000010 0.000010 0.033187 0.773511 0.031468 0.000010
0.214638 0.000010 0.000010 0.000010 0.011625 0.000010 0.000010 0.074585 0.057766 0.000010 0.033618 0.000010 0.044683 0.012831 0.197886 0.241532 0.036938 0.073827
0.000010 0.000010 0.000010 0.000010 0.000010 0.000010 0.000010 0.000010 0.000010 0.000010 0.000010 0.000010 0.000010 0.000010 0.000010 0.000010 0.999830 0.000010
0.000010 0.000010 0.000010 0.000010 0.000010 0.000010 0.000010 0.000010 0.000010 0.000010 0.000010 0.000010 0.000010 0.000010 0.000010 0.000010 0.999830 0.000010
0.324685 0.000010 0.056170 0.000010 0.000010 0.000010 0.000010 0.028387 0.181650 0.000010 0.000010 0.000010 0.000010 0.040994 0.049252 0.000010 0.038752 0.280010
0.000010 0.000010 0.000010 0.000010 0.000010 0.000010 0.000010 0.083430 0.738767 0.024518 0.039565 0.019659 0.000010 0.000010 0.000010 0.017448 0.000010 0.076503
0.000010 0.000010 0.000010 0.000010 0.000010 0.000010 0.000010 0.000010 0.000010 0.000010 0.000010 0.000010 0.000010 0.000010 0.000010 0.000010 0.999830 0.000010
0.738473 0.032046 0.000010 0.000010 0.000010 0.000010 0.000010 0.000010 0.000010 0.000010 0.006918 0.000010 0.000010 0.000010 0.197805 0.000010 0.024629 0.000010
0.000010 0.000010 0.000010 0.000010 0.000010 0.000010 0.000010 0.000010 0.000010 0.000010 0.000010 0.000010 0.000010 0.000010 0.000010 0.000010 0.999830 0.000010
0.607557 0.041620 0.000010 0.000010 0.069809 0.025576 0.028429 0.020488 0.156008 0.000010 0.012759 0.000010 0.000010 0.000010 0.032693 0.000010 0.000010 0.004980
0.000010 0.000010 0.000010 0.000010 0.000010 0.000010 0.000010 0.000010 0.000010 0.000020 0.999820 0.000010 0.000010 0.000010 0.000010 0.000010 0.000010 0.000010
0.099739 0.000010 0.000010 0.000010 0.000010 0.009079 0.039512 0.000010 0.633741 0.000010 0.000010 0.000010 0.007721 0.000010 0.000010 0.000010 0.012676 0.197422
0.000010 0.000010 0.000010 0.000010 0.000010 0.000010 0.000010 0.000010 0.000010 0.000010 0.088278 0.459082 0.000010 0.000010 0.000010 0.000010 0.452490 0.000010
0.000010 0.000010 0.000010 0.000010 0.000010 0.000010 0.000010 0.000010 0.000010 0.000010 0.000010 0.000010 0.000010 0.000010 0.000010 0.000010 0.000010 0.999830
0.646592 0.053692 0.000010 0.000010 0.000010 0.012545 0.000010 0.000010 0.005901 0.011972 0.044253 0.000010 0.000010 0.000010 0.187610 0.000010 0.037336 0.000010
0.497628 0.013215 0.044987 0.000010 0.054992 0.000010 0.019935 0.021199 0.162724 0.000010 0.020194 0.000010 0.000010 0.000010 0.104224 0.000010 0.026755 0.034077
0.114954 0.000010 0.019118 0.000010 0.000010 0.000010 0.000010 0.032908 0.777748 0.000010 0.000010 0.000010 0.011517 0.000010 0.005965 0.000010 0.004166 0.033524
0.046195 0.000010 0.000010 0.114667 0.103152 0.346445 0.108602 0.000010 0.000010 0.030820 0.000010 0.003048 0.014880 0.027959 0.000010 0.000010 0.204153 0.000010
0.250910 0.018640 0.012386 0.000010 0.022305 0.000010 0.027171 0.108765 0.487252 0.000010 0.000010 0.000010 0.000010 0.000010 0.043674 0.000010 0.003670 0.025148
0.114029 0.013559 0.000010 0.000011 0.015413 0.036515 0.012048 0.012627 0.704733 0.000010 0.000010 0.014584 0.000010 0.000010 0.069104 0.000010 0.000010 0.007308
0.000010 0.000010 0.000010 0.000010 0.067948 0.000010 0.010559 0.000010 0.839840 0.000010 0.019113 0.000010 0.000010 0.000010 0.000010 0.000010 0.000010 0.062410
0.638964 0.040169 0.000010 0.000039 0.096982 0.004727 0.000010 0.026156 0.076798 0.008837 0.000010 0.012890 0.000010 0.000010 0.059445 0.000010 0.034923 0.000010
0.000010 0.000010 0.000010 0.000010 0.000010 0.000010 0.000010 0.000010 0.000010 0.000010 0.000010 0.000010 0.000010 0.000010 0.000010 0.000010 0.000010 0.999830
0.000010 0.000010 0.000010 0.000010 0.000010 0.000010 0.000010 0.000010 0.000010 0.000010 0.999830 0.000010 0.000010 0.000010 0.000010 0.000010 0.000010 0.000010
0.000010 0.000010 0.000010 0.000010 0.000010 0.000010 0.000010 0.000010 0.000010 0.000010 0.999830 0.000010 0.000010 0.000010 0.000010 0.000010 0.000010 0.000010
0.132776 0.022393 0.000010 0.022942 0.000010 0.000010 0.000010 0.000010 0.721056 0.000802 0.000010 0.008907 0.000010 0.000010 0.000010 0.000010 0.000010 0.091015
0.000010 0.000010 0.000010 0.000010 0.000010 0.000010 0.000010 0.000010 0.000010 0.000010 0.999830 0.000010 0.000010 0.000010 0.000010 0.000010 0.000010 0.000010
0.000010 0.000010 0.000010 0.000010 0.000010 0.000010 0.000010 0.000010 0.659596 0.000010 0.000010 0.000010 0.000010 0.000010 0.340244 0.000010 0.000010 0.000010
0.000010 0.000010 0.000010 0.000010 0.000010 0.001657 0.000010 0.000010 0.987194 0.000010 0.000010 0.000010 0.000010 0.000010 0.000010 0.000010 0.000010 0.011000
0.000010 0.000010 0.000010 0.000010 0.000010 0.000010 0.000010 0.000010 0.000010 0.000010 0.999830 0.000010 0.000010 0.000010 0.000010 0.000010 0.000010 0.000010
0.000010 0.000010 0.000010 0.000010 0.000010 0.000010 0.000010 0.000010 0.000010 0.000010 0.999830 0.000010 0.000010 0.000010 0.000010 0.000010 0.000010 0.000010
0.000010 0.000010 0.000016 0.000010 0.000010 0.000010 0.000010 0.000010 0.000011 0.000010 0.999823 0.000010 0.000010 0.000010 0.000010 0.000010 0.000010 0.000010
0.000010 0.000010 0.000010 0.000010 0.000010 0.000010 0.000010 0.000010 0.000010 0.000010 0.990238 0.000010 0.000010 0.009602 0.000010 0.000010 0.000010 0.000010
0.016224 0.000010 0.000010 0.022619 0.011392 0.000010 0.000010 0.000010 0.000010 0.000010 0.654299 0.248390 0.046956 0.000010 0.000010 0.000010 0.000010 0.000010
0.776277 0.000010 0.000010 0.000010 0.000010 0.056327 0.000010 0.000010 0.049961 0.000010 0.000010 0.063540 0.043897 0.000010 0.000010 0.009878 0.000010 0.000010
0.712339 0.000010 0.007686 0.000010 0.000010 0.004230 0.052118 0.044056 0.030830 0.000010 0.029145 0.012753 0.004877 0.000010 0.063587 0.000010 0.000010 0.038309
0.000010 0.000010 0.000010 0.000010 0.000010 0.000010 0.000010 0.000010 0.000010 0.000010 0.999830 0.000010 0.000010 0.000010 0.000010 0.000010 0.000010 0.000010
0.069356 0.000010 0.000010 0.000017 0.000010 0.000010 0.000010 0.245385 0.358372 0.017753 0.100211 0.067682 0.000010 0.018413 0.100931 0.000010 0.000010 0.021800
0.042347 0.034542 0.000010 0.012906 0.000010 0.000010 0.000010 0.000010 0.514244 0.000010 0.000010 0.011013 0.000010 0.000010 0.079664 0.000010 0.000010 0.305174
0.000010 0.000010 0.000010 0.000010 0.000010 0.000010 0.000010 0.000010 0.000010 0.000010 0.999830 0.000010 0.000010 0.000010 0.000010 0.000010 0.000010 0.000010
0.000010 0.018457 0.004374 0.000010 0.000010 0.015121 0.000010 0.000010 0.000010 0.000010 0.911205 0.029071 0.000010 0.021651 0.000010 0.000010 0.000010 0.000010
0.000010 0.000010 0.000010 0.000010 0.000010 0.000010 0.000010 0.000010 0.000010 0.000010 0.999830 0.000010 0.000010 0.000010 0.000010 0.000010 0.000010 0.000010
0.230969 0.220391 0.041038 0.000010 0.122896 0.000019 0.009978 0.082346 0.087953 0.054607 0.000010 0.031557 0.000010 0.032043 0.062990 0.000010 0.000010 0.023164
0.844245 0.008422 0.000010 0.000010 0.000010 0.000010 0.000010 0.000010 0.089242 0.000010 0.031866 0.026095 0.000010 0.000010 0.000010 0.000010 0.000010 0.000010
0.717535 0.025448 0.011421 0.022247 0.009457 0.000010 0.028916 0.000010 0.030639 0.000010 0.029739 0.000010 0.000326 0.000010 0.067333 0.000010 0.000010 0.056870
0.815518 0.027033 0.000010 0.000010 0.093810 0.000010 0.000010 0.000010 0.000010 0.000010 0.023973 0.016207 0.001946 0.000010 0.000010 0.000010 0.000010 0.021402
0.000010 0.000010 0.000010 0.000010 0.000010 0.000010 0.000010 0.000010 0.000010 0.000010 0.344456 0.655384 0.000010 0.000010 0.000010 0.000010 0.000010 0.000010
0.000010 0.000010 0.000010 0.000010 0.000010 0.000010 0.000010 0.000010 0.002007 0.218361 0.420275 0.000010 0.000010 0.038278 0.000010 0.259870 0.000010 0.061089
0.000010 0.000010 0.000010 0.000010 0.000010 0.000010 0.000010 0.000010 0.000010 0.000010 0.999830 0.000010 0.000010 0.000010 0.000010 0.000010 0.000010 0.000010
0.000010 0.000010 0.000010 0.000010 0.000010 0.000010 0.000010 0.000010 0.000010 0.000010 0.999830 0.000010 0.000010 0.000010 0.000010 0.000010 0.000010 0.000010
0.000010 0.000010 0.000010 0.000010 0.000010 0.000010 0.000010 0.000010 0.000010 0.000010 0.999830 0.000010 0.000010 0.000010 0.000010 0.000010 0.000010 0.000010
0.000010 0.000010 0.000010 0.000010 0.000010 0.000010 0.000010 0.000010 0.000010 0.000010 0.999830 0.000010 0.000010 0.000010 0.000010 0.000010 0.000010 0.000010
0.000010 0.000010 0.000010 0.000010 0.000010 0.000010 0.000010 0.000010 0.000010 0.000010 0.999830 0.000010 0.000010 0.000010 0.000010 0.000010 0.000010 0.000010
0.000010 0.000010 0.000010 0.000010 0.000010 0.000010 0.000010 0.000010 0.000010 0.000010 0.999830 0.000010 0.000010 0.000010 0.000010 0.000010 0.000010 0.000010
0.029231 0.298226 0.009033 0.017207 0.035754 0.000010 0.000010 0.000010 0.200180 0.000417 0.000010 0.032333 0.027746 0.000010 0.349791 0.000010 0.000010 0.000010
0.000010 0.000010 0.000010 0.000010 0.000010 0.000010 0.000010 0.000010 0.000010 0.000010 0.999830 0.000010 0.000010 0.000010 0.000010 0.000010 0.000010 0.000010
0.000010 0.000010 0.043736 0.000010 0.000010 0.006417 0.000010 0.005331 0.000010 0.003065 0.697897 0.231436 0.000010 0.000010 0.000010 0.000010 0.012008 0.000010
0.084909 0.000010 0.007644 0.000010 0.000010 0.000010 0.000010 0.000010 0.850222 0.010500 0.000010 0.000010 0.000010 0.000010 0.046594 0.000010 0.000010 0.000010
0.000010 0.000015 0.000010 0.000010 0.000010 0.000010 0.000010 0.000010 0.000010 0.000010 0.329542 0.670293 0.000010 0.000010 0.000010 0.000010 0.000010 0.000010
0.000010 0.031896 0.000010 0.000010 0.000010 0.000010 0.031490 0.172791 0.077194 0.000010 0.144637 0.516187 0.000010 0.025695 0.000010 0.000010 0.000010 0.000010
0.000010 0.000010 0.000010 0.000010 0.000010 0.000010 0.000010 0.000010 0.000010 0.000010 0.999830 0.000010 0.000010 0.000010 0.000010 0.000010 0.000010 0.000010
0.000010 0.000010 0.000010 0.000010 0.000010 0.000010 0.000010 0.000010 0.000010 0.000010 0.999827 0.000010 0.000010 0.000013 0.000010 0.000010 0.000010 0.000010
0.000010 0.000010 0.000010 0.000010 0.000010 0.000010 0.000010 0.000010 0.000010 0.000010 0.999830 0.000010 0.000010 0.000010 0.000010 0.000010 0.000010 0.000010
0.000010 0.000010 0.000010 0.000010 0.000010 0.000010 0.000010 0.000010 0.000010 0.000010 0.999829 0.000010 0.000010 0.000010 0.000011 0.000010 0.000010 0.000010
0.000010 0.000010 0.000010 0.000010 0.000010 0.000010 0.000010 0.000010 0.000010 0.000010 0.832972 0.166868 0.000010 0.000010 0.000010 0.000010 0.000010 0.000010
0.000010 0.000010 0.000010 0.000010 0.000010 0.000010 0.000010 0.000010 0.000010 0.000010 0.999830 0.000010 0.000010 0.000010 0.000010 0.000010 0.000010 0.000010
0.000010 0.999830 0.000010 0.000010 0.000010 0.000010 0.000010 0.000010 0.000010 0.000010 0.000010 0.000010 0.000010 0.000010 0.000010 0.000010 0.000010 0.000010
0.000010 0.000010 0.999830 0.000010 0.000010 0.000010 0.000010 0.000010 0.000010 0.000010 0.000010 0.000010 0.000010 0.000010 0.000010 0.000010 0.000010 0.000010
0.000010 0.000010 0.999830 0.000010 0.000010 0.000010 0.000010 0.000010 0.000010 0.000010 0.000010 0.000010 0.000010 0.000010 0.000010 0.000010 0.000010 0.000010
0.000010 0.000010 0.999830 0.000010 0.000010 0.000010 0.000010 0.000010 0.000010 0.000010 0.000010 0.000010 0.000010 0.000010 0.000010 0.000010 0.000010 0.000010
0.000010 0.000010 0.000010 0.000010 0.000010 0.000010 0.000010 0.000010 0.000010 0.000010 0.999830 0.000010 0.000010 0.000010 0.000010 0.000010 0.000010 0.000010
0.000010 0.000010 0.000010 0.000010 0.000010 0.000010 0.000010 0.000010 0.000010 0.000010 0.999828 0.000010 0.000010 0.000010 0.000010 0.000010 0.000012 0.000010
0.000010 0.000010 0.999830 0.000010 0.000010 0.000010 0.000010 0.000010 0.000010 0.000010 0.000010 0.000010 0.000010 0.000010 0.000010 0.000010 0.000010 0.000010
0.000010 0.000010 0.999830 0.000010 0.000010 0.000010 0.000010 0.000010 0.000010 0.000010 0.000010 0.000010 0.000010 0.000010 0.000010 0.000010 0.000010 0.000010
0.000010 0.000010 0.999830 0.000010 0.000010 0.000010 0.000010 0.000010 0.000010 0.000010 0.000010 0.000010 0.000010 0.000010 0.000010 0.000010 0.000010 0.000010
0.000010 0.000010 0.000010 0.000010 0.000010 0.000010 0.000010 0.000010 0.000010 0.000010 0.999830 0.000010 0.000010 0.000010 0.000010 0.000010 0.000010 0.000010
0.000010 0.000010 0.000010 0.000010 0.000010 0.000010 0.000010 0.000010 0.000010 0.000010 0.999830 0.000010 0.000010 0.000010 0.000010 0.000010 0.000010 0.000010
0.000010 0.000010 0.000010 0.000010 0.000010 0.811605 0.000010 0.000010 0.000010 0.000010 0.000010 0.000010 0.000010 0.000010 0.000010 0.000010 0.188235 0.000010
0.000010 0.000010 0.000010 0.000010 0.000010 0.000010 0.000010 0.000010 0.000010 0.000010 0.999830 0.000010 0.000010 0.000010 0.000010 0.000010 0.000010 0.000010
0.000010 0.000010 0.000010 0.000010 0.000010 0.000010 0.904308 0.000010 0.095532 0.000010 0.000010 0.000010 0.000010 0.000010 0.000010 0.000010 0.000010 0.000010
0.000010 0.000010 0.000010 0.000010 0.000010 0.000010 0.000010 0.000010 0.000010 0.000010 0.000010 0.000010 0.000010 0.999830 0.000010 0.000010 0.000010 0.000010
0.000010 0.000010 0.000010 0.000010 0.000010 0.000010 0.000010 0.000010 0.000010 0.000010 0.000020 0.000010 0.000010 0.999820 0.000010 0.000010 0.000010 0.000010
0.128458 0.000010 0.000010 0.000010 0.020252 0.000010 0.037321 0.148190 0.539091 0.000010 0.000010 0.000010 0.057082 0.000010 0.000010 0.000010 0.014268 0.055238
0.000010 0.000010 0.000010 0.000010 0.000010 0.000010 0.000010 0.000010 0.000010 0.000010 0.000010 0.000010 0.000010 0.999830 0.000010 0.000010 0.000010 0.000010
0.000010 0.000010 0.000010 0.000010 0.000010 0.000010 0.052667 0.000010 0.000010 0.000010 0.000010 0.014526 0.000868 0.000010 0.018425 0.913383 0.000010 0.000010
0.044933 0.012710 0.000010 0.039657 0.107951 0.086965 0.094089 0.000010 0.000010 0.045838 0.026784 0.000010 0.052689 0.043715 0.119864 0.063414 0.261340 0.000010
0.010482 0.022865 0.000010 0.011416 0.110350 0.000010 0.053796 0.269140 0.366218 0.021073 0.000010 0.091541 0.000010 0.000010 0.019904 0.000010 0.000010 0.023146
0.000010 0.004225 0.005057 0.947737 0.000010 0.000010 0.000010 0.000010 0.000010 0.000014 0.036796 0.000010 0.006051 0.000010 0.000010 0.000010 0.000010 0.000010
0.000010 0.000010 0.000010 0.000010 0.000010 0.000010 0.000010 0.598663 0.000010 0.000010 0.120977 0.248416 0.000010 0.000010 0.031805 0.000010 0.000010 0.000010
0.000010 0.000010 0.000010 0.000010 0.000010 0.000011 0.000010 0.611372 0.000010 0.000010 0.256837 0.096295 0.000010 0.000010 0.035356 0.000010 0.000010 0.000010
0.000010 0.000010 0.008458 0.000010 0.000010 0.000010 0.000010 0.000010 0.763628 0.000010 0.000010 0.000010 0.000010 0.000010 0.227764 0.000010 0.000010 0.000010
0.000010 0.001608 0.020395 0.027985 0.000010 0.017014 0.064126 0.000010 0.000010 0.018712 0.372397 0.411499 0.002165 0.000010 0.064019 0.000010 0.000010 0.000010
0.342247 0.040156 0.000010 0.000010 0.071079 0.009486 0.011541 0.010970 0.346970 0.042744 0.000010 0.051174 0.044952 0.000010 0.005382 0.000010 0.023238 0.000010
0.059311 0.007487 0.000010 0.000010 0.000010 0.000783 0.000010 0.018371 0.738240 0.011304 0.045904 0.029735 0.000010 0.000010 0.060379 0.000010 0.000010 0.028407
0.028529 0.000010 0.000010 0.000010 0.000010 0.027249 0.000010 0.133117 0.379941 0.000010 0.143542 0.225806 0.000010 0.019090 0.028503 0.000010 0.000010 0.014134
0.184564 0.000010 0.000010 0.002350 0.181779 0.000010 0.138099 0.000010 0.000010 0.000010 0.000010 0.000010 0.000010 0.031387 0.077011 0.000010 0.366037 0.018674
0.178606 0.015717 0.000010 0.000010 0.000010 0.002642 0.026600 0.000010 0.000010 0.009742 0.000010 0.028986 0.013896 0.000010 0.000010 0.000010 0.000010 0.723712
0.535308 0.039077 0.000010 0.054702 0.078773 0.048372 0.096152 0.000010 0.000010 0.000010 0.000262 0.000010 0.000010 0.000010 0.123184 0.000010 0.008136 0.015955
0.000010 0.000010 0.102936 0.896904 0.000010 0.000010 0.000010 0.000010 0.000010 0.000010 0.000010 0.000010 0.000010 0.000010 0.000010 0.000010 0.000010 0.000010
0.000010 0.000010 0.005769 0.023628 0.000010 0.000010 0.000010 0.014365 0.000010 0.000010 0.653053 0.303055 0.000010 0.000010 0.000010 0.000010 0.000010 0.000010
0.000010 0.000010 0.014300 0.924064 0.000010 0.000010 0.000010 0.000010 0.000010 0.000010 0.000010 0.000010 0.061486 0.000010 0.000010 0.000010 0.000010 0.000010
0.000010 0.000010 0.999830 0.000010 0.000010 0.000010 0.000010 0.000010 0.000010 0.000010 0.000010 0.000010 0.000010 0.000010 0.000010 0.000010 0.000010 0.000010
0.344616 0.055398 0.000010 0.000010 0.000010 0.000010 0.000010 0.084399 0.338513 0.000010 0.000010 0.000010 0.098106 0.000010 0.007162 0.001049 0.000010 0.070658
0.000010 0.000010 0.000010 0.000010 0.000010 0.010543 0.000010 0.000010 0.520830 0.000010 0.000010 0.000010 0.000010 0.000010 0.468477 0.000010 0.000010 0.000010
0.000010 0.000010 0.000010 0.000010 0.000010 0.349859 0.000010 0.000010 0.000010 0.000010 0.000010 0.000010 0.000010 0.000010 0.000010 0.649981 0.000010 0.000010
0.004784 0.030574 0.000010 0.000010 0.000010 0.029239 0.019818 0.000010 0.494937 0.000010 0.000010 0.018766 0.009029 0.000010 0.392753 0.000010 0.000010 0.000010
0.000010 0.000010 0.000010 0.000010 0.000010 0.000010 0.000010 0.000010 0.620242 0.000010 0.000010 0.000010 0.000010 0.000010 0.379598 0.000010 0.000010 0.000010
0.000010 0.035580 0.000010 0.000010 0.017217 0.000010 0.000010 0.000010 0.825119 0.009612 0.000010 0.000010 0.000010 0.006422 0.082482 0.000010 0.000010 0.023460
0.014996 0.000010 0.000010 0.132063 0.191608 0.000010 0.071900 0.190857 0.006504 0.024350 0.000010 0.000010 0.079627 0.000010 0.115639 0.000010 0.172376 0.000010
0.000010 0.000010 0.000010 0.000010 0.000010 0.000010 0.000010 0.000010 0.000010 0.000010 0.000010 0.000010 0.000010 0.000010 0.000010 0.000010 0.999830 0.000010
0.000010 0.136763 0.007711 0.000010 0.020355 0.027395 0.059272 0.000010 0.476965 0.000010 0.027780 0.000010 0.000010 0.006052 0.233064 0.000010 0.004562 0.000010
0.000010 0.000010 0.999830 0.000010 0.000010 0.000010 0.000010 0.000010 0.000010 0.000010 0.000010 0.000010 0.000010 0.000010 0.000010 0.000010 0.000010 0.000010
0.086943 0.033953 0.000010 0.000010 0.000010 0.000010 0.000010 0.000010 0.000010 0.000010 0.000010 0.000010 0.000010 0.000010 0.878954 0.000010 0.000010 0.000010
0.044069 0.000010 0.000010 0.000010 0.050921 0.000010 0.022724 0.248530 0.466023 0.000010 0.036996 0.023630 0.000010 0.021021 0.085997 0.000010 0.000010 0.000010
0.000010 0.000010 0.240578 0.107456 0.094411 0.026006 0.000010 0.042213 0.000010 0.010706 0.012986 0.000010 0.062498 0.175640 0.000010 0.227427 0.000010 0.000010
0.313986 0.000010 0.004900 0.021525 0.033702 0.032517 0.000010 0.000010 0.028437 0.027105 0.000010 0.000010 0.020114 0.000010 0.422631 0.009492 0.064964 0.020568
0.000010 0.000010 0.000010 0.000010 0.000010 0.000010 0.000010 0.000010 0.000010 0.000010 0.999830 0.000010 0.000010 0.000010 0.000010 0.000010 0.000010 0.000010
0.000010 0.000010 0.000010 0.000010 0.000010 0.000010 0.000010 0.000010 0.480697 0.000010 0.023129 0.000010 0.000010 0.000010 0.496024 0.000010 0.000010 0.000010
0.000010 0.000010 0.000010 0.000010 0.000010 0.000010 0.000010 0.000010 0.475094 0.000010 0.000010 0.000010 0.000010 0.000010 0.524746 0.000010 0.000010 0.000010
0.000010 0.000010 0.000010 0.000010 0.000010 0.000010 0.000010 0.000010 0.435983 0.000010 0.000010 0.000010 0.000010 0.000010 0.543679 0.000010 0.000010 0.020187
0.026962 0.000010 0.003858 0.000010 0.032788 0.000010 0.111280 0.000010 0.718058 0.017767 0.018652 0.000010 0.000010 0.000010 0.047005 0.000010 0.000010 0.023541
0.052421 0.000010 0.004312 0.000010 0.047429 0.000010 0.021536 0.603771 0.137526 0.000010 0.062160 0.000010 0.056952 0.000010 0.000010 0.000010 0.012319 0.001495
0.056458 0.071068 0.042374 0.000010 0.016135 0.021843 0.066595 0.000010 0.090081 0.000010 0.002894 0.050791 0.000010 0.016192 0.565498 0.000010 0.000010 0.000010
0.000010 0.000010 0.000010 0.000010 0.000010 0.051812 0.000010 0.014244 0.772645 0.000010 0.000010 0.000010 0.011691 0.000010 0.006963 0.000010 0.000010 0.142525
0.000010 0.000010 0.000010 0.000010 0.000010 0.000010 0.000010 0.000010 0.963735 0.000010 0.033225 0.000010 0.000010 0.000010 0.000010 0.000010 0.000010 0.002890
0.137720 0.227509 0.014043 0.003080 0.000010 0.000010 0.003651 0.032860 0.046368 0.000010 0.000010 0.028538 0.012227 0.010409 0.462753 0.000010 0.020783 0.000010
0.000010 0.018681 0.000010 0.000010 0.000010 0.000010 0.000010 0.096218 0.666866 0.000010 0.068062 0.087699 0.000010 0.000010 0.028263 0.000010 0.000010 0.034101
0.000010 0.104770 0.004015 0.000010 0.111798 0.000990 0.000010 0.000010 0.000010 0.000010 0.000010 0.103095 0.000010 0.000010 0.675211 0.000010 0.000010 0.000010
0.090673 0.004291 0.002767 0.000010 0.000010 0.000010 0.000010 0.019482 0.682036 0.000010 0.031034 0.032979 0.001453 0.011710 0.034850 0.012962 0.024686 0.051026
0.160904 0.025306 0.000010 0.000010 0.000120 0.000010 0.000010 0.010423 0.569637 0.000010 0.017675 0.003942 0.000010 0.024078 0.059488 0.000010 0.000010 0.128347
0.000010 0.000010 0.000010 0.000010 0.000010 0.000010 0.000010 0.000010 0.000010 0.000010 0.000010 0.000010 0.000010 0.000010 0.999830 0.000010 0.000010 0.000010
0.000010 0.000010 0.000010 0.000010 0.008467 0.000010 0.021428 0.000014 0.860795 0.000010 0.000010 0.000010 0.022598 0.000010 0.071619 0.000010 0.014969 0.000010
0.038115 0.005670 0.000010 0.000010 0.000010 0.000010 0.000010 0.229192 0.217064 0.000010 0.172605 0.177776 0.018927 0.038565 0.020689 0.000010 0.000010 0.081317
0.000010 0.000010 0.000010 0.000010 0.000010 0.000010 0.000010 0.000010 0.772468 0.000010 0.001292 0.000010 0.000010 0.000010 0.206960 0.000010 0.000010 0.019140
0.000010 0.004329 0.000010 0.000010 0.000010 0.000010 0.000010 0.200566 0.342386 0.000010 0.211675 0.142056 0.000010 0.000010 0.098868 0.000010 0.000010 0.000010
0.007719 0.111519 0.013485 0.000010 0.072028 0.000010 0.000462 0.030052 0.533378 0.005334 0.000010 0.000010 0.000010 0.031572 0.194370 0.000010 0.000010 0.000010
0.041983 0.000010 0.000010 0.000010 0.015000 0.007571 0.000010 0.071626 0.745126 0.011961 0.027981 0.019721 0.000010 0.000055 0.018365 0.000010 0.000010 0.040541
0.000010 0.000010 0.000010 0.000010 0.000010 0.000010 0.000010 0.000010 0.549454 0.000010 0.002869 0.000010 0.000010 0.000010 0.416296 0.000010 0.000010 0.031241
0.000010 0.000010 0.000010 0.000010 0.000010 0.000010 0.000010 0.731298 0.000010 0.000010 0.268542 0.000010 0.000010 0.000010 0.000010 0.000010 0.000010 0.000010
0.000551 0.000010 0.007790 0.000010 0.000010 0.000010 0.000010 0.991509 0.000010 0.000010 0.000010 0.000010 0.000010 0.000010 0.000010 0.000010 0.000010 0.000010
0.000010 0.000010 0.000010 0.000010 0.000010 0.999830 0.000010 0.000010 0.000010 0.000010 0.000010 0.000010 0.000010 0.000010 0.000010 0.000010 0.000010 0.000010
0.000010 0.000010 0.000010 0.000010 0.000010 0.140430 0.000010 0.693097 0.000010 0.000010 0.021304 0.145029 0.000010 0.000010 0.000010 0.000010 0.000010 0.000010
0.000010 0.000010 0.000010 0.000010 0.000010 0.114266 0.000010 0.647005 0.000010 0.000010 0.133828 0.104761 0.000010 0.000010 0.000010 0.000010 0.000010 0.000010
0.000010 0.000010 0.003266 0.000010 0.000010 0.000010 0.000010 0.996574 0.000010 0.000010 0.000010 0.000010 0.000010 0.000010 0.000010 0.000010 0.000010 0.000010
0.000010 0.000010 0.000010 0.046265 0.043086 0.018582 0.000010 0.502773 0.000010 0.000010 0.010247 0.000010 0.000010 0.000010 0.007664 0.000010 0.371272 0.000010
0.000010 0.017574 0.000010 0.000010 0.000010 0.049223 0.000010 0.499634 0.036285 0.004575 0.073575 0.145303 0.000010 0.000010 0.173732 0.000010 0.000010 0.000010
0.000010 0.000010 0.000010 0.000010 0.000010 0.999830 0.000010 0.000010 0.000010 0.000010 0.000010 0.000010 0.000010 0.000010 0.000010 0.000010 0.000010 0.000010
0.072512 0.247924 0.000010 0.015064 0.037871 0.011067 0.013920 0.000010 0.423599 0.000010 0.000010 0.000010 0.000010 0.021847 0.022132 0.000010 0.094865 0.039129
0.000010 0.000010 0.000010 0.000010 0.000010 0.000010 0.000010 0.999830 0.000010 0.000010 0.000010 0.000010 0.000010 0.000010 0.000010 0.000010 0.000010 0.000010
0.000010 0.000010 0.000010 0.000010 0.000010 0.672318 0.000010 0.327522 0.000010 0.000010 0.000010 0.000010 0.000010 0.000010 0.000010 0.000010 0.000010 0.000010
0.000010 0.000010 0.000010 0.093203 0.000010 0.000010 0.033830 0.000010 0.000010 0.000010 0.005820 0.000010 0.022450 0.000010 0.000010 0.000010 0.844566 0.000010
0.000010 0.066335 0.232161 0.265762 0.013448 0.000010 0.041255 0.000010 0.000010 0.000010 0.000010 0.000010 0.081268 0.150835 0.000010 0.148835 0.000010 0.000010
0.000010 0.020169 0.183874 0.320574 0.010083 0.000010 0.025683 0.000010 0.000010 0.017372 0.000329 0.000010 0.127294 0.146722 0.000010 0.126625 0.000010 0.021205
