0.259239 0.230267 0.087608 0.251598 0.171288
0.323819 0.154552 0.126532 0.314732 0.080365
0.253254 0.174204 0.074656 0.455905 0.041980
0.322712 0.160321 0.066504 0.382929 0.067534
0.365145 0.170638 0.174741 0.146493 0.142982
0.611967 0.110515 0.083130 0.072063 0.122325
0.163613 0.326623 0.119509 0.035632 0.354623
0.303048 0.214935 0.024910 0.410457 0.046650
0.236262 0.245778 0.053586 0.442788 0.021586
0.294521 0.139426 0.233445 0.180787 0.151822
0.383103 0.140128 0.153573 0.190899 0.132297
0.259764 0.231928 0.133553 0.024768 0.349986
0.390114 0.127633 0.165057 0.197992 0.119203
0.298701 0.126550 0.177059 0.238219 0.159472
0.131696 0.273093 0.167373 0.000010 0.427829
0.315442 0.154442 0.207965 0.216510 0.105640
0.260044 0.244482 0.064206 0.311669 0.119600
0.096165 0.230402 0.226594 0.030345 0.416493
0.127967 0.483237 0.058162 0.194794 0.135840
0.261961 0.137977 0.235741 0.201829 0.162492
0.457410 0.140295 0.117922 0.129519 0.154853
0.172872 0.298141 0.132630 0.006170 0.390187
0.199764 0.082171 0.302608 0.296861 0.118597
0.180657 0.171098 0.356583 0.190296 0.101367
0.117049 0.147860 0.206318 0.451343 0.077431
0.068905 0.169084 0.157209 0.558940 0.045862
0.205519 0.250817 0.142809 0.000010 0.400846
0.277821 0.135206 0.227798 0.224060 0.135116
0.302361 0.152747 0.231479 0.184044 0.129369
0.159018 0.210189 0.120874 0.360298 0.149620
0.252608 0.207531 0.151510 0.203419 0.184933
0.154109 0.267323 0.167783 0.017214 0.393571
0.229343 0.225149 0.103081 0.373655 0.068771
0.342541 0.118039 0.163420 0.345553 0.030446
0.432469 0.092313 0.062163 0.312734 0.100320
0.235177 0.194576 0.109776 0.452054 0.008416
0.258787 0.194995 0.209198 0.214601 0.122419
0.201142 0.102145 0.170539 0.443034 0.083140
0.346513 0.139433 0.192652 0.222210 0.099192
0.048831 0.097876 0.565690 0.132203 0.155400
0.359239 0.140122 0.176040 0.242698 0.081901
0.240861 0.195898 0.166658 0.274659 0.121924
0.210219 0.226863 0.178647 0.257432 0.126839
0.301883 0.233353 0.130855 0.163698 0.170210
0.194014 0.248161 0.147368 0.000010 0.410447
0.507417 0.121180 0.066231 0.195674 0.109498
0.301684 0.218902 0.155233 0.213082 0.111099
0.228633 0.231391 0.082476 0.450987 0.006514
0.234658 0.218090 0.095331 0.431628 0.020294
0.230179 0.206023 0.099062 0.450193 0.014543
0.216296 0.167978 0.252656 0.281092 0.081977
0.253824 0.373434 0.075481 0.163200 0.134061
0.241664 0.210382 0.065405 0.364882 0.117668
0.080901 0.090221 0.546047 0.129604 0.153227
0.388764 0.187067 0.156985 0.140308 0.126877
0.121546 0.235334 0.212865 0.004534 0.425722
0.250079 0.301731 0.093294 0.291202 0.063693
0.139328 0.272507 0.168630 0.009766 0.409770
0.292990 0.231247 0.122489 0.199947 0.153328
0.436166 0.134509 0.102766 0.227514 0.099045
0.390017 0.255514 0.080558 0.206584 0.067327
0.475970 0.167165 0.056845 0.210014 0.090006
0.279080 0.150398 0.132936 0.361984 0.075602
0.415587 0.149268 0.147656 0.156304 0.131185
0.386893 0.126811 0.088142 0.272470 0.125684
0.356221 0.121293 0.166395 0.283506 0.072585
0.290888 0.160828 0.012866 0.444283 0.091136
0.183656 0.236941 0.135587 0.000010 0.443806
0.133939 0.252545 0.171008 0.000010 0.442497
0.097363 0.122951 0.189940 0.548937 0.040809
0.315146 0.115714 0.219341 0.161923 0.187876
0.246704 0.280128 0.143567 0.000010 0.329592
0.220609 0.137357 0.299193 0.230836 0.112005
0.247987 0.198057 0.214190 0.212768 0.126997
0.313338 0.164171 0.233068 0.126937 0.162485
0.250701 0.097128 0.241773 0.314710 0.095687
0.170251 0.096877 0.382589 0.223591 0.126692
0.406764 0.173930 0.129340 0.156433 0.133534
0.374565 0.192965 0.126145 0.169158 0.137168
0.242665 0.134039 0.319224 0.207460 0.096612
0.239477 0.235130 0.112777 0.317203 0.095414
0.152983 0.281042 0.145909 0.053004 0.367061
0.209304 0.118217 0.329161 0.258564 0.084754
0.139309 0.162258 0.118939 0.521492 0.058002
0.654499 0.070986 0.045376 0.107482 0.121656
0.257392 0.123196 0.258250 0.269879 0.091283
0.228215 0.105015 0.335834 0.188235 0.142702
0.394565 0.172630 0.114710 0.210890 0.107205
0.309911 0.245876 0.099994 0.137999 0.206221
0.315222 0.169125 0.148276 0.264314 0.103063
0.210280 0.145947 0.159430 0.439094 0.045249
0.141107 0.123910 0.189210 0.486181 0.059592
0.362053 0.122437 0.075500 0.380694 0.059316
0.178970 0.250523 0.158375 0.015419 0.396714
0.228887 0.148321 0.304755 0.190636 0.127401
0.198685 0.194800 0.324489 0.159512 0.122514
0.228835 0.101586 0.333671 0.210933 0.124975
