0.251166 0.212242 0.091549 0.017987 0.168951 0.258106
0.324683 0.147134 0.120120 0.028074 0.066598 0.313392
0.256898 0.172318 0.035386 0.001494 0.054105 0.479800
0.354165 0.125778 0.033989 0.011797 0.082355 0.391916
0.342400 0.194144 0.145405 0.091912 0.126777 0.099362
0.672847 0.118207 0.036930 0.012913 0.084598 0.074505
0.227911 0.273299 0.085751 0.000010 0.372441 0.040589
0.335639 0.195950 0.000012 0.000010 0.052092 0.416297
0.247816 0.242978 0.015372 0.001361 0.037251 0.455221
0.306484 0.141018 0.222546 0.123665 0.119268 0.087019
0.415909 0.149760 0.107762 0.101457 0.108744 0.116368
0.290662 0.173116 0.110472 0.006646 0.353996 0.065109
0.364289 0.149687 0.174932 0.144171 0.066678 0.100241
0.286495 0.125732 0.168227 0.121662 0.116931 0.180954
0.136994 0.234113 0.153295 0.000010 0.447999 0.027589
0.327014 0.137255 0.205370 0.145606 0.064018 0.120737
0.244421 0.242953 0.004895 0.005320 0.114827 0.387584
0.144855 0.192011 0.160570 0.001038 0.445346 0.056180
0.165593 0.571634 0.000012 0.000010 0.107812 0.154940
0.275354 0.090195 0.230995 0.122949 0.126522 0.153986
0.424012 0.168871 0.109753 0.093902 0.110784 0.092677
0.201680 0.276022 0.100463 0.000010 0.405593 0.016233
0.186694 0.124834 0.246807 0.148637 0.039223 0.253805
0.133638 0.226437 0.326998 0.190243 0.019882 0.102802
0.143746 0.141381 0.146660 0.074821 0.025630 0.467763
0.085931 0.144688 0.100798 0.027175 0.026071 0.615337
0.202900 0.220116 0.114025 0.000010 0.417524 0.045425
0.278390 0.136305 0.222900 0.102380 0.113844 0.146182
0.289674 0.188009 0.225302 0.132278 0.074260 0.090477
0.175230 0.230322 0.074701 0.000010 0.120953 0.398784
0.241626 0.219070 0.148224 0.076643 0.179416 0.135021
0.157199 0.243105 0.137644 0.000010 0.405652 0.056390
0.242822 0.241616 0.065299 0.000010 0.052388 0.397865
0.345651 0.095315 0.128311 0.047937 0.022859 0.359926
0.453385 0.080450 0.044846 0.031300 0.072608 0.317411
0.287605 0.178936 0.039244 0.037781 0.000010 0.456424
0.274871 0.160236 0.185960 0.122258 0.081303 0.175372
0.227126 0.095608 0.113120 0.018468 0.066242 0.479437
0.345596 0.123125 0.187754 0.056011 0.058833 0.228681
0.059482 0.095452 0.579370 0.023702 0.141616 0.100377
0.346927 0.170545 0.160056 0.090721 0.051056 0.180694
0.252234 0.184963 0.128606 0.026301 0.086383 0.321512
0.241484 0.201683 0.139158 0.087004 0.108733 0.221938
0.297019 0.199221 0.156159 0.074998 0.157843 0.114760
0.201117 0.223972 0.105285 0.000010 0.422593 0.047022
0.520193 0.111818 0.058965 0.049769 0.088547 0.170708
0.265960 0.206810 0.174635 0.128190 0.071342 0.153062
0.226727 0.207260 0.034595 0.000010 0.035852 0.495556
0.266334 0.194508 0.038267 0.006177 0.027654 0.467060
0.244279 0.187868 0.042208 0.000010 0.048087 0.477548
0.248558 0.172010 0.200333 0.140965 0.002215 0.235918
0.289926 0.400219 0.057600 0.027615 0.100683 0.123958
0.206795 0.205198 0.062308 0.209067 0.031551 0.285082
0.107620 0.129954 0.519194 0.051818 0.115230 0.076184
0.382126 0.209653 0.122494 0.087606 0.108303 0.089818
0.153758 0.195618 0.192822 0.007852 0.449939 0.000010
0.264007 0.282631 0.052854 0.017703 0.080778 0.302026
0.152598 0.234170 0.107170 0.002657 0.438608 0.064797
0.323131 0.257911 0.100788 0.081218 0.129386 0.107566
0.495091 0.109740 0.047353 0.068924 0.068788 0.210105
0.431873 0.241189 0.065524 0.063456 0.023812 0.174146
0.495722 0.151204 0.043120 0.044391 0.063857 0.201707
0.317876 0.163468 0.085846 0.072375 0.025492 0.334944
0.417076 0.181731 0.111059 0.093500 0.094993 0.101641
0.399432 0.140471 0.053000 0.005645 0.122952 0.278500
0.330379 0.155040 0.127803 0.059426 0.058009 0.269342
0.203760 0.175375 0.000010 0.005991 0.066441 0.548423
0.215530 0.211885 0.115521 0.000010 0.457043 0.000010
0.194681 0.217617 0.133276 0.000010 0.444529 0.009888
0.139475 0.120215 0.113224 0.000014 0.026217 0.600856
0.313760 0.084732 0.211480 0.105762 0.150315 0.133950
0.270818 0.265283 0.121660 0.000010 0.339709 0.002520
0.159171 0.130155 0.312433 0.181450 0.026238 0.190553
0.277235 0.189304 0.182299 0.111301 0.096892 0.142969
0.371169 0.166178 0.193656 0.083843 0.139543 0.045611
0.271275 0.130144 0.188633 0.125782 0.010535 0.273632
0.141398 0.094019 0.367794 0.184460 0.037735 0.174594
0.373651 0.205305 0.108282 0.096891 0.099955 0.115915
0.381324 0.210304 0.100055 0.093215 0.105359 0.109743
0.164152 0.157951 0.335767 0.187310 0.009807 0.145013
0.197376 0.278371 0.103522 0.040167 0.081697 0.298867
0.217708 0.227872 0.092011 0.000010 0.385067 0.077332
0.177606 0.135583 0.305696 0.153564 0.038295 0.189256
0.177304 0.144554 0.089060 0.004673 0.028207 0.556202
0.708030 0.095746 0.013896 0.018606 0.083324 0.080399
0.218250 0.143319 0.257646 0.107046 0.048851 0.224889
0.210343 0.133912 0.307918 0.136237 0.057308 0.154281
0.373038 0.158475 0.117440 0.065612 0.077142 0.208294
0.297006 0.237040 0.064632 0.015625 0.177572 0.208123
0.398847 0.161981 0.091836 0.078357 0.063733 0.205247
0.167590 0.147877 0.162626 0.097285 0.000010 0.424611
0.153986 0.097416 0.152444 0.034108 0.045781 0.516265
0.396177 0.141329 0.033925 0.023617 0.037736 0.367217
0.183409 0.203524 0.127061 0.006062 0.425515 0.054429
0.163245 0.139837 0.327585 0.180416 0.057741 0.131176
0.175704 0.190232 0.312909 0.158053 0.051157 0.111945
0.209306 0.148132 0.315355 0.166107 0.057392 0.103708
