0.065639 0.191092 0.016639 0.000010 0.000010 0.000010 0.207918 0.379105 0.000010 0.000010 0.006256 0.028394 0.039936 0.064942 0.000010 0.000010 0.000010
0.005383 0.163725 0.013640 0.026731 0.000010 0.020982 0.000010 0.660171 0.000010 0.000010 0.000010 0.000010 0.000010 0.023728 0.037598 0.047962 0.000010
0.000010 0.305109 0.230056 0.015512 0.004147 0.000010 0.042964 0.267163 0.000010 0.047047 0.000010 0.016281 0.005711 0.033514 0.003495 0.000010 0.028951
0.591097 0.000010 0.000010 0.000010 0.000010 0.000010 0.000010 0.000010 0.000010 0.000010 0.005962 0.000010 0.000010 0.000010 0.402801 0.000010 0.000010
0.000010 0.151918 0.045711 0.000010 0.000010 0.005630 0.017556 0.621177 0.000010 0.020747 0.058912 0.017127 0.000010 0.000010 0.000010 0.061142 0.000010
0.000010 0.573686 0.015868 0.000010 0.000010 0.000010 0.149872 0.132050 0.009676 0.014347 0.026043 0.004051 0.000010 0.032746 0.029358 0.001038 0.011215
0.263392 0.153847 0.000010 0.000010 0.000010 0.000010 0.083163 0.000010 0.013031 0.000010 0.000010 0.000010 0.285075 0.004957 0.173124 0.000010 0.023321
0.013531 0.794492 0.000010 0.000010 0.000010 0.054609 0.098545 0.000010 0.038703 0.000010 0.000010 0.000010 0.000010 0.000010 0.000010 0.000010 0.000010
0.038432 0.034602 0.000010 0.000010 0.000010 0.049184 0.000010 0.587090 0.000010 0.013976 0.014106 0.041835 0.000010 0.173789 0.038281 0.008635 0.000010
0.006676 0.727015 0.000010 0.000010 0.000010 0.052887 0.101018 0.070907 0.000010 0.000010 0.000010 0.020896 0.000010 0.008806 0.011704 0.000010 0.000010
0.000010 0.456017 0.000243 0.000010 0.000010 0.058300 0.100725 0.153379 0.000010 0.017209 0.000010 0.182962 0.000010 0.028613 0.000010 0.002473 0.000010
0.000010 0.302581 0.104168 0.000010 0.021104 0.000010 0.018133 0.320495 0.021395 0.013016 0.006776 0.038718 0.000010 0.153542 0.000010 0.000010 0.000010
0.000010 0.000010 0.105243 0.000010 0.009135 0.048689 0.022700 0.077413 0.032505 0.000010 0.149266 0.000010 0.020181 0.280505 0.154424 0.000010 0.099877
0.273969 0.000010 0.018646 0.000010 0.000010 0.009372 0.018400 0.000010 0.015696 0.011420 0.018452 0.011738 0.034110 0.295323 0.253774 0.000010 0.039050
0.000010 0.829708 0.000010 0.018466 0.000010 0.002274 0.046903 0.037392 0.000010 0.000010 0.000010 0.038387 0.000010 0.000010 0.026771 0.000010 0.000010
0.010664 0.248943 0.070155 0.033175 0.015357 0.005393 0.070378 0.379250 0.000010 0.000010 0.043683 0.000010 0.033638 0.058900 0.000010 0.000010 0.030414
0.015184 0.510370 0.063889 0.000010 0.000010 0.022745 0.157688 0.140185 0.000454 0.000010 0.000010 0.020457 0.022660 0.015916 0.000010 0.017314 0.013088
0.165334 0.272627 0.000010 0.000010 0.000010 0.000010 0.157266 0.000010 0.040365 0.000010 0.000010 0.016921 0.196080 0.000010 0.134758 0.000010 0.016559
0.000010 0.268533 0.000010 0.000010 0.000010 0.650820 0.000010 0.000010 0.047553 0.000010 0.000010 0.013225 0.000010 0.000010 0.000010 0.000010 0.019749
0.000016 0.000010 0.000010 0.893564 0.044330 0.000010 0.000010 0.000010 0.007410 0.000010 0.013573 0.000010 0.000010 0.000010 0.000010 0.040997 0.000010
0.003180 0.000010 0.000010 0.952013 0.000010 0.000010 0.029959 0.000010 0.009812 0.000010 0.000010 0.000010 0.000010 0.000010 0.000010 0.000010 0.004915
0.000010 0.000010 0.000010 0.999840 0.000010 0.000010 0.000010 0.000010 0.000010 0.000010 0.000010 0.000010 0.000010 0.000010 0.000010 0.000010 0.000010
0.000010 0.000010 0.000010 0.922058 0.000010 0.000010 0.027891 0.000010 0.040310 0.000010 0.000010 0.000010 0.000010 0.000010 0.000010 0.000010 0.009611
0.000010 0.000010 0.000010 0.000010 0.000010 0.000010 0.000010 0.000010 0.000010 0.000010 0.000010 0.000010 0.000010 0.000010 0.999840 0.000010 0.000010
0.000010 0.000010 0.000010 0.000010 0.000010 0.999840 0.000010 0.000010 0.000010 0.000010 0.000010 0.000010 0.000010 0.000010 0.000010 0.000010 0.000010
0.000010 0.000010 0.000010 0.930490 0.038661 0.000010 0.000010 0.005085 0.000010 0.000010 0.000010 0.000010 0.000010 0.000448 0.000010 0.013807 0.011400
0.019328 0.000010 0.293485 0.010006 0.000010 0.000010 0.018539 0.626240 0.000010 0.000010 0.002571 0.000010 0.000010 0.000010 0.017763 0.011976 0.000010
0.020614 0.000010 0.000010 0.970116 0.004645 0.000010 0.000010 0.000010 0.000010 0.000010 0.000010 0.000010 0.000010 0.000010 0.000010 0.004495 0.000010
0.000010 0.084038 0.055221 0.002816 0.000010 0.064116 0.000010 0.253888 0.000010 0.000010 0.001335 0.000010 0.000010 0.432150 0.023687 0.036535 0.046145
0.014950 0.077642 0.002328 0.012660 0.003369 0.012065 0.000010 0.243417 0.000010 0.000010 0.000010 0.000010 0.000010 0.534156 0.062029 0.005416 0.031908
0.000010 0.000010 0.000010 0.000010 0.000010 0.016478 0.000010 0.000010 0.013785 0.000010 0.000010 0.056266 0.000010 0.913341 0.000010 0.000010 0.000010
0.000010 0.039132 0.000010 0.000010 0.014397 0.056164 0.000010 0.462977 0.000010 0.000010 0.004070 0.000010 0.000010 0.317162 0.043786 0.022391 0.039842
0.000010 0.000010 0.077238 0.000010 0.054545 0.000010 0.020327 0.120121 0.006308 0.045542 0.127724 0.000010 0.000010 0.147912 0.186578 0.066709 0.146937
0.000010 0.000010 0.000010 0.000010 0.000010 0.125681 0.000010 0.214436 0.024878 0.000010 0.141100 0.000010 0.000010 0.305506 0.040244 0.041669 0.106396
0.000010 0.112160 0.000010 0.000010 0.037702 0.033130 0.000010 0.484359 0.256802 0.000010 0.000010 0.000010 0.056923 0.000010 0.000010 0.018825 0.000010
0.000010 0.105209 0.000010 0.000010 0.000872 0.000010 0.000010 0.103079 0.000010 0.011564 0.000010 0.265624 0.000010 0.034471 0.478338 0.000010 0.000754
0.000010 0.167134 0.000010 0.000010 0.000010 0.000010 0.000010 0.000010 0.000010 0.000010 0.000010 0.231830 0.000010 0.000010 0.600896 0.000010 0.000010
0.000010 0.000010 0.000010 0.000010 0.993865 0.000010 0.000010 0.000010 0.000010 0.000010 0.000010 0.000010 0.000010 0.000010 0.000010 0.005985 0.000010
0.020571 0.000010 0.000010 0.000010 0.000010 0.070925 0.000010 0.488981 0.051473 0.000010 0.025849 0.033874 0.000010 0.268561 0.000010 0.000010 0.039675
0.000010 0.030439 0.001696 0.000010 0.009807 0.003232 0.019420 0.145948 0.001206 0.008626 0.065231 0.000010 0.000010 0.640107 0.034811 0.034660 0.004777
0.000010 0.999840 0.000010 0.000010 0.000010 0.000010 0.000010 0.000010 0.000010 0.000010 0.000010 0.000010 0.000010 0.000010 0.000010 0.000010 0.000010
0.010159 0.063892 0.035243 0.007280 0.000010 0.089533 0.122390 0.214690 0.000010 0.029037 0.039070 0.000010 0.017760 0.295160 0.019407 0.027929 0.028419
0.000010 0.606005 0.372600 0.000010 0.000010 0.000010 0.000010 0.000010 0.000010 0.000010 0.000010 0.000010 0.000010 0.000010 0.000010 0.000010 0.021255
0.006166 0.697102 0.283545 0.000010 0.000010 0.000010 0.013057 0.000010 0.000010 0.000010 0.000010 0.000010 0.000010 0.000010 0.000010 0.000010 0.000010
0.000010 0.000010 0.034117 0.000010 0.000010 0.056206 0.000010 0.036755 0.000010 0.000010 0.608766 0.000010 0.000010 0.264036 0.000010 0.000010 0.000010
0.000010 0.000010 0.002809 0.674689 0.310945 0.006633 0.000010 0.000010 0.000010 0.000010 0.004376 0.000010 0.000010 0.000010 0.000010 0.000438 0.000010
0.000010 0.000010 0.022610 0.672695 0.273584 0.000010 0.000010 0.021520 0.006542 0.000010 0.000010 0.002939 0.000010 0.000010 0.000010 0.000010 0.000010
0.000010 0.000010 0.024798 0.239175 0.192823 0.000010 0.000010 0.119609 0.013504 0.000010 0.057721 0.023920 0.000010 0.050678 0.000010 0.133364 0.144338
0.000010 0.000010 0.018112 0.010367 0.020256 0.063125 0.038516 0.262387 0.013776 0.070115 0.203895 0.024927 0.005452 0.116422 0.042202 0.032850 0.077578
0.000010 0.000010 0.032862 0.021235 0.000010 0.045917 0.032499 0.308369 0.014643 0.000010 0.242050 0.000010 0.000010 0.166316 0.082035 0.015279 0.038736
0.000010 0.000010 0.000010 0.000010 0.000010 0.000010 0.000010 0.000010 0.000010 0.999840 0.000010 0.000010 0.000010 0.000010 0.000010 0.000010 0.000010
0.000010 0.000010 0.000010 0.019823 0.025976 0.124904 0.029028 0.109613 0.001460 0.017167 0.149677 0.000010 0.071271 0.259891 0.019226 0.099497 0.072426
0.000010 0.000010 0.000010 0.000010 0.000010 0.000010 0.000010 0.000010 0.000010 0.999840 0.000010 0.000010 0.000010 0.000010 0.000010 0.000010 0.000010
0.000010 0.000010 0.049795 0.000010 0.021562 0.064538 0.034135 0.237696 0.029190 0.001290 0.215479 0.053765 0.000010 0.179209 0.000010 0.018571 0.094719
0.000010 0.000010 0.068005 0.000010 0.049297 0.129764 0.000010 0.096684 0.000010 0.035977 0.204876 0.000010 0.006517 0.285029 0.046990 0.000010 0.076792
0.000010 0.000010 0.000010 0.000010 0.000010 0.000010 0.000010 0.000010 0.999840 0.000010 0.000010 0.000010 0.000010 0.000010 0.000010 0.000010 0.000010
0.002550 0.695141 0.093006 0.000010 0.013260 0.000010 0.156792 0.000010 0.024853 0.000010 0.000010 0.000010 0.000010 0.000010 0.000010 0.014297 0.000010
0.000010 0.000010 0.000010 0.000010 0.000010 0.057972 0.000010 0.501294 0.007735 0.000010 0.008444 0.014094 0.000691 0.278729 0.072796 0.000010 0.058164
0.001222 0.000010 0.000010 0.000010 0.000010 0.072807 0.000010 0.485573 0.000010 0.044510 0.000010 0.000010 0.046876 0.293588 0.044411 0.000010 0.010922
0.002162 0.595927 0.020037 0.000010 0.000010 0.015339 0.034297 0.006070 0.014858 0.038766 0.000010 0.042915 0.145709 0.039698 0.039419 0.000010 0.004762
0.000010 0.000010 0.000015 0.000010 0.009702 0.000010 0.016895 0.236821 0.000010 0.020333 0.014960 0.000010 0.000010 0.701142 0.000043 0.000010 0.000010
0.000010 0.074090 0.000010 0.000010 0.000010 0.013157 0.000010 0.401634 0.022187 0.000010 0.000010 0.000010 0.015931 0.379115 0.044418 0.000010 0.049379
0.004705 0.314608 0.000010 0.039620 0.000010 0.073579 0.154961 0.012788 0.039056 0.026813 0.011194 0.000010 0.000010 0.310037 0.000010 0.000010 0.012580
0.018197 0.020283 0.000010 0.000010 0.015424 0.000010 0.000010 0.413999 0.000010 0.000010 0.000010 0.000010 0.000010 0.469280 0.000010 0.000010 0.062707
0.000010 0.039382 0.000010 0.000010 0.008342 0.062278 0.000010 0.318924 0.019701 0.000010 0.062503 0.000010 0.046926 0.331854 0.043248 0.033513 0.033269
0.120480 0.157600 0.000010 0.000010 0.047221 0.047438 0.001425 0.007743 0.082578 0.054671 0.157820 0.088830 0.053547 0.051054 0.129554 0.000010 0.000010
0.154952 0.000010 0.000010 0.000010 0.562134 0.000010 0.000010 0.000010 0.000010 0.000010 0.000010 0.000010 0.000010 0.000010 0.116478 0.000010 0.166306
0.471781 0.000010 0.126021 0.000010 0.010056 0.000010 0.000010 0.005566 0.024461 0.000010 0.026475 0.002146 0.000335 0.017881 0.283602 0.031617 0.000010
0.000010 0.716122 0.036375 0.007337 0.011303 0.003052 0.141522 0.000010 0.023408 0.000010 0.000010 0.000010 0.024637 0.000010 0.026918 0.000010 0.009256
0.000010 0.000010 0.070292 0.000010 0.000010 0.136593 0.000010 0.113398 0.022112 0.000010 0.162692 0.013664 0.027114 0.293118 0.038134 0.021546 0.101276
0.000010 0.059014 0.000010 0.028807 0.000010 0.100432 0.000010 0.322779 0.000010 0.077900 0.141079 0.001037 0.000010 0.108571 0.024784 0.033717 0.101821
0.000010 0.077208 0.021208 0.005187 0.000010 0.180198 0.000010 0.164026 0.033988 0.053730 0.272635 0.000010 0.000010 0.100524 0.000010 0.030889 0.060347
0.000010 0.000010 0.020860 0.000010 0.000010 0.008300 0.041659 0.679126 0.127390 0.027169 0.000010 0.037189 0.029672 0.000787 0.000010 0.016585 0.011202
0.000010 0.070031 0.023725 0.000010 0.009533 0.000010 0.000010 0.468784 0.000010 0.031072 0.010551 0.000010 0.000010 0.326406 0.044717 0.000010 0.015101
0.028774 0.000010 0.029020 0.000010 0.000010 0.063818 0.063753 0.599986 0.084881 0.000010 0.009524 0.000010 0.039047 0.051875 0.000010 0.000010 0.029254
0.000010 0.000010 0.000010 0.000010 0.022595 0.023761 0.047052 0.236114 0.022314 0.000010 0.032141 0.012015 0.000010 0.524478 0.000010 0.041115 0.038346
0.018760 0.000010 0.000016 0.000010 0.000010 0.004482 0.045894 0.242268 0.032811 0.049960 0.000010 0.000010 0.000010 0.604119 0.001610 0.000010 0.000010
0.000010 0.000010 0.000010 0.020414 0.039974 0.073371 0.019228 0.243642 0.026234 0.028296 0.011395 0.064257 0.000010 0.444351 0.000010 0.000010 0.028778
0.000010 0.000010 0.000010 0.000010 0.999840 0.000010 0.000010 0.000010 0.000010 0.000010 0.000010 0.000010 0.000010 0.000010 0.000010 0.000010 0.000010
0.000010 0.053850 0.000010 0.000010 0.000010 0.010925 0.001404 0.428909 0.000010 0.019148 0.012338 0.000010 0.000010 0.382607 0.048649 0.016952 0.025147
0.000010 0.000010 0.060512 0.008649 0.001369 0.000010 0.000010 0.070968 0.023283 0.009459 0.056496 0.099543 0.000010 0.635200 0.034450 0.000010 0.000010
0.022000 0.468900 0.031842 0.000010 0.008698 0.000010 0.141182 0.152310 0.000010 0.006586 0.000010 0.138791 0.000010 0.015356 0.000010 0.000010 0.014265
0.007327 0.414221 0.000010 0.000010 0.008062 0.006361 0.173539 0.135195 0.028835 0.000010 0.000010 0.199695 0.000010 0.000010 0.026687 0.000010 0.000010
0.000010 0.022892 0.000010 0.000010 0.000010 0.000010 0.000010 0.166690 0.717404 0.000010 0.000010 0.000640 0.053385 0.000010 0.000010 0.038881 0.000010
0.047899 0.563631 0.058953 0.000010 0.000010 0.000010 0.122772 0.002375 0.000010 0.000750 0.000010 0.030362 0.173168 0.000010 0.000010 0.000010 0.000010
0.000010 0.000010 0.000010 0.000010 0.999837 0.000010 0.000010 0.000010 0.000010 0.000010 0.000010 0.000010 0.000010 0.000010 0.000013 0.000010 0.000010
0.000010 0.000010 0.055167 0.717777 0.004269 0.000010 0.000010 0.000010 0.012891 0.077098 0.028821 0.000010 0.000010 0.030189 0.000010 0.073697 0.000010
0.015422 0.299660 0.054755 0.000010 0.000010 0.000010 0.056516 0.017781 0.046918 0.000010 0.000010 0.498733 0.000010 0.010125 0.000010 0.000010 0.000010
0.011265 0.132773 0.153548 0.000010 0.000010 0.000010 0.000010 0.261963 0.062238 0.008548 0.104484 0.048644 0.000010 0.119604 0.000010 0.000010 0.096864
0.017607 0.000010 0.000010 0.787965 0.060093 0.009918 0.000010 0.005932 0.000010 0.050228 0.000010 0.000010 0.000010 0.012260 0.000010 0.042610 0.013307
0.023434 0.008768 0.000010 0.815517 0.023795 0.000010 0.000010 0.034360 0.046067 0.004783 0.005443 0.000010 0.000010 0.014635 0.000010 0.023129 0.000010
0.000010 0.000010 0.000010 0.728026 0.009360 0.000010 0.000010 0.106997 0.000010 0.038994 0.000010 0.000010 0.000010 0.000010 0.000010 0.085761 0.030753
0.000010 0.000010 0.087771 0.797780 0.065826 0.009619 0.000010 0.012117 0.009940 0.000010 0.000010 0.000010 0.000010 0.002039 0.000010 0.014818 0.000010
0.000010 0.000010 0.023198 0.776734 0.014725 0.007265 0.000010 0.000010 0.003920 0.024831 0.043230 0.000010 0.000010 0.031767 0.013599 0.060662 0.000010
0.032253 0.085217 0.206200 0.252972 0.000010 0.000010 0.000010 0.226020 0.000010 0.000010 0.050732 0.057052 0.065902 0.012058 0.000010 0.000010 0.011525
0.000010 0.000010 0.000010 0.000010 0.000010 0.000010 0.000010 0.000010 0.000010 0.000010 0.999840 0.000010 0.000010 0.000010 0.000010 0.000010 0.000010
0.000010 0.000010 0.000010 0.000010 0.000010 0.000010 0.000010 0.000010 0.000010 0.000010 0.999840 0.000010 0.000010 0.000010 0.000010 0.000010 0.000010
0.000010 0.200628 0.021349 0.000010 0.000010 0.000010 0.000010 0.334002 0.000010 0.000010 0.044805 0.274470 0.028789 0.015191 0.000010 0.041045 0.039641
0.032314 0.736396 0.000010 0.024825 0.017579 0.000010 0.021580 0.000010 0.000010 0.000010 0.000010 0.067113 0.074654 0.000010 0.025450 0.000010 0.000010
0.000010 0.000010 0.000010 0.000010 0.000010 0.000010 0.000010 0.000010 0.000010 0.000010 0.999840 0.000010 0.000010 0.000010 0.000010 0.000010 0.000010
0.007276 0.000010 0.154098 0.000010 0.000010 0.000010 0.000010 0.777888 0.036829 0.000010 0.023789 0.000010 0.000010 0.000010 0.000010 0.000010 0.000010
0.000010 0.000010 0.000010 0.000010 0.000010 0.000010 0.000010 0.063736 0.000010 0.000010 0.936114 0.000010 0.000010 0.000010 0.000010 0.000010 0.000010
0.011827 0.135520 0.040185 0.000010 0.000010 0.021660 0.047187 0.600362 0.039948 0.026739 0.000010 0.000010 0.011501 0.065003 0.000010 0.000010 0.000010
0.999837 0.000010 0.000010 0.000010 0.000013 0.000010 0.000010 0.000010 0.000010 0.000010 0.000010 0.000010 0.000010 0.000010 0.000010 0.000010 0.000010
0.000010 0.597719 0.000010 0.000010 0.000010 0.038888 0.046719 0.099003 0.000010 0.010075 0.010686 0.196810 0.000010 0.000010 0.000010 0.000010 0.000010
0.076941 0.000010 0.000010 0.000010 0.000010 0.000010 0.000010 0.000010 0.000010 0.000010 0.446872 0.000010 0.000010 0.000010 0.476047 0.000010 0.000010
0.000010 0.000010 0.000010 0.000010 0.000010 0.000010 0.000010 0.000010 0.000010 0.000010 0.000010 0.999840 0.000010 0.000010 0.000010 0.000010 0.000010
0.045377 0.004015 0.145127 0.000010 0.008987 0.000010 0.019544 0.668246 0.056281 0.017668 0.034676 0.000010 0.000010 0.000010 0.000010 0.000010 0.000010
0.018337 0.162145 0.093150 0.000010 0.000010 0.019789 0.016610 0.505682 0.018429 0.000010 0.032628 0.033147 0.020548 0.059769 0.003117 0.016609 0.000010
0.000010 0.721462 0.000012 0.000010 0.002455 0.000010 0.084731 0.108039 0.000010 0.000010 0.003069 0.028598 0.026408 0.000010 0.000010 0.025146 0.000010
0.000010 0.000010 0.020395 0.002318 0.044171 0.107779 0.000010 0.043952 0.000344 0.350725 0.231775 0.000010 0.000010 0.110756 0.004494 0.050699 0.032542
0.000010 0.305241 0.031072 0.000010 0.000010 0.024885 0.225469 0.266364 0.013453 0.000010 0.000010 0.030082 0.103343 0.000010 0.000010 0.000010 0.000010
0.000010 0.516354 0.050706 0.000010 0.000010 0.000010 0.227179 0.111549 0.015451 0.037116 0.000010 0.013851 0.015283 0.000010 0.012430 0.000010 0.000010
0.017241 0.725513 0.000010 0.000010 0.000010 0.000010 0.143008 0.000010 0.000010 0.000010 0.000010 0.051743 0.000010 0.062375 0.000010 0.000010 0.000010
0.000010 0.037287 0.049361 0.000010 0.000010 0.000010 0.066572 0.623156 0.038098 0.004898 0.041956 0.000010 0.025427 0.095424 0.017751 0.000010 0.000010
0.000010 0.000010 0.000010 0.000010 0.000010 0.000010 0.000010 0.000010 0.000010 0.000010 0.000010 0.999840 0.000010 0.000010 0.000010 0.000010 0.000010
0.999840 0.000010 0.000010 0.000010 0.000010 0.000010 0.000010 0.000010 0.000010 0.000010 0.000010 0.000010 0.000010 0.000010 0.000010 0.000010 0.000010
0.999840 0.000010 0.000010 0.000010 0.000010 0.000010 0.000010 0.000010 0.000010 0.000010 0.000010 0.000010 0.000010 0.000010 0.000010 0.000010 0.000010
0.000010 0.724259 0.000010 0.000010 0.008859 0.000010 0.000010 0.141804 0.020043 0.000010 0.000010 0.089583 0.000010 0.000010 0.015342 0.000010 0.000010
0.999840 0.000010 0.000010 0.000010 0.000010 0.000010 0.000010 0.000010 0.000010 0.000010 0.000010 0.000010 0.000010 0.000010 0.000010 0.000010 0.000010
0.000010 0.680081 0.319619 0.000010 0.000010 0.000010 0.000010 0.000010 0.000010 0.000010 0.000010 0.000010 0.000010 0.000010 0.000160 0.000010 0.000010
0.000010 0.978138 0.000010 0.000010 0.000010 0.000010 0.016085 0.000010 0.000010 0.000010 0.000010 0.005637 0.000010 0.000010 0.000010 0.000010 0.000010
0.999840 0.000010 0.000010 0.000010 0.000010 0.000010 0.000010 0.000010 0.000010 0.000010 0.000010 0.000010 0.000010 0.000010 0.000010 0.000010 0.000010
0.999840 0.000010 0.000010 0.000010 0.000010 0.000010 0.000010 0.000010 0.000010 0.000010 0.000010 0.000010 0.000010 0.000010 0.000010 0.000010 0.000010
0.999840 0.000010 0.000010 0.000010 0.000010 0.000010 0.000010 0.000010 0.000010 0.000010 0.000010 0.000010 0.000010 0.000010 0.000010 0.000010 0.000010
0.994148 0.000010 0.000010 0.000010 0.000010 0.000010 0.000010 0.000010 0.000010 0.000010 0.000010 0.000010 0.000010 0.000010 0.000010 0.000010 0.005702
0.651032 0.000010 0.000010 0.000010 0.018509 0.000010 0.000010 0.017642 0.000010 0.000010 0.000010 0.001618 0.000010 0.036831 0.252167 0.022099 0.000010
0.000010 0.053173 0.000010 0.033707 0.000010 0.000010 0.012727 0.776788 0.000010 0.057162 0.000010 0.000010 0.000010 0.000010 0.066332 0.000010 0.000010
0.030084 0.051966 0.080192 0.000010 0.000010 0.037084 0.000010 0.697339 0.000010 0.000010 0.000010 0.037009 0.051470 0.000010 0.012951 0.001826 0.000010
0.999840 0.000010 0.000010 0.000010 0.000010 0.000010 0.000010 0.000010 0.000010 0.000010 0.000010 0.000010 0.000010 0.000010 0.000010 0.000010 0.000010
0.095824 0.374748 0.087615 0.000010 0.020982 0.000010 0.000010 0.071181 0.000010 0.000010 0.000010 0.010473 0.245800 0.000010 0.072457 0.000010 0.020839
0.000010 0.524293 0.065116 0.000010 0.000010 0.000010 0.000010 0.058538 0.039917 0.000010 0.000010 0.296617 0.000010 0.000010 0.015410 0.000010 0.000010
0.999832 0.000010 0.000010 0.000010 0.000010 0.000010 0.000010 0.000010 0.000010 0.000010 0.000018 0.000010 0.000010 0.000010 0.000010 0.000010 0.000010
0.909306 0.000010 0.000010 0.000010 0.000010 0.000010 0.002990 0.000010 0.017594 0.014689 0.000010 0.000010 0.000010 0.000010 0.032141 0.001762 0.021419
0.999840 0.000010 0.000010 0.000010 0.000010 0.000010 0.000010 0.000010 0.000010 0.000010 0.000010 0.000010 0.000010 0.000010 0.000010 0.000010 0.000010
0.000010 0.117436 0.034219 0.000010 0.051721 0.002452 0.000010 0.221576 0.224043 0.008160 0.000010 0.009810 0.075702 0.158356 0.035271 0.032017 0.029198
0.037165 0.000010 0.000010 0.000010 0.000010 0.000010 0.130674 0.808442 0.004368 0.000010 0.000010 0.000778 0.000010 0.000010 0.018463 0.000010 0.000010
0.026566 0.044164 0.078113 0.000010 0.000010 0.026056 0.020107 0.702052 0.021234 0.000010 0.000010 0.051304 0.000010 0.019663 0.000010 0.010671 0.000010
0.017945 0.000981 0.000010 0.000010 0.000010 0.000010 0.000010 0.806821 0.018165 0.000010 0.000010 0.022701 0.011957 0.101622 0.019717 0.000010 0.000010
0.340401 0.000010 0.000010 0.000010 0.000010 0.000010 0.000010 0.000010 0.000010 0.000010 0.000010 0.000010 0.000010 0.000010 0.659449 0.000010 0.000010
0.422824 0.000010 0.000010 0.269438 0.199365 0.000010 0.031814 0.000010 0.000010 0.000010 0.000010 0.038483 0.000010 0.000010 0.000010 0.000010 0.037966
0.999839 0.000010 0.000010 0.000010 0.000010 0.000010 0.000010 0.000010 0.000010 0.000010 0.000010 0.000010 0.000010 0.000010 0.000010 0.000010 0.000010
0.999840 0.000010 0.000010 0.000010 0.000010 0.000010 0.000010 0.000010 0.000010 0.000010 0.000010 0.000010 0.000010 0.000010 0.000010 0.000010 0.000010
0.999840 0.000010 0.000010 0.000010 0.000010 0.000010 0.000010 0.000010 0.000010 0.000010 0.000010 0.000010 0.000010 0.000010 0.000010 0.000010 0.000010
0.966297 0.000010 0.000010 0.000010 0.000010 0.000010 0.000010 0.000010 0.000010 0.000010 0.000010 0.000010 0.000010 0.000010 0.033553 0.000010 0.000010
0.999840 0.000010 0.000010 0.000010 0.000010 0.000010 0.000010 0.000010 0.000010 0.000010 0.000010 0.000010 0.000010 0.000010 0.000010 0.000010 0.000010
0.999840 0.000010 0.000010 0.000010 0.000010 0.000010 0.000010 0.000010 0.000010 0.000010 0.000010 0.000010 0.000010 0.000010 0.000010 0.000010 0.000010
0.000010 0.216288 0.355012 0.000010 0.000070 0.000010 0.000010 0.030069 0.299832 0.000010 0.000010 0.000010 0.000010 0.052694 0.030420 0.015524 0.000010
0.999840 0.000010 0.000010 0.000010 0.000010 0.000010 0.000010 0.000010 0.000010 0.000010 0.000010 0.000010 0.000010 0.000010 0.000010 0.000010 0.000010
0.690519 0.000010 0.000010 0.000010 0.006864 0.000010 0.000010 0.000010 0.000010 0.004762 0.004694 0.000010 0.015069 0.000010 0.239935 0.038057 0.000010
0.000010 0.856156 0.063030 0.000010 0.007510 0.000010 0.000010 0.072334 0.000851 0.000010 0.000010 0.000010 0.000010 0.000010 0.000010 0.000010 0.000010
0.336813 0.000010 0.000010 0.000010 0.000010 0.000010 0.000010 0.000010 0.000010 0.000010 0.000010 0.000010 0.000010 0.000010 0.663037 0.000010 0.000010
0.143704 0.068892 0.000010 0.000010 0.000010 0.034546 0.009864 0.000010 0.032921 0.000010 0.000010 0.000010 0.169927 0.000010 0.512077 0.000010 0.027979
0.999840 0.000010 0.000010 0.000010 0.000010 0.000010 0.000010 0.000010 0.000010 0.000010 0.000010 0.000010 0.000010 0.000010 0.000010 0.000010 0.000010
0.999840 0.000010 0.000010 0.000010 0.000010 0.000010 0.000010 0.000010 0.000010 0.000010 0.000010 0.000010 0.000010 0.000010 0.000010 0.000010 0.000010
0.999840 0.000010 0.000010 0.000010 0.000010 0.000010 0.000010 0.000010 0.000010 0.000010 0.000010 0.000010 0.000010 0.000010 0.000010 0.000010 0.000010
0.999840 0.000010 0.000010 0.000010 0.000010 0.000010 0.000010 0.000010 0.000010 0.000010 0.000010 0.000010 0.000010 0.000010 0.000010 0.000010 0.000010
0.835140 0.000010 0.000010 0.000010 0.000010 0.000010 0.000010 0.000010 0.000010 0.000010 0.000010 0.000010 0.000010 0.000010 0.164710 0.000010 0.000010
0.999840 0.000010 0.000010 0.000010 0.000010 0.000010 0.000010 0.000010 0.000010 0.000010 0.000010 0.000010 0.000010 0.000010 0.000010 0.000010 0.000010
0.000010 0.000010 0.000010 0.000010 0.000010 0.000014 0.000010 0.000010 0.999836 0.000010 0.000010 0.000010 0.000010 0.000010 0.000010 0.000010 0.000010
0.000010 0.000010 0.000010 0.000010 0.000010 0.000010 0.000010 0.000010 0.000010 0.000010 0.000010 0.000010 0.000010 0.000010 0.000010 0.999840 0.000010
0.000010 0.000010 0.000010 0.000010 0.000010 0.000010 0.000010 0.000010 0.000010 0.000010 0.000010 0.000010 0.000010 0.000010 0.000010 0.999840 0.000010
0.000010 0.000010 0.000010 0.000010 0.000010 0.000010 0.000010 0.000010 0.000010 0.000010 0.000010 0.000010 0.000010 0.000010 0.000010 0.999840 0.000010
0.999840 0.000010 0.000010 0.000010 0.000010 0.000010 0.000010 0.000010 0.000010 0.000010 0.000010 0.000010 0.000010 0.000010 0.000010 0.000010 0.000010
0.999840 0.000010 0.000010 0.000010 0.000010 0.000010 0.000010 0.000010 0.000010 0.000010 0.000010 0.000010 0.000010 0.000010 0.000010 0.000010 0.000010
0.000010 0.000010 0.000010 0.000010 0.000010 0.000010 0.000010 0.000010 0.000010 0.000010 0.000010 0.000010 0.000010 0.000010 0.000010 0.999840 0.000010
0.000010 0.012742 0.000010 0.000010 0.000010 0.000010 0.000010 0.000010 0.000010 0.000010 0.000010 0.000010 0.000010 0.000010 0.000010 0.987108 0.000010
0.000010 0.000010 0.000010 0.000010 0.000010 0.000010 0.000010 0.000010 0.000010 0.000010 0.000010 0.000010 0.000010 0.000010 0.000010 0.999840 0.000010
0.999840 0.000010 0.000010 0.000010 0.000010 0.000010 0.000010 0.000010 0.000010 0.000010 0.000010 0.000010 0.000010 0.000010 0.000010 0.000010 0.000010
0.999840 0.000010 0.000010 0.000010 0.000010 0.000010 0.000010 0.000010 0.000010 0.000010 0.000010 0.000010 0.000010 0.000010 0.000010 0.000010 0.000010
0.000010 0.000010 0.000010 0.000010 0.000010 0.000010 0.000010 0.000010 0.000010 0.813735 0.186115 0.000010 0.000010 0.000010 0.000010 0.000010 0.000010
0.999840 0.000010 0.000010 0.000010 0.000010 0.000010 0.000010 0.000010 0.000010 0.000010 0.000010 0.000010 0.000010 0.000010 0.000010 0.000010 0.000010
0.000010 0.100634 0.000010 0.000010 0.000010 0.899216 0.000010 0.000010 0.000010 0.000010 0.000010 0.000010 0.000010 0.000010 0.000010 0.000010 0.000010
0.000010 0.000010 0.000010 0.000010 0.000010 0.000010 0.000010 0.000010 0.000010 0.000010 0.000010 0.000010 0.000010 0.000010 0.000010 0.000010 0.999840
0.000010 0.000010 0.000010 0.000010 0.000010 0.000010 0.000010 0.000010 0.000010 0.000010 0.000010 0.000010 0.000010 0.000010 0.000010 0.000010 0.999840
0.000010 0.495479 0.006690 0.000010 0.000010 0.052815 0.043296 0.116630 0.000010 0.000010 0.012051 0.063069 0.143407 0.066484 0.000010 0.000010 0.000010
0.000010 0.000010 0.000010 0.000010 0.000010 0.000010 0.000010 0.000010 0.000010 0.000010 0.000010 0.000010 0.000010 0.000010 0.000010 0.000010 0.999840
0.000010 0.000010 0.023216 0.913417 0.000010 0.054658 0.000010 0.000010 0.000010 0.000010 0.000010 0.000010 0.000010 0.000010 0.008579 0.000010 0.000010
0.024701 0.000010 0.123764 0.088098 0.041873 0.104124 0.000010 0.050624 0.016461 0.083975 0.272544 0.000010 0.000010 0.113812 0.000010 0.030192 0.049784
0.000010 0.374281 0.008303 0.000010 0.023452 0.049758 0.000010 0.010974 0.025058 0.000010 0.000010 0.022338 0.274553 0.117380 0.093834 0.000010 0.000010
0.016407 0.001799 0.086290 0.047456 0.036820 0.000010 0.004853 0.000629 0.009321 0.000010 0.149354 0.049340 0.064938 0.006073 0.000010 0.482812 0.043877
0.116564 0.000010 0.024573 0.000010 0.000010 0.000010 0.000010 0.000010 0.000010 0.000010 0.000010 0.000010 0.609476 0.000010 0.249258 0.000010 0.000010
0.266468 0.000010 0.025333 0.000010 0.000010 0.000010 0.000010 0.000010 0.000010 0.000010 0.000010 0.000010 0.624824 0.000010 0.083244 0.000010 0.000010
0.000010 0.772392 0.214340 0.000010 0.000010 0.000010 0.013128 0.000010 0.000010 0.000010 0.000010 0.000010 0.000010 0.000010 0.000010 0.000010 0.000010
0.369425 0.000010 0.069723 0.000010 0.021696 0.068840 0.000010 0.000010 0.000010 0.019219 0.000010 0.000010 0.000010 0.000010 0.417665 0.033331 0.000010
0.000010 0.230923 0.015705 0.000010 0.055940 0.006476 0.145926 0.344143 0.037228 0.013659 0.020395 0.000010 0.014765 0.069988 0.044802 0.000010 0.000010
0.044270 0.755064 0.051198 0.000010 0.012087 0.000010 0.000010 0.059568 0.006578 0.000010 0.000010 0.017762 0.020638 0.000010 0.032757 0.000010 0.000010
0.142686 0.378417 0.019327 0.000010 0.000010 0.000336 0.000010 0.023803 0.000010 0.031660 0.000010 0.016865 0.138029 0.000010 0.225806 0.000010 0.023000
0.000010 0.000010 0.055868 0.000010 0.000010 0.129224 0.000010 0.192286 0.000362 0.000993 0.363593 0.025031 0.000010 0.201705 0.000010 0.000010 0.030858
0.000010 0.000010 0.018147 0.000010 0.000413 0.010297 0.032404 0.179184 0.015491 0.003223 0.000010 0.709808 0.000010 0.000010 0.030952 0.000010 0.000010
0.001841 0.000010 0.121067 0.000010 0.000010 0.084397 0.082378 0.529307 0.036954 0.052209 0.026188 0.002065 0.000010 0.063523 0.000010 0.000010 0.000010
0.008318 0.000010 0.048677 0.087941 0.000010 0.018622 0.104741 0.000010 0.000010 0.004688 0.148227 0.000010 0.000010 0.000010 0.000010 0.552304 0.026402
0.640994 0.000010 0.000010 0.000010 0.000010 0.000010 0.000010 0.000010 0.000010 0.000010 0.000010 0.000010 0.018601 0.001701 0.319541 0.019043 0.000010
0.000010 0.000010 0.134811 0.176144 0.000010 0.000010 0.048958 0.000010 0.000010 0.010968 0.110407 0.004936 0.011947 0.000010 0.007007 0.485419 0.009333
0.000010 0.000010 0.000010 0.000010 0.000010 0.000010 0.000010 0.000010 0.000010 0.000010 0.000010 0.000010 0.000010 0.000010 0.000010 0.999840 0.000010
0.000010 0.283226 0.053067 0.015117 0.015671 0.000010 0.074301 0.352181 0.048498 0.000010 0.000010 0.066967 0.090892 0.000010 0.000010 0.000010 0.000010
0.000010 0.546335 0.428735 0.000010 0.000010 0.000010 0.000010 0.000010 0.000010 0.024790 0.000010 0.000010 0.000010 0.000010 0.000010 0.000010 0.000010
0.000010 0.000010 0.000010 0.649826 0.000010 0.000010 0.000010 0.000010 0.000010 0.350024 0.000010 0.000010 0.000010 0.000010 0.000010 0.000010 0.000010
0.000010 0.507520 0.349426 0.000010 0.000010 0.008310 0.000010 0.045118 0.029667 0.025518 0.000010 0.000010 0.007651 0.000010 0.026701 0.000010 0.000010
0.000010 0.641297 0.358553 0.000010 0.000010 0.000010 0.000010 0.000010 0.000010 0.000010 0.000010 0.000010 0.000010 0.000010 0.000010 0.000010 0.000010
0.000010 0.662335 0.080811 0.000010 0.001902 0.000010 0.187646 0.000010 0.036403 0.000010 0.000010 0.026191 0.000010 0.000010 0.000010 0.000010 0.004613
0.000010 0.000010 0.184617 0.041076 0.033833 0.066018 0.069186 0.000010 0.000010 0.000010 0.214219 0.000010 0.154052 0.202695 0.000010 0.034226 0.000010
0.000010 0.000010 0.000010 0.000010 0.000010 0.000010 0.000010 0.000010 0.000010 0.000010 0.999840 0.000010 0.000010 0.000010 0.000010 0.000010 0.000010
0.029850 0.358696 0.199230 0.000010 0.000010 0.056697 0.156931 0.018087 0.142932 0.025257 0.000010 0.000010 0.000010 0.000010 0.002302 0.000010 0.009949
0.000010 0.000010 0.000010 0.000010 0.000010 0.000010 0.000010 0.000010 0.000010 0.000010 0.000010 0.000010 0.000010 0.000010 0.000010 0.999840 0.000010
0.000010 0.000010 0.815519 0.000010 0.000010 0.000010 0.000010 0.138291 0.046050 0.000010 0.000010 0.000010 0.000010 0.000010 0.000010 0.000010 0.000010
0.039139 0.468806 0.059155 0.000010 0.000010 0.019729 0.012834 0.054607 0.000010 0.000010 0.000010 0.000010 0.248063 0.056738 0.016409 0.000010 0.024449
0.016970 0.000010 0.000010 0.247886 0.020857 0.000010 0.000010 0.000010 0.000010 0.025929 0.000010 0.000010 0.054802 0.117039 0.000010 0.335805 0.180623
0.000010 0.057270 0.399636 0.005221 0.036199 0.000010 0.000010 0.328140 0.001227 0.035509 0.070752 0.022595 0.000010 0.032882 0.000010 0.010509 0.000010
0.999840 0.000010 0.000010 0.000010 0.000010 0.000010 0.000010 0.000010 0.000010 0.000010 0.000010 0.000010 0.000010 0.000010 0.000010 0.000010 0.000010
0.035465 0.516577 0.447818 0.000010 0.000010 0.000010 0.000010 0.000010 0.000010 0.000010 0.000010 0.000010 0.000010 0.000010 0.000010 0.000010 0.000010
0.000010 0.495600 0.468399 0.000010 0.000010 0.000010 0.030560 0.000010 0.000010 0.000010 0.000010 0.000010 0.000010 0.000010 0.005310 0.000010 0.000010
0.001302 0.462639 0.494484 0.000010 0.000010 0.000010 0.000010 0.000010 0.000010 0.001198 0.000010 0.040257 0.000010 0.000010 0.000010 0.000010 0.000010
0.018985 0.579706 0.030599 0.000010 0.018579 0.114800 0.174150 0.037136 0.000010 0.000010 0.000010 0.025956 0.000010 0.000010 0.000010 0.000010 0.000010
0.059903 0.154624 0.000010 0.000010 0.000053 0.017795 0.000010 0.019932 0.000010 0.000010 0.007551 0.001977 0.597316 0.110702 0.000010 0.030078 0.000010
0.000010 0.028312 0.524441 0.000010 0.000010 0.077560 0.100101 0.079879 0.078643 0.018079 0.000010 0.000010 0.000010 0.000010 0.068984 0.007931 0.016000
0.000010 0.681855 0.012344 0.000010 0.000010 0.000010 0.100189 0.000010 0.000010 0.051729 0.000010 0.141925 0.011848 0.000010 0.000010 0.000010 0.000010
0.027663 0.972187 0.000010 0.000010 0.000010 0.000010 0.000010 0.000010 0.000010 0.000010 0.000010 0.000010 0.000010 0.000010 0.000010 0.000010 0.000010
0.000010 0.067785 0.431443 0.000010 0.000010 0.015542 0.000010 0.159605 0.232369 0.000010 0.003776 0.000013 0.029074 0.000010 0.035141 0.013952 0.011241
0.061886 0.568245 0.009558 0.000010 0.000010 0.000010 0.108038 0.011704 0.016130 0.000010 0.000010 0.041204 0.091579 0.000015 0.091571 0.000010 0.000010
0.000010 0.027702 0.617113 0.000010 0.000010 0.000010 0.000010 0.009318 0.114479 0.000010 0.000010 0.000010 0.000010 0.116070 0.115209 0.000010 0.000010
0.026524 0.677748 0.024627 0.011299 0.002265 0.000010 0.016220 0.106165 0.002717 0.000010 0.024403 0.042711 0.013633 0.000010 0.039202 0.005670 0.006785
0.018476 0.490979 0.036386 0.000010 0.000010 0.000010 0.107773 0.159294 0.029987 0.000010 0.000010 0.116208 0.012174 0.000010 0.009635 0.000010 0.019017
0.000010 0.000010 0.950070 0.000010 0.000010 0.000010 0.000010 0.049780 0.000010 0.000010 0.000010 0.000010 0.000010 0.000010 0.000010 0.000010 0.000010
0.000010 0.779069 0.071748 0.000010 0.000010 0.011153 0.097428 0.000010 0.000010 0.000010 0.011715 0.000010 0.017230 0.011556 0.000010 0.000010 0.000010
0.168578 0.215192 0.007446 0.000014 0.000583 0.000010 0.004457 0.056395 0.008759 0.000010 0.000010 0.076853 0.226880 0.000010 0.185636 0.014306 0.034861
0.003992 0.728987 0.197156 0.000010 0.000010 0.000010 0.054285 0.000010 0.000010 0.000010 0.000010 0.015460 0.000010 0.000010 0.000010 0.000010 0.000010
0.205373 0.343525 0.080651 0.000010 0.000010 0.000010 0.010127 0.000010 0.000010 0.000010 0.000010 0.000010 0.205333 0.000010 0.147154 0.000010 0.007736
0.000010 0.553272 0.161370 0.000010 0.003725 0.001002 0.000010 0.021343 0.115912 0.000010 0.000010 0.000010 0.023858 0.083584 0.000010 0.000010 0.035854
0.035106 0.761051 0.000010 0.000010 0.000010 0.000010 0.000010 0.043898 0.000010 0.013164 0.000010 0.034238 0.069455 0.027850 0.012169 0.000010 0.002988
0.008734 0.590523 0.387779 0.000010 0.000010 0.007560 0.000010 0.000010 0.000010 0.000010 0.000010 0.005284 0.000010 0.000010 0.000010 0.000010 0.000010
0.265984 0.000010 0.000010 0.000010 0.000010 0.000010 0.000010 0.000010 0.000010 0.000010 0.000010 0.000010 0.733866 0.000010 0.000010 0.000010 0.000010
0.000010 0.000010 0.000010 0.000010 0.000010 0.000010 0.000010 0.007566 0.000010 0.000010 0.000010 0.000010 0.992284 0.000010 0.000010 0.000010 0.000010
0.000010 0.000010 0.000010 0.000010 0.000010 0.000010 0.000010 0.000010 0.000010 0.999840 0.000010 0.000010 0.000010 0.000010 0.000010 0.000010 0.000010
0.003450 0.000010 0.000010 0.000010 0.000010 0.000010 0.000010 0.000010 0.000010 0.129172 0.000010 0.000010 0.705991 0.000010 0.161256 0.000010 0.000010
0.132668 0.000010 0.000010 0.000010 0.000010 0.000010 0.000010 0.000010 0.000010 0.112802 0.000010 0.000010 0.651831 0.000010 0.102569 0.000010 0.000010
0.000010 0.000010 0.000010 0.000010 0.000010 0.000010 0.000010 0.000010 0.000010 0.000010 0.000010 0.000010 0.998490 0.000010 0.000010 0.001360 0.000010
0.009818 0.000010 0.014038 0.000010 0.000010 0.000010 0.034668 0.000010 0.000010 0.020258 0.389879 0.000010 0.489461 0.041779 0.000010 0.000010 0.000010
0.066241 0.002660 0.155952 0.000010 0.000010 0.000010 0.050190 0.010836 0.012281 0.040377 0.000010 0.000010 0.506313 0.000010 0.153199 0.000010 0.001880
0.000010 0.000010 0.000010 0.000010 0.000010 0.000010 0.000010 0.000010 0.000010 0.999840 0.000010 0.000010 0.000010 0.000010 0.000010 0.000010 0.000010
0.000010 0.336538 0.010506 0.000010 0.000010 0.009430 0.103453 0.075054 0.250551 0.015374 0.110289 0.044966 0.000010 0.026269 0.001894 0.000010 0.015627
0.000010 0.000010 0.000010 0.000010 0.000010 0.000010 0.000010 0.000010 0.000010 0.000010 0.000010 0.000010 0.999840 0.000010 0.000010 0.000010 0.000010
0.000010 0.000010 0.000010 0.000010 0.000010 0.000010 0.000010 0.000010 0.000010 0.673841 0.000010 0.000010 0.326009 0.000010 0.000010 0.000010 0.000010
0.009887 0.000010 0.000010 0.000010 0.000010 0.050192 0.007956 0.000010 0.000010 0.000010 0.880926 0.000010 0.000010 0.000010 0.000010 0.050919 0.000010
0.000010 0.000010 0.000010 0.193395 0.000010 0.041788 0.037672 0.000010 0.073646 0.000010 0.025547 0.000010 0.000010 0.047623 0.000010 0.423653 0.156586
0.002774 0.000010 0.078815 0.192924 0.016691 0.020618 0.000010 0.000010 0.012533 0.000010 0.000010 0.048780 0.000010 0.038321 0.000010 0.427946 0.160528
0.000010 0.000010 0.000010 0.000010 0.000010 0.000010 0.000010 0.000010 0.000010 0.000010 0.999840 0.000010 0.000010 0.000010 0.000010 0.000010 0.000010
0.000010 0.049616 0.000010 0.000010 0.000010 0.000010 0.000010 0.000010 0.000010 0.000010 0.000010 0.018358 0.931886 0.000010 0.000010 0.000010 0.000010
0.000010 0.000010 0.000010 0.000010 0.000010 0.000010 0.000010 0.000010 0.000010 0.000010 0.000010 0.000010 0.999840 0.000010 0.000010 0.000010 0.000010
0.000010 0.000010 0.000010 0.000010 0.000010 0.000010 0.000010 0.000010 0.000010 0.813882 0.000010 0.000010 0.185968 0.000010 0.000010 0.000010 0.000010
0.000010 0.000010 0.000010 0.210203 0.000010 0.038663 0.000011 0.000010 0.032257 0.000010 0.028044 0.000010 0.019149 0.126236 0.000010 0.153360 0.391998
0.000010 0.000010 0.000010 0.000010 0.000010 0.000010 0.000010 0.000010 0.000010 0.000010 0.000010 0.000010 0.000010 0.000010 0.000010 0.000010 0.999840
0.000010 0.000010 0.000010 0.697316 0.055328 0.000010 0.000010 0.037741 0.000010 0.055324 0.050954 0.024743 0.000010 0.000010 0.001706 0.076797 0.000010
0.000010 0.014534 0.000010 0.000010 0.000010 0.000011 0.027683 0.000010 0.000010 0.000010 0.000010 0.000010 0.895213 0.026878 0.000010 0.035572 0.000010
0.000010 0.690322 0.000010 0.000010 0.000453 0.000010 0.089687 0.017362 0.000010 0.012093 0.000010 0.141934 0.022066 0.000010 0.025993 0.000010 0.000010
0.000010 0.499675 0.000010 0.000010 0.000010 0.023331 0.183507 0.106380 0.023576 0.005646 0.000010 0.091010 0.033696 0.023372 0.009737 0.000010 0.000010
0.008928 0.000010 0.000010 0.000010 0.009672 0.015554 0.000010 0.332369 0.002997 0.000010 0.028679 0.000010 0.000010 0.508861 0.039293 0.053567 0.000010
0.019372 0.000010 0.067654 0.000010 0.000010 0.000010 0.003333 0.208854 0.032176 0.000010 0.000010 0.049215 0.000010 0.557387 0.000010 0.061920 0.000010
0.000010 0.855323 0.000010 0.000010 0.000010 0.000010 0.000010 0.059995 0.015319 0.005882 0.000010 0.000010 0.049859 0.013512 0.000010 0.000010 0.000010
0.183065 0.188168 0.032557 0.000010 0.000010 0.000010 0.000010 0.000010 0.065936 0.000010 0.000010 0.022282 0.238976 0.000010 0.242936 0.000010 0.025991
0.101651 0.167142 0.097784 0.000010 0.000010 0.005093 0.047991 0.319450 0.045479 0.011210 0.000010 0.030896 0.127974 0.000010 0.040651 0.000010 0.004629
