0.064321 0.000010 0.407223 0.000010 0.000010 0.000010 0.012513 0.000010 0.000010 0.000010 0.008313 0.039740 0.005954 0.098794 0.000010 0.000010 0.363052
0.005816 0.000010 0.680661 0.014701 0.000010 0.023093 0.000010 0.054393 0.000010 0.000010 0.000010 0.000010 0.016615 0.000010 0.040939 0.014734 0.148968
0.000010 0.027816 0.282323 0.000010 0.014427 0.005140 0.017158 0.020974 0.048535 0.000010 0.000010 0.000010 0.000010 0.034085 0.003006 0.219428 0.327047
0.595786 0.000010 0.000010 0.000010 0.000010 0.000010 0.000010 0.000010 0.000010 0.000010 0.004244 0.000010 0.000010 0.000010 0.399830 0.000010 0.000010
0.000010 0.000010 0.627071 0.006410 0.000010 0.000010 0.019358 0.000010 0.023200 0.000010 0.057417 0.000010 0.062370 0.000010 0.000010 0.049408 0.154675
0.000010 0.012604 0.139692 0.000010 0.000010 0.000010 0.000010 0.004351 0.010628 0.007155 0.032657 0.000010 0.005329 0.043710 0.028621 0.016993 0.698201
0.270176 0.015543 0.000010 0.000010 0.000010 0.000010 0.000010 0.012104 0.000010 0.012973 0.000010 0.281990 0.000010 0.013905 0.170518 0.000010 0.222702
0.008220 0.000010 0.013753 0.055281 0.000010 0.000010 0.000010 0.000010 0.000010 0.039334 0.000010 0.000010 0.000010 0.000010 0.004463 0.000010 0.878838
0.041304 0.000010 0.587285 0.051117 0.000010 0.000010 0.055846 0.000010 0.015094 0.000010 0.017450 0.000010 0.015694 0.159162 0.034486 0.008286 0.014215
0.007729 0.000010 0.095744 0.056289 0.000010 0.000010 0.021135 0.000010 0.000010 0.000010 0.000010 0.000010 0.000010 0.007209 0.011061 0.000010 0.800732
0.000010 0.000010 0.162617 0.051651 0.000010 0.000010 0.182367 0.032859 0.018107 0.000010 0.000010 0.000010 0.000010 0.017777 0.000010 0.000010 0.534522
0.002244 0.000010 0.337364 0.000010 0.014927 0.000010 0.042577 0.018833 0.016353 0.023005 0.003119 0.000010 0.000010 0.150683 0.000010 0.092581 0.298254
0.000010 0.091312 0.084446 0.039795 0.013886 0.000010 0.000010 0.000010 0.000010 0.037691 0.158822 0.018407 0.000010 0.278244 0.158966 0.118363 0.000010
0.273658 0.037093 0.005604 0.002391 0.000010 0.000010 0.011528 0.000010 0.016499 0.018864 0.020672 0.034682 0.000010 0.304655 0.257385 0.016917 0.000010
0.000010 0.000010 0.039720 0.007535 0.000010 0.016051 0.048686 0.000010 0.000010 0.000010 0.001646 0.005679 0.000010 0.000010 0.022571 0.000010 0.858021
0.005864 0.036369 0.384955 0.010494 0.016577 0.037578 0.000010 0.010200 0.000010 0.000010 0.041028 0.040182 0.000010 0.059442 0.000010 0.069131 0.288130
0.015489 0.015030 0.148095 0.020333 0.000010 0.000010 0.013161 0.000010 0.000010 0.000010 0.000010 0.028158 0.047323 0.018748 0.000010 0.058991 0.634602
0.175066 0.014670 0.000010 0.000010 0.000010 0.000010 0.015747 0.000010 0.000010 0.037184 0.000010 0.206021 0.000010 0.000010 0.127581 0.017185 0.406456
0.000010 0.018918 0.000010 0.651777 0.000010 0.000010 0.032439 0.000010 0.000010 0.046894 0.000010 0.000010 0.000010 0.000010 0.000010 0.000010 0.249852
0.000010 0.000010 0.000010 0.000010 0.045165 0.888362 0.000010 0.000010 0.000010 0.003122 0.012228 0.000010 0.051003 0.000010 0.000010 0.000010 0.000010
0.000010 0.003068 0.000010 0.000010 0.000010 0.936197 0.000010 0.000010 0.000010 0.009600 0.000010 0.000010 0.029474 0.000010 0.003623 0.000010 0.017928
0.000010 0.000010 0.000010 0.000010 0.000010 0.999840 0.000010 0.000010 0.000010 0.000010 0.000010 0.000010 0.000010 0.000010 0.000010 0.000010 0.000010
0.000010 0.010220 0.000010 0.000010 0.010855 0.920927 0.000010 0.000010 0.000010 0.042895 0.000010 0.000010 0.001652 0.000010 0.000010 0.000010 0.013340
0.000010 0.000010 0.000010 0.000010 0.000010 0.000010 0.000010 0.000010 0.000010 0.000010 0.000010 0.000010 0.000010 0.000010 0.999840 0.000010 0.000010
0.000010 0.000010 0.000010 0.999840 0.000010 0.000010 0.000010 0.000010 0.000010 0.000010 0.000010 0.000010 0.000010 0.000010 0.000010 0.000010 0.000010
0.000010 0.007911 0.000010 0.000010 0.043598 0.921911 0.000010 0.000010 0.000010 0.000010 0.000010 0.000010 0.016757 0.001409 0.000010 0.008304 0.000010
0.019991 0.000010 0.604429 0.000010 0.000010 0.017179 0.000010 0.003379 0.000010 0.000010 0.000010 0.000010 0.014314 0.000010 0.019839 0.320769 0.000010
0.017287 0.000010 0.000010 0.000010 0.007807 0.955758 0.000010 0.000010 0.000010 0.000010 0.000010 0.000010 0.019018 0.000010 0.000010 0.000010 0.000010
0.000010 0.042004 0.255574 0.060962 0.000010 0.000010 0.000010 0.000010 0.000010 0.000010 0.008257 0.000010 0.049348 0.420676 0.026193 0.069121 0.067786
0.014800 0.023235 0.251139 0.026250 0.001267 0.000010 0.000010 0.034241 0.000010 0.000010 0.000010 0.000010 0.000010 0.519620 0.067874 0.000010 0.061493
0.000015 0.000010 0.000010 0.021115 0.000010 0.000010 0.041171 0.000010 0.000010 0.012774 0.000010 0.000010 0.005958 0.918857 0.000010 0.000010 0.000010
0.000010 0.040762 0.482997 0.056980 0.010517 0.000010 0.000010 0.000010 0.000010 0.000010 0.010561 0.000010 0.040059 0.290188 0.051177 0.000010 0.016679
0.000010 0.145052 0.136886 0.008311 0.064007 0.000010 0.000010 0.000010 0.044740 0.000010 0.131721 0.000010 0.062682 0.139630 0.183770 0.079540 0.003600
0.000010 0.102595 0.222177 0.122857 0.000010 0.000010 0.000010 0.069044 0.000010 0.026115 0.134974 0.000010 0.000010 0.274121 0.048028 0.000010 0.000010
0.000010 0.000010 0.484704 0.028505 0.025095 0.000010 0.008096 0.051748 0.000010 0.260911 0.000010 0.042197 0.000010 0.000010 0.004571 0.000010 0.094093
0.000010 0.000010 0.108482 0.000010 0.003057 0.000010 0.277083 0.000010 0.006156 0.000010 0.000010 0.003616 0.000010 0.018697 0.483824 0.005347 0.093657
0.000010 0.000010 0.000010 0.000010 0.000010 0.000010 0.241572 0.000010 0.000010 0.000010 0.000010 0.000010 0.000010 0.000010 0.602655 0.000010 0.155633
0.000010 0.000010 0.000010 0.000010 0.992052 0.000010 0.000010 0.007798 0.000010 0.000010 0.000010 0.000010 0.000010 0.000010 0.000010 0.000010 0.000010
0.020290 0.044473 0.494593 0.064602 0.000010 0.000010 0.024002 0.000010 0.000010 0.050671 0.027498 0.000010 0.000010 0.273781 0.000012 0.000010 0.000010
0.005407 0.000010 0.153449 0.010738 0.000010 0.000010 0.000010 0.090784 0.003187 0.001525 0.058921 0.000010 0.000010 0.614149 0.031514 0.000010 0.030257
0.000010 0.000010 0.000010 0.000010 0.000010 0.000010 0.000010 0.000010 0.000010 0.000010 0.000010 0.000010 0.000010 0.000010 0.000010 0.000010 0.999840
0.008694 0.025648 0.236435 0.093371 0.000010 0.000010 0.000010 0.070377 0.029434 0.001933 0.032992 0.014916 0.000010 0.301618 0.026107 0.009543 0.148892
0.000010 0.019138 0.000010 0.000010 0.000010 0.000010 0.000010 0.000010 0.000010 0.000010 0.000010 0.000010 0.000010 0.000010 0.000010 0.393093 0.587629
0.003072 0.000010 0.000010 0.000010 0.000010 0.000010 0.000010 0.000010 0.000010 0.000010 0.000010 0.000010 0.000010 0.000010 0.000010 0.305033 0.691755
0.000010 0.000010 0.018664 0.046308 0.000010 0.000010 0.000010 0.000010 0.000010 0.000010 0.605165 0.000010 0.000010 0.268401 0.000010 0.061342 0.000010
0.000010 0.000010 0.000010 0.001224 0.314857 0.635551 0.000010 0.048238 0.000010 0.000010 0.000010 0.000010 0.000010 0.000010 0.000010 0.000010 0.000010
0.000010 0.000010 0.016176 0.000010 0.270436 0.671926 0.000010 0.007268 0.000010 0.007326 0.000010 0.000010 0.000010 0.000010 0.000010 0.026758 0.000010
0.000010 0.141861 0.117286 0.000010 0.188505 0.239351 0.026835 0.016706 0.000010 0.003028 0.044679 0.000010 0.119770 0.035940 0.000010 0.065977 0.000010
0.000010 0.083907 0.279707 0.057725 0.019907 0.002362 0.024882 0.051502 0.073339 0.013659 0.200657 0.008508 0.005776 0.114939 0.038071 0.025041 0.000010
0.000010 0.040618 0.324468 0.040535 0.000010 0.018893 0.000010 0.000010 0.000010 0.016168 0.246293 0.000010 0.031653 0.166900 0.081393 0.026616 0.006403
0.000010 0.000010 0.000010 0.000010 0.000010 0.000010 0.000010 0.000010 0.999840 0.000010 0.000010 0.000010 0.000010 0.000010 0.000010 0.000010 0.000010
0.000010 0.076495 0.115963 0.126983 0.020113 0.015632 0.000010 0.099555 0.014559 0.001377 0.132216 0.074715 0.039133 0.261313 0.021904 0.000010 0.000010
0.000010 0.000010 0.000010 0.000010 0.000010 0.000010 0.000010 0.000010 0.999840 0.000010 0.000010 0.000010 0.000010 0.000010 0.000010 0.000010 0.000010
0.000010 0.094779 0.248988 0.060386 0.011457 0.000010 0.052947 0.075714 0.001707 0.033048 0.209726 0.001982 0.000010 0.174507 0.000010 0.018768 0.015952
0.000010 0.079383 0.112839 0.130465 0.051327 0.000010 0.000010 0.011493 0.037548 0.000010 0.196170 0.003671 0.000010 0.271080 0.047912 0.058052 0.000010
0.000010 0.000010 0.000010 0.000010 0.000012 0.000010 0.000010 0.000010 0.000010 0.999838 0.000010 0.000010 0.000010 0.000010 0.000010 0.000010 0.000010
0.007132 0.000010 0.000010 0.000010 0.013701 0.000010 0.000010 0.012071 0.008797 0.027200 0.000010 0.000010 0.000010 0.000010 0.000010 0.101201 0.829798
0.000010 0.062543 0.513952 0.054145 0.000010 0.000010 0.003074 0.000010 0.000010 0.006542 0.004940 0.000010 0.000010 0.281213 0.073498 0.000010 0.000010
0.002862 0.007916 0.484597 0.075218 0.000010 0.000010 0.000010 0.000010 0.043297 0.000010 0.004346 0.042916 0.000010 0.288895 0.049872 0.000010 0.000010
0.007778 0.001148 0.013831 0.021588 0.000010 0.000010 0.045271 0.000010 0.036666 0.017057 0.000010 0.145194 0.000010 0.026771 0.036301 0.029866 0.618479
0.000010 0.000010 0.236649 0.000010 0.011462 0.000010 0.000010 0.000010 0.020054 0.000010 0.019651 0.000010 0.000010 0.701633 0.000019 0.010432 0.000010
0.002055 0.049413 0.425626 0.016465 0.000010 0.000010 0.000010 0.000010 0.000010 0.029521 0.000010 0.019442 0.000010 0.353901 0.046273 0.000010 0.057223
0.005247 0.011080 0.027467 0.067754 0.000010 0.037046 0.000010 0.000010 0.026978 0.036435 0.015017 0.000568 0.000010 0.335676 0.000010 0.000010 0.436671
0.021346 0.062940 0.427831 0.000010 0.019885 0.000010 0.000010 0.000010 0.000010 0.000010 0.000010 0.000010 0.000010 0.458336 0.000010 0.000010 0.009553
0.000010 0.034978 0.320537 0.057082 0.008568 0.000010 0.000012 0.000010 0.000010 0.016772 0.072619 0.048207 0.049077 0.321056 0.042840 0.000010 0.028203
0.121278 0.001890 0.022090 0.038202 0.047534 0.000654 0.091442 0.000010 0.052589 0.081237 0.166341 0.059289 0.011203 0.026769 0.129086 0.000010 0.150377
0.165291 0.163678 0.000010 0.000010 0.564137 0.000010 0.000010 0.000010 0.000010 0.000010 0.000010 0.000010 0.000010 0.000010 0.106765 0.000010 0.000010
0.468816 0.000010 0.000010 0.000010 0.010577 0.000010 0.000010 0.000010 0.000010 0.022761 0.021574 0.000010 0.031915 0.020564 0.287616 0.136087 0.000010
0.000010 0.011259 0.000010 0.007908 0.015789 0.005473 0.000010 0.000010 0.000010 0.025062 0.000010 0.027292 0.000010 0.000010 0.027947 0.042300 0.836890
0.000010 0.097513 0.101807 0.130785 0.000010 0.000010 0.009879 0.000010 0.000010 0.015614 0.169231 0.030219 0.039464 0.266539 0.032866 0.106024 0.000010
0.000010 0.106634 0.322524 0.104640 0.000010 0.036596 0.013882 0.003277 0.080360 0.000010 0.134248 0.000010 0.025822 0.101701 0.028401 0.000010 0.041864
0.000010 0.067380 0.164469 0.188325 0.000010 0.008607 0.000010 0.020056 0.056551 0.026253 0.263352 0.000010 0.006868 0.098082 0.000010 0.044361 0.055647
0.000010 0.010331 0.697363 0.013217 0.000010 0.000010 0.041781 0.027872 0.031706 0.132856 0.000010 0.041567 0.000010 0.000010 0.000010 0.003227 0.000010
0.000010 0.013752 0.493241 0.000010 0.003285 0.000010 0.000010 0.027462 0.030183 0.000010 0.000010 0.000010 0.000010 0.312886 0.050917 0.021162 0.047032
0.035219 0.028783 0.604452 0.062685 0.000010 0.000010 0.000010 0.000010 0.000010 0.087813 0.009445 0.037871 0.000010 0.054119 0.000010 0.039024 0.040520
0.000010 0.037280 0.264268 0.024472 0.027442 0.000010 0.014724 0.000010 0.000010 0.024083 0.042032 0.000010 0.037861 0.515624 0.000010 0.000010 0.012143
0.020456 0.000010 0.219983 0.015793 0.000010 0.000010 0.000010 0.000010 0.052060 0.031903 0.000010 0.000010 0.011270 0.608378 0.002230 0.028264 0.009594
0.000010 0.031883 0.256427 0.074008 0.039206 0.022352 0.059533 0.007311 0.033186 0.026973 0.008513 0.000010 0.000010 0.437043 0.000010 0.000010 0.003516
0.000010 0.000010 0.000010 0.000010 0.999837 0.000010 0.000010 0.000010 0.000010 0.000013 0.000010 0.000010 0.000010 0.000010 0.000010 0.000010 0.000010
0.000010 0.021204 0.444778 0.007058 0.000010 0.000010 0.000010 0.000010 0.018186 0.000010 0.008790 0.000010 0.029737 0.372199 0.059315 0.000010 0.038653
0.000010 0.000010 0.104946 0.000010 0.000010 0.000010 0.094184 0.057767 0.011287 0.031704 0.051707 0.000010 0.000010 0.615773 0.032540 0.000010 0.000010
0.024150 0.013132 0.146452 0.000010 0.011018 0.000207 0.143143 0.004441 0.002477 0.000010 0.000010 0.000010 0.005243 0.035718 0.000010 0.034696 0.579274
0.015505 0.000010 0.136407 0.009778 0.000010 0.000010 0.198002 0.042951 0.000010 0.023569 0.000010 0.000010 0.000010 0.000010 0.016593 0.000010 0.557105
0.000113 0.000010 0.166549 0.000010 0.000010 0.000010 0.006632 0.020635 0.000010 0.721423 0.000010 0.046972 0.022161 0.000010 0.000010 0.000010 0.015425
0.048575 0.000010 0.009939 0.000010 0.000010 0.000010 0.036702 0.000010 0.000012 0.000010 0.000010 0.180538 0.000010 0.000010 0.000010 0.067119 0.657015
0.000010 0.000010 0.000010 0.000010 0.999840 0.000010 0.000010 0.000010 0.000010 0.000010 0.000010 0.000010 0.000010 0.000010 0.000010 0.000010 0.000010
0.000010 0.000010 0.000013 0.000010 0.000010 0.693114 0.000010 0.124866 0.075422 0.008039 0.022540 0.000010 0.022241 0.021288 0.000010 0.032395 0.000010
0.012309 0.001359 0.036444 0.000010 0.000010 0.000010 0.497161 0.000010 0.000010 0.043899 0.000010 0.000010 0.000010 0.015336 0.000010 0.053709 0.339694
0.009428 0.095869 0.275546 0.000010 0.000010 0.006016 0.050712 0.000010 0.003657 0.063801 0.104563 0.000010 0.000010 0.110707 0.000010 0.166204 0.113436
0.020023 0.006726 0.000010 0.005856 0.060408 0.756844 0.000010 0.091498 0.046578 0.000010 0.000010 0.000010 0.000010 0.011976 0.000010 0.000010 0.000010
0.021987 0.000010 0.038878 0.000010 0.007127 0.787690 0.000010 0.090914 0.000010 0.044461 0.000010 0.000010 0.000010 0.006804 0.000010 0.000010 0.002049
0.000010 0.027918 0.105104 0.000010 0.010620 0.719635 0.000010 0.030001 0.034484 0.000010 0.000010 0.000010 0.068540 0.000010 0.000246 0.003373 0.000010
0.000010 0.000010 0.010717 0.000010 0.060800 0.761607 0.000010 0.104571 0.000010 0.008355 0.000010 0.000010 0.000010 0.000010 0.000010 0.053840 0.000010
0.000010 0.000010 0.000010 0.002660 0.009991 0.767408 0.000010 0.027569 0.023941 0.000010 0.036192 0.000010 0.053207 0.035414 0.008601 0.034946 0.000010
0.036162 0.011825 0.215422 0.000010 0.000010 0.257112 0.074571 0.016654 0.000010 0.000010 0.038559 0.072214 0.000010 0.013046 0.000010 0.205023 0.059352
0.000010 0.000010 0.000010 0.000010 0.000010 0.000010 0.000010 0.000010 0.000010 0.000010 0.999840 0.000010 0.000010 0.000010 0.000010 0.000010 0.000010
0.000010 0.000010 0.000010 0.000010 0.000010 0.000010 0.000010 0.000010 0.000010 0.000010 0.999840 0.000010 0.000010 0.000010 0.000010 0.000010 0.000010
0.000010 0.039656 0.326954 0.000010 0.000010 0.000010 0.279378 0.000010 0.000010 0.000010 0.041494 0.028556 0.055018 0.000010 0.000010 0.045998 0.182856
0.033391 0.000010 0.000010 0.000010 0.024395 0.015148 0.077071 0.000010 0.000010 0.000010 0.000010 0.083821 0.000010 0.000010 0.027529 0.000010 0.738546
0.000010 0.000010 0.000010 0.000010 0.000010 0.000010 0.000010 0.000010 0.000010 0.000010 0.999840 0.000010 0.000010 0.000010 0.000010 0.000010 0.000010
0.007258 0.000010 0.737263 0.000010 0.000010 0.000010 0.000010 0.000010 0.000010 0.031124 0.027113 0.000010 0.000010 0.000010 0.000010 0.197122 0.000010
0.000010 0.000010 0.000010 0.000010 0.000010 0.000010 0.000010 0.000010 0.000010 0.000010 0.999840 0.000010 0.000010 0.000010 0.000010 0.000010 0.000010
0.012957 0.000010 0.611375 0.028118 0.000010 0.000010 0.004627 0.000010 0.026045 0.042084 0.000010 0.021609 0.000010 0.069793 0.000010 0.027504 0.155818
0.999840 0.000010 0.000010 0.000010 0.000010 0.000010 0.000010 0.000010 0.000010 0.000010 0.000010 0.000010 0.000010 0.000010 0.000010 0.000010 0.000010
0.000118 0.000010 0.104855 0.040224 0.000010 0.000010 0.197803 0.000010 0.010924 0.000010 0.013265 0.000010 0.000010 0.000010 0.000010 0.000010 0.632711
0.076747 0.000010 0.000010 0.000010 0.000010 0.000010 0.000010 0.000010 0.000010 0.000010 0.449210 0.000010 0.000010 0.000010 0.473903 0.000010 0.000010
0.000010 0.000010 0.000010 0.000010 0.000010 0.000010 0.999840 0.000010 0.000010 0.000010 0.000010 0.000010 0.000010 0.000010 0.000010 0.000010 0.000010
0.045304 0.000010 0.648881 0.000010 0.010171 0.000010 0.000010 0.000010 0.012054 0.054184 0.039592 0.000010 0.000010 0.000010 0.000010 0.183701 0.006023
0.020220 0.000010 0.500883 0.020065 0.000010 0.000010 0.034064 0.000010 0.000010 0.013738 0.027807 0.022707 0.042783 0.051894 0.000010 0.103516 0.162262
0.000010 0.000010 0.121356 0.000010 0.001260 0.000010 0.033874 0.000010 0.000010 0.000010 0.005038 0.033969 0.021284 0.000010 0.000010 0.005283 0.777847
0.000010 0.029506 0.044953 0.112516 0.029364 0.000010 0.000010 0.121403 0.344600 0.000010 0.213976 0.000010 0.000010 0.095115 0.008486 0.000010 0.000010
0.000010 0.000010 0.250424 0.027035 0.000010 0.000010 0.024175 0.000010 0.000010 0.018749 0.007567 0.106093 0.013836 0.018336 0.000010 0.045488 0.488226
0.000013 0.000015 0.114613 0.012104 0.000010 0.000010 0.006336 0.000010 0.036489 0.013599 0.000010 0.013649 0.000010 0.013390 0.014360 0.070246 0.705136
0.019015 0.000010 0.000010 0.009124 0.000010 0.000010 0.060944 0.000010 0.000010 0.000010 0.000010 0.000010 0.000010 0.069997 0.000010 0.000010 0.840799
0.000010 0.000010 0.644003 0.000010 0.005690 0.000010 0.000010 0.000010 0.004193 0.041136 0.038546 0.027031 0.000010 0.095728 0.013347 0.053889 0.076366
0.000010 0.000010 0.000010 0.000010 0.000010 0.000010 0.999840 0.000010 0.000010 0.000010 0.000010 0.000010 0.000010 0.000010 0.000010 0.000010 0.000010
0.999840 0.000010 0.000010 0.000010 0.000010 0.000010 0.000010 0.000010 0.000010 0.000010 0.000010 0.000010 0.000010 0.000010 0.000010 0.000010 0.000010
0.999840 0.000010 0.000010 0.000010 0.000010 0.000010 0.000010 0.000010 0.000010 0.000010 0.000010 0.000010 0.000010 0.000010 0.000010 0.000010 0.000010
0.000010 0.000010 0.136897 0.000010 0.001305 0.000010 0.090942 0.015729 0.000010 0.023051 0.000010 0.000010 0.000010 0.000010 0.010711 0.000010 0.721265
0.999831 0.000010 0.000010 0.000019 0.000010 0.000010 0.000010 0.000010 0.000010 0.000010 0.000010 0.000010 0.000010 0.000010 0.000010 0.000010 0.000010
0.000010 0.000010 0.000010 0.000010 0.000010 0.000010 0.000010 0.000010 0.000010 0.000010 0.000010 0.000010 0.000010 0.000010 0.000010 0.339177 0.660673
0.000010 0.000010 0.000010 0.000010 0.000010 0.000010 0.010196 0.000010 0.002153 0.000010 0.000010 0.000010 0.000010 0.000010 0.000010 0.000010 0.987512
0.999840 0.000010 0.000010 0.000010 0.000010 0.000010 0.000010 0.000010 0.000010 0.000010 0.000010 0.000010 0.000010 0.000010 0.000010 0.000010 0.000010
0.999840 0.000010 0.000010 0.000010 0.000010 0.000010 0.000010 0.000010 0.000010 0.000010 0.000010 0.000010 0.000010 0.000010 0.000010 0.000010 0.000010
0.999832 0.000010 0.000010 0.000010 0.000010 0.000010 0.000010 0.000018 0.000010 0.000010 0.000010 0.000010 0.000010 0.000010 0.000010 0.000010 0.000010
0.996854 0.002996 0.000010 0.000010 0.000010 0.000010 0.000010 0.000010 0.000010 0.000010 0.000010 0.000010 0.000010 0.000010 0.000010 0.000010 0.000010
0.647033 0.000010 0.011860 0.000010 0.000010 0.000010 0.000010 0.074478 0.000010 0.000010 0.000010 0.000010 0.000010 0.006353 0.260156 0.000010 0.000010
0.000010 0.000010 0.794379 0.000010 0.000010 0.027541 0.000010 0.000928 0.058819 0.000010 0.000010 0.000010 0.000010 0.000010 0.068362 0.000010 0.049861
0.027777 0.000010 0.719636 0.052375 0.000010 0.000010 0.037579 0.000010 0.004333 0.000010 0.000010 0.044575 0.005598 0.000010 0.015009 0.062723 0.030325
0.999840 0.000010 0.000010 0.000010 0.000010 0.000010 0.000010 0.000010 0.000010 0.000010 0.000010 0.000010 0.000010 0.000010 0.000010 0.000010 0.000010
0.099012 0.019980 0.067868 0.000010 0.017403 0.000010 0.021119 0.000010 0.000010 0.000010 0.000010 0.244776 0.000010 0.000010 0.068987 0.102130 0.358645
0.000010 0.000010 0.048379 0.000010 0.000010 0.000010 0.304661 0.000010 0.000010 0.037681 0.000010 0.000010 0.000010 0.000010 0.012987 0.082333 0.513849
0.999830 0.000010 0.000010 0.000010 0.000010 0.000010 0.000010 0.000010 0.000010 0.000010 0.000010 0.000010 0.000020 0.000010 0.000010 0.000010 0.000010
0.911192 0.022153 0.000010 0.000010 0.000010 0.000010 0.000010 0.000010 0.015410 0.018191 0.000010 0.000010 0.003960 0.000010 0.028985 0.000010 0.000010
0.999840 0.000010 0.000010 0.000010 0.000010 0.000010 0.000010 0.000010 0.000010 0.000010 0.000010 0.000010 0.000010 0.000010 0.000010 0.000010 0.000010
0.000010 0.031489 0.231619 0.009914 0.052590 0.000010 0.023467 0.000010 0.000010 0.220668 0.000010 0.081283 0.042681 0.123750 0.030604 0.064077 0.087807
0.033390 0.000010 0.846986 0.000010 0.000010 0.000010 0.000010 0.000010 0.000010 0.007082 0.000010 0.000010 0.000010 0.000010 0.024184 0.000010 0.088238
0.031419 0.000010 0.728864 0.030850 0.000010 0.000010 0.056402 0.025207 0.000010 0.026146 0.000010 0.000010 0.009694 0.004328 0.000010 0.054699 0.032320
0.032397 0.000010 0.826616 0.000010 0.000010 0.000010 0.018864 0.000010 0.000010 0.027342 0.000010 0.000010 0.000010 0.089109 0.005563 0.000010 0.000010
0.350731 0.000010 0.000010 0.000010 0.000010 0.000010 0.000010 0.000010 0.000010 0.000010 0.000010 0.000010 0.000010 0.000010 0.649119 0.000010 0.000010
0.419856 0.038900 0.000010 0.000010 0.219378 0.259089 0.059284 0.000010 0.000010 0.000010 0.000010 0.000010 0.000010 0.000010 0.000010 0.000010 0.003383
0.999840 0.000010 0.000010 0.000010 0.000010 0.000010 0.000010 0.000010 0.000010 0.000010 0.000010 0.000010 0.000010 0.000010 0.000010 0.000010 0.000010
0.999840 0.000010 0.000010 0.000010 0.000010 0.000010 0.000010 0.000010 0.000010 0.000010 0.000010 0.000010 0.000010 0.000010 0.000010 0.000010 0.000010
0.999840 0.000010 0.000010 0.000010 0.000010 0.000010 0.000010 0.000010 0.000010 0.000010 0.000010 0.000010 0.000010 0.000010 0.000010 0.000010 0.000010
0.999832 0.000010 0.000010 0.000010 0.000010 0.000010 0.000010 0.000010 0.000010 0.000010 0.000010 0.000010 0.000010 0.000010 0.000018 0.000010 0.000010
0.999840 0.000010 0.000010 0.000010 0.000010 0.000010 0.000010 0.000010 0.000010 0.000010 0.000010 0.000010 0.000010 0.000010 0.000010 0.000010 0.000010
0.999840 0.000010 0.000010 0.000010 0.000010 0.000010 0.000010 0.000010 0.000010 0.000010 0.000010 0.000010 0.000010 0.000010 0.000010 0.000010 0.000010
0.000010 0.000010 0.024910 0.000010 0.000124 0.000010 0.000010 0.036370 0.000010 0.299176 0.000010 0.000010 0.010395 0.040563 0.032396 0.356356 0.199631
0.999840 0.000010 0.000010 0.000010 0.000010 0.000010 0.000010 0.000010 0.000010 0.000010 0.000010 0.000010 0.000010 0.000010 0.000010 0.000010 0.000010
0.697601 0.000010 0.000010 0.000010 0.002870 0.000010 0.000010 0.000010 0.006428 0.000010 0.011672 0.005638 0.043503 0.000010 0.232186 0.000010 0.000010
0.000010 0.000010 0.084160 0.000010 0.009651 0.000010 0.000010 0.000010 0.000010 0.000010 0.000010 0.000010 0.006258 0.000010 0.000010 0.049878 0.849933
0.334461 0.000010 0.000010 0.000010 0.000010 0.000010 0.000010 0.000010 0.000010 0.000010 0.000010 0.000010 0.000010 0.000010 0.665389 0.000010 0.000010
0.147208 0.030295 0.000010 0.030402 0.000010 0.000010 0.000010 0.000010 0.000010 0.031136 0.000010 0.173453 0.000010 0.000011 0.509676 0.000010 0.077730
0.999840 0.000010 0.000010 0.000010 0.000010 0.000010 0.000010 0.000010 0.000010 0.000010 0.000010 0.000010 0.000010 0.000010 0.000010 0.000010 0.000010
0.999840 0.000010 0.000010 0.000010 0.000010 0.000010 0.000010 0.000010 0.000010 0.000010 0.000010 0.000010 0.000010 0.000010 0.000010 0.000010 0.000010
0.999839 0.000010 0.000010 0.000010 0.000010 0.000010 0.000010 0.000010 0.000010 0.000011 0.000010 0.000010 0.000010 0.000010 0.000010 0.000010 0.000010
0.999829 0.000010 0.000012 0.000010 0.000010 0.000010 0.000010 0.000013 0.000010 0.000010 0.000010 0.000010 0.000016 0.000010 0.000010 0.000010 0.000010
0.834972 0.000010 0.000010 0.000010 0.000010 0.000010 0.000010 0.000010 0.000010 0.000010 0.000010 0.000010 0.000010 0.000010 0.164878 0.000010 0.000010
0.999840 0.000010 0.000010 0.000010 0.000010 0.000010 0.000010 0.000010 0.000010 0.000010 0.000010 0.000010 0.000010 0.000010 0.000010 0.000010 0.000010
0.000010 0.000010 0.000010 0.000010 0.000010 0.000010 0.000010 0.000010 0.000010 0.999840 0.000010 0.000010 0.000010 0.000010 0.000010 0.000010 0.000010
0.000010 0.000010 0.000010 0.000010 0.000010 0.000010 0.000010 0.000010 0.000010 0.000010 0.000010 0.000010 0.999840 0.000010 0.000010 0.000010 0.000010
0.000010 0.000010 0.000010 0.000010 0.000010 0.000010 0.000010 0.000010 0.000010 0.000010 0.000010 0.000010 0.999840 0.000010 0.000010 0.000010 0.000010
0.000010 0.000010 0.000010 0.000010 0.000010 0.000010 0.000010 0.000010 0.000010 0.000010 0.000010 0.000014 0.999836 0.000010 0.000010 0.000010 0.000010
0.999840 0.000010 0.000010 0.000010 0.000010 0.000010 0.000010 0.000010 0.000010 0.000010 0.000010 0.000010 0.000010 0.000010 0.000010 0.000010 0.000010
0.999821 0.000010 0.000010 0.000010 0.000010 0.000020 0.000010 0.000019 0.000010 0.000010 0.000010 0.000010 0.000010 0.000010 0.000010 0.000010 0.000010
0.000010 0.000010 0.000010 0.000010 0.000010 0.000010 0.000010 0.000010 0.000010 0.000010 0.000010 0.000010 0.999840 0.000010 0.000010 0.000010 0.000010
0.000010 0.000010 0.000010 0.000010 0.000010 0.000010 0.000010 0.000010 0.000010 0.000010 0.000010 0.000010 0.999840 0.000010 0.000010 0.000010 0.000010
0.000010 0.000010 0.000010 0.000010 0.000010 0.000010 0.000010 0.000010 0.000010 0.000010 0.000010 0.000010 0.999840 0.000010 0.000010 0.000010 0.000010
0.999835 0.000015 0.000010 0.000010 0.000010 0.000010 0.000010 0.000010 0.000010 0.000010 0.000010 0.000010 0.000010 0.000010 0.000010 0.000010 0.000010
0.999821 0.000019 0.000010 0.000010 0.000010 0.000010 0.000010 0.000010 0.000010 0.000010 0.000019 0.000010 0.000010 0.000010 0.000010 0.000010 0.000010
0.000010 0.000010 0.000010 0.000010 0.000010 0.000010 0.000010 0.000010 0.814053 0.000010 0.185797 0.000010 0.000010 0.000010 0.000010 0.000010 0.000010
0.999840 0.000010 0.000010 0.000010 0.000010 0.000010 0.000010 0.000010 0.000010 0.000010 0.000010 0.000010 0.000010 0.000010 0.000010 0.000010 0.000010
0.000010 0.000010 0.000010 0.904567 0.000010 0.000010 0.000010 0.000010 0.000010 0.000010 0.000010 0.000010 0.000010 0.000010 0.000010 0.000010 0.095283
0.000010 0.999840 0.000010 0.000010 0.000010 0.000010 0.000010 0.000010 0.000010 0.000010 0.000010 0.000010 0.000010 0.000010 0.000010 0.000010 0.000010
0.006247 0.993603 0.000010 0.000010 0.000010 0.000010 0.000010 0.000010 0.000010 0.000010 0.000010 0.000010 0.000010 0.000010 0.000010 0.000010 0.000010
0.000010 0.000010 0.125523 0.039600 0.000010 0.000010 0.055806 0.054041 0.000010 0.000010 0.011069 0.147250 0.000010 0.027748 0.000010 0.000010 0.538873
0.000010 0.999840 0.000010 0.000010 0.000010 0.000010 0.000010 0.000010 0.000010 0.000010 0.000010 0.000010 0.000010 0.000010 0.000010 0.000010 0.000010
0.000010 0.000010 0.000010 0.053415 0.000010 0.914373 0.000010 0.000012 0.000010 0.000010 0.000010 0.000010 0.000010 0.000010 0.014471 0.017609 0.000010
0.026002 0.047646 0.040070 0.096021 0.045540 0.073783 0.000010 0.067140 0.088496 0.015875 0.263173 0.000010 0.000010 0.112924 0.000010 0.123280 0.000010
0.000010 0.000010 0.011404 0.055482 0.023298 0.000010 0.024037 0.000010 0.000010 0.023309 0.000010 0.270160 0.000010 0.110750 0.093431 0.021572 0.366486
0.042525 0.050567 0.011276 0.000010 0.000010 0.000010 0.000010 0.776584 0.000010 0.014665 0.047869 0.000010 0.056414 0.000010 0.000010 0.000010 0.000010
0.119913 0.000010 0.000010 0.000010 0.000010 0.000010 0.000010 0.000010 0.000010 0.000010 0.000010 0.599379 0.000010 0.000010 0.249494 0.031085 0.000010
0.258616 0.000010 0.000010 0.000010 0.000010 0.000010 0.000010 0.000010 0.000010 0.000010 0.000010 0.611937 0.000010 0.000010 0.093909 0.035409 0.000010
0.000010 0.000010 0.000010 0.000010 0.000010 0.000010 0.000010 0.000010 0.000010 0.000010 0.000010 0.000010 0.008320 0.000010 0.000010 0.228234 0.763306
0.372344 0.000010 0.000010 0.063553 0.018758 0.000010 0.000010 0.024184 0.017675 0.001719 0.000010 0.000010 0.022734 0.000010 0.414170 0.064782 0.000010
0.000010 0.000010 0.352013 0.013244 0.055530 0.000010 0.000010 0.001689 0.014372 0.038576 0.022270 0.015175 0.000010 0.080120 0.050490 0.010942 0.345528
0.048148 0.000010 0.059286 0.000010 0.011048 0.000010 0.028064 0.000010 0.000010 0.007271 0.000010 0.018679 0.000010 0.000010 0.027391 0.061338 0.738696
0.144558 0.019762 0.026884 0.000010 0.000010 0.000019 0.014092 0.000010 0.027775 0.000010 0.000010 0.132204 0.000010 0.000010 0.224632 0.029900 0.380103
0.000010 0.029511 0.181008 0.136650 0.000010 0.000010 0.020159 0.000010 0.000010 0.000010 0.370071 0.000010 0.000010 0.184484 0.000010 0.078017 0.000010
0.000010 0.000010 0.185519 0.027151 0.013173 0.000010 0.724458 0.000010 0.004783 0.016225 0.000010 0.000010 0.000010 0.000010 0.028591 0.000010 0.000010
0.003786 0.000010 0.544255 0.102259 0.000010 0.000010 0.021098 0.003083 0.050798 0.043001 0.019910 0.000010 0.000010 0.083724 0.000010 0.128016 0.000010
0.019186 0.031553 0.000010 0.038711 0.000010 0.000010 0.000010 0.671188 0.009374 0.000010 0.032178 0.000010 0.189260 0.000010 0.000010 0.000010 0.008461
0.647554 0.000010 0.000010 0.000010 0.000010 0.000010 0.000010 0.000010 0.000010 0.000010 0.000010 0.022454 0.017638 0.000010 0.312224 0.000010 0.000010
0.000010 0.000010 0.000010 0.000010 0.000010 0.000010 0.000010 0.856581 0.007883 0.000010 0.000010 0.000010 0.088458 0.000010 0.046949 0.000010 0.000010
0.000010 0.000010 0.000010 0.000010 0.000010 0.000010 0.000010 0.000010 0.000010 0.000010 0.000010 0.000010 0.999840 0.000010 0.000010 0.000010 0.000010
0.000010 0.000010 0.357256 0.000010 0.010510 0.000010 0.066880 0.053609 0.000010 0.056527 0.000010 0.081752 0.000010 0.000010 0.000010 0.034226 0.339150
0.000010 0.000010 0.000010 0.000010 0.000010 0.000010 0.000010 0.000010 0.011558 0.000010 0.000010 0.000010 0.000010 0.000010 0.000010 0.466419 0.521883
0.000010 0.000010 0.000010 0.000010 0.000010 0.650210 0.000010 0.000010 0.349640 0.000010 0.000010 0.000010 0.000010 0.000010 0.000010 0.000010 0.000010
0.000010 0.000010 0.005737 0.019676 0.000010 0.000010 0.000010 0.000010 0.029440 0.034094 0.000010 0.000010 0.000010 0.000010 0.020540 0.395389 0.495024
0.000010 0.000010 0.000010 0.000010 0.000010 0.000010 0.000010 0.000010 0.000010 0.000010 0.000010 0.000010 0.000010 0.000010 0.000010 0.378723 0.621127
0.000010 0.005835 0.000010 0.000010 0.008894 0.000010 0.023401 0.000010 0.000010 0.035747 0.000010 0.000010 0.000010 0.018536 0.000010 0.082308 0.825178
0.000010 0.002776 0.011591 0.073087 0.020615 0.000010 0.000010 0.214281 0.000010 0.000010 0.174166 0.193970 0.000010 0.191179 0.000010 0.108165 0.010101
0.000012 0.000010 0.000010 0.000010 0.000010 0.000010 0.000010 0.000010 0.000010 0.000010 0.999838 0.000010 0.000010 0.000010 0.000010 0.000010 0.000010
0.029444 0.003908 0.000010 0.059940 0.000010 0.000010 0.000010 0.000010 0.027154 0.137064 0.002439 0.000010 0.007827 0.020301 0.000010 0.234414 0.477439
0.000010 0.000010 0.000010 0.000010 0.000010 0.000010 0.000010 0.000010 0.000010 0.000010 0.000010 0.000010 0.999840 0.000010 0.000010 0.000010 0.000010
0.000010 0.000010 0.090117 0.000010 0.000010 0.000010 0.000010 0.000010 0.000010 0.033445 0.000010 0.000010 0.000010 0.000010 0.000010 0.876298 0.000010
0.037816 0.017795 0.044530 0.023870 0.000010 0.000010 0.000010 0.000010 0.000010 0.000010 0.000010 0.249403 0.000010 0.049770 0.025494 0.085369 0.465875
0.017825 0.175581 0.000010 0.000010 0.013106 0.209295 0.000010 0.195453 0.026802 0.000010 0.000010 0.036839 0.233306 0.091714 0.000010 0.000010 0.000010
0.000010 0.000010 0.316511 0.000010 0.029072 0.008958 0.020862 0.033971 0.033295 0.000010 0.064865 0.000010 0.006137 0.035900 0.000010 0.421605 0.028764
0.999840 0.000010 0.000010 0.000010 0.000010 0.000010 0.000010 0.000010 0.000010 0.000010 0.000010 0.000010 0.000010 0.000010 0.000010 0.000010 0.000010
0.023238 0.000010 0.000010 0.000010 0.000010 0.000010 0.000010 0.000010 0.000010 0.000010 0.000010 0.000010 0.000010 0.000010 0.000010 0.494373 0.482249
0.000010 0.000010 0.000010 0.000010 0.000010 0.000010 0.000010 0.000010 0.000010 0.000010 0.000010 0.000010 0.000010 0.000010 0.000010 0.523341 0.476509
0.000010 0.000010 0.000010 0.000010 0.000010 0.000010 0.020912 0.000010 0.000010 0.000010 0.000010 0.000010 0.000010 0.000010 0.000010 0.542573 0.436375
0.018879 0.001109 0.026641 0.111529 0.017468 0.000010 0.023552 0.000010 0.000010 0.000010 0.000010 0.000010 0.002863 0.032531 0.000010 0.047384 0.717975
0.060689 0.000010 0.050329 0.021836 0.001536 0.000010 0.007630 0.011730 0.000010 0.000010 0.014463 0.596916 0.017560 0.078644 0.000010 0.000010 0.138607
0.002396 0.011716 0.055613 0.067857 0.000010 0.000010 0.000010 0.000010 0.021502 0.071902 0.000010 0.000010 0.040686 0.016742 0.054181 0.566216 0.091129
0.000010 0.000010 0.000010 0.000010 0.000010 0.000010 0.144398 0.000010 0.051364 0.000010 0.000010 0.021007 0.000010 0.000010 0.000010 0.012271 0.770840
0.032975 0.000010 0.000010 0.000010 0.000010 0.000010 0.004186 0.000010 0.000010 0.000010 0.000010 0.000010 0.000010 0.000010 0.000010 0.000010 0.962700
0.000010 0.012945 0.140530 0.006384 0.000010 0.000010 0.000010 0.021673 0.000010 0.228148 0.016713 0.032198 0.009095 0.000010 0.026529 0.458776 0.046949
0.069148 0.000010 0.000010 0.000010 0.000010 0.000010 0.034150 0.000010 0.000010 0.018850 0.000010 0.096500 0.000010 0.000010 0.086449 0.028000 0.666803
0.000010 0.000010 0.000010 0.000010 0.000010 0.000010 0.000010 0.000010 0.000387 0.106213 0.000010 0.000010 0.000010 0.114528 0.102223 0.676529 0.000010
0.031250 0.010741 0.092602 0.000010 0.000010 0.014558 0.049507 0.000010 0.000010 0.004518 0.023795 0.019195 0.000597 0.000010 0.034135 0.035013 0.684040
0.020584 0.024255 0.161224 0.000010 0.000010 0.000010 0.127931 0.000010 0.000010 0.025249 0.000010 0.011388 0.000010 0.000096 0.000010 0.059153 0.570040
0.000010 0.000010 0.000010 0.000010 0.000010 0.000010 0.000010 0.000010 0.000010 0.000010 0.000010 0.000010 0.000010 0.000013 0.000010 0.999837 0.000010
0.000010 0.000010 0.000010 0.020752 0.000010 0.000010 0.000010 0.008706 0.000010 0.000010 0.014107 0.002322 0.000010 0.017012 0.000010 0.076613 0.860387
0.172638 0.037798 0.042088 0.000010 0.000010 0.000010 0.081787 0.013637 0.000010 0.004555 0.000010 0.229129 0.000010 0.000010 0.178460 0.022719 0.217120
0.002198 0.000010 0.000010 0.000010 0.000010 0.000010 0.017886 0.000010 0.000010 0.000010 0.000010 0.000010 0.000010 0.000010 0.000010 0.206030 0.773756
0.214139 0.001235 0.000010 0.000010 0.000010 0.000010 0.000010 0.000010 0.000010 0.003246 0.000010 0.200428 0.000010 0.000010 0.138676 0.098829 0.343347
0.000010 0.031918 0.008121 0.001182 0.005183 0.000010 0.000010 0.000010 0.000010 0.112312 0.000010 0.027856 0.012402 0.070820 0.000010 0.196049 0.534087
0.028885 0.000514 0.041534 0.000010 0.012127 0.000010 0.040344 0.000010 0.007635 0.000010 0.000010 0.072194 0.000010 0.015741 0.018775 0.016236 0.745954
0.002952 0.000010 0.000010 0.000010 0.000010 0.000010 0.031658 0.000010 0.000010 0.000010 0.000010 0.000010 0.000010 0.000010 0.000010 0.414146 0.551114
0.268381 0.000010 0.000010 0.000010 0.000010 0.000010 0.000010 0.000010 0.000010 0.000010 0.000010 0.731469 0.000010 0.000010 0.000010 0.000010 0.000010
0.000010 0.000010 0.001735 0.000010 0.000010 0.000010 0.000011 0.000010 0.000010 0.000010 0.000010 0.994076 0.004048 0.000010 0.000010 0.000010 0.000010
0.000010 0.000010 0.000010 0.000010 0.000010 0.000010 0.000010 0.000010 0.999840 0.000010 0.000010 0.000010 0.000010 0.000010 0.000010 0.000010 0.000010
0.014413 0.000010 0.000010 0.000010 0.000010 0.000010 0.000010 0.000010 0.140362 0.000016 0.000010 0.691811 0.000010 0.000010 0.153279 0.000010 0.000010
0.132315 0.000010 0.000010 0.000010 0.000010 0.000010 0.000010 0.000010 0.114013 0.000010 0.000010 0.646436 0.000010 0.000010 0.107107 0.000010 0.000010
0.000010 0.000010 0.000010 0.000010 0.000010 0.000010 0.000010 0.000010 0.000010 0.000010 0.000010 0.998648 0.001202 0.000010 0.000010 0.000010 0.000010
0.011901 0.000010 0.000010 0.000010 0.000010 0.000010 0.000010 0.039224 0.019568 0.000010 0.374855 0.504653 0.000010 0.041725 0.000010 0.007975 0.000010
0.071638 0.000010 0.000010 0.000010 0.003597 0.000010 0.000010 0.000010 0.048708 0.018396 0.000010 0.499521 0.000010 0.000010 0.148486 0.173186 0.036379
0.000010 0.000010 0.000010 0.000010 0.000010 0.000010 0.000010 0.000010 0.999840 0.000010 0.000010 0.000010 0.000010 0.000010 0.000010 0.000010 0.000010
0.000010 0.021611 0.074464 0.016773 0.000010 0.000010 0.039779 0.000010 0.011915 0.248950 0.098940 0.000010 0.000010 0.037763 0.000010 0.025815 0.423920
0.000010 0.000010 0.000010 0.000010 0.000010 0.000010 0.000010 0.000010 0.000010 0.000010 0.000010 0.999840 0.000010 0.000010 0.000010 0.000010 0.000010
0.000010 0.000010 0.000010 0.000010 0.000010 0.000010 0.000010 0.000010 0.672309 0.000010 0.000010 0.327541 0.000010 0.000010 0.000010 0.000010 0.000010
0.010514 0.000010 0.000010 0.032634 0.000010 0.000010 0.000010 0.099410 0.000010 0.000010 0.857312 0.000010 0.000010 0.000010 0.000010 0.000010 0.000010
0.000010 0.166053 0.000010 0.049389 0.000010 0.142092 0.000010 0.334497 0.000010 0.070942 0.000010 0.000010 0.229414 0.007512 0.000010 0.000010 0.000010
0.006392 0.160731 0.000010 0.036778 0.019859 0.121858 0.023365 0.418203 0.000010 0.022798 0.000010 0.000010 0.186005 0.003941 0.000010 0.000010 0.000010
0.000010 0.000010 0.000010 0.000010 0.000010 0.000010 0.000010 0.000010 0.000010 0.000010 0.999840 0.000010 0.000010 0.000010 0.000010 0.000010 0.000010
0.000010 0.000010 0.000010 0.000010 0.000010 0.000010 0.022915 0.000010 0.000010 0.000010 0.000010 0.935410 0.000010 0.000010 0.000010 0.000010 0.041535
0.000010 0.000010 0.000010 0.000010 0.000010 0.000010 0.000010 0.000010 0.000010 0.000010 0.000010 0.999840 0.000010 0.000010 0.000010 0.000010 0.000010
0.000010 0.000010 0.000010 0.000010 0.000010 0.000010 0.000010 0.000010 0.810447 0.000010 0.000010 0.189403 0.000010 0.000010 0.000010 0.000010 0.000010
0.000010 0.402730 0.000010 0.030714 0.000010 0.221259 0.000010 0.049835 0.000010 0.029441 0.015314 0.023075 0.100526 0.127027 0.000010 0.000010 0.000010
0.000010 0.999840 0.000010 0.000010 0.000010 0.000010 0.000010 0.000010 0.000010 0.000010 0.000010 0.000010 0.000010 0.000010 0.000010 0.000010 0.000010
0.000010 0.000010 0.033312 0.000010 0.048457 0.690926 0.027986 0.047570 0.057688 0.000010 0.044332 0.000010 0.048184 0.000010 0.001465 0.000010 0.000010
0.000010 0.000010 0.000010 0.003898 0.000010 0.000010 0.000010 0.000010 0.002568 0.000010 0.000010 0.890815 0.050138 0.029088 0.000010 0.000010 0.023383
0.000010 0.000010 0.022873 0.000010 0.000010 0.000611 0.150784 0.000010 0.009556 0.000010 0.000010 0.022117 0.000010 0.000010 0.026710 0.000010 0.767248
0.001690 0.000010 0.114585 0.025886 0.000010 0.000010 0.088537 0.000010 0.012567 0.024148 0.000010 0.028008 0.000010 0.038931 0.010478 0.008189 0.646920
0.019577 0.000010 0.326404 0.009005 0.013979 0.000010 0.000010 0.014552 0.000010 0.006147 0.038792 0.000010 0.042643 0.496237 0.032594 0.000010 0.000010
0.017589 0.000010 0.222776 0.000010 0.000010 0.000010 0.045183 0.006346 0.000010 0.033666 0.000010 0.000010 0.066376 0.553004 0.000010 0.054970 0.000010
0.000010 0.000010 0.069011 0.000010 0.000010 0.000010 0.000010 0.000010 0.008763 0.021757 0.000010 0.052277 0.000010 0.000010 0.001435 0.000010 0.846647
0.189216 0.018098 0.000010 0.000010 0.000010 0.000010 0.020281 0.000010 0.000010 0.066860 0.000010 0.235503 0.000010 0.000010 0.237318 0.053477 0.179157
0.098619 0.000010 0.329709 0.005627 0.000010 0.000010 0.039982 0.000010 0.015259 0.045340 0.000010 0.119482 0.000010 0.000010 0.048192 0.108596 0.189124
