0.067878 0.452666 0.461775 0.000010 0.017672
0.030564 0.240790 0.684863 0.043772 0.000010
0.004304 0.427204 0.430041 0.043785 0.094665
0.909036 0.000010 0.058989 0.000010 0.031954
0.000010 0.283185 0.528973 0.075532 0.112301
0.029246 0.745658 0.190982 0.000010 0.034104
0.431619 0.328667 0.177424 0.000010 0.062280
0.015111 0.930339 0.051017 0.000010 0.003523
0.060410 0.122210 0.736049 0.000203 0.081128
0.016220 0.896291 0.081749 0.000010 0.005731
0.002839 0.713031 0.256050 0.000010 0.028070
0.000983 0.394478 0.542624 0.034961 0.026954
0.144686 0.016122 0.541321 0.000010 0.297861
0.491837 0.006717 0.382061 0.000010 0.119375
0.012391 0.939728 0.029108 0.011365 0.007409
0.021337 0.375435 0.477609 0.054034 0.071585
0.025474 0.716378 0.235494 0.009470 0.013185
0.299770 0.510336 0.163651 0.000010 0.026233
0.000010 0.382982 0.192427 0.000010 0.424571
0.001622 0.000010 0.000010 0.998348 0.000010
0.003996 0.017657 0.000010 0.978327 0.000010
0.000010 0.000010 0.000010 0.999960 0.000010
0.000010 0.036938 0.000010 0.963032 0.000010
0.731858 0.026542 0.096674 0.052516 0.092410
0.003439 0.145666 0.223699 0.000010 0.627186
0.006285 0.000010 0.000010 0.993685 0.000010
0.038201 0.111222 0.711628 0.100498 0.038451
0.011827 0.000010 0.000010 0.988143 0.000010
0.029372 0.116842 0.695325 0.032587 0.125874
0.079975 0.096476 0.758660 0.036137 0.028752
0.000010 0.021739 0.870711 0.023237 0.084303
0.036530 0.101500 0.746172 0.009889 0.105909
0.191953 0.022822 0.400232 0.060347 0.324646
0.072862 0.000437 0.586737 0.036607 0.303357
0.010198 0.204681 0.712124 0.057926 0.015071
0.372153 0.289765 0.281481 0.005008 0.051593
0.437312 0.338952 0.134935 0.000010 0.088791
0.073801 0.000010 0.051083 0.834217 0.040889
0.039859 0.023915 0.814143 0.000010 0.122073
0.021276 0.038740 0.750550 0.041831 0.147603
0.000010 0.999960 0.000010 0.000010 0.000010
0.042842 0.210293 0.553678 0.028857 0.164330
0.023423 0.732300 0.191360 0.005228 0.047689
0.024353 0.811944 0.162718 0.000010 0.000975
0.000010 0.000010 0.483991 0.000116 0.515873
0.000010 0.000010 0.000010 0.988439 0.011531
0.000010 0.001414 0.056019 0.942547 0.000010
0.072299 0.009943 0.274842 0.484069 0.158846
0.056638 0.050084 0.467785 0.055148 0.370346
0.074657 0.045974 0.546073 0.052965 0.280331
0.000010 0.066550 0.000010 0.000010 0.933420
0.048001 0.005017 0.485289 0.112626 0.349067
0.012106 0.152831 0.000010 0.000010 0.835043
0.022015 0.086756 0.537246 0.020024 0.333959
0.045179 0.000010 0.480143 0.059226 0.415442
0.018180 0.012137 0.969663 0.000010 0.000010
0.014897 0.872577 0.066394 0.046121 0.000010
0.071480 0.013884 0.783676 0.000010 0.130950
0.035647 0.045689 0.767703 0.000010 0.150951
0.047807 0.726694 0.134870 0.000010 0.090619
0.000010 0.023195 0.860971 0.025525 0.090299
0.052105 0.110671 0.756350 0.000010 0.080863
0.010991 0.468158 0.381132 0.037437 0.102282
0.040926 0.050290 0.841062 0.013517 0.054204
0.039617 0.082818 0.680575 0.019253 0.177737
0.232333 0.229487 0.222857 0.056531 0.258791
0.373810 0.000010 0.012839 0.446778 0.166563
0.704111 0.001344 0.213341 0.056666 0.024537
0.021484 0.879477 0.061018 0.024262 0.013760
0.069578 0.007931 0.577565 0.004055 0.340870
0.062424 0.101018 0.458879 0.046254 0.331425
0.024539 0.107030 0.399080 0.017439 0.451912
0.014058 0.131308 0.841310 0.000010 0.013314
0.033375 0.124340 0.754069 0.004135 0.084081
0.042321 0.136410 0.745453 0.000010 0.075806
0.001672 0.035901 0.784849 0.034290 0.143287
0.018597 0.038704 0.831177 0.006408 0.105114
0.000010 0.082239 0.686343 0.060378 0.171029
0.049716 0.000010 0.000010 0.950254 0.000010
0.033267 0.112425 0.742270 0.000010 0.112028
0.012972 0.050968 0.756104 0.035109 0.144847
0.040153 0.713797 0.224287 0.021753 0.000010
0.034150 0.720892 0.212134 0.000779 0.032045
0.006178 0.071169 0.876359 0.046284 0.000010
0.065935 0.785720 0.136912 0.000010 0.011424
0.053354 0.007548 0.000010 0.939079 0.000010
0.000010 0.020822 0.058555 0.814280 0.106334
0.039191 0.683849 0.272740 0.000010 0.004211
0.071426 0.199987 0.548689 0.030102 0.149796
0.029442 0.000010 0.000010 0.892662 0.077876
0.011636 0.014170 0.097998 0.864035 0.012162
0.019612 0.013007 0.091512 0.813323 0.062546
0.001617 0.003859 0.098605 0.895910 0.000010
0.005102 0.000010 0.046145 0.862050 0.086693
0.050611 0.183532 0.418581 0.290305 0.056971
0.009253 0.039770 0.286808 0.029566 0.634601
0.029854 0.056242 0.281466 0.060023 0.572416
0.030747 0.408614 0.461924 0.024290 0.074425
0.065893 0.869911 0.007131 0.057055 0.000010
0.013883 0.030895 0.208819 0.076835 0.669569
0.016472 0.067128 0.882094 0.000010 0.034295
0.034762 0.000010 0.312916 0.089374 0.562938
0.008191 0.261734 0.674336 0.000010 0.055729
0.999960 0.000010 0.000010 0.000010 0.000010
0.005802 0.803574 0.134890 0.000010 0.055724
0.456442 0.009319 0.142755 0.038650 0.352835
0.044109 0.632168 0.274834 0.000010 0.048879
0.048142 0.096522 0.776894 0.000010 0.078432
0.023943 0.282023 0.637381 0.000010 0.056644
0.000010 0.868301 0.125015 0.006665 0.000010
0.013540 0.042201 0.178926 0.100231 0.665103
0.000010 0.600568 0.341264 0.000010 0.058148
0.000010 0.783528 0.181628 0.000010 0.034824
0.019063 0.916915 0.064002 0.000010 0.000010
0.000010 0.168511 0.765874 0.002518 0.063086
0.046448 0.599353 0.261354 0.012163 0.080682
0.999960 0.000010 0.000010 0.000010 0.000010
0.999960 0.000010 0.000010 0.000010 0.000010
0.006270 0.827357 0.154058 0.012306 0.000010
0.999960 0.000010 0.000010 0.000010 0.000010
0.026612 0.809520 0.074466 0.032315 0.057086
0.000010 0.999960 0.000010 0.000010 0.000010
0.999960 0.000010 0.000010 0.000010 0.000010
0.999960 0.000010 0.000010 0.000010 0.000010
0.999960 0.000010 0.000010 0.000010 0.000010
0.999960 0.000010 0.000010 0.000010 0.000010
0.857052 0.000010 0.097093 0.044306 0.001539
0.043539 0.199171 0.657692 0.052020 0.047578
0.050282 0.185485 0.721342 0.006424 0.036466
0.999960 0.000010 0.000010 0.000010 0.000010
0.186419 0.488159 0.249450 0.014613 0.061359
0.029658 0.762275 0.203379 0.004678 0.000010
0.999960 0.000010 0.000010 0.000010 0.000010
0.952784 0.000010 0.003776 0.005376 0.038054
0.999960 0.000010 0.000010 0.000010 0.000010
0.038500 0.155390 0.673004 0.040468 0.092639
0.044669 0.207827 0.747484 0.000010 0.000010
0.021201 0.191245 0.736711 0.025232 0.025612
0.033379 0.094887 0.847139 0.024585 0.000010
0.902504 0.048263 0.000010 0.000010 0.049214
0.461954 0.069395 0.000010 0.468631 0.000010
0.999953 0.000010 0.000010 0.000017 0.000010
0.999960 0.000010 0.000010 0.000010 0.000010
0.999960 0.000010 0.000010 0.000010 0.000010
0.999960 0.000010 0.000010 0.000010 0.000010
0.999960 0.000010 0.000010 0.000010 0.000010
0.999960 0.000010 0.000010 0.000010 0.000010
0.037480 0.249048 0.648861 0.057403 0.007208
0.999960 0.000010 0.000010 0.000010 0.000010
0.890732 0.000010 0.017521 0.043408 0.048330
0.000010 0.900378 0.099592 0.000010 0.000010
0.847667 0.000653 0.019064 0.035911 0.096705
0.566109 0.155720 0.206114 0.000010 0.072047
0.999960 0.000010 0.000010 0.000010 0.000010
0.999960 0.000010 0.000010 0.000010 0.000010
0.999960 0.000010 0.000010 0.000010 0.000010
0.999960 0.000010 0.000010 0.000010 0.000010
0.977289 0.000010 0.017936 0.000010 0.004755
0.999960 0.000010 0.000010 0.000010 0.000010
0.011458 0.041633 0.946889 0.000010 0.000010
0.090838 0.000010 0.075210 0.745686 0.088256
0.062529 0.000010 0.113916 0.668490 0.155055
0.066533 0.000010 0.102652 0.701103 0.129702
0.999960 0.000010 0.000010 0.000010 0.000010
0.999960 0.000010 0.000010 0.000010 0.000010
0.057655 0.000010 0.033194 0.697068 0.212074
0.064817 0.000010 0.157672 0.675404 0.102098
0.061344 0.007509 0.131864 0.678167 0.121116
0.999960 0.000010 0.000010 0.000010 0.000010
0.999960 0.000010 0.000010 0.000010 0.000010
0.000855 0.000010 0.000010 0.000010 0.999115
0.999960 0.000010 0.000010 0.000010 0.000010
0.000010 0.241078 0.191240 0.000010 0.567663
0.640603 0.000010 0.000010 0.000010 0.359367
0.647185 0.000010 0.000010 0.000010 0.352785
0.000010 0.664035 0.245994 0.000010 0.089951
0.619190 0.000010 0.013452 0.000010 0.367338
0.000010 0.019060 0.003839 0.939283 0.037808
0.056311 0.003409 0.313938 0.180795 0.445547
0.088996 0.481570 0.311186 0.017674 0.100573
0.076163 0.054220 0.180698 0.444763 0.244157
0.380951 0.142698 0.349725 0.016018 0.110608
0.407516 0.107677 0.327019 0.004862 0.152926
0.008847 0.878048 0.107866 0.005229 0.000010
0.700690 0.000010 0.097219 0.064297 0.137783
0.035627 0.409019 0.464773 0.046545 0.044036
0.070902 0.816219 0.109449 0.003420 0.000010
0.342844 0.466637 0.104122 0.000010 0.086387
0.010286 0.007017 0.550700 0.017077 0.414920
0.056601 0.465907 0.419296 0.012685 0.045511
0.000010 0.116175 0.723552 0.000010 0.160252
0.046620 0.036431 0.124879 0.494233 0.297838
0.898897 0.015842 0.026182 0.019490 0.039590
0.048301 0.006800 0.127520 0.553918 0.263461
0.069229 0.000010 0.100319 0.702942 0.127500
0.000010 0.486961 0.445005 0.045741 0.022284
0.009158 0.674452 0.227925 0.004731 0.083733
0.000010 0.000010 0.000010 0.662650 0.337320
0.026893 0.602311 0.291600 0.052040 0.027156
0.017226 0.779073 0.147230 0.014401 0.042071
0.004875 0.882421 0.105890 0.006804 0.000010
0.001616 0.087385 0.455214 0.141962 0.313823
0.000010 0.000010 0.000010 0.035653 0.964317
0.045840 0.536871 0.337886 0.005247 0.074156
0.065661 0.000010 0.094007 0.710369 0.129953
0.013893 0.097744 0.722401 0.085666 0.080297
0.090029 0.587092 0.264270 0.000010 0.058598
0.140630 0.000010 0.241823 0.445411 0.172126
0.014804 0.157211 0.623313 0.107691 0.096982
0.999960 0.000010 0.000010 0.000010 0.000010
0.060864 0.620662 0.289721 0.011803 0.016950
0.039104 0.635732 0.310648 0.000010 0.014506
0.025730 0.590275 0.254613 0.054988 0.074394
0.016520 0.794807 0.114392 0.000010 0.074271
0.094783 0.322306 0.314674 0.025325 0.242913
0.060174 0.205444 0.541119 0.058120 0.135144
0.000010 0.924710 0.045646 0.000010 0.029625
0.020289 0.979681 0.000010 0.000010 0.000010
0.045574 0.160200 0.745416 0.020765 0.028045
0.147257 0.754974 0.097749 0.000010 0.000010
0.100525 0.088126 0.676938 0.067689 0.066722
0.065301 0.771050 0.124813 0.025951 0.012886
0.046921 0.703965 0.249094 0.000010 0.000010
0.000010 0.050930 0.748695 0.122720 0.077645
0.000010 0.917442 0.044618 0.000010 0.037921
0.357336 0.360452 0.197258 0.021738 0.063217
0.026532 0.859539 0.113908 0.000010 0.000010
0.348075 0.459119 0.182687 0.000010 0.010109
0.017688 0.592957 0.343694 0.012318 0.033342
0.049956 0.848523 0.080827 0.000010 0.020685
0.032610 0.711382 0.202686 0.000010 0.053312
0.356140 0.165772 0.387040 0.000010 0.091038
0.045667 0.271491 0.391851 0.022950 0.268041
0.000010 0.113883 0.000010 0.000010 0.886087
0.192800 0.200962 0.169056 0.000010 0.437171
0.269032 0.159739 0.218002 0.000010 0.353217
0.066256 0.254541 0.311799 0.061510 0.305894
0.043379 0.120945 0.235011 0.063411 0.537255
0.223662 0.198965 0.353490 0.002615 0.221267
0.000010 0.100365 0.000010 0.000010 0.899605
0.016961 0.467043 0.408086 0.000010 0.107901
0.041547 0.319612 0.336887 0.000010 0.301943
0.000010 0.284919 0.000010 0.000010 0.715051
0.024918 0.000010 0.000010 0.112644 0.862418
0.096983 0.001213 0.275011 0.429293 0.197500
0.121765 0.000010 0.202769 0.488077 0.187379
0.000010 0.000010 0.000010 0.000010 0.999960
0.050470 0.391414 0.219260 0.014110 0.324746
0.066453 0.246640 0.260225 0.068145 0.358537
0.017410 0.198070 0.000010 0.000010 0.784500
0.170778 0.000010 0.300174 0.207028 0.322010
0.360390 0.000010 0.064227 0.000010 0.575363
0.021810 0.000010 0.008790 0.849077 0.120314
0.054433 0.283567 0.330173 0.047153 0.284675
0.028723 0.916246 0.029809 0.013708 0.011513
0.013989 0.770808 0.188223 0.000010 0.026970
0.032790 0.000010 0.867888 0.046176 0.053136
0.018225 0.040406 0.850891 0.047472 0.043005
0.001341 0.906801 0.089822 0.000010 0.002026
0.404115 0.281905 0.256204 0.000010 0.057766
0.145654 0.332421 0.475366 0.000010 0.046549
0.070290 0.464601 0.327275 0.000010 0.137823
0.025797 0.000010 0.000010 0.974173 0.000010
0.017115 0.657937 0.280154 0.000010 0.044784
0.021175 0.940198 0.000010 0.000010 0.038607
0.031899 0.484352 0.379541 0.006096 0.098112
0.031775 0.677593 0.274883 0.000010 0.015740
0.071576 0.523326 0.391292 0.000010 0.013796
0.032692 0.413008 0.488219 0.050216 0.015865
0.000010 0.000010 0.000010 0.000010 0.999960
0.009379 0.620809 0.300670 0.000010 0.069132
0.013270 0.716418 0.270292 0.000010 0.000010
0.018193 0.690111 0.274736 0.000010 0.016951
0.057754 0.264622 0.611813 0.021624 0.044187
0.001076 0.953763 0.029364 0.015787 0.000010
0.006224 0.265633 0.207098 0.000010 0.521035
0.072039 0.107247 0.768182 0.000010 0.052522
0.029209 0.174198 0.640653 0.006529 0.149411
0.060231 0.107739 0.684022 0.023046 0.124963
0.008045 0.263986 0.715419 0.000010 0.012539
0.001860 0.890157 0.107963 0.000010 0.000010
0.026758 0.787286 0.168948 0.000010 0.016997
0.001067 0.794498 0.186943 0.000010 0.017482
0.000479 0.884864 0.114637 0.000010 0.000010
0.043966 0.229703 0.607126 0.000010 0.119195
0.478330 0.078546 0.339492 0.009545 0.094086
0.075882 0.527337 0.278878 0.000543 0.117360
0.162898 0.535258 0.200567 0.000010 0.101267
0.012799 0.079553 0.803597 0.026774 0.077276
0.025653 0.887934 0.086393 0.000010 0.000010
0.000010 0.120296 0.652797 0.077020 0.149876
0.021962 0.767611 0.193910 0.000010 0.016507
0.000010 0.999960 0.000010 0.000010 0.000010
0.000010 0.735513 0.134624 0.000010 0.129843
0.075317 0.118297 0.716620 0.032477 0.057288
0.000010 0.999960 0.000010 0.000010 0.000010
0.000010 0.013678 0.830957 0.040216 0.115139
0.003395 0.046469 0.810973 0.049901 0.089262
0.000010 0.000010 0.888507 0.000010 0.111463
0.000010 0.000010 0.833817 0.052121 0.114042
0.000010 0.041895 0.811466 0.040416 0.106212
0.844736 0.000010 0.122748 0.001977 0.030529
0.026204 0.564412 0.330362 0.000010 0.079012
0.024538 0.948279 0.000010 0.000010 0.027163
0.002951 0.775315 0.221714 0.000010 0.000010
0.011051 0.717337 0.200875 0.000010 0.070727
0.000010 0.957421 0.016958 0.000010 0.025601
0.000010 0.032275 0.871666 0.020274 0.075774
0.009507 0.941701 0.005929 0.000010 0.042853
0.035389 0.183967 0.734740 0.045894 0.000010
0.999960 0.000010 0.000010 0.000010 0.000010
0.012026 0.016269 0.534141 0.029109 0.408456
0.040234 0.110710 0.728330 0.000010 0.120716
0.000010 0.340610 0.636110 0.023259 0.000010
0.028902 0.070664 0.734685 0.018069 0.147681
0.000010 0.000010 0.786348 0.084442 0.129190
0.041791 0.102234 0.733688 0.036054 0.086233
0.000010 0.000010 0.944673 0.000010 0.055297
0.033032 0.209456 0.625335 0.011857 0.120320
0.023795 0.090762 0.765924 0.000010 0.119508
0.031698 0.768492 0.137679 0.020400 0.041731
0.015276 0.104677 0.752908 0.067867 0.059272
0.015570 0.021660 0.881211 0.000010 0.081549
0.000010 0.100285 0.743978 0.042479 0.113249
0.017837 0.600152 0.268382 0.060994 0.052634
0.000010 0.964619 0.035351 0.000010 0.000010
0.039936 0.036448 0.861032 0.000010 0.062573
0.912730 0.017414 0.000010 0.000010 0.069836
0.009074 0.925978 0.000010 0.024461 0.040477
0.000010 0.965596 0.034374 0.000010 0.000010
0.025257 0.102154 0.770406 0.000010 0.102173
0.027916 0.460508 0.389792 0.046652 0.075132
0.009165 0.226773 0.763637 0.000010 0.000415
0.034354 0.018385 0.880918 0.037935 0.028408
0.002085 0.997885 0.000010 0.000010 0.000010
0.000010 0.999960 0.000010 0.000010 0.000010
0.012859 0.518027 0.409335 0.000010 0.059769
0.037293 0.571151 0.358041 0.000010 0.033505
0.067487 0.000010 0.000010 0.932483 0.000010
0.024611 0.065545 0.732479 0.011115 0.166250
0.026193 0.880578 0.091657 0.001562 0.000010
0.083008 0.000010 0.000010 0.916962 0.000010
0.480119 0.034438 0.469671 0.015762 0.000010
0.384094 0.000010 0.059014 0.000010 0.556872
0.048760 0.617043 0.286178 0.000010 0.048008
0.038301 0.548857 0.357920 0.000010 0.054912
0.023989 0.720788 0.216269 0.000010 0.038944
0.010311 0.342471 0.432648 0.088751 0.125819
0.017221 0.940048 0.042711 0.000010 0.000010
0.000010 0.999960 0.000010 0.000010 0.000010
0.029434 0.144576 0.810560 0.015421 0.000010
0.003971 0.651531 0.286126 0.008235 0.050137
0.054102 0.528863 0.361739 0.000010 0.055286
0.000010 0.397654 0.412298 0.046311 0.143727
0.023267 0.688877 0.264773 0.006122 0.016960
0.046282 0.769801 0.183897 0.000010 0.000010
0.023673 0.756555 0.200324 0.019438 0.000010
0.015102 0.797794 0.142285 0.000010 0.044809
0.000010 0.999960 0.000010 0.000010 0.000010
0.023458 0.920368 0.028445 0.000010 0.027719
0.030150 0.161603 0.706537 0.003974 0.097737
0.063294 0.421587 0.368829 0.047255 0.099035
0.000095 0.000010 0.841540 0.072924 0.085430
0.013070 0.986900 0.000010 0.000010 0.000010
0.039249 0.183324 0.728125 0.000010 0.049292
0.049855 0.654623 0.099598 0.000010 0.195914
0.046047 0.548049 0.383061 0.019418 0.003425
0.015308 0.115096 0.673057 0.030133 0.166405
0.005894 0.747259 0.218869 0.000010 0.027968
0.023236 0.174924 0.772755 0.000010 0.029075
0.036209 0.008396 0.849564 0.024768 0.081063
0.053722 0.080314 0.776877 0.048641 0.040446
0.000010 0.324263 0.349414 0.053027 0.273286
0.000010 0.033263 0.816857 0.000010 0.149860
0.038324 0.001182 0.295954 0.151973 0.512567
0.040154 0.148303 0.811523 0.000010 0.000010
0.004805 0.630302 0.311809 0.017463 0.035621
0.002457 0.926458 0.039940 0.000010 0.031136
0.000010 0.821245 0.024936 0.022473 0.131336
0.000010 0.868316 0.090677 0.000010 0.040986
0.000010 0.051698 0.844143 0.000010 0.104140
0.026469 0.424964 0.258031 0.038860 0.251676
0.013233 0.585499 0.255579 0.040093 0.105597
0.027290 0.220845 0.028533 0.691689 0.031642
0.000010 0.786007 0.165924 0.026335 0.021724
0.014706 0.807137 0.128747 0.000010 0.049399
0.999960 0.000010 0.000010 0.000010 0.000010
0.999960 0.000010 0.000010 0.000010 0.000010
0.000010 0.187361 0.716211 0.024702 0.071716
0.025131 0.181614 0.749269 0.006133 0.037853
0.013920 0.330792 0.554340 0.000010 0.100938
0.008826 0.348218 0.585441 0.008555 0.048960
0.999960 0.000010 0.000010 0.000010 0.000010
0.999960 0.000010 0.000010 0.000010 0.000010
0.001981 0.054297 0.822426 0.000010 0.121286
0.000010 0.069695 0.859022 0.000010 0.071263
0.999960 0.000010 0.000010 0.000010 0.000010
0.999960 0.000010 0.000010 0.000010 0.000010
0.999960 0.000010 0.000010 0.000010 0.000010
0.005142 0.043680 0.829374 0.037773 0.084031
0.000010 0.008823 0.944549 0.000010 0.046608
0.142922 0.178378 0.277089 0.131058 0.270553
0.036553 0.087962 0.726511 0.065113 0.083862
0.161264 0.000010 0.216350 0.239397 0.382979
0.033398 0.014928 0.755795 0.082671 0.113208
0.999960 0.000010 0.000010 0.000010 0.000010
0.000010 0.083045 0.782931 0.058464 0.075549
0.014529 0.211962 0.647371 0.000010 0.126128
0.535828 0.103493 0.292942 0.004134 0.063603
0.898606 0.021028 0.080347 0.000010 0.000010
0.000010 0.105937 0.766188 0.000010 0.127855
0.999960 0.000010 0.000010 0.000010 0.000010
0.999960 0.000010 0.000010 0.000010 0.000010
0.999960 0.000010 0.000010 0.000010 0.000010
0.999960 0.000010 0.000010 0.000010 0.000010
0.999960 0.000010 0.000010 0.000010 0.000010
0.000010 0.637498 0.303885 0.009914 0.048694
0.123395 0.608932 0.143430 0.015692 0.108551
0.142494 0.585923 0.192707 0.000010 0.078866
0.999960 0.000010 0.000010 0.000010 0.000010
0.490572 0.000010 0.012818 0.000010 0.496590
0.072531 0.412183 0.469700 0.044809 0.000776
0.008301 0.823773 0.167907 0.000010 0.000010
0.051963 0.550777 0.336918 0.000010 0.060332
0.000010 0.267080 0.723614 0.009286 0.000010
0.022239 0.216033 0.761708 0.000010 0.000010
0.008852 0.723966 0.208141 0.000010 0.059032
0.000010 0.222697 0.741853 0.000010 0.035431
0.061899 0.323311 0.515584 0.000010 0.099195
0.033914 0.752860 0.172937 0.000010 0.040279
0.050618 0.674248 0.113753 0.003931 0.157451
0.000010 0.340610 0.649381 0.009989 0.000010
0.018336 0.707841 0.165100 0.043749 0.064974
0.063449 0.361868 0.296905 0.000010 0.277768
0.052063 0.000010 0.000010 0.265328 0.682589
0.040766 0.172297 0.640759 0.097256 0.048923
0.039917 0.417185 0.497082 0.026684 0.019132
0.016498 0.445418 0.440090 0.000010 0.097983
0.000010 0.871533 0.053787 0.012341 0.062329
0.043656 0.026000 0.198896 0.489733 0.241715
0.145806 0.014688 0.352384 0.138380 0.348742
0.026971 0.634484 0.337599 0.000936 0.000010
0.001200 0.718214 0.222802 0.000010 0.057774
0.390337 0.516498 0.088388 0.000010 0.004767
0.011840 0.529420 0.338873 0.036284 0.083583
0.737636 0.015324 0.060548 0.062307 0.124185
0.044097 0.477710 0.469107 0.000010 0.009076
0.072038 0.013851 0.408637 0.072039 0.433434
0.000010 0.866870 0.084808 0.000010 0.048302
0.007193 0.992777 0.000010 0.000010 0.000010
0.000010 0.856631 0.115011 0.010500 0.017848
0.000010 0.779479 0.178272 0.000010 0.042229
0.016685 0.017858 0.173987 0.754732 0.036738
0.000010 0.000010 0.870178 0.000010 0.129792
0.005770 0.000010 0.102843 0.043359 0.848018
0.014240 0.145221 0.727859 0.000010 0.112670
0.027510 0.428362 0.480507 0.000010 0.063611
0.000010 0.033275 0.957394 0.000010 0.009312
0.000010 0.315261 0.565280 0.006180 0.113269
0.015595 0.123948 0.770522 0.000010 0.089926
0.000010 0.000010 0.094128 0.055524 0.850328
0.000010 0.842040 0.143181 0.000010 0.014759
0.000010 0.863857 0.100752 0.035371 0.000010
0.029218 0.069964 0.740369 0.000010 0.160439
0.000010 0.932020 0.053105 0.000010 0.014854
0.030653 0.068604 0.762632 0.034530 0.103581
0.015160 0.007165 0.085018 0.727095 0.165562
0.000010 0.151514 0.272506 0.000010 0.575960
0.000010 0.000010 0.000010 0.999960 0.000010
0.032837 0.000010 0.345321 0.548456 0.073376
0.392462 0.000010 0.306127 0.036662 0.264739
0.049012 0.000010 0.079592 0.871376 0.000010
0.999960 0.000010 0.000010 0.000010 0.000010
0.000010 0.688035 0.285145 0.000010 0.026800
0.011173 0.025039 0.822083 0.035110 0.106595
0.030262 0.117321 0.715761 0.044292 0.092364
0.887425 0.043117 0.000010 0.000010 0.069438
0.046665 0.363002 0.562116 0.028207 0.000010
0.096977 0.053650 0.397058 0.168866 0.283448
0.000010 0.041568 0.536715 0.000393 0.421314
0.044489 0.090232 0.768399 0.000010 0.096870
0.043604 0.135360 0.742761 0.000010 0.078266
0.072035 0.274744 0.449833 0.014801 0.188587
0.026369 0.096495 0.754636 0.015754 0.106746
0.764173 0.000010 0.080132 0.048267 0.107418
0.711735 0.022296 0.099556 0.059326 0.107087
0.834091 0.000010 0.109557 0.014719 0.041623
0.029958 0.040115 0.465933 0.034068 0.429927
0.000010 0.000010 0.000010 0.000010 0.999960
0.000010 0.000010 0.274408 0.644484 0.081088
0.012360 0.006542 0.164758 0.237633 0.578707
0.000010 0.999960 0.000010 0.000010 0.000010
0.144764 0.771383 0.083833 0.000010 0.000010
0.014717 0.506170 0.463956 0.011786 0.003371
0.089005 0.615250 0.255499 0.012833 0.027413
0.013127 0.007937 0.978916 0.000010 0.000010
0.000010 0.933861 0.030470 0.000010 0.035649
0.004777 0.924577 0.053849 0.015324 0.001474
0.701673 0.011373 0.102412 0.065609 0.118932
0.769085 0.012040 0.059169 0.027948 0.131758
0.000010 0.963522 0.031867 0.004590 0.000010
0.039560 0.176607 0.468351 0.042387 0.273095
0.021011 0.821244 0.130528 0.010864 0.016353
0.036290 0.625601 0.254339 0.000010 0.083760
0.033777 0.102543 0.765237 0.000010 0.098433
0.876333 0.024387 0.024512 0.000010 0.074758
0.354774 0.402461 0.214155 0.000010 0.028600
0.221301 0.000010 0.310075 0.167333 0.301280
0.064379 0.684732 0.182547 0.029193 0.039149
0.026089 0.302863 0.579885 0.039567 0.051596
0.055285 0.620364 0.276415 0.000010 0.047926
0.896414 0.031604 0.020739 0.000010 0.051234
0.000010 0.878441 0.101515 0.000010 0.020025
0.033674 0.607677 0.294098 0.027526 0.037026
0.048655 0.389452 0.540516 0.000010 0.021367
0.012640 0.605402 0.314161 0.023265 0.044533
0.075645 0.025529 0.171879 0.482931 0.244016
0.000010 0.000010 0.000010 0.028720 0.971250
0.093777 0.000010 0.199712 0.514995 0.191506
0.030416 0.087547 0.739149 0.126793 0.016095
0.034597 0.134693 0.739502 0.091198 0.000010
0.108317 0.036383 0.000968 0.796881 0.057451
0.121458 0.000010 0.011913 0.812824 0.053795
0.013575 0.052766 0.599925 0.036596 0.297138
0.118867 0.000010 0.000010 0.833643 0.047471
0.012371 0.067293 0.237861 0.397420 0.285055
0.017703 0.000010 0.290455 0.596372 0.095460
0.037743 0.000010 0.962227 0.000010 0.000010
0.005257 0.153237 0.218366 0.000010 0.623130
0.000010 0.141681 0.256119 0.000010 0.602180
0.000010 0.196579 0.117348 0.000010 0.686053
0.000010 0.178735 0.168453 0.011648 0.641153
0.000010 0.152375 0.196834 0.002923 0.647858
0.021777 0.118697 0.261601 0.000010 0.597915
0.000010 0.110279 0.207711 0.000010 0.681990
0.000010 0.146412 0.179661 0.000010 0.673907
0.034602 0.000010 0.050330 0.838961 0.076097
0.017982 0.000010 0.101468 0.852600 0.027939
0.092723 0.000010 0.000010 0.832723 0.074533
0.000010 0.999960 0.000010 0.000010 0.000010
0.150574 0.000010 0.032469 0.798207 0.018740
0.092255 0.170931 0.736795 0.000010 0.000010
0.101166 0.030544 0.018891 0.784681 0.064719
0.048790 0.000010 0.030434 0.875624 0.045141
0.004489 0.000010 0.011045 0.893767 0.090688
0.013357 0.000010 0.109927 0.819186 0.057520
0.040638 0.005046 0.000010 0.882270 0.072036
0.007108 0.038040 0.096826 0.858016 0.000010
0.000010 0.008533 0.000010 0.991437 0.000010
0.016337 0.829942 0.059321 0.015125 0.079276
0.025745 0.217437 0.555900 0.059418 0.141500
0.000010 0.106060 0.224229 0.000010 0.669691
0.025236 0.000010 0.040265 0.931239 0.003249
0.000010 0.999960 0.000010 0.000010 0.000010
0.000010 0.116010 0.264694 0.000010 0.619275
0.000010 0.095087 0.284281 0.000010 0.620613
0.000010 0.999960 0.000010 0.000010 0.000010
0.038888 0.041574 0.886407 0.033121 0.000010
0.000010 0.041251 0.000010 0.958719 0.000010
0.000010 0.053442 0.000010 0.000010 0.946528
0.000010 0.151918 0.186067 0.000010 0.661995
0.009241 0.180957 0.127531 0.025783 0.656489
0.000010 0.002503 0.000010 0.997467 0.000010
0.048335 0.147124 0.763871 0.013386 0.027285
0.103971 0.624800 0.152101 0.033263 0.085864
0.027213 0.000010 0.185835 0.676665 0.110277
0.013708 0.000010 0.184829 0.703934 0.097519
0.006098 0.000010 0.309821 0.614269 0.069802
0.999960 0.000010 0.000010 0.000010 0.000010
0.904115 0.011960 0.000010 0.006351 0.077563
0.028058 0.000010 0.000010 0.971912 0.000010
0.068481 0.001190 0.013200 0.815806 0.101323
0.000010 0.000010 0.000010 0.999960 0.000010
0.013914 0.000010 0.000010 0.986056 0.000010
0.000010 0.000010 0.000010 0.999960 0.000010
0.000010 0.000010 0.000010 0.999960 0.000010
0.003734 0.000010 0.000010 0.984086 0.012160
0.056726 0.056152 0.033475 0.838544 0.015102
0.032045 0.000010 0.281335 0.625388 0.061223
0.016790 0.000080 0.279767 0.639321 0.064042
0.000010 0.000010 0.000010 0.933469 0.066501
0.000010 0.000010 0.245303 0.669628 0.085049
0.147475 0.012755 0.402240 0.060723 0.376807
0.000010 0.646130 0.295340 0.041491 0.017029
0.023586 0.008345 0.968049 0.000010 0.000010
0.010744 0.148108 0.221775 0.000010 0.619363
0.000010 0.149808 0.191339 0.000010 0.658833
0.117254 0.032252 0.136204 0.507027 0.207262
0.196200 0.000010 0.410885 0.157054 0.235851
0.059819 0.334189 0.485534 0.037539 0.082919
0.054361 0.140787 0.574240 0.000010 0.230603
0.078574 0.000961 0.166676 0.461062 0.292726
0.022465 0.869761 0.070329 0.000010 0.037435
0.000010 0.000010 0.000010 0.999960 0.000010
0.064231 0.020162 0.000010 0.795718 0.119879
0.000010 0.000010 0.000010 0.969565 0.030405
0.036099 0.014030 0.949851 0.000010 0.000010
0.039578 0.000010 0.016305 0.881980 0.062128
0.006819 0.012869 0.000010 0.980292 0.000010
0.011550 0.037706 0.000010 0.950724 0.000010
0.000010 0.036156 0.000010 0.963814 0.000010
0.000010 0.002793 0.000010 0.997177 0.000010
0.000010 0.000010 0.000010 0.970626 0.029344
0.086636 0.281922 0.349541 0.126326 0.155574
0.014845 0.149809 0.722987 0.059514 0.052845
0.077119 0.067523 0.124832 0.458507 0.272020
0.082178 0.075518 0.090538 0.524603 0.227163
0.019316 0.136917 0.691996 0.063351 0.088420
0.003089 0.686092 0.290344 0.000010 0.020465
0.058353 0.799408 0.100821 0.041408 0.000010
0.009253 0.935395 0.035215 0.020126 0.000010
0.000010 0.000010 0.000010 0.999960 0.000010
0.054184 0.837786 0.035276 0.000010 0.072744
0.008307 0.000010 0.000010 0.991663 0.000010
0.000010 0.000010 0.000010 0.999960 0.000010
0.017586 0.001847 0.000010 0.922501 0.058056
0.000010 0.040688 0.000010 0.952078 0.007214
0.008580 0.000010 0.000010 0.991390 0.000010
0.018305 0.000010 0.016233 0.965442 0.000010
0.038126 0.308042 0.176597 0.030448 0.446787
0.059773 0.314175 0.321347 0.003585 0.301120
0.023601 0.097053 0.210512 0.273549 0.395285
0.394513 0.000010 0.229236 0.097469 0.278772
0.585678 0.000010 0.140658 0.119756 0.153898
0.557324 0.000010 0.201508 0.098016 0.143143
0.027269 0.626297 0.273566 0.059804 0.013064
0.020259 0.014051 0.000010 0.965671 0.000010
0.000010 0.000010 0.000010 0.999960 0.000010
0.000010 0.000010 0.000010 0.999960 0.000010
0.430167 0.000010 0.224534 0.077495 0.267794
0.486306 0.000010 0.263929 0.067043 0.182713
0.053273 0.296354 0.270822 0.045286 0.334265
0.043204 0.246278 0.140754 0.007553 0.562210
0.543455 0.000010 0.152816 0.102348 0.201370
0.063900 0.339877 0.234242 0.036771 0.325209
0.323002 0.208218 0.257231 0.000010 0.211539
0.435889 0.002881 0.221821 0.126500 0.212909
0.397880 0.108352 0.345522 0.029588 0.118658
0.065770 0.286792 0.342382 0.008461 0.296596
0.040500 0.297766 0.255189 0.010262 0.396283
0.000010 0.143981 0.050957 0.013775 0.791277
0.046313 0.019623 0.113132 0.698517 0.122415
0.000010 0.000010 0.000010 0.999960 0.000010
0.015136 0.000010 0.136806 0.774202 0.073846
0.000010 0.000010 0.118346 0.819280 0.062354
0.023403 0.293773 0.611800 0.039051 0.031972
0.065936 0.296721 0.601846 0.009500 0.025997
0.028246 0.653434 0.175452 0.050975 0.091893
0.046310 0.106028 0.640950 0.070092 0.136620
0.999960 0.000010 0.000010 0.000010 0.000010
0.440923 0.074635 0.000010 0.473267 0.011164
0.010406 0.208595 0.780980 0.000010 0.000010
0.025328 0.215018 0.740938 0.018050 0.000666
0.024081 0.061900 0.196640 0.492464 0.224915
0.034069 0.102432 0.609184 0.119180 0.135135
0.737787 0.035527 0.067209 0.048734 0.110743
0.014365 0.000010 0.985605 0.000010 0.000010
0.052568 0.070739 0.705958 0.009116 0.161619
0.027321 0.009443 0.963216 0.000010 0.000010
0.000010 0.935671 0.043736 0.000010 0.020574
0.000010 0.957934 0.026243 0.015804 0.000010
0.036842 0.811495 0.134119 0.000010 0.017533
0.999960 0.000010 0.000010 0.000010 0.000010
0.999960 0.000010 0.000010 0.000010 0.000010
0.056959 0.000010 0.050775 0.807397 0.084859
0.135327 0.000285 0.031497 0.771980 0.060911
0.220904 0.000010 0.024992 0.583854 0.170240
0.000010 0.992924 0.007046 0.000010 0.000010
0.051835 0.000010 0.043830 0.724046 0.180280
0.095419 0.000010 0.137658 0.689034 0.077878
0.086196 0.000010 0.091601 0.727683 0.094510
0.012268 0.000010 0.087057 0.699295 0.201370
0.044209 0.002443 0.715836 0.000010 0.237502
0.151872 0.000010 0.070266 0.216005 0.561848
0.046438 0.033634 0.102063 0.295303 0.522562
0.048159 0.042925 0.215410 0.462305 0.231201
0.121058 0.003668 0.507627 0.055056 0.312592
0.035252 0.005801 0.321795 0.473913 0.163238
0.000010 0.817835 0.110921 0.016182 0.055052
0.000010 0.000010 0.000010 0.999960 0.000010
0.000010 0.000010 0.000010 0.999960 0.000010
0.017125 0.115950 0.000010 0.000010 0.866905
0.000010 0.000010 0.000010 0.000010 0.999960
0.000010 0.000010 0.000010 0.999960 0.000010
0.030600 0.406638 0.227022 0.000010 0.335730
0.012630 0.236879 0.312323 0.036057 0.402111
0.000010 0.000010 0.000010 0.999960 0.000010
0.048492 0.055774 0.143185 0.514638 0.237912
0.000010 0.111460 0.000010 0.000010 0.888510
0.323813 0.000010 0.219915 0.143694 0.312568
0.054567 0.573630 0.297862 0.015379 0.058562
0.783316 0.000010 0.123010 0.000010 0.093653
0.053079 0.250299 0.170842 0.000010 0.525771
0.064017 0.048277 0.138143 0.517785 0.231778
0.030056 0.066151 0.866851 0.028279 0.008662
0.000010 0.810633 0.162758 0.000010 0.026589
0.012491 0.847842 0.096840 0.002506 0.040322
0.050618 0.162463 0.745392 0.041517 0.000010
0.000010 0.999960 0.000010 0.000010 0.000010
0.028529 0.629248 0.322992 0.000010 0.019221
0.039412 0.134140 0.720830 0.011378 0.094239
0.042204 0.163827 0.697477 0.036569 0.059922
0.127262 0.034377 0.248149 0.301041 0.289170
0.027730 0.795574 0.170748 0.000010 0.005938
0.000010 0.100406 0.862019 0.000010 0.037555
0.003652 0.901504 0.094823 0.000010 0.000010
0.002090 0.853621 0.119923 0.003360 0.021006
0.040122 0.032458 0.201819 0.482145 0.243456
0.000010 0.000010 0.000010 0.987312 0.012658
0.066757 0.019376 0.215018 0.508330 0.190519
0.078033 0.034461 0.153436 0.480831 0.253239
0.076569 0.000010 0.000010 0.923401 0.000010
0.038246 0.000010 0.000010 0.961724 0.000010
0.028713 0.000010 0.201280 0.300198 0.469799
0.054423 0.060259 0.121133 0.371336 0.392849
0.754953 0.033099 0.070525 0.023847 0.117576
0.000010 0.000010 0.000010 0.999960 0.000010
0.000010 0.000010 0.000010 0.999960 0.000010
0.009749 0.960163 0.030067 0.000010 0.000010
0.084261 0.060239 0.410134 0.205646 0.239720
0.108863 0.038119 0.361668 0.266092 0.225259
0.100307 0.039576 0.279533 0.276408 0.304177
0.016887 0.855850 0.109071 0.000010 0.018182
0.000010 0.000010 0.000010 0.999960 0.000010
0.000010 0.000010 0.000010 0.999960 0.000010
0.000010 0.000010 0.000010 0.000010 0.999960
0.000010 0.000010 0.000010 0.999960 0.000010
0.005581 0.000010 0.000010 0.994389 0.000010
0.000119 0.045208 0.000010 0.954653 0.000010
0.000010 0.000010 0.018077 0.981893 0.000010
0.013856 0.700458 0.211826 0.029814 0.044046
0.000010 0.852836 0.094140 0.047025 0.005989
