0.000010 0.000010 0.061175 0.000010 0.000010 0.105748 0.007896 0.382469 0.000010 0.360204 0.000010 0.000010 0.000010 0.000010 0.034465 0.018547 0.024967 0.004428 0.000010
0.036401 0.038610 0.006437 0.000010 0.016215 0.000010 0.000010 0.692466 0.000010 0.143544 0.000010 0.000010 0.047869 0.000010 0.000010 0.000010 0.003323 0.000010 0.015034
0.000010 0.000010 0.000010 0.000010 0.211546 0.016701 0.000010 0.263506 0.012999 0.331360 0.030555 0.006114 0.000010 0.000010 0.003816 0.017104 0.106209 0.000010 0.000010
0.000010 0.405823 0.571973 0.000010 0.000010 0.000010 0.019780 0.000010 0.000010 0.000010 0.000010 0.000010 0.000010 0.000010 0.000010 0.000010 0.002274 0.000010 0.000010
0.000010 0.000010 0.000010 0.000010 0.039431 0.000010 0.028572 0.622909 0.000010 0.152337 0.018725 0.000010 0.059540 0.000010 0.000010 0.018191 0.017597 0.040365 0.002244
0.000010 0.000010 0.019489 0.013826 0.009220 0.028476 0.011011 0.141010 0.000010 0.697854 0.003562 0.003862 0.001013 0.006883 0.000010 0.000010 0.042313 0.021422 0.000010
0.000010 0.149894 0.274331 0.000010 0.000270 0.027397 0.000010 0.000010 0.000010 0.221184 0.000010 0.021848 0.000010 0.017533 0.287433 0.000010 0.000010 0.000010 0.000010
0.000010 0.000010 0.009960 0.000010 0.000010 0.000010 0.000010 0.000289 0.000010 0.880827 0.000010 0.000010 0.000010 0.036476 0.000010 0.000010 0.022233 0.000010 0.050085
0.000010 0.033903 0.036524 0.000010 0.000010 0.155214 0.032665 0.584323 0.000010 0.008304 0.018536 0.000010 0.015352 0.000010 0.000010 0.054912 0.010643 0.000010 0.049543
0.000010 0.016011 0.000223 0.000010 0.000010 0.008298 0.000010 0.093651 0.000010 0.802400 0.000010 0.004210 0.000010 0.000010 0.000010 0.018650 0.000010 0.000010 0.056447
0.000010 0.000010 0.000010 0.000010 0.000010 0.041539 0.000010 0.169378 0.000010 0.525881 0.018842 0.000010 0.000010 0.000010 0.000010 0.190397 0.000010 0.000010 0.053832
0.024959 0.000010 0.001884 0.000010 0.107763 0.134557 0.003994 0.330143 0.003779 0.290112 0.014626 0.000810 0.000010 0.020276 0.000010 0.047215 0.000010 0.019821 0.000010
0.000010 0.019456 0.024090 0.000010 0.000010 0.191781 0.049084 0.000010 0.000010 0.017304 0.000010 0.015272 0.000010 0.048760 0.000010 0.000010 0.619721 0.014432 0.000010
0.000010 0.140704 0.340398 0.000010 0.000010 0.276367 0.000010 0.000010 0.000010 0.000010 0.009769 0.010450 0.000010 0.019739 0.026266 0.005892 0.167327 0.000010 0.002999
0.000432 0.024136 0.000010 0.018506 0.000010 0.000010 0.000010 0.031846 0.000010 0.861562 0.000010 0.000010 0.000010 0.000010 0.003566 0.043797 0.000010 0.011314 0.004742
0.048195 0.000010 0.001084 0.000010 0.076024 0.051667 0.013078 0.382881 0.012643 0.281860 0.000010 0.041638 0.000010 0.000010 0.039179 0.000010 0.012385 0.027616 0.011691
0.000010 0.000010 0.010649 0.000010 0.072402 0.024644 0.000010 0.147883 0.000010 0.633060 0.000010 0.022946 0.025239 0.000010 0.029976 0.010228 0.000010 0.000010 0.022883
0.000010 0.113130 0.173324 0.000010 0.000010 0.000010 0.000010 0.008940 0.000010 0.406616 0.000010 0.019147 0.000010 0.037370 0.203761 0.017118 0.020493 0.000010 0.000010
0.000010 0.000010 0.000010 0.000010 0.000010 0.000010 0.010341 0.000010 0.000010 0.254456 0.000010 0.015348 0.000010 0.044902 0.003213 0.021757 0.000010 0.000010 0.649863
0.705205 0.000010 0.000010 0.212173 0.000010 0.000010 0.005252 0.000010 0.049371 0.000010 0.000010 0.000010 0.027858 0.000010 0.000010 0.000010 0.000010 0.000010 0.000010
0.870938 0.004127 0.006980 0.117805 0.000010 0.000010 0.000010 0.000010 0.000010 0.000010 0.000010 0.000010 0.000010 0.000010 0.000010 0.000010 0.000010 0.000010 0.000010
0.000010 0.000010 0.000010 0.999820 0.000010 0.000010 0.000010 0.000010 0.000010 0.000010 0.000010 0.000010 0.000010 0.000010 0.000010 0.000010 0.000010 0.000010 0.000010
0.759017 0.000010 0.000010 0.186727 0.000010 0.000010 0.000010 0.000010 0.003390 0.014140 0.000010 0.000393 0.000010 0.036203 0.000010 0.000010 0.000010 0.000010 0.000010
0.000010 0.932751 0.000010 0.025644 0.000010 0.000010 0.000010 0.000010 0.000010 0.000010 0.000010 0.000010 0.000010 0.000010 0.000010 0.000010 0.041445 0.000010 0.000010
0.000010 0.000010 0.000010 0.000010 0.000010 0.000010 0.000010 0.000010 0.000010 0.000010 0.000010 0.000010 0.000010 0.000010 0.000010 0.000010 0.000010 0.000010 0.999820
0.778025 0.001161 0.000010 0.174921 0.000010 0.000010 0.004427 0.000010 0.036005 0.000010 0.000010 0.000010 0.005331 0.000010 0.000010 0.000010 0.000010 0.000010 0.000010
0.025840 0.017151 0.006091 0.000010 0.274053 0.000010 0.026587 0.585332 0.000010 0.000010 0.000010 0.000010 0.000010 0.000010 0.000010 0.000010 0.064827 0.000010 0.000010
0.716547 0.000010 0.013556 0.269241 0.000010 0.000010 0.000010 0.000010 0.000506 0.000010 0.000010 0.000010 0.000010 0.000010 0.000010 0.000010 0.000010 0.000010 0.000010
0.022221 0.025772 0.000010 0.000010 0.077279 0.404175 0.038765 0.246439 0.000010 0.060236 0.000010 0.044128 0.022781 0.000010 0.000010 0.000010 0.000010 0.000010 0.058113
0.020550 0.022193 0.048807 0.000010 0.000511 0.505187 0.030089 0.240966 0.000010 0.056178 0.000010 0.017134 0.003141 0.000010 0.000010 0.000010 0.031716 0.000010 0.023457
0.000010 0.001416 0.000010 0.000010 0.000010 0.914272 0.007475 0.000010 0.000010 0.000010 0.000010 0.000010 0.002564 0.014772 0.000010 0.035878 0.000010 0.000010 0.023503
0.000010 0.013743 0.000010 0.000010 0.000010 0.273778 0.004913 0.455229 0.001000 0.020376 0.000010 0.033027 0.011770 0.000010 0.000010 0.000010 0.125893 0.003482 0.056710
0.000010 0.000010 0.011686 0.000010 0.000010 0.000010 0.000010 0.000010 0.000010 0.017878 0.000010 0.000010 0.000010 0.000010 0.000010 0.000010 0.970276 0.000010 0.000010
0.000010 0.000010 0.001207 0.000010 0.000010 0.242431 0.049442 0.173567 0.000010 0.000010 0.000010 0.078389 0.012247 0.030051 0.000010 0.000010 0.236002 0.062108 0.114466
0.000010 0.002042 0.000010 0.001502 0.000010 0.000010 0.000010 0.487525 0.037677 0.088758 0.000010 0.000010 0.013876 0.259393 0.060894 0.012889 0.000010 0.000010 0.035354
0.016079 0.476085 0.000010 0.000010 0.000010 0.010413 0.000010 0.121501 0.000010 0.099297 0.004231 0.000010 0.000010 0.000010 0.001041 0.271242 0.000010 0.000010 0.000010
0.000010 0.593874 0.000010 0.000010 0.000010 0.000010 0.000010 0.000010 0.000010 0.154725 0.000010 0.000010 0.000010 0.000010 0.000010 0.251241 0.000010 0.000010 0.000010
0.000010 0.000010 0.000010 0.000010 0.000010 0.000010 0.000010 0.000010 0.999820 0.000010 0.000010 0.000010 0.000010 0.000010 0.000010 0.000010 0.000010 0.000010 0.000010
0.000010 0.003294 0.017916 0.000010 0.000010 0.274020 0.041486 0.480288 0.000010 0.000010 0.000010 0.045056 0.000010 0.050776 0.000010 0.021527 0.000010 0.000010 0.065538
0.000010 0.012875 0.008233 0.000010 0.001058 0.624604 0.030751 0.143526 0.011649 0.031276 0.000578 0.000010 0.027961 0.003902 0.000010 0.000010 0.063668 0.028821 0.011049
0.000010 0.000010 0.000010 0.000010 0.000010 0.000010 0.000010 0.000010 0.000010 0.999820 0.000010 0.000010 0.000010 0.000010 0.000010 0.000010 0.000010 0.000010 0.000010
0.017276 0.030702 0.000010 0.000010 0.025636 0.298709 0.020208 0.222968 0.000010 0.146071 0.023754 0.024380 0.020467 0.000010 0.022224 0.000010 0.031166 0.024233 0.092156
0.000010 0.000010 0.000010 0.000010 0.384657 0.000010 0.000010 0.000010 0.000010 0.594999 0.000010 0.020184 0.000010 0.000010 0.000010 0.000010 0.000010 0.000010 0.000010
0.000010 0.000010 0.006844 0.000010 0.300233 0.000010 0.000010 0.000010 0.000010 0.692763 0.000010 0.000010 0.000010 0.000010 0.000010 0.000010 0.000010 0.000010 0.000010
0.000010 0.000010 0.000010 0.000010 0.001935 0.236456 0.605848 0.000010 0.000010 0.000010 0.000010 0.000010 0.000010 0.000010 0.000010 0.000010 0.051529 0.027594 0.076508
0.510613 0.000010 0.000010 0.167678 0.000010 0.000010 0.000489 0.000010 0.307746 0.000010 0.000010 0.000010 0.000010 0.000010 0.000010 0.000010 0.000010 0.004455 0.008889
0.511897 0.000010 0.000010 0.185145 0.022801 0.000010 0.000010 0.017944 0.261914 0.000010 0.000010 0.000010 0.000010 0.000010 0.000010 0.000168 0.000010 0.000010 0.000010
0.193537 0.000010 0.000010 0.054183 0.028216 0.029211 0.052649 0.109846 0.185319 0.000010 0.000010 0.122639 0.110567 0.003116 0.000010 0.015628 0.094375 0.000654 0.000010
0.000010 0.018047 0.000010 0.000010 0.000010 0.100559 0.064437 0.265819 0.021621 0.000010 0.070297 0.062278 0.025913 0.016803 0.003692 0.031322 0.146176 0.118893 0.054094
0.000010 0.005854 0.020898 0.020344 0.000010 0.138243 0.119331 0.292561 0.000010 0.003055 0.000010 0.030191 0.000010 0.024687 0.000010 0.000010 0.215311 0.086754 0.042701
0.000010 0.000010 0.000010 0.000010 0.000010 0.000010 0.000010 0.000010 0.000010 0.000010 0.999820 0.000010 0.000010 0.000010 0.000010 0.000010 0.000010 0.000010 0.000010
0.000010 0.000010 0.000010 0.019864 0.000010 0.240169 0.046978 0.090921 0.018957 0.000010 0.000010 0.037342 0.065437 0.000860 0.078297 0.000010 0.218663 0.064720 0.117723
0.000010 0.000010 0.000010 0.000010 0.000010 0.000010 0.000010 0.000010 0.000010 0.000010 0.999820 0.000010 0.000010 0.000010 0.000010 0.000010 0.000010 0.000010 0.000010
0.000010 0.000010 0.000010 0.000010 0.026261 0.173610 0.109694 0.217472 0.018611 0.010083 0.000010 0.068402 0.007889 0.035637 0.002458 0.059447 0.121285 0.093211 0.055888
0.000010 0.000010 0.000010 0.000010 0.034423 0.220783 0.100739 0.085522 0.038944 0.000010 0.024508 0.047213 0.000010 0.000010 0.008783 0.000010 0.245978 0.068547 0.124478
0.000015 0.000010 0.000010 0.000010 0.000010 0.000010 0.000010 0.000010 0.000010 0.000010 0.000010 0.000010 0.000010 0.999815 0.000010 0.000010 0.000010 0.000010 0.000010
0.000010 0.000010 0.009469 0.000010 0.094039 0.000010 0.004093 0.000010 0.012683 0.832133 0.008106 0.000010 0.009710 0.029657 0.000010 0.000010 0.000010 0.000010 0.000010
0.000010 0.071540 0.000010 0.000010 0.000010 0.275937 0.000010 0.493609 0.000010 0.000010 0.000010 0.055435 0.000010 0.006087 0.000010 0.002289 0.015601 0.023785 0.055617
0.000010 0.045029 0.000010 0.000010 0.000010 0.279978 0.001819 0.472954 0.000010 0.000010 0.038072 0.006562 0.000010 0.000010 0.044561 0.000010 0.033022 0.001513 0.076400
0.000010 0.000010 0.025797 0.000010 0.022644 0.012606 0.002131 0.000010 0.000010 0.624940 0.033905 0.000010 0.000010 0.018415 0.144858 0.043874 0.054659 0.000010 0.016091
0.006464 0.003272 0.000010 0.000010 0.001905 0.694963 0.034775 0.231156 0.006726 0.000010 0.020630 0.000010 0.000010 0.000010 0.000010 0.000010 0.000010 0.000010 0.000010
0.000010 0.057766 0.000010 0.000010 0.000010 0.349380 0.033460 0.402846 0.000010 0.054049 0.000010 0.038517 0.000010 0.029119 0.024200 0.000010 0.004891 0.000010 0.005681
0.046818 0.000010 0.007282 0.000010 0.000010 0.332580 0.003486 0.024134 0.000010 0.433358 0.022129 0.010009 0.000010 0.033563 0.000280 0.000010 0.000010 0.022405 0.063887
0.009400 0.000010 0.018147 0.000010 0.000010 0.452743 0.006820 0.425144 0.014600 0.007348 0.000010 0.065688 0.000010 0.000010 0.000010 0.000010 0.000010 0.000010 0.000010
0.000010 0.045366 0.000010 0.000010 0.000010 0.327174 0.029117 0.325763 0.014529 0.023990 0.000010 0.034623 0.025892 0.020416 0.043076 0.000010 0.000010 0.047856 0.062126
0.000010 0.093762 0.126565 0.007197 0.000010 0.014462 0.000010 0.006433 0.040706 0.160104 0.041498 0.002451 0.000010 0.086841 0.060452 0.081751 0.096907 0.155572 0.025260
0.000010 0.135790 0.138135 0.000010 0.000010 0.000010 0.000010 0.000010 0.563781 0.000010 0.000010 0.162144 0.000010 0.000010 0.000010 0.000010 0.000010 0.000010 0.000010
0.000010 0.219190 0.491672 0.000010 0.098023 0.007720 0.000016 0.004120 0.002176 0.000010 0.000010 0.000010 0.023285 0.023989 0.000992 0.006108 0.113201 0.009447 0.000010
0.000010 0.034526 0.000010 0.005828 0.034490 0.000010 0.000010 0.001708 0.017213 0.838513 0.000010 0.001804 0.000010 0.025089 0.022673 0.000010 0.003702 0.008792 0.005590
0.000010 0.004311 0.000010 0.000010 0.052056 0.228135 0.088820 0.076607 0.000010 0.000010 0.000010 0.058656 0.000010 0.018163 0.022241 0.018748 0.266346 0.021028 0.144820
0.017179 0.000010 0.000010 0.000010 0.000010 0.063783 0.060780 0.268865 0.000010 0.046615 0.062690 0.047118 0.000010 0.000010 0.000010 0.000010 0.300006 0.032138 0.100737
0.000010 0.000010 0.000010 0.002689 0.000010 0.077954 0.060904 0.120107 0.000010 0.074749 0.056981 0.008036 0.000010 0.017918 0.000010 0.000010 0.248863 0.169433 0.162286
0.000010 0.000010 0.000010 0.000010 0.016099 0.005130 0.000010 0.708955 0.000010 0.000010 0.032703 0.013947 0.017026 0.128827 0.030843 0.030404 0.000010 0.000010 0.015975
0.000010 0.030456 0.000010 0.000010 0.000874 0.302445 0.000010 0.477748 0.001485 0.048020 0.019139 0.000012 0.000010 0.000010 0.000010 0.000010 0.099446 0.020284 0.000010
0.000010 0.000010 0.032872 0.000010 0.035443 0.036053 0.038232 0.607529 0.000010 0.034279 0.000010 0.026777 0.000010 0.087646 0.037868 0.000010 0.004132 0.000010 0.059088
0.000010 0.000010 0.000010 0.000010 0.000010 0.506399 0.000010 0.250370 0.026264 0.019415 0.000010 0.024576 0.026469 0.024383 0.000010 0.001124 0.056773 0.045168 0.018979
0.000010 0.000010 0.023827 0.000010 0.007846 0.600778 0.000010 0.238102 0.000010 0.007980 0.053447 0.000010 0.000010 0.031083 0.000010 0.000010 0.012268 0.004453 0.020126
0.005197 0.000010 0.000010 0.007622 0.000010 0.417704 0.000010 0.233137 0.040895 0.006644 0.021437 0.009333 0.000010 0.029015 0.000010 0.057218 0.068508 0.040053 0.063176
0.000010 0.000010 0.000010 0.000010 0.000010 0.000010 0.000010 0.000010 0.999820 0.000010 0.000010 0.000010 0.000010 0.000010 0.000010 0.000010 0.000010 0.000010 0.000010
0.000010 0.045955 0.000010 0.000010 0.000010 0.351282 0.000010 0.425305 0.000010 0.040395 0.006361 0.000010 0.011341 0.000010 0.000010 0.000010 0.101538 0.015367 0.002355
0.003198 0.006391 0.000010 0.000010 0.031002 0.601025 0.000010 0.086400 0.000010 0.000010 0.007483 0.000010 0.000010 0.027546 0.000010 0.092159 0.084997 0.059709 0.000010
0.000010 0.000010 0.025111 0.000010 0.029006 0.030828 0.000010 0.137750 0.005767 0.579857 0.000010 0.003612 0.000010 0.000010 0.000010 0.140649 0.047319 0.000010 0.000010
0.013322 0.018360 0.007578 0.000010 0.000010 0.000010 0.000010 0.139922 0.000010 0.555911 0.000010 0.000010 0.000010 0.029039 0.000010 0.197354 0.012422 0.022885 0.003116
0.008628 0.000010 0.000010 0.000010 0.000010 0.000010 0.000010 0.160836 0.000010 0.015808 0.000010 0.000010 0.027055 0.720024 0.045413 0.005048 0.017079 0.000010 0.000010
0.000010 0.019766 0.030245 0.000010 0.049992 0.000010 0.000010 0.014761 0.000010 0.658405 0.004161 0.000010 0.000010 0.000010 0.181904 0.036334 0.004332 0.000010 0.000010
0.000010 0.000010 0.000010 0.000010 0.000010 0.000010 0.000010 0.000010 0.999820 0.000010 0.000010 0.000010 0.000010 0.000010 0.000010 0.000010 0.000010 0.000010 0.000010
0.673939 0.000010 0.000010 0.074244 0.038297 0.033560 0.030358 0.000010 0.000010 0.000010 0.079431 0.000010 0.061958 0.004648 0.000010 0.000010 0.000953 0.002523 0.000010
0.000010 0.000010 0.011693 0.000010 0.053643 0.016093 0.000010 0.038462 0.000010 0.337986 0.000010 0.000010 0.000010 0.043268 0.000010 0.498735 0.000010 0.000010 0.000010
0.000010 0.000844 0.000010 0.006849 0.161240 0.096363 0.083989 0.269333 0.000010 0.112694 0.009338 0.104197 0.000010 0.066278 0.000010 0.048620 0.014022 0.026173 0.000010
0.562600 0.000010 0.014212 0.237515 0.000010 0.006759 0.008864 0.000010 0.059527 0.000010 0.045151 0.012062 0.042085 0.000010 0.000010 0.000010 0.001209 0.000010 0.009936
0.699367 0.000010 0.019621 0.145294 0.000010 0.002059 0.010460 0.040276 0.009479 0.000461 0.006248 0.000010 0.013781 0.040359 0.000010 0.012524 0.000010 0.000010 0.000010
0.584991 0.000010 0.000010 0.150452 0.000010 0.000010 0.000010 0.091191 0.014552 0.000010 0.032954 0.013582 0.076152 0.000010 0.000010 0.000010 0.011922 0.024105 0.000010
0.745617 0.000010 0.000010 0.095293 0.080089 0.021960 0.000010 0.000010 0.044774 0.000010 0.000010 0.000010 0.000010 0.000010 0.000010 0.000010 0.000010 0.012137 0.000010
0.654471 0.000010 0.000010 0.145369 0.021293 0.038163 0.000298 0.000010 0.005851 0.000010 0.027589 0.000010 0.057135 0.000010 0.000010 0.000010 0.022787 0.026090 0.000874
0.196008 0.000010 0.031413 0.068793 0.207570 0.001860 0.005115 0.219956 0.000010 0.055662 0.000010 0.009731 0.000010 0.000010 0.073670 0.075167 0.020923 0.034072 0.000010
0.000010 0.000010 0.000010 0.000010 0.000010 0.000010 0.999820 0.000010 0.000010 0.000010 0.000010 0.000010 0.000010 0.000010 0.000010 0.000010 0.000010 0.000010 0.000010
0.000010 0.000010 0.000010 0.000010 0.000010 0.000010 0.999820 0.000010 0.000010 0.000010 0.000010 0.000010 0.000010 0.000010 0.000010 0.000010 0.000010 0.000010 0.000010
0.000010 0.000010 0.000010 0.005493 0.023351 0.000132 0.021359 0.347337 0.000010 0.184686 0.000010 0.041675 0.036167 0.000010 0.029342 0.274457 0.006243 0.029686 0.000010
0.000010 0.045331 0.017673 0.025404 0.000010 0.000010 0.000010 0.000010 0.017554 0.738026 0.000010 0.000010 0.000010 0.000010 0.080715 0.075176 0.000010 0.000010 0.000010
0.000010 0.000010 0.000010 0.000010 0.000010 0.000010 0.999820 0.000010 0.000010 0.000010 0.000010 0.000010 0.000010 0.000010 0.000010 0.000010 0.000010 0.000010 0.000010
0.000010 0.000010 0.003192 0.000010 0.146291 0.000010 0.000010 0.764779 0.000010 0.000010 0.000010 0.000010 0.000010 0.027903 0.000010 0.000010 0.000010 0.057696 0.000010
0.000010 0.000010 0.000010 0.000010 0.000010 0.000010 0.999820 0.000010 0.000010 0.000010 0.000010 0.000010 0.000010 0.000010 0.000010 0.000010 0.000010 0.000010 0.000010
0.000010 0.000010 0.010131 0.000010 0.053693 0.062845 0.011931 0.608641 0.000010 0.148654 0.027523 0.000010 0.000010 0.038675 0.011716 0.000010 0.000010 0.000010 0.026100
0.000010 0.000010 0.999820 0.000010 0.000010 0.000010 0.000010 0.000010 0.000010 0.000010 0.000010 0.000010 0.000010 0.000010 0.000010 0.000010 0.000010 0.000010 0.000010
0.000010 0.000010 0.000010 0.000010 0.000010 0.000010 0.013667 0.099684 0.000010 0.633202 0.005837 0.000010 0.000010 0.000010 0.000010 0.194936 0.000010 0.016862 0.035691
0.000010 0.529352 0.000010 0.000010 0.000010 0.000010 0.470478 0.000010 0.000010 0.000010 0.000010 0.000010 0.000010 0.000010 0.000010 0.000010 0.000010 0.000010 0.000010
0.000010 0.000010 0.000010 0.000010 0.000010 0.000010 0.000010 0.000010 0.000010 0.000010 0.000010 0.000010 0.000010 0.000010 0.000010 0.999820 0.000010 0.000010 0.000010
0.000010 0.000010 0.047091 0.000010 0.157470 0.000010 0.060937 0.660970 0.010617 0.000010 0.009966 0.000010 0.000010 0.051370 0.000010 0.000010 0.000010 0.000010 0.001470
0.000010 0.031964 0.000010 0.000010 0.079016 0.049302 0.022433 0.523690 0.000010 0.159069 0.000010 0.000010 0.023424 0.014117 0.019487 0.029157 0.006475 0.027460 0.014343
0.002363 0.000010 0.000010 0.000010 0.000010 0.000010 0.023199 0.114563 0.002644 0.776873 0.000010 0.000010 0.017904 0.000010 0.030144 0.032201 0.000010 0.000010 0.000010
0.000010 0.000010 0.000010 0.000785 0.021015 0.091630 0.050845 0.029453 0.036985 0.000010 0.330393 0.014096 0.026517 0.000099 0.000010 0.000010 0.146524 0.150861 0.100736
0.000010 0.000010 0.000010 0.000010 0.022806 0.004715 0.000010 0.258890 0.000010 0.493353 0.000010 0.000010 0.000010 0.019084 0.103442 0.018281 0.046562 0.020932 0.011845
0.000010 0.002186 0.000010 0.000010 0.047163 0.008902 0.000010 0.120293 0.000010 0.709725 0.035503 0.000010 0.000010 0.014633 0.012697 0.004243 0.037411 0.000010 0.007166
0.000010 0.024010 0.000010 0.000141 0.000010 0.069831 0.000010 0.000010 0.000010 0.840579 0.000010 0.000010 0.000010 0.000010 0.000010 0.062946 0.000010 0.000010 0.002362
0.000010 0.006010 0.000010 0.000010 0.049942 0.098076 0.049619 0.638884 0.009328 0.068766 0.005092 0.000010 0.000010 0.039357 0.026971 0.000010 0.000010 0.007875 0.000010
0.000010 0.000010 0.000010 0.000010 0.000010 0.000010 0.000010 0.000010 0.000010 0.000010 0.000010 0.000010 0.000010 0.000010 0.000010 0.999820 0.000010 0.000010 0.000010
0.000010 0.000012 0.999818 0.000010 0.000010 0.000010 0.000010 0.000010 0.000010 0.000010 0.000010 0.000010 0.000010 0.000010 0.000010 0.000010 0.000010 0.000010 0.000010
0.000010 0.000010 0.999816 0.000010 0.000010 0.000010 0.000010 0.000010 0.000014 0.000010 0.000010 0.000010 0.000010 0.000010 0.000010 0.000010 0.000010 0.000010 0.000010
0.005571 0.000010 0.000010 0.000010 0.000010 0.000010 0.006764 0.133501 0.003760 0.720207 0.000010 0.000010 0.000010 0.022661 0.000010 0.095339 0.012086 0.000010 0.000010
0.000010 0.000010 0.999820 0.000010 0.000010 0.000010 0.000010 0.000010 0.000010 0.000010 0.000010 0.000010 0.000010 0.000010 0.000010 0.000010 0.000010 0.000010 0.000010
0.000010 0.000010 0.000010 0.000010 0.335335 0.000010 0.000010 0.000010 0.000010 0.664495 0.000010 0.000010 0.000010 0.000010 0.000010 0.000010 0.000010 0.000010 0.000010
0.000010 0.000010 0.000010 0.000010 0.000010 0.000010 0.000010 0.000010 0.000010 0.985474 0.000622 0.000010 0.000010 0.000010 0.000010 0.013744 0.000010 0.000010 0.000010
0.000010 0.000010 0.999820 0.000010 0.000010 0.000010 0.000010 0.000010 0.000010 0.000010 0.000010 0.000010 0.000010 0.000010 0.000010 0.000010 0.000010 0.000010 0.000010
0.000010 0.000010 0.999820 0.000010 0.000010 0.000010 0.000010 0.000010 0.000010 0.000010 0.000010 0.000010 0.000010 0.000010 0.000010 0.000010 0.000010 0.000010 0.000010
0.000010 0.000010 0.999820 0.000010 0.000010 0.000010 0.000010 0.000010 0.000010 0.000010 0.000010 0.000010 0.000010 0.000010 0.000010 0.000010 0.000010 0.000010 0.000010
0.000010 0.045549 0.940941 0.000010 0.000010 0.000010 0.000010 0.000010 0.000010 0.000010 0.000010 0.013349 0.000010 0.000010 0.000010 0.000010 0.000010 0.000010 0.000010
0.000010 0.167536 0.689810 0.000010 0.000010 0.016219 0.000010 0.000010 0.017199 0.000010 0.000010 0.000010 0.000010 0.000010 0.000010 0.000010 0.109096 0.000010 0.000010
0.036091 0.000010 0.042562 0.000010 0.000010 0.000010 0.000010 0.771658 0.000010 0.044221 0.053435 0.000010 0.000010 0.000010 0.000010 0.000010 0.051904 0.000010 0.000010
0.000010 0.000010 0.035210 0.000010 0.060099 0.000010 0.000010 0.719344 0.000010 0.026852 0.001025 0.000010 0.000010 0.000010 0.043113 0.032305 0.027655 0.000010 0.054297
0.000010 0.000010 0.999820 0.000010 0.000010 0.000010 0.000010 0.000010 0.000010 0.000010 0.000010 0.000010 0.000010 0.000010 0.000010 0.000010 0.000010 0.000010 0.000010
0.000010 0.026720 0.123581 0.000010 0.092827 0.000010 0.000010 0.065583 0.014132 0.363945 0.000010 0.020041 0.000010 0.000010 0.240167 0.018141 0.029624 0.005159 0.000010
0.000010 0.012580 0.000010 0.000010 0.068862 0.000010 0.011076 0.045775 0.000010 0.514414 0.000010 0.000010 0.000010 0.038853 0.000010 0.308320 0.000010 0.000010 0.000010
0.000010 0.000019 0.999809 0.000010 0.000010 0.000010 0.000010 0.000010 0.000010 0.000010 0.000012 0.000010 0.000010 0.000010 0.000010 0.000010 0.000010 0.000010 0.000010
0.000010 0.052848 0.892089 0.000010 0.000010 0.000010 0.000010 0.000010 0.000010 0.000010 0.013559 0.018774 0.002268 0.016529 0.000010 0.000010 0.003812 0.000010 0.000010
0.000010 0.000018 0.999803 0.000010 0.000015 0.000010 0.000010 0.000010 0.000010 0.000010 0.000010 0.000010 0.000013 0.000010 0.000010 0.000010 0.000010 0.000010 0.000010
0.000010 0.020063 0.000010 0.000010 0.035547 0.112777 0.032146 0.230466 0.052646 0.091028 0.000010 0.025975 0.025240 0.220565 0.077847 0.019244 0.050138 0.000010 0.006266
0.000010 0.003458 0.053778 0.000010 0.000010 0.000010 0.000010 0.854169 0.000010 0.080489 0.000010 0.000010 0.000010 0.007966 0.000010 0.000010 0.000010 0.000010 0.000010
0.006206 0.000010 0.026531 0.000010 0.065480 0.003486 0.000010 0.735373 0.000010 0.030096 0.000010 0.000010 0.000010 0.022127 0.000010 0.047637 0.010224 0.031827 0.020933
0.000010 0.023580 0.014680 0.010388 0.000010 0.088738 0.000010 0.822050 0.000010 0.000010 0.000010 0.000010 0.000010 0.028161 0.000010 0.012282 0.000010 0.000010 0.000010
0.000010 0.838108 0.161722 0.000010 0.000010 0.000010 0.000010 0.000010 0.000010 0.000010 0.000010 0.000010 0.000010 0.000010 0.000010 0.000010 0.000010 0.000010 0.000010
0.198328 0.035014 0.397879 0.057967 0.000010 0.000010 0.000010 0.000010 0.216385 0.002073 0.000010 0.021685 0.005113 0.000010 0.000010 0.065458 0.000010 0.000010 0.000010
0.000010 0.026153 0.973673 0.000010 0.000010 0.000010 0.000010 0.000010 0.000010 0.000013 0.000010 0.000010 0.000010 0.000010 0.000010 0.000010 0.000010 0.000010 0.000010
0.000010 0.000010 0.999820 0.000010 0.000010 0.000010 0.000010 0.000010 0.000010 0.000010 0.000010 0.000010 0.000010 0.000010 0.000010 0.000010 0.000010 0.000010 0.000010
0.000010 0.000010 0.999820 0.000010 0.000010 0.000010 0.000010 0.000010 0.000010 0.000010 0.000010 0.000010 0.000010 0.000010 0.000010 0.000010 0.000010 0.000010 0.000010
0.000010 0.063712 0.936118 0.000010 0.000010 0.000010 0.000010 0.000010 0.000010 0.000010 0.000010 0.000010 0.000010 0.000010 0.000010 0.000010 0.000010 0.000010 0.000010
0.000010 0.047111 0.952715 0.000010 0.000010 0.000010 0.000010 0.000010 0.000010 0.000010 0.000014 0.000010 0.000010 0.000010 0.000010 0.000010 0.000010 0.000010 0.000010
0.000010 0.000010 0.999815 0.000010 0.000010 0.000010 0.000010 0.000010 0.000010 0.000010 0.000010 0.000015 0.000010 0.000010 0.000010 0.000010 0.000010 0.000010 0.000010
0.000010 0.000010 0.009700 0.000010 0.346358 0.013699 0.018565 0.019827 0.000010 0.206446 0.000010 0.000010 0.020697 0.300784 0.000010 0.000010 0.063823 0.000010 0.000010
0.000010 0.000010 0.999820 0.000010 0.000010 0.000010 0.000010 0.000010 0.000010 0.000010 0.000010 0.000010 0.000010 0.000010 0.000010 0.000010 0.000010 0.000010 0.000010
0.000010 0.223298 0.685999 0.000010 0.000010 0.000010 0.000792 0.000010 0.003595 0.000010 0.000010 0.000010 0.033727 0.000010 0.010823 0.000010 0.041646 0.000010 0.000010
0.000010 0.000010 0.000010 0.000010 0.056874 0.000010 0.000010 0.083294 0.008402 0.847507 0.000010 0.000010 0.000010 0.003783 0.000010 0.000010 0.000010 0.000010 0.000010
0.000010 0.753922 0.245908 0.000010 0.000010 0.000010 0.000010 0.000010 0.000010 0.000010 0.000010 0.000010 0.000010 0.000010 0.000010 0.000010 0.000010 0.000010 0.000010
0.000010 0.530244 0.100324 0.000010 0.000010 0.000010 0.000010 0.000010 0.000010 0.066516 0.000010 0.041242 0.000010 0.034182 0.192484 0.000010 0.000010 0.000010 0.034888
0.000010 0.000010 0.999820 0.000010 0.000010 0.000010 0.000010 0.000010 0.000010 0.000010 0.000010 0.000010 0.000010 0.000010 0.000010 0.000010 0.000010 0.000010 0.000010
0.000010 0.000010 0.999815 0.000010 0.000010 0.000010 0.000010 0.000010 0.000010 0.000010 0.000010 0.000015 0.000010 0.000010 0.000010 0.000010 0.000010 0.000010 0.000010
0.000010 0.000010 0.999806 0.000010 0.000018 0.000010 0.000010 0.000012 0.000010 0.000013 0.000010 0.000010 0.000010 0.000010 0.000010 0.000010 0.000010 0.000010 0.000010
0.000010 0.000010 0.999820 0.000010 0.000010 0.000010 0.000010 0.000010 0.000010 0.000010 0.000010 0.000010 0.000010 0.000010 0.000010 0.000010 0.000010 0.000010 0.000010
0.000010 0.151711 0.837564 0.000010 0.000010 0.000010 0.000010 0.000010 0.000010 0.000010 0.000010 0.000010 0.000010 0.010566 0.000010 0.000010 0.000010 0.000010 0.000010
0.000010 0.000010 0.999816 0.000010 0.000010 0.000010 0.000010 0.000010 0.000010 0.000010 0.000010 0.000012 0.000010 0.000010 0.000012 0.000010 0.000010 0.000010 0.000010
0.000010 0.000013 0.000010 0.000010 0.000010 0.000010 0.000011 0.000010 0.000010 0.000010 0.000010 0.000017 0.000015 0.999802 0.000013 0.000010 0.000010 0.000010 0.000010
0.000010 0.000010 0.000010 0.000010 0.000010 0.000010 0.000010 0.000010 0.000010 0.000010 0.000010 0.000010 0.999820 0.000010 0.000010 0.000010 0.000010 0.000010 0.000010
0.000010 0.000010 0.000010 0.000010 0.000010 0.000010 0.000010 0.000010 0.000010 0.000010 0.000010 0.000010 0.999820 0.000010 0.000010 0.000010 0.000010 0.000010 0.000010
0.000010 0.000010 0.000010 0.000010 0.000010 0.000010 0.000010 0.000010 0.000010 0.000010 0.000010 0.000010 0.999820 0.000010 0.000010 0.000010 0.000010 0.000010 0.000010
0.000010 0.000010 0.999820 0.000010 0.000010 0.000010 0.000010 0.000010 0.000010 0.000010 0.000010 0.000010 0.000010 0.000010 0.000010 0.000010 0.000010 0.000010 0.000010
0.000010 0.000010 0.999819 0.000010 0.000010 0.000010 0.000010 0.000010 0.000010 0.000010 0.000010 0.000010 0.000010 0.000010 0.000010 0.000010 0.000010 0.000011 0.000010
0.000010 0.000010 0.000010 0.000010 0.000010 0.000010 0.000010 0.000010 0.000010 0.000010 0.000010 0.000010 0.999820 0.000010 0.000010 0.000010 0.000010 0.000010 0.000010
0.000010 0.000010 0.000010 0.000010 0.000010 0.000010 0.000010 0.000010 0.000010 0.014096 0.000010 0.000010 0.985734 0.000010 0.000010 0.000010 0.000010 0.000010 0.000010
0.000010 0.000010 0.000010 0.000010 0.000010 0.000010 0.000010 0.000010 0.000010 0.000010 0.000010 0.000010 0.999820 0.000010 0.000010 0.000010 0.000010 0.000010 0.000010
0.000010 0.000010 0.999815 0.000010 0.000010 0.000013 0.000010 0.000010 0.000010 0.000010 0.000012 0.000010 0.000010 0.000010 0.000010 0.000010 0.000010 0.000010 0.000010
0.000010 0.000013 0.999815 0.000010 0.000010 0.000010 0.000010 0.000010 0.000010 0.000010 0.000010 0.000010 0.000010 0.000010 0.000013 0.000010 0.000010 0.000010 0.000010
0.000010 0.000010 0.000010 0.000010 0.000010 0.000010 0.000010 0.000010 0.000010 0.000010 0.766484 0.000010 0.000010 0.000010 0.000010 0.000010 0.000010 0.233346 0.000010
0.000010 0.000010 0.999813 0.000010 0.000012 0.000010 0.000010 0.000010 0.000010 0.000010 0.000010 0.000010 0.000010 0.000014 0.000012 0.000010 0.000010 0.000010 0.000010
0.000010 0.000010 0.000010 0.000010 0.000010 0.000010 0.000010 0.000010 0.000010 0.095280 0.000010 0.000010 0.000010 0.000010 0.000010 0.000010 0.000010 0.000010 0.904550
0.000010 0.000010 0.000010 0.000010 0.000010 0.000010 0.000010 0.000010 0.000010 0.000010 0.000010 0.999820 0.000010 0.000010 0.000010 0.000010 0.000010 0.000010 0.000010
0.000010 0.000010 0.000010 0.000010 0.000010 0.000010 0.000010 0.000010 0.000010 0.000010 0.000010 0.999820 0.000010 0.000010 0.000010 0.000010 0.000010 0.000010 0.000010
0.000010 0.000010 0.000010 0.000010 0.000010 0.044627 0.014190 0.120875 0.000010 0.534778 0.000010 0.000010 0.000010 0.000010 0.152170 0.060773 0.024882 0.000010 0.047594
0.000010 0.000010 0.000010 0.000010 0.000010 0.000010 0.000010 0.000010 0.000010 0.000010 0.000010 0.999820 0.000010 0.000010 0.000010 0.000010 0.000010 0.000010 0.000010
0.810469 0.006444 0.000010 0.121093 0.018988 0.000010 0.002215 0.000010 0.000010 0.000010 0.000010 0.000010 0.000010 0.000010 0.000010 0.000010 0.000010 0.000010 0.040661
0.002075 0.000010 0.018566 0.078497 0.105202 0.101188 0.098218 0.028437 0.041176 0.000010 0.078182 0.025411 0.015017 0.020789 0.000010 0.000010 0.128404 0.167759 0.091038
0.000010 0.060158 0.022506 0.004382 0.018694 0.115718 0.000010 0.011376 0.021460 0.366679 0.000010 0.000010 0.000010 0.023666 0.265095 0.021089 0.008374 0.000010 0.060743
0.036562 0.000010 0.000010 0.021336 0.028858 0.000010 0.031435 0.009217 0.034652 0.000010 0.000010 0.035409 0.463143 0.010973 0.069254 0.054142 0.121923 0.083037 0.000010
0.000010 0.243212 0.120400 0.000010 0.034578 0.000010 0.000010 0.000010 0.000010 0.000010 0.000010 0.000010 0.000010 0.000010 0.601659 0.000010 0.000010 0.000010 0.000010
0.000010 0.081621 0.269840 0.000010 0.036342 0.000010 0.000010 0.000016 0.000010 0.000010 0.000010 0.000010 0.000010 0.000010 0.612040 0.000010 0.000010 0.000010 0.000010
0.000010 0.000010 0.000010 0.000010 0.220046 0.000010 0.001220 0.000010 0.000010 0.769908 0.000010 0.000010 0.000010 0.000010 0.006610 0.002076 0.000010 0.000010 0.000010
0.000010 0.365816 0.376508 0.000010 0.044193 0.000010 0.000010 0.000010 0.017561 0.000010 0.000010 0.000010 0.024628 0.000010 0.000010 0.000010 0.107563 0.000010 0.063611
0.000010 0.025544 0.015167 0.000010 0.009562 0.082223 0.019389 0.354791 0.056882 0.339842 0.017617 0.000010 0.001346 0.037850 0.012507 0.000010 0.007321 0.007854 0.012066
0.000010 0.031030 0.040076 0.000010 0.058079 0.000010 0.000010 0.061696 0.008568 0.736818 0.000010 0.003550 0.000010 0.004566 0.019655 0.028539 0.000010 0.007343 0.000010
0.000010 0.180072 0.164752 0.000010 0.018237 0.000010 0.000010 0.038617 0.000010 0.374891 0.026868 0.021932 0.000010 0.000010 0.141388 0.016707 0.016447 0.000010 0.000010
0.000010 0.000010 0.000010 0.004545 0.016751 0.157160 0.383826 0.106540 0.000010 0.000010 0.000010 0.000010 0.000010 0.004808 0.000010 0.026000 0.146257 0.000010 0.154013
0.000010 0.014654 0.005931 0.006984 0.009382 0.000010 0.000010 0.178968 0.007915 0.000010 0.005306 0.002747 0.000010 0.017733 0.000010 0.721608 0.000010 0.003819 0.024883
0.000010 0.000010 0.001107 0.000010 0.108339 0.073495 0.000010 0.551190 0.000010 0.000010 0.041769 0.000010 0.000010 0.044545 0.000010 0.025917 0.010082 0.051015 0.092453
0.126582 0.000010 0.004439 0.000010 0.004396 0.000010 0.000010 0.009289 0.000010 0.032137 0.015545 0.000010 0.504612 0.000010 0.000010 0.000010 0.157911 0.126277 0.018722
0.000010 0.227765 0.692363 0.000010 0.000010 0.000010 0.011938 0.000010 0.000010 0.000010 0.000010 0.000010 0.016717 0.000010 0.000856 0.000010 0.050231 0.000010 0.000010
0.167634 0.002995 0.000010 0.026275 0.091590 0.000010 0.000010 0.000010 0.000010 0.000010 0.013431 0.000010 0.464051 0.000010 0.037023 0.018900 0.109537 0.068475 0.000010
0.000010 0.000010 0.000010 0.000010 0.000010 0.000010 0.000010 0.000010 0.000010 0.000010 0.000010 0.000010 0.999820 0.000010 0.000010 0.000010 0.000010 0.000010 0.000010
0.034109 0.000010 0.000010 0.000010 0.058799 0.000010 0.000010 0.347160 0.007162 0.334997 0.000010 0.002565 0.000010 0.053779 0.082531 0.070965 0.003990 0.003864 0.000010
0.000010 0.000010 0.000010 0.000010 0.455059 0.000010 0.000010 0.000010 0.000010 0.533288 0.011493 0.000010 0.000010 0.000010 0.000010 0.000010 0.000010 0.000010 0.000010
0.000010 0.000010 0.000010 0.641943 0.000010 0.000010 0.000010 0.000010 0.000010 0.000010 0.357887 0.000010 0.000010 0.000010 0.000010 0.000010 0.000010 0.000010 0.000010
0.000010 0.010872 0.000010 0.000010 0.364952 0.000010 0.000010 0.014436 0.000010 0.500245 0.026544 0.000010 0.000010 0.031376 0.000662 0.000010 0.029359 0.000010 0.021453
0.000010 0.000010 0.000010 0.000010 0.372858 0.000010 0.000010 0.000010 0.000010 0.626972 0.000010 0.000010 0.000010 0.000010 0.000010 0.000010 0.000010 0.000010 0.000010
0.000010 0.000010 0.000010 0.000010 0.073700 0.009996 0.000010 0.000010 0.004689 0.826542 0.000010 0.003857 0.000010 0.034279 0.000010 0.021142 0.025685 0.000010 0.000010
0.108500 0.000010 0.000010 0.000010 0.177915 0.208870 0.036742 0.015928 0.010755 0.001812 0.000010 0.010458 0.005068 0.000010 0.186642 0.000010 0.000010 0.166225 0.071015
0.000010 0.000010 0.000010 0.000010 0.000010 0.000010 0.000010 0.000010 0.000010 0.000010 0.000010 0.000010 0.000010 0.000010 0.000010 0.000010 0.000010 0.999820 0.000010
0.000010 0.029559 0.002410 0.000010 0.197860 0.022794 0.039140 0.000010 0.000010 0.483918 0.017603 0.010202 0.000010 0.139587 0.000010 0.000010 0.000010 0.000010 0.056835
0.000010 0.000010 0.000010 0.000010 0.000010 0.000010 0.000010 0.000010 0.000010 0.000010 0.000010 0.000010 0.999820 0.000010 0.000010 0.000010 0.000010 0.000010 0.000010
0.000010 0.000010 0.001940 0.000010 0.833818 0.000010 0.000010 0.117052 0.000010 0.000010 0.000010 0.000010 0.000010 0.047040 0.000010 0.000010 0.000010 0.000010 0.000010
0.000010 0.020987 0.040618 0.006558 0.066033 0.051303 0.000010 0.049786 0.000010 0.469675 0.000010 0.017981 0.000010 0.000010 0.251893 0.000010 0.000010 0.000010 0.025077
0.122405 0.001962 0.007164 0.129184 0.000010 0.108452 0.000010 0.000010 0.020486 0.000010 0.025568 0.177153 0.333294 0.000010 0.058334 0.000010 0.015917 0.000010 0.000010
0.022632 0.000010 0.000010 0.001514 0.398034 0.014259 0.046794 0.330145 0.027930 0.025265 0.031368 0.000010 0.001165 0.000010 0.000010 0.024603 0.039777 0.036456 0.000010
0.000010 0.000010 0.999820 0.000010 0.000010 0.000010 0.000010 0.000010 0.000010 0.000010 0.000010 0.000010 0.000010 0.000010 0.000010 0.000010 0.000010 0.000010 0.000010
0.000010 0.011518 0.023309 0.000010 0.472798 0.000010 0.000010 0.000010 0.000010 0.492225 0.000010 0.000010 0.000010 0.000010 0.000010 0.000010 0.000010 0.000010 0.000010
0.000010 0.006323 0.000010 0.000010 0.495958 0.000010 0.000010 0.000010 0.000010 0.497558 0.000010 0.000010 0.000010 0.000010 0.000010 0.000010 0.000010 0.000010 0.000010
0.000010 0.000010 0.000010 0.000010 0.502306 0.000010 0.025720 0.000010 0.000010 0.441789 0.000010 0.000010 0.000010 0.000010 0.000010 0.030035 0.000010 0.000010 0.000010
0.000010 0.000010 0.022069 0.000010 0.034955 0.020761 0.023528 0.036017 0.016962 0.718637 0.000010 0.000010 0.000010 0.000010 0.000010 0.023116 0.000010 0.000010 0.103855
0.000010 0.000010 0.061069 0.000010 0.000010 0.082616 0.000010 0.042302 0.004888 0.140903 0.000010 0.000010 0.005859 0.000010 0.592349 0.006710 0.000010 0.052635 0.010578
0.000010 0.067664 0.000010 0.000010 0.541210 0.000010 0.000010 0.087876 0.000010 0.092754 0.020681 0.010317 0.026604 0.073504 0.000010 0.000010 0.000010 0.000010 0.079290
0.000010 0.000010 0.000010 0.000010 0.017918 0.000010 0.000010 0.000010 0.000010 0.772896 0.052050 0.000010 0.000010 0.000010 0.016153 0.140843 0.000010 0.000010 0.000010
0.000010 0.000010 0.030802 0.000010 0.000010 0.000010 0.000010 0.000010 0.000010 0.962482 0.000010 0.000010 0.000010 0.000010 0.000010 0.002016 0.004550 0.000010 0.000010
0.000010 0.036349 0.000010 0.000010 0.438964 0.000010 0.019445 0.156572 0.000010 0.049841 0.000010 0.002529 0.017482 0.231602 0.023092 0.000010 0.017826 0.000010 0.006219
0.000010 0.092834 0.059670 0.000010 0.015714 0.000010 0.007943 0.001611 0.000010 0.663097 0.000010 0.000010 0.000010 0.019086 0.102558 0.037387 0.000010 0.000010 0.000010
0.000010 0.066609 0.011182 0.000010 0.633619 0.084965 0.000010 0.000010 0.000010 0.006033 0.000010 0.005440 0.000010 0.109206 0.000010 0.000010 0.082836 0.000010 0.000010
0.000010 0.048125 0.019687 0.024675 0.019114 0.000010 0.015761 0.099284 0.000010 0.685371 0.000010 0.011924 0.000010 0.004605 0.013300 0.047207 0.000010 0.010878 0.000010
0.000010 0.000010 0.020962 0.000010 0.042854 0.000601 0.016383 0.169529 0.000010 0.571788 0.000010 0.023607 0.000010 0.025451 0.004966 0.123770 0.000010 0.000010 0.000010
0.000010 0.000010 0.000010 0.000010 0.999820 0.000010 0.000010 0.000010 0.000010 0.000010 0.000010 0.000010 0.000010 0.000010 0.000010 0.000010 0.000010 0.000010 0.000010
0.000010 0.000010 0.000010 0.000010 0.072896 0.021334 0.030183 0.000010 0.000010 0.861259 0.000010 0.000010 0.000010 0.000010 0.000010 0.001322 0.000010 0.000010 0.012875
0.001916 0.185870 0.154045 0.000010 0.014157 0.000010 0.000010 0.051470 0.000010 0.213653 0.000010 0.044060 0.005165 0.004744 0.228993 0.083381 0.000010 0.012476 0.000010
0.000010 0.000010 0.002535 0.000010 0.206648 0.000010 0.000010 0.000010 0.000010 0.771571 0.000010 0.000010 0.000010 0.000010 0.000010 0.019096 0.000010 0.000010 0.000010
0.000010 0.083139 0.249048 0.000010 0.086290 0.000010 0.000010 0.000010 0.000010 0.349272 0.000010 0.000010 0.000010 0.002663 0.201292 0.000010 0.028175 0.000010 0.000010
0.000010 0.000010 0.000010 0.003607 0.167424 0.070641 0.000010 0.013623 0.004854 0.539657 0.000010 0.029793 0.000010 0.115860 0.030739 0.000010 0.016532 0.000010 0.007191
0.000010 0.020364 0.023087 0.000010 0.011129 0.012317 0.000010 0.047964 0.009353 0.746103 0.007307 0.005709 0.000010 0.000010 0.073882 0.042705 0.000010 0.000010 0.000010
0.000010 0.009911 0.000010 0.000010 0.399998 0.000010 0.000316 0.000010 0.000010 0.572282 0.000010 0.000010 0.000010 0.000010 0.000010 0.012610 0.000010 0.000010 0.004753
0.000010 0.000010 0.269807 0.000010 0.000010 0.000010 0.000010 0.000010 0.000010 0.000010 0.000010 0.000178 0.000010 0.000010 0.729854 0.000010 0.000010 0.000010 0.000010
0.000010 0.000010 0.000010 0.000010 0.000010 0.000010 0.000010 0.005407 0.000010 0.000010 0.000010 0.000010 0.000010 0.000010 0.994423 0.000010 0.000010 0.000010 0.000010
