0.401034 0.005195 0.525565 0.068205
0.558897 0.077441 0.336763 0.026899
0.454838 0.048724 0.490297 0.006141
0.089407 0.000010 0.000010 0.910573
0.552138 0.089506 0.358347 0.000010
0.187654 0.000010 0.782438 0.029898
0.209503 0.000010 0.357244 0.433242
0.034306 0.000010 0.949588 0.016096
0.708054 0.021022 0.216385 0.054539
0.067093 0.000010 0.916760 0.016137
0.231272 0.002933 0.761930 0.003866
0.464438 0.060767 0.474784 0.000010
0.749951 0.013778 0.082321 0.153950
0.448157 0.004984 0.053749 0.493110
0.007287 0.016116 0.959040 0.017557
0.470032 0.066806 0.444392 0.018769
0.207021 0.010666 0.759740 0.022573
0.160699 0.000010 0.540200 0.299091
0.584831 0.000010 0.415149 0.000010
0.000010 0.997727 0.000010 0.002253
0.000010 0.979002 0.015287 0.005701
0.000010 0.999970 0.000010 0.000010
0.000010 0.962772 0.037208 0.000010
0.172145 0.050838 0.040425 0.736592
0.781399 0.000010 0.184290 0.034301
0.000010 0.992368 0.000010 0.007612
0.618983 0.138311 0.210335 0.032370
0.000010 0.987907 0.000010 0.012073
0.714493 0.055742 0.200435 0.029330
0.676693 0.066718 0.191537 0.065053
0.821356 0.066162 0.112472 0.000010
0.732782 0.033171 0.200941 0.033106
0.648744 0.072711 0.073772 0.204773
0.800572 0.047015 0.071658 0.080755
0.612522 0.068830 0.311467 0.007180
0.284576 0.013840 0.329586 0.371998
0.198307 0.000010 0.359860 0.441823
0.083889 0.837444 0.000010 0.078657
0.827207 0.000010 0.134045 0.038737
0.777740 0.062021 0.142807 0.017432
0.000010 0.000010 0.999970 0.000010
0.626603 0.045181 0.283992 0.044224
0.194177 0.006161 0.772483 0.027179
0.123615 0.000010 0.851658 0.024717
0.968600 0.025547 0.000010 0.005843
0.008179 0.988314 0.000010 0.003497
0.043896 0.951179 0.004915 0.000010
0.389899 0.489722 0.040551 0.079828
0.758793 0.059440 0.112651 0.069115
0.738396 0.060744 0.118039 0.082820
0.814107 0.004498 0.137691 0.043703
0.751314 0.121675 0.065713 0.061299
0.714822 0.000010 0.206664 0.078503
0.778224 0.033252 0.152665 0.035860
0.812348 0.070569 0.051460 0.065623
0.777827 0.016371 0.186776 0.019025
0.043117 0.045022 0.897000 0.014860
0.807488 0.003101 0.118937 0.070475
0.812048 0.001989 0.152560 0.033403
0.195340 0.000010 0.753051 0.051599
0.810322 0.046806 0.142861 0.000010
0.736829 0.000010 0.208754 0.054408
0.418421 0.046516 0.522031 0.013032
0.769189 0.040490 0.152723 0.037598
0.760552 0.032049 0.166176 0.041223
0.430262 0.062576 0.261722 0.245440
0.183938 0.435626 0.000010 0.380426
0.210472 0.065401 0.019901 0.704226
0.053410 0.024127 0.900467 0.021996
0.826751 0.016713 0.076648 0.079887
0.705033 0.061929 0.156957 0.076081
0.759249 0.036281 0.159256 0.045214
0.704790 0.043629 0.245380 0.006200
0.723927 0.031028 0.216691 0.028354
0.715790 0.006543 0.237828 0.039840
0.819307 0.055763 0.124920 0.000010
0.794344 0.040610 0.148249 0.016797
0.752515 0.081143 0.166332 0.000010
0.000010 0.948227 0.000010 0.051753
0.748933 0.004259 0.213040 0.033768
0.771942 0.064948 0.151073 0.012038
0.182319 0.020920 0.758093 0.038668
0.201941 0.003542 0.760655 0.033862
0.702638 0.088237 0.208753 0.000371
0.112273 0.000010 0.819686 0.068032
0.000010 0.937821 0.005844 0.056326
0.158765 0.808857 0.029547 0.002831
0.225607 0.002156 0.734360 0.037877
0.605842 0.043097 0.278908 0.072153
0.084071 0.883238 0.000010 0.032681
0.088600 0.873028 0.024974 0.013397
0.135902 0.816150 0.023080 0.024868
0.076658 0.902104 0.018969 0.002269
0.125896 0.860166 0.000010 0.013928
0.405875 0.307539 0.237363 0.049223
0.848946 0.041914 0.066307 0.042833
0.805747 0.057473 0.080049 0.056730
0.455705 0.035739 0.479422 0.029134
0.000010 0.049752 0.883297 0.066940
0.814050 0.080991 0.053955 0.051004
0.772022 0.039516 0.179888 0.008574
0.843721 0.094203 0.000010 0.062066
0.627677 0.000010 0.364560 0.007753
0.000010 0.000010 0.000010 0.999970
0.164589 0.000010 0.827968 0.007433
0.470588 0.037976 0.016555 0.474882
0.272791 0.000010 0.683031 0.044169
0.740927 0.000010 0.216591 0.042473
0.589398 0.024752 0.365770 0.020080
0.077183 0.012508 0.905474 0.004836
0.772774 0.097785 0.072005 0.057437
0.339712 0.000010 0.660268 0.000010
0.176382 0.000010 0.821683 0.001925
0.036947 0.000010 0.941481 0.021562
0.710418 0.017327 0.272245 0.000010
0.285359 0.019315 0.645915 0.049410
0.000010 0.000010 0.000010 0.999970
0.000010 0.000010 0.000010 0.999970
0.111747 0.013346 0.869771 0.005137
0.000010 0.000010 0.000010 0.999970
0.107702 0.030151 0.830861 0.031286
0.000010 0.000010 0.999970 0.000010
0.000010 0.000010 0.000010 0.999970
0.000010 0.000011 0.000010 0.999969
0.000010 0.000010 0.000010 0.999970
0.000010 0.000010 0.000010 0.999970
0.103329 0.041512 0.000010 0.855149
0.592699 0.076222 0.289277 0.041801
0.636631 0.040584 0.278556 0.044229
0.000010 0.000010 0.000010 0.999970
0.257416 0.018843 0.535604 0.188137
0.146948 0.015887 0.805786 0.031379
0.000010 0.000010 0.000010 0.999970
0.039995 0.000386 0.004090 0.955529
0.000010 0.000010 0.000010 0.999970
0.672704 0.057359 0.236329 0.033608
0.614981 0.000519 0.341401 0.043100
0.631157 0.053203 0.294243 0.021397
0.709976 0.046308 0.212520 0.031196
0.030640 0.000010 0.058653 0.910697
0.000010 0.467917 0.068210 0.463864
0.000010 0.000010 0.000010 0.999970
0.000010 0.000010 0.000010 0.999970
0.000010 0.000010 0.000010 0.999970
0.000010 0.000010 0.000010 0.999970
0.000010 0.000010 0.000010 0.999970
0.000010 0.000010 0.000010 0.999970
0.543958 0.084744 0.337616 0.033682
0.000010 0.000010 0.000010 0.999970
0.070463 0.039041 0.000010 0.890486
0.041250 0.009799 0.948941 0.000010
0.105647 0.034034 0.008603 0.851716
0.253200 0.000010 0.180821 0.565969
0.000010 0.000012 0.000010 0.999968
0.000011 0.000010 0.000010 0.999969
0.000010 0.000010 0.000010 0.999970
0.000010 0.000010 0.000010 0.999970
0.021994 0.000010 0.000010 0.977986
0.000010 0.000010 0.000010 0.999970
0.818616 0.000010 0.176339 0.005034
0.170972 0.735272 0.000010 0.093746
0.269416 0.660841 0.000010 0.069733
0.240455 0.686756 0.000010 0.072780
0.000010 0.000010 0.000010 0.999970
0.000010 0.000010 0.000010 0.999970
0.265465 0.668781 0.000010 0.065744
0.249464 0.669866 0.011964 0.068706
0.247582 0.668648 0.017682 0.066088
0.000010 0.000010 0.000010 0.999970
0.000010 0.000010 0.000010 0.999970
0.830236 0.069867 0.015697 0.084200
0.000010 0.000010 0.000010 0.999970
0.713607 0.000010 0.271612 0.014770
0.338098 0.000010 0.000010 0.661882
0.335120 0.000010 0.000010 0.664860
0.292647 0.000225 0.707118 0.000010
0.356706 0.000010 0.000010 0.643274
0.030749 0.940663 0.023256 0.005333
0.680783 0.186094 0.053118 0.080005
0.347942 0.026853 0.533381 0.091825
0.396649 0.439852 0.071087 0.092412
0.404110 0.022342 0.190916 0.382631
0.423533 0.011992 0.153335 0.411140
0.082994 0.000837 0.907475 0.008694
0.230622 0.064114 0.000010 0.705254
0.423843 0.061194 0.479449 0.035513
0.076810 0.005699 0.847060 0.070430
0.173068 0.000010 0.482300 0.344623
0.866107 0.029081 0.075607 0.029204
0.393843 0.019674 0.532092 0.054391
0.770284 0.010771 0.217962 0.000982
0.391130 0.491209 0.054578 0.063084
0.061436 0.017834 0.018816 0.901914
0.366341 0.542360 0.024916 0.066383
0.231016 0.694687 0.000010 0.074287
0.390837 0.055811 0.553342 0.000010
0.261916 0.007492 0.717557 0.013035
0.304699 0.671565 0.000010 0.023726
0.259767 0.061367 0.652884 0.025982
0.155501 0.014849 0.809390 0.020260
0.059249 0.012058 0.920159 0.008533
0.693734 0.147803 0.144776 0.013686
0.851436 0.077903 0.000010 0.070651
0.354339 0.010161 0.589351 0.046150
0.230199 0.697825 0.000010 0.071966
0.670444 0.116226 0.199630 0.013699
0.276949 0.001466 0.630820 0.090765
0.399900 0.449623 0.000010 0.150467
0.613132 0.130166 0.244118 0.012584
0.000011 0.000010 0.000010 0.999969
0.244918 0.022250 0.673925 0.058906
0.265672 0.000010 0.697145 0.037173
0.282351 0.057156 0.632283 0.028209
0.160373 0.000010 0.819008 0.020609
0.501782 0.028225 0.366593 0.103400
0.580749 0.075283 0.282932 0.061036
0.058969 0.000010 0.941011 0.000010
0.000010 0.000010 0.981411 0.018569
0.661600 0.045534 0.260990 0.031876
0.058708 0.000010 0.791530 0.149752
0.629261 0.095138 0.178536 0.097065
0.112988 0.022434 0.798226 0.066352
0.196453 0.000010 0.757617 0.045919
0.680512 0.168309 0.151168 0.000010
0.070798 0.000010 0.929182 0.000010
0.229837 0.020930 0.391365 0.357868
0.084349 0.000010 0.888940 0.026701
0.168047 0.000010 0.487024 0.344919
0.314009 0.023304 0.646009 0.016677
0.075146 0.000010 0.872879 0.051965
0.215374 0.000010 0.751232 0.033384
0.420476 0.002581 0.221387 0.355555
0.592017 0.026689 0.326372 0.054921
0.768513 0.017624 0.155086 0.058777
0.563839 0.000010 0.221071 0.215080
0.519792 0.001228 0.191444 0.287536
0.557480 0.064331 0.298516 0.079673
0.698544 0.065988 0.157593 0.077874
0.508359 0.011104 0.248611 0.231927
0.781441 0.014411 0.146045 0.058103
0.446683 0.000010 0.533473 0.019835
0.576396 0.000010 0.369299 0.054295
0.646547 0.000010 0.313465 0.039978
0.815878 0.100394 0.000010 0.083718
0.428454 0.431149 0.034906 0.105492
0.366756 0.483993 0.017666 0.131585
0.903829 0.047832 0.000010 0.048329
0.507934 0.003488 0.422036 0.066542
0.562693 0.064417 0.290147 0.082743
0.713738 0.000010 0.220753 0.065499
0.575469 0.210137 0.029906 0.184489
0.611234 0.000010 0.000010 0.388746
0.133273 0.838031 0.000010 0.028686
0.553896 0.047769 0.332283 0.066052
0.027300 0.009598 0.933608 0.029494
0.175297 0.000010 0.813150 0.011543
0.823881 0.071209 0.072673 0.032238
0.757545 0.081081 0.151213 0.010162
0.070946 0.000010 0.927969 0.001075
0.282541 0.000010 0.314501 0.402948
0.445661 0.000010 0.411284 0.143045
0.415534 0.000010 0.511372 0.073084
0.000010 0.971713 0.000010 0.028267
0.279223 0.000010 0.704030 0.016738
0.034162 0.000010 0.947380 0.018448
0.412243 0.014890 0.541993 0.030874
0.243445 0.000010 0.726218 0.030328
0.350159 0.005332 0.580208 0.064301
0.428133 0.055519 0.488564 0.027783
0.884104 0.022283 0.032579 0.061034
0.317130 0.000010 0.672784 0.010076
0.229905 0.000010 0.758408 0.011677
0.245053 0.000010 0.737738 0.017200
0.571088 0.024252 0.354036 0.050623
0.010683 0.015502 0.973523 0.000291
0.681115 0.000010 0.292777 0.026098
0.719712 0.008070 0.207345 0.064873
0.687513 0.020884 0.264027 0.027577
0.698766 0.037205 0.203779 0.060250
0.614847 0.000010 0.385133 0.000010
0.064676 0.000010 0.930176 0.005138
0.157365 0.000010 0.817380 0.025245
0.164329 0.000010 0.834398 0.001263
0.080237 0.000010 0.915079 0.004673
0.648612 0.000010 0.308878 0.042501
0.380188 0.019549 0.119779 0.480483
0.340277 0.007297 0.571734 0.080692
0.254915 0.007321 0.570166 0.167598
0.754325 0.053874 0.185369 0.006433
0.063697 0.000010 0.911446 0.024847
0.687761 0.101541 0.210479 0.000219
0.171935 0.000010 0.809841 0.018214
0.000010 0.000010 0.999970 0.000010
0.238068 0.004511 0.757411 0.000010
0.656897 0.058510 0.214538 0.070055
0.000010 0.000010 0.999970 0.000010
0.821926 0.061880 0.116184 0.000010
0.787301 0.072474 0.139358 0.000866
0.883801 0.012443 0.103747 0.000010
0.829064 0.081927 0.088999 0.000010
0.797109 0.066880 0.136001 0.000010
0.137081 0.007827 0.009544 0.845548
0.353413 0.000010 0.620073 0.026504
0.027063 0.000010 0.953445 0.019482
0.176664 0.000010 0.818048 0.005277
0.232159 0.000010 0.754202 0.013629
0.033492 0.000010 0.966488 0.000010
0.795470 0.067018 0.137502 0.000010
0.034986 0.002734 0.948026 0.014254
0.593164 0.086833 0.285760 0.034244
0.000010 0.000010 0.000010 0.999970
0.847551 0.043354 0.082044 0.027051
0.754856 0.000010 0.207809 0.037325
0.549417 0.028109 0.422464 0.000010
0.773794 0.042703 0.150349 0.033155
0.823061 0.127356 0.044685 0.004898
0.712325 0.060217 0.191390 0.036068
0.842011 0.063626 0.094353 0.000010
0.641928 0.039094 0.287512 0.031466
0.786192 0.000010 0.192386 0.021412
0.141991 0.022557 0.800448 0.035004
0.684768 0.096691 0.207577 0.010964
0.855114 0.023857 0.112733 0.008296
0.722582 0.081031 0.196377 0.000010
0.273104 0.063805 0.645939 0.017152
0.011715 0.000010 0.988265 0.000010
0.822909 0.000010 0.140398 0.036684
0.051749 0.000010 0.026379 0.921862
0.013907 0.032835 0.938588 0.014670
0.006803 0.000010 0.993177 0.000010
0.762054 0.019187 0.199239 0.019520
0.404894 0.052825 0.515337 0.026944
0.658422 0.000010 0.331244 0.010323
0.764833 0.087735 0.121132 0.026300
0.000010 0.000010 0.993346 0.006634
0.000010 0.000010 0.999970 0.000010
0.406204 0.000010 0.581088 0.012698
0.322904 0.000010 0.638655 0.038431
0.000010 0.930909 0.000010 0.069071
0.789067 0.025875 0.164226 0.020831
0.066105 0.000051 0.908471 0.025373
0.000010 0.915271 0.000010 0.084709
0.393015 0.036844 0.095184 0.474957
0.591209 0.000010 0.000010 0.408771
0.282599 0.000010 0.667522 0.049869
0.356145 0.000010 0.605764 0.038081
0.203273 0.000010 0.770484 0.026233
0.481870 0.102253 0.404806 0.011071
0.009398 0.000010 0.970379 0.020214
0.000010 0.000010 0.999970 0.000010
0.666528 0.037640 0.271238 0.024595
0.282739 0.011222 0.700676 0.005363
0.358243 0.000010 0.587851 0.053896
0.487559 0.056862 0.455569 0.000010
0.222086 0.008757 0.746409 0.022749
0.134024 0.009854 0.809209 0.046913
0.157260 0.023217 0.797678 0.021845
0.155488 0.000010 0.828121 0.016381
0.000010 0.000010 0.999970 0.000010
0.048459 0.000010 0.932629 0.018901
0.664403 0.041638 0.267586 0.026373
0.401276 0.055365 0.479349 0.064009
0.810819 0.108927 0.080244 0.000010
0.000010 0.000010 0.987380 0.012600
0.651389 0.036670 0.279293 0.032647
0.268679 0.000010 0.670464 0.060847
0.323765 0.027111 0.607323 0.041801
0.725463 0.058053 0.200889 0.015594
0.206157 0.000010 0.785600 0.008233
0.699222 0.000010 0.288838 0.011930
0.813706 0.050105 0.103476 0.032713
0.700088 0.080811 0.177948 0.041152
0.555631 0.063591 0.378798 0.001980
0.834737 0.029737 0.135516 0.000010
0.732429 0.160185 0.039097 0.068289
0.679185 0.012309 0.275050 0.033456
0.293150 0.019924 0.685107 0.001819
0.056705 0.000010 0.937314 0.005970
0.143227 0.021882 0.823571 0.011321
0.110456 0.000010 0.889524 0.000010
0.824222 0.022276 0.153492 0.000010
0.470515 0.032881 0.460813 0.035792
0.316266 0.041585 0.625375 0.016773
0.055425 0.689511 0.224617 0.030447
0.148792 0.028909 0.822289 0.000010
0.145100 0.000010 0.837220 0.017670
0.000010 0.000010 0.000010 0.999970
0.000010 0.000010 0.000010 0.999970
0.682358 0.049586 0.268046 0.000010
0.678879 0.027972 0.274111 0.019037
0.565082 0.012922 0.409613 0.012382
0.534356 0.029483 0.428861 0.007300
0.000010 0.000010 0.000010 0.999970
0.000010 0.000010 0.000010 0.999970
0.825028 0.021166 0.153797 0.000010
0.838730 0.000010 0.161250 0.000010
0.000010 0.000010 0.000010 0.999970
0.000010 0.000010 0.000010 0.999970
0.000010 0.000010 0.000010 0.999970
0.794904 0.064937 0.140149 0.000010
0.826141 0.047329 0.126520 0.000010
0.498693 0.134815 0.212175 0.154317
0.687597 0.100242 0.178371 0.033791
0.567636 0.243921 0.003686 0.184757
0.747386 0.116426 0.108428 0.027760
0.000010 0.000010 0.000010 0.999970
0.741648 0.090465 0.167878 0.000010
0.689617 0.000010 0.296806 0.013568
0.307520 0.014408 0.141317 0.536756
0.070033 0.000010 0.031960 0.897997
0.778230 0.023374 0.198386 0.000010
0.000010 0.000010 0.000010 0.999970
0.000010 0.000010 0.000010 0.999970
0.000010 0.000010 0.000010 0.999970
0.000010 0.000010 0.000010 0.999970
0.000010 0.000010 0.000010 0.999970
0.293417 0.016052 0.690521 0.000010
0.219306 0.017264 0.634725 0.128705
0.235182 0.000010 0.619787 0.145022
0.000010 0.000010 0.000010 0.999970
0.484368 0.000010 0.000010 0.515612
0.385699 0.056227 0.487617 0.070456
0.130037 0.000010 0.860294 0.009659
0.345170 0.000010 0.604020 0.050800
0.589294 0.041635 0.369061 0.000010
0.619424 0.019718 0.343977 0.016882
0.222707 0.000010 0.765805 0.011477
0.648761 0.022744 0.328485 0.000010
0.528068 0.006258 0.403824 0.061850
0.176715 0.000010 0.788212 0.035063
0.237324 0.013404 0.689335 0.059937
0.530940 0.020896 0.448154 0.000010
0.194917 0.044699 0.739766 0.020617
0.519225 0.000010 0.406402 0.074363
0.650825 0.255875 0.000010 0.093290
0.591048 0.113154 0.261384 0.034413
0.429050 0.041764 0.492512 0.036674
0.467735 0.000010 0.514666 0.017588
0.090755 0.015539 0.891346 0.002360
0.405851 0.486096 0.050157 0.057896
0.638644 0.142433 0.058498 0.160425
0.267901 0.013834 0.693355 0.024910
0.238913 0.000010 0.758430 0.002647
0.067341 0.001120 0.541036 0.390503
0.355917 0.045085 0.585640 0.013358
0.169276 0.064329 0.020092 0.746304
0.401591 0.015759 0.542779 0.039871
0.771327 0.080932 0.056389 0.091352
0.113307 0.000010 0.886673 0.000010
0.000010 0.000010 0.996056 0.003924
0.107599 0.009581 0.882809 0.000010
0.184411 0.000010 0.815569 0.000010
0.182862 0.762886 0.037209 0.017043
0.924995 0.000010 0.074985 0.000010
0.884642 0.053265 0.000010 0.062083
0.747795 0.000010 0.232161 0.020034
0.466654 0.000010 0.505278 0.028058
0.795023 0.035748 0.169220 0.000010
0.597600 0.017324 0.385066 0.000010
0.750187 0.009442 0.225240 0.015131
0.865534 0.078835 0.000010 0.055621
0.125724 0.000010 0.874256 0.000010
0.070810 0.039438 0.889742 0.000010
0.810963 0.000010 0.163689 0.025339
0.048756 0.000010 0.951136 0.000097
0.761820 0.051295 0.159385 0.027499
0.233164 0.721218 0.022001 0.023616
0.797532 0.003312 0.196651 0.002504
0.000010 0.999970 0.000010 0.000010
0.405210 0.560248 0.000010 0.034532
0.524751 0.042846 0.026412 0.405991
0.078747 0.871841 0.000010 0.049403
0.000011 0.000010 0.000010 0.999969
0.262684 0.000010 0.737296 0.000010
0.798621 0.067650 0.125106 0.008623
0.698805 0.065348 0.210021 0.025826
0.055137 0.000010 0.047704 0.897149
0.466565 0.042554 0.449884 0.040996
0.615410 0.171527 0.106065 0.106999
0.845176 0.031494 0.106547 0.016783
0.780077 0.000010 0.182586 0.037327
0.725927 0.000010 0.235464 0.038599
0.555555 0.026485 0.340483 0.077477
0.746524 0.034851 0.194207 0.024419
0.174785 0.051153 0.002261 0.771800
0.178533 0.063051 0.038191 0.720225
0.146037 0.018203 0.000010 0.835750
0.810124 0.045369 0.094526 0.049981
0.902464 0.041157 0.000010 0.056369
0.342552 0.652340 0.005097 0.000010
0.681594 0.232554 0.042049 0.043802
0.000010 0.000010 0.999970 0.000010
0.060288 0.000010 0.795763 0.143939
0.403762 0.011239 0.577155 0.007844
0.235468 0.022190 0.655731 0.086611
0.794933 0.020525 0.170752 0.013791
0.053929 0.000010 0.946051 0.000010
0.039486 0.009585 0.942471 0.008458
0.200591 0.067760 0.021901 0.709749
0.193225 0.012469 0.018260 0.776046
0.000010 0.010113 0.989867 0.000010
0.657437 0.054155 0.237197 0.051211
0.112371 0.014227 0.847524 0.025877
0.289952 0.000010 0.671080 0.038958
0.751326 0.000010 0.215692 0.032972
0.094829 0.000010 0.022282 0.882879
0.212984 0.000010 0.433535 0.353471
0.559951 0.168489 0.037640 0.233920
0.181295 0.031219 0.722331 0.065155
0.533964 0.059376 0.385146 0.021514
0.270408 0.004902 0.669609 0.055082
0.065723 0.000010 0.032237 0.902030
0.093877 0.000010 0.906103 0.000010
0.271204 0.033120 0.660745 0.034931
0.480608 0.000010 0.474136 0.045246
0.292339 0.035007 0.660989 0.011665
0.389729 0.478536 0.041392 0.090343
0.903596 0.050968 0.000010 0.045426
0.364434 0.510465 0.022485 0.102616
0.628040 0.160385 0.186655 0.024920
0.602078 0.127388 0.243846 0.026688
0.054019 0.796769 0.035721 0.113492
0.076049 0.801663 0.000010 0.122278
0.794797 0.049227 0.133074 0.022902
0.045656 0.831641 0.000010 0.122693
0.477126 0.397569 0.099261 0.026045
0.372754 0.604909 0.000010 0.022326
0.826889 0.000322 0.145367 0.027422
0.787651 0.000865 0.186898 0.024585
0.804320 0.000010 0.185355 0.010315
0.759129 0.000010 0.220087 0.020773
0.772643 0.015398 0.200817 0.011141
0.779365 0.011770 0.184001 0.024864
0.796440 0.000010 0.156448 0.047102
0.841916 0.000010 0.158064 0.000010
0.810930 0.000010 0.189050 0.000010
0.132459 0.832807 0.000010 0.034723
0.112508 0.858316 0.009357 0.019818
0.057000 0.839230 0.000010 0.103761
0.000010 0.000010 0.999970 0.000010
0.050861 0.796284 0.000010 0.152845
0.600903 0.008733 0.304038 0.086326
0.083161 0.779369 0.030972 0.106498
0.074663 0.872384 0.000010 0.052943
0.102636 0.885216 0.000010 0.012138
0.156145 0.824464 0.000010 0.019380
0.036661 0.895951 0.010217 0.057172
0.085894 0.862132 0.040963 0.011011
0.000010 0.993370 0.006610 0.000010
0.120202 0.014597 0.845730 0.019472
0.607033 0.080663 0.287182 0.025121
0.847474 0.000010 0.148960 0.003555
0.039376 0.932756 0.000010 0.027858
0.000010 0.000010 0.999970 0.000010
0.831241 0.000010 0.161925 0.006823
0.852375 0.000010 0.134494 0.013121
0.000010 0.000010 0.999970 0.000010
0.737787 0.060157 0.168623 0.033434
0.000010 0.959376 0.040604 0.000010
0.802432 0.000010 0.150435 0.047123
0.808267 0.000010 0.178584 0.013139
0.765229 0.012320 0.193742 0.028709
0.000010 0.997453 0.002527 0.000010
0.663538 0.051145 0.248983 0.036335
0.204854 0.034133 0.652390 0.108624
0.292180 0.676161 0.000010 0.031649
0.273544 0.706768 0.000010 0.019678
0.352662 0.627665 0.009713 0.009960
0.000010 0.000010 0.000010 0.999970
0.063924 0.011377 0.012730 0.911969
0.000010 0.972003 0.000010 0.027977
0.119449 0.806629 0.001255 0.072667
0.000010 0.999970 0.000010 0.000010
0.000010 0.986299 0.000010 0.013681
0.000010 0.999970 0.000010 0.000010
0.000010 0.999970 0.000010 0.000010
0.000010 0.990102 0.000010 0.009878
0.046921 0.837652 0.056368 0.059058
0.324316 0.638946 0.000010 0.036728
0.310283 0.648052 0.025322 0.016343
0.066157 0.929929 0.000010 0.003904
0.302271 0.674584 0.023135 0.000010
0.688633 0.079455 0.065570 0.166342
0.257591 0.045311 0.697088 0.000010
0.787702 0.041002 0.152641 0.018655
0.780612 0.000010 0.178715 0.040663
0.793735 0.000010 0.174843 0.031412
0.323756 0.500616 0.046520 0.129109
0.591380 0.162332 0.042795 0.203494
0.486725 0.046438 0.409350 0.057488
0.718663 0.006293 0.215132 0.059912
0.426836 0.456939 0.019841 0.096384
0.088409 0.000010 0.888513 0.023068
0.000010 0.999970 0.000010 0.000010
0.088025 0.804257 0.029803 0.077914
0.001594 0.985193 0.000010 0.013203
0.796214 0.000010 0.174448 0.029328
0.072485 0.881927 0.000010 0.045578
0.000010 0.979840 0.010979 0.009171
0.000010 0.949592 0.037262 0.013136
0.000010 0.966193 0.033787 0.000010
0.000010 0.998071 0.001909 0.000010
0.000010 0.989496 0.000010 0.010484
0.446136 0.134362 0.328379 0.091123
0.649242 0.094354 0.242653 0.013751
0.372849 0.449067 0.082037 0.096048
0.311822 0.511773 0.082204 0.094202
0.655441 0.090829 0.234483 0.019247
0.254750 0.000010 0.743402 0.001837
0.065241 0.045633 0.828337 0.060789
0.000010 0.021394 0.964289 0.014308
0.000010 0.999970 0.000010 0.000010
0.095113 0.002162 0.844413 0.058311
0.000010 0.991119 0.000010 0.008861
0.000010 0.999970 0.000010 0.000010
0.032229 0.930490 0.007757 0.029524
0.003514 0.954860 0.039035 0.002592
0.000010 0.991308 0.000010 0.008672
0.000010 0.975976 0.000010 0.024004
0.582241 0.020254 0.339015 0.058491
0.561235 0.005975 0.362463 0.070327
0.564277 0.264994 0.124991 0.045738
0.506728 0.087672 0.000010 0.405590
0.290041 0.116636 0.000010 0.593313
0.336507 0.100159 0.000010 0.563324
0.238212 0.064705 0.672539 0.024543
0.000010 0.965762 0.012797 0.021431
0.000010 0.999970 0.000010 0.000010
0.000010 0.999970 0.000010 0.000010
0.462126 0.089662 0.002034 0.446179
0.420703 0.069890 0.017332 0.492075
0.553047 0.041760 0.334707 0.070486
0.654873 0.000010 0.279537 0.065580
0.336921 0.107062 0.000010 0.556007
0.508122 0.038290 0.376714 0.076874
0.420683 0.000010 0.245395 0.333912
0.396894 0.130235 0.027511 0.445360
0.401848 0.039410 0.158302 0.400440
0.578246 0.009149 0.335888 0.076717
0.604517 0.000010 0.338285 0.057188
0.770642 0.003021 0.180800 0.045537
0.210368 0.700185 0.035272 0.054176
0.000010 0.999970 0.000010 0.000010
0.197537 0.779530 0.002618 0.020315
0.170082 0.824361 0.000010 0.005547
0.539013 0.063309 0.379522 0.018155
0.520833 0.036877 0.380487 0.061803
0.228410 0.052136 0.686437 0.033017
0.663037 0.100498 0.189238 0.047227
0.000010 0.000010 0.000010 0.999970
0.000010 0.477421 0.078085 0.444484
0.664299 0.002541 0.333082 0.000077
0.618921 0.047711 0.323091 0.010277
0.388410 0.489563 0.085656 0.036372
0.650145 0.143436 0.174568 0.031850
0.161164 0.047262 0.047283 0.744290
0.864529 0.000010 0.129400 0.006061
0.754528 0.033381 0.160658 0.051432
0.768805 0.039558 0.177741 0.013895
0.047228 0.000010 0.952377 0.000386
0.000010 0.020934 0.979046 0.000010
0.123441 0.000010 0.840608 0.035941
0.000010 0.000010 0.000010 0.999970
0.000010 0.000010 0.000010 0.999970
0.136983 0.801660 0.000010 0.061347
0.092377 0.767149 0.000141 0.140333
0.198290 0.574880 0.000010 0.226820
0.000010 0.000010 0.999970 0.000010
0.245835 0.696236 0.000010 0.057919
0.219405 0.682806 0.000010 0.097778
0.199073 0.712756 0.000010 0.088162
0.300481 0.679790 0.000010 0.019719
0.863115 0.001516 0.084209 0.051160
0.600635 0.206420 0.012142 0.180803
0.596509 0.278019 0.047590 0.077883
0.417072 0.456972 0.067272 0.058684
0.736400 0.062440 0.070561 0.130598
0.440169 0.476795 0.043673 0.039364
0.134149 0.021430 0.844411 0.000010
0.000010 0.999970 0.000010 0.000010
0.000010 0.999970 0.000010 0.000010
0.741781 0.021333 0.150337 0.086549
0.786865 0.038876 0.107099 0.067159
0.000010 0.999970 0.000010 0.000010
0.509891 0.000010 0.443206 0.046893
0.642168 0.040433 0.284626 0.032773
0.000010 0.999970 0.000010 0.000010
0.352564 0.509600 0.073201 0.064635
0.765614 0.000010 0.175400 0.058976
0.495490 0.144550 0.020728 0.339233
0.296619 0.023549 0.624335 0.055497
0.210288 0.000010 0.000010 0.789692
0.649235 0.000010 0.274413 0.076342
0.343550 0.513481 0.065704 0.077265
0.737532 0.059491 0.179907 0.023071
0.159476 0.000010 0.840504 0.000010
0.107506 0.004986 0.875236 0.012272
0.623095 0.055581 0.279743 0.041582
0.000010 0.000010 0.999970 0.000010
0.282058 0.000010 0.690271 0.027660
0.687950 0.046958 0.230102 0.034990
0.642389 0.047597 0.273630 0.036384
0.497004 0.298244 0.064570 0.140182
0.140500 0.000010 0.832026 0.027464
0.758289 0.034129 0.207572 0.000010
0.068857 0.000010 0.926192 0.004940
0.112782 0.002964 0.881615 0.002639
0.410938 0.480259 0.055642 0.053161
0.000010 0.999970 0.000010 0.000010
0.376294 0.503094 0.046392 0.074220
0.376780 0.478515 0.051180 0.093525
0.000010 0.921187 0.000010 0.078793
0.000010 0.959867 0.000010 0.040113
0.627245 0.296375 0.019508 0.056872
0.489980 0.358163 0.076443 0.075414
0.183365 0.016726 0.039447 0.760462
0.000010 0.999970 0.000010 0.000010
0.000010 0.999970 0.000010 0.000010
0.000010 0.000010 0.985640 0.014340
0.585424 0.210734 0.111750 0.092092
0.535476 0.269209 0.080390 0.114924
0.531267 0.274008 0.079666 0.115059
0.107325 0.000010 0.874789 0.017876
0.000010 0.999970 0.000010 0.000010
0.000010 0.999970 0.000010 0.000010
0.884836 0.064401 0.000010 0.050753
0.000010 0.999970 0.000010 0.000010
0.000010 0.993868 0.000010 0.006112
0.000010 0.954560 0.043137 0.002294
0.012120 0.987860 0.000010 0.000010
0.213047 0.031147 0.742056 0.013750
0.081516 0.043063 0.875194 0.000227
