0.430918 0.000010 0.000010 0.000010 0.024899 0.026333 0.000010 0.075400 0.442391 0.000010 0.000010
0.229122 0.000010 0.000280 0.017941 0.000010 0.062216 0.000010 0.036152 0.602431 0.012005 0.039822
0.408141 0.037403 0.050236 0.000010 0.041470 0.000010 0.043249 0.000010 0.401546 0.017915 0.000010
0.000010 0.026141 0.029942 0.000010 0.000010 0.000010 0.000010 0.891266 0.022673 0.008518 0.021410
0.276871 0.076167 0.000010 0.020217 0.004889 0.097489 0.012764 0.000010 0.503749 0.000010 0.007825
0.742536 0.032188 0.021901 0.000010 0.008019 0.000016 0.000010 0.018612 0.156958 0.000010 0.019740
0.251492 0.000010 0.033326 0.000010 0.249380 0.003036 0.000010 0.396442 0.038306 0.000010 0.027978
0.900227 0.000010 0.000010 0.045549 0.000010 0.000010 0.000010 0.013243 0.000010 0.000010 0.040911
0.107020 0.003796 0.016321 0.067781 0.000010 0.019012 0.000010 0.067049 0.700710 0.000010 0.018283
0.865814 0.000010 0.000010 0.054859 0.000010 0.000010 0.000010 0.016029 0.063228 0.000010 0.000010
0.685642 0.000010 0.000010 0.070654 0.000010 0.006358 0.000010 0.004632 0.224740 0.000010 0.007924
0.388074 0.032741 0.000288 0.000010 0.000064 0.000010 0.030542 0.004089 0.496900 0.000010 0.047272
0.000010 0.120207 0.179397 0.093572 0.032371 0.000010 0.020503 0.061509 0.441625 0.000010 0.050787
0.000010 0.051703 0.060072 0.027212 0.042375 0.000010 0.000010 0.462227 0.323068 0.000010 0.033303
0.922820 0.013683 0.000010 0.017113 0.000010 0.000010 0.000010 0.010078 0.017039 0.019217 0.000010
0.357987 0.025054 0.046119 0.019163 0.032495 0.001222 0.024193 0.004640 0.439053 0.036519 0.013555
0.697733 0.000010 0.016042 0.026328 0.020040 0.033430 0.000010 0.013600 0.188764 0.000010 0.004035
0.440932 0.000010 0.032876 0.000010 0.188812 0.000010 0.000010 0.263059 0.028808 0.000010 0.045463
0.275534 0.000010 0.023295 0.655560 0.000010 0.000010 0.000010 0.000010 0.000010 0.000010 0.045542
0.000010 0.000010 0.000010 0.000010 0.000010 0.050837 0.050294 0.000010 0.000010 0.889022 0.009776
0.012782 0.000010 0.001235 0.000010 0.000010 0.000010 0.000010 0.009125 0.000010 0.963254 0.013543
0.000010 0.000010 0.000010 0.000010 0.000010 0.000010 0.000010 0.000010 0.000010 0.999900 0.000010
0.014996 0.000010 0.008204 0.000010 0.000010 0.006366 0.011117 0.000010 0.000010 0.917482 0.041785
0.021787 0.022202 0.078032 0.015334 0.020830 0.023557 0.000010 0.693988 0.068365 0.055885 0.000010
0.000010 0.000010 0.000010 0.997781 0.000010 0.000010 0.000010 0.002129 0.000010 0.000010 0.000010
0.000010 0.000010 0.012260 0.000010 0.000010 0.006908 0.039009 0.000010 0.001449 0.940313 0.000010
0.096902 0.000010 0.029140 0.000010 0.039395 0.081771 0.037968 0.025204 0.642236 0.009432 0.037931
0.000010 0.000010 0.000010 0.000010 0.000010 0.000807 0.010355 0.018621 0.000010 0.970147 0.000010
0.090355 0.000010 0.054124 0.099801 0.026799 0.045546 0.000010 0.012434 0.661336 0.009575 0.000010
0.073725 0.000010 0.040110 0.062630 0.000010 0.001820 0.000010 0.064370 0.728534 0.028772 0.000010
0.005484 0.000010 0.000010 0.122389 0.000010 0.013924 0.000010 0.007360 0.841477 0.004410 0.004915
0.079564 0.000010 0.082979 0.076260 0.000010 0.030891 0.018524 0.003415 0.708327 0.000010 0.000010
0.018223 0.128792 0.246312 0.033533 0.040827 0.087573 0.060444 0.072906 0.299849 0.000010 0.011530
0.000010 0.074890 0.159825 0.172909 0.000010 0.063462 0.000010 0.000010 0.494923 0.000010 0.033941
0.177659 0.000010 0.000010 0.033087 0.050043 0.040212 0.027210 0.001912 0.358647 0.003110 0.308100
0.290302 0.019198 0.067094 0.000010 0.000010 0.000010 0.008076 0.342770 0.244580 0.007134 0.020815
0.325582 0.062524 0.020457 0.018513 0.000010 0.000010 0.000010 0.428571 0.144303 0.000010 0.000010
0.000010 0.000010 0.000010 0.000010 0.000010 0.004717 0.995193 0.000010 0.000010 0.000010 0.000010
0.003882 0.010934 0.063429 0.098167 0.000010 0.000010 0.000010 0.024310 0.712349 0.000010 0.086889
0.028425 0.060785 0.012577 0.045331 0.000010 0.046018 0.011988 0.029034 0.755719 0.000010 0.010103
0.999900 0.000010 0.000010 0.000010 0.000010 0.000010 0.000010 0.000010 0.000010 0.000010 0.000010
0.169009 0.031421 0.043192 0.121718 0.050732 0.018969 0.000010 0.020202 0.515427 0.020846 0.008475
0.716967 0.014837 0.050812 0.000010 0.028747 0.000010 0.000010 0.000010 0.159844 0.021152 0.007601
0.795340 0.000010 0.013327 0.000010 0.026480 0.000010 0.017355 0.017716 0.119348 0.000010 0.010393
0.000010 0.345244 0.044394 0.140752 0.000010 0.000010 0.000010 0.000010 0.469540 0.000010 0.000010
0.000010 0.002499 0.000010 0.004182 0.000010 0.019630 0.312555 0.000010 0.000010 0.661074 0.000010
0.000010 0.000010 0.000010 0.000346 0.000010 0.012674 0.282193 0.000010 0.023776 0.667501 0.013460
0.000010 0.036984 0.162105 0.011238 0.000010 0.129453 0.193680 0.000010 0.184278 0.254102 0.028130
0.027572 0.183101 0.137991 0.093443 0.048618 0.044089 0.021262 0.000010 0.388127 0.024129 0.031659
0.033785 0.155906 0.095126 0.086368 0.000010 0.025880 0.000010 0.038880 0.484140 0.048523 0.031371
0.000010 0.675129 0.000010 0.000010 0.324781 0.000010 0.000010 0.000010 0.000010 0.000010 0.000010
0.000010 0.120501 0.102726 0.162493 0.072133 0.108208 0.028136 0.000010 0.368834 0.027991 0.008958
0.000010 0.495525 0.000010 0.000010 0.504385 0.000010 0.000010 0.000010 0.000010 0.000010 0.000010
0.064225 0.147612 0.124750 0.096006 0.000010 0.038181 0.032987 0.000010 0.449914 0.000010 0.046295
0.000010 0.175160 0.139996 0.164382 0.028543 0.000010 0.052903 0.000010 0.425325 0.009450 0.004213
0.000010 0.000010 0.000010 0.000010 0.000010 0.000010 0.000010 0.000010 0.000010 0.000010 0.999900
0.871910 0.000010 0.000010 0.000617 0.000810 0.032696 0.029750 0.013115 0.004611 0.004750 0.041721
0.000010 0.017547 0.083171 0.079348 0.019833 0.000010 0.000010 0.041422 0.717978 0.000010 0.040662
0.003891 0.043725 0.024940 0.101952 0.071150 0.000010 0.000010 0.033082 0.706706 0.000010 0.014524
0.664828 0.012861 0.011065 0.023239 0.169105 0.000010 0.000010 0.035050 0.067026 0.000010 0.016795
0.000010 0.037440 0.000010 0.025236 0.025244 0.000010 0.029429 0.000309 0.881664 0.000010 0.000638
0.093353 0.000010 0.064917 0.038293 0.021857 0.000010 0.000010 0.029098 0.710706 0.000010 0.041735
0.433690 0.030306 0.000010 0.098757 0.022847 0.000010 0.000010 0.010630 0.321146 0.048378 0.034217
0.041415 0.000010 0.073606 0.000010 0.000010 0.000010 0.019995 0.017017 0.831746 0.000010 0.016172
0.055022 0.039929 0.055927 0.092411 0.047309 0.039220 0.017104 0.021529 0.591216 0.000010 0.040323
0.207390 0.194827 0.011305 0.067959 0.039999 0.000010 0.046490 0.224539 0.102152 0.011029 0.094300
0.000010 0.000010 0.189855 0.000010 0.000010 0.000010 0.572371 0.237694 0.000010 0.000010 0.000010
0.000010 0.016822 0.027870 0.000010 0.011657 0.050749 0.028806 0.682252 0.141711 0.000010 0.040103
0.861933 0.000010 0.016337 0.009119 0.040170 0.002265 0.020150 0.010300 0.000010 0.007601 0.032105
0.000010 0.094215 0.158853 0.177010 0.043715 0.030993 0.000010 0.000010 0.463317 0.000010 0.031857
0.087622 0.146393 0.141724 0.125603 0.000010 0.036160 0.000010 0.008291 0.411281 0.042897 0.000010
0.079665 0.249329 0.094221 0.204482 0.000010 0.018928 0.000016 0.000010 0.290855 0.023005 0.039477
0.108151 0.000010 0.033957 0.000010 0.048778 0.044002 0.000010 0.000010 0.607399 0.000010 0.157663
0.102203 0.029926 0.039129 0.013179 0.047490 0.001109 0.017608 0.019857 0.714637 0.000010 0.014851
0.109693 0.000010 0.041529 0.061833 0.041735 0.000010 0.000010 0.028860 0.596721 0.000010 0.119589
0.021169 0.035161 0.046263 0.066208 0.000010 0.038243 0.031603 0.000010 0.723911 0.000010 0.037413
0.023399 0.041354 0.000010 0.047492 0.006313 0.000010 0.002107 0.033886 0.793586 0.007862 0.043981
0.063502 0.055777 0.039467 0.094677 0.000010 0.000010 0.042299 0.000010 0.636414 0.026447 0.041388
0.000010 0.000010 0.000010 0.000010 0.000010 0.000010 0.999900 0.000010 0.000010 0.000010 0.000010
0.083596 0.015218 0.049542 0.051781 0.025998 0.025336 0.000010 0.024324 0.724175 0.000010 0.000010
0.024857 0.077907 0.000010 0.054786 0.027233 0.000010 0.016776 0.025918 0.718742 0.012254 0.041508
0.706312 0.002362 0.019288 0.000010 0.000010 0.000010 0.013725 0.032682 0.215792 0.008271 0.001538
0.700810 0.020113 0.003382 0.013281 0.013335 0.009808 0.003948 0.033059 0.157275 0.000010 0.044978
0.050172 0.000010 0.000010 0.000010 0.030574 0.053832 0.000010 0.000010 0.131774 0.000010 0.733588
0.714024 0.000010 0.001352 0.000010 0.166675 0.000010 0.000010 0.053885 0.064005 0.000010 0.000010
0.000010 0.000010 0.000010 0.000010 0.000010 0.000010 0.999900 0.000010 0.000010 0.000010 0.000010
0.000925 0.103599 0.000940 0.000010 0.000010 0.099528 0.004806 0.000010 0.058217 0.717016 0.014939
0.667328 0.003420 0.018255 0.030550 0.000010 0.000010 0.000010 0.029010 0.170164 0.010747 0.070497
0.202626 0.101529 0.129458 0.000010 0.000010 0.000010 0.000010 0.003808 0.455012 0.024687 0.082840
0.000010 0.034952 0.015237 0.000010 0.000010 0.047316 0.057553 0.017994 0.037454 0.789454 0.000010
0.004149 0.007489 0.000010 0.000017 0.000010 0.020812 0.030668 0.022544 0.057419 0.808833 0.048049
0.009692 0.041287 0.035505 0.000010 0.000010 0.088992 0.013953 0.000010 0.083499 0.727032 0.000010
0.000010 0.011292 0.000010 0.006137 0.000010 0.030275 0.079241 0.000010 0.074082 0.786667 0.012266
0.000010 0.064240 0.000010 0.011139 0.000010 0.073953 0.024365 0.000010 0.054228 0.767910 0.004125
0.158738 0.015441 0.054223 0.009908 0.075116 0.000010 0.014971 0.022947 0.339898 0.283672 0.025076
0.012187 0.482429 0.101914 0.100175 0.000010 0.048080 0.000010 0.000010 0.253738 0.000010 0.001437
0.025643 0.432377 0.118825 0.047077 0.000010 0.000010 0.000010 0.000010 0.345486 0.030543 0.000010
0.400933 0.023689 0.056659 0.000010 0.028639 0.049006 0.000010 0.003824 0.411327 0.000010 0.025892
0.824818 0.000010 0.000010 0.000010 0.068415 0.000010 0.025074 0.055798 0.000010 0.025835 0.000010
0.004701 0.524042 0.097427 0.064847 0.000010 0.029695 0.021856 0.000010 0.257391 0.000010 0.000010
0.061526 0.018279 0.000010 0.000010 0.000010 0.024817 0.000010 0.028084 0.764413 0.000010 0.102831
0.000010 0.422105 0.082856 0.088483 0.000010 0.000010 0.000010 0.003161 0.328847 0.074498 0.000010
0.229154 0.030203 0.000010 0.021589 0.053461 0.000010 0.000010 0.013153 0.579780 0.000010 0.072620
0.000010 0.000010 0.000010 0.000010 0.000010 0.000010 0.000010 0.999900 0.000010 0.000010 0.000010
0.780553 0.032609 0.000010 0.059969 0.000010 0.000010 0.000010 0.010620 0.116189 0.000010 0.000010
0.010948 0.271328 0.093123 0.043710 0.000010 0.025221 0.000010 0.410795 0.109314 0.007400 0.028143
0.618239 0.071454 0.000010 0.000010 0.000010 0.000010 0.000010 0.046807 0.253706 0.000010 0.009733
0.091694 0.040270 0.013691 0.000010 0.010302 0.002738 0.026067 0.052171 0.652540 0.000010 0.110506
0.264943 0.019860 0.007821 0.014259 0.030904 0.046816 0.000010 0.024382 0.527627 0.000010 0.063367
0.846723 0.000010 0.000010 0.000010 0.019507 0.029601 0.001781 0.000010 0.096099 0.000010 0.006240
0.012253 0.510861 0.040644 0.105184 0.071569 0.057799 0.042998 0.000010 0.155064 0.003608 0.000010
0.557555 0.001077 0.000010 0.022419 0.095916 0.017084 0.000010 0.000010 0.277523 0.000010 0.028386
0.748434 0.003123 0.000010 0.012308 0.065179 0.000010 0.000010 0.000367 0.143753 0.000010 0.026797
0.899159 0.000010 0.000010 0.022641 0.000010 0.000010 0.000010 0.018957 0.059173 0.000010 0.000010
0.150033 0.031192 0.013922 0.000010 0.052352 0.000010 0.015215 0.000010 0.657415 0.000010 0.079831
0.586047 0.066777 0.039874 0.005091 0.000010 0.000010 0.000010 0.033037 0.234175 0.028306 0.006663
0.000010 0.000010 0.000010 0.000011 0.000016 0.000010 0.000010 0.999892 0.000010 0.000010 0.000010
0.000010 0.000010 0.000010 0.000014 0.000010 0.000010 0.000010 0.999896 0.000010 0.000010 0.000010
0.819237 0.000010 0.000010 0.000010 0.000010 0.004298 0.007729 0.006645 0.124223 0.006178 0.031650
0.000010 0.000010 0.000010 0.000010 0.000010 0.000010 0.000010 0.999900 0.000010 0.000010 0.000010
0.760168 0.000010 0.027029 0.035115 0.115050 0.009974 0.017615 0.001069 0.020703 0.013256 0.000010
0.999900 0.000010 0.000010 0.000010 0.000010 0.000010 0.000010 0.000010 0.000010 0.000010 0.000010
0.000010 0.000010 0.000010 0.000010 0.000010 0.000010 0.000010 0.999900 0.000010 0.000010 0.000010
0.000010 0.000010 0.000010 0.000010 0.000010 0.000010 0.000010 0.999900 0.000010 0.000010 0.000010
0.000010 0.000010 0.000010 0.000010 0.000010 0.000010 0.000010 0.999900 0.000010 0.000010 0.000010
0.000010 0.000010 0.012213 0.000010 0.000010 0.000010 0.000010 0.987697 0.000010 0.000010 0.000010
0.000010 0.000010 0.007668 0.000010 0.000010 0.033382 0.028905 0.849643 0.080343 0.000010 0.000010
0.193905 0.022480 0.025862 0.008481 0.009385 0.000315 0.000010 0.039062 0.611907 0.053914 0.034679
0.160009 0.000010 0.000010 0.039506 0.036558 0.021690 0.011927 0.056184 0.647643 0.000010 0.026453
0.000010 0.000010 0.000010 0.000010 0.000010 0.000010 0.000010 0.999900 0.000010 0.000010 0.000010
0.425815 0.000010 0.041526 0.000010 0.234117 0.000010 0.029982 0.146011 0.113851 0.000010 0.008658
0.744281 0.000010 0.000010 0.020140 0.005050 0.000010 0.007126 0.029432 0.120550 0.014814 0.058577
0.000010 0.000010 0.000010 0.000010 0.000010 0.000010 0.000010 0.999900 0.000010 0.000010 0.000010
0.000010 0.015413 0.021037 0.000010 0.009022 0.000838 0.000010 0.938879 0.000010 0.000010 0.014762
0.000010 0.000010 0.000010 0.000010 0.000010 0.000010 0.000010 0.999900 0.000010 0.000010 0.000010
0.128354 0.000010 0.047347 0.017371 0.090633 0.039850 0.053779 0.012408 0.373716 0.000010 0.236521
0.194461 0.000010 0.000010 0.000010 0.000010 0.000010 0.000010 0.057758 0.679022 0.000010 0.068689
0.186974 0.011454 0.000010 0.005415 0.000010 0.044277 0.000010 0.031106 0.665010 0.000010 0.055724
0.079533 0.000010 0.000010 0.008442 0.000010 0.000010 0.005860 0.048647 0.776707 0.023208 0.057562
0.034627 0.013643 0.019825 0.042351 0.000010 0.000010 0.000010 0.889493 0.000010 0.000010 0.000010
0.041102 0.000010 0.073544 0.000010 0.000010 0.000010 0.192593 0.405708 0.000010 0.286994 0.000010
0.000010 0.000010 0.000010 0.000010 0.000010 0.000010 0.000010 0.999900 0.000010 0.000010 0.000010
0.000010 0.000010 0.000010 0.000010 0.000010 0.000010 0.000010 0.999900 0.000010 0.000010 0.000010
0.000010 0.000010 0.000010 0.000010 0.000010 0.000010 0.000010 0.999900 0.000010 0.000010 0.000010
0.000010 0.000010 0.000010 0.000010 0.000010 0.000010 0.000010 0.999900 0.000010 0.000010 0.000010
0.000010 0.000010 0.000010 0.000010 0.000010 0.000010 0.000010 0.999900 0.000010 0.000010 0.000010
0.000010 0.000010 0.000010 0.000010 0.000010 0.000010 0.000010 0.999900 0.000010 0.000010 0.000010
0.236861 0.000010 0.002429 0.025341 0.000010 0.039636 0.060718 0.033567 0.291097 0.000010 0.310321
0.000010 0.000010 0.000010 0.000010 0.000010 0.000010 0.000010 0.999900 0.000010 0.000010 0.000010
0.000010 0.016580 0.008281 0.000010 0.034915 0.053096 0.010618 0.876460 0.000010 0.000010 0.000010
0.888386 0.000010 0.000010 0.000010 0.007785 0.000010 0.015685 0.000010 0.083044 0.000010 0.005041
0.000010 0.044430 0.048569 0.009846 0.004846 0.011339 0.000010 0.818901 0.000010 0.027876 0.034164
0.099052 0.000010 0.075933 0.048648 0.201601 0.000010 0.000010 0.503077 0.010638 0.000010 0.061012
0.000010 0.000010 0.000010 0.000010 0.000010 0.000010 0.000010 0.999900 0.000010 0.000010 0.000010
0.000012 0.000011 0.000010 0.000010 0.000010 0.000010 0.000010 0.999897 0.000010 0.000010 0.000010
0.000010 0.000010 0.000010 0.000010 0.000010 0.000010 0.000010 0.999900 0.000010 0.000010 0.000010
0.000010 0.000010 0.000010 0.000010 0.000010 0.000010 0.000010 0.999900 0.000010 0.000010 0.000010
0.000010 0.000010 0.000010 0.000010 0.000010 0.002038 0.000010 0.975348 0.000010 0.000010 0.022535
0.000010 0.000010 0.000010 0.000010 0.000010 0.000010 0.000010 0.999900 0.000010 0.000010 0.000010
0.000010 0.000010 0.000010 0.000010 0.000010 0.000010 0.000010 0.000010 0.000010 0.000010 0.999900
0.000010 0.000010 0.000010 0.000010 0.000010 0.999900 0.000010 0.000010 0.000010 0.000010 0.000010
0.000010 0.000010 0.000010 0.000010 0.000010 0.999900 0.000010 0.000010 0.000010 0.000010 0.000010
0.000010 0.000010 0.000010 0.000010 0.000012 0.999898 0.000010 0.000010 0.000010 0.000010 0.000010
0.000010 0.000010 0.000010 0.000010 0.000010 0.000010 0.000010 0.999900 0.000010 0.000010 0.000010
0.000010 0.000010 0.000010 0.000010 0.000010 0.000010 0.000010 0.999900 0.000010 0.000010 0.000010
0.000010 0.000010 0.000010 0.000010 0.000010 0.999900 0.000010 0.000010 0.000010 0.000010 0.000010
0.011634 0.000010 0.000010 0.000010 0.000010 0.988276 0.000010 0.000010 0.000010 0.000010 0.000010
0.000010 0.000010 0.000010 0.000010 0.000010 0.999899 0.000010 0.000010 0.000010 0.000010 0.000010
0.000010 0.000010 0.000010 0.000010 0.000010 0.000010 0.000010 0.999900 0.000010 0.000010 0.000010
0.000010 0.000010 0.000010 0.000010 0.000010 0.000010 0.000010 0.999900 0.000010 0.000010 0.000010
0.000010 0.999900 0.000010 0.000010 0.000010 0.000010 0.000010 0.000010 0.000010 0.000010 0.000010
0.000010 0.000010 0.000010 0.000010 0.000010 0.000011 0.000010 0.999898 0.000011 0.000010 0.000010
0.090715 0.000010 0.000010 0.899466 0.009739 0.000010 0.000010 0.000010 0.000010 0.000010 0.000010
0.000010 0.000010 0.997553 0.000010 0.000010 0.000010 0.000010 0.002357 0.000010 0.000010 0.000010
0.000010 0.000010 0.938744 0.000010 0.000010 0.000010 0.000010 0.061166 0.000010 0.000010 0.000010
0.595884 0.000010 0.000010 0.068252 0.144824 0.004958 0.000010 0.000010 0.186021 0.000010 0.000010
0.000010 0.000010 0.999900 0.000010 0.000010 0.000010 0.000010 0.000010 0.000010 0.000010 0.000010
0.000010 0.000010 0.001919 0.065072 0.000010 0.000010 0.000010 0.003544 0.000010 0.928062 0.001343
0.000010 0.282667 0.096828 0.136507 0.003615 0.039028 0.054000 0.009856 0.246214 0.115601 0.015674
0.391855 0.000010 0.000010 0.059509 0.268678 0.000010 0.029431 0.073380 0.145178 0.000010 0.031929
0.037977 0.104538 0.070219 0.000010 0.029480 0.569907 0.050934 0.009285 0.075038 0.032576 0.020037
0.000010 0.000010 0.000010 0.000010 0.575223 0.000010 0.000010 0.329738 0.070077 0.000010 0.024892
0.000010 0.000010 0.012445 0.000010 0.618570 0.000010 0.000010 0.349718 0.000010 0.000010 0.019197
0.847708 0.000010 0.000010 0.000010 0.063868 0.031297 0.014535 0.002059 0.040483 0.000010 0.000010
0.000010 0.042121 0.036619 0.087615 0.000010 0.061198 0.030355 0.678119 0.044947 0.004627 0.014379
0.391999 0.037388 0.000010 0.015217 0.014543 0.005103 0.057557 0.036819 0.390256 0.000010 0.051096
0.800541 0.000589 0.002495 0.000010 0.020894 0.000010 0.017632 0.066578 0.079124 0.000010 0.012117
0.417946 0.020127 0.054260 0.001014 0.183239 0.000010 0.000010 0.299693 0.022610 0.000010 0.001080
0.000010 0.199419 0.098608 0.186023 0.000010 0.000010 0.000010 0.000010 0.481502 0.028846 0.005552
0.449515 0.033368 0.000010 0.030274 0.000010 0.000010 0.023434 0.061156 0.356603 0.000010 0.045610
0.098460 0.092548 0.000010 0.084635 0.000010 0.022133 0.000010 0.004488 0.625524 0.000010 0.072172
0.049117 0.132289 0.046337 0.029961 0.000010 0.621901 0.000010 0.003319 0.023724 0.087671 0.005662
0.000010 0.000010 0.047641 0.010025 0.027719 0.038228 0.004444 0.865571 0.006332 0.000010 0.000010
0.000010 0.089015 0.037430 0.000010 0.055873 0.584268 0.000010 0.000010 0.056747 0.176617 0.000010
0.000010 0.000010 0.000010 0.000010 0.000010 0.999900 0.000010 0.000010 0.000010 0.000010 0.000010
0.450842 0.000010 0.013594 0.000010 0.082343 0.000010 0.008478 0.000010 0.326712 0.043229 0.074761
0.670676 0.076935 0.024248 0.000010 0.000010 0.016899 0.015787 0.000010 0.185123 0.000010 0.010292
0.000010 0.297655 0.000010 0.000010 0.041726 0.000010 0.000010 0.000010 0.000010 0.660540 0.000010
0.572779 0.000010 0.013094 0.034622 0.048421 0.023753 0.010394 0.017029 0.198373 0.030196 0.051328
0.753518 0.000010 0.025814 0.043813 0.048034 0.027131 0.024412 0.000010 0.077238 0.000010 0.000010
0.877334 0.000010 0.006004 0.000010 0.000010 0.000010 0.014851 0.000011 0.053473 0.000010 0.048277
0.036536 0.152424 0.012270 0.119873 0.120698 0.084568 0.061439 0.000010 0.378107 0.021312 0.012764
0.000010 0.999900 0.000010 0.000010 0.000010 0.000010 0.000010 0.000010 0.000010 0.000010 0.000010
0.518937 0.035486 0.018483 0.064433 0.000010 0.000010 0.023763 0.033561 0.154057 0.000010 0.151250
0.000010 0.000010 0.000010 0.000010 0.000010 0.999900 0.000010 0.000010 0.000010 0.000010 0.000010
0.095538 0.061862 0.024386 0.006711 0.000010 0.027455 0.066659 0.000666 0.583065 0.002475 0.131173
0.508931 0.000010 0.029184 0.035493 0.221530 0.000010 0.000010 0.056372 0.147047 0.000010 0.001404
0.000010 0.000010 0.196569 0.000010 0.087500 0.358763 0.014433 0.012213 0.075220 0.255262 0.000010
0.151269 0.097470 0.000010 0.000010 0.004156 0.040614 0.076948 0.012613 0.566438 0.000010 0.050461
0.000010 0.000010 0.000010 0.000010 0.000010 0.000010 0.000010 0.999900 0.000010 0.000010 0.000010
0.573659 0.000010 0.024637 0.082230 0.114877 0.000010 0.057111 0.033443 0.062350 0.000010 0.051663
0.592390 0.000010 0.016506 0.066229 0.101560 0.000010 0.027296 0.015787 0.118268 0.000010 0.061934
0.573990 0.054210 0.006333 0.009027 0.025949 0.031697 0.051711 0.019085 0.217637 0.000010 0.010350
0.771043 0.000010 0.000010 0.131903 0.000010 0.000010 0.022818 0.023808 0.050369 0.000010 0.000010
0.167476 0.000010 0.000010 0.043587 0.531674 0.050364 0.000441 0.071910 0.134508 0.000010 0.000010
0.177255 0.037698 0.040828 0.091153 0.049535 0.081426 0.019895 0.035233 0.356487 0.000010 0.110480
0.881316 0.026008 0.000010 0.000010 0.073487 0.000010 0.000010 0.000010 0.019118 0.000010 0.000010
0.976969 0.000010 0.000010 0.000010 0.000010 0.000010 0.000010 0.022941 0.000010 0.000010 0.000010
0.144509 0.000010 0.032249 0.013070 0.052840 0.064270 0.000010 0.021631 0.400834 0.000010 0.270567
0.713144 0.000010 0.009868 0.000010 0.092139 0.000010 0.000010 0.130581 0.032548 0.000010 0.021669
0.069780 0.024674 0.042263 0.000010 0.064257 0.049192 0.043243 0.074076 0.492237 0.000010 0.140259
0.757941 0.029791 0.011170 0.000010 0.010734 0.017411 0.005409 0.058066 0.080970 0.010621 0.017877
0.690669 0.006496 0.011311 0.000010 0.025821 0.000010 0.000010 0.042082 0.180171 0.000010 0.043410
0.031393 0.016403 0.000010 0.000028 0.089147 0.065806 0.087621 0.000010 0.642715 0.000010 0.066857
0.895840 0.005732 0.000382 0.028556 0.019260 0.019204 0.000011 0.000010 0.030985 0.000010 0.000010
0.300534 0.000010 0.053010 0.000010 0.205336 0.037546 0.000010 0.311982 0.074203 0.000010 0.017349
0.840744 0.000010 0.003866 0.012686 0.030866 0.026690 0.000010 0.016375 0.058668 0.000010 0.010076
0.387450 0.000010 0.024745 0.000010 0.203427 0.000010 0.000010 0.315757 0.061282 0.000010 0.007289
0.575238 0.000761 0.040001 0.034572 0.029550 0.000010 0.026786 0.000010 0.174066 0.000010 0.118995
0.811265 0.000010 0.009906 0.000010 0.082447 0.000010 0.000276 0.044367 0.051689 0.000010 0.000010
0.668350 0.000010 0.021373 0.070403 0.091770 0.013090 0.000010 0.015785 0.079014 0.000010 0.040185
0.000010 0.000010 0.019194 0.000010 0.692830 0.000010 0.000010 0.283000 0.004906 0.000010 0.000010
0.016658 0.000010 0.000010 0.000010 0.906872 0.030511 0.000010 0.000010 0.045889 0.000010 0.000010
0.000010 0.485781 0.000010 0.000010 0.514129 0.000010 0.000010 0.000010 0.000010 0.000010 0.000010
0.000010 0.071897 0.000010 0.000010 0.775376 0.000010 0.000010 0.152647 0.000010 0.000010 0.000010
0.000010 0.099196 0.004025 0.000010 0.674079 0.000010 0.000010 0.222630 0.000010 0.000010 0.000010
0.000010 0.000010 0.000010 0.036934 0.905913 0.042847 0.000010 0.014237 0.000010 0.000010 0.000010
0.008644 0.355964 0.008570 0.006661 0.421023 0.045326 0.006919 0.021960 0.117207 0.007716 0.000010
0.063659 0.017206 0.024914 0.027736 0.529006 0.000010 0.023163 0.180096 0.094146 0.000010 0.040055
0.000010 0.521589 0.000010 0.000010 0.478321 0.000010 0.000010 0.000010 0.000010 0.000010 0.000010
0.464091 0.091762 0.027173 0.034839 0.000010 0.000010 0.000010 0.000010 0.119458 0.000010 0.262627
0.071048 0.000010 0.000010 0.000010 0.928862 0.000010 0.000010 0.000010 0.000010 0.000010 0.000010
0.000010 0.186085 0.000010 0.000010 0.813825 0.000010 0.000010 0.000010 0.000010 0.000010 0.000010
0.000010 0.795701 0.019641 0.085163 0.000010 0.075909 0.000010 0.009194 0.000010 0.014342 0.000010
0.000010 0.000010 0.165251 0.079954 0.000010 0.463475 0.000010 0.000010 0.029433 0.183765 0.078072
0.000010 0.000010 0.184872 0.056433 0.000010 0.483248 0.027730 0.000406 0.027507 0.194198 0.025575
0.000010 0.999900 0.000010 0.000010 0.000010 0.000010 0.000010 0.000010 0.000010 0.000010 0.000010
0.104943 0.000010 0.000010 0.000010 0.894967 0.000010 0.000010 0.000010 0.000010 0.000010 0.000010
0.000010 0.000010 0.000010 0.000010 0.999900 0.000010 0.000010 0.000010 0.000010 0.000010 0.000010
0.000010 0.275033 0.000010 0.000010 0.724877 0.000010 0.000010 0.000010 0.000010 0.000010 0.000010
0.000010 0.000010 0.417294 0.066653 0.018626 0.155471 0.000010 0.000010 0.084027 0.231872 0.026016
0.000010 0.000010 0.999900 0.000010 0.000010 0.000010 0.000010 0.000010 0.000010 0.000010 0.000010
0.000010 0.110342 0.000010 0.000010 0.000010 0.093998 0.069429 0.008290 0.022696 0.695194 0.000010
0.059839 0.000010 0.000010 0.023401 0.844956 0.049701 0.000010 0.000010 0.022043 0.000010 0.000010
0.887102 0.023660 0.000010 0.000010 0.036981 0.000010 0.017253 0.022168 0.010253 0.002544 0.000010
0.743910 0.006607 0.000010 0.038871 0.036544 0.000010 0.000010 0.012660 0.131494 0.000010 0.029874
0.000010 0.000010 0.000010 0.069936 0.000010 0.052472 0.023378 0.040994 0.787388 0.000010 0.025782
0.026513 0.000010 0.000010 0.028203 0.000010 0.076315 0.009176 0.026273 0.777760 0.000010 0.055718
0.875807 0.000010 0.000010 0.011316 0.057667 0.000010 0.000010 0.000010 0.035458 0.000010 0.019691
0.212480 0.000010 0.056693 0.006618 0.239205 0.000010 0.000010 0.356715 0.054260 0.000010 0.073987
0.284674 0.000010 0.020810 0.015481 0.137672 0.000010 0.000727 0.128998 0.332053 0.000010 0.079556
0.432025 0.068936 0.048242 0.000010 0.105141 0.019687 0.000308 0.046660 0.278970 0.000010 0.000010
0.000010 0.000010 0.000010 0.000010 0.000010 0.000010 0.999900 0.000010 0.000010 0.000010 0.000010
0.634742 0.041934 0.000010 0.032603 0.010053 0.000010 0.006411 0.020221 0.227383 0.000010 0.026622
0.925699 0.035409 0.000010 0.000010 0.005734 0.000010 0.000010 0.021407 0.011691 0.000010 0.000010
0.478224 0.097400 0.001630 0.004010 0.000010 0.035178 0.000010 0.037085 0.308506 0.000010 0.037937
0.662118 0.000010 0.023015 0.055944 0.000010 0.000010 0.000010 0.013046 0.201066 0.000010 0.044761
0.505799 0.014063 0.000010 0.026398 0.000010 0.020645 0.000010 0.074350 0.328858 0.000010 0.029848
0.403736 0.000010 0.005829 0.009411 0.000010 0.037184 0.006281 0.037003 0.443163 0.023768 0.033604
0.000010 0.957934 0.000010 0.000010 0.041976 0.000010 0.000010 0.000010 0.000010 0.000010 0.000010
0.572976 0.018567 0.000010 0.050665 0.096675 0.007579 0.000010 0.010259 0.231118 0.000010 0.012130
0.702858 0.000010 0.000010 0.000835 0.000010 0.034670 0.000010 0.016303 0.225684 0.000010 0.019600
0.660658 0.015784 0.000010 0.000010 0.046141 0.002263 0.004448 0.016009 0.229114 0.000010 0.025553
0.242920 0.000010 0.038527 0.000010 0.063205 0.042486 0.000010 0.038473 0.482693 0.000010 0.091654
0.930026 0.012555 0.000010 0.000010 0.031908 0.003713 0.000010 0.000010 0.005242 0.016506 0.000010
0.129663 0.000010 0.000010 0.860836 0.000010 0.000010 0.000010 0.009421 0.000010 0.000010 0.000010
0.098557 0.000010 0.080878 0.000010 0.000010 0.054151 0.000010 0.034435 0.698288 0.000010 0.033641
0.150776 0.023834 0.049296 0.098529 0.027921 0.049072 0.000010 0.009322 0.530754 0.000010 0.060477
0.094032 0.022847 0.076985 0.003683 0.046945 0.069042 0.000010 0.030107 0.605229 0.000010 0.051110
0.239183 0.006332 0.000010 0.000010 0.040910 0.000010 0.002621 0.009010 0.628710 0.000010 0.073193
0.875290 0.000010 0.005068 0.000010 0.017978 0.000010 0.000010 0.000010 0.085774 0.000010 0.015831
0.766674 0.000010 0.029247 0.026770 0.031185 0.000010 0.000010 0.009362 0.132741 0.000010 0.003981
0.775854 0.013016 0.000010 0.015599 0.000010 0.000010 0.000010 0.000010 0.193895 0.001575 0.000010
0.872475 0.000010 0.000010 0.000010 0.000917 0.000010 0.000010 0.002124 0.102024 0.000010 0.022400
0.215627 0.016516 0.062339 0.109100 0.000010 0.005732 0.000010 0.019802 0.513484 0.000010 0.057370
0.057623 0.031191 0.038755 0.000010 0.081427 0.002980 0.016916 0.456956 0.261050 0.000010 0.053081
0.463011 0.005007 0.033800 0.062494 0.162458 0.012314 0.007040 0.048133 0.160109 0.000010 0.045624
0.463963 0.018527 0.051877 0.000010 0.215793 0.001685 0.006376 0.124777 0.096037 0.000010 0.020947
0.038451 0.002617 0.000010 0.067277 0.029292 0.000010 0.000010 0.025623 0.794939 0.035329 0.006442
0.872821 0.000010 0.000688 0.041179 0.000010 0.000010 0.004496 0.025381 0.020686 0.000010 0.034709
0.069028 0.049594 0.000010 0.013651 0.183062 0.088930 0.049520 0.000010 0.464102 0.000010 0.082083
0.756110 0.044652 0.002829 0.000012 0.000010 0.000010 0.000010 0.017249 0.143445 0.000317 0.035356
0.999900 0.000010 0.000010 0.000010 0.000010 0.000010 0.000010 0.000010 0.000010 0.000010 0.000010
0.680699 0.012246 0.000010 0.190491 0.036307 0.000010 0.000010 0.000010 0.034129 0.000168 0.045919
0.089642 0.000010 0.007530 0.055978 0.021876 0.000010 0.000010 0.080737 0.645542 0.044789 0.053876
0.999900 0.000010 0.000010 0.000010 0.000010 0.000010 0.000010 0.000010 0.000010 0.000010 0.000010
0.000010 0.063990 0.000010 0.067581 0.013307 0.000010 0.027027 0.000010 0.799183 0.000010 0.028862
0.000010 0.010348 0.000010 0.058577 0.082823 0.000010 0.000010 0.015686 0.768839 0.058206 0.005481
0.000010 0.007448 0.003359 0.078262 0.042516 0.000010 0.020106 0.000010 0.809910 0.000010 0.038360
0.000010 0.000010 0.000010 0.115128 0.026345 0.000010 0.000010 0.011154 0.796968 0.045284 0.005072
0.000010 0.000010 0.007062 0.037320 0.121189 0.000010 0.035336 0.000010 0.799034 0.000010 0.000010
0.000010 0.002601 0.006144 0.012125 0.029796 0.014212 0.000010 0.837848 0.094209 0.000010 0.003035
0.532927 0.008450 0.043129 0.021198 0.104145 0.000010 0.000010 0.004352 0.261641 0.000010 0.024129
0.889257 0.000010 0.000010 0.003157 0.087452 0.000010 0.000010 0.007697 0.000010 0.000010 0.012376
0.752556 0.000010 0.000010 0.007869 0.009613 0.000010 0.001526 0.010128 0.218259 0.000010 0.000010
0.658246 0.000010 0.015778 0.104182 0.096237 0.000010 0.000010 0.000010 0.088194 0.000010 0.037313
0.927102 0.000010 0.000010 0.017328 0.055490 0.000010 0.000010 0.000010 0.000010 0.000010 0.000010
0.010023 0.025830 0.000010 0.027940 0.012113 0.000010 0.000010 0.007947 0.904318 0.011788 0.000010
0.921691 0.036299 0.004498 0.033273 0.000010 0.000010 0.000010 0.004179 0.000010 0.000010 0.000010
0.173481 0.000010 0.000010 0.000010 0.003724 0.000010 0.032612 0.040433 0.698578 0.013842 0.037290
0.000010 0.000010 0.000010 0.000010 0.000010 0.000010 0.000010 0.999900 0.000010 0.000010 0.000010
0.000010 0.208085 0.097344 0.155596 0.000010 0.000010 0.000010 0.000010 0.478252 0.044161 0.016512
0.073578 0.003161 0.038985 0.107981 0.030402 0.000010 0.000010 0.035787 0.668210 0.000010 0.041867
0.316902 0.000010 0.000010 0.000010 0.034630 0.000010 0.000010 0.003343 0.607744 0.021810 0.015522
0.046684 0.036117 0.093820 0.087084 0.000010 0.014973 0.000690 0.000010 0.652945 0.021719 0.045949
0.000010 0.042614 0.000010 0.062819 0.020511 0.023482 0.016050 0.003346 0.794315 0.036832 0.000010
0.092659 0.009171 0.051137 0.040081 0.000010 0.000010 0.042948 0.032421 0.721963 0.000010 0.009591
0.000010 0.003051 0.000010 0.031568 0.000010 0.000010 0.000010 0.000010 0.942285 0.014206 0.008831
0.191826 0.057033 0.019389 0.054239 0.000010 0.000010 0.039677 0.025695 0.571879 0.000010 0.040232
0.051174 0.013060 0.040320 0.083781 0.072284 0.000010 0.000010 0.007413 0.663115 0.000010 0.068824
0.757673 0.023594 0.021200 0.000010 0.034148 0.000010 0.037135 0.019242 0.106967 0.000010 0.000010
0.078350 0.029199 0.000010 0.000010 0.070978 0.000010 0.071819 0.018088 0.665378 0.003053 0.063104
0.000010 0.011176 0.000010 0.096328 0.011379 0.000010 0.000010 0.025132 0.841325 0.000010 0.014609
0.053183 0.000010 0.000010 0.091230 0.093825 0.000010 0.000010 0.003372 0.716863 0.035090 0.006398
0.579434 0.032451 0.001840 0.046203 0.000010 0.000010 0.026173 0.018613 0.242736 0.040627 0.011905
0.958855 0.000010 0.000010 0.000010 0.000010 0.000010 0.000010 0.000010 0.018237 0.000010 0.022828
0.009429 0.000010 0.032704 0.099594 0.000010 0.000010 0.000010 0.032779 0.769741 0.000010 0.055703
0.014522 0.046655 0.000010 0.026294 0.000010 0.000010 0.000010 0.912459 0.000010 0.000010 0.000010
0.905491 0.007939 0.000010 0.036801 0.000010 0.046256 0.000010 0.003452 0.000010 0.000010 0.000010
0.945034 0.000010 0.000010 0.013368 0.010751 0.000010 0.000010 0.000010 0.000010 0.000010 0.030777
0.080445 0.027859 0.043723 0.043962 0.044510 0.000182 0.000010 0.008755 0.738383 0.002432 0.009739
0.448273 0.028394 0.017051 0.026905 0.000010 0.114578 0.000010 0.013224 0.340159 0.000010 0.011385
0.215822 0.000010 0.008574 0.026440 0.003103 0.000010 0.000010 0.009230 0.640418 0.000010 0.096374
0.000010 0.000010 0.000010 0.017783 0.032909 0.038110 0.000010 0.043568 0.850227 0.012009 0.005354
0.995264 0.000010 0.000010 0.000010 0.000010 0.000010 0.000010 0.004646 0.000010 0.000010 0.000010
0.997017 0.000010 0.000010 0.000010 0.000010 0.000010 0.000010 0.002893 0.000010 0.000010 0.000010
0.493552 0.034106 0.001733 0.000010 0.021103 0.000010 0.000010 0.021032 0.396954 0.000010 0.031480
0.557731 0.064253 0.000010 0.000010 0.000010 0.006997 0.000010 0.038659 0.274013 0.000010 0.058298
0.000010 0.000010 0.000010 0.000010 0.000010 0.000010 0.999900 0.000010 0.000010 0.000010 0.000010
0.043177 0.072574 0.007889 0.069844 0.023718 0.025277 0.000010 0.036811 0.700870 0.000010 0.019820
0.872607 0.002691 0.000010 0.000010 0.013012 0.011324 0.005683 0.026666 0.060536 0.000010 0.007450
0.000010 0.000010 0.000010 0.000010 0.000010 0.000010 0.999900 0.000010 0.000010 0.000010 0.000010
0.000010 0.000010 0.000010 0.000010 0.000010 0.000010 0.000010 0.473300 0.000010 0.000010 0.526610
0.000010 0.000010 0.999895 0.000010 0.000010 0.000010 0.000010 0.000010 0.000015 0.000010 0.000010
0.601081 0.037307 0.015467 0.030704 0.000010 0.000010 0.005508 0.045266 0.246691 0.000010 0.017945
0.541355 0.016642 0.050351 0.036837 0.000010 0.000010 0.016878 0.009175 0.237234 0.000010 0.091499
0.711804 0.011189 0.031247 0.025626 0.000010 0.000010 0.007698 0.009652 0.159206 0.000010 0.043548
0.321744 0.086291 0.008060 0.000010 0.061170 0.080113 0.054948 0.001453 0.312391 0.000010 0.073810
0.923334 0.000010 0.000010 0.045175 0.000010 0.000010 0.000010 0.019792 0.000010 0.000010 0.011629
0.999900 0.000010 0.000010 0.000010 0.000010 0.000010 0.000010 0.000010 0.000010 0.000010 0.000010
0.133601 0.000010 0.000010 0.000010 0.000010 0.014995 0.000010 0.038085 0.690592 0.000010 0.122667
0.613383 0.000010 0.013522 0.056125 0.052368 0.000010 0.000010 0.000010 0.210034 0.016303 0.038225
0.520445 0.000010 0.082059 0.025395 0.016780 0.000010 0.000010 0.021385 0.305273 0.000010 0.028622
0.371198 0.086500 0.007663 0.023227 0.059388 0.000010 0.000010 0.000010 0.406804 0.044348 0.000842
0.674603 0.021877 0.000010 0.021886 0.000010 0.000010 0.000010 0.023949 0.185214 0.014459 0.057972
0.752546 0.044369 0.000010 0.000010 0.000010 0.000010 0.000010 0.043250 0.135119 0.000010 0.024656
0.734292 0.016440 0.000010 0.000010 0.027823 0.017165 0.000196 0.020880 0.138674 0.014199 0.030311
0.782528 0.037206 0.000010 0.041924 0.000010 0.000010 0.004623 0.017579 0.103859 0.000010 0.012241
0.999900 0.000010 0.000010 0.000010 0.000010 0.000010 0.000010 0.000010 0.000010 0.000010 0.000010
0.902086 0.025667 0.000010 0.020813 0.000010 0.013377 0.000010 0.022266 0.000010 0.000010 0.015741
0.142128 0.033429 0.012809 0.049930 0.031413 0.000010 0.013996 0.033218 0.632125 0.001011 0.049931
0.398981 0.069831 0.000010 0.045273 0.017309 0.000010 0.026434 0.065649 0.325488 0.021522 0.029493
0.000010 0.000010 0.000010 0.096964 0.012320 0.046247 0.000010 0.007938 0.775788 0.041180 0.019524
0.958767 0.005919 0.000010 0.009914 0.000010 0.000010 0.000010 0.008859 0.000010 0.000010 0.016480
0.176172 0.019940 0.033033 0.000010 0.000010 0.021432 0.000010 0.031998 0.619399 0.000010 0.097986
0.601175 0.104322 0.006666 0.135884 0.067351 0.000010 0.000010 0.039331 0.011947 0.000010 0.033294
0.530528 0.016476 0.000010 0.016295 0.000010 0.030592 0.001471 0.047291 0.272882 0.000010 0.084436
0.081993 0.066459 0.004674 0.082123 0.030860 0.000010 0.000010 0.021539 0.694442 0.017880 0.000010
0.723499 0.024615 0.000010 0.040877 0.000010 0.000010 0.000010 0.009708 0.131178 0.000010 0.070074
0.145033 0.000010 0.026089 0.000010 0.078996 0.000010 0.000010 0.001082 0.645152 0.000010 0.103597
0.000010 0.008519 0.020148 0.062986 0.000010 0.000010 0.000010 0.039495 0.819473 0.030649 0.018690
0.068898 0.029341 0.002804 0.000010 0.000010 0.029676 0.000010 0.060482 0.737058 0.026060 0.045651
0.319871 0.235382 0.001279 0.033563 0.000010 0.015540 0.044752 0.000010 0.349574 0.000010 0.000010
0.000010 0.013031 0.034560 0.096289 0.051973 0.024547 0.000010 0.000010 0.755052 0.000010 0.024508
0.010328 0.441972 0.012954 0.026010 0.021891 0.114298 0.056977 0.022736 0.292814 0.000010 0.000010
0.140913 0.000010 0.000010 0.000010 0.001354 0.000010 0.000010 0.049473 0.684010 0.000010 0.124191
0.602736 0.028843 0.000010 0.000010 0.036041 0.000010 0.000010 0.002592 0.314839 0.014898 0.000010
0.905799 0.026450 0.000010 0.012479 0.000010 0.000010 0.000010 0.000640 0.054138 0.000444 0.000010
0.772166 0.053042 0.000010 0.087103 0.050258 0.037372 0.000010 0.000010 0.000010 0.000010 0.000010
0.849108 0.008234 0.000010 0.049411 0.000010 0.000010 0.000010 0.000010 0.093177 0.000010 0.000010
0.042939 0.029027 0.025859 0.054785 0.000010 0.013261 0.000010 0.000010 0.834080 0.000010 0.000010
0.287400 0.000010 0.006967 0.210244 0.317568 0.041388 0.000010 0.010579 0.069781 0.014126 0.041927
0.534972 0.058582 0.009642 0.009459 0.124309 0.000010 0.009068 0.002743 0.203109 0.028197 0.019908
0.213143 0.000010 0.000010 0.000010 0.000010 0.000010 0.786767 0.000010 0.000010 0.000010 0.000010
0.756946 0.010763 0.000010 0.012428 0.028829 0.000010 0.002076 0.000010 0.144544 0.033246 0.011138
0.785404 0.036280 0.000010 0.048031 0.000010 0.000010 0.000010 0.015222 0.089110 0.000010 0.025904
0.000010 0.000010 0.000010 0.000010 0.000010 0.000010 0.000010 0.999898 0.000010 0.000012 0.000010
0.000010 0.000010 0.000010 0.000010 0.000010 0.000010 0.000010 0.999900 0.000010 0.000010 0.000010
0.153473 0.019819 0.010178 0.059881 0.037456 0.000010 0.000010 0.000010 0.694260 0.021536 0.003367
0.165466 0.018059 0.000010 0.000012 0.000010 0.000017 0.000010 0.041679 0.765551 0.009176 0.000010
0.303691 0.032580 0.000010 0.036084 0.038890 0.008227 0.000751 0.025989 0.553757 0.000010 0.000010
0.324328 0.000010 0.019184 0.059301 0.000010 0.000010 0.000010 0.003123 0.585343 0.008670 0.000010
0.000010 0.000010 0.000010 0.000010 0.000010 0.000010 0.000010 0.999900 0.000010 0.000010 0.000010
0.000010 0.000010 0.000010 0.000010 0.000010 0.000010 0.000010 0.999900 0.000010 0.000010 0.000010
0.037689 0.070948 0.001040 0.054070 0.002527 0.000010 0.000010 0.008940 0.795613 0.000010 0.029142
0.034162 0.014172 0.000010 0.086132 0.002924 0.000010 0.000010 0.011240 0.847862 0.000010 0.003468
0.000011 0.000010 0.000010 0.000010 0.000010 0.000010 0.000010 0.999899 0.000010 0.000010 0.000010
0.000010 0.000010 0.000010 0.000010 0.000010 0.000010 0.000010 0.999900 0.000010 0.000010 0.000010
0.000010 0.000010 0.000010 0.000012 0.000010 0.000010 0.000010 0.999898 0.000010 0.000010 0.000010
0.019561 0.000010 0.063027 0.060165 0.000010 0.001212 0.035988 0.000010 0.754287 0.000010 0.065719
0.000010 0.000010 0.000010 0.064716 0.010547 0.004890 0.000010 0.000017 0.892167 0.000010 0.027613
0.160706 0.081706 0.165954 0.065685 0.047388 0.087447 0.015108 0.059362 0.236154 0.080480 0.000010
0.055326 0.016781 0.000010 0.075417 0.038615 0.000010 0.000010 0.049425 0.641429 0.061897 0.061080
0.000010 0.160770 0.251428 0.000010 0.000010 0.273607 0.000010 0.043773 0.157139 0.113233 0.000010
