0.008004 0.000010 0.000010 0.388980 0.000010 0.016472 0.000010 0.000010 0.076701 0.011340 0.000010 0.000010 0.000010 0.085743 0.000010 0.000010 0.000010 0.000010 0.063327 0.349312
0.000010 0.000010 0.032151 0.673294 0.011825 0.000010 0.008716 0.000010 0.000010 0.000010 0.000010 0.011868 0.054883 0.000010 0.029359 0.000010 0.006653 0.000010 0.026866 0.144284
0.000010 0.000010 0.006326 0.273138 0.189543 0.000010 0.000010 0.024474 0.000010 0.014509 0.000010 0.000010 0.003614 0.028913 0.070401 0.028485 0.025926 0.009855 0.000010 0.324734
0.010046 0.008387 0.000010 0.000012 0.000012 0.000010 0.000010 0.000010 0.000010 0.000010 0.000010 0.000010 0.000010 0.000010 0.105529 0.000010 0.013594 0.000010 0.862290 0.000010
0.056816 0.000010 0.000010 0.616546 0.050283 0.000010 0.003801 0.000010 0.029125 0.016205 0.000010 0.063811 0.000010 0.000010 0.000010 0.017126 0.000010 0.000010 0.000010 0.146177
0.028283 0.007189 0.000010 0.145327 0.011012 0.000010 0.000010 0.000010 0.000010 0.000010 0.015593 0.000010 0.000010 0.031185 0.032660 0.005107 0.000010 0.005442 0.020389 0.697724
0.000010 0.015660 0.000010 0.000010 0.000010 0.000010 0.000010 0.000010 0.000010 0.000010 0.000010 0.000010 0.000010 0.020689 0.018383 0.000010 0.409444 0.000010 0.269091 0.266593
0.000010 0.035840 0.000010 0.011357 0.000010 0.000010 0.047955 0.000010 0.000010 0.000010 0.000010 0.000010 0.000010 0.000010 0.022031 0.000010 0.000010 0.000010 0.005314 0.877362
0.015773 0.000010 0.000010 0.589678 0.002921 0.000010 0.050407 0.000010 0.000010 0.051005 0.000010 0.016436 0.000010 0.156555 0.027856 0.016673 0.000010 0.000010 0.057896 0.014710
0.000010 0.000010 0.000010 0.096861 0.000010 0.000010 0.053575 0.000010 0.000010 0.020636 0.000010 0.000010 0.000010 0.008293 0.007244 0.000010 0.000010 0.000010 0.014345 0.798916
0.000010 0.000010 0.000010 0.167286 0.000010 0.000010 0.051760 0.000010 0.000010 0.180873 0.000010 0.000010 0.031787 0.020170 0.000010 0.017645 0.000010 0.000010 0.000010 0.530348
0.000010 0.023161 0.007402 0.334050 0.094330 0.031714 0.000010 0.000010 0.000310 0.042317 0.000010 0.000010 0.006654 0.144865 0.000010 0.016621 0.000010 0.000010 0.005082 0.293413
0.076416 0.041758 0.000010 0.000010 0.043247 0.000010 0.000584 0.000010 0.000010 0.000010 0.000010 0.000010 0.000010 0.218169 0.568914 0.000010 0.001762 0.031723 0.000010 0.017318
0.000010 0.015773 0.000010 0.000010 0.000010 0.018714 0.000010 0.000010 0.000010 0.000010 0.000010 0.000010 0.000010 0.259147 0.172015 0.010272 0.116002 0.007500 0.400458 0.000010
0.007731 0.000010 0.013735 0.041369 0.000010 0.000010 0.013603 0.000010 0.000010 0.048065 0.003735 0.000010 0.000010 0.000010 0.000010 0.000010 0.010472 0.000010 0.004501 0.856677
0.035241 0.000010 0.039468 0.376197 0.070802 0.017477 0.006535 0.011277 0.059833 0.000010 0.000010 0.000010 0.003854 0.051751 0.005202 0.000010 0.000010 0.043810 0.000010 0.278481
0.000010 0.000010 0.000010 0.145547 0.058387 0.000010 0.021213 0.000010 0.053797 0.010761 0.000010 0.046163 0.000010 0.008180 0.000010 0.000010 0.000010 0.020376 0.008587 0.626890
0.000010 0.023051 0.000010 0.008781 0.000010 0.000010 0.000010 0.000010 0.000010 0.000010 0.000010 0.000010 0.000010 0.000010 0.000010 0.000010 0.359160 0.002187 0.162296 0.444385
0.000010 0.045461 0.000010 0.000010 0.000010 0.000010 0.646686 0.000010 0.017893 0.028585 0.000010 0.000010 0.000010 0.000010 0.000010 0.000010 0.000010 0.014806 0.000010 0.246429
0.000010 0.000010 0.700663 0.000010 0.000010 0.000010 0.000010 0.053651 0.000010 0.000010 0.206997 0.038530 0.000010 0.000010 0.000010 0.000010 0.000010 0.000010 0.000010 0.000010
0.000010 0.000010 0.869286 0.000010 0.000010 0.000010 0.000010 0.000010 0.000010 0.000010 0.119836 0.007946 0.000010 0.000010 0.000010 0.000010 0.000010 0.000010 0.002773 0.000010
0.000010 0.000010 0.000010 0.000010 0.000010 0.000010 0.000010 0.000010 0.000010 0.000010 0.999810 0.000010 0.000010 0.000010 0.000010 0.000010 0.000010 0.000010 0.000010 0.000010
0.000010 0.035641 0.723105 0.000010 0.000010 0.048566 0.000010 0.000010 0.000010 0.000010 0.180177 0.002483 0.000010 0.000010 0.000010 0.000010 0.000010 0.000235 0.000010 0.009662
0.000010 0.000010 0.000010 0.000010 0.004975 0.000010 0.000010 0.000011 0.000010 0.000010 0.019381 0.000010 0.000010 0.000010 0.305402 0.000010 0.029443 0.000010 0.640200 0.000457
0.000010 0.000010 0.000010 0.000010 0.000010 0.000010 0.999427 0.000010 0.000010 0.000010 0.000010 0.000010 0.000010 0.000010 0.000010 0.000010 0.000010 0.000010 0.000393 0.000010
0.000010 0.000010 0.767526 0.000010 0.000010 0.000010 0.000010 0.053839 0.000010 0.000010 0.171341 0.007135 0.000010 0.000010 0.000010 0.000010 0.000010 0.000010 0.000010 0.000010
0.000010 0.000010 0.000010 0.573644 0.292290 0.066077 0.000010 0.000010 0.000010 0.000010 0.000010 0.000010 0.000010 0.000010 0.045001 0.000010 0.000010 0.000010 0.022839 0.000010
0.000010 0.000010 0.681811 0.000010 0.000010 0.023957 0.000010 0.007036 0.000010 0.000010 0.258870 0.014397 0.000010 0.000010 0.000010 0.000010 0.013129 0.000010 0.000670 0.000010
0.003168 0.000010 0.000010 0.233321 0.067168 0.030449 0.054844 0.000010 0.015994 0.000010 0.000010 0.038890 0.000010 0.411859 0.028081 0.000010 0.000010 0.042028 0.010056 0.064062
0.000010 0.000010 0.009099 0.234110 0.000010 0.005390 0.023045 0.000010 0.000010 0.000010 0.000010 0.000010 0.023222 0.505490 0.064097 0.000010 0.013034 0.017109 0.046486 0.058828
0.001593 0.012146 0.000010 0.000010 0.000010 0.000010 0.024627 0.000010 0.000010 0.036351 0.000010 0.012897 0.000010 0.908709 0.000010 0.000010 0.000010 0.000010 0.003547 0.000010
0.000010 0.000010 0.000010 0.448635 0.000010 0.000010 0.056296 0.000010 0.000010 0.000010 0.000010 0.026704 0.000010 0.268866 0.139184 0.000010 0.013485 0.026791 0.000010 0.019919
0.000010 0.000010 0.000010 0.089847 0.000010 0.000010 0.000010 0.000010 0.002779 0.000010 0.000010 0.000010 0.000010 0.046771 0.772589 0.038695 0.000010 0.030435 0.000010 0.018754
0.093495 0.028799 0.000010 0.183596 0.000010 0.019000 0.111368 0.000010 0.000712 0.000010 0.000010 0.000010 0.033679 0.236458 0.220504 0.000010 0.000010 0.072287 0.000010 0.000010
0.000010 0.261618 0.000010 0.483320 0.000010 0.000010 0.023090 0.033242 0.042848 0.002056 0.000010 0.000010 0.045603 0.000010 0.000011 0.000010 0.016058 0.000010 0.000010 0.092054
0.000010 0.000010 0.000010 0.081888 0.000010 0.012051 0.000010 0.000010 0.000010 0.269142 0.000010 0.000010 0.000010 0.000010 0.207580 0.010250 0.018693 0.001028 0.295749 0.103509
0.000010 0.000010 0.000010 0.000010 0.000010 0.000010 0.000010 0.000010 0.000010 0.217622 0.000010 0.000010 0.000010 0.000010 0.273963 0.000010 0.000010 0.000010 0.346515 0.161740
0.000010 0.000010 0.000010 0.000010 0.000010 0.000010 0.000010 0.999810 0.000010 0.000010 0.000010 0.000010 0.000010 0.000010 0.000010 0.000010 0.000010 0.000010 0.000010 0.000010
0.023613 0.050346 0.000010 0.480751 0.000010 0.000010 0.062696 0.000010 0.000010 0.021293 0.000010 0.000010 0.000010 0.273706 0.029298 0.000010 0.000010 0.038974 0.019213 0.000010
0.043835 0.000010 0.000010 0.145482 0.000010 0.017163 0.010933 0.000010 0.000010 0.000010 0.000010 0.000010 0.078161 0.605059 0.051280 0.003825 0.000010 0.000010 0.019916 0.024248
0.000010 0.000010 0.000010 0.000010 0.000010 0.000010 0.000010 0.000010 0.000010 0.000010 0.000010 0.000010 0.000010 0.000010 0.000010 0.000010 0.000010 0.000010 0.000010 0.999810
0.031536 0.003283 0.009694 0.217849 0.006039 0.000010 0.087948 0.000010 0.048980 0.000010 0.000010 0.000010 0.066134 0.291641 0.031619 0.020175 0.000010 0.019864 0.025464 0.139715
0.000010 0.000010 0.000010 0.000010 0.397212 0.000010 0.000010 0.000010 0.000010 0.000010 0.000010 0.000010 0.000010 0.000010 0.000010 0.000010 0.000010 0.019810 0.000010 0.582808
0.000010 0.000010 0.000010 0.000010 0.309877 0.000010 0.000010 0.000010 0.000010 0.000010 0.000010 0.000010 0.000010 0.000010 0.000010 0.000010 0.000010 0.000010 0.003826 0.686127
0.587388 0.000010 0.000010 0.009266 0.047051 0.000010 0.035385 0.000010 0.000010 0.000010 0.000010 0.000010 0.000010 0.250001 0.070770 0.000010 0.000010 0.000010 0.000010 0.000010
0.000010 0.000010 0.203675 0.000010 0.000010 0.713216 0.000010 0.026112 0.000010 0.000010 0.056837 0.000010 0.000010 0.000010 0.000010 0.000010 0.000010 0.000010 0.000010 0.000010
0.000010 0.000010 0.270635 0.000010 0.000010 0.632518 0.000010 0.062070 0.000010 0.000010 0.034617 0.000010 0.000010 0.000010 0.000010 0.000010 0.000010 0.000010 0.000010 0.000010
0.028882 0.001714 0.072141 0.107328 0.053144 0.274079 0.000010 0.100024 0.000010 0.016536 0.027549 0.111522 0.000010 0.037346 0.036172 0.000010 0.000010 0.133492 0.000010 0.000010
0.175278 0.012962 0.000010 0.251126 0.004887 0.010110 0.049801 0.015103 0.059462 0.021126 0.000010 0.000010 0.039416 0.084566 0.157528 0.057404 0.000010 0.061169 0.000010 0.000010
0.216126 0.021916 0.009267 0.307400 0.000010 0.000010 0.033688 0.000010 0.011972 0.000010 0.008892 0.015712 0.000010 0.136818 0.185734 0.000010 0.000010 0.028490 0.019999 0.003916
0.000010 0.000010 0.000010 0.000010 0.000010 0.000010 0.000010 0.000010 0.000010 0.000010 0.000010 0.000010 0.000010 0.000010 0.000010 0.999810 0.000010 0.000010 0.000010 0.000010
0.102029 0.000010 0.000010 0.087426 0.000010 0.004291 0.116253 0.017116 0.062269 0.000010 0.017809 0.017924 0.089226 0.231421 0.184059 0.000010 0.039889 0.030217 0.000010 0.000010
0.000010 0.000010 0.000010 0.000010 0.000010 0.000010 0.000010 0.000010 0.000010 0.000010 0.000010 0.000010 0.000010 0.000014 0.000010 0.999806 0.000010 0.000010 0.000010 0.000010
0.187962 0.033608 0.000010 0.220856 0.000010 0.000010 0.049668 0.013289 0.010182 0.050976 0.000010 0.000010 0.063303 0.162118 0.130535 0.000010 0.000010 0.063070 0.000010 0.014352
0.153420 0.001083 0.000010 0.091687 0.032899 0.000010 0.121408 0.048857 0.000010 0.000010 0.000043 0.000010 0.000010 0.230439 0.236195 0.027324 0.016899 0.039665 0.000010 0.000010
0.000010 0.999810 0.000010 0.000010 0.000010 0.000010 0.000010 0.000010 0.000010 0.000010 0.000010 0.000010 0.000010 0.000010 0.000010 0.000010 0.000010 0.000010 0.000010 0.000010
0.000010 0.028722 0.000010 0.000010 0.090172 0.020524 0.000010 0.003698 0.000010 0.000010 0.000010 0.000010 0.011220 0.000010 0.000010 0.007552 0.000010 0.000010 0.009635 0.828358
0.000010 0.005170 0.000010 0.479410 0.000010 0.000010 0.050669 0.000010 0.000010 0.000010 0.000010 0.000010 0.000010 0.277759 0.079445 0.000010 0.031421 0.055852 0.020155 0.000010
0.000010 0.000010 0.000010 0.457073 0.000010 0.000010 0.072973 0.000010 0.024288 0.000010 0.000010 0.000010 0.000010 0.280549 0.071318 0.041596 0.038699 0.000010 0.013385 0.000010
0.000010 0.018307 0.000010 0.000010 0.017987 0.000010 0.013683 0.000010 0.105936 0.042499 0.000010 0.000010 0.000010 0.013076 0.053184 0.033365 0.078963 0.000010 0.000010 0.622899
0.014973 0.000010 0.002967 0.212667 0.000010 0.000010 0.000010 0.018209 0.000010 0.000010 0.000010 0.000010 0.000010 0.699714 0.000010 0.002835 0.048506 0.000010 0.000010 0.000010
0.000010 0.029885 0.000010 0.403491 0.000010 0.000010 0.010749 0.000010 0.037763 0.000010 0.000010 0.000010 0.000010 0.346170 0.057514 0.000010 0.000010 0.036524 0.027496 0.050298
0.013776 0.033536 0.047407 0.018741 0.000010 0.000010 0.062647 0.000010 0.047870 0.000010 0.000010 0.000010 0.000010 0.319714 0.000010 0.017855 0.000010 0.011027 0.005303 0.422034
0.000010 0.000010 0.000010 0.410646 0.000010 0.013190 0.000010 0.013889 0.000010 0.000010 0.000010 0.000010 0.000010 0.453370 0.025948 0.000010 0.000010 0.056600 0.018659 0.007578
0.071086 0.015000 0.000010 0.316770 0.000010 0.000010 0.054676 0.018230 0.057766 0.000085 0.000010 0.048724 0.000010 0.311656 0.027100 0.000010 0.005276 0.042147 0.009257 0.022168
0.149247 0.078843 0.000010 0.001066 0.000010 0.000010 0.035478 0.044308 0.063481 0.089647 0.010007 0.002074 0.000010 0.006666 0.119789 0.041229 0.010945 0.000010 0.190852 0.156318
0.000010 0.000010 0.000010 0.000010 0.000010 0.247472 0.000010 0.333586 0.000010 0.000010 0.000010 0.000010 0.000010 0.000010 0.000010 0.000010 0.000010 0.174842 0.243940 0.000010
0.010614 0.017298 0.000010 0.000010 0.104251 0.000010 0.000010 0.006445 0.000010 0.000010 0.000010 0.021774 0.000010 0.000010 0.143478 0.000010 0.067955 0.000010 0.628065 0.000010
0.000010 0.025491 0.000010 0.000010 0.031873 0.000010 0.005537 0.016345 0.016580 0.000010 0.006597 0.000010 0.000010 0.000010 0.015528 0.000010 0.040493 0.006485 0.000010 0.834971
0.120546 0.015296 0.000010 0.067341 0.085151 0.000010 0.124413 0.000010 0.063919 0.000652 0.000010 0.000010 0.000010 0.216072 0.254059 0.000010 0.000010 0.052451 0.000010 0.000010
0.089482 0.000010 0.033843 0.286283 0.000010 0.000010 0.092468 0.009611 0.005902 0.004230 0.000010 0.000010 0.000010 0.061827 0.254216 0.068688 0.000010 0.049130 0.000010 0.044239
0.234764 0.011054 0.000010 0.114927 0.030236 0.015016 0.163545 0.000010 0.045333 0.000010 0.009418 0.000010 0.000010 0.061121 0.200738 0.041698 0.000010 0.016737 0.000010 0.055341
0.000010 0.129728 0.000010 0.707064 0.005736 0.000010 0.010062 0.001152 0.035927 0.026851 0.000010 0.000010 0.027875 0.000010 0.000010 0.033400 0.012078 0.010037 0.000010 0.000010
0.000010 0.000010 0.000010 0.471585 0.000010 0.000010 0.000010 0.001400 0.037406 0.000010 0.000010 0.000010 0.025832 0.284480 0.112365 0.019263 0.000010 0.001617 0.008354 0.037597
0.016137 0.087272 0.000010 0.598457 0.044453 0.000010 0.060649 0.000010 0.015051 0.000010 0.000010 0.000010 0.000010 0.051431 0.000010 0.000010 0.040657 0.025643 0.022885 0.037275
0.030848 0.026238 0.000010 0.245451 0.000010 0.000010 0.020070 0.025277 0.000010 0.018141 0.000010 0.031909 0.000010 0.498754 0.079193 0.000010 0.000010 0.017262 0.000010 0.006768
0.000010 0.027641 0.007706 0.216728 0.035515 0.000010 0.015373 0.000010 0.000884 0.000010 0.000010 0.012159 0.000010 0.600763 0.001726 0.051101 0.000010 0.000010 0.028602 0.001722
0.000010 0.025574 0.000010 0.231529 0.000010 0.024887 0.067088 0.026349 0.018031 0.057719 0.009037 0.000010 0.000010 0.409150 0.096692 0.024974 0.000010 0.008890 0.000010 0.000010
0.000010 0.000010 0.000010 0.000010 0.000010 0.000010 0.000010 0.999810 0.000010 0.000010 0.000010 0.000010 0.000010 0.000010 0.000010 0.000010 0.000010 0.000010 0.000010 0.000010
0.000010 0.000010 0.000010 0.422364 0.000010 0.000010 0.000466 0.000010 0.000010 0.000010 0.000010 0.027036 0.000010 0.346603 0.132774 0.016131 0.000010 0.000010 0.014855 0.039651
0.035183 0.028696 0.000010 0.087424 0.013092 0.012916 0.000010 0.000010 0.015918 0.090557 0.000010 0.000010 0.039303 0.586745 0.084570 0.005504 0.000010 0.000010 0.000010 0.000010
0.000010 0.000010 0.002764 0.139212 0.027015 0.000010 0.000010 0.006367 0.014722 0.142553 0.000010 0.003947 0.000010 0.024202 0.044064 0.000010 0.000010 0.000010 0.020550 0.574515
0.000010 0.023171 0.000010 0.126866 0.000010 0.000010 0.004686 0.000010 0.018688 0.196037 0.000010 0.000010 0.039004 0.000010 0.019452 0.000010 0.000010 0.000010 0.019235 0.552751
0.000010 0.719252 0.010552 0.172066 0.000010 0.000010 0.000010 0.000010 0.051091 0.004943 0.000010 0.024449 0.004584 0.000010 0.000010 0.000010 0.000010 0.000010 0.000010 0.012942
0.000010 0.000010 0.000010 0.007293 0.027338 0.000010 0.000010 0.000010 0.051784 0.029391 0.000010 0.000010 0.000010 0.024199 0.010583 0.009722 0.149842 0.000010 0.006389 0.683359
0.000010 0.000010 0.000010 0.000010 0.000010 0.000010 0.000010 0.999810 0.000010 0.000010 0.000010 0.000010 0.000010 0.000010 0.000010 0.000010 0.000010 0.000010 0.000010 0.000010
0.022322 0.000010 0.585547 0.000010 0.017306 0.119507 0.000011 0.000010 0.000010 0.000010 0.044821 0.012823 0.105898 0.014181 0.000010 0.077482 0.000010 0.000013 0.000010 0.000010
0.000010 0.042077 0.000010 0.039498 0.054518 0.000010 0.000010 0.000010 0.008088 0.495512 0.000010 0.000010 0.000010 0.013406 0.000010 0.000010 0.000010 0.003899 0.006718 0.336174
0.105129 0.060990 0.000010 0.267986 0.159258 0.000010 0.000010 0.004776 0.000010 0.051900 0.006478 0.000010 0.000010 0.105078 0.016819 0.000010 0.015468 0.097309 0.000010 0.108730
0.000010 0.000010 0.436213 0.000010 0.000010 0.263844 0.000010 0.000010 0.000010 0.000010 0.180145 0.000010 0.058587 0.000010 0.000010 0.045354 0.000010 0.000010 0.015717 0.000010
0.000010 0.041280 0.670248 0.040782 0.000010 0.004424 0.000010 0.014052 0.000010 0.000010 0.131360 0.000010 0.076303 0.000010 0.000010 0.000010 0.000010 0.000010 0.017369 0.004073
0.000010 0.000010 0.520421 0.098733 0.000010 0.095901 0.000010 0.000010 0.000010 0.000010 0.140367 0.069942 0.016560 0.000010 0.009204 0.036538 0.000010 0.012223 0.000010 0.000010
0.000010 0.000017 0.679585 0.010303 0.033917 0.091542 0.000010 0.023020 0.000010 0.000010 0.064445 0.000010 0.087029 0.010034 0.000010 0.000010 0.000010 0.000010 0.000010 0.000010
0.033861 0.000010 0.588466 0.000010 0.025166 0.119528 0.000010 0.000010 0.000010 0.000010 0.113395 0.046340 0.017065 0.007788 0.017457 0.024129 0.006715 0.000010 0.000010 0.000010
0.036138 0.000010 0.209184 0.214827 0.192759 0.000010 0.000010 0.006412 0.065310 0.074299 0.056395 0.000010 0.012236 0.006229 0.016998 0.000010 0.022607 0.013171 0.018440 0.054946
0.999810 0.000010 0.000010 0.000010 0.000010 0.000010 0.000010 0.000010 0.000010 0.000010 0.000010 0.000010 0.000010 0.000010 0.000010 0.000010 0.000010 0.000010 0.000010 0.000010
0.999810 0.000010 0.000010 0.000010 0.000010 0.000010 0.000010 0.000010 0.000010 0.000010 0.000010 0.000010 0.000010 0.000010 0.000010 0.000010 0.000010 0.000010 0.000010 0.000010
0.039240 0.000010 0.000010 0.327388 0.045032 0.000010 0.000010 0.000010 0.039121 0.275949 0.000010 0.053930 0.000010 0.000010 0.000010 0.000010 0.000010 0.041683 0.000010 0.177537
0.000010 0.000010 0.000010 0.000010 0.000010 0.000010 0.000010 0.022968 0.082034 0.074512 0.021834 0.000010 0.000010 0.000010 0.000010 0.000010 0.014717 0.000010 0.049392 0.734412
0.999810 0.000010 0.000010 0.000010 0.000010 0.000010 0.000010 0.000010 0.000010 0.000010 0.000010 0.000010 0.000010 0.000010 0.000010 0.000010 0.000010 0.000010 0.000010 0.000010
0.024804 0.031917 0.000010 0.732250 0.206034 0.000010 0.000010 0.000010 0.000010 0.000010 0.000010 0.000010 0.000010 0.000010 0.000010 0.000010 0.000010 0.000010 0.004845 0.000010
0.999810 0.000010 0.000010 0.000010 0.000010 0.000010 0.000010 0.000010 0.000010 0.000010 0.000010 0.000010 0.000010 0.000010 0.000010 0.000010 0.000010 0.000010 0.000010 0.000010
0.000010 0.040758 0.000010 0.613509 0.029151 0.000010 0.027124 0.000010 0.000010 0.000010 0.000010 0.000010 0.000010 0.074522 0.000010 0.030291 0.029548 0.000010 0.000765 0.154223
0.000015 0.000010 0.000010 0.000010 0.000010 0.000010 0.000010 0.000010 0.000010 0.000016 0.000010 0.000010 0.000010 0.000010 0.000010 0.000010 0.000010 0.000010 0.999799 0.000010
0.014250 0.000010 0.000010 0.100004 0.000010 0.006780 0.037869 0.000010 0.000010 0.194665 0.000010 0.000010 0.000010 0.000010 0.000010 0.008182 0.006754 0.000010 0.000010 0.631377
0.465634 0.000010 0.000010 0.000010 0.000010 0.000010 0.000010 0.000010 0.000010 0.000010 0.000010 0.000010 0.000010 0.000010 0.130316 0.000010 0.000010 0.007469 0.396421 0.000010
0.000010 0.000010 0.000010 0.000010 0.000010 0.000010 0.000010 0.000010 0.000010 0.999810 0.000010 0.000010 0.000010 0.000010 0.000010 0.000010 0.000010 0.000010 0.000010 0.000010
0.041365 0.046990 0.000010 0.638846 0.173007 0.000010 0.000010 0.012922 0.000010 0.000010 0.000010 0.000010 0.000010 0.000010 0.000010 0.007617 0.061417 0.000010 0.017715 0.000010
0.031607 0.012575 0.000010 0.501175 0.098524 0.000010 0.019617 0.000010 0.000827 0.029340 0.000010 0.045632 0.000010 0.051872 0.000010 0.000010 0.036723 0.000010 0.010425 0.161603
0.002332 0.000010 0.000010 0.125357 0.000010 0.009126 0.000010 0.000010 0.029430 0.031957 0.000010 0.018362 0.000010 0.000010 0.000010 0.000010 0.009589 0.000010 0.000010 0.773727
0.188219 0.000010 0.000010 0.044404 0.000010 0.022446 0.100942 0.013272 0.000010 0.000010 0.000010 0.000010 0.099863 0.071394 0.108131 0.338990 0.000010 0.012238 0.000010 0.000010
0.000010 0.019165 0.000010 0.246142 0.039147 0.000010 0.015588 0.000010 0.150390 0.020190 0.000010 0.004460 0.000010 0.001264 0.028079 0.000010 0.000010 0.000010 0.000010 0.475474
0.000010 0.013394 0.000010 0.114592 0.063534 0.000010 0.006313 0.000010 0.011729 0.003854 0.000010 0.000010 0.000010 0.008459 0.032239 0.034129 0.006296 0.000010 0.000010 0.705371
0.000010 0.000010 0.000010 0.000010 0.000010 0.000010 0.004788 0.000010 0.000010 0.064006 0.000591 0.000010 0.000010 0.070540 0.000010 0.000010 0.000010 0.000010 0.020136 0.839800
0.041565 0.039302 0.000010 0.638766 0.051801 0.000010 0.000010 0.010255 0.013218 0.000010 0.000010 0.000010 0.000010 0.096077 0.000010 0.004551 0.030531 0.000010 0.000010 0.073834
0.000010 0.000010 0.000010 0.000010 0.000010 0.000010 0.000010 0.000010 0.000010 0.999810 0.000010 0.000010 0.000010 0.000010 0.000010 0.000010 0.000010 0.000010 0.000010 0.000010
0.000010 0.000010 0.000013 0.000010 0.000010 0.000010 0.000010 0.000010 0.000016 0.000010 0.000010 0.000010 0.000014 0.000012 0.000010 0.000010 0.000010 0.000010 0.999795 0.000010
0.000010 0.000011 0.000011 0.000010 0.000010 0.000010 0.000010 0.000010 0.000010 0.000010 0.000010 0.000010 0.000011 0.000010 0.000010 0.000010 0.000010 0.000010 0.999808 0.000010
0.000010 0.024309 0.000010 0.126793 0.000010 0.000010 0.000010 0.003080 0.000010 0.091682 0.000010 0.000010 0.005641 0.000010 0.028432 0.000010 0.000010 0.000010 0.000010 0.719934
0.000010 0.000010 0.000010 0.000013 0.000010 0.000010 0.000010 0.000010 0.000010 0.000010 0.000010 0.000010 0.000010 0.000010 0.000010 0.000011 0.000010 0.000010 0.999806 0.000010
0.000010 0.000010 0.000010 0.000010 0.343149 0.000010 0.000010 0.000010 0.000010 0.000010 0.000010 0.000010 0.000010 0.000010 0.000010 0.000010 0.000010 0.000010 0.000010 0.656671
0.000010 0.000010 0.000010 0.000010 0.000010 0.000010 0.000010 0.000010 0.000010 0.013497 0.000010 0.000010 0.000010 0.000010 0.000010 0.001281 0.000010 0.000010 0.000010 0.985053
0.000010 0.000011 0.000010 0.000010 0.000010 0.000010 0.000011 0.000010 0.000010 0.000010 0.000010 0.000010 0.000010 0.000010 0.000010 0.000010 0.000010 0.000010 0.999807 0.000010
0.000010 0.000012 0.000010 0.000010 0.000010 0.000010 0.000010 0.000010 0.000010 0.000010 0.000010 0.000010 0.000010 0.000010 0.000010 0.000010 0.000010 0.000010 0.999808 0.000010
0.000014 0.000010 0.000010 0.000010 0.000010 0.000010 0.000010 0.000010 0.000010 0.000010 0.000010 0.000010 0.000010 0.000010 0.000010 0.000010 0.000010 0.000010 0.999806 0.000010
0.000010 0.000010 0.000010 0.000010 0.000010 0.000010 0.000010 0.000010 0.000010 0.000012 0.000010 0.000016 0.000010 0.000010 0.000010 0.000010 0.000010 0.021121 0.978690 0.000010
0.000010 0.000010 0.000010 0.000010 0.000010 0.000010 0.000010 0.012689 0.000010 0.000010 0.000010 0.000010 0.038400 0.000010 0.124618 0.000010 0.019053 0.000010 0.805090 0.000010
0.000010 0.000010 0.035974 0.765973 0.000010 0.000010 0.000010 0.000010 0.000010 0.000010 0.000010 0.000010 0.000010 0.000010 0.072366 0.052661 0.000010 0.000010 0.024952 0.047934
0.000010 0.000010 0.000010 0.711450 0.053729 0.005534 0.044127 0.003121 0.061538 0.031995 0.000010 0.000010 0.000010 0.000010 0.030656 0.000010 0.000010 0.000010 0.032761 0.024989
0.000010 0.000012 0.000010 0.000010 0.000010 0.000010 0.000010 0.000010 0.000013 0.000010 0.000010 0.000010 0.000010 0.000010 0.000010 0.000010 0.000010 0.000010 0.999805 0.000010
0.000010 0.000010 0.000010 0.060394 0.089563 0.000010 0.000010 0.010284 0.067700 0.016405 0.000010 0.000010 0.000010 0.000010 0.036847 0.000010 0.245374 0.014610 0.068065 0.390658
0.000017 0.037067 0.000010 0.045937 0.080041 0.000010 0.000010 0.000010 0.000010 0.306938 0.000010 0.000010 0.000010 0.000010 0.013700 0.000010 0.000010 0.000010 0.001723 0.514457
0.000010 0.000012 0.000011 0.000010 0.000010 0.000010 0.000010 0.000010 0.000010 0.000010 0.000010 0.000010 0.000010 0.000010 0.000010 0.000010 0.000010 0.000010 0.999807 0.000010
0.000010 0.014177 0.000010 0.000010 0.000010 0.000010 0.000010 0.001694 0.003228 0.000010 0.000010 0.003532 0.000010 0.000010 0.009856 0.013431 0.000010 0.021357 0.932605 0.000010
0.000010 0.000010 0.000010 0.000010 0.000010 0.000010 0.000010 0.000010 0.000010 0.000010 0.000010 0.000010 0.000010 0.000010 0.000010 0.000013 0.000010 0.000011 0.999806 0.000010
0.000010 0.217208 0.000010 0.227064 0.047214 0.016630 0.003320 0.042672 0.092759 0.021830 0.000010 0.035776 0.000010 0.098695 0.084498 0.000010 0.000010 0.026571 0.000010 0.085693
0.000010 0.009401 0.000010 0.855342 0.000010 0.000010 0.000010 0.000010 0.000010 0.000010 0.000010 0.000010 0.000010 0.000010 0.000010 0.000010 0.000010 0.000010 0.050752 0.084345
0.000010 0.024051 0.016883 0.736930 0.056316 0.000010 0.026956 0.000010 0.000010 0.051483 0.000010 0.003647 0.021079 0.004664 0.000010 0.000010 0.000010 0.000010 0.030422 0.027477
0.000010 0.027502 0.000010 0.835718 0.000010 0.000010 0.000010 0.000010 0.000010 0.007733 0.011092 0.000010 0.000010 0.079595 0.000010 0.000010 0.000010 0.000010 0.038221 0.000010
0.000010 0.000010 0.000010 0.000010 0.000010 0.000010 0.000010 0.000010 0.000010 0.000010 0.000010 0.000010 0.000010 0.000010 0.174158 0.000010 0.000010 0.000010 0.825662 0.000010
0.000010 0.000010 0.000010 0.000010 0.000010 0.561308 0.000010 0.000010 0.000010 0.000010 0.000010 0.000010 0.000010 0.000010 0.000010 0.000010 0.000010 0.000010 0.438512 0.000010
0.000010 0.000010 0.000010 0.000010 0.000010 0.000010 0.000010 0.000010 0.000010 0.000010 0.000010 0.000010 0.000010 0.000010 0.000010 0.000010 0.000010 0.000010 0.999810 0.000010
0.000010 0.000010 0.000010 0.000010 0.000010 0.000010 0.000013 0.000010 0.000010 0.000010 0.000010 0.000010 0.000010 0.000010 0.000010 0.000010 0.000010 0.000010 0.999807 0.000010
0.000012 0.000010 0.000013 0.000010 0.000010 0.000010 0.000010 0.000010 0.000010 0.000010 0.000010 0.000010 0.000010 0.000010 0.000010 0.000010 0.000010 0.000010 0.999805 0.000010
0.000010 0.000010 0.000010 0.000010 0.000010 0.000010 0.000010 0.000010 0.000010 0.000010 0.000010 0.000010 0.000010 0.000010 0.000010 0.000010 0.000010 0.000010 0.999810 0.000010
0.000010 0.000010 0.000010 0.000010 0.000011 0.000010 0.000010 0.000010 0.000010 0.000010 0.000010 0.000010 0.000010 0.000010 0.000010 0.000010 0.000010 0.000010 0.999809 0.000010
0.000010 0.000010 0.000010 0.000010 0.000010 0.000010 0.000010 0.000010 0.000010 0.000010 0.000010 0.000010 0.000010 0.000010 0.000010 0.000010 0.000010 0.000010 0.999810 0.000010
0.000010 0.299221 0.000010 0.020798 0.339590 0.000010 0.000010 0.006457 0.000010 0.000010 0.000010 0.004701 0.030542 0.039350 0.048099 0.000010 0.000010 0.000010 0.013222 0.197920
0.000010 0.000010 0.000010 0.000010 0.000010 0.000010 0.000010 0.000010 0.000010 0.000010 0.000010 0.000010 0.000010 0.000010 0.000010 0.000010 0.000010 0.000010 0.999810 0.000010
0.000010 0.000010 0.000010 0.000010 0.000010 0.000010 0.000010 0.000010 0.000010 0.000010 0.000010 0.041385 0.000010 0.000010 0.088559 0.000010 0.025497 0.000010 0.844400 0.000010
0.000010 0.001101 0.000010 0.084463 0.036205 0.000010 0.000010 0.013756 0.012905 0.000010 0.000010 0.007032 0.000010 0.000010 0.000010 0.000010 0.000010 0.000010 0.000010 0.844408
0.000010 0.002220 0.000010 0.000010 0.000010 0.000010 0.000010 0.000010 0.000010 0.000010 0.000010 0.000010 0.000010 0.000010 0.207724 0.000010 0.025618 0.000010 0.764277 0.000010
0.000010 0.035944 0.000010 0.000010 0.000010 0.000010 0.023327 0.000010 0.013151 0.000010 0.000010 0.000010 0.000010 0.000010 0.161765 0.000010 0.238411 0.014338 0.414279 0.098666
0.000010 0.000011 0.000010 0.000010 0.000010 0.000010 0.000010 0.000010 0.000010 0.000010 0.000010 0.000010 0.000012 0.000010 0.000010 0.000013 0.000010 0.000010 0.999804 0.000010
0.000010 0.000010 0.000012 0.000010 0.000010 0.000010 0.000012 0.000010 0.000010 0.000010 0.000011 0.000010 0.000010 0.000010 0.000010 0.000010 0.000010 0.000010 0.999805 0.000010
0.000010 0.000010 0.000010 0.000010 0.000010 0.000010 0.000011 0.000010 0.000010 0.000010 0.000010 0.000010 0.000012 0.000010 0.000010 0.000010 0.000010 0.000010 0.999808 0.000010
0.000010 0.000010 0.000010 0.000016 0.000010 0.000010 0.000010 0.000010 0.000010 0.000010 0.000010 0.000010 0.000010 0.000010 0.000010 0.000010 0.000010 0.000010 0.999804 0.000010
0.000010 0.018141 0.000010 0.000010 0.000010 0.000010 0.000010 0.000010 0.000010 0.000010 0.000010 0.011651 0.000010 0.000010 0.000010 0.000010 0.000010 0.000010 0.970038 0.000010
0.000020 0.000010 0.000011 0.000010 0.000010 0.000010 0.000010 0.000010 0.000011 0.000014 0.000010 0.000010 0.000010 0.000010 0.000010 0.000010 0.000010 0.000010 0.999794 0.000010
0.000010 0.999810 0.000010 0.000010 0.000010 0.000010 0.000010 0.000010 0.000010 0.000010 0.000010 0.000010 0.000010 0.000010 0.000010 0.000010 0.000010 0.000010 0.000010 0.000010
0.000010 0.000010 0.000010 0.000010 0.000010 0.000010 0.000010 0.000010 0.000010 0.000010 0.000010 0.999810 0.000010 0.000010 0.000010 0.000010 0.000010 0.000010 0.000010 0.000010
0.000010 0.000010 0.000010 0.000010 0.000010 0.000010 0.000010 0.000010 0.000010 0.000010 0.000010 0.999810 0.000010 0.000010 0.000010 0.000010 0.000010 0.000010 0.000010 0.000010
0.000010 0.000010 0.000010 0.000010 0.000010 0.000010 0.000010 0.000010 0.000010 0.000010 0.000010 0.999810 0.000010 0.000010 0.000010 0.000010 0.000010 0.000010 0.000010 0.000010
0.000010 0.000011 0.000010 0.000010 0.000010 0.000010 0.000010 0.000010 0.000010 0.000010 0.000010 0.000010 0.000010 0.000010 0.000010 0.000010 0.000010 0.000010 0.999809 0.000010
0.000010 0.000010 0.000014 0.000012 0.000010 0.000010 0.000010 0.000010 0.000018 0.000010 0.000011 0.000019 0.000010 0.000010 0.000010 0.000010 0.000010 0.000010 0.999786 0.000010
0.000010 0.000010 0.000010 0.000010 0.000010 0.000010 0.000010 0.000019 0.000010 0.000010 0.000010 0.999801 0.000010 0.000010 0.000010 0.000010 0.000010 0.000010 0.000010 0.000010
0.000010 0.000010 0.000010 0.000010 0.000010 0.000010 0.000010 0.000010 0.000010 0.000010 0.000010 0.999810 0.000010 0.000010 0.000010 0.000010 0.000010 0.000010 0.000010 0.000010
0.000010 0.000010 0.000010 0.000010 0.000010 0.000010 0.000010 0.000010 0.000010 0.000010 0.000010 0.999810 0.000010 0.000010 0.000010 0.000010 0.000010 0.000010 0.000010 0.000010
0.000010 0.000010 0.000010 0.000010 0.000010 0.000010 0.000010 0.000010 0.000010 0.000010 0.000010 0.000010 0.000010 0.000010 0.000010 0.000010 0.000010 0.000010 0.999810 0.000010
0.000010 0.000010 0.000010 0.000010 0.000010 0.000010 0.000010 0.000010 0.000010 0.000010 0.000010 0.000010 0.000010 0.000010 0.000010 0.000010 0.000010 0.000010 0.999810 0.000010
0.183987 0.000010 0.000010 0.000010 0.000010 0.000010 0.000010 0.000010 0.000010 0.000010 0.000010 0.000010 0.000010 0.000010 0.000010 0.815833 0.000010 0.000010 0.000010 0.000010
0.000010 0.000010 0.000010 0.000010 0.000010 0.000010 0.000010 0.000010 0.000010 0.000010 0.000010 0.000010 0.000010 0.000010 0.000010 0.000013 0.000010 0.000010 0.999807 0.000010
0.000010 0.000010 0.000010 0.000010 0.000010 0.000010 0.905307 0.000010 0.000087 0.000010 0.000010 0.000010 0.000010 0.000010 0.000010 0.000010 0.000010 0.000010 0.000010 0.094436
0.000010 0.000010 0.000010 0.000010 0.000010 0.000010 0.000010 0.000010 0.000010 0.000010 0.000010 0.000010 0.000010 0.000010 0.000010 0.000010 0.000010 0.999810 0.000010 0.000010
0.000010 0.000010 0.000010 0.000010 0.000010 0.000010 0.000010 0.000010 0.000010 0.000010 0.000010 0.000010 0.000010 0.000010 0.000010 0.000010 0.000010 0.999810 0.000010 0.000010
0.010557 0.000010 0.000010 0.127465 0.000010 0.000010 0.027405 0.000010 0.181717 0.058702 0.000010 0.000010 0.049931 0.017920 0.000010 0.000010 0.000010 0.000010 0.000010 0.526183
0.000010 0.000010 0.000010 0.000010 0.000010 0.000010 0.000010 0.000010 0.000010 0.000010 0.000010 0.000010 0.000010 0.000010 0.000010 0.000010 0.000010 0.999810 0.000010 0.000010
0.000010 0.000010 0.828841 0.000010 0.009680 0.000010 0.043172 0.000431 0.000010 0.000010 0.102393 0.000010 0.013025 0.000010 0.000010 0.000010 0.000010 0.000010 0.002327 0.000010
0.240982 0.016526 0.000010 0.032931 0.100531 0.019723 0.096004 0.028286 0.000010 0.000010 0.073670 0.000010 0.062033 0.099434 0.097461 0.085643 0.002351 0.033009 0.011365 0.000010
0.000010 0.018331 0.000010 0.002734 0.000010 0.020509 0.070155 0.009303 0.103929 0.006999 0.000103 0.000010 0.000010 0.126330 0.011945 0.000010 0.237051 0.000010 0.000010 0.392531
0.024692 0.015585 0.000010 0.000010 0.000010 0.000010 0.000010 0.002094 0.000010 0.000010 0.000010 0.036992 0.788490 0.000010 0.062654 0.000010 0.002371 0.036929 0.030082 0.000010
0.000010 0.000010 0.000010 0.000010 0.000010 0.000010 0.000010 0.000010 0.000010 0.000010 0.000010 0.000010 0.000010 0.000010 0.000010 0.000010 0.999810 0.000010 0.000010 0.000010
0.000010 0.000010 0.000010 0.000010 0.000010 0.000010 0.000010 0.000010 0.000010 0.000010 0.000010 0.000010 0.000010 0.000010 0.000010 0.000010 0.999810 0.000010 0.000010 0.000010
0.000010 0.000010 0.000010 0.000010 0.220095 0.000010 0.000010 0.000010 0.000010 0.000010 0.000010 0.006182 0.000010 0.000010 0.000010 0.000010 0.017458 0.000010 0.000010 0.756105
0.000010 0.000010 0.000010 0.000010 0.010120 0.000010 0.071565 0.018447 0.000010 0.000010 0.000010 0.018390 0.026085 0.000010 0.161508 0.000010 0.071461 0.000010 0.622303 0.000010
0.024744 0.035920 0.000010 0.350261 0.011333 0.000010 0.008851 0.061416 0.022483 0.000010 0.000010 0.000010 0.000010 0.072476 0.026944 0.008666 0.016221 0.000010 0.023620 0.336995
0.000010 0.005947 0.000010 0.063086 0.061497 0.000010 0.000010 0.011882 0.007934 0.024646 0.000010 0.000010 0.000010 0.000010 0.000010 0.000010 0.017545 0.000010 0.066942 0.740411
0.000010 0.000010 0.000010 0.004846 0.000010 0.000010 0.009514 0.000010 0.000010 0.000010 0.000010 0.000010 0.000010 0.000010 0.011507 0.030050 0.328248 0.013549 0.197974 0.404192
0.319363 0.000010 0.000010 0.151393 0.059938 0.028733 0.126554 0.000010 0.000010 0.016355 0.000010 0.000010 0.000010 0.150944 0.146599 0.000010 0.000010 0.000010 0.000010 0.000010
0.000010 0.019234 0.000010 0.189121 0.000010 0.023802 0.023265 0.000010 0.000010 0.721608 0.000010 0.000010 0.000010 0.000010 0.000010 0.005482 0.000010 0.002548 0.014820 0.000010
0.018099 0.042139 0.000010 0.541849 0.129784 0.000010 0.104062 0.000010 0.000010 0.019884 0.003133 0.000010 0.002704 0.082575 0.000010 0.053656 0.001644 0.000010 0.000392 0.000010
0.014101 0.000010 0.000010 0.000010 0.000010 0.000010 0.037797 0.000010 0.000010 0.000010 0.000010 0.172415 0.689381 0.000010 0.055254 0.005444 0.000010 0.015654 0.009713 0.000131
0.000010 0.000010 0.000010 0.000010 0.000010 0.000010 0.000010 0.000010 0.000010 0.000010 0.000010 0.006819 0.000010 0.000010 0.085025 0.000010 0.074877 0.000010 0.833119 0.000010
0.000010 0.000010 0.000010 0.000010 0.000010 0.000010 0.000010 0.000010 0.000010 0.000010 0.016420 0.073473 0.839226 0.000010 0.061436 0.006949 0.002356 0.000010 0.000010 0.000010
0.000010 0.000010 0.000010 0.000010 0.000010 0.000010 0.000010 0.000010 0.000010 0.000010 0.000010 0.999810 0.000010 0.000010 0.000010 0.000010 0.000010 0.000010 0.000010 0.000010
0.000010 0.055617 0.000010 0.346022 0.042861 0.028939 0.000010 0.000010 0.096316 0.067019 0.000010 0.000010 0.030550 0.000010 0.000010 0.000010 0.000010 0.000434 0.000010 0.332132
0.000010 0.000010 0.000010 0.000010 0.476474 0.000010 0.000010 0.000010 0.000010 0.000010 0.000010 0.000010 0.000010 0.000010 0.000010 0.009826 0.000010 0.000010 0.000010 0.513530
0.000010 0.000010 0.000010 0.000010 0.000010 0.000010 0.000010 0.000010 0.000010 0.000010 0.644434 0.000010 0.000010 0.000010 0.000010 0.355386 0.000010 0.000010 0.000010 0.000010
0.000010 0.030973 0.012195 0.000010 0.392064 0.000010 0.014161 0.000010 0.000010 0.000010 0.000010 0.000010 0.000010 0.000010 0.031894 0.020300 0.000010 0.000010 0.004254 0.494039
0.000010 0.000010 0.000010 0.000010 0.385066 0.000010 0.000010 0.000010 0.000010 0.000010 0.000010 0.000010 0.000010 0.000010 0.000010 0.000010 0.000010 0.000010 0.000230 0.614534
0.000010 0.035619 0.000010 0.000010 0.073065 0.000010 0.000010 0.009238 0.000010 0.023241 0.000010 0.000010 0.000010 0.012545 0.019493 0.000010 0.000010 0.002307 0.000010 0.824372
0.154962 0.000010 0.017391 0.011614 0.106321 0.000010 0.073995 0.026681 0.199388 0.000010 0.000010 0.000010 0.212489 0.184986 0.000010 0.000010 0.000010 0.012071 0.000010 0.000010
0.999806 0.000010 0.000010 0.000010 0.000010 0.000014 0.000010 0.000010 0.000010 0.000010 0.000010 0.000010 0.000010 0.000010 0.000010 0.000010 0.000010 0.000010 0.000010 0.000010
0.001511 0.134259 0.000010 0.000010 0.217848 0.000010 0.059066 0.000010 0.000010 0.000010 0.000010 0.012038 0.000010 0.015278 0.000010 0.022041 0.050235 0.003509 0.013196 0.470929
0.000010 0.000010 0.000010 0.000010 0.000010 0.000010 0.000010 0.000010 0.000010 0.000010 0.000010 0.999810 0.000010 0.000010 0.000010 0.000010 0.000010 0.000010 0.000010 0.000010
0.000010 0.030699 0.000010 0.085357 0.883774 0.000010 0.000010 0.000010 0.000010 0.000010 0.000010 0.000010 0.000010 0.000010 0.000010 0.000010 0.000010 0.000010 0.000010 0.000010
0.000010 0.000010 0.000010 0.036550 0.063992 0.013217 0.030814 0.000010 0.133178 0.000010 0.000010 0.000010 0.000010 0.058967 0.000010 0.000010 0.151793 0.010382 0.023602 0.477405
0.000010 0.000010 0.075253 0.000010 0.000010 0.067835 0.000010 0.000010 0.010743 0.000010 0.107270 0.228006 0.173680 0.084438 0.028119 0.023856 0.025534 0.166392 0.008796 0.000010
0.068643 0.000010 0.031179 0.318705 0.417771 0.000010 0.000010 0.023727 0.000010 0.024243 0.000012 0.005778 0.022043 0.028151 0.008541 0.032433 0.000010 0.000010 0.000010 0.018704
0.000010 0.000010 0.000010 0.000010 0.000010 0.000010 0.000010 0.000010 0.000010 0.000010 0.000010 0.000010 0.000010 0.000010 0.000010 0.000010 0.000010 0.000010 0.999810 0.000010
0.000010 0.000010 0.000010 0.000010 0.472813 0.000010 0.000010 0.000010 0.000010 0.000010 0.000010 0.000010 0.000010 0.000010 0.000010 0.000010 0.034458 0.000010 0.016683 0.475885
0.000010 0.000010 0.000010 0.000010 0.503976 0.000010 0.000010 0.000010 0.000010 0.000010 0.000010 0.000010 0.000010 0.000010 0.000010 0.000010 0.024826 0.000010 0.000010 0.471028
0.000010 0.000010 0.000010 0.000010 0.546235 0.000010 0.000010 0.000010 0.000010 0.023905 0.000010 0.000010 0.000010 0.000010 0.000010 0.000010 0.000010 0.000010 0.000010 0.429690
0.000010 0.000010 0.000010 0.028518 0.038654 0.000010 0.110956 0.020630 0.000010 0.017932 0.000010 0.002432 0.000010 0.032174 0.000010 0.000010 0.010900 0.000010 0.020704 0.717000
0.006162 0.000010 0.000010 0.047994 0.000010 0.000010 0.017515 0.001592 0.537130 0.002616 0.000010 0.002040 0.026458 0.073682 0.000010 0.000010 0.114173 0.000010 0.036402 0.134155
0.000010 0.069156 0.000010 0.053431 0.549675 0.000010 0.065310 0.000010 0.000010 0.000010 0.000010 0.044234 0.000010 0.009891 0.041018 0.012836 0.041596 0.009428 0.016217 0.087127
0.000010 0.000010 0.000010 0.000010 0.014246 0.000011 0.000010 0.000010 0.026153 0.143494 0.000010 0.000010 0.000010 0.000010 0.000010 0.047951 0.000010 0.000010 0.000010 0.768005
0.000010 0.000010 0.000010 0.000010 0.000010 0.000010 0.000010 0.000010 0.000010 0.002195 0.000010 0.000010 0.000010 0.000010 0.000010 0.000010 0.000010 0.000010 0.034420 0.963215
0.010216 0.228372 0.000010 0.137068 0.447825 0.000010 0.000581 0.000010 0.000010 0.000010 0.000010 0.002384 0.023657 0.000010 0.026885 0.000010 0.078326 0.002474 0.000010 0.042123
0.000010 0.014876 0.000010 0.008425 0.015261 0.000010 0.000010 0.000010 0.000010 0.021603 0.000010 0.000010 0.000010 0.007841 0.000010 0.000010 0.142454 0.000010 0.094155 0.695264
0.000010 0.103068 0.000010 0.000010 0.636925 0.000010 0.000010 0.000010 0.000010 0.000010 0.000010 0.004156 0.000010 0.096634 0.059590 0.000010 0.058771 0.000010 0.040726 0.000010
0.024559 0.005753 0.000010 0.098052 0.024625 0.003144 0.000010 0.000010 0.000010 0.044698 0.017126 0.000817 0.000010 0.000010 0.000010 0.000010 0.034541 0.014540 0.046180 0.685885
