0.000010 0.420718 0.000010 0.004667 0.059435 0.000010 0.389786 0.025826 0.099519 0.000010 0.000010
0.017331 0.556833 0.035896 0.000010 0.019050 0.018555 0.164071 0.054981 0.133253 0.000010 0.000010
0.000010 0.387865 0.000010 0.076923 0.000010 0.005287 0.382695 0.000010 0.050795 0.049397 0.046998
0.000010 0.000010 0.024566 0.071495 0.902120 0.001748 0.000010 0.000010 0.000010 0.000010 0.000010
0.016033 0.427611 0.000010 0.065759 0.000010 0.000010 0.187709 0.089650 0.174294 0.012884 0.026030
0.000010 0.130967 0.014615 0.053066 0.021704 0.000010 0.704844 0.007318 0.061438 0.000010 0.006018
0.000010 0.134507 0.045320 0.000010 0.430289 0.000010 0.300714 0.000010 0.006491 0.001070 0.081570
0.050405 0.000010 0.041919 0.000010 0.007545 0.000010 0.891056 0.000010 0.009015 0.000010 0.000010
0.071155 0.619005 0.003247 0.035631 0.050718 0.000010 0.020998 0.018716 0.180500 0.000010 0.000010
0.052147 0.061140 0.000010 0.000010 0.016895 0.000010 0.826978 0.000010 0.042779 0.000010 0.000010
0.067956 0.143354 0.004405 0.000010 0.000010 0.000010 0.538768 0.000861 0.244607 0.000010 0.000010
0.000010 0.463032 0.040157 0.037073 0.000010 0.003736 0.324917 0.000010 0.098468 0.029105 0.003483
0.047305 0.398183 0.052933 0.313086 0.128406 0.000010 0.023964 0.000010 0.000010 0.027363 0.008731
0.016501 0.328813 0.037356 0.087841 0.486190 0.000018 0.000010 0.000010 0.005975 0.001889 0.035395
0.017526 0.006178 0.000010 0.000010 0.007210 0.021548 0.866931 0.000010 0.080558 0.000010 0.000010
0.017174 0.418178 0.006495 0.069065 0.014719 0.031011 0.327746 0.009138 0.068603 0.030139 0.007732
0.026207 0.181707 0.000010 0.008471 0.020735 0.000010 0.662982 0.035859 0.063999 0.000010 0.000010
0.000010 0.095716 0.059789 0.000010 0.296687 0.000010 0.469433 0.000010 0.025113 0.001365 0.051857
0.645540 0.000010 0.045701 0.020400 0.000010 0.000010 0.243839 0.000010 0.044460 0.000010 0.000010
0.000010 0.000010 0.009347 0.000010 0.000010 0.889714 0.000010 0.047234 0.000010 0.053635 0.000010
0.000010 0.000010 0.016229 0.000010 0.007216 0.957306 0.016596 0.000010 0.000010 0.002593 0.000010
0.000010 0.000010 0.000010 0.000010 0.000010 0.999900 0.000010 0.000010 0.000010 0.000010 0.000010
0.000010 0.000010 0.043612 0.000010 0.000010 0.908527 0.016470 0.011442 0.000010 0.019889 0.000010
0.008897 0.061662 0.000010 0.083438 0.726924 0.038192 0.019736 0.032940 0.021350 0.000010 0.006841
0.998236 0.000010 0.000010 0.000010 0.001674 0.000010 0.000010 0.000010 0.000010 0.000010 0.000010
0.000010 0.013915 0.000010 0.000010 0.000010 0.921921 0.000010 0.017184 0.000010 0.046910 0.000010
0.000010 0.590072 0.029753 0.044039 0.021000 0.010224 0.028033 0.071503 0.166460 0.038896 0.000010
0.000010 0.000010 0.000010 0.000010 0.014940 0.961817 0.000010 0.008452 0.000010 0.014722 0.000010
0.088332 0.634140 0.000010 0.087219 0.022924 0.007749 0.099740 0.037108 0.015850 0.002865 0.004063
0.063158 0.698822 0.000014 0.052503 0.066911 0.013332 0.084853 0.004454 0.000010 0.015934 0.000010
0.122851 0.815856 0.000010 0.000010 0.000010 0.013885 0.000010 0.015822 0.031525 0.000010 0.000010
0.067168 0.678560 0.000010 0.078727 0.032776 0.000010 0.059390 0.025611 0.039654 0.018084 0.000010
0.000010 0.275217 0.005932 0.336173 0.166391 0.000010 0.043567 0.075924 0.000010 0.053659 0.043107
0.132846 0.422388 0.038999 0.280979 0.058235 0.000010 0.000010 0.049742 0.016772 0.000010 0.000010
0.029904 0.341311 0.304508 0.000010 0.000010 0.006623 0.125272 0.038306 0.128554 0.025492 0.000010
0.000010 0.153001 0.003250 0.041011 0.357302 0.000447 0.115217 0.000010 0.311022 0.015619 0.003111
0.000774 0.045849 0.000010 0.086114 0.423582 0.000010 0.190017 0.000010 0.253615 0.000010 0.000010
0.000010 0.000010 0.000010 0.000010 0.000010 0.000010 0.000010 0.000010 0.000010 0.999900 0.000010
0.075772 0.618165 0.077259 0.096138 0.027159 0.000010 0.000010 0.000010 0.105457 0.000010 0.000010
0.052698 0.714948 0.008656 0.083912 0.015327 0.000010 0.039879 0.039704 0.000010 0.020207 0.024649
0.000010 0.000010 0.000010 0.000010 0.000010 0.000010 0.999900 0.000010 0.000010 0.000010 0.000010
0.116698 0.489345 0.007711 0.091452 0.033014 0.020294 0.178732 0.029930 0.004712 0.000010 0.028103
0.000010 0.162573 0.006611 0.035345 0.016233 0.011938 0.707212 0.000010 0.018973 0.003428 0.037667
0.005235 0.123825 0.014141 0.007035 0.028023 0.000010 0.797578 0.001622 0.000010 0.017825 0.004696
0.080828 0.323593 0.000010 0.595499 0.000010 0.000010 0.000010 0.000010 0.000010 0.000010 0.000010
0.014206 0.000010 0.000010 0.000010 0.000010 0.660475 0.000010 0.008422 0.000010 0.316827 0.000010
0.000010 0.019355 0.006976 0.000010 0.000010 0.668169 0.000010 0.000010 0.019795 0.285645 0.000010
0.000010 0.139220 0.025410 0.176414 0.036202 0.200478 0.000010 0.148434 0.072854 0.200956 0.000010
0.065768 0.334882 0.032048 0.291695 0.032815 0.006683 0.000258 0.042235 0.074718 0.028844 0.090054
0.065816 0.417320 0.031299 0.287211 0.064085 0.048499 0.040456 0.014785 0.015915 0.000010 0.014603
0.000010 0.000010 0.000010 0.000010 0.000010 0.000010 0.000010 0.000010 0.000010 0.000010 0.999900
0.146954 0.368693 0.013838 0.223500 0.031507 0.020507 0.000010 0.109369 0.000010 0.029012 0.056599
0.000010 0.000010 0.000010 0.000010 0.000010 0.000010 0.000010 0.000010 0.000010 0.000010 0.999900
0.061538 0.377460 0.048223 0.321124 0.001462 0.000010 0.034998 0.024890 0.091468 0.027556 0.011270
0.137782 0.385279 0.005625 0.330620 0.030270 0.000432 0.000010 0.000010 0.000010 0.050669 0.059294
0.000010 0.000010 0.999900 0.000010 0.000010 0.000010 0.000010 0.000010 0.000010 0.000010 0.000010
0.000010 0.000096 0.040232 0.000010 0.008731 0.000010 0.879764 0.041745 0.000010 0.029383 0.000010
0.068835 0.657661 0.037098 0.098930 0.062395 0.000010 0.000010 0.000010 0.075031 0.000010 0.000010
0.105003 0.689298 0.012496 0.025127 0.038388 0.000010 0.000010 0.000010 0.071864 0.001282 0.056512
0.020000 0.109385 0.017815 0.000010 0.043743 0.000010 0.664277 0.000010 0.052933 0.000010 0.091807
0.024284 0.850224 0.000010 0.052796 0.000010 0.000010 0.000010 0.000010 0.019891 0.025534 0.027221
0.028261 0.670445 0.041834 0.068386 0.049860 0.000010 0.094953 0.000010 0.046221 0.000010 0.000010
0.092759 0.342561 0.027177 0.019874 0.006894 0.049524 0.441491 0.000010 0.000010 0.000010 0.019689
0.000010 0.769191 0.009813 0.088131 0.033254 0.000010 0.040313 0.000010 0.038742 0.020517 0.000010
0.084510 0.574389 0.032457 0.112978 0.033121 0.000010 0.050628 0.028644 0.052617 0.018962 0.011684
0.067235 0.068779 0.082745 0.155717 0.223332 0.029866 0.164771 0.000010 0.090135 0.034908 0.082502
0.000010 0.000010 0.000010 0.090584 0.333598 0.000010 0.000010 0.000010 0.000010 0.575738 0.000010
0.000010 0.113833 0.036136 0.065254 0.691392 0.000010 0.000010 0.046117 0.018267 0.028960 0.000010
0.014082 0.020509 0.031712 0.012408 0.017669 0.010063 0.866631 0.000010 0.001455 0.020352 0.005108
0.145850 0.421021 0.033253 0.293582 0.049990 0.000010 0.000010 0.029124 0.023717 0.000010 0.003432
0.101261 0.339810 0.000010 0.264365 0.049788 0.022427 0.059682 0.048645 0.061905 0.000010 0.052096
0.197835 0.233843 0.030866 0.343100 0.009183 0.018496 0.085594 0.013376 0.014413 0.000010 0.053285
0.008522 0.557146 0.143260 0.000010 0.000010 0.000010 0.003720 0.050452 0.195223 0.000010 0.041637
0.001834 0.697642 0.009226 0.067815 0.026622 0.000010 0.091879 0.008225 0.054209 0.015362 0.027176
0.047180 0.559452 0.117166 0.069038 0.037526 0.000010 0.085139 0.000010 0.084458 0.000010 0.000010
0.063946 0.680265 0.028059 0.103131 0.000010 0.000010 0.015926 0.037034 0.041112 0.030496 0.000010
0.057825 0.766493 0.034914 0.011848 0.019269 0.008340 0.011505 0.000010 0.038078 0.001384 0.050334
0.090966 0.589978 0.036420 0.080747 0.000010 0.031113 0.015251 0.000010 0.089772 0.036652 0.029080
0.000010 0.000010 0.000010 0.000010 0.000010 0.000010 0.000010 0.000010 0.000010 0.999900 0.000010
0.040058 0.692811 0.000010 0.074949 0.038675 0.000010 0.096878 0.046672 0.009917 0.000010 0.000010
0.059729 0.663700 0.039678 0.042172 0.006227 0.026742 0.000010 0.000010 0.102809 0.011306 0.047617
0.000010 0.165087 0.000010 0.003769 0.033223 0.004650 0.593099 0.000019 0.184034 0.016089 0.000010
0.017575 0.099188 0.040927 0.013570 0.020361 0.000010 0.569068 0.000010 0.234997 0.003929 0.000366
0.000010 0.131019 0.736984 0.000010 0.000010 0.000010 0.039433 0.051372 0.041132 0.000010 0.000010
0.000010 0.115070 0.000010 0.000010 0.059386 0.000010 0.720165 0.000010 0.047409 0.000010 0.057910
0.000010 0.000010 0.000010 0.000010 0.000010 0.000010 0.000010 0.000010 0.000010 0.999900 0.000010
0.000010 0.049453 0.010061 0.044492 0.000010 0.729529 0.000012 0.088494 0.000010 0.010068 0.067861
0.014742 0.057751 0.049966 0.000010 0.001672 0.000010 0.351518 0.000010 0.524300 0.000010 0.000010
0.000010 0.397281 0.080717 0.185897 0.049263 0.015394 0.138773 0.000010 0.121364 0.011282 0.000010
0.011199 0.013714 0.000010 0.004416 0.024122 0.774476 0.000010 0.053471 0.000010 0.067922 0.050649
0.000010 0.039045 0.050744 0.006116 0.018272 0.816144 0.000010 0.020577 0.024915 0.024157 0.000010
0.000010 0.089247 0.000010 0.027748 0.010356 0.707830 0.006409 0.090552 0.016288 0.028917 0.022633
0.020674 0.068011 0.007031 0.006731 0.000010 0.788978 0.000010 0.028933 0.000013 0.079599 0.000010
0.016297 0.046590 0.003947 0.042224 0.000010 0.788667 0.000010 0.055413 0.000010 0.021643 0.025191
0.010619 0.320807 0.022170 0.070490 0.045937 0.280133 0.119600 0.000010 0.117760 0.012464 0.000010
0.000010 0.000010 0.000010 0.999900 0.000010 0.000010 0.000010 0.000010 0.000010 0.000010 0.000010
0.000010 0.034279 0.000010 0.945872 0.000010 0.000010 0.019769 0.000010 0.000010 0.000010 0.000010
0.000016 0.295369 0.003345 0.085831 0.004891 0.000010 0.209679 0.043834 0.357006 0.000010 0.000010
0.000010 0.000010 0.000010 0.000010 0.060470 0.037471 0.780022 0.000010 0.097117 0.024860 0.000010
0.000010 0.000010 0.000010 0.999900 0.000010 0.000010 0.000010 0.000010 0.000010 0.000010 0.000010
0.000010 0.678316 0.090004 0.044254 0.003214 0.000010 0.000010 0.020949 0.163213 0.000010 0.000010
0.000010 0.103447 0.000010 0.829845 0.000010 0.066627 0.000010 0.000010 0.000010 0.000010 0.000010
0.039012 0.546770 0.066498 0.000010 0.000010 0.000010 0.164355 0.000010 0.139701 0.000010 0.043614
0.000010 0.000010 0.000010 0.000010 0.999900 0.000010 0.000010 0.000010 0.000010 0.000010 0.000010
0.050860 0.058898 0.000010 0.012208 0.000010 0.000010 0.651983 0.000010 0.225674 0.000010 0.000327
0.000010 0.000010 0.006654 0.526651 0.433497 0.000051 0.033086 0.000010 0.000010 0.000010 0.000010
0.000010 0.000010 0.000010 0.000010 0.000010 0.000010 0.000010 0.000010 0.999900 0.000010 0.000010
0.004046 0.612817 0.099736 0.042850 0.040858 0.000010 0.054731 0.000010 0.095555 0.023626 0.025761
0.009707 0.498039 0.050857 0.042243 0.014005 0.000010 0.206286 0.043222 0.135610 0.000010 0.000010
0.000010 0.093752 0.001066 0.001526 0.000010 0.000010 0.803850 0.021841 0.071797 0.006129 0.000010
0.132307 0.109178 0.000010 0.272944 0.000010 0.033679 0.000010 0.042629 0.011151 0.048797 0.349284
0.021447 0.274488 0.030567 0.016292 0.000010 0.000010 0.531039 0.015008 0.083898 0.000010 0.027232
0.011267 0.142701 0.020500 0.000010 0.000010 0.000010 0.716534 0.000010 0.064361 0.000010 0.044587
0.025277 0.045606 0.000010 0.000010 0.014175 0.000010 0.846498 0.000010 0.068385 0.000010 0.000010
0.000010 0.626872 0.075850 0.057850 0.000010 0.000010 0.117825 0.000010 0.092643 0.016075 0.012845
0.000010 0.000010 0.000010 0.000010 0.000010 0.000010 0.000010 0.000010 0.999900 0.000010 0.000010
0.000010 0.000010 0.000010 0.000010 0.999900 0.000010 0.000010 0.000010 0.000010 0.000010 0.000010
0.000010 0.000010 0.000010 0.000010 0.999900 0.000010 0.000010 0.000010 0.000010 0.000010 0.000010
0.000010 0.077932 0.030018 0.001092 0.000010 0.000010 0.712446 0.001663 0.163810 0.012998 0.000010
0.000010 0.000010 0.000010 0.000010 0.999900 0.000010 0.000010 0.000010 0.000010 0.000010 0.000010
0.031172 0.063273 0.000010 0.000010 0.024009 0.002047 0.781161 0.023427 0.000010 0.013599 0.061281
0.000010 0.000010 0.000010 0.000010 0.000010 0.000010 0.997969 0.000010 0.001941 0.000010 0.000010
0.000010 0.000010 0.000010 0.000010 0.999900 0.000010 0.000010 0.000010 0.000010 0.000010 0.000010
0.000010 0.000010 0.000010 0.000010 0.999900 0.000010 0.000010 0.000010 0.000010 0.000010 0.000010
0.000010 0.000010 0.000010 0.000010 0.999900 0.000010 0.000010 0.000010 0.000010 0.000010 0.000010
0.000010 0.000010 0.000010 0.000010 0.999900 0.000010 0.000010 0.000010 0.000010 0.000010 0.000010
0.000010 0.065611 0.000010 0.012362 0.850267 0.000010 0.000010 0.034183 0.011293 0.026235 0.000010
0.006436 0.548449 0.029794 0.011670 0.031670 0.039763 0.076310 0.000969 0.210995 0.006196 0.037747
0.058111 0.598068 0.018283 0.000010 0.034096 0.000010 0.061276 0.021002 0.189653 0.010735 0.008755
0.000010 0.000010 0.000010 0.000010 0.999900 0.000010 0.000010 0.000010 0.000010 0.000010 0.000010
0.000010 0.180798 0.023948 0.013236 0.177544 0.000010 0.424624 0.004133 0.056840 0.029679 0.089178
0.004155 0.040338 0.051481 0.000010 0.006169 0.000010 0.538519 0.000010 0.349893 0.009405 0.000010
0.000010 0.000010 0.000010 0.000010 0.999900 0.000010 0.000010 0.000010 0.000010 0.000010 0.000010
0.000010 0.000010 0.015581 0.000020 0.951234 0.000010 0.000010 0.008369 0.000010 0.000010 0.024736
0.000010 0.000010 0.000010 0.000010 0.999900 0.000010 0.000010 0.000010 0.000010 0.000010 0.000010
0.015288 0.365708 0.231938 0.064700 0.022472 0.000010 0.125238 0.039187 0.052177 0.055158 0.028124
0.000010 0.620773 0.059850 0.000010 0.038841 0.000010 0.102276 0.000010 0.178200 0.000010 0.000010
0.022084 0.594901 0.047138 0.000010 0.013712 0.000010 0.078417 0.050682 0.193025 0.000010 0.000010
0.011536 0.716197 0.048822 0.000010 0.023033 0.021851 0.000010 0.000010 0.173412 0.005109 0.000010
0.035454 0.000010 0.000010 0.035295 0.895910 0.000010 0.014615 0.000010 0.018665 0.000010 0.000010
0.000010 0.000010 0.000010 0.000010 0.443915 0.249340 0.014811 0.000984 0.060926 0.229974 0.000010
0.000010 0.000010 0.000010 0.000010 0.999900 0.000010 0.000010 0.000010 0.000010 0.000010 0.000010
0.000010 0.000010 0.000010 0.000010 0.999899 0.000011 0.000010 0.000010 0.000010 0.000010 0.000010
0.000010 0.000010 0.000010 0.000010 0.999900 0.000010 0.000010 0.000010 0.000010 0.000010 0.000010
0.000010 0.000010 0.000010 0.000010 0.999900 0.000010 0.000010 0.000010 0.000010 0.000010 0.000010
0.000010 0.000010 0.000010 0.000010 0.999900 0.000010 0.000010 0.000010 0.000010 0.000010 0.000010
0.000010 0.000010 0.000010 0.000010 0.999900 0.000010 0.000010 0.000010 0.000010 0.000010 0.000010
0.010635 0.268582 0.315319 0.020681 0.028813 0.000010 0.249643 0.047084 0.000010 0.059212 0.000010
0.000010 0.000010 0.000010 0.000010 0.999900 0.000010 0.000010 0.000010 0.000010 0.000010 0.000010
0.000686 0.004123 0.000010 0.023192 0.884158 0.000010 0.000010 0.058131 0.000010 0.005825 0.023845
0.000010 0.089446 0.008973 0.000010 0.000010 0.000010 0.887088 0.000010 0.000010 0.014423 0.000010
0.000010 0.000010 0.034807 0.071930 0.835087 0.013789 0.000010 0.024302 0.000010 0.000010 0.020036
0.049232 0.109515 0.072191 0.038478 0.560694 0.000010 0.137791 0.000010 0.000010 0.000010 0.032058
0.000010 0.000010 0.000010 0.000010 0.999900 0.000010 0.000010 0.000010 0.000010 0.000010 0.000010
0.000010 0.000010 0.000010 0.000010 0.999900 0.000010 0.000010 0.000010 0.000010 0.000010 0.000010
0.000010 0.000010 0.000010 0.000010 0.999900 0.000010 0.000010 0.000010 0.000010 0.000010 0.000010
0.000010 0.000010 0.000010 0.000010 0.999900 0.000010 0.000010 0.000010 0.000010 0.000010 0.000010
0.000010 0.000010 0.019187 0.000010 0.974290 0.000010 0.000010 0.006443 0.000010 0.000010 0.000010
0.000010 0.000010 0.000010 0.000010 0.999900 0.000010 0.000010 0.000010 0.000010 0.000010 0.000010
0.000010 0.000010 0.999900 0.000010 0.000010 0.000010 0.000010 0.000010 0.000010 0.000010 0.000010
0.000010 0.000010 0.000010 0.000010 0.000010 0.000010 0.000010 0.999900 0.000010 0.000010 0.000010
0.000010 0.000010 0.000010 0.000010 0.000010 0.000010 0.000010 0.999900 0.000010 0.000010 0.000010
0.000010 0.000010 0.000010 0.000010 0.000010 0.000010 0.000010 0.999900 0.000010 0.000010 0.000010
0.000010 0.000010 0.000010 0.000010 0.999900 0.000010 0.000010 0.000010 0.000010 0.000010 0.000010
0.000010 0.000010 0.000010 0.000010 0.999900 0.000010 0.000010 0.000010 0.000010 0.000010 0.000010
0.000010 0.000010 0.000010 0.000010 0.000010 0.000010 0.000010 0.999900 0.000010 0.000010 0.000010
0.000010 0.000010 0.000010 0.000010 0.000010 0.000010 0.005782 0.994128 0.000010 0.000010 0.000010
0.000015 0.000010 0.000010 0.000010 0.000010 0.000010 0.000010 0.999895 0.000010 0.000010 0.000010
0.000010 0.000010 0.000010 0.000010 0.999900 0.000010 0.000010 0.000010 0.000010 0.000010 0.000010
0.000010 0.000010 0.000010 0.000013 0.999897 0.000010 0.000010 0.000010 0.000010 0.000010 0.000010
0.000010 0.000010 0.000010 0.213786 0.000010 0.000010 0.000010 0.000010 0.000010 0.000010 0.786124
0.000010 0.000010 0.000010 0.000010 0.999900 0.000010 0.000010 0.000010 0.000010 0.000010 0.000010
0.906045 0.000010 0.000010 0.000010 0.000010 0.000010 0.093865 0.000010 0.000010 0.000010 0.000010
0.000010 0.000010 0.000010 0.409289 0.590621 0.000010 0.000010 0.000010 0.000010 0.000010 0.000010
0.000010 0.000010 0.000010 0.410091 0.589819 0.000010 0.000010 0.000010 0.000010 0.000010 0.000010
0.069270 0.193136 0.000010 0.000010 0.000010 0.000010 0.563017 0.000322 0.115177 0.000010 0.059028
0.000010 0.000010 0.000010 0.434757 0.565153 0.000010 0.000010 0.000010 0.000010 0.000010 0.000010
0.063485 0.000010 0.007575 0.000010 0.003586 0.922946 0.002347 0.000010 0.000010 0.000010 0.000010
0.120541 0.203092 0.020158 0.320854 0.041586 0.120168 0.000015 0.019594 0.000010 0.049682 0.104299
0.075023 0.244802 0.036275 0.000010 0.085551 0.000010 0.430160 0.000010 0.017071 0.027539 0.083549
0.000010 0.029444 0.012387 0.217092 0.029616 0.060781 0.020361 0.511931 0.065879 0.036071 0.016429
0.000010 0.291619 0.050951 0.000010 0.374517 0.000010 0.085239 0.000010 0.012777 0.000010 0.184848
0.000010 0.301083 0.009277 0.000010 0.400701 0.000010 0.041242 0.000010 0.025634 0.000010 0.222013
0.000010 0.055988 0.001252 0.000010 0.002618 0.000010 0.825135 0.026889 0.050498 0.014830 0.022761
0.080330 0.048636 0.014342 0.059501 0.690456 0.002013 0.000010 0.060073 0.000010 0.030698 0.013931
0.028787 0.357476 0.051888 0.011975 0.031028 0.000010 0.357037 0.015036 0.076335 0.055174 0.015254
0.000010 0.081063 0.012800 0.000010 0.068822 0.000010 0.765821 0.000010 0.056151 0.014317 0.000986
0.001978 0.077504 0.011900 0.032885 0.332144 0.000010 0.420395 0.000010 0.033899 0.000010 0.089265
0.146730 0.365964 0.000011 0.429306 0.000010 0.016162 0.000010 0.000010 0.041777 0.000010 0.000010
0.047592 0.108357 0.029128 0.000010 0.015798 0.000010 0.000010 0.000010 0.786041 0.013035 0.000010
0.104822 0.577680 0.067477 0.047910 0.000010 0.000010 0.018392 0.021215 0.131987 0.000010 0.030488
0.031288 0.000010 0.000010 0.200216 0.015335 0.126742 0.031078 0.574229 0.017472 0.000010 0.003609
0.013176 0.007529 0.000010 0.027785 0.892732 0.000010 0.014347 0.034741 0.000010 0.000010 0.009651
0.000010 0.013468 0.000010 0.166259 0.000010 0.197259 0.000010 0.523705 0.069617 0.000010 0.029641
0.000010 0.000010 0.000010 0.000010 0.000010 0.000010 0.000010 0.999900 0.000010 0.000010 0.000010
0.000010 0.313663 0.073779 0.017310 0.000010 0.039025 0.379248 0.000010 0.158253 0.011311 0.007381
0.000010 0.173852 0.009892 0.093077 0.000010 0.000010 0.658196 0.010145 0.013853 0.011531 0.029424
0.000010 0.000010 0.000010 0.000010 0.000010 0.661131 0.000010 0.000010 0.000010 0.000010 0.338779
0.031274 0.203790 0.054116 0.000010 0.020292 0.027283 0.575843 0.025727 0.009565 0.014918 0.037182
0.030761 0.094480 0.000010 0.034234 0.013629 0.000010 0.759333 0.028842 0.012977 0.021535 0.004189
0.000010 0.054774 0.046705 0.000010 0.000010 0.000010 0.855545 0.000010 0.025313 0.017603 0.000010
0.117715 0.379446 0.006794 0.201538 0.000010 0.090944 0.073499 0.035172 0.000010 0.038351 0.056522
0.029976 0.000010 0.000010 0.858823 0.000010 0.028586 0.000010 0.000010 0.000010 0.000010 0.082544
0.062649 0.136457 0.151278 0.052283 0.036538 0.000010 0.514428 0.000010 0.000010 0.025612 0.020724
0.000010 0.000010 0.000010 0.000010 0.000010 0.000010 0.000010 0.999900 0.000010 0.000010 0.000010
0.000010 0.538982 0.128526 0.118712 0.000010 0.018080 0.046517 0.008232 0.085019 0.055901 0.000010
0.038008 0.239603 0.009372 0.002275 0.089460 0.000010 0.551247 0.000010 0.000010 0.005853 0.064153
0.000010 0.167040 0.006669 0.085333 0.110236 0.172131 0.000010 0.364827 0.000010 0.046472 0.047261
0.000010 0.490163 0.043299 0.094832 0.000010 0.019035 0.089083 0.034337 0.120439 0.065277 0.043516
0.000010 0.000010 0.000010 0.000010 0.999900 0.000010 0.000010 0.000010 0.000010 0.000010 0.000010
0.080575 0.145957 0.066611 0.000010 0.056226 0.000010 0.593624 0.000010 0.000010 0.056957 0.000010
0.059864 0.177907 0.080029 0.000010 0.034474 0.000010 0.613122 0.000010 0.000010 0.026674 0.007890
0.000010 0.206950 0.007438 0.078459 0.016908 0.000010 0.547701 0.021715 0.057394 0.051240 0.012175
0.120285 0.056423 0.000010 0.000010 0.022453 0.000010 0.729433 0.000010 0.049881 0.021474 0.000010
0.055269 0.309972 0.000010 0.000010 0.092835 0.000010 0.252299 0.041088 0.007862 0.005718 0.234926
0.083714 0.367239 0.111907 0.065224 0.051008 0.000010 0.190545 0.079235 0.000010 0.023386 0.027722
0.000010 0.000010 0.000010 0.000010 0.000010 0.000010 0.778760 0.000010 0.163609 0.000010 0.057551
0.000010 0.000010 0.000010 0.000010 0.021804 0.000010 0.962466 0.000010 0.015650 0.000010 0.000010
0.000010 0.390258 0.269723 0.075359 0.027605 0.000010 0.139766 0.051022 0.046226 0.000010 0.000010
0.000010 0.054311 0.034060 0.000010 0.145863 0.000010 0.702837 0.000010 0.051786 0.000010 0.011093
0.000010 0.488633 0.143341 0.069393 0.087191 0.000010 0.086545 0.043227 0.000010 0.045990 0.035651
0.000010 0.071911 0.013958 0.041885 0.061947 0.018258 0.712723 0.000692 0.075319 0.003287 0.000010
0.000010 0.158716 0.037588 0.011734 0.032123 0.000010 0.594667 0.000010 0.165121 0.000010 0.000010
0.000010 0.627299 0.058560 0.044559 0.000010 0.001732 0.001644 0.052692 0.093234 0.092534 0.027725
0.026782 0.044437 0.000010 0.017502 0.000010 0.000010 0.903098 0.003637 0.000010 0.000010 0.004493
0.000010 0.117662 0.020582 0.030708 0.345440 0.008141 0.291678 0.022388 0.092840 0.006265 0.064285
0.008533 0.063859 0.007824 0.008539 0.016704 0.000010 0.825608 0.027802 0.041101 0.000010 0.000010
0.000010 0.147756 0.028060 0.000010 0.345929 0.000010 0.432437 0.000010 0.000010 0.000010 0.045758
0.013088 0.191952 0.119208 0.052427 0.011855 0.000010 0.587299 0.000010 0.000010 0.024131 0.000010
0.000010 0.076924 0.000010 0.000010 0.041402 0.000010 0.780545 0.000010 0.059351 0.001999 0.039730
0.068450 0.104968 0.044357 0.021240 0.029879 0.000010 0.657720 0.011929 0.045753 0.000010 0.015684
0.000010 0.353855 0.000010 0.000010 0.348647 0.000010 0.098298 0.000010 0.000010 0.000010 0.199130
0.000010 0.343532 0.001454 0.000010 0.027777 0.000010 0.189216 0.059871 0.008785 0.000010 0.369323
0.000010 0.000010 0.000010 0.000010 0.000010 0.000010 0.000010 0.000010 0.000010 0.000010 0.999900
0.017469 0.174356 0.013218 0.000010 0.197276 0.000010 0.118286 0.000010 0.000010 0.000010 0.479344
0.004450 0.199848 0.022088 0.000010 0.268992 0.000010 0.093133 0.009820 0.005012 0.001216 0.395421
0.021745 0.296732 0.003457 0.000010 0.049557 0.000014 0.164330 0.052386 0.000010 0.000010 0.411750
0.017379 0.222095 0.000010 0.289644 0.029917 0.056845 0.086339 0.000010 0.000010 0.000010 0.297740
0.012176 0.271856 0.054208 0.000010 0.222456 0.000010 0.162436 0.000010 0.000010 0.027533 0.249295
0.000010 0.000010 0.000010 0.000010 0.000010 0.000010 0.000010 0.000010 0.000010 0.000010 0.999900
0.026290 0.087849 0.262462 0.121494 0.001292 0.000010 0.442601 0.000010 0.051024 0.000010 0.006957
0.000010 0.346048 0.000010 0.000010 0.025869 0.000010 0.235388 0.000010 0.000010 0.000010 0.392625
0.000010 0.000010 0.000010 0.000010 0.000010 0.000010 0.009551 0.000010 0.000010 0.000010 0.990359
0.117228 0.000010 0.000010 0.750141 0.000010 0.086471 0.000010 0.000010 0.000010 0.000010 0.046091
0.044489 0.033534 0.074446 0.177855 0.054635 0.145087 0.020244 0.449680 0.000010 0.000010 0.000010
0.036202 0.024186 0.020540 0.163896 0.073226 0.126020 0.000010 0.457490 0.044119 0.054299 0.000010
0.000010 0.000010 0.000010 0.914200 0.000010 0.000010 0.000010 0.000010 0.000010 0.000010 0.085710
0.014943 0.214559 0.000010 0.000010 0.030813 0.000010 0.280801 0.011614 0.017580 0.000010 0.429650
0.000718 0.264164 0.005143 0.000010 0.056662 0.036927 0.157939 0.000010 0.000010 0.000010 0.478406
0.000010 0.000010 0.000010 0.000010 0.000010 0.000010 0.000010 0.000010 0.000010 0.000010 0.999900
0.020676 0.141649 0.046586 0.354632 0.142311 0.118176 0.010409 0.165531 0.000010 0.000010 0.000010
0.000010 0.000010 0.000010 0.688118 0.311792 0.000010 0.000010 0.000010 0.000010 0.000010 0.000010
0.000010 0.000010 0.000010 0.037809 0.001269 0.717189 0.000010 0.082447 0.051333 0.050933 0.058980
0.046399 0.284524 0.026135 0.000010 0.037753 0.000010 0.194021 0.047741 0.000010 0.000010 0.363388
0.000010 0.000010 0.000010 0.000010 0.010497 0.000010 0.783415 0.000010 0.185653 0.002401 0.017975
0.038422 0.115448 0.028897 0.000010 0.004816 0.000010 0.655238 0.000012 0.140602 0.000010 0.016536
0.066673 0.747168 0.021078 0.048506 0.033338 0.000010 0.000010 0.057316 0.000010 0.025881 0.000010
0.025888 0.748664 0.050740 0.000010 0.007056 0.000010 0.000010 0.080572 0.075629 0.011411 0.000010
0.007959 0.064596 0.025622 0.000010 0.002882 0.000010 0.881270 0.000010 0.000010 0.000010 0.017620
0.008332 0.161092 0.080895 0.015263 0.396695 0.000010 0.253623 0.000010 0.014706 0.000010 0.069364
0.012531 0.354495 0.081262 0.000010 0.137640 0.000010 0.259475 0.000010 0.086076 0.003901 0.064590
0.000010 0.280200 0.000010 0.079184 0.064843 0.000010 0.427316 0.015733 0.038059 0.000010 0.094626
0.000010 0.000010 0.000010 0.000010 0.000010 0.000010 0.000010 0.000010 0.000010 0.999900 0.000010
0.044092 0.171132 0.025616 0.009971 0.003021 0.000010 0.513924 0.000010 0.215192 0.006717 0.010314
0.000010 0.001990 0.000010 0.000010 0.017105 0.000010 0.856218 0.000010 0.087837 0.000010 0.036789
0.009585 0.157843 0.027946 0.019525 0.000010 0.000010 0.155101 0.029402 0.578082 0.000010 0.022486
0.048706 0.180095 0.043052 0.011665 0.023685 0.000010 0.597290 0.000010 0.095466 0.000010 0.000010
0.036114 0.156907 0.010094 0.000010 0.037307 0.000010 0.168864 0.000010 0.590664 0.000010 0.000010
0.008172 0.410208 0.025566 0.000010 0.030618 0.023793 0.340608 0.035782 0.113613 0.009569 0.002063
0.000010 0.000010 0.000010 0.000010 0.000010 0.000010 0.000010 0.000010 0.000010 0.000010 0.999900
0.058490 0.249240 0.015481 0.000010 0.009305 0.000010 0.582738 0.016547 0.016421 0.000010 0.051748
0.000508 0.179477 0.009825 0.000010 0.000010 0.000010 0.580682 0.034915 0.194543 0.000010 0.000010
0.012296 0.221303 0.021699 0.000010 0.010679 0.000010 0.592981 0.000783 0.127131 0.000624 0.012482
0.000010 0.463166 0.094857 0.021151 0.051297 0.000010 0.208480 0.051886 0.083882 0.000010 0.025252
0.000010 0.016331 0.000010 0.017683 0.000010 0.014659 0.939152 0.010970 0.000010 0.000010 0.001154
0.855416 0.000010 0.000010 0.000010 0.013133 0.000010 0.131372 0.000010 0.000010 0.000010 0.000010
0.000010 0.614668 0.024877 0.072607 0.044685 0.000010 0.000010 0.052645 0.190469 0.000010 0.000010
0.093499 0.498578 0.059069 0.054390 0.019827 0.000010 0.119795 0.049236 0.066531 0.000010 0.039055
0.000010 0.537764 0.046357 0.109882 0.050084 0.000010 0.049843 0.069350 0.111888 0.000010 0.024802
0.000010 0.598562 0.068945 0.028250 0.000010 0.000010 0.205925 0.000010 0.098161 0.000010 0.000107
0.000010 0.057719 0.018187 0.000010 0.000010 0.000010 0.819476 0.000010 0.100719 0.000010 0.003838
0.028296 0.126836 0.010586 0.025429 0.023056 0.000010 0.733156 0.000010 0.052600 0.000010 0.000010
0.000010 0.205676 0.000010 0.019736 0.000010 0.000010 0.774508 0.000010 0.000010 0.000010 0.000010
0.000010 0.103982 0.022460 0.000010 0.000010 0.000010 0.866356 0.000010 0.007132 0.000010 0.000010
0.099957 0.415744 0.052281 0.074687 0.022938 0.000010 0.081282 0.000010 0.253071 0.000010 0.000010
0.000010 0.253966 0.052515 0.056929 0.475748 0.000010 0.048486 0.000010 0.032882 0.019462 0.059982
0.060972 0.198250 0.043518 0.029883 0.074404 0.000010 0.495986 0.023107 0.000010 0.011445 0.062414
0.000010 0.125444 0.035721 0.017847 0.158123 0.000010 0.461908 0.014609 0.076502 0.011516 0.098310
0.068727 0.811561 0.002544 0.000010 0.015614 0.038848 0.048373 0.000010 0.003620 0.000010 0.010684
0.038879 0.008369 0.029889 0.002502 0.019206 0.000010 0.822342 0.000010 0.076017 0.002766 0.000010
0.006861 0.504061 0.079716 0.058091 0.000010 0.000010 0.099034 0.075082 0.038136 0.057529 0.081471
0.000010 0.000010 0.004746 0.000010 0.000010 0.000010 0.430471 0.000010 0.564703 0.000010 0.000010
0.000010 0.000010 0.000010 0.000010 0.000010 0.000010 0.999900 0.000010 0.000010 0.000010 0.000010
0.185573 0.023126 0.045313 0.009047 0.000010 0.006444 0.606818 0.000010 0.123639 0.000010 0.000010
0.061692 0.587927 0.050637 0.008798 0.068504 0.044374 0.008697 0.000010 0.169342 0.000010 0.000010
0.000012 0.000010 0.000010 0.000010 0.000010 0.000010 0.999898 0.000010 0.000010 0.000010 0.000010
0.083619 0.781980 0.023106 0.007401 0.000010 0.000010 0.000010 0.000010 0.040519 0.030918 0.032418
0.065973 0.794379 0.004542 0.000010 0.003320 0.061733 0.004781 0.000010 0.031268 0.000010 0.033974
0.077839 0.819822 0.036469 0.022719 0.000010 0.000010 0.000010 0.000010 0.000010 0.020120 0.022982
0.123544 0.816304 0.002893 0.000010 0.000010 0.046450 0.000010 0.000010 0.000010 0.000010 0.010750
0.037056 0.841224 0.000010 0.005460 0.000010 0.000010 0.014812 0.000010 0.000010 0.041213 0.060185
0.014477 0.100476 0.001748 0.000010 0.841630 0.000010 0.000010 0.019432 0.004849 0.000010 0.017348
0.014421 0.285008 0.025337 0.061292 0.026669 0.000010 0.543084 0.000010 0.011463 0.000010 0.032697
0.000010 0.000010 0.011803 0.000010 0.010109 0.000010 0.865030 0.000010 0.071829 0.000010 0.041168
0.020082 0.215228 0.000010 0.000010 0.002024 0.000010 0.758885 0.000010 0.000010 0.003721 0.000010
0.100740 0.125086 0.039044 0.000010 0.009452 0.000010 0.655200 0.000010 0.026159 0.000010 0.044279
0.004014 0.000010 0.000010 0.000010 0.000010 0.000010 0.861556 0.000010 0.092114 0.000010 0.042246
0.029369 0.857794 0.000010 0.000010 0.000010 0.017066 0.000010 0.000010 0.073512 0.000010 0.022198
0.047660 0.000010 0.000010 0.021766 0.003860 0.000010 0.877605 0.000010 0.049048 0.000010 0.000010
0.000010 0.643460 0.032129 0.000010 0.026019 0.024823 0.100878 0.000010 0.143693 0.028958 0.000010
0.000010 0.000010 0.000010 0.000010 0.999900 0.000010 0.000010 0.000010 0.000010 0.000010 0.000010
0.102511 0.357423 0.017301 0.462781 0.000010 0.052747 0.007187 0.000010 0.000010 0.000010 0.000010
0.104498 0.620560 0.039045 0.060451 0.035730 0.000010 0.039617 0.000010 0.100059 0.000010 0.000010
0.000010 0.602783 0.005580 0.000010 0.000010 0.024394 0.267230 0.000010 0.093076 0.000010 0.006886
0.070572 0.614463 0.046694 0.134105 0.020021 0.000010 0.035853 0.033954 0.038519 0.000010 0.005799
0.084810 0.775411 0.000010 0.027310 0.000010 0.070200 0.000010 0.010159 0.000010 0.005388 0.026683
0.030224 0.700549 0.005969 0.057963 0.049316 0.000010 0.076675 0.001408 0.032361 0.045515 0.000010
0.050480 0.924034 0.000120 0.000010 0.000010 0.025296 0.000010 0.000010 0.000010 0.000010 0.000010
0.056822 0.558336 0.033209 0.042841 0.029025 0.000010 0.178255 0.000010 0.034361 0.044867 0.022263
0.072594 0.671000 0.068122 0.039554 0.019442 0.000010 0.074164 0.000010 0.006008 0.000010 0.049086
0.000010 0.072992 0.003913 0.045701 0.019281 0.000010 0.681812 0.000010 0.130371 0.030922 0.014977
0.001976 0.638185 0.058910 0.009672 0.003516 0.006271 0.024903 0.000010 0.119556 0.074138 0.062863
0.100014 0.816118 0.013546 0.015100 0.010616 0.012752 0.000010 0.000010 0.031616 0.000010 0.000209
0.099484 0.725404 0.000010 0.000010 0.000010 0.037601 0.041217 0.000010 0.060051 0.000010 0.036193
0.053242 0.229237 0.011197 0.017331 0.010115 0.050315 0.544003 0.000010 0.061217 0.023324 0.000010
0.000010 0.009693 0.022989 0.000010 0.003008 0.000010 0.928890 0.000010 0.035360 0.000010 0.000010
0.098163 0.755156 0.055883 0.023519 0.035979 0.000010 0.015388 0.000010 0.015872 0.000010 0.000010
0.029498 0.000010 0.000010 0.046243 0.909558 0.000010 0.014631 0.000010 0.000010 0.000010 0.000010
0.036041 0.000010 0.000010 0.000010 0.000719 0.000010 0.864353 0.043403 0.055422 0.000010 0.000010
0.014429 0.000010 0.033859 0.000010 0.000010 0.000010 0.951632 0.000010 0.000010 0.000010 0.000010
0.049020 0.703897 0.012590 0.085491 0.014374 0.000951 0.082339 0.001515 0.037848 0.000010 0.011964
0.032208 0.316555 0.007033 0.052768 0.016352 0.000010 0.415880 0.107221 0.051952 0.000010 0.000010
0.034924 0.608652 0.088424 0.000010 0.001645 0.000010 0.161965 0.000010 0.104340 0.000010 0.000010
0.025037 0.812786 0.000019 0.000010 0.026046 0.019800 0.000010 0.034692 0.071325 0.000010 0.010266
0.000010 0.000010 0.000010 0.000010 0.002551 0.000010 0.997359 0.000010 0.000010 0.000010 0.000010
0.000010 0.000010 0.000010 0.000010 0.000010 0.000010 0.941962 0.000010 0.057948 0.000010 0.000010
0.000010 0.391468 0.032743 0.015310 0.015610 0.000010 0.488019 0.000010 0.004966 0.000010 0.051844
0.000010 0.000010 0.046913 0.000010 0.000010 0.000010 0.086263 0.000010 0.866744 0.000010 0.000010
0.000010 0.000010 0.000010 0.000010 0.000010 0.000010 0.000010 0.000010 0.000010 0.999900 0.000010
0.064343 0.672948 0.013691 0.086024 0.025781 0.000010 0.037074 0.022871 0.042841 0.000010 0.034407
0.000010 0.059675 0.006303 0.000010 0.025872 0.000010 0.843779 0.009263 0.042037 0.006388 0.006654
0.000010 0.000010 0.000010 0.000010 0.000010 0.000010 0.000010 0.000010 0.000010 0.999900 0.000010
0.000010 0.000010 0.525800 0.000010 0.474110 0.000010 0.000010 0.000010 0.000010 0.000010 0.000010
0.000010 0.000010 0.000010 0.665822 0.334088 0.000010 0.000010 0.000010 0.000010 0.000010 0.000010
0.000010 0.049012 0.000010 0.028111 0.016480 0.000010 0.230243 0.000010 0.671517 0.004587 0.000010
0.013708 0.206328 0.085240 0.093559 0.027145 0.000010 0.520814 0.000010 0.037860 0.015316 0.000010
0.016913 0.146501 0.039856 0.046902 0.016334 0.000010 0.679211 0.000010 0.044882 0.009370 0.000010
0.000010 0.292435 0.074177 0.110313 0.000010 0.000010 0.334635 0.071004 0.013743 0.061751 0.041913
0.025949 0.000010 0.007387 0.000010 0.009428 0.000010 0.829598 0.000010 0.127579 0.000010 0.000010
0.000010 0.000010 0.000010 0.000010 0.000010 0.000010 0.999900 0.000010 0.000010 0.000010 0.000010
0.000010 0.622671 0.111595 0.000010 0.012033 0.000010 0.004226 0.015082 0.234344 0.000010 0.000010
0.061717 0.243332 0.044175 0.000010 0.004226 0.009513 0.616434 0.000010 0.000010 0.000010 0.020564
0.011727 0.235980 0.024722 0.061250 0.041231 0.000010 0.384334 0.000010 0.240716 0.000010 0.000010
0.024527 0.408357 0.000010 0.070708 0.000010 0.051727 0.377584 0.000010 0.005318 0.000010 0.061740
0.032639 0.146213 0.055622 0.011602 0.013448 0.018766 0.597007 0.000010 0.124673 0.000010 0.000010
0.000010 0.000010 0.000010 0.000010 0.000010 0.000010 0.347999 0.000010 0.651911 0.000010 0.000010
0.000010 0.000010 0.000010 0.000010 0.000010 0.000010 0.196008 0.000010 0.803902 0.000010 0.000010
0.042049 0.000010 0.001275 0.000010 0.001200 0.000010 0.513526 0.000010 0.441891 0.000010 0.000010
0.000010 0.000010 0.000010 0.000010 0.000010 0.000010 0.970878 0.000010 0.029032 0.000010 0.000010
0.031767 0.000010 0.020197 0.000339 0.023077 0.000010 0.892156 0.008636 0.000010 0.000010 0.023789
0.051251 0.580020 0.042353 0.064350 0.023646 0.004519 0.089116 0.000010 0.128327 0.005595 0.010813
0.056875 0.157843 0.005483 0.000010 0.029344 0.000010 0.031144 0.000010 0.680772 0.007906 0.030603
0.092020 0.755853 0.010778 0.000010 0.000010 0.038546 0.000010 0.053625 0.049129 0.000010 0.000010
0.005512 0.000010 0.011557 0.000010 0.001939 0.000010 0.922883 0.000010 0.053060 0.000010 0.004999
0.000010 0.503933 0.089213 0.060438 0.022996 0.000010 0.028531 0.018474 0.276374 0.000010 0.000010
0.148109 0.021592 0.039402 0.052706 0.042171 0.000010 0.584402 0.000010 0.044863 0.000010 0.066725
0.000010 0.147166 0.067017 0.000010 0.017436 0.000010 0.261448 0.015150 0.488189 0.000010 0.003554
0.078381 0.690863 0.000010 0.046171 0.011559 0.022569 0.092812 0.000010 0.000010 0.000010 0.057605
0.023540 0.073260 0.063877 0.027072 0.000010 0.000010 0.603783 0.000010 0.208418 0.000010 0.000010
0.000010 0.580838 0.090304 0.000010 0.005381 0.000010 0.018419 0.000010 0.256895 0.000010 0.048112
0.060776 0.809414 0.023030 0.034910 0.036558 0.031435 0.002216 0.000010 0.000010 0.000010 0.001632
0.012368 0.643857 0.031816 0.035331 0.040034 0.038442 0.000010 0.017943 0.180178 0.000010 0.000010
0.019980 0.298541 0.000010 0.204335 0.000010 0.028954 0.283331 0.000010 0.060197 0.029116 0.075518
0.102562 0.759215 0.020084 0.081156 0.000010 0.000010 0.015306 0.021627 0.000010 0.000010 0.000010
0.031915 0.261195 0.000010 0.369750 0.016973 0.075558 0.000010 0.083440 0.000010 0.030584 0.130555
0.000010 0.620505 0.119786 0.000010 0.028559 0.000501 0.026373 0.000010 0.202794 0.000010 0.001443
0.002177 0.314243 0.000010 0.000010 0.000362 0.017043 0.591699 0.000010 0.009463 0.000010 0.064973
0.004027 0.068222 0.000010 0.011658 0.000010 0.000010 0.900820 0.000010 0.000010 0.000010 0.015212
0.089158 0.000010 0.000010 0.044496 0.000010 0.002903 0.763851 0.030463 0.032874 0.000010 0.036215
0.043441 0.080845 0.000010 0.000010 0.000010 0.000010 0.835646 0.016948 0.000010 0.000010 0.023060
0.055014 0.796554 0.000010 0.078274 0.000010 0.000010 0.041590 0.013739 0.014780 0.000010 0.000010
0.216370 0.126522 0.047692 0.042673 0.018365 0.038848 0.342900 0.021243 0.051011 0.000010 0.094367
0.002055 0.204746 0.017436 0.063228 0.004395 0.032876 0.517258 0.000010 0.077564 0.011792 0.068639
0.000010 0.000010 0.000010 0.000010 0.000010 0.000010 0.197876 0.000010 0.016235 0.785810 0.000010
0.010933 0.156195 0.016052 0.000010 0.001788 0.035679 0.760962 0.000010 0.000010 0.000010 0.018351
0.055156 0.098494 0.025869 0.004060 0.011953 0.000010 0.759995 0.000010 0.025894 0.000010 0.018549
0.000010 0.000010 0.000010 0.000010 0.999900 0.000010 0.000010 0.000010 0.000010 0.000010 0.000010
0.000010 0.000010 0.000010 0.000010 0.999900 0.000010 0.000010 0.000010 0.000010 0.000010 0.000010
0.069207 0.693970 0.007531 0.017562 0.000010 0.022836 0.167192 0.000010 0.003115 0.000010 0.018556
0.000010 0.725758 0.000010 0.007419 0.025281 0.007485 0.121863 0.001675 0.110478 0.000010 0.000010
0.036559 0.551094 0.000010 0.022387 0.018962 0.000010 0.302921 0.020785 0.018656 0.000010 0.028606
0.062916 0.601311 0.000010 0.000010 0.000999 0.000010 0.334704 0.000010 0.000010 0.000010 0.000010
0.000010 0.000010 0.000010 0.000010 0.999900 0.000010 0.000010 0.000010 0.000010 0.000010 0.000010
0.000010 0.000010 0.000010 0.000010 0.999900 0.000010 0.000010 0.000010 0.000010 0.000010 0.000010
0.060428 0.794447 0.022202 0.022486 0.004665 0.000010 0.034356 0.000010 0.004556 0.001979 0.054861
0.099774 0.835612 0.001574 0.000010 0.000010 0.000010 0.044216 0.000010 0.000010 0.007582 0.011192
0.000010 0.000010 0.000010 0.000010 0.999900 0.000010 0.000010 0.000010 0.000010 0.000010 0.000010
0.000010 0.000010 0.000010 0.000010 0.999900 0.000010 0.000010 0.000010 0.000010 0.000010 0.000010
0.000010 0.000010 0.000010 0.000010 0.999900 0.000010 0.000010 0.000010 0.000010 0.000010 0.000010
0.046285 0.714546 0.065679 0.097714 0.000010 0.000010 0.041067 0.001156 0.000010 0.033514 0.000010
0.058103 0.876223 0.016929 0.009606 0.000010 0.010398 0.000010 0.000010 0.028691 0.000010 0.000010
0.045240 0.211967 0.000010 0.244418 0.126849 0.050018 0.183757 0.089678 0.006197 0.029837 0.012029
0.082276 0.651457 0.060425 0.011778 0.035805 0.062537 0.068604 0.000010 0.000010 0.000010 0.027089
0.000010 0.020631 0.000010 0.446902 0.123607 0.065676 0.000010 0.237636 0.082794 0.022714 0.000010
