0.000010 0.000010 0.000010 0.258914 0.060869 0.000010 0.284877 0.000010 0.395289
0.023035 0.022442 0.000010 0.228585 0.016175 0.026184 0.492654 0.019684 0.171230
0.024996 0.060275 0.056679 0.148294 0.000010 0.000010 0.356066 0.000010 0.353661
0.000010 0.075030 0.000010 0.000010 0.894832 0.000010 0.000010 0.030078 0.000010
0.032731 0.058700 0.033972 0.052577 0.000010 0.033080 0.600670 0.000010 0.188250
0.000010 0.041872 0.015555 0.096117 0.018908 0.000010 0.098704 0.014991 0.713832
0.000010 0.000010 0.067236 0.051052 0.428141 0.000010 0.120709 0.045575 0.287258
0.000010 0.000010 0.000010 0.000010 0.011401 0.047208 0.000010 0.046668 0.894673
0.000010 0.027135 0.000010 0.379514 0.054045 0.069935 0.417326 0.000010 0.052015
0.000010 0.000010 0.000010 0.040013 0.014273 0.051774 0.055615 0.000010 0.838285
0.000010 0.000010 0.000017 0.078671 0.000010 0.062449 0.223609 0.000010 0.635214
0.022364 0.027668 0.005748 0.273895 0.000010 0.000010 0.303318 0.032598 0.334390
0.000010 0.297997 0.044247 0.368468 0.103365 0.029488 0.082870 0.056567 0.016987
0.000010 0.080050 0.038269 0.343424 0.482337 0.006936 0.013999 0.034964 0.000010
0.006137 0.000010 0.000010 0.018309 0.006196 0.024279 0.054886 0.000010 0.890163
0.050665 0.054814 0.005531 0.208860 0.009022 0.032725 0.326579 0.002392 0.309412
0.000010 0.036742 0.000010 0.111547 0.014727 0.023315 0.145177 0.000946 0.667525
0.000010 0.000010 0.042578 0.020438 0.293333 0.000010 0.136881 0.055722 0.451019
0.000010 0.009524 0.005746 0.000010 0.000010 0.658290 0.002857 0.049624 0.273928
0.973185 0.000010 0.001804 0.002269 0.000224 0.000010 0.000010 0.022477 0.000010
0.959826 0.000016 0.000010 0.000010 0.003389 0.009861 0.000010 0.010039 0.016838
0.999920 0.000010 0.000010 0.000010 0.000010 0.000010 0.000010 0.000010 0.000010
0.937785 0.000010 0.000010 0.000010 0.000010 0.000010 0.000010 0.045415 0.016739
0.051441 0.106952 0.015477 0.016037 0.714714 0.000720 0.076147 0.000010 0.018503
0.000010 0.000010 0.000010 0.000010 0.004168 0.995762 0.000010 0.000010 0.000010
0.963571 0.000010 0.000010 0.036359 0.000010 0.000010 0.000010 0.000010 0.000010
0.066333 0.065526 0.000010 0.046114 0.014325 0.000010 0.785707 0.021965 0.000010
0.982956 0.000010 0.000010 0.000010 0.016974 0.000010 0.000010 0.000010 0.000010
0.011494 0.098076 0.000010 0.547836 0.019052 0.056580 0.183793 0.000010 0.083150
0.009589 0.055940 0.000010 0.665419 0.065913 0.029006 0.101559 0.000010 0.072553
0.000010 0.000010 0.000010 0.940280 0.003561 0.041030 0.000010 0.015078 0.000010
0.000010 0.140744 0.000010 0.476772 0.014102 0.036521 0.284826 0.000010 0.047005
0.019471 0.379139 0.086446 0.248748 0.128052 0.000010 0.089433 0.011370 0.037332
0.000194 0.297948 0.008486 0.439682 0.036373 0.121580 0.054430 0.041297 0.000010
0.044437 0.004654 0.000010 0.140078 0.000010 0.042541 0.346737 0.287375 0.134157
0.002790 0.090049 0.015805 0.040087 0.352931 0.000010 0.264140 0.004385 0.229804
0.000010 0.110101 0.002721 0.027583 0.419424 0.001074 0.124609 0.000010 0.314467
0.805751 0.076314 0.012215 0.000010 0.056038 0.000010 0.000356 0.049295 0.000010
0.000010 0.081045 0.000010 0.500527 0.029593 0.062424 0.250066 0.076313 0.000010
0.031468 0.077423 0.011700 0.741869 0.016636 0.027501 0.039887 0.015521 0.037996
0.000010 0.000010 0.000010 0.000010 0.000010 0.000010 0.000010 0.000010 0.999920
0.008380 0.098466 0.033806 0.464854 0.027961 0.092821 0.100047 0.002178 0.171488
0.000010 0.016315 0.040974 0.009214 0.006625 0.000267 0.279409 0.000010 0.647176
0.000010 0.003146 0.000010 0.000010 0.012117 0.005684 0.244478 0.004004 0.730540
0.000010 0.408749 0.083728 0.418275 0.000010 0.089196 0.000010 0.000011 0.000010
0.952706 0.000010 0.000010 0.000010 0.000010 0.047224 0.000010 0.000010 0.000010
0.914010 0.000010 0.000010 0.000010 0.000010 0.000010 0.060165 0.025765 0.000010
0.460513 0.248162 0.000010 0.057477 0.027495 0.000010 0.180721 0.024293 0.001319
0.046164 0.273059 0.127114 0.229240 0.012689 0.074401 0.189969 0.034058 0.013306
0.031684 0.246285 0.062320 0.341586 0.039155 0.059492 0.161821 0.030497 0.027158
0.000010 0.000010 0.999920 0.000010 0.000010 0.000010 0.000010 0.000010 0.000010
0.096000 0.242659 0.081573 0.367501 0.016167 0.131847 0.049255 0.014989 0.000010
0.000010 0.000010 0.999920 0.000010 0.000010 0.000010 0.000010 0.000010 0.000010
0.000010 0.294702 0.057576 0.314096 0.000010 0.057879 0.168562 0.046521 0.060643
0.039060 0.302298 0.095316 0.366975 0.006630 0.136949 0.041546 0.011216 0.000010
0.000010 0.000010 0.000010 0.000010 0.000010 0.000010 0.000010 0.999920 0.000010
0.056146 0.011782 0.000010 0.018605 0.012552 0.000010 0.000010 0.038432 0.862454
0.000010 0.091982 0.000010 0.517762 0.058389 0.055475 0.243166 0.033198 0.000010
0.000010 0.030784 0.041341 0.500040 0.035589 0.091414 0.291455 0.009357 0.000010
0.000010 0.000010 0.086827 0.061518 0.045727 0.019411 0.101022 0.014566 0.670910
0.005397 0.011363 0.026392 0.831372 0.000010 0.000010 0.125435 0.000010 0.000010
0.000010 0.057832 0.000010 0.546916 0.046014 0.013746 0.209345 0.037970 0.088158
0.012183 0.005220 0.034005 0.393633 0.013718 0.069982 0.000010 0.036533 0.434716
0.000010 0.078485 0.000010 0.657865 0.031281 0.000010 0.190230 0.007101 0.035008
0.000010 0.128782 0.023184 0.504435 0.024387 0.064087 0.165014 0.031010 0.059090
0.056867 0.104985 0.125912 0.071229 0.221604 0.079780 0.056314 0.091102 0.192208
0.405273 0.261598 0.009192 0.000010 0.323887 0.000010 0.000010 0.000010 0.000010
0.043439 0.075964 0.000010 0.025963 0.684569 0.000010 0.144661 0.025374 0.000010
0.014520 0.015963 0.000681 0.000010 0.016503 0.017820 0.053348 0.031574 0.849582
0.000010 0.269090 0.036746 0.376028 0.030448 0.134321 0.121255 0.032092 0.000010
0.031639 0.258729 0.091567 0.265102 0.029192 0.090549 0.155067 0.000010 0.078145
0.000010 0.265251 0.119898 0.197152 0.000010 0.205225 0.110093 0.034368 0.067992
0.000010 0.000010 0.038345 0.208380 0.000010 0.016355 0.579608 0.134314 0.022967
0.000010 0.061395 0.023485 0.512912 0.021467 0.000010 0.297218 0.008554 0.074949
0.000010 0.069096 0.000010 0.277613 0.029612 0.048991 0.406462 0.099045 0.069160
0.001908 0.125918 0.000010 0.680737 0.000010 0.030688 0.095616 0.039531 0.025582
0.000010 0.000010 0.034869 0.742148 0.027804 0.037799 0.103144 0.035033 0.019184
0.045062 0.065760 0.042117 0.567145 0.000010 0.074087 0.109018 0.039957 0.056844
0.919480 0.008402 0.000010 0.000010 0.045031 0.000010 0.000010 0.027037 0.000010
0.000010 0.091575 0.005125 0.583168 0.030857 0.003704 0.206975 0.000010 0.078576
0.022120 0.000010 0.052656 0.706373 0.018995 0.035595 0.096166 0.041430 0.026655
0.017722 0.000010 0.000010 0.083311 0.036767 0.000010 0.199524 0.000010 0.662637
0.000010 0.011324 0.001079 0.036244 0.024427 0.024402 0.224011 0.022172 0.656330
0.017364 0.000010 0.000010 0.081213 0.000010 0.000010 0.126220 0.727908 0.047255
0.000010 0.000010 0.053199 0.034794 0.057409 0.000010 0.138920 0.000010 0.715638
0.897354 0.002860 0.000010 0.000010 0.047686 0.000010 0.000010 0.044739 0.007321
0.794717 0.052729 0.081759 0.067601 0.000010 0.000010 0.000010 0.003154 0.000010
0.000010 0.000010 0.000010 0.000010 0.018841 0.028008 0.336861 0.037064 0.579185
0.013359 0.157520 0.000839 0.210756 0.039816 0.000010 0.347285 0.079475 0.150941
0.869624 0.000010 0.067890 0.008373 0.029717 0.024355 0.000010 0.000010 0.000010
0.837849 0.000010 0.023480 0.071266 0.009631 0.000010 0.000010 0.057734 0.000010
0.786454 0.049452 0.029282 0.021394 0.005563 0.000010 0.101291 0.000010 0.006544
0.882897 0.000010 0.000010 0.000010 0.000010 0.022199 0.081078 0.013776 0.000010
0.838527 0.027887 0.042323 0.033831 0.000010 0.029908 0.021978 0.005526 0.000010
0.282686 0.041835 0.006836 0.099612 0.041284 0.020788 0.370249 0.009888 0.126823
0.000010 0.683485 0.048745 0.195800 0.000010 0.021138 0.000010 0.000010 0.050792
0.000010 0.628736 0.060229 0.257252 0.000010 0.000010 0.000010 0.000010 0.053734
0.005719 0.089872 0.009862 0.137990 0.009872 0.002369 0.406011 0.000010 0.338295
0.057617 0.000010 0.007425 0.017445 0.067923 0.000017 0.026572 0.000010 0.822981
0.002367 0.663322 0.128394 0.201204 0.000010 0.000945 0.000010 0.000010 0.003738
0.000010 0.021610 0.000010 0.126801 0.000010 0.019542 0.785078 0.046930 0.000010
0.039033 0.530205 0.117599 0.289400 0.000010 0.023722 0.000010 0.000010 0.000010
0.000010 0.000010 0.025234 0.215227 0.000010 0.045073 0.499609 0.053315 0.161513
0.000010 0.000010 0.000010 0.000011 0.999919 0.000010 0.000010 0.000010 0.000010
0.000010 0.000010 0.009235 0.000010 0.000010 0.070968 0.185774 0.000010 0.733973
0.000010 0.394975 0.062642 0.097715 0.398696 0.000010 0.000010 0.022211 0.023731
0.000010 0.000010 0.029540 0.000010 0.027712 0.000010 0.483551 0.000010 0.459146
0.000010 0.042625 0.019893 0.134856 0.023322 0.016573 0.671518 0.070203 0.021000
0.000010 0.026815 0.000010 0.211416 0.013461 0.030454 0.489456 0.030533 0.197845
0.001958 0.007697 0.000010 0.071670 0.000949 0.000010 0.094416 0.000010 0.823280
0.090579 0.201686 0.406577 0.125702 0.000016 0.140534 0.034887 0.000010 0.000010
0.000010 0.016125 0.025985 0.137906 0.000010 0.021339 0.234165 0.025202 0.539259
0.000010 0.000010 0.038282 0.054578 0.000010 0.012584 0.157080 0.017247 0.720200
0.000010 0.000010 0.000010 0.083394 0.018076 0.012849 0.000010 0.000010 0.885631
0.000010 0.033344 0.010975 0.309139 0.000010 0.000010 0.480614 0.065491 0.100407
0.000010 0.009975 0.016796 0.000010 0.030481 0.017597 0.441501 0.000010 0.483620
0.000010 0.000010 0.000015 0.000010 0.999915 0.000010 0.000010 0.000010 0.000010
0.000010 0.000010 0.000010 0.000010 0.999920 0.000010 0.000010 0.000010 0.000010
0.008083 0.013356 0.000010 0.040533 0.000010 0.000010 0.117591 0.030658 0.789750
0.000010 0.000010 0.000010 0.000010 0.999920 0.000010 0.000010 0.000010 0.000010
0.002739 0.000010 0.039341 0.000010 0.015685 0.015928 0.207022 0.000010 0.719255
0.000010 0.000010 0.000010 0.000010 0.000010 0.000010 0.000010 0.000010 0.999920
0.000010 0.000010 0.000010 0.000010 0.999920 0.000010 0.000010 0.000010 0.000010
0.000010 0.000010 0.000010 0.000010 0.999920 0.000010 0.000010 0.000010 0.000010
0.000010 0.000010 0.000010 0.000010 0.999920 0.000010 0.000010 0.000010 0.000010
0.000010 0.000010 0.000010 0.000010 0.999920 0.000010 0.000010 0.000010 0.000010
0.032676 0.041619 0.000010 0.036735 0.845239 0.000010 0.038594 0.005106 0.000010
0.039894 0.009743 0.043051 0.172013 0.029400 0.019151 0.577248 0.011472 0.098027
0.000010 0.000010 0.008915 0.199629 0.026689 0.075823 0.611556 0.004522 0.072846
0.000010 0.000010 0.000010 0.000010 0.999920 0.000010 0.000010 0.000010 0.000010
0.000010 0.023492 0.083209 0.013426 0.171113 0.000010 0.285294 0.009454 0.413991
0.000010 0.000010 0.000010 0.000010 0.014552 0.019327 0.261982 0.036880 0.667219
0.000010 0.000010 0.000010 0.000010 0.999920 0.000010 0.000010 0.000010 0.000010
0.000010 0.019916 0.018383 0.000010 0.946337 0.000010 0.000010 0.015314 0.000010
0.000010 0.000010 0.000010 0.000010 0.999920 0.000010 0.000010 0.000010 0.000010
0.025683 0.115624 0.022634 0.254877 0.014318 0.001694 0.198100 0.235256 0.131815
0.000010 0.000010 0.000010 0.251883 0.041428 0.000010 0.549850 0.038282 0.118517
0.000010 0.000010 0.000010 0.226892 0.016525 0.044944 0.591623 0.038599 0.081385
0.000010 0.000010 0.000010 0.353236 0.022725 0.007475 0.567159 0.037946 0.011428
0.000010 0.081927 0.000010 0.000010 0.879878 0.009280 0.000010 0.000010 0.028866
0.438045 0.036498 0.000010 0.000010 0.442436 0.000010 0.035018 0.000010 0.047963
0.000010 0.000010 0.000010 0.000010 0.999920 0.000010 0.000010 0.000010 0.000010
0.000010 0.000010 0.000010 0.000010 0.999920 0.000010 0.000010 0.000010 0.000010
0.000010 0.000010 0.000010 0.000010 0.999919 0.000011 0.000010 0.000010 0.000010
0.000010 0.000010 0.000010 0.000010 0.999920 0.000010 0.000010 0.000010 0.000010
0.000010 0.000010 0.000010 0.000010 0.999920 0.000010 0.000010 0.000010 0.000010
0.000010 0.000010 0.000010 0.000010 0.999920 0.000010 0.000010 0.000010 0.000010
0.042140 0.035876 0.000010 0.108490 0.025043 0.016787 0.264996 0.304646 0.202012
0.000010 0.000010 0.000010 0.000010 0.999920 0.000010 0.000010 0.000010 0.000010
0.027534 0.066515 0.014924 0.014835 0.876147 0.000014 0.000010 0.000010 0.000010
0.011116 0.000010 0.000010 0.021879 0.000010 0.000010 0.094340 0.010256 0.862370
0.020653 0.088317 0.030699 0.000010 0.824877 0.000011 0.000010 0.035413 0.000010
0.000010 0.065086 0.023154 0.055469 0.549571 0.039144 0.058268 0.075433 0.133865
0.000010 0.000010 0.000010 0.000010 0.999920 0.000010 0.000010 0.000010 0.000010
0.000010 0.000010 0.000010 0.000010 0.999920 0.000010 0.000010 0.000010 0.000010
0.000010 0.000010 0.000010 0.000010 0.999920 0.000010 0.000010 0.000010 0.000010
0.000010 0.000010 0.000010 0.000010 0.999920 0.000010 0.000010 0.000010 0.000010
0.000010 0.000010 0.000010 0.000010 0.975747 0.000010 0.000010 0.024183 0.000010
0.000010 0.000010 0.000010 0.000010 0.999920 0.000010 0.000010 0.000010 0.000010
0.000010 0.000010 0.000010 0.000010 0.000010 0.000010 0.000010 0.999920 0.000010
0.687258 0.308658 0.000010 0.000010 0.004025 0.000010 0.000010 0.000010 0.000010
0.625692 0.374238 0.000010 0.000010 0.000010 0.000010 0.000010 0.000010 0.000010
0.638088 0.361834 0.000010 0.000010 0.000018 0.000010 0.000010 0.000010 0.000010
0.000010 0.000010 0.000010 0.000010 0.999916 0.000014 0.000010 0.000010 0.000010
0.000010 0.000010 0.000010 0.000010 0.999920 0.000010 0.000010 0.000010 0.000010
0.611926 0.388004 0.000010 0.000010 0.000010 0.000010 0.000010 0.000010 0.000010
0.647010 0.306641 0.000010 0.000010 0.015708 0.000010 0.030591 0.000010 0.000010
0.649927 0.330506 0.000010 0.000010 0.009299 0.000010 0.000010 0.000010 0.010218
0.000010 0.000010 0.000010 0.000010 0.999920 0.000010 0.000010 0.000010 0.000010
0.000010 0.000010 0.000010 0.000010 0.999920 0.000010 0.000010 0.000010 0.000010
0.000010 0.126390 0.873540 0.000010 0.000010 0.000010 0.000010 0.000010 0.000010
0.000010 0.000010 0.000010 0.000010 0.999920 0.000010 0.000010 0.000010 0.000010
0.000010 0.000010 0.000010 0.000010 0.000010 0.901813 0.000010 0.000010 0.098117
0.000010 0.473764 0.000010 0.000010 0.526166 0.000010 0.000010 0.000010 0.000010
0.000010 0.470434 0.000010 0.000010 0.529496 0.000010 0.000010 0.000010 0.000010
0.000010 0.000446 0.051312 0.154508 0.000010 0.062939 0.123693 0.000010 0.607071
0.000010 0.500389 0.000010 0.000010 0.499541 0.000010 0.000010 0.000010 0.000010
0.910424 0.000010 0.000010 0.000010 0.000010 0.069501 0.000010 0.012131 0.007894
0.164531 0.259856 0.155894 0.181687 0.024683 0.124527 0.069959 0.018851 0.000010
0.022600 0.000010 0.070595 0.162694 0.086664 0.069747 0.135518 0.037883 0.414290
0.415884 0.381300 0.020489 0.000645 0.016553 0.000010 0.123312 0.000010 0.041796
0.000010 0.000010 0.158741 0.000010 0.364390 0.000010 0.437200 0.028530 0.011099
0.000010 0.000010 0.172512 0.000010 0.387347 0.000010 0.440081 0.000010 0.000010
0.000010 0.000010 0.008673 0.000010 0.000010 0.000010 0.202320 0.000010 0.788948
0.055444 0.083125 0.024132 0.019345 0.684006 0.078351 0.039041 0.016545 0.000010
0.039372 0.016012 0.011562 0.218835 0.032643 0.024477 0.251370 0.049075 0.356653
0.002033 0.000010 0.000010 0.024453 0.070778 0.001429 0.117414 0.017082 0.766790
0.000010 0.008471 0.079785 0.000010 0.330839 0.006567 0.180931 0.001501 0.391887
0.000010 0.335949 0.049484 0.356592 0.000010 0.151197 0.101398 0.005349 0.000010
0.002332 0.000010 0.030329 0.024778 0.044271 0.048446 0.482699 0.008850 0.358285
0.000010 0.019488 0.033732 0.223111 0.000010 0.125795 0.537186 0.046463 0.014204
0.487166 0.372054 0.012435 0.000010 0.000010 0.047290 0.078617 0.000010 0.002409
0.018808 0.054921 0.000010 0.013381 0.885120 0.007251 0.000010 0.000010 0.020488
0.498421 0.344552 0.015273 0.000010 0.000010 0.000010 0.141703 0.000010 0.000010
0.661824 0.338106 0.000010 0.000010 0.000010 0.000010 0.000010 0.000010 0.000010
0.033002 0.019121 0.000010 0.125892 0.000010 0.009657 0.336787 0.064695 0.410826
0.000010 0.051338 0.033140 0.000010 0.000010 0.000010 0.338862 0.000010 0.576610
0.646359 0.000010 0.353571 0.000010 0.000010 0.000010 0.000010 0.000010 0.000010
0.040612 0.000010 0.015625 0.000010 0.017188 0.045364 0.323933 0.040424 0.516834
0.004557 0.017646 0.000010 0.000010 0.010396 0.028097 0.262223 0.000010 0.677051
0.011209 0.000010 0.000010 0.029659 0.000013 0.000010 0.058950 0.046429 0.853710
0.127324 0.156072 0.090321 0.308943 0.000010 0.119658 0.149732 0.007127 0.040813
0.029819 0.468638 0.327233 0.000010 0.000010 0.174260 0.000010 0.000010 0.000010
0.000010 0.029614 0.025776 0.050997 0.032525 0.070987 0.155206 0.152082 0.482803
0.665024 0.334906 0.000010 0.000010 0.000010 0.000010 0.000010 0.000010 0.000010
0.055465 0.040448 0.000010 0.032292 0.003497 0.031263 0.760888 0.076127 0.000010
0.000010 0.000010 0.048864 0.116460 0.084379 0.035633 0.196697 0.000010 0.517938
0.445418 0.256252 0.026183 0.147546 0.102703 0.000011 0.021866 0.000010 0.000010
0.073391 0.059835 0.041377 0.144851 0.000010 0.000010 0.599349 0.024184 0.056994
0.000010 0.000010 0.000010 0.000010 0.999920 0.000010 0.000010 0.000010 0.000010
0.002834 0.000010 0.000010 0.000010 0.046926 0.078475 0.298554 0.049045 0.524136
0.000010 0.000010 0.000010 0.000010 0.022384 0.055210 0.335394 0.054246 0.532726
0.033362 0.050320 0.026231 0.000010 0.013676 0.002814 0.383689 0.000010 0.489888
0.000010 0.000010 0.000010 0.019821 0.018570 0.117216 0.102329 0.008985 0.733049
0.010906 0.000010 0.216575 0.256109 0.097074 0.047528 0.129287 0.000010 0.242501
0.038628 0.073021 0.024101 0.074603 0.041360 0.103958 0.430508 0.092011 0.121809
0.000010 0.000010 0.062502 0.000010 0.000010 0.000010 0.085446 0.000010 0.851991
0.000010 0.000010 0.000010 0.000010 0.026865 0.000010 0.000010 0.000010 0.973065
0.000010 0.075485 0.000010 0.060253 0.016164 0.022955 0.489835 0.252210 0.083078
0.000010 0.000010 0.009982 0.021322 0.145490 0.000010 0.090540 0.025258 0.707378
0.031162 0.058575 0.037405 0.178777 0.077905 0.000010 0.475432 0.127808 0.012927
0.012695 0.032862 0.000010 0.000010 0.060704 0.000010 0.154511 0.013978 0.725220
0.000010 0.011385 0.000010 0.044926 0.034752 0.000010 0.221173 0.031132 0.656602
0.087041 0.000010 0.000010 0.085743 0.000010 0.000010 0.817259 0.009907 0.000010
0.000010 0.023048 0.000010 0.021685 0.000010 0.026513 0.044784 0.000010 0.883930
0.011460 0.047945 0.049486 0.000010 0.340932 0.007300 0.234414 0.004781 0.303672
0.000010 0.000010 0.000010 0.000010 0.010086 0.011184 0.190276 0.000010 0.788404
0.000010 0.000010 0.034173 0.028100 0.340746 0.000010 0.180417 0.017675 0.398859
0.006622 0.057060 0.000010 0.098089 0.004491 0.016974 0.143282 0.116406 0.557065
0.000010 0.000012 0.040157 0.046546 0.043699 0.000010 0.079961 0.000010 0.789595
0.000010 0.000973 0.018673 0.000010 0.023180 0.050187 0.294182 0.007519 0.605265
0.000010 0.000010 0.147001 0.000010 0.338959 0.000010 0.506464 0.000010 0.007526
0.000010 0.000010 0.344539 0.226152 0.035641 0.000010 0.220795 0.000010 0.172832
0.000010 0.000010 0.999920 0.000010 0.000010 0.000010 0.000010 0.000010 0.000010
0.000010 0.000010 0.459460 0.000010 0.198581 0.031756 0.240141 0.002077 0.067954
0.000010 0.000010 0.372271 0.000010 0.268882 0.007800 0.321918 0.000010 0.029090
0.035479 0.000010 0.389272 0.281189 0.064303 0.009932 0.051022 0.008887 0.159906
0.051579 0.184079 0.360810 0.186037 0.025042 0.046129 0.081022 0.002884 0.062418
0.000010 0.000010 0.225920 0.005490 0.216881 0.029701 0.374222 0.044087 0.103679
0.000010 0.000010 0.999920 0.000010 0.000010 0.000010 0.000010 0.000010 0.000010
0.000010 0.079710 0.025743 0.099587 0.000010 0.036296 0.043033 0.259400 0.456210
0.000010 0.000010 0.360164 0.245531 0.032591 0.000010 0.143398 0.000010 0.218276
0.000010 0.000010 0.975042 0.000010 0.000010 0.000010 0.000010 0.000010 0.024888
0.074620 0.469436 0.251836 0.000010 0.000010 0.204057 0.000010 0.000010 0.000010
0.424789 0.373423 0.000010 0.063664 0.040016 0.020068 0.000010 0.066608 0.011412
0.465487 0.367606 0.000010 0.068823 0.061024 0.017915 0.000010 0.019114 0.000010
0.000010 0.516803 0.351672 0.000010 0.000010 0.131465 0.000010 0.000010 0.000010
0.000010 0.000010 0.403755 0.180247 0.040270 0.000010 0.096642 0.000010 0.279046
0.021960 0.000010 0.458127 0.193105 0.059947 0.000010 0.116972 0.007941 0.141928
0.000010 0.000010 0.999920 0.000010 0.000010 0.000010 0.000010 0.000010 0.000010
0.202528 0.431631 0.000010 0.172887 0.106519 0.024130 0.000010 0.050389 0.011895
0.000010 0.800578 0.000010 0.000010 0.199352 0.000010 0.000010 0.000010 0.000010
0.804736 0.033349 0.080000 0.000010 0.009039 0.000010 0.072835 0.000010 0.000010
0.019452 0.000010 0.342347 0.265323 0.047930 0.036515 0.062390 0.034872 0.191161
0.001721 0.000010 0.016226 0.000010 0.017020 0.000010 0.104915 0.000010 0.860078
0.000010 0.000010 0.016843 0.068177 0.007842 0.040860 0.130537 0.026459 0.709263
0.028060 0.060549 0.000010 0.654152 0.028200 0.027269 0.182254 0.019497 0.000010
0.018721 0.040882 0.000010 0.678564 0.011801 0.000010 0.198516 0.044672 0.006824
0.000010 0.000010 0.017755 0.047983 0.001220 0.008041 0.028781 0.026668 0.869531
0.000010 0.000010 0.059824 0.049179 0.395865 0.016030 0.167144 0.076160 0.235777
0.000010 0.000010 0.043895 0.108137 0.133522 0.018489 0.393595 0.060734 0.241607
0.000010 0.086746 0.091448 0.127554 0.053929 0.000010 0.230228 0.000010 0.410065
0.947280 0.005083 0.000010 0.000010 0.024579 0.000010 0.000010 0.023008 0.000010
0.000010 0.000736 0.008489 0.055885 0.013095 0.050328 0.257712 0.025447 0.588296
0.000010 0.000010 0.039052 0.000010 0.013873 0.000010 0.049847 0.000010 0.897178
0.000010 0.040086 0.052748 0.000010 0.015075 0.010684 0.475935 0.019261 0.386191
0.000010 0.034328 0.000010 0.068497 0.014751 0.038480 0.182353 0.035765 0.625806
0.000010 0.000010 0.000010 0.000010 0.058218 0.011729 0.526898 0.000010 0.403105
0.036072 0.013570 0.000010 0.205208 0.027438 0.016240 0.336237 0.015839 0.349385
0.000010 0.000010 0.999920 0.000010 0.000010 0.000010 0.000010 0.000010 0.000010
0.000010 0.000010 0.042309 0.272696 0.015367 0.028643 0.035985 0.017676 0.587304
0.000010 0.007484 0.000010 0.096318 0.002645 0.009350 0.220714 0.014347 0.649122
0.000010 0.000010 0.004436 0.109201 0.011289 0.016234 0.224708 0.014286 0.619826
0.000904 0.056330 0.012000 0.214759 0.043771 0.000010 0.404558 0.077189 0.190479
0.019486 0.000017 0.000010 0.047990 0.000010 0.004409 0.004591 0.000010 0.923478
0.000010 0.000010 0.000010 0.000010 0.013892 0.854843 0.000010 0.000010 0.131205
0.000010 0.107306 0.000010 0.338002 0.037075 0.000010 0.468477 0.009317 0.039793
0.000010 0.104890 0.031103 0.393618 0.010544 0.066069 0.209881 0.054303 0.129582
0.005327 0.132140 0.031135 0.422856 0.042574 0.000010 0.245653 0.043916 0.076388
0.000010 0.000010 0.000010 0.325959 0.000010 0.000010 0.418217 0.056628 0.199145
0.000010 0.000010 0.002987 0.029484 0.000010 0.000010 0.101523 0.013393 0.852573
0.000010 0.015750 0.000010 0.072178 0.020466 0.021683 0.127830 0.006542 0.735531
0.000010 0.000010 0.000010 0.237470 0.000010 0.000010 0.000010 0.000010 0.762460
0.000010 0.000010 0.000010 0.125567 0.000010 0.000010 0.000010 0.014896 0.859478
0.000010 0.097610 0.000010 0.297346 0.021593 0.087049 0.261941 0.049738 0.184702
0.000010 0.072341 0.057284 0.207623 0.468612 0.000010 0.083225 0.052988 0.057908
0.000105 0.034120 0.058511 0.135486 0.071580 0.054565 0.135519 0.039806 0.470308
0.000010 0.031189 0.087207 0.000010 0.156534 0.000010 0.249162 0.013515 0.462363
0.003222 0.000010 0.000782 0.881416 0.022494 0.028592 0.000010 0.010171 0.053303
0.000010 0.000011 0.000010 0.000010 0.017228 0.031373 0.090728 0.024420 0.836209
0.060955 0.000010 0.056706 0.000010 0.000010 0.062631 0.803498 0.016170 0.000010
0.000010 0.000010 0.021867 0.000010 0.004563 0.000010 0.280087 0.017046 0.676397
0.000010 0.000010 0.000010 0.000010 0.000010 0.000010 0.000010 0.000010 0.999920
0.000010 0.000010 0.000010 0.038283 0.000010 0.190939 0.059790 0.044384 0.666564
0.015804 0.000012 0.000010 0.333701 0.069055 0.066496 0.444067 0.037547 0.033307
0.000010 0.000010 0.000010 0.000010 0.000010 0.000010 0.000010 0.000010 0.999920
0.000010 0.000010 0.012381 0.924025 0.000010 0.019659 0.000010 0.043885 0.000010
0.024465 0.000010 0.033796 0.882518 0.014907 0.000010 0.000010 0.008268 0.036017
0.000010 0.000016 0.026454 0.914910 0.000010 0.027178 0.000010 0.031402 0.000010
0.000010 0.000010 0.011299 0.916552 0.005647 0.060036 0.000010 0.006425 0.000010
0.017242 0.000010 0.049246 0.849844 0.000010 0.000010 0.070141 0.000010 0.013488
0.000010 0.015686 0.019505 0.118031 0.838609 0.002698 0.002118 0.003333 0.000010
0.000010 0.066771 0.025623 0.160104 0.015496 0.002951 0.200796 0.008534 0.519715
0.000010 0.000010 0.046757 0.000010 0.019443 0.000010 0.008918 0.021735 0.903107
0.000010 0.000010 0.000010 0.253391 0.000010 0.000010 0.000010 0.000010 0.746539
0.000010 0.001194 0.029981 0.086004 0.007802 0.097001 0.083405 0.039664 0.654940
0.000010 0.000010 0.049476 0.000010 0.000010 0.000010 0.043646 0.000010 0.906818
0.000010 0.000010 0.000010 0.956187 0.000010 0.000010 0.035762 0.000010 0.007991
0.000010 0.021984 0.000016 0.000010 0.002460 0.039464 0.047488 0.000010 0.888558
0.023844 0.000010 0.000010 0.261251 0.023570 0.000010 0.594322 0.012559 0.084425
0.000010 0.000010 0.000010 0.000010 0.999920 0.000010 0.000010 0.000010 0.000010
0.026497 0.325060 0.053961 0.443095 0.000010 0.118003 0.000010 0.024865 0.008500
0.000010 0.066431 0.000010 0.441417 0.030402 0.092821 0.285913 0.030760 0.052236
0.000010 0.000010 0.000010 0.665085 0.008797 0.000010 0.008382 0.007250 0.310445
0.000010 0.136948 0.018498 0.536578 0.014332 0.043184 0.168926 0.043087 0.038438
0.048853 0.000010 0.035021 0.862650 0.004660 0.048775 0.000010 0.000010 0.000010
0.018181 0.067921 0.000010 0.665184 0.044905 0.000010 0.122257 0.004598 0.076933
0.000010 0.000010 0.000010 0.999920 0.000010 0.000010 0.000010 0.000010 0.000010
0.000010 0.026082 0.020485 0.652060 0.038427 0.022081 0.000010 0.041364 0.199480
0.000010 0.008648 0.043399 0.570092 0.025417 0.059243 0.177344 0.062562 0.053285
0.015853 0.036360 0.027512 0.000010 0.018477 0.001485 0.178939 0.003854 0.717508
0.034505 0.000010 0.058533 0.173221 0.001220 0.022495 0.675307 0.034699 0.000010
0.000010 0.000010 0.000010 0.913420 0.021504 0.046755 0.000010 0.011433 0.006848
0.004027 0.000010 0.020775 0.782015 0.001631 0.056212 0.065791 0.000010 0.069528
0.058611 0.000010 0.003601 0.279755 0.014605 0.046393 0.005235 0.016585 0.575205
0.000010 0.000010 0.000010 0.000010 0.000010 0.000010 0.058187 0.016304 0.925449
0.000010 0.003454 0.000010 0.601877 0.038188 0.063925 0.244728 0.047799 0.000010
0.000010 0.088771 0.000010 0.000010 0.895417 0.009756 0.000010 0.000010 0.006006
0.027186 0.009881 0.000010 0.000010 0.008608 0.050480 0.000015 0.000010 0.903800
0.000010 0.000010 0.000010 0.023575 0.000010 0.011651 0.000010 0.025950 0.938774
0.000010 0.082107 0.007259 0.654240 0.010939 0.001806 0.147771 0.007319 0.088550
0.016570 0.079759 0.000010 0.380732 0.013468 0.026812 0.035382 0.009124 0.438143
0.000010 0.000010 0.000010 0.278638 0.000010 0.030404 0.471059 0.072840 0.147019
0.000010 0.000010 0.000010 0.824591 0.040440 0.000010 0.134910 0.000010 0.000010
0.000010 0.000010 0.000010 0.000010 0.004167 0.000010 0.000010 0.000010 0.995763
0.000010 0.000010 0.000010 0.008562 0.000010 0.000010 0.000010 0.000010 0.991368
0.000010 0.000010 0.043492 0.412071 0.021910 0.000010 0.005230 0.029806 0.487461
0.000010 0.000010 0.000010 0.000010 0.018293 0.017179 0.490038 0.021409 0.453041
0.916258 0.000010 0.000010 0.000010 0.068488 0.000010 0.000010 0.015194 0.000010
0.000010 0.071587 0.032955 0.642752 0.025561 0.041880 0.132174 0.010459 0.042624
0.000010 0.014853 0.000010 0.037045 0.022192 0.000010 0.068824 0.003803 0.853253
0.898479 0.008297 0.000010 0.000010 0.081881 0.000010 0.000010 0.011293 0.000010
0.000010 0.000010 0.000010 0.000010 0.471798 0.000010 0.000010 0.528132 0.000010
0.000010 0.763998 0.000010 0.000010 0.235932 0.000010 0.000010 0.000010 0.000010
0.000010 0.007343 0.012100 0.023695 0.041982 0.031123 0.370206 0.000010 0.513531
0.000010 0.056499 0.000010 0.044575 0.018483 0.040412 0.276863 0.074752 0.488396
0.000010 0.034731 0.000010 0.014032 0.010494 0.031693 0.227588 0.020665 0.660778
0.075776 0.083061 0.042522 0.075602 0.000010 0.000010 0.392034 0.058928 0.272057
0.000010 0.000010 0.000010 0.000010 0.012113 0.035881 0.069139 0.007318 0.875509
0.000010 0.000010 0.000010 0.000010 0.000010 0.000010 0.000010 0.000010 0.999920
0.000010 0.001170 0.000010 0.328111 0.014571 0.000010 0.502080 0.098877 0.055160
0.000010 0.000010 0.012995 0.278524 0.002473 0.046455 0.000010 0.041742 0.617782
0.000010 0.054060 0.000010 0.044386 0.042101 0.029363 0.358480 0.016488 0.455101
0.033757 0.057367 0.062715 0.454322 0.000010 0.009587 0.000010 0.004408 0.377825
0.009442 0.007006 0.000010 0.042723 0.014260 0.039612 0.218597 0.046485 0.621865
0.000010 0.000010 0.009142 0.000010 0.031176 0.000010 0.286476 0.000010 0.673155
0.000010 0.000010 0.000010 0.000010 0.002959 0.000010 0.394332 0.000010 0.602649
0.000010 0.000010 0.000010 0.000010 0.008169 0.040891 0.248054 0.000010 0.702836
0.000010 0.000010 0.000010 0.000010 0.000010 0.000010 0.000010 0.000010 0.999920
0.000010 0.002938 0.019620 0.010819 0.021041 0.030114 0.000010 0.019481 0.895968
0.000010 0.033141 0.015801 0.190230 0.019358 0.071350 0.571740 0.030826 0.067543
0.013658 0.000010 0.068315 0.033658 0.049516 0.060586 0.441028 0.012240 0.320988
0.046401 0.000010 0.000010 0.816307 0.004617 0.067946 0.048368 0.016332 0.000010
0.000010 0.000010 0.003113 0.000010 0.006662 0.023031 0.000010 0.012066 0.955088
0.000010 0.060614 0.000010 0.221629 0.023369 0.000010 0.508246 0.079370 0.106742
0.000010 0.026824 0.081347 0.046208 0.045008 0.146192 0.013306 0.042143 0.598962
0.013161 0.000010 0.009210 0.052978 0.033906 0.019678 0.352867 0.064212 0.453978
0.009385 0.029774 0.068254 0.746067 0.015569 0.032212 0.002184 0.000010 0.096545
0.000010 0.022871 0.000010 0.038487 0.000010 0.034022 0.153466 0.058385 0.692738
0.000010 0.000010 0.038962 0.163968 0.002008 0.000010 0.631343 0.082169 0.081521
0.001913 0.016283 0.000010 0.899297 0.041746 0.005095 0.000010 0.018713 0.016932
0.021237 0.011253 0.000010 0.200916 0.038990 0.025712 0.684368 0.017504 0.000010
0.044826 0.130254 0.122380 0.342196 0.000010 0.039811 0.016881 0.000010 0.303632
0.000010 0.067467 0.000010 0.758024 0.000010 0.059388 0.089922 0.014678 0.010491
0.140508 0.282337 0.223101 0.290018 0.006468 0.041423 0.016125 0.000010 0.000010
0.000010 0.000010 0.000010 0.336544 0.031945 0.000010 0.462837 0.108207 0.060427
0.001430 0.000010 0.045752 0.356107 0.001907 0.000010 0.000010 0.000010 0.594764
0.000010 0.000010 0.000010 0.111471 0.000010 0.000010 0.000010 0.000010 0.888459
0.016119 0.045918 0.042971 0.025043 0.000010 0.089755 0.000010 0.000010 0.780163
0.000010 0.000010 0.014118 0.131092 0.000010 0.024745 0.000010 0.000010 0.829995
0.000010 0.072851 0.000010 0.777334 0.000010 0.013662 0.099148 0.000010 0.036965
0.041949 0.035303 0.094928 0.088345 0.017931 0.216489 0.105956 0.045440 0.353659
0.035684 0.053174 0.064713 0.164442 0.005218 0.002309 0.126054 0.012330 0.536076
0.670814 0.058802 0.013370 0.000010 0.015951 0.000010 0.005532 0.028870 0.206642
0.015576 0.000010 0.011538 0.198360 0.002907 0.000010 0.000010 0.015563 0.756026
0.000010 0.000011 0.014870 0.132371 0.015660 0.046903 0.000010 0.023853 0.766312
0.000010 0.000010 0.000010 0.000010 0.999920 0.000010 0.000010 0.000010 0.000010
0.000010 0.000010 0.000010 0.000010 0.999920 0.000010 0.000010 0.000010 0.000010
0.007334 0.005294 0.000010 0.735182 0.000010 0.032410 0.043080 0.003653 0.173027
0.000010 0.000010 0.000010 0.693496 0.035380 0.000010 0.107844 0.000010 0.163230
0.000010 0.032535 0.017773 0.582078 0.025906 0.000010 0.030283 0.000010 0.311394
0.000010 0.009730 0.000010 0.633766 0.000363 0.016156 0.000010 0.000010 0.339946
0.000010 0.000010 0.000010 0.000010 0.999920 0.000010 0.000010 0.000010 0.000010
0.000010 0.000010 0.000010 0.000010 0.999920 0.000010 0.000010 0.000010 0.000010
0.000010 0.000010 0.045092 0.876355 0.017032 0.011687 0.000010 0.013800 0.036004
0.000010 0.000010 0.000010 0.839353 0.001175 0.078412 0.032553 0.017781 0.030696
0.000010 0.000010 0.000010 0.000010 0.999920 0.000010 0.000010 0.000010 0.000010
0.000010 0.000010 0.000010 0.000010 0.999911 0.000010 0.000019 0.000010 0.000010
0.000010 0.000010 0.000010 0.000010 0.999920 0.000010 0.000010 0.000010 0.000010
0.014585 0.120852 0.000010 0.756084 0.000010 0.000010 0.000010 0.062843 0.045596
0.000010 0.000010 0.000010 0.904024 0.000010 0.012909 0.053295 0.029722 0.000010
0.114716 0.287347 0.035190 0.223061 0.102519 0.025330 0.019197 0.000010 0.192630
0.060191 0.000010 0.002790 0.709656 0.045106 0.055686 0.000010 0.065356 0.061194
0.225867 0.523737 0.020479 0.000010 0.093131 0.000010 0.136747 0.000010 0.000010
0.058027 0.000010 0.022971 0.871747 0.043087 0.004128 0.000010 0.000010 0.000010
0.000010 0.000010 0.000010 0.000010 0.999920 0.000010 0.000010 0.000010 0.000010
0.016094 0.000010 0.019085 0.893017 0.003818 0.000010 0.000010 0.000010 0.067946
0.000010 0.039976 0.000010 0.486868 0.012561 0.104340 0.160383 0.019645 0.176207
0.000010 0.035960 0.000711 0.183965 0.531876 0.034617 0.135392 0.007744 0.069726
0.000010 0.016305 0.000010 0.032119 0.893287 0.013190 0.013422 0.012425 0.019232
0.000010 0.028400 0.019268 0.767631 0.000010 0.035724 0.048478 0.014200 0.086279
0.000010 0.000010 0.000010 0.000010 0.999920 0.000010 0.000010 0.000010 0.000010
0.000010 0.000010 0.000010 0.000010 0.999920 0.000010 0.000010 0.000010 0.000010
0.000010 0.000010 0.000010 0.000010 0.999920 0.000010 0.000010 0.000010 0.000010
0.000017 0.000010 0.000010 0.000010 0.999913 0.000010 0.000010 0.000010 0.000010
0.000010 0.000010 0.000010 0.000010 0.999920 0.000010 0.000010 0.000010 0.000010
0.006441 0.000010 0.058931 0.141353 0.000010 0.023442 0.133947 0.061059 0.574809
0.019360 0.022307 0.064288 0.034143 0.114420 0.046009 0.139976 0.018465 0.541031
0.000010 0.030454 0.073307 0.003261 0.128826 0.000010 0.258321 0.000149 0.505662
0.000010 0.000010 0.000010 0.000010 0.999920 0.000010 0.000010 0.000010 0.000010
0.000010 0.651335 0.000010 0.000010 0.348595 0.000010 0.000010 0.000010 0.000010
0.029939 0.021794 0.000010 0.114634 0.059166 0.002493 0.331263 0.086132 0.354569
0.000010 0.000010 0.000010 0.006507 0.000010 0.021338 0.200148 0.019231 0.752736
0.000010 0.000010 0.041134 0.100953 0.047189 0.048466 0.250863 0.042697 0.468677
0.000010 0.000010 0.000010 0.289738 0.000010 0.000010 0.463663 0.065210 0.181340
0.000010 0.000010 0.000010 0.309432 0.014016 0.000010 0.464117 0.076046 0.136349
0.000010 0.024866 0.022752 0.103085 0.000778 0.019975 0.153409 0.004639 0.670486
0.000010 0.032412 0.000010 0.172103 0.000010 0.023192 0.562832 0.076028 0.133403
0.000010 0.000010 0.104692 0.219742 0.051586 0.006458 0.347690 0.034724 0.235088
0.000010 0.000010 0.000010 0.121817 0.039044 0.080116 0.053867 0.000010 0.705117
0.013713 0.000010 0.045193 0.049712 0.047676 0.164343 0.072983 0.000010 0.606359
0.000010 0.000010 0.007648 0.248500 0.000010 0.000010 0.430192 0.060371 0.253249
0.015888 0.000010 0.041341 0.000010 0.011491 0.064825 0.258236 0.000010 0.608189
0.000010 0.000010 0.267219 0.241762 0.063615 0.093133 0.008758 0.043138 0.282356
0.216011 0.485596 0.154297 0.000010 0.000010 0.144046 0.000010 0.000010 0.000010
0.075787 0.079434 0.000010 0.111121 0.013538 0.034565 0.368081 0.209729 0.107736
0.011733 0.006557 0.000010 0.246172 0.036077 0.005352 0.315150 0.020965 0.357982
0.000010 0.022710 0.003256 0.055380 0.003867 0.163854 0.142423 0.210495 0.398006
0.004165 0.000010 0.030730 0.009131 0.000010 0.107799 0.036067 0.003478 0.808611
0.448531 0.337455 0.004141 0.000010 0.000010 0.000010 0.209823 0.000010 0.000010
0.111807 0.366226 0.086779 0.179611 0.090424 0.042468 0.100829 0.007326 0.014532
0.000010 0.000010 0.034238 0.052627 0.012293 0.000010 0.301907 0.044100 0.554805
0.000010 0.000010 0.000010 0.101921 0.000010 0.083355 0.139418 0.019528 0.655737
0.001495 0.046423 0.000010 0.003476 0.381701 0.000010 0.063939 0.000010 0.502935
0.026215 0.014512 0.037073 0.000010 0.004984 0.032409 0.459069 0.000010 0.425718
0.049210 0.165255 0.030534 0.000013 0.712408 0.000010 0.004580 0.023765 0.014225
0.000010 0.000014 0.000010 0.195668 0.035412 0.012086 0.324387 0.024735 0.407678
0.048990 0.413303 0.079636 0.268423 0.016202 0.079985 0.026875 0.046103 0.020482
0.000010 0.000010 0.041747 0.000010 0.000010 0.036771 0.109997 0.014492 0.796953
0.000010 0.000010 0.000010 0.000010 0.000010 0.041990 0.003771 0.000010 0.954179
0.000010 0.023607 0.000010 0.002846 0.000010 0.060151 0.093916 0.019559 0.799890
0.000010 0.000010 0.000010 0.048092 0.000010 0.065365 0.189327 0.000010 0.697166
0.730018 0.093185 0.000010 0.083915 0.000010 0.006485 0.043954 0.034290 0.008133
0.000010 0.000010 0.000010 0.825078 0.014143 0.090274 0.067703 0.002762 0.000010
0.022384 0.390337 0.255725 0.058106 0.000010 0.267853 0.000010 0.005566 0.000010
0.000010 0.078665 0.000010 0.605993 0.000908 0.031797 0.174800 0.000010 0.107807
0.000010 0.000010 0.060687 0.103475 0.020629 0.041141 0.319251 0.112966 0.341830
0.000010 0.000010 0.000010 0.876875 0.000010 0.000010 0.038285 0.044737 0.040054
0.000010 0.062624 0.000010 0.625404 0.017091 0.017859 0.183554 0.000010 0.093438
0.037368 0.379738 0.287473 0.033031 0.000010 0.248298 0.000010 0.014062 0.000010
0.000010 0.000010 0.001648 0.185055 0.000010 0.000010 0.000010 0.000010 0.813236
0.004137 0.000010 0.000010 0.172368 0.000010 0.000010 0.000010 0.000010 0.823435
0.000010 0.046897 0.032285 0.474018 0.028078 0.125917 0.171494 0.101460 0.019841
0.000010 0.000010 0.000010 0.097402 0.000010 0.015087 0.000010 0.000010 0.887451
0.027694 0.090260 0.000010 0.506641 0.011531 0.089569 0.178587 0.054279 0.041429
0.702719 0.130364 0.065951 0.000010 0.000010 0.014126 0.073138 0.013673 0.000010
0.000010 0.000010 0.000010 0.000010 0.000010 0.999920 0.000010 0.000010 0.000010
0.987952 0.000010 0.000010 0.010271 0.000010 0.001718 0.000010 0.000010 0.000010
0.517757 0.194731 0.000010 0.132221 0.000577 0.000425 0.140803 0.013465 0.000010
0.011511 0.221494 0.093825 0.300184 0.367256 0.005700 0.000010 0.000010 0.000010
0.845946 0.025775 0.004998 0.072597 0.036249 0.000010 0.000010 0.014404 0.000010
0.000010 0.000010 0.000010 0.000010 0.999920 0.000010 0.000010 0.000010 0.000010
0.000010 0.000010 0.005493 0.327763 0.000010 0.000010 0.000010 0.006953 0.659741
0.012748 0.057242 0.000010 0.727142 0.012513 0.031577 0.119190 0.039568 0.000010
0.017499 0.037088 0.035797 0.740855 0.035033 0.000010 0.000010 0.039840 0.093868
0.000010 0.094130 0.013585 0.000010 0.863608 0.000010 0.000010 0.000010 0.028627
0.000010 0.037849 0.000010 0.106576 0.014232 0.000010 0.000010 0.491007 0.350296
0.157526 0.261262 0.057688 0.222714 0.059279 0.047697 0.153417 0.005855 0.034562
0.000010 0.264655 0.040036 0.390646 0.000010 0.203784 0.077430 0.000010 0.023420
0.000010 0.056758 0.053333 0.511445 0.039298 0.000010 0.208049 0.079204 0.051892
0.000010 0.013593 0.032552 0.648055 0.048096 0.000010 0.135498 0.020445 0.101740
0.010462 0.042128 0.063103 0.354591 0.070797 0.128075 0.098173 0.008441 0.224230
0.000010 0.052751 0.000010 0.580048 0.024727 0.061351 0.149097 0.067711 0.064295
0.031074 0.173947 0.000010 0.030086 0.738799 0.000010 0.000010 0.026054 0.000010
0.054064 0.141278 0.000013 0.050292 0.690211 0.000010 0.000010 0.027704 0.036418
0.009577 0.045712 0.015438 0.064410 0.822557 0.000010 0.020828 0.021458 0.000010
0.000142 0.376301 0.108138 0.349059 0.000010 0.042271 0.083598 0.005354 0.035126
0.000010 0.300864 0.632683 0.000010 0.000010 0.066393 0.000010 0.000010 0.000010
0.624567 0.052630 0.000010 0.284400 0.000010 0.033465 0.004898 0.000010 0.000010
0.219779 0.384239 0.174201 0.069353 0.000010 0.102973 0.029964 0.019472 0.000010
0.000010 0.000010 0.000010 0.000010 0.000010 0.000010 0.000010 0.000010 0.999920
0.000010 0.000010 0.002455 0.000010 0.139575 0.014552 0.104308 0.030273 0.708807
0.000010 0.002509 0.000010 0.000010 0.002051 0.002130 0.528393 0.051204 0.413683
