0.463909 0.454379 0.000010 0.018598 0.063105
0.679461 0.246523 0.044542 0.000010 0.029464
0.433755 0.426078 0.044612 0.093464 0.002091
0.059982 0.000010 0.000010 0.030474 0.909525
0.529791 0.287693 0.074105 0.108400 0.000010
0.188872 0.744389 0.000010 0.040048 0.026680
0.180900 0.329229 0.000010 0.058084 0.431777
0.051565 0.933547 0.000010 0.001535 0.013343
0.730539 0.125863 0.000123 0.084069 0.059406
0.084949 0.892077 0.000010 0.006906 0.016058
0.256789 0.712159 0.000010 0.027277 0.003766
0.540832 0.388301 0.034132 0.035203 0.001532
0.551813 0.015404 0.000010 0.288046 0.144727
0.386358 0.006533 0.000010 0.114539 0.492560
0.028335 0.940912 0.010749 0.008202 0.011803
0.471029 0.371023 0.060935 0.078703 0.018310
0.235016 0.711891 0.009668 0.016365 0.027059
0.161842 0.511126 0.000010 0.025648 0.301375
0.188220 0.390284 0.000010 0.421476 0.000010
0.000010 0.000010 0.999960 0.000010 0.000010
0.000010 0.019315 0.975872 0.000010 0.004793
0.000010 0.000010 0.999960 0.000010 0.000010
0.000010 0.034161 0.965809 0.000010 0.000010
0.095872 0.024863 0.052575 0.094146 0.732545
0.219185 0.149587 0.000010 0.624144 0.007074
0.000010 0.000010 0.995009 0.000010 0.004961
0.711845 0.115549 0.096446 0.037673 0.038487
0.000010 0.000010 0.988728 0.000010 0.011242
0.698730 0.116610 0.028412 0.125498 0.030750
0.748980 0.097458 0.032647 0.044616 0.076298
0.861811 0.016225 0.028266 0.093688 0.000010
0.741372 0.097389 0.007934 0.114142 0.039163
0.405880 0.025423 0.057674 0.325409 0.185614
0.581892 0.000010 0.038529 0.303825 0.075744
0.708242 0.208074 0.057345 0.014727 0.011613
0.280256 0.288948 0.005320 0.050950 0.374526
0.133777 0.339194 0.000010 0.086649 0.440370
0.050031 0.000010 0.830443 0.048122 0.071394
0.811012 0.022436 0.000010 0.127668 0.038874
0.742190 0.042050 0.047351 0.150208 0.018202
0.000010 0.999960 0.000010 0.000010 0.000010
0.553604 0.204950 0.030778 0.167519 0.043149
0.193816 0.733051 0.007936 0.042269 0.022928
0.159749 0.812096 0.000010 0.003080 0.025065
0.486601 0.000010 0.001199 0.512180 0.000010
0.000010 0.000010 0.970877 0.029093 0.000010
0.057152 0.003189 0.939639 0.000010 0.000010
0.285423 0.009059 0.481352 0.154711 0.069456
0.472817 0.046532 0.054852 0.370992 0.054808
0.544384 0.045866 0.054601 0.280925 0.074225
0.000010 0.061824 0.000010 0.938146 0.000010
0.488918 0.005059 0.114000 0.342506 0.049518
0.000010 0.146963 0.000010 0.837382 0.015635
0.542166 0.086617 0.019438 0.329218 0.022560
0.484207 0.000010 0.060421 0.409640 0.045722
0.969135 0.011961 0.000010 0.000010 0.018883
0.063170 0.878734 0.042887 0.000010 0.015199
0.782277 0.012967 0.000010 0.135188 0.069558
0.764672 0.039975 0.000010 0.157330 0.038013
0.132346 0.729741 0.000010 0.090474 0.047429
0.847637 0.026733 0.026080 0.099540 0.000010
0.752068 0.118701 0.000010 0.074882 0.054339
0.383452 0.467966 0.036562 0.102112 0.009908
0.827602 0.056609 0.013904 0.062438 0.039447
0.673442 0.088569 0.018699 0.180365 0.038925
0.220907 0.226435 0.058949 0.259194 0.234515
0.015976 0.000010 0.448745 0.161396 0.373873
0.212351 0.001635 0.057795 0.023042 0.705177
0.060833 0.879508 0.023652 0.013626 0.022380
0.573564 0.011344 0.001807 0.346959 0.066326
0.456487 0.102491 0.045071 0.332245 0.063706
0.399972 0.101947 0.012011 0.459335 0.026735
0.831379 0.131752 0.000832 0.021892 0.014144
0.757775 0.122001 0.002742 0.082991 0.034492
0.738602 0.137385 0.000010 0.077571 0.046432
0.781821 0.042859 0.034527 0.140353 0.000439
0.814808 0.039692 0.006517 0.118224 0.020759
0.676748 0.082876 0.063082 0.177284 0.000010
0.000010 0.000010 0.951443 0.000010 0.048527
0.741715 0.111350 0.000010 0.110200 0.036725
0.751817 0.053973 0.035683 0.147068 0.011460
0.219808 0.715302 0.024507 0.000010 0.040372
0.216033 0.721929 0.000010 0.029642 0.032386
0.876170 0.071373 0.045312 0.000010 0.007135
0.136850 0.784695 0.000010 0.012335 0.066110
0.000010 0.009361 0.937465 0.000010 0.053154
0.060268 0.015645 0.816111 0.107967 0.000010
0.279621 0.680612 0.000010 0.003178 0.036579
0.561011 0.198708 0.031488 0.139422 0.069371
0.000010 0.000010 0.891751 0.078519 0.029710
0.112686 0.015076 0.854774 0.009588 0.007877
0.099658 0.012679 0.811243 0.058251 0.018169
0.098644 0.002943 0.896667 0.000010 0.001736
0.050314 0.000010 0.860430 0.085120 0.004126
0.411788 0.186881 0.293795 0.052830 0.054705
0.290185 0.046780 0.027814 0.625176 0.010045
0.290338 0.059731 0.056881 0.562439 0.030612
0.461379 0.409147 0.024512 0.075158 0.029805
0.005211 0.867647 0.059118 0.000010 0.068014
0.214749 0.035277 0.074963 0.660472 0.014540
0.874842 0.065986 0.000010 0.043808 0.015354
0.324498 0.000010 0.084772 0.554800 0.035919
0.670756 0.265025 0.000010 0.058875 0.005334
0.000010 0.000010 0.000010 0.000010 0.999960
0.130453 0.806307 0.000010 0.058394 0.004836
0.149049 0.008636 0.040097 0.345662 0.456557
0.275783 0.632892 0.000010 0.047373 0.043942
0.771803 0.105013 0.000010 0.077659 0.045515
0.633448 0.285661 0.000010 0.056589 0.024293
0.128885 0.866982 0.002146 0.000010 0.001977
0.179937 0.043280 0.099937 0.663997 0.012848
0.341238 0.599246 0.000010 0.059496 0.000010
0.180987 0.783350 0.000010 0.035019 0.000633
0.061564 0.918985 0.000010 0.000010 0.019431
0.767710 0.170785 0.005246 0.056249 0.000010
0.257561 0.600813 0.012185 0.084595 0.044846
0.000010 0.000010 0.000010 0.000010 0.999960
0.000010 0.000010 0.000010 0.000010 0.999960
0.154088 0.829561 0.013213 0.000010 0.003128
0.000010 0.000010 0.000010 0.000010 0.999960
0.071626 0.810340 0.029604 0.061927 0.026503
0.000010 0.999960 0.000010 0.000010 0.000010
0.000010 0.000010 0.000010 0.000010 0.999960
0.000010 0.000010 0.000010 0.000010 0.999960
0.000010 0.000010 0.000010 0.000010 0.999960
0.000010 0.000010 0.000010 0.000010 0.999960
0.090989 0.000010 0.043758 0.009015 0.856227
0.658028 0.201110 0.047459 0.049887 0.043515
0.716979 0.187482 0.001045 0.051127 0.043367
0.000010 0.000010 0.000010 0.000010 0.999960
0.251557 0.486750 0.013097 0.062525 0.186070
0.205575 0.761562 0.004078 0.000010 0.028776
0.000010 0.000010 0.000010 0.000010 0.999960
0.004311 0.000010 0.005411 0.037488 0.952780
0.000010 0.000010 0.000010 0.000010 0.999960
0.671444 0.159660 0.043960 0.088747 0.036189
0.744665 0.211042 0.000010 0.000010 0.044273
0.734675 0.186738 0.025031 0.029334 0.024222
0.848790 0.095755 0.024050 0.000010 0.031395
0.000010 0.045848 0.000010 0.051073 0.903059
0.000010 0.077992 0.465280 0.000010 0.456708
0.000010 0.000010 0.000010 0.000010 0.999960
0.000010 0.000010 0.000010 0.000010 0.999960
0.000010 0.000010 0.000010 0.000010 0.999960
0.000010 0.000010 0.000010 0.000010 0.999960
0.000010 0.000010 0.000010 0.000010 0.999960
0.000010 0.000010 0.000010 0.000010 0.999960
0.644341 0.251072 0.059386 0.005363 0.039838
0.000010 0.000010 0.000010 0.000010 0.999960
0.018088 0.000010 0.043365 0.047789 0.890747
0.102138 0.897832 0.000010 0.000010 0.000010
0.026502 0.000010 0.035574 0.092975 0.844938
0.208394 0.153274 0.000010 0.070411 0.567911
0.000010 0.000010 0.000010 0.000010 0.999960
0.000010 0.000010 0.000010 0.000010 0.999960
0.000010 0.000010 0.000010 0.000010 0.999960
0.000010 0.000010 0.000010 0.000010 0.999960
0.021139 0.000010 0.000010 0.002200 0.976641
0.000010 0.000010 0.000010 0.000010 0.999960
0.950413 0.040287 0.000010 0.000010 0.009280
0.085113 0.000010 0.749556 0.074981 0.090340
0.125062 0.000010 0.663255 0.144778 0.066895
0.108037 0.000010 0.702330 0.118630 0.070993
0.000010 0.000010 0.000010 0.000010 0.999960
0.000010 0.000010 0.000010 0.000010 0.999960
0.041566 0.000010 0.695463 0.198670 0.064291
0.154797 0.000010 0.676755 0.099809 0.068628
0.130327 0.007242 0.680692 0.116069 0.065670
0.000010 0.000010 0.000010 0.000010 0.999960
0.000010 0.000010 0.000010 0.000010 0.999960
0.000010 0.000010 0.000010 0.995846 0.004124
0.000010 0.000010 0.000010 0.000010 0.999960
0.184405 0.244334 0.000010 0.571241 0.000010
0.000010 0.000010 0.000010 0.349860 0.650110
0.018702 0.000010 0.000010 0.328580 0.652698
0.236496 0.672840 0.000010 0.090645 0.000010
0.039784 0.000010 0.000010 0.337989 0.622207
0.006116 0.018894 0.936203 0.036894 0.001894
0.315888 0.005691 0.177648 0.442810 0.057962
0.307716 0.484582 0.017148 0.101672 0.088882
0.191175 0.050914 0.440017 0.240061 0.077833
0.354523 0.132387 0.018264 0.109275 0.385551
0.333779 0.102216 0.004098 0.150520 0.409387
0.106316 0.879933 0.004730 0.000010 0.009010
0.104060 0.000010 0.062416 0.133582 0.699932
0.452416 0.414490 0.047029 0.048061 0.038004
0.109206 0.815388 0.002649 0.000010 0.072747
0.108709 0.471339 0.000010 0.079327 0.340615
0.548751 0.000010 0.019968 0.421225 0.010046
0.405514 0.467613 0.013230 0.058706 0.054937
0.725933 0.116506 0.000010 0.157541 0.000010
0.125979 0.024337 0.500506 0.299584 0.049594
0.025201 0.020901 0.020264 0.033602 0.900032
0.137718 0.002121 0.549686 0.256381 0.054093
0.104586 0.000010 0.703350 0.121157 0.070897
0.448897 0.485604 0.044528 0.020961 0.000010
0.231800 0.676945 0.003893 0.078990 0.008372
0.000010 0.000010 0.662249 0.337721 0.000010
0.285342 0.605564 0.053034 0.029385 0.026676
0.141852 0.781880 0.015885 0.040974 0.019409
0.106961 0.882299 0.006197 0.000010 0.004532
0.450023 0.087639 0.144214 0.313687 0.004438
0.000010 0.000010 0.030521 0.969449 0.000010
0.335616 0.536800 0.005980 0.078110 0.043494
0.104701 0.000010 0.713390 0.112798 0.069100
0.727560 0.090964 0.083713 0.081508 0.016256
0.260833 0.584271 0.000010 0.062760 0.092126
0.250429 0.000010 0.443838 0.165557 0.140166
0.625465 0.154741 0.107042 0.098149 0.014604
0.000010 0.000010 0.000010 0.000010 0.999960
0.284602 0.616552 0.017881 0.020853 0.060113
0.312048 0.633633 0.000010 0.015009 0.039300
0.260243 0.589287 0.053916 0.069053 0.027501
0.115461 0.793525 0.000010 0.073218 0.017786
0.313371 0.323694 0.024763 0.241978 0.096193
0.545143 0.203756 0.059812 0.129577 0.061712
0.046702 0.927814 0.000010 0.025464 0.000010
0.000010 0.981307 0.000010 0.000010 0.018663
0.748027 0.161278 0.019907 0.024161 0.046626
0.092775 0.758165 0.000010 0.000010 0.149040
0.683051 0.088450 0.067422 0.060103 0.100975
0.124403 0.773012 0.024256 0.011416 0.066912
0.247360 0.707025 0.000010 0.000010 0.045595
0.755349 0.048571 0.122539 0.073530 0.000010
0.045146 0.920391 0.000010 0.034443 0.000010
0.190682 0.365735 0.020610 0.066203 0.356770
0.110615 0.863636 0.000010 0.000010 0.025729
0.183433 0.458219 0.000010 0.011244 0.347094
0.346325 0.590069 0.012721 0.031473 0.019414
0.080369 0.850411 0.000010 0.023174 0.046036
0.206601 0.710033 0.000010 0.049218 0.034139
0.388563 0.158744 0.000010 0.094072 0.358611
0.390935 0.272006 0.022916 0.268593 0.045551
0.000010 0.105918 0.000010 0.894052 0.000010
0.171300 0.199051 0.000010 0.433382 0.196257
0.217977 0.157733 0.000010 0.353680 0.270600
0.311248 0.250591 0.059942 0.311430 0.066789
0.237932 0.120882 0.062111 0.535608 0.043467
0.350611 0.198199 0.007048 0.216788 0.227354
0.000010 0.097125 0.000010 0.902845 0.000010
0.405801 0.472236 0.000010 0.104527 0.017426
0.337922 0.317727 0.000010 0.302850 0.041491
0.000010 0.282106 0.000010 0.717864 0.000010
0.000010 0.000010 0.111870 0.861248 0.026862
0.272914 0.001719 0.432394 0.191770 0.101202
0.203281 0.000010 0.488238 0.185277 0.123194
0.000010 0.000010 0.000010 0.999960 0.000010
0.229289 0.387315 0.010253 0.323524 0.049618
0.262418 0.249800 0.067387 0.355741 0.064654
0.000010 0.189628 0.000010 0.791789 0.018563
0.314823 0.000010 0.205698 0.307965 0.171504
0.088456 0.000010 0.000010 0.547911 0.363613
0.019699 0.000010 0.842988 0.115477 0.021825
0.324787 0.275834 0.051220 0.291203 0.056956
0.029563 0.925860 0.012814 0.003100 0.028663
0.185038 0.772630 0.000010 0.028811 0.013512
0.852398 0.000010 0.049185 0.060131 0.038276
0.846494 0.038777 0.050594 0.047031 0.017104
0.088403 0.906309 0.000010 0.003048 0.002230
0.260944 0.282964 0.000010 0.053924 0.402157
0.479052 0.331294 0.000010 0.043928 0.145717
0.324872 0.468039 0.000010 0.134250 0.072829
0.000010 0.000010 0.973829 0.000010 0.026141
0.273561 0.662333 0.000010 0.047163 0.016933
0.000010 0.942788 0.000010 0.037773 0.019419
0.383084 0.485201 0.004567 0.095335 0.031813
0.277552 0.675685 0.000010 0.015222 0.031530
0.397532 0.527620 0.000010 0.002388 0.072450
0.485436 0.416735 0.049362 0.013338 0.035130
0.000010 0.000010 0.000010 0.999960 0.000010
0.290090 0.627018 0.000010 0.075636 0.007246
0.272028 0.718766 0.000010 0.000010 0.009185
0.277701 0.688900 0.000010 0.015207 0.018182
0.610043 0.263301 0.020949 0.046632 0.059075
0.026062 0.955593 0.014791 0.003545 0.000010
0.205826 0.268131 0.000010 0.517956 0.008077
0.766095 0.105317 0.000010 0.060620 0.067958
0.638169 0.169886 0.006174 0.155842 0.029929
0.681109 0.104038 0.021125 0.132034 0.061694
0.711568 0.267087 0.000010 0.015452 0.005883
0.104526 0.894903 0.000010 0.000010 0.000551
0.166298 0.787660 0.000010 0.017591 0.028442
0.184824 0.792077 0.000010 0.023079 0.000010
0.113944 0.886026 0.000010 0.000010 0.000010
0.607809 0.235087 0.000010 0.114838 0.042256
0.334516 0.072961 0.010011 0.099854 0.482657
0.277588 0.528614 0.000824 0.112488 0.080486
0.198361 0.534658 0.000010 0.102537 0.164435
0.803658 0.076323 0.029016 0.077723 0.013279
0.088351 0.886775 0.000010 0.000010 0.024854
0.653366 0.127705 0.078471 0.140448 0.000010
0.186032 0.774688 0.000010 0.016160 0.023110
0.000010 0.999960 0.000010 0.000010 0.000010
0.136785 0.735055 0.000010 0.128140 0.000010
0.712829 0.124119 0.032989 0.053902 0.076160
0.000010 0.999960 0.000010 0.000010 0.000010
0.827757 0.013612 0.038747 0.119874 0.000010
0.807851 0.047930 0.050324 0.093457 0.000438
0.887033 0.000010 0.000010 0.112937 0.000010
0.831449 0.000010 0.052863 0.115668 0.000010
0.807617 0.043106 0.041986 0.107280 0.000010
0.125680 0.000010 0.001872 0.028364 0.844074
0.327183 0.563137 0.000010 0.083172 0.026498
0.000010 0.951912 0.000010 0.025659 0.022409
0.221713 0.778257 0.000010 0.000010 0.000010
0.199124 0.719822 0.000010 0.070937 0.010106
0.016768 0.958479 0.000010 0.024733 0.000010
0.866784 0.033465 0.018958 0.080783 0.000010
0.006382 0.938807 0.000010 0.044937 0.009864
0.730981 0.187683 0.046410 0.000010 0.034916
0.000010 0.000010 0.000010 0.000010 0.999960
0.528265 0.020636 0.037357 0.405454 0.008289
0.721349 0.112538 0.000010 0.128970 0.037134
0.638584 0.337027 0.022347 0.000010 0.002032
0.730250 0.067442 0.019974 0.153632 0.028701
0.776362 0.000010 0.085387 0.138230 0.000010
0.729190 0.097543 0.039496 0.086016 0.047755
0.939100 0.000010 0.000010 0.060870 0.000010
0.624561 0.210128 0.013200 0.121264 0.030846
0.759539 0.094137 0.000010 0.124495 0.021819
0.134235 0.772112 0.021327 0.041032 0.031294
0.756483 0.099819 0.063489 0.065622 0.014587
0.876408 0.021193 0.000010 0.089597 0.012792
0.741655 0.105040 0.040657 0.112638 0.000010
0.269344 0.606442 0.061601 0.049203 0.013410
0.036429 0.963541 0.000010 0.000010 0.000010
0.856235 0.040239 0.000010 0.065716 0.037800
0.000010 0.014778 0.000010 0.071470 0.913732
0.000010 0.927867 0.023051 0.039666 0.009406
0.031661 0.968309 0.000010 0.000010 0.000010
0.759078 0.109958 0.000010 0.106574 0.024380
0.382656 0.457659 0.048149 0.081564 0.029972
0.759753 0.228207 0.000010 0.002854 0.009176
0.876671 0.022461 0.038298 0.028639 0.033931
0.000010 0.998075 0.000010 0.000010 0.001895
0.000010 0.999960 0.000010 0.000010 0.000010
0.397210 0.516259 0.000010 0.071961 0.014560
0.352056 0.571851 0.000010 0.035902 0.040181
0.000010 0.000010 0.933175 0.000010 0.066795
0.728402 0.070080 0.009965 0.166198 0.025355
0.091814 0.881367 0.000754 0.000010 0.026054
0.000010 0.000010 0.918470 0.000010 0.081500
0.468299 0.034670 0.016983 0.000010 0.480038
0.083681 0.000010 0.000010 0.530141 0.386158
0.287405 0.615637 0.000010 0.048500 0.048449
0.355906 0.552518 0.000010 0.052987 0.038579
0.218735 0.721337 0.000010 0.037847 0.022072
0.430731 0.345935 0.092112 0.118629 0.012594
0.032609 0.947140 0.000010 0.000010 0.020231
0.000010 0.999960 0.000010 0.000010 0.000010
0.810655 0.143647 0.016142 0.000010 0.029547
0.284820 0.650149 0.010501 0.050095 0.004434
0.359973 0.534523 0.000010 0.050771 0.054723
0.410588 0.400496 0.045490 0.143415 0.000010
0.262836 0.691129 0.006134 0.016803 0.023098
0.184457 0.768866 0.000010 0.000010 0.046657
0.196511 0.754777 0.020705 0.000345 0.027663
0.140925 0.794431 0.000010 0.045805 0.018830
0.000010 0.999960 0.000010 0.000010 0.000010
0.027561 0.924082 0.000010 0.025871 0.022476
0.705572 0.164688 0.000711 0.099032 0.029997
0.366641 0.432515 0.043147 0.094325 0.063373
0.840264 0.000010 0.072701 0.086716 0.000309
0.000010 0.988664 0.000010 0.000010 0.011306
0.725711 0.183426 0.000010 0.050748 0.040105
0.105836 0.655315 0.000010 0.191168 0.047671
0.382228 0.551000 0.018661 0.004135 0.043976
0.669981 0.118116 0.031058 0.165847 0.014997
0.218990 0.750418 0.000010 0.024469 0.006113
0.774812 0.181530 0.000010 0.017925 0.025723
0.842682 0.015974 0.026259 0.079939 0.035146
0.773733 0.086679 0.047064 0.039830 0.052694
0.345368 0.328002 0.055500 0.271121 0.000010
0.803257 0.033327 0.007538 0.155867 0.000010
0.290913 0.000251 0.156538 0.511727 0.040571
0.815320 0.144683 0.000010 0.000010 0.039977
0.304818 0.635662 0.017902 0.041039 0.000579
0.042483 0.924586 0.000010 0.030974 0.001947
0.027649 0.823183 0.021449 0.127709 0.000010
0.086672 0.864742 0.004649 0.043928 0.000010
0.838441 0.048039 0.000010 0.113500 0.000010
0.252945 0.435539 0.044495 0.243547 0.023474
0.257682 0.586368 0.038911 0.104020 0.013018
0.023791 0.223842 0.689848 0.036555 0.025964
0.160999 0.787521 0.023242 0.018356 0.009882
0.129517 0.805192 0.000010 0.051415 0.013866
0.000010 0.000010 0.000010 0.000010 0.999960
0.000010 0.000010 0.000010 0.000010 0.999960
0.713821 0.189937 0.025966 0.070266 0.000010
0.749239 0.184324 0.006092 0.033765 0.026580
0.557786 0.329023 0.000010 0.096763 0.016419
0.583523 0.352093 0.010577 0.047966 0.005841
0.000010 0.000010 0.000010 0.000010 0.999960
0.000010 0.000010 0.000010 0.000010 0.999960
0.819143 0.057492 0.000010 0.121470 0.001885
0.851078 0.070849 0.000010 0.077373 0.000690
0.000010 0.000010 0.000010 0.000010 0.999960
0.000010 0.000010 0.000010 0.000010 0.999960
0.000010 0.000010 0.000010 0.000010 0.999960
0.828810 0.047632 0.036959 0.083366 0.003234
0.939630 0.006556 0.000010 0.053794 0.000010
0.282845 0.180898 0.130212 0.263678 0.142368
0.718504 0.083901 0.069384 0.095273 0.032938
0.218916 0.000010 0.243162 0.376674 0.161238
0.748928 0.015545 0.088842 0.118916 0.027769
0.000010 0.000010 0.000010 0.000010 0.999960
0.781926 0.081442 0.059771 0.076851 0.000010
0.633678 0.219419 0.000010 0.133606 0.013287
0.296260 0.097183 0.002491 0.068253 0.535814
0.079111 0.022059 0.000010 0.000010 0.898810
0.757018 0.105960 0.000010 0.137002 0.000010
0.000010 0.000010 0.000010 0.000010 0.999960
0.000010 0.000010 0.000010 0.000010 0.999960
0.000010 0.000010 0.000010 0.000010 0.999960
0.000010 0.000010 0.000010 0.000010 0.999960
0.000010 0.000010 0.000010 0.000010 0.999960
0.296912 0.638880 0.011316 0.052881 0.000010
0.148392 0.605563 0.015516 0.109499 0.121030
0.200184 0.583755 0.000010 0.075776 0.140275
0.000010 0.000010 0.000010 0.000010 0.999960
0.039780 0.000010 0.000010 0.466377 0.493823
0.474602 0.413825 0.042255 0.000010 0.069308
0.164734 0.825629 0.000010 0.000010 0.009617
0.329596 0.548660 0.000010 0.070150 0.051585
0.723368 0.267706 0.008906 0.000010 0.000010
0.758452 0.221373 0.000010 0.000010 0.020155
0.211170 0.724871 0.000010 0.058028 0.005922
0.739927 0.226743 0.000010 0.033311 0.000010
0.512657 0.325119 0.000010 0.102486 0.059728
0.166746 0.756383 0.000010 0.043116 0.033745
0.114444 0.670928 0.004607 0.162394 0.047626
0.649502 0.340150 0.010327 0.000010 0.000010
0.166087 0.710112 0.040181 0.064948 0.018672
0.293759 0.363715 0.000010 0.276453 0.066063
0.000010 0.000010 0.261067 0.682649 0.056264
0.642934 0.173490 0.095496 0.047387 0.040693
0.495705 0.418142 0.025467 0.020219 0.040467
0.430997 0.454467 0.000010 0.096861 0.017665
0.050106 0.870936 0.012976 0.065972 0.000010
0.208007 0.026793 0.487759 0.231761 0.045679
0.358079 0.010894 0.130179 0.355823 0.145025
0.340544 0.631810 0.000010 0.000010 0.027626
0.221808 0.721589 0.000010 0.055921 0.000671
0.090430 0.512897 0.000010 0.004933 0.391730
0.336644 0.533872 0.036140 0.079209 0.014135
0.060404 0.015335 0.062765 0.121055 0.740442
0.468154 0.472111 0.001143 0.015807 0.042785
0.409664 0.014289 0.070445 0.433911 0.071691
0.082673 0.866407 0.000010 0.050900 0.000010
0.000010 0.993287 0.000010 0.000010 0.006683
0.116992 0.856676 0.009791 0.016531 0.000010
0.176963 0.775772 0.000010 0.047244 0.000010
0.167258 0.017990 0.753304 0.048848 0.012600
0.874374 0.000010 0.000010 0.125596 0.000010
0.113862 0.000010 0.037034 0.845702 0.003392
0.729686 0.144473 0.000010 0.108656 0.017176
0.479065 0.429672 0.000010 0.064871 0.026383
0.942166 0.034916 0.000010 0.022899 0.000010
0.768509 0.126858 0.000010 0.086846 0.017777
0.096027 0.000010 0.050194 0.853590 0.000178
0.142358 0.842164 0.000010 0.015459 0.000010
0.093709 0.865870 0.040400 0.000010 0.000010
0.735402 0.066836 0.000010 0.166276 0.031476
0.053826 0.930715 0.000010 0.015439 0.000010
0.755099 0.067889 0.038043 0.109832 0.029137
0.093665 0.008582 0.724526 0.157448 0.015779
0.262751 0.156423 0.000010 0.580806 0.000010
0.000010 0.000010 0.999960 0.000010 0.000010
0.346595 0.000010 0.545846 0.070830 0.036719
0.301428 0.000010 0.039046 0.263022 0.396494
0.081962 0.000010 0.871559 0.003270 0.043199
0.000010 0.000010 0.000010 0.000010 0.999960
0.281910 0.686711 0.000010 0.031359 0.000010
0.810497 0.024937 0.033895 0.119409 0.011262
0.711097 0.111837 0.045832 0.098577 0.032656
0.000010 0.039347 0.000010 0.072495 0.888138
0.563340 0.363593 0.027436 0.000010 0.045621
0.399979 0.056727 0.167825 0.280103 0.095365
0.533917 0.045865 0.003811 0.416397 0.000010
0.761618 0.089137 0.000010 0.100621 0.048614
0.731235 0.137483 0.000010 0.086823 0.044448
0.443337 0.279481 0.014750 0.190049 0.072383
0.747216 0.096753 0.015508 0.113022 0.027501
0.079108 0.000010 0.045673 0.111445 0.763763
0.100437 0.022100 0.057655 0.108874 0.710934
0.111114 0.000010 0.014588 0.040565 0.833724
0.472810 0.044625 0.025864 0.425643 0.031057
0.000010 0.000010 0.000010 0.999960 0.000010
0.267617 0.000010 0.650729 0.081634 0.000010
0.162372 0.000368 0.238617 0.580838 0.017805
0.000010 0.999960 0.000010 0.000010 0.000010
0.081458 0.774458 0.000010 0.000010 0.144065
0.466030 0.508548 0.010874 0.000010 0.014538
0.256726 0.615848 0.011780 0.024898 0.090748
0.981807 0.005480 0.000010 0.000010 0.012693
0.027242 0.936570 0.000010 0.035447 0.000731
0.049543 0.926573 0.013087 0.007433 0.003365
0.103231 0.011681 0.064948 0.117071 0.703068
0.065720 0.013987 0.017315 0.135945 0.767032
0.027629 0.961767 0.010584 0.000010 0.000010
0.470956 0.172869 0.040661 0.275538 0.039975
0.129395 0.821843 0.013392 0.013142 0.022229
0.251802 0.620699 0.000010 0.091428 0.036061
0.765807 0.098858 0.000010 0.100245 0.035081
0.025877 0.023490 0.000010 0.073352 0.877271
0.214062 0.411753 0.000010 0.022283 0.351893
0.314454 0.000010 0.161030 0.302637 0.221868
0.181351 0.690214 0.028970 0.035736 0.063729
0.573474 0.302693 0.038018 0.058139 0.027676
0.273670 0.617604 0.000010 0.054213 0.054503
0.019808 0.029290 0.000010 0.053833 0.897059
0.091869 0.882979 0.000010 0.025133 0.000010
0.294429 0.610332 0.027968 0.034443 0.032829
0.537164 0.393761 0.000010 0.020728 0.048337
0.315463 0.603316 0.025071 0.044402 0.011748
0.168723 0.025908 0.490032 0.242946 0.072391
0.000010 0.000010 0.023593 0.976377 0.000010
0.203547 0.000010 0.508615 0.189327 0.098501
0.740378 0.087289 0.123386 0.017203 0.031745
0.738942 0.136629 0.088798 0.000010 0.035621
0.003729 0.036514 0.796729 0.056418 0.106611
0.008059 0.000010 0.812562 0.056414 0.122956
0.601509 0.043719 0.028762 0.308564 0.017446
0.000010 0.000010 0.831225 0.048091 0.120664
0.238436 0.078977 0.392598 0.280594 0.009395
0.299623 0.000010 0.593262 0.086568 0.020537
0.961148 0.000010 0.000010 0.000010 0.038822
0.215087 0.154081 0.000010 0.623514 0.007308
0.244859 0.150969 0.000010 0.604152 0.000010
0.115630 0.199853 0.000010 0.684497 0.000010
0.169164 0.179237 0.008003 0.643586 0.000010
0.189077 0.159029 0.001102 0.650783 0.000010
0.254030 0.126357 0.000010 0.599196 0.020407
0.208108 0.116664 0.000010 0.675208 0.000010
0.179637 0.148958 0.000010 0.671385 0.000010
0.053888 0.000010 0.838926 0.072791 0.034385
0.101445 0.000010 0.852827 0.030385 0.015334
0.000010 0.000010 0.832000 0.071876 0.096104
0.000010 0.999960 0.000010 0.000010 0.000010
0.032471 0.000010 0.798359 0.016247 0.152914
0.733612 0.173742 0.000010 0.000010 0.092626
0.012140 0.027140 0.791783 0.064159 0.104778
0.035319 0.000010 0.872551 0.045197 0.046923
0.017955 0.000010 0.893874 0.084398 0.003762
0.116806 0.000010 0.817077 0.053735 0.012371
0.000010 0.007548 0.879975 0.071169 0.041298
0.097021 0.035265 0.859931 0.000010 0.007773
0.000010 0.007606 0.992364 0.000010 0.000010
0.059677 0.830088 0.015108 0.079001 0.016126
0.554991 0.214995 0.060529 0.142779 0.026706
0.214457 0.113495 0.000010 0.672028 0.000010
0.037489 0.000010 0.933872 0.002524 0.026106
0.000010 0.999960 0.000010 0.000010 0.000010
0.261246 0.121079 0.000010 0.617654 0.000010
0.276945 0.099214 0.000010 0.623821 0.000010
0.000010 0.999960 0.000010 0.000010 0.000010
0.885322 0.046547 0.033684 0.000010 0.034437
0.000010 0.040453 0.959517 0.000010 0.000010
0.000010 0.048139 0.000010 0.951831 0.000010
0.184191 0.154126 0.000010 0.661663 0.000010
0.132350 0.184145 0.019485 0.655531 0.008488
0.000010 0.000010 0.999960 0.000010 0.000010
0.759176 0.145066 0.012168 0.034513 0.049076
0.151124 0.620754 0.033526 0.086581 0.108015
0.189040 0.000010 0.677616 0.103994 0.029340
0.187927 0.000010 0.705622 0.091893 0.014548
0.302610 0.000010 0.620112 0.068785 0.008483
0.000010 0.000010 0.000010 0.000010 0.999960
0.000010 0.011498 0.004548 0.080804 0.903140
0.000010 0.000010 0.973412 0.000010 0.026558
0.012501 0.000010 0.814326 0.101928 0.071236
0.000010 0.001650 0.998320 0.000010 0.000010
0.000010 0.000010 0.984771 0.000010 0.015199
0.000010 0.000010 0.999960 0.000010 0.000010
0.000010 0.000010 0.999960 0.000010 0.000010
0.000010 0.000010 0.986739 0.010670 0.002571
0.039168 0.056762 0.839756 0.008183 0.056130
0.278189 0.000010 0.629814 0.059951 0.032036
0.275602 0.000010 0.639191 0.066559 0.018638
0.000010 0.000010 0.932132 0.066793 0.001055
0.243232 0.000010 0.675534 0.081214 0.000010
0.398826 0.010366 0.060266 0.384009 0.146533
0.300492 0.644855 0.037694 0.016948 0.000010
0.969824 0.006406 0.000010 0.000010 0.023749
0.222714 0.150588 0.000010 0.618279 0.008408
0.186690 0.154592 0.000010 0.658698 0.000010
0.143373 0.029560 0.503265 0.206541 0.117262
0.408935 0.000010 0.155794 0.238863 0.196398
0.483773 0.339626 0.040605 0.075814 0.060182
0.578088 0.137778 0.000010 0.228030 0.056094
0.165227 0.000010 0.463380 0.290728 0.080654
0.063545 0.867539 0.000010 0.044099 0.024808
0.000010 0.000010 0.999960 0.000010 0.000010
0.000010 0.021830 0.797240 0.115636 0.065284
0.000010 0.000010 0.971966 0.028004 0.000010
0.950499 0.013336 0.000010 0.000010 0.036145
0.024330 0.000010 0.877831 0.059753 0.038076
0.000010 0.011865 0.982140 0.000010 0.005974
0.000010 0.039643 0.950996 0.000010 0.009341
0.000010 0.036917 0.963053 0.000010 0.000010
0.000010 0.002839 0.997131 0.000010 0.000010
0.000010 0.000010 0.970053 0.029917 0.000010
0.359754 0.284139 0.118634 0.151319 0.086154
0.718343 0.155070 0.059722 0.051733 0.015131
0.138764 0.059040 0.459057 0.264546 0.078593
0.105402 0.070185 0.524713 0.220246 0.079454
0.688465 0.144382 0.064730 0.082381 0.020042
0.283467 0.691594 0.000010 0.021414 0.003515
0.099875 0.803097 0.039639 0.000010 0.057379
0.036890 0.934668 0.020506 0.000010 0.007926
0.000010 0.000010 0.999960 0.000010 0.000010
0.032385 0.839472 0.000010 0.071317 0.056816
0.000010 0.000010 0.991726 0.000010 0.008244
0.000010 0.000010 0.999960 0.000010 0.000010
0.000010 0.000963 0.925888 0.055779 0.017361
0.000010 0.036486 0.953619 0.008937 0.000948
0.000010 0.000010 0.991809 0.000010 0.008161
0.019514 0.000010 0.963813 0.000010 0.016653
0.172172 0.303831 0.032848 0.450756 0.040392
0.330335 0.313691 0.003826 0.294173 0.057974
0.211806 0.097421 0.273767 0.390548 0.026458
0.225577 0.000010 0.099354 0.278603 0.396456
0.148946 0.000010 0.116235 0.148356 0.586453
0.206138 0.000010 0.094464 0.143756 0.555631
0.282141 0.628372 0.059123 0.003607 0.026758
0.000010 0.012392 0.965917 0.000010 0.021671
0.000010 0.000010 0.999960 0.000010 0.000010
0.000010 0.000010 0.999960 0.000010 0.000010
0.220498 0.000010 0.080554 0.272402 0.426537
0.262034 0.000010 0.068886 0.179766 0.489304
0.270887 0.300456 0.045119 0.329342 0.054197
0.132632 0.244081 0.009656 0.569081 0.044550
0.142261 0.000010 0.104762 0.210098 0.542870
0.233405 0.335355 0.038166 0.325837 0.067237
0.256267 0.203872 0.000010 0.211832 0.328018
0.224643 0.001794 0.124906 0.214555 0.434102
0.349257 0.101103 0.030718 0.117363 0.401560
0.339747 0.281620 0.012034 0.298362 0.068237
0.249054 0.296026 0.011401 0.401086 0.042433
0.053783 0.135921 0.010557 0.799729 0.000010
0.113673 0.013361 0.702613 0.125968 0.044384
0.000010 0.000010 0.999960 0.000010 0.000010
0.135931 0.000010 0.771896 0.074749 0.017415
0.113160 0.000010 0.819621 0.067199 0.000010
0.612474 0.297998 0.037506 0.031186 0.020837
0.603328 0.298611 0.005884 0.024323 0.067854
0.179341 0.657193 0.049287 0.084905 0.029275
0.651652 0.103361 0.070267 0.131539 0.043182
0.000010 0.000010 0.000010 0.000010 0.999960
0.000010 0.077185 0.474398 0.011469 0.436938
0.779254 0.210092 0.000010 0.000010 0.010634
0.740259 0.217472 0.013309 0.004152 0.024807
0.205547 0.062014 0.491403 0.215653 0.025383
0.617564 0.105169 0.117161 0.127234 0.032872
0.068638 0.037734 0.047984 0.107863 0.737782
0.985894 0.000010 0.000010 0.000010 0.014076
0.697502 0.068451 0.008087 0.171702 0.054257
0.961004 0.010864 0.000010 0.000010 0.028111
0.046866 0.930258 0.000010 0.022856 0.000010
0.028607 0.958152 0.013221 0.000010 0.000010
0.132866 0.812777 0.000010 0.019733 0.034614
0.000010 0.000010 0.000010 0.000010 0.999960
0.000010 0.000010 0.000010 0.000010 0.999960
0.053622 0.000010 0.805022 0.085541 0.055806
0.039110 0.000010 0.770920 0.056063 0.133896
0.030505 0.000982 0.586534 0.162488 0.219491
0.005576 0.994394 0.000010 0.000010 0.000010
0.053521 0.000010 0.722507 0.168749 0.055213
0.135909 0.000010 0.692006 0.073960 0.098115
0.102800 0.000010 0.730819 0.080357 0.086015
0.094717 0.000010 0.699106 0.190019 0.016148
0.713489 0.008819 0.000010 0.231107 0.046575
0.087597 0.000010 0.214308 0.548498 0.149586
0.108367 0.030978 0.292366 0.520585 0.047704
0.218894 0.037663 0.457253 0.235735 0.050455
0.504190 0.005261 0.049615 0.319775 0.121160
0.323112 0.004686 0.475165 0.160710 0.036328
0.114257 0.815272 0.018445 0.052016 0.000010
0.000010 0.000010 0.999960 0.000010 0.000010
0.000010 0.000010 0.999960 0.000010 0.000010
0.000010 0.113807 0.000010 0.870086 0.016087
0.000010 0.000010 0.000010 0.999960 0.000010
0.000010 0.000010 0.999960 0.000010 0.000010
0.228419 0.403370 0.000010 0.337123 0.031078
0.309389 0.235973 0.037057 0.403038 0.014544
0.000010 0.000010 0.999960 0.000010 0.000010
0.152340 0.056940 0.510981 0.231613 0.048126
0.000010 0.107818 0.000010 0.892152 0.000010
0.223767 0.000010 0.142757 0.308072 0.325394
0.292847 0.573496 0.021254 0.056198 0.056205
0.119925 0.000010 0.000010 0.097125 0.782930
0.165646 0.250129 0.000010 0.529643 0.054573
0.148082 0.044470 0.514596 0.227836 0.065016
0.862803 0.064809 0.025807 0.014441 0.032140
0.158610 0.806891 0.000010 0.034479 0.000010
0.092171 0.848841 0.001417 0.041424 0.016147
0.749721 0.159324 0.040880 0.000010 0.050064
0.000010 0.999960 0.000010 0.000010 0.000010
0.323940 0.628878 0.000010 0.017940 0.029231
0.720737 0.131110 0.017748 0.094503 0.035902
0.698411 0.162890 0.034465 0.060377 0.043857
0.261286 0.027385 0.304656 0.280904 0.125769
0.170630 0.793863 0.000010 0.005834 0.029663
0.855794 0.096601 0.000010 0.047550 0.000045
0.095035 0.898417 0.000010 0.000010 0.006528
0.120756 0.857129 0.000398 0.019185 0.002531
0.202760 0.024508 0.482916 0.244623 0.045193
0.000010 0.000010 0.984380 0.015590 0.000010
0.225560 0.015655 0.504294 0.187662 0.066829
0.161985 0.039507 0.483841 0.231464 0.083203
0.000010 0.000778 0.923801 0.000010 0.075401
0.000010 0.000010 0.961466 0.000010 0.038504
0.196860 0.001215 0.302130 0.470647 0.029147
0.131834 0.060077 0.365934 0.384268 0.057887
0.071812 0.030061 0.023832 0.118093 0.756203
0.000010 0.000010 0.999960 0.000010 0.000010
0.000010 0.000010 0.999960 0.000010 0.000010
0.030035 0.958533 0.000010 0.000010 0.011412
0.423511 0.053114 0.204362 0.239800 0.079213
0.370567 0.040207 0.265757 0.220600 0.102869
0.290850 0.040152 0.274997 0.299874 0.094126
0.107814 0.856753 0.000010 0.018032 0.017391
0.000010 0.000010 0.999960 0.000010 0.000010
0.000010 0.000010 0.999960 0.000010 0.000010
0.000010 0.000010 0.000011 0.999959 0.000010
0.000010 0.000010 0.999960 0.000010 0.000010
0.000010 0.000010 0.994819 0.000010 0.005151
0.000010 0.044711 0.952780 0.000010 0.002490
0.019157 0.000010 0.980813 0.000010 0.000010
0.209771 0.704229 0.029290 0.043485 0.013225
0.098963 0.855245 0.044813 0.000969 0.000010
