0.390448 0.067009 0.012311 0.000010 0.021131 0.007167 0.000010 0.000010 0.357294 0.000010 0.002037 0.041941 0.000010 0.000010 0.100592 0.000010
0.680195 0.026201 0.000010 0.000010 0.000010 0.020771 0.000010 0.020449 0.145081 0.029192 0.045880 0.000010 0.000010 0.030135 0.002028 0.000010
0.270998 0.000010 0.000010 0.006247 0.018631 0.216517 0.000010 0.000010 0.328325 0.006552 0.000010 0.014032 0.012397 0.075313 0.015357 0.035580
0.000010 0.871496 0.013418 0.000010 0.000010 0.000010 0.010573 0.000010 0.000010 0.000010 0.000010 0.000010 0.000010 0.104393 0.000010 0.000010
0.622711 0.000010 0.059482 0.000010 0.018286 0.058395 0.000010 0.007373 0.150753 0.000010 0.060001 0.000010 0.000010 0.000010 0.000010 0.022919
0.147371 0.018965 0.025189 0.000010 0.003272 0.018060 0.012060 0.000010 0.697686 0.000010 0.001711 0.000010 0.007663 0.019918 0.034615 0.013450
0.000010 0.381424 0.000010 0.000010 0.006644 0.000010 0.015926 0.000010 0.218839 0.000010 0.000010 0.293718 0.023322 0.036413 0.023634 0.000010
0.005521 0.004976 0.000010 0.000010 0.000010 0.000010 0.035059 0.051708 0.878102 0.000010 0.000010 0.000010 0.000010 0.024534 0.000010 0.000010
0.601406 0.054840 0.007480 0.000010 0.049276 0.000010 0.000010 0.053040 0.012014 0.000010 0.008298 0.000010 0.000010 0.038869 0.157444 0.017273
0.090512 0.014443 0.000010 0.000010 0.027673 0.000010 0.000010 0.056168 0.803072 0.000010 0.000010 0.000010 0.000010 0.000010 0.008033 0.000010
0.162126 0.000010 0.000010 0.000010 0.186982 0.006346 0.000010 0.061600 0.528708 0.000010 0.002667 0.000010 0.000010 0.000010 0.035202 0.016289
0.332535 0.000010 0.005918 0.022504 0.045771 0.111882 0.022500 0.000010 0.301173 0.000010 0.000010 0.000010 0.000010 0.000010 0.145549 0.012097
0.000010 0.000010 0.055579 0.000010 0.000010 0.014128 0.041495 0.020341 0.019367 0.000010 0.000010 0.000010 0.040039 0.591417 0.217554 0.000010
0.000010 0.434942 0.000010 0.000010 0.008649 0.000010 0.022486 0.010114 0.000010 0.000010 0.000010 0.030652 0.015674 0.195008 0.273238 0.009166
0.044378 0.007095 0.008224 0.000010 0.046551 0.000010 0.000010 0.014245 0.861290 0.016336 0.000010 0.001801 0.000010 0.000010 0.000010 0.000010
0.384311 0.000010 0.038842 0.014703 0.000011 0.075149 0.000010 0.005618 0.293988 0.038779 0.000010 0.038261 0.037796 0.011360 0.061144 0.000010
0.142193 0.009332 0.000010 0.000010 0.013662 0.068252 0.000010 0.023329 0.643374 0.000010 0.021822 0.020375 0.019676 0.000010 0.037925 0.000010
0.011159 0.252308 0.000010 0.000010 0.016775 0.000010 0.035930 0.000010 0.404260 0.000010 0.000010 0.219426 0.020865 0.039197 0.000010 0.000010
0.000010 0.000010 0.001038 0.000010 0.029650 0.000010 0.046649 0.654057 0.248275 0.000010 0.000010 0.002741 0.016515 0.000010 0.000010 0.000995
0.000010 0.000010 0.012605 0.046196 0.000010 0.000010 0.007415 0.000010 0.000010 0.892122 0.041552 0.000010 0.000010 0.000010 0.000010 0.000010
0.000010 0.000723 0.000010 0.000010 0.000010 0.000010 0.014592 0.000010 0.009044 0.949759 0.000010 0.000010 0.000010 0.025771 0.000010 0.000010
0.000010 0.000010 0.000010 0.000010 0.000010 0.000010 0.000010 0.000010 0.000010 0.999850 0.000010 0.000010 0.000010 0.000010 0.000010 0.000010
0.000010 0.000010 0.000010 0.006354 0.000010 0.000010 0.042982 0.000010 0.017259 0.921489 0.003491 0.000010 0.008325 0.000010 0.000010 0.000010
0.000010 0.647212 0.000010 0.000010 0.000010 0.006949 0.000010 0.000010 0.009975 0.000010 0.000010 0.000010 0.000010 0.335743 0.000010 0.000010
0.000010 0.000010 0.000010 0.000010 0.000010 0.000010 0.000010 0.999850 0.000010 0.000010 0.000010 0.000010 0.000010 0.000010 0.000010 0.000010
0.000010 0.000010 0.000010 0.037101 0.000010 0.000010 0.000010 0.000010 0.000010 0.932280 0.008559 0.000010 0.002748 0.019200 0.000010 0.000010
0.609903 0.012668 0.000010 0.000010 0.000010 0.285751 0.000010 0.000010 0.000010 0.012780 0.008574 0.000010 0.000010 0.070223 0.000010 0.000010
0.000010 0.020391 0.000010 0.004223 0.000010 0.000010 0.000010 0.000010 0.000010 0.971226 0.004041 0.000010 0.000010 0.000010 0.000010 0.000010
0.265954 0.004886 0.004378 0.000010 0.000010 0.067723 0.000010 0.070268 0.067355 0.002090 0.035694 0.000010 0.046770 0.024987 0.409178 0.000677
0.259245 0.050425 0.000010 0.000010 0.000010 0.003605 0.000010 0.017839 0.059110 0.013797 0.001275 0.000010 0.021073 0.068174 0.505397 0.000010
0.000010 0.000010 0.000010 0.000010 0.041629 0.000010 0.017371 0.026456 0.000010 0.000010 0.000010 0.000010 0.000010 0.000010 0.914424 0.000010
0.464838 0.000010 0.000010 0.000010 0.000010 0.000010 0.000010 0.057621 0.026066 0.000010 0.005827 0.000010 0.022221 0.149517 0.273820 0.000010
0.093149 0.000010 0.000010 0.000010 0.000010 0.000010 0.000010 0.000010 0.010983 0.000010 0.000010 0.000010 0.034609 0.788730 0.022179 0.050250
0.188113 0.000010 0.099298 0.000010 0.000010 0.000010 0.026159 0.117657 0.000010 0.000010 0.023987 0.000010 0.078757 0.210432 0.255519 0.000010
0.486943 0.000010 0.000010 0.037574 0.009581 0.000010 0.259909 0.035097 0.087566 0.000010 0.017410 0.062257 0.000010 0.003594 0.000010 0.000010
0.088364 0.302411 0.000010 0.002248 0.261152 0.000010 0.009751 0.000010 0.105700 0.000010 0.000010 0.000010 0.000614 0.202923 0.007705 0.019070
0.000010 0.349360 0.000010 0.000010 0.213946 0.000010 0.000010 0.000010 0.164118 0.000010 0.000010 0.000010 0.000010 0.272456 0.000010 0.000010
0.000010 0.000730 0.000010 0.993431 0.000010 0.000010 0.000010 0.000010 0.000010 0.000010 0.005709 0.000010 0.000010 0.000010 0.000010 0.000010
0.490688 0.017975 0.023123 0.000010 0.026737 0.000010 0.054396 0.069101 0.000010 0.000010 0.000010 0.000010 0.037270 0.020004 0.260636 0.000010
0.155067 0.012749 0.052656 0.008780 0.000010 0.000010 0.001879 0.010514 0.027236 0.000010 0.031750 0.000010 0.000010 0.069819 0.623520 0.005980
0.000010 0.000010 0.000010 0.000010 0.000010 0.000010 0.000010 0.000010 0.999850 0.000010 0.000010 0.000010 0.000010 0.000010 0.000010 0.000010
0.215678 0.020440 0.030666 0.000010 0.000010 0.038000 0.000572 0.091006 0.154238 0.011471 0.024018 0.016528 0.022453 0.040372 0.305293 0.029246
0.000010 0.000010 0.000010 0.000010 0.000010 0.380030 0.000010 0.000010 0.599119 0.000010 0.000010 0.000010 0.020721 0.000010 0.000010 0.000010
0.000010 0.005538 0.000010 0.000010 0.000010 0.292129 0.000010 0.000010 0.702203 0.000010 0.000010 0.000010 0.000010 0.000010 0.000010 0.000010
0.026633 0.000010 0.587270 0.000010 0.000010 0.025701 0.000010 0.042372 0.000010 0.000010 0.000010 0.000010 0.000010 0.078188 0.239735 0.000010
0.000010 0.000010 0.000010 0.312528 0.000010 0.000398 0.000010 0.010461 0.000010 0.672653 0.003850 0.000010 0.000010 0.000010 0.000010 0.000010
0.019824 0.000010 0.000010 0.274954 0.001679 0.023578 0.006746 0.000010 0.000010 0.673119 0.000010 0.000010 0.000010 0.000010 0.000010 0.000010
0.112477 0.000010 0.043668 0.192835 0.022997 0.019139 0.016124 0.000010 0.000010 0.238391 0.123912 0.000010 0.129598 0.059728 0.041082 0.000010
0.257186 0.000010 0.175559 0.018199 0.030790 0.001020 0.016531 0.064455 0.000010 0.002926 0.027992 0.010105 0.060668 0.162894 0.101208 0.070447
0.309164 0.019344 0.210644 0.000010 0.000010 0.000010 0.024186 0.039566 0.007206 0.011363 0.000010 0.000010 0.022001 0.211878 0.144589 0.000010
0.000010 0.000010 0.000010 0.000010 0.000010 0.000010 0.000010 0.000010 0.000010 0.000010 0.000010 0.000010 0.000010 0.000010 0.000010 0.999850
0.097634 0.000010 0.117222 0.023514 0.000010 0.000010 0.000583 0.118401 0.000010 0.008610 0.079178 0.081554 0.031395 0.200076 0.237482 0.004312
0.000014 0.000010 0.000010 0.000010 0.000010 0.000010 0.000010 0.000010 0.000010 0.000010 0.000010 0.000010 0.000010 0.000010 0.000010 0.999846
0.228197 0.000010 0.193321 0.022817 0.053229 0.027739 0.032822 0.061124 0.012543 0.000010 0.000010 0.000010 0.065641 0.136236 0.166280 0.000010
0.084622 0.000010 0.158185 0.042808 0.000010 0.041567 0.000010 0.122512 0.000010 0.000010 0.000010 0.006359 0.039073 0.253780 0.225373 0.025661
0.000010 0.000010 0.000010 0.000012 0.000010 0.000010 0.999848 0.000010 0.000010 0.000010 0.000010 0.000010 0.000010 0.000010 0.000010 0.000010
0.000010 0.008646 0.000010 0.011238 0.000010 0.101728 0.032719 0.000010 0.827223 0.000010 0.013311 0.000010 0.000010 0.000010 0.000010 0.005045
0.489675 0.026447 0.000010 0.000010 0.013376 0.000010 0.008995 0.056661 0.000010 0.000010 0.000010 0.000010 0.055638 0.085689 0.263439 0.000010
0.484943 0.017845 0.000010 0.000010 0.000010 0.000010 0.000010 0.075167 0.000010 0.000010 0.000010 0.040801 0.001501 0.071249 0.266628 0.041785
0.001277 0.019985 0.000010 0.000010 0.042677 0.015495 0.016625 0.012337 0.624456 0.000010 0.000010 0.153956 0.000010 0.060784 0.017517 0.034843
0.248606 0.000010 0.017920 0.009592 0.000010 0.003350 0.000010 0.000010 0.000010 0.000010 0.000010 0.000010 0.000010 0.008258 0.691187 0.020999
0.416264 0.022655 0.000010 0.000010 0.000010 0.000010 0.024181 0.017873 0.049323 0.000010 0.000010 0.018863 0.040227 0.056727 0.353817 0.000010
0.021544 0.006727 0.012526 0.000010 0.000010 0.000010 0.037814 0.074012 0.435420 0.039773 0.000010 0.000010 0.012044 0.000010 0.330958 0.029121
0.436943 0.019278 0.000010 0.017817 0.000010 0.000010 0.000010 0.000010 0.004004 0.000010 0.000010 0.000010 0.061447 0.003139 0.457283 0.000010
0.337245 0.017808 0.064937 0.007530 0.000010 0.000010 0.018413 0.066258 0.019145 0.000010 0.034647 0.057457 0.036139 0.022995 0.317385 0.000010
0.000010 0.190046 0.143200 0.042104 0.087308 0.000010 0.081222 0.045450 0.161010 0.000010 0.000010 0.060622 0.000010 0.128426 0.015892 0.044669
0.000010 0.242353 0.000010 0.578526 0.000010 0.000010 0.000010 0.000010 0.000010 0.000010 0.000010 0.000010 0.178991 0.000010 0.000010 0.000010
0.010369 0.654233 0.014889 0.005291 0.002506 0.106948 0.022126 0.000010 0.000010 0.000010 0.023935 0.002336 0.000010 0.152267 0.005051 0.000010
0.000010 0.006851 0.000010 0.013777 0.000010 0.034725 0.025786 0.004255 0.841000 0.004866 0.000010 0.034686 0.007335 0.026660 0.000010 0.000010
0.106895 0.000010 0.111084 0.000010 0.006230 0.052123 0.021245 0.138844 0.000010 0.000010 0.000010 0.024504 0.058763 0.264349 0.215902 0.000010
0.302020 0.000010 0.097088 0.005297 0.002573 0.000010 0.000010 0.097858 0.043957 0.011487 0.001811 0.000010 0.043711 0.259598 0.065775 0.068785
0.139959 0.000010 0.241683 0.000010 0.001383 0.000010 0.019964 0.165250 0.072166 0.000010 0.008256 0.000010 0.009455 0.207439 0.078815 0.055579
0.693229 0.000010 0.000010 0.000010 0.039273 0.034792 0.128727 0.007999 0.000010 0.000010 0.014979 0.027560 0.011942 0.000010 0.010501 0.030938
0.481319 0.007852 0.006966 0.006994 0.000010 0.006123 0.000010 0.000010 0.050513 0.000010 0.000010 0.004476 0.005446 0.099692 0.301030 0.029537
0.608672 0.028531 0.019363 0.000010 0.000010 0.034903 0.087226 0.058517 0.039080 0.000010 0.000010 0.036790 0.028029 0.000010 0.058828 0.000010
0.237901 0.000010 0.023799 0.021336 0.016380 0.000010 0.026446 0.026262 0.002691 0.000010 0.032504 0.000010 0.019618 0.079177 0.513837 0.000010
0.246014 0.023898 0.000010 0.000010 0.000010 0.013689 0.031082 0.016689 0.005018 0.000010 0.000010 0.000010 0.000010 0.004869 0.607360 0.051310
0.242475 0.000010 0.005938 0.042843 0.061460 0.000010 0.026280 0.073307 0.001315 0.008938 0.000010 0.000010 0.008180 0.080643 0.420195 0.028385
0.000010 0.000010 0.000010 0.999850 0.000010 0.000010 0.000010 0.000010 0.000010 0.000010 0.000010 0.000010 0.000010 0.000010 0.000010 0.000010
0.432291 0.012423 0.000010 0.000010 0.000010 0.000010 0.000010 0.011427 0.038998 0.000010 0.016021 0.000010 0.007408 0.110517 0.352012 0.018833
0.073280 0.000010 0.043950 0.000543 0.089051 0.060785 0.023206 0.000010 0.000010 0.002917 0.000010 0.000010 0.000010 0.094944 0.603880 0.007385
0.154052 0.021142 0.000010 0.006583 0.141605 0.025923 0.000010 0.000010 0.578497 0.000010 0.000010 0.000010 0.001154 0.040146 0.027011 0.003827
0.150150 0.017768 0.000010 0.006485 0.201295 0.000010 0.027559 0.015113 0.551281 0.000010 0.000010 0.000010 0.000010 0.028159 0.000010 0.002120
0.175386 0.000010 0.000010 0.000010 0.002574 0.000010 0.718024 0.000010 0.015762 0.000010 0.036746 0.051409 0.000010 0.000010 0.000010 0.000010
0.016478 0.046706 0.000010 0.000010 0.033106 0.048875 0.000010 0.000010 0.665279 0.000010 0.000010 0.178708 0.000010 0.006613 0.000010 0.004153
0.000010 0.000010 0.000010 0.999850 0.000010 0.000010 0.000010 0.000010 0.000010 0.000010 0.000010 0.000010 0.000010 0.000010 0.000010 0.000010
0.000010 0.000010 0.031529 0.003822 0.000010 0.055237 0.011448 0.000010 0.000010 0.718751 0.074199 0.000010 0.000010 0.003547 0.024877 0.076518
0.025290 0.009439 0.000010 0.000010 0.503623 0.057706 0.045284 0.000010 0.341058 0.000010 0.000010 0.000010 0.000010 0.000010 0.017511 0.000010
0.268240 0.000010 0.104298 0.000010 0.060025 0.162310 0.062283 0.000010 0.113846 0.000010 0.000010 0.000010 0.103717 0.018990 0.099853 0.006378
0.003986 0.020410 0.000010 0.061395 0.000010 0.000010 0.000010 0.012956 0.000010 0.787785 0.044759 0.000010 0.010388 0.000010 0.007189 0.051062
0.038714 0.021046 0.011161 0.026012 0.000010 0.000010 0.047012 0.000010 0.008723 0.813983 0.025164 0.000010 0.000010 0.000010 0.004129 0.003996
0.104035 0.000010 0.000010 0.009614 0.000010 0.000010 0.000010 0.000010 0.000010 0.723942 0.090386 0.000010 0.023726 0.009457 0.000010 0.038750
0.005183 0.000010 0.000010 0.067637 0.000010 0.094448 0.009030 0.010926 0.000010 0.795332 0.017355 0.000010 0.000010 0.000010 0.000010 0.000010
0.000010 0.000010 0.031270 0.012605 0.000010 0.018596 0.004812 0.007062 0.000010 0.778720 0.059777 0.000010 0.000010 0.033613 0.028049 0.025437
0.233394 0.021386 0.044604 0.000010 0.070990 0.204728 0.000010 0.000010 0.055574 0.254690 0.000010 0.079500 0.016107 0.016266 0.002711 0.000010
0.000010 0.000010 0.999850 0.000010 0.000010 0.000010 0.000010 0.000010 0.000010 0.000010 0.000010 0.000010 0.000010 0.000010 0.000010 0.000010
0.000010 0.000010 0.999850 0.000010 0.000010 0.000010 0.000010 0.000010 0.000010 0.000010 0.000010 0.000010 0.000010 0.000010 0.000010 0.000010
0.341373 0.000010 0.045253 0.000010 0.283304 0.034881 0.000010 0.000010 0.180798 0.000010 0.038938 0.029915 0.039466 0.000010 0.006003 0.000010
0.000010 0.050402 0.000010 0.025435 0.084012 0.000010 0.000010 0.000010 0.741690 0.016215 0.000010 0.082147 0.000010 0.000010 0.000010 0.000010
0.000010 0.000010 0.999850 0.000010 0.000010 0.000010 0.000010 0.000010 0.000010 0.000010 0.000010 0.000010 0.000010 0.000010 0.000010 0.000010
0.759392 0.001049 0.021447 0.000010 0.000010 0.180543 0.037458 0.000010 0.000010 0.000010 0.000010 0.000010 0.000010 0.000010 0.000010 0.000010
0.064145 0.000010 0.935715 0.000010 0.000010 0.000010 0.000010 0.000010 0.000010 0.000010 0.000010 0.000010 0.000010 0.000010 0.000010 0.000010
0.616824 0.007659 0.006477 0.000010 0.000010 0.056053 0.039482 0.019161 0.153871 0.000010 0.000010 0.004911 0.000010 0.000010 0.067082 0.028420
0.000010 0.999850 0.000010 0.000010 0.000010 0.000010 0.000010 0.000010 0.000010 0.000010 0.000010 0.000010 0.000010 0.000010 0.000010 0.000010
0.105484 0.000010 0.014634 0.000010 0.204366 0.000010 0.000010 0.041262 0.625947 0.000010 0.000010 0.000010 0.000010 0.000010 0.000010 0.008207
0.000010 0.402541 0.460669 0.000010 0.000010 0.000010 0.000010 0.000010 0.000010 0.000010 0.000010 0.000010 0.005161 0.131509 0.000010 0.000010
0.000010 0.000010 0.000010 0.000010 0.999850 0.000010 0.000010 0.000010 0.000010 0.000010 0.000010 0.000010 0.000010 0.000010 0.000010 0.000010
0.671107 0.040387 0.044447 0.011149 0.000010 0.158546 0.055279 0.000010 0.002986 0.000010 0.000010 0.000010 0.000010 0.000010 0.000010 0.016018
0.524883 0.020697 0.036961 0.000010 0.034178 0.097844 0.018373 0.022042 0.157572 0.000010 0.017589 0.022499 0.000010 0.000460 0.046862 0.000010
0.121653 0.000010 0.004741 0.003576 0.035738 0.001646 0.000010 0.000010 0.780689 0.000010 0.023908 0.027968 0.000010 0.000010 0.000010 0.000010
0.039493 0.000010 0.203631 0.039124 0.000010 0.025420 0.000010 0.093321 0.000010 0.000010 0.042713 0.000010 0.016135 0.113895 0.081993 0.344214
0.270310 0.000010 0.000010 0.000010 0.026317 0.036810 0.017278 0.025941 0.488177 0.000010 0.000010 0.105812 0.000010 0.028036 0.001248 0.000010
0.123443 0.000010 0.000010 0.000010 0.007465 0.050586 0.015434 0.007851 0.706939 0.000010 0.000010 0.018675 0.000010 0.030873 0.003454 0.035220
0.000010 0.018061 0.000010 0.000010 0.059208 0.000010 0.000010 0.006344 0.840550 0.000010 0.000010 0.000010 0.000010 0.000010 0.075727 0.000010
0.626929 0.000011 0.045319 0.001686 0.000010 0.063776 0.040037 0.000010 0.078302 0.000010 0.000010 0.028990 0.001718 0.000010 0.102781 0.010401
0.000010 0.000010 0.000010 0.000010 0.999850 0.000010 0.000010 0.000010 0.000010 0.000010 0.000010 0.000010 0.000010 0.000010 0.000010 0.000010
0.000010 0.999850 0.000010 0.000010 0.000010 0.000010 0.000010 0.000010 0.000010 0.000010 0.000010 0.000010 0.000010 0.000010 0.000010 0.000010
0.000010 0.999850 0.000010 0.000010 0.000010 0.000010 0.000010 0.000010 0.000010 0.000010 0.000010 0.000010 0.000010 0.000010 0.000010 0.000010
0.127765 0.000010 0.000010 0.000984 0.095696 0.000010 0.021848 0.000010 0.719234 0.000010 0.000010 0.000010 0.000010 0.034373 0.000010 0.000010
0.000010 0.999850 0.000010 0.000010 0.000010 0.000010 0.000010 0.000010 0.000010 0.000010 0.000010 0.000010 0.000010 0.000010 0.000010 0.000010
0.000010 0.000010 0.000010 0.000010 0.000010 0.325121 0.000010 0.000010 0.674739 0.000010 0.000010 0.000010 0.000010 0.000010 0.000010 0.000010
0.000010 0.000010 0.000010 0.000010 0.014275 0.000010 0.000010 0.000010 0.985585 0.000010 0.000010 0.000010 0.000010 0.000010 0.000010 0.000010
0.000014 0.999846 0.000010 0.000010 0.000010 0.000010 0.000010 0.000010 0.000010 0.000010 0.000010 0.000010 0.000010 0.000010 0.000010 0.000010
0.000010 0.999848 0.000010 0.000010 0.000010 0.000010 0.000011 0.000010 0.000010 0.000012 0.000010 0.000010 0.000010 0.000010 0.000010 0.000010
0.000010 0.999850 0.000010 0.000010 0.000010 0.000010 0.000010 0.000010 0.000010 0.000010 0.000010 0.000010 0.000010 0.000010 0.000010 0.000010
0.000010 0.981808 0.000010 0.000010 0.000010 0.000010 0.000010 0.000010 0.000010 0.000010 0.000010 0.000010 0.018052 0.000010 0.000010 0.000010
0.004062 0.811252 0.000010 0.020769 0.000010 0.000010 0.000010 0.000010 0.000010 0.000010 0.000010 0.000010 0.000010 0.146579 0.017227 0.000010
0.773410 0.021413 0.000010 0.000010 0.000010 0.000010 0.000010 0.000010 0.050415 0.020684 0.000010 0.000010 0.000010 0.082978 0.000010 0.051000
0.712044 0.035251 0.000010 0.000010 0.038840 0.079468 0.000010 0.039884 0.030272 0.000010 0.000010 0.048848 0.000010 0.015227 0.000010 0.000096
0.000010 0.999850 0.000010 0.000010 0.000010 0.000010 0.000010 0.000010 0.000010 0.000010 0.000010 0.000010 0.000010 0.000010 0.000010 0.000010
0.058672 0.137269 0.000010 0.016427 0.016196 0.094313 0.000010 0.000010 0.368514 0.000010 0.000010 0.247313 0.019184 0.042042 0.000010 0.000010
0.048202 0.000010 0.000010 0.000010 0.307738 0.067583 0.039598 0.000010 0.518893 0.000010 0.000010 0.000010 0.000010 0.017886 0.000010 0.000010
0.000010 0.999850 0.000010 0.000010 0.000010 0.000010 0.000010 0.000010 0.000010 0.000010 0.000010 0.000010 0.000010 0.000010 0.000010 0.000010
0.000010 0.933962 0.000010 0.000010 0.000010 0.000010 0.016078 0.000010 0.000010 0.000010 0.003341 0.000010 0.020838 0.009973 0.000010 0.015707
0.000010 0.999850 0.000010 0.000010 0.000010 0.000010 0.000010 0.000010 0.000010 0.000010 0.000010 0.000010 0.000010 0.000010 0.000010 0.000010
0.228205 0.000010 0.000010 0.048396 0.023851 0.040277 0.223519 0.006774 0.090267 0.000010 0.025299 0.085124 0.021107 0.093476 0.113665 0.000010
0.848596 0.047130 0.000010 0.000010 0.003208 0.000010 0.007643 0.000010 0.093313 0.000010 0.000010 0.000010 0.000010 0.000010 0.000010 0.000010
0.718750 0.020171 0.000010 0.000010 0.054344 0.087176 0.023550 0.028106 0.037093 0.000010 0.010755 0.000010 0.000010 0.000010 0.019985 0.000010
0.830115 0.033124 0.000010 0.000010 0.010752 0.000010 0.022922 0.000010 0.000010 0.000010 0.000010 0.006190 0.000010 0.000010 0.096797 0.000010
0.000010 0.833172 0.000010 0.000010 0.000010 0.000010 0.000010 0.000010 0.000010 0.000010 0.000010 0.000010 0.000010 0.166688 0.000010 0.000010
0.000010 0.428459 0.000010 0.209767 0.053560 0.000010 0.000010 0.000010 0.003934 0.270801 0.000010 0.000010 0.033378 0.000010 0.000010 0.000010
0.000010 0.999844 0.000014 0.000010 0.000012 0.000010 0.000010 0.000010 0.000010 0.000010 0.000010 0.000010 0.000010 0.000010 0.000010 0.000010
0.000010 0.999850 0.000010 0.000010 0.000010 0.000010 0.000010 0.000010 0.000010 0.000010 0.000010 0.000010 0.000010 0.000010 0.000010 0.000010
0.000010 0.999850 0.000010 0.000010 0.000010 0.000010 0.000010 0.000010 0.000010 0.000010 0.000010 0.000010 0.000010 0.000010 0.000010 0.000010
0.000010 0.999850 0.000010 0.000010 0.000010 0.000010 0.000010 0.000010 0.000010 0.000010 0.000010 0.000010 0.000010 0.000010 0.000010 0.000010
0.000010 0.999850 0.000010 0.000010 0.000010 0.000010 0.000010 0.000010 0.000010 0.000010 0.000010 0.000010 0.000010 0.000010 0.000010 0.000010
0.000010 0.999850 0.000010 0.000010 0.000010 0.000010 0.000010 0.000010 0.000010 0.000010 0.000010 0.000010 0.000010 0.000010 0.000010 0.000010
0.028687 0.004899 0.000010 0.000010 0.000010 0.353903 0.298647 0.000010 0.210976 0.000010 0.013770 0.000010 0.000010 0.061976 0.027063 0.000010
0.000010 0.999842 0.000010 0.000016 0.000010 0.000010 0.000010 0.000010 0.000010 0.000012 0.000010 0.000010 0.000010 0.000010 0.000010 0.000010
0.000010 0.853836 0.000010 0.002862 0.000010 0.000010 0.000010 0.000010 0.000010 0.000010 0.037127 0.008269 0.000010 0.097796 0.000010 0.000010
0.082498 0.000010 0.000010 0.008919 0.000010 0.053126 0.003563 0.000010 0.851784 0.000010 0.000010 0.000010 0.000010 0.000010 0.000010 0.000010
0.000010 0.782597 0.000010 0.000010 0.000010 0.000010 0.014281 0.000010 0.000010 0.000010 0.000010 0.000010 0.000010 0.202992 0.000010 0.000010
0.000010 0.479759 0.000010 0.000010 0.000010 0.000010 0.042662 0.009872 0.081867 0.000010 0.000010 0.174494 0.028937 0.182319 0.000010 0.000010
0.000010 0.999850 0.000010 0.000010 0.000010 0.000010 0.000010 0.000010 0.000010 0.000010 0.000010 0.000010 0.000010 0.000010 0.000010 0.000010
0.000010 0.999843 0.000010 0.000013 0.000010 0.000010 0.000010 0.000010 0.000010 0.000010 0.000010 0.000010 0.000014 0.000010 0.000010 0.000010
0.000010 0.999842 0.000010 0.000010 0.000010 0.000018 0.000010 0.000010 0.000010 0.000010 0.000010 0.000010 0.000010 0.000010 0.000010 0.000010
0.000010 0.999850 0.000010 0.000010 0.000010 0.000010 0.000010 0.000010 0.000010 0.000010 0.000010 0.000010 0.000010 0.000010 0.000010 0.000010
0.000010 0.972566 0.000010 0.000010 0.000010 0.000010 0.020399 0.000010 0.000010 0.000010 0.006905 0.000010 0.000010 0.000010 0.000010 0.000010
0.000010 0.999850 0.000010 0.000010 0.000010 0.000010 0.000010 0.000010 0.000010 0.000010 0.000010 0.000010 0.000010 0.000010 0.000010 0.000010
0.000010 0.000010 0.000010 0.000010 0.000010 0.000010 0.999850 0.000010 0.000010 0.000010 0.000010 0.000010 0.000010 0.000010 0.000010 0.000010
0.000010 0.000010 0.000010 0.000010 0.000010 0.000010 0.000010 0.000010 0.000010 0.000010 0.999842 0.000010 0.000010 0.000018 0.000010 0.000010
0.000010 0.000010 0.000010 0.000010 0.000010 0.000010 0.000010 0.000010 0.000010 0.000010 0.999850 0.000010 0.000010 0.000010 0.000010 0.000010
0.000010 0.000010 0.000010 0.000010 0.000010 0.000010 0.000010 0.000010 0.000010 0.000010 0.999850 0.000010 0.000010 0.000010 0.000010 0.000010
0.000010 0.999850 0.000010 0.000010 0.000010 0.000010 0.000010 0.000010 0.000010 0.000010 0.000010 0.000010 0.000010 0.000010 0.000010 0.000010
0.000010 0.999850 0.000010 0.000010 0.000010 0.000010 0.000010 0.000010 0.000010 0.000010 0.000010 0.000010 0.000010 0.000010 0.000010 0.000010
0.000010 0.000010 0.000010 0.000010 0.000010 0.000010 0.000010 0.000010 0.000010 0.000010 0.999850 0.000010 0.000010 0.000010 0.000010 0.000010
0.000010 0.000010 0.000010 0.000010 0.000010 0.000010 0.000010 0.000010 0.008292 0.000010 0.991568 0.000010 0.000010 0.000010 0.000010 0.000010
0.000010 0.000010 0.000010 0.000010 0.000010 0.000010 0.000010 0.000010 0.000010 0.000010 0.999850 0.000010 0.000010 0.000010 0.000010 0.000010
0.000010 0.999850 0.000010 0.000010 0.000010 0.000010 0.000010 0.000010 0.000010 0.000010 0.000010 0.000010 0.000010 0.000010 0.000010 0.000010
0.000010 0.999850 0.000010 0.000010 0.000010 0.000010 0.000010 0.000010 0.000010 0.000010 0.000010 0.000010 0.000010 0.000010 0.000010 0.000010
0.000010 0.000010 0.187177 0.000010 0.000010 0.000010 0.000010 0.000010 0.000010 0.000010 0.000010 0.000010 0.000016 0.000010 0.000010 0.812677
0.000010 0.999850 0.000010 0.000010 0.000010 0.000010 0.000010 0.000010 0.000010 0.000010 0.000010 0.000010 0.000010 0.000010 0.000010 0.000010
0.000010 0.000010 0.000010 0.000010 0.000010 0.000010 0.000010 0.903403 0.094760 0.000010 0.000010 0.001707 0.000010 0.000010 0.000010 0.000010
0.000010 0.000010 0.000010 0.000010 0.000010 0.000010 0.000010 0.000010 0.000010 0.000010 0.000010 0.000010 0.999850 0.000010 0.000010 0.000010
0.000010 0.000010 0.000010 0.000010 0.000010 0.000010 0.000010 0.000010 0.000010 0.000010 0.000010 0.000010 0.999850 0.000010 0.000010 0.000010
0.127371 0.000010 0.011011 0.000010 0.065481 0.007576 0.000010 0.054370 0.523854 0.000010 0.000010 0.144005 0.000010 0.000010 0.066252 0.000010
0.000010 0.000010 0.000010 0.000010 0.000010 0.000010 0.000010 0.000010 0.000010 0.000010 0.000010 0.000010 0.999850 0.000010 0.000010 0.000010
0.000010 0.000010 0.000010 0.000010 0.000010 0.026566 0.000010 0.058545 0.000010 0.914759 0.000010 0.000010 0.000010 0.000010 0.000010 0.000010
0.047240 0.006028 0.248099 0.042090 0.000010 0.114834 0.015045 0.104649 0.000010 0.085716 0.023080 0.000010 0.036415 0.103883 0.089667 0.083224
0.008233 0.059778 0.000010 0.022398 0.025063 0.016276 0.028237 0.057121 0.363469 0.000010 0.000010 0.278688 0.000010 0.024461 0.116225 0.000010
0.004106 0.000788 0.130291 0.036913 0.052175 0.067152 0.009807 0.000010 0.000010 0.047805 0.481592 0.068766 0.044001 0.056254 0.000320 0.000010
0.000010 0.305783 0.000010 0.000010 0.000010 0.043028 0.000010 0.000010 0.000010 0.000010 0.000010 0.651059 0.000010 0.000010 0.000010 0.000010
0.000010 0.330494 0.000010 0.000010 0.000010 0.025908 0.000010 0.000010 0.000010 0.000010 0.000010 0.643468 0.000010 0.000010 0.000010 0.000010
0.000010 0.000010 0.000010 0.000010 0.000010 0.216220 0.000010 0.000010 0.777302 0.000010 0.000010 0.006348 0.000010 0.000010 0.000010 0.000010
0.000010 0.651872 0.000010 0.019537 0.000010 0.043656 0.000010 0.079373 0.000010 0.000010 0.031919 0.000010 0.000010 0.173543 0.000010 0.000010
0.352638 0.027230 0.021068 0.058961 0.000010 0.020174 0.036310 0.006498 0.339827 0.000010 0.000010 0.010040 0.000010 0.019245 0.092343 0.015627
0.068263 0.066999 0.000010 0.013169 0.027420 0.056117 0.005046 0.000010 0.743489 0.000010 0.000010 0.019353 0.000075 0.000010 0.000010 0.000010
0.026576 0.296268 0.000010 0.000010 0.021040 0.016598 0.000010 0.000010 0.371932 0.000010 0.000010 0.159569 0.023469 0.060371 0.000010 0.024106
0.169120 0.000010 0.317647 0.000010 0.021725 0.055538 0.002552 0.123569 0.000010 0.000010 0.000010 0.000010 0.000010 0.150152 0.159615 0.000010
0.191252 0.013572 0.000010 0.005549 0.725619 0.016988 0.019583 0.014636 0.000010 0.000010 0.000010 0.000010 0.005238 0.000010 0.000010 0.007493
0.541163 0.000114 0.026001 0.000010 0.023744 0.130624 0.039183 0.101273 0.000010 0.000010 0.000010 0.000010 0.000010 0.000010 0.084638 0.053190
0.010856 0.000010 0.127396 0.000010 0.000010 0.050287 0.000010 0.031674 0.040096 0.101390 0.541528 0.000010 0.017438 0.064509 0.000010 0.014765
0.000010 0.861516 0.000010 0.000010 0.000010 0.000010 0.000010 0.000010 0.000010 0.000010 0.021067 0.015338 0.000010 0.101960 0.000010 0.000010
0.000010 0.000010 0.095987 0.000010 0.020151 0.132471 0.000010 0.000010 0.000010 0.173741 0.485382 0.026217 0.000010 0.054599 0.000010 0.011372
0.000010 0.000010 0.000010 0.000010 0.000010 0.000010 0.000010 0.000010 0.000010 0.000010 0.999850 0.000010 0.000010 0.000010 0.000010 0.000010
0.359227 0.000010 0.000010 0.017726 0.068036 0.054727 0.050783 0.000010 0.337503 0.019218 0.000010 0.092700 0.000010 0.000010 0.000010 0.000010
0.000010 0.000010 0.000010 0.000010 0.000010 0.446601 0.000010 0.000010 0.538848 0.000010 0.000010 0.000010 0.000010 0.000010 0.000010 0.014421
0.000010 0.000010 0.000010 0.000010 0.000010 0.000010 0.000010 0.000010 0.000010 0.650698 0.000010 0.000010 0.000010 0.000010 0.000010 0.349162
0.017405 0.000010 0.000010 0.000010 0.000010 0.354167 0.031973 0.005173 0.507909 0.000010 0.000010 0.004299 0.000010 0.057041 0.000010 0.021953
0.000010 0.000010 0.000010 0.000010 0.000010 0.367259 0.000010 0.000010 0.632601 0.000010 0.000010 0.000010 0.000010 0.000010 0.000010 0.000010
0.000010 0.000010 0.000010 0.005819 0.025748 0.074327 0.038361 0.000010 0.825249 0.000010 0.000010 0.000010 0.002940 0.017632 0.009845 0.000010
0.007366 0.000010 0.207728 0.032348 0.000010 0.191862 0.000010 0.073798 0.008247 0.045787 0.041216 0.177210 0.000010 0.000010 0.214380 0.000010
0.000010 0.000010 0.999850 0.000010 0.000010 0.000010 0.000010 0.000010 0.000010 0.000010 0.000010 0.000010 0.000010 0.000010 0.000010 0.000010
0.015444 0.031169 0.000010 0.000010 0.000010 0.199096 0.141483 0.057668 0.485437 0.000010 0.000010 0.000010 0.012471 0.000010 0.028469 0.028695
0.000010 0.000010 0.000010 0.000010 0.000010 0.000010 0.000010 0.000010 0.000010 0.000010 0.999850 0.000010 0.000010 0.000010 0.000010 0.000010
0.116182 0.000010 0.000010 0.000010 0.000010 0.836222 0.047466 0.000010 0.000010 0.000010 0.000010 0.000010 0.000010 0.000010 0.000010 0.000010
0.055516 0.051761 0.000010 0.000010 0.000010 0.067958 0.000010 0.022154 0.475264 0.000010 0.000010 0.248008 0.024785 0.000010 0.054474 0.000010
0.000010 0.016351 0.000010 0.022414 0.000010 0.000010 0.000010 0.000010 0.000010 0.242334 0.339512 0.054336 0.175865 0.013734 0.110575 0.024810
0.332469 0.000010 0.072432 0.034075 0.027175 0.406608 0.002117 0.000010 0.036870 0.012125 0.008246 0.000010 0.000010 0.013925 0.019681 0.034237
0.000010 0.999850 0.000010 0.000010 0.000010 0.000010 0.000010 0.000010 0.000010 0.000010 0.000010 0.000010 0.000010 0.000010 0.000010 0.000010
0.000010 0.036649 0.000010 0.000010 0.000010 0.454292 0.000010 0.000010 0.508929 0.000010 0.000010 0.000010 0.000010 0.000010 0.000010 0.000010
0.000010 0.005863 0.000010 0.000010 0.000010 0.478140 0.000010 0.000010 0.515867 0.000010 0.000010 0.000010 0.000010 0.000010 0.000010 0.000010
0.000010 0.003301 0.000010 0.000010 0.042946 0.504903 0.000010 0.000010 0.448729 0.000010 0.000010 0.000010 0.000010 0.000010 0.000010 0.000010
0.028732 0.020033 0.000010 0.016974 0.026276 0.033805 0.000010 0.114989 0.719428 0.000010 0.000010 0.000010 0.002410 0.000010 0.037283 0.000010
0.045230 0.059526 0.008053 0.002966 0.007978 0.000010 0.000010 0.027355 0.135661 0.000010 0.025948 0.600071 0.000010 0.000010 0.087152 0.000010
0.083375 0.035686 0.000010 0.000010 0.000010 0.525360 0.079610 0.076773 0.105428 0.000010 0.014202 0.000010 0.010769 0.051647 0.000010 0.017091
0.000010 0.000010 0.000010 0.000010 0.146292 0.016339 0.000010 0.000010 0.765934 0.000010 0.000010 0.018037 0.000010 0.000010 0.000010 0.053289
0.000010 0.033677 0.000010 0.000010 0.009286 0.000010 0.000010 0.000010 0.956906 0.000010 0.000010 0.000010 0.000010 0.000010 0.000010 0.000010
0.148301 0.003758 0.000011 0.000010 0.000010 0.443033 0.230945 0.012595 0.056280 0.000010 0.012374 0.034120 0.011886 0.046646 0.000010 0.000010
0.023491 0.126841 0.000010 0.000010 0.042549 0.011739 0.015810 0.000010 0.657654 0.000010 0.000010 0.107949 0.008312 0.000010 0.005584 0.000010
0.005810 0.058537 0.000010 0.000010 0.000010 0.616123 0.112895 0.000010 0.015864 0.000010 0.000010 0.000010 0.002001 0.105118 0.083572 0.000010
0.109047 0.055267 0.025326 0.001932 0.040940 0.032121 0.005738 0.000010 0.689162 0.008341 0.009488 0.012104 0.010494 0.000010 0.000010 0.000010
0.168377 0.020817 0.000010 0.000010 0.125615 0.045377 0.028403 0.000010 0.567412 0.000010 0.000010 0.014175 0.022274 0.000010 0.007480 0.000010
0.000010 0.000010 0.000010 0.000010 0.000010 0.999850 0.000010 0.000010 0.000010 0.000010 0.000010 0.000010 0.000010 0.000010 0.000010 0.000010
0.000010 0.000010 0.016284 0.000010 0.000010 0.076090 0.000010 0.016764 0.859033 0.000010 0.000010 0.013678 0.000010 0.000010 0.018051 0.000010
0.059314 0.295734 0.000010 0.000010 0.082349 0.008119 0.008711 0.000010 0.213465 0.000010 0.010249 0.237139 0.038813 0.046046 0.000010 0.000010
0.000010 0.003655 0.000010 0.000010 0.017892 0.206619 0.000010 0.000010 0.771714 0.000010 0.000010 0.000010 0.000010 0.000010 0.000010 0.000010
0.000010 0.312157 0.000010 0.000010 0.000010 0.081394 0.000010 0.000010 0.354573 0.000010 0.000010 0.208870 0.000010 0.042896 0.000010 0.000010
0.018037 0.000010 0.000010 0.002330 0.000010 0.169580 0.116344 0.013128 0.541391 0.000010 0.000010 0.037751 0.030260 0.000010 0.071109 0.000010
0.061793 0.041265 0.000010 0.008111 0.044700 0.003231 0.000010 0.000010 0.747849 0.000010 0.000010 0.068309 0.008737 0.000010 0.007049 0.008896
0.000010 0.007656 0.000010 0.000010 0.006956 0.394470 0.000010 0.008836 0.581973 0.000010 0.000010 0.000010 0.000010 0.000010 0.000010 0.000010
0.000010 0.264703 0.000010 0.000010 0.000010 0.000010 0.000010 0.000010 0.000010 0.000010 0.000010 0.735157 0.000010 0.000010 0.000010 0.000010
0.007242 0.000010 0.000010 0.000010 0.000010 0.000010 0.000010 0.000010 0.000010 0.000010 0.000010 0.992618 0.000010 0.000010 0.000010 0.000010
0.000010 0.000010 0.000010 0.000010 0.000010 0.000010 0.000010 0.000010 0.000010 0.000010 0.000010 0.000010 0.000010 0.000010 0.000010 0.999850
0.000010 0.133797 0.000010 0.000010 0.000010 0.000010 0.000010 0.000010 0.000010 0.000010 0.000010 0.725937 0.000010 0.000010 0.000010 0.140137
0.000010 0.211178 0.000010 0.000010 0.000010 0.000010 0.000010 0.000010 0.000010 0.000010 0.000010 0.667404 0.000010 0.000010 0.000010 0.121288
0.000010 0.000010 0.000010 0.000010 0.000010 0.000010 0.000010 0.000010 0.000010 0.000010 0.005034 0.994826 0.000010 0.000010 0.000010 0.000010
0.000010 0.001558 0.379738 0.000010 0.000010 0.010094 0.000010 0.000010 0.000010 0.000010 0.000010 0.505271 0.000010 0.032371 0.048259 0.022620
0.018287 0.164271 0.000010 0.003759 0.000010 0.154894 0.013674 0.000010 0.040070 0.000010 0.000010 0.518402 0.009196 0.028976 0.000010 0.048410
0.000010 0.000010 0.000010 0.000010 0.000010 0.000010 0.000010 0.000010 0.000010 0.000010 0.000010 0.000010 0.000010 0.000010 0.000010 0.999850
0.067502 0.000010 0.098750 0.000010 0.045723 0.005724 0.253644 0.011394 0.420360 0.000010 0.000010 0.000010 0.011195 0.034958 0.035343 0.015359
0.000010 0.000010 0.000010 0.000010 0.000010 0.000010 0.000010 0.000010 0.000010 0.000010 0.000010 0.999850 0.000010 0.000010 0.000010 0.000010
0.000010 0.000010 0.000010 0.000010 0.000010 0.000010 0.000010 0.000010 0.000010 0.000010 0.000010 0.318734 0.000010 0.000010 0.000010 0.681126
0.000010 0.002902 0.886815 0.000010 0.000010 0.000010 0.000010 0.055524 0.000010 0.000234 0.054414 0.000010 0.000010 0.000010 0.000010 0.000010
0.000010 0.000010 0.018935 0.000010 0.000010 0.000010 0.078326 0.052235 0.001181 0.195506 0.429587 0.000491 0.165116 0.000010 0.058551 0.000010
0.000010 0.001205 0.000010 0.017820 0.048298 0.078801 0.012629 0.021786 0.000010 0.191636 0.431888 0.000010 0.160505 0.001714 0.033668 0.000010
0.000010 0.000010 0.999850 0.000010 0.000010 0.000010 0.000010 0.000010 0.000010 0.000010 0.000010 0.000010 0.000010 0.000010 0.000010 0.000010
0.000010 0.000010 0.000010 0.000010 0.024966 0.000010 0.000010 0.000010 0.039337 0.000010 0.000010 0.934427 0.000010 0.000010 0.000010 0.001150
0.000010 0.000010 0.000010 0.000010 0.000010 0.000010 0.000010 0.000010 0.000010 0.000010 0.000010 0.999850 0.000010 0.000010 0.000010 0.000010
0.000010 0.000010 0.000010 0.000010 0.000010 0.000010 0.000010 0.000010 0.000010 0.000010 0.000010 0.178037 0.000010 0.000010 0.000010 0.821823
0.000010 0.000010 0.037790 0.000010 0.000010 0.000010 0.033746 0.037542 0.000010 0.209450 0.156367 0.022500 0.385399 0.000010 0.117125 0.000010
0.000010 0.000010 0.000010 0.000010 0.000010 0.000010 0.000010 0.000010 0.000010 0.000010 0.000010 0.000010 0.999850 0.000010 0.000010 0.000010
0.035895 0.000010 0.056246 0.055527 0.024643 0.000010 0.000010 0.000010 0.000010 0.694304 0.080060 0.000010 0.000010 0.000010 0.000010 0.053235
0.000010 0.000010 0.000010 0.000010 0.000010 0.000010 0.000010 0.000010 0.028096 0.000010 0.036252 0.890632 0.000010 0.000010 0.038561 0.006348
0.030525 0.009336 0.000010 0.002549 0.146540 0.000010 0.000010 0.000010 0.762669 0.000010 0.000010 0.029113 0.000010 0.000010 0.000010 0.019178
0.118611 0.006425 0.000010 0.000010 0.093088 0.004851 0.022565 0.023609 0.643631 0.000010 0.000010 0.030498 0.000010 0.000010 0.045202 0.011459
0.333283 0.034129 0.040317 0.013028 0.000010 0.007584 0.005831 0.011896 0.000010 0.000010 0.052714 0.000010 0.000010 0.000010 0.501149 0.000010
0.223490 0.013553 0.000010 0.000010 0.045874 0.074474 0.032187 0.000010 0.000010 0.000010 0.066019 0.000010 0.000010 0.000010 0.544312 0.000010
0.065555 0.000010 0.000010 0.000010 0.000010 0.000010 0.021918 0.000010 0.848289 0.000010 0.000010 0.053378 0.000010 0.002170 0.000010 0.008590
0.010183 0.351853 0.000010 0.000010 0.029602 0.041475 0.065178 0.000068 0.179993 0.000010 0.000010 0.249331 0.030293 0.041963 0.000010 0.000010
0.335992 0.123046 0.000010 0.000010 0.029979 0.104894 0.047224 0.006831 0.195818 0.000010 0.000010 0.129563 0.012473 0.000010 0.000010 0.014120
0.152766 0.043054 0.000010 0.000010 0.000010 0.118250 0.000010 0.000010 0.388010 0.000010 0.000010 0.054530 0.003248 0.095856 0.063185 0.081032
0.000010 0.000010 0.000010 0.999850 0.000010 0.000010 0.000010 0.000010 0.000010 0.000010 0.000010 0.000010 0.000010 0.000010 0.000010 0.000010
0.185161 0.006257 0.030092 0.000011 0.168340 0.038358 0.014277 0.027559 0.489895 0.000010 0.000010 0.014623 0.000010 0.000010 0.014209 0.011178
0.049103 0.011922 0.000010 0.000010 0.056126 0.000010 0.000010 0.000010 0.849332 0.000010 0.000010 0.000010 0.000010 0.000010 0.000010 0.033405
0.166031 0.000010 0.036323 0.000010 0.504374 0.047562 0.011443 0.004145 0.149134 0.000010 0.001508 0.030632 0.000010 0.041127 0.000010 0.007670
0.268674 0.015240 0.000010 0.000010 0.038308 0.000010 0.026101 0.041257 0.582757 0.000010 0.000010 0.000010 0.006741 0.020842 0.000010 0.000010
0.283783 0.038441 0.000010 0.000010 0.476674 0.000010 0.000010 0.033030 0.167962 0.000010 0.000010 0.000010 0.000010 0.000010 0.000010 0.000010
0.436149 0.027414 0.000010 0.000010 0.035802 0.019869 0.005861 0.003543 0.310713 0.030293 0.010175 0.000010 0.000010 0.035827 0.070194 0.014119
0.000010 0.000010 0.000010 0.000010 0.000010 0.000010 0.000010 0.000010 0.000010 0.000010 0.000010 0.000010 0.000010 0.000010 0.000010 0.999850
0.063056 0.005252 0.000010 0.000010 0.005080 0.000010 0.008697 0.018687 0.553984 0.000010 0.001474 0.091109 0.000010 0.027892 0.207505 0.017213
0.282520 0.011587 0.000010 0.000010 0.117866 0.000010 0.000010 0.000010 0.557764 0.000010 0.015622 0.000010 0.000010 0.000010 0.014541 0.000010
0.199984 0.009329 0.000010 0.002955 0.067043 0.033591 0.006145 0.000233 0.570761 0.000010 0.000010 0.043800 0.004543 0.000010 0.059966 0.001611
0.571775 0.034890 0.000010 0.000010 0.000010 0.031262 0.050205 0.000010 0.157771 0.000010 0.019276 0.057049 0.012081 0.053152 0.000010 0.012478
0.000010 0.000010 0.013794 0.000010 0.000010 0.009482 0.000010 0.000010 0.891983 0.005420 0.008185 0.059005 0.000010 0.000010 0.012041 0.000010
0.007636 0.011295 0.000010 0.000010 0.000010 0.000010 0.000010 0.853609 0.127340 0.000010 0.000010 0.000010 0.000010 0.000010 0.000010 0.000010
0.652456 0.016698 0.000010 0.000010 0.068911 0.010364 0.000010 0.000010 0.000010 0.000010 0.035557 0.000010 0.067322 0.030386 0.118226 0.000010
