0.000010 0.000010 0.028313 0.424635 0.058527 0.000010 0.099510 0.000010 0.388974
0.024971 0.014983 0.037957 0.566972 0.017684 0.000010 0.135245 0.033406 0.168772
0.034496 0.000010 0.084495 0.386509 0.000010 0.057245 0.050537 0.002121 0.384576
0.000010 0.000010 0.073492 0.000010 0.896411 0.000010 0.000010 0.030037 0.000010
0.045391 0.020264 0.096847 0.436901 0.000010 0.033338 0.178974 0.000010 0.188266
0.000010 0.000010 0.049062 0.131265 0.019072 0.016316 0.062679 0.015886 0.705700
0.000010 0.000010 0.003358 0.132464 0.430515 0.075127 0.007041 0.047662 0.303812
0.000010 0.046275 0.000010 0.000010 0.008125 0.000010 0.011400 0.042090 0.892070
0.000010 0.072781 0.037749 0.626695 0.051385 0.000010 0.184513 0.004122 0.022736
0.000010 0.053641 0.000010 0.054343 0.017484 0.000010 0.046940 0.000010 0.827552
0.000010 0.065083 0.000010 0.142393 0.000010 0.000010 0.247435 0.005290 0.539760
0.023488 0.000010 0.039095 0.460801 0.000010 0.009576 0.098818 0.042125 0.326077
0.000010 0.052638 0.303382 0.394153 0.104609 0.056601 0.000010 0.058009 0.030587
0.000010 0.018180 0.079481 0.330576 0.481541 0.047304 0.006650 0.036248 0.000010
0.011968 0.021099 0.000010 0.016380 0.007047 0.000010 0.080043 0.000010 0.863434
0.053940 0.026095 0.067541 0.419009 0.011404 0.014927 0.069848 0.009950 0.327287
0.000010 0.022106 0.049598 0.181000 0.014708 0.000010 0.056077 0.005497 0.670994
0.000010 0.000010 0.000010 0.094581 0.298081 0.046034 0.023939 0.063130 0.474206
0.000010 0.658492 0.000010 0.000010 0.000010 0.002616 0.046893 0.047971 0.243987
0.974415 0.000010 0.000010 0.000010 0.000896 0.002617 0.000010 0.022021 0.000010
0.959061 0.012975 0.000010 0.000010 0.004195 0.000010 0.006222 0.010163 0.007354
0.999920 0.000010 0.000010 0.000010 0.000010 0.000010 0.000010 0.000010 0.000010
0.936921 0.000010 0.000010 0.000010 0.000010 0.000010 0.000010 0.044579 0.018440
0.049388 0.002527 0.108967 0.062052 0.716032 0.013817 0.022876 0.000010 0.024330
0.000010 0.992142 0.000010 0.000010 0.007788 0.000010 0.000010 0.000010 0.000010
0.965275 0.000010 0.002579 0.032086 0.000010 0.000010 0.000010 0.000010 0.000010
0.075549 0.000010 0.075347 0.599363 0.021623 0.000010 0.167269 0.029568 0.031261
0.982892 0.000010 0.000010 0.000010 0.017038 0.000010 0.000010 0.000010 0.000010
0.015829 0.087561 0.108556 0.644684 0.018187 0.000010 0.020822 0.000010 0.104341
0.012080 0.064946 0.062877 0.707207 0.065152 0.000010 0.000010 0.000010 0.087709
0.000010 0.129158 0.000010 0.838232 0.001053 0.000010 0.031508 0.000010 0.000010
0.000010 0.058854 0.142886 0.668041 0.019798 0.000010 0.044855 0.000010 0.065535
0.020128 0.001092 0.390891 0.288469 0.129873 0.095092 0.000010 0.015680 0.058766
0.007383 0.144741 0.303151 0.429015 0.036826 0.016197 0.024520 0.038157 0.000010
0.052130 0.036226 0.008257 0.341343 0.000132 0.000010 0.131605 0.303934 0.126362
0.000960 0.000010 0.087086 0.134373 0.344892 0.004503 0.305528 0.006930 0.115718
0.000010 0.000010 0.114638 0.018912 0.410511 0.000010 0.261448 0.000010 0.194450
0.804705 0.000010 0.073246 0.000010 0.056197 0.015129 0.000010 0.050683 0.000010
0.000010 0.084337 0.081911 0.616479 0.025940 0.000010 0.113757 0.077546 0.000010
0.032290 0.058786 0.083619 0.725644 0.015469 0.033605 0.000010 0.009791 0.040786
0.000010 0.000010 0.000010 0.000010 0.000010 0.000010 0.000010 0.000010 0.999920
0.010943 0.120344 0.102999 0.502091 0.028512 0.039036 0.005931 0.006951 0.183192
0.000014 0.000010 0.041215 0.169127 0.013551 0.037873 0.017717 0.006667 0.713826
0.000010 0.001489 0.016024 0.133054 0.028406 0.002540 0.000010 0.016921 0.801546
0.000010 0.127735 0.409821 0.360787 0.000010 0.101607 0.000010 0.000010 0.000010
0.954020 0.045910 0.000010 0.000010 0.000010 0.000010 0.000010 0.000010 0.000010
0.917627 0.000343 0.000010 0.024253 0.000010 0.000010 0.033419 0.024318 0.000010
0.465105 0.000010 0.255785 0.142541 0.031211 0.000010 0.072738 0.032590 0.000010
0.048408 0.084366 0.282431 0.327248 0.014259 0.128942 0.073188 0.037031 0.004127
0.032285 0.077507 0.254586 0.432050 0.042575 0.068254 0.013434 0.035368 0.043940
0.000010 0.000010 0.000010 0.000010 0.000010 0.999920 0.000010 0.000010 0.000010
0.099112 0.159800 0.242929 0.376563 0.018496 0.087888 0.000010 0.015193 0.000010
0.000010 0.000010 0.000010 0.000010 0.000010 0.999920 0.000010 0.000010 0.000010
0.000010 0.077298 0.302828 0.384504 0.000010 0.061893 0.080762 0.050721 0.041975
0.037419 0.155679 0.307305 0.380612 0.008163 0.101179 0.000010 0.009623 0.000010
0.000010 0.000010 0.000010 0.000010 0.000010 0.000010 0.000010 0.999920 0.000010
0.048426 0.000010 0.016676 0.002389 0.012882 0.001651 0.000010 0.040015 0.877941
0.000010 0.077267 0.097527 0.649068 0.057499 0.000010 0.081508 0.037101 0.000010
0.000010 0.104843 0.035632 0.679697 0.037474 0.052043 0.077855 0.012436 0.000010
0.000010 0.018092 0.000010 0.109684 0.046586 0.088091 0.053811 0.017109 0.666607
0.008864 0.041571 0.024374 0.864963 0.000010 0.036376 0.023822 0.000010 0.000010
0.000010 0.031245 0.067240 0.668890 0.046420 0.000010 0.046411 0.042557 0.097217
0.025292 0.104300 0.003337 0.358231 0.011759 0.026645 0.000010 0.029981 0.440446
0.002874 0.000010 0.094511 0.771044 0.030393 0.000010 0.043158 0.013103 0.044897
0.000010 0.088334 0.131732 0.582525 0.023663 0.030273 0.058938 0.033291 0.051234
0.055431 0.086098 0.105568 0.073035 0.218867 0.123394 0.089796 0.088144 0.159667
0.406362 0.000010 0.258381 0.000010 0.327918 0.007290 0.000010 0.000010 0.000010
0.044428 0.000010 0.083928 0.127238 0.687342 0.000010 0.019672 0.037363 0.000010
0.019767 0.015942 0.013609 0.021670 0.017863 0.006583 0.001257 0.035833 0.867477
0.000010 0.158821 0.277118 0.418439 0.033222 0.045894 0.030202 0.036285 0.000010
0.033996 0.104034 0.266199 0.342088 0.028935 0.093545 0.065232 0.000010 0.065961
0.000010 0.217683 0.272100 0.252253 0.000010 0.125590 0.013829 0.037499 0.081026
0.000010 0.012497 0.012227 0.581962 0.000010 0.033231 0.204027 0.146184 0.009851
0.000010 0.001362 0.071057 0.704182 0.023614 0.033319 0.059185 0.013848 0.093422
0.000010 0.047484 0.084448 0.548667 0.031722 0.000010 0.085950 0.116026 0.085682
0.013351 0.071400 0.126239 0.694955 0.000010 0.000010 0.042770 0.032226 0.019039
0.000010 0.060798 0.000010 0.777112 0.025275 0.049654 0.039170 0.035094 0.012876
0.047105 0.094578 0.067057 0.597050 0.000010 0.049290 0.092644 0.038986 0.013278
0.921884 0.000010 0.004099 0.000010 0.045769 0.000010 0.000010 0.028198 0.000010
0.000010 0.046025 0.095249 0.698668 0.032836 0.011320 0.022709 0.000010 0.093172
0.021633 0.069504 0.009331 0.681633 0.010799 0.059577 0.105225 0.042287 0.000010
0.017057 0.000010 0.012221 0.159955 0.032470 0.000010 0.183668 0.000010 0.594598
0.000010 0.018000 0.014128 0.102301 0.021354 0.000010 0.235278 0.037540 0.571379
0.019197 0.000010 0.000010 0.152456 0.000010 0.000010 0.048660 0.736408 0.043239
0.000010 0.000010 0.000010 0.113849 0.060942 0.056266 0.048201 0.000010 0.720701
0.900178 0.000010 0.000010 0.000010 0.048397 0.000010 0.005765 0.043242 0.002377
0.798115 0.000010 0.058085 0.052412 0.000010 0.084935 0.000010 0.003494 0.002929
0.000010 0.015488 0.000010 0.053221 0.002105 0.000010 0.525552 0.050106 0.353498
0.018512 0.000010 0.174911 0.401910 0.039715 0.003332 0.131807 0.088798 0.141006
0.868986 0.023373 0.000010 0.010733 0.029423 0.067445 0.000010 0.000010 0.000010
0.842680 0.000010 0.000010 0.057720 0.013570 0.023366 0.004731 0.057902 0.000010
0.786962 0.000010 0.058285 0.092990 0.006212 0.031528 0.014152 0.000010 0.009852
0.876015 0.028953 0.012183 0.064673 0.000497 0.000010 0.000992 0.016667 0.000010
0.838842 0.030912 0.029686 0.051999 0.000010 0.043003 0.000010 0.005528 0.000010
0.283464 0.007793 0.062334 0.327477 0.042117 0.012300 0.117995 0.024612 0.121908
0.000010 0.079214 0.709534 0.073220 0.000010 0.071795 0.000010 0.000010 0.066197
0.000877 0.007802 0.649043 0.188241 0.000010 0.078719 0.023051 0.000010 0.052247
0.000010 0.000010 0.098635 0.312651 0.000010 0.007896 0.364774 0.005420 0.210593
0.054376 0.000010 0.000010 0.000010 0.061342 0.008962 0.097610 0.000010 0.777671
0.026526 0.052987 0.686484 0.069436 0.000010 0.144505 0.006610 0.000010 0.013432
0.000010 0.001024 0.051937 0.684630 0.002389 0.000010 0.170371 0.089619 0.000010
0.051747 0.075190 0.541989 0.202201 0.000010 0.128833 0.000010 0.000010 0.000010
0.000010 0.042652 0.000010 0.549280 0.002967 0.036798 0.135533 0.067322 0.165428
0.000010 0.000010 0.000010 0.000010 0.999919 0.000011 0.000010 0.000010 0.000010
0.000010 0.054481 0.000010 0.061268 0.000010 0.007120 0.226346 0.000010 0.650745
0.000010 0.027813 0.412479 0.011276 0.400281 0.079584 0.000010 0.025308 0.043238
0.000010 0.000010 0.000010 0.000010 0.000010 0.000010 0.999920 0.000010 0.000010
0.000010 0.000761 0.061107 0.614143 0.038189 0.024322 0.096727 0.104915 0.059826
0.000010 0.011488 0.056689 0.516373 0.013731 0.000010 0.142686 0.052474 0.206537
0.006536 0.000010 0.012216 0.101207 0.001160 0.000010 0.073429 0.000010 0.805422
0.087882 0.149851 0.206130 0.131539 0.000010 0.411524 0.013043 0.000010 0.000010
0.000010 0.019294 0.032922 0.269220 0.000010 0.026359 0.086707 0.031364 0.534116
0.000010 0.010405 0.000010 0.139921 0.000010 0.040880 0.066633 0.022152 0.719979
0.000010 0.019648 0.000010 0.045326 0.014821 0.000010 0.075693 0.000010 0.844472
0.000010 0.000010 0.050664 0.632471 0.000010 0.018258 0.098426 0.083320 0.116831
0.000010 0.000010 0.000010 0.000010 0.000010 0.000010 0.999920 0.000010 0.000010
0.000011 0.000010 0.000010 0.000010 0.999919 0.000010 0.000010 0.000010 0.000010
0.000010 0.000010 0.000010 0.000010 0.999920 0.000010 0.000010 0.000010 0.000010
0.008240 0.000010 0.007154 0.077088 0.000010 0.000010 0.165781 0.029104 0.712603
0.000010 0.000010 0.000010 0.000010 0.999920 0.000010 0.000010 0.000010 0.000010
0.015611 0.025100 0.029928 0.068476 0.023595 0.047787 0.000010 0.000010 0.789482
0.000010 0.000010 0.000010 0.000010 0.000010 0.000010 0.002589 0.000010 0.997341
0.000010 0.000010 0.000010 0.000010 0.999920 0.000010 0.000010 0.000010 0.000010
0.000010 0.000010 0.000010 0.000010 0.999920 0.000010 0.000010 0.000010 0.000010
0.000010 0.000010 0.000010 0.000010 0.999920 0.000010 0.000010 0.000010 0.000010
0.000010 0.000010 0.000010 0.000010 0.999920 0.000010 0.000010 0.000010 0.000010
0.033823 0.000010 0.042881 0.059672 0.845682 0.000010 0.011579 0.006334 0.000010
0.031181 0.000891 0.019970 0.553798 0.031628 0.039403 0.214547 0.029256 0.079326
0.000010 0.061378 0.000010 0.615602 0.038968 0.004593 0.194121 0.022873 0.062445
0.000010 0.000010 0.000010 0.000010 0.999920 0.000010 0.000010 0.000010 0.000010
0.000010 0.000010 0.026810 0.189461 0.176691 0.088843 0.060602 0.027551 0.430021
0.002599 0.005310 0.000010 0.046745 0.005751 0.000010 0.349252 0.051687 0.538635
0.000011 0.000010 0.000010 0.000010 0.999919 0.000010 0.000010 0.000010 0.000010
0.000010 0.000010 0.018278 0.000010 0.946779 0.019307 0.000010 0.015585 0.000010
0.000010 0.000010 0.000010 0.000012 0.999918 0.000010 0.000010 0.000010 0.000010
0.028050 0.008262 0.120702 0.372738 0.014822 0.029021 0.057937 0.238667 0.129801
0.000010 0.000010 0.000010 0.615585 0.042352 0.000010 0.183275 0.056486 0.102263
0.016419 0.026458 0.014267 0.604509 0.018723 0.000010 0.194943 0.047583 0.077090
0.000010 0.010710 0.000010 0.732745 0.025823 0.000010 0.179995 0.050688 0.000010
0.000010 0.013636 0.077479 0.000010 0.881811 0.000010 0.020568 0.000010 0.006466
0.447468 0.000010 0.020399 0.000010 0.446741 0.000010 0.061322 0.000010 0.024029
0.000011 0.000010 0.000010 0.000010 0.999919 0.000010 0.000010 0.000010 0.000010
0.000010 0.000010 0.000010 0.000010 0.999920 0.000010 0.000010 0.000010 0.000010
0.000010 0.000010 0.000011 0.000010 0.999919 0.000010 0.000010 0.000010 0.000010
0.000010 0.000010 0.000018 0.000010 0.999912 0.000010 0.000010 0.000010 0.000010
0.000010 0.000010 0.000010 0.000010 0.999920 0.000010 0.000010 0.000010 0.000010
0.000010 0.000010 0.000010 0.000010 0.999920 0.000010 0.000010 0.000010 0.000010
0.047473 0.009345 0.055530 0.283260 0.029006 0.000010 0.000010 0.322870 0.252496
0.000010 0.000010 0.000010 0.000010 0.999920 0.000010 0.000010 0.000010 0.000010
0.026250 0.000010 0.067060 0.012665 0.876885 0.017101 0.000010 0.000010 0.000010
0.000010 0.000010 0.000010 0.096205 0.000010 0.000010 0.000010 0.013704 0.890031
0.020419 0.000010 0.087451 0.000010 0.826157 0.031944 0.000010 0.033989 0.000010
0.000010 0.035652 0.063323 0.098620 0.552878 0.027463 0.000010 0.075385 0.146658
0.000010 0.000010 0.000010 0.000010 0.999920 0.000010 0.000010 0.000010 0.000010
0.000010 0.000010 0.000011 0.000010 0.999919 0.000010 0.000010 0.000010 0.000010
0.000010 0.000010 0.000010 0.000010 0.999920 0.000010 0.000010 0.000010 0.000010
0.000010 0.000010 0.000010 0.000010 0.999920 0.000010 0.000010 0.000010 0.000010
0.000010 0.000010 0.000010 0.000010 0.975365 0.001105 0.000010 0.023469 0.000010
0.000010 0.000010 0.000010 0.000010 0.999920 0.000010 0.000010 0.000010 0.000010
0.000010 0.000010 0.000010 0.000010 0.000010 0.000010 0.000010 0.999920 0.000010
0.678780 0.000010 0.315562 0.000010 0.005598 0.000010 0.000010 0.000010 0.000010
0.616107 0.000010 0.383823 0.000010 0.000010 0.000010 0.000010 0.000010 0.000010
0.628468 0.000010 0.371462 0.000010 0.000010 0.000010 0.000010 0.000010 0.000010
0.000010 0.000010 0.000010 0.000010 0.999920 0.000010 0.000010 0.000010 0.000010
0.000010 0.000010 0.000010 0.000010 0.999920 0.000010 0.000010 0.000010 0.000010
0.599893 0.000010 0.400037 0.000010 0.000010 0.000010 0.000010 0.000010 0.000010
0.646268 0.000010 0.320233 0.010195 0.018433 0.000010 0.000010 0.000010 0.004831
0.640900 0.000010 0.340331 0.000010 0.009277 0.000010 0.000010 0.000010 0.009442
0.000010 0.000010 0.000010 0.000010 0.999920 0.000010 0.000010 0.000010 0.000010
0.000010 0.000010 0.000010 0.000010 0.999920 0.000010 0.000010 0.000010 0.000010
0.000010 0.000010 0.125209 0.000010 0.000010 0.874721 0.000010 0.000010 0.000010
0.000010 0.000010 0.000010 0.000010 0.999920 0.000010 0.000010 0.000010 0.000010
0.000010 0.900858 0.000010 0.000010 0.000010 0.000010 0.000010 0.000010 0.099072
0.000010 0.000010 0.464496 0.000010 0.535434 0.000010 0.000010 0.000010 0.000010
0.000010 0.000010 0.461618 0.000010 0.538312 0.000010 0.000010 0.000010 0.000010
0.000010 0.068361 0.001094 0.196616 0.000010 0.052568 0.115158 0.000010 0.566173
0.000010 0.000010 0.491884 0.000010 0.508046 0.000010 0.000010 0.000010 0.000010
0.910432 0.070470 0.000010 0.000010 0.000010 0.000010 0.000010 0.011484 0.007564
0.164124 0.137614 0.265595 0.221276 0.028164 0.161536 0.000010 0.021672 0.000010
0.024156 0.075045 0.000010 0.245252 0.089213 0.073834 0.016845 0.043728 0.431918
0.420073 0.000010 0.395672 0.042065 0.018926 0.021794 0.068623 0.003116 0.029722
0.000010 0.000010 0.000010 0.290826 0.377864 0.174944 0.010263 0.052960 0.093113
0.000010 0.000010 0.002739 0.302179 0.404304 0.206458 0.023992 0.010474 0.049833
0.000522 0.000010 0.030295 0.065984 0.000116 0.018567 0.052625 0.000010 0.831871
0.058692 0.079365 0.088146 0.050978 0.685930 0.021244 0.000010 0.015624 0.000010
0.042577 0.027833 0.026002 0.360390 0.033252 0.016131 0.082269 0.055543 0.356003
0.002620 0.000010 0.000010 0.084005 0.070926 0.002936 0.059261 0.016442 0.763789
0.000010 0.004879 0.019335 0.078215 0.333658 0.089531 0.034973 0.015567 0.423831
0.003813 0.175529 0.338789 0.372174 0.000010 0.057827 0.046906 0.004942 0.000010
0.000010 0.047409 0.000010 0.117158 0.016876 0.000010 0.788539 0.029978 0.000010
0.000010 0.107413 0.052553 0.582379 0.000010 0.037308 0.134125 0.067255 0.018947
0.493069 0.042519 0.396113 0.025045 0.000010 0.015209 0.000010 0.000010 0.028015
0.021208 0.011179 0.055798 0.002467 0.886244 0.000010 0.000010 0.000010 0.023073
0.515326 0.000010 0.373779 0.027811 0.000010 0.027429 0.055615 0.000010 0.000010
0.654038 0.000010 0.345892 0.000010 0.000010 0.000010 0.000010 0.000010 0.000010
0.038719 0.000010 0.026728 0.315365 0.000010 0.001041 0.159214 0.075451 0.383463
0.000010 0.000010 0.090727 0.175178 0.000010 0.044863 0.012952 0.014874 0.661376
0.647344 0.000010 0.000010 0.000010 0.000010 0.352586 0.000010 0.000010 0.000010
0.050172 0.030266 0.016768 0.204570 0.022360 0.026796 0.012582 0.057135 0.579352
0.012004 0.028839 0.059935 0.101579 0.012078 0.001882 0.021814 0.001790 0.760079
0.011915 0.000010 0.000010 0.062527 0.000836 0.000010 0.021160 0.046138 0.857394
0.132928 0.130777 0.171512 0.387856 0.000010 0.099235 0.000032 0.011448 0.066201
0.028094 0.181322 0.463213 0.000010 0.000010 0.327321 0.000010 0.000010 0.000010
0.000010 0.065759 0.047347 0.148801 0.035278 0.030402 0.000010 0.156420 0.515973
0.656227 0.000010 0.343703 0.000010 0.000010 0.000010 0.000010 0.000010 0.000010
0.073802 0.005395 0.106482 0.543563 0.000010 0.000010 0.090407 0.132213 0.048119
0.000010 0.037688 0.000010 0.247317 0.091868 0.056355 0.000010 0.010202 0.556540
0.442804 0.000010 0.261630 0.163972 0.105019 0.026534 0.000010 0.000010 0.000010
0.084881 0.000010 0.093928 0.507576 0.000010 0.051035 0.125245 0.049730 0.087585
0.000010 0.000010 0.000010 0.000010 0.999920 0.000010 0.000010 0.000010 0.000010
0.015908 0.076543 0.018015 0.157722 0.055987 0.000010 0.000010 0.075262 0.600543
0.000010 0.056450 0.016084 0.183144 0.033746 0.006582 0.000010 0.084782 0.619192
0.047004 0.000010 0.090866 0.203329 0.013689 0.028891 0.058297 0.009332 0.548584
0.000010 0.119101 0.000010 0.069333 0.022824 0.000010 0.051439 0.009474 0.727799
0.014894 0.057658 0.000010 0.331818 0.100240 0.227321 0.012924 0.000010 0.255125
0.042935 0.082486 0.106124 0.380799 0.045804 0.031358 0.000010 0.114028 0.196457
0.000010 0.000010 0.000010 0.000010 0.000010 0.051777 0.167575 0.000010 0.780589
0.000010 0.000010 0.000010 0.000010 0.022446 0.000010 0.015782 0.000010 0.961712
0.002071 0.000010 0.100676 0.408459 0.020566 0.000010 0.051980 0.272315 0.143913
0.000010 0.000010 0.000010 0.052430 0.146678 0.008787 0.052320 0.035038 0.704717
0.047989 0.000010 0.094041 0.498593 0.084424 0.037056 0.000010 0.146516 0.091361
0.018467 0.000010 0.038359 0.074295 0.061156 0.000010 0.075536 0.017531 0.714635
0.000010 0.000010 0.016455 0.152384 0.031936 0.000010 0.165508 0.036836 0.596850
0.113099 0.000010 0.070187 0.622460 0.000010 0.030746 0.100526 0.062951 0.000010
0.000010 0.023952 0.025485 0.037221 0.000010 0.008246 0.000010 0.000010 0.905055
0.018166 0.000010 0.055623 0.114553 0.341748 0.059029 0.091470 0.020290 0.299111
0.008765 0.014220 0.015496 0.069329 0.016641 0.000010 0.045758 0.007696 0.822085
0.000010 0.000010 0.000010 0.148929 0.347713 0.038864 0.000010 0.029999 0.434455
0.006205 0.015980 0.064160 0.193005 0.006441 0.000010 0.000010 0.122518 0.591672
0.000010 0.000010 0.000010 0.073362 0.043163 0.039875 0.063376 0.000010 0.780184
0.000010 0.062258 0.039607 0.105182 0.026063 0.011188 0.051829 0.043233 0.660629
0.000010 0.000010 0.000010 0.357704 0.353373 0.181482 0.000010 0.000010 0.107390
0.000010 0.000010 0.000010 0.388691 0.040957 0.352835 0.015271 0.003384 0.198831
0.000010 0.000010 0.000010 0.000010 0.000010 0.999920 0.000010 0.000010 0.000010
0.000010 0.007831 0.000010 0.180952 0.202829 0.465298 0.000010 0.014110 0.128950
0.000010 0.000010 0.014644 0.204382 0.272749 0.382505 0.006759 0.021681 0.097260
0.026172 0.023805 0.000010 0.323385 0.061738 0.389040 0.000010 0.001694 0.174145
0.053582 0.048787 0.191381 0.227751 0.027746 0.366584 0.000010 0.003143 0.081015
0.000010 0.011933 0.000446 0.290761 0.226951 0.240868 0.000010 0.057494 0.171527
0.000010 0.000010 0.000010 0.000010 0.000010 0.999920 0.000010 0.000010 0.000010
0.000010 0.041242 0.084073 0.093528 0.000010 0.028122 0.053722 0.261384 0.437909
0.000010 0.000010 0.000010 0.353046 0.034142 0.369256 0.000010 0.000010 0.243506
0.000010 0.000010 0.000010 0.000010 0.000010 0.968959 0.000010 0.000010 0.030971
0.069396 0.212492 0.466880 0.000010 0.000010 0.251182 0.000010 0.000010 0.000010
0.426761 0.035295 0.380389 0.033950 0.041390 0.000010 0.000010 0.066338 0.015857
0.462287 0.023517 0.370295 0.015944 0.058360 0.000010 0.046100 0.023477 0.000010
0.000010 0.140290 0.510157 0.000010 0.000010 0.349493 0.000010 0.000010 0.000010
0.000010 0.003376 0.000010 0.234354 0.041523 0.411395 0.022133 0.000010 0.287189
0.016387 0.000010 0.000010 0.285165 0.063096 0.463489 0.000010 0.006834 0.165000
0.000010 0.000010 0.000010 0.000010 0.000010 0.999920 0.000010 0.000010 0.000010
0.209856 0.039618 0.434600 0.141863 0.111157 0.000010 0.000010 0.046171 0.016716
0.000010 0.000010 0.789100 0.000010 0.210830 0.000010 0.000010 0.000010 0.000010
0.816213 0.000010 0.038405 0.000386 0.009799 0.082787 0.052380 0.000010 0.000010
0.015016 0.048964 0.000010 0.308016 0.047712 0.347332 0.000010 0.031865 0.201076
0.000010 0.000010 0.000010 0.000010 0.011114 0.018906 0.187782 0.000010 0.782148
0.000010 0.041054 0.000010 0.110171 0.006726 0.013396 0.142416 0.029974 0.656244
0.033895 0.078741 0.059913 0.767293 0.035765 0.000010 0.000010 0.024362 0.000010
0.033195 0.023145 0.045793 0.759716 0.010609 0.000010 0.075742 0.051781 0.000010
0.000010 0.010921 0.000010 0.061678 0.003342 0.013107 0.000010 0.028138 0.882784
0.000010 0.017113 0.000010 0.162130 0.398516 0.064488 0.017893 0.082324 0.257515
0.000010 0.011428 0.000010 0.357536 0.140558 0.056558 0.086134 0.084984 0.262783
0.000010 0.000010 0.105725 0.266168 0.056865 0.099445 0.035673 0.000010 0.436095
0.948315 0.000010 0.003604 0.000010 0.024772 0.000010 0.000010 0.023259 0.000010
0.000010 0.047401 0.000712 0.174070 0.005465 0.014667 0.218196 0.027256 0.512223
0.000010 0.000010 0.000010 0.000010 0.018060 0.036541 0.088831 0.000010 0.856519
0.000010 0.005194 0.045068 0.157174 0.000010 0.029106 0.580417 0.027957 0.155063
0.000010 0.040143 0.035457 0.164927 0.016052 0.000010 0.097884 0.041885 0.603631
0.000010 0.034583 0.000010 0.154855 0.038327 0.000010 0.592995 0.010410 0.168800
0.038421 0.008567 0.026940 0.412596 0.029585 0.000010 0.115904 0.025630 0.342347
0.000010 0.000010 0.000010 0.000010 0.000010 0.999920 0.000010 0.000010 0.000010
0.000010 0.058447 0.000010 0.259019 0.014016 0.047309 0.018555 0.016752 0.585882
0.000010 0.002789 0.008368 0.194854 0.000010 0.000010 0.196355 0.014172 0.583431
0.000010 0.009369 0.000010 0.217865 0.012642 0.013752 0.129929 0.023400 0.593023
0.000010 0.000010 0.071930 0.470417 0.046465 0.014443 0.086397 0.094754 0.215574
0.013276 0.006483 0.005881 0.026039 0.000010 0.011503 0.000010 0.000010 0.936787
0.000010 0.854214 0.000010 0.000010 0.014645 0.000010 0.000010 0.000010 0.131082
0.000010 0.000010 0.118831 0.624240 0.036048 0.000010 0.195050 0.022536 0.003265
0.000010 0.085372 0.107911 0.504186 0.012496 0.036061 0.070676 0.058197 0.125091
0.007949 0.000010 0.140040 0.553317 0.041885 0.037267 0.118028 0.048581 0.052924
0.000010 0.000010 0.005695 0.600287 0.000320 0.014592 0.106132 0.069480 0.203474
0.000010 0.000010 0.000010 0.053461 0.000010 0.003530 0.103547 0.019489 0.819933
0.000010 0.029937 0.016217 0.127392 0.023413 0.003387 0.054036 0.011517 0.734092
0.000010 0.013680 0.000010 0.214136 0.000010 0.000010 0.000010 0.000010 0.772124
0.000010 0.000010 0.000010 0.103555 0.000010 0.000010 0.009320 0.022036 0.865039
0.000010 0.096356 0.092463 0.405505 0.014002 0.000010 0.253081 0.053650 0.084924
0.000413 0.000010 0.074854 0.254856 0.468649 0.063158 0.030478 0.053431 0.054152
0.012546 0.061232 0.039005 0.205303 0.073968 0.065511 0.000010 0.044176 0.498248
0.000010 0.000010 0.036194 0.129944 0.157524 0.095590 0.076477 0.037129 0.467121
0.024120 0.069633 0.000010 0.817995 0.019671 0.009196 0.004268 0.006974 0.048133
0.000010 0.042179 0.000010 0.006507 0.019142 0.000010 0.078561 0.031845 0.821737
0.068568 0.013289 0.087023 0.518462 0.000010 0.085830 0.040889 0.082967 0.102961
0.000010 0.000010 0.000010 0.000010 0.000010 0.000010 0.566380 0.004506 0.429054
0.000010 0.000010 0.000010 0.000010 0.000010 0.000010 0.000010 0.000010 0.999920
0.000010 0.190075 0.000010 0.032094 0.000010 0.000010 0.127149 0.045871 0.604770
0.017796 0.068432 0.000010 0.605245 0.071491 0.000010 0.173392 0.053803 0.009820
0.000010 0.000010 0.000010 0.000010 0.000010 0.000010 0.000010 0.000010 0.999920
0.013768 0.089217 0.000010 0.800624 0.000010 0.035952 0.040159 0.020250 0.000010
0.040823 0.060378 0.000010 0.809958 0.007352 0.037787 0.032099 0.004219 0.007373
0.000010 0.088169 0.000010 0.839530 0.000010 0.029295 0.000010 0.042955 0.000010
0.022126 0.129782 0.000010 0.835108 0.000010 0.010786 0.000010 0.002159 0.000010
0.032112 0.041749 0.002812 0.842428 0.000010 0.055766 0.000010 0.000010 0.025103
0.000010 0.012577 0.013870 0.107226 0.838536 0.014379 0.009180 0.004211 0.000010
0.000010 0.001378 0.085004 0.278012 0.018641 0.034885 0.004700 0.021627 0.555743
0.000010 0.000010 0.000010 0.000010 0.011316 0.036060 0.073480 0.010612 0.868493
0.000010 0.020266 0.000010 0.218660 0.004058 0.000010 0.000010 0.000010 0.756966
0.000010 0.096913 0.002772 0.126595 0.010348 0.033849 0.031765 0.039705 0.658043
0.000010 0.001658 0.000010 0.000010 0.000010 0.043433 0.092604 0.000010 0.862255
0.000010 0.032525 0.000010 0.869815 0.000010 0.020026 0.077584 0.000010 0.000010
0.000010 0.044631 0.023533 0.000010 0.002982 0.000010 0.050877 0.000010 0.877937
0.029836 0.000010 0.000010 0.654705 0.030280 0.000010 0.148495 0.034594 0.102060
0.000010 0.000010 0.000010 0.000010 0.999920 0.000010 0.000010 0.000010 0.000010
0.031068 0.157014 0.330058 0.389495 0.000010 0.064970 0.000010 0.020154 0.007222
0.000010 0.102159 0.073900 0.611978 0.031007 0.000010 0.099346 0.038602 0.042986
0.008400 0.000010 0.000010 0.618258 0.001850 0.000010 0.097000 0.005324 0.269139
0.004947 0.073904 0.148251 0.619333 0.010923 0.015312 0.034244 0.048473 0.044613
0.069542 0.096166 0.000010 0.798107 0.001326 0.034819 0.000010 0.000010 0.000010
0.030594 0.023389 0.074900 0.701012 0.045249 0.000010 0.037075 0.008863 0.078908
0.000010 0.054203 0.000010 0.945727 0.000010 0.000010 0.000010 0.000010 0.000010
0.001738 0.063721 0.018769 0.591814 0.034436 0.034367 0.035559 0.040759 0.178838
0.000010 0.085533 0.005149 0.678781 0.026996 0.051166 0.007945 0.069602 0.074819
0.018334 0.000010 0.040205 0.073454 0.017597 0.027688 0.132653 0.009924 0.680135
0.055988 0.004769 0.000032 0.652728 0.013135 0.059786 0.121068 0.065121 0.027373
0.000010 0.102026 0.000010 0.833464 0.014914 0.004037 0.034552 0.010977 0.000010
0.012293 0.101140 0.000010 0.748511 0.000010 0.031477 0.062622 0.000010 0.043926
0.061867 0.063370 0.000010 0.240806 0.013766 0.003303 0.061449 0.013758 0.541670
0.000010 0.000010 0.007316 0.000010 0.000859 0.000010 0.037879 0.023402 0.930504
0.000010 0.100160 0.011989 0.757758 0.039644 0.000010 0.017269 0.055807 0.017354
0.000010 0.013138 0.082029 0.000010 0.897479 0.000010 0.000010 0.000010 0.007303
0.021139 0.048136 0.000010 0.000010 0.009103 0.000010 0.058864 0.000010 0.862718
0.000010 0.012054 0.000010 0.000584 0.000010 0.000010 0.000010 0.033375 0.953937
0.000010 0.047997 0.082080 0.703297 0.010602 0.021954 0.038387 0.010758 0.084916
0.026631 0.041583 0.089057 0.346390 0.011817 0.000010 0.052372 0.012610 0.419531
0.000010 0.034386 0.000010 0.601610 0.002625 0.000010 0.109073 0.089201 0.163075
0.015508 0.028027 0.000010 0.838245 0.032865 0.008862 0.073412 0.003060 0.000010
0.000010 0.000010 0.000010 0.000010 0.006841 0.000010 0.000010 0.000010 0.993089
0.000010 0.000010 0.000010 0.000010 0.000010 0.000010 0.059701 0.000010 0.940229
0.000010 0.000010 0.004425 0.394852 0.018730 0.055478 0.002053 0.033707 0.490734
0.000010 0.000010 0.000010 0.000010 0.000010 0.000010 0.872289 0.046454 0.081197
0.916669 0.000010 0.000010 0.000010 0.067994 0.000010 0.000010 0.015278 0.000010
0.000010 0.073672 0.075395 0.687725 0.024501 0.039260 0.045470 0.014870 0.039097
0.000010 0.000010 0.018477 0.055251 0.022815 0.007938 0.044068 0.006405 0.845027
0.901023 0.000010 0.000010 0.000010 0.083816 0.000010 0.000010 0.015101 0.000010
0.000010 0.000010 0.000010 0.000010 0.472212 0.000010 0.000010 0.527718 0.000010
0.000010 0.000010 0.753539 0.000010 0.246391 0.000010 0.000010 0.000010 0.000010
0.000010 0.000010 0.022431 0.055389 0.016250 0.000010 0.675295 0.000010 0.230595
0.000010 0.022884 0.092974 0.207719 0.022690 0.000010 0.030848 0.089026 0.533839
0.000010 0.022223 0.044456 0.150927 0.013199 0.000010 0.044876 0.042212 0.682086
0.082781 0.000010 0.128671 0.307140 0.000010 0.051797 0.014626 0.078517 0.336448
0.000010 0.024517 0.000010 0.000010 0.009851 0.000010 0.130032 0.007489 0.828070
0.000010 0.000010 0.000010 0.000010 0.000010 0.000010 0.000010 0.000010 0.999920
0.000010 0.000010 0.012207 0.617619 0.014234 0.000010 0.237575 0.111867 0.006468
0.000010 0.064042 0.000010 0.246942 0.006226 0.019596 0.000010 0.044483 0.618681
0.000010 0.013706 0.073911 0.220478 0.034917 0.000010 0.243082 0.024021 0.389864
0.041743 0.035825 0.052539 0.412103 0.000010 0.073912 0.005240 0.000010 0.378618
0.003542 0.033468 0.011478 0.154994 0.014251 0.000010 0.127376 0.057103 0.597778
0.000010 0.000010 0.000010 0.000010 0.000010 0.000010 0.652886 0.000010 0.347044
0.000010 0.000010 0.000010 0.000010 0.000010 0.000010 0.805665 0.000010 0.194265
0.000010 0.042908 0.000010 0.000010 0.001764 0.000010 0.443325 0.000010 0.511953
0.000010 0.000010 0.000010 0.000010 0.000010 0.000010 0.028474 0.000010 0.971456
0.000010 0.033527 0.000010 0.000010 0.024578 0.024417 0.001413 0.021174 0.894861
0.000010 0.052064 0.052517 0.588051 0.023798 0.019631 0.130902 0.043873 0.089153
0.000010 0.056368 0.000010 0.159417 0.030280 0.033482 0.686503 0.005071 0.028860
0.060279 0.103777 0.000010 0.773683 0.000952 0.000010 0.046663 0.014617 0.000010
0.000010 0.004803 0.000010 0.000010 0.003016 0.005517 0.052239 0.011337 0.923058
0.000010 0.000010 0.069305 0.509888 0.019574 0.000010 0.280630 0.090180 0.030393
0.000010 0.152114 0.028674 0.024407 0.043490 0.080338 0.045631 0.042034 0.583301
0.000010 0.000010 0.000010 0.158256 0.018766 0.000217 0.493261 0.068892 0.260578
0.000010 0.082867 0.025362 0.710194 0.015562 0.071582 0.000010 0.000010 0.094404
0.000010 0.030889 0.017141 0.071529 0.000010 0.000779 0.210874 0.066304 0.602462
0.000010 0.000010 0.000010 0.577209 0.007466 0.040827 0.263801 0.091555 0.019113
0.013490 0.064573 0.015118 0.823079 0.040476 0.015199 0.000010 0.026469 0.001586
0.035498 0.020051 0.030997 0.653856 0.042685 0.000010 0.182541 0.034351 0.000010
0.043781 0.060806 0.129967 0.310488 0.000010 0.123517 0.057697 0.000010 0.273724
0.000010 0.108695 0.080311 0.770151 0.000010 0.000010 0.000010 0.021760 0.019043
0.140089 0.064357 0.284410 0.278484 0.006690 0.225941 0.000010 0.000010 0.000010
0.000010 0.000010 0.000010 0.616795 0.031605 0.000010 0.205407 0.121408 0.024744
0.009205 0.003734 0.000010 0.317435 0.002751 0.059055 0.013441 0.000010 0.594360
0.000010 0.009455 0.000010 0.071839 0.000010 0.017963 0.000010 0.000010 0.900692
0.014540 0.096288 0.043390 0.000010 0.000010 0.043596 0.037509 0.000010 0.764647
0.000010 0.042486 0.000010 0.094054 0.000010 0.025945 0.000010 0.000010 0.837466
0.000010 0.058398 0.079646 0.801085 0.000010 0.000010 0.017855 0.000010 0.042976
0.042234 0.219329 0.039044 0.134815 0.018732 0.099774 0.052170 0.048746 0.345155
0.034559 0.009733 0.055381 0.209468 0.004569 0.071965 0.080439 0.015563 0.518323
0.666927 0.000010 0.047376 0.000010 0.014586 0.014427 0.056639 0.025065 0.174961
0.017998 0.010791 0.000010 0.162902 0.006893 0.020999 0.000010 0.017236 0.763161
0.000010 0.056653 0.000010 0.097591 0.013294 0.022208 0.026213 0.024303 0.759718
0.000010 0.000010 0.000010 0.000010 0.999920 0.000010 0.000010 0.000010 0.000010
0.000010 0.000010 0.000010 0.000010 0.999920 0.000010 0.000010 0.000010 0.000010
0.018891 0.072617 0.007081 0.704209 0.000010 0.015735 0.004006 0.006601 0.170850
0.000010 0.000010 0.000010 0.731471 0.029515 0.000010 0.120545 0.000010 0.118418
0.000010 0.041912 0.024137 0.559670 0.021182 0.026360 0.024487 0.000010 0.302232
0.000010 0.060666 0.002924 0.597420 0.003134 0.000010 0.000010 0.000010 0.335817
0.000010 0.000010 0.000010 0.000010 0.999919 0.000011 0.000010 0.000010 0.000010
0.000010 0.000010 0.000010 0.000010 0.999920 0.000010 0.000010 0.000010 0.000010
0.000010 0.068257 0.000010 0.803240 0.011328 0.058150 0.002384 0.020946 0.035675
0.000010 0.102898 0.000010 0.841146 0.000010 0.008813 0.000010 0.002159 0.044943
0.000010 0.000010 0.000010 0.000010 0.999920 0.000010 0.000010 0.000010 0.000010
0.000018 0.000010 0.000010 0.000010 0.999912 0.000010 0.000010 0.000010 0.000010
0.000010 0.000010 0.000010 0.000010 0.999920 0.000010 0.000010 0.000010 0.000010
0.013150 0.033077 0.122248 0.718840 0.000010 0.000010 0.000010 0.064261 0.048394
0.000010 0.064847 0.000010 0.886027 0.000010 0.000010 0.028415 0.020661 0.000010
0.114130 0.042991 0.289967 0.206561 0.103676 0.045299 0.004339 0.000010 0.193027
0.047636 0.087290 0.000010 0.667549 0.039157 0.024977 0.000010 0.060921 0.072449
0.227009 0.000010 0.544613 0.027446 0.090375 0.015484 0.095042 0.000010 0.000010
0.082308 0.058837 0.000010 0.761436 0.034666 0.036517 0.026205 0.000010 0.000010
0.000010 0.000010 0.000010 0.000010 0.999920 0.000010 0.000010 0.000010 0.000010
0.033037 0.030401 0.000010 0.826722 0.003785 0.032610 0.000010 0.000010 0.073416
0.000010 0.128082 0.052089 0.571102 0.011200 0.000010 0.024558 0.025633 0.187316
0.000010 0.039323 0.041166 0.256985 0.531123 0.003320 0.056426 0.010552 0.061095
0.000010 0.009567 0.016251 0.046150 0.893619 0.000010 0.000010 0.011528 0.022855
0.000010 0.078920 0.022950 0.740961 0.000010 0.042967 0.025771 0.009987 0.078424
0.000010 0.000010 0.000010 0.000010 0.999920 0.000010 0.000010 0.000010 0.000010
0.000010 0.000010 0.000010 0.000010 0.999920 0.000010 0.000010 0.000010 0.000010
0.000010 0.000010 0.000010 0.000010 0.999920 0.000010 0.000010 0.000010 0.000010
0.000010 0.000010 0.000010 0.000010 0.999920 0.000010 0.000010 0.000010 0.000010
0.000010 0.000014 0.000010 0.000010 0.999916 0.000010 0.000010 0.000010 0.000010
0.008756 0.030589 0.000010 0.202370 0.000010 0.064234 0.046005 0.067571 0.580455
0.016295 0.036979 0.032080 0.111511 0.117559 0.082016 0.001341 0.029443 0.572777
0.000010 0.000010 0.034805 0.148054 0.131490 0.074769 0.097078 0.008119 0.505666
0.000010 0.000010 0.000010 0.000010 0.999920 0.000010 0.000010 0.000010 0.000010
0.000010 0.000010 0.639630 0.000010 0.360300 0.000010 0.000010 0.000010 0.000010
0.034750 0.000010 0.040862 0.313359 0.058057 0.000010 0.108391 0.091864 0.352696
0.000010 0.023122 0.000010 0.066279 0.000010 0.000010 0.223407 0.018655 0.668498
0.000010 0.049122 0.000010 0.199370 0.041406 0.035035 0.257144 0.044482 0.373421
0.002228 0.000010 0.000010 0.590252 0.000010 0.000010 0.142740 0.082121 0.182618
0.000010 0.000010 0.000010 0.624934 0.016860 0.000010 0.102012 0.095599 0.160556
0.000010 0.017876 0.030284 0.183143 0.002666 0.031210 0.052857 0.007295 0.674659
0.000010 0.010333 0.041664 0.535129 0.000010 0.000010 0.218092 0.094129 0.100622
0.000010 0.014858 0.000010 0.421303 0.055010 0.107777 0.134020 0.047405 0.219607
0.000010 0.088499 0.000010 0.125286 0.037600 0.000010 0.071904 0.001898 0.674783
0.013219 0.165361 0.000010 0.078655 0.047737 0.049256 0.049635 0.000010 0.596117
0.008044 0.000010 0.000010 0.521579 0.000010 0.019511 0.133022 0.070647 0.247167
0.024231 0.065795 0.000010 0.075808 0.004107 0.030553 0.300191 0.000010 0.499295
0.000010 0.105019 0.000010 0.238422 0.062668 0.271605 0.000010 0.036099 0.286157
0.207223 0.148788 0.489428 0.000010 0.000010 0.154512 0.000010 0.000010 0.000010
0.081782 0.026524 0.092501 0.344046 0.018105 0.000010 0.072154 0.232396 0.132482
0.014771 0.007750 0.011927 0.414636 0.034883 0.000010 0.166921 0.031974 0.317129
0.000010 0.164708 0.024713 0.123750 0.003689 0.003674 0.079902 0.218778 0.380776
0.006655 0.102711 0.000010 0.000010 0.000010 0.030389 0.092425 0.000010 0.767780
0.464711 0.000010 0.361263 0.041501 0.000010 0.007244 0.125241 0.000010 0.000010
0.112304 0.057420 0.370802 0.203977 0.090994 0.085509 0.071728 0.007256 0.000010
0.000010 0.000010 0.000010 0.199082 0.008569 0.024303 0.234241 0.058974 0.474802
0.000010 0.087160 0.000010 0.159269 0.000010 0.000010 0.095219 0.024067 0.634246
0.000010 0.000010 0.053964 0.039602 0.383885 0.000010 0.009659 0.000010 0.512849
0.031935 0.016621 0.049177 0.272248 0.007194 0.050022 0.070727 0.022084 0.479992
0.048145 0.000010 0.168930 0.000010 0.713549 0.030281 0.000010 0.022316 0.016750
0.000010 0.016973 0.014430 0.397418 0.038739 0.000010 0.096437 0.027728 0.408255
0.053993 0.101166 0.416660 0.218182 0.010973 0.083934 0.074951 0.040131 0.000010
0.000010 0.041735 0.000010 0.012914 0.000010 0.041737 0.100726 0.024707 0.778151
0.000010 0.024470 0.000010 0.000010 0.000010 0.000010 0.048807 0.000010 0.926663
0.000010 0.060238 0.030330 0.021977 0.000010 0.000010 0.063775 0.028448 0.795203
0.000010 0.067570 0.000010 0.170155 0.000010 0.003611 0.042481 0.000010 0.716143
0.732586 0.009778 0.098926 0.096607 0.000010 0.000010 0.013826 0.037329 0.010927
0.000010 0.136351 0.000010 0.775394 0.004820 0.000010 0.078666 0.004730 0.000010
0.034859 0.285060 0.400825 0.000010 0.000010 0.265936 0.000010 0.013280 0.000010
0.000010 0.064360 0.094540 0.703661 0.004100 0.000010 0.001435 0.000010 0.131874
0.000010 0.038902 0.000010 0.300009 0.019854 0.066833 0.089364 0.132951 0.352066
0.000010 0.044113 0.000010 0.836649 0.000010 0.000010 0.069606 0.049582 0.000010
0.000010 0.047642 0.069005 0.695377 0.013899 0.000010 0.117161 0.000010 0.056887
0.042334 0.262578 0.384361 0.000010 0.000010 0.296817 0.000010 0.013871 0.000010
0.000010 0.000010 0.000010 0.150005 0.000010 0.011523 0.000010 0.006571 0.831850
0.033452 0.000010 0.000010 0.120350 0.000010 0.000010 0.000010 0.000010 0.846139
0.000010 0.137999 0.050273 0.571832 0.025979 0.044326 0.045584 0.103190 0.020809
0.000010 0.016068 0.000010 0.079411 0.000010 0.000010 0.000010 0.000010 0.904460
0.029404 0.110470 0.101522 0.616945 0.014201 0.000010 0.000010 0.057134 0.070304
0.708653 0.012934 0.136977 0.039108 0.000010 0.080625 0.000010 0.021414 0.000269
0.000010 0.999920 0.000010 0.000010 0.000010 0.000010 0.000010 0.000010 0.000010
0.992340 0.007590 0.000010 0.000010 0.000010 0.000010 0.000010 0.000010 0.000010
0.518758 0.011900 0.212826 0.223328 0.007021 0.000010 0.000010 0.026136 0.000010
0.018411 0.035164 0.214216 0.269317 0.368838 0.094023 0.000010 0.000010 0.000010
0.843840 0.000010 0.016649 0.086190 0.035472 0.003789 0.000010 0.014030 0.000010
0.000010 0.000010 0.000010 0.000010 0.999920 0.000010 0.000010 0.000010 0.000010
0.000010 0.002393 0.010720 0.285042 0.000010 0.024105 0.000010 0.012112 0.665598
0.019678 0.081027 0.063467 0.761089 0.011288 0.000535 0.021674 0.041232 0.000010
0.032229 0.004210 0.041033 0.696188 0.027198 0.058945 0.000010 0.040233 0.099953
0.000010 0.000010 0.090816 0.000010 0.865901 0.014138 0.000010 0.000010 0.029095
0.000010 0.000010 0.049838 0.053701 0.009895 0.014338 0.034684 0.495805 0.341718
0.160651 0.051260 0.271071 0.281148 0.056338 0.059142 0.117910 0.002470 0.000010
0.000010 0.230161 0.264089 0.390955 0.000010 0.050902 0.063853 0.000010 0.000010
0.000010 0.004689 0.068500 0.628084 0.041370 0.065076 0.056831 0.081781 0.053659
0.000010 0.002097 0.009941 0.724565 0.052256 0.051671 0.008305 0.029939 0.121216
0.010030 0.146347 0.046300 0.374924 0.066135 0.060024 0.084276 0.013697 0.198267
0.010169 0.093177 0.060620 0.634485 0.021209 0.000010 0.068906 0.062336 0.049088
0.034698 0.002971 0.176580 0.018938 0.740745 0.000010 0.000010 0.026038 0.000010
0.058998 0.004884 0.143797 0.033868 0.691788 0.001254 0.000010 0.027256 0.038146
0.010297 0.000010 0.048791 0.061352 0.821055 0.019012 0.022317 0.017156 0.000010
0.000010 0.065091 0.386299 0.355492 0.000010 0.119337 0.027936 0.006260 0.039565
0.000010 0.068502 0.297955 0.000010 0.000010 0.633482 0.000010 0.000010 0.000010
0.623298 0.048800 0.055154 0.272698 0.000010 0.000010 0.000010 0.000010 0.000010
0.220479 0.109856 0.392919 0.059059 0.000010 0.175772 0.026228 0.015667 0.000010
0.000010 0.000010 0.000010 0.000010 0.000010 0.000010 0.000010 0.000010 0.999920
0.000010 0.006212 0.000010 0.032904 0.141448 0.007603 0.069643 0.039387 0.702782
0.000010 0.000010 0.004171 0.234865 0.000010 0.000010 0.449973 0.059950 0.251001
