0.000010 0.000010 0.032889 0.000010 0.007430 0.000010 0.000010 0.013085 0.482422 0.364204 0.043028 0.000010 0.000010 0.056820 0.000010 0.000010 0.000010 0.000010 0.000010
0.000010 0.000010 0.000010 0.005093 0.000010 0.000010 0.000010 0.000010 0.847567 0.119508 0.000010 0.000010 0.000010 0.008975 0.000010 0.000010 0.000010 0.000010 0.018716
0.042145 0.076742 0.000010 0.000010 0.295500 0.000010 0.000010 0.000010 0.195478 0.322907 0.067098 0.000010 0.000010 0.000010 0.000010 0.000010 0.000010 0.000010 0.000010
0.000010 0.060397 0.817893 0.000010 0.000010 0.000010 0.000010 0.121550 0.000010 0.000010 0.000010 0.000010 0.000010 0.000010 0.000010 0.000010 0.000010 0.000010 0.000010
0.029668 0.000010 0.000010 0.000010 0.235490 0.063664 0.000010 0.000010 0.515403 0.118200 0.000010 0.000010 0.000010 0.000010 0.000010 0.000010 0.000010 0.000010 0.037445
0.002840 0.026310 0.002779 0.000010 0.017508 0.016884 0.000010 0.000010 0.141620 0.701331 0.000010 0.000010 0.001077 0.063339 0.000010 0.000010 0.000010 0.000010 0.026223
0.000010 0.000010 0.171474 0.000010 0.000010 0.000010 0.000010 0.606161 0.000010 0.222205 0.000010 0.000010 0.000010 0.000010 0.000010 0.000010 0.000010 0.000010 0.000010
0.000010 0.000010 0.000010 0.000010 0.000010 0.000010 0.000010 0.000010 0.051617 0.896314 0.000010 0.000010 0.022919 0.000010 0.000010 0.000010 0.029001 0.000010 0.000010
0.000010 0.000010 0.023464 0.000010 0.000010 0.033779 0.007864 0.012858 0.670978 0.005434 0.000010 0.000010 0.074393 0.171120 0.000010 0.000010 0.000010 0.000010 0.000010
0.000010 0.000010 0.000010 0.000010 0.000010 0.000010 0.000010 0.009901 0.064284 0.848599 0.000010 0.000010 0.062631 0.014445 0.000010 0.000010 0.000010 0.000010 0.000010
0.000010 0.000010 0.000010 0.000010 0.000010 0.254496 0.000010 0.000010 0.114470 0.503506 0.035181 0.000010 0.058209 0.019474 0.000010 0.000010 0.014545 0.000010 0.000010
0.000010 0.000010 0.000010 0.000010 0.020325 0.056049 0.002359 0.000010 0.442741 0.266789 0.000010 0.000010 0.000010 0.162991 0.012495 0.000010 0.006906 0.000010 0.029245
0.000010 0.680723 0.000010 0.000010 0.000010 0.000010 0.066431 0.000010 0.000010 0.000010 0.000010 0.000010 0.006726 0.205706 0.000010 0.000010 0.038399 0.000010 0.001886
0.000010 0.190388 0.377954 0.000010 0.000010 0.000010 0.000015 0.123090 0.000010 0.000010 0.000010 0.000010 0.000010 0.308413 0.000010 0.000010 0.000010 0.000010 0.000010
0.008286 0.000010 0.001103 0.000010 0.000010 0.031774 0.000010 0.006451 0.051874 0.873684 0.000010 0.000010 0.011643 0.000010 0.003783 0.000010 0.000010 0.000010 0.011301
0.000010 0.002861 0.000010 0.000010 0.117185 0.000010 0.000892 0.000010 0.459449 0.265436 0.062917 0.000010 0.014623 0.027337 0.009729 0.000010 0.000010 0.000010 0.039481
0.000010 0.000010 0.025645 0.000010 0.125526 0.083905 0.000010 0.000010 0.101452 0.600572 0.031186 0.000010 0.031595 0.000010 0.000010 0.000010 0.000010 0.000010 0.000010
0.000010 0.000010 0.100903 0.000010 0.000010 0.000010 0.000010 0.479595 0.000010 0.419342 0.000010 0.000010 0.000010 0.000010 0.000010 0.000010 0.000010 0.000010 0.000010
0.005097 0.000010 0.000010 0.000010 0.000010 0.034980 0.000010 0.000010 0.000010 0.211247 0.015669 0.000010 0.699853 0.000010 0.000010 0.000010 0.033025 0.000010 0.000010
0.000010 0.000010 0.000010 0.171983 0.000010 0.000010 0.000010 0.000010 0.000010 0.000010 0.000010 0.000010 0.000010 0.000010 0.827847 0.000010 0.000010 0.000010 0.000010
0.000010 0.000010 0.000010 0.000010 0.000010 0.000010 0.000010 0.000010 0.000010 0.000010 0.000010 0.000010 0.000010 0.000010 0.999820 0.000010 0.000010 0.000010 0.000010
0.000010 0.000010 0.000010 0.999820 0.000010 0.000010 0.000010 0.000010 0.000010 0.000010 0.000010 0.000010 0.000010 0.000010 0.000010 0.000010 0.000010 0.000010 0.000010
0.000010 0.000010 0.000010 0.085362 0.000010 0.000010 0.000010 0.000010 0.000010 0.028243 0.000010 0.000010 0.000010 0.000010 0.874846 0.000010 0.011400 0.000010 0.000010
0.000010 0.341165 0.644763 0.000010 0.000010 0.000010 0.000010 0.000010 0.000010 0.013912 0.000010 0.000010 0.000010 0.000010 0.000010 0.000010 0.000010 0.000010 0.000010
0.000010 0.000010 0.000010 0.000010 0.000010 0.000010 0.000010 0.000010 0.000010 0.000010 0.000010 0.000010 0.999820 0.000010 0.000010 0.000010 0.000010 0.000010 0.000010
0.000010 0.000010 0.000010 0.000010 0.000010 0.000010 0.000010 0.000010 0.000010 0.000010 0.000010 0.000010 0.000010 0.000010 0.999820 0.000010 0.000010 0.000010 0.000010
0.000010 0.000010 0.000012 0.000010 0.418106 0.000010 0.015550 0.000010 0.566182 0.000010 0.000010 0.000010 0.000010 0.000010 0.000010 0.000010 0.000010 0.000010 0.000010
0.000010 0.000010 0.000010 0.212773 0.000010 0.000010 0.000010 0.000010 0.000010 0.000010 0.000010 0.000010 0.000010 0.000010 0.787057 0.000010 0.000010 0.000010 0.000010
0.000010 0.005368 0.032818 0.000010 0.053603 0.000010 0.027100 0.000010 0.320289 0.036709 0.060032 0.000010 0.011579 0.438989 0.013423 0.000010 0.000010 0.000010 0.000010
0.000010 0.050426 0.019764 0.000010 0.000010 0.000010 0.000010 0.015316 0.357184 0.029144 0.000010 0.000010 0.000010 0.528035 0.000010 0.000010 0.000010 0.000010 0.000010
0.000010 0.000010 0.000010 0.000010 0.000010 0.000010 0.000010 0.000010 0.000010 0.000010 0.000010 0.000010 0.023244 0.964021 0.000010 0.000010 0.012575 0.000010 0.000010
0.000010 0.070622 0.000010 0.000010 0.000010 0.003734 0.021290 0.000010 0.587813 0.000010 0.000010 0.000010 0.017087 0.294091 0.000010 0.000010 0.000010 0.005243 0.000010
0.000010 0.990066 0.000010 0.000010 0.000010 0.000010 0.000010 0.000010 0.000010 0.009764 0.000010 0.000010 0.000010 0.000010 0.000010 0.000010 0.000010 0.000010 0.000010
0.000010 0.225680 0.000010 0.000010 0.000257 0.000010 0.055516 0.000010 0.246271 0.000010 0.000010 0.000010 0.125412 0.266210 0.000010 0.004010 0.008843 0.045784 0.021927
0.000010 0.022522 0.000010 0.000010 0.000010 0.000010 0.006310 0.000010 0.534875 0.085485 0.000010 0.000010 0.047035 0.000010 0.000010 0.000010 0.294507 0.000010 0.009146
0.000010 0.145081 0.323501 0.000010 0.000010 0.310997 0.000010 0.000010 0.130431 0.080555 0.000010 0.000010 0.006977 0.002338 0.000010 0.000010 0.000010 0.000010 0.000010
0.000010 0.212362 0.367947 0.000010 0.000010 0.220138 0.000010 0.000010 0.000010 0.199402 0.000010 0.000010 0.000010 0.000010 0.000010 0.000010 0.000010 0.000010 0.000010
0.000010 0.000010 0.000010 0.000010 0.000010 0.000010 0.000010 0.000010 0.000010 0.000010 0.000010 0.999820 0.000010 0.000010 0.000010 0.000010 0.000010 0.000010 0.000010
0.000010 0.000010 0.025076 0.000010 0.000010 0.000010 0.047652 0.000010 0.715508 0.000010 0.000010 0.000010 0.038310 0.173314 0.000010 0.000010 0.000010 0.000010 0.000010
0.028405 0.000010 0.000010 0.000010 0.000010 0.000010 0.046851 0.000010 0.136532 0.036876 0.000010 0.000010 0.000010 0.721981 0.000010 0.006783 0.000010 0.000010 0.022453
0.000010 0.000010 0.000010 0.000010 0.000010 0.000010 0.000010 0.000010 0.000010 0.999820 0.000010 0.000010 0.000010 0.000010 0.000010 0.000010 0.000010 0.000010 0.000010
0.000010 0.000010 0.016553 0.000010 0.004062 0.000010 0.024483 0.000010 0.335017 0.163542 0.000010 0.000010 0.033551 0.341815 0.000010 0.000010 0.000010 0.003892 0.076985
0.000010 0.000010 0.000010 0.000010 0.400497 0.000010 0.000010 0.000010 0.000010 0.599333 0.000010 0.000010 0.000010 0.000010 0.000010 0.000010 0.000010 0.000010 0.000010
0.000010 0.000010 0.000010 0.000010 0.294569 0.000010 0.000010 0.000010 0.000010 0.705261 0.000010 0.000010 0.000010 0.000010 0.000010 0.000010 0.000010 0.000010 0.000010
0.000010 0.000010 0.000010 0.000010 0.000010 0.000010 0.675879 0.000010 0.000010 0.000010 0.000010 0.000010 0.053553 0.270408 0.000010 0.000010 0.000010 0.000010 0.000010
0.000010 0.000010 0.000010 0.000010 0.000010 0.000010 0.000010 0.000010 0.000010 0.000010 0.000010 0.273909 0.000010 0.000010 0.719616 0.000010 0.000010 0.000010 0.006314
0.000220 0.000010 0.000010 0.028422 0.000010 0.000010 0.000010 0.000010 0.000010 0.000010 0.000010 0.238448 0.000010 0.000010 0.706299 0.000010 0.002251 0.000010 0.024230
0.000010 0.036429 0.000010 0.030543 0.003252 0.005314 0.083797 0.000010 0.082552 0.000010 0.000010 0.119509 0.000010 0.069972 0.282522 0.108910 0.024953 0.108076 0.044110
0.075564 0.185798 0.000010 0.000010 0.070046 0.007965 0.106609 0.000010 0.230389 0.000010 0.022007 0.011339 0.028587 0.088113 0.000010 0.000010 0.023661 0.016414 0.133448
0.000010 0.168195 0.007904 0.000010 0.028553 0.000010 0.113421 0.000010 0.297979 0.005226 0.000010 0.000010 0.092803 0.120219 0.019144 0.000010 0.018265 0.009418 0.118803
0.999820 0.000010 0.000010 0.000010 0.000010 0.000010 0.000010 0.000010 0.000010 0.000010 0.000010 0.000010 0.000010 0.000010 0.000010 0.000010 0.000010 0.000010 0.000010
0.017030 0.271695 0.000010 0.031338 0.000010 0.000010 0.057873 0.006796 0.157143 0.000010 0.000010 0.000010 0.129288 0.243007 0.027916 0.000010 0.000010 0.008223 0.049611
0.999820 0.000010 0.000010 0.000010 0.000010 0.000010 0.000010 0.000010 0.000010 0.000010 0.000010 0.000010 0.000010 0.000010 0.000010 0.000010 0.000010 0.000010 0.000010
0.000010 0.206694 0.000010 0.000010 0.051414 0.034957 0.135801 0.000010 0.244413 0.000010 0.000010 0.000010 0.050508 0.115595 0.000010 0.000010 0.048881 0.018983 0.092664
0.009514 0.283001 0.000010 0.000010 0.057180 0.000010 0.080928 0.000010 0.009571 0.000010 0.000010 0.000010 0.135100 0.302007 0.000010 0.018193 0.008623 0.031928 0.063874
0.000010 0.000010 0.000010 0.000010 0.000010 0.000010 0.000010 0.000010 0.000010 0.000010 0.000010 0.000010 0.000010 0.000010 0.000010 0.000010 0.999820 0.000010 0.000010
0.000010 0.000010 0.004191 0.000010 0.128579 0.000010 0.009141 0.000010 0.000010 0.838548 0.000010 0.000010 0.002372 0.000010 0.000010 0.000010 0.017038 0.000010 0.000010
0.000010 0.077405 0.009892 0.000010 0.000010 0.000010 0.000010 0.000010 0.687969 0.000010 0.000010 0.000010 0.031148 0.178132 0.000010 0.000010 0.000010 0.015325 0.000010
0.020348 0.000010 0.000010 0.000010 0.000010 0.000010 0.000010 0.000010 0.620657 0.000010 0.041481 0.000010 0.044397 0.272977 0.000010 0.000010 0.000010 0.000010 0.000010
0.019478 0.013141 0.000010 0.000010 0.000010 0.040648 0.019635 0.110733 0.061979 0.624335 0.075690 0.000010 0.000010 0.030135 0.000010 0.000010 0.000010 0.000010 0.004136
0.011387 0.000010 0.000010 0.000010 0.000010 0.000010 0.017555 0.000010 0.164926 0.000010 0.000010 0.000010 0.000010 0.805982 0.000010 0.000010 0.000010 0.000010 0.000010
0.000010 0.000010 0.006359 0.000010 0.000010 0.000010 0.029857 0.000010 0.466966 0.007798 0.073217 0.000010 0.000010 0.385232 0.000010 0.000010 0.009213 0.021248 0.000010
0.002125 0.000010 0.000010 0.000010 0.000010 0.000010 0.009705 0.000010 0.154338 0.402901 0.050205 0.000010 0.057969 0.263223 0.014154 0.000010 0.000485 0.000010 0.044803
0.003095 0.000010 0.022012 0.000010 0.000010 0.000010 0.000010 0.000010 0.470672 0.000010 0.001214 0.000010 0.000010 0.488482 0.000010 0.000010 0.000010 0.014394 0.000010
0.000010 0.026287 0.018754 0.000010 0.000010 0.000010 0.039413 0.000010 0.464254 0.003598 0.060067 0.000010 0.052596 0.260455 0.000010 0.000010 0.036478 0.001486 0.036532
0.029031 0.229026 0.186575 0.000010 0.000010 0.067880 0.000010 0.000010 0.000010 0.200138 0.000010 0.009175 0.000010 0.030270 0.000010 0.000010 0.087603 0.000010 0.160201
0.000010 0.000010 0.212049 0.000010 0.000010 0.000010 0.000010 0.000010 0.000010 0.000010 0.000010 0.610759 0.000010 0.000010 0.000010 0.000010 0.000010 0.177032 0.000010
0.000010 0.219778 0.641443 0.000010 0.131901 0.000010 0.000010 0.000010 0.000010 0.000010 0.000010 0.000010 0.000010 0.000010 0.000010 0.000010 0.006728 0.000010 0.000010
0.000010 0.000010 0.000010 0.000010 0.086644 0.000010 0.002987 0.000010 0.000010 0.865622 0.021282 0.000010 0.000010 0.000010 0.000010 0.000010 0.023324 0.000010 0.000010
0.000010 0.302148 0.000010 0.000010 0.047318 0.000010 0.060771 0.000010 0.040287 0.000010 0.049819 0.000010 0.140492 0.259531 0.000010 0.000010 0.025148 0.000010 0.074386
0.055363 0.253390 0.000010 0.000010 0.002773 0.000010 0.036827 0.000010 0.288945 0.000010 0.016823 0.000010 0.123858 0.128368 0.000010 0.000010 0.000010 0.022077 0.071486
0.024012 0.211030 0.000010 0.000010 0.049538 0.000010 0.076483 0.000010 0.063245 0.050604 0.082419 0.000010 0.181197 0.020583 0.000010 0.000010 0.038682 0.000010 0.202127
0.000010 0.000010 0.000010 0.000010 0.000010 0.000010 0.000010 0.000010 0.850102 0.000010 0.017931 0.000010 0.021461 0.000010 0.000010 0.000010 0.110355 0.000010 0.000010
0.032071 0.014760 0.002630 0.000010 0.000010 0.000010 0.000010 0.000010 0.586092 0.000010 0.033780 0.000010 0.000010 0.320555 0.000010 0.000010 0.000010 0.000010 0.009992
0.000010 0.000010 0.004112 0.000010 0.017405 0.000010 0.005596 0.002073 0.788722 0.022823 0.000010 0.000010 0.089930 0.000010 0.000010 0.000010 0.062212 0.007027 0.000010
0.000010 0.052931 0.000010 0.000010 0.000010 0.000010 0.037512 0.000010 0.350312 0.000010 0.000010 0.000010 0.036773 0.483181 0.000010 0.000010 0.033686 0.000010 0.005485
0.004258 0.000010 0.048921 0.000010 0.000010 0.000010 0.000010 0.000010 0.234485 0.000010 0.000010 0.000010 0.000010 0.698886 0.000010 0.000010 0.010638 0.000010 0.002682
0.039149 0.000010 0.000010 0.013791 0.000010 0.014660 0.000010 0.000010 0.396250 0.000010 0.045061 0.000010 0.076032 0.408239 0.000010 0.000010 0.000010 0.000010 0.006707
0.000010 0.000010 0.000010 0.000010 0.000010 0.000010 0.000010 0.000010 0.000010 0.000010 0.000010 0.999817 0.000010 0.000010 0.000010 0.000010 0.000010 0.000013 0.000010
0.038661 0.000010 0.019043 0.000010 0.000010 0.000010 0.000010 0.000010 0.631101 0.000010 0.008899 0.000010 0.000010 0.283710 0.000010 0.000010 0.000010 0.000010 0.018455
0.005643 0.016086 0.003559 0.000010 0.000250 0.060724 0.002195 0.000010 0.083284 0.000010 0.049112 0.000010 0.001959 0.678268 0.000010 0.000010 0.029514 0.000010 0.069335
0.011591 0.000010 0.000010 0.000010 0.010783 0.170949 0.000010 0.000010 0.238774 0.560483 0.000010 0.000010 0.000010 0.000011 0.000010 0.000010 0.007289 0.000010 0.000010
0.000010 0.000017 0.019190 0.000010 0.005859 0.222563 0.000010 0.000010 0.164547 0.546954 0.000010 0.000010 0.005433 0.000010 0.000010 0.000010 0.015703 0.000010 0.019635
0.000010 0.000010 0.000010 0.000010 0.000010 0.004252 0.000010 0.000010 0.253495 0.000010 0.000010 0.000010 0.000010 0.000010 0.000010 0.000010 0.742093 0.000010 0.000010
0.031246 0.000010 0.000010 0.000010 0.039067 0.000010 0.000010 0.172817 0.000010 0.689747 0.046569 0.000010 0.000010 0.020423 0.000010 0.000010 0.000010 0.000010 0.000010
0.000010 0.000010 0.000010 0.000010 0.000010 0.000010 0.000010 0.000010 0.000010 0.000010 0.000010 0.999820 0.000010 0.000010 0.000010 0.000010 0.000010 0.000010 0.000010
0.082582 0.000010 0.000010 0.000010 0.000010 0.000010 0.010392 0.000010 0.000010 0.000010 0.000010 0.000010 0.000010 0.043181 0.770706 0.064540 0.028469 0.000010 0.000010
0.000010 0.000010 0.000010 0.000010 0.014340 0.602391 0.000010 0.000010 0.000010 0.292425 0.011805 0.000010 0.000010 0.040734 0.000010 0.000010 0.038175 0.000010 0.000010
0.000010 0.025391 0.013563 0.000010 0.258413 0.027336 0.024108 0.000010 0.252235 0.118392 0.000010 0.000010 0.000010 0.178337 0.000010 0.000010 0.062811 0.028820 0.010514
0.073424 0.000010 0.016757 0.081770 0.000010 0.000010 0.030816 0.000010 0.000010 0.000010 0.000010 0.000010 0.000010 0.000010 0.793404 0.000010 0.000010 0.003700 0.000010
0.000010 0.000010 0.000010 0.071116 0.000010 0.000010 0.000010 0.000010 0.029989 0.003827 0.000010 0.000010 0.000010 0.050199 0.747424 0.035562 0.027619 0.000010 0.034154
0.028261 0.000010 0.008737 0.000010 0.000010 0.000010 0.000010 0.000010 0.013904 0.000010 0.000010 0.030549 0.000010 0.073568 0.775481 0.054756 0.000010 0.000010 0.014633
0.003629 0.000010 0.000010 0.013853 0.076822 0.000010 0.000010 0.000010 0.000010 0.000010 0.000010 0.000010 0.000010 0.010599 0.860068 0.013210 0.000010 0.000010 0.021699
0.031020 0.003634 0.000010 0.092758 0.000010 0.000010 0.032423 0.000010 0.003753 0.000010 0.000010 0.031417 0.003945 0.000010 0.769989 0.000010 0.000010 0.000010 0.030960
0.009908 0.000010 0.028055 0.020697 0.284753 0.059063 0.000010 0.033399 0.150261 0.072005 0.026937 0.000010 0.000010 0.045994 0.232335 0.000010 0.014609 0.000010 0.021924
0.000010 0.000010 0.000010 0.000010 0.000010 0.000010 0.999820 0.000010 0.000010 0.000010 0.000010 0.000010 0.000010 0.000010 0.000010 0.000010 0.000010 0.000010 0.000010
0.000010 0.000010 0.000010 0.000010 0.000010 0.000010 0.999820 0.000010 0.000010 0.000010 0.000010 0.000010 0.000010 0.000010 0.000010 0.000010 0.000010 0.000010 0.000010
0.000010 0.028045 0.000010 0.000010 0.101593 0.357911 0.023251 0.000010 0.341478 0.096218 0.035674 0.000010 0.002870 0.000010 0.000010 0.000010 0.009285 0.000010 0.003585
0.000010 0.000010 0.031088 0.017492 0.000010 0.120189 0.000010 0.000010 0.000010 0.725785 0.048471 0.000010 0.000010 0.047517 0.000010 0.000010 0.000010 0.000010 0.009338
0.000010 0.000010 0.000010 0.000011 0.000010 0.000010 0.999819 0.000010 0.000010 0.000010 0.000010 0.000010 0.000010 0.000010 0.000010 0.000010 0.000010 0.000010 0.000010
0.000010 0.000010 0.000010 0.000010 0.262083 0.000010 0.000010 0.000010 0.716623 0.000010 0.000010 0.000010 0.000010 0.000010 0.000010 0.000010 0.021134 0.000010 0.000010
0.000010 0.000010 0.000010 0.000010 0.000010 0.000010 0.999820 0.000010 0.000010 0.000010 0.000010 0.000010 0.000010 0.000010 0.000010 0.000010 0.000010 0.000010 0.000010
0.000010 0.000010 0.000010 0.000010 0.065656 0.075787 0.037019 0.000010 0.663323 0.119681 0.002356 0.000010 0.002466 0.000010 0.000010 0.000010 0.033601 0.000010 0.000010
0.000010 0.000010 0.999818 0.000010 0.000010 0.000010 0.000010 0.000010 0.000010 0.000010 0.000010 0.000010 0.000010 0.000010 0.000010 0.000011 0.000010 0.000010 0.000010
0.003503 0.000010 0.003309 0.000010 0.000010 0.267835 0.000010 0.000010 0.116925 0.593976 0.000010 0.000010 0.014321 0.000010 0.000010 0.000010 0.000010 0.000010 0.000010
0.000010 0.000010 0.429070 0.000010 0.000010 0.000010 0.570760 0.000010 0.000010 0.000010 0.000010 0.000010 0.000010 0.000010 0.000010 0.000010 0.000010 0.000010 0.000010
0.000010 0.000010 0.000010 0.000010 0.000010 0.999820 0.000010 0.000010 0.000010 0.000010 0.000010 0.000010 0.000010 0.000010 0.000010 0.000010 0.000010 0.000010 0.000010
0.000010 0.000010 0.000010 0.000010 0.230760 0.000010 0.050089 0.016901 0.672956 0.000010 0.000010 0.000010 0.000010 0.000010 0.000010 0.000010 0.029154 0.000010 0.000010
0.000010 0.000010 0.013929 0.000010 0.081146 0.021123 0.028056 0.000484 0.642811 0.138329 0.000010 0.000010 0.022856 0.000010 0.000010 0.000010 0.015934 0.000010 0.035243
0.000010 0.012090 0.000010 0.000010 0.000010 0.032064 0.008599 0.000010 0.129461 0.800549 0.015120 0.000010 0.000010 0.000010 0.001997 0.000010 0.000010 0.000010 0.000010
0.341717 0.067196 0.000010 0.035146 0.037111 0.000010 0.052394 0.000010 0.071506 0.000010 0.000010 0.000010 0.085941 0.091220 0.000010 0.028736 0.005593 0.000010 0.183360
0.000010 0.011570 0.000010 0.000010 0.049166 0.026267 0.000010 0.000010 0.272722 0.494447 0.086078 0.000010 0.000416 0.034941 0.000010 0.000010 0.011663 0.000010 0.012640
0.011391 0.000010 0.000010 0.000010 0.096128 0.024956 0.000010 0.000010 0.099021 0.734269 0.000010 0.000010 0.000010 0.019775 0.000010 0.000010 0.014341 0.000010 0.000010
0.000010 0.000010 0.004659 0.000010 0.000010 0.095582 0.006125 0.000010 0.000010 0.828728 0.000010 0.000010 0.000010 0.064766 0.000010 0.000010 0.000010 0.000010 0.000010
0.000010 0.000010 0.000010 0.000010 0.081586 0.013170 0.019468 0.000010 0.711697 0.054478 0.014748 0.000010 0.000010 0.045608 0.000010 0.000010 0.052729 0.006415 0.000010
0.000010 0.000010 0.000010 0.000010 0.000010 0.999820 0.000010 0.000010 0.000010 0.000010 0.000010 0.000010 0.000010 0.000010 0.000010 0.000010 0.000010 0.000010 0.000010
0.000010 0.000010 0.999819 0.000010 0.000010 0.000010 0.000010 0.000010 0.000011 0.000010 0.000010 0.000010 0.000010 0.000010 0.000010 0.000010 0.000010 0.000010 0.000010
0.000018 0.000010 0.999812 0.000010 0.000010 0.000010 0.000010 0.000010 0.000010 0.000010 0.000010 0.000010 0.000010 0.000010 0.000010 0.000010 0.000010 0.000010 0.000010
0.000010 0.000010 0.000010 0.000010 0.000010 0.101483 0.003709 0.000010 0.161841 0.714595 0.000010 0.000010 0.000010 0.000010 0.000010 0.000010 0.018232 0.000010 0.000010
0.000010 0.000010 0.999818 0.000010 0.000010 0.000011 0.000010 0.000010 0.000010 0.000010 0.000010 0.000010 0.000011 0.000010 0.000010 0.000010 0.000010 0.000010 0.000010
0.000010 0.000010 0.000010 0.000010 0.330440 0.000010 0.000010 0.000010 0.000010 0.669390 0.000010 0.000010 0.000010 0.000010 0.000010 0.000010 0.000010 0.000010 0.000010
0.001866 0.000010 0.000010 0.000010 0.000010 0.000010 0.000010 0.000010 0.000010 0.997964 0.000010 0.000010 0.000010 0.000010 0.000010 0.000010 0.000010 0.000010 0.000010
0.000010 0.000010 0.999820 0.000010 0.000010 0.000010 0.000010 0.000010 0.000010 0.000010 0.000010 0.000010 0.000010 0.000010 0.000010 0.000010 0.000010 0.000010 0.000010
0.000010 0.000010 0.999820 0.000010 0.000010 0.000010 0.000010 0.000010 0.000010 0.000010 0.000010 0.000010 0.000010 0.000010 0.000010 0.000010 0.000010 0.000010 0.000010
0.000010 0.000010 0.999818 0.000010 0.000010 0.000010 0.000010 0.000010 0.000012 0.000010 0.000010 0.000010 0.000010 0.000010 0.000010 0.000010 0.000010 0.000010 0.000010
0.000010 0.000010 0.999820 0.000010 0.000010 0.000010 0.000010 0.000010 0.000010 0.000010 0.000010 0.000010 0.000010 0.000010 0.000010 0.000010 0.000010 0.000010 0.000010
0.000010 0.159433 0.800345 0.000010 0.000010 0.000010 0.000010 0.028071 0.012001 0.000010 0.000010 0.000010 0.000010 0.000010 0.000010 0.000010 0.000010 0.000010 0.000010
0.027891 0.000010 0.000010 0.000010 0.000010 0.000010 0.000010 0.000010 0.930438 0.041511 0.000010 0.000010 0.000010 0.000010 0.000010 0.000010 0.000010 0.000010 0.000010
0.000010 0.000012 0.001880 0.000010 0.000010 0.000010 0.000010 0.000010 0.970677 0.027281 0.000010 0.000010 0.000010 0.000010 0.000010 0.000010 0.000010 0.000010 0.000010
0.000010 0.000010 0.999819 0.000010 0.000010 0.000010 0.000010 0.000010 0.000010 0.000010 0.000011 0.000010 0.000010 0.000010 0.000010 0.000010 0.000010 0.000010 0.000010
0.000010 0.000010 0.061973 0.000010 0.050650 0.000010 0.000010 0.306559 0.024283 0.400383 0.113994 0.000010 0.000010 0.000010 0.000010 0.000010 0.000010 0.000010 0.042039
0.000010 0.000010 0.009194 0.000010 0.061420 0.321487 0.016052 0.000010 0.000010 0.546970 0.000010 0.000010 0.000010 0.000010 0.000010 0.000010 0.044747 0.000010 0.000010
0.000010 0.000010 0.999820 0.000010 0.000010 0.000010 0.000010 0.000010 0.000010 0.000010 0.000010 0.000010 0.000010 0.000010 0.000010 0.000010 0.000010 0.000010 0.000010
0.013293 0.038471 0.943363 0.000010 0.000010 0.000010 0.000010 0.000010 0.000010 0.000010 0.000010 0.000010 0.000010 0.000010 0.000010 0.000010 0.000010 0.000010 0.004723
0.000010 0.000010 0.999820 0.000010 0.000010 0.000010 0.000010 0.000010 0.000010 0.000010 0.000010 0.000010 0.000010 0.000010 0.000010 0.000010 0.000010 0.000010 0.000010
0.000010 0.060342 0.000010 0.000010 0.101602 0.032834 0.014543 0.000010 0.333450 0.075908 0.074916 0.000010 0.021085 0.052905 0.000010 0.000010 0.232324 0.000010 0.000010
0.000010 0.000010 0.000010 0.000010 0.000010 0.000010 0.000010 0.000010 0.983985 0.015845 0.000010 0.000010 0.000010 0.000010 0.000010 0.000010 0.000010 0.000010 0.000010
0.000010 0.000010 0.000010 0.000010 0.009933 0.000010 0.000010 0.000010 0.892509 0.060927 0.000010 0.000010 0.000010 0.000010 0.000010 0.000010 0.008931 0.000010 0.027560
0.000010 0.000010 0.000010 0.000010 0.000010 0.000010 0.000010 0.000010 0.981320 0.000010 0.000010 0.000010 0.005100 0.000010 0.000010 0.000010 0.013420 0.000010 0.000010
0.000010 0.142370 0.857460 0.000010 0.000010 0.000010 0.000010 0.000010 0.000010 0.000010 0.000010 0.000010 0.000010 0.000010 0.000010 0.000010 0.000010 0.000010 0.000010
0.000010 0.000010 0.243014 0.179028 0.000010 0.000010 0.000010 0.000010 0.000010 0.000010 0.000010 0.229696 0.000010 0.000010 0.034369 0.000010 0.000010 0.313753 0.000010
0.000010 0.000010 0.999820 0.000010 0.000010 0.000010 0.000010 0.000010 0.000010 0.000010 0.000010 0.000010 0.000010 0.000010 0.000010 0.000010 0.000010 0.000010 0.000010
0.000010 0.000010 0.999820 0.000010 0.000010 0.000010 0.000010 0.000010 0.000010 0.000010 0.000010 0.000010 0.000010 0.000010 0.000010 0.000010 0.000010 0.000010 0.000010
0.000010 0.000010 0.999820 0.000010 0.000010 0.000010 0.000010 0.000010 0.000010 0.000010 0.000010 0.000010 0.000010 0.000010 0.000010 0.000010 0.000010 0.000010 0.000010
0.000010 0.000010 0.999820 0.000010 0.000010 0.000010 0.000010 0.000010 0.000010 0.000010 0.000010 0.000010 0.000010 0.000010 0.000010 0.000010 0.000010 0.000010 0.000010
0.000010 0.000010 0.999820 0.000010 0.000010 0.000010 0.000010 0.000010 0.000010 0.000010 0.000010 0.000010 0.000010 0.000010 0.000010 0.000010 0.000010 0.000010 0.000010
0.000010 0.000010 0.999820 0.000010 0.000010 0.000010 0.000010 0.000010 0.000010 0.000010 0.000010 0.000010 0.000010 0.000010 0.000010 0.000010 0.000010 0.000010 0.000010
0.000010 0.069314 0.000010 0.000010 0.447376 0.000010 0.004428 0.000010 0.000010 0.161593 0.000010 0.000010 0.000010 0.000010 0.000010 0.000010 0.317149 0.000010 0.000010
0.000010 0.000010 0.999820 0.000010 0.000010 0.000010 0.000010 0.000010 0.000010 0.000010 0.000010 0.000010 0.000010 0.000010 0.000010 0.000010 0.000010 0.000010 0.000010
0.000010 0.072358 0.846704 0.000010 0.000010 0.000010 0.000010 0.055940 0.000010 0.000010 0.000010 0.000010 0.000010 0.000010 0.000010 0.024848 0.000010 0.000010 0.000010
0.000010 0.000010 0.000010 0.000010 0.049653 0.000010 0.000010 0.000010 0.066691 0.863221 0.020285 0.000010 0.000010 0.000010 0.000010 0.000010 0.000010 0.000010 0.000010
0.000010 0.211898 0.786286 0.000010 0.000010 0.000010 0.000010 0.001652 0.000010 0.000010 0.000010 0.000013 0.000010 0.000010 0.000010 0.000010 0.000010 0.000010 0.000010
0.021427 0.080163 0.420413 0.000010 0.000010 0.000010 0.000010 0.324449 0.000010 0.096510 0.037536 0.000010 0.000010 0.000010 0.000010 0.000010 0.019382 0.000010 0.000010
0.000010 0.000010 0.999819 0.000010 0.000010 0.000010 0.000011 0.000010 0.000010 0.000010 0.000010 0.000010 0.000010 0.000010 0.000010 0.000010 0.000010 0.000010 0.000010
0.000010 0.000010 0.999820 0.000010 0.000010 0.000010 0.000010 0.000010 0.000010 0.000010 0.000010 0.000010 0.000010 0.000010 0.000010 0.000010 0.000010 0.000010 0.000010
0.000010 0.000010 0.999816 0.000011 0.000010 0.000010 0.000010 0.000010 0.000010 0.000010 0.000010 0.000010 0.000010 0.000010 0.000010 0.000013 0.000010 0.000010 0.000010
0.000010 0.000010 0.999820 0.000010 0.000010 0.000010 0.000010 0.000010 0.000010 0.000010 0.000010 0.000010 0.000010 0.000010 0.000010 0.000010 0.000010 0.000010 0.000010
0.002681 0.000010 0.977360 0.009118 0.000010 0.000010 0.000010 0.000010 0.000010 0.000010 0.000010 0.000010 0.000010 0.000010 0.000010 0.000010 0.010690 0.000010 0.000010
0.000010 0.000010 0.999819 0.000010 0.000010 0.000010 0.000010 0.000010 0.000010 0.000010 0.000011 0.000010 0.000010 0.000010 0.000010 0.000010 0.000010 0.000010 0.000010
0.000010 0.000010 0.000010 0.000010 0.000010 0.000010 0.000010 0.000010 0.000010 0.000010 0.000010 0.000010 0.000010 0.000010 0.000010 0.000010 0.999820 0.000010 0.000010
0.000010 0.000010 0.000010 0.000010 0.000010 0.000010 0.000010 0.000010 0.000010 0.000010 0.000010 0.000010 0.000010 0.000010 0.000010 0.999820 0.000010 0.000010 0.000010
0.000010 0.000010 0.000010 0.000010 0.000010 0.000010 0.000010 0.000010 0.000010 0.000010 0.000010 0.000010 0.000010 0.000010 0.000010 0.999820 0.000010 0.000010 0.000010
0.000010 0.000010 0.000010 0.000010 0.000010 0.000010 0.000010 0.000010 0.000010 0.000010 0.000010 0.000010 0.000010 0.000010 0.000010 0.999820 0.000010 0.000010 0.000010
0.000010 0.000010 0.999820 0.000010 0.000010 0.000010 0.000010 0.000010 0.000010 0.000010 0.000010 0.000010 0.000010 0.000010 0.000010 0.000010 0.000010 0.000010 0.000010
0.000013 0.000010 0.999810 0.000011 0.000010 0.000015 0.000011 0.000010 0.000010 0.000010 0.000010 0.000010 0.000010 0.000010 0.000010 0.000010 0.000010 0.000010 0.000010
0.000010 0.000010 0.000010 0.000010 0.000010 0.000010 0.000010 0.000010 0.000010 0.000010 0.000010 0.000010 0.000010 0.000010 0.000010 0.999820 0.000010 0.000010 0.000010
0.000010 0.000010 0.000010 0.000010 0.000010 0.000010 0.000010 0.000010 0.000010 0.000010 0.000010 0.000010 0.000010 0.000010 0.000010 0.999820 0.000010 0.000010 0.000010
0.000010 0.000010 0.000010 0.000010 0.000010 0.000010 0.000010 0.000010 0.000010 0.000010 0.000010 0.000010 0.000010 0.000010 0.000010 0.999820 0.000010 0.000010 0.000010
0.000010 0.000010 0.999816 0.000010 0.000010 0.000010 0.000011 0.000013 0.000011 0.000010 0.000010 0.000010 0.000010 0.000010 0.000010 0.000010 0.000010 0.000010 0.000010
0.000010 0.000010 0.999810 0.000010 0.000010 0.000010 0.000020 0.000010 0.000010 0.000010 0.000010 0.000010 0.000010 0.000010 0.000010 0.000010 0.000010 0.000010 0.000010
0.821590 0.000010 0.000010 0.000010 0.000010 0.000010 0.000010 0.000010 0.000013 0.000010 0.000010 0.000010 0.000010 0.000010 0.000010 0.000010 0.000010 0.000010 0.178238
0.000010 0.000010 0.999819 0.000011 0.000010 0.000011 0.000010 0.000010 0.000010 0.000010 0.000010 0.000010 0.000010 0.000010 0.000010 0.000010 0.000010 0.000010 0.000010
0.000010 0.000010 0.000010 0.000010 0.000010 0.000010 0.000010 0.000010 0.000010 0.057193 0.000010 0.000010 0.942637 0.000010 0.000010 0.000010 0.000010 0.000010 0.000010
0.000010 0.000010 0.000010 0.000010 0.000010 0.000010 0.000010 0.000010 0.000010 0.000010 0.000010 0.000010 0.000010 0.000010 0.000010 0.000010 0.000010 0.999820 0.000010
0.000010 0.000010 0.000010 0.000010 0.000010 0.000010 0.000010 0.000010 0.000010 0.000010 0.000010 0.000010 0.000010 0.000010 0.000010 0.000010 0.000010 0.999820 0.000010
0.000010 0.000010 0.000010 0.000010 0.000010 0.066974 0.002352 0.000010 0.149766 0.508677 0.184802 0.000010 0.040765 0.046543 0.000010 0.000010 0.000010 0.000010 0.000010
0.000010 0.000010 0.000010 0.000010 0.000010 0.000010 0.000010 0.000010 0.000010 0.000010 0.000010 0.000010 0.000010 0.000010 0.000010 0.000010 0.000010 0.999820 0.000010
0.000010 0.000010 0.005429 0.028199 0.000010 0.000010 0.034607 0.000010 0.000010 0.000010 0.000010 0.000010 0.000010 0.000010 0.899907 0.000010 0.018370 0.000010 0.013357
0.064237 0.104606 0.000010 0.020010 0.145853 0.000010 0.125842 0.000010 0.022119 0.000010 0.000010 0.000010 0.098627 0.156953 0.044122 0.026972 0.000010 0.000010 0.190579
0.000010 0.000010 0.000010 0.019031 0.000010 0.003685 0.000010 0.309285 0.010570 0.382207 0.111583 0.000010 0.048734 0.090726 0.000010 0.000010 0.024079 0.000010 0.000010
0.000010 0.000010 0.010233 0.000010 0.000010 0.057544 0.023228 0.000010 0.040641 0.000010 0.048649 0.000010 0.000010 0.000010 0.000010 0.651008 0.024999 0.024207 0.119391
0.000010 0.000010 0.000010 0.000010 0.000010 0.000010 0.000010 0.999820 0.000010 0.000010 0.000010 0.000010 0.000010 0.000010 0.000010 0.000010 0.000010 0.000010 0.000010
0.000010 0.000010 0.000010 0.000010 0.000010 0.000010 0.000010 0.999820 0.000010 0.000010 0.000010 0.000010 0.000010 0.000010 0.000010 0.000010 0.000010 0.000010 0.000010
0.000010 0.000010 0.000010 0.000010 0.202853 0.000010 0.003193 0.007309 0.000010 0.785509 0.000010 0.000010 0.000010 0.000010 0.000010 0.000010 0.000996 0.000010 0.000010
0.000010 0.257268 0.573300 0.000010 0.000010 0.000010 0.000010 0.139868 0.000010 0.000010 0.000010 0.000010 0.029413 0.000010 0.000010 0.000010 0.000010 0.000010 0.000010
0.000010 0.000010 0.000102 0.010540 0.000010 0.018794 0.000010 0.000010 0.419060 0.334385 0.022521 0.011121 0.000010 0.069096 0.000010 0.000010 0.074859 0.000010 0.039431
0.000010 0.004557 0.046978 0.000010 0.042264 0.016942 0.000010 0.068725 0.059737 0.736221 0.000010 0.000010 0.000010 0.024465 0.000010 0.000010 0.000010 0.000010 0.000010
0.027579 0.000010 0.155071 0.000010 0.000010 0.000010 0.000010 0.448567 0.000010 0.368632 0.000010 0.000010 0.000010 0.000010 0.000010 0.000010 0.000010 0.000010 0.000010
0.000010 0.051308 0.000010 0.000010 0.000010 0.036627 0.433262 0.000010 0.000010 0.000010 0.064252 0.000010 0.188936 0.225486 0.000010 0.000010 0.000010 0.000010 0.000010
0.000010 0.000010 0.015767 0.000010 0.035318 0.809155 0.000010 0.000010 0.114811 0.000010 0.000010 0.000010 0.018602 0.000010 0.000010 0.000010 0.006215 0.000010 0.000010
0.016964 0.000010 0.004500 0.000010 0.240642 0.000010 0.000010 0.000010 0.495782 0.017016 0.000010 0.000010 0.070052 0.071097 0.000010 0.000010 0.032022 0.000010 0.051825
0.000010 0.000010 0.001130 0.000010 0.012924 0.000010 0.000010 0.000010 0.049118 0.005387 0.000010 0.000010 0.000011 0.000010 0.000010 0.728777 0.000010 0.000010 0.202533
0.000010 0.000010 0.758363 0.000010 0.000010 0.000010 0.000010 0.241467 0.000010 0.000010 0.000010 0.000010 0.000010 0.000010 0.000010 0.000010 0.000010 0.000010 0.000010
0.034406 0.000010 0.000010 0.000010 0.022062 0.004685 0.000010 0.000010 0.047852 0.000010 0.000010 0.000010 0.018144 0.000010 0.045518 0.682085 0.000010 0.000010 0.145137
0.000010 0.000010 0.000010 0.000010 0.000010 0.000010 0.000010 0.000010 0.000010 0.000010 0.000010 0.000010 0.000010 0.000010 0.000010 0.999820 0.000010 0.000010 0.000010
0.000010 0.000010 0.000010 0.000010 0.058669 0.024263 0.010056 0.000010 0.377105 0.382600 0.056928 0.000010 0.000010 0.004243 0.008961 0.000010 0.077074 0.000010 0.000010
0.000010 0.000010 0.000010 0.000010 0.498457 0.000010 0.000010 0.000010 0.000010 0.501373 0.000010 0.000010 0.000010 0.000010 0.000010 0.000010 0.000010 0.000010 0.000010
0.331986 0.000010 0.000010 0.667844 0.000010 0.000010 0.000010 0.000010 0.000010 0.000010 0.000010 0.000010 0.000010 0.000010 0.000010 0.000010 0.000010 0.000010 0.000010
0.000010 0.087120 0.000010 0.000010 0.428284 0.000010 0.000010 0.000010 0.000010 0.484436 0.000010 0.000010 0.000010 0.000010 0.000010 0.000010 0.000010 0.000010 0.000010
0.000010 0.000010 0.000010 0.000010 0.375545 0.000010 0.000010 0.000010 0.000010 0.624285 0.000010 0.000010 0.000010 0.000010 0.000010 0.000010 0.000010 0.000010 0.000010
0.000010 0.004352 0.000010 0.000354 0.071239 0.047108 0.000010 0.000010 0.000010 0.814883 0.000010 0.008212 0.000010 0.043158 0.000010 0.000010 0.010585 0.000010 0.000010
0.000010 0.000010 0.000010 0.000010 0.042755 0.000010 0.032892 0.000010 0.002753 0.020966 0.098589 0.000010 0.121268 0.342562 0.021241 0.069928 0.000010 0.000010 0.246957
0.000010 0.000010 0.000010 0.000010 0.000010 0.000010 0.000010 0.000010 0.000010 0.000010 0.000010 0.000010 0.000010 0.000010 0.000010 0.000010 0.000010 0.000010 0.999820
0.000836 0.000010 0.000010 0.000010 0.234386 0.000010 0.029705 0.031076 0.056872 0.445661 0.007534 0.000010 0.063222 0.000010 0.000010 0.000010 0.130263 0.000010 0.000354
0.000010 0.000010 0.000010 0.000010 0.000010 0.000010 0.000010 0.000010 0.000010 0.000010 0.000010 0.000010 0.000010 0.000010 0.000010 0.999820 0.000010 0.000010 0.000010
0.000010 0.000010 0.000010 0.000010 0.999820 0.000010 0.000010 0.000010 0.000010 0.000010 0.000010 0.000010 0.000010 0.000010 0.000010 0.000010 0.000010 0.000010 0.000010
0.000010 0.000010 0.011010 0.000010 0.025810 0.000010 0.000010 0.176921 0.101381 0.476890 0.114227 0.000010 0.038818 0.054833 0.000010 0.000010 0.000010 0.000010 0.000010
0.002636 0.000019 0.003156 0.005073 0.000010 0.000010 0.000010 0.000010 0.000010 0.000010 0.045689 0.000010 0.000010 0.131926 0.208412 0.419442 0.000010 0.183547 0.000010
0.004443 0.000010 0.000010 0.008842 0.536220 0.075977 0.026256 0.000010 0.295608 0.000010 0.000502 0.000010 0.000010 0.023716 0.000010 0.000010 0.015785 0.000010 0.012561
0.000010 0.000010 0.916230 0.000010 0.000010 0.000010 0.000010 0.083600 0.000010 0.000010 0.000010 0.000010 0.000010 0.000010 0.000010 0.000010 0.000010 0.000010 0.000010
0.000010 0.000010 0.000010 0.000010 0.426281 0.000010 0.000010 0.057692 0.000010 0.489940 0.000010 0.000010 0.000010 0.000010 0.000010 0.000010 0.025937 0.000010 0.000010
0.000010 0.000010 0.000010 0.000010 0.468078 0.000010 0.000010 0.054042 0.000010 0.476057 0.000010 0.000010 0.000010 0.000010 0.000010 0.000010 0.001673 0.000010 0.000010
0.000010 0.000010 0.000010 0.000010 0.558319 0.000010 0.000010 0.000010 0.000010 0.441511 0.000010 0.000010 0.000010 0.000010 0.000010 0.000010 0.000010 0.000010 0.000010
0.000010 0.000010 0.007369 0.000010 0.038876 0.018981 0.023080 0.000010 0.000010 0.767854 0.000010 0.000010 0.101930 0.034087 0.000010 0.000010 0.007712 0.000010 0.000010
0.000010 0.000010 0.023981 0.000010 0.000010 0.004841 0.000010 0.133391 0.013654 0.108068 0.617472 0.000010 0.000010 0.086844 0.000010 0.000010 0.000010 0.000010 0.011639
0.000010 0.000010 0.008767 0.000010 0.680215 0.000010 0.000010 0.114423 0.000010 0.042999 0.000010 0.000010 0.081781 0.000010 0.000010 0.000010 0.071686 0.000010 0.000010
0.005051 0.000010 0.000010 0.000010 0.000010 0.132018 0.000010 0.007664 0.000010 0.778104 0.074186 0.000010 0.000010 0.002848 0.000010 0.000010 0.000010 0.000010 0.000010
0.000010 0.000010 0.002115 0.000010 0.000010 0.025356 0.000010 0.031900 0.000010 0.940479 0.000010 0.000010 0.000010 0.000010 0.000010 0.000010 0.000010 0.000010 0.000010
0.000010 0.000010 0.000010 0.000010 0.537517 0.004944 0.032169 0.078339 0.117881 0.000010 0.000010 0.000010 0.021918 0.000010 0.000010 0.000010 0.207112 0.000010 0.000010
0.000010 0.000010 0.049824 0.000010 0.028294 0.008420 0.000010 0.182861 0.000010 0.729474 0.000010 0.000010 0.000010 0.000010 0.000010 0.000010 0.000997 0.000010 0.000010
0.000010 0.000010 0.024667 0.000010 0.709580 0.000010 0.000010 0.093443 0.000010 0.000010 0.000010 0.000010 0.000010 0.075447 0.000010 0.000010 0.096723 0.000010 0.000010
0.000010 0.000010 0.043480 0.000010 0.136085 0.017405 0.018908 0.047485 0.047786 0.685292 0.000010 0.000010 0.000010 0.000010 0.000010 0.000010 0.003449 0.000010 0.000010
0.000010 0.000010 0.000010 0.000010 0.019447 0.148034 0.011836 0.032745 0.156762 0.596944 0.000010 0.000010 0.022601 0.000010 0.000010 0.000010 0.011522 0.000010 0.000010
0.000010 0.000010 0.000010 0.000010 0.999820 0.000010 0.000010 0.000010 0.000010 0.000010 0.000010 0.000010 0.000010 0.000010 0.000010 0.000010 0.000010 0.000010 0.000010
0.005357 0.000010 0.005336 0.000010 0.106560 0.000010 0.021064 0.000010 0.000010 0.845199 0.000010 0.000010 0.009628 0.006735 0.000010 0.000010 0.000010 0.000010 0.000010
0.000010 0.000010 0.142859 0.000010 0.000010 0.000010 0.000010 0.542639 0.001937 0.283491 0.000010 0.000010 0.000010 0.000010 0.000010 0.000010 0.000010 0.000010 0.028933
0.000010 0.000010 0.010194 0.000010 0.208946 0.014802 0.000010 0.000010 0.000010 0.765908 0.000010 0.000010 0.000010 0.000010 0.000010 0.000010 0.000010 0.000010 0.000010
0.000010 0.000010 0.104156 0.000010 0.000010 0.000010 0.000010 0.559658 0.000010 0.336027 0.000010 0.000010 0.000010 0.000010 0.000010 0.000010 0.000010 0.000010 0.000010
0.000010 0.000010 0.011961 0.000010 0.244635 0.000010 0.000010 0.018512 0.000010 0.542009 0.000010 0.000010 0.033811 0.021380 0.000010 0.000010 0.127571 0.000010 0.000010
0.000010 0.000010 0.009855 0.000010 0.000010 0.028156 0.000010 0.084295 0.067045 0.740761 0.061734 0.000010 0.000010 0.000010 0.000010 0.008035 0.000010 0.000010 0.000010
0.000010 0.000010 0.000010 0.000010 0.411861 0.000010 0.000010 0.000010 0.000010 0.587969 0.000010 0.000010 0.000010 0.000010 0.000010 0.000010 0.000010 0.000010 0.000010
0.000010 0.000010 0.000010 0.000010 0.000010 0.000010 0.000010 0.999820 0.000010 0.000010 0.000010 0.000010 0.000010 0.000010 0.000010 0.000010 0.000010 0.000010 0.000010
0.000010 0.000010 0.000010 0.000010 0.000010 0.000010 0.000010 0.000010 0.000010 0.000010 0.999820 0.000010 0.000010 0.000010 0.000010 0.000010 0.000010 0.000010 0.000010
