0.077459 0.062098 0.000010 0.000010 0.000010 0.383160 0.000010 0.405352 0.023766 0.016005 0.000010 0.000010 0.000010 0.032090
0.110093 0.024312 0.000010 0.007807 0.000010 0.172450 0.016680 0.568012 0.055955 0.000010 0.032272 0.000010 0.012369 0.000010
0.038993 0.000010 0.050355 0.048533 0.000010 0.382158 0.011143 0.405063 0.000010 0.015444 0.000010 0.048250 0.000010 0.000010
0.000010 0.892727 0.000010 0.016489 0.045793 0.000010 0.001387 0.000010 0.000010 0.019644 0.021059 0.000010 0.000010 0.002832
0.148626 0.000010 0.005640 0.000010 0.046727 0.199133 0.000010 0.439934 0.089708 0.048120 0.000217 0.018399 0.003457 0.000010
0.039034 0.014810 0.000010 0.021607 0.015428 0.708786 0.000010 0.140092 0.011407 0.019994 0.013260 0.015542 0.000010 0.000010
0.022461 0.385853 0.000010 0.030588 0.001900 0.217071 0.000010 0.005394 0.000010 0.000010 0.020058 0.000010 0.000010 0.316615
0.000010 0.009475 0.000010 0.000010 0.000010 0.892446 0.000010 0.000010 0.000010 0.003394 0.040319 0.000010 0.054276 0.000010
0.150679 0.051645 0.000010 0.016640 0.031680 0.032991 0.000010 0.626426 0.017630 0.000010 0.007553 0.004805 0.059911 0.000010
0.039049 0.019327 0.000010 0.000010 0.000010 0.823054 0.000010 0.062339 0.000010 0.000010 0.000010 0.000010 0.056142 0.000010
0.225677 0.000010 0.000010 0.000010 0.000010 0.543457 0.000010 0.152632 0.000010 0.000010 0.002981 0.015114 0.060059 0.000010
0.083393 0.000010 0.025179 0.001576 0.009323 0.327504 0.000010 0.467701 0.000010 0.023580 0.041563 0.018064 0.000010 0.002076
0.000010 0.063256 0.019198 0.159598 0.062370 0.000492 0.000010 0.409292 0.000010 0.113009 0.052594 0.014369 0.056452 0.049341
0.000010 0.457315 0.000010 0.061270 0.002204 0.000010 0.000010 0.322374 0.000010 0.039275 0.031031 0.026405 0.014178 0.045898
0.071210 0.004336 0.000010 0.000010 0.000010 0.864939 0.013586 0.000010 0.000010 0.022510 0.000010 0.000010 0.017849 0.005499
0.048745 0.000010 0.025262 0.048207 0.026204 0.319977 0.039337 0.403986 0.000010 0.023097 0.003158 0.000010 0.010774 0.051223
0.051944 0.012801 0.000010 0.018652 0.004607 0.660652 0.000010 0.171584 0.035257 0.002490 0.002394 0.000010 0.021879 0.017710
0.021323 0.255795 0.000010 0.038335 0.000010 0.416388 0.000010 0.006673 0.000010 0.000010 0.036565 0.000010 0.000010 0.224851
0.038362 0.000010 0.000010 0.015879 0.006398 0.246278 0.000010 0.000010 0.000010 0.000010 0.041865 0.000010 0.651137 0.000010
0.000010 0.000010 0.048164 0.000010 0.010126 0.000010 0.893161 0.000010 0.037565 0.005028 0.005877 0.000010 0.000010 0.000010
0.000010 0.010641 0.000010 0.000010 0.000010 0.014280 0.955153 0.000010 0.000010 0.000010 0.017864 0.000010 0.001973 0.000010
0.000010 0.000010 0.000010 0.000010 0.000010 0.000010 0.999870 0.000010 0.000010 0.000010 0.000010 0.000010 0.000010 0.000010
0.000010 0.000010 0.014771 0.009354 0.000010 0.013135 0.917577 0.000010 0.002149 0.000010 0.042934 0.000010 0.000010 0.000010
0.015979 0.691952 0.000010 0.077087 0.006799 0.009198 0.054842 0.056062 0.027018 0.006111 0.000010 0.014268 0.013475 0.027190
0.000010 0.000379 0.000010 0.000010 0.000010 0.000010 0.000010 0.000010 0.000010 0.000010 0.000010 0.000010 0.999501 0.000010
0.000010 0.000010 0.042567 0.002524 0.014802 0.000010 0.924411 0.000010 0.015606 0.000010 0.000010 0.000010 0.000010 0.000010
0.135444 0.017832 0.032793 0.016201 0.053260 0.032890 0.001214 0.565957 0.077268 0.000010 0.027561 0.000010 0.000010 0.039551
0.000010 0.017852 0.011161 0.000010 0.000010 0.000010 0.964699 0.000010 0.006188 0.000010 0.000010 0.000010 0.000010 0.000010
0.000010 0.010020 0.000010 0.052658 0.049696 0.095520 0.006236 0.646773 0.041215 0.000010 0.000010 0.006580 0.085554 0.005707
0.000010 0.059189 0.006128 0.036214 0.036020 0.079346 0.015161 0.705026 0.005293 0.000010 0.000010 0.000010 0.057575 0.000010
0.032403 0.003046 0.000010 0.000010 0.011304 0.000010 0.000801 0.823412 0.018060 0.014494 0.000010 0.000010 0.096419 0.000010
0.012634 0.000010 0.013805 0.089360 0.004487 0.065752 0.000010 0.696899 0.029554 0.024188 0.000010 0.000010 0.063272 0.000010
0.000010 0.067355 0.059772 0.237051 0.053873 0.031010 0.000010 0.299192 0.079678 0.073448 0.004716 0.050898 0.027521 0.015467
0.006421 0.005683 0.000010 0.138789 0.059045 0.000010 0.000010 0.451698 0.055808 0.097085 0.033435 0.000010 0.151985 0.000010
0.110228 0.000010 0.026244 0.000010 0.007180 0.115233 0.003711 0.317473 0.032373 0.000010 0.298670 0.000010 0.022531 0.066316
0.298101 0.334614 0.005272 0.045503 0.034102 0.115993 0.007277 0.147339 0.000010 0.000010 0.002190 0.009569 0.000010 0.000010
0.239167 0.419042 0.000010 0.017857 0.075441 0.188684 0.000010 0.050904 0.000010 0.000010 0.000010 0.000010 0.008834 0.000010
0.000010 0.000019 0.999861 0.000010 0.000010 0.000010 0.000010 0.000010 0.000010 0.000010 0.000010 0.000010 0.000010 0.000010
0.090386 0.012337 0.000010 0.058998 0.054918 0.000010 0.000010 0.633118 0.000010 0.000012 0.071857 0.000010 0.078314 0.000010
0.000010 0.023080 0.013925 0.007584 0.043890 0.034599 0.000010 0.721707 0.041051 0.041916 0.008220 0.028745 0.035253 0.000010
0.000010 0.000010 0.000010 0.000010 0.000010 0.999870 0.000010 0.000010 0.000010 0.000010 0.000010 0.000010 0.000010 0.000010
0.000010 0.021441 0.000010 0.037075 0.019193 0.169912 0.011575 0.505911 0.029860 0.034036 0.003787 0.035210 0.109333 0.022649
0.000010 0.000010 0.000010 0.052019 0.000010 0.710934 0.014409 0.171115 0.000010 0.000010 0.012739 0.038705 0.000010 0.000010
0.000010 0.023897 0.016968 0.011774 0.000010 0.788504 0.000010 0.122747 0.000010 0.000010 0.012960 0.000010 0.003545 0.019544
0.000010 0.000010 0.000010 0.000010 0.631312 0.000010 0.000010 0.232164 0.000010 0.049087 0.000010 0.000010 0.087337 0.000010
0.000010 0.000010 0.314699 0.000010 0.001766 0.000010 0.661477 0.000010 0.008076 0.003763 0.000010 0.000010 0.010139 0.000010
0.017862 0.000010 0.277030 0.000010 0.000010 0.000010 0.671952 0.024894 0.000010 0.000010 0.008171 0.000010 0.000010 0.000010
0.051449 0.000010 0.190910 0.145277 0.069846 0.000010 0.247708 0.136552 0.133567 0.012147 0.012494 0.000010 0.000010 0.000010
0.064640 0.000010 0.023617 0.109374 0.086808 0.000010 0.012221 0.333281 0.042566 0.131066 0.029893 0.075764 0.066825 0.023925
0.005891 0.048271 0.000010 0.059672 0.146183 0.038817 0.034160 0.429536 0.020134 0.112895 0.035675 0.000010 0.067502 0.001244
0.000010 0.000010 0.000010 0.000010 0.000010 0.000010 0.000010 0.000010 0.000010 0.000010 0.000010 0.999870 0.000010 0.000010
0.000010 0.000010 0.020322 0.092745 0.063867 0.000010 0.036582 0.337097 0.100606 0.092000 0.004151 0.017085 0.145571 0.089945
0.000010 0.000010 0.000010 0.000010 0.000010 0.000010 0.000010 0.000010 0.000010 0.000010 0.000010 0.999870 0.000010 0.000010
0.071508 0.000010 0.024880 0.100640 0.122989 0.027607 0.000010 0.387435 0.029522 0.107439 0.046112 0.010045 0.068316 0.003487
0.000010 0.000010 0.053493 0.111100 0.122698 0.000010 0.001715 0.379147 0.000010 0.106188 0.003281 0.046865 0.142454 0.033018
0.000010 0.000010 0.000010 0.000010 0.000010 0.000015 0.000010 0.000010 0.000010 0.000010 0.999865 0.000010 0.000010 0.000010
0.000010 0.008587 0.022770 0.000010 0.017435 0.872305 0.000010 0.000010 0.031278 0.000010 0.034953 0.012602 0.000010 0.000010
0.063430 0.028390 0.000010 0.084762 0.006660 0.000010 0.000010 0.674117 0.000010 0.037370 0.027542 0.000010 0.070785 0.006893
0.051729 0.030787 0.000010 0.022006 0.009235 0.000010 0.000010 0.666639 0.000010 0.006423 0.006831 0.040060 0.098945 0.067305
0.047870 0.030357 0.000010 0.009482 0.001473 0.631871 0.000010 0.050286 0.000010 0.000010 0.016561 0.040298 0.021317 0.150444
0.017779 0.000010 0.018046 0.000010 0.065370 0.000010 0.000010 0.850337 0.000010 0.000010 0.000010 0.037362 0.010757 0.000279
0.027926 0.028288 0.000010 0.056562 0.042502 0.089406 0.000010 0.663259 0.000010 0.000010 0.042660 0.000010 0.023901 0.025447
0.000010 0.010725 0.000010 0.000010 0.003538 0.437159 0.043390 0.347846 0.000010 0.030472 0.028115 0.018729 0.079974 0.000010
0.018333 0.010832 0.016690 0.077288 0.017732 0.041434 0.000010 0.799392 0.000010 0.005442 0.008869 0.003949 0.000010 0.000010
0.042514 0.018223 0.021336 0.047587 0.035274 0.040483 0.000010 0.560302 0.021363 0.054771 0.030163 0.000010 0.079265 0.048698
0.086667 0.210479 0.042807 0.021484 0.000010 0.152726 0.013510 0.059013 0.000010 0.164741 0.088422 0.056746 0.045345 0.058039
0.000010 0.242951 0.576201 0.180738 0.000010 0.000010 0.000010 0.000010 0.000010 0.000010 0.000010 0.000010 0.000010 0.000010
0.015913 0.680437 0.028920 0.026637 0.005116 0.000010 0.000010 0.117826 0.048547 0.028152 0.035938 0.000010 0.000010 0.012476
0.000010 0.010361 0.024318 0.015327 0.000010 0.855499 0.001121 0.000010 0.000010 0.010254 0.031078 0.000010 0.009183 0.042810
0.014556 0.000010 0.000010 0.131464 0.109515 0.000010 0.000010 0.406888 0.029982 0.071757 0.028229 0.000010 0.159529 0.048030
0.066007 0.000260 0.000010 0.131400 0.076884 0.047112 0.036033 0.347134 0.039203 0.069314 0.000010 0.073455 0.113168 0.000010
0.002076 0.000010 0.000010 0.081986 0.073255 0.076852 0.004533 0.251904 0.021809 0.204751 0.039397 0.052861 0.190251 0.000307
0.169657 0.000010 0.000010 0.024300 0.000010 0.011920 0.000010 0.560001 0.037885 0.000010 0.143931 0.030498 0.000010 0.021749
0.038600 0.014164 0.015789 0.041225 0.000010 0.090043 0.000010 0.715145 0.000010 0.038734 0.003588 0.023647 0.000010 0.019024
0.070325 0.023706 0.000010 0.037413 0.031420 0.072857 0.000010 0.540936 0.000010 0.006046 0.114356 0.000010 0.049733 0.053168
0.028631 0.000010 0.034317 0.041360 0.000656 0.023195 0.000010 0.699544 0.033840 0.059241 0.030489 0.000010 0.048687 0.000010
0.013062 0.027819 0.000010 0.003233 0.000010 0.020791 0.000010 0.780229 0.000010 0.017568 0.039624 0.062990 0.034633 0.000010
0.073294 0.000010 0.037003 0.036247 0.000010 0.019005 0.031096 0.604342 0.000010 0.052757 0.034488 0.030197 0.081530 0.000010
0.000010 0.000010 0.999870 0.000010 0.000010 0.000010 0.000010 0.000010 0.000010 0.000010 0.000010 0.000010 0.000010 0.000010
0.000010 0.028329 0.000010 0.044911 0.000010 0.092875 0.000010 0.717221 0.035174 0.039391 0.000010 0.015185 0.026853 0.000010
0.091715 0.016653 0.012731 0.000010 0.009991 0.000010 0.008480 0.684657 0.000010 0.074697 0.036859 0.036280 0.027896 0.000010
0.175732 0.022585 0.010494 0.024047 0.000010 0.595085 0.008539 0.161573 0.000010 0.000010 0.000010 0.001421 0.000010 0.000474
0.224731 0.017238 0.003144 0.006516 0.000010 0.571601 0.000010 0.098865 0.000010 0.033034 0.042024 0.000010 0.002114 0.000693
0.031501 0.000010 0.000010 0.000010 0.000010 0.029204 0.000010 0.115143 0.047649 0.000010 0.732857 0.000010 0.000010 0.043566
0.041186 0.047181 0.000010 0.000010 0.008923 0.675255 0.000010 0.028549 0.000010 0.000010 0.000010 0.011317 0.000010 0.187519
0.000010 0.000010 0.999870 0.000010 0.000010 0.000010 0.000010 0.000010 0.000010 0.000010 0.000010 0.000010 0.000010 0.000010
0.000010 0.000010 0.007629 0.000010 0.038504 0.000010 0.716923 0.045342 0.093289 0.003001 0.009726 0.085526 0.000010 0.000010
0.513189 0.000010 0.000010 0.010394 0.000010 0.352750 0.000010 0.057993 0.000010 0.000010 0.049164 0.000010 0.016430 0.000010
0.100238 0.000754 0.000010 0.108893 0.100522 0.144665 0.018122 0.394344 0.000010 0.036600 0.082692 0.013131 0.000010 0.000010
0.000010 0.019829 0.062406 0.011314 0.006939 0.000010 0.780561 0.012365 0.051643 0.000010 0.000010 0.047556 0.007337 0.000010
0.019149 0.018400 0.023954 0.000010 0.007495 0.000010 0.807195 0.051802 0.019233 0.000010 0.048416 0.004305 0.000010 0.000010
0.000010 0.000010 0.016417 0.032803 0.000010 0.005929 0.725921 0.088580 0.079253 0.024000 0.000010 0.027037 0.000010 0.000010
0.000010 0.000030 0.075319 0.000010 0.000010 0.000010 0.796967 0.072590 0.015856 0.022444 0.010824 0.000010 0.005910 0.000010
0.000010 0.000010 0.020521 0.000010 0.018831 0.000010 0.774469 0.051810 0.062508 0.029997 0.002827 0.029018 0.009969 0.000010
0.113147 0.018993 0.011520 0.041196 0.010985 0.092816 0.276897 0.282780 0.000010 0.033667 0.010909 0.000010 0.000010 0.107060
0.000010 0.000010 0.000010 0.000010 0.999870 0.000010 0.000010 0.000010 0.000010 0.000010 0.000010 0.000010 0.000010 0.000010
0.000010 0.000010 0.000010 0.000010 0.999870 0.000010 0.000010 0.000010 0.000010 0.000010 0.000010 0.000010 0.000010 0.000010
0.339593 0.000010 0.000010 0.045626 0.023952 0.202104 0.000010 0.286427 0.036546 0.026794 0.001304 0.000010 0.000010 0.037604
0.089585 0.048913 0.021905 0.000010 0.000010 0.742785 0.018154 0.000010 0.000010 0.000010 0.000010 0.000010 0.000010 0.078577
0.000010 0.000010 0.000010 0.000010 0.999870 0.000010 0.000010 0.000010 0.000010 0.000010 0.000010 0.000010 0.000010 0.000010
0.128255 0.015651 0.000010 0.000010 0.000010 0.000010 0.000010 0.696891 0.007576 0.065775 0.085772 0.000010 0.000010 0.000010
0.000010 0.000010 0.000010 0.000010 0.999870 0.000010 0.000010 0.000010 0.000010 0.000010 0.000010 0.000010 0.000010 0.000010
0.109949 0.004871 0.000010 0.000010 0.000010 0.172112 0.000010 0.548676 0.000010 0.004359 0.064526 0.031527 0.031661 0.032269
0.000010 0.999870 0.000010 0.000010 0.000010 0.000010 0.000010 0.000010 0.000010 0.000010 0.000010 0.000010 0.000010 0.000010
0.217064 0.000010 0.000010 0.000010 0.009675 0.650933 0.000010 0.054687 0.000010 0.019643 0.000010 0.006494 0.041435 0.000010
0.000010 0.431012 0.000010 0.000010 0.568868 0.000010 0.000010 0.000010 0.000010 0.000010 0.000010 0.000010 0.000010 0.000010
0.999870 0.000010 0.000010 0.000010 0.000010 0.000010 0.000010 0.000010 0.000010 0.000010 0.000010 0.000010 0.000010 0.000010
0.066954 0.048494 0.018533 0.004007 0.061710 0.060471 0.000010 0.608111 0.000010 0.000010 0.103012 0.028657 0.000010 0.000010
0.116428 0.017241 0.000010 0.000010 0.022857 0.199992 0.000010 0.474617 0.038778 0.034814 0.049181 0.000010 0.000010 0.046044
0.061274 0.000010 0.000010 0.000010 0.037067 0.789455 0.000010 0.057470 0.018744 0.000010 0.000010 0.000010 0.000010 0.035910
0.000010 0.000010 0.043516 0.036236 0.066243 0.000010 0.007192 0.139246 0.060666 0.186021 0.001651 0.338093 0.121096 0.000010
0.072188 0.000010 0.000010 0.000010 0.000010 0.507928 0.000010 0.250136 0.000010 0.033833 0.028606 0.000010 0.009989 0.097251
0.050084 0.000098 0.000010 0.000010 0.000010 0.717302 0.000010 0.141045 0.000010 0.005389 0.018990 0.039177 0.010430 0.017436
0.058983 0.018484 0.000010 0.000010 0.000010 0.850520 0.000010 0.050106 0.000010 0.000010 0.000010 0.000010 0.021816 0.000010
0.066742 0.000010 0.012906 0.001578 0.047598 0.111597 0.000010 0.613445 0.000010 0.006988 0.075674 0.017060 0.000010 0.046372
0.999870 0.000010 0.000010 0.000010 0.000010 0.000010 0.000010 0.000010 0.000010 0.000010 0.000010 0.000010 0.000010 0.000010
0.000010 0.999870 0.000010 0.000010 0.000010 0.000010 0.000010 0.000010 0.000010 0.000010 0.000010 0.000010 0.000010 0.000010
0.000010 0.999870 0.000010 0.000010 0.000010 0.000010 0.000010 0.000010 0.000010 0.000010 0.000010 0.000010 0.000010 0.000010
0.155826 0.000010 0.003135 0.000010 0.016601 0.716107 0.000010 0.078364 0.000010 0.000010 0.029886 0.000010 0.000010 0.000010
0.000010 0.999870 0.000010 0.000010 0.000010 0.000010 0.000010 0.000010 0.000010 0.000010 0.000010 0.000010 0.000010 0.000010
0.000010 0.000010 0.011959 0.033384 0.000010 0.758531 0.000010 0.033324 0.014907 0.000010 0.000010 0.030249 0.029697 0.087890
0.000010 0.000010 0.000010 0.000010 0.000010 0.996633 0.000010 0.000010 0.000010 0.000010 0.000010 0.003247 0.000010 0.000010
0.000010 0.999870 0.000010 0.000010 0.000010 0.000010 0.000010 0.000010 0.000010 0.000010 0.000010 0.000010 0.000010 0.000010
0.000010 0.999870 0.000010 0.000010 0.000010 0.000010 0.000010 0.000010 0.000010 0.000010 0.000010 0.000010 0.000010 0.000010
0.000010 0.999870 0.000010 0.000010 0.000010 0.000010 0.000010 0.000010 0.000010 0.000010 0.000010 0.000010 0.000010 0.000010
0.000010 0.985715 0.000010 0.014165 0.000010 0.000010 0.000010 0.000010 0.000010 0.000010 0.000010 0.000010 0.000010 0.000010
0.005247 0.844850 0.030076 0.014496 0.000010 0.000010 0.000010 0.072365 0.032885 0.000010 0.000010 0.000010 0.000010 0.000010
0.174266 0.031020 0.004153 0.015690 0.019256 0.090427 0.031872 0.562160 0.000010 0.000010 0.025614 0.045503 0.000010 0.000010
0.166630 0.040742 0.011395 0.000010 0.000010 0.064462 0.000010 0.595708 0.017916 0.000010 0.016449 0.000010 0.055335 0.031314
0.000010 0.999870 0.000010 0.000010 0.000010 0.000010 0.000010 0.000010 0.000010 0.000010 0.000010 0.000010 0.000010 0.000010
0.053521 0.135781 0.022281 0.041549 0.000010 0.376298 0.000010 0.082705 0.000010 0.014169 0.000010 0.000010 0.000010 0.273635
0.343694 0.003108 0.006734 0.000010 0.022156 0.538166 0.000010 0.032552 0.000010 0.000010 0.051284 0.000010 0.000010 0.002245
0.000010 0.999870 0.000010 0.000010 0.000010 0.000010 0.000010 0.000010 0.000010 0.000010 0.000010 0.000010 0.000010 0.000010
0.000010 0.937064 0.000010 0.022959 0.000010 0.000010 0.000010 0.000010 0.003029 0.006653 0.013675 0.014221 0.000010 0.002330
0.000010 0.999870 0.000010 0.000010 0.000010 0.000010 0.000010 0.000010 0.000010 0.000010 0.000010 0.000010 0.000010 0.000010
0.047528 0.003962 0.053527 0.044497 0.047541 0.105897 0.000010 0.330924 0.037689 0.000010 0.229161 0.000010 0.012311 0.086934
0.146207 0.048479 0.000010 0.000010 0.000010 0.114288 0.000010 0.633684 0.000010 0.000010 0.057252 0.000010 0.000010 0.000010
0.164986 0.020994 0.000010 0.000010 0.000010 0.089723 0.000010 0.608800 0.024088 0.046974 0.044365 0.000010 0.000010 0.000010
0.155846 0.031939 0.005249 0.000010 0.015614 0.000010 0.016291 0.720560 0.000010 0.000010 0.048135 0.000010 0.006305 0.000010
0.000010 0.896771 0.000010 0.000010 0.095641 0.007478 0.000010 0.000010 0.000010 0.000010 0.000010 0.000010 0.000010 0.000010
0.044021 0.408176 0.209925 0.056495 0.000010 0.017180 0.264123 0.000010 0.000010 0.000010 0.000010 0.000010 0.000010 0.000010
0.000010 0.999870 0.000010 0.000010 0.000010 0.000010 0.000010 0.000010 0.000010 0.000010 0.000010 0.000010 0.000010 0.000010
0.000010 0.999870 0.000010 0.000010 0.000010 0.000010 0.000010 0.000010 0.000010 0.000010 0.000010 0.000010 0.000010 0.000010
0.000010 0.999870 0.000010 0.000010 0.000010 0.000010 0.000010 0.000010 0.000010 0.000010 0.000010 0.000010 0.000010 0.000010
0.000010 0.999870 0.000010 0.000010 0.000010 0.000010 0.000010 0.000010 0.000010 0.000010 0.000010 0.000010 0.000010 0.000010
0.000010 0.999870 0.000010 0.000010 0.000010 0.000010 0.000010 0.000010 0.000010 0.000010 0.000010 0.000010 0.000010 0.000010
0.000010 0.999870 0.000010 0.000010 0.000010 0.000010 0.000010 0.000010 0.000010 0.000010 0.000010 0.000010 0.000010 0.000010
0.000010 0.033310 0.053184 0.000010 0.047703 0.245910 0.000010 0.263605 0.041705 0.000010 0.314513 0.000010 0.000010 0.000010
0.000010 0.999850 0.000010 0.000010 0.000010 0.000010 0.000020 0.000010 0.000020 0.000010 0.000010 0.000010 0.000010 0.000010
0.000010 0.875127 0.007556 0.005263 0.009836 0.000010 0.000010 0.000010 0.050620 0.005654 0.000010 0.004608 0.000010 0.041275
0.000010 0.000010 0.014062 0.000010 0.000010 0.882410 0.000010 0.092478 0.000010 0.000010 0.010949 0.000010 0.000010 0.000010
0.000010 0.816346 0.000010 0.045084 0.021036 0.000010 0.023804 0.000010 0.025157 0.002419 0.032072 0.028760 0.000010 0.005272
0.000010 0.502744 0.000010 0.070015 0.012844 0.082948 0.000010 0.000010 0.000010 0.000010 0.054908 0.000010 0.040989 0.235482
0.000010 0.999870 0.000010 0.000010 0.000010 0.000010 0.000010 0.000010 0.000010 0.000010 0.000010 0.000010 0.000010 0.000010
0.000010 0.999870 0.000010 0.000010 0.000010 0.000010 0.000010 0.000010 0.000010 0.000010 0.000010 0.000010 0.000010 0.000010
0.000010 0.999870 0.000010 0.000010 0.000010 0.000010 0.000010 0.000010 0.000010 0.000010 0.000010 0.000010 0.000010 0.000010
0.000010 0.999866 0.000010 0.000010 0.000010 0.000010 0.000014 0.000010 0.000010 0.000010 0.000010 0.000010 0.000010 0.000010
0.000010 0.973858 0.000010 0.000010 0.004697 0.000010 0.000010 0.000010 0.000010 0.000010 0.021336 0.000010 0.000010 0.000010
0.000010 0.999870 0.000010 0.000010 0.000010 0.000010 0.000010 0.000010 0.000010 0.000010 0.000010 0.000010 0.000010 0.000010
0.000010 0.000010 0.000010 0.000010 0.000010 0.000010 0.000010 0.000010 0.000010 0.000010 0.999870 0.000010 0.000010 0.000010
0.000010 0.000010 0.000010 0.000010 0.000010 0.000010 0.000010 0.000010 0.999870 0.000010 0.000010 0.000010 0.000010 0.000010
0.000010 0.000010 0.000010 0.000010 0.000010 0.000010 0.000010 0.000010 0.999870 0.000010 0.000010 0.000010 0.000010 0.000010
0.000010 0.000010 0.000010 0.000010 0.000010 0.000010 0.000010 0.000010 0.999870 0.000010 0.000010 0.000010 0.000010 0.000010
0.000010 0.999870 0.000010 0.000010 0.000010 0.000010 0.000010 0.000010 0.000010 0.000010 0.000010 0.000010 0.000010 0.000010
0.000010 0.999870 0.000010 0.000010 0.000010 0.000010 0.000010 0.000010 0.000010 0.000010 0.000010 0.000010 0.000010 0.000010
0.000010 0.000010 0.000010 0.000010 0.000010 0.000010 0.000010 0.000010 0.999870 0.000010 0.000010 0.000010 0.000010 0.000010
0.000010 0.000010 0.000010 0.000010 0.000010 0.019676 0.000010 0.000010 0.980204 0.000010 0.000010 0.000010 0.000010 0.000010
0.000010 0.000010 0.000010 0.000010 0.000010 0.000010 0.000010 0.000010 0.999870 0.000010 0.000010 0.000010 0.000010 0.000010
0.000010 0.999870 0.000010 0.000010 0.000010 0.000010 0.000010 0.000010 0.000010 0.000010 0.000010 0.000010 0.000010 0.000010
0.000014 0.999866 0.000010 0.000010 0.000010 0.000010 0.000010 0.000010 0.000010 0.000010 0.000010 0.000010 0.000010 0.000010
0.000010 0.000010 0.000010 0.000010 0.000010 0.000010 0.000010 0.000010 0.000010 0.238002 0.000010 0.761878 0.000010 0.000010
0.000010 0.999866 0.000014 0.000010 0.000010 0.000010 0.000010 0.000010 0.000010 0.000010 0.000010 0.000010 0.000010 0.000010
0.000010 0.000010 0.000010 0.000010 0.000010 0.094059 0.000010 0.000010 0.000010 0.000010 0.000010 0.000010 0.905821 0.000010
0.000010 0.000010 0.000010 0.999870 0.000010 0.000010 0.000010 0.000010 0.000010 0.000010 0.000010 0.000010 0.000010 0.000010
0.000010 0.033365 0.000010 0.966515 0.000010 0.000010 0.000010 0.000010 0.000010 0.000010 0.000010 0.000010 0.000010 0.000010
0.104434 0.000010 0.000010 0.000010 0.014215 0.533342 0.000010 0.138459 0.000010 0.000010 0.000010 0.000017 0.061487 0.147976
0.000010 0.000010 0.000010 0.999870 0.000010 0.000010 0.000010 0.000010 0.000010 0.000010 0.000010 0.000010 0.000010 0.000010
0.000010 0.006300 0.000010 0.000010 0.002526 0.000987 0.920239 0.000010 0.000010 0.000010 0.005984 0.000010 0.063884 0.000010
0.000010 0.016144 0.056066 0.067743 0.115984 0.000010 0.102038 0.209821 0.024187 0.191092 0.021052 0.095499 0.100344 0.000010
0.015441 0.069514 0.025434 0.000010 0.000010 0.375461 0.005012 0.134463 0.000010 0.000010 0.020466 0.003370 0.070806 0.279993
0.065524 0.002580 0.038639 0.057560 0.051053 0.000010 0.039435 0.013027 0.534179 0.103278 0.013162 0.000010 0.000010 0.081532
0.000010 0.309146 0.000010 0.000010 0.000010 0.000010 0.000010 0.000010 0.000010 0.000010 0.000010 0.000010 0.000010 0.690734
0.000010 0.331690 0.000010 0.000010 0.000010 0.000010 0.000010 0.000010 0.000010 0.000010 0.000010 0.000010 0.000010 0.668190
0.033051 0.000010 0.007911 0.000010 0.028871 0.815745 0.000010 0.027184 0.022807 0.000010 0.000010 0.000010 0.000010 0.064361
0.000010 0.672475 0.032322 0.042735 0.000010 0.000010 0.002892 0.042767 0.064931 0.015433 0.014344 0.015746 0.088565 0.007760
0.058192 0.036391 0.052529 0.000010 0.033554 0.361036 0.000010 0.353790 0.011099 0.000076 0.048196 0.017095 0.016289 0.011734
0.049797 0.061617 0.014341 0.007927 0.000010 0.757491 0.000010 0.064405 0.000010 0.007009 0.007102 0.000205 0.000010 0.030066
0.034155 0.294155 0.000010 0.050560 0.004193 0.390886 0.000010 0.010321 0.000010 0.000010 0.000010 0.033483 0.000210 0.181988
0.035245 0.000010 0.000010 0.022645 0.430329 0.000010 0.000010 0.322850 0.000010 0.000010 0.013634 0.000010 0.175218 0.000010
0.774780 0.017117 0.016842 0.000010 0.000010 0.000010 0.000010 0.108188 0.000010 0.000010 0.026592 0.012827 0.043583 0.000010
0.113553 0.000010 0.000010 0.000010 0.008281 0.029946 0.000010 0.586112 0.016569 0.063270 0.069373 0.031251 0.081595 0.000010
0.002779 0.005268 0.000010 0.038387 0.000010 0.040629 0.106148 0.000019 0.590299 0.163641 0.008991 0.014126 0.029684 0.000010
0.000010 0.870031 0.000010 0.037974 0.027621 0.000010 0.000010 0.000010 0.038471 0.000010 0.000010 0.000010 0.000010 0.025813
0.059033 0.000010 0.000010 0.014964 0.007358 0.000010 0.175447 0.000010 0.547079 0.098799 0.000010 0.028758 0.000010 0.068503
0.000010 0.000010 0.000010 0.000010 0.000010 0.000010 0.000010 0.000010 0.999870 0.000010 0.000010 0.000010 0.000010 0.000010
0.145795 0.000010 0.010246 0.004082 0.000010 0.362164 0.034502 0.285953 0.000010 0.011303 0.070917 0.000010 0.000010 0.074989
0.000010 0.000010 0.010598 0.027053 0.029056 0.660005 0.000010 0.184869 0.013804 0.019415 0.011253 0.043896 0.000010 0.000010
0.000010 0.000010 0.000010 0.000010 0.000010 0.000010 0.649134 0.000010 0.000010 0.000010 0.000010 0.350746 0.000010 0.000010
0.000010 0.008938 0.013900 0.020905 0.000010 0.571996 0.022446 0.192469 0.028204 0.000010 0.049574 0.036125 0.030490 0.024923
0.000168 0.007057 0.021616 0.014315 0.021503 0.749381 0.000010 0.074965 0.027392 0.009884 0.000010 0.000010 0.031658 0.042032
0.023614 0.000012 0.011983 0.009435 0.000010 0.853284 0.005076 0.051327 0.000010 0.000010 0.045208 0.000010 0.000010 0.000010
0.000010 0.000010 0.040324 0.000010 0.041414 0.025883 0.050931 0.313231 0.036474 0.205844 0.000010 0.000010 0.080808 0.205040
0.000010 0.000010 0.000010 0.000010 0.000010 0.000010 0.000010 0.000010 0.000010 0.999870 0.000010 0.000010 0.000010 0.000010
0.000010 0.029201 0.019298 0.014545 0.055362 0.508934 0.000010 0.133556 0.000010 0.000010 0.152454 0.025973 0.060627 0.000010
0.000010 0.000010 0.000010 0.000010 0.000010 0.000010 0.000010 0.000010 0.999870 0.000010 0.000010 0.000010 0.000010 0.000010
0.062843 0.004823 0.059741 0.000010 0.057867 0.048073 0.000010 0.533467 0.009808 0.064731 0.126965 0.000010 0.000010 0.031642
0.000010 0.057118 0.000010 0.023745 0.006120 0.490342 0.000010 0.126486 0.000010 0.000010 0.000010 0.000010 0.030659 0.265461
0.000010 0.012699 0.016649 0.188842 0.000010 0.000010 0.249066 0.097311 0.351940 0.000010 0.000010 0.030800 0.000010 0.052634
0.098108 0.000598 0.069374 0.000010 0.055845 0.094039 0.000010 0.494359 0.038333 0.055301 0.043681 0.050321 0.000010 0.000010
0.000010 0.999870 0.000010 0.000010 0.000010 0.000010 0.000010 0.000010 0.000010 0.000010 0.000010 0.000010 0.000010 0.000010
0.000010 0.032812 0.054228 0.022761 0.000010 0.562327 0.000010 0.080220 0.000010 0.000010 0.048339 0.000010 0.072657 0.126596
0.000010 0.017583 0.025513 0.013979 0.000010 0.585606 0.000010 0.139397 0.000010 0.000010 0.065270 0.000010 0.058030 0.094561
0.043801 0.020836 0.048440 0.000010 0.056277 0.540399 0.000010 0.202568 0.020491 0.026700 0.008224 0.001854 0.000010 0.030378
0.045057 0.022853 0.021579 0.000010 0.028664 0.732988 0.000010 0.037252 0.000010 0.000010 0.000010 0.000010 0.111537 0.000010
0.020059 0.059174 0.008090 0.000010 0.000010 0.142487 0.000010 0.099070 0.010815 0.049598 0.000010 0.000010 0.021772 0.588886
0.000010 0.036809 0.020112 0.040700 0.007899 0.179242 0.000010 0.367742 0.077728 0.019180 0.107921 0.028611 0.081487 0.032548
0.154496 0.000010 0.000010 0.000010 0.000010 0.778164 0.000010 0.000010 0.000010 0.000010 0.000010 0.051158 0.000010 0.016083
0.004197 0.027242 0.000010 0.000010 0.000010 0.968451 0.000010 0.000010 0.000010 0.000010 0.000010 0.000010 0.000010 0.000010
0.032466 0.019396 0.000010 0.018334 0.031612 0.122916 0.000010 0.360062 0.049367 0.026734 0.267542 0.000010 0.000010 0.071531
0.042319 0.133483 0.000010 0.000010 0.012805 0.678723 0.000010 0.006424 0.000010 0.000010 0.016913 0.000010 0.000010 0.109262
0.000010 0.075977 0.045596 0.038518 0.015252 0.075681 0.000010 0.489946 0.046382 0.000010 0.140715 0.035682 0.000010 0.036211
0.072095 0.055950 0.002826 0.012110 0.020317 0.700607 0.018979 0.054951 0.002229 0.016079 0.014918 0.000010 0.000010 0.028919
0.159079 0.025787 0.000010 0.016256 0.012410 0.585746 0.000010 0.135168 0.000010 0.000010 0.036853 0.000010 0.000010 0.028641
0.070538 0.000010 0.092208 0.000010 0.044208 0.000010 0.000010 0.600397 0.049615 0.000503 0.055540 0.000010 0.000010 0.086931
0.000010 0.000010 0.000010 0.002684 0.036345 0.895657 0.000010 0.038315 0.003902 0.000010 0.000010 0.000010 0.015360 0.007667
0.109028 0.297151 0.000010 0.051536 0.000010 0.225968 0.000014 0.006209 0.021484 0.016598 0.011622 0.000010 0.000878 0.259483
0.036305 0.011128 0.000010 0.002953 0.004885 0.810475 0.000010 0.045060 0.023821 0.013696 0.008396 0.000010 0.005475 0.037774
0.000010 0.310160 0.000010 0.025933 0.000010 0.369061 0.000010 0.049148 0.000010 0.000010 0.007069 0.000010 0.000010 0.238549
0.000010 0.000010 0.023274 0.038609 0.010337 0.567037 0.000010 0.181633 0.000010 0.004334 0.116958 0.000010 0.014213 0.043555
0.053116 0.038381 0.000010 0.006477 0.000010 0.766637 0.000010 0.044157 0.000010 0.002588 0.000010 0.010002 0.000010 0.078582
0.037481 0.019579 0.000010 0.011718 0.018439 0.637678 0.000010 0.071612 0.011632 0.000010 0.041094 0.000010 0.066300 0.084427
0.000010 0.265417 0.000010 0.000010 0.000010 0.000010 0.000010 0.000010 0.000010 0.000010 0.000010 0.000010 0.000010 0.734463
0.000010 0.000010 0.000010 0.000010 0.000010 0.000010 0.000010 0.000010 0.000010 0.000010 0.000010 0.000010 0.000010 0.999870
0.000010 0.000010 0.000010 0.000010 0.000010 0.000010 0.000010 0.000010 0.000010 0.000010 0.000010 0.999870 0.000010 0.000010
0.000010 0.139336 0.000010 0.000010 0.000010 0.000010 0.000010 0.000010 0.000010 0.000010 0.000010 0.150088 0.000010 0.710465
0.000010 0.209113 0.000010 0.000010 0.000010 0.000010 0.000010 0.000010 0.000010 0.022759 0.000010 0.112338 0.000010 0.655691
0.000010 0.000010 0.000010 0.000010 0.000010 0.000010 0.000010 0.000010 0.004456 0.000010 0.000010 0.000010 0.004951 0.990484
0.000010 0.000870 0.000010 0.000010 0.013562 0.008215 0.000010 0.037367 0.000010 0.411481 0.000010 0.000010 0.000010 0.528425
0.000010 0.173663 0.020671 0.013798 0.001323 0.060105 0.000010 0.064756 0.000010 0.000010 0.035253 0.063834 0.010722 0.555835
0.000013 0.000010 0.000010 0.000010 0.000010 0.000010 0.000010 0.000010 0.000010 0.000010 0.000010 0.999867 0.000010 0.000010
0.046365 0.000010 0.000010 0.022402 0.078406 0.438411 0.000010 0.073320 0.000010 0.036995 0.262935 0.016984 0.024133 0.000010
0.000010 0.000010 0.000010 0.000010 0.000010 0.000010 0.000010 0.000010 0.000010 0.000010 0.000010 0.000010 0.000010 0.999870
0.000010 0.000010 0.000010 0.000010 0.000010 0.000010 0.000010 0.000010 0.000010 0.000010 0.000010 0.691504 0.000010 0.308376
0.000010 0.000010 0.000010 0.000010 0.000010 0.000010 0.000010 0.000010 0.000010 0.999870 0.000010 0.000010 0.000010 0.000010
0.000010 0.000010 0.000010 0.161733 0.026970 0.000532 0.186947 0.026958 0.451718 0.000010 0.072723 0.000010 0.068992 0.003377
0.043108 0.000010 0.026166 0.173115 0.009633 0.000010 0.199785 0.010953 0.461133 0.000010 0.023336 0.000010 0.052720 0.000010
0.000010 0.000010 0.000010 0.000010 0.000010 0.000010 0.000010 0.000010 0.000010 0.999870 0.000010 0.000010 0.000010 0.000010
0.002661 0.000010 0.000010 0.000010 0.000010 0.064637 0.000010 0.000010 0.000010 0.000010 0.000010 0.016451 0.000010 0.916151
0.000010 0.000010 0.000010 0.000010 0.000010 0.000010 0.000010 0.000010 0.000010 0.000010 0.000010 0.008060 0.000010 0.991820
0.000010 0.000010 0.000010 0.000010 0.000010 0.000010 0.000010 0.000010 0.000010 0.000010 0.000010 0.828552 0.000010 0.171328
0.000010 0.000010 0.000010 0.412117 0.000010 0.000010 0.229253 0.096921 0.140667 0.041917 0.019814 0.000010 0.040153 0.019099
0.000010 0.000010 0.000010 0.999870 0.000010 0.000010 0.000010 0.000010 0.000010 0.000010 0.000010 0.000010 0.000010 0.000010
0.043705 0.000075 0.048306 0.000010 0.032781 0.000010 0.704109 0.000010 0.084286 0.028292 0.000010 0.058386 0.000010 0.000010
0.000010 0.000010 0.000010 0.000010 0.000010 0.030546 0.000010 0.004160 0.036142 0.000010 0.000010 0.024134 0.024381 0.880558
0.181552 0.007921 0.000924 0.000010 0.000010 0.769878 0.000010 0.000010 0.000010 0.002711 0.000010 0.011741 0.000010 0.025201
0.126395 0.006129 0.000010 0.000010 0.000010 0.653034 0.000010 0.108971 0.000010 0.000010 0.026924 0.016585 0.037613 0.024288
0.000010 0.044152 0.021321 0.000010 0.028230 0.000010 0.000010 0.754111 0.053824 0.030386 0.018473 0.000010 0.049444 0.000010
0.058529 0.018708 0.004093 0.000010 0.000010 0.000010 0.000010 0.757872 0.079276 0.000613 0.048547 0.010380 0.021931 0.000010
0.000010 0.000298 0.000010 0.000010 0.001071 0.866244 0.000010 0.049040 0.000010 0.000010 0.022566 0.010284 0.004814 0.045623
0.020019 0.352889 0.000010 0.044134 0.000010 0.193442 0.000010 0.031010 0.000010 0.009060 0.072762 0.000010 0.003287 0.273346
0.080102 0.125124 0.000010 0.011615 0.007325 0.230948 0.000010 0.310460 0.000010 0.000010 0.072601 0.021052 0.004711 0.136023
0.026884 0.048416 0.000010 0.045264 0.021662 0.414391 0.000010 0.263938 0.020204 0.000010 0.000010 0.088524 0.000010 0.070667
0.000010 0.000010 0.999870 0.000010 0.000010 0.000010 0.000010 0.000010 0.000010 0.000010 0.000010 0.000010 0.000010 0.000010
0.206830 0.005486 0.002791 0.000010 0.016004 0.509881 0.000010 0.155514 0.000010 0.018483 0.023479 0.012093 0.030254 0.019156
0.079857 0.014884 0.000010 0.003134 0.000010 0.860107 0.000010 0.000010 0.000010 0.008801 0.000010 0.033138 0.000010 0.000010
0.566964 0.000010 0.000010 0.000010 0.000010 0.154162 0.000010 0.148790 0.018383 0.040945 0.026644 0.012839 0.006226 0.024997
0.089671 0.010277 0.000010 0.019196 0.010272 0.598479 0.000010 0.177674 0.000010 0.000010 0.042599 0.000010 0.051772 0.000010
0.574188 0.035376 0.000010 0.000010 0.022680 0.172452 0.000010 0.149568 0.000010 0.000010 0.011141 0.000010 0.034526 0.000010
0.095045 0.035472 0.006984 0.000010 0.000010 0.344940 0.015742 0.416926 0.038358 0.000010 0.027936 0.016860 0.001697 0.000010
0.000010 0.000010 0.000010 0.000010 0.000010 0.000010 0.000010 0.000010 0.000010 0.000010 0.000010 0.999870 0.000010 0.000010
0.015614 0.007478 0.000010 0.000010 0.000010 0.561633 0.000010 0.221471 0.005832 0.021873 0.009034 0.010137 0.054751 0.092136
0.178747 0.003098 0.000010 0.000010 0.000010 0.585255 0.000010 0.181433 0.028669 0.014957 0.007772 0.000010 0.000010 0.000010
0.106368 0.008966 0.001822 0.000455 0.000010 0.588550 0.000010 0.198006 0.000010 0.029484 0.021130 0.000010 0.000010 0.045170
0.061687 0.034414 0.000010 0.040775 0.000010 0.206391 0.000010 0.452581 0.046322 0.000010 0.090390 0.014889 0.000010 0.052501
0.000010 0.000010 0.000010 0.000010 0.000010 0.908661 0.003924 0.000010 0.000010 0.026037 0.000010 0.000010 0.000010 0.061277
0.000010 0.007050 0.000010 0.000010 0.029760 0.123330 0.000010 0.000010 0.000010 0.000010 0.000010 0.000010 0.839760 0.000010
0.171188 0.017453 0.000010 0.077593 0.000010 0.002747 0.000010 0.641189 0.051938 0.013469 0.024362 0.000010 0.000010 0.000010
0.049166 0.000010 0.000010 0.062785 0.000010 0.127422 0.000010 0.514617 0.048132 0.006199 0.052877 0.051356 0.087396 0.000010
0.099697 0.028666 0.000010 0.061790 0.064075 0.044821 0.000010 0.540447 0.067341 0.000010 0.046213 0.023255 0.000010 0.023655
0.073534 0.000010 0.000010 0.000010 0.033667 0.205222 0.000010 0.589600 0.000010 0.000010 0.068460 0.000010 0.000010 0.029437
0.094855 0.000010 0.000010 0.002787 0.000010 0.812802 0.000010 0.058306 0.000010 0.000010 0.014944 0.003381 0.000010 0.012853
0.030684 0.014678 0.000010 0.013353 0.038405 0.725858 0.000010 0.101955 0.000010 0.000010 0.003386 0.000010 0.019943 0.051688
0.000010 0.000010 0.000010 0.000010 0.018241 0.766729 0.000010 0.178718 0.000010 0.036212 0.000010 0.000010 0.000010 0.000010
0.009444 0.000057 0.000010 0.000010 0.000010 0.861564 0.000010 0.105900 0.000010 0.000010 0.022944 0.000010 0.000010 0.000010
0.234119 0.000865 0.000010 0.053859 0.060384 0.086197 0.000010 0.420232 0.000010 0.000010 0.050063 0.000010 0.094220 0.000010
0.030553 0.458653 0.017453 0.032825 0.027018 0.031411 0.000010 0.230852 0.000368 0.012247 0.049498 0.030227 0.000010 0.078873
0.000010 0.054182 0.005261 0.024519 0.031696 0.457204 0.000010 0.150335 0.008772 0.007929 0.037619 0.001532 0.047496 0.173432
0.089084 0.119614 0.007602 0.048892 0.006467 0.395129 0.000010 0.061806 0.000010 0.000010 0.008278 0.018193 0.000010 0.244894
0.000010 0.022647 0.000010 0.000010 0.000010 0.043289 0.025906 0.822995 0.000010 0.027301 0.000010 0.017262 0.040531 0.000010
0.070646 0.022087 0.000264 0.002610 0.000010 0.820445 0.000010 0.008754 0.000010 0.002689 0.032538 0.000010 0.039916 0.000010
0.021378 0.000010 0.052350 0.000010 0.000010 0.070535 0.000010 0.452620 0.072674 0.069501 0.077046 0.021407 0.000414 0.162035
0.565624 0.000010 0.000010 0.000010 0.000010 0.428648 0.000010 0.000010 0.000010 0.000010 0.005618 0.000010 0.000010 0.000010
0.000010 0.000010 0.000010 0.000010 0.000010 0.999870 0.000010 0.000010 0.000010 0.000010 0.000010 0.000010 0.000010 0.000010
0.113983 0.000010 0.000010 0.000010 0.021182 0.592485 0.000010 0.000010 0.000010 0.010466 0.039444 0.000010 0.173323 0.049048
0.151034 0.074232 0.000010 0.000010 0.000010 0.017227 0.033927 0.599592 0.000010 0.022783 0.048106 0.000010 0.051776 0.001272
0.000010 0.000010 0.000010 0.000010 0.000010 0.999870 0.000010 0.000010 0.000010 0.000010 0.000010 0.000010 0.000010 0.000010
0.022223 0.000010 0.023462 0.000010 0.002687 0.000010 0.000010 0.786594 0.000010 0.081204 0.021624 0.012351 0.049794 0.000010
0.019027 0.011063 0.000010 0.000010 0.000010 0.000010 0.048480 0.783661 0.000010 0.024414 0.001391 0.000010 0.049443 0.062462
0.000010 0.000010 0.011407 0.000010 0.038792 0.000010 0.000010 0.823807 0.000010 0.000162 0.034699 0.022459 0.068604 0.000010
0.000010 0.005300 0.000010 0.000010 0.000010 0.000010 0.037466 0.831459 0.000010 0.004165 0.000010 0.011654 0.109876 0.000010
0.000010 0.000010 0.032954 0.000010 0.033214 0.000010 0.000010 0.794216 0.000010 0.000010 0.000010 0.027399 0.020321 0.091817
0.007428 0.836381 0.000010 0.003352 0.000825 0.000010 0.000010 0.090904 0.017003 0.007926 0.000010 0.001484 0.005777 0.028880
0.000010 0.003423 0.000010 0.038583 0.056413 0.525910 0.000010 0.229597 0.000010 0.000010 0.019609 0.006619 0.004765 0.115030
0.069454 0.000846 0.000010 0.000010 0.000010 0.838502 0.000010 0.000010 0.000010 0.000010 0.007475 0.013810 0.000010 0.069833
0.000010 0.003998 0.000148 0.000010 0.034171 0.747719 0.000010 0.201943 0.000010 0.000747 0.000010 0.000010 0.000010 0.011204
0.023672 0.000010 0.000010 0.011542 0.000010 0.636916 0.000010 0.090973 0.000010 0.000010 0.036348 0.025370 0.097720 0.077400
0.087333 0.000010 0.000010 0.000010 0.000010 0.856166 0.000010 0.000010 0.000010 0.000010 0.000010 0.033172 0.006494 0.016745
0.063246 0.000010 0.000010 0.000010 0.000010 0.000010 0.003998 0.878042 0.000010 0.013123 0.000010 0.037143 0.004368 0.000010
0.040915 0.000010 0.000010 0.011232 0.000010 0.874913 0.000010 0.000010 0.002065 0.011313 0.000010 0.013203 0.046289 0.000010
0.117843 0.033022 0.036147 0.000010 0.000010 0.111022 0.011209 0.662271 0.000010 0.000010 0.028417 0.000010 0.000010 0.000010
0.000010 0.999870 0.000010 0.000010 0.000010 0.000010 0.000010 0.000010 0.000010 0.000010 0.000010 0.000010 0.000010 0.000010
0.000010 0.000010 0.000010 0.027809 0.502343 0.000010 0.013506 0.304769 0.000010 0.000010 0.013594 0.004112 0.133799 0.000010
0.085606 0.029889 0.000010 0.031594 0.007880 0.040601 0.000010 0.625785 0.000010 0.031435 0.035164 0.000010 0.096356 0.015651
0.087376 0.000829 0.000010 0.000010 0.000010 0.262591 0.008903 0.608154 0.000010 0.000010 0.005429 0.000217 0.000010 0.026442
0.014566 0.000010 0.000010 0.088455 0.039578 0.037961 0.017904 0.624025 0.023731 0.016980 0.043720 0.017021 0.076029 0.000010
0.000010 0.000010 0.009296 0.000010 0.028580 0.000010 0.036516 0.764388 0.020245 0.066973 0.000010 0.014533 0.041437 0.017982
0.019364 0.033657 0.044897 0.052492 0.025703 0.078632 0.000010 0.711413 0.000010 0.000010 0.000276 0.014541 0.018985 0.000010
