0.000010 0.384429 0.091451 0.000010 0.000019 0.021726 0.408158 0.000010 0.000010 0.069091 0.025067 0.000010 0.000010
0.008751 0.158399 0.125469 0.034528 0.000010 0.000010 0.559263 0.000010 0.014444 0.021757 0.055418 0.021932 0.000010
0.048061 0.378796 0.045618 0.000010 0.000010 0.024317 0.390374 0.043104 0.015510 0.000010 0.000010 0.000010 0.054171
0.016011 0.000010 0.000010 0.022135 0.047836 0.019512 0.000010 0.000010 0.001140 0.893296 0.000010 0.000010 0.000010
0.000010 0.185238 0.167439 0.000010 0.053189 0.051632 0.422306 0.006376 0.000010 0.000010 0.090354 0.006327 0.017099
0.023538 0.704916 0.060643 0.017658 0.021732 0.027488 0.128289 0.000010 0.000010 0.014736 0.000015 0.000010 0.000956
0.022635 0.300000 0.005661 0.042377 0.010108 0.000010 0.121353 0.000012 0.000010 0.418658 0.000010 0.000010 0.079156
0.000010 0.890160 0.004872 0.040037 0.000010 0.006473 0.000010 0.000010 0.000010 0.009410 0.000010 0.048978 0.000010
0.014280 0.017322 0.171271 0.005123 0.048821 0.000011 0.605354 0.000010 0.000010 0.049892 0.017345 0.070551 0.000010
0.000010 0.825783 0.046805 0.000010 0.000010 0.000010 0.051950 0.000010 0.000010 0.019819 0.000010 0.055563 0.000010
0.000010 0.539877 0.239379 0.003086 0.000010 0.000010 0.141209 0.000010 0.000010 0.000010 0.001633 0.074746 0.000010
0.000279 0.329361 0.092409 0.041578 0.014757 0.031897 0.455817 0.027100 0.000010 0.000010 0.000010 0.000010 0.006761
0.164836 0.005885 0.003043 0.048090 0.065822 0.117041 0.417331 0.019129 0.000010 0.064104 0.000010 0.071800 0.022898
0.059712 0.000010 0.005504 0.030908 0.009821 0.042153 0.330737 0.000010 0.000010 0.460867 0.000010 0.028865 0.031393
0.000010 0.869623 0.074896 0.000010 0.000010 0.025233 0.000010 0.000010 0.011349 0.004630 0.000010 0.014198 0.000010
0.046319 0.332294 0.063713 0.008459 0.031532 0.026650 0.413937 0.023044 0.035148 0.000010 0.002868 0.010909 0.005116
0.016157 0.669410 0.060609 0.002175 0.004261 0.000012 0.172438 0.000010 0.000010 0.013206 0.036930 0.024772 0.000010
0.037291 0.472963 0.015301 0.055983 0.000010 0.000010 0.091659 0.002819 0.000010 0.275696 0.000010 0.000010 0.048238
0.014932 0.243182 0.036889 0.042266 0.011008 0.000010 0.000010 0.000010 0.000010 0.000010 0.000010 0.651654 0.000010
0.000010 0.000010 0.000010 0.007814 0.008171 0.002734 0.000010 0.046038 0.890117 0.000010 0.045055 0.000010 0.000010
0.000683 0.013753 0.000010 0.013556 0.002335 0.000010 0.000010 0.000010 0.960589 0.008277 0.000010 0.000747 0.000010
0.000010 0.000010 0.000010 0.000010 0.000010 0.000010 0.000010 0.000010 0.999880 0.000010 0.000010 0.000010 0.000010
0.008495 0.016257 0.000010 0.041462 0.000010 0.000010 0.000010 0.009811 0.914971 0.000010 0.008935 0.000010 0.000010
0.076015 0.015850 0.013975 0.000010 0.008636 0.004172 0.064184 0.000010 0.056818 0.694281 0.025340 0.017368 0.023342
0.000010 0.000010 0.000010 0.000010 0.000010 0.000010 0.000010 0.000010 0.000010 0.000010 0.000010 0.999880 0.000010
0.004629 0.000010 0.000010 0.000010 0.011632 0.000010 0.000010 0.037813 0.930943 0.000010 0.014902 0.000010 0.000010
0.011395 0.030431 0.148945 0.032583 0.066670 0.000010 0.573920 0.031525 0.003798 0.021160 0.079544 0.000010 0.000010
0.000010 0.000010 0.000010 0.000010 0.000010 0.000010 0.000010 0.009074 0.968094 0.018051 0.004692 0.000010 0.000010
0.055600 0.091361 0.011916 0.000010 0.063835 0.000014 0.612702 0.000010 0.014255 0.004382 0.042687 0.096631 0.006598
0.039850 0.076979 0.000010 0.000010 0.047612 0.000010 0.691223 0.003560 0.023705 0.056528 0.006607 0.053897 0.000010
0.000010 0.000010 0.031336 0.000010 0.015824 0.028212 0.807983 0.000010 0.004232 0.000010 0.007538 0.104816 0.000010
0.078157 0.067259 0.022335 0.000010 0.022549 0.027575 0.678795 0.018732 0.000010 0.000010 0.024209 0.060349 0.000010
0.229427 0.028215 0.000010 0.009754 0.058178 0.080162 0.288942 0.057479 0.000010 0.074678 0.088184 0.021343 0.063618
0.139843 0.000010 0.010315 0.028612 0.070679 0.100040 0.441247 0.000010 0.000010 0.000121 0.057274 0.151829 0.000010
0.000010 0.126037 0.116738 0.303988 0.016198 0.000010 0.338264 0.025658 0.007245 0.000010 0.036269 0.029562 0.000010
0.039759 0.113783 0.298919 0.006872 0.036248 0.000010 0.146274 0.007566 0.006196 0.336107 0.000010 0.000010 0.008246
0.008280 0.187533 0.239460 0.000010 0.078450 0.000010 0.047946 0.000010 0.000010 0.420236 0.000010 0.018034 0.000010
0.000010 0.000010 0.000010 0.000010 0.000010 0.000010 0.000010 0.994568 0.000010 0.000011 0.005322 0.000010 0.000010
0.049843 0.000010 0.102086 0.076256 0.060107 0.017171 0.601023 0.000010 0.000010 0.012821 0.000010 0.080642 0.000010
0.008192 0.032341 0.000010 0.006713 0.054599 0.053586 0.708462 0.011756 0.000010 0.023064 0.039516 0.040780 0.020970
0.000010 0.999880 0.000010 0.000010 0.000010 0.000010 0.000010 0.000010 0.000010 0.000010 0.000010 0.000010 0.000010
0.038561 0.177559 0.007054 0.006201 0.025444 0.043381 0.494131 0.000010 0.016954 0.019849 0.024904 0.110606 0.035344
0.053948 0.704358 0.014310 0.013551 0.000010 0.011254 0.152181 0.000010 0.014948 0.000010 0.000010 0.000010 0.035400
0.012633 0.796036 0.000010 0.014091 0.000010 0.000010 0.132703 0.015062 0.000010 0.024038 0.000010 0.000074 0.005314
0.000010 0.000010 0.000010 0.000010 0.643509 0.051310 0.217238 0.000010 0.000010 0.000010 0.000010 0.087853 0.000010
0.000010 0.000010 0.000010 0.000010 0.000160 0.000018 0.000010 0.312705 0.662871 0.000013 0.018538 0.005634 0.000010
0.000010 0.000010 0.018625 0.006834 0.000010 0.000010 0.021287 0.278218 0.674843 0.000010 0.000123 0.000010 0.000010
0.145765 0.000010 0.049495 0.016832 0.073272 0.012769 0.125399 0.195566 0.249287 0.000010 0.131573 0.000010 0.000010
0.107027 0.000010 0.069397 0.032975 0.088506 0.132975 0.324861 0.022185 0.012851 0.000010 0.043330 0.076687 0.089185
0.058012 0.033978 0.011814 0.034241 0.153073 0.106691 0.420057 0.000010 0.036194 0.047360 0.015671 0.073979 0.008919
0.000010 0.000010 0.000010 0.000010 0.000010 0.000010 0.000010 0.000010 0.000010 0.000010 0.000010 0.000010 0.999880
0.091277 0.000010 0.000010 0.011017 0.070199 0.098856 0.365080 0.026539 0.028520 0.000010 0.102399 0.150279 0.055804
0.000010 0.000010 0.000010 0.000010 0.000010 0.000010 0.000010 0.000010 0.000010 0.000010 0.000010 0.000010 0.999880
0.100807 0.026561 0.074510 0.043413 0.126398 0.113158 0.380805 0.028408 0.000010 0.000010 0.022759 0.077773 0.005386
0.109112 0.000010 0.000010 0.003690 0.125263 0.117128 0.382750 0.052020 0.000585 0.000010 0.000010 0.147173 0.062239
0.000010 0.000010 0.000010 0.999880 0.000010 0.000010 0.000010 0.000010 0.000010 0.000010 0.000010 0.000010 0.000010
0.000010 0.872127 0.000010 0.036696 0.021158 0.000010 0.000010 0.022213 0.000010 0.009634 0.038101 0.000010 0.000010
0.077186 0.000010 0.068052 0.032511 0.014822 0.048685 0.652779 0.000010 0.000010 0.030281 0.000010 0.075634 0.000010
0.023524 0.000010 0.078446 0.008506 0.017783 0.017105 0.675350 0.000010 0.000010 0.028033 0.000010 0.103130 0.048082
0.009845 0.659913 0.052333 0.013920 0.001283 0.000010 0.108422 0.000010 0.000010 0.041714 0.000010 0.019181 0.093351
0.000010 0.000010 0.024352 0.000010 0.080991 0.000010 0.833254 0.017701 0.000010 0.000010 0.000010 0.017474 0.026158
0.058395 0.084354 0.035183 0.038613 0.060408 0.000010 0.661581 0.000010 0.000010 0.026209 0.000010 0.035208 0.000010
0.000010 0.439561 0.000010 0.029225 0.005269 0.037641 0.327718 0.000010 0.047803 0.010559 0.000010 0.088416 0.013769
0.075931 0.024285 0.047478 0.011742 0.024748 0.019596 0.774634 0.014534 0.000010 0.007013 0.000010 0.000010 0.000010
0.049124 0.044225 0.046060 0.031764 0.041628 0.057779 0.572434 0.017680 0.000010 0.018460 0.030140 0.083934 0.006760
0.014888 0.163641 0.091960 0.090958 0.000010 0.165127 0.079697 0.044930 0.008349 0.216253 0.000010 0.059154 0.065021
0.183734 0.000010 0.000010 0.000010 0.000010 0.000010 0.000010 0.575238 0.000010 0.240928 0.000010 0.000010 0.000010
0.026153 0.000010 0.017596 0.038015 0.009373 0.029418 0.120686 0.029967 0.000010 0.680839 0.047914 0.000010 0.000010
0.015826 0.869169 0.000010 0.029441 0.000010 0.014117 0.021967 0.020673 0.004780 0.010814 0.000010 0.009588 0.003596
0.135504 0.000010 0.025331 0.032270 0.120385 0.068808 0.414301 0.000010 0.000010 0.000010 0.031554 0.165010 0.006797
0.127656 0.043180 0.073923 0.000010 0.086616 0.079547 0.333987 0.000010 0.040690 0.001503 0.039710 0.113755 0.059414
0.075069 0.078864 0.013109 0.041799 0.090835 0.212255 0.235686 0.000010 0.001876 0.000010 0.026309 0.185916 0.038261
0.025806 0.003299 0.187356 0.145514 0.000010 0.000010 0.562347 0.000010 0.000010 0.000010 0.035781 0.000010 0.039837
0.043332 0.088563 0.057749 0.010994 0.000010 0.049832 0.693695 0.017351 0.000010 0.010338 0.002104 0.003566 0.022454
0.042479 0.080807 0.079871 0.114743 0.044748 0.008824 0.554335 0.000010 0.000010 0.019423 0.000010 0.054729 0.000010
0.039787 0.008201 0.042301 0.028370 0.014495 0.060894 0.681062 0.029982 0.000010 0.000010 0.038106 0.056772 0.000010
0.006456 0.015566 0.032449 0.036234 0.000280 0.043311 0.767191 0.002425 0.000281 0.021038 0.000010 0.037593 0.037167
0.032740 0.011973 0.089463 0.035328 0.000018 0.070949 0.590520 0.038410 0.028759 0.000010 0.000010 0.089114 0.012706
0.000010 0.000010 0.000010 0.000010 0.000010 0.000010 0.000010 0.999880 0.000010 0.000010 0.000010 0.000010 0.000010
0.046312 0.084086 0.024247 0.000010 0.011431 0.052197 0.691251 0.000010 0.000010 0.020822 0.030453 0.039161 0.000010
0.000010 0.000010 0.093283 0.035052 0.017610 0.089195 0.660086 0.015086 0.005384 0.013723 0.000010 0.041406 0.029146
0.026539 0.591773 0.187250 0.000010 0.000010 0.000010 0.161525 0.011847 0.001238 0.019768 0.000010 0.000010 0.000010
0.007413 0.568538 0.233822 0.040981 0.000010 0.031654 0.087268 0.003079 0.000010 0.018172 0.000010 0.009034 0.000010
0.000010 0.041011 0.035891 0.732912 0.000010 0.000010 0.138504 0.000010 0.000010 0.000010 0.051601 0.000010 0.000010
0.000010 0.721856 0.044003 0.000010 0.007257 0.000010 0.108488 0.000010 0.000010 0.061668 0.000010 0.000010 0.056659
0.000010 0.000010 0.000010 0.000010 0.000010 0.000010 0.000010 0.999880 0.000010 0.000010 0.000010 0.000010 0.000010
0.000010 0.000010 0.000012 0.014278 0.039949 0.017301 0.045469 0.009575 0.716506 0.000010 0.090244 0.000010 0.066627
0.007055 0.350340 0.524833 0.050598 0.000011 0.000010 0.047091 0.000010 0.000010 0.000010 0.000010 0.020012 0.000010
0.109494 0.137554 0.118609 0.082086 0.105119 0.053459 0.376667 0.000014 0.016103 0.000864 0.000010 0.000010 0.000010
0.008708 0.000010 0.000010 0.000010 0.011922 0.000010 0.011505 0.062114 0.780867 0.022054 0.053124 0.005496 0.044171
0.000010 0.000010 0.014624 0.048816 0.010435 0.000010 0.036577 0.031552 0.811442 0.023570 0.022933 0.000010 0.000010
0.033493 0.006073 0.006932 0.000010 0.000010 0.036743 0.077587 0.014128 0.728394 0.000010 0.082737 0.000010 0.013874
0.000010 0.000010 0.001599 0.010876 0.000010 0.020576 0.075125 0.077470 0.795087 0.000010 0.016431 0.002786 0.000010
0.000010 0.000010 0.000010 0.003603 0.021788 0.033586 0.046852 0.023672 0.772394 0.000010 0.062693 0.010366 0.025007
0.041763 0.116378 0.115946 0.020879 0.020975 0.040966 0.327256 0.012296 0.277546 0.024894 0.000010 0.001082 0.000010
0.000010 0.000010 0.000010 0.000010 0.999879 0.000010 0.000010 0.000010 0.000010 0.000010 0.000011 0.000010 0.000010
0.000010 0.000010 0.000010 0.000010 0.999880 0.000010 0.000010 0.000010 0.000010 0.000010 0.000010 0.000010 0.000010
0.045523 0.203895 0.354823 0.009050 0.030563 0.028798 0.290886 0.000010 0.000010 0.000010 0.036409 0.000013 0.000010
0.000010 0.784070 0.094636 0.000010 0.000010 0.006835 0.000010 0.024080 0.033317 0.056993 0.000010 0.000010 0.000010
0.000010 0.000010 0.000010 0.000010 0.999880 0.000010 0.000010 0.000010 0.000010 0.000010 0.000010 0.000010 0.000010
0.000010 0.000010 0.148357 0.087295 0.000010 0.073830 0.671971 0.000010 0.000010 0.009899 0.008577 0.000010 0.000010
0.000010 0.000010 0.000010 0.000010 0.999880 0.000010 0.000010 0.000010 0.000010 0.000010 0.000010 0.000010 0.000010
0.000010 0.170371 0.123244 0.066317 0.012880 0.016733 0.538777 0.000010 0.000010 0.006730 0.000010 0.022868 0.042041
0.000010 0.000010 0.000010 0.000010 0.000010 0.000010 0.000010 0.000010 0.000010 0.999880 0.000010 0.000010 0.000010
0.000010 0.647048 0.225237 0.000010 0.010387 0.019915 0.051119 0.000010 0.000010 0.000010 0.000010 0.046224 0.000010
0.000010 0.000010 0.000010 0.000010 0.567525 0.000010 0.000010 0.000010 0.000010 0.432365 0.000010 0.000010 0.000010
0.000010 0.000010 0.999880 0.000010 0.000010 0.000010 0.000010 0.000010 0.000010 0.000010 0.000010 0.000010 0.000010
0.000010 0.038870 0.085744 0.103693 0.071944 0.000010 0.596841 0.018067 0.000010 0.050803 0.000010 0.000010 0.033988
0.000010 0.203446 0.127729 0.055330 0.024435 0.044160 0.488675 0.000010 0.000010 0.019412 0.034086 0.002687 0.000010
0.000010 0.802098 0.068672 0.000010 0.043786 0.000010 0.058812 0.000015 0.000010 0.000010 0.026547 0.000010 0.000010
0.032077 0.000010 0.008668 0.000010 0.082393 0.217070 0.121935 0.048031 0.002277 0.000010 0.060444 0.106514 0.320562
0.000010 0.528194 0.085976 0.027978 0.000010 0.035230 0.284350 0.000010 0.000010 0.000010 0.001221 0.015277 0.021724
0.000010 0.716235 0.065996 0.020894 0.000010 0.007806 0.138431 0.000010 0.000010 0.000010 0.000010 0.011074 0.039502
0.000010 0.847200 0.063854 0.000010 0.000010 0.000010 0.046379 0.000010 0.000010 0.017377 0.000010 0.025111 0.000010
0.007404 0.114988 0.081212 0.074484 0.054297 0.017037 0.615213 0.013729 0.000010 0.000010 0.000010 0.000010 0.021595
0.000010 0.000010 0.999880 0.000010 0.000010 0.000010 0.000010 0.000010 0.000010 0.000010 0.000010 0.000010 0.000010
0.000010 0.000010 0.000010 0.000010 0.000010 0.000010 0.000010 0.000010 0.000010 0.999880 0.000010 0.000010 0.000010
0.000010 0.000010 0.000010 0.000010 0.000010 0.000010 0.000010 0.000010 0.000010 0.999880 0.000010 0.000010 0.000010
0.000010 0.711463 0.163741 0.027557 0.017007 0.000010 0.079382 0.000781 0.000010 0.000010 0.000010 0.000010 0.000010
0.000010 0.000010 0.000010 0.000010 0.000010 0.000010 0.000010 0.000010 0.000010 0.999880 0.000010 0.000010 0.000010
0.033035 0.778484 0.000010 0.000010 0.000010 0.000010 0.069356 0.012578 0.000010 0.006388 0.015646 0.026728 0.057735
0.000010 0.994556 0.005334 0.000010 0.000010 0.000010 0.000010 0.000010 0.000010 0.000010 0.000010 0.000010 0.000010
0.000010 0.000010 0.000010 0.000010 0.000010 0.000010 0.000010 0.000010 0.000010 0.999880 0.000010 0.000010 0.000010
0.000010 0.000010 0.000010 0.000010 0.000010 0.000010 0.000010 0.000010 0.000010 0.999880 0.000010 0.000010 0.000010
0.000010 0.000010 0.000010 0.000010 0.000010 0.000010 0.000010 0.000010 0.000010 0.999880 0.000010 0.000010 0.000010
0.014107 0.000010 0.000010 0.000010 0.000010 0.000010 0.000010 0.000010 0.000010 0.985783 0.000010 0.000010 0.000010
0.009196 0.000010 0.004040 0.000010 0.000010 0.000010 0.073147 0.028448 0.000010 0.848081 0.037018 0.000010 0.000010
0.016139 0.078682 0.198538 0.027458 0.028778 0.000010 0.536747 0.008078 0.037542 0.028382 0.000010 0.005169 0.034466
0.000010 0.061120 0.180921 0.022454 0.000010 0.000010 0.605356 0.010731 0.000010 0.047439 0.018576 0.046188 0.007176
0.000010 0.000010 0.000010 0.000010 0.000010 0.000010 0.000010 0.000010 0.000010 0.999880 0.000010 0.000010 0.000010
0.044584 0.434585 0.044351 0.019045 0.000010 0.000010 0.177490 0.033242 0.000010 0.157945 0.000010 0.000010 0.088707
0.000010 0.537573 0.349292 0.052918 0.019671 0.000010 0.027044 0.008597 0.000010 0.004459 0.000010 0.000395 0.000010
0.000010 0.000010 0.000010 0.000010 0.000010 0.000010 0.000010 0.000010 0.000010 0.999880 0.000010 0.000010 0.000010
0.023213 0.000010 0.000010 0.013950 0.000010 0.002389 0.000010 0.000010 0.000010 0.937315 0.002409 0.000010 0.020653
0.000010 0.000010 0.000010 0.000010 0.000010 0.000010 0.000010 0.000010 0.000010 0.999880 0.000010 0.000010 0.000010
0.036232 0.115957 0.046626 0.234418 0.048589 0.000010 0.361749 0.050793 0.000010 0.014901 0.034671 0.013276 0.042768
0.000012 0.101724 0.167259 0.061796 0.000010 0.000010 0.622129 0.000010 0.000010 0.047011 0.000010 0.000010 0.000010
0.000010 0.086089 0.180962 0.042629 0.000010 0.048164 0.600820 0.000010 0.000010 0.014387 0.026889 0.000011 0.000010
0.000010 0.000010 0.158399 0.045951 0.024037 0.000011 0.708077 0.002260 0.022350 0.033664 0.000010 0.005212 0.000010
0.000010 0.005462 0.000010 0.000010 0.098411 0.000010 0.000010 0.000010 0.000010 0.896027 0.000010 0.000010 0.000010
0.060766 0.008368 0.043608 0.000010 0.000010 0.000010 0.000010 0.196647 0.278998 0.411543 0.000010 0.000010 0.000010
0.000010 0.000010 0.000010 0.000010 0.000010 0.000010 0.000010 0.000010 0.000010 0.999880 0.000010 0.000010 0.000010
0.000010 0.000010 0.000010 0.000010 0.000010 0.000011 0.000010 0.000010 0.000010 0.999879 0.000010 0.000010 0.000010
0.000010 0.000010 0.000010 0.000010 0.000010 0.000010 0.000010 0.000010 0.000010 0.999880 0.000010 0.000010 0.000010
0.000010 0.000010 0.000010 0.000010 0.000010 0.000010 0.000010 0.000010 0.000010 0.999880 0.000010 0.000010 0.000010
0.000020 0.000010 0.000010 0.000010 0.000010 0.000010 0.000010 0.000010 0.000010 0.999870 0.000010 0.000010 0.000010
0.000010 0.000010 0.000010 0.000010 0.000010 0.000010 0.000010 0.000010 0.000010 0.999880 0.000010 0.000010 0.000010
0.000010 0.244765 0.000010 0.311652 0.050180 0.000010 0.267657 0.058194 0.000010 0.031379 0.035899 0.000222 0.000010
0.000010 0.000010 0.000010 0.000010 0.000010 0.000010 0.000010 0.000010 0.000010 0.999880 0.000010 0.000010 0.000010
0.006317 0.000010 0.000010 0.001278 0.014497 0.005213 0.007672 0.005293 0.000010 0.879856 0.057970 0.000010 0.021865
0.000010 0.888216 0.000010 0.008418 0.000010 0.000010 0.089903 0.013373 0.000010 0.000010 0.000010 0.000010 0.000010
0.041509 0.000010 0.000010 0.033661 0.016331 0.007435 0.000010 0.000010 0.025511 0.821818 0.018669 0.005346 0.029681
0.060529 0.136461 0.000010 0.070393 0.012768 0.000010 0.094028 0.000010 0.000010 0.526977 0.000010 0.054898 0.043897
0.000010 0.000010 0.000010 0.000010 0.000010 0.000010 0.000010 0.000010 0.000010 0.999880 0.000010 0.000010 0.000010
0.000010 0.000010 0.000010 0.000010 0.000010 0.000010 0.000010 0.000010 0.000010 0.999880 0.000010 0.000010 0.000010
0.000010 0.000010 0.000010 0.000010 0.000010 0.000010 0.000010 0.000010 0.000010 0.999880 0.000010 0.000010 0.000010
0.000010 0.000010 0.000010 0.000010 0.000010 0.000010 0.000010 0.000010 0.000010 0.999880 0.000010 0.000010 0.000010
0.000011 0.000010 0.000010 0.015925 0.010660 0.000010 0.000010 0.000010 0.000010 0.973314 0.000010 0.000010 0.000010
0.000010 0.000010 0.000010 0.000010 0.000010 0.000010 0.000010 0.000010 0.000010 0.999880 0.000010 0.000010 0.000010
0.000010 0.000010 0.000010 0.999880 0.000010 0.000010 0.000010 0.000010 0.000010 0.000010 0.000010 0.000010 0.000010
0.000010 0.000010 0.000010 0.000010 0.000010 0.000010 0.000010 0.000010 0.000010 0.000010 0.999880 0.000010 0.000010
0.000010 0.000010 0.000010 0.000010 0.000010 0.000010 0.000010 0.000010 0.000010 0.000010 0.999880 0.000010 0.000010
0.000010 0.000010 0.000010 0.000010 0.000010 0.000010 0.000010 0.000010 0.000010 0.000011 0.999879 0.000010 0.000010
0.000010 0.000010 0.000010 0.000010 0.000010 0.000010 0.000010 0.000010 0.000010 0.999880 0.000010 0.000010 0.000010
0.000010 0.000010 0.000017 0.000010 0.000010 0.000010 0.000010 0.000010 0.000010 0.999873 0.000010 0.000010 0.000010
0.000010 0.000010 0.000010 0.000010 0.000010 0.000010 0.000010 0.000010 0.000010 0.000010 0.999880 0.000010 0.000010
0.000010 0.018016 0.000010 0.000010 0.000010 0.000010 0.000010 0.000010 0.000010 0.000010 0.981874 0.000010 0.000010
0.000010 0.000010 0.000010 0.000010 0.000010 0.000010 0.000010 0.000010 0.000010 0.000010 0.999880 0.000010 0.000010
0.000010 0.000010 0.000010 0.000010 0.000010 0.000010 0.000010 0.000010 0.000010 0.999880 0.000010 0.000010 0.000010
0.000010 0.000010 0.000010 0.000010 0.000010 0.000010 0.000010 0.000010 0.000010 0.999880 0.000010 0.000010 0.000010
0.000010 0.000010 0.000010 0.000010 0.000010 0.320681 0.000010 0.000010 0.000010 0.000010 0.000010 0.000010 0.679209
0.000010 0.000010 0.000010 0.000010 0.000010 0.000010 0.000012 0.000010 0.000010 0.999878 0.000010 0.000010 0.000010
0.000010 0.095004 0.000010 0.000010 0.000010 0.000010 0.000010 0.000010 0.000010 0.000010 0.000010 0.904886 0.000010
0.999880 0.000010 0.000010 0.000010 0.000010 0.000010 0.000010 0.000010 0.000010 0.000010 0.000010 0.000010 0.000010
0.979456 0.000010 0.000010 0.000010 0.000010 0.000010 0.000010 0.000010 0.000010 0.020434 0.000010 0.000010 0.000010
0.000010 0.553664 0.109337 0.000010 0.014136 0.000010 0.193060 0.000010 0.000010 0.000010 0.000010 0.070881 0.058851
0.999880 0.000010 0.000010 0.000010 0.000010 0.000010 0.000010 0.000010 0.000010 0.000010 0.000010 0.000010 0.000010
0.001502 0.001816 0.000010 0.001555 0.000010 0.000010 0.000010 0.000010 0.927181 0.001892 0.000010 0.065984 0.000010
0.068231 0.000010 0.000010 0.020438 0.122231 0.200013 0.196563 0.052806 0.099900 0.011991 0.035612 0.108421 0.083775
0.000010 0.425032 0.016080 0.036561 0.000010 0.000010 0.245410 0.029300 0.000010 0.090474 0.000010 0.072880 0.084213
0.061619 0.019373 0.067348 0.018340 0.049064 0.100155 0.042850 0.047061 0.045151 0.008935 0.535186 0.000010 0.004908
0.026488 0.090739 0.013842 0.048508 0.004731 0.000010 0.275040 0.000010 0.000010 0.359487 0.000010 0.000010 0.181114
0.035740 0.039971 0.027877 0.008158 0.000010 0.000010 0.280898 0.000010 0.000010 0.384713 0.000010 0.000010 0.222583
0.000010 0.830853 0.033202 0.000010 0.028547 0.000010 0.052160 0.009772 0.000010 0.001838 0.025681 0.000010 0.017898
0.040139 0.000010 0.000010 0.011253 0.000010 0.017010 0.043243 0.032525 0.004565 0.675939 0.065329 0.092452 0.017516
0.000010 0.360476 0.065180 0.046571 0.040810 0.013759 0.362257 0.058754 0.000010 0.033531 0.002782 0.012470 0.003389
0.007669 0.769778 0.051324 0.007546 0.001332 0.008118 0.076768 0.015738 0.000010 0.061687 0.000010 0.000010 0.000010
0.051081 0.414468 0.032102 0.010736 0.002135 0.000010 0.067063 0.000010 0.000010 0.310686 0.000010 0.010122 0.101567
0.019994 0.000010 0.040429 0.015015 0.437104 0.000010 0.322900 0.000010 0.000010 0.000010 0.000010 0.164489 0.000010
0.000010 0.000010 0.781800 0.027629 0.002831 0.000010 0.116631 0.015043 0.000010 0.022165 0.000010 0.033841 0.000010
0.000010 0.022221 0.126403 0.067160 0.011889 0.079057 0.569375 0.000010 0.000010 0.000010 0.019145 0.083999 0.020710
0.048294 0.045821 0.011619 0.002708 0.000010 0.160291 0.016483 0.000010 0.110829 0.001029 0.579042 0.023855 0.000010
0.034322 0.002028 0.000010 0.000010 0.031375 0.000010 0.000010 0.000010 0.000010 0.874990 0.041594 0.005048 0.010583
0.021450 0.000010 0.077255 0.000010 0.012274 0.098764 0.022378 0.000010 0.181110 0.000010 0.552722 0.000010 0.033997
0.000010 0.000010 0.000010 0.000010 0.000010 0.000010 0.000010 0.000010 0.000010 0.000010 0.999880 0.000010 0.000010
0.005745 0.380047 0.151022 0.070173 0.000010 0.017184 0.313327 0.009598 0.039550 0.000010 0.000010 0.000010 0.013315
0.026838 0.655499 0.003043 0.012660 0.032415 0.030545 0.176033 0.011056 0.000010 0.000010 0.015265 0.000010 0.036616
0.000010 0.000010 0.000010 0.000010 0.008000 0.000010 0.000010 0.000010 0.657071 0.000010 0.000010 0.000010 0.334829
0.020510 0.578866 0.000010 0.049559 0.005405 0.000010 0.204025 0.012341 0.023861 0.011082 0.029288 0.024640 0.040403
0.015648 0.758228 0.005566 0.000010 0.020304 0.011792 0.095282 0.019511 0.000010 0.007870 0.029130 0.035716 0.000932
0.008771 0.853440 0.026061 0.047615 0.000010 0.000010 0.048283 0.013236 0.002535 0.000010 0.000010 0.000010 0.000010
0.000010 0.084784 0.000010 0.012912 0.048775 0.216613 0.388181 0.044175 0.041632 0.000010 0.050387 0.095200 0.017311
0.000010 0.000010 0.000010 0.000010 0.000010 0.999880 0.000010 0.000010 0.000010 0.000010 0.000010 0.000010 0.000010
0.013641 0.512631 0.000010 0.153343 0.058030 0.000010 0.129779 0.019063 0.000010 0.033807 0.000010 0.056588 0.023078
0.000010 0.000010 0.000010 0.000010 0.000010 0.000010 0.000010 0.000010 0.000010 0.000010 0.999880 0.000010 0.000010
0.000010 0.055422 0.076225 0.124352 0.059029 0.071002 0.535140 0.062185 0.002992 0.004142 0.009481 0.000013 0.000010
0.034534 0.555786 0.000010 0.008752 0.003501 0.000010 0.234060 0.000010 0.000017 0.069601 0.000010 0.033822 0.059888
0.189817 0.000010 0.000010 0.000010 0.000010 0.000010 0.121454 0.017934 0.249700 0.018043 0.354789 0.000010 0.048203
0.000010 0.089885 0.112106 0.042329 0.065255 0.062344 0.477307 0.069719 0.000010 0.000010 0.039229 0.000010 0.041786
0.000010 0.000010 0.000010 0.000010 0.000010 0.000010 0.000010 0.000010 0.000010 0.999880 0.000010 0.000010 0.000010
0.027899 0.598674 0.000010 0.064228 0.000010 0.000010 0.143237 0.050777 0.000010 0.041079 0.000010 0.071425 0.002631
0.017809 0.615505 0.000010 0.073954 0.000010 0.000010 0.182365 0.024045 0.000010 0.022339 0.000010 0.053020 0.010913
0.000011 0.547563 0.053260 0.009797 0.058013 0.034009 0.196672 0.046319 0.000010 0.021524 0.027023 0.000010 0.005790
0.000010 0.735221 0.045216 0.000010 0.023465 0.000010 0.040594 0.019473 0.000010 0.021894 0.000010 0.114077 0.000010
0.000010 0.249449 0.006097 0.000010 0.000010 0.017767 0.308540 0.002250 0.000010 0.095620 0.035188 0.052268 0.232782
0.044560 0.189417 0.000010 0.111505 0.011000 0.025601 0.366528 0.017759 0.000010 0.034062 0.082044 0.085298 0.032206
0.000010 0.774965 0.161283 0.000010 0.000010 0.000010 0.000010 0.000010 0.000010 0.000010 0.000010 0.000010 0.063651
0.000016 0.961789 0.013121 0.000010 0.000010 0.000010 0.000010 0.000010 0.000010 0.024984 0.000010 0.000010 0.000010
0.021485 0.138684 0.041301 0.267079 0.039244 0.029880 0.385760 0.000010 0.000010 0.022624 0.053902 0.000010 0.000010
0.000010 0.695646 0.052056 0.031806 0.020578 0.000010 0.039979 0.000010 0.000010 0.143531 0.000010 0.000010 0.016343
0.041526 0.082224 0.000010 0.139874 0.017806 0.012691 0.489616 0.042088 0.000010 0.075600 0.052308 0.000010 0.046237
0.006173 0.713554 0.066118 0.014533 0.020145 0.025806 0.065356 0.004390 0.011980 0.058976 0.012948 0.000010 0.000010
0.013669 0.591316 0.160257 0.040368 0.012220 0.000010 0.151515 0.000010 0.000010 0.030596 0.000010 0.000010 0.000010
0.000010 0.001725 0.087933 0.062867 0.044717 0.009022 0.610203 0.089550 0.000010 0.000010 0.061359 0.000010 0.032585
0.002189 0.896327 0.000010 0.000010 0.036861 0.000010 0.042927 0.000010 0.000010 0.000010 0.003843 0.017327 0.000466
0.049395 0.282107 0.092600 0.021025 0.000010 0.000010 0.128893 0.004276 0.000011 0.323474 0.025005 0.000010 0.073185
0.003667 0.823938 0.033185 0.008684 0.002492 0.017942 0.059273 0.000010 0.000010 0.016160 0.028116 0.006513 0.000010
0.017895 0.431594 0.000010 0.019462 0.000010 0.000010 0.148256 0.000010 0.000010 0.339685 0.000010 0.000010 0.043039
0.039899 0.584965 0.000010 0.118657 0.010121 0.006231 0.189784 0.024875 0.000010 0.000010 0.000010 0.025417 0.000010
0.013467 0.787178 0.055382 0.000010 0.000010 0.001060 0.073527 0.000010 0.000010 0.043091 0.000010 0.000010 0.026235
0.016751 0.663512 0.033649 0.039806 0.021091 0.000010 0.101291 0.000010 0.000010 0.022890 0.013668 0.072620 0.014692
0.030579 0.099745 0.000010 0.000010 0.000010 0.000010 0.339412 0.000010 0.000010 0.332301 0.000010 0.000010 0.197884
0.000010 0.183422 0.004741 0.008213 0.000010 0.000010 0.328757 0.000010 0.000010 0.033302 0.057446 0.000010 0.384059
0.000010 0.000010 0.000010 0.000010 0.000010 0.000010 0.000010 0.000010 0.000010 0.000010 0.000010 0.000010 0.999880
0.025623 0.114104 0.000010 0.007745 0.000010 0.000010 0.168410 0.000010 0.000010 0.181727 0.000010 0.020811 0.481521
0.024750 0.090479 0.000501 0.015473 0.000010 0.024981 0.195453 0.000010 0.000010 0.256509 0.006962 0.000010 0.384854
0.000010 0.160324 0.000010 0.005565 0.000010 0.000010 0.281899 0.000010 0.000010 0.049499 0.051859 0.029484 0.421310
0.000010 0.098709 0.000010 0.004308 0.017014 0.376335 0.209555 0.005402 0.010189 0.035359 0.000175 0.000010 0.242925
0.021700 0.160481 0.000010 0.048508 0.006108 0.000010 0.273061 0.017670 0.000010 0.211646 0.000010 0.009587 0.251200
0.000010 0.000010 0.000010 0.000010 0.000010 0.000010 0.000010 0.000010 0.000010 0.000010 0.000010 0.000010 0.999880
0.018130 0.431988 0.057698 0.267094 0.086302 0.044251 0.058751 0.000010 0.000010 0.000010 0.000010 0.025506 0.010240
0.000010 0.227782 0.000010 0.000847 0.000010 0.000010 0.330657 0.000010 0.000010 0.030745 0.000010 0.006875 0.403025
0.000010 0.000010 0.000010 0.000010 0.000010 0.000010 0.000010 0.000010 0.000010 0.000010 0.000010 0.000010 0.999880
0.000010 0.000010 0.000010 0.000010 0.000010 0.999880 0.000010 0.000010 0.000010 0.000010 0.000010 0.000010 0.000010
0.157607 0.000010 0.000010 0.076098 0.025077 0.000010 0.035126 0.000010 0.183354 0.000010 0.450759 0.071920 0.000010
0.172360 0.000010 0.046368 0.021810 0.008638 0.000010 0.017411 0.025930 0.199255 0.000011 0.461275 0.046913 0.000010
0.000010 0.000010 0.000010 0.000010 0.000010 0.999880 0.000010 0.000010 0.000010 0.000010 0.000010 0.000010 0.000010
0.000010 0.272634 0.023140 0.000010 0.000010 0.000010 0.198176 0.000010 0.000010 0.033499 0.007227 0.025115 0.440150
0.000010 0.145560 0.000010 0.007101 0.000010 0.000010 0.250596 0.000010 0.034345 0.063339 0.000010 0.000010 0.498989
0.000010 0.000010 0.000010 0.000010 0.000010 0.000010 0.000010 0.000010 0.000010 0.000010 0.000010 0.000010 0.999880
0.402976 0.000010 0.000010 0.020956 0.000010 0.047306 0.107844 0.000010 0.220083 0.000010 0.151783 0.048992 0.000010
0.999880 0.000010 0.000010 0.000010 0.000010 0.000010 0.000010 0.000010 0.000010 0.000010 0.000010 0.000010 0.000010
0.000010 0.000010 0.045197 0.000010 0.035511 0.043369 0.000010 0.052997 0.704004 0.000010 0.083974 0.000010 0.034888
0.000010 0.195113 0.000010 0.021340 0.000010 0.000010 0.289722 0.000010 0.000010 0.037786 0.039177 0.051924 0.364878
0.000010 0.777811 0.179413 0.000010 0.000010 0.004750 0.000010 0.002407 0.000010 0.012784 0.000010 0.000010 0.022764
0.000010 0.652816 0.138915 0.026098 0.000010 0.000010 0.118430 0.000010 0.000010 0.008639 0.000010 0.037975 0.017065
0.000010 0.000010 0.000010 0.016496 0.041492 0.036875 0.743180 0.022734 0.000010 0.037962 0.047703 0.053510 0.000010
0.000010 0.000010 0.072209 0.048842 0.000010 0.011581 0.733627 0.008510 0.000010 0.017841 0.080968 0.026371 0.000010
0.000011 0.882313 0.000010 0.023390 0.005932 0.000010 0.062753 0.000010 0.000010 0.004224 0.000010 0.003977 0.017350
0.063624 0.257622 0.000010 0.074840 0.000010 0.000405 0.152911 0.000010 0.000010 0.368129 0.000010 0.008037 0.074381
0.016454 0.263439 0.073802 0.080180 0.006198 0.000010 0.349400 0.000010 0.000011 0.133678 0.000010 0.013308 0.063502
0.044832 0.420676 0.037751 0.000010 0.028648 0.004116 0.284853 0.000010 0.000010 0.049805 0.022125 0.000010 0.107154
0.000010 0.000010 0.000010 0.000010 0.000010 0.000010 0.000010 0.999880 0.000010 0.000010 0.000010 0.000010 0.000010
0.000010 0.508933 0.215035 0.023539 0.018680 0.024289 0.167048 0.001991 0.000010 0.006699 0.000010 0.032661 0.001096
0.002231 0.854035 0.089014 0.000010 0.000010 0.018405 0.001360 0.000010 0.000010 0.016830 0.000010 0.000010 0.018065
0.000010 0.155973 0.572988 0.024233 0.000010 0.041936 0.157885 0.000010 0.000010 0.001978 0.021637 0.007829 0.015501
0.019731 0.599214 0.096227 0.040059 0.015065 0.000010 0.168790 0.000010 0.000010 0.009980 0.000010 0.050885 0.000010
0.000010 0.163241 0.582116 0.009113 0.029102 0.000010 0.134661 0.000010 0.000010 0.034486 0.000010 0.047221 0.000010
0.000119 0.335702 0.108420 0.027356 0.000010 0.004777 0.405018 0.007520 0.021836 0.032377 0.037445 0.008245 0.011174
0.000010 0.000010 0.000010 0.000018 0.000010 0.052983 0.000010 0.000010 0.000010 0.000010 0.000010 0.000010 0.946899
0.000014 0.579797 0.015704 0.009790 0.000010 0.022123 0.260638 0.000010 0.000010 0.016100 0.007065 0.046673 0.042066
0.000010 0.579465 0.189902 0.007445 0.000010 0.016566 0.177198 0.000010 0.000010 0.006001 0.023363 0.000010 0.000010
0.001098 0.600519 0.117533 0.024727 0.000010 0.037374 0.202340 0.001736 0.000010 0.010574 0.000016 0.000010 0.004053
0.040129 0.211554 0.076118 0.087415 0.000010 0.000010 0.471807 0.000010 0.000010 0.036915 0.044406 0.000010 0.031607
0.000010 0.935552 0.000017 0.000010 0.001971 0.027712 0.022447 0.000010 0.009223 0.000015 0.003013 0.000010 0.000010
0.000010 0.124161 0.000010 0.000010 0.030099 0.000010 0.000010 0.000010 0.000010 0.002675 0.000010 0.842975 0.000010
0.080827 0.000010 0.184075 0.021389 0.000125 0.015332 0.629381 0.000010 0.000010 0.019143 0.049678 0.000010 0.000010
0.057930 0.126382 0.057554 0.052870 0.000010 0.017343 0.500418 0.000010 0.000010 0.000010 0.051534 0.092652 0.043277
0.056049 0.045669 0.112368 0.046021 0.070375 0.000010 0.541205 0.000010 0.000010 0.030713 0.064948 0.000010 0.032611
0.000010 0.203324 0.091411 0.070338 0.038716 0.000010 0.594205 0.000010 0.000010 0.001935 0.000010 0.000010 0.000010
0.007516 0.817732 0.099182 0.011066 0.000010 0.000010 0.064424 0.000010 0.000010 0.000010 0.000010 0.000010 0.000010
0.014982 0.738959 0.043047 0.002412 0.044431 0.000010 0.117240 0.000010 0.000010 0.015805 0.000010 0.023074 0.000010
0.000010 0.772681 0.000010 0.000010 0.018195 0.039495 0.169538 0.000010 0.000010 0.000010 0.000010 0.000010 0.000010
0.000010 0.869955 0.000011 0.022209 0.000010 0.000010 0.105181 0.000010 0.000010 0.002564 0.000010 0.000010 0.000010
0.051979 0.072857 0.249555 0.049270 0.069713 0.000010 0.400799 0.000010 0.000010 0.002837 0.000010 0.102941 0.000010
0.030722 0.050165 0.032839 0.050503 0.031942 0.014284 0.252011 0.017539 0.000010 0.460870 0.001818 0.000010 0.057287
0.032928 0.492672 0.000010 0.044844 0.026005 0.000010 0.195794 0.006072 0.000010 0.053922 0.020591 0.059845 0.067298
0.053338 0.463584 0.066531 0.033267 0.000010 0.000010 0.136996 0.004808 0.000010 0.133006 0.001192 0.000010 0.107238
0.000010 0.051339 0.000010 0.002577 0.000792 0.037468 0.802487 0.000010 0.024786 0.020387 0.000010 0.047586 0.012538
0.002286 0.822190 0.074080 0.030614 0.000010 0.001813 0.005224 0.002898 0.000010 0.021590 0.000010 0.039264 0.000010
0.000010 0.091890 0.032428 0.081066 0.000010 0.073145 0.502198 0.052091 0.000010 0.000010 0.080098 0.008795 0.078247
0.000010 0.427502 0.562065 0.010333 0.000010 0.000010 0.000010 0.000010 0.000010 0.000010 0.000010 0.000010 0.000010
0.000010 0.999880 0.000010 0.000010 0.000010 0.000010 0.000010 0.000010 0.000010 0.000010 0.000010 0.000010 0.000010
0.000010 0.611686 0.119534 0.044159 0.024568 0.015272 0.000010 0.000011 0.000838 0.000010 0.000010 0.183881 0.000010
0.002066 0.006389 0.163103 0.046549 0.000010 0.030922 0.590787 0.000010 0.035605 0.070755 0.000010 0.053783 0.000010
0.000010 0.999880 0.000010 0.000010 0.000010 0.000010 0.000010 0.000010 0.000010 0.000010 0.000010 0.000010 0.000010
0.000010 0.000010 0.028403 0.019489 0.004348 0.105133 0.761675 0.024977 0.000010 0.000010 0.000010 0.055916 0.000010
0.000010 0.007985 0.025806 0.005870 0.002668 0.032008 0.778786 0.000010 0.049798 0.012474 0.000010 0.057737 0.026837
0.000013 0.000010 0.000010 0.037826 0.047704 0.012954 0.799793 0.009069 0.000010 0.000010 0.000010 0.071444 0.021148
0.000010 0.000010 0.000010 0.000010 0.003545 0.024076 0.804537 0.000010 0.042276 0.006001 0.000010 0.112041 0.007463
0.001719 0.009422 0.000010 0.000010 0.043448 0.000010 0.819184 0.033444 0.000010 0.000010 0.000010 0.036836 0.055888
0.005274 0.000010 0.006971 0.000766 0.001774 0.006507 0.097823 0.000010 0.000010 0.838398 0.016843 0.010825 0.014789
0.040055 0.549964 0.000010 0.026449 0.052255 0.000010 0.269145 0.000010 0.000010 0.011120 0.000010 0.008938 0.042024
0.000010 0.860468 0.069236 0.011498 0.000010 0.000010 0.000010 0.000010 0.000010 0.013143 0.000010 0.000010 0.045576
0.000010 0.754691 0.000010 0.000010 0.038110 0.000011 0.197775 0.000010 0.000010 0.009333 0.000010 0.000010 0.000010
0.013795 0.653830 0.023704 0.035822 0.000010 0.000010 0.120679 0.000010 0.000010 0.000010 0.000010 0.099569 0.052541
0.000010 0.860543 0.092774 0.000010 0.000010 0.000010 0.000010 0.000010 0.000010 0.000010 0.000010 0.001880 0.044714
0.000010 0.000010 0.069658 0.000010 0.000010 0.035489 0.859923 0.000010 0.010076 0.000010 0.000010 0.009680 0.015104
0.008481 0.878296 0.049721 0.000010 0.000010 0.024812 0.000010 0.000010 0.000010 0.000010 0.000010 0.038609 0.000010
0.000010 0.101332 0.132483 0.030572 0.001070 0.000010 0.651958 0.034007 0.015719 0.032810 0.000010 0.000010 0.000010
0.000010 0.000010 0.000010 0.000012 0.000010 0.000010 0.000010 0.000010 0.000010 0.999878 0.000010 0.000010 0.000010
0.019321 0.000010 0.000010 0.019625 0.518501 0.000010 0.306520 0.000010 0.000010 0.000010 0.000010 0.135952 0.000010
0.028993 0.035956 0.097739 0.034323 0.016411 0.035356 0.621119 0.000010 0.000010 0.032155 0.000010 0.097907 0.000010
0.000010 0.275099 0.089952 0.011504 0.000010 0.000010 0.596285 0.000010 0.021240 0.002249 0.000010 0.000010 0.003610
0.089151 0.031717 0.034008 0.040479 0.047891 0.027127 0.609804 0.000085 0.017236 0.000010 0.017816 0.082198 0.002479
0.000010 0.000010 0.000010 0.000010 0.038079 0.073532 0.762993 0.010460 0.041122 0.000010 0.014108 0.042238 0.017419
0.053424 0.077677 0.031935 0.000010 0.037388 0.016083 0.688819 0.041442 0.000010 0.024127 0.000010 0.029065 0.000010
0.000010 0.000010 0.000010 0.000015 0.010573 0.074516 0.903805 0.000010 0.005672 0.000010 0.000010 0.005349 0.000010
0.014944 0.181040 0.022261 0.036548 0.013254 0.066315 0.547319 0.035294 0.000010 0.025942 0.000010 0.046825 0.010239
0.035119 0.065484 0.008148 0.069748 0.006053 0.015277 0.662654 0.000010 0.000019 0.009650 0.000010 0.078810 0.049017
0.012642 0.678211 0.126936 0.000010 0.029880 0.019962 0.078210 0.028571 0.000010 0.018367 0.000010 0.000010 0.007181
0.000010 0.039267 0.109970 0.059328 0.000011 0.035234 0.626715 0.070712 0.002079 0.010833 0.000010 0.000010 0.045821
0.000010 0.000010 0.028652 0.005502 0.020117 0.042292 0.804529 0.000010 0.000010 0.019693 0.000010 0.079155 0.000010
0.000010 0.038667 0.060301 0.000010 0.000010 0.004335 0.720291 0.000010 0.035799 0.001213 0.000010 0.093045 0.046300
0.000010 0.545509 0.052971 0.009650 0.000010 0.054275 0.232409 0.028762 0.030991 0.013662 0.000010 0.031732 0.000010
0.003471 0.929494 0.033831 0.023228 0.000010 0.000010 0.009896 0.000010 0.000010 0.000010 0.000010 0.000010 0.000010
0.034209 0.012141 0.006972 0.054840 0.022021 0.015373 0.735294 0.000010 0.000010 0.027503 0.000010 0.091608 0.000010
0.000010 0.008961 0.000010 0.000010 0.058904 0.024549 0.000010 0.000010 0.000010 0.907495 0.000010 0.000010 0.000010
0.000010 0.865956 0.041311 0.000010 0.030193 0.000010 0.000010 0.000010 0.000010 0.000010 0.041452 0.021008 0.000010
0.000010 0.951284 0.000010 0.035422 0.000010 0.000010 0.001924 0.000010 0.000010 0.000010 0.000010 0.011280 0.000010
0.042708 0.077235 0.033885 0.009865 0.010897 0.075398 0.718516 0.000010 0.000297 0.001682 0.000010 0.026286 0.003210
0.011738 0.417096 0.053278 0.005458 0.000010 0.081773 0.305864 0.000010 0.000010 0.007783 0.105262 0.011707 0.000010
0.011146 0.161557 0.100286 0.086305 0.000010 0.004910 0.610980 0.000010 0.000010 0.001569 0.000010 0.023196 0.000010
0.000010 0.000010 0.062927 0.000010 0.033041 0.000010 0.811163 0.000010 0.006374 0.036278 0.038025 0.012130 0.000010
0.000010 0.986982 0.000010 0.000010 0.011200 0.000010 0.000010 0.000010 0.000010 0.001718 0.000010 0.000010 0.000010
0.000010 0.944877 0.055013 0.000010 0.000010 0.000010 0.000010 0.000010 0.000010 0.000010 0.000010 0.000010 0.000010
0.003573 0.490704 0.000016 0.030210 0.012018 0.009165 0.398439 0.000010 0.000010 0.018789 0.000010 0.000010 0.037047
0.000010 0.074143 0.880105 0.045652 0.000010 0.000010 0.000010 0.000010 0.000010 0.000010 0.000010 0.000010 0.000010
0.000010 0.000010 0.000010 0.000010 0.000010 0.000010 0.000010 0.999880 0.000010 0.000010 0.000010 0.000010 0.000010
0.000010 0.035906 0.034649 0.015173 0.031760 0.084521 0.663616 0.000010 0.000010 0.032716 0.020906 0.051052 0.029672
0.000010 0.846086 0.034712 0.004458 0.012969 0.000010 0.059714 0.005052 0.000010 0.027169 0.004020 0.000010 0.005778
