0.051946 0.060700 0.000010 0.000010 0.006758 0.368485 0.000010 0.286307 0.000010 0.000010 0.000010 0.199162 0.000010 0.026573
0.054877 0.025802 0.000010 0.000010 0.000010 0.151058 0.018705 0.529866 0.044547 0.000010 0.009418 0.139475 0.026201 0.000010
0.032185 0.000010 0.028784 0.040639 0.000010 0.341616 0.010771 0.391934 0.000010 0.052744 0.000010 0.091502 0.000010 0.009775
0.000010 0.893332 0.000010 0.019110 0.060013 0.000010 0.000050 0.000576 0.000010 0.000010 0.024127 0.000010 0.000010 0.002722
0.067889 0.000010 0.000010 0.000010 0.052278 0.157854 0.000010 0.627312 0.053064 0.028679 0.000010 0.000010 0.012854 0.000010
0.017204 0.014382 0.000010 0.019674 0.027642 0.702880 0.000010 0.106673 0.008066 0.016297 0.011404 0.075738 0.000010 0.000010
0.007342 0.387550 0.000010 0.029813 0.000010 0.223079 0.000010 0.000010 0.000010 0.000010 0.021078 0.027745 0.000010 0.303323
0.001489 0.010106 0.000010 0.000010 0.000010 0.885545 0.000010 0.000010 0.000010 0.000010 0.043083 0.000010 0.059687 0.000010
0.108960 0.048059 0.000010 0.019929 0.004689 0.009669 0.000010 0.422647 0.013663 0.005003 0.000010 0.303570 0.063770 0.000010
0.038487 0.015901 0.000010 0.000010 0.000010 0.809366 0.000010 0.066518 0.000010 0.000010 0.000010 0.018221 0.051427 0.000010
0.214020 0.000010 0.000010 0.000010 0.000010 0.535683 0.000010 0.100067 0.000010 0.012995 0.000010 0.079804 0.057350 0.000010
0.066316 0.000010 0.021432 0.000013 0.011599 0.306446 0.000010 0.306955 0.000010 0.015356 0.031800 0.233253 0.000010 0.006790
0.000010 0.064471 0.015738 0.157581 0.159449 0.000010 0.000010 0.114463 0.000010 0.011020 0.051028 0.336458 0.043694 0.046058
0.001421 0.457096 0.000010 0.062036 0.030623 0.000010 0.000010 0.000010 0.000010 0.022837 0.034630 0.334371 0.011431 0.045504
0.071704 0.006690 0.000010 0.000010 0.016889 0.860036 0.014471 0.000010 0.000010 0.000010 0.000214 0.006789 0.018702 0.004455
0.013759 0.000010 0.019409 0.043279 0.040961 0.298485 0.037797 0.361737 0.000010 0.000010 0.000010 0.125917 0.014776 0.043841
0.031155 0.011111 0.000010 0.016529 0.000010 0.642225 0.000010 0.162540 0.023397 0.000010 0.000494 0.064425 0.025861 0.022223
0.014658 0.257054 0.000010 0.034412 0.000010 0.405748 0.000010 0.033200 0.000010 0.000010 0.035343 0.000010 0.000010 0.219515
0.041458 0.000010 0.000010 0.019027 0.000010 0.244976 0.000010 0.000010 0.000010 0.000010 0.045532 0.000010 0.648916 0.000010
0.000010 0.000010 0.050188 0.000010 0.012365 0.000010 0.893061 0.000010 0.039417 0.000010 0.004880 0.000010 0.000010 0.000010
0.000010 0.010674 0.000285 0.000010 0.000010 0.013664 0.955001 0.000010 0.000010 0.000010 0.020286 0.000010 0.000010 0.000010
0.000010 0.000010 0.000010 0.000010 0.000010 0.000010 0.999870 0.000010 0.000010 0.000010 0.000010 0.000010 0.000010 0.000010
0.000010 0.000010 0.012829 0.008989 0.000010 0.013802 0.920894 0.000010 0.001409 0.000010 0.041997 0.000010 0.000010 0.000010
0.000010 0.693841 0.000010 0.074747 0.008196 0.005968 0.055942 0.073187 0.025170 0.021347 0.000010 0.003335 0.012959 0.025277
0.000010 0.000150 0.000010 0.000010 0.000010 0.000010 0.000010 0.000010 0.000010 0.000010 0.000010 0.000010 0.999730 0.000010
0.000010 0.000010 0.044720 0.008559 0.000010 0.000010 0.927997 0.005138 0.013429 0.000010 0.000010 0.000077 0.000010 0.000010
0.014360 0.029084 0.000010 0.011906 0.006405 0.000010 0.016541 0.901598 0.017558 0.002051 0.000447 0.000010 0.000010 0.000010
0.000010 0.017941 0.010953 0.000010 0.000010 0.000010 0.964980 0.000010 0.006026 0.000010 0.000010 0.000010 0.000010 0.000010
0.000010 0.007833 0.000010 0.056083 0.005934 0.083607 0.000369 0.219950 0.036334 0.002754 0.000010 0.508629 0.072532 0.005946
0.000010 0.056980 0.008953 0.035125 0.000010 0.074311 0.005074 0.166038 0.011996 0.000010 0.000010 0.607460 0.034015 0.000010
0.032016 0.003794 0.000010 0.000010 0.000010 0.000010 0.000010 0.000010 0.000010 0.000010 0.018703 0.916387 0.029010 0.000010
0.000010 0.000010 0.008007 0.089294 0.000010 0.041410 0.000010 0.341902 0.020979 0.000010 0.000010 0.433528 0.064809 0.000010
0.000010 0.068515 0.056461 0.233710 0.123575 0.024108 0.000010 0.128725 0.077377 0.053561 0.000010 0.206441 0.019890 0.007607
0.000010 0.002937 0.000010 0.141855 0.142137 0.000010 0.000010 0.096554 0.050981 0.000010 0.034732 0.396552 0.134191 0.000010
0.059881 0.000010 0.029828 0.000010 0.000010 0.096732 0.000010 0.336788 0.025402 0.000010 0.279613 0.072934 0.033670 0.065102
0.282595 0.336069 0.008379 0.048623 0.000010 0.106532 0.007225 0.132290 0.000010 0.012925 0.003067 0.061101 0.000010 0.001164
0.247750 0.415047 0.000010 0.026679 0.049090 0.181951 0.000010 0.016752 0.000010 0.000010 0.000010 0.043911 0.018760 0.000010
0.000010 0.000010 0.999870 0.000010 0.000010 0.000010 0.000010 0.000010 0.000010 0.000010 0.000010 0.000010 0.000010 0.000010
0.069789 0.009472 0.000010 0.054067 0.036511 0.000010 0.000010 0.288130 0.000010 0.000010 0.064825 0.415712 0.061435 0.000010
0.000010 0.019188 0.011850 0.007933 0.061482 0.044328 0.000010 0.086255 0.040706 0.008302 0.010774 0.691939 0.017211 0.000010
0.000010 0.000010 0.000010 0.000010 0.000010 0.999870 0.000010 0.000010 0.000010 0.000010 0.000010 0.000010 0.000010 0.000010
0.000010 0.017679 0.000010 0.040557 0.038804 0.164692 0.012016 0.152754 0.027506 0.030101 0.000666 0.400527 0.094887 0.019793
0.000010 0.000010 0.000010 0.038835 0.000010 0.651880 0.000010 0.272686 0.000010 0.036499 0.000010 0.000010 0.000010 0.000010
0.000010 0.011821 0.000010 0.005478 0.000010 0.730186 0.000010 0.252414 0.000010 0.000010 0.000010 0.000010 0.000010 0.000010
0.000010 0.000010 0.000010 0.000010 0.620824 0.000010 0.000010 0.077800 0.000010 0.000010 0.000010 0.247577 0.053700 0.000010
0.000010 0.000010 0.314328 0.000010 0.008308 0.000010 0.663857 0.000010 0.004511 0.000010 0.000010 0.000010 0.008905 0.000010
0.008367 0.000010 0.275436 0.000010 0.000010 0.000010 0.672100 0.035760 0.000010 0.000010 0.008247 0.000010 0.000010 0.000010
0.038585 0.000010 0.186768 0.146027 0.057187 0.000010 0.247889 0.140323 0.127176 0.000010 0.008765 0.047231 0.000010 0.000010
0.044708 0.000010 0.018645 0.110492 0.200594 0.000010 0.016896 0.231403 0.034129 0.077138 0.021414 0.161258 0.066033 0.017269
0.000010 0.044672 0.000010 0.061663 0.247979 0.020180 0.027777 0.268986 0.010380 0.000010 0.025298 0.238111 0.054913 0.000010
0.000010 0.000010 0.000010 0.000010 0.000010 0.000010 0.000010 0.000010 0.000010 0.999870 0.000010 0.000010 0.000010 0.000010
0.000010 0.000010 0.019031 0.095694 0.142037 0.000010 0.031984 0.046073 0.104452 0.014551 0.006619 0.317666 0.131947 0.089917
0.000010 0.000010 0.000010 0.000010 0.000010 0.000010 0.000010 0.000010 0.000010 0.999870 0.000010 0.000010 0.000010 0.000010
0.066291 0.000010 0.023349 0.100094 0.216846 0.018922 0.000010 0.190252 0.023780 0.005094 0.039978 0.251027 0.058693 0.005654
0.000010 0.000010 0.052691 0.115732 0.208538 0.000010 0.000010 0.089724 0.000010 0.044830 0.003388 0.324733 0.131210 0.029104
0.000010 0.000010 0.000010 0.000010 0.000010 0.000010 0.000010 0.000010 0.000010 0.000010 0.999870 0.000010 0.000010 0.000010
0.000010 0.007953 0.026810 0.000010 0.000010 0.857932 0.000010 0.024053 0.031958 0.015760 0.035458 0.000015 0.000010 0.000010
0.043412 0.026264 0.000010 0.086258 0.018532 0.000010 0.000010 0.281013 0.000010 0.000010 0.021402 0.455678 0.057172 0.010219
0.016143 0.024564 0.000010 0.023018 0.000010 0.000010 0.000010 0.324751 0.000010 0.035885 0.000158 0.419288 0.094229 0.061913
0.047542 0.027983 0.000010 0.011112 0.000010 0.625332 0.000010 0.022392 0.000010 0.038225 0.016863 0.037242 0.021355 0.151914
0.003560 0.000010 0.013888 0.000010 0.023026 0.000010 0.000010 0.165225 0.000010 0.021207 0.000010 0.772883 0.000010 0.000140
0.018874 0.024366 0.000010 0.061333 0.000010 0.074579 0.000010 0.260089 0.000010 0.000010 0.036289 0.481015 0.019223 0.024182
0.000010 0.007689 0.000010 0.007256 0.017422 0.441086 0.036606 0.000010 0.000010 0.029285 0.036372 0.359177 0.065058 0.000010
0.000010 0.010115 0.011556 0.073287 0.000010 0.034008 0.000010 0.275711 0.000010 0.000010 0.003724 0.591529 0.000010 0.000010
0.031536 0.015878 0.015721 0.049704 0.069386 0.034931 0.000010 0.197228 0.020606 0.000010 0.026385 0.423677 0.067466 0.047462
0.091251 0.213592 0.043179 0.017344 0.160072 0.151247 0.010291 0.000010 0.000010 0.055461 0.087504 0.056957 0.051103 0.061976
0.000010 0.242328 0.575168 0.182394 0.000010 0.000010 0.000010 0.000010 0.000010 0.000010 0.000010 0.000010 0.000010 0.000010
0.007469 0.680545 0.018084 0.023911 0.034640 0.000010 0.000010 0.127335 0.054703 0.000010 0.026696 0.013771 0.000010 0.012806
0.000010 0.008511 0.021123 0.019241 0.000010 0.843433 0.004571 0.025966 0.000010 0.000010 0.027498 0.000010 0.012712 0.036895
0.014426 0.000010 0.000010 0.130012 0.172085 0.000010 0.000010 0.133862 0.022899 0.000010 0.025017 0.316042 0.139586 0.046021
0.043169 0.000010 0.000010 0.130541 0.133046 0.039340 0.034271 0.230263 0.030892 0.074833 0.000010 0.173663 0.109943 0.000010
0.000010 0.000010 0.000010 0.082195 0.270501 0.060770 0.010654 0.170747 0.017830 0.054704 0.028488 0.110356 0.193716 0.000010
0.097289 0.000010 0.000010 0.014050 0.000010 0.000010 0.000010 0.550536 0.022849 0.036155 0.127912 0.112683 0.005599 0.032878
0.002051 0.017265 0.005493 0.036062 0.013258 0.073269 0.000010 0.382075 0.002047 0.027899 0.000010 0.429809 0.000010 0.010742
0.039082 0.027328 0.000010 0.029542 0.012824 0.047517 0.000010 0.473147 0.000010 0.000010 0.093097 0.180102 0.057376 0.039945
0.025357 0.000010 0.027094 0.046413 0.032870 0.015920 0.000010 0.127997 0.031149 0.000010 0.031980 0.629666 0.031515 0.000010
0.000010 0.025966 0.000010 0.000014 0.000010 0.019033 0.000010 0.169831 0.000010 0.051012 0.035188 0.674120 0.024776 0.000010
0.065664 0.000010 0.037235 0.037670 0.006197 0.016956 0.029236 0.147437 0.000010 0.033242 0.030448 0.516849 0.079036 0.000010
0.000010 0.000010 0.999869 0.000010 0.000010 0.000010 0.000010 0.000010 0.000010 0.000010 0.000011 0.000010 0.000010 0.000010
0.000010 0.024550 0.000010 0.044514 0.007137 0.068822 0.000010 0.298085 0.027689 0.019843 0.000010 0.495843 0.013466 0.000010
0.101835 0.017139 0.005633 0.000010 0.067322 0.000010 0.016388 0.056781 0.000010 0.012245 0.038378 0.684091 0.000147 0.000010
0.166690 0.021337 0.011712 0.018813 0.000010 0.581812 0.003850 0.128175 0.000010 0.000010 0.000010 0.067550 0.000010 0.000010
0.221020 0.018096 0.005336 0.009598 0.005553 0.559634 0.000010 0.086612 0.000010 0.000789 0.035088 0.044380 0.013864 0.000010
0.019986 0.000010 0.000010 0.000010 0.000010 0.025051 0.000010 0.100614 0.043481 0.000010 0.726195 0.037085 0.000010 0.047518
0.035890 0.046232 0.000010 0.000010 0.000010 0.662218 0.000010 0.067881 0.000010 0.009700 0.000010 0.000010 0.000010 0.178000
0.000010 0.000010 0.999870 0.000010 0.000010 0.000010 0.000010 0.000010 0.000010 0.000010 0.000010 0.000010 0.000010 0.000010
0.000010 0.000010 0.005149 0.000010 0.035506 0.000010 0.718048 0.016528 0.092868 0.081098 0.009373 0.041370 0.000010 0.000010
0.505576 0.001564 0.000010 0.005723 0.000010 0.342719 0.000010 0.079885 0.000010 0.000010 0.046027 0.008103 0.010343 0.000010
0.067383 0.000562 0.000010 0.105904 0.110938 0.124239 0.004491 0.360120 0.000010 0.010994 0.068604 0.146725 0.000010 0.000010
0.000010 0.019319 0.063794 0.013725 0.000010 0.000010 0.781500 0.000010 0.053941 0.050416 0.000010 0.007250 0.009996 0.000010
0.018760 0.017881 0.024917 0.000010 0.002974 0.000010 0.805960 0.020018 0.022520 0.002196 0.048338 0.036396 0.000010 0.000010
0.000010 0.000010 0.014139 0.033015 0.000010 0.000010 0.727677 0.110525 0.080512 0.034052 0.000010 0.000010 0.000010 0.000010
0.000010 0.000010 0.069793 0.000010 0.009219 0.000010 0.793551 0.080803 0.032209 0.000010 0.005737 0.000010 0.008619 0.000010
0.000010 0.000010 0.020460 0.000010 0.046032 0.000010 0.773888 0.028907 0.061543 0.029845 0.001430 0.028742 0.009102 0.000010
0.092655 0.023243 0.000534 0.028259 0.044143 0.067302 0.277646 0.333138 0.000010 0.000010 0.000010 0.032698 0.004381 0.095972
0.000010 0.000010 0.000010 0.000010 0.999870 0.000010 0.000010 0.000010 0.000010 0.000010 0.000010 0.000010 0.000010 0.000010
0.000010 0.000010 0.000010 0.000010 0.999867 0.000010 0.000010 0.000010 0.000010 0.000010 0.000013 0.000010 0.000010 0.000010
0.304464 0.000010 0.000010 0.045672 0.036442 0.186900 0.000010 0.290884 0.033341 0.000010 0.000010 0.073258 0.000010 0.028978
0.090897 0.050029 0.024091 0.000010 0.000010 0.736927 0.015439 0.000010 0.000010 0.000010 0.000010 0.000010 0.000010 0.082537
0.000010 0.000010 0.000010 0.000010 0.999870 0.000010 0.000010 0.000010 0.000010 0.000010 0.000010 0.000010 0.000010 0.000010
0.000010 0.016031 0.000010 0.000010 0.044033 0.000010 0.000010 0.894929 0.000010 0.000010 0.041801 0.000010 0.003116 0.000010
0.000010 0.000487 0.000010 0.000010 0.951549 0.000010 0.000010 0.045212 0.000010 0.000010 0.000010 0.002652 0.000010 0.000010
0.057632 0.000511 0.000010 0.000010 0.000010 0.148697 0.000010 0.527803 0.000010 0.025797 0.048487 0.128646 0.036955 0.025422
0.000010 0.999869 0.000010 0.000010 0.000010 0.000011 0.000010 0.000010 0.000010 0.000010 0.000010 0.000010 0.000010 0.000010
0.209067 0.000010 0.000010 0.000010 0.014831 0.633675 0.000010 0.093453 0.000010 0.009459 0.000010 0.000010 0.039437 0.000010
0.000010 0.433723 0.000010 0.019689 0.535742 0.010746 0.000010 0.000010 0.000010 0.000010 0.000010 0.000010 0.000010 0.000010
0.999870 0.000010 0.000010 0.000010 0.000010 0.000010 0.000010 0.000010 0.000010 0.000010 0.000010 0.000010 0.000010 0.000010
0.000010 0.037812 0.019265 0.005353 0.040896 0.026028 0.000010 0.756071 0.000010 0.020766 0.071688 0.000010 0.022071 0.000010
0.068164 0.017600 0.000010 0.000010 0.031181 0.172914 0.000010 0.480265 0.024941 0.000010 0.024267 0.124556 0.018379 0.037693
0.056107 0.000010 0.000010 0.000010 0.003712 0.778847 0.000010 0.078219 0.017168 0.000010 0.000010 0.025202 0.000010 0.040675
0.000010 0.000010 0.045441 0.039115 0.232665 0.000010 0.008931 0.027258 0.058170 0.345380 0.001483 0.118281 0.123236 0.000010
0.047982 0.000010 0.000010 0.000010 0.004602 0.492541 0.000010 0.238653 0.000010 0.000010 0.024441 0.062984 0.024821 0.103915
0.024633 0.000716 0.000010 0.000010 0.000010 0.707167 0.000010 0.150244 0.000010 0.036951 0.016670 0.027087 0.016454 0.020028
0.062167 0.017132 0.000010 0.000010 0.000010 0.845151 0.000010 0.000010 0.000010 0.000010 0.000010 0.066564 0.008896 0.000010
0.011037 0.000010 0.000010 0.000010 0.038144 0.095982 0.000010 0.546535 0.000010 0.012717 0.054903 0.203302 0.000010 0.037319
0.999870 0.000010 0.000010 0.000010 0.000010 0.000010 0.000010 0.000010 0.000010 0.000010 0.000010 0.000010 0.000010 0.000010
0.000010 0.999870 0.000010 0.000010 0.000010 0.000010 0.000010 0.000010 0.000010 0.000010 0.000010 0.000010 0.000010 0.000010
0.000010 0.999855 0.000016 0.000010 0.000010 0.000016 0.000012 0.000010 0.000010 0.000010 0.000010 0.000010 0.000010 0.000010
0.142487 0.000010 0.011216 0.000010 0.004820 0.713868 0.000010 0.047783 0.001662 0.000010 0.034173 0.043931 0.000010 0.000010
0.000010 0.999870 0.000010 0.000010 0.000010 0.000010 0.000010 0.000010 0.000010 0.000010 0.000010 0.000010 0.000010 0.000010
0.000010 0.002797 0.000010 0.019283 0.000010 0.716752 0.000010 0.189409 0.000010 0.026906 0.000010 0.000010 0.000010 0.044773
0.014306 0.000010 0.000010 0.000010 0.000010 0.985574 0.000010 0.000010 0.000010 0.000010 0.000010 0.000010 0.000010 0.000010
0.000010 0.999870 0.000010 0.000010 0.000010 0.000010 0.000010 0.000010 0.000010 0.000010 0.000010 0.000010 0.000010 0.000010
0.000010 0.999870 0.000010 0.000010 0.000010 0.000010 0.000010 0.000010 0.000010 0.000010 0.000010 0.000010 0.000010 0.000010
0.000010 0.999870 0.000010 0.000010 0.000010 0.000010 0.000010 0.000010 0.000010 0.000010 0.000010 0.000010 0.000010 0.000010
0.000010 0.986524 0.000010 0.013356 0.000010 0.000010 0.000010 0.000010 0.000010 0.000010 0.000010 0.000010 0.000010 0.000010
0.003681 0.844344 0.028455 0.014305 0.000010 0.000010 0.000010 0.016290 0.035919 0.000010 0.000010 0.056936 0.000010 0.000010
0.097082 0.027360 0.000010 0.014649 0.000010 0.057079 0.048955 0.614745 0.000010 0.054117 0.000010 0.068414 0.017551 0.000010
0.087540 0.028806 0.000010 0.000010 0.000010 0.027132 0.000010 0.646655 0.000211 0.007070 0.001912 0.085751 0.068523 0.046360
0.000010 0.999870 0.000010 0.000010 0.000010 0.000010 0.000010 0.000010 0.000010 0.000010 0.000010 0.000010 0.000010 0.000010
0.028953 0.139191 0.021076 0.034341 0.000010 0.363511 0.000010 0.149163 0.000010 0.000010 0.000010 0.000010 0.000010 0.263696
0.315553 0.004600 0.000010 0.000010 0.000061 0.518922 0.000010 0.119438 0.000010 0.000010 0.041346 0.000010 0.000010 0.000010
0.000010 0.999870 0.000010 0.000010 0.000010 0.000010 0.000010 0.000010 0.000010 0.000010 0.000010 0.000010 0.000010 0.000010
0.000010 0.938322 0.000010 0.022325 0.000010 0.000010 0.000010 0.000010 0.004176 0.018360 0.015221 0.000010 0.000010 0.001517
0.000010 0.999870 0.000010 0.000010 0.000010 0.000010 0.000010 0.000010 0.000010 0.000010 0.000010 0.000010 0.000010 0.000010
0.036022 0.004083 0.053509 0.046752 0.000010 0.093919 0.000010 0.227808 0.036139 0.001354 0.224885 0.168793 0.017135 0.089582
0.086879 0.046939 0.000010 0.000010 0.000010 0.090702 0.000010 0.592222 0.000010 0.000010 0.033793 0.149385 0.000010 0.000010
0.100392 0.019875 0.000010 0.000010 0.000010 0.044974 0.000010 0.627913 0.016083 0.000010 0.029800 0.135418 0.025484 0.000010
0.077677 0.025823 0.000010 0.000010 0.000010 0.000010 0.000010 0.616743 0.000010 0.000010 0.028007 0.240845 0.010825 0.000010
0.017730 0.889244 0.000010 0.021515 0.009734 0.019067 0.000010 0.000010 0.000010 0.000010 0.000013 0.000010 0.042627 0.000010
0.045897 0.408416 0.209112 0.057181 0.000010 0.014212 0.265102 0.000010 0.000010 0.000010 0.000010 0.000010 0.000010 0.000010
0.000012 0.999868 0.000010 0.000010 0.000010 0.000010 0.000010 0.000010 0.000010 0.000010 0.000010 0.000010 0.000010 0.000010
0.000010 0.999870 0.000010 0.000010 0.000010 0.000010 0.000010 0.000010 0.000010 0.000010 0.000010 0.000010 0.000010 0.000010
0.000010 0.999870 0.000010 0.000010 0.000010 0.000010 0.000010 0.000010 0.000010 0.000010 0.000010 0.000010 0.000010 0.000010
0.000010 0.999870 0.000010 0.000010 0.000010 0.000010 0.000010 0.000010 0.000010 0.000010 0.000010 0.000010 0.000010 0.000010
0.000010 0.999870 0.000010 0.000010 0.000010 0.000010 0.000010 0.000010 0.000010 0.000010 0.000010 0.000010 0.000010 0.000010
0.000016 0.999862 0.000010 0.000012 0.000010 0.000010 0.000010 0.000010 0.000010 0.000010 0.000010 0.000010 0.000010 0.000010
0.000010 0.029042 0.036981 0.000010 0.000010 0.203401 0.000010 0.319413 0.044146 0.010850 0.299150 0.044972 0.011995 0.000010
0.000010 0.999870 0.000010 0.000010 0.000010 0.000010 0.000010 0.000010 0.000010 0.000010 0.000010 0.000010 0.000010 0.000010
0.000010 0.876388 0.010284 0.004291 0.014662 0.000010 0.000010 0.000010 0.048096 0.003713 0.000010 0.001205 0.000010 0.041301
0.000010 0.000010 0.010657 0.000010 0.000010 0.862379 0.000010 0.116257 0.000010 0.000010 0.006437 0.000010 0.000010 0.004181
0.000010 0.816148 0.000010 0.046737 0.023601 0.000010 0.024495 0.000010 0.024596 0.027016 0.034672 0.000010 0.001852 0.000834
0.000010 0.503418 0.000010 0.070163 0.000010 0.084723 0.000010 0.000010 0.000010 0.000010 0.056779 0.003099 0.043155 0.238593
0.000010 0.999870 0.000010 0.000010 0.000010 0.000010 0.000010 0.000010 0.000010 0.000010 0.000010 0.000010 0.000010 0.000010
0.000010 0.999870 0.000010 0.000010 0.000010 0.000010 0.000010 0.000010 0.000010 0.000010 0.000010 0.000010 0.000010 0.000010
0.000010 0.999870 0.000010 0.000010 0.000010 0.000010 0.000010 0.000010 0.000010 0.000010 0.000010 0.000010 0.000010 0.000010
0.000010 0.999864 0.000010 0.000016 0.000010 0.000010 0.000010 0.000010 0.000010 0.000010 0.000010 0.000010 0.000010 0.000010
0.000010 0.974521 0.000010 0.000010 0.000010 0.000010 0.000010 0.000010 0.002779 0.000010 0.022590 0.000010 0.000010 0.000010
0.000010 0.999862 0.000010 0.000010 0.000010 0.000015 0.000010 0.000010 0.000010 0.000010 0.000013 0.000010 0.000010 0.000010
0.000010 0.000010 0.000010 0.000010 0.000010 0.000010 0.000010 0.000010 0.000010 0.000010 0.999870 0.000010 0.000010 0.000010
0.000010 0.000010 0.000010 0.000010 0.000010 0.000010 0.000010 0.000010 0.999870 0.000010 0.000010 0.000010 0.000010 0.000010
0.000010 0.000010 0.000010 0.000010 0.000010 0.000010 0.000010 0.000010 0.999870 0.000010 0.000010 0.000010 0.000010 0.000010
0.000010 0.000010 0.000010 0.000010 0.000010 0.000010 0.000010 0.000010 0.999870 0.000010 0.000010 0.000010 0.000010 0.000010
0.000010 0.999870 0.000010 0.000010 0.000010 0.000010 0.000010 0.000010 0.000010 0.000010 0.000010 0.000010 0.000010 0.000010
0.000010 0.999870 0.000010 0.000010 0.000010 0.000010 0.000010 0.000010 0.000010 0.000010 0.000010 0.000010 0.000010 0.000010
0.000010 0.000010 0.000010 0.000010 0.000010 0.000010 0.000010 0.000010 0.999870 0.000010 0.000010 0.000010 0.000010 0.000010
0.000010 0.000010 0.000010 0.000010 0.000010 0.013890 0.000010 0.000010 0.985990 0.000010 0.000010 0.000010 0.000010 0.000010
0.000010 0.000010 0.000010 0.000010 0.000010 0.000010 0.000010 0.000010 0.999870 0.000010 0.000010 0.000010 0.000010 0.000010
0.000010 0.999870 0.000010 0.000010 0.000010 0.000010 0.000010 0.000010 0.000010 0.000010 0.000010 0.000010 0.000010 0.000010
0.000010 0.999868 0.000012 0.000010 0.000010 0.000010 0.000010 0.000010 0.000010 0.000010 0.000010 0.000010 0.000010 0.000010
0.000010 0.000010 0.000010 0.000010 0.189452 0.000010 0.000010 0.000010 0.000010 0.810428 0.000010 0.000010 0.000010 0.000010
0.000010 0.999866 0.000010 0.000010 0.000010 0.000010 0.000010 0.000010 0.000010 0.000010 0.000010 0.000010 0.000014 0.000010
0.000010 0.000010 0.000010 0.000010 0.000010 0.093664 0.000010 0.000010 0.000010 0.000010 0.000010 0.000010 0.906216 0.000010
0.000010 0.000010 0.000010 0.999870 0.000010 0.000010 0.000010 0.000010 0.000010 0.000010 0.000010 0.000010 0.000010 0.000010
0.000010 0.029375 0.000010 0.970505 0.000010 0.000010 0.000010 0.000010 0.000010 0.000010 0.000010 0.000010 0.000010 0.000010
0.090531 0.000010 0.000010 0.000010 0.006563 0.534296 0.000010 0.063068 0.000010 0.000010 0.000010 0.104729 0.054644 0.146097
0.000010 0.000010 0.000010 0.999870 0.000010 0.000010 0.000010 0.000010 0.000010 0.000010 0.000010 0.000010 0.000010 0.000010
0.000010 0.006733 0.000010 0.000010 0.000010 0.002200 0.919705 0.000010 0.000010 0.000010 0.007942 0.000010 0.063331 0.000010
0.000010 0.013125 0.051882 0.071663 0.276093 0.000010 0.103923 0.123031 0.023278 0.099577 0.017507 0.116950 0.102941 0.000010
0.020998 0.067798 0.025037 0.000010 0.000010 0.370186 0.000962 0.026336 0.000010 0.000010 0.025524 0.118667 0.065397 0.279054
0.060196 0.005479 0.040363 0.049754 0.158556 0.002018 0.031925 0.000010 0.529313 0.000010 0.010462 0.030645 0.000010 0.081259
0.000010 0.310223 0.000010 0.000010 0.000010 0.000010 0.000010 0.036306 0.000010 0.000010 0.000010 0.000010 0.000010 0.653361
0.000010 0.334073 0.000010 0.000010 0.000010 0.000010 0.000010 0.000010 0.000010 0.000010 0.000010 0.000010 0.000010 0.665807
0.018827 0.000010 0.005133 0.000010 0.000010 0.775814 0.000010 0.162012 0.005865 0.000020 0.000010 0.000010 0.000010 0.032259
0.000010 0.673882 0.031098 0.041471 0.010453 0.000010 0.006361 0.017246 0.061786 0.016726 0.016313 0.030817 0.088326 0.005500
0.021737 0.033786 0.049182 0.000010 0.020003 0.350810 0.000010 0.271734 0.004681 0.017048 0.044046 0.156341 0.021670 0.008942
0.041485 0.064377 0.014832 0.004287 0.002385 0.745004 0.000010 0.095131 0.000010 0.000010 0.008077 0.000010 0.000010 0.024372
0.018669 0.297403 0.000010 0.046355 0.000010 0.380252 0.000010 0.063561 0.000010 0.027977 0.000010 0.000010 0.000010 0.165712
0.022797 0.000010 0.000010 0.040196 0.375361 0.000010 0.000010 0.201567 0.000010 0.000010 0.000971 0.217932 0.141106 0.000010
0.752229 0.018820 0.012377 0.000010 0.000010 0.000010 0.000010 0.150482 0.000010 0.004374 0.019408 0.000010 0.042240 0.000010
0.048571 0.000010 0.000010 0.000010 0.027608 0.000617 0.000010 0.597283 0.000010 0.051688 0.042572 0.125453 0.106148 0.000010
0.000010 0.001756 0.000010 0.039629 0.143425 0.031354 0.096372 0.037935 0.591161 0.017347 0.000010 0.000010 0.040971 0.000010
0.001631 0.865067 0.001739 0.046089 0.000010 0.000010 0.000010 0.000010 0.034971 0.000010 0.000010 0.017485 0.000010 0.032947
0.035727 0.000010 0.000010 0.009426 0.117056 0.000010 0.163695 0.056492 0.537600 0.027875 0.000010 0.000010 0.000010 0.052069
0.000010 0.000010 0.000010 0.000010 0.000010 0.000010 0.000010 0.000010 0.999870 0.000010 0.000010 0.000010 0.000010 0.000010
0.106963 0.000010 0.013019 0.001386 0.006450 0.344924 0.022913 0.310318 0.000010 0.000010 0.059146 0.054049 0.000807 0.079995
0.000010 0.000010 0.000010 0.018097 0.019427 0.576267 0.000010 0.349596 0.000010 0.036523 0.000010 0.000010 0.000010 0.000010
0.000010 0.000010 0.000010 0.000010 0.000010 0.000010 0.650218 0.000010 0.000010 0.349662 0.000010 0.000010 0.000010 0.000010
0.000010 0.018627 0.009818 0.001587 0.000010 0.513567 0.017943 0.347263 0.000010 0.028954 0.033619 0.000010 0.022796 0.005786
0.000010 0.016514 0.007029 0.000010 0.008687 0.677760 0.000010 0.269665 0.004143 0.000010 0.000010 0.000010 0.016132 0.000010
0.026994 0.000010 0.013526 0.006612 0.000010 0.840566 0.000463 0.038342 0.000010 0.000010 0.044948 0.028489 0.000010 0.000010
0.000010 0.000010 0.041723 0.000010 0.227464 0.015035 0.046077 0.125633 0.043441 0.000010 0.000010 0.213790 0.077991 0.208797
0.000010 0.000010 0.000010 0.000010 0.999870 0.000010 0.000010 0.000010 0.000010 0.000010 0.000010 0.000010 0.000010 0.000010
0.000010 0.030789 0.014219 0.011248 0.016902 0.479883 0.000010 0.185478 0.000010 0.031972 0.145300 0.013023 0.071148 0.000010
0.000010 0.000010 0.000010 0.000010 0.000010 0.000010 0.000010 0.000010 0.999870 0.000010 0.000010 0.000010 0.000010 0.000010
0.000010 0.012845 0.019476 0.000010 0.071719 0.000010 0.015040 0.826275 0.000010 0.000010 0.054565 0.000010 0.000010 0.000010
0.000010 0.055452 0.000010 0.022895 0.000010 0.473460 0.000010 0.118872 0.000010 0.000010 0.000010 0.041395 0.028559 0.259297
0.000010 0.012836 0.018080 0.187350 0.000010 0.000010 0.240527 0.000010 0.351764 0.027796 0.000010 0.117637 0.000010 0.043950
0.041943 0.000010 0.045117 0.000010 0.090576 0.048789 0.006764 0.630987 0.027223 0.044122 0.017224 0.047217 0.000010 0.000010
0.000010 0.999870 0.000010 0.000010 0.000010 0.000010 0.000010 0.000010 0.000010 0.000010 0.000010 0.000010 0.000010 0.000010
0.000010 0.034313 0.024115 0.007906 0.000010 0.517103 0.000010 0.241343 0.000010 0.000010 0.023768 0.000010 0.044181 0.107211
0.000010 0.014342 0.000010 0.003308 0.000010 0.529595 0.000010 0.313444 0.000010 0.000010 0.041679 0.000010 0.025037 0.072526
0.021639 0.020947 0.040357 0.000010 0.045651 0.481679 0.000010 0.372997 0.000010 0.016659 0.000010 0.000010 0.000010 0.000010
0.031016 0.022594 0.019451 0.000010 0.000010 0.719483 0.000010 0.067328 0.000010 0.000010 0.000010 0.024050 0.116007 0.000010
0.016320 0.062298 0.007271 0.000010 0.007388 0.144412 0.000010 0.000010 0.024049 0.000010 0.000010 0.125176 0.018680 0.594357
0.000010 0.035732 0.000953 0.037010 0.000010 0.118477 0.000010 0.494498 0.061160 0.038302 0.082839 0.000010 0.094927 0.036063
0.153348 0.000010 0.000010 0.000010 0.000010 0.772351 0.000010 0.004261 0.000010 0.053237 0.000010 0.000010 0.000010 0.016712
0.006881 0.029853 0.000010 0.000010 0.000010 0.963156 0.000010 0.000010 0.000010 0.000010 0.000010 0.000010 0.000010 0.000010
0.003643 0.017912 0.000010 0.018504 0.030638 0.071975 0.000010 0.493975 0.038801 0.000010 0.238715 0.000010 0.013308 0.072489
0.033713 0.133536 0.000010 0.000010 0.000010 0.670139 0.000010 0.038262 0.000010 0.000010 0.014836 0.003249 0.000010 0.106195
0.000010 0.077626 0.025650 0.025075 0.000010 0.010651 0.000010 0.534939 0.031590 0.043124 0.116760 0.101020 0.000010 0.033524
0.056022 0.056622 0.002823 0.010395 0.027224 0.688886 0.006203 0.126407 0.002187 0.000010 0.007546 0.000010 0.000010 0.015655
0.146120 0.023264 0.000010 0.017036 0.000010 0.575674 0.000010 0.165516 0.000010 0.000010 0.029581 0.025745 0.000010 0.017004
0.000010 0.000010 0.027208 0.000010 0.004838 0.000010 0.022007 0.881783 0.019880 0.000010 0.000010 0.000010 0.000010 0.044204
0.000010 0.000010 0.000010 0.000010 0.026520 0.883567 0.000010 0.028250 0.006099 0.000010 0.000010 0.024813 0.016561 0.014120
0.093177 0.299126 0.000010 0.051738 0.000010 0.216609 0.000010 0.069870 0.015684 0.000010 0.004287 0.000010 0.000506 0.248954
0.018545 0.005563 0.000010 0.003419 0.000010 0.785709 0.000010 0.153307 0.011132 0.000010 0.000010 0.000010 0.000010 0.022255
0.000010 0.312311 0.000010 0.020014 0.000010 0.356168 0.000010 0.072954 0.000010 0.000010 0.002566 0.000010 0.000010 0.235907
0.000010 0.000010 0.014105 0.035564 0.001301 0.540484 0.000010 0.185251 0.000010 0.000010 0.109791 0.058304 0.019717 0.035433
0.056741 0.037889 0.000010 0.004972 0.000010 0.755912 0.000010 0.017987 0.000010 0.007817 0.000010 0.038203 0.000010 0.080421
0.016604 0.021222 0.000010 0.004511 0.000010 0.595792 0.000010 0.265127 0.000010 0.000010 0.000010 0.000010 0.046639 0.050034
0.000010 0.265373 0.000010 0.000010 0.000010 0.000010 0.000010 0.000010 0.000010 0.000010 0.000010 0.000010 0.000010 0.734507
0.000010 0.000010 0.000010 0.000010 0.000010 0.000010 0.000010 0.009500 0.000010 0.000010 0.000010 0.000010 0.000010 0.990380
0.000010 0.000010 0.000010 0.000010 0.000010 0.000010 0.000010 0.000010 0.000010 0.999870 0.000010 0.000010 0.000010 0.000010
0.000010 0.138703 0.000010 0.000010 0.000010 0.000010 0.000010 0.000010 0.000010 0.149563 0.000010 0.000010 0.000010 0.711624
0.000010 0.211899 0.000010 0.000010 0.000010 0.000010 0.000010 0.000010 0.000010 0.119215 0.000010 0.000010 0.000010 0.668776
0.000010 0.000010 0.000010 0.000010 0.000010 0.000010 0.000010 0.000010 0.004912 0.000010 0.000010 0.000010 0.000010 0.994968
0.000010 0.007404 0.000010 0.000010 0.391772 0.000010 0.000010 0.000010 0.000010 0.024357 0.000010 0.061537 0.000010 0.514841
0.000010 0.174397 0.009041 0.010687 0.000010 0.033847 0.000010 0.151325 0.000010 0.061404 0.022284 0.000010 0.007763 0.529201
0.000010 0.000010 0.000010 0.000010 0.000010 0.000010 0.000010 0.000010 0.000010 0.999870 0.000010 0.000010 0.000010 0.000010
0.048823 0.000010 0.000010 0.022056 0.103636 0.427918 0.000010 0.063981 0.000010 0.014365 0.252812 0.049444 0.016916 0.000010
0.000010 0.000010 0.000010 0.000010 0.000010 0.000010 0.000010 0.000010 0.000010 0.000010 0.000010 0.000010 0.000010 0.999870
0.000010 0.000010 0.000010 0.000010 0.000010 0.000010 0.000010 0.000010 0.000010 0.682387 0.000010 0.000010 0.000010 0.317493
0.000010 0.006408 0.000010 0.000010 0.886865 0.000010 0.006643 0.000010 0.049914 0.000010 0.000010 0.000010 0.050080 0.000010
0.000010 0.000010 0.000010 0.165123 0.012383 0.000010 0.182532 0.000010 0.448369 0.000010 0.072427 0.063092 0.056005 0.000010
0.051987 0.000010 0.026546 0.171966 0.000010 0.000010 0.191055 0.000010 0.456988 0.000010 0.015611 0.054899 0.030887 0.000010
0.000010 0.000010 0.000010 0.000010 0.999870 0.000010 0.000010 0.000010 0.000010 0.000010 0.000010 0.000010 0.000010 0.000010
0.022883 0.000010 0.000010 0.000010 0.000010 0.050710 0.000010 0.000010 0.000010 0.002816 0.000010 0.000010 0.000010 0.923490
0.000010 0.000010 0.000010 0.000010 0.000010 0.000010 0.000010 0.000010 0.000010 0.000020 0.000010 0.000010 0.000010 0.999860
0.000010 0.000010 0.000010 0.000010 0.000010 0.000010 0.000010 0.000010 0.000010 0.820319 0.000010 0.000010 0.000010 0.179561
0.000010 0.000010 0.000010 0.416978 0.005827 0.000010 0.225361 0.000010 0.139360 0.000010 0.023793 0.133177 0.037020 0.018424
0.000010 0.000010 0.000011 0.999864 0.000012 0.000010 0.000010 0.000010 0.000010 0.000013 0.000010 0.000010 0.000010 0.000010
0.032595 0.000010 0.048808 0.000010 0.050686 0.000010 0.698261 0.029412 0.081785 0.058383 0.000010 0.000010 0.000010 0.000010
0.000013 0.000010 0.000010 0.000010 0.000010 0.027549 0.000010 0.000010 0.033714 0.017684 0.000010 0.036880 0.006262 0.877828
0.169082 0.010301 0.001513 0.000010 0.000010 0.771048 0.001779 0.006649 0.000010 0.008874 0.000010 0.000010 0.000010 0.030694
0.105193 0.005283 0.000010 0.000010 0.000010 0.651031 0.000010 0.079493 0.000010 0.015338 0.025071 0.060757 0.031049 0.026735
0.000010 0.039121 0.013935 0.000010 0.043453 0.000010 0.000010 0.245133 0.052636 0.000010 0.012683 0.577831 0.015148 0.000010
0.052872 0.013958 0.000010 0.000010 0.000010 0.000010 0.000010 0.200164 0.070134 0.000010 0.040671 0.622121 0.000010 0.000010
0.000010 0.000010 0.000010 0.000010 0.000010 0.853533 0.000010 0.057879 0.000010 0.007971 0.022436 0.004185 0.005704 0.048222
0.027620 0.352084 0.000010 0.046728 0.000010 0.186228 0.000010 0.031890 0.000010 0.000010 0.073250 0.011166 0.005523 0.265461
0.052181 0.124593 0.000010 0.005936 0.000010 0.201887 0.000010 0.365157 0.000010 0.020640 0.052670 0.028658 0.016029 0.132210
0.009173 0.051592 0.000010 0.033935 0.009062 0.394375 0.000010 0.234477 0.011696 0.091117 0.000010 0.100521 0.000010 0.064013
0.000010 0.000010 0.999869 0.000010 0.000010 0.000010 0.000011 0.000010 0.000010 0.000010 0.000010 0.000010 0.000010 0.000010
0.184139 0.007051 0.000010 0.000010 0.040101 0.498553 0.000010 0.183120 0.000010 0.003738 0.020724 0.015240 0.029893 0.017402
0.081874 0.015633 0.000010 0.001715 0.000010 0.855858 0.000010 0.001458 0.000010 0.037540 0.000010 0.005853 0.000010 0.000010
0.541277 0.000010 0.000010 0.000010 0.035878 0.145030 0.000010 0.163933 0.013895 0.016782 0.020751 0.017186 0.011073 0.034155
0.067108 0.008874 0.000010 0.019918 0.000010 0.589097 0.000010 0.171435 0.000010 0.000010 0.035151 0.056441 0.051916 0.000010
0.531477 0.038252 0.000010 0.000010 0.000010 0.166153 0.000010 0.227964 0.000010 0.000010 0.000010 0.000010 0.036065 0.000010
0.061012 0.032550 0.000010 0.000010 0.000010 0.325194 0.022748 0.353814 0.018937 0.011660 0.015490 0.148101 0.010453 0.000010
0.000010 0.000010 0.000010 0.000010 0.000010 0.000010 0.000010 0.000010 0.000010 0.999870 0.000010 0.000010 0.000010 0.000010
0.019323 0.007704 0.000010 0.000010 0.000010 0.559577 0.000010 0.002190 0.009313 0.015185 0.011578 0.256277 0.025572 0.093242
0.148773 0.003320 0.000010 0.000010 0.003224 0.579540 0.000010 0.152876 0.029968 0.000010 0.006377 0.075861 0.000010 0.000010
0.094678 0.010616 0.001898 0.000010 0.000010 0.572679 0.000010 0.152646 0.000010 0.000010 0.013291 0.101855 0.008924 0.043362
0.023531 0.034860 0.000010 0.034543 0.000010 0.178048 0.000010 0.429704 0.032911 0.008756 0.070662 0.135275 0.000010 0.051670
0.000010 0.000010 0.000010 0.000010 0.011550 0.899828 0.007594 0.000010 0.010019 0.000010 0.000010 0.012475 0.000010 0.058454
0.000010 0.014243 0.000010 0.000010 0.000010 0.130222 0.000010 0.000010 0.000010 0.000010 0.000010 0.000010 0.855425 0.000010
0.118336 0.014691 0.000010 0.077605 0.000010 0.000010 0.000010 0.500382 0.034094 0.000010 0.004512 0.250310 0.000010 0.000010
0.033972 0.000010 0.000010 0.059892 0.000010 0.112640 0.000010 0.242280 0.040327 0.047539 0.047712 0.337534 0.078055 0.000010
0.071077 0.023289 0.000010 0.069854 0.031664 0.040674 0.000010 0.262947 0.062172 0.019861 0.043587 0.347918 0.000010 0.026927
0.025427 0.000010 0.000010 0.000010 0.015774 0.191542 0.000010 0.444688 0.000010 0.000010 0.052885 0.242276 0.000010 0.027339
0.083550 0.000010 0.000010 0.003592 0.000010 0.805788 0.000010 0.054740 0.000010 0.001811 0.012816 0.018816 0.000010 0.018827
0.033319 0.009298 0.000010 0.020011 0.000010 0.701926 0.000010 0.126604 0.000010 0.005125 0.007004 0.027650 0.026745 0.042278
0.000010 0.000010 0.000010 0.000010 0.030569 0.763670 0.000010 0.000010 0.000010 0.000010 0.000010 0.205651 0.000010 0.000010
0.005675 0.000010 0.000010 0.000010 0.000010 0.855549 0.000010 0.000010 0.000010 0.000010 0.017902 0.120774 0.000010 0.000010
0.196785 0.001525 0.000010 0.057096 0.025668 0.089276 0.000010 0.226954 0.000010 0.000010 0.045319 0.262382 0.094945 0.000010
0.033912 0.457429 0.016715 0.034432 0.019906 0.026013 0.000010 0.071795 0.000016 0.025777 0.050084 0.183175 0.000010 0.080727
0.000010 0.053804 0.004522 0.024627 0.026544 0.441629 0.000010 0.121474 0.005498 0.000010 0.032908 0.070152 0.047277 0.171535
0.068423 0.119690 0.000010 0.048361 0.000010 0.380816 0.000010 0.132038 0.000010 0.014370 0.000010 0.000010 0.000010 0.236233
0.000010 0.022546 0.000010 0.000010 0.000010 0.057468 0.014198 0.024391 0.005811 0.008356 0.006572 0.840918 0.019690 0.000010
0.052479 0.021576 0.000010 0.000010 0.000010 0.808321 0.000010 0.066409 0.000010 0.000010 0.023512 0.000010 0.027622 0.000010
0.000010 0.000010 0.030909 0.000010 0.023047 0.000010 0.000010 0.777785 0.000258 0.021745 0.015517 0.000010 0.021965 0.108714
0.574132 0.000010 0.000010 0.000010 0.000010 0.419982 0.000010 0.000010 0.000010 0.000010 0.005776 0.000010 0.000010 0.000010
0.000010 0.000010 0.000010 0.000010 0.000010 0.999870 0.000010 0.000010 0.000010 0.000010 0.000010 0.000010 0.000010 0.000010
0.107189 0.000010 0.000010 0.000010 0.036716 0.594767 0.000010 0.000010 0.000010 0.000010 0.041035 0.000010 0.166994 0.053219
0.099976 0.070619 0.000010 0.000010 0.003969 0.000010 0.028513 0.442205 0.000010 0.000010 0.028841 0.260300 0.057103 0.008424
0.000010 0.000010 0.000010 0.000010 0.000010 0.999870 0.000010 0.000010 0.000010 0.000010 0.000010 0.000010 0.000010 0.000010
0.039679 0.000010 0.000010 0.000010 0.023188 0.000010 0.000010 0.000010 0.000010 0.000010 0.041227 0.895806 0.000010 0.000010
0.032551 0.011963 0.000010 0.000010 0.017707 0.024428 0.025332 0.000010 0.000010 0.000010 0.001433 0.839724 0.003116 0.043696
0.000010 0.000010 0.000010 0.011668 0.000010 0.000010 0.000010 0.000010 0.000010 0.023252 0.034955 0.912967 0.017067 0.000010
0.000010 0.005864 0.000010 0.000010 0.000010 0.000010 0.000010 0.000010 0.000010 0.007513 0.007532 0.922695 0.056306 0.000010
0.000010 0.000010 0.031117 0.000010 0.000010 0.000010 0.000010 0.084252 0.000010 0.024116 0.000010 0.781074 0.000010 0.079353
0.015688 0.834355 0.000010 0.006299 0.000010 0.000010 0.000010 0.000010 0.012294 0.005315 0.000150 0.104032 0.000010 0.021806
0.000010 0.004775 0.000010 0.030560 0.036020 0.499258 0.000010 0.205662 0.000010 0.002144 0.001383 0.103742 0.007243 0.109173
0.073010 0.001559 0.000010 0.000010 0.000010 0.832770 0.000010 0.000010 0.000010 0.012119 0.008267 0.000010 0.000010 0.072196
0.000010 0.001642 0.000010 0.000010 0.010590 0.749317 0.000010 0.000010 0.000010 0.000010 0.000010 0.238351 0.000010 0.000010
0.022886 0.000010 0.000010 0.010989 0.000010 0.627595 0.000010 0.047816 0.000010 0.022890 0.035492 0.062844 0.096273 0.073166
0.092080 0.000010 0.000010 0.000010 0.000010 0.850089 0.000010 0.000010 0.000010 0.029221 0.000010 0.000010 0.006511 0.022008
0.072106 0.000010 0.000010 0.000010 0.000010 0.000010 0.000010 0.000010 0.000010 0.000010 0.000010 0.927774 0.000010 0.000010
0.030024 0.000970 0.000010 0.007309 0.009888 0.869044 0.000010 0.020700 0.007871 0.010465 0.000010 0.000010 0.043678 0.000010
0.069283 0.025117 0.008592 0.000010 0.000010 0.071793 0.023972 0.629278 0.000010 0.000010 0.000010 0.171894 0.000010 0.000010
0.000010 0.999862 0.000010 0.000018 0.000010 0.000010 0.000010 0.000010 0.000010 0.000010 0.000010 0.000010 0.000010 0.000010
0.000010 0.000010 0.000010 0.049532 0.425858 0.000342 0.026616 0.112958 0.000010 0.000010 0.026236 0.272336 0.086062 0.000010
0.061836 0.026070 0.000010 0.031280 0.020253 0.024424 0.000010 0.315682 0.000010 0.000010 0.025385 0.383211 0.097507 0.014312
0.097423 0.000010 0.000010 0.000010 0.000010 0.257762 0.000010 0.000010 0.000010 0.000010 0.000010 0.629737 0.000010 0.014977
0.008592 0.000010 0.000010 0.085087 0.043196 0.028071 0.015470 0.243500 0.012724 0.014845 0.033471 0.455530 0.059485 0.000010
0.000047 0.000503 0.007421 0.000010 0.071011 0.000010 0.021977 0.000010 0.018698 0.010802 0.000010 0.835549 0.023467 0.010485
0.031126 0.029857 0.038677 0.052102 0.000010 0.068860 0.000010 0.151748 0.000010 0.002672 0.000010 0.624900 0.000010 0.000010
