0.031187 0.366578 0.018788 0.000010 0.000010 0.000010 0.000010 0.475974 0.000010 0.000010 0.000010 0.040241 0.000010 0.067121 0.000010 0.000010 0.000010
0.000010 0.119848 0.000010 0.000010 0.016668 0.000010 0.000010 0.832591 0.000010 0.000010 0.000010 0.000010 0.000010 0.019459 0.011314 0.000010 0.000010
0.000010 0.333101 0.298015 0.000010 0.000010 0.000010 0.000010 0.197943 0.000010 0.000010 0.000010 0.066816 0.000010 0.005875 0.000010 0.017021 0.081127
0.568004 0.000010 0.000010 0.000010 0.000010 0.000010 0.000010 0.000010 0.000010 0.000010 0.000010 0.022095 0.000010 0.000010 0.409760 0.000010 0.000010
0.000010 0.120799 0.226838 0.000010 0.000010 0.000010 0.049896 0.531056 0.000010 0.000010 0.003456 0.000010 0.000010 0.000010 0.000010 0.067845 0.000010
0.000010 0.698623 0.004511 0.000010 0.000010 0.000010 0.011337 0.146483 0.000010 0.000010 0.000010 0.000010 0.000010 0.068522 0.026592 0.029990 0.013853
0.280967 0.149914 0.000010 0.000010 0.000010 0.000010 0.006958 0.049660 0.000010 0.000010 0.000010 0.413666 0.000010 0.000010 0.098726 0.000010 0.000010
0.000010 0.895271 0.000010 0.000010 0.000010 0.021753 0.000010 0.055588 0.027258 0.000010 0.000010 0.000010 0.000010 0.000010 0.000010 0.000010 0.000010
0.004274 0.005754 0.000010 0.000010 0.000010 0.073446 0.034422 0.670179 0.000010 0.000010 0.000010 0.000010 0.000010 0.171706 0.040120 0.000010 0.000010
0.007944 0.850178 0.004738 0.000010 0.000010 0.062607 0.000010 0.060580 0.000010 0.000010 0.000010 0.000010 0.000010 0.013844 0.000010 0.000010 0.000010
0.000010 0.508082 0.000010 0.000010 0.000010 0.069863 0.262199 0.126205 0.017777 0.000010 0.000010 0.000010 0.000010 0.015765 0.000010 0.000010 0.000010
0.000010 0.265044 0.020073 0.008757 0.005077 0.000010 0.056194 0.442124 0.008446 0.000010 0.000010 0.000010 0.000010 0.181062 0.000010 0.013144 0.000010
0.000010 0.000010 0.000010 0.000010 0.000010 0.010515 0.000010 0.000010 0.035698 0.000010 0.000010 0.000010 0.000010 0.187226 0.000010 0.000010 0.766430
0.349886 0.000010 0.000010 0.000010 0.000010 0.000010 0.000010 0.000010 0.000010 0.000010 0.000010 0.058840 0.000010 0.299758 0.098728 0.000010 0.192669
0.000010 0.875319 0.000010 0.007867 0.000010 0.004491 0.031090 0.048540 0.000010 0.000010 0.000010 0.000010 0.000010 0.000010 0.013357 0.019236 0.000010
0.001193 0.271963 0.120431 0.004676 0.000010 0.028154 0.000010 0.473616 0.000010 0.000010 0.000010 0.031344 0.000010 0.042386 0.000010 0.012536 0.013631
0.028090 0.604391 0.127944 0.000010 0.000010 0.032994 0.084185 0.099295 0.000010 0.000010 0.000010 0.019692 0.000010 0.003318 0.000010 0.000010 0.000010
0.154124 0.345127 0.015471 0.000010 0.000010 0.000010 0.021813 0.000010 0.000010 0.000010 0.000010 0.340780 0.000010 0.000010 0.122575 0.000010 0.000010
0.000010 0.215670 0.000010 0.000010 0.000010 0.708023 0.041839 0.000010 0.034338 0.000010 0.000010 0.000010 0.000010 0.000010 0.000010 0.000010 0.000010
0.000010 0.000010 0.000010 0.957385 0.000010 0.000010 0.000010 0.000010 0.000010 0.000010 0.042465 0.000010 0.000010 0.000010 0.000010 0.000010 0.000010
0.000010 0.012807 0.000010 0.987043 0.000010 0.000010 0.000010 0.000010 0.000010 0.000010 0.000010 0.000010 0.000010 0.000010 0.000010 0.000010 0.000010
0.000010 0.000010 0.000010 0.999840 0.000010 0.000010 0.000010 0.000010 0.000010 0.000010 0.000010 0.000010 0.000010 0.000010 0.000010 0.000010 0.000010
0.000010 0.034427 0.000010 0.949048 0.000010 0.000010 0.000010 0.000010 0.016385 0.000010 0.000010 0.000010 0.000010 0.000010 0.000010 0.000010 0.000010
0.000010 0.011385 0.000010 0.000010 0.000010 0.000010 0.000010 0.000010 0.000010 0.000010 0.000010 0.000010 0.000010 0.000010 0.970301 0.018174 0.000010
0.000010 0.000010 0.000010 0.000010 0.000010 0.999840 0.000010 0.000010 0.000010 0.000010 0.000010 0.000010 0.000010 0.000010 0.000010 0.000010 0.000010
0.000010 0.000010 0.000010 0.985304 0.000010 0.000010 0.000010 0.000010 0.000010 0.000010 0.000010 0.000010 0.000010 0.000010 0.014546 0.000010 0.000010
0.000010 0.000010 0.425355 0.000010 0.000010 0.000010 0.000010 0.565297 0.000010 0.000010 0.000010 0.000010 0.000010 0.000010 0.009207 0.000010 0.000010
0.000010 0.000010 0.000010 0.999480 0.000010 0.000010 0.000010 0.000010 0.000010 0.000010 0.000370 0.000010 0.000010 0.000010 0.000010 0.000010 0.000010
0.000010 0.047878 0.054745 0.000010 0.000010 0.008271 0.000010 0.332193 0.000010 0.000018 0.012978 0.001723 0.009146 0.470968 0.062012 0.000010 0.000010
0.034347 0.029918 0.000010 0.000010 0.000010 0.000010 0.000010 0.344560 0.000010 0.000010 0.000010 0.000010 0.000010 0.542589 0.000010 0.000010 0.048465
0.000010 0.000010 0.000010 0.000010 0.000010 0.018657 0.000900 0.000010 0.010258 0.000010 0.000010 0.000010 0.000010 0.970054 0.000010 0.000010 0.000010
0.000010 0.000010 0.000010 0.000010 0.000010 0.018561 0.001469 0.571365 0.000010 0.015939 0.018335 0.000010 0.000010 0.300276 0.014460 0.000010 0.059506
0.000017 0.000010 0.000010 0.000010 0.000010 0.000010 0.000010 0.000010 0.000010 0.000010 0.000010 0.000010 0.000010 0.000010 0.000010 0.000010 0.999833
0.010753 0.000010 0.000010 0.000010 0.024376 0.127255 0.000010 0.250043 0.008459 0.091480 0.000010 0.000010 0.000010 0.258300 0.000010 0.000010 0.229243
0.000010 0.086541 0.000010 0.000010 0.027100 0.040370 0.000010 0.531411 0.287212 0.000010 0.000010 0.000010 0.000010 0.000010 0.000010 0.000010 0.027256
0.000010 0.081763 0.000010 0.000010 0.000010 0.001987 0.293571 0.145842 0.000010 0.000010 0.000010 0.000010 0.000010 0.000010 0.476717 0.000010 0.000010
0.000010 0.182221 0.000010 0.000011 0.000010 0.000010 0.231410 0.000010 0.000010 0.000010 0.000010 0.000010 0.000010 0.000010 0.586229 0.000010 0.000010
0.000010 0.000010 0.000010 0.000010 0.000010 0.000010 0.000010 0.000010 0.000010 0.000010 0.000010 0.000010 0.999840 0.000010 0.000010 0.000010 0.000010
0.000010 0.000010 0.000010 0.000010 0.000010 0.037900 0.000011 0.705459 0.000010 0.014196 0.000010 0.000010 0.000010 0.195858 0.046466 0.000010 0.000010
0.000010 0.030914 0.000010 0.000010 0.039250 0.003764 0.000010 0.159299 0.000010 0.005474 0.000010 0.000010 0.000010 0.724615 0.000010 0.036585 0.000010
0.000010 0.999840 0.000010 0.000010 0.000010 0.000010 0.000010 0.000010 0.000010 0.000010 0.000010 0.000010 0.000010 0.000010 0.000010 0.000010 0.000010
0.000010 0.154336 0.009133 0.000010 0.050305 0.052441 0.000010 0.328294 0.000010 0.001625 0.000010 0.000010 0.000010 0.344163 0.038757 0.020865 0.000010
0.000010 0.600668 0.399182 0.000010 0.000010 0.000010 0.000010 0.000010 0.000010 0.000010 0.000010 0.000010 0.000010 0.000010 0.000010 0.000010 0.000010
0.000010 0.706554 0.293296 0.000010 0.000010 0.000010 0.000010 0.000010 0.000010 0.000010 0.000010 0.000010 0.000010 0.000010 0.000010 0.000010 0.000010
0.000010 0.000010 0.000010 0.000010 0.000010 0.041423 0.000010 0.000010 0.000010 0.370762 0.000010 0.000010 0.000010 0.457282 0.000010 0.130404 0.000010
0.000010 0.000010 0.000010 0.667209 0.019069 0.001677 0.000010 0.000010 0.000010 0.000010 0.000010 0.000010 0.311916 0.000010 0.000010 0.000010 0.000010
0.000010 0.000010 0.000010 0.675851 0.000010 0.000010 0.000010 0.000010 0.006695 0.000010 0.000010 0.000010 0.286068 0.000010 0.000010 0.031256 0.000010
0.000010 0.000010 0.015487 0.281128 0.050737 0.000010 0.016143 0.048332 0.023080 0.173775 0.076030 0.000010 0.130743 0.069436 0.000010 0.038140 0.076918
0.000010 0.000010 0.060128 0.000929 0.046577 0.033271 0.013848 0.230272 0.028961 0.097821 0.000010 0.000010 0.000010 0.129672 0.017827 0.166482 0.174163
0.000010 0.002716 0.016087 0.031620 0.000010 0.108191 0.000010 0.301117 0.017569 0.079983 0.000010 0.000010 0.000010 0.137623 0.001557 0.098946 0.204531
0.000010 0.000010 0.000010 0.000010 0.000010 0.000010 0.000010 0.000010 0.000010 0.000010 0.000010 0.000010 0.000010 0.000010 0.000010 0.999840 0.000010
0.000010 0.000010 0.000010 0.050733 0.033736 0.133101 0.007124 0.145508 0.000010 0.056374 0.000010 0.000010 0.000010 0.259553 0.000010 0.057145 0.256646
0.000010 0.000010 0.000010 0.000010 0.000010 0.000010 0.000010 0.000010 0.000010 0.000010 0.000010 0.110595 0.000010 0.000010 0.000010 0.889255 0.000010
0.000010 0.000010 0.050605 0.000010 0.000010 0.067877 0.040318 0.250203 0.052688 0.121200 0.000010 0.000010 0.000010 0.168836 0.000010 0.051304 0.196889
0.000010 0.000010 0.043384 0.000010 0.029456 0.143203 0.000010 0.000010 0.018293 0.101121 0.000010 0.000010 0.000010 0.314374 0.000010 0.046993 0.303086
0.000010 0.000010 0.000010 0.000013 0.000010 0.000010 0.000010 0.000010 0.999837 0.000010 0.000010 0.000010 0.000011 0.000010 0.000010 0.000010 0.000010
0.000010 0.837517 0.132812 0.000010 0.000010 0.007923 0.000010 0.000010 0.016858 0.000010 0.000010 0.000010 0.000010 0.001652 0.003128 0.000010 0.000010
0.000010 0.000010 0.000010 0.000010 0.000010 0.024087 0.000010 0.693770 0.000010 0.023610 0.000010 0.000010 0.000010 0.189413 0.069000 0.000010 0.000010
0.000010 0.000010 0.000010 0.000010 0.000010 0.043132 0.000010 0.614097 0.000010 0.000010 0.000010 0.000010 0.000010 0.309383 0.017333 0.015935 0.000010
0.013572 0.605863 0.000010 0.000010 0.000010 0.000010 0.051611 0.073832 0.000010 0.000010 0.000010 0.174713 0.000010 0.028355 0.001912 0.021516 0.028544
0.000010 0.000010 0.000010 0.000010 0.000010 0.000010 0.000010 0.164999 0.000010 0.000010 0.000010 0.000010 0.000010 0.831103 0.000010 0.003758 0.000010
0.000010 0.020331 0.000010 0.000010 0.000010 0.000010 0.000010 0.465319 0.006336 0.047104 0.000010 0.018012 0.000010 0.413840 0.028958 0.000010 0.000010
0.000010 0.411717 0.000010 0.000010 0.000010 0.057972 0.000010 0.167580 0.001765 0.000010 0.000010 0.000010 0.000010 0.296739 0.000010 0.064117 0.000010
0.000010 0.000010 0.000010 0.000010 0.000010 0.000010 0.000010 0.463914 0.000010 0.000010 0.000010 0.000010 0.000010 0.494609 0.041337 0.000010 0.000010
0.025528 0.016996 0.000010 0.000010 0.000010 0.060397 0.000010 0.461960 0.035710 0.021671 0.016791 0.000010 0.000010 0.295539 0.007147 0.038364 0.019837
0.094523 0.189182 0.000010 0.000010 0.000010 0.018286 0.071779 0.000010 0.088856 0.000010 0.021948 0.000010 0.005750 0.034222 0.135569 0.145170 0.194656
0.160478 0.000010 0.000010 0.000010 0.000010 0.000010 0.000010 0.000010 0.000010 0.076641 0.000010 0.000010 0.615433 0.000010 0.147318 0.000010 0.000010
0.378001 0.000010 0.132892 0.000010 0.000010 0.000010 0.000010 0.000010 0.004031 0.000010 0.000010 0.000010 0.000010 0.000010 0.357031 0.000010 0.127924
0.000010 0.876581 0.097427 0.000010 0.000010 0.000010 0.000010 0.000010 0.025850 0.000010 0.000010 0.000010 0.000010 0.000010 0.000012 0.000010 0.000010
0.000010 0.000010 0.021122 0.000010 0.000010 0.157894 0.008964 0.043423 0.030612 0.038228 0.000010 0.000010 0.000010 0.302919 0.030173 0.056484 0.310110
0.010087 0.010458 0.000010 0.000010 0.000010 0.127968 0.000010 0.266017 0.000010 0.045998 0.008009 0.000010 0.000010 0.142211 0.000010 0.108587 0.280587
0.000010 0.065027 0.023179 0.000010 0.000010 0.228549 0.000010 0.093426 0.043665 0.000010 0.000010 0.000010 0.000010 0.083617 0.000010 0.162924 0.299523
0.000010 0.000010 0.000010 0.000010 0.000010 0.021935 0.000010 0.864186 0.113740 0.000010 0.000010 0.000010 0.000010 0.000010 0.000010 0.000010 0.000010
0.012283 0.000010 0.000010 0.000010 0.000010 0.000010 0.000010 0.585448 0.000010 0.000010 0.000010 0.002548 0.000010 0.343556 0.000010 0.035057 0.020997
0.002989 0.023369 0.010513 0.000010 0.000010 0.087776 0.000010 0.791328 0.062774 0.015702 0.000010 0.000010 0.000010 0.000010 0.005459 0.000010 0.000010
0.000010 0.000010 0.000010 0.000010 0.000010 0.033845 0.000010 0.350558 0.035356 0.000010 0.000010 0.000010 0.000010 0.504330 0.000010 0.000010 0.075792
0.046380 0.000010 0.000010 0.000010 0.000010 0.005777 0.000010 0.223355 0.011669 0.000010 0.000010 0.000010 0.000010 0.706390 0.000010 0.006320 0.000010
0.000010 0.005434 0.000010 0.000010 0.000010 0.077047 0.019102 0.419603 0.001867 0.000010 0.000010 0.000010 0.012596 0.413401 0.000010 0.050859 0.000010
0.000010 0.000010 0.000010 0.000010 0.000010 0.000010 0.000010 0.000010 0.000010 0.000010 0.000010 0.000010 0.999840 0.000010 0.000010 0.000010 0.000010
0.000010 0.000010 0.000010 0.000010 0.000010 0.000010 0.000010 0.626223 0.000010 0.000010 0.000010 0.000010 0.000010 0.302416 0.034437 0.036793 0.000010
0.000010 0.000010 0.020045 0.000010 0.000010 0.010184 0.075394 0.079296 0.035288 0.000010 0.000010 0.000010 0.000010 0.692887 0.013701 0.055596 0.017529
0.000010 0.566110 0.005776 0.000010 0.000010 0.000010 0.165443 0.242499 0.008559 0.000010 0.000010 0.000010 0.000010 0.000010 0.000010 0.008850 0.002662
0.016367 0.543594 0.000010 0.000010 0.000010 0.008382 0.227966 0.174309 0.018734 0.000010 0.000010 0.000010 0.000010 0.000010 0.010547 0.000010 0.000010
0.000010 0.000010 0.000010 0.000010 0.000010 0.000010 0.005352 0.243325 0.740868 0.000010 0.010324 0.000010 0.000010 0.000010 0.000010 0.000010 0.000010
0.042310 0.659941 0.073134 0.000010 0.000010 0.000010 0.000010 0.000010 0.000010 0.000010 0.000010 0.221298 0.000010 0.003198 0.000010 0.000010 0.000010
0.000010 0.000010 0.000010 0.000010 0.000010 0.000010 0.000010 0.000010 0.000010 0.000010 0.000010 0.000010 0.999840 0.000010 0.000010 0.000010 0.000010
0.000010 0.000010 0.001375 0.704275 0.144392 0.000010 0.000010 0.000010 0.027329 0.000010 0.000010 0.000010 0.000010 0.039024 0.000010 0.083494 0.000010
0.000010 0.296984 0.007988 0.000010 0.000010 0.003546 0.602615 0.000010 0.038362 0.000010 0.000010 0.000010 0.000010 0.050396 0.000010 0.000010 0.000010
0.000010 0.116334 0.244182 0.000010 0.000010 0.000010 0.018372 0.260662 0.063032 0.023596 0.000010 0.000010 0.000010 0.193237 0.047759 0.018095 0.014661
0.000010 0.000010 0.000010 0.814405 0.063720 0.000010 0.000010 0.000010 0.000010 0.016899 0.000010 0.030933 0.004563 0.000010 0.007783 0.054488 0.007119
0.002909 0.000010 0.000010 0.784935 0.085540 0.000010 0.000010 0.030153 0.031340 0.000010 0.003182 0.000010 0.000010 0.044896 0.000010 0.016953 0.000010
0.000010 0.000010 0.003188 0.742254 0.078602 0.000010 0.000010 0.007773 0.000010 0.000010 0.021754 0.000010 0.039835 0.068504 0.017641 0.020369 0.000010
0.000010 0.000010 0.065375 0.804133 0.106101 0.010208 0.000010 0.000010 0.000010 0.000010 0.000010 0.000010 0.000010 0.000010 0.000010 0.014063 0.000010
0.000010 0.000010 0.000010 0.824296 0.031812 0.014049 0.000010 0.000010 0.000010 0.022511 0.008184 0.000010 0.029454 0.015753 0.000010 0.053850 0.000010
0.041724 0.072482 0.302710 0.245041 0.000010 0.000010 0.059864 0.125938 0.015943 0.000010 0.007885 0.045516 0.000010 0.067449 0.000010 0.015387 0.000010
0.000010 0.000010 0.000010 0.000010 0.000010 0.000010 0.000010 0.000010 0.000010 0.999840 0.000010 0.000010 0.000010 0.000010 0.000010 0.000010 0.000010
0.000010 0.000010 0.000010 0.000010 0.000010 0.000010 0.000010 0.000010 0.000010 0.999840 0.000010 0.000010 0.000010 0.000010 0.000010 0.000010 0.000010
0.000010 0.107412 0.095806 0.000010 0.000010 0.007595 0.350151 0.348825 0.009061 0.018138 0.014277 0.000010 0.000010 0.000010 0.000010 0.008245 0.040421
0.000010 0.738811 0.000010 0.019203 0.000011 0.000010 0.114970 0.000010 0.000010 0.000010 0.000010 0.032672 0.000010 0.053431 0.040803 0.000010 0.000010
0.000010 0.000010 0.000010 0.000010 0.000010 0.000010 0.000010 0.000010 0.000010 0.999840 0.000010 0.000010 0.000010 0.000010 0.000010 0.000010 0.000010
0.000010 0.000010 0.222100 0.000010 0.000010 0.000010 0.000010 0.755744 0.022016 0.000010 0.000010 0.000010 0.000010 0.000010 0.000010 0.000010 0.000010
0.000010 0.000010 0.000010 0.000010 0.000010 0.000010 0.000010 0.000010 0.000010 0.662628 0.000010 0.000010 0.000010 0.166922 0.000010 0.170310 0.000010
0.000010 0.116914 0.059036 0.000010 0.000010 0.008742 0.076607 0.703460 0.031748 0.000010 0.000010 0.000010 0.000010 0.003394 0.000010 0.000010 0.000010
0.999834 0.000010 0.000010 0.000010 0.000010 0.000010 0.000010 0.000010 0.000010 0.000010 0.000010 0.000010 0.000010 0.000010 0.000010 0.000016 0.000010
0.000010 0.595848 0.000010 0.000010 0.000010 0.015346 0.266613 0.117708 0.000010 0.000010 0.000010 0.000010 0.000010 0.000010 0.000889 0.003485 0.000010
0.000010 0.000010 0.000010 0.000010 0.000010 0.000010 0.000010 0.000010 0.000010 0.466745 0.000010 0.000010 0.000010 0.000010 0.533105 0.000010 0.000010
0.000010 0.000010 0.000010 0.000010 0.000010 0.000010 0.999840 0.000010 0.000010 0.000010 0.000010 0.000010 0.000010 0.000010 0.000010 0.000010 0.000010
0.001556 0.000010 0.242101 0.000010 0.000010 0.000010 0.000010 0.709014 0.032299 0.013257 0.000010 0.000010 0.000010 0.000010 0.000010 0.001664 0.000010
0.000010 0.132768 0.097144 0.000010 0.000010 0.032935 0.029586 0.658659 0.019613 0.000010 0.000010 0.000010 0.000010 0.000010 0.029195 0.000010 0.000010
0.000010 0.805780 0.000010 0.000010 0.000010 0.000010 0.033722 0.131364 0.000010 0.000010 0.000010 0.000010 0.000010 0.000010 0.000010 0.000010 0.029003
0.000010 0.001659 0.039958 0.019940 0.042587 0.106066 0.000010 0.082904 0.006595 0.013919 0.007024 0.000010 0.010650 0.088859 0.000010 0.510090 0.069708
0.000010 0.518510 0.080148 0.000010 0.000010 0.003001 0.026936 0.256675 0.016047 0.000010 0.000010 0.000010 0.000010 0.077119 0.000010 0.000010 0.021474
0.005926 0.736794 0.083788 0.000010 0.000010 0.000010 0.021517 0.104365 0.015943 0.000010 0.000010 0.000010 0.000010 0.027927 0.000010 0.003650 0.000010
0.000010 0.829282 0.000010 0.000010 0.000010 0.000010 0.089701 0.000010 0.000010 0.000010 0.000010 0.000010 0.000010 0.067934 0.012953 0.000010 0.000010
0.000010 0.060461 0.076893 0.000010 0.000010 0.001165 0.005898 0.722594 0.052360 0.014386 0.000010 0.011365 0.000010 0.054798 0.000010 0.000010 0.000010
0.000010 0.000010 0.000010 0.000010 0.000010 0.000010 0.999840 0.000010 0.000010 0.000010 0.000010 0.000010 0.000010 0.000010 0.000010 0.000010 0.000010
0.999836 0.000010 0.000010 0.000010 0.000010 0.000010 0.000010 0.000010 0.000010 0.000010 0.000010 0.000010 0.000010 0.000010 0.000014 0.000010 0.000010
0.999840 0.000010 0.000010 0.000010 0.000010 0.000010 0.000010 0.000010 0.000010 0.000010 0.000010 0.000010 0.000010 0.000010 0.000010 0.000010 0.000010
0.000010 0.713649 0.000010 0.000010 0.000010 0.000010 0.100687 0.167996 0.017537 0.000010 0.000010 0.000010 0.000010 0.000010 0.000010 0.000010 0.000010
0.999834 0.000010 0.000016 0.000010 0.000010 0.000010 0.000010 0.000010 0.000010 0.000010 0.000010 0.000010 0.000010 0.000010 0.000010 0.000010 0.000010
0.000010 0.669575 0.330266 0.000010 0.000010 0.000010 0.000010 0.000010 0.000010 0.000010 0.000010 0.000010 0.000010 0.000010 0.000018 0.000010 0.000010
0.000010 0.999840 0.000010 0.000010 0.000010 0.000010 0.000010 0.000010 0.000010 0.000010 0.000010 0.000010 0.000010 0.000010 0.000010 0.000010 0.000010
0.999840 0.000010 0.000010 0.000010 0.000010 0.000010 0.000010 0.000010 0.000010 0.000010 0.000010 0.000010 0.000010 0.000010 0.000010 0.000010 0.000010
0.999840 0.000010 0.000010 0.000010 0.000010 0.000010 0.000010 0.000010 0.000010 0.000010 0.000010 0.000010 0.000010 0.000010 0.000010 0.000010 0.000010
0.999837 0.000013 0.000010 0.000010 0.000010 0.000010 0.000010 0.000010 0.000010 0.000010 0.000010 0.000010 0.000010 0.000010 0.000010 0.000010 0.000010
0.999840 0.000010 0.000010 0.000010 0.000010 0.000010 0.000010 0.000010 0.000010 0.000010 0.000010 0.000010 0.000010 0.000010 0.000010 0.000010 0.000010
0.593043 0.000010 0.000010 0.000010 0.000010 0.000010 0.000010 0.034125 0.000010 0.000010 0.000010 0.000010 0.000010 0.000015 0.292749 0.000010 0.079947
0.000010 0.055614 0.000010 0.000010 0.000010 0.000010 0.000010 0.944236 0.000010 0.000010 0.000010 0.000010 0.000010 0.000010 0.000010 0.000010 0.000010
0.006195 0.024316 0.000010 0.000010 0.000010 0.000010 0.000010 0.969348 0.000010 0.000010 0.000010 0.000010 0.000010 0.000010 0.000010 0.000010 0.000010
0.999831 0.000010 0.000010 0.000010 0.000010 0.000010 0.000010 0.000019 0.000010 0.000010 0.000010 0.000010 0.000010 0.000010 0.000010 0.000010 0.000010
0.138391 0.346966 0.098597 0.000010 0.000010 0.000010 0.007313 0.036445 0.001918 0.000010 0.000010 0.358681 0.000010 0.000010 0.011599 0.000010 0.000010
0.000010 0.542504 0.078921 0.000010 0.000010 0.000010 0.321336 0.000010 0.046573 0.000010 0.000010 0.000010 0.000010 0.000010 0.010546 0.000010 0.000010
0.999840 0.000010 0.000010 0.000010 0.000010 0.000010 0.000010 0.000010 0.000010 0.000010 0.000010 0.000010 0.000010 0.000010 0.000010 0.000010 0.000010
0.872364 0.000010 0.000010 0.000010 0.000010 0.000010 0.000010 0.000010 0.000010 0.000010 0.000010 0.000010 0.000010 0.000010 0.089210 0.018345 0.019951
0.999831 0.000010 0.000019 0.000010 0.000010 0.000010 0.000010 0.000010 0.000010 0.000010 0.000010 0.000010 0.000010 0.000010 0.000010 0.000010 0.000010
0.000010 0.083472 0.106494 0.000010 0.000010 0.024879 0.036066 0.318422 0.235884 0.000010 0.000010 0.055214 0.000010 0.082244 0.000010 0.000010 0.057244
0.000010 0.015486 0.000010 0.000010 0.000010 0.000010 0.000010 0.984364 0.000010 0.000010 0.000010 0.000010 0.000010 0.000010 0.000010 0.000010 0.000010
0.000010 0.060644 0.004112 0.000010 0.000010 0.000010 0.000010 0.907374 0.010436 0.000010 0.000010 0.000010 0.000010 0.000010 0.000010 0.000010 0.017314
0.000010 0.000010 0.000010 0.000010 0.000010 0.003555 0.000010 0.985216 0.011089 0.000010 0.000010 0.000010 0.000010 0.000010 0.000010 0.000010 0.000010
0.000010 0.000010 0.000010 0.000010 0.000010 0.000010 0.000010 0.000010 0.000010 0.000010 0.000010 0.000010 0.000010 0.000010 0.999840 0.000010 0.000010
0.420625 0.000010 0.000010 0.000010 0.000010 0.000010 0.000442 0.000010 0.000010 0.000010 0.000010 0.000010 0.578793 0.000010 0.000010 0.000010 0.000010
0.973577 0.000010 0.000010 0.000010 0.000010 0.000010 0.000010 0.000010 0.000010 0.000010 0.000010 0.000010 0.000010 0.000010 0.026273 0.000010 0.000010
0.999840 0.000010 0.000010 0.000010 0.000010 0.000010 0.000010 0.000010 0.000010 0.000010 0.000010 0.000010 0.000010 0.000010 0.000010 0.000010 0.000010
0.999838 0.000010 0.000010 0.000010 0.000010 0.000012 0.000010 0.000010 0.000010 0.000010 0.000010 0.000010 0.000010 0.000010 0.000010 0.000010 0.000010
0.999840 0.000010 0.000010 0.000010 0.000010 0.000010 0.000010 0.000010 0.000010 0.000010 0.000010 0.000010 0.000010 0.000010 0.000010 0.000010 0.000010
0.999840 0.000010 0.000010 0.000010 0.000010 0.000010 0.000010 0.000010 0.000010 0.000010 0.000010 0.000010 0.000010 0.000010 0.000010 0.000010 0.000010
0.999840 0.000010 0.000010 0.000010 0.000010 0.000010 0.000010 0.000010 0.000010 0.000010 0.000010 0.000010 0.000010 0.000010 0.000010 0.000010 0.000010
0.000010 0.163078 0.438107 0.000010 0.000010 0.000010 0.000010 0.009008 0.314307 0.000010 0.000010 0.000010 0.000010 0.000010 0.000010 0.000010 0.075380
0.999840 0.000010 0.000010 0.000010 0.000010 0.000010 0.000010 0.000010 0.000010 0.000010 0.000010 0.000010 0.000010 0.000010 0.000010 0.000010 0.000010
0.721452 0.000010 0.000010 0.000010 0.000010 0.000010 0.000010 0.000010 0.000010 0.000010 0.043358 0.006688 0.000010 0.000010 0.187175 0.001113 0.040104
0.000010 0.869133 0.039093 0.000010 0.000010 0.000010 0.000010 0.079964 0.000010 0.000010 0.000010 0.011681 0.000010 0.000010 0.000010 0.000010 0.000010
0.186922 0.000010 0.000010 0.000010 0.000010 0.000010 0.000010 0.000010 0.000010 0.000010 0.000010 0.000010 0.000010 0.000010 0.812928 0.000010 0.000010
0.059930 0.030361 0.000010 0.000010 0.000010 0.005113 0.000010 0.000010 0.001559 0.000010 0.000010 0.289463 0.000010 0.000010 0.613465 0.000010 0.000010
0.999836 0.000010 0.000010 0.000010 0.000010 0.000010 0.000010 0.000010 0.000010 0.000010 0.000014 0.000010 0.000010 0.000010 0.000010 0.000010 0.000010
0.999834 0.000014 0.000010 0.000010 0.000010 0.000012 0.000010 0.000010 0.000010 0.000010 0.000010 0.000010 0.000010 0.000010 0.000010 0.000010 0.000010
0.999840 0.000010 0.000010 0.000010 0.000010 0.000010 0.000010 0.000010 0.000010 0.000010 0.000010 0.000010 0.000010 0.000010 0.000010 0.000010 0.000010
0.999830 0.000020 0.000010 0.000010 0.000010 0.000010 0.000010 0.000010 0.000010 0.000010 0.000010 0.000010 0.000010 0.000010 0.000010 0.000010 0.000010
0.868754 0.000010 0.000010 0.000010 0.000010 0.000010 0.000010 0.000010 0.005552 0.000010 0.000010 0.000010 0.000010 0.000010 0.125546 0.000019 0.000010
0.999835 0.000010 0.000010 0.000010 0.000010 0.000010 0.000010 0.000010 0.000010 0.000015 0.000010 0.000010 0.000010 0.000010 0.000010 0.000010 0.000010
0.000010 0.000010 0.000010 0.000010 0.000010 0.000010 0.000010 0.000010 0.999840 0.000010 0.000010 0.000010 0.000010 0.000010 0.000010 0.000010 0.000010
0.000010 0.000010 0.000010 0.000010 0.000010 0.000010 0.000010 0.000010 0.000010 0.000010 0.999840 0.000010 0.000010 0.000010 0.000010 0.000010 0.000010
0.000010 0.000010 0.000010 0.000010 0.000010 0.000010 0.000010 0.000010 0.000010 0.000010 0.999840 0.000010 0.000010 0.000010 0.000010 0.000010 0.000010
0.000010 0.000010 0.000010 0.000010 0.000010 0.000010 0.000010 0.000010 0.000010 0.000010 0.999840 0.000010 0.000010 0.000010 0.000010 0.000010 0.000010
0.999840 0.000010 0.000010 0.000010 0.000010 0.000010 0.000010 0.000010 0.000010 0.000010 0.000010 0.000010 0.000010 0.000010 0.000010 0.000010 0.000010
0.999840 0.000010 0.000010 0.000010 0.000010 0.000010 0.000010 0.000010 0.000010 0.000010 0.000010 0.000010 0.000010 0.000010 0.000010 0.000010 0.000010
0.000010 0.000010 0.000010 0.000010 0.000010 0.000010 0.000010 0.000010 0.000010 0.000010 0.999840 0.000010 0.000010 0.000010 0.000010 0.000010 0.000010
0.000010 0.000010 0.000010 0.000010 0.000010 0.000010 0.000010 0.000010 0.000010 0.000010 0.999840 0.000010 0.000010 0.000010 0.000010 0.000010 0.000010
0.000010 0.000010 0.000010 0.000010 0.000010 0.000010 0.000016 0.000010 0.000010 0.000010 0.999834 0.000010 0.000010 0.000010 0.000010 0.000010 0.000010
0.999839 0.000010 0.000010 0.000010 0.000010 0.000010 0.000010 0.000011 0.000010 0.000010 0.000010 0.000010 0.000010 0.000010 0.000010 0.000010 0.000010
0.999840 0.000010 0.000010 0.000010 0.000010 0.000010 0.000010 0.000010 0.000010 0.000010 0.000010 0.000010 0.000010 0.000010 0.000010 0.000010 0.000010
0.000010 0.000010 0.000010 0.000010 0.000010 0.000010 0.000010 0.000010 0.000010 0.000010 0.000010 0.000010 0.000010 0.000010 0.000010 0.999840 0.000010
0.999840 0.000010 0.000010 0.000010 0.000010 0.000010 0.000010 0.000010 0.000010 0.000010 0.000010 0.000010 0.000010 0.000010 0.000010 0.000010 0.000010
0.000010 0.058706 0.000010 0.000010 0.000010 0.941144 0.000010 0.000010 0.000010 0.000010 0.000010 0.000010 0.000010 0.000010 0.000010 0.000010 0.000010
0.370267 0.000010 0.000010 0.000010 0.000010 0.000010 0.000010 0.000010 0.000010 0.629583 0.000010 0.000010 0.000010 0.000010 0.000010 0.000010 0.000010
0.363236 0.000010 0.000010 0.000010 0.000010 0.000010 0.000010 0.000010 0.000010 0.636614 0.000010 0.000010 0.000010 0.000010 0.000010 0.000010 0.000010
0.000010 0.531198 0.000010 0.000010 0.000010 0.049329 0.065279 0.154712 0.000010 0.000010 0.000010 0.113533 0.000010 0.082027 0.000010 0.000010 0.003822
0.344259 0.000010 0.000010 0.000010 0.000010 0.000010 0.000010 0.000010 0.000010 0.655591 0.000010 0.000010 0.000010 0.000010 0.000010 0.000010 0.000010
0.000010 0.000010 0.000010 0.887780 0.021809 0.003697 0.000010 0.000010 0.032450 0.000010 0.011712 0.000010 0.000010 0.008717 0.021329 0.012417 0.000010
0.000010 0.000010 0.137547 0.039642 0.107514 0.101681 0.000010 0.016864 0.000010 0.074475 0.000010 0.000010 0.000010 0.178214 0.000010 0.195880 0.148103
0.000010 0.325024 0.031531 0.000010 0.000010 0.028319 0.036144 0.017576 0.026414 0.000010 0.000010 0.360763 0.005235 0.083887 0.079042 0.000010 0.006004
0.000010 0.000010 0.000010 0.000010 0.953232 0.000010 0.000010 0.000010 0.000707 0.000010 0.000010 0.000010 0.000010 0.000010 0.045921 0.000010 0.000010
0.214389 0.000010 0.000010 0.000010 0.000010 0.000010 0.000010 0.000010 0.000010 0.000010 0.000010 0.722663 0.000010 0.000010 0.062808 0.000010 0.000010
0.277528 0.000010 0.000010 0.000010 0.000010 0.000010 0.000010 0.000010 0.000010 0.000010 0.000010 0.722322 0.000010 0.000010 0.000010 0.000010 0.000010
0.000010 0.785192 0.214511 0.000010 0.000010 0.000010 0.000010 0.000010 0.000156 0.000010 0.000010 0.000010 0.000010 0.000010 0.000010 0.000010 0.000010
0.319632 0.000010 0.021851 0.000010 0.000010 0.026951 0.000010 0.000010 0.000010 0.000011 0.000010 0.037921 0.000010 0.000010 0.409349 0.000010 0.184186
0.000010 0.335997 0.000010 0.000010 0.000010 0.000010 0.017334 0.434179 0.074968 0.000010 0.008880 0.000010 0.018513 0.062974 0.006660 0.040415 0.000010
0.041714 0.719072 0.040718 0.000010 0.000010 0.000010 0.024907 0.060063 0.000010 0.000010 0.000010 0.062014 0.000010 0.017879 0.033543 0.000010 0.000010
0.226617 0.308143 0.011559 0.000010 0.000010 0.000010 0.062172 0.010057 0.000010 0.006765 0.000010 0.279194 0.000010 0.000010 0.082849 0.000010 0.012563
0.000010 0.000010 0.029222 0.000010 0.000010 0.209150 0.029695 0.005311 0.000010 0.232546 0.000010 0.000010 0.000010 0.377911 0.000010 0.032735 0.083341
0.000010 0.000010 0.036696 0.000010 0.000010 0.021619 0.803253 0.107746 0.007696 0.000010 0.000010 0.000010 0.000010 0.000010 0.022880 0.000010 0.000010
0.000010 0.014411 0.225995 0.000010 0.000010 0.073034 0.000010 0.523231 0.029547 0.000010 0.000010 0.000010 0.000010 0.070180 0.010847 0.052666 0.000010
0.000010 0.000010 0.000010 0.000010 0.932795 0.000010 0.000010 0.000010 0.000010 0.000010 0.067055 0.000010 0.000010 0.000010 0.000010 0.000010 0.000010
0.807789 0.000010 0.000010 0.000010 0.000010 0.000016 0.000010 0.000010 0.000010 0.000010 0.000010 0.081297 0.000010 0.000010 0.043337 0.000010 0.067441
0.000010 0.000010 0.000010 0.000010 0.993098 0.000010 0.000010 0.000010 0.000010 0.000010 0.006752 0.000010 0.000010 0.000010 0.000010 0.000010 0.000010
0.000010 0.000010 0.000010 0.000010 0.000010 0.000010 0.000010 0.000010 0.000010 0.000010 0.999840 0.000010 0.000010 0.000010 0.000010 0.000010 0.000010
0.000010 0.386231 0.056696 0.013630 0.000010 0.000010 0.034714 0.394826 0.078699 0.001884 0.000010 0.026428 0.000010 0.006812 0.000010 0.000010 0.000010
0.000010 0.501729 0.498121 0.000010 0.000010 0.000010 0.000010 0.000010 0.000010 0.000010 0.000010 0.000010 0.000010 0.000010 0.000010 0.000010 0.000010
0.000010 0.000010 0.000010 0.661602 0.000010 0.000010 0.000010 0.000010 0.000010 0.000010 0.000010 0.000010 0.000010 0.000010 0.000010 0.338248 0.000010
0.000010 0.490300 0.441801 0.000010 0.000010 0.000010 0.000010 0.000010 0.000010 0.000010 0.000010 0.000010 0.000010 0.000010 0.003735 0.000010 0.064034
0.000010 0.622895 0.376955 0.000010 0.000010 0.000010 0.000010 0.000010 0.000010 0.000010 0.000010 0.000010 0.000010 0.000010 0.000010 0.000010 0.000010
0.000010 0.817078 0.070142 0.000010 0.000010 0.000010 0.048397 0.000010 0.011491 0.000010 0.000010 0.000010 0.009513 0.042977 0.000010 0.000010 0.000303
0.000010 0.032417 0.037163 0.005906 0.197692 0.154849 0.000010 0.015831 0.000010 0.026812 0.000010 0.005367 0.000010 0.369278 0.000010 0.110090 0.044535
0.000010 0.000010 0.000010 0.000010 0.000010 0.054926 0.000010 0.000010 0.000010 0.000010 0.000010 0.000010 0.000010 0.000010 0.000010 0.944924 0.000010
0.011142 0.437700 0.238841 0.000010 0.000010 0.065273 0.000010 0.070428 0.133876 0.000010 0.000010 0.012717 0.000010 0.000010 0.000010 0.029934 0.000010
0.000010 0.000010 0.000010 0.000010 0.000010 0.000010 0.000010 0.000010 0.000010 0.000010 0.999840 0.000010 0.000010 0.000010 0.000010 0.000010 0.000010
0.000010 0.000010 0.999840 0.000010 0.000010 0.000010 0.000010 0.000010 0.000010 0.000010 0.000010 0.000010 0.000010 0.000010 0.000010 0.000010 0.000010
0.063947 0.460475 0.043240 0.000010 0.000010 0.029659 0.000010 0.105861 0.000010 0.000010 0.000010 0.241478 0.000010 0.055240 0.000010 0.000010 0.000010
0.052793 0.000010 0.000010 0.186507 0.286025 0.000010 0.000010 0.000010 0.004227 0.188443 0.191195 0.000010 0.002418 0.067564 0.000010 0.000010 0.020748
0.000010 0.000010 0.522061 0.007860 0.000010 0.000010 0.073659 0.288016 0.013314 0.000010 0.000010 0.000010 0.000010 0.046582 0.000010 0.021032 0.027386
0.999840 0.000010 0.000010 0.000010 0.000010 0.000010 0.000010 0.000010 0.000010 0.000010 0.000010 0.000010 0.000010 0.000010 0.000010 0.000010 0.000010
0.000010 0.489736 0.492516 0.000010 0.000010 0.000010 0.000010 0.000010 0.017609 0.000010 0.000010 0.000010 0.000010 0.000010 0.000010 0.000010 0.000010
0.000010 0.469281 0.530569 0.000010 0.000010 0.000010 0.000010 0.000010 0.000010 0.000010 0.000010 0.000010 0.000010 0.000010 0.000010 0.000010 0.000010
0.000010 0.442376 0.557474 0.000010 0.000010 0.000010 0.000010 0.000010 0.000010 0.000010 0.000010 0.000010 0.000010 0.000010 0.000010 0.000010 0.000010
0.000010 0.762478 0.034528 0.000010 0.000010 0.108096 0.025154 0.000010 0.008272 0.000010 0.000010 0.000010 0.000010 0.052339 0.009033 0.000010 0.000010
0.042949 0.119739 0.000010 0.000010 0.000010 0.006275 0.030398 0.012376 0.000010 0.000010 0.000010 0.651519 0.000010 0.136644 0.000010 0.000010 0.000010
0.000010 0.023769 0.726234 0.000010 0.000010 0.063232 0.000010 0.000010 0.063229 0.000010 0.000010 0.067272 0.000010 0.000010 0.056154 0.000010 0.000010
0.000010 0.786098 0.000010 0.000010 0.000010 0.000010 0.138635 0.009517 0.000010 0.000010 0.000010 0.053884 0.000010 0.010419 0.000010 0.001338 0.000010
0.012062 0.940724 0.000010 0.000010 0.000010 0.000010 0.030318 0.000010 0.000010 0.000010 0.000010 0.016766 0.000010 0.000010 0.000010 0.000010 0.000010
0.000010 0.000010 0.563105 0.000010 0.000010 0.026829 0.023120 0.104648 0.207139 0.040363 0.000010 0.010326 0.000010 0.000010 0.024382 0.000010 0.000010
0.101997 0.683802 0.035449 0.000010 0.000010 0.000010 0.037615 0.000010 0.000010 0.000010 0.000010 0.141017 0.000010 0.000010 0.000010 0.000010 0.000010
0.000010 0.000010 0.754865 0.000010 0.000010 0.000010 0.000010 0.000010 0.089511 0.000010 0.000010 0.029878 0.000010 0.053786 0.071840 0.000010 0.000010
0.000010 0.670446 0.146185 0.000010 0.000010 0.000010 0.024241 0.054733 0.003517 0.000010 0.005337 0.028859 0.000010 0.000010 0.066591 0.000010 0.000010
0.000010 0.590105 0.046371 0.000010 0.000010 0.026825 0.151704 0.145678 0.015396 0.000010 0.000010 0.017204 0.000010 0.000010 0.000010 0.006626 0.000010
0.000010 0.000010 0.999840 0.000010 0.000010 0.000010 0.000010 0.000010 0.000010 0.000010 0.000010 0.000010 0.000010 0.000010 0.000010 0.000010 0.000010
0.000010 0.849757 0.103056 0.000010 0.000010 0.015288 0.000010 0.000010 0.002001 0.000010 0.000010 0.000010 0.000010 0.013405 0.007647 0.008746 0.000010
0.212356 0.196544 0.002857 0.000010 0.000010 0.000010 0.052564 0.020565 0.000010 0.033749 0.000010 0.367064 0.000010 0.000010 0.114210 0.000010 0.000010
0.000010 0.762240 0.215025 0.000010 0.000011 0.000010 0.019516 0.000010 0.000010 0.000010 0.000010 0.000010 0.000010 0.000010 0.003088 0.000010 0.000010
0.181937 0.283378 0.037247 0.000010 0.000010 0.000010 0.036507 0.000010 0.000010 0.000010 0.000010 0.319035 0.000010 0.000010 0.141786 0.000010 0.000010
0.017006 0.536985 0.254260 0.000010 0.000010 0.026935 0.000010 0.000010 0.126016 0.000010 0.000010 0.014481 0.000010 0.024217 0.000010 0.000010 0.000010
0.000010 0.734696 0.000010 0.000010 0.013846 0.000010 0.029672 0.057167 0.000010 0.000010 0.000010 0.121200 0.000010 0.000010 0.043309 0.000010 0.000010
0.000010 0.586475 0.413375 0.000010 0.000010 0.000010 0.000010 0.000010 0.000010 0.000010 0.000010 0.000010 0.000010 0.000010 0.000010 0.000010 0.000010
0.201843 0.000010 0.000010 0.000010 0.000010 0.000010 0.000010 0.000010 0.000010 0.000010 0.000010 0.798007 0.000010 0.000010 0.000010 0.000010 0.000010
0.000010 0.000010 0.000010 0.000010 0.000010 0.000017 0.000010 0.000010 0.000010 0.000010 0.000010 0.999833 0.000010 0.000010 0.000010 0.000010 0.000010
0.000010 0.000010 0.000010 0.000010 0.000010 0.000010 0.000010 0.000010 0.000010 0.000010 0.000010 0.133444 0.000010 0.000010 0.000010 0.866406 0.000010
0.028573 0.000010 0.000010 0.000010 0.000010 0.000010 0.000010 0.000010 0.000010 0.000010 0.000010 0.803103 0.000010 0.000010 0.055429 0.112765 0.000010
0.162853 0.000010 0.000010 0.000010 0.000010 0.000010 0.000010 0.000010 0.000010 0.000010 0.000010 0.767540 0.000010 0.000010 0.000121 0.069356 0.000010
0.000010 0.000010 0.000010 0.000010 0.000010 0.031541 0.000010 0.000010 0.000010 0.000010 0.000010 0.968309 0.000010 0.000010 0.000010 0.000010 0.000010
0.000010 0.014481 0.000010 0.000010 0.124783 0.025101 0.000010 0.000010 0.000010 0.000010 0.000010 0.400982 0.000010 0.075653 0.000010 0.358890 0.000010
0.040983 0.005215 0.205876 0.000010 0.000010 0.000010 0.000010 0.000010 0.000010 0.000010 0.000010 0.625306 0.000010 0.000010 0.122500 0.000010 0.000010
0.000010 0.000010 0.000010 0.000010 0.000010 0.000010 0.000010 0.000010 0.000010 0.000010 0.000010 0.096414 0.000010 0.000010 0.000010 0.903436 0.000010
0.000010 0.427947 0.034473 0.000010 0.027082 0.009143 0.002990 0.063003 0.257468 0.029210 0.000010 0.000010 0.000010 0.064508 0.000010 0.084107 0.000010
0.000010 0.000010 0.000010 0.000010 0.000010 0.000010 0.000010 0.000010 0.000010 0.000010 0.000010 0.999840 0.000010 0.000010 0.000010 0.000010 0.000010
0.000010 0.000010 0.000010 0.000010 0.000010 0.000010 0.000010 0.000010 0.000010 0.000010 0.000010 0.504229 0.000010 0.000010 0.000010 0.495621 0.000010
0.000010 0.000010 0.000010 0.000010 0.189557 0.054552 0.000010 0.000010 0.000010 0.000010 0.000010 0.000010 0.000010 0.000010 0.000010 0.749766 0.005995
0.000010 0.003695 0.000010 0.101740 0.491526 0.000010 0.000010 0.000010 0.052611 0.195909 0.154410 0.000010 0.000010 0.000010 0.000010 0.000010 0.000010
0.000010 0.000010 0.000010 0.095336 0.515841 0.000010 0.000010 0.000010 0.000010 0.199851 0.137551 0.000010 0.000010 0.000010 0.051300 0.000010 0.000010
0.000010 0.000010 0.000010 0.000010 0.000010 0.000010 0.000010 0.000010 0.000010 0.000010 0.000010 0.000010 0.000010 0.000010 0.000010 0.999840 0.000010
0.000010 0.067234 0.000010 0.000010 0.000010 0.000010 0.000010 0.000010 0.000010 0.000010 0.000010 0.932616 0.000010 0.000010 0.000010 0.000010 0.000010
0.000010 0.000010 0.000010 0.000010 0.000010 0.000010 0.000010 0.000010 0.000010 0.000010 0.000010 0.999840 0.000010 0.000010 0.000010 0.000010 0.000010
0.000010 0.000010 0.000010 0.000010 0.000010 0.000010 0.000010 0.000010 0.000010 0.000010 0.000010 0.394283 0.000010 0.000010 0.000010 0.605567 0.000010
0.055343 0.000010 0.000010 0.139433 0.195231 0.024871 0.000010 0.000010 0.020724 0.441659 0.041031 0.020326 0.000010 0.054769 0.000010 0.006543 0.000010
0.000010 0.000010 0.000010 0.000010 0.000010 0.000010 0.000010 0.000010 0.000010 0.999840 0.000010 0.000010 0.000010 0.000010 0.000010 0.000010 0.000010
0.000010 0.000010 0.000010 0.744158 0.059128 0.000010 0.019533 0.000010 0.000010 0.000010 0.014465 0.000010 0.032722 0.000010 0.007592 0.122302 0.000010
0.000010 0.039249 0.000010 0.000010 0.000010 0.004138 0.000010 0.000010 0.000010 0.000010 0.000010 0.868413 0.000010 0.088069 0.000010 0.000010 0.000010
0.000010 0.758501 0.000010 0.000010 0.000010 0.000010 0.190535 0.016875 0.000010 0.000010 0.000010 0.000010 0.000010 0.000010 0.001477 0.032491 0.000010
0.000010 0.661670 0.012019 0.000010 0.000010 0.028467 0.104994 0.124873 0.019231 0.000010 0.000010 0.000010 0.000010 0.042711 0.000013 0.005943 0.000010
0.000010 0.000010 0.000010 0.000010 0.000010 0.000010 0.000010 0.447276 0.000010 0.000010 0.004887 0.000010 0.000010 0.547697 0.000010 0.000010 0.000010
0.000010 0.000010 0.000010 0.000010 0.015781 0.000010 0.031042 0.325395 0.010113 0.000010 0.006700 0.000010 0.000010 0.586773 0.000010 0.000010 0.024095
0.016598 0.874340 0.000010 0.000010 0.000010 0.000010 0.000010 0.038375 0.027818 0.000010 0.000010 0.042749 0.000010 0.000010 0.000010 0.000010 0.000010
0.159715 0.086801 0.029826 0.000010 0.000010 0.000010 0.066420 0.000010 0.039530 0.000010 0.000010 0.394321 0.000010 0.000010 0.223287 0.000010 0.000010
0.120305 0.122538 0.144657 0.000010 0.000010 0.004316 0.064125 0.309887 0.037874 0.000010 0.000010 0.196208 0.000010 0.000010 0.000010 0.000010 0.000010
