0.395575 0.063084 0.000010 0.013467 0.002156 0.018006 0.000010 0.108900 0.000010 0.000010 0.001391 0.035723 0.000010 0.000010 0.000010 0.361627
0.686009 0.025804 0.012214 0.000010 0.021909 0.000010 0.000010 0.000010 0.028219 0.000010 0.043512 0.000010 0.000010 0.000010 0.032229 0.150024
0.279058 0.000010 0.000010 0.000010 0.215858 0.016527 0.000010 0.015522 0.071891 0.011965 0.000010 0.010704 0.012657 0.033146 0.004070 0.328552
0.000010 0.872016 0.000010 0.011450 0.000010 0.000010 0.011762 0.000010 0.104652 0.000010 0.000010 0.000010 0.000010 0.000010 0.000010 0.000010
0.628945 0.000010 0.006918 0.056505 0.052460 0.016367 0.000010 0.000010 0.000010 0.000010 0.059747 0.000010 0.000010 0.023342 0.000010 0.155636
0.137116 0.015939 0.000010 0.027666 0.020917 0.000709 0.008172 0.037323 0.034064 0.000010 0.006269 0.000010 0.003923 0.010406 0.000010 0.697457
0.000010 0.382457 0.000010 0.000010 0.000010 0.002789 0.017117 0.025163 0.035552 0.000010 0.000010 0.292548 0.021677 0.000010 0.000010 0.222616
0.005778 0.003184 0.049621 0.000010 0.000010 0.000010 0.034606 0.000010 0.025585 0.000010 0.000010 0.000010 0.000010 0.000010 0.000010 0.881127
0.591890 0.055578 0.052673 0.009900 0.001186 0.053967 0.000010 0.160000 0.029075 0.000010 0.010869 0.000010 0.000010 0.018994 0.000010 0.015819
0.096727 0.014559 0.057475 0.000010 0.000010 0.022263 0.000010 0.008745 0.000010 0.000010 0.000010 0.000010 0.000010 0.000010 0.000010 0.800131
0.170648 0.000010 0.054308 0.000010 0.000010 0.188605 0.000010 0.039402 0.000010 0.000010 0.000010 0.000010 0.000010 0.019267 0.000010 0.527671
0.335059 0.000010 0.000010 0.009039 0.109224 0.045136 0.022418 0.148063 0.000010 0.020437 0.000010 0.000010 0.000010 0.015630 0.000010 0.294926
0.000010 0.001474 0.005802 0.065129 0.004920 0.000010 0.049678 0.228721 0.581510 0.000010 0.000010 0.000010 0.036388 0.000010 0.000010 0.026308
0.000010 0.436877 0.003799 0.000010 0.000010 0.007588 0.025894 0.280641 0.187401 0.000010 0.000010 0.030193 0.016432 0.011104 0.000010 0.000010
0.042565 0.006086 0.015915 0.009416 0.000010 0.049248 0.000010 0.000010 0.000010 0.000010 0.000010 0.001488 0.000010 0.000010 0.015495 0.859707
0.383220 0.000010 0.008579 0.041598 0.074838 0.000010 0.000010 0.056121 0.006377 0.016219 0.000010 0.041823 0.041518 0.000010 0.043089 0.286567
0.155951 0.009629 0.024161 0.000010 0.066614 0.011743 0.000010 0.028743 0.000010 0.000010 0.020498 0.025087 0.021601 0.000010 0.000010 0.635913
0.009461 0.253437 0.000010 0.000010 0.000010 0.016272 0.034906 0.000010 0.037179 0.000010 0.000010 0.216933 0.023372 0.000010 0.000010 0.408361
0.000010 0.000010 0.653927 0.000010 0.000010 0.030269 0.046410 0.000010 0.000010 0.000010 0.000010 0.000010 0.016458 0.001202 0.000010 0.251634
0.000010 0.000010 0.000010 0.013490 0.000010 0.000010 0.006052 0.000010 0.000010 0.049708 0.037362 0.000010 0.000010 0.000010 0.893277 0.000010
0.000010 0.001823 0.000010 0.000010 0.000010 0.000010 0.017467 0.000010 0.025104 0.000010 0.000010 0.000010 0.000010 0.000010 0.945228 0.010268
0.000010 0.000010 0.000010 0.000010 0.000010 0.000010 0.000010 0.000010 0.000014 0.000010 0.000010 0.000010 0.000010 0.000010 0.999846 0.000010
0.000010 0.000010 0.000010 0.000010 0.000010 0.000010 0.044049 0.000010 0.000010 0.010968 0.000010 0.000010 0.008601 0.000010 0.921876 0.014396
0.000010 0.648407 0.000010 0.000010 0.008851 0.000010 0.000010 0.000010 0.333265 0.000010 0.000010 0.000010 0.000010 0.000010 0.000010 0.009356
0.000010 0.001175 0.998685 0.000010 0.000010 0.000010 0.000010 0.000010 0.000010 0.000010 0.000010 0.000010 0.000010 0.000010 0.000010 0.000010
0.000010 0.000010 0.000010 0.000010 0.000010 0.000010 0.000010 0.000010 0.014912 0.042192 0.009322 0.000010 0.004167 0.000010 0.929296 0.000010
0.615103 0.013577 0.000010 0.000010 0.285680 0.000010 0.000010 0.000010 0.071249 0.000010 0.005165 0.000010 0.000010 0.000010 0.009126 0.000010
0.000010 0.020015 0.000010 0.000010 0.000010 0.000010 0.000010 0.000010 0.000010 0.007046 0.002197 0.000010 0.000010 0.000010 0.970622 0.000010
0.253885 0.006501 0.066108 0.002791 0.080313 0.000010 0.000010 0.418725 0.027334 0.000010 0.030309 0.000010 0.046606 0.000765 0.000010 0.066614
0.243535 0.049309 0.025913 0.000010 0.008296 0.000010 0.000010 0.515788 0.065727 0.003186 0.001046 0.000010 0.019608 0.000010 0.006925 0.060617
0.000010 0.000016 0.025260 0.000010 0.000010 0.037140 0.015799 0.919449 0.000010 0.000010 0.002235 0.000010 0.000010 0.000010 0.000010 0.000010
0.461191 0.000010 0.059012 0.000010 0.000010 0.000010 0.000010 0.275534 0.151589 0.000010 0.004032 0.000010 0.026828 0.000010 0.000010 0.021723
0.097407 0.000010 0.000010 0.000010 0.000010 0.000010 0.000010 0.027955 0.778857 0.000010 0.000010 0.000010 0.034085 0.044614 0.000010 0.016982
0.188666 0.000010 0.115891 0.100600 0.000010 0.000010 0.029521 0.250520 0.212966 0.000010 0.023674 0.000010 0.078081 0.000010 0.000010 0.000010
0.483080 0.000010 0.032556 0.000010 0.000010 0.014022 0.262621 0.000010 0.005231 0.037696 0.014589 0.059948 0.000010 0.000010 0.000010 0.090188
0.093996 0.302858 0.000010 0.000010 0.000010 0.266316 0.005869 0.002580 0.205525 0.001364 0.000010 0.000010 0.002034 0.015386 0.000010 0.104012
0.000010 0.353067 0.000010 0.000010 0.000010 0.219404 0.000010 0.000010 0.264666 0.000010 0.000010 0.000010 0.000010 0.000010 0.000010 0.162743
0.000010 0.000010 0.000010 0.000010 0.000010 0.000010 0.000010 0.000010 0.000010 0.999850 0.000010 0.000010 0.000010 0.000010 0.000010 0.000010
0.483717 0.014980 0.065708 0.022987 0.000010 0.022954 0.052128 0.271047 0.025037 0.000010 0.000010 0.000010 0.041372 0.000010 0.000010 0.000010
0.149740 0.010866 0.011128 0.052340 0.001729 0.000010 0.005029 0.623039 0.068861 0.011502 0.031082 0.000010 0.000010 0.002504 0.000010 0.032141
0.000010 0.000010 0.000010 0.000010 0.000010 0.000010 0.000010 0.000010 0.000010 0.000010 0.000010 0.000010 0.000010 0.000010 0.000010 0.999850
0.219492 0.020431 0.094219 0.032932 0.033543 0.000010 0.000643 0.305860 0.037401 0.000010 0.026467 0.016903 0.023202 0.027048 0.012611 0.149228
0.000010 0.000010 0.000010 0.000010 0.381370 0.000010 0.000010 0.000010 0.000010 0.000010 0.000010 0.000010 0.019801 0.000010 0.000010 0.598699
0.000010 0.006740 0.000010 0.000010 0.295482 0.000010 0.000010 0.000010 0.000010 0.000010 0.000010 0.000010 0.000010 0.000010 0.000010 0.697649
0.025783 0.000010 0.041809 0.583642 0.030892 0.000010 0.000010 0.241143 0.076630 0.000010 0.000010 0.000010 0.000010 0.000010 0.000010 0.000010
0.000010 0.000010 0.014335 0.003821 0.000010 0.000010 0.000010 0.000010 0.000010 0.314769 0.000010 0.000010 0.000010 0.000010 0.666954 0.000010
0.018212 0.000010 0.000010 0.000010 0.025513 0.003001 0.007194 0.000010 0.000010 0.274010 0.000010 0.000010 0.000010 0.000010 0.671971 0.000010
0.130494 0.000010 0.000010 0.043178 0.019805 0.022623 0.011518 0.032541 0.058736 0.188139 0.121727 0.000010 0.129974 0.000010 0.241215 0.000010
0.271470 0.000010 0.057177 0.180750 0.000010 0.028736 0.014174 0.095322 0.161769 0.020900 0.029505 0.008637 0.060553 0.070598 0.000379 0.000010
0.313087 0.020255 0.038485 0.215772 0.000010 0.000010 0.025247 0.141091 0.195883 0.000010 0.001589 0.000010 0.025703 0.000010 0.015428 0.007410
0.000010 0.000010 0.000010 0.000010 0.000010 0.000010 0.000010 0.000010 0.000010 0.000010 0.000010 0.000010 0.000010 0.999850 0.000010 0.000010
0.100260 0.000010 0.118561 0.109092 0.000010 0.000010 0.000010 0.239611 0.201650 0.020154 0.078603 0.081739 0.034652 0.000877 0.014750 0.000010
0.000010 0.000010 0.000010 0.000010 0.000010 0.000010 0.000010 0.000010 0.000010 0.000010 0.000010 0.000010 0.000010 0.999850 0.000010 0.000010
0.227971 0.000010 0.053831 0.194118 0.025351 0.055578 0.035447 0.170516 0.135741 0.021218 0.002783 0.000010 0.064289 0.000010 0.000010 0.013117
0.091823 0.000010 0.120394 0.155909 0.047256 0.000010 0.001070 0.221995 0.247640 0.043598 0.000010 0.002894 0.040869 0.026500 0.000010 0.000010
0.000010 0.000010 0.000010 0.000010 0.000010 0.000010 0.999850 0.000010 0.000010 0.000010 0.000010 0.000010 0.000010 0.000010 0.000010 0.000010
0.000010 0.008911 0.000010 0.000010 0.098961 0.000010 0.030434 0.000010 0.000010 0.012897 0.009618 0.000010 0.000010 0.006092 0.000010 0.832997
0.487837 0.023260 0.053829 0.000010 0.000010 0.011839 0.006858 0.270579 0.085639 0.000010 0.000010 0.000207 0.059883 0.000010 0.000010 0.000010
0.468289 0.020575 0.075822 0.000010 0.000010 0.000010 0.000010 0.276422 0.074372 0.000010 0.000010 0.042925 0.000010 0.041505 0.000010 0.000010
0.000010 0.020073 0.016959 0.000010 0.020525 0.043897 0.018173 0.011422 0.057835 0.000010 0.000010 0.149464 0.000010 0.035399 0.000010 0.626194
0.239086 0.000010 0.000010 0.020751 0.000010 0.000010 0.000010 0.701280 0.007418 0.009762 0.000010 0.000616 0.000010 0.020997 0.000010 0.000010
0.409161 0.025459 0.014834 0.000010 0.000010 0.000010 0.029894 0.350772 0.055588 0.000010 0.000010 0.016512 0.039194 0.000010 0.000010 0.058516
0.020362 0.005916 0.068325 0.014175 0.000010 0.000010 0.036488 0.342017 0.000010 0.000010 0.000010 0.000010 0.011642 0.028813 0.036624 0.435578
0.429381 0.016720 0.000010 0.000010 0.000010 0.000010 0.000010 0.456017 0.009291 0.016806 0.000010 0.000010 0.061449 0.000010 0.000010 0.010246
0.328058 0.016243 0.063945 0.068195 0.000010 0.000010 0.020186 0.322621 0.024216 0.009722 0.028243 0.053688 0.038063 0.000010 0.000010 0.026782
0.004715 0.193087 0.038860 0.147595 0.000010 0.085953 0.080777 0.012802 0.123862 0.044317 0.000010 0.063631 0.000010 0.045166 0.000010 0.159194
0.000010 0.244677 0.000010 0.000010 0.000010 0.000010 0.000010 0.000010 0.000010 0.578898 0.000010 0.000010 0.176295 0.000010 0.000010 0.000010
0.014744 0.656109 0.000010 0.015632 0.099925 0.006489 0.022102 0.006446 0.147091 0.005537 0.025218 0.000658 0.000010 0.000010 0.000010 0.000010
0.000010 0.007890 0.006221 0.000010 0.035295 0.000010 0.026870 0.000010 0.025364 0.014988 0.000010 0.030886 0.007395 0.000010 0.003404 0.841626
0.100750 0.000010 0.136839 0.115305 0.051439 0.003971 0.019724 0.211637 0.267911 0.000010 0.000010 0.038750 0.053615 0.000010 0.000010 0.000010
0.294542 0.000010 0.097541 0.092375 0.000010 0.004072 0.000010 0.069599 0.266550 0.004772 0.001922 0.000010 0.043697 0.069361 0.010351 0.045176
0.136228 0.000010 0.166883 0.239894 0.000010 0.000010 0.015684 0.084843 0.216595 0.000010 0.003383 0.000010 0.010424 0.056338 0.000010 0.069667
0.710036 0.000010 0.014896 0.000010 0.014518 0.032198 0.131242 0.004766 0.000010 0.000010 0.015856 0.030699 0.010916 0.034815 0.000010 0.000010
0.477102 0.009245 0.000010 0.002352 0.008917 0.000010 0.000010 0.309847 0.104023 0.004514 0.000010 0.001614 0.004445 0.029083 0.000010 0.048807
0.602174 0.033043 0.059179 0.017575 0.041386 0.000010 0.089978 0.054037 0.000010 0.000010 0.000010 0.035514 0.026611 0.000010 0.000010 0.040441
0.247484 0.000010 0.026428 0.024052 0.000010 0.007388 0.026005 0.507635 0.080723 0.024844 0.025360 0.000010 0.018421 0.000010 0.000010 0.011610
0.240947 0.024921 0.021917 0.000010 0.008186 0.000010 0.030381 0.604913 0.008877 0.000010 0.000010 0.000010 0.000010 0.052843 0.000010 0.006945
0.231194 0.000010 0.071556 0.000010 0.000010 0.056074 0.026859 0.422195 0.092141 0.041926 0.000010 0.000010 0.008149 0.032048 0.011369 0.006438
0.000010 0.000010 0.000010 0.000010 0.000010 0.000010 0.000010 0.000010 0.000010 0.999850 0.000010 0.000010 0.000010 0.000010 0.000010 0.000010
0.421711 0.016887 0.004506 0.000010 0.000010 0.000010 0.000010 0.358698 0.115976 0.000010 0.018363 0.000010 0.003385 0.017606 0.000010 0.042799
0.083709 0.000010 0.000010 0.044653 0.046861 0.091120 0.027179 0.602191 0.093334 0.001503 0.000010 0.000010 0.000010 0.005578 0.003811 0.000010
0.139296 0.021088 0.000010 0.000010 0.030017 0.143338 0.000010 0.032144 0.044068 0.009520 0.000010 0.000010 0.000010 0.000010 0.000010 0.580448
0.145893 0.017068 0.013960 0.000010 0.000010 0.201243 0.029399 0.005010 0.025204 0.005579 0.000010 0.000010 0.000010 0.002122 0.000010 0.554462
0.168990 0.000010 0.000010 0.000010 0.000010 0.008396 0.722803 0.000010 0.000010 0.000010 0.037472 0.046839 0.000010 0.000010 0.000010 0.015401
0.018945 0.046869 0.000010 0.000010 0.046323 0.035507 0.000010 0.000010 0.005698 0.000010 0.000010 0.180601 0.000010 0.004320 0.000010 0.661657
0.000010 0.000010 0.000010 0.000010 0.000010 0.000010 0.000010 0.000010 0.000010 0.999850 0.000010 0.000010 0.000010 0.000010 0.000010 0.000010
0.000010 0.000010 0.000010 0.030074 0.055340 0.000010 0.008549 0.026998 0.003565 0.002420 0.076718 0.000010 0.000010 0.076104 0.720161 0.000010
0.039091 0.005470 0.000015 0.000010 0.055398 0.497895 0.043189 0.017352 0.000010 0.000010 0.000010 0.000010 0.001224 0.000010 0.000010 0.340295
0.281197 0.000010 0.000010 0.101361 0.167269 0.050843 0.064433 0.097179 0.019225 0.000010 0.000010 0.000010 0.101466 0.002195 0.000010 0.114773
0.002705 0.019835 0.013146 0.000010 0.000010 0.000010 0.000010 0.010386 0.000010 0.062581 0.045386 0.000010 0.011343 0.048750 0.785798 0.000010
0.040265 0.018193 0.000010 0.007687 0.000010 0.006483 0.048403 0.013796 0.000010 0.020874 0.021767 0.000010 0.000010 0.003249 0.812176 0.007058
0.107033 0.000010 0.000010 0.000010 0.000010 0.000010 0.000010 0.000010 0.008911 0.012457 0.087227 0.000010 0.023354 0.037218 0.723710 0.000010
0.008092 0.000010 0.013570 0.000010 0.090183 0.000010 0.006702 0.000010 0.000012 0.065779 0.018083 0.000010 0.000010 0.000010 0.797498 0.000010
0.000010 0.000010 0.005477 0.028933 0.025308 0.000010 0.003180 0.030868 0.033128 0.009499 0.056838 0.000010 0.000010 0.024360 0.782349 0.000010
0.223252 0.026019 0.000010 0.035670 0.208726 0.072983 0.000010 0.004561 0.019811 0.000010 0.000010 0.076789 0.014921 0.000010 0.258239 0.058980
0.000010 0.000010 0.000010 0.999850 0.000010 0.000010 0.000010 0.000010 0.000010 0.000010 0.000010 0.000010 0.000010 0.000010 0.000010 0.000010
0.000010 0.000010 0.000010 0.999850 0.000010 0.000010 0.000010 0.000010 0.000010 0.000010 0.000010 0.000010 0.000010 0.000010 0.000010 0.000010
0.347672 0.000010 0.000010 0.044009 0.027025 0.279022 0.000010 0.004599 0.000010 0.000010 0.041908 0.030050 0.040900 0.000010 0.000010 0.184746
0.000010 0.051320 0.000010 0.000010 0.000010 0.084042 0.000010 0.000010 0.000010 0.026776 0.000010 0.086094 0.000010 0.000010 0.015190 0.736478
0.000010 0.000010 0.000010 0.999850 0.000010 0.000010 0.000010 0.000010 0.000010 0.000010 0.000010 0.000010 0.000010 0.000010 0.000010 0.000010
0.764562 0.003414 0.000010 0.030330 0.165262 0.000010 0.036323 0.000010 0.000010 0.000010 0.000010 0.000010 0.000010 0.000010 0.000010 0.000010
0.067063 0.000010 0.000010 0.932797 0.000010 0.000010 0.000010 0.000010 0.000010 0.000010 0.000010 0.000010 0.000010 0.000010 0.000010 0.000010
0.611726 0.005606 0.025496 0.000061 0.057975 0.000015 0.040349 0.065003 0.000010 0.000010 0.000010 0.013731 0.000010 0.026776 0.000010 0.153213
0.000010 0.999849 0.000010 0.000010 0.000010 0.000011 0.000010 0.000010 0.000010 0.000010 0.000010 0.000010 0.000010 0.000010 0.000010 0.000010
0.105673 0.000010 0.038537 0.016529 0.000010 0.197326 0.000010 0.000010 0.000010 0.000010 0.000010 0.000010 0.000010 0.009305 0.000010 0.632531
0.000010 0.401208 0.000010 0.462354 0.000010 0.000010 0.000010 0.000010 0.128032 0.000010 0.000010 0.000010 0.008286 0.000010 0.000010 0.000010
0.000010 0.000013 0.000010 0.000010 0.000010 0.999847 0.000010 0.000010 0.000010 0.000010 0.000010 0.000010 0.000010 0.000010 0.000010 0.000010
0.670464 0.038918 0.000010 0.043996 0.157087 0.000010 0.055060 0.000010 0.000010 0.012224 0.000010 0.000010 0.000010 0.012821 0.000010 0.009349
0.523472 0.021036 0.018559 0.035724 0.087355 0.033376 0.016144 0.052997 0.000452 0.000010 0.023183 0.025729 0.000010 0.000010 0.000010 0.161934
0.131178 0.000010 0.000010 0.005247 0.000010 0.031737 0.000010 0.000010 0.000010 0.003351 0.016786 0.031842 0.000010 0.000010 0.000010 0.779769
0.036823 0.000010 0.105374 0.201559 0.027588 0.000010 0.000010 0.082053 0.110127 0.041523 0.039517 0.000010 0.016145 0.339231 0.000010 0.000010
0.263131 0.000010 0.023907 0.001347 0.034103 0.023180 0.020341 0.011139 0.027641 0.000010 0.000010 0.104705 0.000010 0.000010 0.000010 0.490445
0.119315 0.000010 0.008548 0.000010 0.049499 0.003621 0.014255 0.011189 0.032851 0.000010 0.000010 0.015589 0.000010 0.035471 0.000010 0.709603
0.000010 0.017609 0.008719 0.000010 0.000010 0.062027 0.000010 0.071983 0.000010 0.000010 0.000010 0.000010 0.000010 0.000010 0.000010 0.839552
0.638828 0.000010 0.000010 0.043924 0.060981 0.000010 0.042012 0.095081 0.000010 0.003909 0.000010 0.035253 0.000010 0.003832 0.000010 0.076109
0.000010 0.000010 0.000010 0.000010 0.000010 0.999850 0.000010 0.000010 0.000010 0.000010 0.000010 0.000010 0.000010 0.000010 0.000010 0.000010
0.000010 0.999850 0.000010 0.000010 0.000010 0.000010 0.000010 0.000010 0.000010 0.000010 0.000010 0.000010 0.000010 0.000010 0.000010 0.000010
0.000010 0.999850 0.000010 0.000010 0.000010 0.000010 0.000010 0.000010 0.000010 0.000010 0.000010 0.000010 0.000010 0.000010 0.000010 0.000010
0.128298 0.000010 0.000010 0.000010 0.000010 0.093287 0.023220 0.000010 0.030937 0.002413 0.000010 0.000010 0.000010 0.000010 0.000010 0.721745
0.000010 0.999843 0.000010 0.000010 0.000010 0.000010 0.000010 0.000010 0.000010 0.000010 0.000017 0.000010 0.000010 0.000010 0.000010 0.000010
0.000010 0.000010 0.000010 0.000010 0.330326 0.000010 0.000010 0.000010 0.000010 0.000010 0.000010 0.000010 0.000010 0.000010 0.000010 0.669534
0.000010 0.000010 0.000010 0.000010 0.000010 0.014035 0.000010 0.000010 0.000010 0.000010 0.000010 0.000010 0.000010 0.000010 0.000010 0.985825
0.000010 0.999848 0.000010 0.000012 0.000010 0.000010 0.000010 0.000010 0.000010 0.000010 0.000010 0.000010 0.000010 0.000010 0.000010 0.000010
0.000010 0.999850 0.000010 0.000010 0.000010 0.000010 0.000010 0.000010 0.000010 0.000010 0.000010 0.000010 0.000010 0.000010 0.000010 0.000010
0.000010 0.999850 0.000010 0.000010 0.000010 0.000010 0.000010 0.000010 0.000010 0.000010 0.000010 0.000010 0.000010 0.000010 0.000010 0.000010
0.000010 0.981506 0.000010 0.000010 0.000010 0.000010 0.000010 0.000010 0.000010 0.000010 0.000010 0.000010 0.018354 0.000010 0.000010 0.000010
0.008270 0.811819 0.000010 0.000010 0.000010 0.000010 0.000010 0.014367 0.142997 0.022437 0.000010 0.000010 0.000010 0.000010 0.000010 0.000010
0.774962 0.021320 0.000010 0.000010 0.000010 0.000010 0.000010 0.000010 0.079620 0.000010 0.000010 0.000010 0.000010 0.053731 0.016961 0.053306
0.719855 0.029508 0.051637 0.000010 0.065090 0.034138 0.000010 0.000010 0.022630 0.000010 0.000010 0.042132 0.000010 0.004023 0.000010 0.030917
0.000010 0.999850 0.000010 0.000010 0.000010 0.000010 0.000010 0.000010 0.000010 0.000010 0.000010 0.000010 0.000010 0.000010 0.000010 0.000010
0.059702 0.135993 0.000010 0.000010 0.095799 0.020027 0.000010 0.000010 0.039574 0.014288 0.000010 0.248297 0.021133 0.000010 0.000010 0.365118
0.046740 0.000010 0.000010 0.000014 0.071353 0.309191 0.037920 0.000010 0.017091 0.000010 0.000010 0.000010 0.000010 0.000010 0.000010 0.517601
0.000010 0.999850 0.000010 0.000010 0.000010 0.000010 0.000010 0.000010 0.000010 0.000010 0.000010 0.000010 0.000010 0.000010 0.000010 0.000010
0.000010 0.933670 0.000010 0.000010 0.000010 0.000012 0.015844 0.000010 0.009105 0.000010 0.003986 0.000010 0.021517 0.015776 0.000010 0.000010
0.000010 0.999850 0.000010 0.000010 0.000010 0.000010 0.000010 0.000010 0.000010 0.000010 0.000010 0.000010 0.000010 0.000010 0.000010 0.000010
0.238384 0.000010 0.009007 0.000010 0.040986 0.022173 0.220706 0.106292 0.085957 0.052509 0.026604 0.077508 0.025731 0.000010 0.000010 0.094103
0.855719 0.047507 0.000010 0.000010 0.000010 0.000010 0.008882 0.000010 0.000010 0.000010 0.000010 0.000010 0.000010 0.000010 0.000010 0.087773
0.731855 0.024550 0.030211 0.000010 0.079298 0.051249 0.027542 0.014317 0.000010 0.000010 0.008309 0.000010 0.000010 0.000010 0.000010 0.032599
0.832142 0.032021 0.000010 0.000010 0.000010 0.013585 0.025709 0.096433 0.000010 0.000010 0.000010 0.000010 0.000010 0.000010 0.000010 0.000010
0.000010 0.833064 0.000010 0.000010 0.000010 0.000010 0.000010 0.000010 0.166796 0.000010 0.000010 0.000010 0.000010 0.000010 0.000010 0.000010
0.000010 0.425257 0.000010 0.000010 0.000010 0.055312 0.000010 0.000010 0.000010 0.220853 0.000350 0.000010 0.030459 0.000010 0.257191 0.010489
0.000010 0.999850 0.000010 0.000010 0.000010 0.000010 0.000010 0.000010 0.000010 0.000010 0.000010 0.000010 0.000010 0.000010 0.000010 0.000010
0.000010 0.999850 0.000010 0.000010 0.000010 0.000010 0.000010 0.000010 0.000010 0.000010 0.000010 0.000010 0.000010 0.000010 0.000010 0.000010
0.000010 0.999850 0.000010 0.000010 0.000010 0.000010 0.000010 0.000010 0.000010 0.000010 0.000010 0.000010 0.000010 0.000010 0.000010 0.000010
0.000010 0.999850 0.000010 0.000010 0.000010 0.000010 0.000010 0.000010 0.000010 0.000010 0.000010 0.000010 0.000010 0.000010 0.000010 0.000010
0.000010 0.999850 0.000010 0.000010 0.000010 0.000010 0.000010 0.000010 0.000010 0.000010 0.000010 0.000010 0.000010 0.000010 0.000010 0.000010
0.000010 0.999850 0.000010 0.000010 0.000010 0.000010 0.000010 0.000010 0.000010 0.000010 0.000010 0.000010 0.000010 0.000010 0.000010 0.000010
0.028563 0.008669 0.000010 0.000010 0.353527 0.000010 0.302140 0.014762 0.061534 0.000010 0.020591 0.000010 0.000010 0.000010 0.000010 0.210135
0.000010 0.999848 0.000010 0.000010 0.000010 0.000010 0.000010 0.000010 0.000010 0.000012 0.000010 0.000010 0.000010 0.000010 0.000010 0.000010
0.000010 0.854145 0.000010 0.000010 0.000010 0.000010 0.000010 0.000010 0.096314 0.002752 0.037245 0.009434 0.000010 0.000010 0.000010 0.000010
0.081305 0.000010 0.000010 0.000010 0.058236 0.000010 0.004610 0.000010 0.000010 0.007997 0.000010 0.000010 0.000010 0.000010 0.000010 0.847743
0.000010 0.779186 0.000010 0.000010 0.000010 0.000010 0.012310 0.000010 0.208375 0.000010 0.000010 0.000010 0.000010 0.000010 0.000010 0.000010
0.000010 0.479858 0.007569 0.000010 0.000010 0.000010 0.039811 0.000010 0.180716 0.000010 0.000010 0.180094 0.031489 0.000010 0.000010 0.080373
0.000010 0.999850 0.000010 0.000010 0.000010 0.000010 0.000010 0.000010 0.000010 0.000010 0.000010 0.000010 0.000010 0.000010 0.000010 0.000010
0.000010 0.999850 0.000010 0.000010 0.000010 0.000010 0.000010 0.000010 0.000010 0.000010 0.000010 0.000010 0.000010 0.000010 0.000010 0.000010
0.000010 0.999843 0.000010 0.000010 0.000017 0.000010 0.000010 0.000010 0.000010 0.000010 0.000010 0.000010 0.000010 0.000010 0.000010 0.000010
0.000010 0.999845 0.000014 0.000010 0.000010 0.000010 0.000010 0.000010 0.000010 0.000011 0.000010 0.000010 0.000010 0.000010 0.000010 0.000010
0.000010 0.972214 0.000010 0.000010 0.000010 0.000010 0.021009 0.000010 0.000010 0.000010 0.006647 0.000010 0.000010 0.000010 0.000010 0.000010
0.000010 0.999850 0.000010 0.000010 0.000010 0.000010 0.000010 0.000010 0.000010 0.000010 0.000010 0.000010 0.000010 0.000010 0.000010 0.000010
0.000010 0.000010 0.000010 0.000010 0.000010 0.000010 0.999850 0.000010 0.000010 0.000010 0.000010 0.000010 0.000010 0.000010 0.000010 0.000010
0.000010 0.000010 0.000010 0.000010 0.000010 0.000010 0.000010 0.000010 0.000010 0.000010 0.999850 0.000010 0.000010 0.000010 0.000010 0.000010
0.000010 0.000010 0.000010 0.000010 0.000010 0.000010 0.000010 0.000010 0.000010 0.000010 0.999850 0.000010 0.000010 0.000010 0.000010 0.000010
0.000010 0.000010 0.000010 0.000010 0.000010 0.000010 0.000010 0.000010 0.000010 0.000010 0.999850 0.000010 0.000010 0.000010 0.000010 0.000010
0.000010 0.999849 0.000010 0.000011 0.000010 0.000010 0.000010 0.000010 0.000010 0.000010 0.000010 0.000010 0.000010 0.000010 0.000010 0.000010
0.000010 0.999846 0.000014 0.000010 0.000010 0.000010 0.000010 0.000010 0.000010 0.000010 0.000010 0.000010 0.000010 0.000010 0.000010 0.000010
0.000010 0.000010 0.000010 0.000010 0.000010 0.000010 0.000010 0.000010 0.000010 0.000010 0.999850 0.000010 0.000010 0.000010 0.000010 0.000010
0.000010 0.000010 0.000010 0.000010 0.000010 0.000010 0.000010 0.000010 0.000010 0.000010 0.990787 0.000010 0.000010 0.000010 0.000010 0.009073
0.000010 0.000010 0.000010 0.000010 0.000010 0.000010 0.000010 0.000010 0.000010 0.000010 0.999850 0.000010 0.000010 0.000010 0.000010 0.000010
0.000010 0.999843 0.000010 0.000010 0.000010 0.000015 0.000010 0.000010 0.000010 0.000010 0.000010 0.000010 0.000010 0.000012 0.000010 0.000010
0.000010 0.999836 0.000010 0.000017 0.000016 0.000010 0.000010 0.000010 0.000010 0.000010 0.000010 0.000010 0.000010 0.000010 0.000010 0.000010
0.000010 0.000010 0.000010 0.189515 0.000010 0.000010 0.000010 0.000010 0.000010 0.000010 0.000010 0.000010 0.000010 0.810345 0.000010 0.000010
0.000010 0.999850 0.000010 0.000010 0.000010 0.000010 0.000010 0.000010 0.000010 0.000010 0.000010 0.000010 0.000010 0.000010 0.000010 0.000010
0.000010 0.000010 0.905708 0.000010 0.000010 0.000010 0.000010 0.000010 0.000010 0.000010 0.000010 0.000010 0.000010 0.000010 0.000010 0.094152
0.000010 0.000010 0.000010 0.000010 0.000010 0.000010 0.000010 0.000010 0.000010 0.000019 0.000010 0.000010 0.999841 0.000010 0.000010 0.000010
0.000010 0.000010 0.000010 0.000010 0.000010 0.000010 0.000010 0.000010 0.000010 0.000010 0.000010 0.000010 0.999850 0.000010 0.000010 0.000010
0.127822 0.000010 0.051721 0.012385 0.006233 0.064504 0.000010 0.055172 0.000010 0.000010 0.000010 0.149050 0.000010 0.000010 0.000010 0.533034
0.000010 0.000010 0.000010 0.000010 0.000010 0.000010 0.000010 0.000010 0.000010 0.000010 0.000010 0.000010 0.999850 0.000010 0.000010 0.000010
0.000010 0.004032 0.058110 0.000010 0.022368 0.000010 0.000758 0.000010 0.000010 0.000010 0.000010 0.000010 0.000010 0.000010 0.914623 0.000010
0.041948 0.009076 0.097308 0.247876 0.116982 0.000010 0.016171 0.098616 0.107184 0.043689 0.017660 0.000010 0.033215 0.085900 0.084345 0.000010
0.008285 0.059428 0.061663 0.000010 0.016782 0.022942 0.025886 0.116407 0.026562 0.021282 0.000010 0.271570 0.000010 0.000010 0.000010 0.369143
0.005373 0.000402 0.000010 0.130555 0.066671 0.049192 0.009064 0.004249 0.057761 0.032415 0.489495 0.068197 0.043418 0.000010 0.043178 0.000010
0.000010 0.309172 0.000010 0.000010 0.042068 0.000010 0.000010 0.000010 0.000010 0.000010 0.000010 0.648631 0.000010 0.000010 0.000010 0.000010
0.000010 0.331406 0.000010 0.000010 0.028806 0.000010 0.000010 0.000010 0.000010 0.000010 0.000010 0.639659 0.000010 0.000010 0.000010 0.000010
0.000010 0.000010 0.000010 0.000010 0.217449 0.004802 0.000010 0.000010 0.000010 0.000010 0.000010 0.005560 0.000010 0.000010 0.000010 0.772069
0.000010 0.651868 0.076623 0.000010 0.049714 0.000010 0.000010 0.000010 0.171495 0.018863 0.031337 0.000010 0.000010 0.000010 0.000010 0.000010
0.355849 0.028742 0.011333 0.019202 0.008411 0.000010 0.039015 0.082995 0.027747 0.056250 0.000010 0.010589 0.000010 0.015186 0.000010 0.344638
0.067894 0.068102 0.000010 0.000230 0.055645 0.028649 0.005735 0.000010 0.000010 0.011392 0.000010 0.020820 0.001013 0.000010 0.000010 0.740460
0.036884 0.294479 0.000010 0.000010 0.011504 0.016511 0.000010 0.000010 0.056986 0.000010 0.000010 0.159588 0.024421 0.019355 0.000010 0.380202
0.172289 0.000010 0.131704 0.317911 0.055448 0.020110 0.000215 0.150911 0.151333 0.000010 0.000010 0.000010 0.000010 0.000010 0.000010 0.000010
0.184983 0.009993 0.026841 0.000010 0.013920 0.722418 0.018070 0.000010 0.002183 0.011973 0.000010 0.000010 0.004528 0.005031 0.000010 0.000010
0.551215 0.000010 0.102795 0.026592 0.123220 0.022335 0.042824 0.080417 0.000010 0.000010 0.000010 0.000010 0.000010 0.050522 0.000010 0.000010
0.008711 0.001392 0.038879 0.124071 0.045633 0.000010 0.000010 0.000010 0.072227 0.000010 0.559231 0.000010 0.010266 0.016484 0.094973 0.028083
0.000010 0.862778 0.000010 0.000010 0.000010 0.000010 0.000010 0.000010 0.095179 0.000010 0.019979 0.021944 0.000010 0.000010 0.000010 0.000010
0.000010 0.000010 0.000010 0.083782 0.122271 0.015594 0.000010 0.000010 0.066413 0.000010 0.495312 0.037839 0.000010 0.013098 0.165611 0.000010
0.000010 0.000010 0.000010 0.000010 0.000010 0.000010 0.000010 0.000010 0.000010 0.000010 0.999850 0.000010 0.000010 0.000010 0.000010 0.000010
0.354421 0.000010 0.000010 0.000010 0.061200 0.071357 0.055226 0.000010 0.000010 0.016663 0.000010 0.083577 0.000010 0.000010 0.019570 0.337906
0.000010 0.000010 0.000010 0.000010 0.449966 0.000010 0.000010 0.000010 0.000010 0.000010 0.000010 0.000010 0.000010 0.011219 0.000010 0.538685
0.000010 0.000010 0.000010 0.000010 0.000010 0.000010 0.000010 0.000010 0.000010 0.000010 0.000010 0.000010 0.000010 0.348372 0.651488 0.000010
0.007925 0.000010 0.015805 0.000010 0.363051 0.000010 0.032902 0.000010 0.048995 0.000010 0.000010 0.002631 0.000010 0.022036 0.000010 0.506575
0.000010 0.000010 0.000010 0.000010 0.367956 0.000010 0.000010 0.000010 0.000010 0.000010 0.000010 0.000010 0.000010 0.000010 0.000010 0.631904
0.000010 0.000010 0.000010 0.000010 0.073527 0.022756 0.036223 0.010239 0.022393 0.006540 0.000010 0.000010 0.001659 0.000010 0.000010 0.826583
0.019788 0.000010 0.074763 0.203854 0.184274 0.000010 0.000010 0.203446 0.000010 0.033532 0.036269 0.188423 0.000010 0.000010 0.050864 0.004727
0.000010 0.000010 0.000010 0.999850 0.000010 0.000010 0.000010 0.000010 0.000010 0.000010 0.000010 0.000010 0.000010 0.000010 0.000010 0.000010
0.008378 0.028222 0.064069 0.000800 0.201336 0.000010 0.141840 0.029809 0.000010 0.000010 0.000010 0.000010 0.013981 0.027194 0.000010 0.484311
0.000010 0.000010 0.000010 0.000010 0.000010 0.000010 0.000010 0.000010 0.000010 0.000010 0.999850 0.000010 0.000010 0.000010 0.000010 0.000010
0.122801 0.000010 0.000010 0.000010 0.828119 0.000010 0.048949 0.000010 0.000010 0.000010 0.000010 0.000010 0.000010 0.000010 0.000010 0.000010
0.055254 0.054862 0.025573 0.000010 0.067325 0.000010 0.000010 0.051260 0.000010 0.000010 0.000010 0.253268 0.021478 0.000010 0.000010 0.470900
0.000010 0.013985 0.000010 0.000010 0.000010 0.000010 0.000010 0.106877 0.024985 0.021274 0.340571 0.054995 0.172363 0.024474 0.240405 0.000010
0.333322 0.000010 0.000010 0.069989 0.407981 0.025761 0.003082 0.023358 0.010986 0.029816 0.013224 0.000010 0.000010 0.035534 0.013424 0.033484
0.000010 0.999850 0.000010 0.000010 0.000010 0.000010 0.000010 0.000010 0.000010 0.000010 0.000010 0.000010 0.000010 0.000010 0.000010 0.000010
0.000010 0.035313 0.000010 0.000010 0.464462 0.000010 0.000010 0.000010 0.000010 0.000010 0.000010 0.000010 0.000010 0.000010 0.000010 0.500094
0.000010 0.004268 0.000010 0.000010 0.487661 0.000010 0.000010 0.000010 0.000010 0.000010 0.000010 0.000010 0.000010 0.000010 0.000010 0.507941
0.000010 0.003732 0.000010 0.000010 0.512027 0.037077 0.000010 0.000010 0.000010 0.000010 0.000010 0.000010 0.000010 0.000010 0.000010 0.447044
0.037124 0.020921 0.112241 0.000010 0.032542 0.025267 0.000010 0.034729 0.000010 0.017946 0.000010 0.000010 0.002400 0.000010 0.000010 0.716760
0.052226 0.060704 0.024000 0.015120 0.000010 0.007628 0.000010 0.082800 0.000010 0.004780 0.019436 0.594523 0.000010 0.000010 0.000010 0.138723
0.090833 0.037788 0.078330 0.000010 0.532158 0.000010 0.077186 0.000010 0.043415 0.000010 0.013359 0.000010 0.012503 0.014483 0.000010 0.099885
0.000010 0.000010 0.000010 0.000010 0.017300 0.142757 0.000010 0.000010 0.000010 0.000010 0.000010 0.015183 0.000010 0.051542 0.000010 0.773108
0.000010 0.032400 0.000010 0.000010 0.000010 0.005142 0.000010 0.000010 0.000010 0.000010 0.000010 0.000010 0.000010 0.000010 0.000010 0.962327
0.154360 0.005609 0.008435 0.000433 0.436048 0.000010 0.233784 0.000010 0.043736 0.000010 0.014293 0.034802 0.012103 0.000010 0.000010 0.056347
0.017737 0.131723 0.000010 0.000010 0.011902 0.037351 0.016755 0.007481 0.000010 0.000010 0.000010 0.107384 0.003377 0.000010 0.000010 0.666220
0.004775 0.060717 0.000010 0.000010 0.625393 0.000010 0.112671 0.085267 0.095602 0.000010 0.000010 0.000010 0.000416 0.000010 0.000010 0.015079
0.105324 0.055004 0.000010 0.022809 0.034075 0.047277 0.005595 0.000010 0.000010 0.000767 0.001369 0.015074 0.014344 0.000010 0.011630 0.686691
0.167114 0.018952 0.000010 0.000010 0.045049 0.127246 0.026997 0.010694 0.000010 0.000010 0.000010 0.008115 0.024186 0.000010 0.000010 0.571577
0.000010 0.000010 0.000010 0.000010 0.999850 0.000010 0.000010 0.000010 0.000010 0.000010 0.000010 0.000010 0.000010 0.000010 0.000010 0.000010
0.000010 0.000010 0.020628 0.018227 0.076587 0.000010 0.000010 0.019820 0.000010 0.000010 0.000010 0.001048 0.000010 0.000010 0.000010 0.863590
0.052191 0.294766 0.000010 0.000010 0.009856 0.084075 0.008382 0.000010 0.037577 0.000010 0.009690 0.240644 0.042794 0.000010 0.000010 0.219964
0.000010 0.001031 0.000010 0.000010 0.205477 0.020975 0.000010 0.000010 0.000010 0.000010 0.000010 0.000010 0.000010 0.000010 0.000010 0.772397
0.000010 0.311599 0.000010 0.000010 0.082832 0.000010 0.001385 0.000010 0.040789 0.000010 0.000010 0.210665 0.000114 0.000010 0.000010 0.352526
0.018796 0.000010 0.006754 0.000016 0.173104 0.000010 0.115890 0.074785 0.000010 0.004510 0.000010 0.034788 0.031758 0.000010 0.000010 0.539538
0.053540 0.037823 0.000010 0.000010 0.003331 0.044462 0.000010 0.013611 0.000010 0.010298 0.000010 0.075921 0.006605 0.007111 0.000010 0.747239
0.000010 0.008199 0.005173 0.000010 0.394295 0.014751 0.000010 0.000010 0.000010 0.000010 0.000010 0.000010 0.000010 0.000010 0.000010 0.577472
0.000010 0.266812 0.000010 0.000010 0.000010 0.000010 0.000010 0.000010 0.000010 0.000010 0.000010 0.733048 0.000010 0.000010 0.000010 0.000010
0.012632 0.000010 0.000010 0.000010 0.000010 0.000010 0.000010 0.000010 0.000010 0.000010 0.000010 0.987228 0.000010 0.000010 0.000010 0.000010
0.000010 0.000010 0.000010 0.000010 0.000010 0.000010 0.000010 0.000010 0.000010 0.000010 0.000010 0.000010 0.000010 0.999850 0.000010 0.000010
0.000010 0.138585 0.000010 0.000010 0.000010 0.000010 0.000010 0.000010 0.000010 0.000010 0.000010 0.711408 0.000010 0.149878 0.000010 0.000010
0.000010 0.213419 0.000010 0.000847 0.000010 0.000010 0.000010 0.000010 0.000010 0.000010 0.000010 0.663335 0.000010 0.122279 0.000010 0.000010
0.000010 0.000010 0.000010 0.000010 0.000010 0.000010 0.000010 0.000010 0.000010 0.000010 0.003359 0.996501 0.000010 0.000010 0.000010 0.000010
0.000010 0.001800 0.000010 0.375963 0.010659 0.000010 0.000010 0.050305 0.031988 0.000010 0.000010 0.508925 0.000010 0.020270 0.000010 0.000010
0.007483 0.170242 0.002150 0.000010 0.159333 0.000010 0.019202 0.000010 0.021590 0.006037 0.000010 0.514652 0.006605 0.051162 0.000010 0.041494
0.000010 0.000010 0.000010 0.000010 0.000010 0.000010 0.000010 0.000010 0.000010 0.000010 0.000010 0.000010 0.000010 0.999850 0.000010 0.000010
0.069033 0.000010 0.013811 0.094382 0.008248 0.045512 0.250862 0.036915 0.029454 0.000010 0.000010 0.000010 0.015603 0.012338 0.000010 0.423791
0.000010 0.000010 0.000010 0.000010 0.000010 0.000010 0.000010 0.000010 0.000010 0.000010 0.000010 0.999850 0.000010 0.000010 0.000010 0.000010
0.000010 0.000010 0.000010 0.000010 0.000010 0.000010 0.000010 0.000010 0.000010 0.000010 0.000010 0.320300 0.000010 0.679560 0.000010 0.000010
0.000010 0.004216 0.048398 0.890382 0.000010 0.000010 0.000010 0.000010 0.000010 0.000010 0.055076 0.000010 0.000010 0.000010 0.001817 0.000010
0.000010 0.000010 0.049291 0.016023 0.000010 0.000010 0.074547 0.056233 0.000010 0.000010 0.434449 0.003096 0.167802 0.000010 0.196530 0.001960
0.000010 0.002011 0.028018 0.000010 0.077937 0.044112 0.013293 0.032064 0.000010 0.021134 0.435422 0.000010 0.159274 0.000010 0.186675 0.000010
0.000010 0.000010 0.000010 0.999850 0.000010 0.000010 0.000010 0.000010 0.000010 0.000010 0.000010 0.000010 0.000010 0.000010 0.000010 0.000010
0.000010 0.000010 0.000010 0.000010 0.000010 0.023420 0.000010 0.000010 0.000010 0.000010 0.000010 0.930663 0.000010 0.000010 0.000010 0.045786
0.000010 0.000010 0.000010 0.000010 0.000010 0.000010 0.000010 0.000010 0.000010 0.000010 0.000010 0.999850 0.000010 0.000010 0.000010 0.000010
0.000010 0.000010 0.000010 0.000010 0.000010 0.000010 0.000010 0.000010 0.000010 0.000010 0.000010 0.180932 0.000010 0.818928 0.000010 0.000010
0.000010 0.000010 0.029592 0.028283 0.000010 0.000010 0.031342 0.118840 0.000010 0.000010 0.151552 0.033628 0.392453 0.000010 0.214231 0.000010
0.000010 0.000010 0.000010 0.000010 0.000010 0.000010 0.000010 0.000010 0.000010 0.000010 0.000010 0.000010 0.999850 0.000010 0.000010 0.000010
0.040466 0.000010 0.000010 0.053291 0.000010 0.025524 0.000010 0.000010 0.000010 0.050050 0.080250 0.000010 0.000010 0.054760 0.695569 0.000010
0.000010 0.000010 0.003379 0.000010 0.000010 0.000010 0.000010 0.035174 0.000010 0.000010 0.038607 0.885100 0.000010 0.012535 0.000010 0.025105
0.029821 0.008925 0.000010 0.000010 0.000010 0.155102 0.000010 0.000010 0.000010 0.001517 0.000010 0.024492 0.000010 0.012610 0.000010 0.767443
0.114180 0.005982 0.024752 0.000010 0.007656 0.088268 0.025013 0.044278 0.000010 0.000010 0.000010 0.026589 0.000010 0.014308 0.000010 0.648913
0.323711 0.039527 0.010973 0.042349 0.002423 0.000010 0.008901 0.502296 0.000010 0.015112 0.054639 0.000010 0.000010 0.000010 0.000010 0.000010
0.221717 0.012057 0.000010 0.000010 0.072415 0.043567 0.033989 0.548508 0.001936 0.000010 0.065732 0.000010 0.000010 0.000010 0.000010 0.000010
0.067798 0.000010 0.000010 0.000010 0.000010 0.000010 0.021323 0.000010 0.004737 0.000010 0.000010 0.049724 0.000010 0.008539 0.000010 0.847778
0.007179 0.351824 0.000010 0.000010 0.045125 0.025787 0.068407 0.002835 0.036055 0.000010 0.000010 0.249706 0.028495 0.000010 0.000010 0.184527
0.344132 0.124728 0.004064 0.000010 0.101899 0.034324 0.048134 0.000010 0.000010 0.000010 0.000010 0.122464 0.009659 0.017422 0.000010 0.193113
0.160975 0.045205 0.000010 0.000010 0.118895 0.000010 0.000010 0.053568 0.091814 0.000010 0.000010 0.054375 0.004383 0.081108 0.000010 0.389607
0.000010 0.000010 0.000010 0.000010 0.000010 0.000010 0.000010 0.000010 0.000010 0.999850 0.000010 0.000010 0.000010 0.000010 0.000010 0.000010
0.193850 0.005779 0.025514 0.036165 0.034887 0.164927 0.015833 0.000010 0.000010 0.001108 0.000010 0.017604 0.000010 0.009473 0.000010 0.494810
0.043342 0.011297 0.000010 0.000010 0.000010 0.052794 0.000010 0.000010 0.000010 0.000010 0.000010 0.000010 0.000015 0.035653 0.000010 0.856799
0.160703 0.000010 0.004147 0.032183 0.052045 0.508714 0.016176 0.000010 0.035989 0.000010 0.001602 0.027969 0.000010 0.011077 0.000010 0.149346
0.275039 0.015496 0.039362 0.000010 0.000010 0.033995 0.028219 0.000010 0.019821 0.000010 0.000010 0.000010 0.006085 0.000010 0.000010 0.581903
0.289731 0.038593 0.020585 0.000010 0.000010 0.478321 0.000010 0.000010 0.000010 0.000010 0.000010 0.000010 0.000010 0.000010 0.000010 0.172660
0.433193 0.029954 0.001226 0.000010 0.015882 0.033499 0.005495 0.075547 0.037475 0.001775 0.008832 0.000010 0.000010 0.010619 0.029404 0.317068
0.000010 0.000010 0.000010 0.000010 0.000010 0.000010 0.000010 0.000010 0.000010 0.000010 0.000010 0.000010 0.000010 0.999850 0.000010 0.000010
0.050097 0.001422 0.024926 0.000010 0.000010 0.009541 0.009810 0.204026 0.032136 0.000010 0.004815 0.092534 0.000010 0.013966 0.000010 0.556677
0.271949 0.006206 0.000010 0.000367 0.000010 0.112322 0.000010 0.017956 0.000010 0.000010 0.028962 0.000010 0.000010 0.000010 0.000010 0.562149
0.208807 0.009073 0.002797 0.000010 0.036171 0.065364 0.005618 0.057692 0.000010 0.000893 0.000010 0.039367 0.005203 0.000010 0.000010 0.568966
0.564115 0.037087 0.000010 0.000010 0.029983 0.000010 0.057494 0.000010 0.053323 0.000010 0.021518 0.054187 0.011130 0.012427 0.000010 0.158676
0.000010 0.000010 0.000010 0.014683 0.009453 0.000010 0.000010 0.014156 0.000010 0.000010 0.012515 0.059096 0.000010 0.000010 0.000038 0.889970
0.007946 0.014240 0.851595 0.000010 0.000010 0.000010 0.000010 0.000010 0.000010 0.000010 0.000010 0.000010 0.000010 0.000010 0.000010 0.126100
0.646123 0.011995 0.000010 0.000010 0.015453 0.068802 0.000010 0.117857 0.038291 0.000010 0.037620 0.000010 0.063780 0.000010 0.000010 0.000010
