0.018919 0.000010 0.067859 0.002146 0.000010 0.000010 0.001797 0.437628 0.471620
0.027398 0.037765 0.026497 0.053334 0.000010 0.000010 0.022229 0.223993 0.608764
0.081373 0.000012 0.000010 0.000010 0.047689 0.061310 0.000010 0.413922 0.395665
0.074991 0.028104 0.896845 0.000010 0.000010 0.000010 0.000010 0.000010 0.000010
0.105142 0.000139 0.000010 0.044339 0.014358 0.040244 0.021480 0.274444 0.499843
0.046332 0.021260 0.024828 0.000010 0.000010 0.014840 0.000010 0.745667 0.147044
0.007744 0.044920 0.429209 0.000010 0.000136 0.079010 0.000010 0.308385 0.130578
0.000010 0.042455 0.011579 0.000010 0.000010 0.000010 0.039686 0.906230 0.000010
0.051466 0.012624 0.059406 0.000010 0.000010 0.000010 0.075344 0.104199 0.696932
0.000010 0.000010 0.016529 0.000010 0.000010 0.000010 0.053583 0.869671 0.060167
0.000010 0.009994 0.001478 0.000010 0.000010 0.000010 0.071369 0.685690 0.231429
0.028948 0.046662 0.000010 0.000010 0.031931 0.009978 0.000010 0.383738 0.498713
0.312948 0.050114 0.110570 0.000010 0.028135 0.044248 0.062450 0.017948 0.373577
0.081842 0.037725 0.482257 0.000010 0.000015 0.041429 0.028836 0.000010 0.327875
0.000010 0.000010 0.011232 0.015749 0.000010 0.000010 0.018964 0.925352 0.028663
0.063095 0.013957 0.017747 0.024569 0.029449 0.014824 0.021427 0.364635 0.450297
0.032343 0.004828 0.017747 0.001094 0.000010 0.000010 0.030180 0.706628 0.207160
0.000010 0.063685 0.295695 0.000010 0.002713 0.051705 0.000010 0.491029 0.095143
0.010061 0.050528 0.000010 0.000010 0.000010 0.001093 0.662659 0.275619 0.000010
0.000010 0.011949 0.000010 0.888705 0.099287 0.000010 0.000010 0.000010 0.000010
0.000010 0.007976 0.000965 0.926708 0.043136 0.000010 0.000010 0.021175 0.000010
0.000010 0.000010 0.000010 0.986051 0.013879 0.000010 0.000010 0.000010 0.000010
0.000010 0.043056 0.000010 0.882792 0.059794 0.000010 0.000010 0.014308 0.000010
0.100356 0.000010 0.720655 0.055446 0.000010 0.010489 0.005808 0.033902 0.073324
0.000010 0.000010 0.002037 0.000010 0.000010 0.000010 0.997893 0.000010 0.000010
0.000010 0.000010 0.000010 0.909501 0.080660 0.000010 0.000010 0.000010 0.009779
0.082323 0.036320 0.028628 0.063865 0.026924 0.000010 0.000010 0.105531 0.656388
0.000010 0.000010 0.007803 0.945330 0.046807 0.000010 0.000010 0.000010 0.000010
0.114562 0.000010 0.017577 0.018023 0.008414 0.001704 0.088920 0.101357 0.649432
0.058566 0.000010 0.067336 0.011737 0.013977 0.000010 0.059008 0.074900 0.714455
0.000010 0.000010 0.000010 0.013696 0.000010 0.000010 0.142097 0.000010 0.844148
0.136019 0.000010 0.018328 0.000010 0.022362 0.000010 0.057089 0.082140 0.684031
0.378330 0.017203 0.147731 0.000010 0.073264 0.083740 0.000010 0.034425 0.265287
0.312129 0.038281 0.042613 0.021803 0.000010 0.000010 0.139106 0.000010 0.446038
0.015576 0.308297 0.002097 0.035729 0.020586 0.000010 0.041595 0.189868 0.386242
0.098844 0.020838 0.359136 0.000010 0.013446 0.004422 0.000010 0.288760 0.214533
0.113508 0.000010 0.422861 0.000010 0.000010 0.002735 0.004266 0.339110 0.117490
0.000010 0.000010 0.000260 0.000010 0.999670 0.000010 0.000010 0.000010 0.000010
0.086513 0.090743 0.035336 0.000010 0.000010 0.000010 0.096833 0.003483 0.687062
0.090763 0.008172 0.015748 0.024693 0.012098 0.026852 0.059643 0.021974 0.740056
0.000010 0.000010 0.000010 0.000010 0.000010 0.000013 0.000010 0.999917 0.000010
0.103834 0.008617 0.027618 0.023877 0.000010 0.036667 0.118081 0.179837 0.501458
0.037817 0.004613 0.014438 0.000010 0.008569 0.043197 0.000010 0.723572 0.167774
0.014190 0.011685 0.021981 0.000010 0.016472 0.000010 0.000010 0.806052 0.129590
0.504813 0.000010 0.000010 0.000010 0.000010 0.075286 0.086074 0.000010 0.333777
0.000010 0.000010 0.000010 0.655226 0.337168 0.000010 0.007545 0.000010 0.000010
0.000010 0.012337 0.000010 0.644771 0.320913 0.000010 0.000010 0.000010 0.021929
0.232582 0.032888 0.040768 0.299927 0.211570 0.000010 0.000010 0.013761 0.168485
0.285211 0.036177 0.025441 0.029960 0.029823 0.121383 0.081424 0.038448 0.352132
0.272922 0.030018 0.047327 0.051692 0.000010 0.055617 0.065793 0.043804 0.432816
0.000010 0.000010 0.000010 0.000010 0.000010 0.999920 0.000010 0.000010 0.000010
0.255640 0.013996 0.018527 0.082303 0.028447 0.081126 0.151839 0.000010 0.368112
0.000010 0.000010 0.000010 0.000010 0.000010 0.999920 0.000010 0.000010 0.000010
0.324349 0.047004 0.000010 0.000010 0.037706 0.049771 0.072838 0.079195 0.389116
0.324489 0.004014 0.009220 0.000010 0.054359 0.092650 0.144775 0.000010 0.370474
0.000010 0.999920 0.000010 0.000010 0.000010 0.000010 0.000010 0.000010 0.000010
0.004948 0.040409 0.016618 0.026314 0.030883 0.000010 0.002342 0.878466 0.000010
0.095439 0.045113 0.065465 0.000010 0.000010 0.000010 0.087523 0.000010 0.706421
0.036846 0.018456 0.038640 0.000010 0.000010 0.055749 0.111694 0.008861 0.729735
0.000010 0.017353 0.048742 0.000010 0.000010 0.092776 0.018506 0.698718 0.123876
0.033559 0.000010 0.000010 0.000010 0.028473 0.022213 0.039087 0.000010 0.876628
0.080717 0.039064 0.043214 0.000010 0.000010 0.000010 0.035998 0.098764 0.702212
0.005019 0.034303 0.008803 0.046186 0.000010 0.027450 0.115634 0.434793 0.327802
0.091868 0.013713 0.030708 0.000010 0.018800 0.000010 0.000010 0.041774 0.803105
0.133762 0.034637 0.027920 0.000010 0.025635 0.020766 0.089620 0.067008 0.600642
0.112835 0.091413 0.220787 0.014067 0.048457 0.120132 0.085645 0.209319 0.097346
0.130838 0.000010 0.316598 0.000010 0.552504 0.000010 0.000010 0.000010 0.000010
0.080255 0.041242 0.688863 0.020891 0.031717 0.000010 0.000010 0.000010 0.137002
0.018061 0.033379 0.017642 0.005389 0.022449 0.013397 0.009653 0.878658 0.001372
0.292319 0.039936 0.040757 0.000010 0.003894 0.035157 0.150230 0.000010 0.437687
0.274986 0.000010 0.037534 0.040551 0.008102 0.085064 0.098244 0.093153 0.362356
0.295407 0.038533 0.000010 0.032900 0.000010 0.107412 0.199086 0.091079 0.235562
0.017289 0.155669 0.006199 0.000010 0.003691 0.031825 0.011653 0.110213 0.663452
0.067515 0.017171 0.024861 0.000010 0.017182 0.030287 0.015105 0.110402 0.717467
0.095341 0.119020 0.031106 0.000010 0.000010 0.000010 0.045776 0.120236 0.588491
0.126444 0.032965 0.000010 0.000010 0.035047 0.000010 0.072269 0.021044 0.712200
0.000010 0.041461 0.020934 0.000010 0.007325 0.045316 0.065505 0.016020 0.803418
0.066957 0.042106 0.000010 0.003896 0.049463 0.039581 0.099829 0.060697 0.637461
0.000010 0.000010 0.000010 0.000010 0.999920 0.000010 0.000010 0.000010 0.000010
0.093269 0.000010 0.029450 0.000010 0.000010 0.012362 0.054450 0.088424 0.722015
0.024917 0.043742 0.013888 0.016186 0.014826 0.059968 0.085414 0.016272 0.724787
0.015961 0.001155 0.037969 0.000010 0.018227 0.000010 0.000010 0.707535 0.219123
0.026184 0.042750 0.030676 0.003545 0.002671 0.011681 0.018097 0.707083 0.157314
0.000010 0.734028 0.000010 0.030936 0.000010 0.000010 0.000010 0.066371 0.168615
0.000010 0.000010 0.061388 0.000010 0.000010 0.059236 0.000010 0.753737 0.125589
0.000010 0.000010 0.000010 0.000010 0.999920 0.000010 0.000010 0.000010 0.000010
0.056573 0.014824 0.000010 0.761004 0.046262 0.076881 0.000010 0.000010 0.044427
0.020081 0.070402 0.032801 0.002563 0.000010 0.000010 0.030798 0.668375 0.174960
0.188945 0.084108 0.047191 0.000010 0.023713 0.011765 0.000010 0.206550 0.437709
0.000010 0.000010 0.024345 0.790794 0.098174 0.064371 0.015992 0.000010 0.006295
0.000010 0.051612 0.021999 0.806922 0.055428 0.020927 0.000010 0.001806 0.041286
0.041644 0.000370 0.011118 0.758580 0.047288 0.029445 0.000010 0.014339 0.097206
0.000010 0.013326 0.000010 0.775568 0.118404 0.000010 0.018362 0.000010 0.074300
0.032924 0.007698 0.000010 0.791919 0.061657 0.040554 0.025010 0.000010 0.040218
0.072538 0.030978 0.041299 0.263206 0.030808 0.010590 0.010001 0.179426 0.361155
0.910088 0.000010 0.000010 0.023982 0.000010 0.000010 0.000010 0.065870 0.000010
0.806433 0.000010 0.000010 0.009735 0.000010 0.002987 0.000010 0.060152 0.120653
0.108090 0.025349 0.016848 0.009223 0.007620 0.009720 0.000010 0.408614 0.414524
0.000010 0.000010 0.062559 0.024453 0.030777 0.009879 0.000010 0.850281 0.022022
0.866989 0.000010 0.000010 0.020527 0.010010 0.083063 0.000010 0.008397 0.010985
0.050173 0.100358 0.012209 0.000010 0.000010 0.000010 0.009675 0.060302 0.767253
0.692635 0.000010 0.000010 0.075865 0.000010 0.085171 0.021755 0.000010 0.124534
0.000010 0.072997 0.010150 0.000010 0.000010 0.041113 0.043339 0.231505 0.600866
0.000010 0.000010 0.999918 0.000010 0.000010 0.000012 0.000010 0.000010 0.000010
0.014880 0.000010 0.005635 0.002840 0.000010 0.017590 0.064684 0.781576 0.112776
0.487178 0.011041 0.406341 0.000718 0.000010 0.048698 0.000010 0.045993 0.000010
0.004786 0.012488 0.040482 0.000010 0.000010 0.072108 0.000010 0.607537 0.262568
0.070835 0.107859 0.042184 0.000010 0.017543 0.030480 0.000010 0.086593 0.644486
0.063347 0.063127 0.018273 0.001242 0.000010 0.000010 0.019650 0.271205 0.563136
0.013965 0.005576 0.000010 0.005094 0.007972 0.000010 0.000010 0.859413 0.107950
0.228674 0.000010 0.000010 0.055494 0.049296 0.403913 0.128745 0.000010 0.133848
0.030812 0.030856 0.000010 0.000010 0.000010 0.027044 0.025375 0.583847 0.302036
0.000010 0.025846 0.000010 0.000010 0.000010 0.045492 0.012731 0.758556 0.157336
0.000010 0.000010 0.017022 0.000010 0.000010 0.000010 0.024626 0.898847 0.059455
0.066003 0.080144 0.000010 0.000010 0.013956 0.020289 0.000010 0.158108 0.661471
0.060428 0.012782 0.040631 0.000010 0.015166 0.029459 0.015024 0.586496 0.240004
0.000010 0.000010 0.999920 0.000010 0.000010 0.000010 0.000010 0.000010 0.000010
0.000011 0.000010 0.999919 0.000010 0.000010 0.000010 0.000010 0.000010 0.000010
0.019114 0.032358 0.000615 0.000011 0.004521 0.000010 0.000010 0.824436 0.118926
0.000010 0.000010 0.999920 0.000010 0.000010 0.000010 0.000010 0.000010 0.000010
0.009931 0.000010 0.024797 0.017471 0.015100 0.046249 0.038338 0.789602 0.058502
0.000010 0.000010 0.000010 0.000010 0.000010 0.000010 0.000010 0.999920 0.000010
0.000010 0.000010 0.999920 0.000010 0.000010 0.000010 0.000010 0.000010 0.000010
0.000010 0.000010 0.999920 0.000010 0.000010 0.000010 0.000010 0.000010 0.000010
0.000010 0.000010 0.999920 0.000010 0.000010 0.000010 0.000010 0.000010 0.000010
0.000010 0.000010 0.999920 0.000010 0.000010 0.000010 0.000010 0.000010 0.000010
0.031623 0.000152 0.849412 0.010750 0.027152 0.000010 0.000010 0.000010 0.080881
0.023592 0.033628 0.039648 0.034854 0.010712 0.035837 0.016184 0.182205 0.623340
0.000010 0.024978 0.052246 0.000010 0.015609 0.013217 0.050906 0.159320 0.683705
0.000010 0.000015 0.999915 0.000010 0.000010 0.000010 0.000010 0.000010 0.000010
0.020020 0.027117 0.178831 0.000010 0.031248 0.089462 0.000010 0.464280 0.189022
0.000010 0.059945 0.029807 0.005122 0.010439 0.000010 0.023042 0.748300 0.123326
0.000010 0.000010 0.999920 0.000010 0.000010 0.000010 0.000010 0.000010 0.000010
0.016451 0.015557 0.947912 0.000010 0.000010 0.020030 0.000010 0.000010 0.000010
0.000012 0.000010 0.999915 0.000010 0.000010 0.000013 0.000010 0.000010 0.000010
0.107985 0.237930 0.021201 0.000010 0.059458 0.033944 0.007164 0.148403 0.383905
0.000010 0.064390 0.050311 0.000010 0.000010 0.000010 0.000010 0.189593 0.695656
0.011756 0.054524 0.024396 0.019407 0.000010 0.000010 0.033507 0.177544 0.678846
0.000010 0.054683 0.036380 0.000010 0.016770 0.000010 0.023761 0.072822 0.795555
0.070004 0.000010 0.886676 0.000010 0.000010 0.000010 0.014709 0.028560 0.000010
0.000010 0.000010 0.448391 0.254801 0.233082 0.000010 0.000010 0.063676 0.000010
0.000010 0.000010 0.999920 0.000010 0.000010 0.000010 0.000010 0.000010 0.000010
0.000013 0.000010 0.999914 0.000010 0.000010 0.000010 0.000010 0.000013 0.000010
0.000010 0.000010 0.999920 0.000010 0.000010 0.000010 0.000010 0.000010 0.000010
0.000010 0.000010 0.999920 0.000010 0.000010 0.000010 0.000010 0.000010 0.000010
0.000010 0.000010 0.999913 0.000014 0.000010 0.000013 0.000010 0.000010 0.000010
0.000010 0.000010 0.999915 0.000010 0.000010 0.000010 0.000010 0.000015 0.000010
0.050481 0.313392 0.023494 0.000010 0.068193 0.000010 0.016943 0.245326 0.282151
0.000010 0.000010 0.999915 0.000010 0.000015 0.000010 0.000010 0.000010 0.000010
0.056503 0.000010 0.880521 0.035334 0.000146 0.016955 0.000010 0.000010 0.010510
0.000010 0.006330 0.000010 0.000010 0.015763 0.000010 0.000010 0.894152 0.083705
0.070249 0.034787 0.835416 0.030898 0.000010 0.028610 0.000010 0.000010 0.000010
0.061695 0.080516 0.552568 0.000010 0.000010 0.025859 0.045016 0.143636 0.090690
0.000010 0.000010 0.999920 0.000010 0.000010 0.000010 0.000010 0.000010 0.000010
0.000012 0.000010 0.999918 0.000010 0.000010 0.000010 0.000010 0.000010 0.000010
0.000010 0.000010 0.999920 0.000010 0.000010 0.000010 0.000010 0.000010 0.000010
0.000010 0.000010 0.999920 0.000010 0.000010 0.000010 0.000010 0.000010 0.000010
0.001479 0.022559 0.975903 0.000010 0.000010 0.000010 0.000010 0.000010 0.000010
0.000010 0.000010 0.999918 0.000010 0.000010 0.000010 0.000010 0.000012 0.000010
0.000012 0.999918 0.000010 0.000010 0.000010 0.000010 0.000010 0.000010 0.000010
0.249193 0.000010 0.040164 0.710583 0.000010 0.000010 0.000010 0.000010 0.000010
0.335051 0.000010 0.002003 0.662885 0.000010 0.000010 0.000010 0.000010 0.000010
0.308907 0.000010 0.007721 0.683312 0.000010 0.000010 0.000010 0.000010 0.000010
0.000010 0.000010 0.999917 0.000010 0.000010 0.000010 0.000010 0.000013 0.000010
0.000010 0.000010 0.999920 0.000010 0.000010 0.000010 0.000010 0.000010 0.000010
0.342766 0.000010 0.000010 0.657164 0.000010 0.000010 0.000010 0.000010 0.000010
0.263218 0.000010 0.031151 0.690885 0.000010 0.000010 0.000010 0.002223 0.012483
0.272992 0.000010 0.031384 0.692721 0.000010 0.000010 0.000010 0.002854 0.000010
0.000010 0.000010 0.999917 0.000010 0.000010 0.000013 0.000010 0.000010 0.000010
0.000010 0.000010 0.999920 0.000010 0.000010 0.000010 0.000010 0.000010 0.000010
0.143215 0.000010 0.000010 0.000010 0.000010 0.856715 0.000010 0.000010 0.000010
0.000010 0.000010 0.999920 0.000010 0.000010 0.000010 0.000010 0.000010 0.000010
0.000010 0.000010 0.000010 0.000010 0.000010 0.000010 0.902775 0.097155 0.000010
0.451271 0.000010 0.548659 0.000010 0.000010 0.000010 0.000010 0.000010 0.000010
0.447688 0.000010 0.552242 0.000010 0.000010 0.000010 0.000010 0.000010 0.000010
0.006648 0.000010 0.000010 0.000010 0.000010 0.057305 0.075274 0.627294 0.233439
0.475434 0.000010 0.524496 0.000010 0.000010 0.000010 0.000010 0.000010 0.000010
0.000010 0.009558 0.000010 0.873228 0.050085 0.000010 0.065424 0.001664 0.000010
0.290344 0.017942 0.026136 0.124949 0.059841 0.142661 0.134135 0.000010 0.203981
0.000010 0.041903 0.087619 0.000010 0.027652 0.084283 0.070022 0.438937 0.249564
0.381121 0.009768 0.034138 0.445382 0.003780 0.012065 0.000010 0.062527 0.051208
0.000010 0.054571 0.372317 0.000010 0.000010 0.176885 0.000010 0.102303 0.293885
0.000656 0.011101 0.402033 0.000010 0.000010 0.218890 0.000010 0.059434 0.307855
0.028060 0.000010 0.000010 0.000010 0.019443 0.022976 0.000010 0.868707 0.060774
0.091478 0.012032 0.687109 0.040451 0.024107 0.020635 0.079806 0.000010 0.044371
0.017785 0.051883 0.030521 0.000010 0.061726 0.016740 0.026792 0.391304 0.403238
0.000010 0.014387 0.068422 0.000010 0.017035 0.000010 0.000010 0.808295 0.091821
0.024332 0.017644 0.336076 0.000010 0.000010 0.099993 0.005125 0.443214 0.073596
0.389865 0.010384 0.000010 0.012030 0.000010 0.043311 0.152200 0.000010 0.392179
0.023143 0.043491 0.050930 0.000010 0.024426 0.021323 0.033762 0.446747 0.356169
0.060014 0.068609 0.000010 0.000010 0.000010 0.052111 0.105947 0.084372 0.628918
0.387593 0.000010 0.012455 0.520560 0.000010 0.004692 0.027260 0.031370 0.016050
0.054140 0.000010 0.888043 0.019282 0.002505 0.000010 0.017365 0.018635 0.000010
0.372593 0.000010 0.000010 0.572777 0.000010 0.019561 0.000010 0.005509 0.029520
0.282437 0.000010 0.021852 0.695651 0.000010 0.000010 0.000010 0.000010 0.000010
0.030756 0.076687 0.000010 0.029321 0.019966 0.011854 0.000010 0.472631 0.358764
0.094030 0.007683 0.000010 0.000010 0.018104 0.041902 0.000010 0.670955 0.167297
0.000010 0.000010 0.000010 0.654246 0.000010 0.345684 0.000010 0.000010 0.000010
0.010204 0.054900 0.023394 0.041960 0.011061 0.030483 0.032960 0.585160 0.209877
0.054085 0.000010 0.010730 0.000010 0.025165 0.000010 0.035244 0.776575 0.098171
0.000010 0.048200 0.000550 0.000010 0.016820 0.000010 0.000010 0.878589 0.055801
0.173533 0.015204 0.000010 0.099496 0.046237 0.092082 0.129864 0.057511 0.386063
0.556513 0.000010 0.000010 0.035341 0.000010 0.294355 0.113741 0.000010 0.000010
0.047889 0.150989 0.035873 0.000010 0.021596 0.026088 0.058156 0.521258 0.138141
0.285194 0.000010 0.011439 0.703307 0.000010 0.000010 0.000010 0.000010 0.000010
0.115341 0.127274 0.000010 0.025345 0.055685 0.000010 0.000631 0.094724 0.580981
0.000010 0.007590 0.085451 0.000010 0.010010 0.058850 0.038679 0.558474 0.240927
0.230395 0.005226 0.113454 0.433324 0.023227 0.032720 0.000010 0.000010 0.161634
0.100046 0.047812 0.000010 0.031222 0.069424 0.048786 0.000010 0.149680 0.553009
0.000010 0.000010 0.999915 0.000010 0.000010 0.000013 0.000012 0.000010 0.000010
0.000010 0.066115 0.057866 0.000010 0.056375 0.000905 0.090528 0.597994 0.130197
0.000010 0.073545 0.034280 0.000010 0.028817 0.014526 0.070868 0.615228 0.162716
0.095124 0.007285 0.011772 0.000010 0.057322 0.029748 0.001731 0.588739 0.208268
0.000010 0.000010 0.023121 0.000010 0.021047 0.000010 0.132017 0.772567 0.051208
0.000010 0.000010 0.095904 0.003834 0.011510 0.235474 0.065259 0.253359 0.334640
0.099637 0.112748 0.045949 0.038062 0.019038 0.034371 0.091510 0.187143 0.371544
0.000010 0.000010 0.000010 0.000010 0.000010 0.075487 0.000010 0.888678 0.035775
0.000010 0.000010 0.021237 0.000010 0.000010 0.000010 0.000010 0.978693 0.000010
0.099750 0.270695 0.025381 0.020142 0.000010 0.000010 0.004725 0.163218 0.416069
0.000010 0.036189 0.146635 0.000010 0.000010 0.015864 0.000010 0.738005 0.063267
0.089263 0.142572 0.083698 0.022456 0.041613 0.040461 0.000010 0.080232 0.499696
0.041677 0.017636 0.060906 0.012276 0.006619 0.000010 0.000010 0.767132 0.093734
0.022168 0.042959 0.042903 0.000010 0.000010 0.000010 0.000010 0.699980 0.191950
0.063907 0.068292 0.000010 0.045950 0.079811 0.037619 0.000010 0.043510 0.660890
0.030649 0.000010 0.000010 0.000010 0.000010 0.006411 0.023496 0.908358 0.031045
0.049356 0.023678 0.347965 0.019443 0.002845 0.067980 0.000010 0.346095 0.142628
0.014801 0.009398 0.020362 0.006179 0.000010 0.000010 0.020600 0.854775 0.073866
0.000010 0.027332 0.345370 0.000010 0.000010 0.043970 0.000010 0.438897 0.144390
0.052070 0.120161 0.007258 0.000010 0.026639 0.000010 0.034090 0.591614 0.168149
0.000010 0.001322 0.049493 0.000010 0.001206 0.039770 0.000010 0.825117 0.083063
0.037508 0.043252 0.027555 0.000010 0.000010 0.013723 0.066218 0.696494 0.115230
0.000010 0.000010 0.347271 0.000010 0.000010 0.192854 0.000010 0.102918 0.356907
0.000010 0.010959 0.039025 0.005524 0.000010 0.365664 0.000010 0.195923 0.382875
0.000010 0.000010 0.000010 0.000010 0.000010 0.999920 0.000010 0.000010 0.000010
0.000010 0.013196 0.200001 0.000010 0.000010 0.481108 0.017638 0.118140 0.169887
0.010827 0.020420 0.270471 0.000010 0.000010 0.391396 0.000010 0.091407 0.215448
0.000010 0.008577 0.060502 0.041799 0.000010 0.402046 0.033579 0.157803 0.295675
0.209458 0.006365 0.029391 0.052881 0.013431 0.363938 0.039406 0.072922 0.212208
0.000010 0.055324 0.222740 0.000010 0.021780 0.244779 0.025760 0.157263 0.272334
0.000010 0.000010 0.000010 0.000010 0.000010 0.999920 0.000010 0.000010 0.000010
0.101161 0.266619 0.000010 0.000010 0.000010 0.029438 0.033875 0.468604 0.100272
0.000010 0.004759 0.032575 0.000010 0.000010 0.380714 0.001439 0.236311 0.344173
0.000010 0.000010 0.000010 0.000010 0.000010 0.986984 0.000010 0.012946 0.000010
0.529273 0.000010 0.000010 0.082837 0.000010 0.225709 0.162131 0.000010 0.000010
0.354127 0.074699 0.050415 0.448454 0.000010 0.000010 0.039599 0.005269 0.027417
0.340686 0.025229 0.077884 0.483999 0.009212 0.000010 0.029827 0.000010 0.033143
0.619883 0.000010 0.000010 0.000010 0.000010 0.316918 0.063139 0.000010 0.000010
0.000010 0.000010 0.039896 0.000010 0.000010 0.427496 0.014457 0.294211 0.223900
0.000010 0.011523 0.063185 0.025716 0.000010 0.481872 0.000010 0.151339 0.266337
0.000010 0.000010 0.000010 0.000010 0.000010 0.999920 0.000010 0.000010 0.000010
0.425802 0.049501 0.125259 0.229966 0.000010 0.000010 0.041382 0.002412 0.125659
0.762800 0.000010 0.237130 0.000010 0.000010 0.000010 0.000010 0.000010 0.000010
0.052178 0.000010 0.008249 0.748457 0.092682 0.080093 0.000010 0.000010 0.018312
0.000010 0.031313 0.043779 0.016757 0.000010 0.349419 0.054849 0.199102 0.304762
0.000018 0.000010 0.022940 0.000010 0.018665 0.033057 0.000010 0.898331 0.026959
0.000010 0.029086 0.010649 0.000010 0.000010 0.021649 0.041928 0.749955 0.146703
0.067747 0.022677 0.020491 0.016454 0.025776 0.000010 0.074251 0.000010 0.772584
0.038631 0.055791 0.013356 0.025360 0.015552 0.000010 0.036458 0.020342 0.794501
0.000010 0.022577 0.000530 0.000010 0.000010 0.017907 0.010921 0.892921 0.055114
0.000010 0.080906 0.400213 0.000010 0.000010 0.072054 0.022367 0.260922 0.163507
0.000010 0.086411 0.142118 0.000010 0.004956 0.061413 0.019819 0.306295 0.378968
0.106001 0.000010 0.057663 0.000010 0.001463 0.099496 0.000010 0.449248 0.286099
0.000010 0.000010 0.000010 0.000010 0.999920 0.000010 0.000010 0.000010 0.000010
0.015333 0.027017 0.015817 0.000010 0.007464 0.016886 0.045218 0.636938 0.235317
0.000010 0.000010 0.018407 0.000010 0.000010 0.043095 0.000010 0.919610 0.018838
0.094414 0.038856 0.025243 0.000622 0.000010 0.047045 0.000185 0.477461 0.316164
0.034640 0.042493 0.021195 0.000010 0.000010 0.000010 0.043368 0.664254 0.194020
0.030973 0.026703 0.068168 0.000010 0.000010 0.000010 0.026905 0.511349 0.335872
0.020841 0.030047 0.031019 0.040001 0.009212 0.000010 0.017598 0.399037 0.452235
0.000010 0.000010 0.000010 0.000010 0.000010 0.999920 0.000010 0.000010 0.000010
0.000014 0.015639 0.012229 0.000010 0.000010 0.050668 0.055841 0.592575 0.273014
0.019326 0.021873 0.009773 0.000010 0.000010 0.000010 0.001880 0.704352 0.242768
0.006212 0.024860 0.014757 0.000010 0.000010 0.022210 0.011171 0.671862 0.248908
0.061530 0.093446 0.050183 0.011099 0.000010 0.019961 0.000010 0.254901 0.508861
0.012101 0.000010 0.000010 0.018131 0.000010 0.000010 0.000010 0.947185 0.022534
0.000010 0.000010 0.009558 0.000010 0.000010 0.000010 0.860164 0.130218 0.000010
0.120514 0.030571 0.051770 0.000010 0.000010 0.000010 0.000010 0.101254 0.695851
0.097706 0.062963 0.016716 0.007530 0.000010 0.036187 0.092431 0.153688 0.532769
0.138745 0.049306 0.049003 0.026158 0.000010 0.032446 0.000010 0.105167 0.599155
0.010430 0.072897 0.002009 0.000010 0.006157 0.008218 0.000010 0.252554 0.647715
0.000010 0.020572 0.001203 0.000010 0.000010 0.003155 0.000010 0.882576 0.092455
0.027611 0.008820 0.022384 0.000010 0.000010 0.000010 0.023789 0.779401 0.137964
0.000010 0.000010 0.000135 0.000010 0.000010 0.000010 0.018429 0.776902 0.204485
0.000010 0.022117 0.000010 0.000010 0.000010 0.000010 0.000010 0.874434 0.103389
0.117020 0.058985 0.030033 0.000010 0.000010 0.000010 0.095904 0.217323 0.480706
0.074231 0.051254 0.467228 0.000010 0.014707 0.058213 0.000010 0.071468 0.262880
0.043011 0.048777 0.068110 0.000010 0.008615 0.067028 0.063717 0.498947 0.201786
0.034277 0.039001 0.158640 0.000010 0.012157 0.100482 0.000010 0.511745 0.143677
0.000010 0.004992 0.015696 0.037468 0.000049 0.009290 0.082524 0.036337 0.813634
0.002938 0.034132 0.022194 0.000010 0.004531 0.000010 0.038867 0.875514 0.021804
0.088001 0.084421 0.000010 0.026986 0.052485 0.090530 0.015840 0.102917 0.538810
0.008775 0.039175 0.015703 0.000010 0.000010 0.034643 0.000010 0.753885 0.147789
0.000010 0.000010 0.000010 0.000010 0.000010 0.000010 0.000010 0.999920 0.000010
0.000010 0.048940 0.000010 0.000010 0.002932 0.000010 0.200947 0.694126 0.053015
0.021272 0.052627 0.075064 0.032513 0.000010 0.000010 0.063895 0.093927 0.660683
0.000010 0.000013 0.000010 0.000010 0.000010 0.000010 0.000011 0.999916 0.000010
0.000010 0.023736 0.000010 0.000010 0.027755 0.035813 0.098645 0.000010 0.814011
0.000010 0.007845 0.007706 0.050080 0.001383 0.039515 0.077553 0.006851 0.809056
0.000010 0.038088 0.000010 0.000010 0.016449 0.025356 0.093364 0.000010 0.826703
0.000010 0.006464 0.000088 0.043106 0.000010 0.011915 0.130335 0.000010 0.808063
0.000555 0.000010 0.000010 0.000010 0.040416 0.053752 0.054101 0.001722 0.849423
0.010306 0.004332 0.840286 0.000010 0.000010 0.017001 0.015606 0.000010 0.112439
0.085097 0.025158 0.018504 0.000010 0.000010 0.026658 0.006554 0.560650 0.277358
0.000010 0.016155 0.018681 0.000010 0.000010 0.046855 0.000010 0.918259 0.000010
0.000010 0.000010 0.006196 0.000010 0.001021 0.000010 0.018292 0.759300 0.215151
0.001311 0.042136 0.010829 0.000010 0.000010 0.034534 0.101039 0.679873 0.130259
0.000010 0.000308 0.000010 0.000010 0.000010 0.049203 0.008837 0.939197 0.002414
0.000010 0.000010 0.000010 0.003620 0.000010 0.030410 0.050334 0.000010 0.915587
0.026331 0.000010 0.006385 0.000010 0.000010 0.000010 0.041580 0.925655 0.000010
0.000010 0.038259 0.034413 0.000010 0.036784 0.000010 0.000010 0.168683 0.721820
0.000010 0.000010 0.999920 0.000010 0.000010 0.000010 0.000010 0.000010 0.000010
0.393651 0.021724 0.000010 0.032217 0.000010 0.047193 0.128571 0.000010 0.376614
0.077243 0.041890 0.037664 0.000010 0.000010 0.000010 0.103647 0.078123 0.661402
0.000010 0.015204 0.001888 0.026407 0.000010 0.000010 0.000010 0.321761 0.634699
0.148845 0.046576 0.016045 0.001656 0.009370 0.007587 0.075742 0.053254 0.640925
0.000437 0.000010 0.000010 0.061269 0.014525 0.027431 0.095715 0.000010 0.800594
0.082088 0.009712 0.037393 0.000010 0.040635 0.000010 0.034362 0.088438 0.707352
0.000010 0.004079 0.000010 0.000026 0.000010 0.000010 0.061904 0.000010 0.933942
0.024951 0.041513 0.028281 0.000010 0.042507 0.037269 0.069079 0.182770 0.573620
0.006210 0.071920 0.025578 0.000010 0.000010 0.046056 0.092866 0.059438 0.697911
0.040823 0.000747 0.024178 0.000010 0.034355 0.024979 0.000010 0.767541 0.107357
0.003588 0.065085 0.012403 0.000010 0.074363 0.060283 0.007466 0.081115 0.695686
0.000010 0.014543 0.015175 0.000010 0.002020 0.004511 0.115243 0.000010 0.848478
0.000010 0.008064 0.000010 0.026763 0.000010 0.045115 0.101873 0.058368 0.759788
0.000010 0.014935 0.017084 0.036808 0.030848 0.009003 0.066735 0.574079 0.250498
0.000010 0.021928 0.000010 0.000010 0.000010 0.000010 0.000010 0.960366 0.017645
0.009724 0.057247 0.039622 0.000010 0.000010 0.000010 0.110882 0.005230 0.777265
0.073953 0.000010 0.901090 0.000010 0.000010 0.000010 0.019108 0.005799 0.000010
0.001940 0.000010 0.010432 0.026635 0.000010 0.000010 0.051253 0.909701 0.000010
0.000010 0.031258 0.000010 0.000010 0.000010 0.000010 0.016279 0.952403 0.000010
0.086468 0.013324 0.013269 0.000010 0.000010 0.019761 0.043995 0.085015 0.738149
0.086308 0.014906 0.013087 0.046788 0.000010 0.000010 0.035839 0.447652 0.355400
0.000010 0.095769 0.005780 0.000010 0.000010 0.000010 0.035254 0.210679 0.652479
0.000010 0.006143 0.034864 0.045705 0.000010 0.009392 0.040770 0.000010 0.863096
0.000010 0.000010 0.001771 0.000010 0.000010 0.000010 0.000010 0.998159 0.000010
0.000010 0.000010 0.004334 0.000010 0.000010 0.000010 0.000010 0.995596 0.000010
0.006861 0.034879 0.015233 0.000010 0.000010 0.044123 0.000010 0.493000 0.405874
0.032409 0.064865 0.033881 0.000010 0.000010 0.018444 0.000887 0.559535 0.289959
0.000010 0.000010 0.000010 0.000010 0.999920 0.000010 0.000010 0.000010 0.000010
0.085702 0.018662 0.023697 0.004813 0.000010 0.038703 0.079205 0.043314 0.705894
0.020743 0.005900 0.021799 0.000010 0.007645 0.002074 0.000010 0.881785 0.060034
0.000010 0.000010 0.000010 0.000010 0.999920 0.000010 0.000010 0.000010 0.000010
0.000010 0.527513 0.472417 0.000010 0.000010 0.000010 0.000010 0.000010 0.000010
0.728358 0.000010 0.271572 0.000010 0.000010 0.000010 0.000010 0.000010 0.000010
0.049086 0.024192 0.044746 0.000010 0.006339 0.009412 0.031500 0.604390 0.230325
0.106568 0.086692 0.021322 0.000010 0.017894 0.000010 0.020732 0.549901 0.196870
0.049444 0.045060 0.016766 0.000010 0.009080 0.000010 0.017891 0.714847 0.146891
0.128362 0.073623 0.000010 0.034857 0.057547 0.050886 0.000010 0.336494 0.318211
0.000010 0.012650 0.017977 0.000010 0.000010 0.000010 0.042845 0.926478 0.000010
0.000010 0.000010 0.000010 0.000010 0.000010 0.000010 0.000010 0.999920 0.000010
0.004423 0.122022 0.028559 0.012879 0.000010 0.000010 0.000010 0.127836 0.704252
0.000010 0.040646 0.004506 0.001332 0.000010 0.018447 0.073150 0.620049 0.241849
0.089614 0.029888 0.044281 0.000010 0.000010 0.000010 0.014929 0.525630 0.295628
0.054363 0.004238 0.000010 0.048603 0.000010 0.073730 0.036944 0.373977 0.408126
0.016113 0.058245 0.019161 0.014906 0.000010 0.000010 0.030712 0.677919 0.182924
0.000010 0.025432 0.043229 0.000010 0.000010 0.035253 0.000010 0.749020 0.147025
0.002117 0.031639 0.021223 0.020266 0.002113 0.021859 0.000010 0.738184 0.162588
0.017932 0.012546 0.012360 0.000010 0.004850 0.006606 0.051571 0.782979 0.111146
0.000010 0.000010 0.000010 0.000010 0.000010 0.000010 0.000010 0.999920 0.000010
0.006876 0.015412 0.022914 0.000010 0.000010 0.020980 0.029088 0.904700 0.000010
0.062232 0.048137 0.026415 0.000010 0.017468 0.022356 0.048120 0.146194 0.629068
0.005752 0.026704 0.060803 0.008569 0.030858 0.079438 0.059298 0.391606 0.336972
0.000010 0.018367 0.000010 0.075633 0.000010 0.000010 0.117130 0.000010 0.788820
0.000010 0.014154 0.009290 0.000010 0.000010 0.006034 0.009387 0.961095 0.000010
0.073130 0.098734 0.032001 0.000010 0.000010 0.000010 0.000010 0.175610 0.620485
0.035590 0.040285 0.045853 0.000010 0.000010 0.084560 0.150213 0.611764 0.031714
0.006447 0.084826 0.043589 0.015796 0.003799 0.014053 0.022664 0.527093 0.281732
0.035931 0.000010 0.012419 0.011806 0.000010 0.069580 0.089523 0.075563 0.705158
0.037532 0.069377 0.003020 0.000010 0.000010 0.004031 0.030658 0.734695 0.120666
0.000010 0.105245 0.016553 0.000010 0.000010 0.053608 0.000010 0.151374 0.673181
0.019470 0.023331 0.035390 0.016960 0.005628 0.009804 0.072452 0.000010 0.816955
0.044630 0.041396 0.049829 0.046960 0.000010 0.016633 0.002305 0.064551 0.733685
0.153199 0.000010 0.000010 0.026590 0.028595 0.114087 0.061376 0.302863 0.313270
0.081302 0.026048 0.000010 0.000010 0.000010 0.000010 0.107421 0.001335 0.783854
0.304830 0.000010 0.005939 0.113897 0.042045 0.209470 0.053015 0.000010 0.270785
0.000010 0.124661 0.038552 0.000010 0.000010 0.004247 0.000010 0.136012 0.696488
0.000010 0.000010 0.000223 0.011091 0.000010 0.058817 0.000010 0.598852 0.330978
0.002141 0.000010 0.000010 0.000010 0.000010 0.011162 0.021660 0.904709 0.060288
0.047306 0.000010 0.000010 0.023853 0.000010 0.045824 0.092426 0.790551 0.000010
0.000010 0.000010 0.000010 0.002690 0.000010 0.009098 0.056139 0.846392 0.085641
0.088233 0.000010 0.000010 0.000010 0.000010 0.000010 0.055605 0.036457 0.819654
0.048671 0.047642 0.022728 0.046783 0.000010 0.103425 0.224353 0.365379 0.141010
0.059894 0.018992 0.006014 0.026199 0.016110 0.076462 0.010446 0.564282 0.221601
0.000010 0.000010 0.000010 0.000010 0.786610 0.000010 0.000010 0.213320 0.000010
0.000010 0.014110 0.000010 0.023623 0.007898 0.020319 0.017543 0.763622 0.152865
0.000010 0.025433 0.016887 0.000010 0.000010 0.020744 0.063564 0.782462 0.090879
0.000010 0.000010 0.999920 0.000010 0.000010 0.000010 0.000010 0.000010 0.000010
0.000010 0.000010 0.999920 0.000010 0.000010 0.000010 0.000010 0.000010 0.000010
0.009527 0.003347 0.000010 0.018890 0.003372 0.024074 0.076090 0.154622 0.710068
0.009349 0.000010 0.031459 0.005688 0.000010 0.000010 0.000010 0.168200 0.785264
0.017999 0.000010 0.018142 0.000010 0.000010 0.031639 0.054879 0.305924 0.571386
0.000010 0.000010 0.003739 0.000010 0.000010 0.000010 0.078406 0.318462 0.599342
0.000010 0.000010 0.999920 0.000010 0.000010 0.000010 0.000010 0.000010 0.000010
0.000010 0.000011 0.999919 0.000010 0.000010 0.000010 0.000010 0.000010 0.000010
0.000083 0.023318 0.003106 0.000010 0.004036 0.056117 0.078708 0.024340 0.810280
0.000010 0.002721 0.000010 0.000010 0.000010 0.011029 0.107611 0.023816 0.854783
0.000010 0.000010 0.999919 0.000010 0.000010 0.000010 0.000010 0.000011 0.000010
0.000010 0.000010 0.999920 0.000010 0.000010 0.000010 0.000010 0.000010 0.000010
0.000012 0.000010 0.999918 0.000010 0.000010 0.000010 0.000010 0.000010 0.000010
0.114322 0.061975 0.000010 0.000010 0.034504 0.000010 0.046200 0.022389 0.720580
0.000010 0.026054 0.000010 0.000010 0.000010 0.000010 0.076005 0.000010 0.897881
0.291065 0.000010 0.110808 0.095886 0.032595 0.036527 0.040690 0.187106 0.205313
0.000010 0.062853 0.042739 0.065730 0.000010 0.016686 0.093947 0.059212 0.658813
0.549524 0.000010 0.115463 0.253726 0.000010 0.006507 0.000010 0.016284 0.058465
0.000011 0.000010 0.036894 0.084420 0.001159 0.034475 0.068676 0.000010 0.774346
0.000014 0.000010 0.999916 0.000010 0.000010 0.000010 0.000010 0.000010 0.000010
0.000014 0.000010 0.001171 0.043853 0.000010 0.036036 0.044275 0.052910 0.821721
0.068508 0.021436 0.009748 0.000010 0.000010 0.000010 0.116174 0.188556 0.595548
0.039745 0.014054 0.533661 0.004778 0.000675 0.002307 0.041538 0.094425 0.268817
0.010735 0.010994 0.895214 0.000010 0.011567 0.000010 0.016858 0.018327 0.036284
0.033043 0.013918 0.000010 0.000010 0.000010 0.043008 0.077125 0.077599 0.755276
0.000010 0.000010 0.999919 0.000010 0.000010 0.000011 0.000010 0.000010 0.000010
0.000010 0.000010 0.999920 0.000010 0.000010 0.000010 0.000010 0.000010 0.000010
0.000010 0.000012 0.999918 0.000010 0.000010 0.000010 0.000010 0.000010 0.000010
0.000010 0.000010 0.999920 0.000010 0.000010 0.000010 0.000010 0.000010 0.000010
0.000010 0.000010 0.999920 0.000010 0.000010 0.000010 0.000010 0.000010 0.000010
0.000010 0.063936 0.000010 0.011349 0.000010 0.067810 0.027810 0.605203 0.223862
0.025162 0.027578 0.120467 0.021925 0.000010 0.077892 0.049817 0.579357 0.097791
0.035562 0.013127 0.138333 0.000010 0.000010 0.083560 0.000010 0.565351 0.164038
0.000010 0.000010 0.999920 0.000010 0.000010 0.000010 0.000010 0.000010 0.000010
0.619471 0.000010 0.380459 0.000010 0.000010 0.000010 0.000010 0.000010 0.000010
0.026328 0.092543 0.067514 0.023422 0.020888 0.000010 0.009206 0.403007 0.357081
0.000010 0.031302 0.007447 0.000010 0.000010 0.000010 0.024327 0.808060 0.128824
0.013856 0.055102 0.049822 0.000010 0.000010 0.045141 0.035361 0.527681 0.273017
0.000010 0.089721 0.000010 0.000010 0.014419 0.003255 0.000010 0.247924 0.644640
0.000010 0.096394 0.023547 0.000010 0.000010 0.000010 0.000010 0.199226 0.680783
0.029021 0.008641 0.006411 0.000010 0.000010 0.033853 0.024254 0.703447 0.194354
0.049409 0.101209 0.000010 0.000010 0.015995 0.000010 0.005736 0.213291 0.614331
0.000010 0.045074 0.061143 0.000010 0.018346 0.109468 0.018422 0.284162 0.463364
0.000011 0.004549 0.038433 0.000010 0.000010 0.000989 0.091493 0.719979 0.144527
0.000016 0.000010 0.050875 0.000010 0.017648 0.046071 0.163295 0.630159 0.091916
0.000010 0.075125 0.000010 0.000010 0.010464 0.027185 0.000010 0.315241 0.571945
0.000010 0.000010 0.012868 0.016531 0.024694 0.049610 0.059280 0.674319 0.162677
0.000010 0.036640 0.057238 0.000010 0.000010 0.274144 0.120480 0.275638 0.235829
0.545177 0.000010 0.000010 0.235885 0.000010 0.120452 0.098436 0.000010 0.000010
0.089358 0.234646 0.019914 0.051455 0.044461 0.000257 0.031258 0.164149 0.364502
0.010571 0.034090 0.040704 0.000010 0.034516 0.000010 0.006963 0.407818 0.465317
0.024666 0.217077 0.007236 0.000010 0.000010 0.003574 0.167745 0.419121 0.160560
0.000010 0.004004 0.000010 0.009111 0.000010 0.036512 0.104489 0.831663 0.014191
0.347419 0.000010 0.012374 0.494807 0.000010 0.019791 0.000010 0.031294 0.094285
0.371504 0.013454 0.102793 0.090267 0.051008 0.070970 0.047789 0.029648 0.222568
0.000010 0.062198 0.021425 0.000010 0.000010 0.037945 0.000010 0.610432 0.267960
0.000010 0.027340 0.001782 0.000010 0.005536 0.001490 0.089461 0.691632 0.182740
0.048231 0.000010 0.384615 0.000010 0.001364 0.000010 0.000010 0.521340 0.044410
0.048354 0.020079 0.006508 0.018926 0.021618 0.051012 0.029417 0.514502 0.289585
0.164963 0.020168 0.718124 0.061138 0.000010 0.022159 0.000010 0.013418 0.000010
0.025228 0.034452 0.041437 0.007685 0.000010 0.000010 0.000010 0.467777 0.423391
0.480953 0.039579 0.019136 0.036085 0.041014 0.061414 0.068230 0.035644 0.217945
0.000010 0.025628 0.000010 0.000010 0.006030 0.047332 0.036319 0.841048 0.043614
0.000010 0.000010 0.000010 0.000010 0.000010 0.000010 0.024593 0.975337 0.000010
0.024249 0.029524 0.000010 0.007648 0.000010 0.000010 0.064242 0.841547 0.032760
0.000010 0.000010 0.000010 0.000010 0.000010 0.000010 0.071265 0.748865 0.179810
0.066060 0.033859 0.000868 0.599385 0.168161 0.000010 0.014767 0.011369 0.105520
0.000010 0.011028 0.012098 0.000010 0.000010 0.000010 0.159318 0.000010 0.817506
0.461421 0.006267 0.000010 0.045922 0.002214 0.238648 0.245498 0.000010 0.000010
0.098516 0.000010 0.003762 0.000010 0.000010 0.000010 0.074588 0.117953 0.705141
0.000010 0.134109 0.022525 0.000010 0.000010 0.077027 0.033118 0.400127 0.333064
0.000010 0.049564 0.000010 0.000010 0.006500 0.000010 0.056200 0.018507 0.869189
0.042843 0.000010 0.000165 0.003341 0.000010 0.005013 0.117379 0.283850 0.547389
0.083899 0.000010 0.014100 0.000010 0.000010 0.000010 0.060003 0.106320 0.735638
0.442992 0.012427 0.000010 0.054872 0.000010 0.268835 0.220834 0.000010 0.000010
0.000010 0.006669 0.000010 0.000010 0.000010 0.014531 0.017683 0.823394 0.137683
0.000010 0.000010 0.000010 0.035838 0.000010 0.000010 0.000010 0.846562 0.117541
0.046939 0.103423 0.025898 0.000010 0.000010 0.042128 0.141029 0.036863 0.603700
0.000010 0.000010 0.000010 0.000010 0.000010 0.000010 0.031983 0.909047 0.058911
0.089402 0.055916 0.015015 0.000010 0.042820 0.000010 0.111311 0.051080 0.634435
0.115540 0.013430 0.000010 0.504616 0.249050 0.079671 0.012019 0.000010 0.025654
0.000010 0.000010 0.000010 0.000010 0.000010 0.000010 0.999920 0.000010 0.000010
0.000010 0.000010 0.000010 0.937945 0.053224 0.000010 0.008771 0.000010 0.000010
0.192544 0.023186 0.005621 0.528569 0.015889 0.000010 0.005948 0.000010 0.228224
0.235098 0.000010 0.366650 0.029776 0.000010 0.090238 0.022098 0.000010 0.256111
0.000010 0.000010 0.000010 0.000010 0.999920 0.000010 0.000010 0.000010 0.000010
0.000010 0.000010 0.999920 0.000010 0.000010 0.000010 0.000010 0.000010 0.000010
0.013585 0.016693 0.000010 0.000652 0.000010 0.012859 0.006635 0.669062 0.280494
0.068714 0.034870 0.006810 0.000010 0.028428 0.000010 0.074194 0.000010 0.786953
0.031151 0.036562 0.025879 0.009750 0.028593 0.045653 0.023425 0.089038 0.709949
0.076652 0.000010 0.871544 0.000010 0.000010 0.017264 0.000010 0.034490 0.000010
0.050631 0.497673 0.012146 0.014549 0.000010 0.018809 0.000010 0.359723 0.046449
0.281454 0.008236 0.067360 0.130415 0.048279 0.056900 0.043761 0.054864 0.308730
0.319845 0.000010 0.000010 0.000010 0.000010 0.038251 0.205971 0.026911 0.408983
0.068713 0.087244 0.038371 0.000010 0.000010 0.056744 0.017461 0.070054 0.661393
0.006525 0.029063 0.048289 0.000010 0.000010 0.045830 0.015589 0.107489 0.747195
0.058672 0.014248 0.067545 0.021513 0.000010 0.060330 0.138664 0.236862 0.402155
0.070128 0.063891 0.019892 0.002745 0.011378 0.000010 0.096306 0.072598 0.663053
0.158999 0.029173 0.748467 0.052775 0.000010 0.000010 0.000010 0.000010 0.010545
0.140733 0.027355 0.697312 0.072699 0.000010 0.000010 0.000010 0.031080 0.030792
0.041531 0.021258 0.825848 0.014804 0.000010 0.019916 0.000017 0.000010 0.076606
0.452766 0.000010 0.000010 0.019296 0.000010 0.097180 0.039319 0.046102 0.345308
0.357325 0.000010 0.000010 0.000010 0.000010 0.617277 0.025337 0.000010 0.000010
0.036380 0.000010 0.000010 0.614368 0.021356 0.002646 0.057964 0.000010 0.267256
0.446641 0.021628 0.000010 0.255586 0.000010 0.150734 0.074838 0.000010 0.050543
0.000010 0.000010 0.000010 0.000010 0.000010 0.000010 0.000010 0.999920 0.000010
0.000010 0.039439 0.143670 0.000010 0.004080 0.017232 0.004888 0.752558 0.038113
