0.099683 0.170457 0.729860
0.069339 0.360716 0.569945
0.037262 0.252923 0.709815
0.922465 0.051915 0.025620
0.031855 0.370045 0.598100
0.042359 0.057398 0.900243
0.446830 0.070718 0.482452
0.000506 0.000010 0.999484
0.113378 0.371485 0.515138
0.021946 0.000010 0.978044
0.019187 0.090784 0.890029
0.033526 0.288478 0.677996
0.208272 0.392385 0.399344
0.527526 0.244934 0.227540
0.007447 0.000010 0.992543
0.058809 0.297184 0.644006
0.032227 0.077399 0.890374
0.311648 0.041985 0.646367
0.041776 0.274349 0.683875
0.000010 0.999980 0.000010
0.020478 0.975878 0.003645
0.000010 0.999980 0.000010
0.009514 0.963068 0.027418
0.755938 0.139994 0.104068
0.098807 0.400883 0.500310
0.002906 0.997084 0.000010
0.081870 0.482117 0.436013
0.005654 0.994336 0.000010
0.093482 0.434170 0.472349
0.115652 0.421528 0.462820
0.051740 0.506578 0.441681
0.092154 0.396145 0.511701
0.253236 0.418058 0.328706
0.147990 0.464426 0.387584
0.050606 0.370878 0.578516
0.390986 0.135680 0.473335
0.458656 0.083585 0.457759
0.081115 0.900382 0.018503
0.106670 0.422716 0.470614
0.086211 0.488381 0.425408
0.000010 0.000010 0.999980
0.087658 0.357688 0.554653
0.033449 0.079686 0.886865
0.033823 0.032390 0.933787
0.083516 0.558994 0.357490
0.000010 0.999980 0.000010
0.000010 0.983550 0.016440
0.109051 0.720959 0.169990
0.129435 0.470150 0.400415
0.146321 0.442924 0.410755
0.109000 0.446210 0.444790
0.124139 0.535186 0.340675
0.135241 0.368961 0.495798
0.097832 0.450794 0.451374
0.139016 0.501391 0.359593
0.064249 0.417081 0.518670
0.019936 0.034873 0.945191
0.140828 0.412474 0.446697
0.100545 0.427134 0.472321
0.063519 0.038370 0.898111
0.041915 0.479031 0.479054
0.110792 0.393628 0.495580
0.042069 0.248356 0.709575
0.101950 0.448573 0.449477
0.105826 0.439899 0.454276
0.276019 0.272756 0.451225
0.399783 0.562231 0.037986
0.724329 0.190984 0.084687
0.013881 0.027687 0.958431
0.140622 0.466613 0.392764
0.135180 0.441661 0.423158
0.097511 0.426660 0.475828
0.057981 0.406575 0.535444
0.088413 0.402560 0.509026
0.096635 0.344907 0.558458
0.054112 0.502063 0.443825
0.079820 0.476181 0.443999
0.050509 0.493294 0.456197
0.046824 0.953166 0.000010
0.097888 0.409471 0.492640
0.076235 0.485909 0.437856
0.047703 0.083181 0.869115
0.045047 0.072731 0.882221
0.051391 0.460147 0.488462
0.077114 0.010440 0.912446
0.056606 0.935033 0.008361
0.014921 0.908076 0.077003
0.048438 0.092178 0.859384
0.118432 0.343446 0.538122
0.041578 0.958412 0.000010
0.022586 0.932734 0.044680
0.031107 0.899701 0.069192
0.006726 0.954493 0.038781
0.026815 0.950756 0.022428
0.077455 0.522584 0.399961
0.118947 0.514870 0.366183
0.121058 0.509652 0.369290
0.062172 0.260585 0.677243
0.059688 0.030313 0.909999
0.127444 0.550304 0.322252
0.077273 0.443886 0.478841
0.131456 0.571955 0.296590
0.060260 0.283567 0.656173
0.999980 0.000010 0.000010
0.020651 0.048036 0.931313
0.511305 0.287328 0.201367
0.061999 0.104728 0.833273
0.103768 0.386940 0.509293
0.064091 0.320025 0.615884
0.001038 0.031296 0.967667
0.122438 0.527716 0.349846
0.010541 0.128036 0.861424
0.013449 0.035822 0.950728
0.012818 0.000010 0.987172
0.050433 0.367496 0.582071
0.066768 0.136443 0.796789
0.999980 0.000010 0.000010
0.999980 0.000010 0.000010
0.011110 0.038570 0.950320
0.999980 0.000010 0.000010
0.029301 0.060151 0.910549
0.000010 0.000010 0.999980
0.999980 0.000010 0.000010
0.999980 0.000010 0.000010
0.999980 0.000010 0.000010
0.999980 0.000010 0.000010
0.868028 0.110313 0.021660
0.087944 0.369964 0.542093
0.092703 0.384262 0.523035
0.999980 0.000010 0.000010
0.206597 0.134366 0.659037
0.036623 0.063419 0.899959
0.999980 0.000010 0.000010
0.962709 0.025042 0.012249
0.999980 0.000010 0.000010
0.085102 0.396112 0.518786
0.087402 0.318290 0.594308
0.065725 0.380238 0.554037
0.091547 0.411840 0.496613
0.917424 0.000611 0.081964
0.463164 0.487385 0.049450
0.999980 0.000010 0.000010
0.999980 0.000010 0.000010
0.999980 0.000010 0.000010
0.999980 0.000010 0.000010
0.999980 0.000010 0.000010
0.999980 0.000010 0.000010
0.073520 0.358166 0.568314
0.999980 0.000010 0.000010
0.899640 0.084724 0.015637
0.000010 0.002813 0.997177
0.862082 0.089116 0.048801
0.586908 0.086754 0.326337
0.999980 0.000010 0.000010
0.999980 0.000010 0.000010
0.999980 0.000010 0.000010
0.999980 0.000010 0.000010
0.983159 0.016831 0.000010
0.999980 0.000010 0.000010
0.071031 0.443047 0.485922
0.105612 0.872651 0.021737
0.094408 0.843791 0.061801
0.099505 0.871453 0.029041
0.999980 0.000010 0.000010
0.999980 0.000010 0.000010
0.096110 0.880998 0.022891
0.088708 0.840526 0.070766
0.083291 0.836261 0.080448
0.999980 0.000010 0.000010
0.999980 0.000010 0.000010
0.151261 0.529866 0.318874
0.999980 0.000010 0.000010
0.065083 0.344031 0.590886
0.707518 0.076144 0.216338
0.704057 0.092125 0.203818
0.000010 0.141945 0.858045
0.683736 0.117127 0.199137
0.011241 0.961684 0.027075
0.137958 0.568148 0.293895
0.117274 0.176031 0.706695
0.122477 0.676698 0.200825
0.410810 0.216242 0.372948
0.441996 0.225204 0.332800
0.003326 0.023587 0.973087
0.726887 0.200249 0.072863
0.064385 0.264732 0.670883
0.064650 0.018417 0.916933
0.357161 0.045166 0.597673
0.090752 0.522894 0.386354
0.081095 0.191216 0.727689
0.055097 0.395438 0.549465
0.094839 0.721443 0.183718
0.907646 0.048390 0.043964
0.093506 0.767690 0.138804
0.098797 0.862164 0.039038
0.019069 0.237935 0.742995
0.027652 0.107069 0.865279
0.046332 0.849987 0.103681
0.042538 0.172854 0.784608
0.033103 0.052240 0.914656
0.004647 0.017871 0.977482
0.076591 0.543838 0.379571
0.145707 0.561332 0.292961
0.071839 0.162044 0.766116
0.093720 0.867015 0.039265
0.065229 0.477148 0.457622
0.107933 0.114821 0.777246
0.183652 0.697264 0.119084
0.057046 0.451195 0.491759
0.999980 0.000010 0.000010
0.072182 0.125551 0.802267
0.054530 0.107140 0.838330
0.047754 0.170223 0.782023
0.030684 0.031250 0.938066
0.139326 0.277337 0.583337
0.105576 0.380036 0.514388
0.002367 0.000010 0.997623
0.013171 0.000010 0.986819
0.084538 0.387544 0.527918
0.151902 0.000010 0.848088
0.146869 0.427929 0.425202
0.072490 0.048366 0.879145
0.057908 0.037256 0.904837
0.046785 0.534897 0.418318
0.000010 0.000010 0.999980
0.374769 0.113228 0.512004
0.024457 0.021020 0.954522
0.355813 0.050003 0.594184
0.035267 0.157685 0.807048
0.053285 0.000010 0.946705
0.045548 0.051957 0.902495
0.386144 0.206980 0.406876
0.103571 0.350722 0.545707
0.120944 0.425756 0.453300
0.259050 0.272538 0.468412
0.328229 0.258322 0.413449
0.121496 0.363915 0.514589
0.137198 0.451613 0.411189
0.272207 0.274708 0.453085
0.120706 0.431687 0.447607
0.053695 0.197473 0.748832
0.101853 0.292571 0.605576
0.087883 0.306590 0.605527
0.146780 0.565278 0.287942
0.135641 0.670045 0.194314
0.154952 0.694911 0.150137
0.139155 0.563178 0.297667
0.101006 0.269396 0.629598
0.127826 0.362763 0.509411
0.119970 0.361134 0.518895
0.228389 0.527340 0.244271
0.442468 0.259508 0.298024
0.043501 0.936884 0.019615
0.109011 0.338323 0.552666
0.022895 0.000518 0.976587
0.024908 0.043919 0.931173
0.106108 0.502653 0.391239
0.069201 0.493358 0.437442
0.008507 0.000010 0.991483
0.422581 0.102114 0.475306
0.173279 0.212038 0.614683
0.105874 0.206385 0.687741
0.022916 0.977074 0.000010
0.037454 0.121386 0.841160
0.010184 0.000010 0.989806
0.057155 0.209397 0.733449
0.043370 0.079261 0.877370
0.088842 0.162501 0.748657
0.054113 0.254166 0.691721
0.137300 0.518221 0.344479
0.038897 0.142353 0.818751
0.025431 0.072685 0.901884
0.032435 0.091570 0.875996
0.097252 0.301241 0.601508
0.007439 0.004841 0.987720
0.088623 0.310167 0.601210
0.123239 0.397635 0.479125
0.079273 0.352028 0.568698
0.117541 0.399462 0.482997
0.043644 0.282323 0.674034
0.009239 0.000010 0.990751
0.039489 0.005232 0.955278
0.011334 0.060667 0.927999
0.014138 0.007532 0.978330
0.092875 0.308587 0.598537
0.511158 0.216769 0.272073
0.101503 0.150906 0.747590
0.184161 0.093242 0.722597
0.058043 0.453728 0.488229
0.030673 0.005184 0.964143
0.054490 0.466875 0.478635
0.027933 0.046833 0.925233
0.000010 0.000010 0.999980
0.001576 0.102723 0.895701
0.119602 0.395539 0.484859
0.000010 0.000010 0.999980
0.016480 0.511407 0.472113
0.067017 0.490099 0.442884
0.035149 0.493591 0.471260
0.066738 0.532920 0.400342
0.042951 0.506775 0.450274
0.860283 0.080229 0.059488
0.053588 0.138633 0.807779
0.016739 0.000010 0.983251
0.018601 0.051012 0.930387
0.037040 0.058853 0.904108
0.000010 0.000010 0.999980
0.057599 0.509112 0.433289
0.004092 0.000010 0.995898
0.072904 0.395778 0.531318
0.999980 0.000010 0.000010
0.096634 0.519251 0.384115
0.096878 0.376407 0.526715
0.028897 0.313493 0.657610
0.096339 0.468296 0.435365
0.068558 0.589254 0.342189
0.089946 0.412622 0.497432
0.042424 0.523908 0.433668
0.075845 0.387899 0.536257
0.091440 0.409900 0.498660
0.044169 0.071446 0.884385
0.063425 0.461217 0.475358
0.069926 0.488165 0.441909
0.050647 0.485330 0.464023
0.036616 0.179895 0.783489
0.000010 0.000010 0.999980
0.101594 0.442377 0.456029
0.929204 0.018564 0.052232
0.015617 0.025686 0.958697
0.000010 0.000010 0.999980
0.076068 0.427196 0.496735
0.048023 0.253276 0.698701
0.039365 0.305119 0.655516
0.083171 0.504348 0.412482
0.000010 0.000010 0.999980
0.000010 0.000010 0.999980
0.051129 0.169858 0.779013
0.055313 0.133349 0.811337
0.058239 0.941751 0.000010
0.087679 0.429672 0.482649
0.019897 0.009891 0.970212
0.080505 0.919485 0.000010
0.506912 0.235464 0.257624
0.468186 0.245266 0.286549
0.065747 0.108748 0.825504
0.056587 0.143076 0.800337
0.044796 0.068426 0.886778
0.044878 0.357641 0.597481
0.005738 0.000010 0.994252
0.000010 0.000010 0.999980
0.073389 0.376074 0.550537
0.021946 0.124719 0.853336
0.084499 0.142456 0.773045
0.025461 0.307039 0.667499
0.039163 0.093581 0.867256
0.051665 0.045340 0.902996
0.031283 0.071216 0.897501
0.023877 0.036998 0.939125
0.000010 0.000010 0.999980
0.009263 0.000010 0.990727
0.081243 0.392632 0.526126
0.093031 0.240708 0.666261
0.050347 0.551974 0.397679
0.000010 0.000010 0.999980
0.083078 0.373220 0.543702
0.078865 0.102367 0.818768
0.062127 0.158596 0.779276
0.072827 0.456599 0.470574
0.026626 0.045050 0.928324
0.056691 0.322763 0.620547
0.093349 0.487779 0.418872
0.093903 0.452446 0.453652
0.045578 0.345952 0.608470
0.057581 0.487094 0.455325
0.122648 0.584805 0.292547
0.084899 0.351029 0.564072
0.021336 0.134845 0.843819
0.015039 0.000010 0.984951
0.017292 0.057100 0.925608
0.000010 0.029897 0.970093
0.054124 0.462317 0.483558
0.071105 0.263205 0.665690
0.034890 0.189081 0.776029
0.032400 0.726170 0.241430
0.008734 0.070642 0.920624
0.030407 0.037159 0.932434
0.999980 0.000010 0.000010
0.999975 0.000015 0.000010
0.044787 0.396108 0.559105
0.075434 0.381828 0.542737
0.053036 0.314430 0.632534
0.047938 0.291653 0.660410
0.999980 0.000010 0.000010
0.999979 0.000011 0.000010
0.062364 0.469599 0.468037
0.056400 0.459384 0.484216
0.999980 0.000010 0.000010
0.999980 0.000010 0.000010
0.999980 0.000010 0.000010
0.068793 0.483048 0.448160
0.043870 0.503239 0.452891
0.193400 0.407066 0.399535
0.086537 0.477269 0.436194
0.227920 0.563950 0.208130
0.090713 0.543000 0.366288
0.999980 0.000010 0.000010
0.058760 0.484677 0.456563
0.061584 0.345290 0.593126
0.562686 0.170105 0.267210
0.903499 0.030436 0.066065
0.048200 0.439727 0.512074
0.999980 0.000010 0.000010
0.999980 0.000010 0.000010
0.999980 0.000010 0.000010
0.999980 0.000010 0.000010
0.999980 0.000010 0.000010
0.010848 0.144361 0.844792
0.141445 0.104604 0.753951
0.161700 0.084743 0.753557
0.999980 0.000010 0.000010
0.568309 0.154883 0.276808
0.102468 0.244075 0.653457
0.014464 0.027781 0.957755
0.073941 0.141994 0.784064
0.032845 0.336425 0.630730
0.058704 0.318917 0.622379
0.026823 0.082336 0.890841
0.027923 0.347448 0.624628
0.101623 0.269387 0.628989
0.043834 0.038022 0.918145
0.074769 0.088658 0.836573
0.008245 0.269364 0.722391
0.030363 0.114969 0.854668
0.111360 0.248455 0.640186
0.147627 0.633821 0.218552
0.081720 0.413438 0.504842
0.063604 0.249217 0.687180
0.043959 0.222621 0.733420
0.007443 0.028641 0.963916
0.086330 0.724002 0.189668
0.211462 0.488424 0.300114
0.038815 0.127260 0.833925
0.022688 0.062698 0.914614
0.397081 0.020511 0.582408
0.036397 0.208206 0.755397
0.763921 0.159714 0.076365
0.064498 0.206841 0.728661
0.150325 0.509309 0.340366
0.000010 0.031212 0.968778
0.000097 0.000010 0.999893
0.000010 0.027922 0.972068
0.001292 0.072798 0.925910
0.030638 0.879700 0.089662
0.074423 0.493913 0.431664
0.140772 0.567552 0.291676
0.068455 0.372498 0.559047
0.062540 0.200480 0.736980
0.029661 0.464133 0.506206
0.046757 0.337557 0.615686
0.075239 0.423551 0.501210
0.129579 0.571447 0.298974
0.000227 0.025378 0.974395
0.003001 0.049760 0.947239
0.084935 0.409408 0.505657
0.000010 0.000010 0.999980
0.078119 0.427214 0.494667
0.050490 0.883551 0.065959
0.069332 0.424896 0.505772
0.000010 0.999980 0.000010
0.071811 0.807614 0.120575
0.448634 0.334375 0.216991
0.053112 0.937346 0.009542
0.999980 0.000010 0.000010
0.005450 0.119845 0.874705
0.067201 0.491043 0.441756
0.077855 0.429065 0.493080
0.906778 0.026338 0.066884
0.082804 0.272529 0.644666
0.157867 0.516797 0.325336
0.086783 0.479814 0.433403
0.104965 0.424019 0.471015
0.100801 0.379516 0.519683
0.124725 0.312511 0.562764
0.084234 0.435452 0.480314
0.791401 0.142025 0.066573
0.744188 0.159134 0.096678
0.849122 0.088876 0.062002
0.111804 0.469414 0.418782
0.141298 0.583730 0.274972
0.016665 0.871854 0.111481
0.100244 0.610514 0.289242
0.000010 0.000010 0.999980
0.144834 0.004826 0.850340
0.037027 0.188728 0.774245
0.100614 0.118633 0.780752
0.049081 0.447444 0.503475
0.000010 0.000010 0.999980
0.016853 0.000010 0.983137
0.729595 0.176740 0.093665
0.793765 0.127927 0.078308
0.000010 0.000010 0.999980
0.108079 0.405468 0.486453
0.026635 0.048695 0.924670
0.055345 0.109982 0.834673
0.092110 0.396633 0.511256
0.894541 0.045200 0.060259
0.371968 0.076080 0.551952
0.281908 0.489164 0.228928
0.072314 0.084610 0.843076
0.063762 0.327518 0.608719
0.073759 0.110573 0.815668
0.911324 0.023982 0.064694
0.000010 0.009243 0.990747
0.047805 0.153181 0.799014
0.081962 0.229924 0.688114
0.022868 0.159614 0.817518
0.122134 0.710540 0.167326
0.141960 0.568302 0.289738
0.131021 0.723660 0.145319
0.074905 0.496105 0.428991
0.071108 0.437531 0.491361
0.113452 0.834793 0.051755
0.131619 0.868371 0.000010
0.092110 0.455700 0.452190
0.125666 0.874324 0.000010
0.067072 0.671979 0.260948
0.051367 0.844830 0.103803
0.093720 0.460737 0.445543
0.093589 0.398361 0.508050
0.078198 0.408989 0.512813
0.078161 0.372999 0.548840
0.072849 0.395655 0.531496
0.083659 0.404422 0.511920
0.116297 0.399903 0.483799
0.073848 0.410066 0.516087
0.060991 0.423817 0.515191
0.043386 0.925620 0.030994
0.028590 0.938779 0.032631
0.105611 0.894379 0.000010
0.000010 0.000010 0.999980
0.155001 0.844989 0.000010
0.134181 0.303277 0.562542
0.108684 0.835652 0.055664
0.059701 0.940289 0.000010
0.025754 0.960261 0.013984
0.029880 0.932888 0.037232
0.053035 0.931321 0.015644
0.011486 0.923033 0.065481
0.000010 0.994192 0.005798
0.025019 0.051446 0.923535
0.069626 0.385281 0.545093
0.081572 0.427499 0.490930
0.032267 0.967723 0.000010
0.000010 0.000010 0.999980
0.086785 0.430107 0.483108
0.083896 0.442962 0.473141
0.000010 0.000010 0.999980
0.092971 0.443379 0.463650
0.000010 0.972607 0.027383
0.111276 0.438960 0.449764
0.098062 0.402307 0.499632
0.092302 0.437433 0.470265
0.000010 0.987839 0.012151
0.080542 0.389179 0.530278
0.119795 0.104737 0.775469
0.068554 0.888191 0.043254
0.045661 0.892543 0.061796
0.037888 0.836346 0.125766
0.999980 0.000010 0.000010
0.919803 0.045346 0.034851
0.031824 0.968166 0.000010
0.084808 0.883138 0.032054
0.000010 0.999980 0.000010
0.027721 0.972269 0.000010
0.000010 0.999980 0.000010
0.000010 0.999980 0.000010
0.007825 0.992165 0.000010
0.063940 0.874619 0.061442
0.064755 0.839544 0.095701
0.042156 0.835595 0.122249
0.014952 0.985038 0.000010
0.022853 0.861622 0.115525
0.219364 0.451890 0.328746
0.000010 0.158444 0.841546
0.080580 0.463480 0.455940
0.108583 0.378756 0.512661
0.099130 0.397852 0.503018
0.157302 0.706735 0.135963
0.255817 0.502420 0.241763
0.089220 0.290889 0.619891
0.120460 0.387499 0.492041
0.130225 0.710145 0.159629
0.028312 0.000010 0.971678
0.000010 0.999980 0.000010
0.082310 0.869766 0.047923
0.000010 0.999980 0.000010
0.092308 0.434648 0.473043
0.055858 0.944132 0.000010
0.011888 0.983463 0.004649
0.016840 0.953690 0.029470
0.000473 0.961561 0.037967
0.000010 0.990206 0.009784
0.005491 0.994499 0.000010
0.122193 0.368137 0.509669
0.067327 0.447642 0.485031
0.124748 0.668866 0.206385
0.119699 0.701000 0.179301
0.067882 0.428602 0.503516
0.021293 0.106521 0.872186
0.059605 0.052523 0.887872
0.010480 0.011174 0.978346
0.000010 0.999980 0.000010
0.061907 0.018292 0.919801
0.005087 0.994903 0.000010
0.000010 0.999980 0.000010
0.031859 0.956137 0.012005
0.003579 0.967452 0.028969
0.007533 0.992457 0.000010
0.029925 0.970065 0.000010
0.103362 0.325440 0.571199
0.109408 0.295093 0.595500
0.093154 0.579317 0.327529
0.459619 0.411457 0.128923
0.620523 0.291168 0.088309
0.594889 0.307738 0.097373
0.038784 0.164926 0.796290
0.030094 0.969896 0.000010
0.000010 0.999980 0.000010
0.000010 0.999980 0.000010
0.486874 0.351748 0.161378
0.531448 0.327749 0.140804
0.113797 0.337116 0.549086
0.117494 0.336456 0.546050
0.591020 0.310849 0.098131
0.113914 0.313337 0.572750
0.367084 0.212110 0.420806
0.481356 0.364837 0.153807
0.429945 0.231713 0.338342
0.120578 0.309783 0.569638
0.099615 0.319055 0.581330
0.105820 0.422236 0.471944
0.065308 0.840142 0.094550
0.000010 0.999980 0.000010
0.036725 0.904035 0.059239
0.030979 0.943415 0.025606
0.055496 0.320008 0.624496
0.102938 0.294532 0.602530
0.048501 0.144396 0.807103
0.099551 0.460054 0.440395
0.999980 0.000010 0.000010
0.446219 0.489057 0.064724
0.052144 0.354555 0.593300
0.058028 0.365766 0.576206
0.067284 0.718805 0.213911
0.084836 0.509559 0.405605
0.757516 0.128844 0.113640
0.078700 0.464641 0.456659
0.111088 0.421148 0.467764
0.065733 0.437303 0.496964
0.000010 0.000010 0.999980
0.000010 0.000010 0.999980
0.043982 0.013038 0.942981
0.999980 0.000010 0.000010
0.999979 0.000011 0.000010
0.069372 0.898147 0.032481
0.145382 0.835463 0.019155
0.244068 0.701315 0.054617
0.000010 0.000010 0.999980
0.092007 0.907983 0.000010
0.126883 0.865689 0.007428
0.105129 0.873134 0.021737
0.066922 0.927293 0.005785
0.115837 0.465631 0.418532
0.225964 0.552678 0.221358
0.127499 0.636147 0.236354
0.089117 0.701981 0.208902
0.185843 0.468898 0.345258
0.070289 0.735861 0.193850
0.009063 0.053401 0.937537
0.000010 0.999980 0.000010
0.000010 0.999980 0.000010
0.148249 0.424067 0.427684
0.130857 0.480525 0.388618
0.000010 0.999910 0.000080
0.082700 0.264887 0.652413
0.089949 0.394207 0.515845
0.000010 0.999980 0.000010
0.091712 0.727050 0.181238
0.120550 0.423954 0.455496
0.376572 0.410137 0.213291
0.073973 0.160164 0.765862
0.811270 0.098518 0.090212
0.128943 0.336647 0.534410
0.104536 0.715755 0.179710
0.087907 0.458561 0.453533
0.000010 0.037066 0.962924
0.016009 0.027143 0.956848
0.088754 0.369999 0.541247
0.000010 0.000010 0.999980
0.045954 0.113672 0.840373
0.087931 0.404204 0.507865
0.085790 0.373283 0.540928
0.180163 0.591477 0.228359
0.031713 0.021021 0.947266
0.052274 0.443809 0.503917
0.007935 0.016237 0.975828
0.007275 0.033817 0.958908
0.087463 0.719769 0.192768
0.000010 0.999980 0.000010
0.099569 0.722035 0.178397
0.122944 0.703121 0.173936
0.070574 0.929416 0.000010
0.035951 0.964039 0.000010
0.110242 0.639747 0.250011
0.116422 0.634139 0.249439
0.780496 0.119555 0.099949
0.000010 0.999980 0.000010
0.000010 0.999980 0.000010
0.008437 0.000010 0.991553
0.141551 0.543529 0.314920
0.156701 0.585925 0.257374
0.157974 0.575679 0.266347
0.028123 0.000010 0.971867
0.000010 0.999980 0.000010
0.000010 0.999980 0.000010
0.154694 0.592626 0.252680
0.000010 0.999980 0.000010
0.011057 0.988933 0.000010
0.009258 0.957465 0.033277
0.000010 0.999980 0.000010
0.026422 0.113287 0.860291
0.000010 0.066008 0.933982
