0.068568 0.067813 0.863619
0.039216 0.223521 0.737263
0.019343 0.146969 0.833688
0.925883 0.028615 0.045502
0.016218 0.228179 0.755603
0.004245 0.003232 0.992523
0.445487 0.018793 0.535720
0.000010 0.000010 0.999980
0.086902 0.219751 0.693346
0.000010 0.000010 0.999980
0.000010 0.000010 0.999980
0.015199 0.172034 0.812767
0.189664 0.283124 0.527213
0.506391 0.151256 0.342353
0.000010 0.000010 0.999980
0.032302 0.169688 0.798010
0.025613 0.016246 0.958141
0.311259 0.000010 0.688731
0.022953 0.153168 0.823879
0.000010 0.999980 0.000010
0.000010 0.980395 0.019595
0.000010 0.999980 0.000010
0.000010 0.967190 0.032800
0.749549 0.094862 0.155589
0.067986 0.260178 0.671836
0.000010 0.999980 0.000010
0.057623 0.323559 0.618819
0.000010 0.999980 0.000010
0.075175 0.309641 0.615184
0.076712 0.295883 0.627405
0.021160 0.328353 0.650487
0.050328 0.293872 0.655800
0.256810 0.318980 0.424209
0.127931 0.348164 0.523905
0.020009 0.240037 0.739954
0.386118 0.068120 0.545762
0.441963 0.025089 0.532948
0.053277 0.932331 0.014392
0.089090 0.262222 0.648689
0.042015 0.337032 0.620952
0.000010 0.000010 0.999980
0.049874 0.244975 0.705151
0.000422 0.017265 0.982313
0.018814 0.000010 0.981176
0.092362 0.407643 0.499996
0.000010 0.999980 0.000010
0.000010 0.999980 0.000010
0.075175 0.699189 0.225636
0.107391 0.382640 0.509969
0.105146 0.346177 0.548677
0.071192 0.316480 0.612328
0.095106 0.410212 0.494682
0.103742 0.238613 0.657644
0.059515 0.347892 0.592594
0.107885 0.392388 0.499727
0.037311 0.269683 0.693006
0.000010 0.000010 0.999980
0.107744 0.270721 0.621534
0.062630 0.270737 0.666634
0.054051 0.000010 0.945939
0.010714 0.353965 0.635321
0.073551 0.291101 0.635348
0.006797 0.158107 0.835096
0.075513 0.319874 0.604613
0.084834 0.310142 0.605024
0.271355 0.177910 0.550735
0.370566 0.629424 0.000010
0.720439 0.126165 0.153396
0.000010 0.000010 0.999980
0.119705 0.341347 0.538948
0.113224 0.353932 0.532843
0.080043 0.281087 0.638870
0.032163 0.266965 0.700872
0.074268 0.291341 0.634392
0.053144 0.201701 0.745155
0.026665 0.334442 0.638892
0.082798 0.346819 0.570383
0.018532 0.343225 0.638243
0.025538 0.974452 0.000010
0.076263 0.251691 0.672046
0.044142 0.358190 0.597668
0.000475 0.012320 0.987205
0.026428 0.000010 0.973562
0.009923 0.323859 0.666218
0.062555 0.000010 0.937435
0.024129 0.975861 0.000010
0.004285 0.909971 0.085744
0.026983 0.000010 0.973007
0.082931 0.218666 0.698403
0.032393 0.964258 0.003349
0.000010 0.935628 0.064362
0.008808 0.926793 0.064398
0.000010 0.952712 0.047278
0.000010 0.967767 0.032223
0.070444 0.422472 0.507084
0.089388 0.410732 0.499880
0.114578 0.422453 0.462969
0.038288 0.159495 0.802217
0.031883 0.000010 0.968107
0.103895 0.443607 0.452498
0.032356 0.252349 0.715295
0.110742 0.447029 0.442229
0.034695 0.127571 0.837735
0.999980 0.000010 0.000010
0.002564 0.000010 0.997426
0.503213 0.223025 0.273762
0.030139 0.000010 0.969851
0.070422 0.227479 0.702099
0.059364 0.181885 0.758751
0.000010 0.000010 0.999980
0.057971 0.449666 0.492363
0.000010 0.028828 0.971162
0.000010 0.000010 0.999980
0.000010 0.000010 0.999980
0.014024 0.220192 0.765783
0.039376 0.010879 0.949745
0.999980 0.000010 0.000010
0.999980 0.000010 0.000010
0.000011 0.000010 0.999979
0.999980 0.000010 0.000010
0.010484 0.008918 0.980597
0.000010 0.000010 0.999980
0.999980 0.000010 0.000010
0.999980 0.000010 0.000010
0.999980 0.000010 0.000010
0.999980 0.000010 0.000010
0.874106 0.064566 0.061328
0.054900 0.228597 0.716503
0.058235 0.247145 0.694620
0.999980 0.000010 0.000010
0.207441 0.051378 0.741181
0.024026 0.000010 0.975964
0.999980 0.000010 0.000010
0.968943 0.019954 0.011104
0.999980 0.000010 0.000010
0.039374 0.245289 0.715337
0.042188 0.186871 0.770941
0.040692 0.252695 0.706613
0.070365 0.252725 0.676910
0.917412 0.000010 0.082578
0.455466 0.531019 0.013515
0.999980 0.000010 0.000010
0.999980 0.000010 0.000010
0.999980 0.000010 0.000010
0.999980 0.000010 0.000010
0.999980 0.000010 0.000010
0.999980 0.000010 0.000010
0.038195 0.256267 0.705538
0.999973 0.000017 0.000010
0.901005 0.059779 0.039216
0.000010 0.000010 0.999980
0.862547 0.053620 0.083833
0.603568 0.037287 0.359144
0.999980 0.000010 0.000010
0.999980 0.000010 0.000010
0.999980 0.000010 0.000010
0.999980 0.000010 0.000010
0.985929 0.012828 0.001243
0.999980 0.000010 0.000010
0.047070 0.268180 0.684750
0.055707 0.862805 0.081488
0.073151 0.846471 0.080379
0.072117 0.880826 0.047057
0.999980 0.000010 0.000010
0.999974 0.000016 0.000010
0.066024 0.886918 0.047058
0.074036 0.842426 0.083538
0.062942 0.832142 0.104916
0.999980 0.000010 0.000010
0.999974 0.000016 0.000010
0.099555 0.420937 0.479509
0.999980 0.000010 0.000010
0.035641 0.206209 0.758150
0.727934 0.173831 0.098235
0.719497 0.183145 0.097358
0.001256 0.034286 0.964458
0.706746 0.212348 0.080906
0.000213 0.952483 0.047305
0.085815 0.467123 0.447062
0.132220 0.080368 0.787412
0.090148 0.649129 0.260723
0.426711 0.096432 0.476857
0.442966 0.120824 0.436210
0.000010 0.000010 0.999980
0.719839 0.142987 0.137174
0.021430 0.163787 0.814783
0.068262 0.000010 0.931728
0.351727 0.000010 0.648263
0.068851 0.357667 0.573483
0.071035 0.077637 0.851329
0.055292 0.221332 0.723376
0.062649 0.716881 0.220470
0.914302 0.039155 0.046543
0.064411 0.746778 0.188811
0.076393 0.870137 0.053470
0.011351 0.120256 0.868392
0.000448 0.027858 0.971694
0.000010 0.818051 0.181939
0.029099 0.104403 0.866498
0.000010 0.021738 0.978252
0.000010 0.000010 0.999980
0.055878 0.449412 0.494710
0.105200 0.411800 0.483001
0.035955 0.082540 0.881505
0.073736 0.864186 0.062077
0.026301 0.360423 0.613277
0.099637 0.035016 0.865346
0.158027 0.708543 0.133430
0.029371 0.301519 0.669111
0.999980 0.000010 0.000010
0.041489 0.043073 0.915438
0.042276 0.010878 0.946846
0.034547 0.076611 0.888842
0.000014 0.000010 0.999976
0.145968 0.157908 0.696123
0.108216 0.244677 0.647107
0.000010 0.000010 0.999980
0.004634 0.000010 0.995356
0.075034 0.270976 0.653990
0.124240 0.000010 0.875750
0.118708 0.282153 0.599138
0.051862 0.019798 0.928340
0.000010 0.000010 0.999980
0.014087 0.399529 0.586384
0.000010 0.000010 0.999980
0.383071 0.037879 0.579051
0.002528 0.000010 0.997462
0.356009 0.000010 0.643981
0.027234 0.050966 0.921800
0.035431 0.000010 0.964559
0.010174 0.000010 0.989816
0.403635 0.105145 0.491220
0.071484 0.216651 0.711866
0.099461 0.306293 0.594245
0.252745 0.154070 0.593186
0.326447 0.149669 0.523884
0.088524 0.222687 0.688789
0.097470 0.327516 0.575014
0.271084 0.171990 0.556926
0.091944 0.310801 0.597256
0.032593 0.117510 0.849897
0.074721 0.174344 0.750935
0.064789 0.190967 0.744244
0.092600 0.451364 0.456036
0.097283 0.665260 0.237456
0.135579 0.681817 0.182604
0.101339 0.425454 0.473206
0.074113 0.157463 0.768424
0.105455 0.241685 0.652860
0.094476 0.256598 0.648926
0.223447 0.549621 0.226932
0.438087 0.322316 0.239598
0.009721 0.922707 0.067572
0.092911 0.223143 0.683946
0.000010 0.000010 0.999980
0.000010 0.000010 0.999980
0.052935 0.324980 0.622085
0.030991 0.366394 0.602615
0.000010 0.000010 0.999980
0.424933 0.008308 0.566759
0.184146 0.104981 0.710873
0.088915 0.098672 0.812413
0.002566 0.997424 0.000010
0.023390 0.000010 0.976600
0.000010 0.000010 0.999980
0.043686 0.108303 0.848011
0.019883 0.008044 0.972072
0.045549 0.053239 0.901212
0.031487 0.134017 0.834496
0.064401 0.414010 0.521589
0.018195 0.051024 0.930780
0.018558 0.012212 0.969230
0.003032 0.034263 0.962705
0.066711 0.183361 0.749928
0.000010 0.000010 0.999980
0.052397 0.185550 0.762053
0.091492 0.216373 0.692135
0.060340 0.222392 0.717269
0.087348 0.262969 0.649683
0.038968 0.144298 0.816734
0.000010 0.000010 0.999980
0.004617 0.000010 0.995373
0.005492 0.000010 0.994498
0.000010 0.000010 0.999980
0.076746 0.179334 0.743920
0.521639 0.134156 0.344205
0.082587 0.043352 0.874061
0.172903 0.046792 0.780306
0.018472 0.307702 0.673826
0.000010 0.000010 0.999980
0.033854 0.299786 0.666360
0.000010 0.006949 0.993041
0.000010 0.000010 0.999980
0.000010 0.008943 0.991047
0.078628 0.278424 0.642948
0.000010 0.000010 0.999980
0.006331 0.331733 0.661936
0.045954 0.340265 0.613781
0.009744 0.341288 0.648968
0.024257 0.414954 0.560789
0.032635 0.353115 0.614250
0.858793 0.054826 0.086381
0.021690 0.056095 0.922215
0.000010 0.000010 0.999980
0.000010 0.000010 0.999980
0.023304 0.000010 0.976686
0.000010 0.000010 0.999980
0.041728 0.342534 0.615738
0.000010 0.000010 0.999980
0.042813 0.258291 0.698896
0.999980 0.000010 0.000010
0.085148 0.386400 0.528452
0.049007 0.227802 0.723191
0.004502 0.163705 0.831793
0.067470 0.336236 0.596295
0.025688 0.458719 0.515592
0.063038 0.271718 0.665244
0.003421 0.385690 0.610889
0.046121 0.266592 0.687286
0.082070 0.285661 0.632270
0.034546 0.000010 0.965444
0.032134 0.312316 0.655550
0.023136 0.359346 0.617518
0.017940 0.322699 0.659361
0.001205 0.085259 0.913536
0.000010 0.000010 0.999980
0.087046 0.276156 0.636798
0.934908 0.000010 0.065082
0.000010 0.008534 0.991456
0.000010 0.000010 0.999980
0.039430 0.307372 0.653198
0.019668 0.165465 0.814868
0.002126 0.154645 0.843229
0.047259 0.322951 0.629790
0.000010 0.000010 0.999980
0.000010 0.000010 0.999980
0.004696 0.076393 0.918911
0.028983 0.035104 0.935913
0.030403 0.969587 0.000010
0.044120 0.287066 0.668814
0.011583 0.000010 0.988407
0.038215 0.961775 0.000010
0.486151 0.168502 0.345348
0.451729 0.315433 0.232838
0.042557 0.024083 0.933360
0.010632 0.081629 0.907740
0.053116 0.000010 0.946874
0.034361 0.230625 0.735015
0.000014 0.000010 0.999976
0.000010 0.000010 0.999980
0.048066 0.229421 0.722513
0.000010 0.057788 0.942202
0.063129 0.053613 0.883258
0.018045 0.196631 0.785324
0.011667 0.015016 0.973318
0.020037 0.000010 0.979953
0.015258 0.000010 0.984732
0.000010 0.000010 0.999980
0.000010 0.000010 0.999980
0.000010 0.000010 0.999980
0.066799 0.231310 0.701891
0.072600 0.099866 0.827534
0.019108 0.374695 0.606198
0.000010 0.000010 0.999980
0.052835 0.241548 0.705616
0.055541 0.043377 0.901082
0.038251 0.055201 0.906548
0.047166 0.307821 0.645013
0.013512 0.000010 0.986478
0.043144 0.184521 0.772335
0.050541 0.339509 0.609951
0.054823 0.273383 0.671794
0.042381 0.234846 0.722773
0.034815 0.319873 0.645312
0.065442 0.488171 0.446387
0.057360 0.198399 0.744241
0.000010 0.049586 0.950404
0.000010 0.000010 0.999980
0.008761 0.012335 0.978903
0.000010 0.000010 0.999980
0.029641 0.330599 0.639760
0.044794 0.166613 0.788593
0.003405 0.078208 0.918388
0.004721 0.741960 0.253319
0.003137 0.013177 0.983686
0.004865 0.000010 0.995125
0.999970 0.000020 0.000010
0.999980 0.000010 0.000010
0.030342 0.256269 0.713389
0.035586 0.225954 0.738459
0.015767 0.158872 0.825361
0.036576 0.158122 0.805302
0.999980 0.000010 0.000010
0.999980 0.000010 0.000010
0.037049 0.320820 0.642132
0.023726 0.322911 0.653363
0.999980 0.000010 0.000010
0.999980 0.000010 0.000010
0.999980 0.000010 0.000010
0.040794 0.372801 0.586405
0.019124 0.351558 0.629318
0.161213 0.316896 0.521891
0.046146 0.354943 0.598911
0.212412 0.515891 0.271698
0.063688 0.409663 0.526649
0.999980 0.000010 0.000010
0.030961 0.331478 0.637562
0.035339 0.219250 0.745411
0.571692 0.080701 0.347607
0.911825 0.000010 0.088165
0.010009 0.294934 0.695057
0.999980 0.000010 0.000010
0.999980 0.000010 0.000010
0.999980 0.000010 0.000010
0.999980 0.000010 0.000010
0.999980 0.000010 0.000010
0.005254 0.056664 0.938082
0.144534 0.033811 0.821656
0.149848 0.012792 0.837360
0.999980 0.000010 0.000010
0.574190 0.240398 0.185412
0.073626 0.147975 0.778399
0.000010 0.000010 0.999980
0.063367 0.033923 0.902709
0.022722 0.218489 0.758789
0.022534 0.178504 0.798962
0.014120 0.001106 0.984774
0.009606 0.204719 0.785675
0.072220 0.138301 0.789479
0.021051 0.000010 0.978939
0.017734 0.032031 0.950235
0.021002 0.133534 0.845464
0.019575 0.000373 0.980052
0.096774 0.144205 0.759021
0.088736 0.525964 0.385300
0.064001 0.285522 0.650477
0.028974 0.133443 0.837582
0.036909 0.119488 0.843603
0.000010 0.000010 0.999980
0.055954 0.698200 0.245846
0.201032 0.398010 0.400958
0.014145 0.052250 0.933604
0.000010 0.000010 0.999980
0.392583 0.000010 0.607407
0.020825 0.095798 0.883377
0.752669 0.129136 0.118195
0.015489 0.106315 0.878196
0.145163 0.377063 0.477774
0.000010 0.000010 0.999980
0.000010 0.000010 0.999980
0.000010 0.000010 0.999980
0.000010 0.000010 0.999980
0.002301 0.865452 0.132248
0.018895 0.368290 0.612814
0.100918 0.413555 0.485527
0.044423 0.222011 0.733565
0.029780 0.098155 0.872065
0.002786 0.322176 0.675038
0.031097 0.176424 0.792479
0.044651 0.276809 0.678540
0.081945 0.435144 0.482911
0.003043 0.000010 0.996947
0.000010 0.000010 0.999980
0.055903 0.253479 0.690618
0.000010 0.000010 0.999980
0.057206 0.282962 0.659832
0.039346 0.867148 0.093506
0.041287 0.305797 0.652916
0.000010 0.999980 0.000010
0.036597 0.788856 0.174546
0.443250 0.247168 0.309582
0.016194 0.983796 0.000010
0.999980 0.000010 0.000010
0.000010 0.024297 0.975693
0.026040 0.375249 0.598712
0.052150 0.316389 0.631462
0.899750 0.000010 0.100240
0.049781 0.138775 0.811444
0.157800 0.414776 0.427424
0.081859 0.323631 0.594510
0.072913 0.281628 0.645460
0.069076 0.259416 0.671508
0.069159 0.219532 0.711309
0.049493 0.312070 0.638437
0.787166 0.118623 0.094211
0.732449 0.133254 0.134297
0.849843 0.088292 0.061864
0.102357 0.357559 0.540084
0.100296 0.475444 0.424259
0.000010 0.827168 0.172822
0.060473 0.520139 0.419388
0.000010 0.000010 0.999980
0.138484 0.000010 0.861506
0.017252 0.046378 0.936370
0.077114 0.018982 0.903904
0.004927 0.268935 0.726138
0.000010 0.000010 0.999980
0.000010 0.000010 0.999980
0.732808 0.132304 0.134888
0.786164 0.099858 0.113978
0.000010 0.000010 0.999980
0.063482 0.302142 0.634376
0.000010 0.000010 0.999980
0.052237 0.031703 0.916060
0.060524 0.239564 0.699912
0.889164 0.024004 0.086832
0.366088 0.000010 0.633902
0.257738 0.408514 0.333748
0.050074 0.009971 0.939955
0.064228 0.173067 0.762705
0.046288 0.004281 0.949431
0.915981 0.000010 0.084009
0.000010 0.000010 0.999980
0.023988 0.037112 0.938900
0.049891 0.100194 0.849915
0.000010 0.090891 0.909099
0.080404 0.706174 0.213423
0.109798 0.403446 0.486756
0.093529 0.722737 0.183734
0.054147 0.343506 0.602346
0.036045 0.275671 0.688284
0.097902 0.902088 0.000010
0.112926 0.887064 0.000010
0.052257 0.329656 0.618087
0.084644 0.915346 0.000010
0.025364 0.629522 0.345114
0.012318 0.826904 0.160778
0.050992 0.295474 0.653534
0.059763 0.265648 0.674589
0.054325 0.250956 0.694719
0.035969 0.259495 0.704536
0.048590 0.281533 0.669877
0.046236 0.308941 0.644823
0.079407 0.272401 0.648192
0.017668 0.276337 0.705995
0.023177 0.270275 0.706548
0.026370 0.940686 0.032944
0.004496 0.947912 0.047592
0.072082 0.927908 0.000010
0.000010 0.000010 0.999980
0.119561 0.880429 0.000010
0.120821 0.165782 0.713397
0.089759 0.892007 0.018235
0.036096 0.963894 0.000010
0.027940 0.957436 0.014624
0.017895 0.948574 0.033531
0.029888 0.954743 0.015369
0.000010 0.927654 0.072336
0.000010 0.999980 0.000010
0.002488 0.000010 0.997502
0.039779 0.232975 0.727245
0.034629 0.252127 0.713244
0.004367 0.965625 0.030008
0.000010 0.000010 0.999980
0.042150 0.262710 0.695139
0.049070 0.309432 0.641498
0.000010 0.000010 0.999980
0.060128 0.282891 0.656980
0.000010 0.972506 0.027484
0.081915 0.321130 0.596956
0.052931 0.280518 0.666551
0.068248 0.268693 0.663059
0.000010 0.999980 0.000010
0.042487 0.254710 0.702803
0.100730 0.050792 0.848478
0.036212 0.860419 0.103369
0.009061 0.885139 0.105799
0.015114 0.826165 0.158721
0.999980 0.000010 0.000010
0.922896 0.011667 0.065438
0.021441 0.971492 0.007066
0.059137 0.902423 0.038440
0.000010 0.999980 0.000010
0.000019 0.999971 0.000010
0.000010 0.999980 0.000010
0.000010 0.999980 0.000010
0.000010 0.999980 0.000010
0.032406 0.902171 0.065423
0.051682 0.845501 0.102818
0.013439 0.833614 0.152947
0.003547 0.996443 0.000010
0.000010 0.848584 0.151406
0.209377 0.313502 0.477121
0.000010 0.095693 0.904297
0.030725 0.303070 0.666205
0.062826 0.224474 0.712700
0.043797 0.262388 0.693815
0.125369 0.702686 0.171944
0.240344 0.431727 0.327929
0.048833 0.184635 0.766532
0.079169 0.288889 0.631942
0.084578 0.685617 0.229804
0.002148 0.000010 0.997842
0.000010 0.999980 0.000010
0.055237 0.892568 0.052195
0.000010 0.999980 0.000010
0.063644 0.273683 0.662673
0.034893 0.965097 0.000010
0.000010 0.970635 0.029355
0.000010 0.950703 0.049287
0.000010 0.979220 0.020770
0.000010 0.999980 0.000010
0.000010 0.999980 0.000010
0.088829 0.260981 0.650190
0.057555 0.304788 0.637656
0.088443 0.671908 0.239649
0.085080 0.703785 0.211135
0.039188 0.302009 0.658802
0.024105 0.029945 0.945951
0.050022 0.001291 0.948687
0.000010 0.000010 0.999980
0.000010 0.999980 0.000010
0.029143 0.000010 0.970847
0.000010 0.992786 0.007204
0.000010 0.999980 0.000010
0.014078 0.977113 0.008809
0.000010 0.949897 0.050093
0.000010 0.999980 0.000010
0.005350 0.994640 0.000010
0.083286 0.198517 0.718197
0.109173 0.175757 0.715069
0.078053 0.533146 0.388801
0.468370 0.346381 0.185249
0.619550 0.229502 0.150948
0.588258 0.249084 0.162658
0.023916 0.079628 0.896456
0.003978 0.970068 0.025954
0.000010 0.999980 0.000010
0.000010 0.999980 0.000010
0.485033 0.291812 0.223155
0.519033 0.292602 0.188365
0.110604 0.198234 0.691162
0.092129 0.226295 0.681576
0.590889 0.262518 0.146594
0.105427 0.214419 0.680154
0.374992 0.127962 0.497046
0.474182 0.301776 0.224041
0.429821 0.117915 0.452264
0.110920 0.184569 0.704511
0.078095 0.188501 0.733404
0.080777 0.319592 0.599631
0.046167 0.818596 0.135236
0.000010 0.999980 0.000010
0.005591 0.901301 0.093108
0.001507 0.924383 0.074110
0.035251 0.180660 0.784090
0.072894 0.174969 0.752137
0.011903 0.082380 0.905717
0.067292 0.334382 0.598326
0.999980 0.000010 0.000010
0.457579 0.542411 0.000010
0.028247 0.232072 0.739681
0.024260 0.211716 0.764024
0.035967 0.672645 0.291388
0.064379 0.354502 0.581119
0.748280 0.090453 0.161268
0.042224 0.271691 0.686085
0.074053 0.286319 0.639628
0.001719 0.287329 0.710952
0.000010 0.000010 0.999980
0.000010 0.000010 0.999980
0.014222 0.000010 0.985768
0.999980 0.000010 0.000010
0.999980 0.000010 0.000010
0.055368 0.923170 0.021462
0.109865 0.890125 0.000010
0.214986 0.785004 0.000010
0.000010 0.000010 0.999980
0.069018 0.912434 0.018549
0.094847 0.895109 0.010044
0.072782 0.889907 0.037310
0.042400 0.914484 0.043115
0.086242 0.319350 0.594408
0.225094 0.474421 0.300485
0.097686 0.579816 0.322498
0.056593 0.697043 0.246364
0.174243 0.344245 0.481512
0.028683 0.714644 0.256673
0.000010 0.005307 0.994683
0.000010 0.999980 0.000010
0.000010 0.999980 0.000010
0.122062 0.311323 0.566614
0.081199 0.370473 0.548328
0.000010 0.999980 0.000010
0.084862 0.139894 0.775244
0.080359 0.257016 0.662625
0.000010 0.999980 0.000010
0.075937 0.712120 0.211944
0.084955 0.304302 0.610743
0.353833 0.339949 0.306218
0.053023 0.040125 0.906852
0.789825 0.074048 0.136127
0.101908 0.210004 0.688088
0.063181 0.709740 0.227080
0.048615 0.268510 0.682875
0.003221 0.000010 0.996769
0.000010 0.000010 0.999980
0.062320 0.210959 0.726721
0.000010 0.000010 0.999980
0.029015 0.024883 0.946101
0.066430 0.260680 0.672890
0.072841 0.189861 0.737298
0.172501 0.564649 0.262849
0.000010 0.000010 0.999980
0.033864 0.263284 0.702852
0.000010 0.000010 0.999980
0.000010 0.000010 0.999980
0.064011 0.701716 0.234274
0.000010 0.999980 0.000010
0.048165 0.700363 0.251472
0.082394 0.717962 0.199644
0.045027 0.954963 0.000010
0.002854 0.997136 0.000010
0.085745 0.570141 0.344114
0.080803 0.580466 0.338731
0.784098 0.088964 0.126938
0.000010 0.999980 0.000010
0.000010 0.999980 0.000010
0.000010 0.000010 0.999980
0.118049 0.432906 0.449046
0.121499 0.505343 0.373158
0.141045 0.488741 0.370215
0.000010 0.000010 0.999980
0.000010 0.999980 0.000010
0.000010 0.999980 0.000010
0.108720 0.455056 0.436224
0.000010 0.999980 0.000010
0.000010 0.999980 0.000010
0.000010 0.961734 0.038256
0.000010 0.999980 0.000010
0.000010 0.044587 0.955403
0.000010 0.002650 0.997340
