0.401245 0.000010 0.009694 0.000010 0.097798 0.000010 0.000010 0.037644 0.364244 0.000010 0.064285 0.000010 0.004633 0.000010 0.000010 0.000010 0.006208 0.014160
0.671855 0.000010 0.014837 0.017527 0.000010 0.000010 0.014814 0.000010 0.148335 0.000010 0.002211 0.044045 0.046684 0.000010 0.014090 0.025523 0.000010 0.000010
0.281470 0.000010 0.000010 0.000010 0.024993 0.048970 0.000010 0.000010 0.325326 0.008435 0.000010 0.002616 0.042603 0.029420 0.213519 0.001383 0.000010 0.021195
0.000010 0.000010 0.000010 0.000010 0.000010 0.000010 0.000010 0.000010 0.000010 0.000010 0.596111 0.398305 0.000010 0.000010 0.000010 0.000010 0.005434 0.000010
0.620055 0.000010 0.066086 0.000010 0.000010 0.023368 0.007953 0.000010 0.154090 0.000010 0.000010 0.000010 0.000010 0.000010 0.053459 0.000010 0.054778 0.020113
0.136641 0.007234 0.004721 0.000010 0.041922 0.009291 0.000010 0.000010 0.697615 0.000010 0.000010 0.031074 0.013079 0.009092 0.018056 0.000010 0.031206 0.000010
0.000010 0.013055 0.000010 0.022964 0.012484 0.000010 0.000010 0.280030 0.220854 0.000010 0.274551 0.168608 0.000010 0.007354 0.000010 0.000010 0.000010 0.000010
0.014346 0.040088 0.000010 0.000010 0.000010 0.000010 0.055457 0.000010 0.878888 0.000010 0.011091 0.000010 0.000010 0.000010 0.000010 0.000010 0.000010 0.000010
0.584722 0.000010 0.016117 0.000010 0.158954 0.014166 0.052269 0.000010 0.013347 0.000010 0.037612 0.039334 0.000010 0.000010 0.009159 0.000010 0.017296 0.056954
0.094274 0.000010 0.000010 0.000010 0.007286 0.000010 0.055746 0.000010 0.801941 0.000010 0.003274 0.012783 0.000010 0.004038 0.000010 0.000010 0.000010 0.020557
0.162689 0.000010 0.000010 0.006058 0.018078 0.019100 0.052559 0.000010 0.534417 0.000010 0.000010 0.000010 0.023524 0.000010 0.000010 0.000010 0.000010 0.183475
0.333265 0.022870 0.000010 0.028645 0.148817 0.016189 0.000010 0.000010 0.296844 0.009199 0.001618 0.000010 0.006488 0.000010 0.092820 0.000010 0.000010 0.043176
0.099429 0.037589 0.000010 0.000010 0.272431 0.000010 0.042385 0.020584 0.000010 0.016470 0.000010 0.161143 0.000010 0.088706 0.106982 0.000010 0.154200 0.000010
0.009107 0.019004 0.000010 0.000010 0.302196 0.016141 0.002031 0.034809 0.000010 0.000010 0.269629 0.264362 0.000010 0.034567 0.015029 0.000010 0.021497 0.011570
0.033977 0.000010 0.000010 0.000010 0.000010 0.000010 0.006312 0.004785 0.858887 0.000010 0.000010 0.022540 0.008338 0.000010 0.000010 0.014391 0.000010 0.050670
0.381634 0.000010 0.000010 0.000010 0.050195 0.000010 0.010956 0.040347 0.288167 0.011098 0.005255 0.000010 0.038375 0.036481 0.065151 0.029881 0.042401 0.000010
0.145099 0.000010 0.048712 0.000010 0.017235 0.000010 0.020391 0.029621 0.634778 0.000010 0.012498 0.000010 0.000010 0.019196 0.060238 0.000010 0.000010 0.012152
0.000010 0.038098 0.000010 0.000010 0.000010 0.000010 0.000010 0.205958 0.407068 0.000010 0.174498 0.126527 0.000010 0.016794 0.016246 0.000010 0.000010 0.014711
0.000010 0.046558 0.000010 0.000010 0.000010 0.000010 0.652153 0.001247 0.249318 0.000010 0.000010 0.000010 0.000010 0.017705 0.000010 0.000010 0.000010 0.032900
0.000010 0.004309 0.052296 0.000010 0.000010 0.000010 0.000010 0.000010 0.000010 0.045626 0.000010 0.000010 0.000010 0.000010 0.000010 0.887622 0.010017 0.000010
0.000010 0.009936 0.031964 0.000010 0.000010 0.000010 0.000010 0.000010 0.017238 0.000010 0.000010 0.005164 0.000010 0.001735 0.000010 0.933843 0.000010 0.000010
0.000010 0.000010 0.000010 0.000010 0.000010 0.000010 0.000010 0.000010 0.000010 0.000010 0.000010 0.000010 0.000010 0.000010 0.000010 0.999830 0.000010 0.000010
0.000010 0.043161 0.001194 0.000010 0.000010 0.000010 0.000010 0.000010 0.014440 0.010715 0.000010 0.000010 0.000010 0.009009 0.000010 0.921361 0.000010 0.000010
0.000010 0.000010 0.000010 0.000010 0.000010 0.000010 0.000010 0.000010 0.000010 0.000010 0.000010 0.999830 0.000010 0.000010 0.000010 0.000010 0.000010 0.000010
0.000010 0.000010 0.000010 0.000010 0.000010 0.000010 0.999830 0.000010 0.000010 0.000010 0.000010 0.000010 0.000010 0.000010 0.000010 0.000010 0.000010 0.000010
0.000010 0.000010 0.017836 0.000010 0.002644 0.000010 0.000010 0.000010 0.000010 0.042922 0.000010 0.000010 0.000010 0.007507 0.006770 0.922201 0.000010 0.000010
0.588742 0.000010 0.011597 0.033187 0.000010 0.000010 0.000010 0.000010 0.000010 0.000010 0.024603 0.009971 0.000010 0.000010 0.320084 0.011707 0.000010 0.000010
0.000010 0.000010 0.018586 0.000010 0.000010 0.000010 0.000010 0.000010 0.000010 0.006061 0.017346 0.000010 0.000010 0.000010 0.000010 0.957867 0.000010 0.000010
0.252783 0.000010 0.036515 0.000010 0.402380 0.000010 0.058293 0.000010 0.066180 0.000010 0.000010 0.028967 0.043302 0.042816 0.063186 0.000010 0.005497 0.000010
0.251026 0.000010 0.000010 0.000010 0.494288 0.000010 0.024130 0.000010 0.061076 0.000010 0.009981 0.074092 0.064620 0.020687 0.000010 0.000010 0.000010 0.000010
0.000010 0.013255 0.007773 0.000010 0.916712 0.000010 0.020025 0.000010 0.000010 0.000010 0.000010 0.000010 0.000010 0.000010 0.000010 0.000010 0.000010 0.042105
0.482795 0.000010 0.041364 0.000010 0.291410 0.000010 0.057041 0.000010 0.017031 0.013860 0.000010 0.051634 0.000010 0.038412 0.000283 0.000010 0.006090 0.000010
0.145179 0.000010 0.047206 0.054351 0.137951 0.044608 0.006755 0.000010 0.003801 0.054451 0.000010 0.185979 0.000010 0.138077 0.060730 0.000010 0.120853 0.000010
0.224913 0.025756 0.000010 0.037542 0.261749 0.000010 0.123225 0.000010 0.000010 0.000017 0.000010 0.047090 0.047887 0.098861 0.000010 0.000010 0.132880 0.000010
0.485197 0.259293 0.000010 0.000010 0.000010 0.000010 0.031195 0.041333 0.096790 0.029034 0.000010 0.003881 0.044909 0.000010 0.000010 0.000010 0.000010 0.008279
0.109753 0.000010 0.000010 0.000010 0.018959 0.006065 0.000010 0.002265 0.092949 0.003054 0.000010 0.483113 0.000010 0.000010 0.006079 0.000010 0.000010 0.277673
0.000010 0.000010 0.000010 0.000010 0.000010 0.000010 0.000010 0.000010 0.154318 0.000010 0.000010 0.602715 0.000010 0.000010 0.000010 0.000010 0.000010 0.242817
0.000010 0.000010 0.000010 0.000010 0.000010 0.000010 0.000010 0.000010 0.000010 0.982727 0.000010 0.000010 0.017113 0.000010 0.000010 0.000010 0.000010 0.000010
0.493525 0.050494 0.000010 0.000010 0.274183 0.000010 0.065995 0.000010 0.000010 0.000010 0.018745 0.001893 0.000010 0.045141 0.000010 0.000010 0.025876 0.024059
0.149027 0.000010 0.000010 0.000010 0.599532 0.004793 0.010274 0.000010 0.037138 0.000010 0.000010 0.035452 0.098868 0.005825 0.000010 0.000010 0.059001 0.000010
0.000010 0.000010 0.000010 0.000010 0.000010 0.000010 0.000010 0.000010 0.999830 0.000010 0.000010 0.000010 0.000010 0.000010 0.000010 0.000010 0.000010 0.000010
0.232926 0.000010 0.000010 0.065989 0.302053 0.029378 0.093587 0.015524 0.148644 0.000010 0.009017 0.020631 0.013889 0.026109 0.012318 0.000010 0.029885 0.000010
0.000010 0.000010 0.000010 0.000010 0.000010 0.000010 0.000010 0.000010 0.586741 0.000010 0.000010 0.000010 0.000010 0.019880 0.393229 0.000010 0.000010 0.000010
0.000010 0.000010 0.000010 0.000010 0.000010 0.000010 0.000010 0.000010 0.690293 0.000010 0.003341 0.000010 0.000010 0.000010 0.306216 0.000010 0.000010 0.000010
0.022353 0.000010 0.000010 0.000010 0.266248 0.000010 0.046995 0.000010 0.000010 0.000010 0.000010 0.000010 0.000010 0.000010 0.060558 0.000010 0.603716 0.000010
0.000010 0.000010 0.000010 0.000010 0.000010 0.000010 0.006312 0.000010 0.000010 0.312612 0.000010 0.000010 0.026524 0.000010 0.000010 0.651398 0.003024 0.000010
0.015056 0.003751 0.000010 0.011843 0.000010 0.000010 0.000010 0.000010 0.000010 0.267256 0.000010 0.000010 0.000010 0.000010 0.025692 0.676281 0.000010 0.000010
0.112603 0.003858 0.107522 0.064856 0.035921 0.000010 0.000010 0.000010 0.000010 0.185466 0.000010 0.000010 0.000010 0.133015 0.065296 0.228525 0.040816 0.022053
0.277465 0.013343 0.000945 0.068166 0.116216 0.073694 0.056174 0.007423 0.000010 0.021217 0.000010 0.037009 0.010314 0.081140 0.020634 0.000010 0.192939 0.023292
0.328182 0.014012 0.024424 0.000010 0.153552 0.000010 0.041373 0.000010 0.005483 0.000010 0.000010 0.081763 0.058146 0.039878 0.012249 0.000010 0.240866 0.000010
0.000012 0.000010 0.000010 0.000010 0.000010 0.999826 0.000010 0.000010 0.000010 0.000010 0.000010 0.000010 0.000011 0.000010 0.000011 0.000010 0.000010 0.000010
0.111842 0.000010 0.026436 0.132575 0.265227 0.013923 0.122379 0.072674 0.000010 0.022710 0.000010 0.020799 0.008511 0.068422 0.000010 0.010481 0.123970 0.000010
0.000010 0.000010 0.000010 0.000010 0.000010 0.999830 0.000010 0.000010 0.000010 0.000010 0.000010 0.000010 0.000010 0.000010 0.000010 0.000010 0.000010 0.000010
0.248083 0.032053 0.000010 0.081166 0.175853 0.001129 0.060177 0.000352 0.016187 0.009244 0.000010 0.000010 0.017918 0.092322 0.013507 0.000010 0.200753 0.051217
0.116525 0.000010 0.000010 0.000010 0.264810 0.036742 0.130419 0.006761 0.000010 0.050703 0.000010 0.047991 0.022809 0.077746 0.051020 0.000010 0.194405 0.000010
0.000010 0.999830 0.000010 0.000010 0.000010 0.000010 0.000010 0.000010 0.000010 0.000010 0.000010 0.000010 0.000010 0.000010 0.000010 0.000010 0.000010 0.000010
0.000010 0.027880 0.000010 0.006769 0.000010 0.008936 0.000010 0.000010 0.829024 0.014297 0.006086 0.000010 0.006352 0.000010 0.100555 0.000010 0.000010 0.000010
0.514254 0.006613 0.000010 0.000010 0.283012 0.000010 0.054344 0.000010 0.000010 0.000010 0.000010 0.074031 0.000010 0.062605 0.000010 0.000010 0.001505 0.003534
0.482245 0.000010 0.000010 0.000010 0.288987 0.042469 0.075124 0.042281 0.000010 0.000010 0.000010 0.056967 0.000010 0.005114 0.000010 0.000010 0.006714 0.000010
0.016623 0.016531 0.000010 0.000010 0.025787 0.036684 0.021741 0.145766 0.618333 0.000010 0.002999 0.043177 0.000010 0.000010 0.027030 0.000010 0.000010 0.045258
0.238038 0.000010 0.000010 0.000010 0.694945 0.019590 0.000010 0.000010 0.000010 0.013983 0.000010 0.000472 0.000010 0.000010 0.014281 0.000010 0.018581 0.000010
0.423302 0.028840 0.000010 0.000010 0.357818 0.000010 0.016318 0.019056 0.058443 0.000010 0.002378 0.048100 0.000010 0.045656 0.000010 0.000010 0.000010 0.000010
0.029779 0.036151 0.000010 0.000010 0.332236 0.026848 0.067778 0.000010 0.436102 0.000010 0.005899 0.000010 0.004849 0.010459 0.000010 0.037050 0.012780 0.000010
0.425331 0.000010 0.000010 0.000010 0.449437 0.000010 0.000010 0.000010 0.009794 0.017319 0.019643 0.000010 0.014520 0.063842 0.000010 0.000010 0.000014 0.000010
0.319800 0.016530 0.053288 0.000010 0.319589 0.000010 0.056456 0.046907 0.028267 0.010311 0.000010 0.044461 0.000010 0.033042 0.000010 0.000010 0.071279 0.000010
0.023852 0.080666 0.006693 0.000010 0.015264 0.050442 0.037365 0.058953 0.149955 0.044571 0.115435 0.132048 0.021113 0.009655 0.000010 0.000010 0.165575 0.088382
0.000010 0.000010 0.000010 0.000010 0.000010 0.000010 0.000010 0.000010 0.000010 0.563117 0.161951 0.110912 0.000010 0.163879 0.000010 0.000010 0.000010 0.000010
0.000010 0.021474 0.013889 0.053721 0.016658 0.000010 0.000010 0.000010 0.000010 0.005383 0.472191 0.280717 0.000010 0.000010 0.120968 0.000010 0.014910 0.000010
0.000010 0.025203 0.000010 0.000010 0.000010 0.000010 0.007318 0.027857 0.835712 0.015616 0.000010 0.030941 0.009462 0.006206 0.041595 0.000010 0.000010 0.000010
0.107556 0.016013 0.040487 0.000010 0.267471 0.000010 0.132118 0.029635 0.000010 0.000010 0.000010 0.034214 0.000010 0.096345 0.101335 0.000010 0.165333 0.009424
0.312128 0.000010 0.005734 0.086585 0.103434 0.075435 0.101384 0.000010 0.045364 0.000522 0.000010 0.030544 0.000010 0.094221 0.000010 0.014402 0.122946 0.007250
0.160697 0.023363 0.000010 0.097399 0.093835 0.056257 0.181235 0.000010 0.052991 0.000010 0.000010 0.000010 0.000010 0.056913 0.027755 0.000010 0.249476 0.000010
0.693873 0.131840 0.000010 0.008403 0.000010 0.031558 0.010383 0.041654 0.000010 0.000010 0.000010 0.000010 0.022976 0.011000 0.004758 0.000010 0.000010 0.043475
0.489710 0.000010 0.000010 0.032251 0.313244 0.027789 0.000010 0.000010 0.046673 0.004314 0.000010 0.051942 0.001580 0.010170 0.022247 0.000010 0.000010 0.000010
0.599996 0.086891 0.000010 0.019424 0.053817 0.000010 0.063470 0.032393 0.040955 0.000010 0.035904 0.000010 0.000010 0.026246 0.037126 0.000010 0.003709 0.000010
0.260309 0.022611 0.027755 0.000010 0.506401 0.000010 0.024082 0.000010 0.009976 0.019617 0.000010 0.000010 0.037021 0.042205 0.000010 0.000010 0.037232 0.012721
0.219967 0.031257 0.012403 0.000010 0.607358 0.052086 0.012597 0.000010 0.009305 0.000010 0.014293 0.010795 0.000010 0.000010 0.029859 0.000010 0.000010 0.000010
0.257134 0.026688 0.000010 0.000010 0.430966 0.031643 0.072663 0.000010 0.003695 0.036006 0.000010 0.000010 0.015929 0.033825 0.000010 0.023130 0.009572 0.058688
0.000010 0.000010 0.000010 0.000010 0.000010 0.000010 0.000010 0.000010 0.000010 0.999830 0.000010 0.000010 0.000010 0.000010 0.000010 0.000010 0.000010 0.000010
0.443320 0.000010 0.031606 0.000010 0.370468 0.019773 0.007153 0.000010 0.038765 0.000010 0.000010 0.062135 0.000010 0.018125 0.000010 0.000010 0.008565 0.000010
0.101207 0.030039 0.000010 0.000010 0.592312 0.009551 0.000010 0.000010 0.000010 0.000010 0.000010 0.029926 0.090930 0.000010 0.000010 0.000010 0.055378 0.090558
0.145930 0.000010 0.004192 0.003958 0.034824 0.003491 0.000010 0.000010 0.578950 0.010377 0.025016 0.000010 0.008876 0.009841 0.031857 0.000010 0.000010 0.142628
0.131462 0.022106 0.000010 0.059062 0.000010 0.000010 0.004287 0.000010 0.559257 0.000010 0.020517 0.005200 0.000010 0.000010 0.000010 0.000010 0.000010 0.198008
0.163364 0.722125 0.020870 0.028620 0.000010 0.000010 0.000010 0.044803 0.016150 0.000010 0.000010 0.000010 0.000010 0.000010 0.000010 0.000010 0.000010 0.003958
0.008803 0.000010 0.000010 0.000010 0.000010 0.000086 0.000010 0.179930 0.657264 0.000010 0.048825 0.000010 0.000010 0.000010 0.068414 0.000010 0.000010 0.036569
0.000010 0.000010 0.000010 0.000010 0.000010 0.000010 0.000010 0.000010 0.000010 0.999830 0.000010 0.000010 0.000010 0.000010 0.000010 0.000010 0.000010 0.000010
0.000010 0.006215 0.027973 0.071880 0.020557 0.074959 0.000010 0.000010 0.000010 0.000010 0.000010 0.000010 0.047316 0.000010 0.030106 0.697844 0.023061 0.000010
0.038315 0.043198 0.000010 0.000010 0.015302 0.000010 0.000010 0.000010 0.338893 0.000010 0.012637 0.000010 0.000010 0.000010 0.054246 0.000010 0.000010 0.497300
0.269449 0.063543 0.000010 0.000010 0.105853 0.001331 0.000010 0.000010 0.113183 0.000010 0.002696 0.000010 0.012513 0.104730 0.166538 0.000010 0.108417 0.051677
0.000010 0.000010 0.000010 0.057752 0.012674 0.046292 0.005275 0.000010 0.000010 0.058339 0.018733 0.000010 0.031259 0.005497 0.000010 0.764090 0.000010 0.000010
0.042934 0.044401 0.000010 0.028373 0.005457 0.000010 0.000010 0.000010 0.004913 0.004845 0.021998 0.000010 0.051446 0.000010 0.000010 0.795544 0.000010 0.000010
0.106623 0.000010 0.071543 0.000010 0.000010 0.034476 0.000010 0.000010 0.000010 0.008351 0.000010 0.000210 0.020864 0.029177 0.005064 0.723601 0.000010 0.000010
0.015447 0.007222 0.000010 0.033893 0.000010 0.000010 0.005993 0.000010 0.000010 0.057669 0.000010 0.000010 0.059405 0.000010 0.049848 0.770423 0.000010 0.000010
0.000010 0.000010 0.052841 0.025507 0.039270 0.025302 0.002586 0.000010 0.000010 0.008415 0.000010 0.007832 0.000010 0.000010 0.033188 0.773511 0.031468 0.000010
0.214638 0.000010 0.000010 0.000010 0.011627 0.000010 0.000010 0.074585 0.057766 0.000010 0.033618 0.000010 0.044683 0.012830 0.197885 0.241532 0.036939 0.073827
0.000010 0.000010 0.000010 0.000010 0.000010 0.000010 0.000010 0.000010 0.000010 0.000010 0.000010 0.000010 0.000010 0.000010 0.000010 0.000010 0.999830 0.000010
0.000010 0.000010 0.000010 0.000010 0.000010 0.000010 0.000010 0.000010 0.000010 0.000010 0.000010 0.000010 0.000010 0.000010 0.000010 0.000010 0.999830 0.000010
0.324686 0.000010 0.056170 0.000010 0.000010 0.000010 0.000010 0.028388 0.181650 0.000010 0.000010 0.000010 0.000010 0.040994 0.049251 0.000010 0.038752 0.280010
0.000010 0.000010 0.000010 0.000010 0.000010 0.000010 0.000010 0.083430 0.738767 0.024517 0.039564 0.019661 0.000010 0.000010 0.000010 0.017448 0.000010 0.076503
0.000010 0.000010 0.000010 0.000010 0.000010 0.000010 0.000010 0.000010 0.000010 0.000010 0.000010 0.000010 0.000010 0.000010 0.000010 0.000010 0.999830 0.000010
0.738476 0.032046 0.000010 0.000010 0.000010 0.000010 0.000010 0.000010 0.000010 0.000010 0.006918 0.000010 0.000010 0.000010 0.197801 0.000010 0.024629 0.000010
0.000010 0.000010 0.000010 0.000010 0.000010 0.000010 0.000010 0.000010 0.000010 0.000010 0.000010 0.000010 0.000010 0.000010 0.000010 0.000010 0.999830 0.000010
0.607560 0.041620 0.000010 0.000010 0.069810 0.025576 0.028430 0.020487 0.156009 0.000010 0.012760 0.000010 0.000010 0.000010 0.032689 0.000010 0.000010 0.004979
0.000018 0.000010 0.000010 0.000010 0.000010 0.000010 0.000010 0.000010 0.000010 0.000020 0.999812 0.000010 0.000010 0.000010 0.000010 0.000010 0.000010 0.000010
0.099739 0.000010 0.000010 0.000010 0.000010 0.009079 0.039512 0.000010 0.633741 0.000010 0.000010 0.000010 0.007721 0.000010 0.000010 0.000010 0.012676 0.197422
0.000010 0.000010 0.000010 0.000010 0.000010 0.000010 0.000010 0.000010 0.000010 0.000010 0.088287 0.459072 0.000010 0.000010 0.000010 0.000010 0.452492 0.000010
0.000010 0.000010 0.000010 0.000010 0.000010 0.000010 0.000010 0.000010 0.000010 0.000010 0.000010 0.000010 0.000010 0.000010 0.000010 0.000010 0.000010 0.999830
0.646594 0.053692 0.000010 0.000010 0.000010 0.012545 0.000010 0.000010 0.005900 0.011972 0.044253 0.000010 0.000010 0.000010 0.187609 0.000010 0.037336 0.000010
0.497629 0.013215 0.044987 0.000010 0.054991 0.000010 0.019936 0.021199 0.162724 0.000010 0.020194 0.000010 0.000010 0.000010 0.104223 0.000010 0.026756 0.034077
0.114955 0.000010 0.019118 0.000010 0.000010 0.000010 0.000010 0.032908 0.777747 0.000010 0.000010 0.000010 0.011518 0.000010 0.005964 0.000010 0.004166 0.033524
0.046195 0.000010 0.000010 0.114667 0.103153 0.346445 0.108602 0.000010 0.000010 0.030820 0.000010 0.003047 0.014880 0.027959 0.000010 0.000010 0.204153 0.000010
0.250911 0.018640 0.012386 0.000010 0.022305 0.000010 0.027171 0.108764 0.487252 0.000010 0.000010 0.000010 0.000010 0.000010 0.043673 0.000010 0.003670 0.025148
0.114030 0.013559 0.000010 0.000010 0.015413 0.036515 0.012048 0.012627 0.704733 0.000010 0.000010 0.014584 0.000010 0.000010 0.069104 0.000010 0.000010 0.007307
0.000010 0.000010 0.000010 0.000010 0.067949 0.000010 0.010556 0.000010 0.839841 0.000010 0.019113 0.000010 0.000010 0.000010 0.000010 0.000010 0.000010 0.062411
0.638964 0.040169 0.000010 0.000040 0.096984 0.004727 0.000010 0.026155 0.076798 0.008836 0.000010 0.012890 0.000010 0.000010 0.059443 0.000010 0.034923 0.000010
0.000010 0.000010 0.000010 0.000010 0.000010 0.000010 0.000010 0.000010 0.000010 0.000010 0.000010 0.000013 0.000010 0.000010 0.000010 0.000010 0.000010 0.999827
0.000010 0.000010 0.000010 0.000010 0.000010 0.000010 0.000010 0.000010 0.000010 0.000010 0.999830 0.000010 0.000010 0.000010 0.000010 0.000010 0.000010 0.000010
0.000010 0.000010 0.000010 0.000010 0.000010 0.000010 0.000010 0.000010 0.000010 0.000010 0.999830 0.000010 0.000010 0.000010 0.000010 0.000010 0.000010 0.000010
0.132776 0.022392 0.000010 0.022942 0.000010 0.000010 0.000010 0.000010 0.721056 0.000802 0.000010 0.008907 0.000010 0.000010 0.000010 0.000010 0.000010 0.091015
0.000010 0.000010 0.000010 0.000010 0.000010 0.000010 0.000010 0.000010 0.000010 0.000010 0.999830 0.000010 0.000010 0.000010 0.000010 0.000010 0.000010 0.000010
0.000010 0.000010 0.000010 0.000010 0.000010 0.000010 0.000010 0.000010 0.659595 0.000010 0.000010 0.000010 0.000010 0.000010 0.340245 0.000010 0.000010 0.000010
0.000010 0.000010 0.000010 0.000010 0.000010 0.001657 0.000010 0.000010 0.987194 0.000010 0.000010 0.000010 0.000010 0.000010 0.000010 0.000010 0.000010 0.011000
0.000010 0.000010 0.000010 0.000010 0.000010 0.000010 0.000010 0.000010 0.000010 0.000010 0.999830 0.000010 0.000010 0.000010 0.000010 0.000010 0.000010 0.000010
0.000010 0.000010 0.000010 0.000010 0.000010 0.000010 0.000010 0.000010 0.000010 0.000010 0.999830 0.000010 0.000010 0.000010 0.000010 0.000010 0.000010 0.000010
0.000010 0.000010 0.000010 0.000010 0.000010 0.000010 0.000010 0.000010 0.000010 0.000010 0.999825 0.000010 0.000010 0.000015 0.000010 0.000010 0.000010 0.000010
0.000010 0.000010 0.000010 0.000010 0.000010 0.000010 0.000010 0.000010 0.000010 0.000010 0.990199 0.000010 0.000010 0.009641 0.000010 0.000010 0.000010 0.000010
0.016223 0.000010 0.000010 0.022620 0.011392 0.000010 0.000010 0.000010 0.000010 0.000010 0.654298 0.248391 0.046956 0.000010 0.000010 0.000010 0.000010 0.000010
0.776278 0.000010 0.000010 0.000010 0.000010 0.056326 0.000010 0.000010 0.049960 0.000010 0.000010 0.063541 0.043897 0.000010 0.000010 0.009878 0.000010 0.000010
0.712342 0.000010 0.007686 0.000010 0.000010 0.004230 0.052119 0.044055 0.030830 0.000010 0.029147 0.012751 0.004877 0.000010 0.063584 0.000010 0.000010 0.038309
0.000010 0.000010 0.000010 0.000010 0.000010 0.000010 0.000010 0.000010 0.000010 0.000010 0.999830 0.000010 0.000010 0.000010 0.000010 0.000010 0.000010 0.000010
0.069359 0.000010 0.000010 0.000010 0.000010 0.000010 0.000010 0.245386 0.358372 0.017755 0.100210 0.067683 0.000010 0.018413 0.100931 0.000010 0.000010 0.021800
0.042348 0.034542 0.000010 0.012905 0.000010 0.000010 0.000010 0.000010 0.514244 0.000010 0.000010 0.011013 0.000010 0.000010 0.079663 0.000010 0.000010 0.305174
0.000010 0.000010 0.000010 0.000010 0.000010 0.000010 0.000010 0.000010 0.000010 0.000010 0.999830 0.000010 0.000010 0.000010 0.000010 0.000010 0.000010 0.000010
0.000010 0.018457 0.004374 0.000010 0.000010 0.015122 0.000010 0.000010 0.000010 0.000010 0.911204 0.029071 0.000010 0.021653 0.000010 0.000010 0.000010 0.000010
0.000010 0.000010 0.000010 0.000010 0.000010 0.000010 0.000010 0.000010 0.000010 0.000010 0.999830 0.000010 0.000010 0.000010 0.000010 0.000010 0.000010 0.000010
0.230970 0.220391 0.041038 0.000010 0.122896 0.000016 0.009978 0.082347 0.087953 0.054607 0.000010 0.031558 0.000010 0.032043 0.062989 0.000010 0.000010 0.023164
0.844246 0.008421 0.000010 0.000010 0.000010 0.000010 0.000010 0.000010 0.089241 0.000010 0.031866 0.026095 0.000010 0.000010 0.000010 0.000010 0.000010 0.000010
0.717538 0.025448 0.011420 0.022248 0.009455 0.000010 0.028917 0.000010 0.030638 0.000010 0.029739 0.000010 0.000326 0.000010 0.067331 0.000010 0.000010 0.056869
0.815521 0.027032 0.000010 0.000010 0.093810 0.000010 0.000010 0.000010 0.000010 0.000010 0.023975 0.016205 0.001946 0.000010 0.000010 0.000010 0.000010 0.021401
0.000010 0.000010 0.000010 0.000010 0.000010 0.000010 0.000010 0.000010 0.000010 0.000010 0.344460 0.655380 0.000010 0.000010 0.000010 0.000010 0.000010 0.000010
0.000010 0.000010 0.000010 0.000010 0.000010 0.000010 0.000010 0.000010 0.002007 0.218361 0.420275 0.000010 0.000010 0.038278 0.000010 0.259870 0.000010 0.061089
0.000010 0.000010 0.000010 0.000010 0.000010 0.000010 0.000010 0.000010 0.000010 0.000010 0.999830 0.000010 0.000010 0.000010 0.000010 0.000010 0.000010 0.000010
0.000010 0.000010 0.000010 0.000010 0.000010 0.000010 0.000010 0.000010 0.000010 0.000010 0.999819 0.000010 0.000019 0.000010 0.000010 0.000012 0.000010 0.000010
0.000010 0.000010 0.000010 0.000010 0.000010 0.000010 0.000010 0.000010 0.000010 0.000010 0.999825 0.000010 0.000010 0.000010 0.000015 0.000010 0.000010 0.000010
0.000010 0.000010 0.000010 0.000010 0.000010 0.000010 0.000010 0.000010 0.000010 0.000010 0.999830 0.000010 0.000010 0.000010 0.000010 0.000010 0.000010 0.000010
0.000010 0.000010 0.000010 0.000010 0.000010 0.000010 0.000010 0.000010 0.000010 0.000010 0.999830 0.000010 0.000010 0.000010 0.000010 0.000010 0.000010 0.000010
0.000010 0.000010 0.000010 0.000010 0.000010 0.000010 0.000010 0.000010 0.000010 0.000010 0.999830 0.000010 0.000010 0.000010 0.000010 0.000010 0.000010 0.000010
0.029231 0.298226 0.009033 0.017207 0.035753 0.000010 0.000010 0.000010 0.200180 0.000417 0.000010 0.032334 0.027746 0.000010 0.349792 0.000010 0.000010 0.000010
0.000010 0.000010 0.000010 0.000010 0.000010 0.000010 0.000010 0.000010 0.000010 0.000010 0.999830 0.000010 0.000010 0.000010 0.000010 0.000010 0.000010 0.000010
0.000010 0.000010 0.043736 0.000010 0.000010 0.006418 0.000010 0.005332 0.000010 0.003065 0.697900 0.231433 0.000010 0.000010 0.000010 0.000010 0.012008 0.000010
0.084910 0.000010 0.007644 0.000010 0.000010 0.000010 0.000010 0.000010 0.850222 0.010500 0.000010 0.000010 0.000010 0.000010 0.046594 0.000010 0.000010 0.000010
0.000010 0.000010 0.000010 0.000010 0.000010 0.000010 0.000010 0.000010 0.000010 0.000010 0.329534 0.670306 0.000010 0.000010 0.000010 0.000010 0.000010 0.000010
0.000010 0.031896 0.000010 0.000010 0.000010 0.000010 0.031490 0.172791 0.077194 0.000010 0.144640 0.516184 0.000010 0.025695 0.000010 0.000010 0.000010 0.000010
0.000010 0.000010 0.000010 0.000010 0.000010 0.000010 0.000010 0.000010 0.000010 0.000010 0.999830 0.000010 0.000010 0.000010 0.000010 0.000010 0.000010 0.000010
0.000010 0.000010 0.000010 0.000010 0.000010 0.000010 0.000010 0.000010 0.000010 0.000010 0.999829 0.000010 0.000010 0.000010 0.000010 0.000010 0.000011 0.000010
0.000010 0.000010 0.000010 0.000010 0.000010 0.000010 0.000010 0.000010 0.000010 0.000010 0.999830 0.000010 0.000010 0.000010 0.000010 0.000010 0.000010 0.000010
0.000010 0.000010 0.000010 0.000010 0.000010 0.000010 0.000010 0.000010 0.000010 0.000010 0.999830 0.000010 0.000010 0.000010 0.000010 0.000010 0.000010 0.000010
0.000010 0.000010 0.000010 0.000010 0.000010 0.000010 0.000010 0.000010 0.000010 0.000010 0.832969 0.166871 0.000010 0.000010 0.000010 0.000010 0.000010 0.000010
0.000010 0.000010 0.000010 0.000010 0.000010 0.000010 0.000010 0.000010 0.000010 0.000010 0.999830 0.000010 0.000010 0.000010 0.000010 0.000010 0.000010 0.000010
0.000010 0.999830 0.000010 0.000010 0.000010 0.000010 0.000010 0.000010 0.000010 0.000010 0.000010 0.000010 0.000010 0.000010 0.000010 0.000010 0.000010 0.000010
0.000010 0.000010 0.999830 0.000010 0.000010 0.000010 0.000010 0.000010 0.000010 0.000010 0.000010 0.000010 0.000010 0.000010 0.000010 0.000010 0.000010 0.000010
0.000010 0.000010 0.999830 0.000010 0.000010 0.000010 0.000010 0.000010 0.000010 0.000010 0.000010 0.000010 0.000010 0.000010 0.000010 0.000010 0.000010 0.000010
0.000010 0.000010 0.999830 0.000010 0.000010 0.000010 0.000010 0.000010 0.000010 0.000010 0.000010 0.000010 0.000010 0.000010 0.000010 0.000010 0.000010 0.000010
0.000010 0.000010 0.000010 0.000010 0.000010 0.000010 0.000010 0.000010 0.000010 0.000010 0.999830 0.000010 0.000010 0.000010 0.000010 0.000010 0.000010 0.000010
0.000010 0.000010 0.000010 0.000010 0.000010 0.000010 0.000010 0.000010 0.000010 0.000010 0.999830 0.000010 0.000010 0.000010 0.000010 0.000010 0.000010 0.000010
0.000010 0.000010 0.999830 0.000010 0.000010 0.000010 0.000010 0.000010 0.000010 0.000010 0.000010 0.000010 0.000010 0.000010 0.000010 0.000010 0.000010 0.000010
0.000010 0.000010 0.999830 0.000010 0.000010 0.000010 0.000010 0.000010 0.000010 0.000010 0.000010 0.000010 0.000010 0.000010 0.000010 0.000010 0.000010 0.000010
0.000010 0.000010 0.999830 0.000010 0.000010 0.000010 0.000010 0.000010 0.000010 0.000010 0.000010 0.000010 0.000010 0.000010 0.000010 0.000010 0.000010 0.000010
0.000010 0.000010 0.000010 0.000010 0.000010 0.000010 0.000010 0.000010 0.000010 0.000010 0.999830 0.000010 0.000010 0.000010 0.000010 0.000010 0.000010 0.000010
0.000010 0.000010 0.000010 0.000010 0.000010 0.000010 0.000010 0.000010 0.000010 0.000010 0.999830 0.000010 0.000010 0.000010 0.000010 0.000010 0.000010 0.000010
0.000010 0.000010 0.000010 0.000010 0.000010 0.811605 0.000010 0.000010 0.000010 0.000010 0.000010 0.000010 0.000010 0.000010 0.000010 0.000010 0.188235 0.000010
0.000010 0.000010 0.000010 0.000010 0.000010 0.000010 0.000010 0.000010 0.000010 0.000010 0.999830 0.000010 0.000010 0.000010 0.000010 0.000010 0.000010 0.000010
0.000010 0.000010 0.000010 0.000010 0.000010 0.000010 0.904308 0.000010 0.095532 0.000010 0.000010 0.000010 0.000010 0.000010 0.000010 0.000010 0.000010 0.000010
0.000010 0.000010 0.000010 0.000010 0.000010 0.000010 0.000010 0.000010 0.000010 0.000010 0.000010 0.000010 0.000010 0.999830 0.000010 0.000010 0.000010 0.000010
0.000010 0.000010 0.000010 0.000010 0.000010 0.000010 0.000010 0.000010 0.000010 0.000010 0.000010 0.000010 0.000010 0.999830 0.000010 0.000010 0.000010 0.000010
0.128458 0.000010 0.000010 0.000010 0.020253 0.000010 0.037321 0.148190 0.539091 0.000010 0.000010 0.000010 0.057082 0.000010 0.000010 0.000010 0.014268 0.055238
0.000010 0.000010 0.000010 0.000010 0.000010 0.000010 0.000010 0.000010 0.000010 0.000010 0.000010 0.000010 0.000010 0.999830 0.000010 0.000010 0.000010 0.000010
0.000010 0.000010 0.000010 0.000010 0.000010 0.000010 0.052667 0.000010 0.000010 0.000010 0.000010 0.014526 0.000868 0.000010 0.018427 0.913382 0.000010 0.000010
0.044932 0.012710 0.000010 0.039657 0.107951 0.086965 0.094088 0.000010 0.000010 0.045838 0.026784 0.000010 0.052689 0.043715 0.119865 0.063413 0.261340 0.000010
0.010482 0.022865 0.000010 0.011416 0.110350 0.000010 0.053796 0.269141 0.366218 0.021073 0.000010 0.091541 0.000010 0.000010 0.019903 0.000010 0.000010 0.023146
0.000010 0.004226 0.005057 0.947739 0.000010 0.000010 0.000010 0.000010 0.000010 0.000010 0.036797 0.000010 0.006052 0.000010 0.000010 0.000010 0.000010 0.000010
0.000010 0.000010 0.000010 0.000010 0.000010 0.000010 0.000010 0.598666 0.000010 0.000010 0.120984 0.248407 0.000010 0.000010 0.031803 0.000010 0.000010 0.000010
0.000010 0.000010 0.000010 0.000010 0.000010 0.000010 0.000010 0.611374 0.000010 0.000010 0.256841 0.096290 0.000010 0.000010 0.035355 0.000010 0.000010 0.000010
0.000010 0.000010 0.008457 0.000010 0.000010 0.000010 0.000010 0.000010 0.763628 0.000010 0.000010 0.000010 0.000010 0.000010 0.227765 0.000010 0.000010 0.000010
0.000010 0.001608 0.020395 0.027985 0.000010 0.017014 0.064126 0.000010 0.000010 0.018711 0.372401 0.411495 0.002165 0.000010 0.064019 0.000010 0.000010 0.000010
0.342248 0.040156 0.000010 0.000010 0.071079 0.009486 0.011541 0.010970 0.346970 0.042744 0.000010 0.051175 0.044953 0.000010 0.005381 0.000010 0.023238 0.000010
0.059311 0.007487 0.000010 0.000010 0.000010 0.000783 0.000010 0.018370 0.738240 0.011304 0.045903 0.029736 0.000010 0.000010 0.060379 0.000010 0.000010 0.028406
0.028529 0.000010 0.000010 0.000010 0.000010 0.027248 0.000010 0.133118 0.379941 0.000010 0.143544 0.225803 0.000010 0.019089 0.028503 0.000010 0.000010 0.014134
0.184563 0.000010 0.000010 0.002349 0.181780 0.000010 0.138099 0.000010 0.000010 0.000010 0.000010 0.000010 0.000010 0.031387 0.077011 0.000010 0.366037 0.018674
0.178607 0.015716 0.000010 0.000010 0.000010 0.002641 0.026600 0.000010 0.000010 0.009742 0.000010 0.028987 0.013895 0.000010 0.000010 0.000010 0.000010 0.723711
0.535310 0.039077 0.000010 0.054702 0.078773 0.048372 0.096152 0.000010 0.000010 0.000010 0.000262 0.000010 0.000010 0.000010 0.123182 0.000010 0.008136 0.015955
0.000010 0.000010 0.102936 0.896904 0.000010 0.000010 0.000010 0.000010 0.000010 0.000010 0.000010 0.000010 0.000010 0.000010 0.000010 0.000010 0.000010 0.000010
0.000010 0.000010 0.005769 0.023628 0.000010 0.000010 0.000010 0.014366 0.000010 0.000010 0.653055 0.303052 0.000010 0.000010 0.000010 0.000010 0.000010 0.000010
0.000010 0.000010 0.014301 0.924064 0.000010 0.000010 0.000010 0.000010 0.000010 0.000010 0.000010 0.000010 0.061486 0.000010 0.000010 0.000010 0.000010 0.000010
0.000010 0.000010 0.999830 0.000010 0.000010 0.000010 0.000010 0.000010 0.000010 0.000010 0.000010 0.000010 0.000010 0.000010 0.000010 0.000010 0.000010 0.000010
0.344616 0.055397 0.000010 0.000010 0.000010 0.000010 0.000010 0.084398 0.338513 0.000010 0.000010 0.000010 0.098105 0.000010 0.007162 0.001049 0.000010 0.070659
0.000010 0.000010 0.000010 0.000010 0.000010 0.010543 0.000010 0.000010 0.520829 0.000010 0.000010 0.000010 0.000010 0.000010 0.468478 0.000010 0.000010 0.000010
0.000010 0.000010 0.000010 0.000010 0.000010 0.349859 0.000010 0.000010 0.000010 0.000010 0.000010 0.000010 0.000010 0.000010 0.000010 0.649981 0.000010 0.000010
0.004785 0.030574 0.000010 0.000010 0.000010 0.029239 0.019817 0.000010 0.494936 0.000010 0.000010 0.018766 0.009029 0.000010 0.392753 0.000010 0.000010 0.000010
0.000010 0.000010 0.000010 0.000010 0.000010 0.000010 0.000010 0.000010 0.620242 0.000010 0.000010 0.000010 0.000010 0.000010 0.379598 0.000010 0.000010 0.000010
0.000010 0.035580 0.000010 0.000010 0.017217 0.000010 0.000010 0.000010 0.825119 0.009612 0.000010 0.000010 0.000010 0.006421 0.082482 0.000010 0.000010 0.023459
0.014997 0.000010 0.000010 0.132063 0.191607 0.000010 0.071900 0.190857 0.006504 0.024350 0.000010 0.000010 0.079627 0.000010 0.115638 0.000010 0.172376 0.000010
0.000010 0.000010 0.000010 0.000010 0.000010 0.000010 0.000010 0.000010 0.000010 0.000010 0.000010 0.000010 0.000010 0.000010 0.000011 0.000010 0.999829 0.000010
0.000010 0.136763 0.007711 0.000010 0.020355 0.027394 0.059271 0.000010 0.476965 0.000010 0.027778 0.000014 0.000010 0.006052 0.233064 0.000010 0.004562 0.000010
0.000010 0.000010 0.999830 0.000010 0.000010 0.000010 0.000010 0.000010 0.000010 0.000010 0.000010 0.000010 0.000010 0.000010 0.000010 0.000010 0.000010 0.000010
0.086950 0.033954 0.000010 0.000010 0.000010 0.000010 0.000010 0.000010 0.000010 0.000010 0.000010 0.000010 0.000010 0.000010 0.878947 0.000010 0.000010 0.000010
0.044070 0.000010 0.000010 0.000010 0.050921 0.000010 0.022724 0.248530 0.466022 0.000010 0.036994 0.023631 0.000010 0.021021 0.085996 0.000010 0.000010 0.000010
0.000010 0.000010 0.240578 0.107457 0.094411 0.026006 0.000010 0.042212 0.000010 0.010705 0.012986 0.000010 0.062498 0.175640 0.000010 0.227426 0.000010 0.000010
0.313989 0.000010 0.004900 0.021525 0.033702 0.032517 0.000010 0.000010 0.028437 0.027105 0.000010 0.000010 0.020114 0.000010 0.422628 0.009492 0.064964 0.020567
0.000010 0.000010 0.000010 0.000010 0.000010 0.000010 0.000010 0.000010 0.000010 0.000010 0.999830 0.000010 0.000010 0.000010 0.000010 0.000010 0.000010 0.000010
0.000010 0.000010 0.000010 0.000010 0.000010 0.000010 0.000010 0.000010 0.480698 0.000010 0.023129 0.000010 0.000010 0.000010 0.496023 0.000010 0.000010 0.000010
0.000010 0.000010 0.000010 0.000010 0.000010 0.000010 0.000010 0.000010 0.475095 0.000010 0.000010 0.000010 0.000010 0.000010 0.524745 0.000010 0.000010 0.000010
0.000010 0.000010 0.000010 0.000010 0.000010 0.000010 0.000010 0.000010 0.435983 0.000010 0.000010 0.000010 0.000010 0.000010 0.543680 0.000010 0.000010 0.020187
0.026962 0.000010 0.003857 0.000010 0.032788 0.000010 0.111279 0.000010 0.718058 0.017766 0.018652 0.000010 0.000010 0.000010 0.047006 0.000010 0.000010 0.023541
0.052421 0.000010 0.004312 0.000010 0.047429 0.000010 0.021536 0.603771 0.137525 0.000010 0.062160 0.000010 0.056952 0.000010 0.000010 0.000010 0.012319 0.001496
0.056461 0.071067 0.042374 0.000010 0.016134 0.021843 0.066595 0.000010 0.090080 0.000010 0.002898 0.050787 0.000010 0.016192 0.565499 0.000010 0.000010 0.000010
0.000010 0.000010 0.000010 0.000010 0.000010 0.051812 0.000010 0.014244 0.772645 0.000010 0.000010 0.000010 0.011691 0.000010 0.006963 0.000010 0.000010 0.142525
0.000010 0.000010 0.000010 0.000010 0.000010 0.000010 0.000010 0.000010 0.963735 0.000010 0.033225 0.000010 0.000010 0.000010 0.000010 0.000010 0.000010 0.002889
0.137720 0.227510 0.014043 0.003079 0.000010 0.000010 0.003651 0.032861 0.046367 0.000010 0.000010 0.028537 0.012226 0.010409 0.462754 0.000010 0.020783 0.000010
0.000010 0.018681 0.000010 0.000010 0.000010 0.000010 0.000010 0.096219 0.666866 0.000010 0.068065 0.087696 0.000010 0.000010 0.028263 0.000010 0.000010 0.034102
0.000010 0.104770 0.004014 0.000010 0.111798 0.000989 0.000010 0.000010 0.000010 0.000010 0.000010 0.103095 0.000010 0.000010 0.675213 0.000010 0.000010 0.000010
0.090673 0.004291 0.002767 0.000010 0.000010 0.000010 0.000010 0.019483 0.682036 0.000010 0.031034 0.032979 0.001454 0.011710 0.034850 0.012962 0.024685 0.051026
0.160905 0.025306 0.000010 0.000010 0.000120 0.000010 0.000010 0.010423 0.569637 0.000010 0.017676 0.003941 0.000010 0.024078 0.059487 0.000010 0.000010 0.128347
0.000010 0.000010 0.000010 0.000010 0.000010 0.000010 0.000010 0.000010 0.000010 0.000010 0.000010 0.000010 0.000010 0.000010 0.999830 0.000010 0.000010 0.000010
0.000010 0.000010 0.000010 0.000010 0.008467 0.000010 0.021429 0.000010 0.860797 0.000010 0.000010 0.000010 0.022600 0.000010 0.071617 0.000010 0.014970 0.000010
0.038116 0.005670 0.000010 0.000010 0.000010 0.000010 0.000010 0.229193 0.217064 0.000010 0.172609 0.177772 0.018927 0.038565 0.020688 0.000010 0.000010 0.081317
0.000010 0.000010 0.000010 0.000010 0.000010 0.000010 0.000010 0.000010 0.772468 0.000010 0.001291 0.000010 0.000010 0.000010 0.206960 0.000010 0.000010 0.019140
0.000010 0.004329 0.000010 0.000010 0.000010 0.000010 0.000010 0.200567 0.342386 0.000010 0.211677 0.142054 0.000010 0.000010 0.098868 0.000010 0.000010 0.000010
0.007719 0.111519 0.013484 0.000010 0.072028 0.000010 0.000462 0.030052 0.533378 0.005334 0.000010 0.000010 0.000010 0.031572 0.194371 0.000010 0.000010 0.000010
0.041983 0.000010 0.000010 0.000010 0.014999 0.007571 0.000010 0.071626 0.745126 0.011960 0.027979 0.019724 0.000010 0.000055 0.018365 0.000010 0.000010 0.040541
0.000010 0.000010 0.000010 0.000010 0.000010 0.000010 0.000010 0.000010 0.549454 0.000010 0.002869 0.000010 0.000010 0.000010 0.416297 0.000010 0.000010 0.031240
0.000010 0.000010 0.000010 0.000010 0.000010 0.000010 0.000010 0.731299 0.000010 0.000010 0.268541 0.000010 0.000010 0.000010 0.000010 0.000010 0.000010 0.000010
0.000552 0.000010 0.007790 0.000010 0.000010 0.000010 0.000010 0.991508 0.000010 0.000010 0.000010 0.000010 0.000010 0.000010 0.000010 0.000010 0.000010 0.000010
0.000010 0.000010 0.000010 0.000010 0.000010 0.999830 0.000010 0.000010 0.000010 0.000010 0.000010 0.000010 0.000010 0.000010 0.000010 0.000010 0.000010 0.000010
0.000010 0.000010 0.000010 0.000010 0.000010 0.140431 0.000010 0.693100 0.000010 0.000010 0.021323 0.145006 0.000010 0.000010 0.000010 0.000010 0.000010 0.000010
0.000010 0.000010 0.000010 0.000010 0.000010 0.114266 0.000010 0.647007 0.000010 0.000010 0.133832 0.104755 0.000010 0.000010 0.000010 0.000010 0.000010 0.000010
0.000010 0.000010 0.003266 0.000010 0.000010 0.000010 0.000010 0.996574 0.000010 0.000010 0.000010 0.000010 0.000010 0.000010 0.000010 0.000010 0.000010 0.000010
0.000010 0.000010 0.000010 0.046264 0.043086 0.018582 0.000010 0.502774 0.000010 0.000010 0.010247 0.000010 0.000010 0.000010 0.007664 0.000010 0.371272 0.000010
0.000010 0.017573 0.000010 0.000010 0.000010 0.049224 0.000010 0.499636 0.036284 0.004575 0.073579 0.145298 0.000010 0.000010 0.173731 0.000010 0.000010 0.000010
0.000010 0.000010 0.000010 0.000010 0.000012 0.999828 0.000010 0.000010 0.000010 0.000010 0.000010 0.000010 0.000010 0.000010 0.000010 0.000010 0.000010 0.000010
0.072512 0.247924 0.000010 0.015062 0.037871 0.011067 0.013920 0.000010 0.423599 0.000010 0.000010 0.000010 0.000010 0.021848 0.022133 0.000010 0.094865 0.039129
0.000010 0.000010 0.000010 0.000010 0.000010 0.000010 0.000010 0.999830 0.000010 0.000010 0.000010 0.000010 0.000010 0.000010 0.000010 0.000010 0.000010 0.000010
0.000010 0.000010 0.000010 0.000010 0.000010 0.672318 0.000010 0.327522 0.000010 0.000010 0.000010 0.000010 0.000010 0.000010 0.000010 0.000010 0.000010 0.000010
0.000010 0.000010 0.000010 0.093203 0.000010 0.000010 0.033831 0.000010 0.000010 0.000010 0.005820 0.000010 0.022450 0.000010 0.000010 0.000010 0.844566 0.000010
0.000010 0.066335 0.232162 0.265761 0.013448 0.000010 0.041255 0.000010 0.000010 0.000010 0.000010 0.000010 0.081268 0.150836 0.000010 0.148835 0.000010 0.000010
0.000010 0.020169 0.183874 0.320572 0.010083 0.000010 0.025683 0.000010 0.000010 0.017372 0.000329 0.000010 0.127296 0.146722 0.000010 0.126625 0.000010 0.021206
