0.077454 0.062098 0.000010 0.000010 0.000010 0.383162 0.000010 0.405355 0.023766 0.016006 0.000010 0.000010 0.000010 0.032089
0.110084 0.024312 0.000010 0.007808 0.000010 0.172454 0.016680 0.568016 0.055955 0.000010 0.032272 0.000010 0.012369 0.000010
0.038991 0.000010 0.050355 0.048533 0.000010 0.382159 0.011143 0.405064 0.000010 0.015444 0.000010 0.048250 0.000010 0.000010
0.000010 0.892726 0.000010 0.016489 0.045793 0.000010 0.001387 0.000010 0.000010 0.019643 0.021059 0.000010 0.000010 0.002832
0.148618 0.000010 0.005640 0.000010 0.046727 0.199137 0.000010 0.439938 0.089708 0.048121 0.000217 0.018399 0.003456 0.000010
0.039031 0.014810 0.000010 0.021607 0.015429 0.708788 0.000010 0.140093 0.011407 0.019994 0.013260 0.015542 0.000010 0.000010
0.022460 0.385853 0.000010 0.030588 0.001900 0.217072 0.000010 0.005393 0.000010 0.000010 0.020058 0.000010 0.000010 0.316616
0.000010 0.009475 0.000010 0.000010 0.000010 0.892447 0.000010 0.000010 0.000010 0.003394 0.040319 0.000010 0.054275 0.000010
0.150671 0.051646 0.000010 0.016640 0.031680 0.032994 0.000010 0.626430 0.017630 0.000010 0.007553 0.004805 0.059911 0.000010
0.039047 0.019327 0.000010 0.000010 0.000010 0.823055 0.000010 0.062339 0.000010 0.000010 0.000010 0.000010 0.056142 0.000010
0.225673 0.000010 0.000010 0.000010 0.000010 0.543459 0.000010 0.152630 0.000015 0.000010 0.002981 0.015114 0.060058 0.000010
0.083387 0.000017 0.025178 0.001573 0.009323 0.327506 0.000010 0.467704 0.000010 0.023580 0.041563 0.018064 0.000010 0.002075
0.000010 0.063255 0.019198 0.159598 0.062370 0.000491 0.000010 0.409291 0.000010 0.113008 0.052594 0.014369 0.056452 0.049343
0.000010 0.457315 0.000010 0.061270 0.002204 0.000010 0.000010 0.322373 0.000010 0.039275 0.031031 0.026405 0.014178 0.045898
0.071210 0.004336 0.000010 0.000010 0.000010 0.864940 0.013586 0.000010 0.000010 0.022510 0.000010 0.000010 0.017848 0.005499
0.048740 0.000010 0.025262 0.048207 0.026204 0.319979 0.039337 0.403988 0.000010 0.023097 0.003158 0.000010 0.010774 0.051223
0.051941 0.012801 0.000010 0.018652 0.004608 0.660654 0.000010 0.171585 0.035257 0.002490 0.002394 0.000010 0.021879 0.017709
0.021322 0.255794 0.000010 0.038336 0.000010 0.416389 0.000010 0.006668 0.000010 0.000010 0.036565 0.000010 0.000010 0.224856
0.038361 0.000010 0.000010 0.015879 0.006398 0.246279 0.000010 0.000010 0.000010 0.000010 0.041866 0.000010 0.651137 0.000010
0.000010 0.000010 0.048164 0.000010 0.010126 0.000010 0.893161 0.000010 0.037565 0.005028 0.005877 0.000010 0.000010 0.000010
0.000010 0.010641 0.000010 0.000010 0.000010 0.014280 0.955152 0.000010 0.000010 0.000010 0.017864 0.000010 0.001973 0.000010
0.000010 0.000010 0.000010 0.000010 0.000010 0.000010 0.999870 0.000010 0.000010 0.000010 0.000010 0.000010 0.000010 0.000010
0.000010 0.000010 0.014771 0.009354 0.000010 0.013135 0.917577 0.000010 0.002149 0.000010 0.042934 0.000010 0.000010 0.000010
0.015978 0.691952 0.000010 0.077087 0.006799 0.009199 0.054841 0.056063 0.027018 0.006111 0.000010 0.014267 0.013475 0.027191
0.000010 0.000379 0.000010 0.000010 0.000010 0.000010 0.000010 0.000010 0.000010 0.000010 0.000010 0.000010 0.999501 0.000010
0.000010 0.000010 0.042567 0.002524 0.014802 0.000010 0.924411 0.000010 0.015606 0.000010 0.000010 0.000010 0.000010 0.000010
0.135435 0.017832 0.032793 0.016201 0.053260 0.032893 0.001213 0.565961 0.077268 0.000010 0.027561 0.000010 0.000010 0.039552
0.000010 0.017852 0.011161 0.000010 0.000010 0.000010 0.964699 0.000010 0.006189 0.000010 0.000010 0.000010 0.000010 0.000010
0.000010 0.010020 0.000010 0.052659 0.049697 0.095520 0.006236 0.646774 0.041215 0.000010 0.000010 0.006579 0.085554 0.005706
0.000010 0.059189 0.006127 0.036214 0.036019 0.079345 0.015162 0.705026 0.005293 0.000010 0.000010 0.000010 0.057575 0.000010
0.032401 0.003047 0.000010 0.000010 0.011304 0.000010 0.000801 0.823414 0.018059 0.014494 0.000010 0.000010 0.096419 0.000010
0.012630 0.000010 0.013802 0.089360 0.004487 0.065754 0.000010 0.696903 0.029555 0.024187 0.000010 0.000010 0.063272 0.000010
0.000010 0.067355 0.059772 0.237051 0.053874 0.031010 0.000010 0.299190 0.079678 0.073447 0.004716 0.050897 0.027521 0.015469
0.006420 0.005684 0.000010 0.138788 0.059046 0.000010 0.000010 0.451698 0.055808 0.097085 0.033435 0.000010 0.151985 0.000010
0.110220 0.000010 0.026244 0.000010 0.007181 0.115237 0.003711 0.317477 0.032373 0.000010 0.298670 0.000010 0.022532 0.066314
0.298097 0.334614 0.005273 0.045503 0.034102 0.115995 0.007277 0.147341 0.000010 0.000010 0.002190 0.009568 0.000010 0.000010
0.239165 0.419042 0.000010 0.017857 0.075442 0.188686 0.000010 0.050904 0.000010 0.000010 0.000010 0.000010 0.008834 0.000010
0.000010 0.000015 0.999865 0.000010 0.000010 0.000010 0.000010 0.000010 0.000010 0.000010 0.000010 0.000010 0.000010 0.000010
0.090382 0.012338 0.000010 0.058999 0.054918 0.000010 0.000010 0.633121 0.000010 0.000010 0.071857 0.000010 0.078315 0.000010
0.000010 0.023080 0.013924 0.007584 0.043890 0.034598 0.000010 0.721709 0.041052 0.041916 0.008220 0.028745 0.035253 0.000010
0.000010 0.000010 0.000010 0.000010 0.000010 0.999870 0.000010 0.000010 0.000010 0.000010 0.000010 0.000010 0.000010 0.000010
0.000010 0.021441 0.000010 0.037075 0.019193 0.169911 0.011574 0.505912 0.029860 0.034036 0.003787 0.035210 0.109332 0.022648
0.000010 0.000010 0.000010 0.052020 0.000010 0.710934 0.014409 0.171115 0.000010 0.000010 0.012739 0.038704 0.000010 0.000010
0.000010 0.023897 0.016968 0.011775 0.000010 0.788504 0.000010 0.122747 0.000010 0.000010 0.012960 0.000010 0.003545 0.019545
0.000010 0.000010 0.000010 0.000010 0.631313 0.000010 0.000010 0.232163 0.000010 0.049086 0.000010 0.000010 0.087337 0.000010
0.000010 0.000010 0.314699 0.000010 0.001767 0.000010 0.661476 0.000010 0.008076 0.003763 0.000010 0.000010 0.010139 0.000010
0.017862 0.000010 0.277030 0.000010 0.000010 0.000010 0.671952 0.024895 0.000010 0.000010 0.008171 0.000010 0.000010 0.000010
0.051447 0.000010 0.190910 0.145277 0.069846 0.000010 0.247707 0.136554 0.133568 0.012147 0.012494 0.000010 0.000010 0.000010
0.064638 0.000010 0.023617 0.109374 0.086808 0.000010 0.012221 0.333282 0.042566 0.131066 0.029893 0.075764 0.066825 0.023925
0.005887 0.048272 0.000010 0.059672 0.146183 0.038819 0.034160 0.429537 0.020134 0.112895 0.035675 0.000010 0.067502 0.001244
0.000010 0.000010 0.000010 0.000010 0.000010 0.000010 0.000010 0.000010 0.000010 0.000012 0.000010 0.999868 0.000010 0.000010
0.000010 0.000010 0.020322 0.092745 0.063868 0.000010 0.036581 0.337096 0.100606 0.092000 0.004151 0.017085 0.145571 0.089945
0.000010 0.000010 0.000010 0.000010 0.000010 0.000010 0.000010 0.000010 0.000010 0.000010 0.000010 0.999870 0.000010 0.000010
0.071505 0.000010 0.024880 0.100640 0.122990 0.027608 0.000010 0.387436 0.029522 0.107439 0.046112 0.010046 0.068316 0.003486
0.000010 0.000010 0.053493 0.111099 0.122699 0.000010 0.001715 0.379147 0.000010 0.106188 0.003281 0.046865 0.142454 0.033018
0.000010 0.000010 0.000010 0.000010 0.000010 0.000015 0.000010 0.000010 0.000010 0.000010 0.999865 0.000010 0.000010 0.000010
0.000010 0.008587 0.022770 0.000010 0.017435 0.872305 0.000010 0.000010 0.031278 0.000010 0.034953 0.012602 0.000010 0.000010
0.063426 0.028391 0.000010 0.084762 0.006661 0.000010 0.000010 0.674120 0.000010 0.037370 0.027542 0.000010 0.070784 0.006894
0.051724 0.030788 0.000010 0.022006 0.009235 0.000010 0.000010 0.666641 0.000010 0.006423 0.006831 0.040060 0.098945 0.067306
0.047870 0.030357 0.000010 0.009482 0.001472 0.631872 0.000010 0.050285 0.000010 0.000010 0.016561 0.040298 0.021317 0.150445
0.017776 0.000010 0.018046 0.000010 0.065371 0.000010 0.000010 0.850338 0.000010 0.000010 0.000010 0.037363 0.010757 0.000279
0.027922 0.028288 0.000010 0.056562 0.042503 0.089406 0.000010 0.663261 0.000010 0.000010 0.042661 0.000010 0.023901 0.025446
0.000010 0.010725 0.000010 0.000010 0.003538 0.437159 0.043390 0.347846 0.000010 0.030472 0.028115 0.018729 0.079975 0.000010
0.018329 0.010832 0.016690 0.077288 0.017733 0.041434 0.000010 0.799395 0.000010 0.005441 0.008869 0.003948 0.000010 0.000010
0.042512 0.018224 0.021336 0.047587 0.035274 0.040483 0.000010 0.560303 0.021363 0.054771 0.030164 0.000010 0.079265 0.048698
0.086667 0.210479 0.042807 0.021484 0.000010 0.152726 0.013510 0.059013 0.000010 0.164741 0.088422 0.056746 0.045344 0.058039
0.000010 0.242950 0.576201 0.180738 0.000010 0.000010 0.000010 0.000010 0.000010 0.000010 0.000010 0.000010 0.000010 0.000010
0.015912 0.680436 0.028919 0.026637 0.005116 0.000010 0.000010 0.117826 0.048547 0.028151 0.035938 0.000010 0.000010 0.012477
0.000010 0.010360 0.024318 0.015327 0.000010 0.855499 0.001120 0.000010 0.000010 0.010254 0.031078 0.000010 0.009183 0.042810
0.014556 0.000010 0.000010 0.131464 0.109515 0.000010 0.000010 0.406888 0.029983 0.071757 0.028229 0.000010 0.159529 0.048030
0.066004 0.000260 0.000010 0.131400 0.076885 0.047113 0.036033 0.347135 0.039203 0.069313 0.000010 0.073455 0.113168 0.000010
0.002074 0.000010 0.000010 0.081986 0.073256 0.076852 0.004533 0.251906 0.021809 0.204751 0.039397 0.052861 0.190251 0.000306
0.169649 0.000010 0.000010 0.024300 0.000010 0.011923 0.000010 0.560005 0.037885 0.000010 0.143931 0.030498 0.000010 0.021749
0.038594 0.014165 0.015789 0.041225 0.000010 0.090045 0.000010 0.715147 0.000012 0.038734 0.003588 0.023647 0.000010 0.019025
0.070320 0.023707 0.000010 0.037413 0.031420 0.072859 0.000010 0.540940 0.000010 0.006046 0.114356 0.000010 0.049733 0.053167
0.028627 0.000010 0.034317 0.041360 0.000656 0.023195 0.000010 0.699546 0.033840 0.059241 0.030489 0.000010 0.048687 0.000010
0.013060 0.027819 0.000010 0.003233 0.000010 0.020791 0.000010 0.780230 0.000010 0.017568 0.039624 0.062990 0.034634 0.000010
0.073292 0.000010 0.037003 0.036248 0.000010 0.019005 0.031096 0.604344 0.000010 0.052758 0.034488 0.030197 0.081530 0.000010
0.000010 0.000010 0.999870 0.000010 0.000010 0.000010 0.000010 0.000010 0.000010 0.000010 0.000010 0.000010 0.000010 0.000010
0.000010 0.028329 0.000010 0.044912 0.000010 0.092874 0.000010 0.717224 0.035173 0.039391 0.000010 0.015185 0.026853 0.000010
0.091712 0.016654 0.012731 0.000010 0.009992 0.000010 0.008480 0.684659 0.000010 0.074697 0.036859 0.036280 0.027896 0.000010
0.175729 0.022585 0.010494 0.024048 0.000010 0.595086 0.008538 0.161573 0.000012 0.000010 0.000010 0.001421 0.000010 0.000474
0.224728 0.017238 0.003142 0.006516 0.000010 0.571602 0.000010 0.098867 0.000010 0.033034 0.042024 0.000010 0.002113 0.000695
0.031499 0.000010 0.000010 0.000010 0.000010 0.029205 0.000010 0.115144 0.047649 0.000010 0.732857 0.000010 0.000010 0.043566
0.041186 0.047181 0.000010 0.000010 0.008923 0.675257 0.000010 0.028549 0.000010 0.000010 0.000010 0.011317 0.000010 0.187518
0.000010 0.000010 0.999870 0.000010 0.000010 0.000010 0.000010 0.000010 0.000010 0.000010 0.000010 0.000010 0.000010 0.000010
0.000010 0.000010 0.007630 0.000010 0.038504 0.000010 0.716922 0.045341 0.093291 0.003001 0.009726 0.085525 0.000010 0.000010
0.513186 0.000010 0.000010 0.010394 0.000010 0.352751 0.000010 0.057995 0.000010 0.000010 0.049164 0.000010 0.016430 0.000010
0.100232 0.000754 0.000010 0.108893 0.100522 0.144667 0.018122 0.394347 0.000010 0.036600 0.082692 0.013131 0.000010 0.000010
0.000010 0.019829 0.062406 0.011313 0.006939 0.000010 0.780560 0.012365 0.051644 0.000010 0.000010 0.047556 0.007337 0.000010
0.019148 0.018400 0.023954 0.000010 0.007495 0.000010 0.807195 0.051803 0.019233 0.000010 0.048416 0.004305 0.000010 0.000010
0.000010 0.000010 0.016418 0.032803 0.000010 0.005929 0.725921 0.088580 0.079253 0.024000 0.000010 0.027037 0.000010 0.000010
0.000010 0.000030 0.075319 0.000010 0.000010 0.000010 0.796966 0.072590 0.015857 0.022444 0.010824 0.000010 0.005910 0.000010
0.000010 0.000010 0.020521 0.000010 0.018832 0.000010 0.774469 0.051810 0.062509 0.029997 0.002827 0.029017 0.009969 0.000010
0.113142 0.018993 0.011520 0.041196 0.010986 0.092818 0.276897 0.282781 0.000010 0.033667 0.010909 0.000010 0.000010 0.107061
0.000010 0.000010 0.000010 0.000010 0.999870 0.000010 0.000010 0.000010 0.000010 0.000010 0.000010 0.000010 0.000010 0.000010
0.000010 0.000010 0.000010 0.000010 0.999870 0.000010 0.000010 0.000010 0.000010 0.000010 0.000010 0.000010 0.000010 0.000010
0.339586 0.000010 0.000010 0.045627 0.023952 0.202107 0.000010 0.286431 0.036546 0.026794 0.001304 0.000010 0.000010 0.037603
0.089585 0.048913 0.021905 0.000010 0.000010 0.742786 0.018154 0.000010 0.000010 0.000010 0.000010 0.000010 0.000010 0.078577
0.000010 0.000010 0.000010 0.000010 0.999870 0.000010 0.000010 0.000010 0.000010 0.000010 0.000010 0.000010 0.000010 0.000010
0.128246 0.015652 0.000010 0.000010 0.000010 0.000010 0.000010 0.696898 0.007576 0.065776 0.085772 0.000010 0.000010 0.000010
0.000010 0.000010 0.000010 0.000010 0.999870 0.000010 0.000010 0.000010 0.000010 0.000010 0.000010 0.000010 0.000010 0.000010
0.109941 0.004872 0.000010 0.000010 0.000010 0.172116 0.000010 0.548680 0.000010 0.004359 0.064526 0.031528 0.031661 0.032268
0.000010 0.999870 0.000010 0.000010 0.000010 0.000010 0.000010 0.000010 0.000010 0.000010 0.000010 0.000010 0.000010 0.000010
0.217062 0.000010 0.000010 0.000010 0.009676 0.650934 0.000010 0.054687 0.000010 0.019643 0.000010 0.006494 0.041434 0.000010
0.000010 0.431012 0.000010 0.000010 0.568868 0.000010 0.000010 0.000010 0.000010 0.000010 0.000010 0.000010 0.000010 0.000010
0.999870 0.000010 0.000010 0.000010 0.000010 0.000010 0.000010 0.000010 0.000010 0.000010 0.000010 0.000010 0.000010 0.000010
0.066946 0.048495 0.018533 0.004007 0.061710 0.060474 0.000010 0.608115 0.000010 0.000010 0.103013 0.028657 0.000010 0.000010
0.116421 0.017241 0.000010 0.000010 0.022857 0.199994 0.000010 0.474620 0.038778 0.034814 0.049181 0.000010 0.000010 0.046044
0.061273 0.000010 0.000010 0.000010 0.037068 0.789457 0.000010 0.057471 0.018743 0.000010 0.000010 0.000010 0.000010 0.035909
0.000010 0.000010 0.043517 0.036236 0.066243 0.000010 0.007191 0.139246 0.060667 0.186022 0.001651 0.338092 0.121095 0.000010
0.072184 0.000010 0.000010 0.000010 0.000010 0.507931 0.000010 0.250138 0.000010 0.033833 0.028606 0.000010 0.009989 0.097249
0.050081 0.000098 0.000010 0.000010 0.000010 0.717302 0.000010 0.141043 0.000010 0.005389 0.018990 0.039177 0.010430 0.017440
0.058982 0.018484 0.000010 0.000010 0.000010 0.850521 0.000010 0.050106 0.000010 0.000010 0.000010 0.000010 0.021816 0.000010
0.066734 0.000010 0.012906 0.001578 0.047598 0.111600 0.000010 0.613449 0.000010 0.006988 0.075674 0.017060 0.000010 0.046372
0.999870 0.000010 0.000010 0.000010 0.000010 0.000010 0.000010 0.000010 0.000010 0.000010 0.000010 0.000010 0.000010 0.000010
0.000010 0.999870 0.000010 0.000010 0.000010 0.000010 0.000010 0.000010 0.000010 0.000010 0.000010 0.000010 0.000010 0.000010
0.000010 0.999870 0.000010 0.000010 0.000010 0.000010 0.000010 0.000010 0.000010 0.000010 0.000010 0.000010 0.000010 0.000010
0.155823 0.000010 0.003135 0.000010 0.016601 0.716109 0.000010 0.078366 0.000010 0.000010 0.029886 0.000010 0.000010 0.000010
0.000010 0.999870 0.000010 0.000010 0.000010 0.000010 0.000010 0.000010 0.000010 0.000010 0.000010 0.000010 0.000010 0.000010
0.000010 0.000010 0.011959 0.033384 0.000010 0.758531 0.000010 0.033322 0.014907 0.000010 0.000010 0.030249 0.029697 0.087891
0.000010 0.000010 0.000010 0.000010 0.000010 0.996633 0.000010 0.000010 0.000010 0.000010 0.000010 0.003247 0.000010 0.000010
0.000010 0.999870 0.000010 0.000010 0.000010 0.000010 0.000010 0.000010 0.000010 0.000010 0.000010 0.000010 0.000010 0.000010
0.000010 0.999870 0.000010 0.000010 0.000010 0.000010 0.000010 0.000010 0.000010 0.000010 0.000010 0.000010 0.000010 0.000010
0.000010 0.999870 0.000010 0.000010 0.000010 0.000010 0.000010 0.000010 0.000010 0.000010 0.000010 0.000010 0.000010 0.000010
0.000010 0.985715 0.000010 0.014165 0.000010 0.000010 0.000010 0.000010 0.000010 0.000010 0.000010 0.000010 0.000010 0.000010
0.005247 0.844850 0.030076 0.014496 0.000010 0.000010 0.000010 0.072366 0.032885 0.000010 0.000010 0.000010 0.000010 0.000010
0.174255 0.031021 0.004153 0.015690 0.019256 0.090432 0.031872 0.562166 0.000010 0.000010 0.025614 0.045503 0.000010 0.000010
0.166621 0.040743 0.011395 0.000010 0.000010 0.064465 0.000010 0.595713 0.017916 0.000010 0.016449 0.000010 0.055335 0.031313
0.000010 0.999870 0.000010 0.000010 0.000010 0.000010 0.000010 0.000010 0.000010 0.000010 0.000010 0.000010 0.000010 0.000010
0.053516 0.135781 0.022280 0.041549 0.000010 0.376299 0.000010 0.082703 0.000010 0.014169 0.000019 0.000010 0.000010 0.273633
0.343691 0.003108 0.006733 0.000010 0.022156 0.538169 0.000010 0.032555 0.000010 0.000010 0.051285 0.000010 0.000010 0.002244
0.000010 0.999870 0.000010 0.000010 0.000010 0.000010 0.000010 0.000010 0.000010 0.000010 0.000010 0.000010 0.000010 0.000010
0.000010 0.937064 0.000010 0.022959 0.000010 0.000010 0.000010 0.000010 0.003029 0.006653 0.013675 0.014221 0.000010 0.002329
0.000010 0.999870 0.000010 0.000010 0.000010 0.000010 0.000010 0.000010 0.000010 0.000010 0.000010 0.000010 0.000010 0.000010
0.047525 0.003962 0.053527 0.044496 0.047541 0.105898 0.000010 0.330925 0.037689 0.000010 0.229161 0.000010 0.012311 0.086933
0.146196 0.048480 0.000010 0.000010 0.000010 0.114292 0.000010 0.633689 0.000010 0.000010 0.057253 0.000010 0.000010 0.000010
0.164976 0.020995 0.000010 0.000010 0.000010 0.089727 0.000010 0.608805 0.024088 0.046974 0.044366 0.000010 0.000010 0.000010
0.155838 0.031940 0.005249 0.000010 0.015615 0.000010 0.016292 0.720565 0.000010 0.000010 0.048135 0.000010 0.006306 0.000010
0.000010 0.896771 0.000010 0.000010 0.095643 0.007476 0.000010 0.000010 0.000010 0.000010 0.000010 0.000010 0.000010 0.000010
0.044021 0.408176 0.209925 0.056495 0.000010 0.017180 0.264122 0.000010 0.000010 0.000010 0.000010 0.000010 0.000010 0.000010
0.000010 0.999870 0.000010 0.000010 0.000010 0.000010 0.000010 0.000010 0.000010 0.000010 0.000010 0.000010 0.000010 0.000010
0.000010 0.999870 0.000010 0.000010 0.000010 0.000010 0.000010 0.000010 0.000010 0.000010 0.000010 0.000010 0.000010 0.000010
0.000010 0.999870 0.000010 0.000010 0.000010 0.000010 0.000010 0.000010 0.000010 0.000010 0.000010 0.000010 0.000010 0.000010
0.000010 0.999870 0.000010 0.000010 0.000010 0.000010 0.000010 0.000010 0.000010 0.000010 0.000010 0.000010 0.000010 0.000010
0.000010 0.999870 0.000010 0.000010 0.000010 0.000010 0.000010 0.000010 0.000010 0.000010 0.000010 0.000010 0.000010 0.000010
0.000010 0.999870 0.000010 0.000010 0.000010 0.000010 0.000010 0.000010 0.000010 0.000010 0.000010 0.000010 0.000010 0.000010
0.000010 0.033310 0.053184 0.000010 0.047703 0.245910 0.000010 0.263605 0.041706 0.000010 0.314513 0.000010 0.000010 0.000010
0.000010 0.999850 0.000010 0.000010 0.000010 0.000010 0.000020 0.000010 0.000020 0.000010 0.000010 0.000010 0.000010 0.000010
0.000010 0.875127 0.007556 0.005263 0.009836 0.000010 0.000010 0.000010 0.050621 0.005654 0.000010 0.004607 0.000010 0.041276
0.000010 0.000010 0.014062 0.000010 0.000010 0.882408 0.000010 0.092480 0.000010 0.000010 0.010949 0.000010 0.000010 0.000010
0.000010 0.816346 0.000010 0.045083 0.021037 0.000010 0.023804 0.000010 0.025157 0.002419 0.032072 0.028760 0.000010 0.005272
0.000010 0.502744 0.000010 0.070014 0.012844 0.082949 0.000010 0.000010 0.000010 0.000010 0.054908 0.000010 0.040989 0.235481
0.000010 0.999870 0.000010 0.000010 0.000010 0.000010 0.000010 0.000010 0.000010 0.000010 0.000010 0.000010 0.000010 0.000010
0.000010 0.999870 0.000010 0.000010 0.000010 0.000010 0.000010 0.000010 0.000010 0.000010 0.000010 0.000010 0.000010 0.000010
0.000010 0.999870 0.000010 0.000010 0.000010 0.000010 0.000010 0.000010 0.000010 0.000010 0.000010 0.000010 0.000010 0.000010
0.000010 0.999866 0.000010 0.000010 0.000010 0.000010 0.000014 0.000010 0.000010 0.000010 0.000010 0.000010 0.000010 0.000010
0.000010 0.973858 0.000010 0.000010 0.004697 0.000010 0.000010 0.000010 0.000010 0.000010 0.021336 0.000010 0.000010 0.000010
0.000010 0.999870 0.000010 0.000010 0.000010 0.000010 0.000010 0.000010 0.000010 0.000010 0.000010 0.000010 0.000010 0.000010
0.000010 0.000010 0.000010 0.000010 0.000010 0.000010 0.000010 0.000010 0.000010 0.000010 0.999870 0.000010 0.000010 0.000010
0.000010 0.000010 0.000010 0.000010 0.000010 0.000010 0.000010 0.000010 0.999870 0.000010 0.000010 0.000010 0.000010 0.000010
0.000010 0.000010 0.000010 0.000010 0.000010 0.000010 0.000010 0.000010 0.999870 0.000010 0.000010 0.000010 0.000010 0.000010
0.000010 0.000010 0.000010 0.000010 0.000010 0.000010 0.000010 0.000010 0.999870 0.000010 0.000010 0.000010 0.000010 0.000010
0.000010 0.999870 0.000010 0.000010 0.000010 0.000010 0.000010 0.000010 0.000010 0.000010 0.000010 0.000010 0.000010 0.000010
0.000010 0.999870 0.000010 0.000010 0.000010 0.000010 0.000010 0.000010 0.000010 0.000010 0.000010 0.000010 0.000010 0.000010
0.000010 0.000010 0.000010 0.000010 0.000010 0.000010 0.000010 0.000010 0.999870 0.000010 0.000010 0.000010 0.000010 0.000010
0.000010 0.000010 0.000010 0.000010 0.000010 0.019676 0.000010 0.000010 0.980204 0.000010 0.000010 0.000010 0.000010 0.000010
0.000010 0.000010 0.000010 0.000010 0.000010 0.000010 0.000010 0.000010 0.999870 0.000010 0.000010 0.000010 0.000010 0.000010
0.000010 0.999870 0.000010 0.000010 0.000010 0.000010 0.000010 0.000010 0.000010 0.000010 0.000010 0.000010 0.000010 0.000010
0.000014 0.999866 0.000010 0.000010 0.000010 0.000010 0.000010 0.000010 0.000010 0.000010 0.000010 0.000010 0.000010 0.000010
0.000010 0.000010 0.000010 0.000010 0.000010 0.000010 0.000010 0.000010 0.000010 0.238003 0.000010 0.761877 0.000010 0.000010
0.000010 0.999866 0.000014 0.000010 0.000010 0.000010 0.000010 0.000010 0.000010 0.000010 0.000010 0.000010 0.000010 0.000010
0.000010 0.000010 0.000010 0.000010 0.000010 0.094059 0.000010 0.000010 0.000010 0.000010 0.000010 0.000010 0.905821 0.000010
0.000010 0.000010 0.000010 0.999870 0.000010 0.000010 0.000010 0.000010 0.000010 0.000010 0.000010 0.000010 0.000010 0.000010
0.000010 0.033365 0.000010 0.966515 0.000010 0.000010 0.000010 0.000010 0.000010 0.000010 0.000010 0.000010 0.000010 0.000010
0.104431 0.000010 0.000010 0.000010 0.014215 0.533343 0.000010 0.138461 0.000010 0.000010 0.000010 0.000017 0.061487 0.147975
0.000010 0.000010 0.000010 0.999870 0.000010 0.000010 0.000010 0.000010 0.000010 0.000010 0.000010 0.000010 0.000010 0.000010
0.000010 0.006300 0.000010 0.000010 0.002526 0.000987 0.920239 0.000010 0.000010 0.000010 0.005984 0.000010 0.063884 0.000010
0.000010 0.016144 0.056066 0.067744 0.115985 0.000010 0.102038 0.209821 0.024188 0.191091 0.021051 0.095499 0.100344 0.000010
0.015442 0.069514 0.025434 0.000010 0.000010 0.375462 0.005012 0.134462 0.000010 0.000010 0.020466 0.003370 0.070806 0.279992
0.065524 0.002580 0.038639 0.057559 0.051053 0.000010 0.039432 0.013026 0.534183 0.103278 0.013163 0.000010 0.000010 0.081532
0.000010 0.309145 0.000010 0.000010 0.000010 0.000010 0.000010 0.000010 0.000010 0.000010 0.000010 0.000010 0.000010 0.690735
0.000010 0.331689 0.000010 0.000010 0.000010 0.000010 0.000010 0.000010 0.000010 0.000010 0.000010 0.000010 0.000010 0.668191
0.033049 0.000010 0.007911 0.000010 0.028871 0.815747 0.000010 0.027184 0.022807 0.000010 0.000010 0.000010 0.000010 0.064361
0.000010 0.672475 0.032322 0.042735 0.000010 0.000010 0.002891 0.042766 0.064932 0.015433 0.014344 0.015746 0.088565 0.007762
0.058186 0.036391 0.052529 0.000010 0.033554 0.361038 0.000010 0.353793 0.011098 0.000076 0.048196 0.017095 0.016289 0.011733
0.049795 0.061617 0.014341 0.007927 0.000010 0.757492 0.000010 0.064405 0.000010 0.007009 0.007102 0.000205 0.000010 0.030066
0.034153 0.294154 0.000010 0.050560 0.004193 0.390887 0.000010 0.010320 0.000010 0.000010 0.000010 0.033483 0.000210 0.181989
0.035244 0.000010 0.000010 0.022644 0.430330 0.000010 0.000010 0.322850 0.000010 0.000010 0.013634 0.000010 0.175218 0.000010
0.774774 0.017117 0.016842 0.000010 0.000010 0.000010 0.000010 0.108193 0.000010 0.000010 0.026593 0.012827 0.043583 0.000010
0.113546 0.000010 0.000010 0.000010 0.008282 0.029949 0.000010 0.586115 0.016569 0.063271 0.069374 0.031251 0.081595 0.000010
0.002779 0.005269 0.000010 0.038386 0.000010 0.040631 0.106146 0.000012 0.590304 0.163641 0.008992 0.014126 0.029684 0.000010
0.000010 0.870032 0.000010 0.037973 0.027619 0.000010 0.000010 0.000010 0.038472 0.000010 0.000010 0.000010 0.000010 0.025814
0.059032 0.000010 0.000010 0.014963 0.007357 0.000010 0.175445 0.000010 0.547083 0.098798 0.000010 0.028757 0.000010 0.068503
0.000010 0.000010 0.000010 0.000010 0.000010 0.000010 0.000010 0.000010 0.999870 0.000010 0.000010 0.000010 0.000010 0.000010
0.145790 0.000010 0.010246 0.004083 0.000010 0.362166 0.034502 0.285955 0.000010 0.011303 0.070917 0.000010 0.000010 0.074988
0.000010 0.000010 0.010598 0.027053 0.029056 0.660005 0.000010 0.184869 0.013805 0.019415 0.011253 0.043896 0.000010 0.000010
0.000010 0.000010 0.000010 0.000010 0.000010 0.000010 0.649134 0.000010 0.000010 0.000010 0.000010 0.350745 0.000010 0.000010
0.000010 0.008937 0.013900 0.020905 0.000010 0.571996 0.022446 0.192469 0.028204 0.000010 0.049574 0.036124 0.030490 0.024924
0.000165 0.007056 0.021616 0.014315 0.021503 0.749383 0.000010 0.074964 0.027393 0.009884 0.000010 0.000010 0.031658 0.042033
0.023615 0.000010 0.011984 0.009435 0.000010 0.853284 0.005075 0.051329 0.000010 0.000010 0.045208 0.000010 0.000010 0.000010
0.000010 0.000010 0.040324 0.000010 0.041415 0.025884 0.050931 0.313232 0.036475 0.205844 0.000010 0.000010 0.080808 0.205038
0.000010 0.000010 0.000010 0.000010 0.000010 0.000010 0.000010 0.000010 0.000010 0.999870 0.000010 0.000010 0.000010 0.000010
0.000010 0.029201 0.019298 0.014545 0.055363 0.508934 0.000010 0.133556 0.000010 0.000010 0.152454 0.025973 0.060627 0.000010
0.000010 0.000010 0.000010 0.000010 0.000010 0.000010 0.000010 0.000010 0.999870 0.000010 0.000010 0.000010 0.000010 0.000010
0.062836 0.004824 0.059740 0.000010 0.057867 0.048075 0.000010 0.533470 0.009809 0.064731 0.126965 0.000010 0.000010 0.031644
0.000010 0.057118 0.000010 0.023745 0.006120 0.490343 0.000010 0.126485 0.000010 0.000010 0.000010 0.000010 0.030659 0.265460
0.000010 0.012698 0.016649 0.188842 0.000010 0.000010 0.249065 0.097310 0.351942 0.000010 0.000010 0.030799 0.000010 0.052635
0.098101 0.000599 0.069374 0.000010 0.055845 0.094042 0.000010 0.494363 0.038334 0.055301 0.043681 0.050321 0.000010 0.000010
0.000010 0.999870 0.000010 0.000010 0.000010 0.000010 0.000010 0.000010 0.000010 0.000010 0.000010 0.000010 0.000010 0.000010
0.000010 0.032812 0.054229 0.022761 0.000010 0.562327 0.000010 0.080218 0.000010 0.000010 0.048338 0.000010 0.072658 0.126597
0.000010 0.017583 0.025513 0.013979 0.000010 0.585606 0.000010 0.139396 0.000010 0.000010 0.065270 0.000010 0.058031 0.094563
0.043800 0.020836 0.048440 0.000010 0.056278 0.540400 0.000010 0.202569 0.020491 0.026700 0.008224 0.001854 0.000010 0.030379
0.045055 0.022853 0.021579 0.000010 0.028664 0.732990 0.000010 0.037252 0.000010 0.000010 0.000010 0.000010 0.111537 0.000010
0.020056 0.059174 0.008090 0.000010 0.000010 0.142490 0.000010 0.099072 0.010815 0.049598 0.000010 0.000010 0.021773 0.588882
0.000010 0.036809 0.020112 0.040701 0.007900 0.179242 0.000010 0.367742 0.077728 0.019179 0.107920 0.028611 0.081487 0.032549
0.154495 0.000010 0.000010 0.000010 0.000010 0.778165 0.000010 0.000010 0.000010 0.000010 0.000010 0.051158 0.000010 0.016082
0.004195 0.027242 0.000010 0.000010 0.000010 0.968453 0.000010 0.000010 0.000010 0.000010 0.000010 0.000010 0.000010 0.000010
0.032462 0.019396 0.000010 0.018335 0.031612 0.122917 0.000010 0.360062 0.049367 0.026734 0.267542 0.000010 0.000010 0.071532
0.042318 0.133483 0.000010 0.000010 0.012805 0.678724 0.000010 0.006422 0.000010 0.000010 0.016913 0.000010 0.000010 0.109264
0.000010 0.075977 0.045595 0.038518 0.015253 0.075680 0.000010 0.489946 0.046381 0.000010 0.140715 0.035682 0.000010 0.036213
0.072093 0.055950 0.002826 0.012110 0.020317 0.700608 0.018980 0.054951 0.002229 0.016079 0.014917 0.000010 0.000010 0.028920
0.159076 0.025786 0.000010 0.016256 0.012410 0.585748 0.000010 0.135169 0.000010 0.000010 0.036853 0.000010 0.000010 0.028642
0.070533 0.000010 0.092208 0.000010 0.044208 0.000010 0.000010 0.600400 0.049615 0.000503 0.055541 0.000010 0.000010 0.086933
0.000010 0.000010 0.000010 0.002682 0.036347 0.895660 0.000010 0.038318 0.003903 0.000010 0.000010 0.000010 0.015353 0.007667
0.109024 0.297150 0.000010 0.051536 0.000010 0.225970 0.000010 0.006210 0.021487 0.016598 0.011622 0.000010 0.000879 0.259483
0.036304 0.011128 0.000010 0.002954 0.004885 0.810476 0.000010 0.045060 0.023821 0.013697 0.008396 0.000010 0.005475 0.037775
0.000010 0.310159 0.000010 0.025934 0.000010 0.369062 0.000010 0.049147 0.000010 0.000010 0.007068 0.000010 0.000010 0.238550
0.000010 0.000010 0.023275 0.038609 0.010337 0.567036 0.000010 0.181632 0.000010 0.004334 0.116958 0.000010 0.014214 0.043555
0.053115 0.038381 0.000010 0.006477 0.000010 0.766638 0.000010 0.044157 0.000010 0.002588 0.000010 0.010002 0.000010 0.078581
0.037480 0.019579 0.000010 0.011718 0.018439 0.637679 0.000010 0.071612 0.011632 0.000010 0.041094 0.000010 0.066300 0.084428
0.000010 0.265416 0.000010 0.000010 0.000010 0.000010 0.000010 0.000010 0.000010 0.000010 0.000010 0.000010 0.000010 0.734464
0.000010 0.000010 0.000010 0.000010 0.000010 0.000010 0.000010 0.000010 0.000010 0.000010 0.000010 0.000010 0.000010 0.999870
0.000010 0.000010 0.000010 0.000010 0.000010 0.000010 0.000010 0.000010 0.000010 0.000010 0.000010 0.999870 0.000010 0.000010
0.000010 0.139336 0.000010 0.000010 0.000010 0.000010 0.000010 0.000010 0.000010 0.000010 0.000010 0.150090 0.000010 0.710464
0.000010 0.209112 0.000010 0.000010 0.000010 0.000010 0.000010 0.000010 0.000010 0.022758 0.000010 0.112338 0.000010 0.655691
0.000010 0.000010 0.000010 0.000010 0.000010 0.000010 0.000010 0.000010 0.004459 0.000010 0.000010 0.000010 0.004964 0.990467
0.000010 0.000871 0.000010 0.000010 0.013563 0.008217 0.000010 0.037367 0.000010 0.411480 0.000010 0.000010 0.000010 0.528421
0.000010 0.173663 0.020671 0.013798 0.001323 0.060106 0.000010 0.064754 0.000010 0.000010 0.035253 0.063835 0.010722 0.555835
0.000010 0.000010 0.000010 0.000010 0.000010 0.000010 0.000010 0.000010 0.000010 0.000010 0.000010 0.999870 0.000010 0.000010
0.046365 0.000010 0.000010 0.022402 0.078406 0.438412 0.000010 0.073320 0.000010 0.036995 0.262935 0.016984 0.024133 0.000010
0.000010 0.000010 0.000010 0.000010 0.000010 0.000010 0.000010 0.000010 0.000010 0.000010 0.000010 0.000010 0.000010 0.999870
0.000010 0.000010 0.000010 0.000010 0.000010 0.000010 0.000010 0.000010 0.000010 0.000010 0.000010 0.691507 0.000010 0.308373
0.000010 0.000010 0.000010 0.000010 0.000010 0.000010 0.000010 0.000010 0.000010 0.999870 0.000010 0.000010 0.000010 0.000010
0.000010 0.000010 0.000010 0.161733 0.026969 0.000532 0.186946 0.026957 0.451720 0.000010 0.072724 0.000010 0.068993 0.003377
0.043109 0.000010 0.026166 0.173114 0.009633 0.000010 0.199784 0.010952 0.461135 0.000010 0.023336 0.000010 0.052720 0.000010
0.000010 0.000010 0.000010 0.000011 0.000010 0.000010 0.000010 0.000010 0.000010 0.999869 0.000010 0.000010 0.000010 0.000010
0.002660 0.000010 0.000010 0.000010 0.000010 0.064642 0.000010 0.000010 0.000010 0.000010 0.000010 0.016458 0.000010 0.916140
0.000010 0.000010 0.000010 0.000010 0.000010 0.000010 0.000010 0.000010 0.000010 0.000010 0.000010 0.008070 0.000010 0.991810
0.000010 0.000010 0.000010 0.000010 0.000010 0.000010 0.000010 0.000010 0.000010 0.000010 0.000010 0.828553 0.000010 0.171327
0.000010 0.000010 0.000010 0.412117 0.000010 0.000010 0.229253 0.096920 0.140667 0.041917 0.019814 0.000010 0.040153 0.019099
0.000010 0.000010 0.000010 0.999870 0.000010 0.000010 0.000010 0.000010 0.000010 0.000010 0.000010 0.000010 0.000010 0.000010
0.043704 0.000075 0.048307 0.000010 0.032781 0.000010 0.704108 0.000010 0.084287 0.028292 0.000010 0.058386 0.000010 0.000010
0.000010 0.000010 0.000010 0.000010 0.000010 0.030551 0.000010 0.004159 0.036142 0.000010 0.000010 0.024139 0.024382 0.880547
0.181551 0.007921 0.000924 0.000010 0.000010 0.769880 0.000010 0.000010 0.000010 0.002712 0.000010 0.011741 0.000010 0.025201
0.126389 0.006129 0.000010 0.000010 0.000010 0.653038 0.000010 0.108974 0.000010 0.000010 0.026924 0.016588 0.037613 0.024285
0.000010 0.044152 0.021321 0.000010 0.028230 0.000010 0.000010 0.754112 0.053823 0.030386 0.018473 0.000010 0.049444 0.000010
0.058526 0.018709 0.004093 0.000010 0.000010 0.000010 0.000010 0.757875 0.079276 0.000613 0.048547 0.010380 0.021931 0.000010
0.000010 0.000298 0.000010 0.000010 0.001071 0.866245 0.000010 0.049039 0.000010 0.000010 0.022566 0.010284 0.004814 0.045622
0.020020 0.352889 0.000010 0.044134 0.000010 0.193442 0.000010 0.031008 0.000010 0.009060 0.072762 0.000010 0.003286 0.273348
0.080097 0.125124 0.000010 0.011615 0.007325 0.230950 0.000010 0.310462 0.000010 0.000010 0.072601 0.021052 0.004711 0.136023
0.026881 0.048416 0.000010 0.045264 0.021662 0.414392 0.000010 0.263938 0.020204 0.000010 0.000010 0.088524 0.000010 0.070668
0.000010 0.000010 0.999870 0.000010 0.000010 0.000010 0.000010 0.000010 0.000010 0.000010 0.000010 0.000010 0.000010 0.000010
0.206826 0.005486 0.002790 0.000010 0.016004 0.509882 0.000010 0.155517 0.000010 0.018483 0.023479 0.012094 0.030254 0.019156
0.079857 0.014883 0.000010 0.003134 0.000010 0.860107 0.000010 0.000010 0.000010 0.008801 0.000010 0.033138 0.000010 0.000010
0.566958 0.000010 0.000010 0.000010 0.000010 0.154165 0.000010 0.148793 0.018383 0.040944 0.026644 0.012840 0.006225 0.024997
0.089666 0.010277 0.000010 0.019196 0.010272 0.598482 0.000010 0.177677 0.000010 0.000010 0.042599 0.000010 0.051772 0.000010
0.574181 0.035377 0.000010 0.000010 0.022680 0.172456 0.000010 0.149571 0.000010 0.000010 0.011141 0.000010 0.034525 0.000010
0.095040 0.035472 0.006984 0.000010 0.000010 0.344942 0.015742 0.416929 0.038358 0.000010 0.027936 0.016860 0.001697 0.000010
0.000010 0.000010 0.000010 0.000010 0.000010 0.000010 0.000010 0.000010 0.000010 0.000010 0.000010 0.999870 0.000010 0.000010
0.015614 0.007478 0.000010 0.000010 0.000010 0.561633 0.000010 0.221471 0.005832 0.021873 0.009034 0.010137 0.054751 0.092136
0.178741 0.003098 0.000010 0.000010 0.000010 0.585257 0.000010 0.181435 0.028669 0.014957 0.007772 0.000010 0.000010 0.000010
0.106365 0.008966 0.001822 0.000455 0.000010 0.588552 0.000010 0.198007 0.000010 0.029484 0.021130 0.000010 0.000010 0.045170
0.061680 0.034414 0.000010 0.040775 0.000010 0.206395 0.000010 0.452584 0.046322 0.000010 0.090390 0.014889 0.000010 0.052501
0.000010 0.000010 0.000010 0.000010 0.000010 0.908662 0.003924 0.000010 0.000010 0.026037 0.000010 0.000010 0.000010 0.061277
0.000010 0.007050 0.000010 0.000010 0.029760 0.123330 0.000010 0.000010 0.000010 0.000010 0.000010 0.000010 0.839760 0.000010
0.171177 0.017454 0.000010 0.077593 0.000010 0.002751 0.000010 0.641194 0.051939 0.013469 0.024362 0.000010 0.000010 0.000010
0.049163 0.000010 0.000010 0.062786 0.000010 0.127423 0.000010 0.514620 0.048132 0.006199 0.052877 0.051356 0.087396 0.000010
0.099692 0.028666 0.000010 0.061790 0.064075 0.044823 0.000010 0.540450 0.067341 0.000010 0.046213 0.023255 0.000010 0.023654
0.073527 0.000010 0.000010 0.000010 0.033667 0.205224 0.000010 0.589603 0.000010 0.000010 0.068460 0.000010 0.000010 0.029439
0.094853 0.000010 0.000010 0.002787 0.000010 0.812804 0.000010 0.058306 0.000010 0.000010 0.014944 0.003381 0.000010 0.012853
0.030683 0.014678 0.000010 0.013353 0.038405 0.725859 0.000010 0.101955 0.000010 0.000010 0.003386 0.000010 0.019944 0.051688
0.000010 0.000010 0.000010 0.000010 0.018242 0.766730 0.000010 0.178719 0.000010 0.036209 0.000010 0.000010 0.000010 0.000010
0.009443 0.000058 0.000010 0.000010 0.000010 0.861565 0.000010 0.105900 0.000010 0.000010 0.022944 0.000010 0.000010 0.000010
0.234113 0.000866 0.000010 0.053860 0.060385 0.086199 0.000010 0.420236 0.000010 0.000010 0.050063 0.000010 0.094220 0.000010
0.030553 0.458653 0.017453 0.032825 0.027018 0.031411 0.000010 0.230852 0.000368 0.012247 0.049498 0.030227 0.000010 0.078874
0.000010 0.054182 0.005261 0.024520 0.031696 0.457205 0.000010 0.150335 0.008772 0.007929 0.037619 0.001532 0.047497 0.173431
0.089081 0.119614 0.007602 0.048892 0.006467 0.395132 0.000010 0.061807 0.000010 0.000010 0.008278 0.018194 0.000010 0.244892
0.000010 0.022647 0.000010 0.000010 0.000010 0.043287 0.025903 0.822999 0.000010 0.027300 0.000010 0.017263 0.040531 0.000010
0.070643 0.022087 0.000264 0.002610 0.000010 0.820447 0.000010 0.008755 0.000010 0.002690 0.032538 0.000010 0.039916 0.000010
0.021371 0.000010 0.052350 0.000010 0.000010 0.070538 0.000010 0.452622 0.072674 0.069501 0.077046 0.021407 0.000415 0.162036
0.565623 0.000010 0.000010 0.000010 0.000010 0.428649 0.000010 0.000010 0.000010 0.000010 0.005618 0.000010 0.000010 0.000010
0.000010 0.000010 0.000010 0.000010 0.000010 0.999870 0.000010 0.000010 0.000010 0.000010 0.000010 0.000010 0.000010 0.000010
0.113981 0.000010 0.000010 0.000010 0.021182 0.592486 0.000010 0.000010 0.000010 0.010466 0.039444 0.000010 0.173322 0.049048
0.151028 0.074233 0.000010 0.000010 0.000010 0.017229 0.033927 0.599595 0.000010 0.022783 0.048107 0.000010 0.051776 0.001272
0.000010 0.000010 0.000010 0.000010 0.000010 0.999870 0.000010 0.000010 0.000010 0.000010 0.000010 0.000010 0.000010 0.000010
0.022221 0.000010 0.023462 0.000010 0.002687 0.000010 0.000010 0.786596 0.000010 0.081204 0.021624 0.012352 0.049794 0.000010
0.019026 0.011063 0.000010 0.000010 0.000010 0.000010 0.048480 0.783661 0.000010 0.024415 0.001391 0.000010 0.049444 0.062460
0.000010 0.000010 0.011407 0.000010 0.038792 0.000010 0.000010 0.823807 0.000010 0.000163 0.034698 0.022458 0.068604 0.000010
0.000010 0.005300 0.000010 0.000010 0.000010 0.000010 0.037466 0.831459 0.000010 0.004165 0.000010 0.011653 0.109876 0.000010
0.000010 0.000010 0.032954 0.000010 0.033214 0.000010 0.000010 0.794217 0.000010 0.000010 0.000010 0.027398 0.020321 0.091816
0.007428 0.836381 0.000010 0.003352 0.000825 0.000010 0.000010 0.090903 0.017002 0.007926 0.000010 0.001483 0.005777 0.028881
0.000010 0.003423 0.000010 0.038583 0.056413 0.525910 0.000010 0.229597 0.000010 0.000010 0.019609 0.006619 0.004765 0.115029
0.069455 0.000846 0.000010 0.000010 0.000010 0.838502 0.000010 0.000010 0.000010 0.000010 0.007475 0.013810 0.000010 0.069832
0.000010 0.003998 0.000147 0.000010 0.034170 0.747715 0.000010 0.201939 0.000010 0.000746 0.000010 0.000010 0.000010 0.011215
0.023671 0.000010 0.000010 0.011542 0.000010 0.636916 0.000010 0.090972 0.000010 0.000010 0.036348 0.025370 0.097720 0.077400
0.087331 0.000010 0.000010 0.000010 0.000010 0.856168 0.000010 0.000010 0.000010 0.000010 0.000010 0.033172 0.006494 0.016745
0.063245 0.000010 0.000010 0.000010 0.000010 0.000010 0.003998 0.878043 0.000010 0.013124 0.000010 0.037142 0.004368 0.000010
0.040914 0.000010 0.000010 0.011232 0.000010 0.874914 0.000010 0.000010 0.002065 0.011314 0.000010 0.013203 0.046289 0.000010
0.117834 0.033023 0.036147 0.000010 0.000010 0.111025 0.011209 0.662275 0.000010 0.000010 0.028417 0.000010 0.000010 0.000010
0.000010 0.999870 0.000010 0.000010 0.000010 0.000010 0.000010 0.000010 0.000010 0.000010 0.000010 0.000010 0.000010 0.000010
0.000010 0.000010 0.000010 0.027808 0.502345 0.000010 0.013505 0.304769 0.000010 0.000010 0.013594 0.004111 0.133798 0.000010
0.085601 0.029889 0.000010 0.031594 0.007881 0.040602 0.000010 0.625787 0.000010 0.031434 0.035164 0.000010 0.096356 0.015652
0.087375 0.000829 0.000010 0.000010 0.000010 0.262591 0.008903 0.608155 0.000010 0.000010 0.005428 0.000217 0.000010 0.026441
0.014564 0.000010 0.000010 0.088455 0.039578 0.037961 0.017904 0.624027 0.023731 0.016980 0.043720 0.017021 0.076029 0.000010
0.000010 0.000017 0.009294 0.000010 0.028578 0.000010 0.036520 0.764387 0.020243 0.066972 0.000010 0.014532 0.041436 0.017980
0.019362 0.033657 0.044896 0.052492 0.025704 0.078632 0.000010 0.711414 0.000010 0.000010 0.000276 0.014540 0.018986 0.000010
