0.481295 0.000010 0.000010 0.469289 0.000010 0.000010 0.000010 0.049366
0.753150 0.001924 0.009045 0.235751 0.000010 0.000010 0.000010 0.000101
0.432200 0.024645 0.000010 0.432653 0.000010 0.028232 0.082239 0.000010
0.076235 0.000010 0.000010 0.000010 0.000010 0.000010 0.006441 0.917274
0.580090 0.000010 0.044337 0.285746 0.010354 0.000010 0.079443 0.000010
0.197008 0.000010 0.000010 0.762579 0.000010 0.000010 0.032173 0.008200
0.171792 0.000010 0.000010 0.310624 0.000010 0.000010 0.079716 0.437828
0.048482 0.000010 0.000010 0.951458 0.000010 0.000010 0.000010 0.000010
0.799837 0.018280 0.000010 0.120834 0.000010 0.000010 0.029298 0.031721
0.061254 0.000010 0.000010 0.925141 0.000010 0.000010 0.013554 0.000010
0.201498 0.000010 0.000010 0.745595 0.000010 0.000010 0.052857 0.000010
0.619257 0.000010 0.000010 0.363944 0.000010 0.016749 0.000010 0.000010
0.576068 0.138587 0.000010 0.000010 0.000010 0.000010 0.225207 0.060097
0.427513 0.023562 0.000010 0.000010 0.000010 0.000010 0.076282 0.472604
0.000850 0.000010 0.000010 0.960786 0.000010 0.008872 0.025355 0.004107
0.543210 0.011955 0.000010 0.368724 0.000010 0.010339 0.065742 0.000010
0.213648 0.000010 0.013600 0.734899 0.000010 0.000010 0.004771 0.033052
0.152095 0.001450 0.000010 0.501916 0.000010 0.000010 0.036682 0.307827
0.044692 0.000010 0.000010 0.362035 0.000010 0.000010 0.593223 0.000010
0.000010 0.000010 0.000010 0.000010 0.000010 0.999930 0.000010 0.000010
0.000010 0.000010 0.000010 0.008418 0.000010 0.991522 0.000010 0.000010
0.000010 0.000010 0.000010 0.000010 0.000010 0.999930 0.000010 0.000010
0.000010 0.000010 0.000010 0.039684 0.000010 0.960256 0.000010 0.000010
0.115042 0.034001 0.014957 0.047708 0.000010 0.019030 0.054686 0.714566
0.105840 0.000010 0.000010 0.096348 0.000010 0.000010 0.797762 0.000010
0.000010 0.000010 0.000010 0.000010 0.000010 0.989837 0.000010 0.010103
0.840036 0.014969 0.000010 0.117671 0.000010 0.004120 0.013791 0.009393
0.000010 0.000010 0.000010 0.000010 0.000010 0.999930 0.000010 0.000010
0.795407 0.007010 0.008459 0.096911 0.017312 0.000010 0.043125 0.031766
0.870742 0.000010 0.000010 0.069173 0.019499 0.000010 0.000010 0.040546
0.919156 0.000010 0.000010 0.000010 0.000010 0.000010 0.080784 0.000010
0.847792 0.038566 0.005186 0.082288 0.000010 0.000010 0.026138 0.000010
0.385785 0.196951 0.098804 0.036048 0.000010 0.000010 0.169387 0.113005
0.616862 0.116746 0.065091 0.000010 0.000010 0.000010 0.191423 0.009848
0.720389 0.000010 0.052145 0.201805 0.000010 0.000010 0.025621 0.000010
0.276285 0.000010 0.000010 0.301356 0.007003 0.000010 0.037718 0.377609
0.109536 0.000010 0.000010 0.363906 0.000010 0.000010 0.093399 0.433119
0.000010 0.000010 0.000010 0.000010 0.999930 0.000010 0.000010 0.000010
0.851962 0.026692 0.000010 0.026579 0.000010 0.000010 0.069033 0.025704
0.798726 0.000010 0.022456 0.043941 0.000010 0.000010 0.134837 0.000010
0.000010 0.000010 0.000010 0.999930 0.000010 0.000010 0.000010 0.000010
0.647491 0.007699 0.026760 0.212653 0.000010 0.000010 0.082105 0.023272
0.210678 0.020559 0.000010 0.768713 0.000010 0.000010 0.000010 0.000010
0.123327 0.000010 0.000010 0.840106 0.000010 0.000010 0.006168 0.030359
0.491969 0.051242 0.000010 0.000010 0.000010 0.000010 0.456739 0.000010
0.000010 0.000010 0.000010 0.000010 0.308919 0.691021 0.000010 0.000010
0.000010 0.000010 0.000010 0.000010 0.290659 0.683400 0.025891 0.000010
0.223825 0.145627 0.129787 0.000010 0.121828 0.307114 0.071798 0.000010
0.478017 0.108279 0.037028 0.038230 0.000010 0.026115 0.312311 0.000010
0.542130 0.067143 0.032554 0.037289 0.000010 0.040470 0.263298 0.017105
0.000010 0.000010 0.000010 0.000010 0.000010 0.000010 0.999930 0.000010
0.495761 0.086147 0.079239 0.003200 0.000010 0.049547 0.286086 0.000010
0.000010 0.000010 0.000010 0.011154 0.000010 0.000010 0.988786 0.000010
0.607070 0.113500 0.000010 0.049450 0.001705 0.000010 0.228244 0.000010
0.506574 0.128204 0.068527 0.000010 0.006504 0.000010 0.290160 0.000010
0.999930 0.000010 0.000010 0.000010 0.000010 0.000010 0.000010 0.000010
0.098746 0.000010 0.002137 0.898423 0.000010 0.000010 0.000010 0.000653
0.871950 0.054130 0.000010 0.005918 0.000010 0.000010 0.052162 0.015810
0.803579 0.000010 0.000010 0.053458 0.000010 0.000010 0.138219 0.004704
0.121746 0.000010 0.000010 0.725264 0.000010 0.000010 0.097670 0.055279
0.894960 0.000010 0.000010 0.000010 0.000010 0.000010 0.104980 0.000010
0.804208 0.035183 0.000010 0.088993 0.006017 0.000010 0.059373 0.006206
0.393218 0.000010 0.000010 0.447402 0.000010 0.013388 0.145951 0.000010
0.911147 0.024569 0.000010 0.024912 0.000010 0.000010 0.020572 0.018770
0.710300 0.018339 0.000010 0.090984 0.000010 0.000010 0.153963 0.026384
0.230085 0.045022 0.027660 0.235229 0.019198 0.000010 0.222033 0.220761
0.000010 0.171998 0.000010 0.000010 0.609873 0.000010 0.000010 0.218079
0.255027 0.033395 0.020689 0.004260 0.005104 0.000010 0.000010 0.681506
0.086245 0.000010 0.000010 0.913695 0.000010 0.000010 0.000010 0.000010
0.561373 0.086791 0.035340 0.000010 0.000010 0.000010 0.301964 0.014502
0.470576 0.091476 0.073736 0.059224 0.000010 0.000010 0.304958 0.000010
0.372042 0.036412 0.044044 0.090567 0.000010 0.000010 0.452811 0.004104
0.866525 0.000010 0.000010 0.129628 0.000010 0.000010 0.003797 0.000010
0.826903 0.000010 0.000010 0.060430 0.000010 0.000010 0.084021 0.028606
0.820986 0.014394 0.000010 0.135696 0.000010 0.000010 0.028884 0.000010
0.858809 0.015993 0.000010 0.016035 0.000010 0.000010 0.109123 0.000010
0.866524 0.000010 0.000010 0.000010 0.000010 0.000010 0.089502 0.043924
0.725527 0.000010 0.000010 0.076127 0.012871 0.000010 0.185435 0.000010
0.000010 0.000010 0.000010 0.000010 0.999930 0.000010 0.000010 0.000010
0.798262 0.000010 0.000010 0.077705 0.000010 0.000010 0.089813 0.034180
0.781619 0.000010 0.000010 0.045279 0.000010 0.000010 0.173052 0.000010
0.259059 0.004900 0.000010 0.731898 0.000010 0.004103 0.000010 0.000010
0.213686 0.000010 0.000010 0.743758 0.000010 0.000010 0.011274 0.031241
0.908204 0.000010 0.000010 0.053359 0.000010 0.038387 0.000010 0.000010
0.094011 0.000010 0.000010 0.772435 0.000010 0.000010 0.060438 0.073076
0.000010 0.000010 0.000011 0.000010 0.999929 0.000010 0.000010 0.000010
0.070898 0.000010 0.127672 0.000010 0.001089 0.719022 0.081289 0.000010
0.253721 0.000010 0.000010 0.704504 0.000010 0.000010 0.018587 0.023148
0.678876 0.045923 0.000010 0.213686 0.000010 0.007231 0.033688 0.020577
0.000010 0.009940 0.045417 0.000010 0.006256 0.833584 0.086016 0.018768
0.125098 0.000010 0.075860 0.002072 0.000010 0.796597 0.000010 0.000343
0.084703 0.000010 0.116735 0.001280 0.048473 0.727802 0.009897 0.011099
0.049582 0.000010 0.082428 0.000010 0.009202 0.833157 0.025600 0.000010
0.011054 0.010547 0.038007 0.000010 0.032155 0.830996 0.077220 0.000010
0.452041 0.007609 0.000010 0.178896 0.000010 0.265507 0.042006 0.053921
0.291896 0.114653 0.014129 0.000010 0.000010 0.000010 0.579282 0.000010
0.315805 0.116047 0.000010 0.000056 0.000010 0.035253 0.532809 0.000010
0.485074 0.032904 0.022946 0.399976 0.000010 0.000010 0.059071 0.000010
0.072544 0.000010 0.000010 0.865231 0.000010 0.025550 0.000010 0.036635
0.256964 0.105537 0.057364 0.000010 0.000010 0.001591 0.578515 0.000010
0.910323 0.000010 0.000010 0.089617 0.000010 0.000010 0.000010 0.000010
0.335018 0.080584 0.000010 0.000010 0.000010 0.032629 0.551729 0.000010
0.693847 0.000010 0.000010 0.283239 0.000010 0.000010 0.022864 0.000010
0.000010 0.000010 0.000010 0.000010 0.000010 0.000010 0.000010 0.999930
0.140125 0.001199 0.000010 0.825810 0.000010 0.000010 0.025260 0.007576
0.160731 0.077689 0.020882 0.014661 0.000010 0.000010 0.303900 0.422117
0.252811 0.000010 0.000010 0.668443 0.000010 0.000010 0.052793 0.025913
0.837671 0.000010 0.000010 0.119520 0.000010 0.000010 0.017942 0.024828
0.681566 0.000010 0.000010 0.277667 0.000010 0.000010 0.011386 0.029340
0.105277 0.000010 0.000010 0.894663 0.000010 0.000010 0.000010 0.000010
0.180507 0.015792 0.054627 0.033270 0.030199 0.031659 0.653936 0.000010
0.379688 0.000010 0.000010 0.611957 0.000010 0.000010 0.008305 0.000010
0.161845 0.000010 0.000010 0.818392 0.007353 0.000010 0.012370 0.000010
0.045303 0.000010 0.000010 0.942918 0.000010 0.000010 0.011728 0.000010
0.820804 0.009828 0.000010 0.169317 0.000010 0.000010 0.000010 0.000010
0.250345 0.010960 0.000010 0.672962 0.000010 0.000010 0.032748 0.032956
0.000010 0.000010 0.000010 0.000010 0.000010 0.000010 0.000010 0.999930
0.000010 0.000010 0.000010 0.000010 0.000010 0.000010 0.000010 0.999930
0.151649 0.000010 0.000010 0.848291 0.000010 0.000010 0.000010 0.000010
0.000010 0.000010 0.000010 0.000010 0.000010 0.000010 0.000010 0.999930
0.050799 0.000010 0.006432 0.836913 0.000010 0.007658 0.077604 0.020573
0.000010 0.000010 0.000010 0.999930 0.000010 0.000010 0.000010 0.000010
0.000010 0.000010 0.000010 0.000010 0.000010 0.000010 0.000010 0.999930
0.000010 0.000010 0.000010 0.000010 0.000010 0.000010 0.000010 0.999930
0.000010 0.000010 0.000010 0.000010 0.000010 0.000010 0.000010 0.999930
0.000010 0.000010 0.000010 0.000010 0.000010 0.000010 0.000010 0.999930
0.101901 0.011697 0.032112 0.000010 0.000010 0.000010 0.000010 0.854249
0.696616 0.000010 0.000010 0.236441 0.000010 0.009867 0.043372 0.013674
0.807969 0.000010 0.000010 0.168375 0.000010 0.000010 0.003679 0.019936
0.000010 0.000013 0.000010 0.000010 0.000010 0.000010 0.000010 0.999927
0.191558 0.000010 0.000010 0.497339 0.000010 0.000010 0.110255 0.200807
0.184267 0.000010 0.000010 0.789296 0.000010 0.000010 0.000010 0.026388
0.000010 0.000010 0.000010 0.000010 0.000010 0.000010 0.000010 0.999930
0.000010 0.006799 0.018511 0.000010 0.000010 0.000010 0.019525 0.955126
0.000010 0.000011 0.000010 0.000010 0.000010 0.000010 0.000010 0.999929
0.723460 0.008124 0.000010 0.176132 0.018865 0.000010 0.073389 0.000010
0.810718 0.000010 0.000010 0.189222 0.000010 0.000010 0.000010 0.000010
0.763755 0.000010 0.035768 0.200427 0.000010 0.000010 0.000010 0.000010
0.878022 0.000010 0.000010 0.093309 0.000010 0.000010 0.018637 0.009992
0.000010 0.000010 0.000010 0.055495 0.000010 0.000010 0.036111 0.908344
0.000010 0.290111 0.000010 0.000010 0.216859 0.238851 0.000010 0.254140
0.000010 0.000010 0.000010 0.000010 0.000010 0.000010 0.000010 0.999930
0.000010 0.000010 0.000010 0.000010 0.000010 0.000010 0.000010 0.999930
0.000010 0.000010 0.000010 0.000010 0.000010 0.000010 0.000010 0.999930
0.000010 0.000010 0.000010 0.000010 0.000010 0.000010 0.000010 0.999930
0.000010 0.000018 0.000010 0.000010 0.000010 0.000010 0.000010 0.999922
0.000010 0.000010 0.000010 0.000010 0.000010 0.000010 0.000010 0.999930
0.699315 0.000010 0.036099 0.237608 0.013970 0.000010 0.000010 0.012977
0.000010 0.000010 0.000010 0.000010 0.000010 0.000010 0.000010 0.999930
0.030381 0.000010 0.059706 0.000010 0.000010 0.000010 0.018432 0.891440
0.057298 0.000010 0.000010 0.942634 0.000010 0.000010 0.000017 0.000010
0.028696 0.000010 0.027765 0.004311 0.000010 0.000010 0.090824 0.848373
0.176728 0.001954 0.000010 0.149671 0.000010 0.000010 0.084624 0.586992
0.000010 0.000010 0.000010 0.000010 0.000010 0.000010 0.000010 0.999930
0.000010 0.000010 0.000011 0.000010 0.000010 0.000010 0.000010 0.999929
0.000010 0.000010 0.000010 0.000010 0.000010 0.000010 0.000010 0.999930
0.000010 0.000010 0.000010 0.000010 0.000010 0.000010 0.000010 0.999930
0.018769 0.000010 0.000010 0.000010 0.000010 0.000010 0.000010 0.981171
0.000010 0.000020 0.000010 0.000010 0.000010 0.000010 0.000010 0.999920
0.967649 0.000010 0.000010 0.025669 0.000010 0.000010 0.000010 0.006633
0.000010 0.000010 0.999930 0.000010 0.000010 0.000010 0.000010 0.000010
0.000010 0.000010 0.999930 0.000010 0.000010 0.000010 0.000010 0.000010
0.000010 0.000010 0.999930 0.000010 0.000010 0.000010 0.000010 0.000010
0.000010 0.000010 0.000010 0.000010 0.000010 0.000010 0.000010 0.999930
0.000010 0.000010 0.000010 0.000010 0.000010 0.000010 0.000010 0.999930
0.000010 0.000010 0.999930 0.000010 0.000010 0.000010 0.000010 0.000010
0.000010 0.000010 0.999930 0.000010 0.000010 0.000010 0.000010 0.000010
0.000010 0.000010 0.999930 0.000010 0.000010 0.000010 0.000010 0.000010
0.000010 0.000010 0.000010 0.000010 0.000010 0.000010 0.000010 0.999930
0.000010 0.000010 0.000010 0.000010 0.000010 0.000010 0.000010 0.999930
0.000010 0.000010 0.000010 0.000010 0.000010 0.000010 0.999930 0.000010
0.000010 0.000010 0.000010 0.000010 0.000010 0.000010 0.000010 0.999930
0.105432 0.000010 0.000010 0.202296 0.000010 0.000010 0.692221 0.000010
0.000010 0.999930 0.000010 0.000010 0.000010 0.000010 0.000010 0.000010
0.000010 0.999930 0.000010 0.000010 0.000010 0.000010 0.000010 0.000010
0.238946 0.000010 0.000010 0.663583 0.000010 0.000010 0.097421 0.000010
0.000010 0.999930 0.000010 0.000010 0.000010 0.000010 0.000010 0.000010
0.045272 0.000010 0.029979 0.000010 0.000010 0.905512 0.003041 0.016165
0.375207 0.058131 0.098321 0.004048 0.005014 0.060984 0.398285 0.000010
0.272455 0.000010 0.000010 0.456107 0.006319 0.010437 0.135243 0.119420
0.106050 0.039278 0.752321 0.034807 0.000010 0.000010 0.053584 0.013939
0.292572 0.000010 0.000010 0.143798 0.000010 0.000010 0.153973 0.409616
0.276157 0.000010 0.000010 0.093349 0.000010 0.000010 0.206640 0.423815
0.097715 0.000010 0.000010 0.902225 0.000010 0.000010 0.000010 0.000010
0.130534 0.046700 0.046099 0.000010 0.000010 0.000010 0.107502 0.669135
0.515876 0.000396 0.000010 0.421828 0.023600 0.004415 0.029077 0.004799
0.115566 0.000010 0.000010 0.806083 0.000010 0.000010 0.000010 0.078301
0.129751 0.010943 0.000010 0.446581 0.000010 0.000010 0.069890 0.342805
0.534764 0.053697 0.000010 0.000010 0.000010 0.000010 0.411489 0.000010
0.436923 0.011194 0.000010 0.489081 0.000010 0.006972 0.006211 0.049599
0.751883 0.000010 0.000010 0.123068 0.000010 0.000010 0.122271 0.002737
0.000010 0.000010 0.859221 0.032904 0.000010 0.000010 0.094488 0.013347
0.034767 0.016125 0.052238 0.000010 0.000010 0.000010 0.000010 0.896830
0.011081 0.000010 0.830908 0.000010 0.000010 0.000010 0.157961 0.000010
0.000010 0.000010 0.999930 0.000010 0.000010 0.000010 0.000010 0.000010
0.458234 0.000010 0.000010 0.498426 0.000010 0.012661 0.030639 0.000010
0.297955 0.000010 0.008283 0.693712 0.000010 0.000010 0.000010 0.000010
0.000010 0.000010 0.000010 0.000010 0.000010 0.672748 0.327192 0.000010
0.297641 0.001347 0.044912 0.611269 0.000010 0.018720 0.006826 0.019274
0.132095 0.000010 0.038427 0.810631 0.000010 0.000010 0.018807 0.000010
0.100756 0.000010 0.000010 0.888393 0.010802 0.000010 0.000010 0.000010
0.420193 0.013855 0.138274 0.042642 0.015728 0.018625 0.350673 0.000010
0.000010 0.000010 0.000010 0.000010 0.000010 0.014419 0.985470 0.000061
0.402220 0.000010 0.000010 0.507564 0.000010 0.000010 0.076436 0.013740
0.000010 0.000010 0.999930 0.000010 0.000010 0.000010 0.000010 0.000010
0.847911 0.000010 0.050897 0.078146 0.000010 0.016692 0.006324 0.000010
0.240996 0.000953 0.000010 0.582916 0.000010 0.000010 0.086020 0.089086
0.098457 0.208610 0.464536 0.000010 0.000010 0.220123 0.008245 0.000010
0.752685 0.012006 0.014162 0.166252 0.009910 0.025466 0.019508 0.000010
0.000010 0.000010 0.000010 0.000010 0.000010 0.000010 0.000010 0.999930
0.321979 0.000010 0.014436 0.622497 0.000010 0.000010 0.000010 0.041048
0.326458 0.000010 0.000010 0.636005 0.000010 0.000010 0.000010 0.037487
0.301344 0.000010 0.041945 0.608655 0.000010 0.000010 0.025876 0.022150
0.074027 0.000010 0.000010 0.839937 0.000010 0.000010 0.082163 0.003833
0.271367 0.005111 0.006753 0.301977 0.000010 0.000010 0.300259 0.114513
0.616868 0.000010 0.044305 0.169672 0.007181 0.001575 0.085225 0.075165
0.045433 0.000010 0.000010 0.951737 0.000010 0.000010 0.002780 0.000010
0.000010 0.000010 0.000010 0.992163 0.000010 0.000010 0.000010 0.007777
0.776725 0.008103 0.035314 0.140167 0.000010 0.000010 0.000010 0.039662
0.067493 0.000010 0.000010 0.793648 0.000010 0.000010 0.000010 0.138808
0.798335 0.000010 0.000010 0.069690 0.000010 0.031179 0.011927 0.088839
0.161314 0.009997 0.022712 0.756076 0.000010 0.000010 0.000010 0.049872
0.203423 0.000010 0.000010 0.767286 0.000010 0.000010 0.021416 0.007835
0.852393 0.000010 0.000010 0.045530 0.000010 0.094381 0.007656 0.000010
0.044342 0.000010 0.000010 0.913053 0.000010 0.000010 0.036388 0.006177
0.182749 0.019509 0.008901 0.354740 0.000010 0.000010 0.068665 0.365415
0.081344 0.000010 0.000010 0.887676 0.000010 0.000010 0.000010 0.030930
0.164896 0.000010 0.000010 0.469115 0.000010 0.000010 0.004017 0.361933
0.367970 0.000010 0.000010 0.608272 0.000010 0.000010 0.000010 0.023708
0.089298 0.000010 0.000468 0.847759 0.000010 0.000010 0.012108 0.050337
0.215134 0.000010 0.000010 0.738935 0.000010 0.000010 0.033696 0.012195
0.301341 0.000010 0.000010 0.122792 0.000010 0.000010 0.195260 0.380567
0.282121 0.000010 0.000010 0.242197 0.000010 0.000010 0.456490 0.019153
0.000010 0.000010 0.000010 0.000010 0.000010 0.000010 0.999930 0.000010
0.064381 0.000010 0.000010 0.162621 0.000010 0.000010 0.566600 0.206358
0.183825 0.000010 0.000010 0.112633 0.000010 0.000010 0.417356 0.286147
0.246809 0.000010 0.000010 0.218873 0.000010 0.000010 0.494640 0.039638
0.162080 0.000010 0.066058 0.123381 0.000010 0.000010 0.628110 0.020341
0.323755 0.000010 0.000010 0.171947 0.013814 0.000010 0.249798 0.240656
0.000010 0.000010 0.000010 0.000010 0.000010 0.000010 0.999930 0.000010
0.405197 0.005232 0.016969 0.457793 0.000010 0.008694 0.094371 0.011733
0.242383 0.000010 0.000010 0.278467 0.000010 0.000010 0.450869 0.028241
0.000010 0.000010 0.000010 0.126950 0.000010 0.000010 0.872990 0.000010
0.000010 0.027059 0.151467 0.000010 0.000010 0.000010 0.821424 0.000010
0.110719 0.164972 0.567211 0.020237 0.000010 0.136831 0.000010 0.000010
0.073939 0.200237 0.596459 0.000010 0.000010 0.129325 0.000010 0.000010
0.000010 0.007599 0.019611 0.000010 0.000010 0.000010 0.972740 0.000010
0.107985 0.000010 0.000010 0.357469 0.000010 0.000010 0.509941 0.024565
0.218349 0.000010 0.000010 0.200008 0.000010 0.027277 0.492470 0.061866
0.000010 0.000010 0.000010 0.042697 0.000010 0.000010 0.957243 0.000010
0.120219 0.422657 0.184594 0.000010 0.000010 0.208433 0.064068 0.000010
0.000010 0.999930 0.000010 0.000010 0.000010 0.000010 0.000010 0.000010
0.000010 0.000010 0.084759 0.000010 0.035031 0.743950 0.136220 0.000010
0.245752 0.000010 0.000010 0.251242 0.000010 0.030286 0.424727 0.047964
0.000010 0.000010 0.000010 0.937211 0.000010 0.016636 0.024772 0.021340
0.176808 0.000010 0.000010 0.799581 0.000010 0.000010 0.023561 0.000010
0.962102 0.000010 0.024051 0.008331 0.004571 0.000010 0.000010 0.000916
0.881242 0.000010 0.047412 0.033285 0.000010 0.000010 0.038021 0.000010
0.049738 0.000010 0.000010 0.930235 0.000010 0.000010 0.000010 0.019977
0.223058 0.000010 0.000010 0.278780 0.000010 0.000010 0.078001 0.420121
0.476009 0.010495 0.000010 0.298332 0.004038 0.000010 0.045857 0.165249
0.367946 0.016617 0.000010 0.467339 0.000010 0.000010 0.088420 0.059648
0.000010 0.000010 0.000010 0.000010 0.999930 0.000010 0.000010 0.000010
0.241707 0.000010 0.000010 0.691303 0.000010 0.000010 0.048192 0.018758
0.000010 0.000010 0.000010 0.950803 0.000010 0.000010 0.037729 0.011418
0.347573 0.000010 0.027162 0.523321 0.000010 0.000010 0.066625 0.035289
0.256334 0.000010 0.000010 0.708070 0.000010 0.000010 0.025874 0.009683
0.371294 0.000010 0.000010 0.574971 0.000010 0.000010 0.013898 0.039797
0.517312 0.000010 0.000010 0.432073 0.000010 0.016934 0.026243 0.007408
0.000010 0.000010 0.000010 0.000010 0.000010 0.000010 0.999930 0.000010
0.324384 0.000010 0.000010 0.626524 0.000010 0.000010 0.040854 0.008198
0.251742 0.000010 0.000010 0.720004 0.000010 0.000010 0.012506 0.015708
0.259010 0.000010 0.014982 0.688500 0.000010 0.000010 0.037468 0.000010
0.661866 0.000010 0.000010 0.269614 0.018295 0.001597 0.000010 0.048597
0.000010 0.000010 0.000010 0.962630 0.000010 0.000010 0.037310 0.000010
0.099841 0.000010 0.000010 0.238804 0.000010 0.000010 0.661305 0.000010
0.805517 0.034162 0.000010 0.133291 0.000010 0.000010 0.000010 0.026990
0.698760 0.027960 0.000010 0.149878 0.000010 0.000010 0.123362 0.000010
0.789899 0.023302 0.012176 0.100998 0.000010 0.000010 0.045364 0.028241
0.740098 0.000010 0.000010 0.259842 0.000010 0.000010 0.000010 0.000010
0.092496 0.000010 0.000010 0.907444 0.000010 0.000010 0.000010 0.000010
0.144400 0.000010 0.000010 0.809502 0.000010 0.000010 0.026100 0.019957
0.209139 0.002622 0.000010 0.784076 0.000010 0.000010 0.004122 0.000010
0.102913 0.000010 0.000010 0.897027 0.000010 0.000010 0.000010 0.000010
0.644869 0.032955 0.000010 0.234807 0.000010 0.000010 0.064578 0.022760
0.389167 0.000010 0.000010 0.049802 0.000010 0.000010 0.061767 0.499224
0.269899 0.000010 0.000010 0.550183 0.000010 0.000010 0.106374 0.073504
0.207742 0.016084 0.023819 0.520240 0.000010 0.000010 0.073263 0.158832
0.870488 0.000010 0.000010 0.055611 0.000010 0.000010 0.073852 0.000010
0.084240 0.000010 0.000010 0.909844 0.000010 0.000010 0.000010 0.005865
0.742778 0.000759 0.046744 0.129568 0.004207 0.000010 0.075925 0.000010
0.165161 0.000010 0.000010 0.809822 0.000010 0.000010 0.017635 0.007343
0.000010 0.000010 0.000010 0.999930 0.000010 0.000010 0.000010 0.000010
0.107420 0.000010 0.000010 0.754469 0.000010 0.000010 0.138061 0.000010
0.774227 0.000010 0.000010 0.116129 0.000010 0.014929 0.057314 0.037370
0.000010 0.000010 0.000010 0.999930 0.000010 0.000010 0.000010 0.000010
0.924729 0.000010 0.000010 0.000010 0.001912 0.000010 0.073310 0.000010
0.876195 0.000010 0.000010 0.001149 0.000010 0.025852 0.096764 0.000010
0.935596 0.000010 0.000010 0.000010 0.000010 0.000010 0.064344 0.000010
0.892411 0.000010 0.000014 0.000010 0.000010 0.012200 0.095334 0.000010
0.893851 0.000010 0.000010 0.000010 0.000010 0.000010 0.106089 0.000010
0.126804 0.007219 0.009247 0.000010 0.000010 0.000010 0.015950 0.840750
0.329122 0.005720 0.009527 0.590355 0.000010 0.000010 0.056556 0.008701
0.000010 0.000010 0.000010 0.963759 0.000010 0.000010 0.027466 0.008726
0.173836 0.000010 0.000010 0.789154 0.000010 0.000010 0.036960 0.000010
0.160698 0.000010 0.000010 0.703574 0.000010 0.000010 0.122258 0.013429
0.000010 0.000010 0.000010 0.986787 0.000010 0.000010 0.013153 0.000010
0.963039 0.000010 0.000010 0.013741 0.000010 0.000010 0.023170 0.000010
0.000010 0.000010 0.014192 0.954045 0.000010 0.000010 0.022604 0.009119
0.803643 0.000366 0.000010 0.175863 0.007339 0.000010 0.000010 0.012759
0.000010 0.000010 0.000010 0.000010 0.000010 0.000010 0.000010 0.999930
0.527088 0.088109 0.000010 0.000010 0.000010 0.000010 0.384753 0.000010
0.803687 0.000010 0.000010 0.138455 0.000010 0.000010 0.042581 0.015237
0.620028 0.000010 0.000010 0.361255 0.000010 0.001175 0.017502 0.000010
0.776313 0.049743 0.003604 0.051229 0.000010 0.000823 0.118268 0.000010
0.805860 0.000010 0.000010 0.000010 0.000010 0.043569 0.150521 0.000010
0.775444 0.000010 0.000010 0.093294 0.000010 0.000010 0.109726 0.021496
0.976536 0.000010 0.000010 0.000010 0.000010 0.000010 0.023404 0.000010
0.692933 0.000010 0.000010 0.181202 0.000010 0.015936 0.102196 0.007704
0.824091 0.009818 0.000010 0.047723 0.002347 0.000010 0.097695 0.018306
0.116556 0.013310 0.000010 0.802220 0.000010 0.000010 0.039333 0.028551
0.846177 0.000010 0.000010 0.091340 0.000010 0.016475 0.045968 0.000010
0.923854 0.000010 0.000010 0.002907 0.000010 0.000010 0.073189 0.000010
0.797108 0.000010 0.000010 0.082489 0.000010 0.000010 0.120353 0.000010
0.337062 0.000010 0.000010 0.592559 0.000010 0.007328 0.063012 0.000010
0.000010 0.000010 0.000010 0.999930 0.000010 0.000010 0.000010 0.000010
0.875590 0.000010 0.000010 0.044881 0.000010 0.000010 0.044416 0.035074
0.000010 0.000010 0.000010 0.015953 0.000010 0.000010 0.061446 0.922551
0.000010 0.000010 0.028572 0.941077 0.000010 0.000010 0.030301 0.000010
0.000010 0.000010 0.000010 0.999930 0.000010 0.000010 0.000010 0.000010
0.851119 0.006360 0.000010 0.079664 0.000010 0.000010 0.062818 0.000010
0.397303 0.004423 0.072221 0.478559 0.000010 0.000010 0.047464 0.000010
0.770991 0.000010 0.000010 0.228949 0.000010 0.000010 0.000010 0.000010
0.939285 0.000010 0.000010 0.022134 0.000010 0.000010 0.025627 0.012914
0.000010 0.000010 0.000010 0.999930 0.000010 0.000010 0.000010 0.000010
0.000010 0.000010 0.000010 0.991091 0.000010 0.000010 0.000010 0.008849
0.444262 0.000010 0.000010 0.514996 0.002902 0.000010 0.037800 0.000010
0.388518 0.000010 0.000010 0.587467 0.000010 0.000010 0.010740 0.013234
0.000010 0.000010 0.000010 0.000019 0.999921 0.000010 0.000010 0.000010
0.812222 0.000010 0.003615 0.039942 0.000010 0.000010 0.144181 0.000010
0.053235 0.000010 0.000010 0.914024 0.000010 0.000010 0.000010 0.032691
0.000010 0.000010 0.000010 0.000010 0.999930 0.000010 0.000010 0.000010
0.495375 0.008768 0.039332 0.000010 0.000010 0.000010 0.000010 0.456485
0.000010 0.999930 0.000010 0.000010 0.000010 0.000010 0.000010 0.000010
0.244579 0.000010 0.000010 0.666233 0.000010 0.000010 0.046632 0.042515
0.439472 0.019959 0.000010 0.540519 0.000010 0.000010 0.000010 0.000010
0.174928 0.000010 0.000010 0.751630 0.000010 0.000010 0.022896 0.050507
0.550891 0.000010 0.059908 0.303317 0.000010 0.000010 0.066043 0.019811
0.002213 0.000010 0.000010 0.982251 0.000010 0.000010 0.000010 0.015485
0.000010 0.000010 0.000010 0.999930 0.000010 0.000010 0.000010 0.000010
0.855105 0.000010 0.000010 0.135576 0.000010 0.000010 0.000010 0.009269
0.266017 0.000010 0.015551 0.678075 0.000010 0.000679 0.039647 0.000010
0.336200 0.028100 0.000010 0.568545 0.000010 0.000010 0.035219 0.031906
0.477608 0.000010 0.019134 0.352231 0.000010 0.000010 0.150987 0.000010
0.267023 0.000010 0.000010 0.706939 0.000010 0.000010 0.017120 0.008878
0.182225 0.000010 0.000010 0.795121 0.000010 0.000010 0.000010 0.022604
0.200823 0.000010 0.000010 0.767770 0.000010 0.000010 0.013376 0.017992
0.156225 0.000010 0.000010 0.831285 0.000010 0.000010 0.000010 0.012440
0.000010 0.000010 0.000010 0.999930 0.000010 0.000010 0.000010 0.000010
0.022221 0.000010 0.000010 0.930320 0.000010 0.000010 0.036619 0.010800
0.723661 0.000010 0.000010 0.168648 0.000010 0.000010 0.077183 0.030468
0.323983 0.000010 0.000010 0.468572 0.009180 0.000010 0.139769 0.058466
0.932417 0.000010 0.023821 0.000010 0.000010 0.000011 0.043711 0.000010
0.000010 0.000010 0.000010 0.999930 0.000010 0.000010 0.000010 0.000010
0.725111 0.002766 0.000010 0.196395 0.009221 0.000010 0.046430 0.020056
0.098460 0.000010 0.000010 0.641547 0.000010 0.000010 0.216834 0.043119
0.352950 0.000010 0.000010 0.576220 0.000010 0.011968 0.026521 0.032311
0.773059 0.000010 0.000010 0.074317 0.000010 0.000010 0.147627 0.004957
0.231581 0.000010 0.000010 0.756162 0.000010 0.000010 0.008366 0.003852
0.796389 0.000010 0.000010 0.156081 0.000010 0.000010 0.046833 0.000657
0.918606 0.000010 0.000010 0.000010 0.000010 0.000010 0.079912 0.001432
0.859399 0.000010 0.000010 0.094159 0.000010 0.000010 0.030727 0.015675
0.393598 0.015745 0.003018 0.300787 0.009402 0.000010 0.268555 0.008884
0.842967 0.000010 0.000010 0.034734 0.000010 0.000010 0.122249 0.000010
0.301500 0.006829 0.175158 0.000010 0.000010 0.000010 0.516473 0.000010
0.826415 0.000010 0.000010 0.149333 0.000010 0.000010 0.000010 0.024202
0.290943 0.000010 0.000010 0.665964 0.000010 0.000010 0.043043 0.000010
0.038213 0.002148 0.000010 0.944709 0.000010 0.000010 0.014890 0.000010
0.064953 0.000010 0.015536 0.780013 0.000010 0.000010 0.133882 0.005586
0.017992 0.000010 0.000010 0.902470 0.000010 0.000726 0.078772 0.000010
0.894642 0.000010 0.000010 0.022676 0.008379 0.000010 0.074262 0.000010
0.259719 0.000010 0.031437 0.404191 0.007178 0.000010 0.286881 0.010575
0.291621 0.000010 0.000010 0.622054 0.000010 0.005761 0.080523 0.000010
0.000010 0.000010 0.000010 0.203804 0.796136 0.000010 0.000010 0.000010
0.178769 0.000010 0.000010 0.781145 0.000010 0.013776 0.026270 0.000010
0.134495 0.000010 0.000010 0.830303 0.000010 0.000010 0.035152 0.000010
0.000010 0.000010 0.000010 0.000010 0.000010 0.000010 0.000010 0.999930
0.000010 0.000010 0.000010 0.000010 0.000010 0.000010 0.000010 0.999930
0.744697 0.000010 0.000010 0.166784 0.000010 0.013654 0.074825 0.000010
0.790341 0.000010 0.000010 0.201014 0.000010 0.000010 0.008595 0.000010
0.588731 0.000010 0.000010 0.326909 0.000010 0.000010 0.084310 0.000010
0.611260 0.004369 0.000010 0.330786 0.000010 0.000010 0.053312 0.000243
0.000010 0.000010 0.000010 0.000010 0.000010 0.000010 0.000010 0.999930
0.000010 0.000010 0.000010 0.000010 0.000010 0.000010 0.000010 0.999930
0.889303 0.000010 0.000010 0.041100 0.000010 0.000010 0.069546 0.000010
0.899012 0.000010 0.000010 0.032018 0.000010 0.000010 0.068920 0.000010
0.000010 0.000010 0.000010 0.000010 0.000010 0.000010 0.000010 0.999930
0.000010 0.000010 0.000010 0.000010 0.000010 0.000010 0.000010 0.999930
0.000010 0.000010 0.000010 0.000010 0.000010 0.000010 0.000010 0.999930
0.869348 0.013554 0.000010 0.007160 0.029323 0.000010 0.080586 0.000010
0.952116 0.000010 0.000010 0.000010 0.000010 0.000010 0.047824 0.000010
0.312943 0.142029 0.141861 0.218090 0.000010 0.013650 0.122067 0.049350
0.808857 0.000010 0.000010 0.069012 0.000010 0.038892 0.071823 0.011386
0.193633 0.211915 0.367070 0.000010 0.000010 0.012423 0.171337 0.043601
0.859062 0.000010 0.000010 0.000010 0.000010 0.044426 0.080824 0.015648
0.000010 0.000010 0.000010 0.000010 0.000010 0.000010 0.000010 0.999930
0.859418 0.000010 0.000010 0.053826 0.000010 0.007581 0.079136 0.000010
0.679950 0.000010 0.000010 0.206847 0.000010 0.000010 0.106494 0.006669
0.323487 0.000010 0.000010 0.088122 0.000010 0.000010 0.030066 0.558286
0.062685 0.000010 0.000010 0.027632 0.000010 0.000010 0.000010 0.909633
0.842340 0.000010 0.000010 0.070043 0.000010 0.000010 0.087567 0.000010
0.000010 0.000010 0.000010 0.000010 0.000010 0.000010 0.000010 0.999930
0.000010 0.000010 0.000010 0.000010 0.000010 0.000010 0.000010 0.999930
0.000010 0.000010 0.000010 0.000010 0.000010 0.000010 0.000010 0.999930
0.000010 0.000010 0.000010 0.000010 0.000010 0.000010 0.000010 0.999930
0.000010 0.000010 0.000010 0.000010 0.000010 0.000010 0.000010 0.999930
0.254438 0.000010 0.000010 0.617920 0.000010 0.000010 0.127584 0.000018
0.141529 0.000010 0.023408 0.589811 0.000010 0.000010 0.103636 0.141586
0.185999 0.012664 0.000010 0.568336 0.000010 0.000010 0.099305 0.133666
0.000010 0.000010 0.000010 0.000010 0.000010 0.000010 0.000010 0.999930
0.000010 0.999930 0.000010 0.000010 0.000010 0.000010 0.000010 0.000010
0.490960 0.000010 0.039136 0.412678 0.000010 0.000010 0.000010 0.057186
0.161354 0.000010 0.000010 0.838586 0.000010 0.000010 0.000010 0.000010
0.329839 0.000181 0.000010 0.569689 0.000010 0.000010 0.048994 0.051266
0.764001 0.000010 0.000010 0.232615 0.003333 0.000010 0.000010 0.000010
0.752104 0.000010 0.000010 0.239575 0.008270 0.000010 0.000010 0.000010
0.175613 0.000010 0.000010 0.762671 0.000010 0.000010 0.057688 0.003987
0.784689 0.000010 0.000010 0.214756 0.000505 0.000010 0.000010 0.000010
0.491792 0.000010 0.000010 0.344617 0.003784 0.000010 0.115492 0.044285
0.142225 0.000010 0.000010 0.774314 0.000010 0.000010 0.058980 0.024441
0.152886 0.000010 0.000010 0.669413 0.005156 0.000010 0.165490 0.007025
0.706184 0.000010 0.000010 0.293756 0.000010 0.000010 0.000010 0.000010
0.165690 0.000010 0.000010 0.754284 0.000010 0.006107 0.056925 0.016965
0.203197 0.000010 0.014219 0.325461 0.000010 0.000010 0.395286 0.061808
0.000010 0.036471 0.320797 0.000010 0.000010 0.000010 0.642682 0.000010
0.668835 0.019762 0.084912 0.160332 0.000010 0.007982 0.037236 0.020931
0.530864 0.000010 0.000010 0.427651 0.000010 0.000010 0.029872 0.011573
0.421856 0.014330 0.000010 0.456129 0.000010 0.000010 0.097361 0.010294
0.012623 0.000010 0.000010 0.893311 0.000010 0.001785 0.088907 0.003344
0.015488 0.043015 0.808839 0.045463 0.000010 0.000010 0.087165 0.000010
0.370067 0.166548 0.073928 0.015089 0.000010 0.083414 0.227745 0.063199
0.327346 0.000010 0.012188 0.645746 0.004239 0.000010 0.000010 0.010450
0.174628 0.000010 0.000010 0.721880 0.000010 0.000010 0.103442 0.000010
0.083509 0.000908 0.000010 0.521060 0.000010 0.000010 0.000010 0.394483
0.402102 0.000010 0.022318 0.533812 0.000010 0.000010 0.031132 0.010607
0.114831 0.035324 0.005912 0.017971 0.000010 0.052557 0.058001 0.715394
0.489438 0.000010 0.008706 0.499498 0.000010 0.000010 0.000010 0.002318
0.399935 0.058597 0.064002 0.022688 0.000010 0.000010 0.396604 0.058153
0.066475 0.000010 0.000010 0.877184 0.000010 0.000010 0.056291 0.000010
0.000010 0.000010 0.000010 0.999930 0.000010 0.000010 0.000010 0.000010
0.098925 0.000010 0.008509 0.885134 0.000010 0.000010 0.007393 0.000010
0.106198 0.000010 0.000010 0.814839 0.000010 0.000010 0.078913 0.000010
0.092227 0.000010 0.409801 0.002755 0.144329 0.350858 0.000010 0.000010
0.922252 0.000010 0.000010 0.000010 0.000010 0.000010 0.077688 0.000010
0.134873 0.000010 0.000010 0.000010 0.013285 0.000010 0.851792 0.000010
0.805989 0.000010 0.000010 0.142140 0.000010 0.000010 0.051207 0.000624
0.497274 0.000010 0.000010 0.423992 0.000010 0.000010 0.067121 0.011572
0.970384 0.000010 0.000010 0.021867 0.000010 0.000010 0.007699 0.000010
0.512177 0.000010 0.026538 0.330152 0.000010 0.000010 0.117680 0.013422
0.785042 0.000010 0.000010 0.116407 0.000010 0.000010 0.093828 0.004683
0.088418 0.013743 0.000010 0.000010 0.000010 0.029853 0.866150 0.001806
0.162511 0.000010 0.000010 0.835692 0.001737 0.000010 0.000020 0.000010
0.068883 0.000010 0.000010 0.909860 0.000010 0.021207 0.000010 0.000010
0.767692 0.009733 0.000010 0.065621 0.000010 0.000010 0.151471 0.005453
0.005500 0.000010 0.000010 0.957833 0.000010 0.000010 0.036617 0.000010
0.823224 0.023709 0.000010 0.094137 0.000010 0.000010 0.053340 0.005561
0.083696 0.079395 0.079381 0.000010 0.170969 0.519377 0.067161 0.000010
0.108209 0.000010 0.000010 0.097011 0.000010 0.000010 0.794729 0.000010
0.000010 0.000010 0.000010 0.000010 0.000010 0.999930 0.000010 0.000010
0.144424 0.000010 0.855516 0.000010 0.000010 0.000010 0.000010 0.000010
0.295659 0.066483 0.022262 0.000010 0.000010 0.040618 0.202012 0.372945
0.000010 0.000010 0.000010 0.000010 0.999929 0.000011 0.000010 0.000010
0.000010 0.000010 0.000010 0.000010 0.000010 0.000010 0.000010 0.999930
0.243543 0.000010 0.000010 0.714115 0.000010 0.000010 0.042292 0.000010
0.884252 0.000010 0.017953 0.000010 0.000010 0.000010 0.097745 0.000010
0.817559 0.000010 0.015074 0.074103 0.000010 0.000010 0.084570 0.008664
0.014786 0.000010 0.003071 0.061416 0.000010 0.000010 0.030136 0.890560
0.543284 0.000010 0.037280 0.393931 0.000010 0.000010 0.000010 0.025465
0.436309 0.082509 0.146269 0.058921 0.000010 0.056955 0.148606 0.070421
0.509002 0.034866 0.000010 0.029276 0.000010 0.009735 0.417091 0.000010
0.785052 0.000010 0.000010 0.063070 0.000010 0.000010 0.125670 0.026168
0.788050 0.000010 0.000010 0.096662 0.000010 0.000010 0.088388 0.026859
0.520340 0.000010 0.000010 0.237756 0.000010 0.000010 0.214247 0.027617
0.793881 0.000010 0.000010 0.107557 0.000010 0.000010 0.098512 0.000010
0.095248 0.031273 0.061917 0.000010 0.000010 0.000010 0.060344 0.751188
0.138561 0.069722 0.014222 0.013828 0.000010 0.049335 0.037983 0.676340
0.124749 0.014227 0.024638 0.000010 0.000010 0.000010 0.010995 0.825360
0.466619 0.099153 0.000010 0.016734 0.000010 0.016459 0.401004 0.000010
0.000010 0.000010 0.000010 0.000010 0.000010 0.000010 0.999930 0.000010
0.140958 0.000010 0.650079 0.000010 0.000010 0.208912 0.000010 0.000010
0.168631 0.006137 0.274682 0.000010 0.000010 0.036115 0.514405 0.000010
0.000010 0.000010 0.000010 0.999930 0.000010 0.000010 0.000010 0.000010
0.059595 0.000010 0.000010 0.785957 0.000010 0.000010 0.000010 0.154398
0.456400 0.000010 0.000010 0.543540 0.000010 0.000010 0.000010 0.000010
0.236948 0.000010 0.004719 0.642586 0.000010 0.000010 0.041362 0.074356
0.994917 0.000010 0.000010 0.005023 0.000010 0.000010 0.000010 0.000010
0.000010 0.000010 0.000010 0.945804 0.000010 0.000010 0.047183 0.006964
0.041989 0.000010 0.000010 0.949443 0.000010 0.000010 0.000010 0.008519
0.077783 0.032088 0.117710 0.024784 0.000010 0.000010 0.054570 0.693045
0.013025 0.067022 0.084833 0.025015 0.000010 0.000010 0.076111 0.733974
0.014992 0.000010 0.000010 0.984948 0.000010 0.000010 0.000010 0.000010
0.547098 0.076771 0.000010 0.163225 0.020936 0.000010 0.191940 0.000010
0.070076 0.012233 0.000010 0.864068 0.000010 0.000010 0.053582 0.000010
0.224270 0.000010 0.000010 0.636706 0.000010 0.009932 0.081352 0.047710
0.829546 0.056504 0.000010 0.113900 0.000010 0.000010 0.000010 0.000010
0.010501 0.000010 0.018063 0.029635 0.000010 0.000010 0.067538 0.874233
0.188128 0.014823 0.000010 0.413725 0.000010 0.000010 0.032368 0.350926
0.309175 0.145205 0.142436 0.013177 0.016304 0.059569 0.175445 0.138689
0.131964 0.000010 0.009112 0.746880 0.000010 0.003484 0.049822 0.058718
0.616551 0.000010 0.000010 0.279078 0.000010 0.000010 0.066523 0.037809
0.222506 0.005605 0.000010 0.681491 0.000010 0.000010 0.053306 0.037062
0.000010 0.000010 0.007255 0.046952 0.000010 0.000010 0.042490 0.903262
0.098748 0.000010 0.000010 0.887418 0.000010 0.000010 0.013784 0.000010
0.359918 0.001198 0.000010 0.610878 0.007763 0.000010 0.000010 0.020214
0.486288 0.000010 0.000010 0.407419 0.000010 0.000010 0.075739 0.030514
0.371098 0.000010 0.011731 0.580385 0.008707 0.000010 0.028048 0.000010
0.032335 0.065317 0.769120 0.051146 0.000010 0.000010 0.082052 0.000010
0.000010 0.000010 0.000010 0.000010 0.000010 0.000010 0.999930 0.000010
0.094418 0.114321 0.596503 0.012995 0.011610 0.143943 0.026199 0.000010
0.845237 0.010248 0.015645 0.083041 0.000010 0.035124 0.000010 0.010685
0.818458 0.000010 0.000010 0.139673 0.000010 0.016726 0.018446 0.006667
0.000010 0.000010 0.000010 0.000010 0.987915 0.000010 0.000010 0.012025
0.000010 0.000010 0.000010 0.000010 0.961313 0.000010 0.000010 0.038627
0.585210 0.031711 0.018711 0.046323 0.003023 0.012757 0.302254 0.000010
0.000010 0.000010 0.000010 0.000010 0.984276 0.000010 0.000010 0.015664
0.123551 0.000010 0.510480 0.070033 0.000010 0.072117 0.223789 0.000010
0.100331 0.000010 0.764909 0.000010 0.028398 0.097826 0.008507 0.000010
0.999930 0.000010 0.000010 0.000010 0.000010 0.000010 0.000010 0.000010
0.073492 0.000010 0.000010 0.113375 0.000010 0.000010 0.813083 0.000010
0.119429 0.000010 0.000010 0.106030 0.000010 0.000010 0.774490 0.000010
0.000010 0.000017 0.000010 0.116908 0.000010 0.000010 0.883025 0.000010
0.039071 0.000010 0.000010 0.120794 0.000010 0.000010 0.840085 0.000010
0.043533 0.000010 0.005638 0.093724 0.000010 0.000010 0.857064 0.000010
0.095709 0.000010 0.000010 0.079575 0.000010 0.000010 0.810330 0.014347
0.064589 0.000010 0.000010 0.071050 0.000010 0.000010 0.864311 0.000010
0.053863 0.000010 0.000010 0.089562 0.000010 0.000010 0.856525 0.000010
0.000010 0.093144 0.000010 0.000010 0.262583 0.644223 0.000010 0.000010
0.005784 0.053698 0.000010 0.000010 0.262161 0.642673 0.035654 0.000010
0.000010 0.011415 0.076919 0.000010 0.820300 0.071197 0.000010 0.020139
0.000010 0.000010 0.000010 0.999930 0.000010 0.000010 0.000010 0.000010
0.000010 0.009596 0.000010 0.000010 0.930951 0.000010 0.000010 0.059404
0.720957 0.000010 0.000010 0.181365 0.000010 0.000010 0.000010 0.097627
0.000010 0.008693 0.000010 0.016482 0.815950 0.114164 0.015383 0.029309
0.000010 0.058594 0.108952 0.000010 0.256757 0.575658 0.000010 0.000010
0.000010 0.047556 0.026405 0.000010 0.272425 0.645361 0.008223 0.000010
0.041816 0.044530 0.076815 0.000010 0.208296 0.624558 0.003965 0.000010
0.000010 0.068905 0.050271 0.000010 0.235137 0.645648 0.000010 0.000010
0.076301 0.041255 0.000010 0.000010 0.298469 0.583935 0.000010 0.000010
0.000010 0.000010 0.000010 0.000010 0.000010 0.999930 0.000010 0.000010
0.076361 0.000010 0.000010 0.825510 0.000010 0.000010 0.097889 0.000199
0.605565 0.046951 0.010354 0.234655 0.000010 0.000010 0.102445 0.000010
0.077528 0.000010 0.000010 0.084656 0.000010 0.000010 0.837765 0.000010
0.012503 0.000010 0.094500 0.000010 0.079768 0.778037 0.023935 0.011236
0.000010 0.000010 0.000010 0.999930 0.000010 0.000010 0.000010 0.000010
0.155854 0.000010 0.000010 0.067526 0.000010 0.000010 0.776570 0.000010
