0.417590 0.044272 0.538128 0.000010
0.662640 0.000012 0.337337 0.000010
0.485245 0.000010 0.493814 0.020931
0.083346 0.916634 0.000010 0.000010
0.613804 0.000010 0.368106 0.018080
0.201402 0.001171 0.797417 0.000010
0.212203 0.437494 0.350293 0.000010
0.015224 0.000010 0.984756 0.000010
0.757090 0.031583 0.211317 0.000010
0.051864 0.000010 0.948116 0.000010
0.207184 0.000010 0.792796 0.000010
0.527955 0.000010 0.455329 0.016706
0.816616 0.140483 0.042891 0.000010
0.483272 0.481391 0.035327 0.000010
0.015553 0.004655 0.979782 0.000010
0.552646 0.000010 0.438582 0.008762
0.198722 0.026939 0.774329 0.000010
0.152254 0.306250 0.541487 0.000010
0.593976 0.002483 0.403531 0.000010
0.000010 0.000010 0.000010 0.999970
0.000010 0.000010 0.021448 0.978532
0.000010 0.000010 0.000010 0.999970
0.000010 0.000010 0.037053 0.962927
0.204322 0.729522 0.060029 0.006128
0.848089 0.000010 0.151891 0.000010
0.000010 0.000010 0.003372 0.996608
0.776163 0.003949 0.212764 0.007123
0.000010 0.000010 0.000010 0.999970
0.778509 0.022135 0.181461 0.017894
0.808442 0.025521 0.166027 0.000010
0.909119 0.000010 0.090861 0.000010
0.822244 0.000010 0.177736 0.000010
0.684551 0.215150 0.062137 0.038162
0.827872 0.071643 0.051517 0.048969
0.676008 0.000010 0.310630 0.013352
0.286973 0.372022 0.340994 0.000010
0.176795 0.432129 0.391065 0.000010
0.050236 0.056823 0.000010 0.892931
0.849321 0.031261 0.119408 0.000010
0.850595 0.000010 0.134203 0.015192
0.000010 0.000010 0.999970 0.000010
0.673759 0.028443 0.285054 0.012744
0.180245 0.003435 0.816310 0.000010
0.100835 0.025404 0.873751 0.000010
0.988046 0.011934 0.000010 0.000010
0.002615 0.000010 0.000010 0.997365
0.034167 0.000010 0.000010 0.965813
0.426696 0.053534 0.019841 0.499929
0.792616 0.061132 0.086727 0.059525
0.792098 0.052854 0.103089 0.051959
0.866225 0.006795 0.126970 0.000010
0.802062 0.043842 0.063380 0.090716
0.760713 0.051538 0.187740 0.000010
0.834968 0.022126 0.104254 0.038652
0.841984 0.055538 0.044908 0.057570
0.828064 0.005075 0.166851 0.000010
0.067136 0.000010 0.932844 0.000010
0.861780 0.040375 0.097835 0.000010
0.865876 0.000010 0.134104 0.000010
0.189228 0.049330 0.761431 0.000010
0.882305 0.000010 0.117675 0.000010
0.809660 0.020728 0.169602 0.000010
0.484451 0.000010 0.515529 0.000010
0.850750 0.026001 0.113463 0.009786
0.808076 0.025082 0.166832 0.000010
0.435027 0.247457 0.267772 0.049744
0.054212 0.370831 0.000010 0.574948
0.272526 0.699416 0.023724 0.004335
0.050423 0.000010 0.949557 0.000010
0.889018 0.064256 0.046716 0.000010
0.826500 0.050094 0.111468 0.011937
0.830482 0.034237 0.132071 0.003211
0.775500 0.000010 0.224480 0.000010
0.830396 0.011758 0.157836 0.000010
0.770519 0.000010 0.229461 0.000010
0.908268 0.000010 0.091712 0.000010
0.869460 0.034425 0.096105 0.000010
0.836923 0.000010 0.163057 0.000010
0.000010 0.031369 0.000010 0.968611
0.816510 0.020757 0.162723 0.000010
0.852887 0.000010 0.147093 0.000010
0.213604 0.000010 0.786376 0.000010
0.190600 0.024502 0.784888 0.000010
0.764931 0.000010 0.196740 0.038319
0.115831 0.068145 0.816014 0.000010
0.000010 0.024231 0.000010 0.975749
0.194238 0.000010 0.000010 0.805742
0.228494 0.021731 0.749764 0.000010
0.658640 0.046188 0.288816 0.006357
0.109525 0.020310 0.000010 0.870155
0.155063 0.000010 0.000010 0.844917
0.125315 0.005186 0.014737 0.854762
0.104631 0.000010 0.004804 0.890555
0.133750 0.000010 0.000010 0.866230
0.458420 0.047542 0.240045 0.253994
0.964990 0.005001 0.029999 0.000010
0.893942 0.037687 0.038945 0.029426
0.507010 0.009273 0.464781 0.018936
0.045589 0.036691 0.904652 0.013068
0.904871 0.020225 0.036511 0.038392
0.800386 0.000010 0.199594 0.000010
0.934477 0.032837 0.000010 0.032676
0.615393 0.000010 0.384587 0.000010
0.000010 0.999970 0.000010 0.000010
0.149439 0.001533 0.849018 0.000010
0.514333 0.460802 0.024854 0.000010
0.261273 0.019206 0.719511 0.000010
0.756911 0.017195 0.225884 0.000010
0.617846 0.023703 0.358440 0.000010
0.070015 0.000010 0.929965 0.000010
0.827488 0.000010 0.086013 0.086489
0.323594 0.000010 0.676386 0.000010
0.135346 0.000010 0.864634 0.000010
0.043028 0.000010 0.956952 0.000010
0.729803 0.000010 0.270177 0.000010
0.249095 0.032421 0.718475 0.000010
0.000010 0.999970 0.000010 0.000010
0.000010 0.999970 0.000010 0.000010
0.108756 0.000010 0.891224 0.000010
0.000010 0.999970 0.000010 0.000010
0.116722 0.018254 0.865013 0.000010
0.000010 0.000010 0.999970 0.000010
0.000017 0.999963 0.000010 0.000010
0.000018 0.999962 0.000010 0.000010
0.000014 0.999966 0.000010 0.000010
0.000010 0.999970 0.000010 0.000010
0.140253 0.858061 0.000010 0.001676
0.662282 0.012607 0.323008 0.002102
0.737214 0.008222 0.254555 0.000010
0.000010 0.999970 0.000010 0.000010
0.247865 0.197217 0.554908 0.000010
0.144278 0.023949 0.831763 0.000010
0.000010 0.999970 0.000010 0.000010
0.032796 0.962973 0.003087 0.001143
0.000010 0.999967 0.000013 0.000010
0.716323 0.001784 0.265981 0.015912
0.680709 0.000010 0.319271 0.000010
0.690606 0.000010 0.304004 0.005379
0.787957 0.005971 0.206062 0.000010
0.020511 0.912323 0.067156 0.000010
0.000010 0.462213 0.022193 0.515584
0.000010 0.999970 0.000010 0.000010
0.000010 0.999970 0.000010 0.000010
0.000010 0.999970 0.000010 0.000010
0.000010 0.999970 0.000010 0.000010
0.000010 0.999970 0.000010 0.000010
0.000010 0.999970 0.000010 0.000010
0.635930 0.000656 0.331138 0.032276
0.000010 0.999970 0.000010 0.000010
0.089013 0.891692 0.000010 0.019285
0.019428 0.000010 0.980552 0.000010
0.133612 0.850659 0.015720 0.000010
0.226472 0.588016 0.185502 0.000010
0.000010 0.999970 0.000010 0.000010
0.000010 0.999970 0.000010 0.000010
0.000010 0.999970 0.000010 0.000010
0.000010 0.999970 0.000010 0.000010
0.018490 0.981490 0.000010 0.000010
0.000010 0.999970 0.000010 0.000010
0.821675 0.009340 0.168975 0.000010
0.156182 0.057999 0.022075 0.763744
0.239629 0.059839 0.000010 0.700522
0.242692 0.049315 0.000010 0.707982
0.000010 0.999970 0.000010 0.000010
0.000010 0.999970 0.000010 0.000010
0.221476 0.052605 0.000010 0.725909
0.258102 0.057438 0.000010 0.684450
0.194990 0.057105 0.031586 0.716319
0.000010 0.999970 0.000010 0.000010
0.000010 0.999970 0.000010 0.000010
0.946434 0.038674 0.014882 0.000010
0.000010 0.999970 0.000010 0.000010
0.758672 0.000010 0.241308 0.000010
0.233017 0.708132 0.000010 0.058841
0.211178 0.703072 0.000010 0.085740
0.290832 0.000010 0.709148 0.000010
0.208757 0.685111 0.000010 0.106122
0.080768 0.002784 0.006637 0.909811
0.796067 0.028491 0.057667 0.117775
0.353266 0.117477 0.516376 0.012881
0.409493 0.067751 0.062489 0.460267
0.376775 0.407212 0.216002 0.000010
0.416109 0.423142 0.160738 0.000010
0.068464 0.000010 0.931516 0.000010
0.304483 0.694256 0.000010 0.001251
0.481764 0.005258 0.491723 0.021256
0.076734 0.076735 0.846522 0.000010
0.173761 0.345383 0.480846 0.000010
0.922184 0.015339 0.062467 0.000010
0.386965 0.056240 0.556785 0.000010
0.786200 0.003045 0.210745 0.000010
0.420974 0.038065 0.023624 0.517337
0.065264 0.909060 0.007695 0.017980
0.424336 0.044716 0.000010 0.530938
0.221730 0.057978 0.000010 0.720281
0.428295 0.000010 0.567991 0.003704
0.254565 0.000010 0.745415 0.000010
0.338415 0.000010 0.006166 0.655409
0.268546 0.020919 0.666574 0.043961
0.152577 0.000010 0.840253 0.007160
0.042379 0.001731 0.936824 0.019066
0.789424 0.001836 0.105382 0.103358
0.923130 0.037950 0.000010 0.038910
0.425237 0.007517 0.567236 0.000010
0.221346 0.059850 0.000010 0.718795
0.765765 0.000010 0.179417 0.054809
0.277618 0.087880 0.634492 0.000010
0.391675 0.125059 0.000010 0.483256
0.709269 0.000010 0.247391 0.043330
0.000010 0.999970 0.000010 0.000010
0.284706 0.034197 0.681087 0.000010
0.271464 0.033365 0.695161 0.000010
0.297119 0.020343 0.658311 0.024228
0.139785 0.000010 0.860195 0.000010
0.532436 0.118445 0.349110 0.000010
0.641897 0.068317 0.264279 0.025507
0.024642 0.000010 0.975338 0.000010
0.000010 0.005853 0.994127 0.000010
0.719261 0.032454 0.237515 0.010770
0.033848 0.133765 0.832377 0.000010
0.730903 0.078275 0.172388 0.018433
0.152206 0.050900 0.791338 0.005556
0.178351 0.003592 0.818048 0.000010
0.746321 0.000010 0.149918 0.103751
0.063673 0.000380 0.935937 0.000010
0.240718 0.371164 0.388109 0.000010
0.048630 0.028162 0.923199 0.000010
0.141561 0.351107 0.507322 0.000010
0.329504 0.014600 0.655886 0.000010
0.079341 0.044740 0.875908 0.000010
0.210918 0.006382 0.782690 0.000010
0.425246 0.382205 0.192539 0.000010
0.660525 0.027213 0.312252 0.000010
0.841730 0.038081 0.120179 0.000010
0.554533 0.219139 0.226318 0.000010
0.531933 0.295724 0.172332 0.000010
0.657223 0.046444 0.296324 0.000010
0.768040 0.045287 0.176716 0.009958
0.521536 0.238677 0.239776 0.000010
0.838824 0.034504 0.126662 0.000010
0.452906 0.015905 0.518865 0.012323
0.612040 0.035978 0.351972 0.000010
0.704621 0.018066 0.277303 0.000010
0.856248 0.042505 0.003424 0.097823
0.405888 0.076160 0.033186 0.484765
0.376362 0.119728 0.000252 0.503658
0.945492 0.030753 0.000010 0.023745
0.540012 0.041649 0.418329 0.000010
0.652888 0.065173 0.281929 0.000010
0.785012 0.038389 0.176589 0.000010
0.488257 0.193734 0.000010 0.317999
0.498538 0.403442 0.000010 0.098011
0.171811 0.003075 0.000949 0.824165
0.595015 0.056585 0.320666 0.027734
0.029209 0.010432 0.959339 0.001021
0.160648 0.000010 0.839332 0.000010
0.887586 0.000010 0.111554 0.000850
0.850062 0.000010 0.134437 0.015492
0.029710 0.015985 0.954295 0.000010
0.255582 0.416508 0.327900 0.000010
0.443978 0.164832 0.391180 0.000010
0.421490 0.063187 0.515313 0.000010
0.000010 0.011077 0.000010 0.988903
0.250883 0.010613 0.738494 0.000010
0.030803 0.005114 0.964074 0.000010
0.390109 0.028083 0.581145 0.000663
0.245619 0.007512 0.746859 0.000010
0.335968 0.030218 0.633804 0.000010
0.484519 0.006125 0.509346 0.000010
0.951980 0.000010 0.048000 0.000010
0.312660 0.002762 0.684567 0.000010
0.228285 0.008478 0.763227 0.000010
0.270206 0.000010 0.729774 0.000010
0.588150 0.033251 0.352594 0.026005
0.023127 0.000010 0.976853 0.000010
0.716110 0.000010 0.283870 0.000010
0.738526 0.040098 0.221366 0.000010
0.771413 0.003455 0.225122 0.000010
0.774550 0.029906 0.195534 0.000010
0.617868 0.000010 0.382112 0.000010
0.053686 0.000010 0.946294 0.000010
0.141504 0.017863 0.840624 0.000010
0.176587 0.000010 0.823393 0.000010
0.059694 0.000010 0.940286 0.000010
0.671296 0.030721 0.297973 0.000010
0.405366 0.497657 0.096967 0.000010
0.328209 0.067712 0.604069 0.000010
0.274648 0.163477 0.558056 0.003819
0.843078 0.000010 0.156902 0.000010
0.064165 0.000010 0.935815 0.000010
0.746465 0.000010 0.219279 0.034245
0.149773 0.002243 0.847975 0.000010
0.000010 0.000010 0.999970 0.000010
0.216681 0.000010 0.783299 0.000010
0.759965 0.025984 0.214041 0.000010
0.000010 0.000010 0.999970 0.000010
0.918719 0.000010 0.081261 0.000010
0.889660 0.000010 0.101871 0.008459
0.960270 0.000010 0.039710 0.000010
0.965797 0.000010 0.031636 0.002557
0.925293 0.000010 0.074687 0.000010
0.143169 0.843933 0.012888 0.000010
0.344856 0.007251 0.647883 0.000010
0.001270 0.004675 0.994045 0.000010
0.170973 0.000010 0.829007 0.000010
0.244682 0.008513 0.746795 0.000010
0.000010 0.000010 0.999970 0.000010
0.896714 0.000010 0.103266 0.000010
0.013790 0.010466 0.975734 0.000010
0.692631 0.013130 0.280601 0.013639
0.000010 0.999970 0.000010 0.000010
0.949709 0.014348 0.035933 0.000010
0.781762 0.004791 0.213437 0.000010
0.566812 0.000010 0.433168 0.000010
0.867240 0.007421 0.121792 0.003548
0.951308 0.000010 0.017625 0.031057
0.800271 0.010518 0.189201 0.000010
0.960256 0.000010 0.039724 0.000010
0.731607 0.001073 0.263534 0.003786
0.844521 0.016567 0.138901 0.000010
0.135798 0.038343 0.825849 0.000010
0.798186 0.000010 0.201794 0.000010
0.913223 0.000010 0.086757 0.000010
0.826385 0.000010 0.173595 0.000010
0.353713 0.000010 0.646267 0.000010
0.000010 0.000010 0.999970 0.000010
0.836448 0.024001 0.139541 0.000010
0.047271 0.927685 0.025034 0.000010
0.020638 0.000010 0.962790 0.016562
0.000010 0.000010 0.999970 0.000010
0.827750 0.000010 0.164883 0.007357
0.458391 0.000010 0.526887 0.014712
0.671072 0.000010 0.328908 0.000010
0.863214 0.001334 0.135441 0.000010
0.000010 0.000010 0.999970 0.000010
0.000010 0.000010 0.999970 0.000010
0.423186 0.000010 0.576794 0.000010
0.330302 0.009776 0.659913 0.000010
0.000010 0.039498 0.000010 0.960482
0.862136 0.000010 0.137844 0.000010
0.028743 0.027712 0.943535 0.000010
0.000010 0.044782 0.000010 0.955198
0.468478 0.458268 0.073244 0.000010
0.487204 0.411455 0.000010 0.101331
0.257104 0.033977 0.708909 0.000010
0.403948 0.000010 0.596032 0.000010
0.153944 0.049257 0.796788 0.000010
0.604636 0.016627 0.378727 0.000010
0.000010 0.004638 0.995342 0.000010
0.000010 0.000010 0.999970 0.000010
0.729503 0.004755 0.265732 0.000010
0.262419 0.000010 0.726333 0.011238
0.340309 0.044415 0.615266 0.000010
0.584943 0.000010 0.415037 0.000010
0.234138 0.004634 0.761218 0.000010
0.139169 0.019260 0.841561 0.000010
0.178863 0.012646 0.808481 0.000010
0.124197 0.008395 0.867398 0.000010
0.000010 0.000010 0.999970 0.000010
0.051956 0.001827 0.946207 0.000010
0.694174 0.022077 0.283739 0.000010
0.404274 0.058207 0.528083 0.009437
0.957733 0.000010 0.042247 0.000010
0.000010 0.000010 0.999970 0.000010
0.667733 0.014671 0.298045 0.019551
0.275327 0.045738 0.678925 0.000010
0.331423 0.024232 0.634972 0.009374
0.835273 0.000010 0.164707 0.000010
0.199586 0.000010 0.800394 0.000010
0.734954 0.000010 0.265026 0.000010
0.919894 0.000010 0.080086 0.000010
0.801533 0.000010 0.198447 0.000010
0.619961 0.015528 0.356199 0.008312
0.874178 0.000010 0.125802 0.000010
0.816622 0.023395 0.040070 0.119913
0.721997 0.015422 0.262571 0.000010
0.284330 0.000010 0.715650 0.000010
0.038453 0.000747 0.960790 0.000010
0.186732 0.007831 0.805427 0.000010
0.078944 0.000010 0.921036 0.000010
0.880076 0.000010 0.119669 0.000245
0.513115 0.008573 0.458324 0.019987
0.327467 0.000010 0.672513 0.000010
0.000010 0.008272 0.248535 0.743182
0.173776 0.001181 0.822189 0.002853
0.131748 0.000010 0.868232 0.000010
0.000010 0.999970 0.000010 0.000010
0.000010 0.999970 0.000010 0.000010
0.746553 0.000010 0.252070 0.001368
0.709983 0.000010 0.289997 0.000010
0.597120 0.000010 0.402860 0.000010
0.595117 0.003706 0.401167 0.000010
0.000010 0.999970 0.000010 0.000010
0.000010 0.999970 0.000010 0.000010
0.863230 0.000010 0.136750 0.000010
0.882935 0.000010 0.117045 0.000010
0.000010 0.999970 0.000010 0.000010
0.000010 0.999970 0.000010 0.000010
0.000010 0.999970 0.000010 0.000010
0.866166 0.000010 0.100207 0.033617
0.904948 0.000010 0.095032 0.000010
0.538062 0.129671 0.228153 0.104114
0.809312 0.000010 0.159700 0.030978
0.574125 0.177580 0.000010 0.248286
0.890849 0.000010 0.080244 0.028896
0.000010 0.999970 0.000010 0.000010
0.848606 0.000010 0.144044 0.007340
0.718384 0.000010 0.281596 0.000010
0.314470 0.553193 0.132326 0.000010
0.056340 0.909711 0.033939 0.000010
0.840292 0.000010 0.159688 0.000010
0.000010 0.999970 0.000010 0.000010
0.000010 0.999970 0.000010 0.000010
0.000010 0.999970 0.000010 0.000010
0.000010 0.999970 0.000010 0.000010
0.000010 0.999970 0.000010 0.000010
0.330717 0.000010 0.669263 0.000010
0.231897 0.138081 0.630012 0.000010
0.252636 0.136843 0.610511 0.000010
0.000010 0.999970 0.000010 0.000010
0.389319 0.545114 0.000010 0.065557
0.449338 0.046721 0.491875 0.012066
0.119077 0.000010 0.880903 0.000010
0.326887 0.047167 0.625936 0.000010
0.645121 0.000010 0.354859 0.000010
0.630249 0.000010 0.360621 0.009121
0.189041 0.007265 0.803683 0.000010
0.681033 0.000010 0.318947 0.000010
0.538687 0.042283 0.419020 0.000010
0.167228 0.017153 0.815609 0.000010
0.281284 0.005856 0.706062 0.006798
0.588599 0.000010 0.411381 0.000010
0.192465 0.010917 0.796608 0.000010
0.548214 0.064951 0.386825 0.000010
0.746590 0.037631 0.023393 0.192387
0.671706 0.030791 0.250295 0.047208
0.495408 0.004778 0.499804 0.000010
0.464005 0.015368 0.520617 0.000010
0.070393 0.000010 0.924941 0.004656
0.390364 0.035770 0.058694 0.515172
0.680502 0.155845 0.049222 0.114431
0.287081 0.009448 0.703461 0.000010
0.241122 0.000010 0.758858 0.000010
0.047289 0.393263 0.559437 0.000010
0.390949 0.005998 0.599911 0.003142
0.191614 0.735173 0.029905 0.043308
0.435286 0.000010 0.564694 0.000010
0.804932 0.093550 0.061845 0.039673
0.095850 0.000010 0.904130 0.000010
0.000010 0.000010 0.999970 0.000010
0.088203 0.000010 0.911777 0.000010
0.151153 0.000010 0.848827 0.000010
0.203199 0.000010 0.033974 0.762817
0.970493 0.000010 0.029487 0.000010
0.969728 0.027507 0.002754 0.000010
0.775037 0.000010 0.224943 0.000010
0.496468 0.003705 0.499817 0.000010
0.862173 0.000010 0.137807 0.000010
0.592975 0.012797 0.394218 0.000010
0.788885 0.000010 0.211095 0.000010
0.943919 0.023930 0.000853 0.031298
0.124477 0.000010 0.875503 0.000010
0.040488 0.000010 0.940236 0.019265
0.836212 0.007542 0.156236 0.000010
0.029779 0.000010 0.970201 0.000010
0.812781 0.012643 0.168192 0.006384
0.270504 0.020710 0.000795 0.707990
0.839481 0.000010 0.160499 0.000010
0.000010 0.000010 0.000010 0.999970
0.419388 0.009610 0.000010 0.570992
0.524848 0.411643 0.016209 0.047300
0.008055 0.033362 0.000010 0.958574
0.000010 0.999970 0.000010 0.000010
0.252548 0.000010 0.747432 0.000010
0.921388 0.000010 0.078592 0.000010
0.835283 0.000010 0.164697 0.000010
0.048718 0.892283 0.058989 0.000010
0.476766 0.016522 0.477236 0.029475
0.652739 0.110846 0.103875 0.132539
0.892973 0.015576 0.091441 0.000010
0.838339 0.015489 0.146162 0.000010
0.797564 0.007778 0.194647 0.000010
0.663423 0.023996 0.312571 0.000010
0.805984 0.000010 0.193996 0.000010
0.191278 0.768784 0.000010 0.039928
0.218404 0.710894 0.033189 0.037512
0.146886 0.835033 0.000010 0.018070
0.881255 0.043011 0.064063 0.011672
0.984215 0.015765 0.000010 0.000010
0.396516 0.000010 0.000010 0.603464
0.738197 0.008403 0.031860 0.221540
0.000010 0.000010 0.999970 0.000010
0.024932 0.147355 0.827703 0.000010
0.389506 0.000010 0.610474 0.000010
0.243178 0.067825 0.688987 0.000010
0.818271 0.000010 0.181709 0.000010
0.036098 0.001571 0.962321 0.000010
0.020486 0.007470 0.972033 0.000010
0.211830 0.711908 0.034676 0.041587
0.204808 0.767647 0.027534 0.000010
0.000010 0.000010 0.999970 0.000010
0.722551 0.020749 0.230077 0.026623
0.117454 0.000010 0.882526 0.000010
0.269902 0.043147 0.686941 0.000010
0.777035 0.006090 0.216865 0.000010
0.092749 0.879318 0.027923 0.000010
0.200274 0.353941 0.445775 0.000010
0.579263 0.220186 0.042229 0.158321
0.150264 0.055333 0.784447 0.009957
0.589337 0.031697 0.378955 0.000010
0.238065 0.038594 0.723331 0.000010
0.042653 0.909194 0.048142 0.000010
0.077976 0.000010 0.922004 0.000010
0.302944 0.016179 0.674856 0.006021
0.492154 0.020070 0.487767 0.000010
0.340455 0.000010 0.646358 0.013176
0.345429 0.060717 0.063478 0.530376
0.977762 0.022218 0.000010 0.000010
0.394032 0.069035 0.003234 0.533699
0.751627 0.009554 0.186288 0.052531
0.745902 0.000010 0.238874 0.015214
0.000010 0.105708 0.005326 0.888955
0.000010 0.123103 0.000010 0.876877
0.870337 0.000010 0.110333 0.019320
0.000010 0.095913 0.000010 0.904067
0.514297 0.000010 0.087241 0.398451
0.381505 0.000010 0.000010 0.618475
0.878699 0.000010 0.121281 0.000010
0.841169 0.000010 0.158811 0.000010
0.822978 0.000096 0.176916 0.000010
0.807401 0.000010 0.192579 0.000010
0.857574 0.000010 0.142406 0.000010
0.852075 0.000010 0.147905 0.000010
0.854895 0.014223 0.130872 0.000010
0.881790 0.000010 0.118190 0.000010
0.843548 0.000010 0.156432 0.000010
0.121173 0.021318 0.000010 0.857499
0.103161 0.006007 0.012857 0.877975
0.000010 0.084003 0.000010 0.915977
0.000010 0.000010 0.999970 0.000010
0.000010 0.133127 0.000010 0.866853
0.592932 0.089873 0.317185 0.000010
0.039293 0.093113 0.012603 0.854991
0.069862 0.031745 0.000010 0.898383
0.046595 0.031073 0.000010 0.922322
0.119149 0.016553 0.000010 0.864288
0.017318 0.044331 0.011856 0.926495
0.127312 0.000010 0.017636 0.855042
0.000010 0.000010 0.000010 0.999970
0.149303 0.000010 0.850677 0.000010
0.678400 0.004601 0.298127 0.018872
0.859516 0.000010 0.140464 0.000010
0.085033 0.005932 0.000010 0.909025
0.000010 0.000010 0.999970 0.000010
0.876535 0.000010 0.123445 0.000010
0.904129 0.000010 0.095851 0.000010
0.000010 0.000010 0.999970 0.000010
0.776709 0.019617 0.184853 0.018822
0.000010 0.000010 0.038943 0.961037
0.850510 0.021237 0.128242 0.000010
0.873570 0.000010 0.126410 0.000010
0.825857 0.009022 0.165111 0.000010
0.000010 0.000010 0.000010 0.999970
0.720779 0.003692 0.246277 0.029252
0.233717 0.095270 0.663328 0.007685
0.342507 0.006695 0.000010 0.650788
0.297728 0.000010 0.000010 0.702252
0.386913 0.000010 0.000010 0.613067
0.000011 0.999969 0.000010 0.000010
0.064363 0.916220 0.019406 0.000010
0.000010 0.025793 0.014896 0.959301
0.113550 0.056581 0.000010 0.829859
0.000010 0.000010 0.000010 0.999970
0.000010 0.000010 0.000010 0.999970
0.000010 0.000010 0.000010 0.999970
0.000010 0.000010 0.000010 0.999970
0.000010 0.000213 0.003319 0.996457
0.106490 0.024095 0.039466 0.829949
0.321177 0.026352 0.000010 0.652462
0.367310 0.000010 0.000010 0.632670
0.076626 0.000010 0.000010 0.923354
0.321620 0.000010 0.004306 0.674064
0.758982 0.157793 0.066962 0.016264
0.272600 0.000010 0.683212 0.044178
0.860057 0.000010 0.139923 0.000010
0.802956 0.006770 0.190264 0.000010
0.839054 0.000010 0.160926 0.000010
0.321646 0.106556 0.037543 0.534254
0.592112 0.198754 0.036562 0.172572
0.513118 0.028258 0.429508 0.029116
0.729080 0.035037 0.193293 0.042590
0.483288 0.056237 0.008288 0.452187
0.075357 0.014896 0.909737 0.000010
0.000010 0.000010 0.000010 0.999970
0.091750 0.056251 0.023349 0.828650
0.016754 0.000010 0.000010 0.983226
0.816311 0.014230 0.169448 0.000010
0.058032 0.032122 0.000010 0.909836
0.000010 0.000010 0.032367 0.967613
0.000010 0.000010 0.049479 0.950501
0.000010 0.000010 0.020381 0.979599
0.000010 0.000010 0.000010 0.999970
0.000010 0.000010 0.000010 0.999970
0.539840 0.063014 0.330111 0.067034
0.744056 0.013426 0.215966 0.026552
0.353304 0.071234 0.072665 0.502798
0.315929 0.068540 0.071983 0.543549
0.730488 0.000010 0.226567 0.042935
0.248608 0.014637 0.736745 0.000010
0.108084 0.053424 0.838481 0.000010
0.000010 0.000010 0.993584 0.006396
0.000010 0.000010 0.000010 0.999970
0.096116 0.036690 0.867184 0.000010
0.000010 0.000010 0.008146 0.991834
0.000010 0.000010 0.000010 0.999970
0.055507 0.014113 0.000010 0.930371
0.025688 0.000010 0.047968 0.926333
0.000010 0.000010 0.000010 0.999970
0.037664 0.000010 0.000010 0.962316
0.607279 0.040908 0.351803 0.000010
0.565169 0.075222 0.359599 0.000010
0.576181 0.048431 0.085869 0.289519
0.538416 0.411321 0.000010 0.050253
0.322095 0.593451 0.000010 0.084444
0.377694 0.557636 0.000010 0.064660
0.292764 0.011319 0.678460 0.017457
0.000010 0.002070 0.034097 0.963823
0.000010 0.000010 0.000010 0.999970
0.000010 0.000010 0.000010 0.999970
0.479831 0.446160 0.000010 0.074000
0.468263 0.478367 0.000010 0.053360
0.604800 0.073513 0.321677 0.000010
0.681815 0.047402 0.270773 0.000010
0.388743 0.551072 0.000010 0.060175
0.595614 0.067809 0.333300 0.003277
0.426824 0.349617 0.223549 0.000010
0.410410 0.442622 0.038681 0.108287
0.422044 0.405905 0.172042 0.000010
0.616829 0.072820 0.310342 0.000010
0.611971 0.040366 0.347653 0.000010
0.842672 0.021600 0.135719 0.000010
0.241998 0.040761 0.027882 0.689359
0.000010 0.000010 0.000010 0.999970
0.217967 0.000010 0.000010 0.782013
0.193144 0.000010 0.000010 0.806836
0.610739 0.000581 0.388670 0.000010
0.563236 0.036244 0.389989 0.010531
0.258416 0.002327 0.701877 0.037380
0.761566 0.020512 0.181812 0.036110
0.000010 0.999970 0.000010 0.000010
0.000010 0.460365 0.009124 0.530501
0.714920 0.000010 0.285060 0.000010
0.672638 0.000010 0.327342 0.000010
0.404214 0.011758 0.098277 0.485752
0.764508 0.017344 0.172971 0.045178
0.199654 0.733873 0.048579 0.017894
0.870219 0.000010 0.129761 0.000010
0.822142 0.025551 0.152297 0.000010
0.788228 0.000010 0.211752 0.000010
0.004246 0.000010 0.995734 0.000010
0.000010 0.000010 0.999970 0.000010
0.104495 0.021799 0.873696 0.000010
0.000010 0.999970 0.000010 0.000010
0.000010 0.999970 0.000010 0.000010
0.044976 0.060001 0.009563 0.885460
0.000010 0.119912 0.000010 0.880068
0.043543 0.215922 0.000010 0.740524
0.000010 0.000010 0.999970 0.000010
0.249199 0.039045 0.000010 0.711746
0.210314 0.072518 0.000010 0.717158
0.182953 0.066474 0.000010 0.750562
0.270167 0.014032 0.000010 0.715791
0.894354 0.029085 0.076551 0.000010
0.641274 0.184791 0.000010 0.173924
0.654298 0.051674 0.032369 0.261659
0.411717 0.031907 0.060528 0.495849
0.794578 0.133667 0.047683 0.024072
0.498713 0.001618 0.029569 0.470100
0.114646 0.000010 0.885334 0.000010
0.000010 0.000010 0.000010 0.999970
0.000010 0.000010 0.000010 0.999970
0.802886 0.065866 0.131238 0.000010
0.860281 0.020102 0.119607 0.000010
0.000010 0.000018 0.000010 0.999962
0.521907 0.058212 0.419871 0.000010
0.723570 0.031457 0.244963 0.000010
0.000010 0.000010 0.000010 0.999970
0.341653 0.060467 0.055289 0.542591
0.826531 0.020131 0.153329 0.000010
0.539614 0.316102 0.034017 0.110267
0.325319 0.037626 0.637045 0.000010
0.228440 0.771540 0.000010 0.000010
0.661568 0.058024 0.280398 0.000010
0.371013 0.042450 0.050911 0.535626
0.774286 0.000010 0.225694 0.000010
0.155754 0.000010 0.844226 0.000010
0.092525 0.000010 0.907455 0.000010
0.677545 0.032042 0.290404 0.000010
0.000010 0.000010 0.999970 0.000010
0.256661 0.020333 0.722995 0.000010
0.730094 0.020388 0.222249 0.027269
0.703851 0.037203 0.258936 0.000010
0.511453 0.141635 0.023796 0.323117
0.130603 0.007645 0.861742 0.000010
0.795287 0.000010 0.204693 0.000010
0.050703 0.000010 0.949277 0.000010
0.085514 0.000010 0.914466 0.000010
0.434057 0.037329 0.037024 0.491589
0.000010 0.000010 0.000010 0.999970
0.410093 0.026795 0.059320 0.503792
0.341948 0.065677 0.045902 0.546473
0.000010 0.052429 0.000010 0.947551
0.000010 0.006614 0.000010 0.993366
0.644598 0.046959 0.009561 0.298882
0.530643 0.043364 0.072961 0.353032
0.186511 0.766857 0.038169 0.008463
0.000010 0.000010 0.000010 0.999970
0.000010 0.000010 0.000010 0.999970
0.000010 0.000010 0.999970 0.000010
0.629313 0.078894 0.123558 0.168235
0.612628 0.085983 0.075298 0.226091
0.614655 0.106690 0.064957 0.213698
0.109945 0.002257 0.887787 0.000010
0.000010 0.000010 0.000010 0.999970
0.000010 0.000010 0.000010 0.999970
0.969847 0.011516 0.000010 0.018626
0.000010 0.000010 0.000010 0.999970
0.000010 0.000010 0.000010 0.999970
0.000010 0.000010 0.047202 0.952778
0.014251 0.000010 0.000010 0.985729
0.261736 0.000010 0.738244 0.000010
0.097027 0.000010 0.902953 0.000010
