0.438708 0.000010 0.000010 0.003277 0.067785 0.490201 0.000010
0.226353 0.028830 0.034826 0.042122 0.024119 0.643741 0.000010
0.404750 0.036756 0.045415 0.017849 0.002263 0.428318 0.064649
0.000010 0.001007 0.060676 0.028759 0.906227 0.003312 0.000010
0.273694 0.065309 0.095133 0.007803 0.000010 0.516981 0.041072
0.741176 0.000010 0.033597 0.026829 0.027042 0.153061 0.018286
0.308007 0.000010 0.000010 0.046729 0.430263 0.134290 0.080691
0.922673 0.000010 0.021370 0.043061 0.012866 0.000010 0.000010
0.113555 0.000010 0.086895 0.016798 0.059196 0.723537 0.000010
0.888185 0.000010 0.025109 0.000010 0.015814 0.070861 0.000010
0.700171 0.000010 0.024940 0.008305 0.001135 0.253809 0.011630
0.379907 0.031876 0.000010 0.053552 0.001111 0.515004 0.018540
0.014097 0.000010 0.323439 0.060802 0.133994 0.418731 0.048927
0.000010 0.000010 0.088240 0.041977 0.487132 0.341348 0.041284
0.933842 0.009905 0.008857 0.001136 0.013483 0.032768 0.000010
0.363920 0.050050 0.062342 0.020770 0.020938 0.463630 0.018350
0.710771 0.000010 0.038759 0.008978 0.020603 0.220868 0.000010
0.491868 0.000010 0.000010 0.065499 0.296227 0.095712 0.050674
0.413570 0.000010 0.497531 0.040755 0.000010 0.032283 0.015840
0.000010 0.978988 0.000010 0.016361 0.000010 0.000010 0.004611
0.020458 0.969318 0.000010 0.006716 0.003478 0.000010 0.000010
0.000012 0.999938 0.000010 0.000010 0.000010 0.000010 0.000010
0.013001 0.942756 0.000010 0.043663 0.000010 0.000010 0.000549
0.034753 0.055325 0.100794 0.000010 0.729154 0.071521 0.008443
0.178800 0.001425 0.746693 0.000010 0.000010 0.041857 0.031205
0.000010 0.979181 0.000010 0.000010 0.003920 0.016859 0.000010
0.098527 0.086939 0.035086 0.045974 0.035895 0.697568 0.000010
0.000010 0.985409 0.000010 0.000010 0.014541 0.000010 0.000010
0.112178 0.022470 0.149703 0.001714 0.022588 0.686139 0.005207
0.081518 0.017764 0.077241 0.000010 0.069875 0.753582 0.000010
0.013783 0.001461 0.061067 0.011908 0.000010 0.911762 0.000010
0.083076 0.000339 0.158033 0.000010 0.027606 0.730926 0.000010
0.021356 0.056273 0.335671 0.025290 0.183430 0.296294 0.081685
0.004700 0.028723 0.382889 0.042775 0.063656 0.475782 0.001475
0.195514 0.052719 0.027186 0.314596 0.002326 0.405340 0.002319
0.284189 0.003498 0.057219 0.024954 0.369212 0.246003 0.014925
0.332706 0.000010 0.089088 0.000010 0.433647 0.132327 0.012212
0.000010 0.816742 0.047343 0.056322 0.066341 0.000010 0.013232
0.014851 0.000010 0.134991 0.096132 0.036907 0.717099 0.000010
0.023559 0.032605 0.119448 0.013525 0.016815 0.761669 0.032379
0.999940 0.000010 0.000010 0.000010 0.000010 0.000010 0.000010
0.198898 0.015374 0.163782 0.013111 0.032558 0.533129 0.043148
0.722451 0.000154 0.002335 0.009640 0.020806 0.197306 0.047307
0.805226 0.000010 0.003827 0.014171 0.024907 0.151516 0.000344
0.000010 0.000010 0.551693 0.000010 0.000010 0.371119 0.077148
0.000010 0.974290 0.024701 0.000010 0.000010 0.000969 0.000010
0.000010 0.925737 0.000010 0.026299 0.000010 0.041166 0.006768
0.012802 0.476888 0.216933 0.049717 0.067489 0.176161 0.000010
0.042240 0.051569 0.313420 0.046170 0.047380 0.376952 0.122268
0.043304 0.048042 0.282872 0.041681 0.067581 0.458747 0.057772
0.000010 0.000010 0.000010 0.000010 0.000010 0.000010 0.999940
0.005120 0.107729 0.348153 0.023877 0.036618 0.399009 0.079494
0.000010 0.000010 0.000010 0.000010 0.000010 0.000010 0.999940
0.084127 0.020914 0.339205 0.061873 0.015893 0.419642 0.058347
0.000010 0.053065 0.406676 0.015622 0.036743 0.390729 0.097155
0.000010 0.000010 0.000010 0.999940 0.000010 0.000010 0.000010
0.874610 0.055486 0.002506 0.042140 0.016627 0.008621 0.000010
0.005631 0.000010 0.132661 0.052284 0.068881 0.740524 0.000010
0.023699 0.000010 0.089655 0.027066 0.034980 0.760895 0.063695
0.707030 0.000010 0.004589 0.019066 0.047888 0.127345 0.094073
0.000010 0.019633 0.046646 0.002218 0.000010 0.900158 0.031326
0.098194 0.000010 0.086474 0.043591 0.046829 0.724892 0.000010
0.456066 0.031626 0.074026 0.036314 0.010097 0.356810 0.035061
0.033875 0.003219 0.048042 0.028572 0.038883 0.847400 0.000010
0.073959 0.004688 0.180416 0.044290 0.033468 0.635205 0.027973
0.220916 0.053524 0.179205 0.095653 0.227864 0.104232 0.118606
0.000010 0.425656 0.192733 0.003472 0.362336 0.000010 0.015783
0.000010 0.058152 0.029143 0.051051 0.700982 0.160652 0.000010
0.882196 0.024975 0.013779 0.040548 0.021871 0.004647 0.011984
0.010323 0.000010 0.377444 0.047319 0.059703 0.465328 0.039873
0.100616 0.047783 0.327421 0.001370 0.056916 0.387138 0.078756
0.116543 0.012965 0.428956 0.049077 0.011880 0.273288 0.107290
0.105626 0.000010 0.000010 0.160502 0.007823 0.690331 0.035699
0.104341 0.000010 0.046752 0.028699 0.028290 0.753875 0.038032
0.122899 0.000010 0.102075 0.122133 0.036972 0.615901 0.000010
0.030232 0.018865 0.163293 0.042568 0.000010 0.745021 0.000010
0.022610 0.000010 0.041570 0.044703 0.016285 0.825411 0.049410
0.069718 0.049477 0.136554 0.047745 0.000010 0.654131 0.042364
0.000010 0.927140 0.000010 0.028519 0.044301 0.000010 0.000010
0.092004 0.000010 0.099012 0.000010 0.032554 0.759576 0.016835
0.024934 0.024585 0.065171 0.046838 0.011888 0.760235 0.066349
0.705828 0.018085 0.000010 0.004913 0.041332 0.224171 0.005660
0.712768 0.000224 0.034956 0.044270 0.033369 0.163767 0.010647
0.065537 0.023595 0.000010 0.738484 0.000010 0.172354 0.000010
0.756158 0.000010 0.000010 0.000010 0.060607 0.126386 0.056820
0.000010 0.912212 0.000010 0.042172 0.045577 0.000010 0.000010
0.004927 0.802011 0.036192 0.007499 0.000010 0.065170 0.084190
0.676589 0.000010 0.024952 0.075001 0.036155 0.187283 0.000010
0.195511 0.022990 0.150373 0.089943 0.063759 0.458234 0.019189
0.000010 0.873141 0.020200 0.000010 0.027369 0.014677 0.064593
0.003841 0.853204 0.000010 0.060605 0.012925 0.040884 0.028531
0.009988 0.796718 0.030613 0.002545 0.015764 0.103809 0.040563
0.001374 0.882101 0.002297 0.019905 0.001436 0.092878 0.000010
0.000010 0.845886 0.051458 0.006559 0.000183 0.049144 0.046759
0.177203 0.283085 0.062284 0.037478 0.046941 0.376896 0.016114
0.079663 0.016649 0.831913 0.009029 0.000010 0.041045 0.021691
0.079028 0.048197 0.695336 0.000010 0.013553 0.133452 0.030424
0.401085 0.018446 0.083571 0.030139 0.028184 0.426444 0.012130
0.854828 0.053471 0.000010 0.000010 0.065769 0.022902 0.003010
0.040472 0.054715 0.753699 0.000010 0.000010 0.060014 0.091080
0.055955 0.000010 0.035265 0.108161 0.012595 0.788005 0.000010
0.000010 0.095710 0.613136 0.000010 0.025720 0.188930 0.076485
0.236767 0.000010 0.000010 0.077915 0.007075 0.629030 0.049193
0.000010 0.000011 0.000010 0.000010 0.999939 0.000010 0.000010
0.797935 0.000010 0.055615 0.001156 0.006919 0.119783 0.018581
0.034871 0.028525 0.421873 0.035375 0.442273 0.000010 0.037072
0.607990 0.000010 0.000010 0.015270 0.040689 0.264213 0.071818
0.081881 0.000010 0.053060 0.116683 0.043603 0.669536 0.035226
0.271285 0.000010 0.052372 0.069043 0.021756 0.585524 0.000010
0.860023 0.010608 0.000010 0.009256 0.002366 0.117727 0.000010
0.011661 0.097789 0.329985 0.000509 0.012923 0.149957 0.397175
0.587831 0.000010 0.037168 0.033681 0.000010 0.313339 0.027961
0.764130 0.000010 0.000010 0.027910 0.000010 0.162165 0.045764
0.911824 0.000010 0.000010 0.000010 0.020182 0.067953 0.000010
0.152828 0.000010 0.038141 0.091184 0.000010 0.688641 0.029186
0.588455 0.008481 0.055578 0.018489 0.045821 0.251607 0.031569
0.000010 0.000010 0.000010 0.000010 0.999940 0.000010 0.000010
0.000010 0.000010 0.000010 0.000010 0.999940 0.000010 0.000010
0.822233 0.016696 0.000010 0.033004 0.006108 0.121940 0.000010
0.000010 0.000010 0.000010 0.000010 0.999940 0.000010 0.000010
0.798973 0.025054 0.014544 0.000010 0.027092 0.079986 0.054341
0.999940 0.000010 0.000010 0.000010 0.000010 0.000010 0.000010
0.000010 0.000010 0.000010 0.000011 0.999939 0.000010 0.000010
0.000010 0.000010 0.000010 0.000010 0.999940 0.000010 0.000010
0.000010 0.000010 0.000010 0.000010 0.999940 0.000010 0.000010
0.000010 0.000010 0.000010 0.000010 0.999940 0.000010 0.000010
0.000010 0.040205 0.018841 0.004946 0.854028 0.081960 0.000010
0.180674 0.041725 0.012871 0.039364 0.040420 0.643251 0.041696
0.166178 0.000010 0.011641 0.033123 0.049459 0.716455 0.023134
0.000010 0.000010 0.000010 0.000010 0.999940 0.000010 0.000010
0.462491 0.005843 0.004751 0.031216 0.182226 0.216315 0.097158
0.756410 0.012085 0.000010 0.063601 0.031786 0.136098 0.000010
0.000010 0.000010 0.000010 0.000010 0.999940 0.000010 0.000010
0.000010 0.000010 0.002321 0.019005 0.952397 0.000010 0.026247
0.000010 0.000010 0.000010 0.000010 0.999940 0.000010 0.000010
0.143262 0.027962 0.084392 0.246980 0.031967 0.423267 0.042170
0.185476 0.000010 0.000010 0.070535 0.044549 0.699409 0.000010
0.180418 0.014654 0.024907 0.060147 0.020799 0.699066 0.000010
0.073460 0.010723 0.000010 0.060607 0.033038 0.822152 0.000010
0.029934 0.000010 0.074547 0.000010 0.895479 0.000010 0.000010
0.075803 0.463152 0.001474 0.000010 0.459541 0.000010 0.000010
0.000010 0.000010 0.000010 0.000010 0.999940 0.000010 0.000010
0.000010 0.000010 0.000010 0.000010 0.999940 0.000010 0.000010
0.000010 0.000010 0.000010 0.000010 0.999940 0.000010 0.000010
0.000010 0.000010 0.000010 0.000010 0.999940 0.000010 0.000010
0.000010 0.000010 0.000010 0.000010 0.999940 0.000010 0.000010
0.000010 0.000010 0.000010 0.000010 0.999940 0.000010 0.000010
0.241890 0.045291 0.049403 0.319949 0.027586 0.315871 0.000010
0.000010 0.000010 0.000010 0.000010 0.999940 0.000010 0.000010
0.000010 0.040357 0.044992 0.000010 0.888222 0.009428 0.016980
0.896275 0.005475 0.000010 0.009658 0.000010 0.088562 0.000010
0.000010 0.022192 0.074982 0.036757 0.841457 0.000010 0.024592
0.150772 0.000010 0.075125 0.081411 0.559211 0.101227 0.032245
0.000010 0.000014 0.000010 0.000010 0.999936 0.000010 0.000010
0.000010 0.000010 0.000010 0.000010 0.999940 0.000010 0.000010
0.000010 0.000010 0.000010 0.000010 0.999940 0.000010 0.000010
0.000010 0.000010 0.000010 0.000010 0.999940 0.000010 0.000010
0.000010 0.000010 0.000027 0.022788 0.976767 0.000010 0.000388
0.000010 0.000010 0.000010 0.000010 0.999940 0.000010 0.000010
0.000010 0.000010 0.000010 0.999940 0.000010 0.000010 0.000010
0.000010 0.709260 0.228772 0.000010 0.061929 0.000010 0.000010
0.000010 0.646553 0.308588 0.000010 0.044819 0.000010 0.000010
0.000010 0.675579 0.284957 0.000010 0.039425 0.000010 0.000010
0.000010 0.000010 0.000010 0.000010 0.999940 0.000010 0.000010
0.000010 0.000010 0.000010 0.000010 0.999940 0.000010 0.000010
0.000010 0.637932 0.343396 0.000010 0.018632 0.000010 0.000010
0.005097 0.660311 0.242031 0.000010 0.052657 0.039884 0.000010
0.012503 0.665540 0.270002 0.000010 0.047810 0.004124 0.000010
0.000010 0.000010 0.000010 0.000010 0.999940 0.000010 0.000010
0.000010 0.000010 0.000010 0.000010 0.999940 0.000010 0.000010
0.000010 0.000010 0.151652 0.000010 0.000010 0.000010 0.848298
0.000010 0.000010 0.000010 0.000010 0.999940 0.000010 0.000010
0.286909 0.000010 0.676095 0.000010 0.000010 0.021628 0.015338
0.000010 0.000010 0.392125 0.000010 0.607825 0.000010 0.000010
0.000010 0.000010 0.388583 0.000010 0.611367 0.000010 0.000010
0.643424 0.000010 0.048362 0.000010 0.000010 0.244895 0.063289
0.000010 0.000010 0.412591 0.000010 0.587359 0.000010 0.000010
0.014561 0.920742 0.035889 0.012138 0.000010 0.005041 0.011619
0.000010 0.175182 0.368273 0.025528 0.048844 0.233949 0.148214
0.454372 0.025472 0.013026 0.054112 0.087827 0.266337 0.098853
0.062085 0.451431 0.321013 0.014372 0.070546 0.073224 0.007329
0.099057 0.000010 0.000010 0.059170 0.370304 0.292196 0.179252
0.055553 0.000010 0.000010 0.015497 0.400679 0.308900 0.219350
0.865666 0.006331 0.000010 0.004944 0.007701 0.087788 0.027559
0.000010 0.064295 0.139241 0.016502 0.695310 0.056742 0.027900
0.395781 0.043347 0.030960 0.060477 0.033994 0.417706 0.017735
0.810213 0.003839 0.000376 0.016701 0.071389 0.097472 0.000010
0.443399 0.000010 0.011815 0.019602 0.339956 0.085756 0.099462
0.018378 0.011000 0.467477 0.020221 0.000010 0.424452 0.058462
0.452345 0.007868 0.029241 0.050392 0.054412 0.379055 0.026687
0.097765 0.000011 0.117116 0.072978 0.000010 0.654709 0.057410
0.045399 0.502595 0.384420 0.000010 0.040066 0.026762 0.000748
0.021183 0.021681 0.054729 0.000010 0.894103 0.000010 0.008284
0.016290 0.539712 0.317014 0.000010 0.034902 0.080934 0.011139
0.000010 0.679930 0.272983 0.000010 0.047047 0.000010 0.000010
0.471426 0.043498 0.009990 0.080723 0.000010 0.375935 0.018418
0.664810 0.003231 0.052496 0.020673 0.007365 0.195921 0.055504
0.000010 0.647926 0.000010 0.000010 0.000010 0.000010 0.352024
0.591476 0.046356 0.009829 0.058311 0.024087 0.235360 0.034581
0.779671 0.013308 0.054912 0.003401 0.016920 0.124801 0.006987
0.877933 0.004954 0.000010 0.052359 0.001280 0.063454 0.000010
0.074906 0.137519 0.251013 0.020535 0.000010 0.415967 0.100050
0.000010 0.029776 0.702361 0.000010 0.000010 0.000010 0.267823
0.530391 0.000010 0.077392 0.157979 0.039423 0.162486 0.032319
0.000010 0.681393 0.280509 0.000010 0.038058 0.000010 0.000010
0.088297 0.077809 0.083331 0.138346 0.007697 0.595253 0.009266
0.567687 0.000010 0.013606 0.013530 0.088728 0.254407 0.062033
0.000010 0.443507 0.215308 0.010176 0.132271 0.174306 0.024422
0.139465 0.097776 0.024002 0.066215 0.013821 0.590796 0.067924
0.000012 0.000010 0.000010 0.000010 0.999938 0.000010 0.000010
0.619546 0.013423 0.064851 0.077316 0.054430 0.161058 0.009375
0.629561 0.000010 0.044368 0.081211 0.032598 0.189449 0.022804
0.583541 0.052137 0.071204 0.013106 0.023758 0.226014 0.030241
0.793257 0.000010 0.090292 0.014427 0.016832 0.085171 0.000010
0.270713 0.005478 0.011923 0.000010 0.094204 0.370543 0.247128
0.200185 0.052703 0.143190 0.119390 0.052036 0.393654 0.038841
0.891645 0.000010 0.000010 0.000010 0.000010 0.034137 0.074178
0.978711 0.000010 0.000010 0.000010 0.021239 0.000010 0.000010
0.158796 0.014878 0.080476 0.277486 0.032623 0.435731 0.000010
0.738287 0.000010 0.000010 0.039239 0.145894 0.058765 0.017796
0.074331 0.063065 0.032534 0.155187 0.095354 0.530595 0.048935
0.764525 0.024358 0.020872 0.024215 0.066384 0.099636 0.000010
0.698808 0.000010 0.000010 0.050343 0.046258 0.204022 0.000549
0.035714 0.116368 0.037424 0.078759 0.000010 0.684716 0.047008
0.910409 0.000010 0.039714 0.000010 0.000010 0.040135 0.009712
0.343304 0.022365 0.027190 0.027376 0.353307 0.158506 0.067952
0.857148 0.000010 0.020407 0.012357 0.023828 0.086240 0.000010
0.440605 0.000010 0.000010 0.026979 0.344736 0.145035 0.042626
0.593843 0.010807 0.057007 0.124196 0.012387 0.201749 0.000010
0.829308 0.000010 0.000010 0.002564 0.049432 0.081698 0.036978
0.708377 0.000010 0.060971 0.045201 0.030469 0.136480 0.018493
0.100154 0.000010 0.000010 0.000010 0.345064 0.359404 0.195347
0.196168 0.000010 0.000010 0.012702 0.033988 0.389055 0.368066
0.000010 0.000010 0.000010 0.000010 0.000010 0.000010 0.999940
0.119523 0.000010 0.001003 0.015736 0.197858 0.182389 0.483481
0.090495 0.000010 0.006762 0.022363 0.268463 0.220731 0.391176
0.164731 0.029133 0.000010 0.013013 0.058096 0.320749 0.414268
0.075237 0.060112 0.250296 0.009251 0.040585 0.214655 0.349864
0.163798 0.000010 0.015369 0.059213 0.218078 0.294654 0.248878
0.000010 0.000010 0.000010 0.000010 0.000010 0.000010 0.999940
0.474006 0.000010 0.117831 0.267240 0.005793 0.106799 0.028322
0.235752 0.000010 0.000010 0.004390 0.028030 0.350695 0.381112
0.015709 0.000010 0.000010 0.000010 0.000010 0.000010 0.984241
0.000010 0.081078 0.700322 0.000010 0.004157 0.000010 0.214413
0.003376 0.426384 0.343325 0.085438 0.079050 0.062417 0.000010
0.004046 0.486213 0.315290 0.030362 0.106221 0.057858 0.000010
0.000010 0.000010 0.732460 0.000010 0.000010 0.000010 0.267490
0.301857 0.000010 0.000010 0.002610 0.037000 0.226306 0.432207
0.151214 0.020801 0.000010 0.013340 0.057476 0.268885 0.488274
0.000010 0.000010 0.000010 0.000010 0.000010 0.000010 0.999940
0.000010 0.212139 0.437456 0.061216 0.157539 0.131630 0.000010
0.000010 0.000010 0.674034 0.000010 0.325916 0.000010 0.000010
0.000010 0.824474 0.046793 0.000010 0.016761 0.030767 0.081186
0.211091 0.011895 0.000010 0.036610 0.041228 0.336118 0.363047
0.901720 0.010658 0.000010 0.000010 0.026693 0.028096 0.032814
0.761964 0.000010 0.003822 0.033843 0.012897 0.161626 0.025838
0.000010 0.028500 0.103551 0.030032 0.020730 0.817167 0.000010
0.020970 0.034611 0.041255 0.060808 0.013449 0.828897 0.000010
0.896955 0.000010 0.000010 0.024345 0.002409 0.060377 0.015895
0.265397 0.000010 0.005682 0.084174 0.400267 0.171299 0.073171
0.310365 0.000010 0.000010 0.091640 0.140815 0.392225 0.064934
0.443963 0.000010 0.077532 0.000010 0.067454 0.313233 0.097799
0.000010 0.951752 0.000010 0.025974 0.019809 0.000010 0.002435
0.644894 0.000010 0.030485 0.030604 0.015904 0.253167 0.024937
0.921730 0.000010 0.000010 0.000010 0.019053 0.019143 0.040045
0.472678 0.002025 0.072204 0.044996 0.029283 0.327830 0.050985
0.673686 0.000010 0.052699 0.044255 0.025010 0.204330 0.000010
0.517659 0.000010 0.031791 0.031357 0.070050 0.349124 0.000010
0.400046 0.044484 0.019314 0.034804 0.032392 0.467116 0.001844
0.000010 0.000010 0.000010 0.000010 0.000010 0.000010 0.999940
0.604364 0.000010 0.028295 0.016342 0.009423 0.287034 0.054532
0.706083 0.000010 0.009900 0.023620 0.011054 0.249324 0.000010
0.674980 0.000010 0.000517 0.027296 0.015760 0.257317 0.024120
0.250317 0.014044 0.038163 0.098567 0.053464 0.525673 0.019771
0.949108 0.013117 0.010030 0.000010 0.000010 0.027715 0.000010
0.304621 0.000010 0.653665 0.000010 0.000010 0.041674 0.000010
0.091003 0.000010 0.085051 0.040475 0.063228 0.720224 0.000010
0.163165 0.000010 0.143338 0.068478 0.021437 0.562039 0.041533
0.097259 0.017448 0.116845 0.059564 0.054937 0.619207 0.034740
0.244397 0.000010 0.000010 0.077148 0.002460 0.657916 0.018059
0.883852 0.000010 0.000010 0.021040 0.002499 0.089428 0.003162
0.785745 0.000010 0.033706 0.010775 0.023399 0.146355 0.000010
0.781380 0.000010 0.007189 0.000010 0.000010 0.211391 0.000010
0.874522 0.000010 0.000010 0.022368 0.000586 0.102495 0.000010
0.229196 0.000010 0.180461 0.061688 0.034095 0.494540 0.000010
0.069048 0.003970 0.055061 0.058811 0.473116 0.278647 0.061348
0.511021 0.000010 0.082612 0.050743 0.071303 0.216651 0.067660
0.512034 0.005667 0.030303 0.043515 0.159704 0.148368 0.100409
0.047030 0.018592 0.028835 0.011707 0.008095 0.859558 0.026183
0.884897 0.000010 0.026152 0.035915 0.023369 0.029647 0.000010
0.101936 0.070719 0.071456 0.090594 0.000010 0.567401 0.097884
0.754989 0.000010 0.000010 0.042176 0.017848 0.150107 0.034860
0.999939 0.000010 0.000010 0.000011 0.000010 0.000010 0.000010
0.741211 0.002110 0.151351 0.052763 0.000010 0.042004 0.010551
0.103216 0.021230 0.051948 0.057447 0.073183 0.692965 0.000010
0.999940 0.000010 0.000010 0.000010 0.000010 0.000010 0.000010
0.000010 0.018272 0.023183 0.031173 0.000010 0.880441 0.046911
0.015699 0.042167 0.003562 0.013387 0.005356 0.862722 0.057107
0.000010 0.000010 0.050716 0.044215 0.000010 0.875238 0.029800
0.000010 0.035381 0.056670 0.011298 0.000010 0.864997 0.031633
0.000010 0.024979 0.014083 0.000165 0.000010 0.894483 0.066271
0.000010 0.000010 0.017349 0.006138 0.841988 0.112931 0.021575
0.555551 0.000010 0.066523 0.033541 0.024809 0.288772 0.030793
0.922447 0.000010 0.000010 0.014149 0.019956 0.000010 0.043419
0.764773 0.000010 0.000010 0.000010 0.006932 0.228255 0.000010
0.706995 0.000010 0.057268 0.041975 0.007372 0.140135 0.046245
0.943626 0.000010 0.000010 0.000115 0.000010 0.007541 0.048688
0.000784 0.000010 0.000010 0.000010 0.000010 0.961550 0.037627
0.937433 0.000010 0.052744 0.000010 0.009783 0.000010 0.000010
0.165054 0.031062 0.000010 0.041162 0.030878 0.731823 0.000010
0.000010 0.000010 0.000010 0.000010 0.999940 0.000010 0.000010
0.021911 0.031531 0.449662 0.035673 0.000010 0.410657 0.050556
0.089423 0.000010 0.132016 0.049150 0.038575 0.690817 0.000010
0.316617 0.010588 0.000010 0.017302 0.001099 0.654374 0.000010
0.058831 0.008212 0.152810 0.055913 0.023372 0.681213 0.019649
0.000010 0.064492 0.067685 0.000010 0.000010 0.832336 0.035457
0.089618 0.025370 0.088263 0.019331 0.040856 0.736552 0.000010
0.000010 0.000010 0.000010 0.008106 0.000010 0.991844 0.000010
0.193648 0.001927 0.066124 0.051717 0.029138 0.611694 0.045752
0.070468 0.000010 0.060917 0.074522 0.020918 0.718171 0.054994
0.763611 0.020477 0.033085 0.004596 0.032063 0.121669 0.024498
0.075902 0.057325 0.000010 0.075835 0.012617 0.717059 0.061252
0.001110 0.000010 0.057827 0.016456 0.013160 0.899551 0.011886
0.072960 0.017258 0.028974 0.008807 0.000010 0.810544 0.061447
0.590346 0.060161 0.052347 0.018058 0.016224 0.251820 0.011045
0.961411 0.000010 0.000010 0.022828 0.000010 0.015720 0.000010
0.020560 0.000010 0.072284 0.055265 0.033760 0.818110 0.000010
0.009880 0.000010 0.080225 0.000010 0.909856 0.000010 0.000010
0.926464 0.022807 0.041988 0.000010 0.008712 0.000010 0.000010
0.965843 0.000010 0.000010 0.034107 0.000010 0.000010 0.000010
0.085359 0.000010 0.087840 0.019353 0.019336 0.768052 0.020051
0.450598 0.033339 0.104828 0.019338 0.021694 0.370192 0.000010
0.210667 0.000010 0.015706 0.099259 0.002424 0.671923 0.000010
0.000010 0.021708 0.000010 0.011630 0.033219 0.916603 0.016821
0.993596 0.000010 0.000010 0.000010 0.006354 0.000010 0.000010
0.995749 0.000010 0.000010 0.000010 0.004201 0.000010 0.000010
0.493512 0.000010 0.001399 0.037974 0.013317 0.412588 0.041200
0.559072 0.000010 0.018629 0.069896 0.036156 0.299640 0.016597
0.000010 0.918930 0.000010 0.014003 0.067027 0.000010 0.000010
0.051709 0.001514 0.121203 0.021040 0.023199 0.737148 0.044188
0.876714 0.003330 0.010106 0.007502 0.026390 0.074547 0.001411
0.000010 0.902819 0.000010 0.015525 0.081617 0.000010 0.000010
0.000010 0.000010 0.000010 0.526096 0.473854 0.000010 0.000010
0.000010 0.000010 0.644035 0.000010 0.355915 0.000010 0.000010
0.610827 0.000010 0.054138 0.031896 0.047376 0.245479 0.010273
0.549572 0.000010 0.089813 0.097037 0.031766 0.231792 0.000010
0.716033 0.000010 0.047321 0.049339 0.022082 0.165205 0.000010
0.329890 0.083671 0.088151 0.085297 0.006914 0.344324 0.061753
0.944368 0.000010 0.000010 0.020180 0.021809 0.013613 0.000010
0.999940 0.000010 0.000010 0.000010 0.000010 0.000010 0.000010
0.126182 0.012457 0.000010 0.123420 0.024836 0.713085 0.000010
0.639829 0.004723 0.034817 0.041589 0.002597 0.255936 0.020509
0.524462 0.000010 0.087896 0.033339 0.050360 0.303923 0.000010
0.379440 0.043157 0.067506 0.003879 0.000010 0.428537 0.077470
0.685253 0.003386 0.032973 0.061658 0.019957 0.196763 0.000010
0.752511 0.000010 0.000010 0.029220 0.042647 0.141885 0.033716
0.742372 0.017417 0.000010 0.034064 0.021604 0.163538 0.020995
0.796332 0.000010 0.051745 0.014031 0.015933 0.114022 0.007927
0.999940 0.000010 0.000010 0.000010 0.000010 0.000010 0.000010
0.914637 0.000010 0.023926 0.016846 0.023860 0.000010 0.020711
0.149881 0.000010 0.072813 0.056561 0.028282 0.664594 0.027860
0.402336 0.036621 0.029561 0.029481 0.061353 0.354580 0.086069
0.000010 0.060089 0.078950 0.021172 0.000010 0.839759 0.000010
0.969035 0.000010 0.000010 0.014888 0.010862 0.000010 0.005186
0.168403 0.000010 0.057122 0.104655 0.035214 0.634586 0.000010
0.648262 0.000010 0.141533 0.038764 0.045965 0.032803 0.092663
0.532811 0.018616 0.004000 0.086901 0.043834 0.294574 0.019265
0.086064 0.002216 0.072541 0.000010 0.010981 0.747546 0.080643
0.742607 0.000010 0.049362 0.074975 0.004795 0.125574 0.002676
0.146698 0.000010 0.000010 0.108258 0.012352 0.678491 0.054181
0.000010 0.016604 0.053905 0.027311 0.031742 0.855555 0.014874
0.057141 0.041048 0.023936 0.050866 0.050265 0.755078 0.021667
0.311271 0.046371 0.182796 0.000010 0.000010 0.340457 0.119085
0.016522 0.000010 0.136152 0.031206 0.000010 0.815826 0.000274
0.000010 0.144568 0.345960 0.000010 0.031185 0.278733 0.199534
0.129569 0.000010 0.000010 0.127915 0.033609 0.703718 0.005169
0.601696 0.005599 0.000010 0.000010 0.000010 0.332937 0.059738
0.914139 0.000010 0.022078 0.000010 0.000010 0.058691 0.005062
0.815304 0.015524 0.119048 0.000010 0.000010 0.000010 0.050094
0.859407 0.000010 0.031797 0.000010 0.000010 0.099818 0.008949
0.043178 0.000010 0.107036 0.000010 0.000010 0.849746 0.000010
0.412433 0.036136 0.205042 0.056435 0.018317 0.152669 0.118968
0.564495 0.034916 0.061240 0.022344 0.009609 0.232248 0.075148
0.206254 0.675452 0.015579 0.032792 0.023523 0.020115 0.026286
0.772329 0.024144 0.000010 0.017651 0.000010 0.163856 0.022001
0.797347 0.000010 0.025115 0.028404 0.015992 0.109263 0.023869
0.000010 0.000010 0.000010 0.000010 0.999940 0.000010 0.000010
0.000010 0.000010 0.000010 0.000010 0.999940 0.000010 0.000010
0.168580 0.016959 0.033066 0.008151 0.000010 0.745619 0.027614
0.164012 0.005955 0.000010 0.000010 0.026934 0.803070 0.000010
0.313278 0.000010 0.036676 0.000010 0.017218 0.595533 0.037275
0.329696 0.000010 0.032216 0.000010 0.005560 0.632497 0.000010
0.000010 0.000010 0.000010 0.000010 0.999940 0.000010 0.000010
0.000010 0.000010 0.000010 0.000010 0.999940 0.000010 0.000010
0.032259 0.000010 0.043886 0.027069 0.000010 0.840615 0.056151
0.038700 0.000010 0.049950 0.008953 0.000010 0.890351 0.012027
0.000010 0.000017 0.000010 0.000010 0.999933 0.000010 0.000010
0.000010 0.000010 0.000010 0.000010 0.999940 0.000010 0.000010
0.000010 0.000012 0.000010 0.000010 0.999938 0.000010 0.000010
0.031613 0.024256 0.130254 0.070638 0.000010 0.743219 0.000010
0.000010 0.000010 0.038289 0.027909 0.000010 0.933762 0.000010
0.185729 0.128332 0.300457 0.000010 0.136877 0.219765 0.028829
0.070159 0.050890 0.049869 0.066421 0.033300 0.699613 0.029748
0.000010 0.251147 0.490708 0.000010 0.157512 0.096446 0.004168
0.000010 0.078781 0.027088 0.000010 0.033663 0.817267 0.043181
0.000010 0.000010 0.000010 0.000010 0.999940 0.000010 0.000010
0.056222 0.034723 0.000010 0.000010 0.000010 0.867518 0.041507
0.208009 0.000010 0.135216 0.024358 0.008939 0.623458 0.000010
0.100833 0.001630 0.060095 0.017635 0.534152 0.281625 0.004031
0.021306 0.000010 0.015686 0.016641 0.896372 0.049974 0.000010
0.084151 0.000010 0.056627 0.018097 0.000010 0.793148 0.047957
0.000010 0.000010 0.000010 0.000010 0.999940 0.000010 0.000010
0.000010 0.000010 0.000010 0.000010 0.999940 0.000010 0.000010
0.000010 0.000010 0.000010 0.000010 0.999940 0.000010 0.000010
0.000010 0.000010 0.000010 0.000020 0.999930 0.000010 0.000010
0.000010 0.000010 0.000010 0.000010 0.999940 0.000010 0.000010
0.613369 0.005272 0.000010 0.067456 0.000010 0.239791 0.074091
0.590653 0.016345 0.053214 0.029065 0.121026 0.108615 0.081083
0.562911 0.000010 0.016784 0.016042 0.141200 0.176019 0.087033
0.000010 0.000010 0.000010 0.000010 0.999940 0.000010 0.000010
0.000010 0.000010 0.545062 0.000010 0.454888 0.000010 0.000010
0.404775 0.041727 0.024833 0.095724 0.068310 0.364621 0.000010
0.816524 0.000010 0.016377 0.033982 0.006903 0.126194 0.000010
0.536889 0.000010 0.030864 0.058147 0.049724 0.280168 0.044199
0.244961 0.000010 0.000010 0.095223 0.000010 0.657950 0.001836
0.196183 0.000010 0.000010 0.101664 0.016736 0.685388 0.000010
0.708267 0.000010 0.035543 0.010241 0.007717 0.203346 0.034875
0.208875 0.000010 0.048095 0.111889 0.000010 0.631111 0.000010
0.286827 0.000010 0.000010 0.050375 0.059159 0.487169 0.116450
0.745261 0.000010 0.038457 0.005097 0.035810 0.165970 0.009396
0.663054 0.001493 0.117317 0.000010 0.048352 0.111030 0.058744
0.312861 0.007922 0.000010 0.078815 0.000010 0.574763 0.025618
0.689755 0.039363 0.024338 0.000010 0.017488 0.176970 0.052076
0.303821 0.000010 0.035582 0.034519 0.057117 0.274466 0.294486
0.000010 0.225083 0.639525 0.000010 0.029772 0.000010 0.105589
0.164168 0.086231 0.092831 0.242966 0.028972 0.382158 0.002674
0.406410 0.017250 0.018289 0.036748 0.039306 0.481070 0.000927
0.451449 0.000010 0.135790 0.224935 0.004745 0.172810 0.010260
0.860923 0.012874 0.033711 0.020256 0.000010 0.023264 0.048963
0.036963 0.490424 0.309848 0.000010 0.037718 0.111231 0.013806
0.025032 0.139181 0.375321 0.023717 0.135947 0.242851 0.057949
0.614468 0.000010 0.000010 0.062868 0.021955 0.265906 0.034783
0.712007 0.000010 0.062145 0.029014 0.000010 0.187476 0.009339
0.513740 0.000010 0.014066 0.012156 0.389493 0.070526 0.000010
0.516739 0.034713 0.055069 0.023784 0.009143 0.307074 0.053479
0.013468 0.061307 0.137949 0.023152 0.732714 0.001597 0.029813
0.467377 0.000010 0.016410 0.036842 0.041369 0.437981 0.000010
0.025636 0.071783 0.472487 0.046071 0.058787 0.255840 0.069396
0.852793 0.000010 0.002991 0.031611 0.000010 0.056362 0.056223
0.991741 0.000010 0.000010 0.000010 0.008209 0.000010 0.000010
0.862494 0.000745 0.075318 0.029489 0.000010 0.031933 0.000010
0.770685 0.000010 0.043137 0.000010 0.000010 0.183074 0.003074
0.013650 0.740217 0.065574 0.041943 0.011714 0.126892 0.000010
0.000010 0.000010 0.092659 0.011721 0.000010 0.884330 0.011260
0.000010 0.041061 0.706250 0.020362 0.000010 0.000010 0.232297
0.124084 0.000010 0.133838 0.000010 0.005813 0.736234 0.000010
0.407078 0.000010 0.000010 0.138285 0.022854 0.348521 0.083243
0.017748 0.000010 0.000010 0.055763 0.000010 0.926449 0.000010
0.302121 0.000010 0.112202 0.000315 0.000010 0.576776 0.008566
0.111043 0.000010 0.093692 0.003595 0.018003 0.773647 0.000010
0.000010 0.046018 0.674577 0.017398 0.000010 0.000010 0.261976
0.831164 0.000010 0.000010 0.009682 0.000010 0.143773 0.015351
0.851847 0.033943 0.000010 0.000010 0.000010 0.114170 0.000010
0.059296 0.000010 0.148959 0.105891 0.024777 0.620281 0.040786
0.914444 0.000010 0.006996 0.000010 0.000010 0.078520 0.000010
0.066707 0.034467 0.150420 0.066938 0.021294 0.660164 0.000010
0.000010 0.715138 0.128129 0.025921 0.009895 0.039629 0.081277
0.178953 0.002391 0.697161 0.000010 0.000010 0.121465 0.000010
0.001182 0.998703 0.000010 0.000010 0.000010 0.000075 0.000010
0.000010 0.533574 0.172086 0.020741 0.018620 0.254960 0.000010
0.000010 0.022191 0.234561 0.000010 0.383246 0.277057 0.082925
0.000010 0.852284 0.000010 0.012281 0.042425 0.084435 0.008556
0.000010 0.000010 0.000010 0.000010 0.999940 0.000010 0.000010
0.671227 0.000010 0.013771 0.017255 0.000010 0.285753 0.011974
0.000010 0.024099 0.111394 0.041458 0.009316 0.813712 0.000010
0.085365 0.035823 0.036184 0.044055 0.025238 0.727000 0.046336
0.034963 0.000010 0.059907 0.000010 0.882491 0.000010 0.022609
0.360385 0.000010 0.038537 0.499436 0.013957 0.064645 0.023031
0.052164 0.163518 0.292880 0.020830 0.088153 0.322946 0.059510
0.059977 0.005394 0.442761 0.000010 0.000010 0.438238 0.053609
0.068426 0.000010 0.053474 0.095209 0.040424 0.685148 0.057308
0.108640 0.000010 0.000151 0.031304 0.043186 0.770256 0.046454
0.261285 0.010779 0.148015 0.014907 0.066922 0.429949 0.068142
0.085861 0.011292 0.107609 0.070612 0.022472 0.702143 0.000010
0.000010 0.046754 0.150067 0.026885 0.759731 0.016544 0.000010
0.029749 0.062363 0.138269 0.024746 0.706696 0.038166 0.000010
0.000010 0.012747 0.024485 0.026826 0.829457 0.081100 0.025375
0.041409 0.020065 0.437302 0.013803 0.020093 0.370181 0.097146
0.000010 0.000010 0.430038 0.000010 0.000010 0.000010 0.569912
0.000010 0.623026 0.075841 0.000010 0.000010 0.296597 0.004506
0.013770 0.239050 0.533922 0.031268 0.000010 0.053155 0.128826
0.999940 0.000010 0.000010 0.000010 0.000010 0.000010 0.000010
0.755686 0.000010 0.000010 0.039508 0.144264 0.045101 0.015421
0.493747 0.007652 0.018131 0.077729 0.010873 0.391858 0.000010
0.598970 0.011950 0.000010 0.054040 0.084394 0.197197 0.053439
0.000010 0.000010 0.000010 0.999940 0.000010 0.000010 0.000010
0.921104 0.000010 0.016217 0.000010 0.000010 0.033765 0.028884
0.912075 0.008199 0.003296 0.000010 0.006578 0.064106 0.005737
0.014927 0.056422 0.177615 0.012622 0.695463 0.031516 0.011436
0.015564 0.024012 0.163337 0.000010 0.765215 0.027711 0.004151
0.954846 0.006768 0.000010 0.015803 0.000010 0.022553 0.000010
0.171141 0.042033 0.270421 0.067240 0.029923 0.348184 0.071058
0.826534 0.002833 0.078563 0.026697 0.012243 0.053120 0.000010
0.612047 0.000010 0.054827 0.093588 0.032781 0.149820 0.056927
0.107380 0.000010 0.127421 0.618254 0.003530 0.123751 0.019656
0.026074 0.000010 0.101618 0.000010 0.872268 0.000010 0.000010
0.394534 0.000010 0.033856 0.040165 0.352404 0.167012 0.012020
0.006040 0.171145 0.363444 0.035679 0.213293 0.195855 0.014545
0.675618 0.027978 0.020908 0.031267 0.063420 0.141301 0.039510
0.285254 0.033033 0.040007 0.071857 0.023622 0.525769 0.020458
0.603608 0.000010 0.023671 0.068018 0.052135 0.199519 0.053039
0.028010 0.000010 0.071539 0.000010 0.891757 0.008664 0.000010
0.864596 0.000010 0.000010 0.043001 0.000010 0.051518 0.040855
0.592430 0.023414 0.014197 0.071843 0.031351 0.228730 0.038034
0.375511 0.000010 0.023707 0.037362 0.048208 0.514673 0.000529
0.595919 0.020543 0.031384 0.064734 0.010983 0.251286 0.025151
0.037948 0.488386 0.339374 0.032127 0.070039 0.032115 0.000010
0.000010 0.000010 0.773020 0.000010 0.000010 0.000010 0.226930
0.005000 0.511573 0.315712 0.000010 0.080287 0.087407 0.000010
0.070492 0.110855 0.006806 0.052427 0.028372 0.721267 0.009781
0.110171 0.078722 0.000010 0.035319 0.032256 0.732441 0.011081
0.025288 0.763961 0.058127 0.043630 0.097691 0.000010 0.011292
0.000010 0.795349 0.062043 0.026199 0.116379 0.000010 0.000010
0.054988 0.016211 0.305355 0.000010 0.002556 0.579435 0.041445
0.000010 0.781233 0.062921 0.054849 0.100967 0.000010 0.000010
0.054161 0.381081 0.216742 0.000010 0.005636 0.218122 0.124247
0.000010 0.577278 0.134815 0.006196 0.008699 0.260281 0.012722
0.000010 0.000010 0.000010 0.999938 0.000012 0.000010 0.000010
0.189201 0.000010 0.802081 0.008678 0.000010 0.000010 0.000010
0.190476 0.000010 0.773419 0.000010 0.000010 0.036065 0.000010
0.196775 0.000010 0.755061 0.000010 0.000010 0.000010 0.048124
0.205037 0.000010 0.735538 0.000010 0.000010 0.030493 0.028903
0.196223 0.000010 0.801750 0.001987 0.000010 0.000010 0.000010
0.144397 0.000010 0.764806 0.009670 0.003896 0.048886 0.028335
0.157157 0.000010 0.794685 0.000010 0.000010 0.029836 0.018292
0.176987 0.000010 0.745609 0.000010 0.000010 0.000010 0.077364
0.000010 0.833277 0.080245 0.000010 0.034346 0.047192 0.004920
0.000010 0.845132 0.042215 0.004360 0.013710 0.091986 0.002588
0.000010 0.800147 0.122037 0.000010 0.077777 0.000010 0.000010
0.994901 0.000010 0.000010 0.000010 0.005049 0.000010 0.000010
0.000010 0.777539 0.040898 0.039181 0.142351 0.000010 0.000010
0.194323 0.000010 0.000010 0.709389 0.088992 0.007266 0.000010
0.027171 0.765257 0.085787 0.026029 0.095736 0.000010 0.000010
0.000010 0.865642 0.065290 0.000010 0.046187 0.022851 0.000010
0.000010 0.885032 0.103900 0.006863 0.003913 0.000010 0.000273
0.000010 0.808200 0.054660 0.038817 0.009291 0.068464 0.020558
0.002126 0.860965 0.079072 0.008480 0.033897 0.000010 0.015450
0.032020 0.834517 0.025825 0.032619 0.001034 0.073975 0.000010
0.000010 0.974104 0.000010 0.025846 0.000010 0.000010 0.000010
0.836936 0.006214 0.129471 0.019925 0.007433 0.000010 0.000010
0.202533 0.053422 0.102095 0.050334 0.020935 0.502317 0.068363
0.138492 0.000010 0.784688 0.000010 0.000010 0.028717 0.048073
0.000010 0.910319 0.000010 0.000010 0.019325 0.056158 0.014169
0.998044 0.000010 0.000010 0.001906 0.000010 0.000010 0.000010
0.152493 0.000010 0.731350 0.000010 0.000010 0.110041 0.006086
0.131731 0.000010 0.764271 0.000010 0.000010 0.103959 0.000010
0.999940 0.000010 0.000010 0.000010 0.000010 0.000010 0.000010
0.000010 0.000010 0.000010 0.999940 0.000010 0.000010 0.000010
0.048120 0.950657 0.000010 0.000010 0.000010 0.001183 0.000010
0.000010 0.000010 0.000010 0.000010 0.000010 0.000010 0.999940
0.190268 0.000010 0.762485 0.000010 0.000010 0.018240 0.028977
0.202852 0.020774 0.728764 0.000010 0.000010 0.000010 0.047581
0.000010 0.965130 0.000010 0.034820 0.000010 0.000010 0.000010
0.127789 0.011959 0.008729 0.064982 0.044368 0.722964 0.019210
0.606864 0.031731 0.022086 0.032761 0.101321 0.122284 0.082952
0.000010 0.663846 0.133654 0.002481 0.020236 0.161760 0.018013
0.000010 0.672578 0.068466 0.000010 0.004312 0.200658 0.053967
0.000010 0.595351 0.080351 0.000010 0.001547 0.322721 0.000010
0.000010 0.000010 0.000010 0.000010 0.999940 0.000010 0.000010
0.007391 0.000010 0.094273 0.000010 0.898296 0.000010 0.000010
0.000010 0.969030 0.000010 0.000010 0.030757 0.000010 0.000173
0.000858 0.799784 0.135953 0.001245 0.060773 0.000010 0.001377
0.003342 0.996608 0.000010 0.000010 0.000010 0.000010 0.000010
0.000010 0.984278 0.000010 0.000010 0.015672 0.000010 0.000010
0.000010 0.993178 0.000010 0.000010 0.000010 0.000010 0.006772
0.000010 0.993074 0.000010 0.006876 0.000010 0.000010 0.000010
0.000010 0.974470 0.009356 0.000010 0.006485 0.000010 0.009658
0.053868 0.824924 0.049097 0.019785 0.051812 0.000504 0.000010
0.000010 0.608088 0.105015 0.008822 0.023473 0.254582 0.000010
0.001811 0.624129 0.109550 0.013560 0.007807 0.243132 0.000010
0.000010 0.913829 0.027719 0.000010 0.000010 0.014997 0.043425
0.000010 0.652714 0.096641 0.000010 0.000010 0.236866 0.013749
0.003115 0.053692 0.301597 0.256501 0.130853 0.101567 0.152675
0.640561 0.035748 0.022031 0.258125 0.000010 0.018141 0.025384
0.000010 0.000010 0.000010 0.999940 0.000010 0.000010 0.000010
0.171710 0.000010 0.721284 0.000010 0.000010 0.069273 0.037703
0.182321 0.000010 0.784355 0.000010 0.000010 0.003667 0.029626
0.034301 0.508919 0.317329 0.037832 0.101599 0.000010 0.000010
0.000010 0.154602 0.257950 0.043091 0.188233 0.315394 0.040721
0.327346 0.012508 0.073435 0.399359 0.051662 0.101627 0.034064
0.140149 0.000010 0.287555 0.113441 0.042648 0.392551 0.023645
0.002258 0.453118 0.350797 0.000010 0.071783 0.103460 0.018574
0.858418 0.000010 0.020165 0.000010 0.022746 0.081534 0.017117
0.000010 0.987620 0.000010 0.002524 0.000010 0.000010 0.009817
0.026907 0.784265 0.126680 0.000010 0.060172 0.000010 0.001956
0.000010 0.959250 0.009217 0.005333 0.000010 0.000010 0.026169
0.000010 0.000010 0.000010 0.999939 0.000011 0.000010 0.000010
0.000010 0.841199 0.089040 0.044462 0.025269 0.000010 0.000010
0.011876 0.978344 0.000010 0.000010 0.009740 0.000010 0.000010
0.038835 0.948822 0.000010 0.000010 0.012303 0.000010 0.000010
0.000010 0.929085 0.000010 0.034147 0.000010 0.000010 0.036727
0.004542 0.993239 0.000010 0.000010 0.000010 0.002179 0.000010
0.000010 0.962266 0.018145 0.000010 0.000010 0.000010 0.019549
0.272921 0.118827 0.139640 0.033719 0.081821 0.295008 0.058063
0.123578 0.050404 0.039812 0.025291 0.011754 0.717914 0.031247
0.079793 0.452708 0.392596 0.010167 0.064716 0.000010 0.000010
0.085989 0.515803 0.327425 0.000010 0.070754 0.000010 0.000010
0.119900 0.053667 0.071980 0.061172 0.015637 0.646929 0.030715
0.675666 0.000010 0.014545 0.035476 0.001222 0.261659 0.011422
0.798733 0.045794 0.009105 0.023319 0.058979 0.064060 0.000010
0.919339 0.017559 0.000010 0.000010 0.007905 0.055166 0.000010
0.003972 0.992917 0.000010 0.003071 0.000010 0.000010 0.000010
0.811541 0.000567 0.016873 0.000010 0.053803 0.049934 0.067271
0.000010 0.963470 0.000010 0.036480 0.000010 0.000010 0.000010
0.000010 0.999940 0.000010 0.000010 0.000010 0.000010 0.000010
0.003045 0.903978 0.016884 0.024871 0.016257 0.000010 0.034954
0.037990 0.939933 0.011189 0.000010 0.000010 0.006071 0.004797
0.000010 0.976451 0.000010 0.023499 0.000010 0.000010 0.000010
0.000010 0.956043 0.000010 0.024657 0.019259 0.000010 0.000010
0.190503 0.000010 0.000010 0.015382 0.030879 0.176402 0.586814
0.223991 0.000010 0.000010 0.054108 0.047580 0.276583 0.397717
0.096147 0.266621 0.374127 0.000010 0.013134 0.163351 0.086609
0.000010 0.086331 0.272953 0.035188 0.386040 0.146199 0.073279
0.000010 0.122544 0.201039 0.035376 0.579340 0.054935 0.006756
0.000010 0.097969 0.153859 0.030067 0.553209 0.142399 0.022487
0.616383 0.056517 0.018510 0.068632 0.023964 0.203172 0.012823
0.016997 0.962275 0.000010 0.000010 0.020687 0.000010 0.000010
0.000010 0.999866 0.000084 0.000010 0.000010 0.000010 0.000010
0.000010 0.999940 0.000010 0.000010 0.000010 0.000010 0.000010
0.000010 0.078210 0.219229 0.008062 0.425227 0.188538 0.080724
0.000010 0.065940 0.177163 0.001968 0.480522 0.218703 0.055695
0.198264 0.001852 0.000010 0.010774 0.047629 0.298566 0.442905
0.122101 0.000010 0.000010 0.049499 0.042721 0.045687 0.739972
0.000010 0.096901 0.179116 0.009526 0.537545 0.113153 0.063749
