0.382114 0.000010 0.000010 0.000010 0.000010 0.000010 0.000010 0.039890 0.416522 0.000010 0.161404
0.125359 0.000010 0.000010 0.000010 0.039920 0.007106 0.000010 0.000010 0.609787 0.000010 0.217768
0.396645 0.088516 0.020122 0.000010 0.031678 0.015533 0.000900 0.000010 0.399271 0.012001 0.035314
0.000010 0.017328 0.000010 0.011641 0.021430 0.000010 0.000010 0.913474 0.036067 0.000010 0.000010
0.122893 0.013811 0.000010 0.047968 0.035870 0.038123 0.000010 0.000010 0.426445 0.000010 0.314849
0.701107 0.000010 0.000010 0.047049 0.000010 0.000010 0.000010 0.005713 0.161860 0.000010 0.084211
0.206262 0.248378 0.000010 0.000010 0.015919 0.000010 0.000010 0.395288 0.038779 0.000010 0.095324
0.901628 0.000010 0.000010 0.003265 0.035444 0.000010 0.000010 0.000010 0.000010 0.000010 0.059592
0.000010 0.000010 0.006325 0.052830 0.024176 0.000010 0.000010 0.025848 0.634545 0.000010 0.256226
0.886229 0.000010 0.000010 0.051315 0.000010 0.000010 0.000010 0.000010 0.037683 0.000010 0.024703
0.523266 0.003496 0.000010 0.027892 0.011529 0.000010 0.000010 0.000010 0.096801 0.000010 0.336966
0.271451 0.000010 0.000010 0.000010 0.031152 0.000010 0.000010 0.000010 0.502928 0.015129 0.179280
0.000010 0.030947 0.119030 0.234585 0.061175 0.000010 0.000010 0.065663 0.488550 0.000010 0.000010
0.000010 0.051423 0.020628 0.035534 0.008531 0.000010 0.000010 0.469655 0.414179 0.000010 0.000010
0.889362 0.000010 0.000010 0.028479 0.000010 0.000010 0.000010 0.003686 0.004701 0.006397 0.067325
0.319505 0.012540 0.008554 0.058679 0.022445 0.000010 0.000010 0.000010 0.477591 0.006395 0.094262
0.638747 0.000010 0.000010 0.026905 0.015265 0.000010 0.000010 0.030389 0.141337 0.000010 0.147308
0.411294 0.182398 0.000010 0.000010 0.010547 0.000010 0.000010 0.279344 0.026309 0.000010 0.090058
0.263228 0.000010 0.000010 0.646085 0.035162 0.000010 0.000010 0.000010 0.000010 0.000010 0.055455
0.000010 0.000010 0.000010 0.000010 0.003337 0.000010 0.000010 0.000010 0.000010 0.996573 0.000010
0.009934 0.000010 0.000010 0.000010 0.000010 0.000010 0.000010 0.000010 0.000010 0.989976 0.000010
0.000010 0.000010 0.000010 0.000010 0.000010 0.000010 0.000010 0.000010 0.000010 0.999900 0.000010
0.032540 0.000010 0.000010 0.000010 0.019795 0.000010 0.000010 0.000010 0.000010 0.947585 0.000010
0.047059 0.025458 0.028725 0.041650 0.020947 0.010921 0.000010 0.716524 0.089091 0.019604 0.000010
0.020967 0.000010 0.000010 0.978943 0.000010 0.000010 0.000010 0.000010 0.000010 0.000010 0.000010
0.000010 0.000010 0.000010 0.000010 0.000010 0.000010 0.000010 0.010601 0.000010 0.989309 0.000010
0.000010 0.034864 0.000010 0.000010 0.028810 0.000010 0.000010 0.009233 0.701773 0.000010 0.225260
0.000010 0.000010 0.000010 0.000010 0.000010 0.000010 0.000010 0.000010 0.000010 0.999900 0.000010
0.107235 0.000010 0.001553 0.012924 0.000010 0.006218 0.014770 0.037993 0.807574 0.000010 0.011703
0.084368 0.000010 0.000010 0.000010 0.000010 0.000010 0.010615 0.037109 0.867838 0.000010 0.000010
0.012283 0.000010 0.000010 0.034126 0.006293 0.000010 0.000010 0.000010 0.947227 0.000010 0.000010
0.031056 0.000010 0.009699 0.027809 0.001574 0.000046 0.000010 0.000010 0.831102 0.000010 0.098674
0.037067 0.043113 0.183229 0.165387 0.026866 0.086014 0.000010 0.115596 0.342698 0.000010 0.000010
0.000010 0.000010 0.093796 0.259170 0.009552 0.041383 0.000010 0.020988 0.562715 0.000010 0.012356
0.090765 0.000010 0.000010 0.059899 0.332551 0.018197 0.000010 0.000010 0.308161 0.000010 0.190377
0.085611 0.000010 0.000010 0.047951 0.000010 0.000010 0.004725 0.362961 0.141198 0.000010 0.357505
0.201355 0.000010 0.000010 0.108043 0.000747 0.000010 0.000010 0.425990 0.012454 0.000010 0.251362
0.000010 0.000010 0.000010 0.000010 0.000010 0.000010 0.999900 0.000010 0.000010 0.000010 0.000010
0.000010 0.000010 0.012089 0.089884 0.029866 0.000010 0.000010 0.027297 0.736468 0.000010 0.104347
0.065975 0.000010 0.000010 0.064133 0.000010 0.016697 0.000010 0.000010 0.853125 0.000010 0.000010
0.999900 0.000010 0.000010 0.000010 0.000010 0.000010 0.000010 0.000010 0.000010 0.000010 0.000010
0.171129 0.000010 0.012202 0.110916 0.000010 0.004581 0.000010 0.013191 0.616129 0.000010 0.071812
0.736150 0.031697 0.013105 0.000010 0.036092 0.000010 0.000010 0.000010 0.159744 0.000010 0.023161
0.828930 0.006756 0.000010 0.007185 0.018609 0.000010 0.000010 0.029952 0.108518 0.000010 0.000010
0.000010 0.000010 0.011533 0.604216 0.004886 0.000010 0.000010 0.000010 0.379295 0.000010 0.000010
0.000010 0.000010 0.000010 0.008510 0.000010 0.000010 0.312468 0.000010 0.000010 0.678941 0.000010
0.000010 0.002387 0.000010 0.016246 0.006487 0.000010 0.291770 0.000010 0.000010 0.683049 0.000010
0.000010 0.000010 0.132727 0.086042 0.025476 0.127483 0.125401 0.000010 0.147050 0.298730 0.057062
0.006096 0.086293 0.088254 0.254002 0.042083 0.030235 0.003969 0.000261 0.399865 0.022775 0.066166
0.026624 0.000748 0.044008 0.310787 0.038038 0.023616 0.000010 0.028948 0.448961 0.044204 0.034056
0.000010 0.999900 0.000010 0.000010 0.000010 0.000010 0.000010 0.000010 0.000010 0.000010 0.000010
0.000010 0.038298 0.076730 0.276900 0.000010 0.057777 0.000010 0.000010 0.440586 0.064387 0.045282
0.000010 0.999900 0.000010 0.000010 0.000010 0.000010 0.000010 0.000010 0.000010 0.000010 0.000010
0.002190 0.000010 0.097095 0.277248 0.076097 0.000010 0.000112 0.000010 0.469012 0.000010 0.078206
0.000010 0.008663 0.113872 0.327091 0.021137 0.054559 0.000010 0.000010 0.474627 0.000010 0.000010
0.000010 0.000010 0.000010 0.000010 0.999897 0.000010 0.000010 0.000013 0.000010 0.000010 0.000010
0.897910 0.000010 0.000010 0.010385 0.035616 0.020602 0.000010 0.001397 0.034039 0.000010 0.000010
0.000010 0.000010 0.047358 0.052953 0.018118 0.000010 0.000010 0.013375 0.787220 0.000010 0.080927
0.004704 0.034563 0.000010 0.055039 0.000010 0.000010 0.000010 0.000830 0.791408 0.000010 0.113407
0.639469 0.127846 0.000010 0.000010 0.000010 0.000010 0.000010 0.033612 0.097986 0.000010 0.101027
0.000010 0.025026 0.000010 0.000010 0.000010 0.000010 0.000010 0.000010 0.970269 0.000010 0.004625
0.104948 0.014114 0.014200 0.021839 0.022665 0.000010 0.004788 0.017896 0.799520 0.000010 0.000010
0.447755 0.019605 0.000010 0.113819 0.008506 0.000010 0.000010 0.000010 0.407614 0.002650 0.000010
0.028052 0.000010 0.027538 0.000010 0.014468 0.000010 0.000010 0.019306 0.905223 0.000010 0.005363
0.078550 0.000010 0.011700 0.134127 0.046769 0.000010 0.000010 0.028243 0.659120 0.000010 0.041451
0.190952 0.041060 0.033734 0.207089 0.080814 0.027607 0.022919 0.223109 0.098793 0.000010 0.073912
0.000010 0.000010 0.166740 0.000010 0.000010 0.000010 0.611420 0.221761 0.000010 0.000010 0.000010
0.000010 0.000010 0.034609 0.000010 0.034850 0.027553 0.001952 0.681409 0.197338 0.000010 0.022248
0.906006 0.005507 0.000010 0.000010 0.044942 0.000128 0.000010 0.000010 0.043357 0.000010 0.000010
0.000010 0.000010 0.075781 0.338151 0.031412 0.019771 0.000010 0.024504 0.510332 0.000010 0.000010
0.046314 0.059466 0.069611 0.287897 0.018183 0.066746 0.000010 0.010891 0.412749 0.000010 0.028123
0.075500 0.028438 0.022055 0.507134 0.053793 0.018378 0.000010 0.013477 0.262682 0.000010 0.018524
0.000010 0.005947 0.000010 0.000010 0.136083 0.000010 0.000010 0.000010 0.606135 0.000010 0.251765
0.028425 0.036248 0.000010 0.000010 0.005780 0.000010 0.000010 0.019598 0.818681 0.000010 0.091218
0.052970 0.000010 0.009584 0.049515 0.106878 0.000010 0.000010 0.000010 0.619402 0.000010 0.161601
0.028873 0.000010 0.000010 0.116411 0.042370 0.000010 0.000010 0.000010 0.812063 0.000010 0.000222
0.028998 0.000010 0.000010 0.008390 0.007828 0.000010 0.000010 0.045649 0.909076 0.000010 0.000010
0.044265 0.029741 0.000010 0.096626 0.009424 0.000010 0.014046 0.000010 0.722952 0.000010 0.082906
0.000010 0.000010 0.000010 0.000010 0.000010 0.000010 0.999900 0.000010 0.000010 0.000010 0.000010
0.066311 0.031183 0.000010 0.002767 0.000010 0.000010 0.000010 0.033219 0.825865 0.000010 0.040606
0.016488 0.027793 0.000010 0.098052 0.040507 0.000010 0.000010 0.000010 0.741567 0.000010 0.075544
0.567601 0.002827 0.000010 0.000010 0.017779 0.000010 0.000010 0.000010 0.148422 0.000010 0.263311
0.566302 0.000010 0.000010 0.024359 0.026857 0.000010 0.000010 0.019483 0.070626 0.000010 0.292323
0.018366 0.000010 0.000010 0.000010 0.761971 0.005040 0.000010 0.000010 0.148243 0.000010 0.066320
0.712759 0.153550 0.000010 0.000010 0.013059 0.000010 0.000010 0.051324 0.031196 0.000010 0.038061
0.000010 0.000015 0.000010 0.000010 0.000010 0.000010 0.999895 0.000010 0.000010 0.000010 0.000010
0.000010 0.047824 0.000010 0.028804 0.021473 0.111836 0.003912 0.000010 0.063894 0.722217 0.000010
0.312378 0.000010 0.000010 0.033191 0.029356 0.000010 0.000010 0.000010 0.002424 0.000010 0.622591
0.107134 0.000010 0.032308 0.046871 0.096880 0.000010 0.000010 0.018430 0.482711 0.006582 0.209053
0.000010 0.084281 0.011025 0.006833 0.000010 0.047158 0.007594 0.015595 0.000010 0.827474 0.000010
0.005261 0.000010 0.000010 0.000010 0.038672 0.072899 0.000010 0.000010 0.094708 0.788400 0.000010
0.000010 0.000010 0.000010 0.000010 0.000010 0.100028 0.045583 0.009678 0.107537 0.729886 0.007238
0.000010 0.000010 0.000010 0.037412 0.003846 0.077304 0.009276 0.000010 0.027397 0.834950 0.009776
0.000010 0.021288 0.010395 0.063042 0.000010 0.025822 0.029817 0.000010 0.012526 0.837071 0.000010
0.082069 0.064332 0.008146 0.000010 0.053108 0.000010 0.000010 0.040159 0.317707 0.258428 0.176021
0.000010 0.000010 0.000010 0.999900 0.000010 0.000010 0.000010 0.000010 0.000010 0.000010 0.000010
0.000010 0.000010 0.000010 0.911758 0.000010 0.000010 0.000010 0.016266 0.071896 0.000010 0.000010
0.095163 0.002925 0.008724 0.042309 0.026726 0.013741 0.000010 0.000010 0.269543 0.000010 0.540839
0.744773 0.000010 0.000010 0.000010 0.000010 0.000010 0.000010 0.029492 0.025865 0.023633 0.176177
0.000010 0.000010 0.000010 0.951515 0.000010 0.000010 0.000010 0.003172 0.045232 0.000010 0.000010
0.000010 0.000010 0.000010 0.000010 0.104040 0.000010 0.000010 0.000010 0.599192 0.000010 0.296688
0.000010 0.000010 0.000010 0.815414 0.011251 0.000010 0.000010 0.011380 0.152710 0.009185 0.000010
0.129923 0.001007 0.000010 0.000010 0.068580 0.000010 0.000010 0.000010 0.514945 0.000010 0.285486
0.000010 0.000010 0.000010 0.000010 0.000010 0.000010 0.000010 0.999900 0.000010 0.000010 0.000010
0.614379 0.000010 0.000010 0.008523 0.000010 0.000010 0.000010 0.002914 0.072652 0.000010 0.301472
0.023785 0.000010 0.000010 0.517664 0.011316 0.000010 0.000010 0.447164 0.000010 0.000010 0.000010
0.000010 0.000010 0.000010 0.000010 0.000010 0.000010 0.000010 0.000010 0.000010 0.000010 0.999900
0.001240 0.028126 0.000010 0.000010 0.103463 0.000010 0.000010 0.009421 0.610366 0.000010 0.247333
0.126932 0.000010 0.000010 0.046442 0.049362 0.000010 0.000010 0.016342 0.488672 0.000010 0.272201
0.815192 0.000010 0.000010 0.005679 0.006069 0.000010 0.000010 0.000010 0.060781 0.000010 0.112218
0.000010 0.296855 0.001953 0.403627 0.000010 0.050051 0.029676 0.000010 0.140560 0.036085 0.041163
0.519443 0.000010 0.000010 0.016804 0.020668 0.000010 0.000010 0.000010 0.292719 0.000010 0.150307
0.735231 0.006932 0.000010 0.000010 0.022602 0.000010 0.007094 0.000010 0.111400 0.000010 0.116691
0.870582 0.000010 0.000010 0.012617 0.000010 0.000010 0.000010 0.000010 0.044136 0.000010 0.072594
0.061869 0.000010 0.008560 0.004099 0.087859 0.000010 0.000010 0.000010 0.621189 0.000010 0.216374
0.000010 0.000010 0.000010 0.000010 0.000010 0.000010 0.000010 0.000010 0.000010 0.000010 0.999900
0.000010 0.000010 0.000010 0.000010 0.000014 0.000010 0.000012 0.999885 0.000019 0.000010 0.000010
0.000010 0.000010 0.000010 0.000010 0.000010 0.000010 0.000010 0.999900 0.000010 0.000010 0.000010
0.717620 0.000010 0.000010 0.000010 0.034319 0.000010 0.000010 0.000010 0.060171 0.000010 0.187819
0.000010 0.000010 0.000010 0.000010 0.000010 0.000010 0.000010 0.999900 0.000010 0.000010 0.000010
0.825788 0.070581 0.000010 0.011900 0.000536 0.009866 0.000010 0.014882 0.066408 0.000010 0.000010
0.999900 0.000010 0.000010 0.000010 0.000010 0.000010 0.000010 0.000010 0.000010 0.000010 0.000010
0.000010 0.000010 0.000010 0.000010 0.000010 0.000010 0.000010 0.999900 0.000010 0.000010 0.000010
0.000012 0.000010 0.000010 0.000012 0.000010 0.000010 0.000010 0.999895 0.000010 0.000010 0.000010
0.000010 0.000010 0.000010 0.000010 0.000010 0.000010 0.000010 0.999900 0.000010 0.000010 0.000010
0.000010 0.000010 0.000010 0.000010 0.000010 0.000010 0.000010 0.999900 0.000010 0.000010 0.000010
0.000010 0.000010 0.002595 0.000010 0.000010 0.031109 0.000010 0.856663 0.083390 0.000010 0.026183
0.074654 0.005743 0.000010 0.000010 0.031735 0.000010 0.000010 0.004239 0.563439 0.000010 0.320139
0.014047 0.000010 0.000010 0.000010 0.016514 0.000010 0.000010 0.009177 0.667222 0.000010 0.292981
0.000010 0.000010 0.000016 0.000010 0.000010 0.000010 0.000010 0.999894 0.000010 0.000010 0.000010
0.381328 0.217684 0.000010 0.000010 0.028958 0.000010 0.000010 0.167831 0.079705 0.000010 0.124443
0.555726 0.000010 0.000010 0.005935 0.056056 0.000010 0.000010 0.006808 0.000010 0.000010 0.375415
0.000010 0.000010 0.000010 0.000010 0.000010 0.000010 0.000010 0.999900 0.000010 0.000010 0.000010
0.000010 0.026495 0.002067 0.000010 0.009829 0.005922 0.000010 0.955627 0.000010 0.000010 0.000010
0.000010 0.000010 0.000010 0.000010 0.000010 0.000010 0.000010 0.999900 0.000010 0.000010 0.000010
0.126099 0.029968 0.000010 0.035751 0.264394 0.000010 0.000010 0.001548 0.448797 0.000010 0.093403
0.015813 0.000010 0.000010 0.000010 0.053059 0.000010 0.000010 0.000010 0.610118 0.000010 0.320940
0.066779 0.000010 0.000010 0.000010 0.033817 0.009480 0.000010 0.000010 0.623297 0.000010 0.266567
0.000010 0.000010 0.000010 0.000010 0.061567 0.000010 0.000010 0.000010 0.683494 0.000010 0.254858
0.035447 0.000010 0.000010 0.058374 0.000010 0.000010 0.000010 0.906099 0.000010 0.000010 0.000010
0.000010 0.000010 0.145720 0.000010 0.000010 0.000010 0.426782 0.331168 0.000010 0.092455 0.003814
0.000010 0.000010 0.000010 0.000010 0.000014 0.000010 0.000010 0.999896 0.000010 0.000010 0.000010
0.000010 0.000010 0.000010 0.000010 0.000010 0.000010 0.000010 0.999900 0.000010 0.000010 0.000010
0.000010 0.000010 0.000010 0.000010 0.000010 0.000010 0.000010 0.999900 0.000010 0.000010 0.000010
0.000010 0.000010 0.000010 0.000010 0.000010 0.000010 0.000010 0.999900 0.000010 0.000010 0.000010
0.000010 0.000010 0.000010 0.000010 0.000010 0.000010 0.000010 0.999900 0.000010 0.000010 0.000010
0.000010 0.000010 0.000010 0.000010 0.000010 0.000010 0.000010 0.999900 0.000010 0.000010 0.000010
0.228384 0.000010 0.000010 0.025696 0.363169 0.011340 0.002049 0.010001 0.359321 0.000010 0.000010
0.000010 0.000010 0.000010 0.000010 0.000010 0.000010 0.000010 0.999900 0.000010 0.000010 0.000010
0.000010 0.030888 0.000010 0.000010 0.000255 0.060211 0.000010 0.890151 0.018434 0.000010 0.000010
0.924373 0.000010 0.000010 0.000010 0.000010 0.000010 0.000010 0.000010 0.075537 0.000010 0.000010
0.000010 0.014695 0.000010 0.095860 0.023491 0.019636 0.000010 0.846257 0.000010 0.000010 0.000010
0.139173 0.191835 0.002110 0.000010 0.062762 0.000010 0.000010 0.563839 0.040230 0.000010 0.000010
0.000010 0.000010 0.000010 0.000010 0.000010 0.000010 0.000010 0.999900 0.000010 0.000010 0.000010
0.000010 0.000010 0.000010 0.000010 0.000012 0.000010 0.000010 0.999898 0.000010 0.000010 0.000010
0.000010 0.000010 0.000010 0.000010 0.000010 0.000010 0.000010 0.999900 0.000010 0.000010 0.000010
0.000010 0.000010 0.000010 0.000016 0.000010 0.000010 0.000010 0.999894 0.000010 0.000010 0.000010
0.000010 0.000321 0.000010 0.000020 0.014862 0.000010 0.000010 0.979557 0.000010 0.005180 0.000010
0.000010 0.000010 0.000010 0.000010 0.000010 0.000010 0.000010 0.999900 0.000010 0.000010 0.000010
0.000010 0.000010 0.000010 0.000010 0.999897 0.000010 0.000010 0.000013 0.000010 0.000010 0.000010
0.000010 0.000010 0.000010 0.000010 0.000010 0.999900 0.000010 0.000010 0.000010 0.000010 0.000010
0.000010 0.000010 0.000010 0.000010 0.000010 0.999900 0.000010 0.000010 0.000010 0.000010 0.000010
0.000010 0.000010 0.000010 0.000010 0.000010 0.999900 0.000010 0.000010 0.000010 0.000010 0.000010
0.000010 0.000010 0.000010 0.000010 0.000010 0.000010 0.000010 0.999900 0.000010 0.000010 0.000010
0.000010 0.000010 0.000010 0.000010 0.000010 0.000010 0.000010 0.999900 0.000010 0.000010 0.000010
0.000010 0.000010 0.000010 0.000010 0.000010 0.999900 0.000010 0.000010 0.000010 0.000010 0.000010
0.000010 0.000010 0.000010 0.000010 0.000010 0.999900 0.000010 0.000010 0.000010 0.000010 0.000010
0.000010 0.000010 0.000010 0.000010 0.000010 0.999900 0.000010 0.000010 0.000010 0.000010 0.000010
0.000013 0.000010 0.000010 0.000010 0.000010 0.000010 0.000010 0.999897 0.000010 0.000010 0.000010
0.000010 0.000010 0.000010 0.000010 0.000010 0.000010 0.000010 0.999900 0.000010 0.000010 0.000010
0.000010 0.786468 0.000010 0.213442 0.000010 0.000010 0.000010 0.000010 0.000010 0.000010 0.000010
0.000011 0.000010 0.000010 0.000010 0.000010 0.000010 0.000010 0.999899 0.000010 0.000010 0.000010
0.156404 0.000010 0.000010 0.843506 0.000010 0.000010 0.000010 0.000010 0.000010 0.000010 0.000010
0.000010 0.000010 0.999900 0.000010 0.000010 0.000010 0.000010 0.000010 0.000010 0.000010 0.000010
0.000010 0.000010 0.999900 0.000010 0.000010 0.000010 0.000010 0.000010 0.000010 0.000010 0.000010
0.563865 0.051618 0.000010 0.041221 0.002414 0.000010 0.000010 0.000010 0.197139 0.000010 0.143695
0.000010 0.000010 0.999900 0.000010 0.000010 0.000010 0.000010 0.000010 0.000010 0.000010 0.000010
0.000010 0.000010 0.000010 0.030230 0.034723 0.017898 0.000010 0.012859 0.000010 0.904229 0.000010
0.013007 0.063376 0.041448 0.386959 0.001321 0.073605 0.007520 0.000615 0.342344 0.069794 0.000010
0.396779 0.210021 0.000010 0.000249 0.047876 0.000010 0.013412 0.081775 0.185581 0.000010 0.064277
0.000135 0.000010 0.038369 0.093228 0.032039 0.727145 0.000010 0.012031 0.013256 0.000010 0.083769
0.000010 0.420771 0.000010 0.000010 0.035629 0.000010 0.000010 0.337393 0.027802 0.000010 0.178345
0.000010 0.457052 0.000010 0.000010 0.007656 0.000010 0.000014 0.361593 0.022408 0.000010 0.151227
0.853508 0.008669 0.000010 0.000010 0.031060 0.000010 0.000010 0.000010 0.055897 0.000010 0.050806
0.000010 0.052262 0.048254 0.080686 0.027994 0.038597 0.000010 0.664172 0.087996 0.000010 0.000010
0.344562 0.000010 0.000804 0.002472 0.099867 0.000010 0.017999 0.003032 0.376832 0.010396 0.144016
0.735388 0.027298 0.000010 0.000010 0.001924 0.000010 0.000010 0.073126 0.075069 0.000010 0.087145
0.318615 0.199395 0.011684 0.000010 0.010014 0.000010 0.000010 0.310109 0.025892 0.000010 0.124251
0.006066 0.000010 0.014647 0.525668 0.006918 0.000010 0.000010 0.000010 0.442915 0.000010 0.003736
0.000010 0.000010 0.000010 0.000010 0.018071 0.000010 0.000010 0.011209 0.087248 0.000010 0.883401
0.010029 0.000010 0.000010 0.113391 0.071194 0.000010 0.000010 0.000010 0.587250 0.000010 0.218076
0.003140 0.000010 0.000010 0.161272 0.000010 0.806989 0.000010 0.006490 0.000010 0.000010 0.022049
0.000010 0.069740 0.012593 0.000010 0.000010 0.031008 0.000010 0.880147 0.006452 0.000010 0.000010
0.000010 0.000010 0.000010 0.150249 0.000010 0.793431 0.000010 0.000010 0.000010 0.000010 0.056240
0.000010 0.000010 0.000010 0.000010 0.000010 0.999900 0.000010 0.000010 0.000010 0.000010 0.000010
0.388679 0.020848 0.000010 0.000010 0.098529 0.000010 0.000010 0.000010 0.295453 0.016618 0.179823
0.665884 0.016185 0.000010 0.000010 0.014296 0.001612 0.000010 0.000010 0.259421 0.000010 0.042552
0.000010 0.310569 0.000010 0.000018 0.000010 0.000010 0.000010 0.000010 0.000010 0.689333 0.000010
0.554072 0.026257 0.000010 0.000010 0.050113 0.042843 0.000010 0.015318 0.223194 0.017465 0.070708
0.798767 0.000010 0.000010 0.045716 0.000010 0.034074 0.000010 0.000010 0.121373 0.000010 0.000010
0.850039 0.000010 0.000010 0.000010 0.021893 0.000010 0.009270 0.000010 0.064712 0.009374 0.044662
0.048701 0.014880 0.009182 0.357166 0.000010 0.110393 0.004392 0.000010 0.410410 0.036224 0.008633
0.000010 0.000010 0.000010 0.999900 0.000010 0.000010 0.000010 0.000010 0.000010 0.000010 0.000010
0.502419 0.006154 0.000010 0.097220 0.158218 0.000010 0.000010 0.016039 0.219900 0.000010 0.000010
0.000010 0.000010 0.000010 0.000010 0.000010 0.999900 0.000010 0.000010 0.000010 0.000010 0.000010
0.000010 0.000010 0.000010 0.045002 0.182018 0.040809 0.000010 0.000010 0.552343 0.013194 0.166584
0.496237 0.121872 0.000010 0.000010 0.000010 0.000010 0.000010 0.076070 0.188834 0.000010 0.116927
0.000010 0.001151 0.202836 0.000010 0.000010 0.453513 0.000010 0.001355 0.132482 0.208612 0.000010
0.008759 0.024533 0.004404 0.000010 0.087848 0.007301 0.006866 0.000010 0.527376 0.033020 0.299873
0.000010 0.000010 0.000010 0.000010 0.000010 0.000010 0.000010 0.999900 0.000010 0.000010 0.000010
0.616672 0.024002 0.000010 0.000010 0.132941 0.011834 0.000010 0.032946 0.181555 0.000010 0.000010
0.626689 0.021962 0.000010 0.000010 0.128197 0.000010 0.000010 0.030442 0.192649 0.000010 0.000010
0.567427 0.013983 0.000010 0.038200 0.039182 0.040260 0.000010 0.021797 0.233997 0.000010 0.045124
0.777853 0.000010 0.000010 0.108967 0.004202 0.000010 0.000010 0.004742 0.030231 0.000010 0.073956
0.230795 0.347997 0.000010 0.000010 0.000010 0.000013 0.000010 0.083896 0.265472 0.000010 0.071778
0.169673 0.057700 0.000010 0.075181 0.163827 0.036568 0.000020 0.064929 0.432072 0.000010 0.000010
0.807228 0.043397 0.000010 0.000010 0.000010 0.000010 0.000010 0.000010 0.000010 0.000010 0.149295
0.960742 0.000010 0.000010 0.000010 0.000010 0.000010 0.000010 0.009850 0.000010 0.000010 0.029328
0.039610 0.002793 0.001439 0.039388 0.273530 0.016104 0.000010 0.027048 0.423386 0.000010 0.176681
0.696404 0.060765 0.000010 0.000010 0.015822 0.000010 0.000010 0.121330 0.005799 0.000010 0.099829
0.055274 0.064289 0.000010 0.000010 0.177542 0.000010 0.000010 0.071413 0.592033 0.018171 0.021238
0.689124 0.018711 0.000010 0.000010 0.026300 0.024418 0.000010 0.054452 0.108274 0.000010 0.078680
0.613543 0.000010 0.000010 0.026614 0.028424 0.000010 0.000010 0.000010 0.086205 0.000010 0.245154
0.000010 0.006981 0.000010 0.000010 0.089937 0.005919 0.000010 0.000010 0.608084 0.090656 0.198374
0.900880 0.003612 0.000010 0.032917 0.000021 0.000010 0.000010 0.009140 0.053381 0.000010 0.000010
0.234569 0.211778 0.023449 0.000010 0.000010 0.005458 0.000010 0.326853 0.055419 0.000010 0.142433
0.839342 0.000010 0.000010 0.000010 0.000010 0.000853 0.000010 0.032531 0.070319 0.000010 0.056895
0.355218 0.175921 0.000010 0.000010 0.002939 0.000010 0.000010 0.324127 0.038981 0.000010 0.102764
0.602220 0.000010 0.000010 0.029571 0.145617 0.000010 0.000010 0.015613 0.206919 0.000010 0.000010
0.750263 0.074674 0.000010 0.000010 0.000010 0.000010 0.000010 0.040480 0.038167 0.000010 0.096356
0.700928 0.000014 0.000010 0.052614 0.060716 0.000010 0.000010 0.012581 0.122984 0.000010 0.050123
0.000010 0.535138 0.000010 0.000010 0.000010 0.000010 0.000010 0.302259 0.045938 0.000010 0.116594
0.211433 0.534543 0.000010 0.000010 0.008617 0.000010 0.000010 0.000010 0.245336 0.000010 0.000010
0.000010 0.999900 0.000010 0.000010 0.000010 0.000010 0.000010 0.000010 0.000010 0.000010 0.000010
0.093910 0.744018 0.000010 0.000010 0.000010 0.000010 0.000010 0.161992 0.000010 0.000010 0.000010
0.006552 0.629109 0.000010 0.000010 0.029544 0.000010 0.000010 0.245216 0.012450 0.000010 0.077079
0.187983 0.574959 0.000010 0.000010 0.000010 0.000010 0.000010 0.016477 0.220510 0.000010 0.000010
0.103540 0.340281 0.000010 0.352258 0.000010 0.056532 0.000010 0.007363 0.138971 0.001014 0.000010
0.150812 0.396497 0.000010 0.000010 0.035266 0.000010 0.000010 0.191705 0.225661 0.000010 0.000010
0.000010 0.999900 0.000010 0.000010 0.000010 0.000010 0.000010 0.000010 0.000010 0.000010 0.000010
0.436594 0.020049 0.000010 0.134805 0.268132 0.000010 0.000010 0.000010 0.111376 0.000010 0.028993
0.241954 0.523399 0.000010 0.000010 0.000010 0.000010 0.000010 0.000852 0.233725 0.000010 0.000010
0.000010 0.999900 0.000010 0.000010 0.000010 0.000010 0.000010 0.000010 0.000010 0.000010 0.000010
0.000010 0.000010 0.007845 0.877753 0.000010 0.114322 0.000010 0.000010 0.000010 0.000010 0.000010
0.024889 0.000010 0.153995 0.040570 0.075636 0.563139 0.000010 0.000010 0.011311 0.130420 0.000010
0.000010 0.000010 0.186902 0.054994 0.012012 0.578681 0.000010 0.000010 0.040833 0.126528 0.000010
0.000010 0.000010 0.000010 0.999900 0.000010 0.000010 0.000010 0.000010 0.000010 0.000010 0.000010
0.301542 0.605439 0.000010 0.000010 0.000010 0.000010 0.000010 0.000010 0.075237 0.000010 0.017712
0.149837 0.642814 0.000010 0.000010 0.013582 0.000010 0.000010 0.030295 0.163411 0.000010 0.000010
0.000010 0.999900 0.000010 0.000010 0.000010 0.000010 0.000010 0.000010 0.000010 0.000010 0.000010
0.000010 0.001255 0.421402 0.029759 0.015521 0.174758 0.000010 0.000010 0.154246 0.203020 0.000010
0.000010 0.000010 0.999892 0.000018 0.000010 0.000010 0.000010 0.000010 0.000010 0.000010 0.000010
0.000010 0.094488 0.000010 0.006604 0.000010 0.074587 0.030685 0.000010 0.000010 0.752095 0.041490
0.220102 0.482898 0.000010 0.000010 0.000010 0.000010 0.000010 0.020245 0.276685 0.000010 0.000010
0.771323 0.000010 0.000010 0.000010 0.000010 0.000010 0.000010 0.000010 0.000010 0.000010 0.228587
0.655133 0.000010 0.000010 0.027207 0.022449 0.000010 0.000010 0.000010 0.090500 0.000010 0.204651
0.019307 0.000010 0.000010 0.011058 0.004384 0.000010 0.000010 0.002153 0.963038 0.000010 0.000010
0.000010 0.000010 0.000010 0.000010 0.018553 0.025447 0.000010 0.000010 0.868615 0.000010 0.087315
0.908129 0.023850 0.000010 0.000010 0.034689 0.000010 0.000010 0.017671 0.015600 0.000010 0.000010
0.166609 0.259442 0.000010 0.000010 0.071966 0.000010 0.000010 0.376452 0.010916 0.000010 0.114565
0.168593 0.113771 0.008007 0.000010 0.092418 0.000010 0.000010 0.139310 0.280122 0.000010 0.197740
0.380353 0.107079 0.013299 0.000010 0.001582 0.000010 0.000010 0.049538 0.317058 0.000010 0.131051
0.000010 0.000010 0.000010 0.000010 0.000010 0.000010 0.999893 0.000010 0.000010 0.000017 0.000010
0.518284 0.009919 0.000010 0.041973 0.018032 0.000010 0.000010 0.004575 0.139677 0.000010 0.267500
0.864537 0.041127 0.000010 0.000012 0.000010 0.000010 0.000010 0.001707 0.000010 0.000010 0.092557
0.096113 0.043493 0.000010 0.024782 0.000010 0.000010 0.000010 0.000010 0.117310 0.000010 0.718242
0.587870 0.000010 0.000010 0.050373 0.049852 0.000010 0.000010 0.003560 0.133115 0.000010 0.175180
0.096421 0.000010 0.000010 0.019749 0.000010 0.000010 0.000010 0.007982 0.113503 0.000010 0.762285
0.342869 0.009420 0.000010 0.002991 0.031412 0.000010 0.000010 0.009536 0.436284 0.013327 0.154131
0.000010 0.999900 0.000010 0.000010 0.000010 0.000010 0.000010 0.000010 0.000010 0.000010 0.000010
0.569070 0.022615 0.000010 0.000010 0.000010 0.000010 0.000010 0.006254 0.310900 0.000010 0.091101
0.544819 0.000010 0.000010 0.000010 0.003714 0.000010 0.000010 0.009296 0.165933 0.000010 0.276178
0.579314 0.000010 0.000010 0.046835 0.000010 0.000010 0.000010 0.000010 0.215187 0.000010 0.158594
0.159264 0.043316 0.000010 0.000010 0.090160 0.000010 0.015455 0.029474 0.475049 0.000010 0.187243
0.954269 0.001810 0.000010 0.043710 0.000010 0.000010 0.000010 0.000010 0.000141 0.000010 0.000010
0.198608 0.000010 0.000010 0.801302 0.000010 0.000010 0.000010 0.000010 0.000010 0.000010 0.000010
0.000010 0.000010 0.018266 0.000010 0.024919 0.000010 0.000010 0.018646 0.685975 0.000010 0.252133
0.094494 0.000010 0.017725 0.095016 0.052586 0.000010 0.000010 0.000010 0.625217 0.000010 0.114912
0.012882 0.023933 0.018250 0.000010 0.053019 0.007535 0.000010 0.024098 0.679601 0.000010 0.180651
0.168543 0.000010 0.000010 0.000010 0.090843 0.000010 0.000010 0.000010 0.553807 0.000010 0.186737
0.805265 0.000010 0.000010 0.000010 0.010811 0.000010 0.000010 0.000010 0.034586 0.000010 0.149268
0.744976 0.000010 0.000010 0.039350 0.000010 0.000010 0.000010 0.014303 0.128765 0.000010 0.072547
0.775810 0.000010 0.000010 0.000010 0.000010 0.000010 0.000010 0.000010 0.224100 0.000010 0.000010
0.867343 0.000010 0.000010 0.000010 0.033746 0.000010 0.000010 0.000010 0.068574 0.000010 0.030267
0.062527 0.000010 0.012242 0.093536 0.066691 0.000010 0.000010 0.017670 0.459481 0.000010 0.287813
0.009288 0.076645 0.000010 0.000010 0.008145 0.000010 0.000010 0.490490 0.345707 0.000010 0.069675
0.490045 0.120507 0.000010 0.023202 0.055754 0.000010 0.000010 0.062300 0.189848 0.000010 0.058305
0.382190 0.177933 0.012662 0.000010 0.015492 0.015725 0.000010 0.133716 0.070972 0.000010 0.191280
0.053386 0.000010 0.000010 0.033369 0.000010 0.000010 0.000010 0.000010 0.913165 0.000010 0.000010
0.838209 0.000010 0.000010 0.010094 0.012961 0.000010 0.000010 0.004030 0.042717 0.000010 0.091939
0.057145 0.065815 0.000010 0.003053 0.103826 0.054147 0.003038 0.000010 0.557645 0.000010 0.155301
0.409368 0.000010 0.000010 0.000010 0.000010 0.000010 0.000010 0.000010 0.000010 0.000010 0.590542
0.999900 0.000010 0.000010 0.000010 0.000010 0.000010 0.000010 0.000010 0.000010 0.000010 0.000010
0.624650 0.000010 0.000010 0.168038 0.029428 0.000010 0.000010 0.000010 0.000010 0.000010 0.177813
0.000010 0.000010 0.000010 0.038288 0.040217 0.000010 0.000010 0.028378 0.657849 0.005706 0.229513
0.999900 0.000010 0.000010 0.000010 0.000010 0.000010 0.000010 0.000010 0.000010 0.000010 0.000010
0.000010 0.000010 0.000010 0.014691 0.023572 0.000010 0.000010 0.000010 0.961657 0.000010 0.000010
0.025537 0.000010 0.000010 0.006057 0.000010 0.000010 0.000010 0.000010 0.968325 0.000010 0.000010
0.000010 0.000010 0.000010 0.000010 0.042405 0.000010 0.000010 0.000010 0.957505 0.000010 0.000010
0.000010 0.000010 0.000010 0.052573 0.000010 0.000010 0.000010 0.000010 0.947337 0.000010 0.000010
0.000010 0.000010 0.000010 0.010051 0.000010 0.000010 0.000010 0.000010 0.989859 0.000010 0.000010
0.000010 0.029905 0.003733 0.004830 0.016463 0.007604 0.000010 0.839734 0.097692 0.000010 0.000010
0.549780 0.060737 0.005297 0.015481 0.033196 0.006717 0.000010 0.004783 0.277410 0.000010 0.046580
0.867536 0.029354 0.000010 0.000010 0.006341 0.000010 0.000010 0.004039 0.000010 0.000010 0.092670
0.771820 0.000010 0.000010 0.046883 0.000010 0.000010 0.000010 0.000010 0.181218 0.000010 0.000010
0.684391 0.029870 0.000010 0.099601 0.028290 0.000010 0.000010 0.014572 0.134755 0.000010 0.008481
0.883613 0.000610 0.000010 0.000010 0.000010 0.000010 0.000010 0.000010 0.000010 0.000010 0.115698
0.012041 0.000010 0.000010 0.000010 0.000010 0.000010 0.000010 0.000010 0.987869 0.000010 0.000010
0.879698 0.000010 0.000010 0.050027 0.000010 0.000010 0.000010 0.000689 0.000010 0.000010 0.069516
0.024221 0.000010 0.000010 0.000010 0.067621 0.000010 0.000010 0.003195 0.611066 0.000010 0.293836
0.000010 0.000010 0.000010 0.000010 0.000010 0.000010 0.000010 0.999900 0.000010 0.000010 0.000010
0.000010 0.000010 0.042294 0.505707 0.011838 0.000010 0.000010 0.000010 0.440091 0.000010 0.000010
0.061468 0.000010 0.000010 0.024242 0.031014 0.000010 0.000010 0.013725 0.719497 0.000010 0.150004
0.331629 0.000010 0.000010 0.000010 0.000010 0.000010 0.000010 0.000010 0.617295 0.000010 0.050996
0.024660 0.006067 0.040020 0.113736 0.039671 0.000010 0.000010 0.000010 0.721918 0.000010 0.053888
0.000010 0.000010 0.000010 0.108192 0.000010 0.000010 0.000010 0.000010 0.865218 0.026511 0.000010
0.102036 0.000010 0.000010 0.076801 0.000010 0.000010 0.000010 0.024762 0.796331 0.000010 0.000010
0.000010 0.000010 0.000010 0.000010 0.000010 0.000010 0.000010 0.000010 0.999900 0.000010 0.000010
0.201414 0.000010 0.000010 0.084599 0.010842 0.000010 0.000010 0.008698 0.690771 0.003627 0.000010
0.061458 0.019651 0.007812 0.037215 0.047158 0.000010 0.000010 0.023283 0.803383 0.000010 0.000010
0.650604 0.000010 0.003408 0.047838 0.016818 0.000010 0.000010 0.034350 0.027792 0.000010 0.219149
0.000010 0.045158 0.000010 0.000010 0.069328 0.000010 0.000010 0.000010 0.646607 0.006274 0.232573
0.021631 0.000010 0.000010 0.025459 0.000010 0.000010 0.000010 0.000010 0.952830 0.000010 0.000010
0.092796 0.002254 0.000010 0.024294 0.000010 0.000010 0.000010 0.000010 0.872559 0.000010 0.008037
0.557114 0.002292 0.000010 0.053099 0.000010 0.000010 0.000010 0.000010 0.336697 0.005854 0.044894
0.927266 0.000010 0.000010 0.000010 0.005473 0.000010 0.000010 0.000010 0.000010 0.000010 0.067180
0.010624 0.000010 0.000010 0.041856 0.027249 0.000010 0.000010 0.028997 0.792853 0.000010 0.098371
0.007255 0.000010 0.000010 0.071662 0.000010 0.000010 0.000010 0.921003 0.000010 0.000010 0.000010
0.858888 0.000010 0.000010 0.046008 0.000010 0.015969 0.000010 0.000010 0.000010 0.000010 0.079065
0.981277 0.000010 0.000010 0.000010 0.018633 0.000010 0.000010 0.000010 0.000010 0.000010 0.000010
0.070247 0.000010 0.007269 0.027146 0.031635 0.000010 0.000010 0.000010 0.819218 0.000010 0.044435
0.473493 0.000010 0.003203 0.045948 0.008623 0.045017 0.000010 0.000010 0.423666 0.000010 0.000010
0.122154 0.000010 0.000010 0.000010 0.051829 0.000010 0.000010 0.000010 0.607985 0.000010 0.217962
0.040979 0.000010 0.000010 0.000010 0.000702 0.000010 0.000010 0.012306 0.945943 0.000010 0.000010
0.999900 0.000010 0.000010 0.000010 0.000010 0.000010 0.000010 0.000010 0.000010 0.000010 0.000010
0.967263 0.000010 0.000010 0.000010 0.000010 0.000010 0.000010 0.013591 0.000010 0.000010 0.019065
0.506570 0.008492 0.000010 0.000010 0.017244 0.000010 0.000010 0.000010 0.454690 0.000010 0.012944
0.000010 0.000010 0.000010 0.000010 0.000010 0.000010 0.000010 0.000010 0.000010 0.000010 0.999900
0.000010 0.000010 0.000010 0.000010 0.000010 0.000010 0.999896 0.000010 0.000010 0.000014 0.000010
0.049787 0.000010 0.000010 0.095291 0.000010 0.000010 0.000010 0.000010 0.820757 0.000010 0.034095
0.841221 0.025769 0.000010 0.000010 0.005876 0.000010 0.000010 0.029389 0.002379 0.000010 0.095317
0.000010 0.000010 0.000010 0.000010 0.000010 0.000010 0.999900 0.000010 0.000010 0.000010 0.000010
0.000010 0.000010 0.000010 0.000010 0.536552 0.000010 0.000010 0.463358 0.000010 0.000010 0.000010
0.000010 0.000010 0.999900 0.000010 0.000010 0.000010 0.000010 0.000010 0.000010 0.000010 0.000010
0.216078 0.000010 0.000010 0.000010 0.000010 0.000010 0.000010 0.015095 0.027380 0.000010 0.741376
0.517799 0.000010 0.012582 0.028859 0.123525 0.000010 0.000010 0.000010 0.294326 0.000010 0.022859
0.725022 0.000010 0.000010 0.030583 0.038194 0.000010 0.000010 0.049861 0.130317 0.000010 0.025972
0.263417 0.019348 0.000010 0.067314 0.105183 0.055831 0.000010 0.014666 0.390212 0.000010 0.083998
0.808478 0.000010 0.000010 0.000010 0.000010 0.000010 0.000010 0.000967 0.000010 0.000010 0.190475
0.999897 0.000010 0.000010 0.000013 0.000010 0.000010 0.000010 0.000010 0.000010 0.000010 0.000010
0.000010 0.000010 0.000010 0.000010 0.097705 0.000010 0.000010 0.000010 0.624356 0.000010 0.277858
0.665904 0.000010 0.000010 0.031172 0.017340 0.012981 0.000010 0.000010 0.272543 0.000010 0.000010
0.377206 0.000010 0.019470 0.018351 0.000010 0.000010 0.000010 0.028986 0.249826 0.000010 0.306111
0.352124 0.062838 0.000010 0.074718 0.010901 0.000010 0.000010 0.000010 0.499359 0.000010 0.000010
0.578153 0.000010 0.000010 0.034040 0.041315 0.000010 0.000010 0.000032 0.151976 0.000010 0.194435
0.278261 0.000010 0.000010 0.000010 0.000010 0.000010 0.000010 0.000010 0.000010 0.000010 0.721649
0.102534 0.000010 0.000010 0.000010 0.000010 0.000010 0.000010 0.000010 0.000010 0.000010 0.897376
0.528762 0.000010 0.000010 0.000010 0.000010 0.000010 0.000010 0.000010 0.000010 0.000010 0.471148
0.999900 0.000010 0.000010 0.000010 0.000010 0.000010 0.000010 0.000010 0.000010 0.000010 0.000010
0.901944 0.000010 0.000010 0.049606 0.018023 0.000010 0.000010 0.015708 0.000010 0.000010 0.014658
0.027577 0.014466 0.000010 0.063269 0.034436 0.000010 0.000010 0.015104 0.568265 0.000010 0.276843
0.000010 0.041975 0.000010 0.059538 0.000010 0.000010 0.000010 0.015039 0.067556 0.000010 0.815832
0.000010 0.000010 0.000010 0.000010 0.000010 0.000010 0.000010 0.000010 0.999900 0.000010 0.000010
0.951488 0.000010 0.000010 0.000010 0.000010 0.000010 0.000010 0.000010 0.000010 0.000010 0.048422
0.000010 0.024741 0.003133 0.000010 0.063238 0.000010 0.000010 0.000052 0.488324 0.000010 0.420462
0.627911 0.045724 0.000010 0.220969 0.034652 0.000010 0.000010 0.043313 0.027381 0.000010 0.000010
0.184388 0.006073 0.000010 0.000010 0.042877 0.000010 0.000010 0.006108 0.098248 0.000010 0.662257
0.098855 0.018505 0.000010 0.060253 0.000010 0.000010 0.000010 0.001521 0.820805 0.000010 0.000010
0.579783 0.000010 0.000010 0.020003 0.031652 0.000010 0.000010 0.000010 0.093486 0.000010 0.275016
0.000010 0.040123 0.000010 0.000010 0.081157 0.000010 0.000010 0.000010 0.558034 0.000010 0.320616
0.014934 0.000010 0.000010 0.000010 0.014837 0.000010 0.000010 0.007772 0.962387 0.000010 0.000010
0.000010 0.000010 0.000010 0.029222 0.012296 0.000010 0.000010 0.000142 0.676255 0.000010 0.282024
0.283257 0.007211 0.000010 0.270469 0.000010 0.000010 0.000803 0.010506 0.387533 0.002391 0.037800
0.044527 0.000010 0.000010 0.060771 0.001649 0.000010 0.000010 0.000010 0.892983 0.000010 0.000010
0.000010 0.061201 0.000010 0.468665 0.000010 0.150698 0.000010 0.002156 0.316557 0.000673 0.000010
0.003400 0.000010 0.000010 0.000010 0.078849 0.000010 0.000010 0.012972 0.638401 0.000010 0.266319
0.649906 0.018249 0.000010 0.000010 0.000010 0.000010 0.000010 0.000010 0.329546 0.002229 0.000010
0.936436 0.000010 0.000010 0.000010 0.000010 0.000010 0.000010 0.000010 0.063474 0.000010 0.000010
0.774510 0.007909 0.000010 0.163974 0.025634 0.015609 0.000010 0.012314 0.000010 0.000010 0.000010
0.882935 0.000010 0.000010 0.077924 0.000010 0.000010 0.000010 0.000010 0.039061 0.000010 0.000010
0.026774 0.000010 0.000010 0.030803 0.000010 0.000010 0.006309 0.000010 0.907754 0.000010 0.028300
0.314957 0.032277 0.000010 0.324876 0.044546 0.019612 0.000010 0.000010 0.133169 0.000010 0.130523
0.526908 0.038220 0.000010 0.040075 0.032294 0.000010 0.000010 0.000010 0.215269 0.010257 0.136938
0.203493 0.000010 0.000010 0.000010 0.000010 0.000010 0.796417 0.000010 0.000010 0.000010 0.000010
0.770503 0.000010 0.000010 0.006825 0.005657 0.000010 0.000010 0.000010 0.202143 0.014812 0.000010
0.805074 0.000010 0.000010 0.025938 0.022399 0.000010 0.000010 0.000010 0.130888 0.000010 0.015641
0.000010 0.000010 0.000010 0.000010 0.000010 0.000010 0.000010 0.999900 0.000010 0.000010 0.000010
0.000010 0.000010 0.000010 0.000010 0.000010 0.000010 0.000010 0.999900 0.000010 0.000010 0.000010
0.186820 0.000010 0.000010 0.006956 0.000010 0.000010 0.000010 0.000010 0.806144 0.000010 0.000010
0.159441 0.000010 0.000010 0.000010 0.000010 0.000010 0.000010 0.000010 0.763511 0.000010 0.076968
0.337251 0.000010 0.000010 0.018794 0.000010 0.000010 0.000010 0.000010 0.643875 0.000010 0.000010
0.331946 0.000010 0.000010 0.016507 0.000010 0.000010 0.000010 0.000010 0.651467 0.000010 0.000010
0.000010 0.000010 0.000010 0.000010 0.000010 0.000010 0.000010 0.999900 0.000010 0.000010 0.000010
0.000010 0.000010 0.000010 0.000010 0.000010 0.000010 0.000010 0.999900 0.000010 0.000010 0.000010
0.058076 0.000010 0.000010 0.009289 0.000010 0.000010 0.000010 0.000010 0.932556 0.000010 0.000010
0.038259 0.000010 0.000010 0.001218 0.000010 0.000010 0.000010 0.000010 0.960442 0.000010 0.000010
0.000010 0.000010 0.000010 0.000010 0.000010 0.000010 0.000010 0.999900 0.000010 0.000010 0.000010
0.000010 0.000010 0.000010 0.000010 0.000010 0.000010 0.000010 0.999900 0.000010 0.000010 0.000010
0.000010 0.000010 0.000010 0.000010 0.000010 0.000010 0.000010 0.999900 0.000010 0.000010 0.000010
0.024823 0.000010 0.008481 0.085124 0.055748 0.000010 0.026956 0.000010 0.798818 0.000010 0.000010
0.009948 0.000010 0.000010 0.015088 0.000010 0.000010 0.000010 0.000010 0.974884 0.000010 0.000010
0.203296 0.030935 0.124504 0.120382 0.004983 0.130307 0.000010 0.056207 0.295089 0.016545 0.017740
0.085302 0.000010 0.000010 0.054781 0.046388 0.000010 0.000010 0.009169 0.782465 0.021845 0.000010
0.000010 0.005302 0.194178 0.218717 0.000010 0.339222 0.000010 0.046656 0.127926 0.015568 0.052402
