0.446656 0.000010 0.000010 0.000010 0.468540 0.023863 0.060910
0.238859 0.000010 0.000010 0.048440 0.624055 0.068319 0.020306
0.418533 0.051171 0.063887 0.026737 0.436039 0.000010 0.003622
0.000010 0.000010 0.022310 0.028033 0.023205 0.017183 0.909249
0.285675 0.009420 0.076961 0.011533 0.519019 0.097382 0.000010
0.741801 0.000010 0.027903 0.025863 0.177007 0.000010 0.027406
0.324424 0.003096 0.056258 0.051150 0.135038 0.000010 0.430023
0.934603 0.000010 0.000010 0.050666 0.000010 0.000010 0.014691
0.125797 0.000010 0.014538 0.028077 0.746456 0.023629 0.061493
0.881946 0.000010 0.000186 0.000010 0.102930 0.000010 0.014908
0.708137 0.000010 0.005688 0.011752 0.265846 0.006846 0.001719
0.387629 0.037430 0.008803 0.053040 0.512408 0.000010 0.000680
0.004644 0.000010 0.232536 0.081199 0.513566 0.023956 0.144089
0.000015 0.000010 0.085153 0.050594 0.361716 0.011150 0.491361
0.937215 0.013361 0.008990 0.000010 0.028726 0.000010 0.011687
0.365187 0.058578 0.046677 0.021291 0.477173 0.011468 0.019627
0.709831 0.000010 0.000010 0.010619 0.217496 0.037069 0.024966
0.506869 0.000010 0.034799 0.064380 0.095043 0.000010 0.298890
0.365933 0.000010 0.361348 0.039905 0.232784 0.000010 0.000010
0.000010 0.928732 0.000010 0.000010 0.000010 0.071218 0.000010
0.009894 0.922030 0.000010 0.007123 0.000010 0.056844 0.004088
0.000010 0.996563 0.000010 0.000010 0.000010 0.003387 0.000010
0.005775 0.898068 0.000010 0.037955 0.000010 0.058172 0.000010
0.030473 0.028208 0.069082 0.004756 0.083304 0.052139 0.732037
0.127952 0.000010 0.515075 0.000010 0.318682 0.025869 0.012401
0.000010 0.930456 0.000010 0.000010 0.000010 0.069494 0.000010
0.114837 0.050777 0.000010 0.048197 0.674695 0.078219 0.033266
0.000010 0.941544 0.000010 0.000010 0.000010 0.049912 0.008504
0.114517 0.006859 0.054852 0.018031 0.724657 0.053149 0.027935
0.091561 0.020325 0.000010 0.006226 0.796253 0.013413 0.072213
0.020852 0.015130 0.021725 0.008950 0.919483 0.013850 0.000010
0.086811 0.000010 0.040532 0.000010 0.777146 0.057593 0.037897
0.021478 0.000010 0.258197 0.037700 0.356913 0.145597 0.180105
0.000010 0.000010 0.219589 0.058996 0.555646 0.094085 0.071665
0.203966 0.036362 0.000010 0.319031 0.401687 0.035950 0.002994
0.289839 0.006836 0.036546 0.027647 0.258245 0.007523 0.373363
0.333264 0.000010 0.058045 0.000010 0.152159 0.015438 0.441074
0.000010 0.831623 0.043274 0.056663 0.000010 0.000010 0.068410
0.012760 0.000010 0.060076 0.098841 0.787946 0.000010 0.040356
0.041201 0.011705 0.077656 0.019396 0.783284 0.051575 0.015182
0.999940 0.000010 0.000010 0.000010 0.000010 0.000010 0.000010
0.195746 0.003313 0.104622 0.026204 0.579798 0.053435 0.036882
0.730915 0.016200 0.030494 0.009885 0.189696 0.000010 0.022800
0.809573 0.000010 0.000010 0.014042 0.148788 0.003169 0.024408
0.000010 0.000010 0.429242 0.008075 0.525611 0.037043 0.000010
0.000010 0.952924 0.025416 0.000010 0.000010 0.021620 0.000010
0.000010 0.927198 0.000010 0.026159 0.036001 0.010613 0.000010
0.005658 0.355922 0.098535 0.059686 0.234033 0.186581 0.059585
0.036301 0.012788 0.306565 0.055682 0.448270 0.090331 0.050063
0.039085 0.016261 0.213051 0.064092 0.524027 0.072193 0.071290
0.000010 0.000010 0.999940 0.000010 0.000010 0.000010 0.000010
0.002067 0.024628 0.264927 0.038778 0.475402 0.153195 0.041003
0.085109 0.000010 0.914841 0.000010 0.000010 0.000010 0.000010
0.076938 0.000010 0.253813 0.078173 0.491766 0.078881 0.020420
0.000010 0.050492 0.338741 0.019614 0.513128 0.032107 0.045908
0.000010 0.000010 0.000010 0.999940 0.000010 0.000010 0.000010
0.882313 0.036211 0.000010 0.039042 0.010880 0.016359 0.015185
0.001925 0.000010 0.070797 0.060429 0.794845 0.000010 0.071984
0.026255 0.000010 0.100532 0.034972 0.796199 0.000010 0.042023
0.721974 0.000010 0.086480 0.021368 0.122829 0.000010 0.047329
0.004758 0.037711 0.039843 0.007102 0.910566 0.000010 0.000010
0.115934 0.000010 0.018816 0.060299 0.751571 0.000010 0.053361
0.457145 0.040144 0.075181 0.034109 0.385085 0.000010 0.008326
0.049689 0.019359 0.000010 0.037905 0.852919 0.000010 0.040108
0.083309 0.000010 0.115392 0.058168 0.653695 0.053720 0.035706
0.218780 0.057706 0.248827 0.100986 0.140051 0.000010 0.233640
0.000010 0.419432 0.132294 0.026331 0.008049 0.042211 0.371672
0.000010 0.028756 0.009794 0.052746 0.143855 0.062706 0.702133
0.881838 0.021462 0.013083 0.041349 0.015325 0.005920 0.021023
0.000010 0.000010 0.275773 0.054843 0.553481 0.053381 0.062503
0.093389 0.000010 0.259147 0.014829 0.485310 0.086303 0.061013
0.091912 0.000010 0.400319 0.050910 0.359908 0.073316 0.023624
0.130662 0.000010 0.000010 0.165574 0.652069 0.047208 0.004467
0.113446 0.000010 0.040678 0.031667 0.767797 0.016170 0.030233
0.135617 0.000010 0.028229 0.133432 0.656940 0.000010 0.045761
0.041270 0.003279 0.060606 0.053588 0.781897 0.059350 0.000010
0.037283 0.019092 0.054276 0.050017 0.818785 0.000010 0.020537
0.077448 0.069216 0.110360 0.054413 0.688543 0.000010 0.000010
0.000010 0.938262 0.000010 0.017581 0.000010 0.000010 0.044117
0.101500 0.000010 0.038475 0.005008 0.775958 0.039590 0.039458
0.043045 0.041386 0.087448 0.051504 0.764798 0.000010 0.011809
0.712642 0.025983 0.000010 0.010336 0.210161 0.000010 0.040859
0.716440 0.000010 0.015118 0.045149 0.179960 0.011202 0.032120
0.067875 0.000142 0.000010 0.740465 0.139446 0.052053 0.000010
0.779784 0.000010 0.026328 0.000010 0.129840 0.000010 0.064017
0.000010 0.935354 0.000010 0.018328 0.000010 0.000010 0.046278
0.006049 0.721305 0.085775 0.004651 0.057627 0.124583 0.000010
0.676386 0.000010 0.000010 0.076741 0.199583 0.012868 0.034402
0.194237 0.022973 0.094758 0.103928 0.483604 0.032302 0.068198
0.000010 0.818331 0.052577 0.000010 0.024806 0.081308 0.022959
0.000010 0.813330 0.000010 0.058159 0.064476 0.056347 0.007668
0.007602 0.703975 0.036190 0.000010 0.100999 0.138383 0.012841
0.000010 0.846715 0.000010 0.012517 0.087539 0.053199 0.000010
0.000010 0.780706 0.062666 0.005715 0.046481 0.104412 0.000010
0.182075 0.280671 0.033935 0.041561 0.388519 0.019381 0.053858
0.026319 0.000010 0.528303 0.024993 0.292607 0.118705 0.009064
0.034506 0.013253 0.476990 0.000010 0.375381 0.066380 0.033482
0.406236 0.000010 0.040486 0.033806 0.429933 0.064405 0.025124
0.861743 0.065609 0.000010 0.000010 0.004565 0.000010 0.068053
0.015257 0.006886 0.571337 0.000010 0.287462 0.107559 0.011489
0.064882 0.000010 0.000010 0.113189 0.780153 0.029624 0.012133
0.000010 0.076199 0.482390 0.000459 0.380594 0.023005 0.037344
0.255944 0.000010 0.032379 0.082540 0.625427 0.000010 0.003692
0.000010 0.000010 0.000010 0.000010 0.000010 0.000010 0.999940
0.801671 0.000010 0.051989 0.000010 0.140647 0.000010 0.005663
0.000010 0.000010 0.297482 0.043825 0.125884 0.078398 0.454391
0.630753 0.000010 0.046714 0.021623 0.253594 0.005181 0.042125
0.103137 0.000010 0.028076 0.120320 0.688452 0.016069 0.043936
0.284074 0.000010 0.006223 0.065848 0.565628 0.057123 0.021095
0.862669 0.000010 0.000010 0.002182 0.109250 0.025869 0.000010
0.027633 0.064547 0.622812 0.010867 0.196165 0.064632 0.013344
0.594957 0.000010 0.031275 0.037743 0.318473 0.017531 0.000010
0.778799 0.000010 0.032070 0.025444 0.163416 0.000010 0.000250
0.916348 0.000010 0.000010 0.000010 0.065254 0.000010 0.018358
0.166596 0.009249 0.020683 0.098209 0.702667 0.002585 0.000010
0.590803 0.024239 0.075807 0.020107 0.246106 0.000010 0.042927
0.000010 0.000010 0.000010 0.000010 0.000010 0.000010 0.999940
0.000010 0.000010 0.000010 0.000010 0.000010 0.000010 0.999940
0.827887 0.005359 0.000010 0.036318 0.119961 0.009858 0.000607
0.000019 0.000010 0.000010 0.000010 0.000010 0.000010 0.999931
0.804802 0.022344 0.046378 0.000010 0.080175 0.020033 0.026258
0.999940 0.000010 0.000010 0.000010 0.000010 0.000010 0.000010
0.000010 0.000010 0.000010 0.000010 0.000010 0.000010 0.999940
0.000010 0.000010 0.000010 0.000010 0.000010 0.000010 0.999940
0.000010 0.000010 0.000010 0.000010 0.000010 0.000010 0.999940
0.000010 0.000010 0.000010 0.000010 0.000010 0.000010 0.999940
0.000010 0.017064 0.000010 0.005410 0.085305 0.039195 0.853007
0.204368 0.049806 0.017603 0.046371 0.638244 0.001773 0.041835
0.184001 0.000010 0.018674 0.030893 0.692778 0.034130 0.039514
0.000010 0.000010 0.000010 0.000010 0.000010 0.000010 0.999940
0.483933 0.020619 0.059340 0.041172 0.209212 0.000010 0.185713
0.758965 0.017652 0.000010 0.062492 0.132163 0.000010 0.028708
0.000010 0.000010 0.000010 0.000010 0.000010 0.000010 0.999940
0.000010 0.000010 0.026608 0.020741 0.000010 0.000206 0.952415
0.000010 0.000010 0.000010 0.000010 0.000010 0.000010 0.999940
0.156832 0.009375 0.050467 0.251788 0.439041 0.062307 0.030189
0.202928 0.000010 0.000010 0.077565 0.679831 0.000010 0.039646
0.185062 0.001751 0.000010 0.065110 0.685166 0.042161 0.020740
0.081418 0.026490 0.000010 0.069649 0.794289 0.000010 0.028134
0.053307 0.000010 0.033464 0.000010 0.000010 0.007388 0.905811
0.072919 0.455580 0.000010 0.000010 0.000010 0.014185 0.457286
0.000010 0.000010 0.000010 0.000010 0.000011 0.000010 0.999939
0.000010 0.000010 0.000010 0.000010 0.000010 0.000010 0.999940
0.000010 0.000010 0.000014 0.000015 0.000010 0.000010 0.999931
0.000010 0.000010 0.000010 0.000010 0.000010 0.000010 0.999940
0.000010 0.000010 0.000010 0.000010 0.000010 0.000010 0.999940
0.000010 0.000010 0.000010 0.000010 0.000010 0.000010 0.999940
0.249206 0.021913 0.000010 0.327481 0.311569 0.060607 0.029213
0.000010 0.000010 0.000010 0.000010 0.000010 0.000010 0.999940
0.000010 0.003252 0.042618 0.000010 0.002982 0.063700 0.887428
0.895322 0.007619 0.000010 0.008477 0.088552 0.000010 0.000010
0.000010 0.000010 0.071060 0.036604 0.000010 0.051531 0.840776
0.151656 0.000010 0.062254 0.086219 0.133498 0.000010 0.566353
0.000010 0.000010 0.000010 0.000010 0.000010 0.000010 0.999940
0.000010 0.000010 0.000010 0.000010 0.000010 0.000010 0.999940
0.000010 0.000010 0.000010 0.000010 0.000010 0.000010 0.999940
0.000010 0.000010 0.000010 0.000010 0.000010 0.000010 0.999940
0.000010 0.000010 0.000010 0.018418 0.000010 0.007221 0.974321
0.000010 0.000010 0.000010 0.000010 0.000010 0.000010 0.999940
0.000010 0.000010 0.000010 0.999940 0.000010 0.000010 0.000010
0.000010 0.000010 0.000010 0.000010 0.000010 0.999940 0.000010
0.000010 0.000010 0.000010 0.000010 0.000010 0.999940 0.000010
0.000010 0.000010 0.000010 0.000010 0.000010 0.999940 0.000010
0.000010 0.000010 0.000010 0.000010 0.000010 0.000010 0.999940
0.000010 0.000010 0.000010 0.000010 0.000010 0.000010 0.999940
0.000010 0.000010 0.000010 0.000010 0.000010 0.999940 0.000010
0.016195 0.000010 0.000010 0.000010 0.000010 0.983755 0.000010
0.000010 0.000010 0.000010 0.000010 0.000010 0.999940 0.000010
0.000020 0.000010 0.000010 0.000010 0.000010 0.000010 0.999930
0.000010 0.000010 0.000010 0.000010 0.000010 0.000010 0.999940
0.000010 0.000010 0.999940 0.000010 0.000010 0.000010 0.000010
0.000010 0.000010 0.000010 0.000010 0.000010 0.000010 0.999940
0.216521 0.000010 0.487594 0.000010 0.295846 0.000010 0.000010
0.000010 0.000010 0.254707 0.094676 0.000010 0.000010 0.650576
0.000010 0.000010 0.231677 0.113703 0.000010 0.000010 0.654580
0.664539 0.000010 0.072684 0.000010 0.253968 0.008779 0.000010
0.000010 0.000010 0.244306 0.106180 0.002019 0.019071 0.628404
0.016715 0.913912 0.031645 0.000010 0.015680 0.017207 0.004831
0.000010 0.137414 0.386708 0.029970 0.320993 0.068704 0.056201
0.477545 0.022936 0.087562 0.051244 0.272569 0.000010 0.088133
0.042009 0.075004 0.121809 0.027893 0.099660 0.586510 0.047115
0.126857 0.025793 0.115891 0.071785 0.277795 0.000010 0.381869
0.100213 0.010972 0.149864 0.033170 0.297771 0.000010 0.407999
0.876514 0.000010 0.000010 0.003266 0.081386 0.033572 0.005242
0.000010 0.019039 0.111951 0.027924 0.068995 0.076437 0.695645
0.409304 0.037965 0.028005 0.059088 0.409570 0.020687 0.035381
0.811970 0.004218 0.000010 0.015746 0.096252 0.000010 0.071794
0.464447 0.000010 0.082286 0.024749 0.089668 0.000010 0.338830
0.000010 0.000010 0.325624 0.030821 0.569399 0.063746 0.010389
0.461554 0.018125 0.048521 0.052897 0.366044 0.000010 0.052849
0.110915 0.000010 0.107997 0.081055 0.672835 0.027179 0.000010
0.035030 0.065839 0.165556 0.011572 0.045350 0.657431 0.019222
0.017820 0.000010 0.016522 0.000010 0.029123 0.039027 0.897487
0.011296 0.118188 0.118139 0.000010 0.104604 0.640747 0.007017
0.000010 0.000010 0.000010 0.000010 0.000010 0.999940 0.000010
0.482650 0.054469 0.004642 0.083320 0.374899 0.000010 0.000010
0.676387 0.000010 0.061331 0.021957 0.207520 0.026632 0.006164
0.000010 0.659533 0.340417 0.000010 0.000010 0.000010 0.000010
0.602566 0.036394 0.017888 0.061232 0.229203 0.029022 0.023695
0.783222 0.000010 0.020076 0.000010 0.134701 0.045975 0.016007
0.881249 0.007902 0.000010 0.053827 0.056993 0.000010 0.000010
0.078222 0.097776 0.256476 0.018414 0.472845 0.075363 0.000903
0.000010 0.041180 0.958770 0.000010 0.000010 0.000010 0.000010
0.531230 0.000010 0.071957 0.165152 0.191835 0.000010 0.039805
0.000010 0.000010 0.000010 0.000010 0.000010 0.999940 0.000010
0.090202 0.075470 0.054470 0.151135 0.596196 0.021029 0.011499
0.577019 0.011573 0.050709 0.015971 0.254851 0.000010 0.089867
0.000010 0.213705 0.074233 0.023648 0.192939 0.378841 0.116625
0.154601 0.084493 0.073126 0.068395 0.565528 0.043966 0.009890
0.000010 0.000010 0.000010 0.000010 0.000010 0.000010 0.999940
0.614168 0.022119 0.011365 0.078413 0.212551 0.002969 0.058414
0.633551 0.000010 0.009537 0.086610 0.233157 0.000411 0.036724
0.587655 0.031087 0.061045 0.014404 0.242692 0.039122 0.023995
0.789651 0.000010 0.065886 0.020695 0.105422 0.000010 0.018326
0.307261 0.018291 0.224188 0.000010 0.347134 0.006597 0.096519
0.201920 0.003856 0.094897 0.125411 0.428184 0.093026 0.052706
0.919204 0.000010 0.030992 0.000010 0.049764 0.000010 0.000010
0.981493 0.000010 0.000010 0.000010 0.000010 0.000010 0.018457
0.166294 0.000010 0.010002 0.284529 0.441107 0.063989 0.034068
0.754623 0.000010 0.000010 0.044865 0.050469 0.000010 0.150012
0.086411 0.039141 0.032756 0.167485 0.532055 0.047434 0.094718
0.772896 0.016438 0.007143 0.029179 0.087267 0.020388 0.066689
0.707709 0.000010 0.000010 0.049347 0.199464 0.000010 0.043449
0.048138 0.101267 0.038903 0.077611 0.688212 0.045858 0.000010
0.915871 0.000010 0.025243 0.000010 0.046049 0.012806 0.000010
0.365581 0.005224 0.059100 0.029892 0.153885 0.032363 0.353955
0.862265 0.000010 0.000010 0.011910 0.083148 0.021751 0.020906
0.454439 0.000010 0.011085 0.033655 0.155194 0.000010 0.345606
0.589611 0.011112 0.022104 0.125468 0.227392 0.008763 0.015549
0.841603 0.000010 0.016857 0.000010 0.096523 0.000010 0.044988
0.709034 0.000010 0.040888 0.047382 0.160892 0.008214 0.033579
0.153229 0.005475 0.097789 0.015525 0.371584 0.000010 0.356387
0.262534 0.000010 0.255721 0.022038 0.366623 0.051887 0.041186
0.057101 0.000010 0.942849 0.000010 0.000010 0.000010 0.000010
0.180241 0.000185 0.443317 0.035777 0.144560 0.000010 0.195911
0.148116 0.000010 0.352507 0.027434 0.196562 0.006483 0.268887
0.235284 0.053481 0.314971 0.021904 0.300697 0.008882 0.064781
0.103829 0.058701 0.516841 0.006228 0.250997 0.020476 0.042929
0.194054 0.012723 0.210239 0.069475 0.286889 0.000010 0.226610
0.032084 0.000010 0.967866 0.000010 0.000010 0.000010 0.000010
0.473033 0.000010 0.103500 0.265372 0.146091 0.000010 0.011985
0.302857 0.000010 0.294416 0.015354 0.346409 0.000010 0.040943
0.224842 0.000010 0.775108 0.000010 0.000010 0.000010 0.000010
0.000010 0.023205 0.789757 0.000010 0.041791 0.123049 0.022178
0.022397 0.109629 0.089786 0.090605 0.104365 0.517401 0.065816
0.009580 0.148300 0.076695 0.036074 0.114559 0.523520 0.091272
0.000010 0.000010 0.958292 0.000010 0.000010 0.041658 0.000010
0.368837 0.019270 0.331649 0.013340 0.219400 0.000010 0.047494
0.227873 0.076600 0.362546 0.024179 0.245134 0.000010 0.063659
0.144498 0.000010 0.853527 0.000010 0.000010 0.000010 0.001934
0.000010 0.066896 0.204927 0.095651 0.220170 0.257339 0.155007
0.000010 0.000010 0.362609 0.083107 0.042671 0.148107 0.363487
0.000010 0.750831 0.089461 0.000010 0.028089 0.118232 0.013367
0.261156 0.039605 0.289165 0.042382 0.294438 0.021356 0.051898
0.919732 0.019947 0.008338 0.000010 0.023709 0.000010 0.028254
0.770595 0.000010 0.027576 0.034666 0.155940 0.000010 0.011203
0.000010 0.001113 0.000010 0.039954 0.858150 0.070871 0.029893
0.037409 0.004612 0.000010 0.060834 0.816195 0.076015 0.004926
0.902466 0.000010 0.002607 0.023745 0.069418 0.000010 0.001744
0.276905 0.000010 0.062568 0.090157 0.170265 0.000010 0.400085
0.326582 0.000010 0.037326 0.093972 0.399416 0.000010 0.142684
0.461046 0.000010 0.100572 0.006373 0.336377 0.022448 0.073175
0.000010 0.965718 0.000010 0.012083 0.000010 0.000010 0.022159
0.656655 0.000010 0.034422 0.035377 0.257288 0.000010 0.016238
0.938745 0.000010 0.036175 0.000010 0.005621 0.000010 0.019429
0.482598 0.000010 0.072857 0.050617 0.320167 0.043854 0.029897
0.671976 0.000010 0.000010 0.051022 0.242090 0.005041 0.029851
0.522957 0.000010 0.000010 0.036913 0.353620 0.018470 0.068019
0.414100 0.034900 0.000010 0.034437 0.452511 0.031099 0.032943
0.000010 0.000010 0.999940 0.000010 0.000010 0.000010 0.000010
0.622691 0.000010 0.051356 0.016656 0.287675 0.013651 0.007962
0.714720 0.000010 0.000010 0.021805 0.216893 0.039552 0.007010
0.685831 0.000010 0.000616 0.028755 0.268577 0.000010 0.016200
0.263196 0.000010 0.010674 0.111029 0.504624 0.056806 0.053660
0.952232 0.009786 0.008755 0.000010 0.017949 0.011258 0.000010
0.243230 0.000010 0.425507 0.000010 0.319511 0.000010 0.011722
0.098929 0.000010 0.000010 0.048685 0.721944 0.070037 0.060386
0.167687 0.000010 0.091472 0.076075 0.583180 0.057027 0.024549
0.100448 0.000010 0.067434 0.066617 0.631660 0.076854 0.056977
0.262719 0.000010 0.006250 0.084367 0.644926 0.000010 0.001718
0.892050 0.000010 0.000010 0.029278 0.077793 0.000010 0.000849
0.782809 0.000010 0.007527 0.017259 0.165755 0.000010 0.026630
0.784018 0.000010 0.000010 0.000010 0.215932 0.000010 0.000010
0.880974 0.000010 0.000010 0.018681 0.100305 0.000010 0.000010
0.235894 0.000010 0.067146 0.071206 0.567477 0.016227 0.042040
0.068605 0.000961 0.077490 0.066145 0.287543 0.018891 0.480367
0.521550 0.000010 0.086085 0.055244 0.235077 0.023897 0.078137
0.528794 0.000010 0.080018 0.048735 0.159206 0.019898 0.163340
0.056103 0.033296 0.037173 0.018292 0.848560 0.000010 0.006567
0.883921 0.000010 0.000010 0.035960 0.055901 0.000010 0.024188
0.127085 0.043690 0.113600 0.091955 0.547831 0.075830 0.000010
0.769012 0.000064 0.026093 0.044298 0.141567 0.000010 0.018955
0.999940 0.000010 0.000010 0.000010 0.000010 0.000010 0.000010
0.724788 0.006805 0.118756 0.054372 0.095260 0.000010 0.000010
0.113097 0.039752 0.016762 0.065734 0.691383 0.000010 0.073263
0.999940 0.000010 0.000010 0.000010 0.000010 0.000010 0.000010
0.007505 0.039767 0.070712 0.032829 0.849167 0.000010 0.000010
0.034782 0.063826 0.035999 0.011755 0.851118 0.000010 0.002509
0.000010 0.006200 0.045377 0.049411 0.898982 0.000010 0.000010
0.000010 0.048848 0.048890 0.012012 0.888299 0.001931 0.000010
0.024104 0.047357 0.037944 0.005833 0.884742 0.000010 0.000010
0.000010 0.000010 0.009774 0.007434 0.117611 0.020207 0.844954
0.558642 0.000010 0.054913 0.040895 0.317986 0.000010 0.027543
0.942348 0.000010 0.026040 0.012942 0.000010 0.000010 0.018640
0.769610 0.000010 0.000010 0.000010 0.230340 0.000010 0.000010
0.712603 0.000010 0.056113 0.042461 0.179454 0.000010 0.009349
0.949067 0.000010 0.025816 0.000010 0.025077 0.000010 0.000010
0.025674 0.023686 0.011537 0.000010 0.939073 0.000010 0.000010
0.933333 0.000010 0.033493 0.000010 0.009705 0.012638 0.010811
0.179663 0.049505 0.000010 0.045939 0.696008 0.000010 0.028864
0.000010 0.000010 0.000010 0.000010 0.000010 0.000010 0.999940
0.005660 0.026347 0.327632 0.033205 0.563414 0.032812 0.010929
0.100348 0.000010 0.071273 0.062425 0.727758 0.000010 0.038177
0.322692 0.009424 0.000010 0.017851 0.648384 0.000010 0.001629
0.057053 0.000010 0.085920 0.065472 0.717646 0.048576 0.025323
0.000010 0.069193 0.058272 0.000010 0.855013 0.017493 0.000010
0.094457 0.042851 0.008387 0.025665 0.774985 0.000010 0.053644
0.000010 0.015239 0.000010 0.005754 0.978967 0.000010 0.000010
0.201965 0.023493 0.069042 0.050350 0.625612 0.000010 0.029528
0.084492 0.000010 0.088160 0.075367 0.734589 0.000010 0.017371
0.771738 0.030914 0.031914 0.008056 0.121958 0.000989 0.034431
0.091091 0.077278 0.030483 0.079461 0.708880 0.000010 0.012797
0.006644 0.010551 0.039775 0.019943 0.912884 0.000010 0.010194
0.097274 0.039410 0.044398 0.009226 0.809671 0.000010 0.000010
0.599919 0.066164 0.035442 0.023099 0.263465 0.000010 0.011900
0.962609 0.000010 0.000010 0.021010 0.016342 0.000010 0.000010
0.031285 0.000010 0.000010 0.062513 0.869616 0.000010 0.036556
0.020003 0.000010 0.054129 0.000010 0.000010 0.008427 0.917411
0.927827 0.000010 0.021566 0.000010 0.000010 0.046626 0.003950
0.967242 0.000010 0.000010 0.032708 0.000010 0.000010 0.000010
0.104339 0.000010 0.042588 0.028018 0.782510 0.018741 0.023794
0.455398 0.000010 0.012583 0.015742 0.368533 0.124617 0.023117
0.224146 0.000010 0.000010 0.102277 0.670193 0.000010 0.003353
0.020026 0.013204 0.000010 0.010700 0.889435 0.036230 0.030395
0.997934 0.000010 0.000010 0.000010 0.000010 0.000010 0.002016
0.998278 0.000010 0.000010 0.000010 0.000010 0.000010 0.001672
0.506007 0.000010 0.030487 0.040780 0.406930 0.000010 0.015775
0.572016 0.000010 0.027072 0.072656 0.262758 0.028806 0.036681
0.000010 0.937071 0.000010 0.000010 0.000010 0.000010 0.062879
0.064261 0.000010 0.103123 0.023568 0.757281 0.026432 0.025326
0.881793 0.000010 0.000010 0.007134 0.070869 0.014704 0.025480
0.000010 0.924044 0.000010 0.000010 0.000010 0.000010 0.075906
0.000010 0.000010 0.000010 0.525136 0.000010 0.000010 0.474814
0.000010 0.000010 0.352500 0.061668 0.077609 0.121444 0.386759
0.609033 0.000010 0.036938 0.033811 0.273004 0.000010 0.047195
0.553147 0.000010 0.023889 0.100789 0.261169 0.024208 0.036788
0.716228 0.000010 0.026183 0.045426 0.189409 0.000010 0.022733
0.344388 0.044472 0.091863 0.093214 0.329692 0.090173 0.006200
0.946315 0.000010 0.000010 0.017549 0.013930 0.000010 0.022176
0.999940 0.000010 0.000010 0.000010 0.000010 0.000010 0.000010
0.142660 0.000010 0.000010 0.125698 0.693457 0.016726 0.021439
0.639624 0.015952 0.031545 0.046468 0.263366 0.000010 0.003036
0.531074 0.000010 0.022773 0.045100 0.346271 0.000010 0.054761
0.393630 0.049154 0.113628 0.001455 0.442114 0.000010 0.000010
0.689909 0.015357 0.004962 0.065116 0.202731 0.000010 0.021915
0.769919 0.000010 0.000010 0.036288 0.138737 0.009345 0.045692
0.753903 0.015617 0.006331 0.043789 0.136714 0.019389 0.024258
0.790934 0.000010 0.042733 0.020179 0.127889 0.000010 0.018246
0.999940 0.000010 0.000010 0.000010 0.000010 0.000010 0.000010
0.920194 0.000010 0.030758 0.019775 0.000838 0.005357 0.023068
0.160003 0.010211 0.057003 0.062558 0.680007 0.000010 0.030207
0.425753 0.047783 0.075725 0.038204 0.350541 0.000010 0.061985
0.000010 0.023378 0.015567 0.029302 0.866793 0.064939 0.000010
0.974698 0.000010 0.000010 0.016540 0.000010 0.000010 0.008721
0.177576 0.000010 0.018718 0.107906 0.620203 0.041316 0.034270
0.644873 0.000010 0.175681 0.039786 0.080956 0.011296 0.047396
0.546421 0.000010 0.000010 0.089821 0.295879 0.027689 0.040170
0.104833 0.020993 0.102838 0.000010 0.756534 0.002583 0.012208
0.745268 0.000010 0.024730 0.078591 0.144274 0.000010 0.007117
0.180480 0.000010 0.000529 0.118531 0.679298 0.000010 0.021142
0.007041 0.032393 0.014450 0.034472 0.876035 0.000010 0.035599
0.082020 0.030270 0.004604 0.053359 0.745443 0.035348 0.048957
0.322173 0.044308 0.238659 0.009041 0.364678 0.021130 0.000010
0.022978 0.000010 0.081813 0.030506 0.831233 0.033450 0.000010
0.000010 0.084003 0.447630 0.000010 0.320310 0.114147 0.033889
0.141760 0.000010 0.000010 0.134976 0.690363 0.000010 0.032871
0.627309 0.017326 0.025417 0.000010 0.329917 0.000010 0.000010
0.912113 0.000010 0.020404 0.000010 0.064942 0.000010 0.002511
0.814575 0.000010 0.109470 0.000010 0.027280 0.048645 0.000010
0.856863 0.000010 0.027932 0.000010 0.090688 0.024487 0.000010
0.055511 0.000010 0.023435 0.007614 0.891376 0.022044 0.000010
0.423041 0.036947 0.214274 0.060016 0.219477 0.023168 0.023078
0.575460 0.044335 0.086850 0.025277 0.255835 0.000010 0.012232
0.204916 0.688287 0.040150 0.021673 0.018826 0.000010 0.026138
0.777278 0.034025 0.015486 0.016712 0.151601 0.000010 0.004889
0.798480 0.000010 0.044807 0.028962 0.114276 0.000010 0.013455
0.000010 0.000010 0.000010 0.000010 0.000010 0.000010 0.999940
0.000010 0.000010 0.000010 0.000010 0.000010 0.000010 0.999940
0.176957 0.029890 0.026531 0.011524 0.755077 0.000010 0.000010
0.176361 0.009683 0.000010 0.000010 0.788810 0.000010 0.025117
0.323354 0.000010 0.033222 0.000010 0.609052 0.012317 0.022035
0.342895 0.005437 0.000010 0.000010 0.646563 0.000010 0.005075
0.000010 0.000010 0.000010 0.000010 0.000010 0.000010 0.999940
0.000010 0.000010 0.000010 0.000010 0.000010 0.000010 0.999940
0.043137 0.000010 0.076064 0.033892 0.846877 0.000010 0.000010
0.051205 0.000010 0.036112 0.019059 0.893593 0.000010 0.000010
0.000010 0.000010 0.000010 0.000010 0.000010 0.000010 0.999940
0.000010 0.000010 0.000010 0.000010 0.000010 0.000010 0.999940
0.000010 0.000010 0.000010 0.000010 0.000010 0.000010 0.999940
0.042465 0.025263 0.030475 0.085381 0.796076 0.020156 0.000184
0.000010 0.003524 0.000010 0.030055 0.966381 0.000010 0.000010
0.175270 0.049438 0.196586 0.013746 0.296541 0.133091 0.135328
0.078977 0.070971 0.055664 0.061978 0.700600 0.000010 0.031801
0.000010 0.015555 0.258321 0.000010 0.222231 0.359855 0.144018
0.001684 0.101390 0.058029 0.008224 0.803587 0.000010 0.027077
0.000010 0.000010 0.000010 0.000010 0.000010 0.000010 0.999940
0.078597 0.060709 0.022325 0.000010 0.838339 0.000010 0.000010
0.210617 0.000010 0.076285 0.037179 0.661673 0.000010 0.014226
0.096750 0.006353 0.035091 0.027568 0.296545 0.000010 0.537684
0.020661 0.000010 0.000010 0.018840 0.061780 0.000010 0.898690
0.094384 0.000010 0.070489 0.025055 0.810043 0.000010 0.000010
0.000010 0.000010 0.000010 0.000010 0.000010 0.000010 0.999940
0.000010 0.000010 0.000010 0.000010 0.000010 0.000010 0.999940
0.000010 0.000010 0.000010 0.000010 0.000010 0.000010 0.999940
0.000010 0.000010 0.000010 0.000010 0.000010 0.000010 0.999940
0.000010 0.000010 0.000010 0.000010 0.000010 0.000010 0.999940
0.632292 0.015943 0.050021 0.067034 0.234690 0.000010 0.000010
0.599981 0.012287 0.103690 0.031825 0.115115 0.017461 0.119640
0.579016 0.000010 0.070920 0.017534 0.191350 0.000010 0.141160
0.000010 0.000010 0.000010 0.000010 0.000010 0.000010 0.999940
0.000010 0.000010 0.328943 0.081369 0.024209 0.069341 0.496118
0.410455 0.000013 0.000010 0.097903 0.355769 0.076046 0.059803
0.820463 0.000010 0.000010 0.034163 0.129838 0.008001 0.007514
0.542703 0.000010 0.060846 0.059780 0.287367 0.000010 0.049284
0.255145 0.018071 0.000010 0.093642 0.633113 0.000010 0.000010
0.213991 0.000010 0.000010 0.109436 0.663418 0.000010 0.013125
0.718162 0.000010 0.043343 0.013951 0.204707 0.015039 0.004788
0.223231 0.000010 0.000010 0.131186 0.637593 0.007960 0.000010
0.319178 0.002836 0.089361 0.055424 0.475225 0.000010 0.057965
0.750034 0.000010 0.024170 0.001941 0.185942 0.003535 0.034368
0.656502 0.003896 0.148310 0.000010 0.145135 0.000010 0.046136
0.330393 0.013576 0.000010 0.086270 0.569025 0.000715 0.000010
0.696659 0.042206 0.063275 0.000010 0.181650 0.000010 0.016190
0.349994 0.000010 0.259808 0.040193 0.252091 0.035216 0.062689
0.000010 0.027465 0.598018 0.008546 0.000010 0.330417 0.035535
0.171136 0.053900 0.017402 0.247395 0.404219 0.074320 0.031627
0.415854 0.033217 0.000010 0.043329 0.468143 0.000010 0.039437
0.451730 0.000010 0.084143 0.226754 0.222427 0.004628 0.010307
0.866355 0.009164 0.059645 0.009766 0.045300 0.009761 0.000010
0.034782 0.060149 0.122833 0.007153 0.136623 0.626694 0.011766
0.008766 0.027903 0.273981 0.034027 0.338615 0.179888 0.136820
0.628826 0.000010 0.000010 0.067706 0.274776 0.003752 0.024919
0.715696 0.000010 0.039399 0.030540 0.213866 0.000010 0.000479
0.512331 0.000010 0.013332 0.019884 0.059936 0.004212 0.390295
0.531056 0.004665 0.056653 0.028460 0.303736 0.064962 0.010468
0.014577 0.023764 0.101161 0.026262 0.018990 0.076456 0.738790
0.469578 0.007172 0.000010 0.036486 0.446943 0.000010 0.039801
0.001730 0.012873 0.368684 0.055973 0.400157 0.093135 0.067449
0.861845 0.001440 0.053900 0.030818 0.051977 0.000010 0.000010
0.992590 0.000010 0.000010 0.000214 0.000010 0.000010 0.007156
0.858857 0.000010 0.000010 0.036278 0.071668 0.033167 0.000010
0.766326 0.000010 0.035408 0.000010 0.198227 0.000010 0.000010
0.018602 0.569016 0.017442 0.045119 0.093017 0.255113 0.001692
0.000010 0.000010 0.057284 0.023248 0.916225 0.000010 0.003213
0.000010 0.037764 0.796811 0.017817 0.145061 0.000010 0.002528
0.130264 0.000010 0.032670 0.000010 0.821041 0.000010 0.015994
0.423339 0.000010 0.056005 0.144253 0.352450 0.000010 0.023932
0.036315 0.000010 0.000010 0.059376 0.904269 0.000010 0.000010
0.123296 0.000010 0.019502 0.013769 0.819505 0.000010 0.023908
0.000010 0.056890 0.813594 0.017558 0.111927 0.000010 0.000010
0.835981 0.000010 0.006125 0.016418 0.141447 0.000010 0.000010
0.856480 0.035757 0.000010 0.000010 0.102495 0.005238 0.000010
0.062117 0.000010 0.114739 0.114618 0.663434 0.014637 0.030445
0.914573 0.000010 0.000010 0.000010 0.085377 0.000010 0.000010
0.066481 0.041877 0.047645 0.082810 0.732594 0.000701 0.027892
0.000010 0.668511 0.139155 0.028412 0.076700 0.073284 0.013927
0.131775 0.000010 0.481897 0.000010 0.356051 0.030247 0.000010
0.000010 0.999940 0.000010 0.000010 0.000010 0.000010 0.000010
0.000010 0.179664 0.000010 0.039498 0.231190 0.537723 0.011905
0.000010 0.003010 0.211488 0.000010 0.329700 0.062236 0.393545
0.000010 0.889190 0.000010 0.004499 0.065094 0.000010 0.041187
0.000010 0.000010 0.000010 0.000010 0.000010 0.000010 0.999940
0.679058 0.000010 0.012546 0.015648 0.292712 0.000016 0.000010
0.008154 0.028343 0.047194 0.048923 0.836819 0.019418 0.011150
0.103037 0.029515 0.034008 0.049746 0.721838 0.034454 0.027401
0.032772 0.000010 0.037583 0.000010 0.000010 0.039557 0.890059
0.372006 0.000010 0.006460 0.499052 0.043867 0.064750 0.013855
0.051996 0.092326 0.205821 0.031787 0.398341 0.130660 0.089070
0.037433 0.008480 0.349807 0.014711 0.570499 0.019059 0.000010
0.083561 0.000010 0.063011 0.106204 0.693298 0.008566 0.045349
0.131811 0.000010 0.022821 0.029477 0.771363 0.000010 0.044509
0.267753 0.012230 0.145545 0.024022 0.464709 0.015223 0.070517
0.089224 0.000010 0.051634 0.077261 0.717752 0.039598 0.024520
0.000010 0.000010 0.084996 0.034041 0.035735 0.083878 0.761330
0.021824 0.028442 0.082251 0.029923 0.069746 0.056832 0.710981
0.000010 0.005642 0.034509 0.029756 0.081171 0.017331 0.831580
0.036344 0.009687 0.354258 0.032772 0.503176 0.031228 0.032534
0.000010 0.000010 0.999940 0.000010 0.000010 0.000010 0.000010
0.000010 0.373317 0.000010 0.000010 0.232339 0.394303 0.000010
0.000010 0.083975 0.523387 0.034707 0.126331 0.228810 0.002780
0.999940 0.000010 0.000010 0.000010 0.000010 0.000010 0.000010
0.772255 0.000010 0.000010 0.043798 0.040507 0.000010 0.143410
0.503291 0.004328 0.000010 0.081910 0.387475 0.013949 0.009036
0.615976 0.000010 0.018554 0.057155 0.181274 0.040855 0.086176
0.000010 0.000010 0.000010 0.999940 0.000010 0.000010 0.000010
0.929257 0.000010 0.031658 0.000010 0.039046 0.000010 0.000010
0.920485 0.011411 0.002445 0.000010 0.062748 0.000010 0.002891
0.005225 0.000010 0.069454 0.018518 0.068386 0.139037 0.699370
0.014265 0.000010 0.100388 0.000010 0.007854 0.109079 0.768393
0.961573 0.019005 0.000010 0.019382 0.000010 0.000010 0.000010
0.165806 0.000010 0.220625 0.076561 0.410332 0.091597 0.035069
0.822211 0.024627 0.000010 0.032914 0.096026 0.000964 0.023248
0.616612 0.000010 0.094806 0.093240 0.162009 0.000010 0.033313
0.098602 0.000010 0.111691 0.630361 0.151793 0.000010 0.007532
0.018408 0.000010 0.045717 0.000010 0.039225 0.017530 0.879100
0.409957 0.000010 0.017422 0.042499 0.179342 0.000010 0.350760
0.000010 0.039952 0.210399 0.041031 0.291023 0.206411 0.211174
0.689808 0.000010 0.032943 0.033809 0.142547 0.040409 0.060474
0.296130 0.034408 0.025458 0.074656 0.525474 0.018061 0.025812
0.611966 0.000010 0.051660 0.069433 0.187700 0.027619 0.051613
0.023430 0.000010 0.034018 0.000010 0.015317 0.028953 0.898262
0.877511 0.000010 0.026929 0.045707 0.049823 0.000010 0.000010
0.606584 0.034936 0.029216 0.075317 0.222599 0.000010 0.031338
0.390082 0.000010 0.000245 0.035008 0.499339 0.030767 0.044549
0.599779 0.029153 0.035086 0.065247 0.260950 0.000010 0.009776
0.025078 0.164886 0.141615 0.043461 0.059017 0.512075 0.053867
0.000010 0.017985 0.939784 0.000010 0.042190 0.000010 0.000010
0.013974 0.169912 0.087203 0.000010 0.138547 0.518115 0.072238
0.085355 0.091293 0.000010 0.047904 0.700101 0.048310 0.027027
0.129909 0.075269 0.000010 0.038068 0.701116 0.023385 0.032244
0.010192 0.788075 0.050139 0.047884 0.000010 0.000010 0.103689
0.000010 0.812128 0.041283 0.026302 0.000010 0.000010 0.120257
0.041741 0.011816 0.224487 0.000010 0.679105 0.027049 0.015792
0.000010 0.812170 0.007873 0.064049 0.000010 0.000010 0.115877
0.074019 0.198242 0.206196 0.000010 0.226001 0.295522 0.000010
0.000010 0.278950 0.007264 0.024537 0.217074 0.472154 0.000010
0.000010 0.000010 0.000010 0.999940 0.000010 0.000010 0.000010
0.134342 0.000010 0.519265 0.022571 0.269150 0.049982 0.004679
0.130333 0.000010 0.506693 0.000010 0.350451 0.012493 0.000010
0.171860 0.000010 0.583874 0.000010 0.229632 0.014604 0.000010
0.140592 0.000010 0.535501 0.000010 0.304239 0.019638 0.000010
0.139548 0.000010 0.549944 0.011059 0.250597 0.048831 0.000010
0.107606 0.000010 0.509983 0.010656 0.342772 0.004113 0.024860
0.090830 0.000010 0.573918 0.000010 0.335212 0.000010 0.000010
0.127516 0.000010 0.585660 0.007436 0.255594 0.023774 0.000010
0.000010 0.800717 0.053898 0.000113 0.072721 0.039495 0.033045
0.000010 0.811313 0.015087 0.008454 0.108821 0.044638 0.011676
0.000010 0.811603 0.056085 0.013888 0.000010 0.023820 0.094584
0.999492 0.000010 0.000010 0.000010 0.000010 0.000010 0.000458
0.000010 0.799004 0.001223 0.047266 0.000010 0.000010 0.152477
0.198704 0.000010 0.000010 0.712277 0.000010 0.000010 0.088978
0.012955 0.789374 0.061090 0.028160 0.006076 0.000010 0.102335
0.000010 0.799012 0.018022 0.000010 0.047126 0.093779 0.042041
0.000010 0.816612 0.063508 0.002725 0.020093 0.097042 0.000010
0.000010 0.758045 0.037582 0.041415 0.078689 0.076154 0.008104
0.001908 0.779249 0.040102 0.014471 0.000010 0.131649 0.032612
0.022854 0.812931 0.000010 0.023655 0.090565 0.049373 0.000612
0.000010 0.944280 0.000010 0.014154 0.000010 0.041526 0.000010
0.827638 0.000010 0.062717 0.017609 0.046420 0.031082 0.014525
0.210403 0.065917 0.105579 0.055689 0.536242 0.000010 0.026160
0.095330 0.000010 0.573134 0.000010 0.317274 0.014231 0.000010
0.000010 0.863251 0.000010 0.000010 0.044299 0.072471 0.019949
0.999940 0.000010 0.000010 0.000010 0.000010 0.000010 0.000010
0.096481 0.000010 0.519551 0.019311 0.358683 0.005954 0.000010
0.074195 0.000010 0.521643 0.000010 0.404123 0.000010 0.000010
0.999940 0.000010 0.000010 0.000010 0.000010 0.000010 0.000010
0.000010 0.000010 0.000010 0.999940 0.000010 0.000010 0.000010
0.039841 0.955153 0.000010 0.000010 0.004965 0.000010 0.000010
0.000010 0.000010 0.999940 0.000010 0.000010 0.000010 0.000010
0.126952 0.000010 0.562874 0.000010 0.288495 0.021650 0.000010
0.160686 0.000010 0.571053 0.000567 0.202809 0.056511 0.008363
0.000010 0.959123 0.000010 0.020094 0.000010 0.020743 0.000010
0.145928 0.000395 0.000010 0.070514 0.714642 0.023445 0.045066
0.617849 0.016253 0.079172 0.032036 0.113060 0.036213 0.105416
0.000010 0.317650 0.016171 0.005959 0.120157 0.534411 0.005641
0.000010 0.337210 0.000010 0.000010 0.142927 0.519824 0.000010
0.000010 0.305268 0.000010 0.000010 0.236157 0.458536 0.000010
0.000010 0.000010 0.000010 0.000010 0.000010 0.000010 0.999940
0.013054 0.000010 0.049673 0.000010 0.000010 0.030640 0.906603
0.000010 0.918116 0.000010 0.000010 0.000010 0.060246 0.021598
0.000010 0.681571 0.065607 0.005480 0.000010 0.184592 0.062731
0.010094 0.988512 0.000010 0.000010 0.000010 0.001353 0.000010
0.000010 0.923312 0.000010 0.000010 0.000010 0.066653 0.009995
0.000010 0.999940 0.000010 0.000010 0.000010 0.000010 0.000010
0.000010 0.999940 0.000010 0.000010 0.000010 0.000010 0.000010
0.000010 0.961684 0.000010 0.000010 0.000010 0.027969 0.010308
0.047886 0.727572 0.000010 0.016558 0.003683 0.156691 0.047602
0.000010 0.298004 0.000010 0.020121 0.187393 0.489114 0.005349
0.002812 0.311829 0.000010 0.011900 0.184300 0.489138 0.000010
0.000010 0.821447 0.038795 0.000010 0.000010 0.139718 0.000010
0.000016 0.310643 0.004716 0.001695 0.157687 0.525234 0.000010
0.000010 0.037910 0.365249 0.257729 0.159043 0.042813 0.137246
0.653788 0.000010 0.027984 0.256952 0.001063 0.060194 0.000010
0.000010 0.000010 0.000010 0.999940 0.000010 0.000010 0.000010
0.130036 0.000010 0.520431 0.000010 0.336394 0.000010 0.013109
0.133622 0.000010 0.553390 0.000010 0.283156 0.029801 0.000010
0.029228 0.195325 0.113963 0.048981 0.019607 0.502931 0.089965
0.000010 0.020183 0.158799 0.054913 0.348175 0.235777 0.182144
0.335988 0.034778 0.075188 0.397892 0.101014 0.000010 0.055131
0.129524 0.000010 0.163655 0.121568 0.469438 0.063081 0.052725
0.000010 0.043775 0.157097 0.000010 0.100973 0.648663 0.049473
0.861382 0.000010 0.030425 0.000010 0.073768 0.010253 0.024152
0.000010 0.929976 0.000010 0.000010 0.000010 0.069974 0.000010
0.016412 0.703270 0.088153 0.006389 0.000010 0.127652 0.058114
0.000010 0.896596 0.015954 0.000010 0.000010 0.087409 0.000010
0.000010 0.000010 0.000010 0.999940 0.000010 0.000010 0.000010
0.000010 0.760597 0.023100 0.048294 0.000010 0.142409 0.025580
0.008695 0.916343 0.000010 0.000010 0.000010 0.071341 0.003592
0.038191 0.937837 0.000010 0.000010 0.000010 0.009635 0.014307
0.016254 0.884542 0.000010 0.028898 0.000010 0.070276 0.000010
0.000010 0.994780 0.000010 0.000010 0.003390 0.001791 0.000010
0.000010 0.946479 0.027038 0.000010 0.000010 0.026442 0.000010
0.277497 0.086721 0.112144 0.042000 0.343506 0.054844 0.083287
0.155152 0.018560 0.010153 0.030806 0.697809 0.076116 0.011404
0.070809 0.043593 0.137388 0.019756 0.048503 0.640048 0.039904
0.075635 0.139369 0.120541 0.000010 0.032403 0.586869 0.045174
0.135288 0.071915 0.049712 0.072018 0.651582 0.000010 0.019476
0.685877 0.000010 0.006226 0.041592 0.255016 0.009337 0.001942
0.800226 0.041300 0.000010 0.017000 0.082188 0.001569 0.057708
0.922730 0.018713 0.000010 0.000010 0.052561 0.000010 0.005967
0.000010 0.961371 0.000010 0.000010 0.000010 0.038579 0.000010
0.825386 0.001217 0.065505 0.000010 0.053084 0.000010 0.054789
0.000010 0.933649 0.000010 0.023312 0.000010 0.042998 0.000010
0.000010 0.914821 0.000010 0.000010 0.000010 0.085129 0.000010
0.000010 0.861400 0.038711 0.018160 0.000010 0.069899 0.011810
0.029341 0.875427 0.000010 0.000010 0.000010 0.095192 0.000010
0.000010 0.932397 0.000012 0.012550 0.000010 0.055011 0.000010
0.000010 0.930857 0.000010 0.022721 0.000010 0.027334 0.019058
0.280470 0.039894 0.473433 0.031872 0.135472 0.000010 0.038848
0.295122 0.015871 0.304868 0.059989 0.270032 0.000010 0.054109
0.090134 0.082829 0.304528 0.000010 0.220406 0.290691 0.011402
0.000010 0.000010 0.223581 0.043281 0.186314 0.160752 0.386052
0.000010 0.054503 0.119909 0.045229 0.099630 0.102143 0.578577
0.000010 0.017204 0.108700 0.034463 0.179732 0.112099 0.547793
0.623908 0.052975 0.000010 0.076713 0.207149 0.014542 0.024704
0.008393 0.933691 0.000010 0.000010 0.000010 0.037074 0.020811
0.000010 0.925767 0.000010 0.000010 0.000010 0.074183 0.000010
0.000010 0.951925 0.000010 0.000010 0.000010 0.048025 0.000010
0.000010 0.039886 0.218965 0.009704 0.239149 0.068977 0.423308
0.000010 0.006628 0.143791 0.009846 0.256197 0.100563 0.482966
0.279885 0.048614 0.339378 0.018477 0.261625 0.000010 0.052011
0.218758 0.029499 0.612458 0.048042 0.051170 0.000010 0.040063
0.000010 0.005883 0.172891 0.015346 0.135916 0.136774 0.533180
0.318531 0.041343 0.318821 0.000010 0.253433 0.000010 0.067853
