0.386287 0.018199 0.000010 0.000010 0.000010 0.000010 0.071897 0.023754 0.088452 0.000010 0.000010 0.411350
0.171855 0.000010 0.035015 0.007757 0.000010 0.000010 0.010520 0.066989 0.119122 0.000010 0.035525 0.553177
0.382975 0.021331 0.021010 0.000010 0.030211 0.045318 0.000010 0.000010 0.039008 0.052592 0.000010 0.407514
0.000010 0.000010 0.429405 0.000010 0.000010 0.000010 0.570495 0.000010 0.000010 0.000010 0.000010 0.000010
0.195626 0.012031 0.000010 0.014576 0.066115 0.000503 0.000010 0.093329 0.163174 0.000010 0.002826 0.451790
0.709244 0.005033 0.019686 0.000010 0.037995 0.010878 0.011161 0.010981 0.040905 0.000010 0.012646 0.141450
0.242121 0.227547 0.231270 0.000010 0.000010 0.002933 0.243063 0.000010 0.005592 0.000010 0.020209 0.027224
0.891856 0.000010 0.007788 0.051976 0.000010 0.000010 0.008361 0.000010 0.001085 0.000010 0.038874 0.000010
0.031520 0.000010 0.039860 0.063557 0.000010 0.001228 0.047268 0.015629 0.158486 0.000010 0.007760 0.634662
0.827580 0.000010 0.008963 0.054221 0.000010 0.000010 0.014192 0.000010 0.037551 0.000010 0.000010 0.057432
0.545133 0.000010 0.000010 0.065195 0.000010 0.000010 0.000010 0.002359 0.235944 0.000010 0.003710 0.147598
0.328400 0.000010 0.000010 0.000010 0.032545 0.007419 0.012304 0.000010 0.090187 0.021996 0.041042 0.466067
0.009084 0.000010 0.163240 0.067451 0.123798 0.134221 0.000010 0.000010 0.000010 0.000010 0.052622 0.449533
0.000010 0.030921 0.278420 0.014154 0.044214 0.038562 0.268198 0.000010 0.001640 0.000010 0.017019 0.306841
0.869335 0.000010 0.027544 0.010002 0.007473 0.000010 0.000010 0.000010 0.069090 0.016272 0.000010 0.000234
0.323635 0.026512 0.000010 0.014859 0.028289 0.049553 0.013419 0.003672 0.058175 0.055943 0.007311 0.418622
0.661956 0.009286 0.000010 0.024149 0.000010 0.013636 0.026088 0.034907 0.052504 0.000010 0.001084 0.176361
0.430725 0.168070 0.183739 0.000010 0.000010 0.020801 0.137473 0.000010 0.014916 0.000010 0.037191 0.007045
0.248365 0.000010 0.000010 0.650422 0.000010 0.019773 0.000010 0.000010 0.038731 0.000010 0.042639 0.000010
0.000010 0.000010 0.000592 0.000010 0.002682 0.000010 0.000010 0.084509 0.000010 0.903312 0.008835 0.000010
0.007209 0.000010 0.000010 0.011713 0.000010 0.000010 0.008759 0.051766 0.000010 0.910895 0.009599 0.000010
0.000010 0.000010 0.000010 0.000010 0.000010 0.000010 0.000010 0.004852 0.000010 0.995048 0.000010 0.000010
0.013411 0.000010 0.000010 0.000010 0.000010 0.000828 0.000010 0.064972 0.000010 0.879673 0.041046 0.000010
0.000010 0.000010 0.935370 0.000010 0.000010 0.000010 0.045192 0.000010 0.000010 0.019348 0.000010 0.000010
0.000010 0.000010 0.000010 0.999890 0.000010 0.000010 0.000010 0.000010 0.000010 0.000010 0.000010 0.000010
0.000010 0.000010 0.002883 0.000010 0.000010 0.004827 0.000010 0.059036 0.000010 0.919539 0.000010 0.013645
0.024748 0.029422 0.025505 0.000010 0.000010 0.016880 0.019764 0.069227 0.150727 0.041678 0.029924 0.592106
0.000010 0.000010 0.000010 0.000010 0.000010 0.000010 0.019081 0.052705 0.000010 0.928124 0.000010 0.000010
0.094766 0.019296 0.046289 0.090831 0.000833 0.042484 0.000010 0.040756 0.004692 0.002341 0.000010 0.657692
0.082499 0.000010 0.063498 0.061464 0.000010 0.028615 0.030028 0.011289 0.000010 0.001938 0.000010 0.720629
0.000010 0.000010 0.000010 0.102350 0.000010 0.000010 0.018947 0.021975 0.030550 0.000010 0.000010 0.826107
0.061635 0.000010 0.052432 0.069259 0.000010 0.067770 0.000010 0.028273 0.021692 0.000010 0.000010 0.698889
0.035962 0.012019 0.172869 0.021872 0.135408 0.190239 0.000010 0.092249 0.000010 0.000010 0.010742 0.328611
0.000010 0.000010 0.057453 0.160901 0.083762 0.128553 0.000010 0.051493 0.006748 0.000010 0.035642 0.475407
0.118170 0.040263 0.013128 0.031093 0.000010 0.000010 0.000010 0.029779 0.117281 0.031178 0.298390 0.320688
0.099320 0.005383 0.482620 0.000010 0.000010 0.006209 0.000010 0.000010 0.308083 0.000010 0.000010 0.098324
0.151296 0.000010 0.604482 0.000010 0.000010 0.000010 0.000010 0.000010 0.244132 0.000010 0.000010 0.000010
0.000010 0.000010 0.001414 0.000010 0.000010 0.142661 0.000010 0.000010 0.000010 0.822208 0.033637 0.000010
0.000010 0.000010 0.007889 0.083883 0.013582 0.039104 0.032121 0.000010 0.095077 0.000010 0.073663 0.654641
0.041923 0.000010 0.046122 0.039152 0.064873 0.000717 0.010061 0.050301 0.000010 0.000010 0.010612 0.736209
0.999890 0.000010 0.000010 0.000010 0.000010 0.000010 0.000010 0.000010 0.000010 0.000010 0.000010 0.000010
0.173985 0.042798 0.000010 0.111304 0.040239 0.043468 0.030624 0.034079 0.000010 0.000010 0.004158 0.519315
0.715657 0.006551 0.000010 0.000010 0.015947 0.034880 0.016241 0.000010 0.003329 0.009943 0.009505 0.187916
0.788187 0.022195 0.046811 0.000010 0.000010 0.001814 0.000010 0.000010 0.000010 0.000010 0.014259 0.126674
0.000010 0.000010 0.000010 0.118530 0.361480 0.040433 0.000010 0.000010 0.000010 0.000010 0.000010 0.479476
0.000010 0.000010 0.000010 0.016553 0.021153 0.000010 0.006519 0.033714 0.000010 0.921991 0.000010 0.000010
0.000010 0.000010 0.000010 0.000010 0.000010 0.000010 0.000010 0.012954 0.033655 0.909706 0.011750 0.031865
0.000010 0.000010 0.000010 0.000010 0.035013 0.196964 0.000010 0.125159 0.051596 0.418826 0.022094 0.150299
0.000010 0.039083 0.035341 0.075005 0.187586 0.114450 0.000010 0.046196 0.065241 0.030500 0.028738 0.377839
0.039825 0.000010 0.085950 0.075615 0.166889 0.065978 0.000010 0.039541 0.000010 0.021972 0.034415 0.469786
0.000010 0.360519 0.000010 0.000010 0.639381 0.000010 0.000010 0.000010 0.000010 0.000010 0.000010 0.000010
0.000010 0.057814 0.029209 0.155629 0.117473 0.095622 0.000010 0.112002 0.000010 0.047343 0.006045 0.378833
0.000010 0.541075 0.000010 0.000010 0.458825 0.000010 0.000010 0.000010 0.000010 0.000010 0.000010 0.000010
0.035410 0.000010 0.000010 0.081507 0.150075 0.127110 0.000010 0.051861 0.069117 0.000010 0.044041 0.440840
0.000010 0.011270 0.045805 0.153494 0.174636 0.123510 0.000010 0.000010 0.000010 0.052200 0.006378 0.432667
0.000010 0.000010 0.000010 0.000010 0.000010 0.000010 0.000010 0.000010 0.000010 0.000010 0.999890 0.000010
0.872532 0.000010 0.000010 0.000010 0.004238 0.000010 0.013024 0.033123 0.000010 0.028822 0.038366 0.009846
0.000010 0.006840 0.086410 0.069474 0.009594 0.065209 0.000010 0.000010 0.069717 0.000010 0.030077 0.662639
0.000010 0.053830 0.059116 0.091521 0.040858 0.008516 0.012378 0.000010 0.064611 0.000010 0.007539 0.661602
0.634703 0.160303 0.056835 0.027836 0.005742 0.000010 0.000013 0.000010 0.048915 0.000010 0.015200 0.050423
0.000010 0.022368 0.025858 0.020051 0.040155 0.000010 0.000010 0.000010 0.015038 0.014048 0.000010 0.862432
0.089260 0.017901 0.033820 0.022926 0.000010 0.062147 0.019503 0.000010 0.035621 0.000010 0.042118 0.676675
0.437896 0.018114 0.000010 0.082824 0.032722 0.000010 0.016563 0.000010 0.000010 0.025067 0.028601 0.358173
0.041229 0.000010 0.000010 0.000010 0.000010 0.075684 0.032354 0.000010 0.026152 0.008205 0.011393 0.804934
0.043109 0.037204 0.056004 0.082765 0.047368 0.047109 0.000010 0.033844 0.044888 0.000010 0.034949 0.572739
0.161775 0.042917 0.132651 0.051395 0.188108 0.020194 0.120370 0.000010 0.083268 0.050603 0.084875 0.063833
0.000010 0.000010 0.100166 0.000010 0.000010 0.325128 0.130169 0.000010 0.000010 0.444456 0.000010 0.000010
0.000010 0.008433 0.306494 0.000010 0.008348 0.009497 0.455684 0.042587 0.011391 0.013450 0.038349 0.105747
0.854103 0.027260 0.031467 0.012709 0.000010 0.017533 0.000010 0.000010 0.000010 0.025315 0.031563 0.000010
0.000010 0.043420 0.042615 0.165851 0.112775 0.119187 0.000010 0.033251 0.005731 0.000010 0.028380 0.448760
0.059137 0.000010 0.038481 0.112952 0.146448 0.120465 0.000010 0.052494 0.061530 0.019762 0.000010 0.388702
0.079968 0.000010 0.000010 0.201599 0.263278 0.080916 0.000010 0.036910 0.007951 0.000010 0.037547 0.291791
0.006875 0.060231 0.000010 0.000010 0.000010 0.030600 0.000010 0.041379 0.184110 0.000010 0.143377 0.533377
0.086459 0.033436 0.057296 0.000010 0.030604 0.027140 0.000010 0.013201 0.042920 0.000010 0.009767 0.699148
0.080722 0.025777 0.000010 0.058776 0.000010 0.042840 0.037235 0.000010 0.072478 0.000010 0.116352 0.565781
0.013045 0.000010 0.007625 0.059247 0.039002 0.049688 0.000010 0.041737 0.044140 0.004741 0.030943 0.709812
0.015368 0.014953 0.000102 0.047491 0.042851 0.000010 0.042402 0.000010 0.029385 0.000010 0.038528 0.768891
0.018254 0.001443 0.000010 0.088405 0.054770 0.046969 0.000010 0.000010 0.084366 0.065550 0.037001 0.603212
0.000010 0.000010 0.000010 0.000010 0.000010 0.101153 0.000010 0.000010 0.000010 0.898747 0.000010 0.000010
0.096737 0.001987 0.085611 0.033159 0.023746 0.017745 0.000010 0.040807 0.000010 0.000010 0.000010 0.700168
0.000010 0.015024 0.047101 0.037423 0.070930 0.000010 0.000010 0.000010 0.096450 0.024095 0.036594 0.672343
0.594733 0.000248 0.000010 0.000010 0.000010 0.015483 0.029235 0.000010 0.178167 0.018048 0.000010 0.164036
0.566983 0.001307 0.023152 0.013718 0.002043 0.000010 0.012879 0.000010 0.229026 0.000010 0.040969 0.109894
0.033143 0.023956 0.000010 0.000010 0.000010 0.000010 0.002133 0.050899 0.036820 0.000010 0.733328 0.119670
0.685198 0.155416 0.054597 0.000010 0.000010 0.000010 0.014886 0.000010 0.046551 0.000010 0.000010 0.043292
0.000010 0.000010 0.000010 0.000010 0.000010 0.102737 0.000010 0.000010 0.000010 0.897163 0.000010 0.000010
0.003154 0.000010 0.000010 0.000010 0.106160 0.000010 0.000010 0.136785 0.004414 0.687982 0.004137 0.057317
0.353362 0.000010 0.000010 0.013088 0.000010 0.000010 0.013497 0.000010 0.516000 0.000010 0.050871 0.053122
0.144710 0.000010 0.000010 0.000010 0.092849 0.104404 0.024189 0.000010 0.106222 0.017379 0.080491 0.429717
0.000010 0.004880 0.000010 0.009912 0.039866 0.004337 0.026517 0.089134 0.000010 0.793332 0.000010 0.031982
0.000010 0.000010 0.000010 0.000010 0.002685 0.000010 0.013509 0.057652 0.003069 0.790049 0.050880 0.082107
0.003471 0.000010 0.010680 0.000010 0.048441 0.014852 0.000010 0.132438 0.012022 0.690731 0.000010 0.087324
0.000010 0.000010 0.004494 0.019666 0.016288 0.001015 0.000016 0.051414 0.000010 0.831192 0.012778 0.063108
0.000010 0.000010 0.013780 0.009643 0.060140 0.000010 0.000010 0.112035 0.000010 0.751981 0.001798 0.050572
0.100544 0.062881 0.016650 0.005943 0.017997 0.030127 0.029541 0.020971 0.117668 0.269867 0.021126 0.306685
0.039358 0.000010 0.000010 0.048397 0.518072 0.095150 0.000010 0.033558 0.000010 0.000010 0.002095 0.263321
0.044563 0.000010 0.000010 0.002474 0.471067 0.107299 0.000010 0.005846 0.000010 0.001961 0.000010 0.366739
0.203493 0.024611 0.000010 0.003537 0.013913 0.051673 0.000010 0.043478 0.350462 0.000010 0.004144 0.304658
0.751507 0.052997 0.038477 0.000010 0.000010 0.000010 0.028136 0.000010 0.087357 0.041465 0.000010 0.000010
0.022327 0.000010 0.000010 0.012374 0.566217 0.091875 0.000010 0.026817 0.000010 0.000010 0.000010 0.280330
0.000010 0.000010 0.000010 0.000010 0.011454 0.000010 0.031147 0.021707 0.144825 0.000010 0.092188 0.698618
0.000010 0.000010 0.041402 0.040911 0.456956 0.053377 0.000010 0.000010 0.000010 0.046321 0.000010 0.360972
0.167046 0.059717 0.000010 0.020973 0.017701 0.000010 0.018412 0.000010 0.115626 0.000010 0.066908 0.533578
0.000010 0.000010 0.000010 0.000010 0.000010 0.000010 0.999890 0.000010 0.000010 0.000010 0.000010 0.000010
0.654270 0.000010 0.000010 0.045412 0.019063 0.000010 0.000630 0.000010 0.215855 0.000010 0.000010 0.064710
0.012415 0.000010 0.527656 0.000010 0.251027 0.058475 0.033953 0.001206 0.000010 0.000010 0.029444 0.085784
0.000010 0.000010 0.000010 0.000010 0.000010 0.000010 0.000010 0.000010 0.999890 0.000010 0.000010 0.000010
0.062717 0.009247 0.000010 0.003774 0.025149 0.023060 0.056267 0.000010 0.081632 0.000010 0.106635 0.631489
0.202551 0.026537 0.045434 0.005596 0.008475 0.000010 0.000010 0.045792 0.127428 0.000010 0.054464 0.483693
0.798241 0.016842 0.004415 0.000010 0.000010 0.000010 0.000010 0.022545 0.066523 0.000010 0.000010 0.091373
0.017527 0.077895 0.001870 0.111201 0.505316 0.037182 0.000010 0.052712 0.000761 0.039281 0.000010 0.156235
0.508496 0.094400 0.000010 0.019139 0.000010 0.000010 0.000010 0.019558 0.080537 0.000010 0.026862 0.250958
0.710541 0.054931 0.015282 0.015176 0.000715 0.000010 0.000010 0.000010 0.057187 0.000010 0.020900 0.125227
0.850193 0.000010 0.000010 0.020971 0.000010 0.000010 0.021353 0.000010 0.062265 0.000010 0.000010 0.045149
0.112980 0.041345 0.011945 0.000010 0.025319 0.016789 0.000010 0.000010 0.083684 0.000010 0.078862 0.629036
0.000010 0.000010 0.000010 0.000010 0.000010 0.000010 0.000010 0.000010 0.999890 0.000010 0.000010 0.000010
0.000010 0.000010 0.000010 0.000010 0.000010 0.000010 0.999890 0.000010 0.000010 0.000010 0.000010 0.000010
0.000010 0.000010 0.000010 0.000010 0.000010 0.000010 0.999890 0.000010 0.000010 0.000010 0.000010 0.000010
0.714223 0.000010 0.011337 0.000010 0.000010 0.000010 0.000010 0.000010 0.154401 0.014554 0.028636 0.076790
0.000010 0.000010 0.000010 0.000010 0.000010 0.000010 0.999890 0.000010 0.000010 0.000010 0.000010 0.000010
0.758351 0.092103 0.030470 0.024173 0.000010 0.029331 0.000010 0.016710 0.000010 0.014150 0.000010 0.034671
0.999890 0.000010 0.000010 0.000010 0.000010 0.000010 0.000010 0.000010 0.000010 0.000010 0.000010 0.000010
0.000010 0.000010 0.000010 0.000010 0.000010 0.000010 0.999890 0.000010 0.000010 0.000010 0.000010 0.000010
0.000010 0.000010 0.000010 0.000010 0.000010 0.000010 0.999890 0.000010 0.000010 0.000010 0.000010 0.000010
0.000010 0.000010 0.000010 0.000010 0.000010 0.000010 0.999890 0.000010 0.000010 0.000010 0.000010 0.000010
0.000010 0.000010 0.000010 0.000010 0.000010 0.011620 0.988280 0.000010 0.000010 0.000010 0.000010 0.000010
0.000010 0.000010 0.264747 0.000010 0.000010 0.000010 0.642681 0.025984 0.015265 0.012680 0.000010 0.038583
0.091170 0.020599 0.062107 0.001537 0.020966 0.000010 0.009594 0.000010 0.190786 0.037931 0.027740 0.537550
0.065174 0.035666 0.025033 0.048749 0.000010 0.000010 0.031768 0.020163 0.173205 0.000010 0.019622 0.580589
0.000010 0.000010 0.000010 0.000010 0.000010 0.000010 0.999890 0.000010 0.000010 0.000010 0.000010 0.000010
0.385710 0.220201 0.112851 0.000010 0.000010 0.035030 0.072237 0.000010 0.060486 0.000010 0.008905 0.104541
0.538471 0.000237 0.020247 0.000017 0.000010 0.000010 0.000010 0.000010 0.340008 0.008374 0.051129 0.041476
0.000010 0.000010 0.000010 0.000010 0.000010 0.000010 0.999890 0.000010 0.000010 0.000010 0.000010 0.000010
0.000010 0.008880 0.034516 0.000010 0.009307 0.019289 0.909628 0.000014 0.000010 0.000010 0.018316 0.000010
0.000010 0.000010 0.000010 0.000010 0.000010 0.000010 0.999890 0.000010 0.000010 0.000010 0.000010 0.000010
0.104136 0.074439 0.037975 0.017374 0.000010 0.043072 0.000010 0.058161 0.058244 0.005894 0.232587 0.368099
0.115645 0.000010 0.052160 0.000010 0.000010 0.000010 0.016627 0.000010 0.151430 0.000010 0.059955 0.604124
0.082185 0.000010 0.000010 0.003478 0.008597 0.000010 0.036531 0.043787 0.183153 0.000010 0.048749 0.593479
0.000010 0.000010 0.047621 0.000010 0.000010 0.000010 0.008222 0.000010 0.168830 0.010283 0.052474 0.712511
0.000010 0.000010 0.655958 0.000010 0.000010 0.000010 0.343942 0.000010 0.000010 0.000010 0.000010 0.000010
0.025856 0.000010 0.000010 0.000010 0.000010 0.095752 0.401934 0.000010 0.024560 0.451828 0.000010 0.000010
0.000010 0.000010 0.000010 0.000010 0.000010 0.000010 0.999890 0.000010 0.000010 0.000010 0.000010 0.000010
0.000010 0.000010 0.000010 0.000010 0.000010 0.000010 0.999890 0.000010 0.000010 0.000010 0.000010 0.000010
0.000010 0.000010 0.000010 0.000010 0.000010 0.000010 0.999890 0.000010 0.000010 0.000010 0.000010 0.000010
0.000010 0.000010 0.010978 0.000010 0.000010 0.000010 0.988922 0.000010 0.000010 0.000010 0.000010 0.000010
0.000010 0.000010 0.025058 0.000010 0.000010 0.000010 0.974838 0.000010 0.000010 0.000010 0.000014 0.000010
0.000010 0.000010 0.000010 0.000010 0.000010 0.000010 0.999890 0.000010 0.000010 0.000010 0.000010 0.000010
0.243038 0.000010 0.052546 0.009916 0.000010 0.008822 0.000010 0.056955 0.000010 0.014063 0.315036 0.299584
0.000010 0.000010 0.000010 0.000010 0.000010 0.000010 0.999890 0.000010 0.000010 0.000010 0.000010 0.000010
0.000010 0.010481 0.254978 0.000010 0.013125 0.000016 0.679653 0.039592 0.000010 0.002105 0.000010 0.000010
0.880518 0.008327 0.000010 0.000010 0.000010 0.000010 0.001332 0.000010 0.000010 0.001956 0.009741 0.098066
0.000010 0.000010 0.680422 0.000010 0.000010 0.000010 0.319478 0.000010 0.000010 0.000010 0.000010 0.000010
0.084282 0.148961 0.575149 0.030213 0.000010 0.012359 0.113208 0.000010 0.000010 0.000010 0.035778 0.000010
0.000010 0.000010 0.000010 0.000010 0.000010 0.000010 0.999890 0.000010 0.000010 0.000010 0.000010 0.000010
0.000010 0.000010 0.000010 0.000010 0.000010 0.000010 0.999890 0.000010 0.000010 0.000010 0.000010 0.000010
0.000010 0.000010 0.000010 0.000013 0.000010 0.000010 0.999887 0.000010 0.000010 0.000010 0.000010 0.000010
0.000010 0.000010 0.000010 0.000010 0.000010 0.000010 0.999890 0.000010 0.000010 0.000010 0.000010 0.000010
0.000010 0.000010 0.166609 0.000010 0.000010 0.000010 0.833291 0.000010 0.000010 0.000010 0.000010 0.000010
0.000010 0.000010 0.000010 0.000010 0.000010 0.000010 0.999890 0.000010 0.000010 0.000010 0.000010 0.000010
0.000010 0.000010 0.000010 0.000010 0.000010 0.000010 0.000010 0.000010 0.000010 0.000010 0.999890 0.000010
0.000010 0.000010 0.000010 0.000010 0.000010 0.000010 0.000010 0.999882 0.000010 0.000018 0.000010 0.000010
0.000010 0.000010 0.000010 0.000010 0.000010 0.000010 0.000010 0.999890 0.000010 0.000010 0.000010 0.000010
0.000010 0.000010 0.000010 0.000010 0.000010 0.000010 0.000010 0.999890 0.000010 0.000010 0.000010 0.000010
0.000010 0.000010 0.000010 0.000010 0.000010 0.000010 0.999890 0.000010 0.000010 0.000010 0.000010 0.000010
0.000010 0.000010 0.000010 0.000010 0.000010 0.000010 0.999890 0.000010 0.000010 0.000010 0.000010 0.000010
0.000010 0.000010 0.000010 0.000010 0.000010 0.000010 0.000010 0.999890 0.000010 0.000010 0.000010 0.000010
0.016821 0.000010 0.000010 0.000010 0.000010 0.000010 0.000010 0.983079 0.000010 0.000010 0.000010 0.000010
0.000010 0.000010 0.000010 0.000010 0.000010 0.000010 0.000010 0.999890 0.000010 0.000010 0.000010 0.000010
0.000010 0.000010 0.000010 0.000010 0.000010 0.000010 0.999890 0.000010 0.000010 0.000010 0.000010 0.000010
0.000010 0.000010 0.000010 0.000010 0.000010 0.000010 0.999890 0.000010 0.000010 0.000010 0.000010 0.000010
0.000010 0.000010 0.000010 0.000010 0.999890 0.000010 0.000010 0.000010 0.000010 0.000010 0.000010 0.000010
0.000010 0.000010 0.000010 0.000010 0.000010 0.000010 0.999890 0.000010 0.000010 0.000010 0.000010 0.000010
0.093468 0.002229 0.000010 0.904213 0.000010 0.000010 0.000010 0.000010 0.000010 0.000010 0.000010 0.000010
0.000010 0.000010 0.000010 0.000010 0.000010 0.873693 0.126204 0.000010 0.000010 0.000010 0.000013 0.000010
0.000015 0.000010 0.000010 0.000010 0.000010 0.837656 0.162239 0.000010 0.000010 0.000010 0.000010 0.000010
0.534663 0.141478 0.000010 0.060021 0.000010 0.000010 0.000010 0.004246 0.110761 0.000010 0.000010 0.148771
0.000010 0.000010 0.000010 0.000010 0.000010 0.892332 0.107568 0.000010 0.000010 0.000010 0.000010 0.000010
0.000678 0.000010 0.016485 0.070421 0.000010 0.000010 0.000010 0.009920 0.000010 0.902425 0.000011 0.000010
0.001172 0.004528 0.000010 0.114863 0.295033 0.078370 0.033960 0.039253 0.000010 0.147750 0.019818 0.265234
0.383818 0.239725 0.112354 0.061285 0.000010 0.000010 0.000010 0.000010 0.016490 0.029569 0.027122 0.129597
0.011518 0.015398 0.000010 0.000010 0.108711 0.062366 0.024013 0.563091 0.064951 0.065173 0.016876 0.067884
0.000010 0.536966 0.451827 0.000010 0.000010 0.000010 0.000010 0.000010 0.004917 0.000010 0.004126 0.002094
0.000010 0.554111 0.276382 0.000010 0.000010 0.000010 0.152302 0.000010 0.005926 0.000010 0.011209 0.000010
0.815557 0.048631 0.020789 0.000010 0.000010 0.000010 0.000010 0.029043 0.043962 0.000010 0.001715 0.040252
0.000010 0.014596 0.438805 0.070918 0.024286 0.013459 0.349673 0.029805 0.000010 0.040634 0.017306 0.000498
0.360393 0.012735 0.047487 0.014168 0.038091 0.000010 0.009980 0.015717 0.069225 0.027952 0.050598 0.353644
0.760677 0.013452 0.023025 0.000010 0.002642 0.000010 0.055833 0.000010 0.053156 0.010345 0.015309 0.065530
0.394840 0.145599 0.277610 0.003575 0.005971 0.029653 0.105275 0.000010 0.034069 0.000010 0.000010 0.003379
0.000010 0.000010 0.000010 0.177452 0.216759 0.088982 0.000010 0.000010 0.031080 0.013804 0.001112 0.470761
0.000010 0.000010 0.033518 0.045905 0.000010 0.000010 0.000010 0.000010 0.780250 0.002429 0.027326 0.110512
0.032264 0.000010 0.000010 0.089271 0.075550 0.000010 0.007020 0.020332 0.120017 0.000010 0.071465 0.584041
0.038783 0.000010 0.000010 0.038860 0.135409 0.033079 0.014156 0.640686 0.004092 0.065097 0.004334 0.025482
0.000010 0.016860 0.345283 0.000010 0.000010 0.000010 0.622031 0.015747 0.000010 0.000010 0.000010 0.000010
0.000010 0.042083 0.022413 0.000010 0.096420 0.000010 0.000010 0.621982 0.074769 0.104699 0.000010 0.037584
0.000010 0.000010 0.000010 0.000010 0.000010 0.000010 0.000010 0.999890 0.000010 0.000010 0.000010 0.000010
0.366662 0.064533 0.000010 0.000010 0.000010 0.018295 0.000010 0.000010 0.148139 0.041453 0.070390 0.290478
0.664596 0.000010 0.000010 0.000010 0.077341 0.023967 0.004387 0.021703 0.000010 0.000010 0.013611 0.194346
0.000010 0.063666 0.000010 0.000010 0.293404 0.000010 0.000010 0.000010 0.000010 0.642840 0.000010 0.000010
0.569306 0.034873 0.045853 0.029992 0.000010 0.009171 0.000010 0.023899 0.000010 0.033085 0.052924 0.200868
0.747115 0.033136 0.005276 0.033250 0.005916 0.018373 0.010375 0.041871 0.007566 0.000010 0.000010 0.097102
0.854277 0.000010 0.008252 0.000010 0.000010 0.008278 0.000010 0.000010 0.020169 0.012801 0.045047 0.051125
0.040496 0.110410 0.000010 0.106296 0.160676 0.038214 0.000010 0.070015 0.005699 0.086115 0.004203 0.377857
0.000010 0.000010 0.000010 0.000010 0.999890 0.000010 0.000010 0.000010 0.000010 0.000010 0.000010 0.000010
0.514003 0.000010 0.013457 0.063024 0.043410 0.027206 0.022820 0.000010 0.000010 0.000010 0.155177 0.160864
0.000010 0.000010 0.000010 0.000010 0.000010 0.000010 0.000010 0.999890 0.000010 0.000010 0.000010 0.000010
0.048417 0.000010 0.000010 0.000010 0.065688 0.022563 0.020900 0.017450 0.072545 0.060198 0.131994 0.560215
0.505171 0.211009 0.035853 0.031663 0.000010 0.021570 0.044283 0.000010 0.000010 0.000010 0.002067 0.148342
0.000010 0.077182 0.000010 0.000010 0.000010 0.184357 0.021799 0.375569 0.000010 0.238609 0.000010 0.102424
0.090478 0.010074 0.029771 0.000010 0.092032 0.000010 0.000010 0.038658 0.108588 0.060465 0.049199 0.520704
0.000010 0.000010 0.000010 0.000010 0.000010 0.000010 0.999890 0.000010 0.000010 0.000010 0.000010 0.000010
0.574647 0.085764 0.053089 0.067941 0.000010 0.039979 0.000010 0.000010 0.000010 0.015256 0.060948 0.102337
0.596460 0.066874 0.037268 0.049597 0.000010 0.028706 0.000010 0.000010 0.000010 0.000010 0.071841 0.149203
0.544330 0.008398 0.026983 0.000010 0.051952 0.025402 0.000010 0.037606 0.049365 0.029005 0.010052 0.216887
0.728270 0.000010 0.000010 0.117391 0.000010 0.012820 0.016529 0.000010 0.046490 0.000010 0.009813 0.068637
0.154318 0.517380 0.000010 0.046486 0.000010 0.000010 0.074184 0.045829 0.031996 0.000010 0.000010 0.129758
0.183060 0.026058 0.087359 0.080557 0.037520 0.020474 0.000010 0.077012 0.000010 0.002999 0.108958 0.375985
0.770812 0.060101 0.000010 0.000010 0.000029 0.000010 0.000010 0.000010 0.168977 0.000010 0.000010 0.000010
0.966187 0.000010 0.000010 0.000010 0.000010 0.000010 0.027107 0.000010 0.006616 0.000010 0.000010 0.000010
0.128853 0.027463 0.065576 0.000950 0.003059 0.010064 0.000010 0.052992 0.039728 0.000010 0.269945 0.401349
0.685037 0.074841 0.126670 0.000010 0.000010 0.000010 0.042617 0.000010 0.042231 0.000010 0.024322 0.004232
0.077982 0.034607 0.134973 0.000010 0.019961 0.024970 0.000010 0.043245 0.000010 0.026084 0.142756 0.495391
0.704827 0.002570 0.050366 0.000010 0.019704 0.011408 0.024283 0.013336 0.079058 0.010693 0.016759 0.066985
0.592023 0.004541 0.041790 0.000010 0.000010 0.011614 0.005707 0.000010 0.162032 0.000010 0.037697 0.144557
0.000010 0.069912 0.000010 0.000010 0.013083 0.009167 0.008353 0.056543 0.085492 0.078432 0.059927 0.619062
0.899081 0.003268 0.000010 0.028915 0.011774 0.001473 0.000010 0.010971 0.000010 0.000010 0.000010 0.044468
0.242927 0.181493 0.256164 0.000010 0.000010 0.047187 0.118733 0.024148 0.102943 0.000010 0.010593 0.015783
0.816069 0.016102 0.000010 0.005876 0.000010 0.000010 0.021836 0.025129 0.041255 0.000010 0.010093 0.063602
0.380234 0.180264 0.175233 0.000010 0.000010 0.010549 0.191455 0.000010 0.000010 0.000010 0.008580 0.053635
0.580315 0.006730 0.000010 0.010688 0.013602 0.044327 0.005971 0.001237 0.000010 0.013874 0.120228 0.203008
0.766095 0.081548 0.029092 0.000010 0.000010 0.000893 0.025586 0.000010 0.055241 0.000010 0.000010 0.041496
0.638241 0.067166 0.040765 0.066471 0.000010 0.007226 0.000010 0.010177 0.041928 0.000010 0.045069 0.082926
0.000010 0.637074 0.211505 0.000010 0.000010 0.018296 0.133045 0.000010 0.000010 0.000010 0.000010 0.000010
0.012607 0.882157 0.000010 0.000010 0.000010 0.000010 0.000010 0.029321 0.028304 0.000010 0.000010 0.047540
0.000010 0.552452 0.000010 0.000010 0.447448 0.000010 0.000010 0.000010 0.000010 0.000010 0.000010 0.000010
0.000010 0.742198 0.210490 0.000010 0.047222 0.000010 0.000010 0.000010 0.000010 0.000010 0.000010 0.000010
0.000010 0.630019 0.260125 0.000010 0.069947 0.000010 0.039829 0.000010 0.000010 0.000010 0.000010 0.000010
0.000010 0.890688 0.000010 0.033423 0.000010 0.000010 0.013052 0.040352 0.000010 0.000010 0.000010 0.022415
0.017211 0.410536 0.000010 0.000660 0.352535 0.005549 0.028399 0.040720 0.000010 0.013317 0.000010 0.131043
0.082269 0.489665 0.231878 0.010448 0.009355 0.018032 0.023073 0.000010 0.000010 0.000010 0.044737 0.090513
0.000010 0.511948 0.000010 0.000010 0.487952 0.000010 0.000010 0.000010 0.000010 0.000010 0.000010 0.000010
0.439169 0.000010 0.004493 0.029206 0.085555 0.026213 0.000010 0.000010 0.049030 0.000010 0.255082 0.111212
0.079300 0.901137 0.000010 0.000010 0.000010 0.000010 0.000010 0.000010 0.000010 0.000010 0.000010 0.019474
0.000010 0.842404 0.000010 0.000010 0.157496 0.000010 0.000010 0.000010 0.000010 0.000010 0.000010 0.000010
0.000010 0.000010 0.000010 0.076919 0.811810 0.001052 0.026266 0.083884 0.000010 0.000010 0.000010 0.000010
0.002368 0.000010 0.003285 0.067490 0.000010 0.160430 0.000010 0.490764 0.000010 0.155092 0.074335 0.046197
0.000010 0.000010 0.000010 0.053105 0.000010 0.171397 0.006186 0.503779 0.043184 0.178952 0.023204 0.020153
0.000010 0.000010 0.000010 0.000010 0.999890 0.000010 0.000010 0.000010 0.000010 0.000010 0.000010 0.000010
0.099881 0.876603 0.000010 0.004271 0.000010 0.000010 0.000010 0.000010 0.019165 0.000010 0.000010 0.000010
0.000010 0.991977 0.002893 0.005039 0.000010 0.000010 0.000010 0.000010 0.000010 0.000010 0.000010 0.000010
0.000010 0.757574 0.000010 0.000010 0.242326 0.000010 0.000010 0.000010 0.000010 0.000010 0.000010 0.000010
0.000010 0.038924 0.000010 0.049735 0.005062 0.401109 0.000010 0.196837 0.000010 0.175434 0.025285 0.107574
0.000010 0.000010 0.000010 0.000010 0.000010 0.999890 0.000010 0.000010 0.000010 0.000010 0.000010 0.000010
0.000010 0.000010 0.021136 0.000010 0.100777 0.000010 0.000010 0.116977 0.040232 0.720808 0.000010 0.000010
0.058824 0.829726 0.000010 0.023189 0.000010 0.000010 0.000010 0.052268 0.000010 0.000010 0.000010 0.035923
0.773577 0.014076 0.029815 0.000010 0.001991 0.000010 0.000010 0.000010 0.180471 0.000010 0.000010 0.000010
0.651483 0.027038 0.004045 0.036741 0.000010 0.000010 0.011285 0.000010 0.136239 0.000010 0.029425 0.103702
0.000010 0.000010 0.051686 0.063450 0.000010 0.000010 0.028390 0.064018 0.000010 0.000010 0.020709 0.771686
0.000010 0.000010 0.000010 0.020720 0.000010 0.000010 0.038932 0.078782 0.065519 0.000010 0.050512 0.745474
0.867636 0.046091 0.006783 0.005369 0.000010 0.000010 0.000010 0.000010 0.000010 0.000010 0.024026 0.050034
0.212758 0.215554 0.319482 0.000010 0.000010 0.029880 0.130469 0.000010 0.013849 0.000010 0.077957 0.000010
0.236843 0.119108 0.109220 0.001366 0.000010 0.010674 0.058464 0.000010 0.085396 0.000010 0.073038 0.305861
0.420009 0.094179 0.082222 0.000010 0.059762 0.049282 0.000010 0.007414 0.025104 0.000010 0.000010 0.261988
0.000010 0.000010 0.000010 0.000010 0.000010 0.072404 0.000010 0.000010 0.000010 0.927496 0.000010 0.000010
0.510597 0.004680 0.033028 0.029990 0.026583 0.000010 0.000010 0.000010 0.209436 0.000010 0.022891 0.162754
0.864494 0.000010 0.023237 0.000010 0.026163 0.000010 0.000010 0.000010 0.086026 0.000010 0.000010 0.000010
0.158743 0.011543 0.000010 0.007692 0.047580 0.000010 0.007875 0.022169 0.570100 0.000010 0.024552 0.149716
0.599087 0.000010 0.000010 0.052038 0.000010 0.010601 0.022625 0.000010 0.090716 0.000010 0.044421 0.180462
0.170782 0.000010 0.052734 0.035584 0.000010 0.000010 0.000010 0.000010 0.580549 0.000010 0.004841 0.155450
0.346319 0.000010 0.063053 0.000420 0.000010 0.000010 0.000010 0.031646 0.100856 0.022579 0.028720 0.406367
0.000010 0.084322 0.000010 0.000010 0.915578 0.000010 0.000010 0.000010 0.000010 0.000010 0.000010 0.000010
0.565755 0.091821 0.000010 0.055873 0.013785 0.000010 0.016450 0.010917 0.012270 0.000010 0.014173 0.218926
0.584594 0.000010 0.000010 0.000010 0.000010 0.000010 0.010613 0.037214 0.184899 0.000010 0.008079 0.174541
0.587463 0.040596 0.026092 0.003082 0.005312 0.000010 0.000010 0.000010 0.113754 0.000010 0.023330 0.200330
0.203730 0.055528 0.000010 0.000010 0.000010 0.019528 0.054785 0.044861 0.072474 0.000010 0.092774 0.456280
0.924594 0.037268 0.000010 0.000010 0.017540 0.000010 0.000010 0.005661 0.000010 0.010286 0.000010 0.004592
0.128808 0.000010 0.020112 0.850991 0.000010 0.000010 0.000010 0.000010 0.000010 0.000010 0.000010 0.000010
0.000010 0.000010 0.000010 0.000010 0.000010 0.062141 0.045980 0.051999 0.182426 0.000010 0.026634 0.630761
0.122166 0.030819 0.000010 0.087409 0.025168 0.060085 0.008992 0.048320 0.057278 0.000010 0.051784 0.507957
0.043634 0.038140 0.035621 0.002783 0.026844 0.059170 0.020252 0.066148 0.105725 0.000010 0.046737 0.554935
0.199330 0.035987 0.000010 0.000010 0.006812 0.000010 0.016334 0.000010 0.081575 0.000010 0.068227 0.591684
0.811711 0.016378 0.001242 0.000010 0.000010 0.000019 0.000010 0.000010 0.097619 0.000010 0.017079 0.055902
0.726636 0.027689 0.007715 0.031108 0.000010 0.020804 0.013814 0.000010 0.043238 0.000010 0.007646 0.121320
0.769444 0.000010 0.000010 0.009613 0.023198 0.000010 0.000010 0.000010 0.000010 0.000010 0.000010 0.197664
0.860114 0.001137 0.000010 0.000010 0.000010 0.000010 0.003131 0.000010 0.011098 0.000010 0.022448 0.102012
0.086771 0.000010 0.000010 0.108110 0.004568 0.031720 0.032698 0.000010 0.238805 0.000010 0.051471 0.445816
0.032404 0.081407 0.199299 0.000010 0.022276 0.025907 0.316295 0.000010 0.032265 0.002756 0.047462 0.239910
0.465306 0.149584 0.077923 0.056806 0.000010 0.034777 0.000010 0.014878 0.000010 0.002551 0.039201 0.158943
0.407315 0.213392 0.053615 0.000010 0.006066 0.061792 0.082855 0.000209 0.088344 0.000010 0.014629 0.071763
0.040547 0.014649 0.000010 0.052208 0.011324 0.000010 0.049754 0.000016 0.000010 0.025849 0.000010 0.805612
0.820005 0.000010 0.034657 0.036910 0.000010 0.000010 0.000010 0.000010 0.074142 0.000010 0.032265 0.001961
0.070195 0.152580 0.015006 0.014901 0.051724 0.000010 0.000010 0.082135 0.034901 0.030982 0.082122 0.465435
0.430711 0.000010 0.000010 0.000010 0.000010 0.000010 0.000010 0.000010 0.563222 0.000010 0.005977 0.000010
0.999890 0.000010 0.000010 0.000010 0.000010 0.000010 0.000010 0.000010 0.000010 0.000010 0.000010 0.000010
0.594725 0.037507 0.000010 0.181662 0.004768 0.000010 0.000010 0.000010 0.118468 0.004768 0.043974 0.014089
0.011102 0.019934 0.068508 0.050608 0.000010 0.000010 0.031244 0.000010 0.158110 0.023995 0.053047 0.583423
0.999890 0.000010 0.000010 0.000010 0.000010 0.000010 0.000010 0.000010 0.000010 0.000010 0.000010 0.000010
0.000010 0.008713 0.000010 0.057820 0.068669 0.000010 0.000010 0.000010 0.034845 0.011203 0.027073 0.791627
0.000010 0.071029 0.037309 0.038664 0.015450 0.000010 0.000010 0.000010 0.019746 0.041255 0.000010 0.776496
0.000010 0.038078 0.000010 0.069180 0.014328 0.018131 0.000010 0.000010 0.000010 0.000010 0.038565 0.821659
0.000010 0.019391 0.000010 0.108394 0.000010 0.000010 0.020435 0.007586 0.000010 0.020666 0.000010 0.823466
0.000010 0.130148 0.000010 0.032638 0.000010 0.011703 0.000010 0.000010 0.000010 0.022428 0.000010 0.803013
0.000010 0.034097 0.281721 0.004619 0.000010 0.000010 0.612938 0.003251 0.001961 0.000010 0.000010 0.061363
0.530642 0.088247 0.038968 0.012344 0.007971 0.034997 0.000010 0.000010 0.000010 0.000010 0.021426 0.265364
0.844092 0.068778 0.018168 0.000010 0.000010 0.000010 0.000010 0.000010 0.064037 0.000010 0.004854 0.000010
0.752022 0.000665 0.020749 0.002255 0.000010 0.000010 0.000010 0.000010 0.000010 0.000010 0.000010 0.224240
0.638165 0.085699 0.024104 0.099153 0.000010 0.002759 0.000010 0.000010 0.020949 0.000010 0.034395 0.094736
0.856416 0.043327 0.000010 0.012059 0.000010 0.000010 0.000010 0.000010 0.088117 0.000010 0.000010 0.000010
0.000010 0.000010 0.000010 0.010961 0.029016 0.000010 0.013602 0.000010 0.075448 0.000010 0.000010 0.870903
0.878833 0.000010 0.011426 0.034780 0.033332 0.000010 0.000010 0.000010 0.041559 0.000010 0.000010 0.000010
0.112564 0.000010 0.000010 0.000010 0.000010 0.000010 0.052340 0.000010 0.121296 0.038669 0.028827 0.646244
0.000010 0.000010 0.000010 0.000010 0.000010 0.000010 0.999890 0.000010 0.000010 0.000010 0.000010 0.000010
0.000010 0.000010 0.000010 0.142247 0.221653 0.090815 0.000010 0.000010 0.000010 0.042641 0.018395 0.484189
0.036461 0.019965 0.000010 0.104551 0.014102 0.013816 0.052324 0.000010 0.093419 0.000010 0.038716 0.626616
0.265184 0.029782 0.000010 0.000010 0.000010 0.000010 0.013253 0.000010 0.084747 0.000010 0.005390 0.601584
0.039520 0.000010 0.013559 0.080684 0.043300 0.084309 0.000010 0.027379 0.020884 0.007239 0.044739 0.638367
0.000010 0.022740 0.000010 0.054566 0.054917 0.000010 0.016939 0.027105 0.000010 0.045270 0.000010 0.778413
0.078026 0.000010 0.042106 0.022117 0.007531 0.047215 0.022916 0.000010 0.028967 0.036850 0.004042 0.710210
0.000010 0.000010 0.000010 0.013450 0.018856 0.000010 0.012166 0.000010 0.000010 0.000010 0.005064 0.950395
0.187357 0.000010 0.030012 0.043725 0.055208 0.016014 0.020191 0.000010 0.022515 0.006155 0.037756 0.581048
0.064030 0.066285 0.000010 0.074685 0.025197 0.020865 0.035907 0.000010 0.001168 0.000010 0.065124 0.646709
0.674088 0.018761 0.040777 0.000010 0.022489 0.011153 0.000010 0.000010 0.127286 0.028529 0.001100 0.075786
0.021885 0.077840 0.000010 0.002675 0.023708 0.000010 0.023302 0.000010 0.105632 0.055974 0.059155 0.629800
0.000010 0.002042 0.000010 0.080292 0.011755 0.000010 0.034217 0.000010 0.036357 0.000010 0.008513 0.826774
0.033398 0.070854 0.021736 0.089669 0.000010 0.000010 0.000010 0.000010 0.058408 0.023183 0.000010 0.702701
0.544506 0.000010 0.000010 0.041072 0.028865 0.001993 0.017639 0.000010 0.058275 0.062320 0.010301 0.235000
0.937412 0.000010 0.000010 0.000010 0.000010 0.000010 0.011336 0.000010 0.022841 0.000010 0.024880 0.003461
0.016880 0.000010 0.031021 0.087971 0.000010 0.019568 0.027605 0.000010 0.012805 0.000010 0.053084 0.751026
0.000010 0.000010 0.699773 0.000010 0.000010 0.000010 0.300122 0.000010 0.000010 0.000010 0.000015 0.000010
0.861665 0.000010 0.000010 0.033873 0.007962 0.000010 0.005440 0.038804 0.052196 0.000010 0.000010 0.000010
0.949482 0.000010 0.000010 0.014381 0.000010 0.000010 0.000010 0.000010 0.000010 0.000010 0.035199 0.000858
0.078986 0.035130 0.010394 0.047296 0.032242 0.027354 0.018983 0.003844 0.027546 0.000010 0.008755 0.709459
0.418785 0.000010 0.000010 0.032576 0.029327 0.000651 0.037783 0.109090 0.040017 0.000010 0.007144 0.324597
0.168052 0.001838 0.000010 0.029927 0.000010 0.000010 0.019051 0.000010 0.094186 0.000010 0.089236 0.597660
0.000010 0.024857 0.000010 0.002888 0.000010 0.000010 0.051675 0.041170 0.065394 0.000010 0.000010 0.813956
0.983294 0.000010 0.000010 0.000010 0.000010 0.000010 0.016606 0.000010 0.000010 0.000010 0.000010 0.000010
0.943658 0.000010 0.000010 0.000010 0.000010 0.000010 0.000010 0.000010 0.056242 0.000010 0.000010 0.000010
0.488712 0.019493 0.000010 0.000010 0.041836 0.003131 0.035719 0.000010 0.000010 0.000010 0.028233 0.382827
0.092037 0.000010 0.000010 0.000010 0.000010 0.000010 0.000010 0.000010 0.856053 0.000010 0.046193 0.005637
0.000010 0.000010 0.000010 0.000010 0.000010 0.113465 0.000010 0.000010 0.000010 0.886435 0.000010 0.000010
0.036570 0.019057 0.042446 0.058549 0.067638 0.000010 0.024828 0.021519 0.032642 0.000010 0.011454 0.685276
0.836308 0.014865 0.039791 0.000010 0.005922 0.000010 0.000010 0.009750 0.041444 0.000010 0.006113 0.045768
0.000010 0.000010 0.000010 0.000010 0.000010 0.125150 0.000010 0.000010 0.000010 0.874750 0.000010 0.000010
0.000010 0.000010 0.372784 0.000010 0.000010 0.000010 0.168848 0.000010 0.000010 0.000010 0.458278 0.000010
0.000010 0.000010 0.000010 0.000010 0.000010 0.999890 0.000010 0.000010 0.000010 0.000010 0.000010 0.000010
0.226172 0.000010 0.000010 0.000010 0.002665 0.017418 0.008428 0.000010 0.676107 0.000010 0.000010 0.069150
0.518299 0.000010 0.000010 0.022992 0.021349 0.045876 0.020450 0.000010 0.036466 0.000010 0.092007 0.242520
0.679687 0.000010 0.019515 0.023728 0.007267 0.028415 0.000010 0.000010 0.039679 0.000010 0.039084 0.162585
0.321090 0.039108 0.031857 0.000010 0.088728 0.001202 0.000010 0.084851 0.014249 0.026690 0.078033 0.314172
0.829691 0.000010 0.024589 0.019409 0.000010 0.000010 0.000010 0.000010 0.119833 0.000010 0.006409 0.000010
0.999890 0.000010 0.000010 0.000010 0.000010 0.000010 0.000010 0.000010 0.000010 0.000010 0.000010 0.000010
0.008521 0.000010 0.000010 0.000010 0.000010 0.000010 0.040053 0.013691 0.219338 0.000010 0.110864 0.607474
0.607424 0.048686 0.000010 0.051341 0.000010 0.012906 0.005512 0.000010 0.000010 0.003576 0.042163 0.228351
0.389230 0.014402 0.000010 0.015442 0.000010 0.074442 0.022596 0.000010 0.233979 0.000010 0.020841 0.229028
0.373018 0.055170 0.000010 0.018263 0.090400 0.005503 0.001276 0.000010 0.008727 0.035858 0.000010 0.411755
0.598658 0.000010 0.033553 0.021118 0.016279 0.000010 0.000010 0.000010 0.117364 0.000010 0.055646 0.157332
0.348245 0.000010 0.000010 0.000010 0.000010 0.000010 0.000010 0.000010 0.651655 0.000010 0.000010 0.000010
0.192460 0.000010 0.000010 0.000010 0.000010 0.000010 0.000010 0.000010 0.807440 0.000010 0.000010 0.000010
0.515812 0.000010 0.000010 0.033127 0.001189 0.000010 0.008579 0.000010 0.439720 0.000010 0.001513 0.000010
0.977618 0.000010 0.000010 0.000010 0.000010 0.000010 0.000010 0.000010 0.022282 0.000010 0.000010 0.000010
0.894191 0.000010 0.009435 0.022533 0.027567 0.000010 0.016796 0.005266 0.000010 0.000010 0.024163 0.000010
0.088073 0.023639 0.065820 0.048861 0.024325 0.000010 0.000010 0.000010 0.114807 0.000010 0.043045 0.591389
0.034652 0.024018 0.000010 0.052351 0.012667 0.000010 0.036351 0.000010 0.674920 0.013352 0.003656 0.148003
0.000010 0.000483 0.022925 0.079388 0.000010 0.000010 0.000010 0.070783 0.048272 0.007794 0.010776 0.759539
0.919817 0.000010 0.007896 0.008899 0.000010 0.000010 0.000010 0.000010 0.049229 0.000010 0.014090 0.000010
0.035765 0.000010 0.053036 0.000010 0.007715 0.016586 0.001020 0.024102 0.260391 0.000010 0.090617 0.510738
0.578384 0.051668 0.052624 0.133671 0.094408 0.004132 0.003502 0.000010 0.040764 0.000010 0.033806 0.007021
0.265858 0.000010 0.000010 0.000010 0.000010 0.000010 0.024968 0.014292 0.479944 0.000010 0.067079 0.147799
0.097572 0.019287 0.035834 0.071919 0.065964 0.000010 0.009039 0.000010 0.000010 0.000899 0.000010 0.699447
0.603983 0.000010 0.000010 0.035511 0.014064 0.000710 0.001473 0.000010 0.193911 0.000010 0.065270 0.085038
0.015065 0.064102 0.000010 0.000010 0.000010 0.006644 0.013929 0.000010 0.248018 0.000010 0.089462 0.562731
