0.443313 0.000010 0.034471 0.000708 0.000010 0.000010 0.000010 0.000010 0.055660 0.000010 0.000010 0.465779
0.225894 0.008276 0.000010 0.050884 0.000010 0.001193 0.000010 0.000010 0.000010 0.000010 0.004122 0.709571
0.400869 0.000010 0.000010 0.022399 0.062070 0.006488 0.000010 0.052426 0.044822 0.014987 0.000010 0.395898
0.000010 0.000010 0.897019 0.010687 0.039096 0.000010 0.000020 0.000010 0.053108 0.000010 0.000010 0.000010
0.286859 0.000010 0.000010 0.036243 0.076589 0.000010 0.010648 0.051818 0.000010 0.000010 0.026313 0.511480
0.756503 0.021420 0.007187 0.002215 0.040852 0.000010 0.000010 0.000010 0.000010 0.000010 0.000010 0.171763
0.174423 0.000010 0.354848 0.000010 0.000010 0.000010 0.000010 0.000010 0.452748 0.000010 0.000010 0.017902
0.938307 0.029674 0.000010 0.031929 0.000010 0.000010 0.000010 0.000010 0.000010 0.000010 0.000010 0.000010
0.097193 0.091714 0.038374 0.034005 0.000012 0.008480 0.000010 0.000010 0.000010 0.000010 0.000010 0.730173
0.902545 0.065107 0.000010 0.000010 0.000010 0.000010 0.000010 0.000010 0.000010 0.000010 0.000010 0.032258
0.709769 0.073612 0.000010 0.017708 0.000010 0.000010 0.000010 0.000012 0.038079 0.000010 0.000010 0.160761
0.360890 0.000010 0.000010 0.041531 0.032408 0.000010 0.000010 0.000010 0.000010 0.001679 0.000010 0.563422
0.000010 0.034101 0.094879 0.057496 0.351990 0.043447 0.000010 0.000010 0.036902 0.000010 0.000010 0.381135
0.000010 0.000010 0.462626 0.005618 0.089404 0.003754 0.000010 0.005133 0.091634 0.000010 0.000010 0.341781
0.945838 0.012395 0.000774 0.002890 0.021911 0.000010 0.000010 0.010928 0.000010 0.005214 0.000010 0.000010
0.346542 0.031147 0.000010 0.021417 0.046073 0.004688 0.000010 0.000010 0.049424 0.004210 0.000010 0.496460
0.710856 0.041437 0.027097 0.020916 0.000010 0.000010 0.000010 0.000010 0.027240 0.000010 0.000662 0.171741
0.382490 0.000010 0.240918 0.000010 0.000010 0.000010 0.000010 0.000010 0.376502 0.000010 0.000010 0.000010
0.246630 0.717090 0.000010 0.027581 0.000010 0.000010 0.000010 0.008619 0.000010 0.000010 0.000010 0.000010
0.000010 0.000010 0.000010 0.007769 0.000010 0.000010 0.000010 0.000010 0.000010 0.992131 0.000010 0.000010
0.013359 0.000010 0.000010 0.000010 0.000010 0.000010 0.000010 0.000010 0.000010 0.986541 0.000010 0.000010
0.000010 0.000010 0.000010 0.000010 0.000010 0.000010 0.000010 0.000010 0.000010 0.999890 0.000010 0.000010
0.031145 0.000011 0.000010 0.020326 0.000010 0.000010 0.000010 0.000010 0.000010 0.948438 0.000010 0.000010
0.049413 0.000010 0.725082 0.020115 0.124357 0.000010 0.000010 0.002182 0.015693 0.017637 0.006925 0.038564
0.000010 0.999890 0.000010 0.000010 0.000010 0.000010 0.000010 0.000010 0.000010 0.000010 0.000010 0.000010
0.000010 0.000010 0.011553 0.000010 0.000010 0.000010 0.000010 0.000010 0.000010 0.988347 0.000010 0.000010
0.095235 0.000010 0.016975 0.030401 0.010578 0.000010 0.000010 0.035650 0.004085 0.000010 0.000010 0.807027
0.000010 0.000010 0.000010 0.000010 0.000010 0.000010 0.000010 0.000010 0.000010 0.999890 0.000010 0.000010
0.082477 0.049151 0.035894 0.000010 0.000010 0.000012 0.018541 0.000010 0.000039 0.000010 0.000010 0.813837
0.050495 0.026145 0.033585 0.000010 0.000010 0.000010 0.011122 0.000010 0.017374 0.000010 0.000010 0.861219
0.000010 0.093745 0.000010 0.000010 0.000010 0.000010 0.000010 0.000010 0.000010 0.000010 0.000010 0.906155
0.064303 0.026126 0.002762 0.000010 0.051889 0.008123 0.000010 0.000010 0.000010 0.000010 0.000010 0.846738
0.029704 0.000010 0.165226 0.023673 0.402774 0.051755 0.000010 0.000010 0.019645 0.000010 0.057245 0.249937
0.000010 0.136283 0.036204 0.009005 0.176381 0.066022 0.000010 0.000010 0.000010 0.000010 0.037466 0.538589
0.186736 0.046997 0.000010 0.350129 0.034239 0.000010 0.000010 0.000010 0.000010 0.000010 0.018969 0.362871
0.301166 0.023833 0.372168 0.003949 0.080441 0.000010 0.004077 0.000010 0.000010 0.000010 0.000010 0.214316
0.364804 0.017115 0.425464 0.005995 0.129167 0.000010 0.000010 0.007493 0.000010 0.000010 0.000010 0.049913
0.000010 0.000010 0.000010 0.000010 0.000010 0.000010 0.999890 0.000010 0.000010 0.000010 0.000010 0.000010
0.014935 0.078460 0.035344 0.037624 0.043007 0.005529 0.000010 0.000010 0.000010 0.000010 0.000010 0.785051
0.032389 0.037384 0.000010 0.000010 0.055281 0.000010 0.000010 0.056453 0.000010 0.000010 0.011169 0.807265
0.999890 0.000010 0.000010 0.000010 0.000010 0.000010 0.000010 0.000010 0.000010 0.000010 0.000010 0.000010
0.196966 0.056918 0.012589 0.000010 0.078768 0.010218 0.000010 0.000010 0.000010 0.000010 0.000010 0.644481
0.758125 0.000010 0.000010 0.035448 0.000010 0.010084 0.000010 0.033324 0.000010 0.000010 0.000010 0.162950
0.837264 0.000010 0.026661 0.014108 0.032255 0.000010 0.000010 0.005405 0.000010 0.000010 0.000010 0.084246
0.000010 0.007331 0.000010 0.000010 0.670060 0.000010 0.000010 0.000010 0.000010 0.000010 0.000010 0.322519
0.000010 0.001131 0.000010 0.000010 0.007731 0.000010 0.308661 0.000010 0.000010 0.682397 0.000010 0.000010
0.000010 0.003725 0.000010 0.003917 0.008637 0.000010 0.289113 0.015671 0.000010 0.678877 0.000010 0.000010
0.000010 0.000010 0.000010 0.034580 0.131184 0.119561 0.125419 0.000010 0.000010 0.292103 0.120801 0.176302
0.040352 0.040003 0.022969 0.037648 0.320347 0.034002 0.013988 0.086048 0.000010 0.000010 0.027925 0.376698
0.044152 0.085106 0.030343 0.031525 0.313181 0.021722 0.000010 0.000010 0.000010 0.031190 0.000010 0.442741
0.000010 0.000010 0.000010 0.000010 0.000010 0.000010 0.000010 0.999890 0.000010 0.000010 0.000010 0.000010
0.000010 0.136989 0.000010 0.000010 0.243990 0.044308 0.000010 0.018756 0.029110 0.050423 0.054189 0.422195
0.000010 0.000010 0.000010 0.000010 0.000010 0.000010 0.000010 0.999890 0.000010 0.000010 0.000010 0.000010
0.050243 0.047429 0.000010 0.080293 0.351421 0.041091 0.000010 0.000010 0.000010 0.000010 0.000010 0.429463
0.000010 0.136531 0.000603 0.003758 0.310320 0.064335 0.000010 0.010419 0.007584 0.000010 0.043220 0.423200
0.000010 0.000010 0.000010 0.999890 0.000010 0.000010 0.000010 0.000010 0.000010 0.000010 0.000010 0.000010
0.892669 0.016174 0.001075 0.034194 0.000010 0.000010 0.000010 0.002124 0.000010 0.000010 0.001883 0.051831
0.000010 0.072561 0.021221 0.020004 0.015225 0.040903 0.000010 0.000010 0.000010 0.000010 0.000010 0.830027
0.022925 0.081618 0.000010 0.000010 0.000010 0.000010 0.000010 0.029080 0.057010 0.000010 0.000010 0.809297
0.671374 0.000010 0.020607 0.000010 0.023985 0.000010 0.000010 0.019229 0.184975 0.000010 0.000010 0.079770
0.000010 0.000010 0.000010 0.000010 0.006920 0.000010 0.000010 0.041381 0.000010 0.000010 0.000010 0.951610
0.061550 0.037516 0.003484 0.018536 0.000677 0.024395 0.005650 0.000010 0.057176 0.000010 0.000010 0.790988
0.428774 0.088273 0.000010 0.004261 0.038253 0.000010 0.000010 0.020861 0.016686 0.010592 0.000010 0.392261
0.007259 0.000010 0.019115 0.012459 0.000010 0.019653 0.000010 0.028518 0.000010 0.000010 0.000010 0.912937
0.078002 0.076227 0.030476 0.052614 0.081313 0.006844 0.000010 0.012739 0.000010 0.000010 0.000010 0.661747
0.245459 0.013004 0.237033 0.084760 0.245907 0.000014 0.021295 0.046218 0.000010 0.000010 0.023160 0.083131
0.000010 0.000010 0.215043 0.000010 0.000010 0.177183 0.607684 0.000010 0.000010 0.000010 0.000010 0.000010
0.000010 0.000010 0.686813 0.042733 0.062891 0.015964 0.004267 0.000010 0.000010 0.000010 0.013012 0.174269
0.907425 0.000010 0.000010 0.046132 0.000010 0.000010 0.000011 0.000010 0.034031 0.000010 0.000010 0.012331
0.000010 0.149225 0.045853 0.029131 0.278595 0.024490 0.000010 0.000010 0.007485 0.000010 0.003446 0.461733
0.042283 0.128090 0.018550 0.009048 0.222925 0.045353 0.000010 0.062674 0.000010 0.000010 0.048684 0.422362
0.086822 0.191096 0.015351 0.040293 0.404442 0.000010 0.000010 0.039403 0.000010 0.000010 0.000010 0.222543
0.100630 0.020039 0.000010 0.150331 0.000010 0.000010 0.000010 0.022209 0.000010 0.000010 0.000010 0.706721
0.044888 0.019185 0.020813 0.008777 0.000010 0.000010 0.000010 0.053202 0.000010 0.000010 0.000010 0.853074
0.114844 0.076803 0.000010 0.114724 0.000010 0.009477 0.000010 0.000010 0.000010 0.000010 0.000010 0.684082
0.007065 0.076483 0.000010 0.043063 0.072679 0.000010 0.000010 0.001853 0.000010 0.000010 0.000010 0.798797
0.000010 0.024295 0.044464 0.010135 0.000010 0.000010 0.000010 0.023009 0.000010 0.000010 0.000010 0.898027
0.062581 0.102802 0.000010 0.014450 0.000010 0.000010 0.011120 0.062973 0.000010 0.000010 0.000010 0.746015
0.000010 0.000010 0.000010 0.000010 0.000010 0.000010 0.999890 0.000010 0.000010 0.000010 0.000010 0.000010
0.053385 0.015065 0.029176 0.000010 0.000010 0.000010 0.000010 0.060802 0.000010 0.000010 0.000010 0.841501
0.033800 0.055308 0.000010 0.043271 0.074986 0.000010 0.000010 0.041963 0.000010 0.000010 0.000010 0.750613
0.723169 0.000010 0.000057 0.030478 0.000010 0.000010 0.000010 0.019923 0.000010 0.000010 0.000010 0.226304
0.728488 0.021662 0.028194 0.036553 0.016175 0.000012 0.000010 0.010377 0.000010 0.000010 0.000010 0.158499
0.044368 0.000010 0.000010 0.766049 0.000010 0.000010 0.000010 0.000010 0.000010 0.000010 0.008875 0.180628
0.697588 0.000010 0.039390 0.000010 0.000010 0.000010 0.000010 0.021447 0.241494 0.000010 0.000010 0.000010
0.000010 0.000010 0.000010 0.000010 0.000010 0.000010 0.999890 0.000010 0.000010 0.000010 0.000010 0.000010
0.000010 0.000010 0.000010 0.024095 0.026809 0.000010 0.000010 0.078202 0.000010 0.719666 0.112022 0.039147
0.694045 0.017046 0.022351 0.058780 0.026830 0.000010 0.000010 0.013986 0.000010 0.000010 0.000010 0.166912
0.206282 0.007566 0.022632 0.101973 0.078319 0.028033 0.000010 0.011293 0.000010 0.000010 0.000010 0.543863
0.000010 0.000010 0.013279 0.000010 0.014297 0.010058 0.003215 0.067358 0.021587 0.829813 0.040351 0.000010
0.000551 0.000010 0.000536 0.038479 0.009351 0.000010 0.000010 0.001258 0.000010 0.789761 0.068587 0.091437
0.000010 0.000010 0.005995 0.000010 0.000010 0.000010 0.050296 0.027100 0.000010 0.721331 0.096468 0.098749
0.000010 0.045572 0.000010 0.001364 0.003015 0.000010 0.010071 0.007723 0.000010 0.827002 0.076204 0.029009
0.000010 0.002614 0.000010 0.000010 0.067244 0.000801 0.032414 0.030274 0.000010 0.829221 0.021426 0.015967
0.155302 0.000010 0.040176 0.057261 0.028419 0.006383 0.000010 0.018139 0.075995 0.256283 0.000010 0.362012
0.000010 0.000010 0.000010 0.000010 0.999890 0.000010 0.000010 0.000010 0.000010 0.000010 0.000010 0.000010
0.000010 0.000010 0.000010 0.000010 0.999890 0.000010 0.000010 0.000010 0.000010 0.000010 0.000010 0.000010
0.384904 0.004408 0.004245 0.060455 0.067046 0.009583 0.000010 0.010936 0.032087 0.000010 0.022264 0.404053
0.845403 0.000010 0.030937 0.000010 0.000010 0.000010 0.000010 0.000010 0.032897 0.020751 0.000010 0.069942
0.000010 0.000010 0.000010 0.000010 0.999890 0.000010 0.000010 0.000010 0.000010 0.000010 0.000010 0.000010
0.082369 0.000010 0.000010 0.128988 0.000010 0.000010 0.000010 0.000010 0.000010 0.000010 0.000010 0.788552
0.000010 0.000010 0.000010 0.000010 0.999890 0.000010 0.000010 0.000010 0.000010 0.000010 0.000010 0.000010
0.273306 0.008040 0.000010 0.084538 0.000010 0.000010 0.000010 0.017196 0.000010 0.000010 0.000010 0.616850
0.000010 0.000010 0.999890 0.000010 0.000010 0.000010 0.000010 0.000010 0.000010 0.000010 0.000010 0.000010
0.811258 0.028280 0.003380 0.000010 0.000010 0.000010 0.000010 0.016623 0.000010 0.000010 0.000010 0.140389
0.000010 0.000010 0.431929 0.000010 0.567971 0.000010 0.000010 0.000010 0.000010 0.000010 0.000010 0.000010
0.656763 0.000010 0.024565 0.020999 0.000010 0.000010 0.000010 0.073956 0.000010 0.000010 0.000010 0.223647
0.102081 0.000010 0.009768 0.126815 0.072941 0.000010 0.000010 0.000010 0.042712 0.000010 0.000010 0.645623
0.261239 0.012351 0.019028 0.059187 0.059167 0.000010 0.000010 0.000010 0.025697 0.000010 0.000010 0.563282
0.881343 0.012772 0.000010 0.007682 0.010799 0.000010 0.000010 0.000010 0.000010 0.000010 0.000010 0.087334
0.010095 0.087041 0.000010 0.013679 0.287586 0.000010 0.008598 0.351543 0.000010 0.018382 0.050937 0.172110
0.601363 0.014396 0.000010 0.025496 0.024505 0.000010 0.000010 0.000010 0.012814 0.000010 0.000010 0.321366
0.807443 0.008682 0.000010 0.019851 0.000010 0.000010 0.001679 0.019349 0.000010 0.000010 0.000010 0.142938
0.928633 0.003701 0.000010 0.000010 0.009925 0.000010 0.000010 0.014779 0.000010 0.000010 0.000010 0.042892
0.157542 0.011459 0.000010 0.099838 0.000010 0.009139 0.000010 0.000010 0.026446 0.000010 0.000010 0.695516
0.663831 0.000010 0.028947 0.000010 0.099696 0.000010 0.000010 0.000010 0.010958 0.000010 0.000010 0.196497
0.000010 0.000010 0.999890 0.000010 0.000010 0.000010 0.000010 0.000010 0.000010 0.000010 0.000010 0.000010
0.000010 0.000010 0.999890 0.000010 0.000010 0.000010 0.000010 0.000010 0.000010 0.000010 0.000010 0.000010
0.842670 0.000010 0.000010 0.038529 0.025954 0.000010 0.000010 0.000010 0.000010 0.000010 0.000010 0.092767
0.000010 0.000016 0.999884 0.000010 0.000010 0.000010 0.000010 0.000010 0.000010 0.000010 0.000010 0.000010
0.804374 0.053677 0.010775 0.000010 0.000010 0.000010 0.000010 0.035958 0.065048 0.003694 0.013415 0.013019
0.999890 0.000010 0.000010 0.000010 0.000010 0.000010 0.000010 0.000010 0.000010 0.000010 0.000010 0.000010
0.000010 0.000010 0.999890 0.000010 0.000010 0.000010 0.000010 0.000010 0.000010 0.000010 0.000010 0.000010
0.000010 0.000010 0.999890 0.000010 0.000010 0.000010 0.000010 0.000010 0.000010 0.000010 0.000010 0.000010
0.000010 0.000010 0.999890 0.000010 0.000010 0.000010 0.000010 0.000010 0.000010 0.000010 0.000010 0.000010
0.000010 0.000010 0.999890 0.000010 0.000010 0.000010 0.000010 0.000010 0.000010 0.000010 0.000010 0.000010
0.000010 0.000010 0.854540 0.000010 0.039967 0.000010 0.000010 0.000010 0.000010 0.000010 0.016637 0.088776
0.219769 0.003923 0.011007 0.042161 0.000010 0.000010 0.000010 0.043508 0.000010 0.004954 0.000010 0.674628
0.158273 0.010542 0.019894 0.032800 0.000010 0.000010 0.000010 0.000010 0.000010 0.000010 0.000010 0.778421
0.000010 0.000010 0.999890 0.000010 0.000010 0.000010 0.000010 0.000010 0.000010 0.000010 0.000010 0.000010
0.395844 0.000010 0.142705 0.012444 0.018953 0.000010 0.000010 0.000010 0.394673 0.000010 0.000010 0.035321
0.783308 0.001534 0.028140 0.056309 0.017780 0.000010 0.000010 0.000010 0.000010 0.000010 0.000010 0.112868
0.000010 0.000010 0.999882 0.000018 0.000010 0.000010 0.000010 0.000010 0.000010 0.000010 0.000010 0.000010
0.000010 0.000010 0.954618 0.011584 0.009152 0.000010 0.000010 0.022268 0.000010 0.000010 0.002307 0.000010
0.000010 0.000010 0.999890 0.000010 0.000010 0.000010 0.000010 0.000010 0.000010 0.000010 0.000010 0.000010
0.153916 0.038024 0.000010 0.264225 0.035265 0.000010 0.000010 0.004394 0.063799 0.000010 0.000010 0.440327
0.178831 0.000010 0.001822 0.077240 0.000010 0.000010 0.000010 0.000010 0.000010 0.000010 0.000010 0.742027
0.200098 0.000010 0.000010 0.055825 0.008706 0.000010 0.000010 0.000010 0.000010 0.000010 0.011373 0.723928
0.082524 0.037027 0.007344 0.078418 0.000010 0.000010 0.000010 0.000010 0.000010 0.000010 0.000010 0.794616
0.039862 0.000010 0.900843 0.000010 0.059204 0.000010 0.000010 0.000010 0.000010 0.000010 0.000010 0.000010
0.000010 0.000010 0.242533 0.000010 0.000010 0.308845 0.208749 0.000010 0.000010 0.239793 0.000010 0.000010
0.000010 0.000010 0.999890 0.000010 0.000010 0.000010 0.000010 0.000010 0.000010 0.000010 0.000010 0.000010
0.000010 0.000010 0.999890 0.000010 0.000010 0.000010 0.000010 0.000010 0.000010 0.000010 0.000010 0.000010
0.000011 0.000018 0.999881 0.000010 0.000010 0.000010 0.000010 0.000010 0.000010 0.000010 0.000010 0.000010
0.000010 0.000010 0.999890 0.000010 0.000010 0.000010 0.000010 0.000010 0.000010 0.000010 0.000010 0.000010
0.000010 0.000010 0.999890 0.000010 0.000010 0.000010 0.000010 0.000010 0.000010 0.000010 0.000010 0.000010
0.000010 0.000010 0.999890 0.000010 0.000010 0.000010 0.000010 0.000010 0.000010 0.000010 0.000010 0.000010
0.217393 0.023944 0.003062 0.359421 0.050962 0.000010 0.001614 0.000010 0.000010 0.000010 0.006709 0.336855
0.000010 0.000010 0.999890 0.000010 0.000010 0.000010 0.000010 0.000010 0.000010 0.000010 0.000010 0.000010
0.000010 0.000010 0.883328 0.000010 0.008748 0.000010 0.000010 0.005391 0.044443 0.000010 0.053237 0.004793
0.921082 0.000010 0.000010 0.000010 0.000010 0.000010 0.000010 0.000010 0.023675 0.000010 0.000010 0.055153
0.000010 0.033566 0.842609 0.019067 0.091306 0.000010 0.000010 0.000010 0.001933 0.000010 0.011459 0.000010
0.065605 0.010129 0.536349 0.042249 0.000010 0.004321 0.000010 0.014500 0.326797 0.000010 0.000010 0.000010
0.000010 0.000010 0.999890 0.000010 0.000010 0.000010 0.000010 0.000010 0.000010 0.000010 0.000010 0.000010
0.000010 0.000010 0.999890 0.000010 0.000010 0.000010 0.000010 0.000010 0.000010 0.000010 0.000010 0.000010
0.000010 0.000010 0.999890 0.000010 0.000010 0.000010 0.000010 0.000010 0.000010 0.000010 0.000010 0.000010
0.000010 0.000010 0.999887 0.000013 0.000010 0.000010 0.000010 0.000010 0.000010 0.000010 0.000010 0.000010
0.000010 0.000010 0.979911 0.005262 0.000010 0.000010 0.000010 0.014737 0.000010 0.000010 0.000010 0.000010
0.000010 0.000010 0.999890 0.000010 0.000010 0.000010 0.000010 0.000010 0.000010 0.000010 0.000010 0.000010
0.000010 0.000010 0.000017 0.999879 0.000010 0.000010 0.000010 0.000010 0.000014 0.000010 0.000010 0.000010
0.000010 0.000010 0.000010 0.000010 0.000010 0.000010 0.000010 0.000010 0.000010 0.000010 0.999890 0.000010
0.000010 0.000010 0.000010 0.000010 0.000010 0.000010 0.000010 0.000010 0.000010 0.000010 0.999890 0.000010
0.000010 0.000010 0.000010 0.000010 0.000010 0.000010 0.000010 0.000010 0.000010 0.000010 0.999890 0.000010
0.000010 0.000010 0.999890 0.000010 0.000010 0.000010 0.000010 0.000010 0.000010 0.000010 0.000010 0.000010
0.000010 0.000010 0.999889 0.000010 0.000010 0.000010 0.000010 0.000010 0.000010 0.000011 0.000010 0.000010
0.000010 0.000010 0.000010 0.000010 0.000010 0.000010 0.000010 0.000010 0.000010 0.000010 0.999890 0.000010
0.000010 0.000010 0.000010 0.000010 0.000010 0.000010 0.000010 0.000010 0.000010 0.000010 0.999890 0.000010
0.000010 0.000010 0.000010 0.000010 0.000010 0.000010 0.000010 0.000010 0.000010 0.000010 0.999890 0.000010
0.000010 0.000010 0.999890 0.000010 0.000010 0.000010 0.000010 0.000010 0.000010 0.000010 0.000010 0.000010
0.000010 0.000010 0.999890 0.000010 0.000010 0.000010 0.000010 0.000010 0.000010 0.000010 0.000010 0.000010
0.000010 0.000010 0.000010 0.000010 0.118227 0.000010 0.000010 0.881673 0.000010 0.000010 0.000010 0.000010
0.000010 0.000010 0.999890 0.000010 0.000010 0.000010 0.000010 0.000010 0.000010 0.000010 0.000010 0.000010
0.048204 0.951696 0.000010 0.000010 0.000010 0.000010 0.000010 0.000010 0.000010 0.000010 0.000010 0.000010
0.000010 0.000010 0.000010 0.000010 0.000010 0.999890 0.000010 0.000010 0.000010 0.000010 0.000010 0.000010
0.000010 0.000010 0.000010 0.000010 0.000010 0.999889 0.000010 0.000010 0.000010 0.000011 0.000010 0.000010
0.617074 0.062489 0.000010 0.006922 0.000010 0.000010 0.000010 0.000010 0.115933 0.000010 0.000010 0.197512
0.000010 0.000010 0.000010 0.000010 0.000010 0.999890 0.000010 0.000010 0.000010 0.000010 0.000010 0.000010
0.000010 0.004515 0.012166 0.033496 0.035760 0.000010 0.000010 0.000010 0.000010 0.904371 0.009632 0.000010
0.001050 0.107664 0.013014 0.000010 0.371517 0.000010 0.000010 0.072001 0.000010 0.071739 0.050933 0.312043
0.370511 0.041276 0.051051 0.028653 0.005163 0.000010 0.009434 0.000010 0.391610 0.000010 0.000010 0.102262
0.039362 0.000010 0.013248 0.039377 0.150719 0.028548 0.000010 0.000010 0.000010 0.000010 0.708270 0.020426
0.000010 0.000010 0.253131 0.000010 0.000010 0.000010 0.000010 0.000010 0.746769 0.000010 0.000010 0.000010
0.000010 0.000010 0.267938 0.000010 0.000010 0.000010 0.000010 0.000010 0.731962 0.000010 0.000010 0.000010
0.883697 0.017726 0.000010 0.028059 0.000010 0.000010 0.000010 0.000010 0.032806 0.000010 0.000010 0.037642
0.000010 0.040562 0.669619 0.026734 0.091315 0.019013 0.000010 0.017554 0.055310 0.000010 0.033788 0.046076
0.410484 0.000010 0.004255 0.102332 0.000010 0.002041 0.015582 0.027998 0.000010 0.008093 0.000993 0.428192
0.777548 0.000010 0.065057 0.003201 0.000010 0.000010 0.000010 0.000011 0.069960 0.000010 0.000010 0.084163
0.369627 0.000010 0.294593 0.000010 0.000010 0.001189 0.000010 0.003625 0.306784 0.000010 0.000010 0.024122
0.011862 0.179688 0.000010 0.000010 0.429467 0.000010 0.000010 0.000010 0.000010 0.000010 0.000010 0.378903
0.475081 0.027025 0.043764 0.049576 0.000010 0.013089 0.000010 0.031857 0.000010 0.000268 0.000010 0.359300
0.105033 0.087880 0.000017 0.084528 0.025369 0.000010 0.000010 0.033007 0.000010 0.000010 0.000010 0.664116
0.016196 0.010487 0.002725 0.000010 0.178989 0.000017 0.000010 0.000010 0.000010 0.000010 0.791526 0.000010
0.000010 0.000010 0.867999 0.000010 0.000010 0.000010 0.000010 0.000010 0.118187 0.000010 0.013724 0.000010
0.000010 0.025547 0.000010 0.000010 0.139967 0.000010 0.000010 0.048378 0.000010 0.012349 0.773688 0.000010
0.000010 0.000010 0.000010 0.000010 0.000010 0.000010 0.000010 0.000010 0.000010 0.000010 0.999890 0.000010
0.486851 0.000010 0.000010 0.109413 0.000010 0.000010 0.000010 0.002663 0.025255 0.020930 0.000010 0.354828
0.686915 0.000010 0.000010 0.008563 0.022034 0.000010 0.000010 0.028281 0.000010 0.000010 0.000010 0.254138
0.000010 0.000010 0.000010 0.000010 0.000010 0.000010 0.000010 0.339598 0.000010 0.660302 0.000010 0.000010
0.582722 0.040634 0.010949 0.059264 0.008022 0.000010 0.000010 0.009052 0.028459 0.019672 0.037158 0.204046
0.804347 0.032477 0.000010 0.004744 0.055808 0.000010 0.000010 0.000010 0.000010 0.000010 0.031787 0.070776
0.884703 0.000010 0.000010 0.023336 0.000010 0.000010 0.010206 0.000010 0.000010 0.000336 0.000010 0.081348
0.026540 0.154177 0.000010 0.000010 0.258829 0.001866 0.000010 0.000010 0.049878 0.031179 0.094710 0.382780
0.000010 0.000010 0.000010 0.000010 0.999890 0.000010 0.000010 0.000010 0.000010 0.000010 0.000010 0.000010
0.495165 0.069488 0.006602 0.157640 0.034295 0.000010 0.000010 0.018770 0.010883 0.000010 0.000010 0.207117
0.000010 0.000010 0.000010 0.000010 0.000010 0.000010 0.000010 0.000010 0.000010 0.000010 0.999890 0.000010
0.062729 0.000010 0.000010 0.195523 0.101198 0.000010 0.000010 0.000010 0.000010 0.014938 0.023438 0.602113
0.501809 0.037586 0.055032 0.000010 0.000010 0.000010 0.000010 0.000010 0.260717 0.000010 0.000010 0.144786
0.000010 0.008332 0.001413 0.002387 0.000010 0.193772 0.000010 0.013259 0.000010 0.209865 0.461441 0.109491
0.155890 0.000010 0.000010 0.095937 0.090365 0.000010 0.014922 0.032924 0.000010 0.013219 0.000859 0.595844
0.000010 0.000010 0.999890 0.000010 0.000010 0.000010 0.000010 0.000010 0.000010 0.000010 0.000010 0.000010
0.571278 0.031004 0.019626 0.113640 0.000010 0.000010 0.000010 0.000010 0.124753 0.000010 0.011988 0.127660
0.587998 0.027699 0.020356 0.115235 0.000010 0.000010 0.000010 0.000010 0.102700 0.000010 0.000010 0.145951
0.589760 0.000010 0.011667 0.023723 0.093622 0.000010 0.000010 0.000010 0.035227 0.000010 0.031797 0.214154
0.820895 0.122946 0.005778 0.008419 0.000010 0.000010 0.000010 0.000010 0.000010 0.000010 0.000010 0.041892
0.139279 0.017292 0.039489 0.000010 0.000010 0.000010 0.000010 0.000010 0.665558 0.000010 0.000010 0.138312
0.129939 0.077842 0.052037 0.146526 0.046336 0.000010 0.007453 0.001876 0.111321 0.000010 0.024623 0.402028
0.906003 0.000010 0.000010 0.000010 0.000010 0.000010 0.000010 0.037710 0.046874 0.000010 0.000010 0.009333
0.989149 0.000010 0.007945 0.000010 0.000010 0.000010 0.000010 0.000010 0.002816 0.000010 0.000010 0.000010
0.107584 0.013453 0.022820 0.274777 0.065641 0.000010 0.000010 0.000010 0.075474 0.000010 0.006794 0.433415
0.745338 0.000010 0.098266 0.000010 0.000010 0.000010 0.000010 0.000010 0.156306 0.000010 0.000010 0.000010
0.029986 0.000010 0.058615 0.160336 0.037754 0.000010 0.000010 0.000010 0.137605 0.012226 0.000010 0.563429
0.731654 0.000010 0.046670 0.021613 0.024535 0.000010 0.000010 0.000010 0.048809 0.000010 0.019661 0.107008
0.743186 0.035400 0.001737 0.043642 0.000010 0.000010 0.000010 0.008134 0.035060 0.000010 0.000010 0.132791
0.043917 0.003347 0.000010 0.118039 0.031820 0.000010 0.000010 0.016811 0.004891 0.093463 0.000010 0.687672
0.902444 0.032014 0.009381 0.012286 0.000812 0.000010 0.000010 0.016851 0.000010 0.000010 0.000010 0.026162
0.251410 0.000010 0.295401 0.000010 0.002706 0.024625 0.000010 0.000010 0.397281 0.000010 0.000010 0.028518
0.881895 0.024400 0.028153 0.000010 0.000010 0.000010 0.000010 0.000010 0.002908 0.000010 0.000010 0.062574
0.337114 0.000010 0.288696 0.000010 0.000010 0.000010 0.000010 0.000010 0.374100 0.000010 0.000010 0.000010
0.584739 0.032004 0.014245 0.140646 0.030593 0.000010 0.000010 0.000010 0.035239 0.000010 0.000010 0.162483
0.802409 0.000010 0.032473 0.000010 0.000010 0.000010 0.000010 0.005750 0.129984 0.000010 0.000010 0.029315
0.714748 0.047392 0.009313 0.062890 0.010305 0.000010 0.000010 0.000010 0.041199 0.000010 0.000010 0.114103
0.000010 0.000010 0.187856 0.000010 0.000010 0.000010 0.000010 0.000010 0.812044 0.000010 0.000010 0.000010
0.000010 0.000010 0.000010 0.000010 0.000010 0.000010 0.000010 0.000010 0.999890 0.000010 0.000010 0.000010
0.000010 0.000010 0.000010 0.000010 0.000010 0.000010 0.000010 0.999890 0.000010 0.000010 0.000010 0.000010
0.000010 0.000010 0.073278 0.000010 0.000010 0.000010 0.000010 0.155565 0.771067 0.000010 0.000010 0.000010
0.000010 0.000010 0.156060 0.000010 0.000010 0.000010 0.000010 0.078348 0.765502 0.000010 0.000010 0.000010
0.000010 0.041941 0.000010 0.000010 0.000010 0.000010 0.000010 0.017651 0.940318 0.000010 0.000010 0.000010
0.007051 0.018022 0.000010 0.000010 0.402661 0.000010 0.000010 0.086583 0.469823 0.000010 0.008810 0.007001
0.027845 0.000010 0.135253 0.026474 0.000010 0.000010 0.000010 0.035977 0.689051 0.000010 0.000010 0.085341
0.000010 0.000010 0.000010 0.000010 0.000010 0.000010 0.000010 0.999890 0.000010 0.000010 0.000010 0.000010
0.458515 0.017632 0.000010 0.272749 0.099927 0.000010 0.000010 0.055639 0.000010 0.000010 0.000010 0.095479
0.000010 0.000010 0.000010 0.000010 0.000010 0.000010 0.000010 0.000010 0.999890 0.000010 0.000010 0.000010
0.000019 0.000010 0.000010 0.000010 0.000010 0.000010 0.000010 0.785902 0.213989 0.000010 0.000010 0.000010
0.000010 0.000010 0.000010 0.000010 0.935909 0.000010 0.000010 0.000010 0.000010 0.000010 0.063991 0.000010
0.011624 0.044989 0.000010 0.081558 0.000010 0.161190 0.000010 0.000010 0.000010 0.131135 0.569445 0.000010
0.000010 0.044247 0.000010 0.010811 0.064911 0.179429 0.000010 0.000010 0.000010 0.130181 0.567818 0.002552
0.000010 0.000010 0.000010 0.000010 0.999886 0.000010 0.000014 0.000010 0.000010 0.000010 0.000010 0.000010
0.071468 0.000010 0.000010 0.000010 0.000010 0.000010 0.000010 0.026147 0.902295 0.000010 0.000010 0.000010
0.000010 0.000010 0.000010 0.000010 0.000010 0.000010 0.000010 0.054188 0.945712 0.000010 0.000010 0.000010
0.000010 0.000010 0.000010 0.000010 0.000010 0.000010 0.000010 0.906508 0.093392 0.000010 0.000010 0.000010
0.000010 0.057148 0.000010 0.021040 0.000010 0.419956 0.000010 0.017193 0.000010 0.197778 0.191148 0.095687
0.000010 0.000016 0.000010 0.000010 0.000010 0.999884 0.000010 0.000010 0.000010 0.000010 0.000010 0.000010
0.000010 0.000010 0.001987 0.000010 0.000010 0.000010 0.038212 0.126463 0.000010 0.737026 0.078453 0.017797
0.046206 0.026530 0.000010 0.000010 0.000010 0.000010 0.000010 0.031857 0.852562 0.000010 0.000010 0.042775
0.923286 0.000010 0.013432 0.000010 0.035141 0.000010 0.000010 0.020807 0.000010 0.007264 0.000010 0.000010
0.779261 0.046162 0.000010 0.030525 0.000010 0.000010 0.000010 0.013211 0.000010 0.000010 0.000010 0.130771
0.000010 0.050266 0.000010 0.000585 0.000010 0.000010 0.000010 0.000010 0.000010 0.000010 0.000010 0.949059
0.014078 0.000010 0.000010 0.025820 0.000010 0.000010 0.000010 0.016075 0.000010 0.000010 0.038584 0.905372
0.905936 0.015526 0.010969 0.018964 0.000010 0.000010 0.000010 0.000010 0.048536 0.000010 0.000010 0.000010
0.169324 0.000010 0.339154 0.057635 0.000010 0.000010 0.000010 0.000010 0.433807 0.000010 0.000010 0.000010
0.238142 0.018276 0.119299 0.083629 0.000010 0.007589 0.000010 0.000010 0.227165 0.000010 0.000010 0.305849
0.425377 0.000010 0.040651 0.000010 0.058580 0.003902 0.000010 0.034782 0.137184 0.000010 0.000010 0.299475
0.000010 0.000010 0.000010 0.000010 0.000010 0.000010 0.999890 0.000010 0.000010 0.000010 0.000010 0.000010
0.672639 0.023332 0.014992 0.023194 0.031040 0.000010 0.000010 0.010345 0.023531 0.000010 0.000010 0.200887
0.927600 0.017205 0.003989 0.000010 0.000010 0.000010 0.000010 0.031819 0.019317 0.000010 0.000010 0.000010
0.506787 0.000010 0.020371 0.022775 0.055802 0.000010 0.000010 0.024519 0.049914 0.000010 0.010026 0.309767
0.686644 0.072464 0.005859 0.056134 0.000010 0.000010 0.000010 0.000010 0.000010 0.000010 0.000010 0.178829
0.567111 0.000010 0.035319 0.011543 0.038714 0.000010 0.000010 0.009213 0.000010 0.000010 0.000010 0.338040
0.418279 0.000792 0.001994 0.035171 0.004242 0.000010 0.000010 0.016847 0.024241 0.011083 0.000010 0.487323
0.000010 0.000010 0.000010 0.000010 0.000010 0.000010 0.000010 0.999890 0.000010 0.000010 0.000010 0.000010
0.610205 0.024439 0.003834 0.000010 0.000010 0.000010 0.000010 0.016708 0.027190 0.000010 0.000010 0.317564
0.701034 0.028909 0.013142 0.014043 0.000010 0.000010 0.000010 0.000010 0.019596 0.000010 0.000010 0.223215
0.673863 0.036751 0.000010 0.000010 0.018182 0.000010 0.000010 0.007679 0.003508 0.000010 0.000010 0.259958
0.237845 0.000010 0.027300 0.092953 0.000010 0.000010 0.016025 0.000010 0.085006 0.000010 0.000010 0.540811
0.942405 0.036479 0.000010 0.000010 0.014930 0.000010 0.000010 0.006106 0.000010 0.000010 0.000010 0.000010
0.094905 0.904995 0.000010 0.000010 0.000010 0.000010 0.000010 0.000010 0.000010 0.000010 0.000010 0.000010
0.114470 0.018584 0.026875 0.044343 0.000010 0.023018 0.000010 0.000010 0.012963 0.000010 0.000010 0.759697
0.129674 0.115767 0.002494 0.053143 0.000010 0.018296 0.000010 0.052562 0.000010 0.000010 0.000010 0.628014
0.091163 0.000010 0.033996 0.067557 0.009416 0.008287 0.000010 0.033287 0.000010 0.000010 0.011700 0.744555
0.244064 0.000010 0.000010 0.099854 0.000010 0.000010 0.000010 0.000010 0.041397 0.000010 0.000010 0.614605
0.900183 0.000010 0.000010 0.013707 0.000010 0.000010 0.000010 0.006150 0.000010 0.000010 0.000010 0.079880
0.793970 0.070550 0.011275 0.000010 0.000010 0.000010 0.000010 0.000010 0.000010 0.000010 0.000010 0.124126
0.767992 0.007992 0.000010 0.000010 0.000010 0.000010 0.000010 0.000010 0.000010 0.000010 0.000010 0.223926
0.888520 0.000010 0.000010 0.033889 0.000010 0.000010 0.000010 0.000010 0.000010 0.000010 0.000010 0.077501
0.227631 0.073382 0.026167 0.065883 0.033079 0.023143 0.000010 0.000010 0.000010 0.000010 0.000010 0.550665
0.025107 0.009787 0.478713 0.011761 0.000010 0.000010 0.000010 0.009782 0.127554 0.000010 0.000010 0.337245
0.484634 0.014689 0.042388 0.049564 0.038971 0.000010 0.000010 0.000010 0.219531 0.000010 0.000010 0.150173
0.449913 0.000010 0.108544 0.011268 0.000010 0.015708 0.000010 0.010831 0.327535 0.000010 0.007877 0.068284
0.031062 0.071915 0.000010 0.000010 0.000010 0.000010 0.000010 0.000010 0.000010 0.000010 0.000010 0.896933
0.889339 0.043081 0.000484 0.014352 0.000010 0.000010 0.000010 0.000010 0.016134 0.000010 0.000010 0.036550
0.111955 0.000010 0.000010 0.117328 0.045929 0.000010 0.000160 0.032666 0.057215 0.000010 0.044360 0.590346
0.798787 0.000010 0.002834 0.033366 0.045402 0.000010 0.000010 0.005020 0.004772 0.000010 0.000010 0.109768
0.999890 0.000010 0.000010 0.000010 0.000010 0.000010 0.000010 0.000010 0.000010 0.000010 0.000010 0.000010
0.725849 0.187430 0.000010 0.030858 0.000010 0.000010 0.000010 0.000010 0.000799 0.000010 0.000010 0.054994
0.098500 0.044449 0.035034 0.052329 0.018220 0.000010 0.000010 0.000010 0.019572 0.007797 0.000010 0.724059
0.999890 0.000010 0.000010 0.000010 0.000010 0.000010 0.000010 0.000010 0.000010 0.000010 0.000010 0.000010
0.000010 0.071491 0.000010 0.010807 0.000010 0.000010 0.000010 0.000010 0.000010 0.000010 0.000010 0.917613
0.000010 0.047089 0.000010 0.000020 0.000010 0.000010 0.000010 0.012245 0.000010 0.014293 0.000010 0.926284
0.000010 0.045658 0.000010 0.043828 0.000010 0.000010 0.000010 0.000010 0.000010 0.000010 0.000010 0.910425
0.000010 0.103527 0.000010 0.000010 0.000010 0.000010 0.000010 0.000010 0.000010 0.000010 0.000010 0.896373
0.000010 0.026305 0.000010 0.000010 0.000010 0.000010 0.000010 0.019223 0.000010 0.000010 0.000010 0.954382
0.000010 0.012288 0.828274 0.004879 0.000010 0.002964 0.000010 0.000010 0.083804 0.000010 0.004787 0.062954
0.540106 0.031329 0.000010 0.019995 0.000010 0.004832 0.000010 0.000010 0.140663 0.000010 0.000010 0.263015
0.925912 0.005923 0.000546 0.000010 0.000010 0.000010 0.000010 0.013967 0.053583 0.000010 0.000010 0.000010
0.771037 0.058353 0.000010 0.000010 0.002326 0.000010 0.000010 0.000010 0.000010 0.000010 0.000010 0.168204
0.656649 0.128654 0.008814 0.036185 0.000010 0.000010 0.000010 0.007100 0.058069 0.000010 0.000010 0.104479
0.968294 0.000010 0.000013 0.000010 0.000010 0.000010 0.000010 0.031603 0.000010 0.000010 0.000010 0.000010
0.000010 0.000010 0.000010 0.000010 0.000010 0.000010 0.000010 0.000010 0.000010 0.000010 0.000010 0.999890
0.927360 0.056045 0.005467 0.000010 0.000010 0.000010 0.000010 0.000402 0.000010 0.000010 0.010656 0.000010
0.161939 0.000010 0.006762 0.069378 0.000010 0.000010 0.000010 0.000010 0.017200 0.000010 0.000010 0.744651
0.000010 0.000010 0.999890 0.000010 0.000010 0.000010 0.000010 0.000010 0.000010 0.000010 0.000010 0.000010
0.000010 0.080894 0.000010 0.000010 0.525561 0.006087 0.000010 0.000010 0.000010 0.000010 0.000010 0.387377
0.110541 0.058753 0.017340 0.036232 0.000010 0.000010 0.000010 0.000010 0.000010 0.000010 0.000010 0.777064
0.340478 0.024166 0.000010 0.000010 0.000010 0.000010 0.000010 0.000949 0.000010 0.000010 0.000010 0.634328
0.031834 0.083674 0.000010 0.042273 0.070406 0.025484 0.000010 0.015127 0.000010 0.000010 0.000010 0.731151
0.000010 0.077120 0.000010 0.000010 0.048222 0.000010 0.000010 0.013522 0.000010 0.035791 0.000010 0.825274
0.081458 0.065182 0.022503 0.000010 0.026212 0.000010 0.000010 0.010491 0.000010 0.000010 0.000010 0.794095
0.000010 0.000010 0.000010 0.000010 0.000010 0.000010 0.000010 0.000010 0.000010 0.000010 0.000010 0.999890
0.183765 0.028556 0.002826 0.015392 0.054182 0.000010 0.000010 0.015245 0.000010 0.007703 0.000010 0.692291
0.034102 0.056947 0.016913 0.046029 0.000010 0.003344 0.000010 0.044199 0.000010 0.000010 0.000010 0.798417
0.796325 0.000010 0.033544 0.019495 0.066412 0.000010 0.000010 0.012745 0.000010 0.000010 0.000010 0.071419
0.061576 0.000010 0.000010 0.077069 0.000010 0.000010 0.000010 0.031134 0.047064 0.014328 0.000010 0.768769
0.000010 0.074740 0.000010 0.000010 0.000010 0.000010 0.000010 0.000010 0.000010 0.000010 0.000010 0.925160
0.069445 0.077309 0.000010 0.000010 0.000010 0.000010 0.000010 0.029906 0.000010 0.000010 0.000010 0.823259
0.572234 0.040962 0.000010 0.000010 0.000010 0.000010 0.000010 0.046126 0.000010 0.005153 0.000010 0.335455
0.991862 0.000010 0.000010 0.008038 0.000010 0.000010 0.000010 0.000010 0.000010 0.000010 0.000010 0.000010
0.022678 0.106369 0.028061 0.032774 0.000010 0.000010 0.000010 0.000010 0.000010 0.000010 0.000010 0.810048
0.002683 0.000010 0.917842 0.000010 0.079385 0.000010 0.000010 0.000010 0.000010 0.000010 0.000010 0.000010
0.911706 0.068377 0.000010 0.000010 0.000010 0.000010 0.000010 0.000010 0.000010 0.000010 0.019826 0.000010
0.970373 0.011906 0.000010 0.017630 0.000010 0.000010 0.000010 0.000010 0.000010 0.000010 0.000010 0.000010
0.076627 0.008602 0.000010 0.031052 0.047144 0.006210 0.000010 0.000012 0.000010 0.000010 0.000010 0.830303
0.463919 0.045458 0.000010 0.005955 0.027721 0.000911 0.000010 0.000010 0.000010 0.000010 0.054688 0.401297
0.227940 0.005339 0.000010 0.065764 0.000010 0.000010 0.000010 0.000010 0.000010 0.000010 0.000010 0.700876
0.011058 0.035658 0.013296 0.003789 0.000010 0.000010 0.000010 0.000010 0.000010 0.000010 0.000010 0.936129
0.999890 0.000010 0.000010 0.000010 0.000010 0.000010 0.000010 0.000010 0.000010 0.000010 0.000010 0.000010
0.990216 0.000010 0.009684 0.000010 0.000010 0.000010 0.000010 0.000010 0.000010 0.000010 0.000010 0.000010
0.502753 0.000010 0.000010 0.016900 0.000010 0.000010 0.000010 0.033080 0.000010 0.000010 0.000010 0.447186
0.580801 0.000010 0.006839 0.057347 0.031107 0.000010 0.000010 0.016520 0.000010 0.000010 0.000010 0.307326
0.000010 0.000010 0.000010 0.000010 0.000010 0.000010 0.999890 0.000010 0.000010 0.000010 0.000010 0.000010
0.034823 0.056123 0.000010 0.000010 0.054513 0.000010 0.000010 0.032708 0.000010 0.000010 0.000010 0.821762
0.893751 0.000010 0.020423 0.002447 0.000705 0.000010 0.000010 0.000010 0.058600 0.000010 0.000010 0.024014
0.000010 0.000010 0.000010 0.000010 0.000010 0.000010 0.999886 0.000010 0.000010 0.000014 0.000010 0.000010
0.000010 0.000010 0.463061 0.536839 0.000010 0.000010 0.000010 0.000010 0.000010 0.000010 0.000010 0.000010
0.000010 0.000010 0.000010 0.000010 0.000010 0.999890 0.000010 0.000010 0.000010 0.000010 0.000010 0.000010
0.664108 0.000010 0.039723 0.015235 0.086431 0.000010 0.000010 0.002546 0.018803 0.000010 0.000010 0.173104
0.521648 0.063463 0.000010 0.122787 0.009897 0.011233 0.000010 0.000010 0.000010 0.000010 0.000010 0.270912
0.744176 0.018009 0.047977 0.029073 0.023311 0.000010 0.000010 0.000010 0.000010 0.000010 0.000010 0.137394
0.300709 0.000010 0.011102 0.109805 0.113515 0.000010 0.000010 0.038399 0.000010 0.000010 0.036094 0.390326
0.950600 0.027402 0.009815 0.012102 0.000010 0.000010 0.000010 0.000010 0.000010 0.000010 0.000010 0.000010
0.999890 0.000010 0.000010 0.000010 0.000010 0.000010 0.000010 0.000010 0.000010 0.000010 0.000010 0.000010
0.122200 0.000010 0.005345 0.121161 0.000010 0.000010 0.000010 0.005783 0.000010 0.000010 0.000010 0.745440
0.660212 0.043363 0.000010 0.016814 0.000010 0.000010 0.000010 0.000010 0.006224 0.000010 0.013827 0.259499
0.557716 0.028193 0.034871 0.008423 0.000010 0.025165 0.000010 0.010934 0.000010 0.000010 0.000010 0.334649
0.341811 0.024785 0.000010 0.003766 0.072384 0.000010 0.000010 0.070859 0.015051 0.000010 0.000010 0.471294
0.697183 0.020739 0.010368 0.047986 0.016956 0.000010 0.000010 0.004779 0.000010 0.000010 0.000010 0.201939
0.789096 0.000010 0.019585 0.024011 0.000010 0.000010 0.000010 0.030247 0.000010 0.000010 0.000010 0.136992
0.743596 0.025483 0.006033 0.045160 0.000010 0.000010 0.000010 0.027422 0.023084 0.000010 0.000010 0.129172
0.824086 0.024299 0.010468 0.001751 0.001966 0.000010 0.000010 0.000010 0.000010 0.000010 0.000010 0.137369
0.999890 0.000010 0.000010 0.000010 0.000010 0.000010 0.000010 0.000010 0.000010 0.000010 0.000010 0.000010
0.912707 0.029756 0.008347 0.017605 0.016341 0.000013 0.000010 0.015183 0.000010 0.000010 0.000010 0.000010
0.158709 0.000476 0.015578 0.045152 0.064044 0.000010 0.000010 0.001985 0.070427 0.000010 0.000010 0.643590
0.447376 0.023784 0.041935 0.002901 0.063570 0.000010 0.008372 0.054433 0.052225 0.000016 0.000010 0.305368
0.000010 0.044645 0.000010 0.000010 0.000010 0.000010 0.000010 0.000010 0.000010 0.000010 0.002964 0.952301
0.993424 0.000010 0.000010 0.000010 0.000010 0.000010 0.000010 0.006476 0.000010 0.000010 0.000010 0.000010
0.179116 0.000010 0.017555 0.084437 0.004470 0.001647 0.009240 0.043521 0.015335 0.000010 0.000010 0.644649
0.622960 0.140134 0.036062 0.030398 0.101595 0.000010 0.000010 0.024764 0.044036 0.000010 0.000010 0.000010
0.559898 0.009485 0.033109 0.070113 0.000010 0.000010 0.000010 0.033099 0.000010 0.009500 0.000010 0.284745
0.071923 0.020562 0.000012 0.000010 0.070783 0.000010 0.000010 0.047296 0.000010 0.000010 0.000010 0.789365
0.747492 0.003419 0.001737 0.042607 0.033510 0.000010 0.000010 0.003409 0.000013 0.000010 0.000010 0.167774
0.133354 0.000010 0.000010 0.107272 0.000010 0.000010 0.000010 0.069111 0.000010 0.000010 0.000010 0.690183
