0.037281 0.000010 0.000010 0.026337 0.146552 0.371144 0.000010 0.387652 0.000010 0.000010 0.000010 0.000010 0.000010 0.030954
0.000010 0.000010 0.000010 0.043546 0.253898 0.546794 0.000010 0.143061 0.000010 0.000010 0.000010 0.007285 0.005335 0.000010
0.046421 0.000010 0.076763 0.000010 0.049748 0.477459 0.000549 0.345422 0.000010 0.003569 0.000010 0.000010 0.000010 0.000010
0.053337 0.000010 0.000010 0.000010 0.000010 0.000010 0.037605 0.000010 0.000010 0.000010 0.000010 0.000010 0.011621 0.897338
0.000010 0.000010 0.045563 0.113757 0.000010 0.703335 0.019700 0.117555 0.000010 0.000010 0.000010 0.000010 0.000010 0.000010
0.000010 0.000010 0.000010 0.031981 0.102263 0.100007 0.042173 0.708056 0.000010 0.000010 0.000010 0.010644 0.000010 0.004805
0.442772 0.000010 0.000010 0.023418 0.000010 0.027351 0.000010 0.151934 0.000010 0.000010 0.000010 0.000010 0.000010 0.354435
0.000010 0.000010 0.000010 0.010632 0.000010 0.015986 0.000010 0.907394 0.000010 0.000010 0.000010 0.034297 0.031601 0.000010
0.000010 0.000010 0.000010 0.111097 0.335454 0.429596 0.000010 0.000010 0.000010 0.005719 0.000010 0.083470 0.004231 0.030363
0.000010 0.000010 0.000010 0.026313 0.050043 0.003469 0.000010 0.861568 0.000010 0.000010 0.000010 0.058517 0.000010 0.000010
0.000010 0.000010 0.000010 0.300764 0.080324 0.014340 0.000010 0.517583 0.000010 0.000010 0.000010 0.065479 0.021430 0.000010
0.000010 0.000010 0.000010 0.090299 0.295183 0.294139 0.026430 0.273395 0.000010 0.000010 0.002089 0.000010 0.018396 0.000010
0.030376 0.000010 0.000010 0.000010 0.288089 0.119664 0.345159 0.000010 0.000010 0.042296 0.000010 0.024530 0.054007 0.095818
0.082944 0.000010 0.000010 0.000010 0.364141 0.000010 0.079675 0.000010 0.000010 0.001476 0.000010 0.000010 0.006520 0.465165
0.000010 0.000010 0.016314 0.048848 0.013393 0.007456 0.019628 0.885881 0.000010 0.000010 0.000721 0.007233 0.000010 0.000475
0.041697 0.000010 0.000010 0.000010 0.132923 0.442340 0.044455 0.296652 0.000010 0.000010 0.003088 0.034728 0.004058 0.000010
0.029176 0.000010 0.000010 0.085978 0.021740 0.176757 0.000010 0.620371 0.000010 0.000010 0.000010 0.037738 0.001490 0.026689
0.372167 0.000010 0.000010 0.026408 0.000010 0.000010 0.000010 0.358788 0.000010 0.000010 0.000010 0.000010 0.000010 0.242537
0.000010 0.000010 0.007723 0.043007 0.000010 0.000010 0.000010 0.210964 0.000010 0.000010 0.000010 0.705885 0.032331 0.000010
0.000010 0.000010 0.000010 0.000010 0.000010 0.000010 0.000010 0.000010 0.000010 0.000010 0.996291 0.000010 0.003589 0.000010
0.000010 0.000010 0.000010 0.000010 0.000010 0.000010 0.000010 0.013169 0.000010 0.000010 0.986711 0.000010 0.000010 0.000010
0.000010 0.000010 0.000010 0.000010 0.000010 0.000010 0.000010 0.000010 0.000010 0.000010 0.999870 0.000010 0.000010 0.000010
0.000010 0.000010 0.000010 0.000010 0.000010 0.000010 0.000010 0.033590 0.000010 0.000010 0.949065 0.000010 0.017236 0.000010
0.015536 0.000010 0.000556 0.000010 0.000405 0.049953 0.122243 0.044283 0.001356 0.000010 0.024503 0.000010 0.016269 0.724856
0.000010 0.000010 0.000010 0.000010 0.000010 0.000010 0.000010 0.000010 0.000010 0.000010 0.000010 0.999870 0.000010 0.000010
0.000010 0.000010 0.000010 0.000010 0.000010 0.000010 0.000011 0.000010 0.000010 0.000010 0.988474 0.000010 0.000010 0.011405
0.000010 0.000010 0.004130 0.000010 0.000010 0.995750 0.000010 0.000010 0.000010 0.000010 0.000010 0.000010 0.000010 0.000010
0.000010 0.000010 0.000010 0.000010 0.000010 0.000010 0.000010 0.000010 0.000010 0.000010 0.999870 0.000010 0.000010 0.000010
0.000010 0.002069 0.000010 0.000010 0.611795 0.250590 0.000010 0.069614 0.001644 0.000010 0.000010 0.028528 0.000010 0.035691
0.000010 0.000010 0.000010 0.000010 0.745151 0.158843 0.000010 0.054005 0.000010 0.000010 0.000010 0.003516 0.000010 0.038394
0.000010 0.000010 0.000010 0.000010 0.960739 0.000010 0.000010 0.000010 0.000010 0.000010 0.000010 0.028789 0.010362 0.000010
0.000010 0.000010 0.000010 0.017915 0.495691 0.388790 0.055566 0.025047 0.000010 0.009131 0.000010 0.007790 0.000010 0.000010
0.013505 0.000010 0.000010 0.009111 0.109429 0.179875 0.393595 0.014517 0.051894 0.048423 0.000010 0.000010 0.013797 0.165815
0.000010 0.000010 0.000010 0.000010 0.410862 0.154090 0.173462 0.000010 0.034138 0.062723 0.000010 0.120097 0.007500 0.037067
0.000010 0.000010 0.000010 0.000010 0.005704 0.476440 0.055213 0.109822 0.000010 0.000010 0.000010 0.059885 0.292856 0.000010
0.000010 0.004923 0.000010 0.300354 0.028959 0.144913 0.051071 0.085000 0.000010 0.000010 0.000010 0.027387 0.000010 0.357332
0.000010 0.000010 0.000010 0.240738 0.000010 0.000010 0.093345 0.198626 0.000010 0.000010 0.000010 0.043154 0.005468 0.418590
0.000010 0.999870 0.000010 0.000010 0.000010 0.000010 0.000010 0.000010 0.000010 0.000010 0.000010 0.000010 0.000010 0.000010
0.000010 0.000010 0.000010 0.022920 0.435033 0.372157 0.050640 0.000010 0.000010 0.001759 0.000010 0.061393 0.024551 0.031488
0.000010 0.000010 0.023937 0.000010 0.793084 0.046771 0.069782 0.051896 0.014450 0.000010 0.000010 0.000010 0.000010 0.000010
0.000010 0.000010 0.000010 0.000010 0.000010 0.000010 0.000010 0.999870 0.000010 0.000010 0.000010 0.000010 0.000010 0.000010
0.000010 0.000010 0.000010 0.021972 0.463723 0.201193 0.077338 0.172722 0.000010 0.012560 0.000010 0.039839 0.000010 0.010594
0.000010 0.000010 0.033789 0.000010 0.000010 0.296831 0.000010 0.669270 0.000010 0.000010 0.000010 0.000010 0.000010 0.000010
0.000010 0.000010 0.000010 0.000010 0.000010 0.229353 0.003245 0.757650 0.000010 0.000010 0.000010 0.000010 0.000010 0.009651
0.000010 0.000010 0.000010 0.000010 0.334970 0.000010 0.664910 0.000010 0.000010 0.000010 0.000010 0.000010 0.000010 0.000010
0.000010 0.309264 0.000010 0.000010 0.000010 0.000010 0.007018 0.000010 0.000010 0.000010 0.681605 0.002012 0.000010 0.000010
0.000010 0.287775 0.015136 0.000010 0.000010 0.000010 0.009361 0.000010 0.000010 0.000010 0.678604 0.002708 0.006336 0.000010
0.000010 0.123664 0.000010 0.023454 0.061725 0.110580 0.123138 0.000010 0.121220 0.118222 0.290325 0.000010 0.027622 0.000010
0.000010 0.011401 0.085679 0.027726 0.162810 0.276440 0.301399 0.000010 0.019582 0.034599 0.000700 0.036400 0.025411 0.017834
0.000010 0.000010 0.000010 0.000010 0.205323 0.302158 0.310264 0.018775 0.000010 0.021817 0.023658 0.079559 0.011832 0.026565
0.000010 0.000010 0.999870 0.000010 0.000010 0.000010 0.000010 0.000010 0.000010 0.000010 0.000010 0.000010 0.000010 0.000010
0.018783 0.000010 0.013517 0.033696 0.307561 0.120019 0.242022 0.000010 0.054624 0.042038 0.047155 0.120545 0.000010 0.000010
0.000010 0.000010 0.999870 0.000010 0.000010 0.000010 0.000010 0.000010 0.000010 0.000010 0.000010 0.000010 0.000010 0.000010
0.000010 0.000010 0.000010 0.059684 0.243178 0.221054 0.335014 0.000010 0.000010 0.040072 0.000010 0.043096 0.057832 0.000010
0.000445 0.000010 0.006298 0.000010 0.329411 0.111733 0.305461 0.000010 0.043789 0.060751 0.000010 0.126278 0.007234 0.008560
0.000010 0.000010 0.000010 0.000010 0.000010 0.000010 0.000010 0.000010 0.000010 0.000010 0.000010 0.000010 0.999870 0.000010
0.000010 0.000010 0.006680 0.000010 0.002904 0.078389 0.000010 0.866390 0.005524 0.000010 0.000010 0.010092 0.029950 0.000010
0.000010 0.000010 0.000010 0.000010 0.483296 0.376128 0.023721 0.000010 0.000010 0.040950 0.000010 0.056525 0.001619 0.017691
0.040074 0.000010 0.014615 0.011441 0.507246 0.352521 0.000010 0.000010 0.000010 0.000010 0.000010 0.074022 0.000010 0.000010
0.181545 0.000010 0.012746 0.055263 0.061938 0.023793 0.024966 0.620197 0.000010 0.000010 0.000010 0.000010 0.000146 0.019357
0.000010 0.000010 0.025396 0.000010 0.949316 0.025178 0.000010 0.000010 0.000010 0.000010 0.000010 0.000010 0.000010 0.000010
0.048487 0.000010 0.000010 0.000010 0.660945 0.161071 0.000010 0.067736 0.000010 0.018929 0.000010 0.012502 0.019307 0.010964
0.000010 0.000010 0.024878 0.000010 0.368247 0.053797 0.036243 0.432495 0.000010 0.000010 0.007390 0.062223 0.014668 0.000010
0.000010 0.000010 0.011197 0.018034 0.733527 0.185470 0.000010 0.001897 0.000010 0.015512 0.000010 0.000010 0.011174 0.023128
0.000010 0.000010 0.011424 0.006841 0.458667 0.233452 0.081240 0.061532 0.000010 0.006283 0.000010 0.066648 0.043700 0.030172
0.000010 0.020933 0.039565 0.089855 0.073020 0.000010 0.243378 0.193622 0.018273 0.000010 0.000010 0.002177 0.085456 0.233681
0.000010 0.606440 0.000010 0.000010 0.000010 0.000010 0.000010 0.000010 0.000010 0.179077 0.000010 0.000010 0.000010 0.214373
0.000010 0.000010 0.000010 0.000010 0.018734 0.181365 0.050224 0.000010 0.024785 0.012326 0.000010 0.000010 0.025209 0.687286
0.000010 0.000010 0.000010 0.000010 0.000010 0.087158 0.000010 0.883802 0.000010 0.000010 0.000010 0.000010 0.028930 0.000010
0.000010 0.000010 0.000010 0.019115 0.358061 0.128472 0.271685 0.000010 0.000010 0.016600 0.000010 0.129526 0.026064 0.050417
0.000010 0.000010 0.064528 0.000010 0.215626 0.248697 0.226121 0.023749 0.038890 0.041737 0.000010 0.123938 0.000010 0.016664
0.000010 0.000010 0.042888 0.000010 0.052914 0.202303 0.394944 0.066118 0.000010 0.000010 0.000010 0.196684 0.032759 0.011330
0.000010 0.000010 0.019276 0.072117 0.217643 0.566591 0.000010 0.000010 0.000010 0.000010 0.000010 0.014860 0.109433 0.000010
0.000010 0.000010 0.042596 0.000010 0.507626 0.410697 0.000010 0.017451 0.000010 0.000010 0.000010 0.002110 0.000010 0.019439
0.000010 0.000010 0.000010 0.058021 0.231147 0.523449 0.000010 0.037436 0.000010 0.008958 0.000010 0.076617 0.064303 0.000010
0.000010 0.000010 0.000010 0.000010 0.703613 0.120595 0.074542 0.011982 0.000010 0.000010 0.000010 0.039807 0.049382 0.000010
0.000010 0.000010 0.004699 0.000010 0.797750 0.125351 0.000010 0.003111 0.000010 0.000010 0.000010 0.007243 0.014651 0.047125
0.000010 0.008859 0.054045 0.048000 0.564132 0.204785 0.000010 0.024432 0.000010 0.000010 0.000010 0.087948 0.007739 0.000010
0.000010 0.999870 0.000010 0.000010 0.000010 0.000010 0.000010 0.000010 0.000010 0.000010 0.000010 0.000010 0.000010 0.000010
0.000010 0.000010 0.051685 0.000010 0.500127 0.382582 0.000010 0.040796 0.000010 0.000010 0.000010 0.000010 0.000010 0.024720
0.000010 0.000010 0.017008 0.092486 0.737557 0.016308 0.067296 0.000010 0.000010 0.000010 0.000010 0.021443 0.044889 0.002954
0.000010 0.000010 0.010521 0.197475 0.043132 0.167307 0.000010 0.570522 0.000010 0.000010 0.000010 0.000010 0.010962 0.000010
0.000010 0.000010 0.000010 0.249163 0.031790 0.100808 0.003902 0.556161 0.000010 0.000010 0.000010 0.020946 0.018025 0.019144
0.000010 0.000010 0.000010 0.041677 0.078710 0.095610 0.000010 0.016867 0.008784 0.000010 0.000010 0.000010 0.758272 0.000010
0.224377 0.000010 0.021649 0.000010 0.000010 0.040598 0.000010 0.674025 0.000010 0.000010 0.000010 0.000010 0.000010 0.039262
0.000010 0.999870 0.000010 0.000010 0.000010 0.000010 0.000010 0.000010 0.000010 0.000010 0.000010 0.000010 0.000010 0.000010
0.000010 0.000010 0.076419 0.000010 0.043511 0.000010 0.022558 0.000010 0.110685 0.000010 0.717646 0.000010 0.029101 0.000010
0.000010 0.000010 0.000010 0.599055 0.033895 0.007648 0.000010 0.304342 0.000010 0.000010 0.000010 0.014958 0.040024 0.000010
0.000010 0.000010 0.006241 0.038807 0.208845 0.445839 0.061257 0.134155 0.000010 0.026730 0.000010 0.000010 0.060140 0.017936
0.017606 0.002262 0.068848 0.000010 0.000010 0.000010 0.017003 0.000010 0.042846 0.010127 0.828138 0.000010 0.000010 0.013110
0.000010 0.000010 0.000010 0.000010 0.086025 0.010620 0.011312 0.001181 0.062784 0.000010 0.792766 0.000010 0.035147 0.000105
0.000010 0.050558 0.023508 0.000013 0.084951 0.018919 0.000010 0.000010 0.095023 0.000010 0.720948 0.000010 0.000010 0.006020
0.000010 0.010683 0.008314 0.000010 0.000010 0.041783 0.000010 0.000010 0.075813 0.000010 0.822272 0.041055 0.000010 0.000010
0.000010 0.033610 0.030086 0.000010 0.002305 0.005475 0.069697 0.000010 0.021267 0.000465 0.829564 0.007482 0.000010 0.000010
0.062534 0.000010 0.022333 0.078257 0.060774 0.368965 0.010952 0.070381 0.000010 0.002966 0.255457 0.000010 0.033438 0.033912
0.000010 0.000010 0.000010 0.000010 0.000010 0.000010 0.999870 0.000010 0.000010 0.000010 0.000010 0.000010 0.000010 0.000010
0.000010 0.000010 0.000010 0.000010 0.000010 0.000010 0.999870 0.000010 0.000010 0.000010 0.000010 0.000010 0.000010 0.000010
0.013900 0.000010 0.000010 0.398050 0.041194 0.376070 0.041172 0.097295 0.000010 0.001783 0.000010 0.021993 0.008493 0.000010
0.032553 0.000010 0.000010 0.127051 0.043246 0.000010 0.000010 0.746309 0.000010 0.000010 0.022497 0.000010 0.000010 0.028264
0.000010 0.000010 0.000010 0.000010 0.000010 0.000010 0.999870 0.000010 0.000010 0.000010 0.000010 0.000010 0.000010 0.000010
0.000010 0.000010 0.000010 0.000010 0.000010 0.995141 0.000010 0.000010 0.000010 0.000010 0.000010 0.000010 0.004739 0.000010
0.000010 0.000010 0.000010 0.000010 0.000010 0.000010 0.999870 0.000010 0.000010 0.000010 0.000010 0.000010 0.000010 0.000010
0.000010 0.000010 0.002935 0.110748 0.135206 0.556904 0.000010 0.139248 0.000010 0.000010 0.000010 0.021144 0.033744 0.000010
0.000010 0.000010 0.000010 0.000010 0.000010 0.000010 0.000010 0.000010 0.000010 0.000010 0.000010 0.000010 0.000010 0.999870
0.000010 0.000010 0.006744 0.283089 0.010592 0.078856 0.000010 0.603331 0.000010 0.000010 0.000010 0.017307 0.000010 0.000010
0.000010 0.000010 0.000010 0.000010 0.000010 0.000010 0.567381 0.000013 0.000010 0.000010 0.000010 0.000010 0.000010 0.432496
0.000010 0.000010 0.000010 0.999870 0.000010 0.000010 0.000010 0.000010 0.000010 0.000010 0.000010 0.000010 0.000010 0.000010
0.000010 0.000010 0.006715 0.000010 0.000010 0.866491 0.064551 0.017286 0.000010 0.000010 0.000010 0.000010 0.044866 0.000010
0.000010 0.000010 0.000010 0.073444 0.106918 0.567081 0.042008 0.151086 0.000010 0.000010 0.000010 0.028407 0.020676 0.010319
0.000010 0.000010 0.000010 0.056541 0.000010 0.120734 0.001411 0.811350 0.000010 0.000010 0.000010 0.009874 0.000010 0.000010
0.000010 0.000402 0.350512 0.000010 0.087203 0.092105 0.288170 0.008957 0.049453 0.000010 0.025805 0.084389 0.012964 0.000010
0.006342 0.000010 0.000010 0.051721 0.116513 0.273717 0.003435 0.525264 0.000010 0.000010 0.000010 0.009467 0.013481 0.000010
0.000010 0.000010 0.018619 0.037991 0.020596 0.165135 0.000010 0.743058 0.000010 0.000010 0.000010 0.000124 0.014407 0.000010
0.000010 0.000010 0.004517 0.093580 0.059586 0.000010 0.000010 0.842217 0.000010 0.000010 0.000010 0.000010 0.000010 0.000010
0.000010 0.000010 0.000010 0.038529 0.184282 0.617835 0.000010 0.082199 0.000010 0.005898 0.000010 0.017009 0.054178 0.000010
0.000010 0.000010 0.000010 0.999870 0.000010 0.000010 0.000010 0.000010 0.000010 0.000010 0.000010 0.000010 0.000010 0.000010
0.000010 0.000010 0.000010 0.000010 0.000010 0.000010 0.000010 0.000010 0.000010 0.000010 0.000010 0.000010 0.000010 0.999870
0.000010 0.000010 0.000010 0.000010 0.000010 0.000010 0.000010 0.000010 0.000010 0.000010 0.000010 0.000010 0.000010 0.999870
0.000010 0.000010 0.000010 0.152453 0.019778 0.056389 0.018570 0.719258 0.000010 0.000010 0.000010 0.000010 0.033471 0.000010
0.000010 0.000010 0.000010 0.000010 0.000011 0.000010 0.000010 0.000010 0.000010 0.000010 0.000010 0.000010 0.000010 0.999869
0.000010 0.000010 0.032254 0.000010 0.000010 0.217855 0.000010 0.746174 0.000010 0.000010 0.000010 0.000010 0.000010 0.003617
0.000010 0.000010 0.000010 0.000010 0.000010 0.000010 0.000010 0.999870 0.000010 0.000010 0.000010 0.000010 0.000010 0.000010
0.000010 0.000010 0.000010 0.000010 0.000010 0.000010 0.000010 0.000010 0.000010 0.000010 0.000010 0.000010 0.000010 0.999870
0.000010 0.000010 0.000010 0.000010 0.000010 0.000010 0.000010 0.000010 0.000010 0.000010 0.000010 0.000010 0.000010 0.999870
0.000010 0.000010 0.000010 0.000010 0.000010 0.000010 0.000010 0.000010 0.000010 0.000010 0.000010 0.000010 0.000010 0.999870
0.000010 0.000010 0.000010 0.000010 0.000010 0.000010 0.000010 0.000010 0.000010 0.000010 0.000010 0.000010 0.000010 0.999870
0.000010 0.000010 0.000010 0.017885 0.020307 0.054355 0.037139 0.000010 0.017388 0.000010 0.000010 0.000010 0.000010 0.852847
0.000010 0.000010 0.039341 0.091317 0.095848 0.667779 0.000010 0.078589 0.000010 0.000010 0.006321 0.020736 0.000010 0.000010
0.000010 0.000010 0.000010 0.057674 0.147199 0.753957 0.000010 0.037349 0.000010 0.000010 0.000010 0.003732 0.000010 0.000010
0.000010 0.000010 0.000010 0.000010 0.000010 0.000010 0.000010 0.000010 0.000010 0.000010 0.000010 0.000010 0.000010 0.999870
0.384742 0.000010 0.000010 0.000010 0.000010 0.100265 0.007047 0.365031 0.000010 0.000010 0.000010 0.000010 0.000010 0.142825
0.000010 0.000010 0.000010 0.330012 0.000010 0.069251 0.000010 0.544125 0.000010 0.000010 0.000010 0.000010 0.048827 0.007695
0.000010 0.000013 0.000010 0.000010 0.000010 0.000010 0.000010 0.000010 0.000010 0.000010 0.000010 0.000010 0.000010 0.999867
0.000010 0.000010 0.024147 0.000010 0.000010 0.000010 0.003313 0.000010 0.003051 0.000010 0.000010 0.000010 0.013738 0.955662
0.000010 0.000010 0.000010 0.000010 0.000010 0.000010 0.000010 0.000010 0.000010 0.000010 0.000010 0.000010 0.000010 0.999870
0.064383 0.000010 0.000010 0.055639 0.153215 0.332875 0.020162 0.089215 0.000010 0.000010 0.000010 0.041462 0.242989 0.000010
0.000010 0.000010 0.000010 0.117415 0.179457 0.625675 0.000010 0.044432 0.000010 0.000010 0.000010 0.000010 0.032931 0.000010
0.000010 0.000010 0.000010 0.043377 0.098667 0.759039 0.000010 0.082957 0.000010 0.000010 0.000010 0.000010 0.015871 0.000010
0.000010 0.000010 0.000010 0.054484 0.262250 0.601353 0.000010 0.018001 0.000010 0.000010 0.000010 0.040772 0.023059 0.000010
0.000010 0.000010 0.000011 0.004735 0.000011 0.000011 0.053257 0.040260 0.000010 0.000010 0.000010 0.000010 0.000010 0.901645
0.000010 0.205663 0.000010 0.000010 0.000010 0.000010 0.000010 0.000010 0.000010 0.311177 0.241371 0.000010 0.000010 0.241689
0.000010 0.000010 0.000010 0.000014 0.000010 0.000010 0.000010 0.000010 0.000010 0.000010 0.000010 0.000010 0.000010 0.999866
0.000010 0.000010 0.000010 0.000010 0.000010 0.000010 0.000010 0.000010 0.000010 0.000010 0.000010 0.000010 0.000010 0.999870
0.000010 0.000010 0.000010 0.000010 0.000010 0.000010 0.000010 0.000010 0.000017 0.000010 0.000010 0.000010 0.000010 0.999863
0.000010 0.000012 0.000010 0.000019 0.000010 0.000010 0.000010 0.000010 0.000010 0.000010 0.000010 0.000010 0.000010 0.999859
0.000010 0.000010 0.000010 0.000010 0.000010 0.000010 0.000010 0.000010 0.000010 0.000010 0.000010 0.000010 0.000010 0.999870
0.000010 0.000010 0.000010 0.000010 0.000010 0.000010 0.000010 0.000010 0.000010 0.000010 0.000010 0.000010 0.000010 0.999870
0.000010 0.000010 0.023586 0.000010 0.000010 0.460965 0.012354 0.162669 0.000010 0.000010 0.000010 0.022369 0.317977 0.000010
0.000010 0.000010 0.000010 0.000010 0.000010 0.000010 0.000010 0.000010 0.000010 0.000010 0.000010 0.000010 0.000010 0.999870
0.043523 0.000010 0.006861 0.000010 0.005032 0.000010 0.006453 0.000010 0.054303 0.000010 0.000010 0.000010 0.000010 0.883749
0.018017 0.000010 0.000010 0.000010 0.000010 0.095052 0.000010 0.886820 0.000010 0.000010 0.000010 0.000010 0.000010 0.000010
0.001324 0.000010 0.000010 0.000010 0.000010 0.000010 0.088484 0.000010 0.012932 0.000010 0.000010 0.031909 0.022265 0.843005
0.319096 0.000010 0.014305 0.000010 0.000010 0.003592 0.000010 0.066924 0.000010 0.007300 0.000010 0.011695 0.040826 0.536202
0.000010 0.000010 0.000010 0.000010 0.000011 0.000010 0.000010 0.000010 0.000010 0.000010 0.000010 0.000010 0.000010 0.999869
0.000010 0.000010 0.000010 0.000010 0.000010 0.000010 0.000010 0.000010 0.000010 0.000010 0.000010 0.000010 0.000010 0.999870
0.000010 0.000010 0.000010 0.000010 0.000010 0.000013 0.000010 0.000010 0.000015 0.000010 0.000010 0.000010 0.000010 0.999862
0.000010 0.000010 0.000010 0.000012 0.000010 0.000010 0.000012 0.000010 0.000010 0.000010 0.000010 0.000010 0.000010 0.999866
0.000010 0.000010 0.012574 0.000010 0.000010 0.000010 0.000010 0.000010 0.000010 0.000010 0.000010 0.000010 0.007874 0.979442
0.000010 0.000010 0.000010 0.000010 0.000010 0.000010 0.000010 0.000010 0.000010 0.000010 0.000010 0.000010 0.000010 0.999870
0.000010 0.000010 0.000010 0.000010 0.000010 0.000010 0.000010 0.000010 0.000010 0.000010 0.000010 0.000010 0.999870 0.000010
0.000010 0.000010 0.000010 0.000010 0.000010 0.000010 0.000010 0.000010 0.999870 0.000010 0.000010 0.000010 0.000010 0.000010
0.000010 0.000010 0.000010 0.000010 0.000010 0.000010 0.000010 0.000010 0.999870 0.000010 0.000010 0.000010 0.000010 0.000010
0.000010 0.000010 0.000010 0.000010 0.000010 0.000010 0.000010 0.000010 0.999870 0.000010 0.000010 0.000010 0.000010 0.000010
0.000010 0.000010 0.000010 0.000010 0.000010 0.000010 0.000011 0.000010 0.000010 0.000010 0.000010 0.000010 0.000010 0.999869
0.000010 0.000010 0.000010 0.000010 0.000010 0.000010 0.000010 0.000010 0.000010 0.000010 0.000010 0.000010 0.000010 0.999870
0.000010 0.000010 0.000010 0.000010 0.000010 0.000010 0.000010 0.000010 0.999870 0.000010 0.000010 0.000010 0.000010 0.000010
0.000010 0.000010 0.000010 0.000010 0.000010 0.000010 0.000010 0.000010 0.999870 0.000010 0.000010 0.000010 0.000010 0.000010
0.000010 0.000010 0.000010 0.000010 0.000010 0.000010 0.000010 0.000010 0.999870 0.000010 0.000010 0.000010 0.000010 0.000010
0.000010 0.000010 0.000010 0.000010 0.000010 0.000010 0.000010 0.000010 0.000010 0.000010 0.000010 0.000010 0.000010 0.999870
0.000010 0.000010 0.000010 0.000010 0.000010 0.000010 0.000010 0.000010 0.000010 0.000010 0.000010 0.000010 0.000010 0.999870
0.000010 0.000010 0.882293 0.000010 0.000010 0.000010 0.117587 0.000010 0.000010 0.000010 0.000010 0.000010 0.000010 0.000010
0.000010 0.000010 0.000010 0.000010 0.000010 0.000010 0.000010 0.000010 0.000010 0.000010 0.000010 0.000010 0.000010 0.999870
0.000010 0.000010 0.000010 0.000010 0.000010 0.000010 0.000010 0.054839 0.000010 0.000010 0.000010 0.945041 0.000010 0.000010
0.000010 0.000010 0.000010 0.000010 0.000010 0.000010 0.000010 0.000010 0.000010 0.999870 0.000010 0.000010 0.000010 0.000010
0.000010 0.000010 0.000010 0.000010 0.000010 0.000010 0.000010 0.000010 0.000010 0.999870 0.000010 0.000010 0.000010 0.000010
0.114590 0.000010 0.000010 0.123633 0.132119 0.050340 0.000010 0.525070 0.000010 0.000010 0.000010 0.053827 0.000352 0.000010
0.000010 0.000010 0.000010 0.000010 0.000010 0.000010 0.000010 0.000010 0.000010 0.999870 0.000010 0.000010 0.000010 0.000010
0.000010 0.000010 0.000010 0.000010 0.000010 0.000010 0.035366 0.000010 0.010877 0.000010 0.901392 0.004181 0.036524 0.011580
0.000010 0.000010 0.070749 0.000010 0.161530 0.177761 0.367371 0.000010 0.044761 0.000010 0.070500 0.098951 0.000010 0.008318
0.379330 0.009439 0.000010 0.034748 0.074621 0.047881 0.002647 0.334967 0.000010 0.000010 0.000010 0.039447 0.025408 0.051472
0.000010 0.000010 0.000010 0.072054 0.000010 0.020623 0.141547 0.003158 0.685935 0.029917 0.000010 0.000010 0.035078 0.011628
0.745239 0.000010 0.000010 0.000010 0.000010 0.000010 0.000010 0.000010 0.000010 0.000010 0.000010 0.000010 0.000010 0.254641
0.731214 0.000010 0.000010 0.000010 0.000010 0.000010 0.000014 0.000010 0.000010 0.000010 0.000010 0.000010 0.000010 0.268662
0.002995 0.000010 0.000010 0.000010 0.000010 0.188288 0.000010 0.802896 0.000010 0.000010 0.000010 0.000010 0.005722 0.000010
0.051397 0.000010 0.017372 0.000010 0.033620 0.023775 0.089411 0.000010 0.032798 0.017121 0.000010 0.038387 0.025506 0.670573
0.000010 0.011815 0.022585 0.056720 0.199143 0.258349 0.000010 0.347060 0.000010 0.001977 0.011614 0.000010 0.088319 0.002379
0.065399 0.000010 0.000010 0.042588 0.031888 0.068559 0.000010 0.725360 0.000010 0.000010 0.000010 0.000010 0.000010 0.066127
0.298436 0.000010 0.002056 0.057901 0.000010 0.037238 0.000010 0.310966 0.000010 0.000010 0.000010 0.000010 0.000010 0.293322
0.000010 0.000010 0.000010 0.036946 0.301539 0.064239 0.425604 0.000017 0.000010 0.000010 0.000010 0.168834 0.002750 0.000010
0.000010 0.000010 0.000010 0.821538 0.000010 0.127904 0.000010 0.000010 0.000010 0.000010 0.000010 0.026857 0.009934 0.013676
0.000010 0.000010 0.036711 0.000010 0.147334 0.655665 0.000010 0.036850 0.000010 0.000010 0.000010 0.093774 0.026614 0.002982
0.000010 0.000010 0.000010 0.000010 0.000010 0.043333 0.160751 0.011074 0.770160 0.000010 0.000010 0.014332 0.000010 0.000269
0.117771 0.000010 0.000010 0.000010 0.000010 0.000010 0.000010 0.000010 0.014100 0.000010 0.000010 0.000010 0.000010 0.868019
0.000010 0.000010 0.040643 0.016393 0.000010 0.038391 0.124558 0.000010 0.747229 0.000010 0.011098 0.021618 0.000010 0.000010
0.000010 0.000010 0.000010 0.000010 0.000010 0.000010 0.000010 0.000010 0.999870 0.000010 0.000010 0.000010 0.000010 0.000010
0.023010 0.000010 0.000010 0.074102 0.127843 0.285599 0.000010 0.397902 0.000010 0.000010 0.010236 0.000010 0.081238 0.000010
0.000010 0.000010 0.023723 0.000010 0.000010 0.398685 0.000011 0.577480 0.000010 0.000012 0.000010 0.000010 0.000010 0.000010
0.000010 0.000010 0.339556 0.000010 0.000010 0.000010 0.000010 0.000010 0.000010 0.000010 0.660324 0.000010 0.000010 0.000010
0.026691 0.000010 0.011789 0.000010 0.000010 0.425807 0.000010 0.493844 0.000010 0.000010 0.018100 0.019950 0.000010 0.003749
0.000010 0.000010 0.000010 0.000010 0.000010 0.302671 0.000010 0.687303 0.000010 0.000010 0.000010 0.009916 0.000010 0.000010
0.000010 0.009048 0.000010 0.047972 0.045301 0.039701 0.000010 0.830599 0.000010 0.000010 0.008250 0.000010 0.019058 0.000010
0.051736 0.000010 0.000010 0.000010 0.343208 0.043451 0.260055 0.037078 0.093788 0.000036 0.031634 0.138963 0.000010 0.000010
0.000010 0.000010 0.000010 0.000010 0.000010 0.000010 0.999870 0.000010 0.000010 0.000010 0.000010 0.000010 0.000010 0.000010
0.000010 0.000010 0.023667 0.000010 0.000010 0.283029 0.015416 0.453633 0.000010 0.000010 0.000010 0.074406 0.141438 0.008340
0.000010 0.000010 0.000010 0.000010 0.000010 0.000010 0.000010 0.000010 0.999870 0.000010 0.000010 0.000010 0.000010 0.000010
0.000010 0.000010 0.000010 0.000010 0.000010 0.938198 0.000010 0.000010 0.000010 0.000010 0.000010 0.000010 0.061682 0.000010
0.254847 0.000010 0.000010 0.033771 0.078172 0.087200 0.000010 0.457707 0.000010 0.000010 0.000010 0.033850 0.000010 0.054383
0.000010 0.000010 0.008986 0.000010 0.144340 0.000010 0.000010 0.000010 0.449766 0.190339 0.196609 0.000010 0.008689 0.001201
0.000010 0.000010 0.025545 0.090511 0.036009 0.743775 0.053274 0.010957 0.000010 0.000010 0.011433 0.000010 0.028435 0.000010
0.000010 0.000010 0.000010 0.000010 0.000010 0.000010 0.000010 0.000010 0.000010 0.000010 0.000010 0.000010 0.000010 0.999870
0.077572 0.000010 0.000010 0.000010 0.000010 0.312396 0.000010 0.529412 0.000010 0.000010 0.000010 0.000010 0.072629 0.007901
0.060264 0.000010 0.000010 0.000010 0.000010 0.346409 0.000010 0.529008 0.000010 0.000010 0.000010 0.000010 0.060843 0.003385
0.003385 0.000010 0.002051 0.007621 0.000010 0.422475 0.044113 0.496169 0.017674 0.000010 0.000010 0.000010 0.000010 0.006452
0.000010 0.000010 0.000010 0.038117 0.048018 0.018531 0.000010 0.766589 0.000010 0.000010 0.000010 0.110078 0.010464 0.008133
0.653779 0.000010 0.000010 0.034183 0.154775 0.000010 0.000010 0.118821 0.000010 0.000010 0.000010 0.000010 0.000010 0.038352
0.093891 0.000010 0.007726 0.000010 0.000010 0.618805 0.008420 0.052955 0.000010 0.000010 0.000010 0.083378 0.093478 0.041288
0.038800 0.000010 0.018277 0.162895 0.000010 0.000010 0.000010 0.779929 0.000010 0.000010 0.000010 0.000010 0.000010 0.000010
0.013886 0.000010 0.000010 0.028413 0.000010 0.000010 0.000010 0.947427 0.000010 0.000010 0.000010 0.000010 0.000010 0.010174
0.070589 0.000010 0.000010 0.024188 0.000010 0.594966 0.045777 0.007443 0.000010 0.000010 0.000010 0.028882 0.211504 0.016591
0.149194 0.000010 0.000010 0.040466 0.000010 0.023636 0.000010 0.688202 0.000010 0.000010 0.000010 0.000010 0.000010 0.098412
0.117991 0.000010 0.000010 0.000010 0.117041 0.595597 0.000010 0.000010 0.000010 0.000010 0.000010 0.000010 0.116845 0.052437
0.039189 0.000010 0.000010 0.024757 0.000010 0.180328 0.018263 0.677185 0.011053 0.000010 0.000010 0.000010 0.000010 0.049156
0.019759 0.000010 0.005574 0.163123 0.000010 0.164848 0.000010 0.601278 0.000010 0.000010 0.000010 0.035244 0.010103 0.000010
0.000010 0.000010 0.000010 0.000010 0.000010 0.976135 0.000010 0.000010 0.000010 0.000010 0.023745 0.000010 0.000010 0.000010
0.000010 0.000010 0.016456 0.000010 0.018416 0.039356 0.001085 0.879576 0.000010 0.000010 0.000010 0.024240 0.007126 0.013686
0.388453 0.000010 0.000010 0.067618 0.000010 0.029060 0.001027 0.195856 0.000010 0.025322 0.000010 0.000010 0.000010 0.292594
0.000010 0.000010 0.000010 0.019988 0.000010 0.152460 0.000010 0.803454 0.000010 0.000010 0.000010 0.005801 0.000010 0.018207
0.339391 0.000010 0.000012 0.045659 0.000010 0.036999 0.000010 0.289913 0.000010 0.000010 0.000010 0.000010 0.000010 0.287947
0.026849 0.000010 0.000010 0.000010 0.009391 0.229748 0.004062 0.543767 0.000010 0.000010 0.000010 0.042212 0.131887 0.012023
0.128250 0.000010 0.003479 0.068657 0.000229 0.033018 0.000010 0.734293 0.000010 0.000010 0.000010 0.000010 0.000010 0.032004
0.000010 0.000010 0.000010 0.000010 0.000010 0.322512 0.000010 0.638619 0.000010 0.000010 0.000010 0.038759 0.000010 0.000010
0.810354 0.000010 0.000010 0.000010 0.000010 0.000010 0.000010 0.000010 0.000010 0.000010 0.000010 0.000010 0.000010 0.189526
0.999870 0.000010 0.000010 0.000010 0.000010 0.000010 0.000010 0.000010 0.000010 0.000010 0.000010 0.000010 0.000010 0.000010
0.000010 0.000010 0.999870 0.000010 0.000010 0.000010 0.000010 0.000010 0.000010 0.000010 0.000010 0.000010 0.000010 0.000010
0.772370 0.000010 0.153777 0.000010 0.000010 0.000010 0.000010 0.000010 0.000010 0.000010 0.000010 0.000010 0.000010 0.073744
0.766306 0.000010 0.077983 0.000010 0.000010 0.000010 0.000010 0.000010 0.000010 0.000010 0.000010 0.000010 0.000010 0.155601
0.948309 0.000010 0.012475 0.000010 0.000010 0.000010 0.000010 0.000010 0.000010 0.000010 0.000010 0.039106 0.000010 0.000010
0.454524 0.000010 0.086382 0.000010 0.032746 0.000010 0.400704 0.016986 0.004668 0.000010 0.000010 0.003921 0.000010 0.000010
0.651497 0.000010 0.033806 0.000010 0.000010 0.172152 0.000010 0.007839 0.000010 0.000010 0.000010 0.000010 0.004105 0.130520
0.000010 0.000010 0.999870 0.000010 0.000010 0.000010 0.000010 0.000010 0.000010 0.000010 0.000010 0.000010 0.000010 0.000010
0.000010 0.000010 0.051612 0.023432 0.075452 0.043101 0.098571 0.432098 0.000010 0.000010 0.000010 0.012217 0.263457 0.000010
0.999870 0.000010 0.000010 0.000010 0.000010 0.000010 0.000010 0.000010 0.000010 0.000010 0.000010 0.000010 0.000010 0.000010
0.224847 0.000010 0.775033 0.000010 0.000010 0.000010 0.000010 0.000010 0.000010 0.000010 0.000010 0.000010 0.000010 0.000010
0.000010 0.000010 0.000010 0.000010 0.000010 0.000010 0.936875 0.002899 0.060116 0.000010 0.000010 0.000010 0.000010 0.000010
0.000010 0.000010 0.000010 0.000010 0.047302 0.000010 0.000010 0.014438 0.547402 0.160652 0.133509 0.026836 0.069792 0.000010
0.000010 0.000010 0.000010 0.015779 0.054751 0.000010 0.054161 0.000010 0.548895 0.175820 0.125571 0.024953 0.000010 0.000010
0.000010 0.000010 0.000010 0.000010 0.000010 0.000010 0.999870 0.000010 0.000010 0.000010 0.000010 0.000010 0.000010 0.000010
0.906093 0.000010 0.016481 0.000010 0.000010 0.000010 0.000010 0.077317 0.000010 0.000010 0.000010 0.000010 0.000010 0.000010
0.948432 0.000010 0.051448 0.000010 0.000010 0.000010 0.000010 0.000010 0.000010 0.000010 0.000010 0.000010 0.000010 0.000010
0.098939 0.000010 0.900941 0.000010 0.000010 0.000010 0.000010 0.000010 0.000010 0.000010 0.000010 0.000010 0.000010 0.000010
0.000010 0.000010 0.009829 0.000010 0.146527 0.000010 0.000010 0.000010 0.181375 0.417571 0.185230 0.037484 0.021913 0.000010
0.000010 0.000010 0.000010 0.000010 0.000010 0.000010 0.000010 0.000010 0.000010 0.999870 0.000010 0.000010 0.000010 0.000010
0.000010 0.039052 0.118474 0.029115 0.001670 0.000010 0.000010 0.000010 0.074458 0.000010 0.737030 0.000010 0.000010 0.000131
0.837014 0.000010 0.025485 0.000010 0.088336 0.000010 0.000010 0.045295 0.000010 0.000010 0.000010 0.003779 0.000010 0.000010
0.000010 0.000010 0.017398 0.215653 0.000010 0.000010 0.002152 0.764697 0.000010 0.000010 0.000010 0.000010 0.000010 0.000010
0.000010 0.000010 0.000447 0.141115 0.057163 0.082297 0.000010 0.656997 0.000010 0.000010 0.000010 0.037788 0.024124 0.000010
0.000010 0.000010 0.000010 0.000010 0.683457 0.302770 0.000010 0.000010 0.000010 0.000010 0.000010 0.013663 0.000010 0.000010
0.000010 0.000010 0.000010 0.069030 0.705029 0.188564 0.000010 0.000010 0.028092 0.000010 0.000010 0.000010 0.009195 0.000010
0.050667 0.000010 0.000650 0.000010 0.006018 0.000010 0.000010 0.890115 0.000010 0.000010 0.000010 0.008682 0.033507 0.010292
0.429949 0.000010 0.000010 0.075283 0.000010 0.000010 0.000010 0.109408 0.000010 0.000010 0.000010 0.000010 0.048378 0.336892
0.219549 0.000010 0.000010 0.084719 0.000010 0.377383 0.000010 0.139319 0.000010 0.003523 0.000010 0.020717 0.042233 0.112497
0.116038 0.000010 0.036674 0.018652 0.116486 0.242058 0.052684 0.375836 0.000010 0.002195 0.000010 0.000010 0.000010 0.039327
0.000010 0.999870 0.000010 0.000010 0.000010 0.000010 0.000010 0.000010 0.000010 0.000010 0.000010 0.000010 0.000010 0.000010
0.006910 0.000010 0.008972 0.206421 0.077070 0.128197 0.015462 0.516210 0.000010 0.000010 0.000010 0.022266 0.015057 0.003395
0.003035 0.000010 0.036453 0.034021 0.000010 0.013984 0.000010 0.887072 0.000010 0.000010 0.000010 0.018116 0.000010 0.007250
0.050230 0.000010 0.005289 0.644985 0.039308 0.138863 0.021265 0.099511 0.000010 0.000010 0.000010 0.000010 0.000489 0.000010
0.000010 0.000010 0.000010 0.099695 0.036177 0.160811 0.000010 0.587682 0.000010 0.000010 0.000010 0.069349 0.044345 0.001871
0.000010 0.000010 0.000010 0.629171 0.000010 0.206253 0.000010 0.132707 0.000010 0.000010 0.000010 0.023466 0.000010 0.008313
0.017129 0.000010 0.021045 0.046153 0.136665 0.424566 0.000010 0.336830 0.000010 0.000010 0.002556 0.007675 0.007332 0.000010
0.000010 0.000010 0.999870 0.000010 0.000010 0.000010 0.000010 0.000010 0.000010 0.000010 0.000010 0.000010 0.000010 0.000010
0.030309 0.000010 0.016664 0.054465 0.282052 0.050091 0.000010 0.563250 0.000010 0.000010 0.000010 0.000010 0.000010 0.003100
0.000010 0.000010 0.000010 0.163053 0.028178 0.220547 0.000010 0.551615 0.000010 0.000010 0.000010 0.029079 0.000010 0.007449
0.000010 0.000010 0.002454 0.105203 0.137778 0.129615 0.018526 0.577940 0.000010 0.000010 0.000010 0.028414 0.000010 0.000010
0.070349 0.000010 0.000010 0.012772 0.113712 0.571663 0.000010 0.167879 0.000010 0.000010 0.000010 0.000010 0.041516 0.022040
0.000010 0.000010 0.003803 0.000010 0.032231 0.000010 0.016423 0.934066 0.000010 0.000010 0.000010 0.013386 0.000010 0.000010
0.000010 0.000010 0.000010 0.000010 0.000010 0.000010 0.000010 0.099115 0.000010 0.000010 0.000010 0.900765 0.000010 0.000010
0.000010 0.000010 0.000010 0.094700 0.226265 0.630945 0.000010 0.000010 0.000010 0.017850 0.000010 0.016989 0.000010 0.013171
0.000010 0.000010 0.047185 0.055409 0.360719 0.320432 0.000010 0.061006 0.000010 0.000012 0.000010 0.113816 0.035846 0.005525
0.000010 0.000010 0.033800 0.097372 0.410848 0.367559 0.000010 0.007622 0.005266 0.005622 0.000010 0.000010 0.042835 0.029026
0.023607 0.000010 0.000010 0.000010 0.237906 0.474900 0.000010 0.201061 0.000010 0.000010 0.000010 0.000010 0.062435 0.000010
0.000010 0.000010 0.002403 0.081350 0.000010 0.105977 0.000010 0.810169 0.000010 0.000010 0.000010 0.000010 0.000010 0.000010
0.000010 0.000010 0.000010 0.020476 0.053557 0.105109 0.000010 0.738728 0.000010 0.000583 0.000010 0.073640 0.000010 0.007837
0.000010 0.000010 0.000010 0.000010 0.240740 0.000010 0.000010 0.759140 0.000010 0.000010 0.000010 0.000010 0.000010 0.000010
0.000010 0.000010 0.000010 0.000010 0.107433 0.000010 0.000010 0.865085 0.000010 0.000010 0.000010 0.000010 0.027371 0.000010
0.000010 0.000010 0.003503 0.189354 0.276846 0.278970 0.031515 0.070796 0.000010 0.001988 0.000010 0.073827 0.049428 0.023734
0.125511 0.000010 0.000010 0.057874 0.295058 0.030325 0.000010 0.000010 0.000010 0.000010 0.000010 0.000010 0.013801 0.477350
0.209003 0.000010 0.000010 0.000010 0.009781 0.196066 0.033909 0.446614 0.000010 0.000010 0.000010 0.024806 0.039001 0.040760
0.289978 0.000010 0.000010 0.106245 0.000010 0.158869 0.000010 0.329663 0.000010 0.010868 0.000010 0.000010 0.000010 0.104297
0.000010 0.000010 0.000010 0.012828 0.944783 0.000010 0.000010 0.022464 0.000010 0.000010 0.000010 0.019824 0.000010 0.000010
0.008045 0.000010 0.000010 0.033411 0.000010 0.073843 0.000010 0.838601 0.000010 0.000010 0.000010 0.039817 0.005452 0.000762
0.000010 0.000010 0.010184 0.000010 0.000010 0.973515 0.000010 0.000010 0.000010 0.000010 0.000010 0.016190 0.000010 0.000010
0.000010 0.000010 0.000010 0.606484 0.000010 0.000010 0.000010 0.393396 0.000010 0.000010 0.000010 0.000010 0.000010 0.000010
0.000010 0.000010 0.000010 0.000010 0.000010 0.000010 0.000010 0.999870 0.000010 0.000010 0.000010 0.000010 0.000010 0.000010
0.000010 0.000010 0.000010 0.139171 0.002861 0.028146 0.000010 0.618539 0.000010 0.000010 0.000010 0.181498 0.029705 0.000010
0.018751 0.000010 0.000010 0.092770 0.298681 0.492040 0.012335 0.000010 0.000010 0.000010 0.000832 0.042073 0.019601 0.022868
0.000010 0.000010 0.000010 0.000010 0.000010 0.000010 0.000010 0.999870 0.000010 0.000010 0.000010 0.000010 0.000010 0.000010
0.000010 0.000010 0.000010 0.000010 0.951533 0.000010 0.000010 0.000010 0.000010 0.000010 0.000010 0.019734 0.028623 0.000010
0.000010 0.000010 0.000010 0.000010 0.982087 0.000010 0.000010 0.012997 0.000010 0.000010 0.000010 0.000010 0.000010 0.004806
0.000010 0.000010 0.000010 0.000010 0.957478 0.000010 0.000010 0.000010 0.000010 0.000010 0.000010 0.000010 0.042402 0.000010
0.000010 0.000010 0.000010 0.000010 0.977731 0.000010 0.000010 0.000010 0.000010 0.000010 0.000010 0.022149 0.000010 0.000010
0.005441 0.000010 0.001472 0.000010 0.992977 0.000010 0.000010 0.000010 0.000010 0.000010 0.000010 0.000010 0.000010 0.000010
0.074786 0.000010 0.000010 0.000010 0.077863 0.000010 0.000010 0.000010 0.004021 0.001020 0.000010 0.004392 0.007733 0.830115
0.126980 0.000010 0.000010 0.000010 0.116175 0.213291 0.000010 0.504921 0.000010 0.003262 0.000010 0.029030 0.006270 0.000010
0.052030 0.000010 0.009980 0.083748 0.000010 0.000010 0.000010 0.845273 0.000010 0.000010 0.000010 0.000010 0.008879 0.000010
0.000010 0.000010 0.000010 0.000010 0.218580 0.000010 0.000010 0.765451 0.000010 0.000010 0.000010 0.015859 0.000010 0.000010
0.051390 0.000010 0.006848 0.000010 0.088366 0.061354 0.000010 0.637722 0.000010 0.000010 0.000010 0.121432 0.024055 0.008772
0.000010 0.000010 0.027646 0.093662 0.000010 0.000010 0.000010 0.878582 0.000010 0.000010 0.000010 0.000010 0.000010 0.000010
0.000010 0.000010 0.000010 0.007008 0.992872 0.000010 0.000010 0.000010 0.000010 0.000010 0.000010 0.000010 0.000010 0.000010
0.000010 0.000010 0.000011 0.040821 0.000010 0.000010 0.007682 0.877568 0.008467 0.000010 0.000010 0.063460 0.000010 0.001921
0.000010 0.000010 0.000010 0.071163 0.135587 0.746114 0.000010 0.041958 0.000010 0.000010 0.000010 0.000010 0.005088 0.000010
0.000010 0.000010 0.000010 0.000010 0.000010 0.000010 0.000010 0.000010 0.000010 0.000010 0.000010 0.000010 0.000010 0.999870
0.000010 0.000010 0.000010 0.000010 0.298057 0.110501 0.519999 0.000010 0.000010 0.003923 0.000010 0.067430 0.000011 0.000010
0.000010 0.000010 0.000010 0.043026 0.400986 0.439655 0.000010 0.053612 0.000010 0.000010 0.000010 0.049017 0.001333 0.012300
0.000010 0.000010 0.000010 0.053704 0.634244 0.000010 0.000010 0.311942 0.000010 0.000010 0.000010 0.000010 0.000010 0.000010
0.000010 0.000010 0.013899 0.010006 0.480443 0.305514 0.069778 0.013805 0.000010 0.024313 0.000010 0.059388 0.022804 0.000010
0.000010 0.000010 0.004596 0.000010 0.958946 0.000010 0.033566 0.000010 0.000010 0.000010 0.000010 0.002793 0.000010 0.000010
0.000010 0.000010 0.003817 0.000010 0.654337 0.192612 0.016231 0.073544 0.000010 0.000010 0.000010 0.035299 0.000010 0.024091
