0.061882 0.034070 0.000010 0.000010 0.000010 0.011876 0.000010 0.000010 0.370031 0.000010 0.000010 0.483992 0.000010 0.038049 0.000010 0.000010
0.023095 0.000010 0.000010 0.000010 0.000010 0.008060 0.000010 0.000010 0.122683 0.004164 0.000010 0.841889 0.000010 0.000010 0.000010 0.000010
0.003812 0.000010 0.063704 0.000010 0.000010 0.301461 0.000010 0.000010 0.330721 0.000010 0.000010 0.211612 0.000017 0.026092 0.000010 0.062501
0.000010 0.877127 0.082390 0.000010 0.000010 0.000010 0.007284 0.000010 0.000010 0.000010 0.000010 0.000010 0.000010 0.033080 0.000010 0.000010
0.000010 0.000010 0.000010 0.000010 0.073352 0.234930 0.000010 0.000010 0.114385 0.000010 0.000010 0.511366 0.000010 0.000010 0.031398 0.034470
0.060129 0.000509 0.028775 0.000010 0.019058 0.016959 0.000010 0.000015 0.701259 0.000010 0.000010 0.142671 0.000010 0.000010 0.026456 0.004109
0.000010 0.356509 0.000010 0.000010 0.016340 0.000010 0.000010 0.000010 0.147740 0.000010 0.000010 0.048414 0.000010 0.430887 0.000010 0.000010
0.000010 0.000010 0.000010 0.000010 0.000010 0.000010 0.028073 0.023807 0.897741 0.000010 0.000010 0.050259 0.000010 0.000010 0.000010 0.000010
0.174679 0.033741 0.000010 0.000010 0.034345 0.000010 0.000010 0.075469 0.006925 0.000010 0.000010 0.674742 0.000010 0.000010 0.000010 0.000010
0.014216 0.000010 0.000010 0.000010 0.000939 0.011798 0.000010 0.060293 0.850618 0.000010 0.000010 0.062036 0.000010 0.000010 0.000010 0.000010
0.027834 0.000010 0.000010 0.000010 0.264740 0.000010 0.016058 0.065913 0.508999 0.000010 0.000010 0.116356 0.000010 0.000010 0.000010 0.000010
0.168109 0.000010 0.000010 0.000010 0.055338 0.011905 0.007867 0.000010 0.266832 0.004505 0.000010 0.452591 0.000010 0.000010 0.032773 0.000010
0.201425 0.000010 0.685133 0.000010 0.000010 0.002657 0.037000 0.004738 0.000010 0.000010 0.000010 0.000010 0.000010 0.000010 0.068947 0.000010
0.306973 0.421309 0.203054 0.000010 0.000010 0.000010 0.000010 0.000010 0.000010 0.000010 0.000010 0.000010 0.000010 0.068544 0.000010 0.000010
0.000010 0.000461 0.000010 0.000010 0.036621 0.000010 0.000010 0.011327 0.874189 0.003776 0.000010 0.050347 0.000010 0.000010 0.015758 0.007440
0.032369 0.000010 0.001285 0.000010 0.000010 0.100626 0.000010 0.018900 0.276824 0.007342 0.000010 0.481052 0.000010 0.032591 0.048941 0.000010
0.003588 0.024919 0.000010 0.000010 0.081638 0.127391 0.000010 0.032105 0.606795 0.000010 0.000010 0.105539 0.000010 0.017945 0.000010 0.000010
0.000010 0.243656 0.001319 0.000010 0.030441 0.010340 0.000010 0.000010 0.350680 0.000010 0.000010 0.000010 0.000010 0.363464 0.000010 0.000010
0.000010 0.000010 0.000010 0.000010 0.036539 0.000010 0.034063 0.705791 0.215060 0.000010 0.000010 0.000010 0.000010 0.000010 0.000010 0.008436
0.000010 0.000010 0.000010 0.000010 0.000010 0.000010 0.002611 0.000010 0.000010 0.992820 0.004439 0.000010 0.000010 0.000010 0.000010 0.000010
0.000010 0.000010 0.000010 0.000010 0.000010 0.000010 0.000010 0.000010 0.014340 0.985520 0.000010 0.000010 0.000010 0.000010 0.000010 0.000010
0.000010 0.000010 0.000010 0.000010 0.000010 0.000010 0.000010 0.000010 0.000010 0.999850 0.000010 0.000010 0.000010 0.000010 0.000010 0.000010
0.000010 0.000010 0.000010 0.000010 0.000010 0.000010 0.017981 0.000010 0.033562 0.948327 0.000010 0.000010 0.000010 0.000010 0.000010 0.000010
0.000010 0.645442 0.339452 0.000010 0.000010 0.000010 0.000010 0.000010 0.014976 0.000010 0.000010 0.000010 0.000010 0.000010 0.000010 0.000010
0.000010 0.000010 0.000010 0.000010 0.000010 0.000010 0.000010 0.999850 0.000010 0.000010 0.000010 0.000010 0.000010 0.000010 0.000010 0.000010
0.000010 0.011511 0.000010 0.000010 0.000010 0.000010 0.000010 0.000010 0.000010 0.988349 0.000010 0.000010 0.000010 0.000010 0.000010 0.000010
0.000010 0.000010 0.000010 0.000010 0.000010 0.421376 0.000010 0.000010 0.000010 0.000010 0.000010 0.578484 0.000010 0.000010 0.000010 0.000010
0.000010 0.000010 0.000010 0.000010 0.000010 0.000010 0.000010 0.000010 0.000010 0.999850 0.000010 0.000010 0.000010 0.000010 0.000010 0.000010
0.469995 0.033761 0.023583 0.006922 0.000010 0.053664 0.000010 0.018209 0.052029 0.000010 0.000010 0.341757 0.000010 0.000010 0.000010 0.000010
0.537460 0.025413 0.051761 0.000010 0.000010 0.000010 0.000010 0.000010 0.029216 0.000010 0.000010 0.356040 0.000010 0.000010 0.000010 0.000010
0.966664 0.000010 0.000010 0.000010 0.000010 0.000010 0.013916 0.019290 0.000010 0.000010 0.000010 0.000010 0.000010 0.000010 0.000010 0.000010
0.280281 0.000010 0.075856 0.000010 0.000879 0.000010 0.000010 0.018400 0.000010 0.000010 0.000010 0.599568 0.004671 0.000010 0.020255 0.000010
0.000010 0.000010 0.990557 0.000010 0.000010 0.000010 0.000010 0.000010 0.009303 0.000010 0.000010 0.000010 0.000010 0.000010 0.000010 0.000010
0.262002 0.000010 0.217508 0.000010 0.000010 0.000010 0.006301 0.117524 0.000010 0.000010 0.012337 0.260652 0.047069 0.000010 0.076526 0.000010
0.000010 0.000010 0.014673 0.000010 0.000010 0.000010 0.296535 0.045485 0.087334 0.000010 0.000010 0.534034 0.000010 0.000010 0.021839 0.000010
0.000010 0.319589 0.159585 0.000010 0.306704 0.000010 0.000010 0.005188 0.083942 0.000010 0.000010 0.124892 0.000010 0.000010 0.000010 0.000010
0.000010 0.365531 0.224095 0.000010 0.210716 0.000010 0.000010 0.000010 0.199538 0.000010 0.000010 0.000010 0.000010 0.000010 0.000010 0.000010
0.000010 0.000010 0.000010 0.999850 0.000010 0.000010 0.000010 0.000010 0.000010 0.000010 0.000010 0.000010 0.000010 0.000010 0.000010 0.000010
0.171702 0.023268 0.000010 0.000010 0.000010 0.000010 0.000010 0.033001 0.000010 0.000010 0.000010 0.727915 0.000010 0.000010 0.044005 0.000010
0.719599 0.000010 0.000010 0.000010 0.000010 0.000010 0.000010 0.000010 0.035990 0.000010 0.008570 0.146333 0.000010 0.000010 0.069781 0.019626
0.000010 0.000010 0.000010 0.000010 0.000010 0.000010 0.000010 0.000010 0.999850 0.000010 0.000010 0.000010 0.000010 0.000010 0.000010 0.000010
0.353312 0.013540 0.000010 0.000010 0.000010 0.004961 0.000010 0.036152 0.163482 0.000010 0.011776 0.329572 0.007284 0.000010 0.079850 0.000010
0.000010 0.000010 0.000010 0.000010 0.000010 0.397652 0.000010 0.000010 0.602208 0.000010 0.000010 0.000010 0.000010 0.000010 0.000010 0.000010
0.000010 0.000010 0.000010 0.000010 0.000010 0.290886 0.000010 0.000010 0.708974 0.000010 0.000010 0.000010 0.000010 0.000010 0.000010 0.000010
0.321836 0.000010 0.055282 0.000010 0.000010 0.000010 0.000010 0.000010 0.000010 0.000010 0.000010 0.000010 0.000010 0.000010 0.622751 0.000010
0.000010 0.000010 0.000010 0.307896 0.000010 0.000010 0.000010 0.000010 0.000010 0.682203 0.000010 0.000010 0.000010 0.000010 0.009772 0.000010
0.000010 0.000010 0.018682 0.282988 0.000010 0.000010 0.009017 0.000010 0.000010 0.677698 0.000010 0.000010 0.000010 0.000010 0.000010 0.011506
0.067183 0.000010 0.047489 0.126329 0.011439 0.021534 0.027712 0.000010 0.000010 0.288469 0.115369 0.086416 0.111412 0.000010 0.096600 0.000010
0.091867 0.000010 0.196177 0.012926 0.009846 0.073848 0.020640 0.029927 0.000010 0.000010 0.000926 0.238362 0.017693 0.000010 0.222852 0.084897
0.115444 0.004923 0.178628 0.000010 0.000010 0.040621 0.014241 0.084336 0.001246 0.018673 0.000010 0.303170 0.011094 0.000010 0.227573 0.000010
0.000010 0.000010 0.000010 0.000010 0.000010 0.000010 0.000010 0.000010 0.000010 0.000010 0.000010 0.000010 0.000010 0.000010 0.000010 0.999850
0.239550 0.000010 0.287000 0.000010 0.000544 0.000010 0.000010 0.124884 0.000010 0.055157 0.000010 0.165089 0.006124 0.001771 0.107952 0.011868
0.000010 0.000010 0.000010 0.000010 0.000010 0.000010 0.000010 0.000010 0.000010 0.000010 0.000010 0.000010 0.000010 0.000010 0.000010 0.999850
0.110053 0.000010 0.225475 0.000010 0.034980 0.055693 0.045769 0.041152 0.000010 0.000010 0.000010 0.255866 0.019443 0.000010 0.211499 0.000010
0.300931 0.000010 0.291083 0.000010 0.000010 0.064915 0.008348 0.127570 0.000010 0.000010 0.019646 0.012051 0.031150 0.000010 0.136020 0.008226
0.000010 0.000010 0.000010 0.000010 0.000010 0.000010 0.999850 0.000010 0.000010 0.000010 0.000010 0.000010 0.000010 0.000010 0.000010 0.000010
0.000010 0.001573 0.000010 0.000010 0.000010 0.135523 0.017286 0.007093 0.838415 0.000010 0.000010 0.000010 0.000010 0.000010 0.000010 0.000010
0.174684 0.011258 0.079031 0.000010 0.000010 0.000010 0.000010 0.027677 0.000010 0.000010 0.000010 0.696715 0.010535 0.000010 0.000010 0.000010
0.282724 0.000010 0.000010 0.000010 0.000010 0.000010 0.000010 0.045138 0.000010 0.000010 0.000010 0.641648 0.000010 0.001483 0.000010 0.028897
0.027651 0.015876 0.021987 0.000010 0.045966 0.000010 0.000010 0.000010 0.613054 0.000010 0.000010 0.059506 0.000010 0.177168 0.027842 0.010880
0.809796 0.000010 0.000010 0.000010 0.000010 0.000010 0.000010 0.000010 0.000010 0.000010 0.000010 0.174737 0.000010 0.000010 0.000010 0.015337
0.424697 0.007683 0.004641 0.000010 0.000010 0.000010 0.008640 0.006065 0.023614 0.000010 0.000010 0.477524 0.023164 0.023902 0.000010 0.000010
0.289117 0.000010 0.000010 0.000010 0.000010 0.000010 0.002204 0.058166 0.413428 0.001883 0.000010 0.164650 0.000010 0.000010 0.053316 0.017155
0.490257 0.021461 0.000010 0.000010 0.000010 0.000010 0.000010 0.000010 0.000010 0.000010 0.000010 0.473461 0.013712 0.000010 0.000010 0.000999
0.273589 0.025152 0.026394 0.000010 0.000010 0.000010 0.038270 0.055867 0.017988 0.000010 0.000010 0.483790 0.000010 0.000010 0.075072 0.003809
0.032769 0.190129 0.220177 0.019965 0.071887 0.000010 0.078975 0.003314 0.201441 0.000010 0.000012 0.000010 0.000010 0.000010 0.143969 0.037312
0.000010 0.215667 0.000010 0.608664 0.000010 0.000010 0.000010 0.000010 0.000010 0.000010 0.000010 0.000010 0.175539 0.000010 0.000010 0.000010
0.000010 0.641388 0.219892 0.000010 0.000010 0.134529 0.004071 0.000010 0.000010 0.000010 0.000010 0.000010 0.000010 0.000010 0.000010 0.000010
0.000010 0.000010 0.000010 0.000010 0.000010 0.097174 0.025774 0.000010 0.876922 0.000010 0.000010 0.000010 0.000010 0.000010 0.000010 0.000010
0.262415 0.000010 0.318812 0.000010 0.001586 0.043052 0.024755 0.140274 0.000010 0.000010 0.000010 0.076942 0.000010 0.000010 0.131488 0.000606
0.127846 0.000010 0.257080 0.000010 0.000010 0.003120 0.000010 0.120061 0.002298 0.000010 0.000010 0.298169 0.021530 0.000010 0.106408 0.063416
0.036903 0.000010 0.228372 0.000010 0.000010 0.051459 0.033991 0.194030 0.064046 0.000010 0.000010 0.081778 0.000010 0.000010 0.262014 0.047336
0.000010 0.000010 0.000010 0.000010 0.000010 0.000010 0.113950 0.025406 0.000010 0.000010 0.000010 0.860514 0.000010 0.000010 0.000010 0.000010
0.336569 0.004518 0.015541 0.000010 0.000010 0.000010 0.000010 0.000010 0.000010 0.000010 0.000010 0.597968 0.000010 0.000010 0.000010 0.045294
0.000010 0.004065 0.000010 0.000010 0.000010 0.017994 0.062077 0.090038 0.023931 0.000010 0.000010 0.794049 0.007755 0.000010 0.000010 0.000010
0.481340 0.000010 0.061199 0.000010 0.000010 0.000010 0.031550 0.029855 0.000010 0.000010 0.000010 0.354486 0.000010 0.000010 0.041470 0.000010
0.691862 0.047609 0.000010 0.000010 0.000010 0.000010 0.010255 0.000010 0.000010 0.000010 0.000010 0.236717 0.000010 0.000010 0.013146 0.000311
0.415057 0.000010 0.000010 0.009597 0.016856 0.000010 0.001408 0.081257 0.005898 0.000010 0.000010 0.418013 0.000010 0.000010 0.000010 0.051834
0.000010 0.000010 0.000010 0.999846 0.000010 0.000010 0.000010 0.000010 0.000010 0.000010 0.000014 0.000010 0.000010 0.000010 0.000010 0.000010
0.292375 0.019824 0.000010 0.000010 0.000010 0.000010 0.000010 0.001604 0.000010 0.000010 0.000010 0.637632 0.000010 0.000010 0.000010 0.048455
0.692198 0.001516 0.015511 0.000010 0.079327 0.012034 0.033721 0.005373 0.000010 0.000010 0.000010 0.076038 0.000010 0.000010 0.065739 0.018483
0.000010 0.000010 0.000010 0.000010 0.160369 0.009031 0.008478 0.000010 0.569722 0.000010 0.000010 0.238250 0.000010 0.000010 0.000010 0.014050
0.000010 0.019868 0.000010 0.000010 0.228189 0.000010 0.016807 0.014057 0.545083 0.000010 0.000010 0.175896 0.000010 0.000010 0.000010 0.000010
0.000010 0.000010 0.000010 0.000010 0.005363 0.000010 0.740786 0.000010 0.000010 0.000010 0.000010 0.253722 0.000010 0.000010 0.000010 0.000010
0.000010 0.040860 0.000010 0.000010 0.000010 0.065953 0.000010 0.000010 0.659757 0.000010 0.000010 0.000010 0.000010 0.216271 0.000010 0.017049
0.000010 0.000010 0.000010 0.999850 0.000010 0.000010 0.000010 0.000010 0.000010 0.000010 0.000010 0.000010 0.000010 0.000010 0.000010 0.000010
0.043031 0.000010 0.000010 0.000010 0.000010 0.017508 0.024947 0.000010 0.000010 0.716491 0.099065 0.000010 0.000010 0.000010 0.025892 0.072977
0.048300 0.000010 0.000010 0.000010 0.600110 0.012821 0.039091 0.001975 0.297603 0.000010 0.000010 0.000010 0.000010 0.000010 0.000010 0.000010
0.177453 0.011873 0.036224 0.000010 0.026151 0.256505 0.062956 0.000010 0.118900 0.000010 0.000010 0.255283 0.027542 0.000010 0.027054 0.000010
0.000010 0.007754 0.031952 0.003354 0.000010 0.000010 0.000010 0.000010 0.000010 0.824738 0.034109 0.000010 0.007379 0.023599 0.000113 0.066933
0.062095 0.000010 0.000010 0.000010 0.000010 0.000010 0.033189 0.000010 0.000170 0.789831 0.061952 0.036165 0.000010 0.000010 0.016507 0.000010
0.078216 0.005581 0.003493 0.049392 0.000010 0.007392 0.000010 0.000010 0.000010 0.725168 0.090061 0.016415 0.000010 0.000010 0.000010 0.024212
0.000010 0.000010 0.000010 0.004348 0.000010 0.093112 0.000010 0.018650 0.000010 0.818517 0.065264 0.000010 0.000010 0.000010 0.000010 0.000010
0.018254 0.000010 0.009172 0.033914 0.000010 0.000010 0.000010 0.003247 0.000010 0.821943 0.024055 0.000010 0.000495 0.000010 0.060396 0.028454
0.053229 0.036989 0.000010 0.000010 0.060456 0.288664 0.018255 0.000010 0.070818 0.250495 0.000010 0.144528 0.002958 0.060187 0.004884 0.008497
0.000010 0.000010 0.000010 0.000010 0.000010 0.000010 0.000010 0.000010 0.000010 0.000010 0.000010 0.000010 0.000010 0.000010 0.999850 0.000010
0.000010 0.000010 0.000010 0.000010 0.000010 0.000010 0.000010 0.000010 0.000010 0.000010 0.000010 0.000010 0.000010 0.000010 0.999850 0.000010
0.000010 0.000010 0.032826 0.000010 0.359589 0.099488 0.009233 0.014334 0.101116 0.000010 0.000010 0.358521 0.000010 0.002876 0.021947 0.000010
0.058480 0.030935 0.000010 0.000010 0.115163 0.000010 0.000010 0.000010 0.740354 0.021352 0.000010 0.000010 0.000010 0.033616 0.000010 0.000010
0.000010 0.000010 0.000010 0.000010 0.000010 0.000010 0.000010 0.000010 0.000010 0.000010 0.000010 0.000010 0.000010 0.000010 0.999850 0.000010
0.000010 0.000010 0.000010 0.000010 0.000010 0.252776 0.020622 0.000010 0.000010 0.000010 0.000010 0.726472 0.000010 0.000010 0.000010 0.000010
0.000010 0.000010 0.000010 0.000010 0.000010 0.000010 0.000010 0.000010 0.000010 0.000010 0.000010 0.000010 0.000010 0.000010 0.999850 0.000010
0.000828 0.000010 0.000010 0.000010 0.075808 0.062701 0.031912 0.000010 0.120084 0.000010 0.000010 0.684438 0.000010 0.000010 0.024139 0.000010
0.000010 0.999850 0.000010 0.000010 0.000010 0.000010 0.000010 0.000010 0.000010 0.000010 0.000010 0.000010 0.000010 0.000010 0.000010 0.000010
0.000010 0.000158 0.000010 0.000010 0.267404 0.000010 0.000010 0.015013 0.594984 0.000010 0.000010 0.119143 0.000010 0.000010 0.000010 0.003199
0.000010 0.412148 0.089629 0.000010 0.000010 0.000010 0.000010 0.000010 0.000010 0.000010 0.000010 0.000010 0.000010 0.000010 0.498093 0.000010
0.000010 0.000010 0.000010 0.000010 0.999850 0.000010 0.000010 0.000010 0.000010 0.000010 0.000010 0.000010 0.000010 0.000010 0.000010 0.000010
0.000010 0.000010 0.000010 0.000010 0.000010 0.239159 0.031493 0.000010 0.000010 0.000010 0.000010 0.681783 0.000010 0.000010 0.047445 0.000010
0.000010 0.012361 0.000011 0.000010 0.025070 0.089368 0.015627 0.026061 0.137394 0.000010 0.000010 0.637395 0.000010 0.000010 0.056643 0.000010
0.000010 0.000010 0.013067 0.000010 0.031982 0.000010 0.000010 0.005378 0.804612 0.000010 0.000010 0.144851 0.000010 0.000010 0.000010 0.000010
0.070470 0.000010 0.064776 0.006910 0.000010 0.040523 0.007109 0.088514 0.000010 0.020732 0.048532 0.077635 0.000010 0.000010 0.220951 0.353798
0.075667 0.000010 0.008458 0.000010 0.032231 0.082668 0.012818 0.007634 0.516389 0.000010 0.000010 0.259677 0.000010 0.003739 0.000658 0.000010
0.017778 0.000010 0.000010 0.000010 0.024462 0.088355 0.015250 0.000010 0.736120 0.000010 0.000010 0.104520 0.000010 0.000010 0.000010 0.013426
0.074611 0.001967 0.000010 0.000010 0.094950 0.000010 0.000010 0.000010 0.828352 0.000010 0.000010 0.000010 0.000010 0.000010 0.000010 0.000010
0.041951 0.000010 0.000010 0.000010 0.005278 0.082911 0.053074 0.004165 0.062037 0.000010 0.000010 0.728965 0.006467 0.015082 0.000010 0.000010
0.000010 0.000010 0.000010 0.000010 0.999850 0.000010 0.000010 0.000010 0.000010 0.000010 0.000010 0.000010 0.000010 0.000010 0.000010 0.000010
0.000010 0.999843 0.000010 0.000011 0.000013 0.000011 0.000010 0.000012 0.000010 0.000010 0.000010 0.000010 0.000010 0.000010 0.000010 0.000010
0.000010 0.999850 0.000010 0.000010 0.000010 0.000010 0.000010 0.000010 0.000010 0.000010 0.000010 0.000010 0.000010 0.000010 0.000010 0.000010
0.000010 0.000010 0.000010 0.000010 0.100907 0.000010 0.018440 0.000010 0.715110 0.000010 0.000010 0.165423 0.000010 0.000010 0.000010 0.000010
0.000010 0.999850 0.000010 0.000010 0.000010 0.000010 0.000010 0.000010 0.000010 0.000010 0.000010 0.000010 0.000010 0.000010 0.000010 0.000010
0.000010 0.000010 0.000010 0.000010 0.000010 0.327640 0.000010 0.000010 0.672220 0.000010 0.000010 0.000010 0.000010 0.000010 0.000010 0.000010
0.000010 0.000010 0.000010 0.000010 0.000010 0.000010 0.000010 0.000010 0.999850 0.000010 0.000010 0.000010 0.000010 0.000010 0.000010 0.000010
0.000010 0.999850 0.000010 0.000010 0.000010 0.000010 0.000010 0.000010 0.000010 0.000010 0.000010 0.000010 0.000010 0.000010 0.000010 0.000010
0.000010 0.999850 0.000010 0.000010 0.000010 0.000010 0.000010 0.000010 0.000010 0.000010 0.000010 0.000010 0.000010 0.000010 0.000010 0.000010
0.000011 0.999849 0.000010 0.000010 0.000010 0.000010 0.000010 0.000010 0.000010 0.000010 0.000010 0.000010 0.000010 0.000010 0.000010 0.000010
0.000010 0.999850 0.000010 0.000010 0.000010 0.000010 0.000010 0.000010 0.000010 0.000010 0.000010 0.000010 0.000010 0.000010 0.000010 0.000010
0.000010 0.812558 0.160493 0.000010 0.000010 0.000010 0.000010 0.000010 0.000010 0.000010 0.000010 0.026819 0.000010 0.000010 0.000010 0.000010
0.000010 0.000010 0.000010 0.000010 0.000010 0.000010 0.000010 0.000010 0.045689 0.000010 0.000010 0.932349 0.000010 0.000010 0.000010 0.021832
0.000010 0.000010 0.000010 0.000010 0.000010 0.000010 0.000010 0.000010 0.031540 0.000010 0.000010 0.968320 0.000010 0.000010 0.000010 0.000010
0.000010 0.999850 0.000010 0.000010 0.000010 0.000010 0.000010 0.000010 0.000010 0.000010 0.000010 0.000010 0.000010 0.000010 0.000010 0.000010
0.000010 0.145819 0.000010 0.000010 0.005984 0.104686 0.000010 0.000010 0.349450 0.000010 0.000010 0.023660 0.000010 0.370300 0.000010 0.000010
0.000010 0.006227 0.000014 0.000010 0.321825 0.069750 0.045258 0.000010 0.543712 0.000010 0.000010 0.000010 0.000010 0.000010 0.013125 0.000010
0.000010 0.999850 0.000010 0.000010 0.000010 0.000010 0.000010 0.000010 0.000010 0.000010 0.000010 0.000010 0.000010 0.000010 0.000010 0.000010
0.000010 0.942619 0.041121 0.000010 0.000010 0.000010 0.000010 0.000010 0.000010 0.000010 0.000010 0.000010 0.000010 0.000010 0.000010 0.016130
0.000010 0.999850 0.000010 0.000010 0.000010 0.000010 0.000010 0.000010 0.000010 0.000010 0.000010 0.000010 0.000010 0.000010 0.000010 0.000010
0.062892 0.000010 0.066603 0.000010 0.032841 0.109663 0.235317 0.029316 0.084495 0.000010 0.000010 0.332704 0.000010 0.046099 0.000010 0.000010
0.000010 0.000010 0.000010 0.000010 0.000010 0.000010 0.000010 0.000010 0.018454 0.000010 0.000010 0.981406 0.000010 0.000010 0.000010 0.000010
0.000010 0.000010 0.000010 0.000010 0.000010 0.033347 0.012700 0.000010 0.061636 0.000010 0.000010 0.892197 0.000010 0.000010 0.000010 0.000010
0.000010 0.000010 0.000010 0.000010 0.000010 0.000010 0.011220 0.005582 0.000010 0.000010 0.000010 0.983068 0.000010 0.000010 0.000010 0.000010
0.000010 0.851289 0.148565 0.000010 0.000015 0.000010 0.000010 0.000010 0.000010 0.000010 0.000010 0.000010 0.000010 0.000010 0.000010 0.000010
0.000010 0.245124 0.000010 0.209854 0.000010 0.000010 0.000010 0.000010 0.000010 0.237587 0.000010 0.000010 0.307315 0.000010 0.000010 0.000010
0.000010 0.999850 0.000010 0.000010 0.000010 0.000010 0.000010 0.000010 0.000010 0.000010 0.000010 0.000010 0.000010 0.000010 0.000010 0.000010
0.000010 0.999850 0.000010 0.000010 0.000010 0.000010 0.000010 0.000010 0.000010 0.000010 0.000010 0.000010 0.000010 0.000010 0.000010 0.000010
0.000010 0.999850 0.000010 0.000010 0.000010 0.000010 0.000010 0.000010 0.000010 0.000010 0.000010 0.000010 0.000010 0.000010 0.000010 0.000010
0.000010 0.999850 0.000010 0.000010 0.000010 0.000010 0.000010 0.000010 0.000010 0.000010 0.000010 0.000010 0.000010 0.000010 0.000010 0.000010
0.000010 0.999850 0.000010 0.000010 0.000010 0.000010 0.000010 0.000010 0.000010 0.000010 0.000010 0.000010 0.000010 0.000010 0.000010 0.000010
0.000010 0.999850 0.000010 0.000010 0.000010 0.000010 0.000010 0.000010 0.000010 0.000010 0.000010 0.000010 0.000010 0.000010 0.000010 0.000010
0.000010 0.000010 0.072567 0.000010 0.000010 0.448064 0.315084 0.000010 0.161517 0.000010 0.000010 0.002657 0.000010 0.000010 0.000010 0.000010
0.000010 0.999850 0.000010 0.000010 0.000010 0.000010 0.000010 0.000010 0.000010 0.000010 0.000010 0.000010 0.000010 0.000010 0.000010 0.000010
0.000010 0.861722 0.096989 0.000010 0.000010 0.000010 0.000010 0.000010 0.000010 0.000010 0.029604 0.000016 0.000010 0.010609 0.000010 0.000961
0.000010 0.000010 0.000010 0.000010 0.000010 0.051066 0.000010 0.000010 0.869397 0.000010 0.000010 0.072701 0.000010 0.006716 0.000010 0.000010
0.000010 0.791729 0.208131 0.000010 0.000010 0.000010 0.000010 0.000010 0.000010 0.000010 0.000010 0.000010 0.000010 0.000010 0.000010 0.000010
0.000010 0.506740 0.132989 0.000010 0.000010 0.000010 0.021762 0.000010 0.046609 0.000010 0.000010 0.000010 0.000010 0.291789 0.000010 0.000010
0.000010 0.999850 0.000010 0.000010 0.000010 0.000010 0.000010 0.000010 0.000010 0.000010 0.000010 0.000010 0.000010 0.000010 0.000010 0.000010
0.000010 0.999850 0.000010 0.000010 0.000010 0.000010 0.000010 0.000010 0.000010 0.000010 0.000010 0.000010 0.000010 0.000010 0.000010 0.000010
0.000010 0.999850 0.000010 0.000010 0.000010 0.000010 0.000010 0.000010 0.000010 0.000010 0.000010 0.000010 0.000010 0.000010 0.000010 0.000010
0.000010 0.999850 0.000010 0.000010 0.000010 0.000010 0.000010 0.000010 0.000010 0.000010 0.000010 0.000010 0.000010 0.000010 0.000010 0.000010
0.000010 0.976936 0.000010 0.000010 0.000010 0.000010 0.013602 0.000010 0.000010 0.000010 0.000010 0.000010 0.000010 0.000010 0.000010 0.009333
0.000010 0.999846 0.000010 0.000010 0.000010 0.000010 0.000010 0.000010 0.000013 0.000012 0.000010 0.000010 0.000010 0.000010 0.000010 0.000010
0.000010 0.000010 0.000010 0.000010 0.000010 0.000010 0.999850 0.000010 0.000010 0.000010 0.000010 0.000010 0.000010 0.000010 0.000010 0.000010
0.000010 0.000010 0.000010 0.000010 0.000010 0.000010 0.000010 0.000010 0.000010 0.000010 0.999850 0.000010 0.000010 0.000010 0.000010 0.000010
0.000010 0.000010 0.000010 0.000010 0.000010 0.000010 0.000010 0.000010 0.000010 0.000010 0.999850 0.000010 0.000010 0.000010 0.000010 0.000010
0.000010 0.000010 0.000010 0.000010 0.000010 0.000010 0.000010 0.000010 0.000010 0.000010 0.999850 0.000010 0.000010 0.000010 0.000010 0.000010
0.000010 0.999850 0.000010 0.000010 0.000010 0.000010 0.000010 0.000010 0.000010 0.000010 0.000010 0.000010 0.000010 0.000010 0.000010 0.000010
0.000012 0.999848 0.000010 0.000010 0.000010 0.000010 0.000010 0.000010 0.000010 0.000010 0.000010 0.000010 0.000010 0.000010 0.000010 0.000010
0.000010 0.000010 0.000010 0.000010 0.000010 0.000010 0.000010 0.000010 0.000010 0.000010 0.999850 0.000010 0.000010 0.000010 0.000010 0.000010
0.000010 0.000010 0.000010 0.000010 0.000010 0.000010 0.000010 0.000010 0.000010 0.000010 0.999850 0.000010 0.000010 0.000010 0.000010 0.000010
0.000010 0.000010 0.000010 0.000010 0.000010 0.000010 0.000010 0.000010 0.000010 0.000010 0.999850 0.000010 0.000010 0.000010 0.000010 0.000010
0.000010 0.999850 0.000010 0.000010 0.000010 0.000010 0.000010 0.000010 0.000010 0.000010 0.000010 0.000010 0.000010 0.000010 0.000010 0.000010
0.000010 0.999850 0.000010 0.000010 0.000010 0.000010 0.000010 0.000010 0.000010 0.000010 0.000010 0.000010 0.000010 0.000010 0.000010 0.000010
0.000010 0.000010 0.000010 0.000010 0.000010 0.000010 0.000010 0.000010 0.000010 0.000010 0.000010 0.000010 0.000010 0.000010 0.123830 0.876030
0.000010 0.999850 0.000010 0.000010 0.000010 0.000010 0.000010 0.000010 0.000010 0.000010 0.000010 0.000010 0.000010 0.000010 0.000010 0.000010
0.000010 0.000010 0.000010 0.000010 0.000010 0.000010 0.000010 0.944116 0.055744 0.000010 0.000010 0.000010 0.000010 0.000010 0.000010 0.000010
0.000010 0.000010 0.000010 0.000010 0.000010 0.000010 0.000010 0.000012 0.000010 0.000010 0.000010 0.000010 0.999848 0.000010 0.000010 0.000010
0.000010 0.000010 0.000010 0.000010 0.000013 0.000010 0.000010 0.000010 0.000010 0.000014 0.000010 0.000010 0.999843 0.000010 0.000010 0.000010
0.079104 0.000010 0.000010 0.000010 0.069133 0.000010 0.000010 0.050780 0.530097 0.000010 0.000010 0.160550 0.000010 0.109908 0.000337 0.000010
0.000010 0.000010 0.000010 0.000010 0.000010 0.000010 0.000010 0.000010 0.000015 0.000010 0.000010 0.000010 0.999845 0.000010 0.000010 0.000010
0.010616 0.010977 0.000010 0.000010 0.000010 0.000010 0.033391 0.000010 0.000010 0.900642 0.004258 0.000010 0.000010 0.000010 0.040015 0.000010
0.160587 0.000010 0.122408 0.000010 0.000010 0.149656 0.000010 0.099328 0.000010 0.064312 0.031180 0.023180 0.000010 0.000010 0.284512 0.064767
0.082047 0.049369 0.017081 0.004782 0.036363 0.028706 0.027903 0.034849 0.333379 0.000010 0.000010 0.006350 0.000010 0.379120 0.000010 0.000010
0.000010 0.015560 0.000010 0.000010 0.063263 0.000010 0.028757 0.000010 0.000010 0.000010 0.673659 0.067980 0.028877 0.000010 0.121814 0.000010
0.000010 0.259791 0.000010 0.000010 0.000010 0.000010 0.000010 0.000010 0.000010 0.000010 0.000010 0.000010 0.000010 0.740069 0.000010 0.000010
0.000010 0.270044 0.000010 0.000010 0.000010 0.000010 0.000010 0.000010 0.000010 0.000010 0.000010 0.000010 0.000010 0.729816 0.000010 0.000010
0.000010 0.000010 0.000010 0.000010 0.000010 0.209265 0.002282 0.000010 0.788323 0.000010 0.000010 0.000010 0.000010 0.000010 0.000010 0.000010
0.000010 0.621699 0.276588 0.000010 0.000010 0.016486 0.006152 0.035612 0.000010 0.000010 0.000010 0.000010 0.000010 0.043364 0.000010 0.000010
0.073174 0.001477 0.000010 0.021264 0.020017 0.000010 0.078016 0.000010 0.339746 0.000010 0.000010 0.438666 0.001301 0.000010 0.009651 0.016628
0.016277 0.063457 0.013104 0.000010 0.027742 0.041469 0.000010 0.000010 0.718931 0.000010 0.000010 0.056104 0.000010 0.062835 0.000010 0.000010
0.002180 0.290293 0.023197 0.000010 0.061072 0.004201 0.000010 0.000010 0.311955 0.000010 0.000010 0.013610 0.000010 0.287754 0.000010 0.005669
0.259493 0.000010 0.117518 0.000010 0.020621 0.014723 0.000010 0.166164 0.000010 0.000010 0.000010 0.080280 0.000010 0.000010 0.341111 0.000010
0.000010 0.013020 0.000010 0.000010 0.808223 0.040823 0.007163 0.020513 0.000010 0.000010 0.000010 0.110159 0.000010 0.000010 0.000010 0.000010
0.077683 0.005673 0.000010 0.000010 0.000010 0.250969 0.029483 0.086640 0.015353 0.000010 0.000010 0.502847 0.000010 0.000010 0.006749 0.024533
0.000010 0.007748 0.000010 0.000010 0.000010 0.000010 0.000010 0.020486 0.013338 0.000010 0.768635 0.046362 0.000010 0.000010 0.143331 0.000010
0.000010 0.841666 0.068658 0.000010 0.000010 0.000010 0.000010 0.000010 0.000010 0.000010 0.000010 0.000010 0.000010 0.089545 0.000010 0.000010
0.000010 0.000010 0.000010 0.000010 0.012090 0.013660 0.000010 0.027430 0.000010 0.018163 0.727225 0.056028 0.000010 0.000010 0.106438 0.038886
0.000010 0.000010 0.000010 0.000010 0.000010 0.000010 0.000010 0.000010 0.000010 0.000010 0.999850 0.000010 0.000010 0.000010 0.000010 0.000010
0.020286 0.000010 0.000010 0.000010 0.029712 0.059294 0.078510 0.000010 0.390698 0.013557 0.000010 0.378202 0.000010 0.023627 0.006045 0.000010
0.000010 0.000010 0.000010 0.000010 0.000010 0.495467 0.000010 0.000010 0.504393 0.000010 0.000010 0.000010 0.000010 0.000010 0.000010 0.000010
0.000010 0.000010 0.000010 0.000010 0.000010 0.000010 0.000010 0.000010 0.000010 0.659346 0.000010 0.000010 0.000010 0.000010 0.000010 0.340514
0.000010 0.000010 0.087098 0.000010 0.000010 0.426202 0.000010 0.000010 0.486570 0.000010 0.000010 0.000010 0.000010 0.000010 0.000010 0.000010
0.000010 0.000010 0.000010 0.000010 0.000010 0.374322 0.000010 0.000010 0.625538 0.000010 0.000010 0.000010 0.000010 0.000010 0.000010 0.000010
0.045828 0.000010 0.000010 0.008262 0.047268 0.071017 0.011487 0.000010 0.816038 0.000010 0.000010 0.000010 0.000010 0.000010 0.000010 0.000010
0.349153 0.000010 0.000010 0.000010 0.000010 0.060403 0.000010 0.132163 0.035095 0.020425 0.099909 0.003408 0.000010 0.043728 0.255644 0.000010
0.000010 0.000010 0.000010 0.000010 0.000010 0.000010 0.000010 0.000010 0.000010 0.000010 0.000010 0.000010 0.000010 0.000010 0.999850 0.000010
0.000010 0.007561 0.000010 0.000010 0.000015 0.237072 0.131980 0.060215 0.441263 0.000010 0.000010 0.068973 0.000010 0.013117 0.029106 0.010637
0.000010 0.000010 0.000010 0.000010 0.000010 0.000010 0.000010 0.000010 0.000010 0.000010 0.999850 0.000010 0.000010 0.000010 0.000010 0.000010
0.000010 0.000010 0.000010 0.000010 0.000010 0.999850 0.000010 0.000010 0.000010 0.000010 0.000010 0.000010 0.000010 0.000010 0.000010 0.000010
0.052830 0.057015 0.000010 0.000010 0.003258 0.041694 0.000010 0.029513 0.457460 0.000010 0.000010 0.100431 0.000010 0.257720 0.000010 0.000010
0.145614 0.000010 0.024237 0.000010 0.000010 0.000010 0.007477 0.000010 0.000010 0.197904 0.432706 0.000010 0.187319 0.000010 0.000010 0.004654
0.032734 0.000010 0.000010 0.000010 0.076311 0.534774 0.014209 0.000010 0.000010 0.007732 0.000010 0.293242 0.000010 0.000010 0.034930 0.005988
0.000010 0.999850 0.000010 0.000010 0.000010 0.000010 0.000010 0.000010 0.000010 0.000010 0.000010 0.000010 0.000010 0.000010 0.000010 0.000010
0.000010 0.002577 0.000010 0.000010 0.000010 0.493573 0.014167 0.000010 0.489563 0.000010 0.000010 0.000010 0.000010 0.000010 0.000010 0.000010
0.000010 0.000010 0.000010 0.000010 0.000010 0.528457 0.000010 0.000010 0.471403 0.000010 0.000010 0.000010 0.000010 0.000010 0.000010 0.000010
0.000010 0.000010 0.000010 0.000010 0.000010 0.556006 0.000010 0.000010 0.443854 0.000010 0.000010 0.000010 0.000010 0.000010 0.000010 0.000010
0.049954 0.007979 0.000010 0.000010 0.024434 0.035735 0.009613 0.109007 0.763188 0.000010 0.000010 0.000010 0.000010 0.000010 0.000011 0.000010
0.148018 0.040907 0.000010 0.000010 0.026889 0.000010 0.000010 0.000010 0.121679 0.000010 0.000010 0.000010 0.000010 0.662397 0.000010 0.000010
0.000010 0.044605 0.000010 0.000010 0.000010 0.719956 0.065941 0.066802 0.026348 0.000010 0.000010 0.000010 0.000010 0.076249 0.000010 0.000010
0.011777 0.000010 0.000010 0.000010 0.131337 0.000010 0.000010 0.000010 0.791364 0.000010 0.000010 0.000010 0.000010 0.046090 0.000010 0.019323
0.000010 0.012492 0.000010 0.000010 0.030449 0.000010 0.000010 0.000010 0.939792 0.000010 0.000010 0.000010 0.000010 0.017146 0.000010 0.000010
0.000010 0.019554 0.000010 0.000010 0.014032 0.553050 0.204029 0.022095 0.000010 0.000010 0.000010 0.118055 0.001945 0.041850 0.025319 0.000010
0.000010 0.099691 0.000010 0.000010 0.038871 0.032841 0.000010 0.000010 0.680226 0.000010 0.000010 0.000010 0.000010 0.148261 0.000010 0.000010
0.057696 0.053188 0.000010 0.000010 0.000010 0.743184 0.092937 0.000010 0.000010 0.000010 0.000010 0.000010 0.000010 0.052885 0.000010 0.000010
0.000010 0.052147 0.004295 0.000010 0.020488 0.138117 0.002108 0.000010 0.675533 0.000010 0.000010 0.056389 0.000010 0.037867 0.012986 0.000010
0.000010 0.000010 0.000010 0.000010 0.153860 0.038615 0.013411 0.021730 0.592325 0.000010 0.000010 0.148900 0.000010 0.020699 0.010379 0.000010
0.000010 0.000010 0.000010 0.000010 0.000010 0.999850 0.000010 0.000010 0.000010 0.000010 0.000010 0.000010 0.000010 0.000010 0.000010 0.000010
0.005064 0.005332 0.000010 0.000010 0.000010 0.107762 0.002171 0.020943 0.846329 0.000010 0.000010 0.000010 0.000010 0.000010 0.000010 0.012309
0.000010 0.295127 0.013986 0.000010 0.056032 0.000010 0.000010 0.000010 0.199715 0.000010 0.000010 0.027006 0.023260 0.379423 0.005371 0.000010
0.000010 0.005090 0.000010 0.000010 0.017770 0.212808 0.000010 0.000010 0.764212 0.000010 0.000010 0.000010 0.000010 0.000010 0.000010 0.000010
0.000010 0.289055 0.000010 0.000010 0.051992 0.035830 0.000010 0.000010 0.283789 0.000010 0.000010 0.000010 0.000010 0.339225 0.000010 0.000010
0.019182 0.014488 0.000010 0.000010 0.000010 0.252640 0.127384 0.029901 0.536260 0.000010 0.000010 0.000010 0.000010 0.020055 0.000010 0.000010
0.000010 0.032480 0.000010 0.000010 0.037952 0.000010 0.000010 0.000010 0.733587 0.000010 0.000010 0.073040 0.000010 0.122831 0.000010 0.000010
0.000010 0.000010 0.000010 0.000010 0.000010 0.410452 0.000010 0.000010 0.589408 0.000010 0.000010 0.000010 0.000010 0.000010 0.000010 0.000010
0.000010 0.193138 0.000010 0.000010 0.000010 0.000010 0.000010 0.000010 0.000010 0.000010 0.000010 0.000010 0.000010 0.806722 0.000010 0.000010
0.000010 0.000010 0.000010 0.000010 0.000010 0.000010 0.000010 0.000010 0.000010 0.000010 0.000010 0.000010 0.000010 0.999850 0.000010 0.000010
0.000010 0.000010 0.000010 0.000010 0.000010 0.000010 0.000010 0.000010 0.000010 0.000010 0.000010 0.000010 0.000010 0.000010 0.000010 0.999850
0.000010 0.076523 0.000010 0.000010 0.000010 0.000010 0.000010 0.000010 0.000010 0.000010 0.000010 0.000010 0.000010 0.771535 0.000010 0.151812
0.000010 0.159517 0.000010 0.000010 0.000010 0.000010 0.000010 0.000010 0.000010 0.000010 0.000010 0.000010 0.000010 0.761179 0.000010 0.079174
0.000010 0.000010 0.000010 0.000010 0.000010 0.000010 0.000010 0.029527 0.000010 0.000010 0.000010 0.000010 0.000010 0.969402 0.000010 0.000942
0.048702 0.000010 0.000010 0.000010 0.000010 0.000010 0.000010 0.000010 0.005036 0.000010 0.000010 0.000010 0.000010 0.462687 0.409289 0.074176
0.000010 0.128456 0.018078 0.000010 0.000010 0.185812 0.000010 0.000010 0.010131 0.000010 0.000010 0.000010 0.000010 0.636815 0.000010 0.020609
0.000010 0.000010 0.000010 0.000010 0.000010 0.000010 0.000010 0.000010 0.000010 0.000010 0.000010 0.000010 0.000010 0.000010 0.000010 0.999850
0.041457 0.000010 0.000010 0.000010 0.011916 0.040539 0.259405 0.006765 0.420268 0.000010 0.000010 0.063742 0.000010 0.000010 0.108551 0.047287
0.000010 0.000010 0.000010 0.000010 0.000010 0.000010 0.000010 0.000010 0.000010 0.000010 0.000010 0.000010 0.000010 0.999850 0.000010 0.000010
0.000010 0.000010 0.000010 0.000010 0.000010 0.000010 0.000010 0.000010 0.000010 0.000010 0.000010 0.000010 0.000010 0.238002 0.000010 0.761858
0.000010 0.000010 0.000010 0.000010 0.000010 0.000010 0.000010 0.000010 0.000010 0.000010 0.061836 0.000010 0.000010 0.000010 0.938024 0.000010
0.047823 0.000010 0.000010 0.000010 0.000010 0.000010 0.067716 0.021770 0.019047 0.132253 0.541096 0.007343 0.162873 0.000010 0.000010 0.000010
0.070076 0.000010 0.057579 0.000010 0.014107 0.000010 0.002508 0.022734 0.000010 0.129441 0.530527 0.000010 0.169306 0.000010 0.003651 0.000010
0.000010 0.000010 0.000010 0.000010 0.000010 0.000010 0.000010 0.000010 0.000010 0.000010 0.000010 0.000010 0.000010 0.000010 0.999850 0.000010
0.000010 0.000010 0.000010 0.000010 0.000010 0.000010 0.000010 0.000010 0.073281 0.000010 0.000010 0.000010 0.000010 0.920693 0.000010 0.005896
0.000010 0.000010 0.000010 0.000010 0.000010 0.000010 0.000010 0.000010 0.000010 0.000010 0.000010 0.000010 0.000010 0.963023 0.000010 0.036837
0.000010 0.000010 0.000010 0.000010 0.000010 0.000010 0.000010 0.000010 0.000010 0.000010 0.000010 0.000010 0.000010 0.108212 0.000010 0.891648
0.139080 0.000010 0.000010 0.000010 0.000010 0.000010 0.021158 0.041562 0.000010 0.190893 0.175047 0.000010 0.421814 0.000010 0.000010 0.010356
0.000010 0.000010 0.000010 0.000010 0.000010 0.000010 0.000010 0.000010 0.000010 0.000010 0.000010 0.000010 0.999850 0.000010 0.000010 0.000010
0.000010 0.000010 0.000010 0.036797 0.024744 0.000010 0.000010 0.000010 0.000010 0.742213 0.064415 0.004890 0.000010 0.000010 0.014325 0.112527
0.080673 0.000010 0.000010 0.000010 0.000010 0.000010 0.000010 0.002183 0.045398 0.000010 0.000010 0.000010 0.000010 0.854768 0.000010 0.016868
0.000010 0.000010 0.000010 0.000010 0.197753 0.000010 0.000010 0.000010 0.757345 0.000010 0.000010 0.027932 0.000010 0.000010 0.000010 0.016849
0.044102 0.000010 0.000010 0.000010 0.105626 0.010458 0.018059 0.029025 0.662442 0.000010 0.000010 0.128880 0.000010 0.000010 0.000010 0.001327
0.544057 0.000010 0.000010 0.000010 0.000010 0.000010 0.000010 0.000010 0.000010 0.000010 0.000010 0.455803 0.000010 0.000010 0.000010 0.000010
0.596061 0.000010 0.000475 0.000010 0.032302 0.000010 0.011087 0.000010 0.000010 0.000010 0.026407 0.333568 0.000010 0.000010 0.000010 0.000010
0.000011 0.004689 0.017094 0.000010 0.000010 0.000010 0.027461 0.000010 0.878299 0.000010 0.000010 0.028974 0.000010 0.043382 0.000010 0.000010
0.000010 0.336663 0.000010 0.000010 0.070232 0.030037 0.044566 0.000010 0.106681 0.000010 0.000010 0.000010 0.000010 0.411722 0.000010 0.000010
0.000010 0.117642 0.000010 0.000010 0.055120 0.135704 0.037500 0.007969 0.129297 0.000010 0.000010 0.306052 0.002108 0.208538 0.000010 0.000010
0.093748 0.034688 0.062824 0.000010 0.000010 0.165658 0.000010 0.000010 0.371347 0.000010 0.000010 0.128584 0.000010 0.103493 0.000010 0.039577
0.000010 0.000010 0.000010 0.999850 0.000010 0.000010 0.000010 0.000010 0.000010 0.000010 0.000010 0.000010 0.000010 0.000010 0.000010 0.000010
0.062332 0.001985 0.000010 0.000010 0.204554 0.050261 0.014529 0.015643 0.506796 0.000010 0.000010 0.106106 0.000010 0.005308 0.025493 0.006942
0.000010 0.000276 0.000010 0.000010 0.010537 0.000010 0.000010 0.006355 0.878745 0.000010 0.000010 0.075204 0.000010 0.000010 0.000010 0.028783
0.024150 0.000010 0.000010 0.000010 0.612844 0.000010 0.000010 0.000010 0.105815 0.000010 0.000010 0.179009 0.000010 0.047075 0.022830 0.008187
0.000010 0.001134 0.000013 0.000010 0.057351 0.000010 0.039718 0.051467 0.583559 0.000010 0.000010 0.266669 0.000010 0.000010 0.000010 0.000010
0.000010 0.005307 0.000010 0.000010 0.557121 0.000010 0.000010 0.000231 0.145292 0.000010 0.000010 0.291939 0.000010 0.000010 0.000010 0.000010
0.052800 0.000010 0.008888 0.000010 0.023567 0.056910 0.001579 0.000010 0.322059 0.009651 0.000010 0.486335 0.000010 0.018551 0.000010 0.019599
0.000010 0.000010 0.000010 0.000010 0.000010 0.000010 0.000010 0.000010 0.000010 0.000010 0.000010 0.000010 0.000010 0.000010 0.000010 0.999850
0.222454 0.004221 0.000010 0.000010 0.042947 0.028294 0.000010 0.000010 0.553676 0.000010 0.000010 0.103100 0.000010 0.028837 0.000010 0.016392
0.000010 0.010792 0.000010 0.000010 0.119172 0.000010 0.000010 0.017766 0.548082 0.000010 0.000010 0.304079 0.000010 0.000010 0.000010 0.000010
0.052420 0.000010 0.000012 0.000010 0.063814 0.010356 0.000010 0.010531 0.572555 0.000010 0.007750 0.246893 0.000010 0.003000 0.032609 0.000010
0.000010 0.021256 0.000013 0.000010 0.000010 0.154848 0.031743 0.000010 0.142238 0.000010 0.000010 0.595282 0.000010 0.054531 0.000010 0.000010
0.044748 0.000010 0.000010 0.000010 0.000010 0.010263 0.000010 0.003917 0.918754 0.000010 0.000018 0.000010 0.000010 0.000010 0.022200 0.000010
0.000010 0.000010 0.000010 0.000010 0.000010 0.000010 0.000010 0.899702 0.100158 0.000010 0.000010 0.000010 0.000010 0.000010 0.000010 0.000010
0.015284 0.010831 0.000010 0.000010 0.042951 0.000010 0.000010 0.016885 0.000010 0.000010 0.000010 0.908043 0.005906 0.000010 0.000010 0.000010
