0.146606 0.048227 0.158858 0.043162 0.172292 0.063233 0.000010 0.144853 0.101481 0.121280
0.180142 0.107245 0.046203 0.038184 0.115768 0.117158 0.000010 0.256634 0.070382 0.068276
0.186400 0.063842 0.009167 0.031269 0.136337 0.115682 0.007474 0.247846 0.201612 0.000370
0.086760 0.021486 0.040618 0.085744 0.104952 0.081461 0.049618 0.147637 0.299432 0.082292
0.006468 0.112373 0.099144 0.074276 0.151227 0.129812 0.019503 0.192623 0.063604 0.150970
0.001297 0.022790 0.103932 0.093023 0.098817 0.040074 0.472642 0.001295 0.046820 0.119312
0.043749 0.101980 0.358920 0.016955 0.270998 0.008061 0.028534 0.066150 0.016205 0.088448
0.176221 0.000010 0.017964 0.064810 0.161657 0.091924 0.000010 0.230519 0.167918 0.088968
0.207855 0.037491 0.000010 0.048255 0.185490 0.094858 0.031225 0.189107 0.187319 0.018389
0.025834 0.175758 0.081008 0.105751 0.113822 0.174058 0.044840 0.036424 0.043416 0.199090
0.027357 0.093391 0.087078 0.080984 0.125791 0.141251 0.008598 0.245270 0.078717 0.111563
0.000010 0.090083 0.365888 0.044869 0.194805 0.000010 0.150627 0.083602 0.057719 0.012388
0.026351 0.126752 0.046442 0.074691 0.122559 0.193729 0.056834 0.142790 0.050752 0.159099
0.086046 0.123309 0.084225 0.086384 0.110407 0.175434 0.000010 0.182439 0.048273 0.103473
0.000010 0.148944 0.442176 0.004660 0.234472 0.000010 0.000010 0.109713 0.046768 0.013237
0.034273 0.122741 0.042515 0.139634 0.140950 0.179605 0.028058 0.174820 0.057612 0.079792
0.249025 0.032657 0.126842 0.018598 0.188185 0.000010 0.000010 0.252907 0.059314 0.072452
0.024570 0.184626 0.429007 0.042294 0.193680 0.000010 0.000010 0.091777 0.034017 0.000010
0.079884 0.005864 0.114017 0.093060 0.467894 0.057795 0.013439 0.058551 0.051911 0.057587
0.020527 0.233224 0.098149 0.028505 0.125894 0.194477 0.010900 0.127259 0.042359 0.118704
0.020224 0.075213 0.121822 0.052975 0.115556 0.113316 0.007095 0.306593 0.019738 0.167467
0.019230 0.113114 0.398700 0.013320 0.244572 0.000010 0.034700 0.074767 0.007056 0.094530
0.100654 0.147685 0.064956 0.236246 0.063420 0.139657 0.000010 0.108048 0.072981 0.066344
0.000010 0.136452 0.027420 0.312038 0.167347 0.168276 0.000010 0.034664 0.006056 0.147728
0.307394 0.071088 0.035598 0.164068 0.098325 0.093637 0.000010 0.155785 0.074085 0.000010
0.524482 0.061108 0.050221 0.101773 0.095821 0.015415 0.000010 0.069793 0.025267 0.056111
0.003253 0.108607 0.414708 0.031156 0.219112 0.000010 0.000010 0.169452 0.015609 0.038083
0.056662 0.189801 0.079736 0.047887 0.132937 0.172202 0.064058 0.127261 0.076342 0.053114
0.067336 0.166761 0.060820 0.115765 0.126707 0.177314 0.017590 0.153005 0.000010 0.114692
0.297834 0.049776 0.147527 0.094374 0.155047 0.000010 0.000010 0.141960 0.070717 0.042744
0.083026 0.094184 0.141379 0.081887 0.173751 0.121108 0.011611 0.133222 0.052447 0.107385
0.012230 0.153487 0.409840 0.000477 0.225758 0.000010 0.000010 0.121569 0.019091 0.057528
0.154870 0.064665 0.035582 0.058222 0.176495 0.113306 0.000010 0.175143 0.165515 0.056192
0.183806 0.128891 0.000010 0.046754 0.070261 0.098698 0.015170 0.247953 0.114403 0.094054
0.112372 0.021747 0.073829 0.052117 0.038710 0.100938 0.017323 0.306064 0.152877 0.124023
0.152023 0.116060 0.000010 0.022094 0.139397 0.149371 0.012237 0.150373 0.227312 0.031123
0.060893 0.136795 0.049309 0.115307 0.190064 0.168948 0.105056 0.059076 0.067409 0.047144
0.343582 0.135081 0.059954 0.067962 0.038658 0.078399 0.008596 0.117402 0.064679 0.085686
0.096519 0.153576 0.059804 0.043373 0.091731 0.087504 0.015775 0.118729 0.102238 0.230752
0.074054 0.493214 0.147258 0.110894 0.073653 0.046450 0.006595 0.037887 0.000010 0.009984
0.076083 0.076973 0.031994 0.175124 0.114403 0.130276 0.067543 0.098766 0.085236 0.143600
0.169007 0.149586 0.109507 0.002185 0.135637 0.042940 0.000010 0.171260 0.107453 0.112414
0.066667 0.144918 0.063085 0.070955 0.193746 0.160951 0.024482 0.059883 0.089594 0.125719
0.054682 0.093742 0.123749 0.062476 0.202478 0.130715 0.060465 0.071607 0.029738 0.170348
0.000010 0.131080 0.425532 0.000010 0.208909 0.000010 0.000010 0.136382 0.048648 0.049410
0.031928 0.053492 0.076420 0.007747 0.086898 0.119693 0.064297 0.248574 0.080033 0.230918
0.036813 0.148545 0.052222 0.039517 0.194467 0.166577 0.017965 0.150480 0.071564 0.121851
0.219536 0.049126 0.000010 0.074894 0.166398 0.099278 0.054203 0.114339 0.189727 0.032489
0.215284 0.071091 0.000010 0.035977 0.162382 0.091482 0.015345 0.163220 0.174667 0.070541
0.213859 0.055652 0.000010 0.084433 0.151895 0.108645 0.051941 0.136044 0.181047 0.016473
0.071557 0.119230 0.023625 0.221551 0.132498 0.134820 0.000010 0.112990 0.109912 0.073805
0.054560 0.037727 0.099853 0.074574 0.351200 0.078998 0.067592 0.064742 0.061365 0.109389
0.096485 0.052891 0.000010 0.049904 0.184340 0.283208 0.000010 0.070300 0.130826 0.132025
0.068766 0.500145 0.124520 0.070031 0.083156 0.070597 0.026405 0.056359 0.000010 0.000010
0.046536 0.116778 0.088011 0.041805 0.161368 0.126260 0.029960 0.244436 0.016528 0.128317
0.024418 0.210633 0.441239 0.000010 0.194911 0.000010 0.032226 0.060510 0.000010 0.036032
0.084447 0.019047 0.030607 0.121019 0.277322 0.086042 0.018861 0.097238 0.167034 0.098383
0.028417 0.127357 0.421709 0.021490 0.236170 0.000010 0.009691 0.115831 0.039316 0.000010
0.045786 0.072960 0.110792 0.066735 0.222813 0.143008 0.022045 0.211125 0.013655 0.091081
0.061166 0.031245 0.047275 0.119860 0.127284 0.148832 0.058435 0.190409 0.078277 0.137217
0.033797 0.031716 0.014202 0.088459 0.241716 0.157794 0.021895 0.206434 0.059018 0.144969
0.076868 0.039742 0.046125 0.027519 0.137940 0.127310 0.038681 0.215391 0.060933 0.229490
0.134711 0.093766 0.032450 0.073068 0.111723 0.133442 0.012279 0.188032 0.137404 0.083126
0.042439 0.106039 0.090349 0.051985 0.134688 0.135157 0.015160 0.264758 0.019333 0.140092
0.106966 0.050093 0.113068 0.045523 0.075716 0.070601 0.056151 0.204970 0.154572 0.122340
0.110835 0.096567 0.035700 0.116828 0.068418 0.105512 0.026093 0.160557 0.106337 0.173154
0.052048 0.003108 0.093667 0.016231 0.093416 0.043112 0.024449 0.125461 0.503758 0.044750
0.000010 0.127045 0.460755 0.008707 0.200560 0.000010 0.019263 0.127939 0.009310 0.046402
0.000010 0.162988 0.459233 0.000010 0.214259 0.000010 0.038817 0.051628 0.000010 0.073036
0.459787 0.143210 0.031487 0.045956 0.047926 0.055127 0.000010 0.071879 0.074835 0.069784
0.037392 0.157578 0.124630 0.105182 0.118196 0.164700 0.059879 0.142573 0.000010 0.089860
0.000010 0.123246 0.337585 0.008980 0.243656 0.014764 0.026535 0.126156 0.000010 0.119057
0.070347 0.124069 0.045130 0.251512 0.122216 0.123278 0.000010 0.069096 0.061418 0.132925
0.063884 0.186223 0.063330 0.051502 0.191150 0.190832 0.028707 0.082105 0.043363 0.098904
0.003358 0.164476 0.110676 0.113947 0.148491 0.134463 0.051053 0.138623 0.028385 0.106528
0.124230 0.054312 0.038675 0.270147 0.077575 0.125646 0.030613 0.106299 0.082852 0.089652
0.088171 0.170830 0.068454 0.284460 0.075734 0.113187 0.000010 0.063462 0.054182 0.081510
0.027543 0.096112 0.090071 0.032013 0.157945 0.139392 0.039870 0.238883 0.042594 0.135576
0.010429 0.055688 0.100000 0.102791 0.160420 0.107217 0.024677 0.158794 0.088213 0.191771
0.053493 0.133945 0.038836 0.277882 0.110574 0.111527 0.029451 0.073776 0.058299 0.112216
0.145231 0.066241 0.050971 0.075542 0.199588 0.120549 0.037022 0.144310 0.107794 0.052751
0.069385 0.122886 0.365379 0.009983 0.215805 0.000010 0.018031 0.059703 0.038600 0.100219
0.094035 0.137578 0.027683 0.292787 0.109776 0.129376 0.020717 0.091318 0.020252 0.076477
0.439609 0.055345 0.040768 0.073148 0.077077 0.063861 0.000010 0.029358 0.066415 0.154410
0.017746 0.000010 0.105930 0.092176 0.050701 0.018868 0.435129 0.077082 0.095103 0.107254
0.100387 0.104323 0.034798 0.230879 0.116670 0.113372 0.079962 0.090008 0.094598 0.035002
0.046397 0.144950 0.100548 0.254290 0.072363 0.068116 0.000010 0.138234 0.090852 0.084242
0.067865 0.059007 0.066818 0.078935 0.129765 0.095246 0.049735 0.177648 0.097303 0.177678
0.085776 0.068695 0.202891 0.045572 0.207759 0.020396 0.023476 0.228617 0.054747 0.062070
0.071018 0.078765 0.047887 0.126724 0.148759 0.147974 0.000010 0.173405 0.079901 0.125557
0.200287 0.054640 0.000010 0.164897 0.120413 0.149471 0.017475 0.151360 0.132290 0.009158
0.442357 0.053688 0.055419 0.180542 0.059235 0.020856 0.020440 0.103355 0.006189 0.057918
0.157501 0.055297 0.020778 0.020497 0.077198 0.144773 0.000010 0.263255 0.129301 0.131390
0.014164 0.114739 0.407933 0.028195 0.194714 0.000010 0.000010 0.071679 0.052234 0.116321
0.043022 0.104699 0.072842 0.286253 0.130355 0.104120 0.003326 0.060705 0.055163 0.139515
0.040882 0.176870 0.070003 0.210233 0.166727 0.112693 0.000010 0.079275 0.017526 0.125781
0.034370 0.148724 0.064885 0.283107 0.096615 0.114323 0.020415 0.102044 0.067834 0.067684
