0.000010 0.031617 0.001656 0.438499 0.000010 0.466440 0.000010 0.061758
0.037417 0.040414 0.018089 0.234272 0.023915 0.622687 0.000010 0.023196
0.004527 0.087583 0.000010 0.412240 0.035124 0.400589 0.059916 0.000010
0.030142 0.074002 0.000010 0.000010 0.000010 0.000010 0.000010 0.895805
0.000010 0.106904 0.020546 0.279106 0.045345 0.505485 0.042594 0.000010
0.017769 0.047400 0.000016 0.744865 0.000010 0.149583 0.018713 0.021644
0.047617 0.002696 0.000010 0.310619 0.000010 0.133120 0.076067 0.429861
0.042042 0.000010 0.038447 0.909454 0.000010 0.000010 0.000010 0.010017
0.013808 0.043763 0.082078 0.108940 0.000010 0.691056 0.000010 0.060335
0.000010 0.000010 0.055804 0.864632 0.000010 0.063262 0.000010 0.016263
0.009739 0.000010 0.063629 0.685296 0.000010 0.237541 0.000010 0.003765
0.044957 0.042833 0.000010 0.378825 0.022523 0.498510 0.012331 0.000010
0.060879 0.303175 0.062791 0.018092 0.000010 0.395261 0.056704 0.103087
0.038321 0.079597 0.023295 0.000010 0.000010 0.333105 0.044432 0.481230
0.000010 0.000010 0.024715 0.922867 0.007654 0.034900 0.000010 0.009833
0.011913 0.068156 0.030932 0.359620 0.052936 0.448374 0.014501 0.013569
0.005428 0.046732 0.027487 0.703659 0.000010 0.200424 0.000010 0.016251
0.063647 0.000010 0.000010 0.492183 0.000010 0.096535 0.050037 0.297569
0.049940 0.001366 0.663998 0.280013 0.000010 0.000010 0.004654 0.000010
0.021736 0.000010 0.000010 0.000010 0.974951 0.000010 0.002180 0.001092
0.010253 0.000010 0.012849 0.012705 0.959479 0.000010 0.000010 0.004684
0.000010 0.000010 0.000010 0.000010 0.999930 0.000010 0.000010 0.000010
0.045522 0.000010 0.000010 0.016240 0.938188 0.000010 0.000010 0.000010
0.000010 0.109700 0.004515 0.034641 0.048519 0.072693 0.013849 0.716073
0.000010 0.000010 0.990733 0.000010 0.000010 0.000010 0.000010 0.009207
0.000010 0.007819 0.000010 0.000010 0.967545 0.024586 0.000010 0.000010
0.033676 0.086675 0.000010 0.111769 0.073225 0.666856 0.000010 0.027779
0.000010 0.000010 0.000010 0.000010 0.982907 0.000010 0.000010 0.017033
0.000010 0.111178 0.089483 0.103291 0.014485 0.662982 0.000690 0.017882
0.000010 0.059963 0.072725 0.074137 0.012977 0.714697 0.000010 0.065481
0.000010 0.000010 0.142141 0.000010 0.000010 0.857573 0.000010 0.000236
0.000010 0.149195 0.067589 0.077798 0.000010 0.687116 0.000010 0.018272
0.017165 0.393961 0.007667 0.049351 0.022466 0.283486 0.098469 0.127435
0.040034 0.305137 0.149686 0.000010 0.008208 0.444844 0.016863 0.035218
0.309345 0.014645 0.042835 0.193298 0.049718 0.384957 0.000010 0.005192
0.018063 0.113329 0.000010 0.287320 0.001858 0.216612 0.007216 0.355591
0.000010 0.117218 0.002916 0.341726 0.000010 0.110632 0.006281 0.421208
0.050547 0.075814 0.000010 0.000010 0.805004 0.000010 0.013071 0.055534
0.085682 0.082839 0.102857 0.004315 0.000010 0.689145 0.000010 0.035142
0.011432 0.085622 0.063571 0.025217 0.032224 0.739313 0.029477 0.013144
0.000010 0.000010 0.000012 0.999928 0.000010 0.000010 0.000010 0.000010
0.008062 0.098974 0.128435 0.175286 0.012195 0.513387 0.036377 0.027285
0.004836 0.039643 0.000010 0.727632 0.000010 0.175323 0.039205 0.013341
0.014057 0.016076 0.006253 0.806451 0.000010 0.133689 0.000010 0.023455
0.000010 0.403438 0.137722 0.000010 0.000010 0.356048 0.102753 0.000010
0.000010 0.000010 0.046216 0.000010 0.953724 0.000010 0.000010 0.000010
0.031934 0.000010 0.003885 0.000013 0.917887 0.045145 0.001116 0.000010
0.036840 0.262980 0.000010 0.014781 0.468396 0.181354 0.000010 0.035630
0.037205 0.285232 0.089081 0.034537 0.049734 0.356117 0.132131 0.015963
0.034226 0.255341 0.082734 0.041824 0.035092 0.439824 0.070157 0.040802
0.000010 0.000010 0.000010 0.000010 0.000010 0.000010 0.999930 0.000010
0.015160 0.242672 0.163969 0.000010 0.098704 0.376745 0.087371 0.015370
0.000010 0.000010 0.000010 0.000010 0.000010 0.000010 0.999930 0.000010
0.055050 0.304852 0.082165 0.078379 0.000010 0.412136 0.067399 0.000010
0.008035 0.308943 0.159373 0.000010 0.043078 0.373059 0.102862 0.004640
0.999930 0.000010 0.000010 0.000010 0.000010 0.000010 0.000010 0.000010
0.040682 0.002600 0.002695 0.882141 0.050010 0.004667 0.000010 0.017195
0.041137 0.096285 0.092705 0.000010 0.000010 0.706642 0.000010 0.063201
0.017759 0.037608 0.115188 0.005071 0.000010 0.726727 0.055612 0.042025
0.019608 0.000010 0.021882 0.701103 0.000010 0.117694 0.090682 0.049011
0.000010 0.023906 0.051903 0.000010 0.016772 0.878525 0.028864 0.000010
0.043417 0.070699 0.036921 0.106626 0.000010 0.697066 0.000010 0.045252
0.033035 0.002763 0.117158 0.434587 0.030721 0.344866 0.025879 0.010990
0.014477 0.097942 0.000010 0.053078 0.002270 0.802932 0.000010 0.029282
0.037435 0.134163 0.093840 0.073608 0.000010 0.609330 0.027011 0.024604
0.092960 0.105932 0.085853 0.204960 0.057433 0.100520 0.129029 0.223314
0.000010 0.261981 0.000010 0.000010 0.405448 0.000010 0.007033 0.325498
0.040816 0.084646 0.000010 0.001158 0.045098 0.139997 0.000010 0.688264
0.038170 0.014749 0.015596 0.876400 0.020707 0.004722 0.010569 0.019088
0.037967 0.274614 0.166325 0.000010 0.000010 0.436212 0.053003 0.031859
0.000010 0.264916 0.110960 0.093520 0.034658 0.367433 0.096701 0.031802
0.037904 0.269669 0.221511 0.080510 0.000010 0.263386 0.127001 0.000010
0.151775 0.025366 0.014746 0.115009 0.000010 0.658004 0.029522 0.005568
0.017567 0.073564 0.006381 0.110691 0.000010 0.734239 0.032666 0.024882
0.119444 0.086470 0.053309 0.121113 0.000010 0.584360 0.000010 0.035285
0.035421 0.126405 0.079494 0.027755 0.014037 0.716867 0.000010 0.000010
0.038929 0.000010 0.070503 0.016612 0.000010 0.799821 0.048233 0.025882
0.043804 0.070707 0.100419 0.060346 0.049647 0.626855 0.048211 0.000010
0.027905 0.004165 0.000010 0.000010 0.921795 0.000010 0.000010 0.046095
0.000010 0.091862 0.055396 0.089243 0.000010 0.721181 0.010476 0.031822
0.047873 0.012009 0.086327 0.019694 0.023470 0.732365 0.062212 0.016049
0.001978 0.014361 0.000010 0.707213 0.019723 0.215672 0.001587 0.039457
0.041516 0.025840 0.016849 0.708662 0.000010 0.168094 0.009998 0.029031
0.737505 0.000010 0.000010 0.068180 0.020288 0.173619 0.000010 0.000378
0.000010 0.000010 0.000010 0.753554 0.000010 0.126054 0.058269 0.062082
0.043981 0.000010 0.000010 0.007648 0.899707 0.000010 0.000010 0.048624
0.004033 0.058705 0.000010 0.000010 0.799080 0.052748 0.085404 0.000010
0.066876 0.025622 0.028897 0.667392 0.000010 0.182383 0.000010 0.028810
0.091873 0.178491 0.000010 0.204534 0.017944 0.448239 0.015282 0.043628
0.000010 0.000010 0.022332 0.000010 0.868316 0.013534 0.066627 0.029161
0.057165 0.000010 0.000010 0.000010 0.841459 0.064756 0.023190 0.013400
0.000010 0.058373 0.000010 0.012328 0.785803 0.106046 0.030688 0.006743
0.017937 0.011912 0.025235 0.000010 0.876595 0.068290 0.000010 0.000010
0.006195 0.028811 0.030297 0.000010 0.838579 0.052816 0.043282 0.000010
0.028972 0.068148 0.007812 0.182720 0.285507 0.364477 0.015853 0.046512
0.000010 0.698227 0.102123 0.055123 0.002102 0.068678 0.073727 0.000010
0.000010 0.639315 0.024165 0.055157 0.006271 0.194825 0.080247 0.000010
0.020354 0.107826 0.000010 0.409769 0.007413 0.424942 0.016825 0.012861
0.000010 0.000010 0.000010 0.845599 0.055257 0.020071 0.013057 0.065986
0.000010 0.675383 0.068369 0.009109 0.031987 0.069288 0.145844 0.000010
0.094738 0.053435 0.014198 0.059112 0.000010 0.767152 0.000010 0.011344
0.000352 0.533262 0.094935 0.000010 0.061818 0.180602 0.129011 0.000010
0.071377 0.000010 0.047772 0.231465 0.000010 0.600981 0.039082 0.009303
0.000010 0.000010 0.000010 0.000010 0.000010 0.000010 0.000010 0.999930
0.000010 0.012198 0.062824 0.783536 0.000010 0.115771 0.021450 0.004199
0.027193 0.407680 0.041255 0.037891 0.002328 0.005910 0.078615 0.399127
0.012646 0.000010 0.000010 0.608101 0.000010 0.265349 0.072899 0.040977
0.109096 0.070426 0.003516 0.097667 0.000010 0.654227 0.025322 0.039736
0.056468 0.065153 0.015497 0.276887 0.000010 0.568711 0.000010 0.017265
0.002157 0.016465 0.000010 0.857697 0.002599 0.119995 0.000010 0.001067
0.000010 0.204318 0.154332 0.000010 0.088153 0.140913 0.412253 0.000010
0.033249 0.032832 0.025013 0.582772 0.000010 0.298398 0.027716 0.000010
0.024175 0.000010 0.012202 0.760251 0.000010 0.161306 0.042036 0.000010
0.000010 0.000010 0.024688 0.901184 0.000010 0.056942 0.000010 0.017145
0.086855 0.054776 0.000010 0.161129 0.000010 0.675353 0.021857 0.000010
0.010155 0.050455 0.020021 0.585199 0.007475 0.247170 0.040782 0.038745
0.000013 0.000010 0.000010 0.000010 0.000010 0.000010 0.000010 0.999927
0.000010 0.000013 0.000019 0.000010 0.000010 0.000010 0.000010 0.999918
0.033855 0.017211 0.000010 0.824935 0.004873 0.119097 0.000010 0.000010
0.000010 0.000018 0.000010 0.000010 0.000010 0.000010 0.000010 0.999922
0.000010 0.022185 0.037061 0.793104 0.022060 0.057371 0.044951 0.023257
0.000010 0.000010 0.000010 0.999930 0.000010 0.000010 0.000010 0.000010
0.000010 0.000010 0.000010 0.000010 0.000010 0.000010 0.000010 0.999930
0.000010 0.000010 0.000010 0.000010 0.000010 0.000010 0.000010 0.999930
0.000010 0.000010 0.000010 0.000010 0.000010 0.000010 0.000010 0.999930
0.000010 0.000010 0.000010 0.000010 0.000010 0.000010 0.000010 0.999930
0.005705 0.043177 0.000010 0.000010 0.033158 0.071463 0.000010 0.846466
0.034145 0.026925 0.011419 0.185189 0.029937 0.631489 0.040665 0.040230
0.023404 0.008652 0.061127 0.162649 0.000010 0.684417 0.013291 0.046450
0.000010 0.000014 0.000010 0.000010 0.000010 0.000010 0.000010 0.999926
0.028355 0.028811 0.000010 0.466841 0.000010 0.206246 0.092297 0.177430
0.057777 0.000010 0.023087 0.747145 0.010814 0.132092 0.000010 0.029065
0.000010 0.000010 0.000010 0.000010 0.000010 0.000010 0.000010 0.999930
0.014888 0.018955 0.000010 0.000010 0.000012 0.000010 0.019372 0.946744
0.000010 0.000010 0.000010 0.000010 0.000010 0.000010 0.000010 0.999930
0.240595 0.122236 0.012816 0.155371 0.029497 0.394163 0.028719 0.016604
0.063090 0.000010 0.000010 0.194813 0.000010 0.689954 0.000010 0.052103
0.056029 0.015071 0.031188 0.174151 0.013437 0.681811 0.000010 0.028303
0.055378 0.000010 0.025774 0.074665 0.006847 0.800349 0.000010 0.036966
0.000010 0.077061 0.020617 0.020554 0.000010 0.000019 0.000010 0.881719
0.000010 0.040201 0.000010 0.068549 0.446974 0.000010 0.000010 0.444237
0.000010 0.000010 0.000010 0.000010 0.000010 0.000010 0.000010 0.999930
0.000010 0.000010 0.000010 0.000010 0.000010 0.000010 0.000010 0.999930
0.000010 0.000010 0.000010 0.000010 0.000010 0.000010 0.000010 0.999930
0.000010 0.000013 0.000010 0.000010 0.000010 0.000010 0.000010 0.999927
0.000010 0.000010 0.000010 0.000010 0.000010 0.000010 0.000010 0.999930
0.000010 0.000010 0.000010 0.000010 0.000010 0.000019 0.000010 0.999921
0.323489 0.054843 0.016378 0.246005 0.047768 0.283210 0.000010 0.028298
0.000010 0.000010 0.000010 0.000010 0.000010 0.000010 0.000010 0.999930
0.000010 0.067818 0.000010 0.000010 0.028168 0.008614 0.018918 0.876452
0.011098 0.000010 0.000010 0.891543 0.006932 0.090388 0.000010 0.000010
0.033695 0.087359 0.000010 0.000010 0.020900 0.000010 0.032127 0.825889
0.077404 0.067645 0.038815 0.145679 0.000010 0.092632 0.026819 0.550997
0.000010 0.000010 0.000010 0.000010 0.000010 0.000010 0.000010 0.999930
0.000010 0.000010 0.000010 0.000010 0.000010 0.000010 0.000010 0.999930
0.000010 0.000010 0.000010 0.000010 0.000010 0.000010 0.000010 0.999930
0.000010 0.000010 0.000010 0.000010 0.000010 0.000010 0.000010 0.999930
0.023541 0.000010 0.000010 0.000010 0.000010 0.000010 0.001036 0.975373
0.000010 0.000010 0.000010 0.000010 0.000010 0.000010 0.000010 0.999930
0.999930 0.000010 0.000010 0.000010 0.000010 0.000010 0.000010 0.000010
0.000010 0.316980 0.000010 0.000010 0.679853 0.000010 0.000010 0.003117
0.000010 0.382288 0.000010 0.000010 0.617652 0.000010 0.000010 0.000010
0.000010 0.370849 0.000010 0.000010 0.629091 0.000010 0.000010 0.000010
0.000010 0.000010 0.000010 0.000010 0.000010 0.000010 0.000010 0.999930
0.000010 0.000010 0.000010 0.000010 0.000010 0.000010 0.000010 0.999930
0.000010 0.397925 0.000010 0.000010 0.602015 0.000010 0.000010 0.000010
0.000010 0.321196 0.000010 0.000011 0.648782 0.012344 0.000010 0.017637
0.000010 0.342345 0.000010 0.004373 0.644307 0.000010 0.000010 0.008936
0.000010 0.000010 0.000010 0.000010 0.000010 0.000010 0.000010 0.999930
0.000010 0.000010 0.000010 0.000010 0.000010 0.000010 0.000010 0.999930
0.000010 0.122566 0.000010 0.000010 0.000010 0.000010 0.877374 0.000010
0.000010 0.000010 0.000010 0.000010 0.000010 0.000010 0.000010 0.999930
0.000010 0.000010 0.900838 0.099102 0.000010 0.000010 0.000010 0.000010
0.000010 0.468019 0.000010 0.000010 0.000010 0.000010 0.000010 0.531921
0.000010 0.464961 0.000010 0.000010 0.000010 0.000010 0.000010 0.534979
0.000010 0.005648 0.071572 0.637696 0.000010 0.229355 0.055699 0.000010
0.000010 0.495143 0.000010 0.000010 0.000010 0.000010 0.000010 0.504797
0.011822 0.000010 0.071399 0.004920 0.911819 0.000010 0.000010 0.000010
0.020450 0.264193 0.143333 0.000010 0.166650 0.217272 0.162028 0.026063
0.045463 0.000010 0.074707 0.441951 0.023101 0.248942 0.076698 0.089128
0.002841 0.397233 0.000010 0.060331 0.422828 0.069067 0.028272 0.019420
0.055964 0.000010 0.000010 0.094004 0.000010 0.295020 0.177721 0.377261
0.012974 0.005842 0.000010 0.057769 0.000010 0.309651 0.209607 0.404137
0.000010 0.030073 0.000010 0.872944 0.001808 0.073131 0.021918 0.000105
0.015658 0.088175 0.080568 0.000010 0.058740 0.050071 0.021459 0.685319
0.057557 0.027759 0.030965 0.395855 0.040523 0.395520 0.016353 0.035468
0.017931 0.000010 0.003597 0.804169 0.003170 0.098530 0.000010 0.072583
0.017332 0.020927 0.004466 0.449167 0.000010 0.080563 0.093351 0.334183
0.008350 0.338748 0.187982 0.000010 0.005861 0.396160 0.062880 0.000010
0.043727 0.027144 0.039406 0.446159 0.007732 0.352676 0.032162 0.050995
0.068925 0.057515 0.108350 0.085899 0.000010 0.631871 0.047420 0.000010
0.000010 0.393356 0.043671 0.020755 0.493321 0.029501 0.019377 0.000010
0.000010 0.056127 0.012296 0.022666 0.022091 0.000889 0.000010 0.885911
0.000010 0.378791 0.000010 0.000010 0.520485 0.062011 0.038674 0.000010
0.000010 0.344068 0.000010 0.000010 0.655872 0.000010 0.000010 0.000010
0.080878 0.037295 0.000018 0.473783 0.039827 0.361114 0.007074 0.000010
0.012402 0.089312 0.000010 0.674297 0.000010 0.181515 0.042445 0.000010
0.000010 0.000010 0.000010 0.000010 0.646951 0.000010 0.352989 0.000010
0.057298 0.012941 0.038152 0.588309 0.048487 0.203844 0.027682 0.023287
0.001534 0.062393 0.030941 0.780700 0.009252 0.102375 0.002260 0.010544
0.047406 0.004993 0.000010 0.878488 0.006370 0.062202 0.000010 0.000520
0.012308 0.165832 0.137739 0.055649 0.131706 0.397837 0.098919 0.000010
0.000010 0.452932 0.186279 0.000010 0.030655 0.000010 0.330094 0.000010
0.157261 0.042570 0.067853 0.519338 0.000010 0.149102 0.029601 0.034265
0.000010 0.343224 0.000010 0.000010 0.656716 0.000010 0.000010 0.000010
0.133481 0.109156 0.006817 0.086185 0.073430 0.581495 0.008750 0.000687
0.009499 0.000010 0.038741 0.556801 0.000485 0.246921 0.058855 0.088688
0.000010 0.261821 0.000010 0.000010 0.443635 0.163648 0.028132 0.102733
0.053644 0.099516 0.000010 0.145996 0.083385 0.563346 0.054093 0.000010
0.000010 0.000010 0.000010 0.000010 0.000010 0.000010 0.000010 0.999930
0.073770 0.020119 0.088509 0.598867 0.022399 0.140887 0.000010 0.055439
0.082564 0.016172 0.068574 0.617495 0.000010 0.168717 0.014154 0.032315
0.011075 0.093026 0.002142 0.585197 0.045764 0.216413 0.031854 0.014529
0.010473 0.000010 0.129009 0.768995 0.000010 0.067698 0.000010 0.023796
0.000010 0.000010 0.059715 0.259254 0.011115 0.339999 0.230671 0.099227
0.114015 0.104572 0.089563 0.187602 0.045607 0.380596 0.033718 0.044328
0.000010 0.000010 0.000010 0.892577 0.000010 0.037422 0.069951 0.000010
0.000010 0.000010 0.000010 0.980344 0.000010 0.000010 0.000010 0.019596
0.274748 0.101029 0.004716 0.166381 0.003973 0.426781 0.000010 0.022361
0.036714 0.000010 0.000010 0.743033 0.000010 0.059869 0.011819 0.148535
0.147447 0.091487 0.000010 0.081916 0.046122 0.510868 0.039536 0.082615
0.018971 0.038030 0.000010 0.768711 0.018632 0.092743 0.000010 0.062893
0.041753 0.020129 0.000010 0.703830 0.000010 0.191913 0.000010 0.042345
0.067110 0.073404 0.000010 0.041683 0.112508 0.669414 0.035860 0.000010
0.000010 0.024721 0.030000 0.909365 0.000010 0.034085 0.001799 0.000010
0.022118 0.059421 0.000010 0.354993 0.018353 0.137833 0.062228 0.345044
0.011520 0.012875 0.017699 0.858760 0.000010 0.080090 0.000010 0.019037
0.030684 0.000010 0.000010 0.438541 0.000010 0.144353 0.041647 0.344745
0.122420 0.063829 0.027105 0.590313 0.009246 0.180733 0.000010 0.006343
0.000414 0.000010 0.000010 0.825432 0.000010 0.086955 0.041764 0.045405
0.045163 0.042255 0.061532 0.697499 0.000010 0.114723 0.012039 0.026779
0.000010 0.000010 0.000010 0.100487 0.000010 0.361407 0.186607 0.351459
0.004064 0.000010 0.000010 0.203280 0.000010 0.397941 0.353984 0.040701
0.000010 0.000010 0.000010 0.000010 0.000010 0.000010 0.999930 0.000010
0.017809 0.000010 0.014253 0.122938 0.000010 0.170720 0.470610 0.203649
0.022206 0.014803 0.000010 0.095005 0.000010 0.211102 0.383934 0.272930
0.006880 0.000010 0.035076 0.159919 0.032536 0.311024 0.391408 0.063147
0.003813 0.186968 0.055308 0.072343 0.055256 0.227826 0.370613 0.027873
0.061938 0.001028 0.023424 0.162045 0.000010 0.282213 0.242832 0.226510
0.000010 0.000010 0.000010 0.000010 0.000010 0.000010 0.999930 0.000010
0.263002 0.084638 0.044418 0.470577 0.000010 0.106228 0.031118 0.000010
0.000010 0.000010 0.000010 0.240707 0.000010 0.355972 0.368790 0.034492
0.000010 0.000010 0.000010 0.023072 0.000010 0.000010 0.976868 0.000010
0.000010 0.458585 0.215028 0.000010 0.070894 0.000010 0.255453 0.000010
0.066330 0.381501 0.037971 0.009421 0.429503 0.035193 0.000010 0.040071
0.024153 0.375693 0.032917 0.000198 0.468438 0.036718 0.000010 0.061872
0.000010 0.500540 0.145459 0.000010 0.000010 0.000010 0.353952 0.000010
0.000010 0.000010 0.003762 0.298380 0.000010 0.243737 0.412000 0.042090
0.009181 0.000010 0.001947 0.159584 0.023818 0.277325 0.465447 0.062689
0.000010 0.000010 0.000010 0.000010 0.000010 0.000010 0.999930 0.000010
0.047035 0.436661 0.044413 0.009509 0.214528 0.138793 0.000010 0.109051
0.000010 0.795229 0.000010 0.000010 0.000010 0.000010 0.000010 0.204711
0.000010 0.045250 0.000010 0.000010 0.816636 0.039814 0.084237 0.014033
0.034411 0.000010 0.054127 0.195934 0.017104 0.303896 0.346853 0.047664
0.000010 0.000010 0.000010 0.908669 0.013311 0.024369 0.027621 0.025999
0.032143 0.000010 0.042839 0.751582 0.000010 0.139623 0.023236 0.010556
0.025814 0.056589 0.084151 0.000010 0.028699 0.775561 0.000010 0.029166
0.055799 0.044753 0.033543 0.021158 0.034759 0.796489 0.000010 0.013488
0.023842 0.000019 0.014528 0.892459 0.000010 0.054767 0.012764 0.001610
0.084156 0.000010 0.017337 0.265227 0.000010 0.166033 0.068476 0.398751
0.087764 0.000010 0.016499 0.306892 0.000010 0.386840 0.058756 0.143230
0.000010 0.105144 0.000010 0.455219 0.000010 0.281687 0.100705 0.057215
0.022161 0.005067 0.000010 0.000010 0.948061 0.000010 0.000010 0.024671
0.030266 0.005558 0.048078 0.639962 0.000010 0.238273 0.020153 0.017701
0.000010 0.000010 0.000010 0.924824 0.000010 0.013708 0.043367 0.018060
0.043540 0.079926 0.000010 0.476340 0.000010 0.317741 0.058190 0.024243
0.044272 0.037332 0.042445 0.663805 0.000010 0.193686 0.000010 0.018440
0.028838 0.021122 0.016328 0.516056 0.000010 0.347898 0.000010 0.069737
0.028451 0.029982 0.011044 0.404636 0.038619 0.454315 0.000010 0.032943
0.000010 0.000010 0.000010 0.000010 0.000010 0.000010 0.999930 0.000010
0.017907 0.000010 0.062221 0.598297 0.000010 0.261772 0.048608 0.011174
0.021594 0.015850 0.007119 0.705897 0.000010 0.243057 0.000010 0.006462
0.024996 0.001410 0.011669 0.670942 0.000010 0.255614 0.018824 0.016534
0.096847 0.073060 0.000010 0.257020 0.000010 0.507383 0.016572 0.049099
0.000010 0.009555 0.011353 0.945906 0.013164 0.019993 0.000010 0.000010
0.000010 0.000010 0.857207 0.129205 0.000010 0.000010 0.000010 0.013538
0.026887 0.131428 0.000010 0.100993 0.000010 0.696433 0.000010 0.044228
0.061739 0.109042 0.091532 0.151552 0.000010 0.534319 0.037177 0.014629
0.053082 0.142079 0.002885 0.103052 0.007634 0.604242 0.040902 0.046125
0.073851 0.004890 0.000010 0.253915 0.000010 0.648110 0.015280 0.003935
0.023543 0.000010 0.000010 0.887067 0.000010 0.085882 0.002862 0.000616
0.010698 0.017270 0.026992 0.776217 0.000010 0.141243 0.002612 0.024958
0.000010 0.000010 0.023059 0.772072 0.000010 0.204819 0.000010 0.000010
0.022495 0.000010 0.000010 0.874214 0.000010 0.103241 0.000010 0.000010
0.060518 0.108497 0.100731 0.221926 0.000010 0.481578 0.000010 0.026730
0.054865 0.075820 0.000010 0.067675 0.000746 0.265731 0.066280 0.468872
0.047152 0.037575 0.065712 0.500464 0.000010 0.211372 0.064247 0.073467
0.038566 0.036391 0.000010 0.513391 0.000010 0.151701 0.099930 0.160002
0.008133 0.000010 0.078291 0.033770 0.027484 0.829187 0.003964 0.019162
0.034202 0.000010 0.041303 0.874391 0.000010 0.028080 0.000010 0.021994
0.083022 0.085760 0.017393 0.114090 0.068212 0.542212 0.089301 0.000010
0.037504 0.001220 0.000010 0.758145 0.000010 0.144364 0.041044 0.017703
0.000010 0.000010 0.000019 0.999921 0.000010 0.000010 0.000010 0.000010
0.048113 0.000010 0.196458 0.692893 0.000384 0.062123 0.000010 0.000010
0.056328 0.007721 0.071700 0.098632 0.021782 0.665769 0.000010 0.078059
0.000010 0.000010 0.000010 0.999922 0.000010 0.000010 0.000018 0.000010
0.021279 0.000010 0.097387 0.000010 0.016204 0.828000 0.037100 0.000010
0.006478 0.000010 0.077353 0.008452 0.043772 0.818846 0.036735 0.008353
0.038176 0.000010 0.095739 0.000010 0.000010 0.842927 0.023118 0.000010
0.003678 0.000010 0.135763 0.000010 0.029836 0.821684 0.009008 0.000010
0.000010 0.004562 0.052070 0.007289 0.028632 0.853225 0.054201 0.000010
0.004251 0.014077 0.014280 0.000010 0.000010 0.114795 0.013673 0.838904
0.024041 0.081475 0.012048 0.559524 0.000010 0.274365 0.031500 0.017038
0.015413 0.000010 0.000010 0.923532 0.000010 0.000010 0.044509 0.016506
0.000010 0.000010 0.030345 0.756754 0.000010 0.211738 0.000010 0.001123
0.042289 0.005858 0.099931 0.684270 0.000010 0.128987 0.029455 0.009201
0.000014 0.000010 0.010154 0.938209 0.000010 0.006687 0.044906 0.000010
0.000010 0.000010 0.054199 0.000010 0.000010 0.918702 0.027049 0.000010
0.000015 0.025763 0.046714 0.920316 0.000010 0.000010 0.001138 0.006035
0.039989 0.000010 0.000010 0.174357 0.026399 0.722519 0.000010 0.036706
0.000010 0.000010 0.000010 0.000010 0.000010 0.000010 0.000010 0.999930
0.020728 0.323450 0.167455 0.000010 0.029837 0.394169 0.064339 0.000010
0.043383 0.076953 0.108010 0.081834 0.000010 0.655376 0.000010 0.034424
0.009813 0.000010 0.002204 0.316022 0.014734 0.651542 0.000010 0.005665
0.049299 0.145476 0.082555 0.051181 0.003397 0.641443 0.014320 0.012329
0.000010 0.000010 0.108286 0.000010 0.066550 0.799744 0.025380 0.000010
0.012250 0.075732 0.032618 0.086129 0.028216 0.719504 0.000010 0.045542
0.000010 0.000010 0.062872 0.000010 0.000010 0.937068 0.000010 0.000010
0.042894 0.023165 0.072358 0.185755 0.003210 0.606619 0.036565 0.029435
0.068028 0.005270 0.090860 0.065293 0.000010 0.698084 0.045986 0.026469
0.012097 0.039572 0.000010 0.767583 0.017620 0.107335 0.032884 0.022899
0.067850 0.005678 0.011037 0.075808 0.051954 0.710094 0.060700 0.016878
0.013326 0.000010 0.117278 0.000010 0.000010 0.851402 0.002957 0.015006
0.005246 0.000010 0.109755 0.066215 0.010759 0.776149 0.031856 0.000010
0.015031 0.000010 0.067716 0.579489 0.061795 0.255785 0.004494 0.015681
0.021638 0.006008 0.000010 0.960060 0.000010 0.012254 0.000010 0.000010
0.056449 0.005925 0.109033 0.009750 0.000010 0.779568 0.000010 0.039255
0.000010 0.082525 0.017922 0.002362 0.000010 0.000010 0.000010 0.897150
0.000010 0.003312 0.052596 0.911156 0.022305 0.000010 0.000010 0.010600
0.029903 0.000010 0.016653 0.953394 0.000010 0.000010 0.000010 0.000010
0.012556 0.076854 0.059101 0.092562 0.000010 0.727096 0.019747 0.012073
0.012766 0.089767 0.045014 0.445563 0.025828 0.368165 0.000010 0.012888
0.094294 0.000010 0.038683 0.213579 0.000010 0.646790 0.000010 0.006624
0.009165 0.000010 0.047004 0.000010 0.019496 0.880189 0.007148 0.036979
0.000010 0.000010 0.000010 0.994855 0.000010 0.000010 0.000010 0.005085
0.000010 0.000010 0.000010 0.996865 0.000010 0.000010 0.000010 0.003075
0.034678 0.007657 0.000010 0.490663 0.000010 0.396296 0.052818 0.017868
0.066532 0.018313 0.010853 0.557858 0.000010 0.284078 0.024307 0.038049
0.014786 0.000010 0.000010 0.000010 0.916951 0.000010 0.000010 0.068213
0.018756 0.076400 0.084426 0.048393 0.000010 0.709875 0.037276 0.024865
0.006540 0.020495 0.000010 0.880119 0.000010 0.064608 0.006966 0.021252
0.014753 0.001337 0.000010 0.000010 0.900186 0.000010 0.000010 0.083684
0.528161 0.000010 0.000010 0.000010 0.000010 0.000010 0.000010 0.471779
0.000010 0.759151 0.000010 0.000010 0.000010 0.000010 0.000010 0.240789
0.026355 0.040910 0.036366 0.601907 0.000010 0.239435 0.010292 0.044726
0.090605 0.089546 0.034304 0.553229 0.000010 0.209122 0.000010 0.023173
0.041223 0.045682 0.024556 0.714866 0.000010 0.159866 0.000010 0.013787
0.078750 0.123950 0.000010 0.340734 0.083205 0.320190 0.053151 0.000010
0.013607 0.000010 0.040015 0.927774 0.000010 0.000010 0.000010 0.018564
0.000010 0.000010 0.000010 0.999930 0.000010 0.000010 0.000010 0.000010
0.120826 0.014435 0.000010 0.128615 0.000010 0.708681 0.000010 0.027412
0.043576 0.000010 0.069495 0.620423 0.000010 0.241626 0.019009 0.005851
0.029104 0.084755 0.016361 0.532263 0.000010 0.294901 0.000010 0.042595
0.000010 0.049656 0.044495 0.377593 0.040183 0.416068 0.071985 0.000010
0.059564 0.011394 0.034659 0.679415 0.003905 0.190822 0.000010 0.020229
0.025693 0.000010 0.000010 0.747158 0.000010 0.148772 0.034539 0.043808
0.035142 0.000010 0.000010 0.734878 0.016596 0.156089 0.032944 0.024330
0.013715 0.015809 0.047978 0.778595 0.000010 0.114726 0.012505 0.016664
0.000010 0.000010 0.000010 0.999930 0.000010 0.000010 0.000010 0.000010
0.017679 0.000486 0.032375 0.907372 0.000010 0.000010 0.019826 0.022241
0.051418 0.054730 0.056921 0.147420 0.000010 0.639817 0.022165 0.027518
0.029643 0.000010 0.052554 0.402656 0.033165 0.336053 0.082011 0.063907
0.019608 0.000010 0.114039 0.000010 0.057976 0.806139 0.000010 0.002207
0.014123 0.000010 0.013055 0.961243 0.000010 0.000010 0.004207 0.007342
0.098579 0.074874 0.000010 0.177310 0.000010 0.617490 0.000010 0.031717
0.043436 0.027883 0.152674 0.612503 0.000010 0.036019 0.083025 0.044450
0.086072 0.006607 0.020822 0.530595 0.016862 0.283097 0.013961 0.041983
0.000010 0.027742 0.093493 0.079527 0.001291 0.713963 0.069195 0.014779
0.071245 0.023899 0.039033 0.734353 0.000010 0.122705 0.004525 0.004230
0.104272 0.000010 0.000010 0.158814 0.000010 0.671674 0.047714 0.017496
0.024614 0.012954 0.078143 0.000010 0.018314 0.818311 0.009443 0.038210
0.038204 0.042370 0.008256 0.071168 0.034707 0.740334 0.015545 0.049417
0.000010 0.130895 0.066139 0.304840 0.044908 0.326029 0.127170 0.000010
0.021114 0.078597 0.112617 0.002224 0.000010 0.785419 0.000010 0.000010
0.000010 0.280983 0.070828 0.000010 0.142471 0.275148 0.225657 0.004893
0.127316 0.000010 0.000010 0.132801 0.000010 0.697742 0.001664 0.040448
0.000010 0.000010 0.006251 0.604632 0.006907 0.328559 0.053620 0.000010
0.000010 0.000010 0.022203 0.902671 0.000010 0.067422 0.007664 0.000010
0.000010 0.042177 0.100657 0.794122 0.016630 0.000010 0.046384 0.000010
0.000010 0.000010 0.052749 0.840892 0.000010 0.089917 0.016402 0.000010
0.000010 0.081235 0.066700 0.033995 0.000010 0.818030 0.000010 0.000010
0.050401 0.038469 0.222644 0.375400 0.042062 0.146608 0.103887 0.020528
0.017458 0.057041 0.014275 0.566172 0.033614 0.231568 0.073148 0.006723
0.028572 0.055491 0.000010 0.212604 0.671532 0.000010 0.014877 0.016904
0.012724 0.000010 0.013044 0.766221 0.020060 0.157679 0.022863 0.007399
0.025647 0.000010 0.065960 0.779369 0.000010 0.092113 0.020751 0.016141
0.000010 0.000010 0.000010 0.000010 0.000010 0.000010 0.000010 0.999930
0.000010 0.000010 0.000010 0.000010 0.000010 0.000010 0.000010 0.999930
0.002893 0.007217 0.078051 0.159112 0.020368 0.716138 0.016211 0.000010
0.000010 0.003420 0.000010 0.171717 0.000010 0.789828 0.000010 0.034995
0.000010 0.017455 0.053689 0.306314 0.000010 0.577577 0.023202 0.021744
0.000010 0.001543 0.075586 0.322640 0.000010 0.598125 0.000010 0.002075
0.000010 0.000010 0.000010 0.000010 0.000010 0.000010 0.000010 0.999930
0.000010 0.000016 0.000010 0.000010 0.000010 0.000010 0.000010 0.999924
0.023245 0.000010 0.081191 0.027158 0.000010 0.811318 0.051664 0.005405
0.001383 0.000010 0.116992 0.022484 0.000010 0.849849 0.006964 0.002309
0.000010 0.000010 0.000010 0.000018 0.000010 0.000010 0.000010 0.999922
0.000010 0.000010 0.000010 0.000010 0.000010 0.000010 0.000010 0.999930
0.000010 0.000010 0.000010 0.000010 0.000010 0.000010 0.000010 0.999930
0.064245 0.119532 0.043038 0.029743 0.015922 0.727499 0.000010 0.000010
0.023286 0.000010 0.076518 0.000010 0.000010 0.900146 0.000010 0.000010
0.000010 0.289359 0.046922 0.190162 0.113230 0.211436 0.047204 0.101678
0.060154 0.000010 0.095603 0.057016 0.059110 0.664768 0.023155 0.040184
0.000010 0.548875 0.000010 0.011030 0.237315 0.073236 0.031897 0.097627
0.000010 0.000010 0.068585 0.000010 0.082405 0.779629 0.035628 0.033723
0.000010 0.000010 0.000010 0.000010 0.000010 0.000010 0.000010 0.999930
0.000010 0.000010 0.044746 0.054214 0.033663 0.830449 0.033129 0.003780
0.026795 0.053008 0.132362 0.192667 0.000010 0.583680 0.000010 0.011467
0.014473 0.044055 0.039896 0.088522 0.000010 0.275495 0.005313 0.532236
0.012806 0.016198 0.012706 0.020667 0.000010 0.043816 0.000010 0.893787
0.010373 0.029678 0.086234 0.076945 0.000010 0.753431 0.043319 0.000010
0.000010 0.000010 0.000010 0.000010 0.000010 0.000010 0.000010 0.999930
0.000010 0.000010 0.000010 0.000010 0.000010 0.000010 0.000010 0.999930
0.000010 0.000010 0.000010 0.000010 0.000010 0.000010 0.000010 0.999930
0.000010 0.000010 0.000010 0.000010 0.000010 0.000010 0.000010 0.999930
0.000010 0.000010 0.000010 0.000010 0.000010 0.000010 0.000010 0.999930
0.067910 0.000010 0.031479 0.607115 0.005629 0.223231 0.064616 0.000010
0.028906 0.029197 0.046772 0.578025 0.016025 0.105214 0.078923 0.116938
0.010919 0.037362 0.000010 0.564803 0.000010 0.172901 0.079208 0.134787
0.000010 0.000010 0.000010 0.000010 0.000010 0.000010 0.000010 0.999930
0.000010 0.644797 0.000010 0.000010 0.000010 0.000010 0.000010 0.355143
0.094571 0.046460 0.000010 0.407925 0.034347 0.354763 0.000010 0.061914
0.029986 0.000010 0.024074 0.808976 0.000010 0.128835 0.000010 0.008100
0.053967 0.003538 0.051503 0.522708 0.000010 0.270781 0.045328 0.052165
0.088272 0.000010 0.000010 0.249795 0.000010 0.659567 0.002326 0.000010
0.098664 0.000010 0.000010 0.204866 0.000010 0.675186 0.000010 0.021244
0.008452 0.029039 0.022363 0.706318 0.000010 0.198477 0.032263 0.003078
0.100121 0.050758 0.010484 0.218768 0.000010 0.619839 0.000010 0.000010
0.049847 0.000010 0.018726 0.286167 0.000010 0.473414 0.111250 0.060576
0.003051 0.000010 0.093032 0.723044 0.000010 0.142400 0.000010 0.038443
0.000010 0.000010 0.167582 0.626117 0.011022 0.094040 0.051633 0.049586
0.075439 0.000010 0.000010 0.316744 0.008626 0.575504 0.023656 0.000010
0.000010 0.000010 0.058795 0.672065 0.035414 0.167605 0.049556 0.016545
0.036881 0.000010 0.107923 0.284561 0.000010 0.237442 0.271062 0.062111
0.000010 0.482619 0.151146 0.000010 0.208787 0.000010 0.157407 0.000010
0.235517 0.095771 0.029936 0.166048 0.082093 0.370582 0.000010 0.020043
0.037210 0.012842 0.011769 0.406367 0.014148 0.473645 0.001203 0.042816
0.220249 0.025608 0.167165 0.429057 0.000010 0.146954 0.003906 0.007051
0.002545 0.000010 0.106670 0.830824 0.003169 0.020443 0.036328 0.000010
0.000010 0.363398 0.000010 0.038024 0.460862 0.104539 0.033147 0.000010
0.011515 0.371460 0.063297 0.024281 0.115863 0.230902 0.089713 0.092971
0.061479 0.000010 0.000011 0.607891 0.000010 0.272817 0.035162 0.022620
0.026862 0.000010 0.092711 0.694091 0.000010 0.184815 0.000010 0.001491
0.000010 0.053280 0.000010 0.519959 0.000010 0.043859 0.000010 0.382863
0.023653 0.049755 0.023047 0.520620 0.032107 0.290128 0.051722 0.008968
0.021293 0.168420 0.000010 0.015251 0.049459 0.000010 0.032303 0.713253
0.030629 0.014581 0.021161 0.457836 0.000010 0.434223 0.000010 0.041551
0.047341 0.418506 0.111912 0.022184 0.056537 0.239707 0.089449 0.014365
0.026572 0.000010 0.039606 0.838698 0.000010 0.045722 0.049372 0.000010
0.000010 0.000010 0.028604 0.971336 0.000010 0.000010 0.000010 0.000010
0.029614 0.029800 0.064451 0.842817 0.000010 0.033288 0.000010 0.000010
0.000010 0.000010 0.070996 0.744922 0.000010 0.181650 0.002392 0.000010
0.038466 0.101189 0.011945 0.011872 0.733694 0.102743 0.000010 0.000080
0.010195 0.000010 0.151522 0.000010 0.000010 0.824908 0.000010 0.013335
0.012939 0.394118 0.288329 0.000010 0.036306 0.000010 0.268278 0.000010
0.000010 0.086266 0.075026 0.118526 0.000010 0.713994 0.000010 0.006158
0.135187 0.000010 0.042598 0.400818 0.000010 0.329218 0.069172 0.022986
0.052151 0.000010 0.059748 0.022884 0.000010 0.865176 0.000010 0.000010
0.000010 0.072690 0.058654 0.109679 0.000010 0.741683 0.000010 0.017263
0.013339 0.374947 0.267724 0.000010 0.043479 0.000010 0.300481 0.000010
0.008828 0.000010 0.013218 0.823848 0.000010 0.137515 0.016562 0.000010
0.000010 0.000010 0.000010 0.847977 0.038512 0.113461 0.000010 0.000010
0.105088 0.054241 0.142036 0.034339 0.000010 0.596267 0.041251 0.026767
0.000010 0.000010 0.029150 0.908167 0.000010 0.062633 0.000010 0.000010
0.058393 0.096652 0.117716 0.053268 0.033329 0.627487 0.000010 0.013146
0.021815 0.136874 0.013622 0.000010 0.710652 0.034270 0.082747 0.000010
0.000010 0.000010 0.999362 0.000010 0.000010 0.000010 0.000010 0.000578
0.000010 0.000010 0.007104 0.000010 0.992836 0.000010 0.000010 0.000010
0.023053 0.212441 0.011076 0.000010 0.518480 0.231101 0.000010 0.003829
0.000010 0.212045 0.042462 0.000010 0.019069 0.264011 0.095660 0.366734
0.014886 0.022818 0.000010 0.000010 0.846733 0.075155 0.004422 0.035966
0.000010 0.000010 0.000010 0.000010 0.000010 0.000010 0.000010 0.999930
0.013449 0.011782 0.011223 0.666830 0.000010 0.280796 0.015900 0.000010
0.038704 0.063147 0.090099 0.000010 0.020043 0.777335 0.000010 0.010652
0.038387 0.038774 0.017406 0.083874 0.035306 0.705273 0.051947 0.029033
0.000010 0.091777 0.000010 0.027611 0.000010 0.000010 0.015008 0.865564
0.495718 0.050899 0.000010 0.363368 0.000010 0.064084 0.016302 0.009610
0.012949 0.278577 0.057793 0.055731 0.161415 0.307502 0.065870 0.060161
0.000010 0.264736 0.242690 0.024200 0.000010 0.415775 0.052569 0.000010
0.085092 0.069318 0.013982 0.070314 0.000010 0.654931 0.064267 0.042085
0.029673 0.010155 0.017839 0.111558 0.000010 0.736445 0.043869 0.050452
0.017539 0.047239 0.152410 0.238712 0.009753 0.402688 0.062464 0.069194
0.065036 0.065514 0.098861 0.074302 0.012563 0.661072 0.000010 0.022642
0.025715 0.177833 0.005080 0.000010 0.036418 0.015026 0.000010 0.739908
0.028017 0.147332 0.007723 0.035863 0.061486 0.025899 0.002975 0.690704
0.021226 0.047306 0.000010 0.000010 0.009890 0.077564 0.021061 0.822932
0.007658 0.381995 0.076880 0.041244 0.001722 0.369932 0.120560 0.000010
0.000010 0.291406 0.074299 0.000010 0.000010 0.000010 0.634245 0.000010
0.000010 0.053973 0.049324 0.000010 0.622564 0.274098 0.000010 0.000010
0.018009 0.387986 0.115384 0.000010 0.223216 0.074173 0.181211 0.000010
0.000010 0.000010 0.000010 0.999930 0.000010 0.000010 0.000010 0.000010
0.039911 0.000010 0.006423 0.756114 0.000010 0.040294 0.013693 0.143545
0.076748 0.039370 0.000010 0.498182 0.000015 0.379894 0.000010 0.005770
0.046489 0.038395 0.000010 0.602368 0.006056 0.180177 0.047746 0.078759
0.999930 0.000010 0.000010 0.000010 0.000010 0.000010 0.000010 0.000010
0.000010 0.003615 0.022554 0.915002 0.000010 0.028930 0.029868 0.000010
0.000010 0.004454 0.002599 0.909089 0.004368 0.064174 0.012205 0.003101
0.011706 0.176524 0.035101 0.015002 0.044432 0.032850 0.006631 0.677755
0.000010 0.183022 0.005876 0.017863 0.008929 0.013433 0.030948 0.739919
0.010938 0.013377 0.000010 0.951430 0.018230 0.005995 0.000010 0.000010
0.056266 0.247839 0.095067 0.161143 0.034865 0.322826 0.075448 0.006547
0.024376 0.087325 0.000010 0.831641 0.003292 0.052916 0.000010 0.000430
0.087294 0.030918 0.044557 0.597243 0.000010 0.146193 0.064318 0.029466
0.615345 0.117849 0.000628 0.103318 0.000010 0.126138 0.036703 0.000010
0.000010 0.098431 0.017556 0.022914 0.000010 0.000010 0.000010 0.861059
0.033148 0.051605 0.013129 0.407226 0.000010 0.152528 0.000010 0.342344
0.022232 0.374843 0.044812 0.002819 0.143078 0.201970 0.038683 0.171563
0.029131 0.000010 0.025347 0.670151 0.029578 0.139750 0.042444 0.063591
0.067132 0.016248 0.065704 0.275156 0.032236 0.499435 0.016488 0.027601
0.061462 0.030986 0.004501 0.599571 0.000010 0.195504 0.057240 0.050725
0.000010 0.080749 0.019051 0.018878 0.000010 0.004241 0.000010 0.877051
0.045637 0.000010 0.004735 0.866934 0.000010 0.043906 0.038758 0.000010
0.066855 0.059881 0.000010 0.605236 0.021039 0.202959 0.024944 0.019077
0.031624 0.023319 0.018120 0.376924 0.000010 0.501399 0.000010 0.048594
0.058236 0.051607 0.000010 0.598266 0.023710 0.242850 0.023926 0.001396
0.023431 0.344648 0.052849 0.033996 0.488668 0.019493 0.004659 0.032255
0.000010 0.423634 0.288766 0.000010 0.000010 0.000010 0.287550 0.000010
0.000010 0.345461 0.039563 0.009153 0.494835 0.062012 0.000010 0.048955
0.035774 0.077627 0.000010 0.081981 0.099660 0.683703 0.000010 0.021234
0.026500 0.000010 0.000010 0.122606 0.075368 0.732861 0.001648 0.040996
0.034048 0.096811 0.000010 0.025692 0.755414 0.000010 0.003654 0.084361
0.018475 0.097292 0.000010 0.000010 0.780584 0.000010 0.000010 0.103608
0.000010 0.229643 0.131286 0.027344 0.001783 0.550263 0.059660 0.000010
0.054252 0.063221 0.011635 0.000010 0.772973 0.000010 0.000010 0.097889
0.000010 0.154908 0.086588 0.048369 0.373040 0.211859 0.125217 0.000010
0.011628 0.152885 0.000010 0.000010 0.568570 0.252289 0.014599 0.000010
0.999925 0.000010 0.000010 0.000010 0.000015 0.000010 0.000010 0.000010
0.000010 0.000010 0.999930 0.000010 0.000010 0.000010 0.000010 0.000010
0.000010 0.000010 0.999930 0.000010 0.000010 0.000010 0.000010 0.000010
0.000010 0.000010 0.999930 0.000010 0.000010 0.000010 0.000010 0.000010
0.000010 0.000010 0.999930 0.000010 0.000010 0.000010 0.000010 0.000010
0.000010 0.000010 0.999930 0.000010 0.000010 0.000010 0.000010 0.000010
0.000010 0.000010 0.999930 0.000010 0.000010 0.000010 0.000010 0.000010
0.000010 0.000010 0.999930 0.000010 0.000010 0.000010 0.000010 0.000010
0.000010 0.000010 0.999930 0.000010 0.000010 0.000010 0.000010 0.000010
0.000010 0.112835 0.010497 0.000010 0.827058 0.029334 0.000870 0.019385
0.000010 0.074443 0.000010 0.000010 0.843912 0.078090 0.000010 0.003514
0.000010 0.147494 0.000010 0.000010 0.788520 0.000010 0.000010 0.063935
0.000010 0.000010 0.000010 0.997709 0.000010 0.000010 0.000010 0.002231
0.028153 0.100217 0.000010 0.000010 0.748206 0.000010 0.000010 0.123384
0.710284 0.000010 0.000010 0.192227 0.000010 0.008484 0.000010 0.088965
0.026057 0.071035 0.035697 0.015487 0.760700 0.000010 0.000010 0.091004
0.000010 0.094159 0.001884 0.000010 0.863322 0.002513 0.000010 0.038091
0.006371 0.079410 0.040417 0.000010 0.873762 0.000010 0.000010 0.000010
0.035338 0.086394 0.000010 0.000010 0.801949 0.061992 0.014298 0.000010
0.008321 0.124412 0.000010 0.000010 0.848228 0.000010 0.002343 0.016666
0.026143 0.048295 0.000010 0.023732 0.834826 0.066973 0.000010 0.000010
0.027413 0.000010 0.000010 0.000010 0.972527 0.000010 0.000010 0.000010
0.021531 0.036648 0.119686 0.808346 0.005760 0.000010 0.000010 0.008009
0.039245 0.149633 0.000010 0.213534 0.048746 0.477476 0.068550 0.002805
0.000010 0.000010 0.999930 0.000010 0.000010 0.000010 0.000010 0.000010
0.000010 0.000010 0.029293 0.000010 0.905918 0.039611 0.003642 0.021506
0.000010 0.000010 0.006907 0.993033 0.000010 0.000010 0.000010 0.000010
0.003807 0.000010 0.925243 0.021891 0.000010 0.047972 0.000010 0.001057
0.000010 0.000010 0.999924 0.000016 0.000010 0.000010 0.000010 0.000010
