0.000010 0.000010 0.065810 0.001013 0.395329 0.000010 0.000010 0.252701 0.000010 0.285097
0.000010 0.000010 0.022504 0.062450 0.170620 0.000010 0.020845 0.216626 0.019912 0.487013
0.050087 0.035441 0.000010 0.000010 0.353426 0.053936 0.000010 0.153482 0.000010 0.353588
0.000010 0.000010 0.887574 0.005422 0.000010 0.054207 0.023938 0.028809 0.000010 0.000010
0.041747 0.000010 0.000010 0.075808 0.186152 0.000010 0.000010 0.050910 0.041308 0.604035
0.017894 0.000010 0.021509 0.003419 0.711413 0.022538 0.016402 0.106749 0.000010 0.100057
0.066097 0.000010 0.427409 0.000010 0.290296 0.006541 0.042624 0.055556 0.000010 0.111447
0.000010 0.000010 0.011950 0.000010 0.896246 0.000010 0.046947 0.000010 0.044798 0.000010
0.000010 0.000010 0.062118 0.015528 0.053478 0.010331 0.000010 0.376132 0.069109 0.413273
0.000010 0.000010 0.014762 0.000010 0.836880 0.000010 0.000010 0.039820 0.053116 0.055371
0.000010 0.000010 0.000010 0.000010 0.636803 0.000010 0.000010 0.083060 0.059500 0.220577
0.006809 0.024473 0.000010 0.000010 0.334903 0.023254 0.031316 0.277707 0.000010 0.301508
0.052413 0.000010 0.065304 0.000010 0.000010 0.261475 0.053545 0.413067 0.074702 0.079464
0.038831 0.000010 0.472024 0.000010 0.000010 0.076359 0.035116 0.345753 0.019012 0.012875
0.000010 0.007710 0.006687 0.000010 0.890269 0.000010 0.000010 0.015566 0.026081 0.053647
0.001036 0.054685 0.000988 0.000660 0.310596 0.059079 0.000010 0.210621 0.040955 0.321369
0.000010 0.000010 0.013761 0.029912 0.669906 0.025877 0.000010 0.104711 0.019532 0.136269
0.034717 0.000010 0.284018 0.000010 0.454608 0.026170 0.047226 0.018978 0.000010 0.134252
0.000010 0.000010 0.000010 0.000010 0.280552 0.023643 0.043677 0.000010 0.652069 0.000010
0.000010 0.894831 0.000010 0.094915 0.000010 0.000010 0.010184 0.000010 0.000010 0.000010
0.000010 0.908977 0.005845 0.061957 0.014184 0.000010 0.008988 0.000010 0.000010 0.000010
0.000010 0.986204 0.000010 0.013716 0.000010 0.000010 0.000010 0.000010 0.000010 0.000010
0.000010 0.880135 0.000010 0.063624 0.014147 0.000010 0.042035 0.000010 0.000010 0.000010
0.019439 0.042575 0.701123 0.038273 0.013825 0.089144 0.000010 0.015490 0.012611 0.067510
0.000010 0.000010 0.014896 0.000010 0.000010 0.000010 0.000010 0.000010 0.985024 0.000010
0.000010 0.904852 0.001926 0.073086 0.000010 0.000010 0.000010 0.020076 0.000010 0.000010
0.000010 0.038624 0.018427 0.057553 0.000010 0.024615 0.024116 0.050202 0.000010 0.786433
0.000010 0.926889 0.015378 0.057664 0.000010 0.000010 0.000010 0.000010 0.000010 0.000010
0.000010 0.000010 0.022919 0.042300 0.081565 0.056280 0.000010 0.550053 0.065429 0.181424
0.000010 0.008557 0.063186 0.014687 0.074416 0.052357 0.000010 0.662002 0.029013 0.095762
0.000010 0.000010 0.015138 0.000010 0.000010 0.000010 0.015415 0.927351 0.042036 0.000010
0.000010 0.000010 0.002168 0.024252 0.042476 0.111150 0.000010 0.481982 0.054967 0.282976
0.087422 0.000010 0.074199 0.105072 0.028794 0.327599 0.006000 0.279373 0.033820 0.057711
0.013780 0.000010 0.013104 0.060606 0.000010 0.212333 0.036905 0.451912 0.166928 0.044411
0.000010 0.024540 0.002937 0.033596 0.135483 0.000010 0.286396 0.140743 0.035706 0.340579
0.011849 0.005287 0.340782 0.000010 0.233458 0.085670 0.003771 0.053709 0.000223 0.265242
0.008987 0.000010 0.413585 0.000010 0.308183 0.073379 0.000010 0.056321 0.024264 0.115252
0.000010 0.801119 0.000010 0.000010 0.000010 0.173820 0.024990 0.000010 0.000010 0.000010
0.000010 0.000010 0.027622 0.000010 0.000010 0.066293 0.075733 0.511427 0.070682 0.248203
0.013739 0.000010 0.023763 0.053711 0.038712 0.037412 0.016004 0.745557 0.032996 0.038096
0.000010 0.000010 0.000010 0.000010 0.999910 0.000010 0.000010 0.000010 0.000010 0.000010
0.034186 0.000947 0.025872 0.036076 0.170548 0.060264 0.003162 0.464451 0.106724 0.097770
0.041197 0.000010 0.000010 0.000010 0.649988 0.031314 0.000010 0.000010 0.001443 0.276009
0.000010 0.000010 0.010507 0.000010 0.732415 0.011271 0.001990 0.000010 0.000010 0.243766
0.090364 0.027125 0.000010 0.000010 0.000010 0.215190 0.000010 0.453739 0.213533 0.000010
0.000010 0.924432 0.000010 0.030059 0.000010 0.000010 0.000010 0.000010 0.045439 0.000010
0.000010 0.904773 0.000010 0.008079 0.000010 0.000537 0.017727 0.000010 0.000010 0.068834
0.000010 0.410402 0.000010 0.123798 0.000010 0.228428 0.005797 0.060568 0.000010 0.170968
0.133158 0.034981 0.000010 0.050296 0.004778 0.196539 0.023094 0.252190 0.115926 0.189028
0.066655 0.032937 0.027839 0.033418 0.016571 0.162283 0.027371 0.359032 0.104573 0.169320
0.999910 0.000010 0.000010 0.000010 0.000010 0.000010 0.000010 0.000010 0.000010 0.000010
0.080150 0.052470 0.000010 0.105118 0.000010 0.166709 0.007246 0.376570 0.167364 0.044353
0.999910 0.000010 0.000010 0.000010 0.000010 0.000010 0.000010 0.000010 0.000010 0.000010
0.055260 0.000010 0.000010 0.040317 0.042115 0.197210 0.036241 0.342264 0.121536 0.165038
0.097683 0.062314 0.000010 0.000010 0.000010 0.237013 0.005199 0.392206 0.189360 0.016196
0.000010 0.000010 0.000010 0.000010 0.000010 0.000010 0.999910 0.000010 0.000010 0.000010
0.000018 0.034607 0.011378 0.035649 0.859202 0.000010 0.038824 0.020292 0.000010 0.000010
0.000010 0.000010 0.045175 0.000010 0.000010 0.097773 0.031865 0.527192 0.055903 0.242051
0.040368 0.000010 0.038960 0.000010 0.000010 0.024432 0.007044 0.500775 0.093448 0.294942
0.086413 0.000010 0.047955 0.000010 0.674311 0.000010 0.014632 0.060527 0.013168 0.102965
0.025228 0.012865 0.000623 0.000010 0.000010 0.003937 0.000010 0.826829 0.000010 0.130478
0.000010 0.000010 0.038553 0.000010 0.090037 0.070749 0.035812 0.549678 0.010497 0.204644
0.026623 0.019605 0.015497 0.000010 0.435422 0.005850 0.035940 0.383120 0.077924 0.000010
0.000010 0.001839 0.021171 0.000010 0.035887 0.084247 0.003047 0.661913 0.000010 0.191866
0.023059 0.000010 0.021741 0.036709 0.056560 0.083565 0.030029 0.503219 0.081248 0.163860
0.131027 0.063952 0.220734 0.000010 0.186079 0.059588 0.088759 0.084172 0.113134 0.052545
0.000010 0.410920 0.226268 0.000010 0.000010 0.362742 0.000010 0.000010 0.000010 0.000010
0.000010 0.013224 0.675233 0.056209 0.000010 0.053673 0.024145 0.032314 0.000010 0.145172
0.000010 0.017057 0.010134 0.000010 0.851713 0.026394 0.029154 0.000010 0.018670 0.046848
0.035413 0.000010 0.000010 0.031350 0.000010 0.211995 0.024514 0.402447 0.181538 0.112713
0.093930 0.028132 0.006228 0.049400 0.072369 0.203634 0.000010 0.273902 0.123403 0.148990
0.128584 0.000010 0.000010 0.043775 0.049954 0.157026 0.032338 0.202119 0.272361 0.113822
0.039460 0.000010 0.000010 0.020061 0.032126 0.000010 0.134829 0.197257 0.004242 0.571994
0.026973 0.000010 0.019073 0.005952 0.074504 0.055679 0.005682 0.516466 0.000010 0.295651
0.000010 0.000010 0.029958 0.000010 0.067576 0.047830 0.098821 0.281920 0.064882 0.408983
0.000010 0.000010 0.000010 0.042506 0.026558 0.083848 0.035688 0.679271 0.036184 0.095916
0.032278 0.000010 0.032123 0.000010 0.024156 0.018235 0.036149 0.731672 0.025829 0.099538
0.036366 0.059301 0.000010 0.000010 0.056039 0.065166 0.033881 0.561282 0.079222 0.108724
0.000010 0.885112 0.000010 0.000010 0.000010 0.114808 0.000010 0.000010 0.000010 0.000010
0.000010 0.000010 0.031564 0.041777 0.080050 0.061086 0.000010 0.576114 0.007392 0.201987
0.044629 0.020259 0.030350 0.000010 0.029696 0.000010 0.041110 0.699145 0.043519 0.091272
0.000010 0.017567 0.031467 0.000010 0.663273 0.012835 0.000010 0.081561 0.000010 0.193256
0.001361 0.000203 0.027012 0.000010 0.654826 0.002649 0.024826 0.038534 0.024694 0.225886
0.000010 0.000010 0.000010 0.047814 0.042866 0.000010 0.728575 0.072113 0.000010 0.108582
0.050001 0.000010 0.059083 0.000010 0.718801 0.000010 0.000010 0.037433 0.000010 0.134632
0.000010 0.879552 0.000010 0.000010 0.000010 0.120368 0.000010 0.000010 0.000010 0.000010
0.088865 0.690300 0.000010 0.133242 0.000010 0.003436 0.002727 0.078878 0.000010 0.002522
0.000010 0.000010 0.020757 0.000010 0.581318 0.001710 0.038688 0.000010 0.022407 0.335080
0.002644 0.019960 0.014301 0.000010 0.154752 0.147591 0.074413 0.231880 0.000010 0.354439
0.058036 0.787942 0.029314 0.093565 0.000010 0.000010 0.000010 0.012808 0.018295 0.000010
0.013377 0.785391 0.009529 0.063870 0.000010 0.000010 0.052592 0.075201 0.000010 0.000010
0.030576 0.685245 0.002120 0.137750 0.000010 0.024210 0.000010 0.013797 0.000010 0.106273
0.000010 0.830736 0.000010 0.062674 0.000010 0.000010 0.007370 0.000010 0.016405 0.082765
0.044414 0.745726 0.000010 0.114760 0.000010 0.000010 0.000231 0.038020 0.024998 0.031821
0.007414 0.278291 0.034863 0.008520 0.125802 0.046646 0.006635 0.103522 0.020696 0.367612
0.084680 0.027766 0.000010 0.037268 0.001497 0.338749 0.000010 0.275068 0.234943 0.000010
0.088376 0.063040 0.000010 0.000010 0.014749 0.330351 0.000010 0.327653 0.175792 0.000010
0.011464 0.000010 0.002334 0.038651 0.337009 0.064644 0.000010 0.136234 0.008438 0.401206
0.000010 0.065378 0.069759 0.000010 0.825737 0.000010 0.000010 0.014734 0.000010 0.024341
0.142101 0.079177 0.000010 0.000010 0.000010 0.347651 0.000010 0.257925 0.173095 0.000010
0.000010 0.000010 0.003231 0.009232 0.000010 0.000010 0.045925 0.124843 0.029224 0.787506
0.118703 0.095390 0.000010 0.000010 0.000010 0.272257 0.000010 0.338204 0.175395 0.000010
0.024051 0.000010 0.001196 0.000010 0.163363 0.000010 0.052125 0.210749 0.043391 0.505096
0.000012 0.000010 0.999908 0.000010 0.000010 0.000010 0.000010 0.000010 0.000010 0.000010
0.009074 0.000010 0.001789 0.000010 0.733746 0.000010 0.000010 0.000010 0.071003 0.184338
0.068991 0.016435 0.380164 0.026410 0.000010 0.242184 0.021545 0.137093 0.107159 0.000010
0.024699 0.000010 0.031139 0.000010 0.461153 0.000010 0.000010 0.000010 0.000010 0.482950
0.021303 0.000010 0.024758 0.000010 0.019521 0.031896 0.068805 0.139491 0.015750 0.678457
0.000010 0.000010 0.021128 0.025375 0.198848 0.004375 0.031962 0.207741 0.030114 0.480436
0.000010 0.000010 0.000010 0.024975 0.822958 0.000693 0.000010 0.070724 0.000010 0.080600
0.412018 0.076061 0.000010 0.048896 0.000010 0.124921 0.000010 0.128635 0.193191 0.016249
0.033015 0.000010 0.000010 0.004436 0.536982 0.000010 0.024683 0.147461 0.020791 0.232603
0.038700 0.000010 0.000010 0.000010 0.722259 0.000010 0.016898 0.060116 0.007736 0.154251
0.000010 0.000010 0.019789 0.000010 0.889009 0.000010 0.000010 0.081727 0.009415 0.000010
0.010984 0.000010 0.000010 0.000010 0.101276 0.028330 0.061885 0.312670 0.000010 0.484815
0.008244 0.000010 0.023767 0.000010 0.484642 0.035965 0.000010 0.000010 0.011232 0.436110
0.000010 0.000010 0.999908 0.000010 0.000010 0.000010 0.000010 0.000012 0.000010 0.000010
0.000011 0.000010 0.999909 0.000010 0.000010 0.000010 0.000010 0.000010 0.000010 0.000010
0.000010 0.012490 0.000010 0.000010 0.790488 0.013014 0.030422 0.043859 0.000010 0.109686
0.000010 0.000010 0.999910 0.000010 0.000010 0.000010 0.000010 0.000010 0.000010 0.000010
0.037710 0.009307 0.015989 0.000010 0.723902 0.004164 0.000010 0.000010 0.001854 0.207044
0.000010 0.000010 0.000010 0.000010 0.999910 0.000010 0.000010 0.000010 0.000010 0.000010
0.000010 0.000010 0.999910 0.000010 0.000010 0.000010 0.000010 0.000010 0.000010 0.000010
0.000018 0.000010 0.999894 0.000014 0.000012 0.000012 0.000010 0.000010 0.000010 0.000010
0.000010 0.000010 0.999910 0.000010 0.000010 0.000010 0.000010 0.000010 0.000010 0.000010
0.000010 0.000010 0.999910 0.000010 0.000010 0.000010 0.000010 0.000010 0.000010 0.000010
0.000010 0.021368 0.840403 0.029669 0.000010 0.030682 0.000770 0.041923 0.000010 0.035155
0.039888 0.043035 0.028813 0.000010 0.102212 0.021133 0.009246 0.161185 0.011904 0.582573
0.008171 0.000010 0.031467 0.003896 0.077188 0.000010 0.004526 0.193020 0.069782 0.611930
0.000010 0.000010 0.999910 0.000010 0.000010 0.000010 0.000010 0.000010 0.000010 0.000010
0.074091 0.006259 0.159280 0.000010 0.420064 0.048082 0.007166 0.009121 0.000010 0.275918
0.000010 0.000010 0.014649 0.000010 0.665809 0.000010 0.035578 0.000010 0.022494 0.261420
0.000010 0.000010 0.999910 0.000010 0.000010 0.000010 0.000010 0.000010 0.000010 0.000010
0.018491 0.000010 0.943261 0.004299 0.000010 0.019298 0.014602 0.000010 0.000010 0.000010
0.000010 0.000010 0.999910 0.000010 0.000010 0.000010 0.000010 0.000010 0.000010 0.000010
0.028726 0.000010 0.007539 0.058806 0.132042 0.077778 0.231983 0.270570 0.001267 0.191280
0.000010 0.000010 0.046901 0.000010 0.119716 0.000010 0.037200 0.244895 0.000010 0.551238
0.000010 0.000010 0.020489 0.025980 0.083043 0.000010 0.037707 0.212911 0.031487 0.588352
0.000010 0.000010 0.031081 0.000010 0.012990 0.000010 0.037425 0.348005 0.002277 0.568182
0.000010 0.000010 0.881622 0.000010 0.027439 0.040363 0.000010 0.000010 0.050517 0.000010
0.000010 0.441395 0.408621 0.000010 0.043484 0.106440 0.000010 0.000010 0.000010 0.000010
0.000010 0.000010 0.999910 0.000010 0.000010 0.000010 0.000010 0.000010 0.000010 0.000010
0.000010 0.000010 0.999910 0.000010 0.000010 0.000010 0.000010 0.000010 0.000010 0.000010
0.000010 0.000010 0.999910 0.000010 0.000010 0.000010 0.000010 0.000010 0.000010 0.000010
0.000010 0.000010 0.999910 0.000010 0.000010 0.000010 0.000010 0.000010 0.000010 0.000010
0.000010 0.000010 0.999910 0.000010 0.000010 0.000010 0.000010 0.000010 0.000010 0.000010
0.000010 0.000010 0.999910 0.000010 0.000010 0.000010 0.000010 0.000010 0.000010 0.000010
0.000010 0.007542 0.025838 0.060566 0.200982 0.016962 0.302851 0.111623 0.012510 0.261115
0.000010 0.000010 0.999910 0.000010 0.000010 0.000010 0.000010 0.000010 0.000010 0.000010
0.026713 0.000020 0.873698 0.065162 0.000010 0.027879 0.000010 0.006489 0.000010 0.000010
0.000010 0.008407 0.000010 0.006792 0.863037 0.000010 0.008535 0.025645 0.000010 0.087545
0.035991 0.006748 0.812792 0.033133 0.000010 0.070664 0.034416 0.000010 0.006225 0.000010
0.024070 0.000010 0.535911 0.000010 0.136111 0.070612 0.075140 0.060994 0.046283 0.050859
0.000010 0.000010 0.999910 0.000010 0.000010 0.000010 0.000010 0.000010 0.000010 0.000010
0.000010 0.000010 0.999910 0.000010 0.000010 0.000010 0.000010 0.000010 0.000010 0.000010
0.000010 0.000010 0.999910 0.000010 0.000010 0.000010 0.000010 0.000010 0.000010 0.000010
0.000010 0.000010 0.999910 0.000010 0.000010 0.000010 0.000010 0.000010 0.000010 0.000010
0.000010 0.000010 0.974445 0.005366 0.000010 0.000010 0.020119 0.000010 0.000010 0.000010
0.000010 0.000010 0.999910 0.000010 0.000010 0.000010 0.000010 0.000010 0.000010 0.000010
0.000010 0.000010 0.000010 0.000010 0.000010 0.000010 0.999910 0.000010 0.000010 0.000010
0.000010 0.000010 0.000010 0.999910 0.000010 0.000010 0.000010 0.000010 0.000010 0.000010
0.000010 0.000010 0.000010 0.999910 0.000010 0.000010 0.000010 0.000010 0.000010 0.000010
0.000010 0.000010 0.000010 0.999910 0.000010 0.000010 0.000010 0.000010 0.000010 0.000010
0.000010 0.000010 0.999910 0.000010 0.000010 0.000010 0.000010 0.000010 0.000010 0.000010
0.000010 0.000010 0.999910 0.000010 0.000010 0.000010 0.000010 0.000010 0.000010 0.000010
0.000010 0.000010 0.000010 0.999910 0.000010 0.000010 0.000010 0.000010 0.000010 0.000010
0.000010 0.000010 0.000010 0.993961 0.005959 0.000010 0.000010 0.000010 0.000010 0.000010
0.000010 0.000010 0.000010 0.999910 0.000010 0.000010 0.000010 0.000010 0.000010 0.000010
0.000010 0.000010 0.999910 0.000010 0.000010 0.000010 0.000010 0.000010 0.000010 0.000010
0.000010 0.000010 0.999910 0.000010 0.000010 0.000010 0.000010 0.000010 0.000010 0.000010
0.916727 0.000010 0.000010 0.000010 0.000010 0.050141 0.000010 0.000010 0.033062 0.000010
0.000012 0.000010 0.999905 0.000010 0.000014 0.000010 0.000010 0.000010 0.000010 0.000010
0.000010 0.000010 0.000010 0.000010 0.114685 0.000010 0.000010 0.000010 0.885235 0.000010
0.000010 0.000010 0.329702 0.000010 0.000010 0.670218 0.000010 0.000010 0.000010 0.000010
0.000010 0.000010 0.338363 0.000010 0.000010 0.661557 0.000010 0.000010 0.000010 0.000010
0.052453 0.000010 0.000010 0.001601 0.611511 0.000010 0.000010 0.157761 0.057429 0.119204
0.000010 0.000010 0.296935 0.000010 0.000010 0.702985 0.000010 0.000010 0.000010 0.000010
0.000010 0.889037 0.000593 0.023569 0.008766 0.000010 0.007437 0.000010 0.070558 0.000010
0.163230 0.166172 0.001261 0.029887 0.000010 0.191548 0.016529 0.189684 0.182034 0.059645
0.069180 0.026027 0.093205 0.000010 0.420704 0.000010 0.039389 0.163855 0.056177 0.131442
0.047582 0.086799 0.003015 0.545077 0.035108 0.135304 0.013284 0.039374 0.000010 0.094447
0.155768 0.000010 0.367215 0.000010 0.018708 0.000010 0.029853 0.000010 0.000010 0.428407
0.166689 0.000010 0.388178 0.000010 0.000010 0.010659 0.000010 0.000010 0.000010 0.434414
0.004613 0.000010 0.000010 0.013071 0.788136 0.000010 0.000010 0.000010 0.000010 0.194120
0.028058 0.034189 0.675845 0.051482 0.000010 0.059601 0.014156 0.016533 0.088186 0.031941
0.013044 0.027802 0.033209 0.018871 0.359502 0.016168 0.046484 0.218028 0.020914 0.245979
0.000010 0.009401 0.069734 0.000010 0.767858 0.001763 0.016315 0.019963 0.000010 0.114935
0.073509 0.000010 0.319637 0.000010 0.394631 0.035542 0.000010 0.000010 0.006167 0.170474
0.052799 0.035645 0.000010 0.000010 0.000010 0.216000 0.000010 0.373493 0.221546 0.100478
0.027803 0.006414 0.042266 0.000010 0.360774 0.013225 0.006057 0.021697 0.041505 0.480249
0.037155 0.000010 0.000010 0.000010 0.014632 0.000010 0.049075 0.216171 0.135316 0.547610
0.044974 0.094215 0.000010 0.606014 0.013042 0.094306 0.000010 0.000010 0.083584 0.063834
0.000010 0.000010 0.873388 0.039538 0.013269 0.053662 0.000010 0.016936 0.003167 0.000010
0.067792 0.115729 0.000010 0.597907 0.000010 0.036490 0.000010 0.000010 0.010961 0.171080
0.000010 0.000010 0.000010 0.999910 0.000010 0.000010 0.000010 0.000010 0.000010 0.000010
0.000010 0.039161 0.000010 0.000010 0.411283 0.019847 0.062021 0.117794 0.012642 0.337222
0.038513 0.000010 0.000010 0.000014 0.575608 0.034058 0.000010 0.000010 0.000010 0.351758
0.355651 0.644269 0.000010 0.000010 0.000010 0.000010 0.000010 0.000010 0.000010 0.000010
0.013361 0.034634 0.020110 0.010928 0.520630 0.000010 0.040162 0.000010 0.036875 0.323280
0.000010 0.000010 0.007319 0.020340 0.679892 0.014917 0.000010 0.000010 0.021711 0.255781
0.000010 0.009372 0.000010 0.000010 0.857426 0.017793 0.046070 0.015850 0.000010 0.053449
0.098938 0.102092 0.000010 0.051049 0.034412 0.080452 0.004182 0.319086 0.156682 0.153098
0.353080 0.060191 0.000010 0.000010 0.000010 0.219961 0.000010 0.000010 0.366708 0.000010
0.025920 0.000010 0.028804 0.000010 0.482383 0.028735 0.151826 0.053062 0.076868 0.152381
0.000010 0.000010 0.000010 0.999910 0.000010 0.000010 0.000010 0.000010 0.000010 0.000010
0.000010 0.058200 0.005523 0.002256 0.000010 0.025144 0.075156 0.033192 0.036897 0.763613
0.041587 0.003918 0.076380 0.000010 0.523218 0.023517 0.000010 0.109891 0.029129 0.192339
0.029237 0.227664 0.060794 0.372034 0.000010 0.163882 0.000010 0.146349 0.000010 0.000010
0.055265 0.053894 0.003998 0.038724 0.056837 0.008231 0.022910 0.151388 0.000010 0.608742
0.000010 0.000010 0.999910 0.000010 0.000010 0.000010 0.000010 0.000010 0.000010 0.000010
0.000010 0.006258 0.044968 0.000010 0.532194 0.007451 0.048445 0.000010 0.069758 0.290896
0.000010 0.000010 0.021894 0.000010 0.539931 0.000010 0.055721 0.000010 0.046530 0.335874
0.027098 0.026740 0.010474 0.015400 0.486468 0.033607 0.000010 0.000010 0.010247 0.389945
0.000010 0.000010 0.019775 0.000010 0.734683 0.000010 0.007615 0.019808 0.116158 0.101921
0.216503 0.000010 0.100835 0.026054 0.254868 0.000010 0.000010 0.252102 0.031782 0.117826
0.031146 0.004365 0.038489 0.070959 0.123143 0.039900 0.091213 0.071861 0.101760 0.427163
0.060918 0.000010 0.000010 0.000010 0.854386 0.000010 0.000010 0.000010 0.000010 0.084626
0.000010 0.000010 0.026415 0.000010 0.973505 0.000010 0.000010 0.000010 0.000010 0.000010
0.000010 0.000010 0.019902 0.045747 0.078707 0.026957 0.250555 0.055289 0.039962 0.482861
0.000015 0.000010 0.147704 0.000010 0.708874 0.000010 0.025636 0.024487 0.000010 0.093243
0.039630 0.013070 0.071933 0.037955 0.014147 0.049900 0.124359 0.178768 0.000010 0.470227
0.000010 0.012400 0.058553 0.005163 0.727568 0.025691 0.015056 0.000010 0.000010 0.155538
0.000010 0.000010 0.031233 0.000010 0.657437 0.017144 0.030155 0.047119 0.000010 0.216872
0.000010 0.059372 0.000010 0.044302 0.000010 0.000010 0.003151 0.080386 0.000010 0.812739
0.000010 0.000010 0.000010 0.010923 0.881092 0.006811 0.000010 0.030415 0.032259 0.038460
0.046680 0.000010 0.332685 0.026104 0.304522 0.046411 0.003246 0.000010 0.011554 0.228777
0.000010 0.000010 0.010865 0.015670 0.790994 0.000010 0.000010 0.000010 0.001626 0.180794
0.032395 0.000010 0.340837 0.000010 0.402682 0.003197 0.017621 0.029603 0.000010 0.173635
0.000010 0.010315 0.000767 0.001174 0.555981 0.050011 0.115441 0.106861 0.016874 0.142566
0.030785 0.000010 0.044703 0.000010 0.792367 0.001098 0.000010 0.057866 0.000010 0.073141
0.015339 0.000010 0.019422 0.000010 0.611917 0.013668 0.007897 0.000010 0.039860 0.291868
0.148019 0.000014 0.341144 0.000010 0.015867 0.000010 0.000010 0.000010 0.000010 0.494906
0.331290 0.000010 0.038153 0.053512 0.182953 0.000010 0.000010 0.209246 0.000010 0.184807
0.999910 0.000010 0.000010 0.000010 0.000010 0.000010 0.000010 0.000010 0.000010 0.000010
0.452895 0.000010 0.198544 0.000010 0.081990 0.005813 0.006076 0.000010 0.026116 0.228536
0.370440 0.000010 0.267847 0.000010 0.041377 0.010114 0.000010 0.000010 0.002218 0.307963
0.379984 0.007727 0.064053 0.049779 0.172684 0.000010 0.015948 0.282027 0.000010 0.027778
0.361962 0.058772 0.027188 0.014675 0.057274 0.095116 0.000010 0.202332 0.107532 0.075139
0.226888 0.000010 0.215818 0.000010 0.114996 0.011047 0.043127 0.011561 0.016828 0.359716
0.999910 0.000010 0.000010 0.000010 0.000010 0.000010 0.000010 0.000010 0.000010 0.000010
0.023306 0.000010 0.000010 0.000010 0.451992 0.068294 0.261336 0.104614 0.046047 0.044381
0.351962 0.000010 0.039223 0.000010 0.229691 0.000010 0.000010 0.252107 0.000010 0.126968
0.957684 0.000010 0.000010 0.000010 0.042236 0.000010 0.000010 0.000010 0.000010 0.000010
0.275431 0.054866 0.000010 0.084157 0.000010 0.220819 0.000010 0.000010 0.364677 0.000010
0.000010 0.140287 0.008282 0.478629 0.012048 0.183482 0.069393 0.067288 0.040571 0.000010
0.000010 0.173193 0.025765 0.487098 0.002348 0.184670 0.015457 0.067501 0.043948 0.000010
0.386629 0.000010 0.000010 0.045848 0.000010 0.209312 0.000010 0.000010 0.358152 0.000010
0.395521 0.000010 0.044903 0.005041 0.290636 0.000010 0.000010 0.180744 0.000010 0.083115
0.453341 0.026802 0.064600 0.000010 0.151414 0.000010 0.009350 0.197045 0.000010 0.097417
0.999910 0.000010 0.000010 0.000010 0.000010 0.000010 0.000010 0.000010 0.000010 0.000010
0.000010 0.146516 0.018009 0.182183 0.010279 0.417663 0.026250 0.163803 0.035278 0.000010
0.000010 0.000010 0.000010 0.000010 0.000010 0.999910 0.000010 0.000010 0.000010 0.000010
0.083058 0.706253 0.008543 0.126665 0.000010 0.000010 0.000010 0.000010 0.000010 0.075430
0.337200 0.000010 0.050510 0.050415 0.207105 0.000010 0.034343 0.262264 0.019546 0.038597
0.018078 0.010536 0.016948 0.000010 0.858501 0.000010 0.000010 0.000010 0.000010 0.095886
0.015321 0.000010 0.010667 0.000013 0.709611 0.000010 0.025669 0.069452 0.041013 0.128233
0.000010 0.000010 0.036603 0.059413 0.000010 0.021966 0.019569 0.642869 0.044842 0.174708
0.000010 0.000010 0.019034 0.069684 0.009800 0.012067 0.046580 0.656915 0.000010 0.185889
0.015030 0.000010 0.003122 0.000010 0.869701 0.000010 0.025043 0.048664 0.008531 0.029879
0.055908 0.000010 0.385060 0.000010 0.240256 0.034150 0.076558 0.048944 0.003615 0.155488
0.039930 0.000010 0.133871 0.000010 0.244733 0.007714 0.058355 0.105164 0.016672 0.393541
0.092768 0.000010 0.046290 0.009012 0.411322 0.074329 0.000010 0.143642 0.000010 0.222607
0.000010 0.908495 0.000010 0.000010 0.000010 0.091425 0.000010 0.000010 0.000010 0.000010
0.006742 0.000010 0.016345 0.000010 0.586968 0.000010 0.024928 0.055707 0.052198 0.257082
0.037189 0.000010 0.014572 0.000010 0.898984 0.000340 0.000010 0.000010 0.000010 0.048865
0.063731 0.000010 0.022578 0.012679 0.381884 0.000010 0.020530 0.000010 0.018472 0.480096
0.000010 0.000010 0.013397 0.000010 0.625947 0.022753 0.035526 0.078123 0.041083 0.183141
0.000010 0.000010 0.059774 0.000010 0.402000 0.000010 0.000398 0.000010 0.013016 0.524763
0.000010 0.021546 0.032977 0.030171 0.351258 0.000010 0.017434 0.206089 0.008658 0.331847
0.999910 0.000010 0.000010 0.000010 0.000010 0.000010 0.000010 0.000010 0.000010 0.000010
0.042298 0.000010 0.019205 0.019442 0.592128 0.000010 0.017519 0.272114 0.011181 0.026093
0.000010 0.000010 0.005642 0.034908 0.646744 0.000010 0.008925 0.085172 0.011200 0.207378
0.003923 0.000010 0.014076 0.000010 0.619808 0.000011 0.016152 0.110304 0.013542 0.222165
0.009049 0.000010 0.047072 0.037220 0.192042 0.029683 0.075743 0.214205 0.000010 0.394967
0.000010 0.004741 0.000010 0.021716 0.918204 0.000010 0.000010 0.048026 0.007263 0.000010
0.000010 0.000010 0.018877 0.000010 0.138584 0.000010 0.000010 0.000010 0.842469 0.000010
0.000010 0.000010 0.032217 0.039609 0.037364 0.078254 0.010470 0.339374 0.000010 0.462683
0.034233 0.000010 0.007923 0.037128 0.130295 0.066364 0.050114 0.386354 0.077948 0.209632
0.029110 0.000010 0.039466 0.061935 0.075695 0.083544 0.041160 0.425749 0.000010 0.243322
0.000010 0.000010 0.002704 0.000010 0.200764 0.000010 0.055720 0.322759 0.000010 0.418003
0.000010 0.000010 0.000010 0.000010 0.852327 0.000206 0.016005 0.029797 0.000010 0.101616
0.000010 0.000010 0.015349 0.000010 0.738624 0.025586 0.004957 0.071950 0.019263 0.124242
0.000010 0.000010 0.000336 0.000010 0.760610 0.000010 0.000010 0.238984 0.000010 0.000010
0.000010 0.000010 0.000010 0.000010 0.859901 0.000010 0.015396 0.124632 0.000010 0.000010
0.000010 0.000010 0.025003 0.000010 0.180557 0.056499 0.046630 0.307543 0.114667 0.269071
0.060448 0.010406 0.464602 0.000186 0.056536 0.058152 0.052680 0.214637 0.000010 0.082342
0.054515 0.000010 0.065661 0.018411 0.476074 0.034123 0.038614 0.135653 0.054051 0.122888
0.085030 0.000010 0.147592 0.007785 0.464306 0.042135 0.009246 0.000010 0.000010 0.243877
0.000010 0.000010 0.034275 0.008741 0.054992 0.000010 0.007182 0.870314 0.024456 0.000010
0.000010 0.000010 0.018737 0.000010 0.835942 0.000010 0.024454 0.000010 0.033104 0.087714
0.056440 0.044723 0.000010 0.036198 0.000010 0.000010 0.013676 0.000010 0.056835 0.792087
0.019577 0.000010 0.004466 0.000010 0.677521 0.005812 0.015151 0.000010 0.000010 0.277434
0.000010 0.000010 0.000010 0.000010 0.999910 0.000010 0.000010 0.000010 0.000010 0.000010
0.000010 0.000179 0.000010 0.000010 0.667412 0.000010 0.039637 0.041876 0.196060 0.054796
0.000010 0.024140 0.074653 0.000010 0.034291 0.000010 0.037463 0.321568 0.062323 0.445532
0.000010 0.000010 0.000010 0.000010 0.999910 0.000010 0.000010 0.000010 0.000010 0.000010
0.018224 0.000010 0.000010 0.000010 0.007827 0.000010 0.047292 0.909530 0.017076 0.000010
0.034458 0.024822 0.026871 0.000010 0.035458 0.000010 0.007696 0.870654 0.000010 0.000010
0.017813 0.000010 0.000010 0.000010 0.000010 0.026902 0.031313 0.904353 0.019569 0.000010
0.009953 0.000010 0.016534 0.000010 0.000010 0.000010 0.007397 0.912670 0.053395 0.000010
0.042512 0.013161 0.000010 0.000010 0.017511 0.019876 0.000010 0.838220 0.000010 0.068681
0.017970 0.000010 0.836815 0.015305 0.000010 0.015713 0.000463 0.112100 0.000816 0.000799
0.027178 0.000010 0.010596 0.000010 0.516946 0.053778 0.008218 0.166475 0.014319 0.202470
0.045437 0.000010 0.019003 0.005272 0.903592 0.000010 0.021944 0.000010 0.000010 0.004712
0.000010 0.000010 0.001279 0.000010 0.746042 0.000010 0.000010 0.252608 0.000010 0.000010
0.030548 0.000010 0.004687 0.000010 0.658469 0.005138 0.039962 0.080412 0.092071 0.088693
0.048600 0.000010 0.000010 0.000010 0.908819 0.000010 0.000010 0.000010 0.000010 0.042511
0.000010 0.000010 0.009429 0.000010 0.013624 0.000010 0.000010 0.932492 0.000010 0.044394
0.000010 0.000010 0.001119 0.007845 0.886621 0.012552 0.000010 0.000010 0.043717 0.048105
0.000010 0.032990 0.027955 0.000010 0.084811 0.000010 0.008644 0.248091 0.000010 0.597469
0.000010 0.000010 0.999910 0.000010 0.000010 0.000010 0.000010 0.000010 0.000010 0.000010
0.052436 0.064742 0.000010 0.000010 0.000010 0.192994 0.018454 0.467347 0.203987 0.000010
0.000010 0.000010 0.037505 0.000010 0.054642 0.036150 0.031827 0.448122 0.103634 0.288090
0.000010 0.000010 0.014967 0.000010 0.314414 0.000010 0.009377 0.653409 0.000010 0.007784
0.016785 0.005601 0.003071 0.019118 0.038819 0.111393 0.038772 0.536569 0.059506 0.170366
0.034532 0.029326 0.013974 0.023400 0.000010 0.000010 0.000010 0.850606 0.048122 0.000010
0.000010 0.024389 0.044796 0.000010 0.080774 0.060956 0.003321 0.669651 0.000010 0.116084
0.000010 0.000010 0.000010 0.000010 0.000010 0.000010 0.000010 0.999910 0.000010 0.000010
0.022724 0.000010 0.038282 0.000010 0.201293 0.027535 0.042941 0.643168 0.024027 0.000010
0.034850 0.000010 0.020855 0.000010 0.060390 0.036566 0.061768 0.565667 0.046927 0.172955
0.025434 0.026009 0.010617 0.000010 0.717715 0.038408 0.000010 0.000010 0.004639 0.177148
0.054488 0.040418 0.007316 0.000010 0.000010 0.000010 0.030735 0.159154 0.023728 0.684131
0.000010 0.000010 0.030488 0.000010 0.013416 0.000010 0.013601 0.904197 0.038247 0.000010
0.014231 0.009704 0.013810 0.000010 0.075761 0.000010 0.000010 0.768707 0.053786 0.063971
0.000010 0.060251 0.019391 0.000010 0.574195 0.000010 0.016230 0.268935 0.052703 0.008265
0.000010 0.000010 0.000010 0.000010 0.925940 0.000010 0.015690 0.000010 0.000010 0.058300
0.000015 0.000010 0.037718 0.000010 0.000010 0.024281 0.045124 0.597576 0.058141 0.237115
0.000010 0.000010 0.902078 0.000010 0.009783 0.026755 0.000010 0.000010 0.061324 0.000010
0.000010 0.000010 0.003813 0.050543 0.905175 0.000010 0.000010 0.000010 0.040409 0.000010
0.000010 0.000011 0.000010 0.000010 0.938550 0.000010 0.027969 0.026364 0.007056 0.000010
0.012882 0.000010 0.014102 0.000010 0.086121 0.053775 0.004817 0.651985 0.020586 0.155712
0.000010 0.000010 0.019423 0.103311 0.434973 0.021782 0.005640 0.350169 0.032486 0.032196
0.000010 0.000010 0.005631 0.000010 0.149725 0.000010 0.072573 0.276529 0.020773 0.474728
0.000010 0.000010 0.049255 0.017053 0.000010 0.000010 0.000010 0.807599 0.000010 0.126033
0.000010 0.000010 0.001236 0.000010 0.998684 0.000010 0.000010 0.000010 0.000010 0.000010
0.000010 0.000010 0.000010 0.000010 0.990862 0.000010 0.000010 0.009058 0.000010 0.000010
0.038307 0.000010 0.028189 0.000010 0.488911 0.000010 0.030055 0.409312 0.000010 0.005186
0.000010 0.000010 0.021510 0.000010 0.452065 0.000010 0.019483 0.000010 0.016936 0.489956
0.000010 0.869590 0.000010 0.000010 0.000010 0.130330 0.000010 0.000010 0.000010 0.000010
0.041475 0.000010 0.038891 0.024935 0.039199 0.021406 0.012711 0.638274 0.052642 0.130456
0.000010 0.000010 0.027131 0.010382 0.850361 0.000010 0.003093 0.041932 0.000010 0.067060
0.000010 0.854664 0.000010 0.000010 0.000010 0.145256 0.000010 0.000010 0.000010 0.000010
0.000010 0.000010 0.469846 0.000010 0.000010 0.004268 0.525816 0.000010 0.000010 0.000010
0.000010 0.000010 0.000010 0.000010 0.000010 0.999910 0.000010 0.000010 0.000010 0.000010
0.012178 0.000010 0.038961 0.000010 0.513341 0.017585 0.000010 0.015653 0.033355 0.368898
0.000010 0.000010 0.017025 0.000010 0.483704 0.036254 0.075869 0.060333 0.046268 0.280516
0.000010 0.000010 0.005731 0.000010 0.661446 0.032421 0.017947 0.021111 0.036676 0.224637
0.052924 0.046741 0.000010 0.059300 0.269439 0.041453 0.057185 0.079028 0.000010 0.393908
0.000010 0.000010 0.013071 0.000010 0.873645 0.000010 0.006241 0.000010 0.035278 0.071714
0.000010 0.000010 0.000010 0.000010 0.999910 0.000010 0.000010 0.000010 0.000010 0.000010
0.000010 0.000010 0.021169 0.011822 0.055347 0.000010 0.098979 0.316202 0.000010 0.496441
0.010376 0.004708 0.006327 0.000010 0.619218 0.000357 0.042573 0.274868 0.041553 0.000010
0.000010 0.000010 0.031655 0.000010 0.457784 0.065648 0.012420 0.044703 0.024736 0.363025
0.062189 0.041466 0.000010 0.000010 0.376507 0.037004 0.004020 0.453653 0.025132 0.000010
0.000010 0.015087 0.017782 0.000010 0.619819 0.000010 0.045211 0.049585 0.041080 0.211406
0.006563 0.000010 0.033133 0.000010 0.674268 0.000010 0.000010 0.000010 0.000010 0.285977
0.000010 0.000010 0.004566 0.000010 0.603149 0.000010 0.000010 0.000010 0.000010 0.392215
0.000010 0.000010 0.010066 0.000010 0.702093 0.000010 0.000010 0.000010 0.039679 0.248103
0.000010 0.000010 0.000010 0.000010 0.999910 0.000010 0.000010 0.000010 0.000010 0.000010
0.019016 0.000010 0.020821 0.016494 0.891930 0.000010 0.017109 0.004679 0.029922 0.000010
0.010219 0.000010 0.023095 0.000010 0.066719 0.022204 0.030601 0.189698 0.078901 0.578544
0.062567 0.023573 0.052495 0.000010 0.322615 0.000010 0.014072 0.028186 0.060329 0.436144
0.000010 0.000010 0.012574 0.063131 0.000010 0.000010 0.015556 0.806217 0.053451 0.049030
0.003015 0.000010 0.006577 0.000010 0.954699 0.000010 0.012946 0.000010 0.022714 0.000010
0.000010 0.000010 0.024849 0.025511 0.105927 0.037894 0.077958 0.220236 0.000010 0.507596
0.079718 0.000010 0.044611 0.002733 0.597055 0.015023 0.041629 0.052778 0.157480 0.008962
0.007321 0.000010 0.035902 0.015199 0.455211 0.000010 0.065137 0.054811 0.017772 0.348627
0.064768 0.011760 0.023221 0.003656 0.100047 0.019461 0.000010 0.741991 0.031652 0.003433
0.000010 0.000010 0.001300 0.000010 0.689803 0.013803 0.056906 0.039552 0.038981 0.159626
0.037355 0.000010 0.005969 0.000010 0.083683 0.000010 0.081833 0.153322 0.000010 0.637797
0.000010 0.006277 0.046163 0.000010 0.020667 0.020000 0.020073 0.884779 0.002011 0.000010
0.000010 0.016248 0.043291 0.011886 0.000010 0.006531 0.015393 0.196371 0.026015 0.684245
0.132516 0.047763 0.000010 0.000010 0.298758 0.076778 0.000010 0.357796 0.072763 0.013595
0.000010 0.000010 0.000010 0.021934 0.013757 0.049554 0.015427 0.750532 0.056916 0.091850
0.235349 0.087457 0.000010 0.109700 0.000010 0.151252 0.000010 0.290980 0.115852 0.009380
0.000010 0.000010 0.038987 0.000010 0.061751 0.000010 0.105459 0.328683 0.000010 0.465070
0.045704 0.008119 0.003237 0.000010 0.598637 0.000010 0.000010 0.344253 0.000010 0.000010
0.000010 0.000010 0.000010 0.000010 0.887487 0.000010 0.000010 0.112433 0.000010 0.000010
0.047497 0.000010 0.000010 0.050966 0.772878 0.004338 0.000010 0.027993 0.096288 0.000010
0.005601 0.000010 0.000010 0.018807 0.830405 0.000010 0.000010 0.122797 0.022341 0.000010
0.000010 0.000010 0.000010 0.008503 0.040027 0.046263 0.000010 0.777272 0.026346 0.101550
0.095661 0.033821 0.025466 0.021602 0.353770 0.004251 0.045997 0.093244 0.224918 0.101271
0.060572 0.044278 0.005576 0.000010 0.533521 0.032443 0.013854 0.167841 0.018441 0.123465
0.000010 0.672936 0.000010 0.000010 0.192141 0.134853 0.000010 0.000010 0.000010 0.000010
0.009821 0.023235 0.002529 0.000010 0.755886 0.000010 0.015269 0.193220 0.000010 0.000010
0.014765 0.000010 0.016526 0.000010 0.765912 0.000010 0.023226 0.128917 0.050614 0.000010
0.000010 0.000010 0.999910 0.000010 0.000010 0.000010 0.000010 0.000010 0.000010 0.000010
0.000010 0.000010 0.999910 0.000010 0.000010 0.000010 0.000010 0.000010 0.000010 0.000010
0.000010 0.013726 0.000010 0.000010 0.177094 0.019860 0.004084 0.720738 0.019472 0.044996
0.000010 0.000010 0.045987 0.002396 0.162022 0.000010 0.000010 0.685571 0.000010 0.103973
0.014409 0.000010 0.032814 0.027635 0.311778 0.012706 0.000010 0.571712 0.000010 0.028916
0.000010 0.000010 0.002253 0.000010 0.342631 0.023429 0.000010 0.627782 0.003855 0.000010
0.000010 0.000010 0.999910 0.000010 0.000010 0.000010 0.000010 0.000010 0.000010 0.000010
0.000010 0.000010 0.999910 0.000010 0.000010 0.000010 0.000010 0.000010 0.000010 0.000010
0.043315 0.000010 0.020964 0.000010 0.038075 0.010565 0.016049 0.864826 0.006176 0.000010
0.000010 0.000010 0.013082 0.000010 0.032912 0.000010 0.020412 0.834395 0.074552 0.024607
0.000010 0.000010 0.999910 0.000010 0.000010 0.000010 0.000010 0.000010 0.000010 0.000010
0.000010 0.000010 0.999910 0.000010 0.000010 0.000010 0.000010 0.000010 0.000010 0.000010
0.000010 0.000010 0.999910 0.000010 0.000010 0.000010 0.000010 0.000010 0.000010 0.000010
0.000010 0.018870 0.000010 0.005681 0.043264 0.094063 0.063222 0.774815 0.000055 0.000010
0.000010 0.000010 0.006629 0.000010 0.000010 0.000010 0.027395 0.894758 0.010444 0.060724
0.036492 0.087706 0.073078 0.087490 0.183206 0.214295 0.000010 0.243642 0.063394 0.010687
0.002274 0.057908 0.057664 0.000010 0.064621 0.000010 0.066033 0.703066 0.048404 0.000010
0.050780 0.106287 0.044075 0.267758 0.000010 0.343928 0.000010 0.024236 0.039801 0.123114
0.021570 0.058016 0.055368 0.000010 0.000010 0.000010 0.000010 0.862830 0.002166 0.000010
0.000010 0.000010 0.999910 0.000010 0.000010 0.000010 0.000010 0.000010 0.000010 0.000010
0.013833 0.026920 0.014674 0.000010 0.069350 0.000010 0.000010 0.875173 0.000010 0.000010
0.000010 0.000010 0.013324 0.000010 0.176215 0.037446 0.017112 0.482999 0.107236 0.165638
0.000394 0.004926 0.530234 0.000010 0.070279 0.031605 0.006881 0.184113 0.036900 0.134659
0.000010 0.000010 0.887042 0.000010 0.021561 0.025803 0.009923 0.036815 0.009633 0.009192
0.018632 0.000010 0.009488 0.000010 0.087836 0.012850 0.016139 0.764565 0.040404 0.050066
0.000010 0.000010 0.999910 0.000010 0.000010 0.000010 0.000010 0.000010 0.000010 0.000010
0.000010 0.000010 0.999910 0.000010 0.000010 0.000010 0.000010 0.000010 0.000010 0.000010
0.000010 0.000010 0.999910 0.000010 0.000010 0.000010 0.000010 0.000010 0.000010 0.000010
0.000010 0.000010 0.999910 0.000010 0.000010 0.000010 0.000010 0.000010 0.000010 0.000010
0.000010 0.000010 0.999910 0.000010 0.000010 0.000010 0.000010 0.000010 0.000010 0.000010
0.060199 0.000010 0.000010 0.015663 0.579746 0.000010 0.062734 0.144715 0.012042 0.124871
0.064376 0.015625 0.111151 0.011839 0.545798 0.021846 0.018301 0.035844 0.045489 0.129730
0.068220 0.000010 0.124263 0.000010 0.508456 0.032962 0.000866 0.013280 0.000010 0.251922
0.000010 0.000010 0.999910 0.000010 0.000010 0.000010 0.000010 0.000010 0.000010 0.000010
0.000010 0.000010 0.097746 0.000010 0.000010 0.902174 0.000010 0.000010 0.000010 0.000010
0.000010 0.000010 0.060884 0.066409 0.356182 0.006911 0.083064 0.107539 0.000010 0.318981
0.000010 0.000010 0.001467 0.005941 0.754400 0.000010 0.020728 0.009466 0.012787 0.195180
0.037961 0.000010 0.048233 0.000010 0.470222 0.004564 0.041111 0.100542 0.047410 0.249938
0.000010 0.003684 0.000010 0.000010 0.182981 0.000010 0.064454 0.278417 0.000010 0.470414
0.000010 0.000010 0.021415 0.000010 0.136219 0.000010 0.074661 0.292671 0.000010 0.474983
0.024130 0.000010 0.002220 0.016825 0.670207 0.006322 0.005880 0.100790 0.023800 0.149816
0.000010 0.000010 0.000010 0.000010 0.133114 0.019270 0.076889 0.174690 0.024966 0.571030
0.099882 0.000010 0.056778 0.000010 0.240403 0.000010 0.034536 0.221822 0.003824 0.342725
0.000010 0.000010 0.042018 0.000010 0.707705 0.000010 0.000010 0.128084 0.076130 0.046013
0.042020 0.014648 0.049444 0.000010 0.608750 0.004994 0.000010 0.045187 0.164133 0.070803
0.000122 0.000010 0.000010 0.004652 0.258556 0.000010 0.060736 0.239573 0.000010 0.436321
0.039573 0.020786 0.012880 0.000010 0.610067 0.000010 0.000010 0.000010 0.060328 0.256326
0.260240 0.000010 0.066219 0.036906 0.295353 0.000010 0.036946 0.233227 0.071079 0.000010
0.181885 0.066532 0.000010 0.274506 0.000010 0.190789 0.000010 0.000010 0.286238 0.000010
0.000010 0.049698 0.008269 0.055462 0.107959 0.051692 0.207355 0.114398 0.036555 0.368603
0.000010 0.017907 0.037182 0.000010 0.359290 0.015096 0.020193 0.237750 0.000010 0.312553
0.001782 0.000010 0.003300 0.000010 0.398489 0.022651 0.206376 0.059460 0.166611 0.141311
0.028518 0.001872 0.000010 0.004985 0.812935 0.000010 0.003581 0.011851 0.103065 0.033173
0.065883 0.066598 0.000010 0.580267 0.000010 0.080077 0.000010 0.000010 0.000038 0.207098
0.086160 0.074729 0.044997 0.121933 0.000017 0.281573 0.000010 0.185810 0.105168 0.099603
0.029912 0.000010 0.015008 0.000010 0.555449 0.000010 0.044379 0.055437 0.000010 0.299776
0.000010 0.000010 0.000010 0.000010 0.659030 0.004367 0.019659 0.102564 0.078901 0.135439
0.000010 0.003115 0.381916 0.004837 0.494805 0.028370 0.000010 0.011949 0.000010 0.074978
