0.000010 0.031618 0.001657 0.438494 0.000010 0.466445 0.000010 0.061755
0.037413 0.040403 0.018096 0.234263 0.023918 0.622700 0.000010 0.023196
0.004526 0.087590 0.000010 0.412235 0.035122 0.400598 0.059909 0.000010
0.030137 0.074001 0.000010 0.000010 0.000010 0.000010 0.000010 0.895813
0.000010 0.106914 0.020534 0.279104 0.045342 0.505496 0.042590 0.000010
0.017766 0.047414 0.000010 0.744865 0.000010 0.149583 0.018706 0.021646
0.047618 0.002679 0.000010 0.310614 0.000010 0.133134 0.076073 0.429863
0.042042 0.000010 0.038452 0.909450 0.000010 0.000010 0.000010 0.010016
0.013803 0.043776 0.082075 0.108933 0.000010 0.691062 0.000010 0.060331
0.000010 0.000010 0.055803 0.864630 0.000010 0.063265 0.000010 0.016262
0.009738 0.000010 0.063635 0.685290 0.000010 0.237546 0.000010 0.003761
0.044954 0.042841 0.000010 0.378822 0.022522 0.498519 0.012323 0.000010
0.060875 0.303206 0.062753 0.018101 0.000010 0.395262 0.056677 0.103116
0.038321 0.079606 0.023289 0.000010 0.000010 0.333107 0.044422 0.481235
0.000010 0.000010 0.024723 0.922862 0.007653 0.034901 0.000010 0.009831
0.011911 0.068157 0.030926 0.359616 0.052936 0.448384 0.014497 0.013573
0.005424 0.046711 0.027491 0.703653 0.000010 0.200442 0.000010 0.016258
0.063645 0.000010 0.000010 0.492177 0.000010 0.096541 0.050041 0.297567
0.049943 0.001370 0.663996 0.280010 0.000010 0.000010 0.004652 0.000010
0.021739 0.000010 0.000010 0.000010 0.974952 0.000010 0.002186 0.001083
0.010252 0.000010 0.012852 0.012709 0.959481 0.000010 0.000010 0.004676
0.000010 0.000010 0.000010 0.000010 0.999930 0.000010 0.000010 0.000010
0.045521 0.000010 0.000010 0.016235 0.938194 0.000010 0.000010 0.000010
0.000010 0.109674 0.004525 0.034638 0.048512 0.072708 0.013843 0.716090
0.000010 0.000010 0.990750 0.000010 0.000010 0.000010 0.000010 0.009190
0.000010 0.007796 0.000010 0.000010 0.967542 0.024613 0.000010 0.000010
0.033671 0.086671 0.000010 0.111763 0.073220 0.666872 0.000010 0.027782
0.000010 0.000010 0.000010 0.000010 0.982915 0.000010 0.000010 0.017025
0.000010 0.111190 0.089473 0.103286 0.014481 0.662984 0.000691 0.017885
0.000010 0.059967 0.072716 0.074133 0.012977 0.714707 0.000010 0.065480
0.000010 0.000010 0.142144 0.000010 0.000010 0.857580 0.000010 0.000226
0.000010 0.149182 0.067568 0.077792 0.000010 0.687142 0.000010 0.018286
0.017157 0.393963 0.007626 0.049364 0.022463 0.283511 0.098430 0.127485
0.040032 0.305178 0.149647 0.000010 0.008201 0.444854 0.016833 0.035244
0.309342 0.014633 0.042843 0.193291 0.049718 0.384972 0.000010 0.005191
0.018061 0.113315 0.000010 0.287318 0.001859 0.216624 0.007208 0.355606
0.000010 0.117221 0.002903 0.341725 0.000010 0.110642 0.006267 0.421222
0.050548 0.075805 0.000010 0.000010 0.805010 0.000010 0.013065 0.055541
0.085677 0.082858 0.102847 0.004311 0.000010 0.689147 0.000010 0.035140
0.011429 0.085647 0.063563 0.025214 0.032224 0.739313 0.029469 0.013141
0.000010 0.000010 0.000010 0.999930 0.000010 0.000010 0.000010 0.000010
0.008058 0.098999 0.128418 0.175284 0.012192 0.513393 0.036370 0.027286
0.004835 0.039621 0.000010 0.727625 0.000010 0.175342 0.039210 0.013348
0.014056 0.016070 0.006258 0.806444 0.000010 0.133697 0.000010 0.023456
0.000010 0.403730 0.137538 0.000010 0.000010 0.355999 0.102693 0.000010
0.000010 0.000010 0.046211 0.000010 0.953729 0.000010 0.000010 0.000010
0.031935 0.000010 0.003885 0.000010 0.917892 0.045141 0.001116 0.000010
0.036839 0.262967 0.000010 0.014781 0.468385 0.181349 0.000010 0.035659
0.037204 0.285272 0.089041 0.034541 0.049730 0.356117 0.132103 0.015991
0.034221 0.255414 0.082685 0.041832 0.035084 0.439819 0.070128 0.040817
0.000010 0.000010 0.000010 0.000010 0.000010 0.000010 0.999930 0.000010
0.015160 0.242704 0.163937 0.000010 0.098696 0.376754 0.087350 0.015390
0.000010 0.000010 0.000010 0.000010 0.000010 0.000010 0.999930 0.000010
0.055051 0.304924 0.082103 0.078396 0.000010 0.412132 0.067373 0.000010
0.008031 0.308998 0.159326 0.000010 0.043069 0.373062 0.102838 0.004666
0.999930 0.000010 0.000010 0.000010 0.000010 0.000010 0.000010 0.000010
0.040681 0.002602 0.002695 0.882140 0.050010 0.004669 0.000010 0.017194
0.041130 0.096283 0.092704 0.000010 0.000010 0.706649 0.000010 0.063204
0.017756 0.037598 0.115192 0.005061 0.000010 0.726746 0.055612 0.042024
0.019606 0.000010 0.021888 0.701096 0.000010 0.117697 0.090685 0.049008
0.000010 0.023941 0.051890 0.000010 0.016773 0.878513 0.028852 0.000010
0.043413 0.070707 0.036912 0.106622 0.000010 0.697073 0.000010 0.045253
0.033033 0.002770 0.117151 0.434584 0.030722 0.344873 0.025883 0.010985
0.014472 0.097949 0.000010 0.053071 0.002267 0.802938 0.000010 0.029284
0.037433 0.134174 0.093828 0.073603 0.000010 0.609338 0.027001 0.024612
0.092958 0.105981 0.085825 0.204965 0.057428 0.100518 0.129008 0.223316
0.000010 0.261953 0.000010 0.000010 0.405446 0.000010 0.007026 0.325535
0.040819 0.084631 0.000010 0.001155 0.045096 0.140004 0.000010 0.688276
0.038171 0.014746 0.015594 0.876399 0.020708 0.004723 0.010569 0.019090
0.037964 0.274670 0.166270 0.000010 0.000010 0.436212 0.052980 0.031883
0.000010 0.264948 0.110926 0.093522 0.034650 0.367439 0.096680 0.031824
0.037898 0.269774 0.221446 0.080533 0.000010 0.263369 0.126960 0.000010
0.151771 0.025347 0.014762 0.114992 0.000010 0.658022 0.029527 0.005569
0.017563 0.073550 0.006396 0.110682 0.000010 0.734251 0.032663 0.024886
0.119439 0.086476 0.053298 0.121110 0.000010 0.584370 0.000010 0.035287
0.035417 0.126416 0.079491 0.027752 0.014032 0.716871 0.000010 0.000010
0.038927 0.000010 0.070512 0.016604 0.000010 0.799830 0.048236 0.025872
0.043802 0.070714 0.100417 0.060341 0.049646 0.626865 0.048204 0.000010
0.027912 0.004142 0.000010 0.000010 0.921810 0.000010 0.000010 0.046096
0.000010 0.091878 0.055379 0.089240 0.000010 0.721192 0.010468 0.031823
0.047867 0.012041 0.086316 0.019689 0.023471 0.732365 0.062213 0.016038
0.001978 0.014345 0.000010 0.707208 0.019723 0.215687 0.001588 0.039460
0.041514 0.025839 0.016850 0.708657 0.000010 0.168098 0.010000 0.029033
0.737503 0.000010 0.000010 0.068179 0.020288 0.173625 0.000010 0.000375
0.000010 0.000010 0.000010 0.753549 0.000010 0.126061 0.058269 0.062080
0.043987 0.000010 0.000010 0.007640 0.899717 0.000010 0.000010 0.048616
0.004034 0.058711 0.000010 0.000010 0.799080 0.052752 0.085394 0.000010
0.066876 0.025609 0.028904 0.667385 0.000010 0.182393 0.000010 0.028813
0.091870 0.178498 0.000010 0.204530 0.017940 0.448247 0.015259 0.043647
0.000010 0.000010 0.022329 0.000010 0.868321 0.013533 0.066632 0.029155
0.057167 0.000010 0.000010 0.000010 0.841461 0.064755 0.023193 0.013394
0.000010 0.058352 0.000010 0.012326 0.785803 0.106059 0.030690 0.006749
0.017937 0.011912 0.025233 0.000010 0.876596 0.068291 0.000010 0.000010
0.006195 0.028818 0.030289 0.000010 0.838581 0.052817 0.043279 0.000010
0.028971 0.068151 0.007815 0.182717 0.285505 0.364483 0.015844 0.046515
0.000010 0.698824 0.101748 0.055226 0.002035 0.068549 0.073597 0.000010
0.000010 0.639852 0.023803 0.055232 0.006177 0.194777 0.080138 0.000010
0.020351 0.107838 0.000010 0.409766 0.007415 0.424943 0.016807 0.012870
0.000010 0.000010 0.000010 0.845595 0.055256 0.020076 0.013059 0.065984
0.000010 0.675929 0.068050 0.009168 0.031898 0.069184 0.145750 0.000010
0.094733 0.053457 0.014187 0.059108 0.000010 0.767157 0.000010 0.011339
0.000345 0.533720 0.094662 0.000010 0.061746 0.180547 0.128960 0.000010
0.071374 0.000010 0.047771 0.231462 0.000010 0.600991 0.039085 0.009297
0.000010 0.000010 0.000010 0.000010 0.000010 0.000010 0.000010 0.999930
0.000010 0.012221 0.062819 0.783538 0.000010 0.115766 0.021440 0.004196
0.027159 0.407931 0.041063 0.037965 0.002270 0.005884 0.078587 0.399141
0.012644 0.000010 0.000010 0.608095 0.000010 0.265358 0.072898 0.040974
0.109092 0.070436 0.003515 0.097660 0.000010 0.654232 0.025318 0.039736
0.056461 0.065168 0.015495 0.276881 0.000010 0.568711 0.000010 0.017263
0.002156 0.016464 0.000010 0.857694 0.002598 0.120001 0.000010 0.001067
0.000010 0.204404 0.154276 0.000010 0.088150 0.140918 0.412222 0.000010
0.033247 0.032833 0.025015 0.582767 0.000010 0.298405 0.027713 0.000010
0.024172 0.000010 0.012210 0.760242 0.000010 0.161308 0.042037 0.000010
0.000010 0.000010 0.024695 0.901177 0.000010 0.056944 0.000010 0.017144
0.086850 0.054782 0.000010 0.161123 0.000010 0.675360 0.021855 0.000010
0.010150 0.050490 0.020001 0.585204 0.007469 0.247172 0.040770 0.038743
0.000010 0.000010 0.000010 0.000010 0.000014 0.000010 0.000010 0.999926
0.000010 0.000010 0.000019 0.000019 0.000010 0.000010 0.000010 0.999912
0.033855 0.017210 0.000010 0.824933 0.004873 0.119100 0.000010 0.000010
0.000010 0.000019 0.000010 0.000010 0.000010 0.000010 0.000010 0.999921
0.000010 0.022153 0.037080 0.793097 0.022063 0.057381 0.044952 0.023265
0.000010 0.000010 0.000010 0.999930 0.000010 0.000010 0.000010 0.000010
0.000010 0.000013 0.000010 0.000010 0.000010 0.000010 0.000010 0.999927
0.000010 0.000010 0.000010 0.000010 0.000010 0.000010 0.000010 0.999930
0.000010 0.000010 0.000010 0.000010 0.000010 0.000010 0.000010 0.999930
0.000010 0.000010 0.000010 0.000010 0.000010 0.000010 0.000010 0.999930
0.005701 0.043156 0.000010 0.000010 0.033161 0.071478 0.000010 0.846474
0.034140 0.026922 0.011427 0.185180 0.029938 0.631503 0.040663 0.040228
0.023398 0.008645 0.061137 0.162637 0.000010 0.684432 0.013295 0.046447
0.000010 0.000010 0.000017 0.000010 0.000010 0.000010 0.000010 0.999923
0.028354 0.028789 0.000010 0.466830 0.000010 0.206269 0.092304 0.177435
0.057776 0.000010 0.023084 0.747143 0.010814 0.132098 0.000010 0.029065
0.000010 0.000010 0.000010 0.000010 0.000010 0.000010 0.000010 0.999930
0.014891 0.018948 0.000010 0.000010 0.000010 0.000010 0.019373 0.946748
0.000010 0.000010 0.000010 0.000010 0.000010 0.000010 0.000010 0.999930
0.240592 0.122223 0.012823 0.155367 0.029493 0.394173 0.028711 0.016618
0.063085 0.000010 0.000010 0.194806 0.000010 0.689973 0.000010 0.052095
0.056025 0.015069 0.031203 0.174142 0.013434 0.681820 0.000010 0.028297
0.055375 0.000010 0.025778 0.074660 0.006850 0.800360 0.000010 0.036957
0.000010 0.077056 0.020608 0.020563 0.000010 0.000010 0.000010 0.881732
0.000010 0.040173 0.000010 0.068558 0.446984 0.000010 0.000010 0.444246
0.000010 0.000010 0.000010 0.000010 0.000010 0.000010 0.000010 0.999930
0.000012 0.000011 0.000012 0.000010 0.000012 0.000010 0.000010 0.999923
0.000010 0.000010 0.000010 0.000010 0.000010 0.000010 0.000010 0.999930
0.000010 0.000018 0.000011 0.000010 0.000010 0.000010 0.000010 0.999921
0.000010 0.000016 0.000010 0.000011 0.000014 0.000010 0.000010 0.999918
0.000010 0.000010 0.000010 0.000010 0.000010 0.000010 0.000010 0.999930
0.323486 0.054846 0.016375 0.246002 0.047764 0.283218 0.000010 0.028299
0.000010 0.000010 0.000010 0.000010 0.000010 0.000010 0.000010 0.999930
0.000010 0.067804 0.000010 0.000010 0.028170 0.008623 0.018910 0.876462
0.011097 0.000010 0.000010 0.891540 0.006932 0.090390 0.000010 0.000010
0.033696 0.087365 0.000010 0.000010 0.020896 0.000010 0.032113 0.825900
0.077399 0.067617 0.038831 0.145669 0.000010 0.092646 0.026818 0.551009
0.000010 0.000010 0.000010 0.000010 0.000010 0.000010 0.000010 0.999930
0.000010 0.000010 0.000010 0.000010 0.000010 0.000010 0.000010 0.999930
0.000010 0.000010 0.000010 0.000010 0.000010 0.000010 0.000010 0.999930
0.000010 0.000010 0.000010 0.000010 0.000010 0.000010 0.000010 0.999930
0.023541 0.000010 0.000010 0.000010 0.000010 0.000010 0.001034 0.975375
0.000010 0.000010 0.000010 0.000010 0.000010 0.000010 0.000010 0.999930
0.999930 0.000010 0.000010 0.000010 0.000010 0.000010 0.000010 0.000010
0.000010 0.316928 0.000010 0.000010 0.679849 0.000010 0.000010 0.003173
0.000010 0.382296 0.000010 0.000010 0.617644 0.000010 0.000010 0.000010
0.000010 0.370833 0.000010 0.000010 0.629107 0.000010 0.000010 0.000010
0.000010 0.000010 0.000010 0.000010 0.000010 0.000010 0.000010 0.999930
0.000010 0.000010 0.000010 0.000010 0.000010 0.000010 0.000010 0.999930
0.000010 0.397916 0.000010 0.000010 0.602024 0.000010 0.000010 0.000010
0.000010 0.321133 0.000010 0.000010 0.648773 0.012373 0.000010 0.017681
0.000010 0.342279 0.000010 0.004388 0.644310 0.000010 0.000010 0.008983
0.000010 0.000010 0.000010 0.000010 0.000010 0.000010 0.000010 0.999930
0.000010 0.000010 0.000010 0.000010 0.000010 0.000010 0.000010 0.999930
0.000010 0.122642 0.000010 0.000010 0.000010 0.000010 0.877298 0.000010
0.000010 0.000010 0.000010 0.000010 0.000010 0.000010 0.000010 0.999930
0.000010 0.000010 0.900853 0.099087 0.000010 0.000010 0.000010 0.000010
0.000010 0.467925 0.000010 0.000010 0.000010 0.000010 0.000010 0.532015
0.000010 0.464868 0.000010 0.000010 0.000010 0.000010 0.000010 0.535072
0.000010 0.005643 0.071580 0.637688 0.000010 0.229358 0.055701 0.000010
0.000010 0.495048 0.000010 0.000010 0.000010 0.000010 0.000010 0.504892
0.011822 0.000010 0.071403 0.004914 0.911821 0.000010 0.000010 0.000010
0.020449 0.264279 0.143274 0.000010 0.166641 0.217270 0.161996 0.026080
0.045458 0.000010 0.074720 0.441939 0.023101 0.248945 0.076705 0.089121
0.002841 0.397223 0.000010 0.060335 0.422805 0.069068 0.028250 0.019468
0.055962 0.000010 0.000010 0.093991 0.000010 0.295034 0.177726 0.377257
0.012972 0.005817 0.000010 0.057756 0.000010 0.309678 0.209620 0.404137
0.000010 0.030068 0.000010 0.872938 0.001806 0.073141 0.021919 0.000109
0.015658 0.088179 0.080560 0.000010 0.058737 0.050074 0.021454 0.685327
0.057555 0.027754 0.030973 0.395848 0.040526 0.395528 0.016349 0.035467
0.017929 0.000010 0.003599 0.804165 0.003170 0.098535 0.000010 0.072582
0.017334 0.020915 0.004464 0.449162 0.000010 0.080572 0.093355 0.334187
0.008349 0.338921 0.187885 0.000010 0.005833 0.396160 0.062832 0.000010
0.043725 0.027146 0.039405 0.446154 0.007731 0.352684 0.032162 0.050993
0.068921 0.057527 0.108348 0.085893 0.000010 0.631878 0.047413 0.000010
0.000010 0.393392 0.043637 0.020771 0.493287 0.029528 0.019364 0.000010
0.000010 0.056118 0.012294 0.022671 0.022087 0.000889 0.000010 0.885921
0.000010 0.378822 0.000010 0.000010 0.520458 0.062025 0.038655 0.000010
0.000010 0.344068 0.000010 0.000010 0.655872 0.000010 0.000010 0.000010
0.080876 0.037293 0.000010 0.473778 0.039827 0.361128 0.007079 0.000010
0.012396 0.089321 0.000010 0.674293 0.000010 0.181526 0.042434 0.000010
0.000010 0.000010 0.000010 0.000010 0.646954 0.000010 0.352986 0.000010
0.057297 0.012916 0.038165 0.588298 0.048487 0.203860 0.027687 0.023289
0.001535 0.062381 0.030938 0.780694 0.009253 0.102386 0.002258 0.010554
0.047407 0.004977 0.000010 0.878484 0.006372 0.062217 0.000010 0.000523
0.012306 0.165898 0.137703 0.055657 0.131698 0.397835 0.098893 0.000010
0.000010 0.453271 0.186062 0.000010 0.030613 0.000010 0.330014 0.000010
0.157260 0.042588 0.067844 0.519338 0.000010 0.149101 0.029593 0.034266
0.000010 0.343214 0.000010 0.000010 0.656726 0.000010 0.000010 0.000010
0.133476 0.109184 0.006801 0.086183 0.073425 0.581507 0.008734 0.000690
0.009496 0.000010 0.038748 0.556791 0.000481 0.246928 0.058861 0.088686
0.000010 0.261779 0.000010 0.000010 0.443615 0.163676 0.028130 0.102770
0.053639 0.099537 0.000010 0.145993 0.083379 0.563350 0.054081 0.000010
0.000010 0.000010 0.000010 0.000010 0.000010 0.000010 0.000010 0.999930
0.073776 0.020085 0.088526 0.598851 0.022403 0.140903 0.000010 0.055447
0.082570 0.016144 0.068591 0.617480 0.000010 0.168729 0.014157 0.032319
0.011071 0.093043 0.002125 0.585197 0.045762 0.216422 0.031844 0.014536
0.010473 0.000010 0.129010 0.768991 0.000010 0.067700 0.000010 0.023796
0.000010 0.000010 0.059738 0.259235 0.011126 0.339992 0.230669 0.099220
0.114013 0.104564 0.089567 0.187596 0.045607 0.380604 0.033712 0.044338
0.000010 0.000010 0.000010 0.892571 0.000010 0.037423 0.069956 0.000010
0.000010 0.000010 0.000010 0.980344 0.000010 0.000010 0.000010 0.019596
0.274744 0.101042 0.004697 0.166379 0.003967 0.426792 0.000010 0.022369
0.036714 0.000010 0.000010 0.743030 0.000010 0.059871 0.011822 0.148533
0.147447 0.091470 0.000010 0.081911 0.046123 0.510883 0.039532 0.082624
0.018968 0.038030 0.000010 0.768708 0.018633 0.092746 0.000010 0.062895
0.041753 0.020124 0.000010 0.703827 0.000010 0.191920 0.000010 0.042345
0.067108 0.073405 0.000010 0.041677 0.112508 0.669429 0.035854 0.000010
0.000010 0.024731 0.029990 0.909367 0.000010 0.034088 0.001794 0.000010
0.022115 0.059407 0.000010 0.354988 0.018355 0.137847 0.062227 0.345052
0.011518 0.012872 0.017701 0.858756 0.000010 0.080094 0.000010 0.019039
0.030682 0.000010 0.000010 0.438537 0.000010 0.144357 0.041651 0.344743
0.122419 0.063822 0.027114 0.590307 0.009244 0.180736 0.000010 0.006349
0.000413 0.000010 0.000010 0.825427 0.000010 0.086957 0.041770 0.045403
0.045163 0.042247 0.061530 0.697494 0.000010 0.114733 0.012039 0.026785
0.000010 0.000010 0.000010 0.100470 0.000010 0.361420 0.186616 0.351453
0.004062 0.000010 0.000010 0.203265 0.000010 0.397953 0.353998 0.040692
0.000010 0.000010 0.000010 0.000010 0.000010 0.000010 0.999930 0.000010
0.017806 0.000010 0.014266 0.122920 0.000010 0.170727 0.470615 0.203646
0.022207 0.014785 0.000010 0.094993 0.000010 0.211122 0.383943 0.272930
0.006877 0.000010 0.035091 0.159903 0.032538 0.311023 0.391418 0.063140
0.003814 0.187054 0.055253 0.072348 0.055243 0.227825 0.370588 0.027875
0.061938 0.000999 0.023444 0.162031 0.000010 0.282229 0.242840 0.226509
0.000010 0.000010 0.000010 0.000010 0.000010 0.000010 0.999930 0.000010
0.263002 0.084664 0.044398 0.470582 0.000010 0.106225 0.031109 0.000010
0.000010 0.000010 0.000010 0.240693 0.000010 0.355977 0.368807 0.034483
0.000010 0.000010 0.000010 0.023046 0.000010 0.000010 0.976894 0.000010
0.000010 0.458848 0.214875 0.000010 0.070869 0.000010 0.255368 0.000010
0.066336 0.381466 0.037950 0.009430 0.429474 0.035217 0.000010 0.040117
0.024154 0.375644 0.032915 0.000199 0.468415 0.036739 0.000010 0.061923
0.000010 0.500909 0.145194 0.000010 0.000010 0.000010 0.353846 0.000010
0.000010 0.000010 0.003783 0.298361 0.000010 0.243732 0.412013 0.042081
0.009180 0.000010 0.001957 0.159571 0.023822 0.277326 0.465452 0.062682
0.000010 0.000010 0.000010 0.000010 0.000010 0.000010 0.999930 0.000010
0.047038 0.436628 0.044395 0.009510 0.214504 0.138810 0.000010 0.109105
0.000010 0.795081 0.000010 0.000010 0.000010 0.000010 0.000010 0.204859
0.000010 0.045273 0.000010 0.000010 0.816636 0.039808 0.084225 0.014029
0.034409 0.000010 0.054141 0.195917 0.017103 0.303901 0.346864 0.047655
0.000010 0.000010 0.000010 0.908665 0.013310 0.024376 0.027620 0.025999
0.032143 0.000010 0.042839 0.751578 0.000010 0.139629 0.023239 0.010553
0.025809 0.056615 0.084131 0.000010 0.028698 0.775568 0.000010 0.029159
0.055795 0.044743 0.033559 0.021148 0.034762 0.796498 0.000010 0.013485
0.023841 0.000016 0.014530 0.892455 0.000010 0.054771 0.012768 0.001609
0.084153 0.000010 0.017342 0.265219 0.000010 0.166037 0.068481 0.398749
0.087760 0.000010 0.016501 0.306884 0.000010 0.386848 0.058761 0.143225
0.000010 0.105138 0.000010 0.455211 0.000010 0.281696 0.100699 0.057226
0.022168 0.005056 0.000010 0.000010 0.948068 0.000010 0.000010 0.024667
0.030263 0.005580 0.048068 0.639961 0.000010 0.238274 0.020150 0.017694
0.000010 0.000010 0.000010 0.924821 0.000010 0.013710 0.043369 0.018060
0.043537 0.079946 0.000010 0.476338 0.000010 0.317739 0.058175 0.024245
0.044271 0.037322 0.042448 0.663798 0.000010 0.193694 0.000010 0.018446
0.028833 0.021142 0.016320 0.516055 0.000010 0.347897 0.000010 0.069733
0.028449 0.029965 0.011060 0.404625 0.038622 0.454325 0.000010 0.032943
0.000010 0.000010 0.000010 0.000010 0.000010 0.000010 0.999930 0.000010
0.017905 0.000010 0.062235 0.598288 0.000010 0.261776 0.048608 0.011168
0.021591 0.015862 0.007111 0.705895 0.000010 0.243063 0.000010 0.006459
0.024994 0.001412 0.011679 0.670937 0.000010 0.255615 0.018823 0.016530
0.096843 0.073044 0.000010 0.257011 0.000010 0.507402 0.016575 0.049105
0.000010 0.009567 0.011341 0.945908 0.013159 0.019995 0.000010 0.000010
0.000010 0.000010 0.857213 0.129206 0.000010 0.000010 0.000010 0.013531
0.026887 0.131411 0.000010 0.100988 0.000010 0.696443 0.000010 0.044241
0.061736 0.109041 0.091527 0.151547 0.000010 0.534327 0.037177 0.014635
0.053076 0.142106 0.002865 0.103052 0.007631 0.604244 0.040894 0.046131
0.073845 0.004915 0.000010 0.253913 0.000010 0.648112 0.015273 0.003922
0.023541 0.000010 0.000010 0.887064 0.000010 0.085888 0.002863 0.000614
0.010696 0.017283 0.026989 0.776217 0.000010 0.141242 0.002608 0.024956
0.000010 0.000010 0.023054 0.772073 0.000010 0.204824 0.000010 0.000010
0.022495 0.000010 0.000010 0.874211 0.000010 0.103244 0.000010 0.000010
0.060514 0.108526 0.100703 0.221927 0.000010 0.481578 0.000010 0.026732
0.054864 0.075824 0.000010 0.067672 0.000744 0.265735 0.066273 0.468877
0.047151 0.037584 0.065706 0.500460 0.000010 0.211372 0.064248 0.073468
0.038566 0.036384 0.000010 0.513383 0.000010 0.151712 0.099929 0.160006
0.008129 0.000010 0.078296 0.033765 0.027487 0.829192 0.003969 0.019152
0.034202 0.000010 0.041299 0.874389 0.000010 0.028086 0.000010 0.021993
0.083018 0.085763 0.017397 0.114083 0.068210 0.542228 0.089292 0.000010
0.037502 0.001226 0.000010 0.758144 0.000010 0.144368 0.041039 0.017701
0.000010 0.000010 0.000010 0.999930 0.000010 0.000010 0.000010 0.000010
0.048114 0.000010 0.196455 0.692891 0.000385 0.062125 0.000010 0.000010
0.056322 0.007730 0.071702 0.098625 0.021783 0.665776 0.000010 0.078051
0.000010 0.000010 0.000010 0.999930 0.000010 0.000010 0.000010 0.000010
0.021276 0.000010 0.097387 0.000010 0.016209 0.828001 0.037097 0.000010
0.006475 0.000010 0.077366 0.008445 0.043779 0.818850 0.036733 0.008343
0.038171 0.000010 0.095742 0.000010 0.000010 0.842926 0.023121 0.000010
0.003671 0.000010 0.135768 0.000010 0.029839 0.821687 0.009005 0.000010
0.000010 0.004555 0.052081 0.007274 0.028639 0.853225 0.054206 0.000010
0.004252 0.014073 0.014282 0.000010 0.000010 0.114794 0.013673 0.838906
0.024041 0.081483 0.012041 0.559520 0.000010 0.274369 0.031492 0.017045
0.015412 0.000010 0.000010 0.923528 0.000010 0.000010 0.044514 0.016506
0.000010 0.000010 0.030338 0.756756 0.000010 0.211745 0.000010 0.001121
0.042290 0.005836 0.099943 0.684257 0.000010 0.128998 0.029460 0.009205
0.000010 0.000010 0.010151 0.938209 0.000010 0.006692 0.044907 0.000010
0.000010 0.000010 0.054204 0.000010 0.000010 0.918696 0.027051 0.000010
0.000010 0.025767 0.046716 0.920317 0.000010 0.000010 0.001133 0.006037
0.039984 0.000010 0.000010 0.174348 0.026402 0.722537 0.000010 0.036699
0.000010 0.000010 0.000010 0.000010 0.000010 0.000010 0.000010 0.999930
0.020724 0.323661 0.167330 0.000010 0.029811 0.394149 0.064306 0.000010
0.043378 0.076961 0.108009 0.081826 0.000010 0.655381 0.000010 0.034425
0.009810 0.000010 0.002215 0.316013 0.014737 0.651545 0.000010 0.005659
0.049295 0.145494 0.082538 0.051177 0.003391 0.641454 0.014314 0.012338
0.000010 0.000010 0.108280 0.000010 0.066554 0.799747 0.025378 0.000010
0.012246 0.075743 0.032614 0.086123 0.028216 0.719507 0.000010 0.045542
0.000010 0.000010 0.062875 0.000010 0.000010 0.937065 0.000010 0.000010
0.042891 0.023183 0.072357 0.185752 0.003210 0.606618 0.036561 0.029429
0.068025 0.005267 0.090870 0.065283 0.000010 0.698100 0.045984 0.026461
0.012095 0.039582 0.000010 0.767582 0.017615 0.107339 0.032875 0.022902
0.067845 0.005685 0.011042 0.075796 0.051955 0.710105 0.060702 0.016869
0.013326 0.000010 0.117283 0.000010 0.000010 0.851401 0.002964 0.014996
0.005244 0.000010 0.109759 0.066200 0.010761 0.776155 0.031860 0.000010
0.015032 0.000010 0.067710 0.579486 0.061797 0.255790 0.004497 0.015678
0.021636 0.005978 0.000010 0.960049 0.000010 0.012297 0.000010 0.000010
0.056448 0.005923 0.109039 0.009743 0.000010 0.779581 0.000010 0.039246
0.000010 0.082518 0.017912 0.002366 0.000010 0.000010 0.000010 0.897164
0.000010 0.003312 0.052596 0.911156 0.022305 0.000010 0.000010 0.010600
0.029904 0.000010 0.016656 0.953390 0.000010 0.000010 0.000010 0.000010
0.012555 0.076868 0.059096 0.092556 0.000010 0.727102 0.019741 0.012073
0.012763 0.089790 0.044998 0.445560 0.025821 0.368166 0.000010 0.012891
0.094288 0.000010 0.038696 0.213568 0.000010 0.646801 0.000010 0.006616
0.009160 0.000010 0.047010 0.000010 0.019501 0.880191 0.007149 0.036969
0.000010 0.000010 0.000010 0.994856 0.000010 0.000010 0.000010 0.005084
0.000010 0.000010 0.000010 0.996864 0.000010 0.000010 0.000010 0.003076
0.034675 0.007665 0.000010 0.490660 0.000010 0.396297 0.052820 0.017862
0.066527 0.018344 0.010835 0.557859 0.000010 0.284083 0.024298 0.038044
0.014789 0.000010 0.000010 0.000010 0.916954 0.000010 0.000010 0.068206
0.018750 0.076433 0.084414 0.048391 0.000010 0.709874 0.037269 0.024859
0.006538 0.020495 0.000010 0.880115 0.000010 0.064610 0.006969 0.021253
0.014765 0.001300 0.000010 0.000010 0.900206 0.000010 0.000010 0.083689
0.528160 0.000010 0.000010 0.000010 0.000010 0.000010 0.000010 0.471780
0.000010 0.759015 0.000010 0.000010 0.000010 0.000010 0.000010 0.240925
0.026352 0.040926 0.036356 0.601907 0.000010 0.239434 0.010288 0.044726
0.090600 0.089563 0.034290 0.553226 0.000010 0.209121 0.000010 0.023180
0.041221 0.045697 0.024539 0.714865 0.000010 0.159869 0.000010 0.013789
0.078748 0.123964 0.000010 0.340734 0.083199 0.320194 0.053140 0.000010
0.013608 0.000010 0.040013 0.927776 0.000010 0.000010 0.000010 0.018564
0.000010 0.000010 0.000010 0.999930 0.000010 0.000010 0.000010 0.000010
0.120824 0.014431 0.000010 0.128608 0.000010 0.708701 0.000010 0.027407
0.043574 0.000010 0.069501 0.620419 0.000010 0.241625 0.019013 0.005847
0.029101 0.084759 0.016354 0.532258 0.000010 0.294907 0.000010 0.042601
0.000010 0.049676 0.044482 0.377590 0.040178 0.416073 0.071981 0.000010
0.059564 0.011411 0.034653 0.679416 0.003903 0.190819 0.000010 0.020225
0.025693 0.000010 0.000010 0.747155 0.000010 0.148778 0.034537 0.043807
0.035140 0.000010 0.000010 0.734875 0.016596 0.156098 0.032942 0.024329
0.013713 0.015817 0.047973 0.778593 0.000010 0.114730 0.012501 0.016663
0.000010 0.000010 0.000010 0.999930 0.000010 0.000010 0.000010 0.000010
0.017679 0.000507 0.032360 0.907374 0.000010 0.000010 0.019823 0.022237
0.051415 0.054761 0.056904 0.147419 0.000010 0.639819 0.022161 0.027512
0.029641 0.000010 0.052558 0.402650 0.033166 0.336063 0.082007 0.063904
0.019604 0.000010 0.114049 0.000010 0.057979 0.806141 0.000010 0.002196
0.014122 0.000010 0.013060 0.961239 0.000010 0.000010 0.004208 0.007341
0.098574 0.074883 0.000010 0.177303 0.000010 0.617492 0.000010 0.031717
0.043436 0.027902 0.152664 0.612505 0.000010 0.036014 0.083020 0.044449
0.086071 0.006601 0.020826 0.530589 0.016864 0.283107 0.013961 0.041982
0.000010 0.027758 0.093489 0.079520 0.001291 0.713968 0.069192 0.014772
0.071243 0.023913 0.039021 0.734355 0.000010 0.122708 0.004521 0.004229
0.104268 0.000010 0.000010 0.158806 0.000010 0.671689 0.047718 0.017489
0.024610 0.012960 0.078147 0.000010 0.018314 0.818314 0.009445 0.038200
0.038203 0.042377 0.008256 0.071161 0.034708 0.740345 0.015539 0.049413
0.000010 0.130987 0.066088 0.304850 0.044910 0.326011 0.127135 0.000010
0.021110 0.078603 0.112619 0.002213 0.000010 0.785425 0.000010 0.000010
0.000010 0.281088 0.070766 0.000010 0.142459 0.275148 0.225612 0.004907
0.127312 0.000010 0.000010 0.132792 0.000010 0.697754 0.001674 0.040438
0.000010 0.000010 0.006254 0.604624 0.006907 0.328563 0.053623 0.000010
0.000010 0.000010 0.022198 0.902670 0.000010 0.067425 0.007667 0.000010
0.000010 0.042200 0.100642 0.794123 0.016625 0.000010 0.046381 0.000010
0.000010 0.000010 0.052746 0.840888 0.000010 0.089918 0.016409 0.000010
0.000010 0.081245 0.066698 0.033987 0.000010 0.818029 0.000010 0.000010
0.050401 0.038491 0.222635 0.375397 0.042058 0.146609 0.103886 0.020524
0.017458 0.057062 0.014254 0.566174 0.033609 0.231572 0.073150 0.006721
0.028575 0.055487 0.000010 0.212605 0.671534 0.000010 0.014874 0.016905
0.012723 0.000010 0.013043 0.766219 0.020059 0.157685 0.022865 0.007396
0.025648 0.000010 0.065957 0.779368 0.000010 0.092117 0.020749 0.016141
0.000010 0.000018 0.000010 0.000010 0.000010 0.000010 0.000010 0.999922
0.000010 0.000010 0.000010 0.000010 0.000010 0.000010 0.000010 0.999930
0.002889 0.007217 0.078060 0.159101 0.020369 0.716138 0.016215 0.000010
0.000010 0.003411 0.000010 0.171712 0.000010 0.789848 0.000010 0.034989
0.000010 0.017454 0.053692 0.306308 0.000010 0.577582 0.023206 0.021738
0.000010 0.001522 0.075603 0.322630 0.000010 0.598141 0.000010 0.002073
0.000010 0.000010 0.000010 0.000010 0.000010 0.000010 0.000010 0.999930
0.000010 0.000010 0.000010 0.000010 0.000010 0.000010 0.000010 0.999930
0.023243 0.000010 0.081196 0.027150 0.000010 0.811328 0.051664 0.005398
0.001376 0.000010 0.117004 0.022475 0.000010 0.849858 0.006967 0.002301
0.000010 0.000010 0.000010 0.000016 0.000010 0.000010 0.000010 0.999924
0.000010 0.000010 0.000010 0.000010 0.000010 0.000010 0.000010 0.999930
0.000010 0.000010 0.000010 0.000010 0.000010 0.000010 0.000010 0.999930
0.064243 0.119544 0.043031 0.029742 0.015924 0.727495 0.000010 0.000010
0.023279 0.000010 0.076514 0.000010 0.000010 0.900158 0.000010 0.000010
0.000010 0.289365 0.046908 0.190165 0.113225 0.211442 0.047172 0.101712
0.060154 0.000010 0.095611 0.057010 0.059113 0.664773 0.023154 0.040174
0.000010 0.548924 0.000010 0.011041 0.237286 0.073220 0.031825 0.097684
0.000010 0.000010 0.068588 0.000010 0.082406 0.779634 0.035631 0.033712
0.000010 0.000010 0.000010 0.000010 0.000010 0.000010 0.000010 0.999930
0.000010 0.000010 0.044750 0.054205 0.033665 0.830455 0.033133 0.003771
0.026791 0.053030 0.132358 0.192660 0.000010 0.583679 0.000010 0.011461
0.014473 0.044040 0.039902 0.088520 0.000010 0.275502 0.005313 0.532240
0.012807 0.016185 0.012715 0.020664 0.000010 0.043818 0.000010 0.893791
0.010369 0.029692 0.086230 0.076940 0.000010 0.753431 0.043317 0.000010
0.000010 0.000010 0.000010 0.000010 0.000010 0.000010 0.000010 0.999930
0.000010 0.000010 0.000010 0.000010 0.000010 0.000010 0.000010 0.999930
0.000010 0.000010 0.000010 0.000010 0.000010 0.000010 0.000010 0.999930
0.000010 0.000010 0.000010 0.000010 0.000010 0.000010 0.000010 0.999930
0.000010 0.000010 0.000010 0.000010 0.000010 0.000010 0.000010 0.999930
0.067908 0.000010 0.031485 0.607109 0.005628 0.223234 0.064616 0.000010
0.028906 0.029199 0.046773 0.578021 0.016025 0.105217 0.078920 0.116939
0.010918 0.037354 0.000010 0.564797 0.000010 0.172911 0.079211 0.134790
0.000010 0.000010 0.000010 0.000010 0.000010 0.000010 0.000010 0.999930
0.000010 0.644670 0.000010 0.000010 0.000010 0.000010 0.000010 0.355270
0.094570 0.046447 0.000010 0.407920 0.034348 0.354778 0.000010 0.061917
0.029986 0.000010 0.024077 0.808973 0.000010 0.128835 0.000010 0.008099
0.053964 0.003558 0.051497 0.522707 0.000010 0.270780 0.045327 0.052157
0.088269 0.000010 0.000010 0.249788 0.000010 0.659578 0.002326 0.000010
0.098661 0.000010 0.000010 0.204861 0.000010 0.675201 0.000010 0.021237
0.008452 0.029047 0.022358 0.706315 0.000010 0.198484 0.032256 0.003079
0.100118 0.050763 0.010482 0.218760 0.000010 0.619847 0.000010 0.000010
0.049845 0.000010 0.018730 0.286159 0.000010 0.473421 0.111254 0.060571
0.003053 0.000010 0.093036 0.723039 0.000010 0.142402 0.000010 0.038440
0.000010 0.000010 0.167578 0.626117 0.011025 0.094044 0.051633 0.049584
0.075434 0.000010 0.000010 0.316733 0.008626 0.575512 0.023665 0.000010
0.000010 0.000010 0.058800 0.672062 0.035413 0.167607 0.049554 0.016544
0.036877 0.000010 0.107943 0.284540 0.000010 0.237442 0.271076 0.062103
0.000010 0.482852 0.151002 0.000010 0.208760 0.000010 0.157346 0.000010
0.235514 0.095754 0.029940 0.166042 0.082089 0.370597 0.000010 0.020053
0.037207 0.012854 0.011764 0.406366 0.014148 0.473653 0.001197 0.042811
0.220249 0.025612 0.167163 0.429055 0.000010 0.146959 0.003902 0.007050
0.002544 0.000010 0.106678 0.830817 0.003164 0.020446 0.036330 0.000010
0.000010 0.363408 0.000010 0.038043 0.460843 0.104557 0.033120 0.000010
0.011514 0.371510 0.063240 0.024294 0.115846 0.230908 0.089682 0.093006
0.061476 0.000010 0.000010 0.607886 0.000010 0.272824 0.035167 0.022617
0.026860 0.000010 0.092717 0.694084 0.000010 0.184822 0.000010 0.001487
0.000010 0.053278 0.000010 0.519955 0.000010 0.043861 0.000010 0.382866
0.023651 0.049749 0.023052 0.520612 0.032107 0.290140 0.051717 0.008972
0.021292 0.168415 0.000010 0.015254 0.049456 0.000010 0.032287 0.713276
0.030627 0.014607 0.021131 0.457841 0.000010 0.434229 0.000010 0.041546
0.047334 0.418724 0.111773 0.022228 0.056517 0.239667 0.089379 0.014379
0.026571 0.000010 0.039607 0.838694 0.000010 0.045727 0.049371 0.000010
0.000010 0.000010 0.028607 0.971333 0.000010 0.000010 0.000010 0.000010
0.029614 0.029798 0.064449 0.842812 0.000010 0.033296 0.000010 0.000010
0.000010 0.000010 0.070996 0.744919 0.000010 0.181655 0.002390 0.000010
0.038466 0.101164 0.011951 0.011872 0.733692 0.102756 0.000010 0.000089
0.010194 0.000010 0.151527 0.000010 0.000010 0.824910 0.000010 0.013329
0.012943 0.394329 0.288199 0.000010 0.036284 0.000010 0.268215 0.000010
0.000010 0.086294 0.075008 0.118523 0.000010 0.713989 0.000010 0.006157
0.135184 0.000010 0.042601 0.400811 0.000010 0.329225 0.069177 0.022983
0.052146 0.000010 0.059756 0.022875 0.000010 0.865183 0.000010 0.000010
0.000010 0.072707 0.058649 0.109674 0.000010 0.741680 0.000010 0.017261
0.013344 0.375166 0.267594 0.000010 0.043449 0.000010 0.300417 0.000010
0.008826 0.000010 0.013225 0.823842 0.000010 0.137515 0.016561 0.000010
0.000010 0.000010 0.000010 0.847976 0.038513 0.113461 0.000010 0.000010
0.105086 0.054236 0.142040 0.034332 0.000010 0.596276 0.041248 0.026771
0.000010 0.000010 0.029158 0.908163 0.000010 0.062629 0.000010 0.000010
0.058392 0.096638 0.117720 0.053259 0.033329 0.627497 0.000010 0.013155
0.021817 0.136867 0.013609 0.000010 0.710646 0.034290 0.082751 0.000010
0.000010 0.000010 0.999371 0.000010 0.000010 0.000010 0.000010 0.000569
0.000010 0.000010 0.007104 0.000010 0.992836 0.000010 0.000010 0.000010
0.023049 0.212428 0.011060 0.000010 0.518473 0.231118 0.000010 0.003852
0.000010 0.212128 0.042400 0.000010 0.019067 0.264000 0.095639 0.366746
0.014888 0.022792 0.000010 0.000010 0.846735 0.075171 0.004429 0.035965
0.000010 0.000010 0.000010 0.000010 0.000010 0.000010 0.000010 0.999930
0.013447 0.011791 0.011224 0.666827 0.000010 0.280794 0.015897 0.000010
0.038703 0.063156 0.090098 0.000010 0.020041 0.777334 0.000010 0.010648
0.038385 0.038774 0.017416 0.083866 0.035305 0.705277 0.051947 0.029030
0.000010 0.091753 0.000010 0.027618 0.000010 0.000010 0.015009 0.865579
0.495717 0.050892 0.000010 0.363366 0.000010 0.064095 0.016292 0.009618
0.012950 0.278608 0.057770 0.055736 0.161404 0.307506 0.065838 0.060189
0.000010 0.264884 0.242588 0.024225 0.000010 0.415746 0.052527 0.000010
0.085088 0.069313 0.013982 0.070309 0.000010 0.654945 0.064265 0.042088
0.029668 0.010159 0.017842 0.111552 0.000010 0.736454 0.043872 0.050442
0.017538 0.047250 0.152396 0.238708 0.009752 0.402697 0.062465 0.069194
0.065033 0.065518 0.098861 0.074295 0.012564 0.661076 0.000010 0.022643
0.025719 0.177810 0.005061 0.000010 0.036410 0.015048 0.000010 0.739932
0.028014 0.147313 0.007718 0.035861 0.061483 0.025922 0.002965 0.690724
0.021227 0.047300 0.000010 0.000010 0.009887 0.077570 0.021057 0.822939
0.007653 0.382207 0.076744 0.041281 0.001693 0.369899 0.120513 0.000010
0.000010 0.291636 0.074128 0.000010 0.000010 0.000010 0.634186 0.000010
0.000010 0.053954 0.049340 0.000010 0.622565 0.274101 0.000010 0.000010
0.018002 0.388191 0.115265 0.000010 0.223196 0.074163 0.181162 0.000010
0.000010 0.000010 0.000010 0.999930 0.000010 0.000010 0.000010 0.000010
0.039910 0.000010 0.006422 0.756109 0.000010 0.040296 0.013699 0.143544
0.076745 0.039380 0.000010 0.498179 0.000010 0.379898 0.000010 0.005769
0.046489 0.038398 0.000010 0.602364 0.006054 0.180180 0.047742 0.078762
0.999930 0.000010 0.000010 0.000010 0.000010 0.000010 0.000010 0.000010
0.000010 0.003619 0.022550 0.915001 0.000010 0.028930 0.029870 0.000010
0.000010 0.004464 0.002591 0.909087 0.004367 0.064176 0.012205 0.003099
0.011704 0.176507 0.035102 0.014997 0.044431 0.032865 0.006616 0.677778
0.000010 0.183019 0.005844 0.017879 0.008917 0.013468 0.030918 0.739946
0.010936 0.013377 0.000010 0.951430 0.018222 0.006005 0.000010 0.000010
0.056267 0.247859 0.095045 0.161145 0.034861 0.322824 0.075429 0.006572
0.024370 0.087331 0.000010 0.831641 0.003287 0.052909 0.000010 0.000442
0.087291 0.030944 0.044540 0.597243 0.000010 0.146196 0.064311 0.029466
0.615344 0.117882 0.000601 0.103324 0.000010 0.126134 0.036694 0.000010
0.000010 0.098432 0.017543 0.022910 0.000010 0.000010 0.000010 0.861074
0.033149 0.051591 0.013133 0.407218 0.000010 0.152538 0.000010 0.342351
0.022233 0.374869 0.044776 0.002830 0.143061 0.201973 0.038654 0.171604
0.029129 0.000010 0.025351 0.670146 0.029579 0.139755 0.042442 0.063589
0.067128 0.016248 0.065710 0.275147 0.032236 0.499443 0.016489 0.027598
0.061459 0.030998 0.004494 0.599570 0.000010 0.195508 0.057236 0.050725
0.000010 0.080743 0.019036 0.018879 0.000010 0.004248 0.000010 0.877064
0.045635 0.000010 0.004743 0.866929 0.000010 0.043908 0.038754 0.000010
0.066854 0.059877 0.000010 0.605232 0.021038 0.202974 0.024934 0.019082
0.031622 0.023309 0.018137 0.376913 0.000010 0.501407 0.000010 0.048592
0.058234 0.051610 0.000010 0.598261 0.023709 0.242856 0.023920 0.001400
0.023431 0.344661 0.052811 0.034007 0.488652 0.019501 0.004641 0.032296
0.000010 0.423938 0.288559 0.000010 0.000010 0.000010 0.287453 0.000010
0.000010 0.345444 0.039554 0.009152 0.494814 0.062025 0.000010 0.048991
0.035769 0.077623 0.000010 0.081974 0.099657 0.683720 0.000010 0.021237
0.026493 0.000010 0.000010 0.122593 0.075371 0.732876 0.001660 0.040986
0.034054 0.096797 0.000010 0.025694 0.755415 0.000010 0.003651 0.084370
0.018473 0.097273 0.000010 0.000010 0.780593 0.000010 0.000010 0.103620
0.000010 0.229718 0.131229 0.027354 0.001772 0.550264 0.059643 0.000010
0.054256 0.063203 0.011639 0.000010 0.772978 0.000010 0.000010 0.097894
0.000010 0.154927 0.086576 0.048373 0.373031 0.211868 0.125205 0.000010
0.011628 0.152887 0.000010 0.000010 0.568562 0.252307 0.014585 0.000010
0.999930 0.000010 0.000010 0.000010 0.000010 0.000010 0.000010 0.000010
0.000010 0.000010 0.999930 0.000010 0.000010 0.000010 0.000010 0.000010
0.000010 0.000010 0.999930 0.000010 0.000010 0.000010 0.000010 0.000010
0.000010 0.000010 0.999930 0.000010 0.000010 0.000010 0.000010 0.000010
0.000010 0.000010 0.999930 0.000010 0.000010 0.000010 0.000010 0.000010
0.000010 0.000010 0.999930 0.000010 0.000010 0.000010 0.000010 0.000010
0.000010 0.000010 0.999930 0.000010 0.000010 0.000010 0.000010 0.000010
0.000010 0.000010 0.999930 0.000010 0.000010 0.000010 0.000010 0.000010
0.000010 0.000010 0.999930 0.000010 0.000010 0.000010 0.000010 0.000010
0.000010 0.112833 0.010484 0.000010 0.827055 0.029345 0.000866 0.019396
0.000010 0.074431 0.000010 0.000010 0.843909 0.078102 0.000010 0.003518
0.000010 0.147480 0.000010 0.000010 0.788519 0.000010 0.000010 0.063951
0.000010 0.000010 0.000010 0.997709 0.000010 0.000010 0.000010 0.002231
0.028159 0.100189 0.000010 0.000010 0.748213 0.000010 0.000010 0.123399
0.710283 0.000010 0.000010 0.192220 0.000010 0.008492 0.000010 0.088965
0.026062 0.070998 0.035712 0.015486 0.760709 0.000010 0.000010 0.091014
0.000010 0.094151 0.001877 0.000010 0.863314 0.002531 0.000010 0.038096
0.006373 0.079400 0.040424 0.000010 0.873763 0.000010 0.000010 0.000010
0.035339 0.086398 0.000010 0.000010 0.801943 0.061994 0.014297 0.000010
0.008325 0.124386 0.000010 0.000010 0.848224 0.000010 0.002352 0.016683
0.026145 0.048296 0.000010 0.023733 0.834822 0.066974 0.000010 0.000010
0.027410 0.000010 0.000010 0.000010 0.972530 0.000010 0.000010 0.000010
0.021531 0.036653 0.119679 0.808345 0.005758 0.000010 0.000010 0.008014
0.039243 0.149646 0.000010 0.213531 0.048741 0.477481 0.068531 0.002817
0.000010 0.000010 0.999930 0.000010 0.000010 0.000010 0.000010 0.000010
0.000010 0.000010 0.029292 0.000010 0.905921 0.039613 0.003647 0.021497
0.000010 0.000010 0.006907 0.993033 0.000010 0.000010 0.000010 0.000010
0.003815 0.000010 0.925248 0.021892 0.000010 0.047965 0.000010 0.001050
0.000010 0.000010 0.999930 0.000010 0.000010 0.000010 0.000010 0.000010
