0.042627 0.470563 0.486790 0.000010 0.000010
0.000010 0.234594 0.765376 0.000010 0.000010
0.000010 0.434764 0.471867 0.017453 0.075907
0.917278 0.000010 0.080355 0.000010 0.002347
0.000010 0.296201 0.627248 0.008675 0.067867
0.002828 0.768623 0.202943 0.000010 0.025596
0.437840 0.323528 0.202967 0.000010 0.035656
0.000010 0.956486 0.043484 0.000010 0.000010
0.036619 0.119442 0.814400 0.000010 0.029530
0.000010 0.932938 0.067032 0.000010 0.000010
0.000010 0.760182 0.237432 0.000010 0.002366
0.000010 0.364857 0.624620 0.010503 0.000010
0.126236 0.000010 0.578964 0.000010 0.294780
0.480969 0.000010 0.457879 0.000010 0.061132
0.004617 0.968514 0.024129 0.000010 0.002731
0.000010 0.373943 0.570282 0.003416 0.052349
0.029825 0.737964 0.232191 0.000010 0.000010
0.308156 0.519233 0.172591 0.000010 0.000010
0.000010 0.415304 0.100190 0.000010 0.484486
0.000010 0.000010 0.000010 0.999960 0.000010
0.000010 0.020965 0.000010 0.979005 0.000010
0.000010 0.000010 0.000010 0.999960 0.000010
0.000010 0.038239 0.000010 0.961731 0.000010
0.726239 0.050542 0.131928 0.010243 0.081048
0.000010 0.142867 0.216361 0.000010 0.640752
0.000010 0.002904 0.000010 0.997066 0.000010
0.009843 0.114007 0.868297 0.000010 0.007843
0.000010 0.000010 0.000010 0.999960 0.000010
0.027985 0.098448 0.828685 0.013067 0.031815
0.033548 0.066441 0.899991 0.000010 0.000010
0.000010 0.007389 0.992581 0.000010 0.000010
0.000010 0.080907 0.872813 0.000010 0.046260
0.200246 0.026483 0.417480 0.033913 0.321878
0.065947 0.015540 0.639244 0.034405 0.244864
0.000010 0.205627 0.761001 0.007774 0.025587
0.374164 0.307002 0.285827 0.000010 0.032997
0.431687 0.379589 0.125703 0.000010 0.063011
0.049170 0.000010 0.018802 0.881782 0.050235
0.035284 0.032647 0.871559 0.000010 0.060500
0.000010 0.050470 0.836465 0.010343 0.102712
0.000010 0.999960 0.000010 0.000010 0.000010
0.029584 0.217707 0.689199 0.000010 0.063500
0.006112 0.770671 0.223197 0.000010 0.000010
0.024779 0.845416 0.129785 0.000010 0.000010
0.000010 0.000010 0.522799 0.000010 0.477171
0.000010 0.000010 0.000010 0.995228 0.004742
0.000010 0.000010 0.011878 0.960178 0.027924
0.039988 0.000010 0.247589 0.489739 0.222674
0.045042 0.046370 0.500650 0.052806 0.355131
0.045048 0.048194 0.576693 0.045164 0.284901
0.000010 0.095257 0.000010 0.000010 0.904713
0.032242 0.016816 0.546498 0.083049 0.321395
0.000015 0.164393 0.000010 0.000010 0.835572
0.012230 0.053138 0.598511 0.014339 0.321782
0.041703 0.003837 0.526919 0.044748 0.382793
0.000010 0.000010 0.999960 0.000010 0.000010
0.000010 0.900730 0.099240 0.000010 0.000010
0.041823 0.008500 0.880595 0.000010 0.069072
0.000010 0.061562 0.849521 0.000010 0.088897
0.050171 0.744287 0.135716 0.000010 0.069816
0.000010 0.002773 0.958738 0.000010 0.038469
0.020269 0.091838 0.832351 0.000010 0.055531
0.000010 0.464551 0.449502 0.000010 0.085927
0.030992 0.026288 0.938054 0.000010 0.004656
0.026824 0.101250 0.738051 0.000010 0.133866
0.236702 0.250105 0.234092 0.039443 0.239657
0.351782 0.000010 0.000010 0.538818 0.109380
0.698956 0.003258 0.286621 0.000435 0.010731
0.000010 0.920752 0.079218 0.000010 0.000010
0.056046 0.000010 0.612425 0.000010 0.331509
0.039966 0.070505 0.523638 0.001553 0.364339
0.018569 0.111243 0.413508 0.000010 0.456670
0.000010 0.126089 0.873881 0.000010 0.000010
0.023277 0.066237 0.853383 0.000010 0.057094
0.003265 0.139627 0.845929 0.000010 0.011169
0.000010 0.018176 0.885574 0.000010 0.096231
0.037766 0.004894 0.907826 0.000010 0.049504
0.000010 0.092064 0.785797 0.000010 0.122120
0.032056 0.000010 0.000010 0.967914 0.000010
0.026164 0.081830 0.822937 0.000010 0.069060
0.000010 0.063478 0.835899 0.000010 0.100603
0.000033 0.735414 0.263741 0.000802 0.000010
0.027382 0.751321 0.218226 0.000010 0.003060
0.000010 0.058175 0.906768 0.035037 0.000010
0.069273 0.789626 0.129278 0.000010 0.011813
0.023527 0.000010 0.000010 0.976443 0.000010
0.000010 0.000010 0.095980 0.813433 0.090566
0.023753 0.710401 0.265825 0.000010 0.000010
0.046825 0.209745 0.698452 0.000010 0.044968
0.011222 0.000010 0.000010 0.878434 0.110324
0.000010 0.000010 0.163528 0.836442 0.000010
0.005640 0.009668 0.101720 0.851330 0.031643
0.000010 0.000010 0.093459 0.889852 0.016669
0.000010 0.000010 0.023187 0.871430 0.105363
0.050002 0.186626 0.476229 0.250435 0.036708
0.000010 0.020852 0.306903 0.000010 0.672225
0.017381 0.035770 0.327982 0.001949 0.616918
0.010427 0.398394 0.505271 0.016308 0.069600
0.034331 0.868938 0.087151 0.009570 0.000010
0.000010 0.023894 0.287955 0.000010 0.688131
0.000010 0.087974 0.911996 0.000010 0.000010
0.013583 0.000010 0.363187 0.004447 0.618773
0.000010 0.292479 0.707491 0.000010 0.000010
0.999960 0.000010 0.000010 0.000010 0.000010
0.003826 0.831526 0.145634 0.000010 0.019004
0.447477 0.025257 0.163285 0.000010 0.363970
0.024219 0.681096 0.273234 0.000010 0.021441
0.018177 0.122987 0.840005 0.000010 0.018822
0.026569 0.284251 0.689160 0.000010 0.000010
0.000010 0.897368 0.102602 0.000010 0.000010
0.000010 0.070667 0.215618 0.084087 0.629617
0.000010 0.618670 0.381300 0.000010 0.000010
0.000010 0.826380 0.173590 0.000010 0.000010
0.000010 0.949767 0.050203 0.000010 0.000010
0.000010 0.170919 0.813284 0.000010 0.015777
0.036307 0.679352 0.272980 0.000010 0.011352
0.999960 0.000010 0.000010 0.000010 0.000010
0.999960 0.000010 0.000010 0.000010 0.000010
0.000010 0.851341 0.148629 0.000010 0.000010
0.999960 0.000010 0.000010 0.000010 0.000010
0.017273 0.846630 0.075051 0.002259 0.058788
0.000010 0.999960 0.000010 0.000010 0.000010
0.999960 0.000010 0.000010 0.000010 0.000010
0.999960 0.000010 0.000010 0.000010 0.000010
0.999960 0.000010 0.000010 0.000010 0.000010
0.999960 0.000010 0.000010 0.000010 0.000010
0.857363 0.000010 0.114987 0.003011 0.024628
0.009772 0.244363 0.715483 0.000010 0.030372
0.017622 0.169016 0.813342 0.000010 0.000010
0.999960 0.000010 0.000010 0.000010 0.000010
0.199127 0.520634 0.230470 0.000010 0.049758
0.024131 0.794414 0.181435 0.000010 0.000010
0.999960 0.000010 0.000010 0.000010 0.000010
0.957121 0.000010 0.002347 0.000010 0.040512
0.999960 0.000010 0.000010 0.000010 0.000010
0.003278 0.186185 0.752325 0.000010 0.058202
0.000010 0.195346 0.804624 0.000010 0.000010
0.000010 0.200975 0.798995 0.000010 0.000010
0.005189 0.096708 0.898083 0.000010 0.000010
0.907753 0.063228 0.000010 0.000010 0.028998
0.461372 0.019330 0.000010 0.519278 0.000010
0.999960 0.000010 0.000010 0.000010 0.000010
0.999960 0.000010 0.000010 0.000010 0.000010
0.999960 0.000010 0.000010 0.000010 0.000010
0.999960 0.000010 0.000010 0.000010 0.000010
0.999960 0.000010 0.000010 0.000010 0.000010
0.999960 0.000010 0.000010 0.000010 0.000010
0.005862 0.239101 0.721022 0.019104 0.014910
0.999960 0.000010 0.000010 0.000010 0.000010
0.891218 0.000010 0.077770 0.020326 0.010677
0.000010 0.946431 0.053539 0.000010 0.000010
0.847533 0.007695 0.053296 0.000010 0.091466
0.587943 0.161323 0.201681 0.000010 0.049043
0.999960 0.000010 0.000010 0.000010 0.000010
0.999960 0.000010 0.000010 0.000010 0.000010
0.999960 0.000010 0.000010 0.000010 0.000010
0.999960 0.000010 0.000010 0.000010 0.000010
0.980511 0.000010 0.019459 0.000010 0.000010
0.999960 0.000010 0.000010 0.000010 0.000010
0.001437 0.034067 0.964476 0.000010 0.000010
0.051782 0.021324 0.030852 0.763978 0.132064
0.048458 0.000010 0.066712 0.703296 0.181523
0.045517 0.000010 0.077816 0.724820 0.151837
0.999960 0.000010 0.000010 0.000010 0.000010
0.999960 0.000010 0.000010 0.000010 0.000010
0.038885 0.000010 0.000010 0.734817 0.226278
0.051204 0.000010 0.096281 0.692648 0.159857
0.050354 0.031978 0.046076 0.730069 0.141524
0.999960 0.000010 0.000010 0.000010 0.000010
0.999960 0.000010 0.000010 0.000010 0.000010
0.000010 0.000010 0.000010 0.000010 0.999960
0.999960 0.000010 0.000010 0.000010 0.000010
0.000010 0.247057 0.185785 0.000010 0.567138
0.608349 0.000010 0.000010 0.000010 0.391621
0.606342 0.000010 0.000010 0.000010 0.393628
0.000010 0.676531 0.276744 0.000010 0.046705
0.595301 0.000010 0.000010 0.009496 0.395182
0.002053 0.000010 0.080658 0.903503 0.013777
0.010842 0.020963 0.428027 0.108785 0.431384
0.119245 0.478908 0.312377 0.013483 0.075987
0.051640 0.051147 0.196622 0.454526 0.246066
0.411817 0.172066 0.361066 0.000010 0.055042
0.423546 0.123281 0.331120 0.000010 0.122042
0.000010 0.905607 0.094363 0.000010 0.000010
0.689343 0.000010 0.168946 0.000010 0.141691
0.004375 0.427190 0.528801 0.022715 0.016920
0.076783 0.814950 0.108247 0.000010 0.000010
0.347236 0.461058 0.156963 0.000010 0.034732
0.001097 0.021789 0.566541 0.000010 0.410563
0.058346 0.496222 0.445413 0.000010 0.000010
0.002564 0.133095 0.792742 0.000010 0.071588
0.023097 0.012877 0.150330 0.518158 0.295539
0.908146 0.002029 0.067189 0.016903 0.005733
0.030111 0.000010 0.148136 0.531513 0.290230
0.053948 0.000010 0.036179 0.736533 0.173330
0.000010 0.508702 0.491268 0.000010 0.000010
0.000010 0.697457 0.302513 0.000010 0.000010
0.000010 0.000010 0.000010 0.673505 0.326465
0.021549 0.613797 0.320376 0.039842 0.004436
0.000010 0.813221 0.162746 0.008245 0.015778
0.000010 0.891253 0.105847 0.002880 0.000010
0.000010 0.060839 0.496286 0.105116 0.337749
0.000010 0.000231 0.000010 0.014997 0.984753
0.009804 0.518549 0.422772 0.000010 0.048865
0.055954 0.000010 0.092424 0.728994 0.122618
0.000010 0.077975 0.881391 0.040614 0.000010
0.090094 0.597067 0.269682 0.000010 0.043148
0.109941 0.000010 0.183748 0.475985 0.230316
0.000010 0.166894 0.772072 0.035143 0.025882
0.999960 0.000010 0.000010 0.000010 0.000010
0.037947 0.623566 0.338467 0.000010 0.000010
0.035332 0.637937 0.326710 0.000010 0.000010
0.023343 0.614685 0.331072 0.023999 0.006902
0.001127 0.850578 0.087350 0.000010 0.060935
0.113478 0.326422 0.334790 0.000010 0.225300
0.070538 0.181877 0.657626 0.024597 0.065363
0.000010 0.958630 0.041340 0.000010 0.000010
0.006575 0.993395 0.000010 0.000010 0.000010
0.039402 0.142435 0.818142 0.000010 0.000010
0.133697 0.800346 0.065937 0.000010 0.000010
0.084463 0.075908 0.824195 0.015424 0.000010
0.051034 0.755905 0.193041 0.000010 0.000010
0.004716 0.775927 0.219337 0.000010 0.000010
0.000010 0.049621 0.871712 0.078647 0.000010
0.003023 0.921453 0.061071 0.000010 0.014443
0.370370 0.362555 0.193029 0.000010 0.074035
0.026339 0.890900 0.082742 0.000010 0.000010
0.354869 0.479329 0.165782 0.000010 0.000010
0.019118 0.611553 0.369309 0.000010 0.000010
0.045386 0.852987 0.101606 0.000010 0.000010
0.009571 0.744816 0.239783 0.000010 0.005821
0.381231 0.155398 0.347834 0.000010 0.115527
0.010364 0.288591 0.363078 0.000010 0.337957
0.000010 0.106561 0.000010 0.000010 0.893409
0.200245 0.225672 0.117653 0.000010 0.456420
0.284504 0.154138 0.239807 0.000010 0.321540
0.037313 0.277246 0.331593 0.000010 0.353838
0.012333 0.166609 0.235543 0.024223 0.561291
0.236957 0.200372 0.394927 0.000010 0.167734
0.000010 0.098665 0.000010 0.000010 0.901305
0.005805 0.471885 0.421943 0.000010 0.100356
0.024841 0.332541 0.318091 0.000010 0.324517
0.000010 0.282532 0.000010 0.000010 0.717438
0.000010 0.010607 0.037637 0.072153 0.879593
0.054120 0.008534 0.234913 0.464870 0.237563
0.097044 0.000010 0.161989 0.488205 0.252752
0.000010 0.000010 0.000010 0.000010 0.999960
0.026782 0.419417 0.196706 0.000010 0.357084
0.056995 0.255754 0.321319 0.012568 0.353364
0.002584 0.193422 0.000010 0.000010 0.803974
0.141307 0.000010 0.128729 0.266185 0.463769
0.304938 0.000010 0.000010 0.000010 0.695032
0.000010 0.010361 0.010016 0.843385 0.136227
0.047096 0.298011 0.328867 0.021616 0.304410
0.015168 0.950419 0.003415 0.000010 0.030987
0.000010 0.808343 0.191627 0.000010 0.000010
0.000010 0.004482 0.995488 0.000010 0.000010
0.000010 0.033740 0.958351 0.007889 0.000010
0.016521 0.937110 0.046349 0.000010 0.000010
0.419658 0.301852 0.254045 0.000010 0.024434
0.164842 0.309244 0.490543 0.000010 0.035361
0.061649 0.475372 0.384287 0.000010 0.078682
0.008496 0.000010 0.000010 0.991474 0.000010
0.014345 0.703684 0.281688 0.000010 0.000272
0.008393 0.957480 0.009375 0.000010 0.024742
0.030803 0.534408 0.378574 0.001056 0.055159
0.007396 0.713896 0.261217 0.000010 0.017482
0.037510 0.580009 0.382461 0.000010 0.000010
0.005190 0.438479 0.554303 0.000678 0.001351
0.000010 0.004274 0.000010 0.000010 0.995696
0.004204 0.635236 0.355134 0.000010 0.005417
0.010703 0.728441 0.260837 0.000010 0.000010
0.000010 0.694735 0.266516 0.000010 0.038729
0.042081 0.268596 0.672644 0.016669 0.000010
0.000010 0.977822 0.000010 0.000010 0.022148
0.000010 0.290185 0.165381 0.000010 0.544414
0.042258 0.130043 0.827679 0.000010 0.000010
0.003604 0.154308 0.730604 0.000010 0.111474
0.031506 0.104063 0.805881 0.000010 0.058539
0.000010 0.263784 0.736186 0.000010 0.000010
0.000010 0.911728 0.088242 0.000010 0.000010
0.018597 0.820021 0.155922 0.000010 0.005451
0.000010 0.787638 0.212332 0.000010 0.000010
0.000010 0.902426 0.097544 0.000010 0.000010
0.033201 0.234808 0.655259 0.000010 0.076723
0.499154 0.058254 0.421783 0.000010 0.020798
0.068696 0.568436 0.291675 0.000010 0.071182
0.161323 0.530432 0.232491 0.000010 0.075743
0.000010 0.063389 0.936581 0.000010 0.000010
0.001015 0.914686 0.084278 0.000010 0.000010
0.000010 0.132879 0.783164 0.019092 0.064855
0.006147 0.816688 0.177145 0.000010 0.000010
0.000010 0.999960 0.000010 0.000010 0.000010
0.000010 0.769230 0.158594 0.000010 0.072156
0.033388 0.127971 0.817915 0.000010 0.020716
0.000010 0.999960 0.000010 0.000010 0.000010
0.000010 0.000010 0.999960 0.000010 0.000010
0.000010 0.025902 0.966732 0.000010 0.007346
0.000010 0.000010 0.999960 0.000010 0.000010
0.000010 0.000010 0.974731 0.004188 0.021061
0.000010 0.000010 0.971839 0.000010 0.028131
0.843834 0.000010 0.143288 0.000010 0.012858
0.008090 0.596699 0.356577 0.000010 0.038624
0.006355 0.983132 0.000010 0.000010 0.010493
0.000010 0.799688 0.200282 0.000010 0.000010
0.011416 0.724946 0.179850 0.000010 0.083779
0.000010 0.999960 0.000010 0.000010 0.000010
0.000010 0.011192 0.988778 0.000010 0.000010
0.009954 0.966185 0.000010 0.000010 0.023841
0.008097 0.174711 0.817172 0.000010 0.000010
0.999960 0.000010 0.000010 0.000010 0.000010
0.000010 0.000010 0.563193 0.000010 0.436777
0.009467 0.142103 0.832287 0.000010 0.016133
0.000010 0.362884 0.637086 0.000010 0.000010
0.007097 0.056347 0.805526 0.000010 0.131021
0.000010 0.000010 0.897701 0.024038 0.078242
0.014688 0.101244 0.803817 0.000010 0.080242
0.000010 0.000010 0.999960 0.000010 0.000010
0.000716 0.193042 0.735372 0.002391 0.068478
0.018710 0.053413 0.863772 0.000010 0.064095
0.037836 0.803541 0.131064 0.000010 0.027549
0.000010 0.098298 0.892802 0.000010 0.008880
0.000010 0.018285 0.975836 0.000010 0.005859
0.000010 0.090010 0.853409 0.000010 0.056561
0.000010 0.604856 0.369552 0.000010 0.025572
0.000010 0.999960 0.000010 0.000010 0.000010
0.028368 0.049888 0.921724 0.000010 0.000010
0.922690 0.025644 0.000010 0.000010 0.051646
0.000010 0.958744 0.000010 0.008851 0.032385
0.000010 0.999960 0.000010 0.000010 0.000010
0.000010 0.082852 0.880651 0.000010 0.036477
0.000010 0.482360 0.440497 0.017347 0.059786
0.000010 0.229013 0.770957 0.000010 0.000010
0.006597 0.031262 0.962121 0.000010 0.000010
0.000010 0.999960 0.000010 0.000010 0.000010
0.007587 0.992383 0.000010 0.000010 0.000010
0.000010 0.524308 0.468346 0.000010 0.007326
0.008834 0.595849 0.395297 0.000010 0.000010
0.039734 0.000010 0.000010 0.960236 0.000010
0.000010 0.053201 0.864476 0.000010 0.082303
0.028138 0.919653 0.052190 0.000010 0.000010
0.045337 0.000010 0.000010 0.954633 0.000010
0.462495 0.006532 0.530953 0.000010 0.000010
0.311364 0.000010 0.000010 0.000010 0.688606
0.035478 0.671829 0.258370 0.000010 0.034314
0.000010 0.539200 0.440733 0.000010 0.020047
0.048781 0.759354 0.179475 0.000010 0.012380
0.016172 0.308483 0.605947 0.000010 0.069388
0.011498 0.988472 0.000010 0.000010 0.000010
0.000010 0.999960 0.000010 0.000010 0.000010
0.002423 0.142527 0.855030 0.000010 0.000010
0.000010 0.686990 0.284753 0.011347 0.016900
0.043281 0.567942 0.346084 0.000010 0.042683
0.000010 0.364925 0.513801 0.000010 0.121254
0.005870 0.712139 0.276899 0.000010 0.005082
0.020416 0.802617 0.176946 0.000010 0.000010
0.015885 0.776147 0.207948 0.000010 0.000010
0.010130 0.835938 0.153912 0.000010 0.000010
0.000010 0.999960 0.000010 0.000010 0.000010
0.007198 0.938385 0.032121 0.000010 0.022287
0.024075 0.181119 0.751279 0.000010 0.043517
0.058152 0.483880 0.352752 0.005620 0.099596
0.000010 0.000010 0.999960 0.000010 0.000010
0.000010 0.999960 0.000010 0.000010 0.000010
0.016409 0.203362 0.738095 0.010449 0.031685
0.041565 0.674299 0.106844 0.000010 0.177282
0.027460 0.583049 0.366325 0.007819 0.015347
0.001113 0.088355 0.824747 0.000010 0.085775
0.000010 0.766501 0.233469 0.000010 0.000010
0.000010 0.166799 0.831410 0.000010 0.001771
0.000010 0.000010 0.966717 0.000010 0.033253
0.011158 0.104265 0.884558 0.000010 0.000010
0.004433 0.317328 0.420363 0.000646 0.257230
0.000010 0.041271 0.877553 0.000010 0.081156
0.000010 0.009759 0.368394 0.107111 0.514727
0.017379 0.149579 0.833022 0.000010 0.000010
0.000010 0.673786 0.317431 0.000010 0.008763
0.000010 0.950386 0.045651 0.000010 0.003943
0.004673 0.802968 0.085159 0.000010 0.107190
0.000010 0.912629 0.055082 0.000010 0.032269
0.000010 0.028467 0.942135 0.000010 0.029378
0.006033 0.433333 0.323585 0.020648 0.216402
0.000010 0.635421 0.314267 0.000010 0.050292
0.006998 0.248765 0.000010 0.743241 0.000986
0.004137 0.787394 0.208450 0.000010 0.000010
0.000010 0.835596 0.163281 0.000010 0.001104
0.999958 0.000010 0.000012 0.000010 0.000010
0.999960 0.000010 0.000010 0.000010 0.000010
0.000010 0.177453 0.807283 0.000010 0.015244
0.000010 0.201428 0.798542 0.000010 0.000010
0.000010 0.338242 0.623648 0.000010 0.038090
0.000750 0.336604 0.637623 0.000010 0.025013
0.999960 0.000010 0.000010 0.000010 0.000010
0.999960 0.000010 0.000010 0.000010 0.000010
0.000010 0.044772 0.944345 0.000010 0.010863
0.000010 0.036850 0.944451 0.000010 0.018679
0.999960 0.000010 0.000010 0.000010 0.000010
0.999960 0.000010 0.000010 0.000010 0.000010
0.999960 0.000010 0.000010 0.000010 0.000010
0.000010 0.012611 0.883152 0.026702 0.077526
0.000010 0.000010 0.999960 0.000010 0.000010
0.119902 0.201052 0.336893 0.098105 0.244047
0.004256 0.082508 0.877327 0.020094 0.015815
0.151120 0.000010 0.222046 0.223427 0.403397
0.012618 0.005702 0.948538 0.019181 0.013962
0.999960 0.000010 0.000010 0.000010 0.000010
0.000010 0.064706 0.914558 0.000010 0.020716
0.003597 0.216985 0.720593 0.000010 0.058814
0.555372 0.092446 0.347853 0.000010 0.004319
0.909537 0.027544 0.062900 0.000010 0.000010
0.000010 0.083171 0.903402 0.000010 0.013406
0.999960 0.000010 0.000010 0.000010 0.000010
0.999960 0.000010 0.000010 0.000010 0.000010
0.999960 0.000010 0.000010 0.000010 0.000010
0.999959 0.000010 0.000011 0.000010 0.000010
0.999960 0.000010 0.000010 0.000010 0.000010
0.000010 0.634255 0.293967 0.000010 0.071758
0.137306 0.609977 0.176501 0.000010 0.076207
0.137102 0.584044 0.209292 0.000010 0.069552
0.999960 0.000010 0.000010 0.000010 0.000010
0.429957 0.000010 0.000010 0.000010 0.570013
0.049148 0.414981 0.533147 0.002714 0.000010
0.000010 0.843056 0.156914 0.000010 0.000010
0.049174 0.584641 0.350430 0.000010 0.015745
0.000010 0.236715 0.763255 0.000010 0.000010
0.000010 0.241050 0.758920 0.000010 0.000010
0.009319 0.773517 0.198119 0.000010 0.019035
0.000010 0.214305 0.785665 0.000010 0.000010
0.044464 0.357706 0.534081 0.000010 0.063740
0.019947 0.788444 0.172074 0.000010 0.019526
0.005046 0.693238 0.174312 0.000844 0.126559
0.000010 0.295701 0.704269 0.000010 0.000010
0.014747 0.766787 0.202894 0.000010 0.015562
0.058456 0.369138 0.277669 0.000010 0.294727
0.005446 0.023590 0.023407 0.185395 0.762161
0.027142 0.158754 0.699651 0.038244 0.076209
0.005797 0.433855 0.552691 0.000010 0.007648
0.014198 0.464176 0.438336 0.000010 0.083281
0.000010 0.912427 0.039810 0.001926 0.045827
0.021308 0.044590 0.155254 0.507508 0.271341
0.140144 0.017574 0.390148 0.110407 0.341727
0.010099 0.648356 0.341524 0.000010 0.000010
0.000010 0.736562 0.199390 0.000010 0.064028
0.392368 0.530074 0.077538 0.000010 0.000010
0.007642 0.541721 0.442419 0.000010 0.008208
0.731399 0.020453 0.113882 0.039912 0.094354
0.000010 0.501143 0.498827 0.000010 0.000010
0.079454 0.039750 0.421035 0.033755 0.426005
0.000010 0.889466 0.088529 0.000010 0.021985
0.000010 0.999960 0.000010 0.000010 0.000010
0.000010 0.888565 0.111405 0.000010 0.000010
0.000010 0.829584 0.125839 0.000010 0.044556
0.002751 0.011577 0.228762 0.754383 0.002526
0.000010 0.000010 0.968803 0.000010 0.031167
0.000010 0.000010 0.170244 0.000010 0.829726
0.000010 0.145506 0.841532 0.000010 0.012942
0.005854 0.438187 0.525294 0.000010 0.030656
0.000010 0.017601 0.982369 0.000010 0.000010
0.017830 0.342135 0.585011 0.000010 0.055015
0.000010 0.123431 0.831164 0.000010 0.045385
0.000010 0.022292 0.136874 0.002769 0.838055
0.000010 0.838073 0.161897 0.000010 0.000010
0.000010 0.910710 0.080591 0.008680 0.000010
0.012295 0.077624 0.794150 0.000010 0.115920
0.000010 0.962786 0.021704 0.000010 0.015491
0.014872 0.093671 0.854276 0.000010 0.037171
0.011603 0.000010 0.121011 0.706447 0.160929
0.000010 0.158547 0.215493 0.000010 0.625940
0.000010 0.000010 0.000010 0.999960 0.000010
0.008191 0.000010 0.330775 0.568581 0.092442
0.400248 0.000010 0.326510 0.046315 0.226917
0.028361 0.000010 0.023484 0.948135 0.000010
0.999960 0.000010 0.000010 0.000010 0.000010
0.000010 0.720813 0.248691 0.000010 0.030476
0.000010 0.000010 0.932896 0.000010 0.067074
0.004918 0.081240 0.862725 0.000010 0.051106
0.889301 0.061636 0.018581 0.000010 0.030472
0.023753 0.400142 0.552149 0.023945 0.000010
0.104799 0.061523 0.469474 0.130243 0.233961
0.000207 0.055119 0.539801 0.000010 0.404864
0.022592 0.074027 0.836959 0.000010 0.066412
0.018112 0.109170 0.844785 0.000010 0.027923
0.020321 0.259502 0.558733 0.000010 0.161433
0.000010 0.111795 0.840615 0.000010 0.047570
0.763029 0.000010 0.098741 0.036583 0.101637
0.704500 0.016690 0.147315 0.035515 0.095980
0.834663 0.000010 0.135781 0.015002 0.014543
0.020826 0.038224 0.480110 0.000010 0.460830
0.000010 0.000010 0.000010 0.000010 0.999960
0.000010 0.000010 0.308301 0.610576 0.081103
0.000010 0.011815 0.201361 0.216888 0.569926
0.000010 0.999960 0.000010 0.000010 0.000010
0.148774 0.795695 0.055511 0.000010 0.000010
0.000010 0.545563 0.454407 0.000010 0.000010
0.072137 0.652962 0.270614 0.000010 0.004277
0.000010 0.013316 0.986654 0.000010 0.000010
0.008513 0.962825 0.000010 0.000010 0.028642
0.005806 0.955282 0.038892 0.000010 0.000010
0.704738 0.029175 0.109671 0.042214 0.114201
0.759779 0.023858 0.072699 0.004951 0.138712
0.000010 0.992667 0.007303 0.000010 0.000010
0.010305 0.175588 0.544712 0.014472 0.254922
0.000010 0.866204 0.070326 0.000010 0.063450
0.045009 0.652609 0.251484 0.000010 0.050888
0.006809 0.115636 0.822329 0.000010 0.055216
0.873523 0.033917 0.018052 0.000010 0.074498
0.356777 0.421385 0.215960 0.000010 0.005868
0.206658 0.013866 0.328863 0.154766 0.295847
0.058748 0.762030 0.150752 0.010589 0.017881
0.033927 0.291909 0.651643 0.000010 0.022512
0.040896 0.691639 0.230535 0.000010 0.036920
0.903769 0.055559 0.000010 0.000010 0.040652
0.000010 0.895738 0.104232 0.000010 0.000010
0.016340 0.616689 0.366272 0.000689 0.000010
0.024053 0.424753 0.526576 0.000010 0.024607
0.000010 0.587942 0.404668 0.007371 0.000010
0.042943 0.051852 0.127783 0.522742 0.254679
0.000010 0.000010 0.000010 0.000010 0.999960
0.051208 0.000010 0.173982 0.520825 0.253976
0.009291 0.080524 0.876439 0.033736 0.000010
0.000010 0.140051 0.859919 0.000010 0.000010
0.096648 0.003935 0.000010 0.872491 0.026915
0.107451 0.000010 0.000010 0.844346 0.048183
0.000010 0.056958 0.617328 0.020647 0.305057
0.096721 0.000010 0.000010 0.903249 0.000010
0.000010 0.066571 0.246484 0.394533 0.292401
0.000010 0.000010 0.279014 0.617964 0.103001
0.000010 0.000010 0.999960 0.000010 0.000010
0.000010 0.154825 0.187001 0.000010 0.658154
0.000010 0.164829 0.199186 0.000010 0.635964
0.000010 0.201158 0.051312 0.000010 0.747510
0.000010 0.170699 0.152985 0.000010 0.676296
0.000010 0.151185 0.154569 0.000010 0.694226
0.000010 0.131733 0.220616 0.000010 0.647631
0.000010 0.126387 0.144997 0.000010 0.728596
0.000010 0.144954 0.165814 0.000010 0.689212
0.020821 0.000010 0.041057 0.862564 0.075548
0.000083 0.011420 0.016016 0.878276 0.094205
0.070730 0.000010 0.000010 0.886015 0.043235
0.000010 0.999960 0.000010 0.000010 0.000010
0.124748 0.000010 0.000010 0.851610 0.023622
0.090940 0.193509 0.715531 0.000010 0.000010
0.085072 0.002824 0.000010 0.846377 0.065718
0.025517 0.000010 0.004932 0.896535 0.073006
0.020424 0.000010 0.000010 0.907879 0.071678
0.010396 0.000010 0.056030 0.864054 0.069511
0.024521 0.004593 0.000010 0.901512 0.069363
0.000010 0.012705 0.107124 0.853007 0.027153
0.000010 0.000010 0.000010 0.999960 0.000010
0.000010 0.841338 0.086341 0.000010 0.072301
0.002920 0.236295 0.632411 0.004440 0.123935
0.000010 0.143714 0.158281 0.000010 0.697984
0.003928 0.000010 0.076689 0.907206 0.012167
0.000010 0.999960 0.000010 0.000010 0.000010
0.000010 0.117394 0.241197 0.000010 0.641389
0.000010 0.096042 0.257308 0.000010 0.646630
0.000010 0.999960 0.000010 0.000010 0.000010
0.016565 0.064473 0.918942 0.000010 0.000010
0.000010 0.040486 0.000010 0.959484 0.000010
0.000010 0.066611 0.000010 0.000010 0.933359
0.000010 0.139382 0.165618 0.000010 0.694980
0.000567 0.179526 0.132637 0.000010 0.687260
0.000010 0.000010 0.000010 0.999960 0.000010
0.010077 0.153448 0.777709 0.012408 0.046359
0.097269 0.629289 0.223004 0.009072 0.041365
0.004466 0.000010 0.225741 0.656303 0.113480
0.000010 0.000010 0.187675 0.710278 0.102026
0.000010 0.000010 0.306228 0.617581 0.076171
0.999960 0.000010 0.000010 0.000010 0.000010
0.913743 0.024911 0.005484 0.000010 0.055852
0.025470 0.018268 0.000010 0.956242 0.000010
0.051307 0.000010 0.010333 0.834023 0.104327
0.000010 0.000010 0.000010 0.999960 0.000010
0.000010 0.000010 0.000010 0.999960 0.000010
0.000010 0.000010 0.000010 0.999960 0.000010
0.000010 0.000010 0.000010 0.999960 0.000010
0.000010 0.007994 0.000010 0.991976 0.000010
0.015829 0.034801 0.047114 0.823864 0.078392
0.023430 0.000010 0.235665 0.654038 0.086856
0.000010 0.000010 0.286016 0.633087 0.080877
0.000010 0.000010 0.023071 0.926647 0.050262
0.000010 0.000010 0.247745 0.676238 0.075997
0.140981 0.037243 0.425878 0.000010 0.395888
0.000010 0.637252 0.313596 0.049131 0.000010
0.000010 0.000010 0.999960 0.000010 0.000010
0.000010 0.181008 0.196679 0.000010 0.622293
0.000010 0.169121 0.160570 0.000010 0.670290
0.079436 0.029695 0.066364 0.525738 0.298767
0.186668 0.000010 0.416555 0.168032 0.228735
0.026051 0.357075 0.529059 0.028983 0.058832
0.023765 0.140433 0.585048 0.019055 0.231699
0.031420 0.000010 0.206150 0.426878 0.335542
0.017312 0.893284 0.086248 0.000010 0.003147
0.000010 0.000010 0.000010 0.999960 0.000010
0.036343 0.011150 0.000010 0.806833 0.145664
0.000010 0.000010 0.000010 0.980124 0.019846
0.011622 0.021989 0.966369 0.000010 0.000010
0.019996 0.000010 0.000010 0.901102 0.078882
0.000010 0.030738 0.000010 0.969232 0.000010
0.000010 0.046066 0.005138 0.948776 0.000010
0.000010 0.023107 0.000010 0.976863 0.000010
0.000010 0.000010 0.000010 0.999960 0.000010
0.000010 0.000010 0.000010 0.999960 0.000010
0.060297 0.285052 0.451618 0.063454 0.139578
0.011060 0.118741 0.869047 0.001142 0.000010
0.050020 0.063258 0.108464 0.495778 0.282479
0.050330 0.072704 0.058016 0.538629 0.280321
0.000010 0.127392 0.845797 0.026791 0.000010
0.014554 0.682928 0.302497 0.000010 0.000010
0.051677 0.795734 0.152570 0.000010 0.000010
0.000010 0.974938 0.019557 0.005485 0.000010
0.000010 0.000010 0.000010 0.999960 0.000010
0.037619 0.862349 0.037312 0.000010 0.062710
0.000010 0.008724 0.000010 0.991246 0.000010
0.000010 0.000010 0.000010 0.999960 0.000010
0.009211 0.000010 0.000010 0.931406 0.059363
0.000010 0.044273 0.033480 0.922226 0.000010
0.000010 0.000010 0.000010 0.999960 0.000010
0.000010 0.000010 0.048657 0.951313 0.000010
0.020092 0.347690 0.144471 0.000010 0.487737
0.062659 0.344446 0.245438 0.000010 0.347446
0.020842 0.079625 0.191123 0.277870 0.430540
0.396588 0.000010 0.256272 0.057435 0.289694
0.584486 0.000010 0.141514 0.085452 0.188538
0.552445 0.000010 0.220985 0.066886 0.159674
0.011084 0.625073 0.356050 0.007782 0.000010
0.006105 0.030929 0.000010 0.962946 0.000010
0.000010 0.000010 0.000010 0.999960 0.000010
0.000010 0.000010 0.000010 0.999960 0.000010
0.430326 0.000010 0.198171 0.064631 0.306863
0.467561 0.000010 0.253623 0.054354 0.224452
0.060087 0.311325 0.268874 0.000010 0.359703
0.025975 0.280275 0.095009 0.000010 0.598731
0.537797 0.000010 0.155351 0.056131 0.250711
0.051042 0.325486 0.227513 0.000010 0.395949
0.344773 0.197458 0.282949 0.000010 0.174809
0.429530 0.022175 0.211811 0.102843 0.233641
0.406303 0.132183 0.370115 0.000010 0.091389
0.060710 0.287567 0.334768 0.000010 0.316945
0.026276 0.348592 0.215747 0.000010 0.409375
0.000010 0.138936 0.035769 0.000010 0.825275
0.031319 0.016775 0.111204 0.683989 0.156713
0.000010 0.000010 0.000010 0.999960 0.000010
0.000010 0.000010 0.154110 0.777193 0.068678
0.000010 0.000010 0.134971 0.809602 0.055407
0.006587 0.313080 0.667827 0.000010 0.012495
0.037328 0.312456 0.646501 0.003705 0.000010
0.001912 0.671306 0.228651 0.036997 0.061134
0.021116 0.096762 0.796074 0.030729 0.055320
0.999960 0.000010 0.000010 0.000010 0.000010
0.456331 0.013384 0.000010 0.530265 0.000010
0.000010 0.161222 0.838748 0.000010 0.000010
0.000010 0.219979 0.779991 0.000010 0.000010
0.003294 0.081445 0.212222 0.484699 0.218341
0.019945 0.096702 0.757215 0.035979 0.090159
0.728029 0.042420 0.072938 0.020889 0.135725
0.000010 0.000010 0.999960 0.000010 0.000010
0.027576 0.068872 0.777508 0.000010 0.126035
0.000010 0.041648 0.958322 0.000010 0.000010
0.000010 0.980241 0.019729 0.000010 0.000010
0.000010 0.999960 0.000010 0.000010 0.000010
0.024204 0.848404 0.121579 0.000010 0.005803
0.999960 0.000010 0.000010 0.000010 0.000010
0.999960 0.000010 0.000010 0.000010 0.000010
0.054691 0.007500 0.000010 0.880266 0.057533
0.109034 0.000010 0.000010 0.857604 0.033342
0.192499 0.000010 0.000010 0.687313 0.120168
0.000010 0.999960 0.000010 0.000010 0.000010
0.026711 0.000010 0.000010 0.736461 0.236809
0.066956 0.000010 0.063182 0.728498 0.141354
0.062176 0.000010 0.040361 0.764353 0.133100
0.002530 0.000010 0.022861 0.738073 0.236526
0.026650 0.013772 0.750887 0.000010 0.208681
0.149918 0.000010 0.093912 0.162877 0.593283
0.029067 0.029716 0.116085 0.274712 0.550421
0.015127 0.049564 0.159287 0.495576 0.280446
0.121574 0.000984 0.557157 0.018779 0.301506
0.000010 0.000010 0.332026 0.474525 0.193429
0.000010 0.865497 0.114768 0.000010 0.019715
0.000010 0.000010 0.000010 0.999960 0.000010
0.000010 0.000010 0.000010 0.999960 0.000010
0.005339 0.120080 0.000010 0.000010 0.874562
0.000010 0.000010 0.000010 0.000010 0.999960
0.000010 0.000010 0.000010 0.999960 0.000010
0.038400 0.411819 0.208145 0.000010 0.341626
0.007958 0.228916 0.303823 0.000010 0.459293
0.000010 0.000010 0.000010 0.999960 0.000010
0.038337 0.046363 0.131659 0.527694 0.255946
0.000010 0.100526 0.000010 0.000010 0.899444
0.303611 0.007966 0.291113 0.107312 0.289998
0.039874 0.599095 0.323991 0.000010 0.037030
0.769795 0.000010 0.175647 0.000010 0.054538
0.034203 0.278115 0.153761 0.000010 0.533911
0.028812 0.036151 0.174307 0.529425 0.231305
0.000010 0.114248 0.885722 0.000010 0.000010
0.000010 0.817518 0.182452 0.000010 0.000010
0.000010 0.883028 0.106084 0.000010 0.010867
0.033768 0.189686 0.776526 0.000010 0.000010
0.000010 0.999955 0.000015 0.000010 0.000010
0.020928 0.671455 0.307597 0.000010 0.000010
0.019512 0.132000 0.784515 0.002456 0.061517
0.039690 0.154264 0.772651 0.000010 0.033385
0.119002 0.005717 0.235966 0.305863 0.333453
0.006361 0.822483 0.171136 0.000010 0.000010
0.000010 0.109478 0.890492 0.000010 0.000010
0.000010 0.923083 0.076887 0.000010 0.000010
0.000010 0.898762 0.097833 0.000010 0.003385
0.023725 0.029748 0.162329 0.486644 0.297554
0.000010 0.000010 0.000010 0.975322 0.024648
0.011976 0.036830 0.205548 0.493432 0.252214
0.045701 0.043142 0.105659 0.541305 0.264193
0.052024 0.000010 0.000010 0.947946 0.000010
0.005604 0.000010 0.000010 0.994366 0.000010
0.024225 0.005778 0.215123 0.307730 0.447144
0.018860 0.078489 0.081039 0.358597 0.463016
0.763337 0.043351 0.065956 0.020040 0.107316
0.000010 0.000010 0.000010 0.999960 0.000010
0.000010 0.000010 0.000010 0.999960 0.000010
0.010218 0.989752 0.000010 0.000010 0.000010
0.069485 0.082490 0.434903 0.163849 0.249272
0.078280 0.041675 0.402036 0.230295 0.247713
0.089294 0.034131 0.352640 0.208931 0.315004
0.005086 0.871931 0.122963 0.000010 0.000010
0.000010 0.000010 0.000010 0.999960 0.000010
0.000010 0.000010 0.000010 0.999960 0.000010
0.000010 0.000010 0.000010 0.000010 0.999960
0.000010 0.000010 0.000010 0.999960 0.000010
0.000010 0.000010 0.000010 0.999960 0.000010
0.000010 0.048446 0.000015 0.951519 0.000010
0.000010 0.000010 0.021931 0.978039 0.000010
0.000010 0.692805 0.291647 0.000010 0.015528
0.000010 0.883068 0.115504 0.001408 0.000010
