0.395583 0.063085 0.000010 0.013468 0.002156 0.018005 0.000010 0.108892 0.000010 0.000010 0.001392 0.035724 0.000010 0.000010 0.000010 0.361625
0.685998 0.025805 0.012209 0.000010 0.021924 0.000010 0.000010 0.000020 0.028216 0.000010 0.043511 0.000010 0.000010 0.000010 0.032229 0.150019
0.279061 0.000010 0.000010 0.000010 0.215852 0.016528 0.000010 0.015526 0.071888 0.011969 0.000010 0.010703 0.012656 0.033146 0.004070 0.328552
0.000010 0.872010 0.000010 0.011447 0.000010 0.000010 0.011760 0.000010 0.104663 0.000010 0.000010 0.000010 0.000010 0.000010 0.000010 0.000010
0.628914 0.000010 0.006911 0.056501 0.052510 0.016369 0.000010 0.000010 0.000010 0.000010 0.059743 0.000010 0.000010 0.023341 0.000010 0.155631
0.137119 0.015939 0.000010 0.027666 0.020914 0.000709 0.008172 0.037321 0.034064 0.000010 0.006269 0.000010 0.003923 0.010407 0.000010 0.697457
0.000010 0.382455 0.000010 0.000010 0.000010 0.002790 0.017116 0.025163 0.035557 0.000010 0.000010 0.292547 0.021677 0.000010 0.000010 0.222616
0.005782 0.003183 0.049618 0.000010 0.000010 0.000010 0.034605 0.000010 0.025585 0.000010 0.000010 0.000010 0.000010 0.000010 0.000010 0.881128
0.591902 0.055580 0.052672 0.009901 0.001194 0.053969 0.000010 0.159991 0.029072 0.000010 0.010863 0.000010 0.000010 0.018995 0.000010 0.015812
0.096728 0.014559 0.057474 0.000010 0.000010 0.022264 0.000010 0.008744 0.000010 0.000010 0.000010 0.000010 0.000010 0.000010 0.000010 0.800130
0.170647 0.000010 0.054307 0.000010 0.000010 0.188606 0.000010 0.039402 0.000010 0.000010 0.000010 0.000010 0.000010 0.019267 0.000010 0.527671
0.335061 0.000010 0.000010 0.009039 0.109229 0.045135 0.022417 0.148056 0.000010 0.020438 0.000010 0.000010 0.000010 0.015629 0.000010 0.294925
0.000010 0.001460 0.005807 0.065134 0.004927 0.000010 0.049678 0.228724 0.581499 0.000010 0.000010 0.000010 0.036388 0.000010 0.000010 0.026312
0.000010 0.436872 0.003799 0.000010 0.000010 0.007589 0.025894 0.280640 0.187405 0.000010 0.000010 0.030195 0.016431 0.011104 0.000010 0.000010
0.042565 0.006086 0.015915 0.009416 0.000010 0.049249 0.000010 0.000010 0.000010 0.000010 0.000010 0.001487 0.000010 0.000010 0.015494 0.859707
0.383217 0.000010 0.008577 0.041599 0.074844 0.000010 0.000010 0.056120 0.006376 0.016220 0.000010 0.041824 0.041518 0.000010 0.043089 0.286566
0.155946 0.009629 0.024161 0.000010 0.066617 0.011744 0.000010 0.028743 0.000010 0.000010 0.020499 0.025088 0.021600 0.000010 0.000010 0.635914
0.009456 0.253434 0.000010 0.000010 0.000010 0.016272 0.034904 0.000010 0.037185 0.000010 0.000010 0.216932 0.023372 0.000010 0.000010 0.408363
0.000010 0.000010 0.653926 0.000010 0.000010 0.030270 0.046410 0.000010 0.000010 0.000010 0.000010 0.000010 0.016458 0.001202 0.000010 0.251634
0.000010 0.000010 0.000010 0.013490 0.000010 0.000010 0.006052 0.000010 0.000010 0.049708 0.037363 0.000010 0.000010 0.000010 0.893276 0.000010
0.000010 0.001822 0.000010 0.000010 0.000010 0.000010 0.017467 0.000010 0.025105 0.000010 0.000010 0.000010 0.000010 0.000010 0.945229 0.010268
0.000010 0.000010 0.000010 0.000010 0.000010 0.000010 0.000010 0.000010 0.000010 0.000010 0.000010 0.000010 0.000010 0.000010 0.999850 0.000010
0.000010 0.000010 0.000010 0.000010 0.000010 0.000010 0.044049 0.000010 0.000010 0.010968 0.000011 0.000010 0.008601 0.000010 0.921876 0.014395
0.000010 0.648395 0.000010 0.000010 0.008854 0.000010 0.000010 0.000010 0.333274 0.000010 0.000010 0.000010 0.000010 0.000010 0.000010 0.009357
0.000010 0.001176 0.998684 0.000010 0.000010 0.000010 0.000010 0.000010 0.000010 0.000010 0.000010 0.000010 0.000010 0.000010 0.000010 0.000010
0.000010 0.000010 0.000010 0.000010 0.000010 0.000010 0.000010 0.000010 0.014909 0.042192 0.009324 0.000010 0.004168 0.000010 0.929297 0.000010
0.615054 0.013576 0.000010 0.000010 0.285736 0.000010 0.000010 0.000010 0.071244 0.000010 0.005167 0.000010 0.000010 0.000010 0.009123 0.000010
0.000010 0.020016 0.000010 0.000010 0.000010 0.000010 0.000010 0.000010 0.000010 0.007045 0.002195 0.000010 0.000010 0.000010 0.970624 0.000010
0.253897 0.006500 0.066109 0.002791 0.080307 0.000010 0.000010 0.418716 0.027334 0.000010 0.030309 0.000010 0.046608 0.000765 0.000010 0.066614
0.243565 0.049308 0.025914 0.000010 0.008276 0.000010 0.000010 0.515773 0.065725 0.003187 0.001051 0.000010 0.019609 0.000010 0.006923 0.060618
0.000010 0.000010 0.025265 0.000010 0.000010 0.037145 0.015805 0.919441 0.000010 0.000010 0.002234 0.000010 0.000010 0.000010 0.000010 0.000010
0.461209 0.000010 0.059013 0.000010 0.000010 0.000010 0.000010 0.275523 0.151582 0.000010 0.004035 0.000010 0.026828 0.000010 0.000010 0.021720
0.097433 0.000010 0.000010 0.000010 0.000010 0.000010 0.000010 0.027967 0.778825 0.000010 0.000010 0.000010 0.034081 0.044615 0.000010 0.016980
0.188688 0.000010 0.115890 0.100603 0.000010 0.000010 0.029520 0.250507 0.212955 0.000010 0.023676 0.000010 0.078080 0.000010 0.000010 0.000010
0.483080 0.000010 0.032555 0.000010 0.000010 0.014023 0.262620 0.000010 0.005235 0.037697 0.014586 0.059951 0.000010 0.000010 0.000010 0.090183
0.093997 0.302850 0.000010 0.000010 0.000010 0.266321 0.005869 0.002571 0.205544 0.001364 0.000010 0.000010 0.002030 0.015381 0.000010 0.104011
0.000010 0.353054 0.000010 0.000010 0.000010 0.219402 0.000010 0.000010 0.264685 0.000010 0.000010 0.000010 0.000010 0.000010 0.000010 0.162740
0.000010 0.000010 0.000010 0.000010 0.000010 0.000010 0.000010 0.000010 0.000010 0.999850 0.000010 0.000010 0.000010 0.000010 0.000010 0.000010
0.483737 0.014983 0.065708 0.022989 0.000010 0.022952 0.052128 0.271030 0.025032 0.000010 0.000010 0.000010 0.041371 0.000010 0.000010 0.000010
0.149751 0.010866 0.011128 0.052342 0.001725 0.000010 0.005030 0.623031 0.068858 0.011502 0.031081 0.000010 0.000010 0.002503 0.000010 0.032142
0.000010 0.000010 0.000010 0.000010 0.000010 0.000010 0.000010 0.000010 0.000010 0.000010 0.000010 0.000010 0.000010 0.000010 0.000010 0.999850
0.219502 0.020433 0.094218 0.032933 0.033545 0.000010 0.000644 0.305848 0.037397 0.000010 0.026472 0.016902 0.023200 0.027048 0.012609 0.149228
0.000010 0.000010 0.000010 0.000010 0.381367 0.000010 0.000010 0.000010 0.000010 0.000010 0.000010 0.000010 0.019801 0.000010 0.000010 0.598702
0.000010 0.006738 0.000010 0.000010 0.295481 0.000010 0.000010 0.000010 0.000010 0.000010 0.000010 0.000010 0.000010 0.000010 0.000010 0.697651
0.025788 0.000010 0.041812 0.583642 0.030896 0.000010 0.000010 0.241139 0.076624 0.000010 0.000010 0.000010 0.000010 0.000010 0.000010 0.000010
0.000010 0.000010 0.014335 0.003821 0.000010 0.000010 0.000010 0.000010 0.000010 0.314769 0.000010 0.000010 0.000010 0.000010 0.666954 0.000010
0.018213 0.000010 0.000010 0.000010 0.025512 0.003001 0.007194 0.000010 0.000010 0.274010 0.000010 0.000010 0.000010 0.000010 0.671970 0.000010
0.130490 0.000010 0.000010 0.043178 0.019818 0.022622 0.011518 0.032538 0.058729 0.188139 0.121731 0.000010 0.129973 0.000010 0.241214 0.000010
0.271470 0.000010 0.057177 0.180753 0.000010 0.028737 0.014175 0.095322 0.161762 0.020900 0.029506 0.008638 0.060552 0.070597 0.000381 0.000010
0.313092 0.020252 0.038485 0.215775 0.000010 0.000010 0.025247 0.141090 0.195871 0.000010 0.001597 0.000010 0.025704 0.000010 0.015429 0.007409
0.000010 0.000010 0.000010 0.000010 0.000010 0.000010 0.000010 0.000010 0.000010 0.000010 0.000010 0.000010 0.000010 0.999850 0.000010 0.000010
0.100270 0.000010 0.118562 0.109094 0.000010 0.000010 0.000010 0.239605 0.201636 0.020155 0.078609 0.081737 0.034653 0.000878 0.014750 0.000010
0.000010 0.000010 0.000010 0.000010 0.000010 0.000010 0.000010 0.000010 0.000010 0.000010 0.000010 0.000010 0.000010 0.999850 0.000010 0.000010
0.227980 0.000010 0.053831 0.194120 0.025353 0.055578 0.035446 0.170511 0.135730 0.021219 0.002786 0.000010 0.064289 0.000010 0.000010 0.013115
0.091837 0.000010 0.120396 0.155912 0.047248 0.000010 0.001071 0.221994 0.247631 0.043600 0.000010 0.002895 0.040868 0.026499 0.000010 0.000010
0.000010 0.000010 0.000010 0.000010 0.000010 0.000010 0.999850 0.000010 0.000010 0.000010 0.000010 0.000010 0.000010 0.000010 0.000010 0.000010
0.000010 0.008910 0.000010 0.000010 0.098966 0.000010 0.030434 0.000010 0.000010 0.012896 0.009615 0.000010 0.000010 0.006092 0.000010 0.832997
0.487860 0.023260 0.053827 0.000010 0.000010 0.011839 0.006858 0.270560 0.085635 0.000010 0.000010 0.000207 0.059883 0.000010 0.000010 0.000010
0.468309 0.020575 0.075822 0.000010 0.000010 0.000010 0.000010 0.276402 0.074372 0.000010 0.000010 0.042924 0.000010 0.041506 0.000010 0.000010
0.000010 0.020072 0.016959 0.000010 0.020523 0.043897 0.018173 0.011423 0.057835 0.000010 0.000010 0.149464 0.000010 0.035399 0.000010 0.626196
0.239093 0.000010 0.000010 0.020752 0.000010 0.000012 0.000010 0.701266 0.007425 0.009761 0.000010 0.000615 0.000010 0.020997 0.000010 0.000010
0.409185 0.025459 0.014833 0.000011 0.000010 0.000010 0.029896 0.350751 0.055585 0.000010 0.000010 0.016512 0.039194 0.000010 0.000010 0.058513
0.020377 0.005916 0.068326 0.014174 0.000010 0.000010 0.036486 0.342004 0.000010 0.000010 0.000010 0.000010 0.011642 0.028812 0.036623 0.435578
0.429402 0.016723 0.000010 0.000010 0.000010 0.000010 0.000010 0.456000 0.009287 0.016807 0.000010 0.000010 0.061450 0.000010 0.000010 0.010242
0.328076 0.016244 0.063945 0.068196 0.000010 0.000010 0.020186 0.322604 0.024213 0.009721 0.028244 0.053690 0.038063 0.000010 0.000010 0.026778
0.004721 0.193083 0.038859 0.147596 0.000010 0.085952 0.080776 0.012802 0.123863 0.044317 0.000010 0.063630 0.000010 0.045166 0.000010 0.159195
0.000010 0.244677 0.000010 0.000010 0.000010 0.000010 0.000010 0.000010 0.000010 0.578898 0.000010 0.000010 0.176295 0.000010 0.000010 0.000010
0.014728 0.656104 0.000010 0.015632 0.099947 0.006489 0.022100 0.006449 0.147090 0.005534 0.025220 0.000656 0.000010 0.000010 0.000010 0.000010
0.000010 0.007889 0.006220 0.000010 0.035295 0.000010 0.026869 0.000010 0.025370 0.014987 0.000010 0.030885 0.007394 0.000010 0.003404 0.841628
0.100763 0.000010 0.136840 0.115310 0.051454 0.003968 0.019723 0.211627 0.267892 0.000010 0.000010 0.038749 0.053614 0.000010 0.000010 0.000010
0.294554 0.000010 0.097541 0.092380 0.000010 0.004071 0.000010 0.069592 0.266543 0.004773 0.001925 0.000010 0.043695 0.069360 0.010353 0.045174
0.136233 0.000010 0.166885 0.239899 0.000010 0.000010 0.015686 0.084842 0.216576 0.000010 0.003390 0.000010 0.010425 0.056338 0.000010 0.069666
0.710023 0.000010 0.014892 0.000010 0.014544 0.032196 0.131240 0.004760 0.000010 0.000010 0.015855 0.030702 0.010915 0.034812 0.000010 0.000010
0.477119 0.009244 0.000010 0.002352 0.008919 0.000010 0.000010 0.309834 0.104020 0.004515 0.000010 0.001615 0.004445 0.029083 0.000010 0.048803
0.602176 0.033045 0.059177 0.017576 0.041404 0.000010 0.089977 0.054024 0.000010 0.000010 0.000010 0.035516 0.026610 0.000010 0.000010 0.040435
0.247504 0.000010 0.026428 0.024054 0.000010 0.007388 0.026005 0.507621 0.080714 0.024844 0.025360 0.000010 0.018424 0.000010 0.000010 0.011608
0.240949 0.024921 0.021919 0.000010 0.008195 0.000010 0.030383 0.604893 0.008883 0.000010 0.000010 0.000010 0.000010 0.052843 0.000010 0.006943
0.231216 0.000010 0.071557 0.000010 0.000010 0.056073 0.026860 0.422181 0.092134 0.041924 0.000010 0.000010 0.008150 0.032048 0.011371 0.006436
0.000010 0.000010 0.000010 0.000010 0.000010 0.000010 0.000010 0.000010 0.000010 0.999850 0.000010 0.000010 0.000010 0.000010 0.000010 0.000010
0.421733 0.016884 0.004505 0.000010 0.000010 0.000010 0.000010 0.358682 0.115972 0.000010 0.018365 0.000010 0.003387 0.017606 0.000010 0.042795
0.083715 0.000010 0.000010 0.044655 0.046856 0.091121 0.027181 0.602188 0.093334 0.001505 0.000010 0.000010 0.000010 0.005577 0.003810 0.000010
0.139296 0.021088 0.000010 0.000010 0.030019 0.143339 0.000010 0.032144 0.044067 0.009520 0.000010 0.000010 0.000010 0.000010 0.000010 0.580447
0.145897 0.017069 0.013961 0.000010 0.000010 0.201244 0.029399 0.005008 0.025198 0.005581 0.000010 0.000010 0.000010 0.002123 0.000010 0.554460
0.168993 0.000010 0.000010 0.000010 0.000010 0.008397 0.722802 0.000010 0.000010 0.000010 0.037470 0.046840 0.000010 0.000010 0.000010 0.015399
0.018943 0.046869 0.000010 0.000010 0.046324 0.035507 0.000010 0.000010 0.005699 0.000010 0.000010 0.180600 0.000010 0.004319 0.000010 0.661658
0.000010 0.000010 0.000010 0.000010 0.000010 0.000010 0.000010 0.000010 0.000010 0.999850 0.000010 0.000010 0.000010 0.000010 0.000010 0.000010
0.000010 0.000010 0.000010 0.030075 0.055331 0.000010 0.008550 0.027002 0.003565 0.002421 0.076721 0.000010 0.000010 0.076105 0.720160 0.000010
0.039085 0.005470 0.000010 0.000010 0.055403 0.497898 0.043189 0.017356 0.000010 0.000010 0.000010 0.000010 0.001223 0.000010 0.000010 0.340295
0.281185 0.000010 0.000010 0.101359 0.167282 0.050845 0.064432 0.097178 0.019225 0.000010 0.000010 0.000010 0.101466 0.002195 0.000010 0.114771
0.002702 0.019835 0.013146 0.000010 0.000010 0.000010 0.000010 0.010389 0.000010 0.062581 0.045389 0.000010 0.011342 0.048750 0.785796 0.000010
0.040268 0.018193 0.000010 0.007686 0.000010 0.006481 0.048403 0.013795 0.000010 0.020874 0.021770 0.000010 0.000010 0.003248 0.812174 0.007057
0.107034 0.000010 0.000010 0.000010 0.000010 0.000010 0.000010 0.000010 0.008911 0.012457 0.087226 0.000010 0.023354 0.037217 0.723711 0.000010
0.008094 0.000010 0.013569 0.000010 0.090175 0.000010 0.006702 0.000010 0.000014 0.065781 0.018090 0.000010 0.000010 0.000010 0.797495 0.000010
0.000010 0.000010 0.005475 0.028934 0.025311 0.000010 0.003179 0.030867 0.033128 0.009498 0.056837 0.000010 0.000010 0.024359 0.782352 0.000010
0.223247 0.026020 0.000010 0.035673 0.208722 0.072983 0.000010 0.004563 0.019812 0.000010 0.000010 0.076788 0.014920 0.000010 0.258242 0.058980
0.000010 0.000010 0.000010 0.999850 0.000010 0.000010 0.000010 0.000010 0.000010 0.000010 0.000010 0.000010 0.000010 0.000010 0.000010 0.000010
0.000010 0.000010 0.000010 0.999850 0.000010 0.000010 0.000010 0.000010 0.000010 0.000010 0.000010 0.000010 0.000010 0.000010 0.000010 0.000010
0.347658 0.000010 0.000010 0.044006 0.027046 0.279025 0.000010 0.004597 0.000010 0.000010 0.041906 0.030049 0.040902 0.000010 0.000010 0.184742
0.000010 0.051320 0.000010 0.000010 0.000010 0.084042 0.000010 0.000010 0.000010 0.026775 0.000010 0.086093 0.000010 0.000010 0.015190 0.736479
0.000010 0.000010 0.000010 0.999850 0.000010 0.000010 0.000010 0.000010 0.000010 0.000010 0.000010 0.000010 0.000010 0.000010 0.000010 0.000010
0.764502 0.003414 0.000010 0.030323 0.165331 0.000010 0.036320 0.000010 0.000010 0.000010 0.000010 0.000010 0.000010 0.000010 0.000010 0.000010
0.067065 0.000010 0.000010 0.932795 0.000010 0.000010 0.000010 0.000010 0.000010 0.000010 0.000010 0.000010 0.000010 0.000010 0.000010 0.000010
0.611716 0.005608 0.025492 0.000061 0.057995 0.000010 0.040348 0.064998 0.000010 0.000010 0.000010 0.013733 0.000010 0.026776 0.000010 0.153212
0.000010 0.999850 0.000010 0.000010 0.000010 0.000010 0.000010 0.000010 0.000010 0.000010 0.000010 0.000010 0.000010 0.000010 0.000010 0.000010
0.105672 0.000010 0.038536 0.016529 0.000010 0.197326 0.000010 0.000010 0.000010 0.000010 0.000010 0.000010 0.000010 0.009306 0.000010 0.632531
0.000010 0.401201 0.000010 0.462349 0.000010 0.000010 0.000010 0.000010 0.128046 0.000010 0.000010 0.000010 0.008283 0.000010 0.000010 0.000010
0.000010 0.000010 0.000010 0.000010 0.000010 0.999850 0.000010 0.000010 0.000010 0.000010 0.000010 0.000010 0.000010 0.000010 0.000010 0.000010
0.670439 0.038919 0.000010 0.043995 0.157126 0.000010 0.055058 0.000010 0.000010 0.012222 0.000010 0.000010 0.000010 0.012819 0.000010 0.009342
0.523462 0.021039 0.018558 0.035725 0.087383 0.033377 0.016143 0.052989 0.000443 0.000010 0.023183 0.025729 0.000010 0.000010 0.000010 0.161930
0.131173 0.000010 0.000010 0.005248 0.000010 0.031738 0.000010 0.000010 0.000010 0.003353 0.016784 0.031842 0.000010 0.000010 0.000010 0.779771
0.036825 0.000010 0.105374 0.201560 0.027586 0.000010 0.000010 0.082055 0.110119 0.041524 0.039522 0.000010 0.016145 0.339231 0.000010 0.000010
0.263121 0.000010 0.023906 0.001349 0.034120 0.023182 0.020341 0.011136 0.027635 0.000010 0.000010 0.104706 0.000010 0.000010 0.000010 0.490443
0.119309 0.000010 0.008547 0.000010 0.049509 0.003621 0.014255 0.011187 0.032850 0.000010 0.000010 0.015588 0.000010 0.035470 0.000010 0.709604
0.000010 0.017609 0.008717 0.000010 0.000010 0.062028 0.000010 0.071983 0.000010 0.000010 0.000010 0.000010 0.000010 0.000010 0.000010 0.839553
0.638819 0.000010 0.000010 0.043923 0.061006 0.000010 0.042012 0.095073 0.000010 0.003908 0.000010 0.035252 0.000010 0.003832 0.000010 0.076104
0.000010 0.000010 0.000010 0.000010 0.000010 0.999850 0.000010 0.000010 0.000010 0.000010 0.000010 0.000010 0.000010 0.000010 0.000010 0.000010
0.000010 0.999840 0.000010 0.000010 0.000010 0.000010 0.000013 0.000010 0.000017 0.000010 0.000010 0.000010 0.000010 0.000010 0.000010 0.000010
0.000010 0.999850 0.000010 0.000010 0.000010 0.000010 0.000010 0.000010 0.000010 0.000010 0.000010 0.000010 0.000010 0.000010 0.000010 0.000010
0.128298 0.000010 0.000010 0.000010 0.000010 0.093288 0.023219 0.000010 0.030935 0.002414 0.000010 0.000010 0.000010 0.000010 0.000010 0.721745
0.000010 0.999847 0.000010 0.000010 0.000013 0.000010 0.000010 0.000010 0.000010 0.000010 0.000010 0.000010 0.000010 0.000010 0.000010 0.000010
0.000010 0.000010 0.000010 0.000010 0.330321 0.000010 0.000010 0.000010 0.000010 0.000010 0.000010 0.000010 0.000010 0.000010 0.000010 0.669539
0.000010 0.000010 0.000010 0.000010 0.000010 0.014034 0.000010 0.000010 0.000010 0.000010 0.000010 0.000010 0.000010 0.000010 0.000010 0.985826
0.000010 0.999850 0.000010 0.000010 0.000010 0.000010 0.000010 0.000010 0.000010 0.000010 0.000010 0.000010 0.000010 0.000010 0.000010 0.000010
0.000010 0.999850 0.000010 0.000010 0.000010 0.000010 0.000010 0.000010 0.000010 0.000010 0.000010 0.000010 0.000010 0.000010 0.000010 0.000010
0.000010 0.999850 0.000010 0.000010 0.000010 0.000010 0.000010 0.000010 0.000010 0.000010 0.000010 0.000010 0.000010 0.000010 0.000010 0.000010
0.000010 0.981506 0.000010 0.000010 0.000010 0.000010 0.000010 0.000010 0.000010 0.000010 0.000010 0.000010 0.018354 0.000010 0.000010 0.000010
0.008264 0.811812 0.000010 0.000010 0.000010 0.000010 0.000010 0.014371 0.143008 0.022436 0.000010 0.000010 0.000010 0.000010 0.000010 0.000010
0.774965 0.021321 0.000010 0.000010 0.000010 0.000010 0.000010 0.000010 0.079617 0.000010 0.000010 0.000010 0.000010 0.053731 0.016964 0.053301
0.719843 0.029509 0.051634 0.000010 0.065108 0.034141 0.000010 0.000010 0.022628 0.000010 0.000010 0.042132 0.000010 0.004022 0.000010 0.030912
0.000010 0.999850 0.000010 0.000010 0.000010 0.000010 0.000010 0.000010 0.000010 0.000010 0.000010 0.000010 0.000010 0.000010 0.000010 0.000010
0.059693 0.135992 0.000010 0.000010 0.095808 0.020029 0.000010 0.000010 0.039575 0.014287 0.000010 0.248296 0.021132 0.000010 0.000010 0.365118
0.046728 0.000010 0.000010 0.000011 0.071367 0.309192 0.037920 0.000010 0.017091 0.000010 0.000010 0.000010 0.000010 0.000010 0.000010 0.517601
0.000010 0.999850 0.000010 0.000010 0.000010 0.000010 0.000010 0.000010 0.000010 0.000010 0.000010 0.000010 0.000010 0.000010 0.000010 0.000010
0.000010 0.933670 0.000010 0.000010 0.000010 0.000010 0.015843 0.000010 0.009109 0.000010 0.003985 0.000010 0.021516 0.015777 0.000010 0.000010
0.000010 0.999850 0.000010 0.000010 0.000010 0.000010 0.000010 0.000010 0.000010 0.000010 0.000010 0.000010 0.000010 0.000010 0.000010 0.000010
0.238382 0.000010 0.009007 0.000010 0.040999 0.022173 0.220706 0.106287 0.085954 0.052509 0.026603 0.077509 0.025730 0.000010 0.000010 0.094101
0.855725 0.047509 0.000010 0.000010 0.000010 0.000010 0.008879 0.000010 0.000010 0.000010 0.000010 0.000010 0.000010 0.000010 0.000010 0.087767
0.731835 0.024551 0.030206 0.000010 0.079322 0.051252 0.027542 0.014315 0.000010 0.000010 0.008312 0.000010 0.000010 0.000010 0.000010 0.032594
0.832142 0.032025 0.000010 0.000010 0.000010 0.013582 0.025710 0.096431 0.000010 0.000010 0.000010 0.000010 0.000010 0.000010 0.000010 0.000010
0.000010 0.833051 0.000010 0.000010 0.000010 0.000010 0.000010 0.000010 0.166809 0.000010 0.000010 0.000010 0.000010 0.000010 0.000010 0.000010
0.000010 0.425255 0.000010 0.000010 0.000010 0.055312 0.000010 0.000010 0.000010 0.220851 0.000346 0.000010 0.030461 0.000010 0.257196 0.010489
0.000010 0.999842 0.000010 0.000010 0.000010 0.000018 0.000010 0.000010 0.000010 0.000010 0.000010 0.000010 0.000010 0.000010 0.000010 0.000010
0.000010 0.999850 0.000010 0.000010 0.000010 0.000010 0.000010 0.000010 0.000010 0.000010 0.000010 0.000010 0.000010 0.000010 0.000010 0.000010
0.000010 0.999850 0.000010 0.000010 0.000010 0.000010 0.000010 0.000010 0.000010 0.000010 0.000010 0.000010 0.000010 0.000010 0.000010 0.000010
0.000010 0.999850 0.000010 0.000010 0.000010 0.000010 0.000010 0.000010 0.000010 0.000010 0.000010 0.000010 0.000010 0.000010 0.000010 0.000010
0.000010 0.999850 0.000010 0.000010 0.000010 0.000010 0.000010 0.000010 0.000010 0.000010 0.000010 0.000010 0.000010 0.000010 0.000010 0.000010
0.000010 0.999850 0.000010 0.000010 0.000010 0.000010 0.000010 0.000010 0.000010 0.000010 0.000010 0.000010 0.000010 0.000010 0.000010 0.000010
0.028548 0.008664 0.000010 0.000010 0.353531 0.000010 0.302138 0.014769 0.061536 0.000010 0.020596 0.000010 0.000010 0.000010 0.000010 0.210138
0.000010 0.999845 0.000010 0.000010 0.000010 0.000010 0.000010 0.000010 0.000010 0.000011 0.000010 0.000010 0.000010 0.000015 0.000010 0.000010
0.000010 0.854141 0.000010 0.000010 0.000010 0.000010 0.000010 0.000010 0.096322 0.002752 0.037246 0.009430 0.000010 0.000010 0.000010 0.000010
0.081304 0.000010 0.000010 0.000010 0.058239 0.000010 0.004607 0.000010 0.000010 0.007997 0.000010 0.000010 0.000010 0.000010 0.000010 0.847744
0.000010 0.779177 0.000010 0.000010 0.000010 0.000010 0.012310 0.000010 0.208383 0.000010 0.000010 0.000010 0.000010 0.000010 0.000010 0.000010
0.000010 0.479849 0.007567 0.000010 0.000010 0.000010 0.039809 0.000010 0.180737 0.000010 0.000010 0.180089 0.031486 0.000010 0.000010 0.080373
0.000010 0.999850 0.000010 0.000010 0.000010 0.000010 0.000010 0.000010 0.000010 0.000010 0.000010 0.000010 0.000010 0.000010 0.000010 0.000010
0.000010 0.999850 0.000010 0.000010 0.000010 0.000010 0.000010 0.000010 0.000010 0.000010 0.000010 0.000010 0.000010 0.000010 0.000010 0.000010
0.000010 0.999850 0.000010 0.000010 0.000010 0.000010 0.000010 0.000010 0.000010 0.000010 0.000010 0.000010 0.000010 0.000010 0.000010 0.000010
0.000010 0.999846 0.000010 0.000010 0.000010 0.000010 0.000010 0.000010 0.000010 0.000014 0.000010 0.000010 0.000010 0.000010 0.000010 0.000010
0.000010 0.972213 0.000010 0.000010 0.000010 0.000010 0.021009 0.000010 0.000010 0.000010 0.006647 0.000010 0.000010 0.000010 0.000010 0.000010
0.000010 0.999850 0.000010 0.000010 0.000010 0.000010 0.000010 0.000010 0.000010 0.000010 0.000010 0.000010 0.000010 0.000010 0.000010 0.000010
0.000010 0.000010 0.000010 0.000010 0.000010 0.000010 0.999850 0.000010 0.000010 0.000010 0.000010 0.000010 0.000010 0.000010 0.000010 0.000010
0.000010 0.000010 0.000010 0.000010 0.000010 0.000010 0.000010 0.000010 0.000010 0.000010 0.999850 0.000010 0.000010 0.000010 0.000010 0.000010
0.000010 0.000010 0.000010 0.000010 0.000010 0.000010 0.000010 0.000010 0.000010 0.000010 0.999850 0.000010 0.000010 0.000010 0.000010 0.000010
0.000010 0.000010 0.000010 0.000010 0.000010 0.000010 0.000010 0.000010 0.000010 0.000010 0.999850 0.000010 0.000010 0.000010 0.000010 0.000010
0.000010 0.999847 0.000010 0.000012 0.000010 0.000010 0.000010 0.000010 0.000010 0.000010 0.000010 0.000010 0.000010 0.000011 0.000010 0.000010
0.000010 0.999846 0.000014 0.000010 0.000010 0.000010 0.000010 0.000010 0.000010 0.000010 0.000010 0.000010 0.000010 0.000010 0.000010 0.000010
0.000010 0.000010 0.000010 0.000010 0.000010 0.000010 0.000010 0.000010 0.000010 0.000010 0.999850 0.000010 0.000010 0.000010 0.000010 0.000010
0.000010 0.000010 0.000010 0.000010 0.000010 0.000010 0.000010 0.000010 0.000010 0.000010 0.990788 0.000010 0.000010 0.000010 0.000010 0.009072
0.000010 0.000010 0.000010 0.000010 0.000010 0.000010 0.000010 0.000010 0.000010 0.000010 0.999850 0.000010 0.000010 0.000010 0.000010 0.000010
0.000010 0.999841 0.000010 0.000010 0.000010 0.000015 0.000010 0.000010 0.000010 0.000011 0.000010 0.000010 0.000010 0.000013 0.000010 0.000010
0.000010 0.999837 0.000010 0.000010 0.000019 0.000010 0.000010 0.000010 0.000010 0.000013 0.000010 0.000010 0.000010 0.000010 0.000010 0.000010
0.000010 0.000010 0.000010 0.189515 0.000010 0.000010 0.000010 0.000010 0.000010 0.000010 0.000010 0.000010 0.000010 0.810344 0.000010 0.000010
0.000010 0.999847 0.000010 0.000010 0.000010 0.000013 0.000010 0.000010 0.000010 0.000010 0.000010 0.000010 0.000010 0.000010 0.000010 0.000010
0.000010 0.000010 0.905708 0.000010 0.000010 0.000010 0.000010 0.000010 0.000010 0.000010 0.000010 0.000010 0.000010 0.000010 0.000010 0.094152
0.000010 0.000010 0.000010 0.000010 0.000010 0.000010 0.000010 0.000010 0.000010 0.000010 0.000010 0.000010 0.999850 0.000010 0.000010 0.000010
0.000010 0.000010 0.000010 0.000010 0.000010 0.000010 0.000010 0.000010 0.000010 0.000010 0.000010 0.000010 0.999850 0.000010 0.000010 0.000010
0.127826 0.000010 0.051720 0.012387 0.006227 0.064504 0.000010 0.055172 0.000010 0.000010 0.000010 0.149050 0.000010 0.000010 0.000010 0.533034
0.000010 0.000010 0.000010 0.000010 0.000010 0.000010 0.000010 0.000010 0.000010 0.000010 0.000010 0.000010 0.999850 0.000010 0.000010 0.000010
0.000010 0.004032 0.058110 0.000010 0.022367 0.000010 0.000758 0.000010 0.000010 0.000010 0.000010 0.000010 0.000010 0.000010 0.914623 0.000010
0.041951 0.009075 0.097308 0.247878 0.116984 0.000010 0.016171 0.098616 0.107174 0.043689 0.017661 0.000010 0.033214 0.085901 0.084346 0.000010
0.008288 0.059427 0.061662 0.000010 0.016780 0.022943 0.025885 0.116403 0.026564 0.021283 0.000010 0.271569 0.000010 0.000010 0.000010 0.369145
0.005370 0.000404 0.000010 0.130556 0.066669 0.049192 0.009064 0.004259 0.057747 0.032420 0.489507 0.068195 0.043415 0.000010 0.043171 0.000010
0.000010 0.309171 0.000010 0.000010 0.042073 0.000010 0.000010 0.000010 0.000010 0.000010 0.000010 0.648626 0.000010 0.000010 0.000010 0.000010
0.000010 0.331405 0.000010 0.000010 0.028810 0.000010 0.000010 0.000010 0.000010 0.000010 0.000010 0.639654 0.000010 0.000010 0.000010 0.000010
0.000010 0.000010 0.000010 0.000010 0.217450 0.004803 0.000010 0.000010 0.000010 0.000010 0.000010 0.005557 0.000010 0.000010 0.000010 0.772070
0.000010 0.651861 0.076620 0.000010 0.049717 0.000010 0.000010 0.000010 0.171502 0.018862 0.031338 0.000010 0.000010 0.000010 0.000010 0.000010
0.355842 0.028741 0.011333 0.019203 0.008422 0.000010 0.039014 0.082993 0.027750 0.056249 0.000010 0.010591 0.000010 0.015185 0.000010 0.344637
0.067889 0.068100 0.000010 0.000230 0.055648 0.028650 0.005734 0.000010 0.000010 0.011391 0.000010 0.020821 0.001016 0.000010 0.000010 0.740461
0.036877 0.294477 0.000010 0.000010 0.011511 0.016511 0.000010 0.000010 0.056989 0.000010 0.000010 0.159586 0.024419 0.019356 0.000010 0.380203
0.172297 0.000010 0.131705 0.317915 0.055454 0.020108 0.000215 0.150904 0.151321 0.000010 0.000010 0.000010 0.000010 0.000010 0.000010 0.000010
0.184976 0.009989 0.026840 0.000010 0.013923 0.722420 0.018069 0.000010 0.002190 0.011972 0.000010 0.000010 0.004529 0.005031 0.000010 0.000010
0.551187 0.000010 0.102793 0.026590 0.123266 0.022334 0.042821 0.080408 0.000010 0.000010 0.000010 0.000010 0.000010 0.050522 0.000010 0.000010
0.008703 0.001392 0.038879 0.124070 0.045654 0.000010 0.000010 0.000010 0.072219 0.000010 0.559243 0.000010 0.010263 0.016482 0.094965 0.028080
0.000010 0.862774 0.000010 0.000010 0.000010 0.000010 0.000010 0.000010 0.095180 0.000010 0.019980 0.021945 0.000010 0.000010 0.000010 0.000010
0.000010 0.000010 0.000010 0.083782 0.122277 0.015595 0.000010 0.000010 0.066397 0.000010 0.495324 0.037838 0.000010 0.013098 0.165608 0.000010
0.000010 0.000010 0.000010 0.000010 0.000010 0.000010 0.000010 0.000010 0.000010 0.000010 0.999850 0.000010 0.000010 0.000010 0.000010 0.000010
0.354419 0.000010 0.000010 0.000010 0.061202 0.071356 0.055225 0.000010 0.000010 0.016664 0.000010 0.083577 0.000013 0.000010 0.019570 0.337904
0.000010 0.000010 0.000010 0.000010 0.449968 0.000010 0.000010 0.000010 0.000010 0.000010 0.000010 0.000010 0.000010 0.011218 0.000010 0.538684
0.000010 0.000010 0.000010 0.000010 0.000010 0.000010 0.000010 0.000010 0.000010 0.000010 0.000010 0.000010 0.000010 0.348371 0.651489 0.000010
0.007912 0.000010 0.015806 0.000010 0.363062 0.000010 0.032902 0.000010 0.048998 0.000010 0.000010 0.002629 0.000010 0.022035 0.000010 0.506576
0.000010 0.000010 0.000010 0.000010 0.367954 0.000010 0.000010 0.000010 0.000010 0.000010 0.000010 0.000010 0.000010 0.000010 0.000010 0.631906
0.000010 0.000010 0.000010 0.000010 0.073529 0.022756 0.036223 0.010238 0.022392 0.006539 0.000010 0.000010 0.001659 0.000010 0.000010 0.826584
0.019781 0.000010 0.074763 0.203853 0.184273 0.000010 0.000010 0.203454 0.000010 0.033533 0.036270 0.188421 0.000010 0.000010 0.050863 0.004729
0.000010 0.000010 0.000010 0.999850 0.000010 0.000010 0.000010 0.000010 0.000010 0.000010 0.000010 0.000010 0.000010 0.000010 0.000010 0.000010
0.008368 0.028222 0.064070 0.000800 0.201343 0.000010 0.141840 0.029809 0.000010 0.000010 0.000010 0.000010 0.013980 0.027194 0.000010 0.484313
0.000010 0.000010 0.000010 0.000010 0.000010 0.000010 0.000010 0.000010 0.000010 0.000010 0.999850 0.000010 0.000010 0.000010 0.000010 0.000010
0.122774 0.000010 0.000010 0.000010 0.828149 0.000010 0.048947 0.000010 0.000010 0.000010 0.000010 0.000010 0.000010 0.000010 0.000010 0.000010
0.055249 0.054861 0.025572 0.000010 0.067333 0.000010 0.000010 0.051257 0.000010 0.000010 0.000010 0.253268 0.021479 0.000010 0.000010 0.470901
0.000010 0.013985 0.000010 0.000010 0.000010 0.000010 0.000010 0.106881 0.024990 0.021275 0.340573 0.054992 0.172360 0.024473 0.240401 0.000010
0.333289 0.000010 0.000010 0.069985 0.408015 0.025763 0.003080 0.023367 0.010980 0.029818 0.013225 0.000010 0.000010 0.035533 0.013423 0.033482
0.000010 0.999850 0.000010 0.000010 0.000010 0.000010 0.000010 0.000010 0.000010 0.000010 0.000010 0.000010 0.000010 0.000010 0.000010 0.000010
0.000010 0.035311 0.000010 0.000010 0.464459 0.000010 0.000010 0.000010 0.000010 0.000010 0.000010 0.000010 0.000010 0.000010 0.000010 0.500099
0.000010 0.004265 0.000010 0.000010 0.487662 0.000010 0.000010 0.000010 0.000010 0.000010 0.000010 0.000010 0.000010 0.000010 0.000010 0.507943
0.000010 0.003729 0.000010 0.000010 0.512030 0.037074 0.000010 0.000010 0.000010 0.000010 0.000010 0.000010 0.000010 0.000010 0.000010 0.447046
0.037117 0.020921 0.112240 0.000010 0.032550 0.025266 0.000010 0.034728 0.000010 0.017945 0.000010 0.000010 0.002400 0.000010 0.000010 0.716763
0.052225 0.060704 0.023998 0.015119 0.000010 0.007628 0.000010 0.082804 0.000010 0.004778 0.019437 0.594523 0.000010 0.000010 0.000010 0.138724
0.090812 0.037786 0.078329 0.000010 0.532175 0.000010 0.077186 0.000010 0.043421 0.000010 0.013361 0.000010 0.012500 0.014484 0.000010 0.099888
0.000010 0.000010 0.000010 0.000010 0.017298 0.142758 0.000010 0.000010 0.000010 0.000010 0.000010 0.015184 0.000010 0.051542 0.000010 0.773108
0.000010 0.032400 0.000010 0.000010 0.000010 0.005142 0.000010 0.000010 0.000010 0.000010 0.000010 0.000010 0.000010 0.000010 0.000010 0.962328
0.154345 0.005606 0.008437 0.000432 0.436063 0.000010 0.233782 0.000010 0.043740 0.000010 0.014294 0.034802 0.012102 0.000010 0.000010 0.056347
0.017727 0.131722 0.000010 0.000010 0.011909 0.037352 0.016756 0.007481 0.000010 0.000010 0.000010 0.107384 0.003378 0.000010 0.000010 0.666222
0.004738 0.060714 0.000010 0.000010 0.625412 0.000010 0.112668 0.085284 0.095605 0.000010 0.000010 0.000010 0.000413 0.000010 0.000010 0.015086
0.105310 0.055004 0.000010 0.022808 0.034087 0.047279 0.005596 0.000010 0.000010 0.000766 0.001368 0.015076 0.014344 0.000010 0.011630 0.686692
0.167111 0.018953 0.000010 0.000010 0.045057 0.127248 0.026995 0.010689 0.000010 0.000010 0.000010 0.008115 0.024186 0.000010 0.000010 0.571576
0.000010 0.000010 0.000010 0.000010 0.999850 0.000010 0.000010 0.000010 0.000010 0.000010 0.000010 0.000010 0.000010 0.000010 0.000010 0.000010
0.000010 0.000010 0.020627 0.018228 0.076582 0.000010 0.000010 0.019823 0.000010 0.000010 0.000010 0.001047 0.000010 0.000010 0.000010 0.863593
0.052183 0.294765 0.000010 0.000010 0.009864 0.084077 0.008381 0.000010 0.037582 0.000010 0.009689 0.240643 0.042793 0.000010 0.000010 0.219964
0.000010 0.001031 0.000010 0.000010 0.205476 0.020974 0.000010 0.000010 0.000010 0.000010 0.000010 0.000010 0.000010 0.000010 0.000010 0.772400
0.000010 0.311597 0.000010 0.000010 0.082835 0.000010 0.001384 0.000010 0.040792 0.000010 0.000010 0.210662 0.000112 0.000010 0.000010 0.352527
0.018797 0.000010 0.006759 0.000010 0.173109 0.000010 0.115890 0.074779 0.000010 0.004510 0.000010 0.034788 0.031759 0.000010 0.000010 0.539539
0.053542 0.037823 0.000010 0.000010 0.003329 0.044462 0.000010 0.013610 0.000010 0.010299 0.000010 0.075920 0.006604 0.007111 0.000010 0.747240
0.000010 0.008198 0.005173 0.000010 0.394295 0.014755 0.000010 0.000010 0.000010 0.000010 0.000010 0.000010 0.000010 0.000010 0.000010 0.577469
0.000010 0.266812 0.000010 0.000010 0.000010 0.000010 0.000010 0.000010 0.000010 0.000010 0.000010 0.733048 0.000010 0.000010 0.000010 0.000010
0.012627 0.000010 0.000010 0.000010 0.000010 0.000010 0.000010 0.000010 0.000010 0.000010 0.000010 0.987233 0.000010 0.000010 0.000010 0.000010
0.000010 0.000010 0.000010 0.000010 0.000010 0.000010 0.000010 0.000010 0.000010 0.000010 0.000010 0.000010 0.000010 0.999850 0.000010 0.000010
0.000010 0.138585 0.000010 0.000010 0.000010 0.000010 0.000010 0.000010 0.000010 0.000010 0.000010 0.711408 0.000010 0.149877 0.000010 0.000010
0.000010 0.213419 0.000010 0.000847 0.000010 0.000010 0.000010 0.000010 0.000010 0.000010 0.000010 0.663335 0.000010 0.122279 0.000010 0.000010
0.000010 0.000010 0.000010 0.000010 0.000010 0.000010 0.000010 0.000010 0.000010 0.000010 0.003358 0.996502 0.000010 0.000010 0.000010 0.000010
0.000010 0.001800 0.000010 0.375962 0.010657 0.000010 0.000010 0.050309 0.031987 0.000010 0.000010 0.508926 0.000010 0.020270 0.000010 0.000010
0.007472 0.170241 0.002151 0.000010 0.159347 0.000010 0.019200 0.000010 0.021593 0.006036 0.000010 0.514649 0.006604 0.051161 0.000010 0.041497
0.000010 0.000010 0.000010 0.000010 0.000010 0.000010 0.000010 0.000010 0.000010 0.000010 0.000010 0.000010 0.000010 0.999850 0.000010 0.000010
0.069040 0.000010 0.013810 0.094384 0.008250 0.045511 0.250861 0.036909 0.029451 0.000010 0.000010 0.000010 0.015604 0.012339 0.000010 0.423792
0.000010 0.000010 0.000010 0.000010 0.000010 0.000010 0.000010 0.000010 0.000010 0.000010 0.000010 0.999850 0.000010 0.000010 0.000010 0.000010
0.000010 0.000010 0.000010 0.000010 0.000010 0.000010 0.000010 0.000010 0.000010 0.000010 0.000010 0.320300 0.000010 0.679560 0.000010 0.000010
0.000010 0.004217 0.048398 0.890382 0.000010 0.000010 0.000010 0.000010 0.000010 0.000010 0.055078 0.000010 0.000010 0.000010 0.001815 0.000010
0.000010 0.000010 0.049290 0.016023 0.000010 0.000010 0.074547 0.056234 0.000010 0.000010 0.434453 0.003094 0.167800 0.000010 0.196528 0.001960
0.000010 0.002012 0.028015 0.000010 0.077927 0.044112 0.013292 0.032074 0.000010 0.021136 0.435428 0.000010 0.159272 0.000010 0.186672 0.000010
0.000010 0.000010 0.000010 0.999850 0.000010 0.000010 0.000010 0.000010 0.000010 0.000010 0.000010 0.000010 0.000010 0.000010 0.000010 0.000010
0.000010 0.000010 0.000010 0.000010 0.000010 0.023419 0.000010 0.000010 0.000010 0.000010 0.000010 0.930664 0.000010 0.000010 0.000010 0.045787
0.000010 0.000010 0.000010 0.000010 0.000010 0.000010 0.000010 0.000010 0.000010 0.000010 0.000010 0.999850 0.000010 0.000010 0.000010 0.000010
0.000010 0.000010 0.000010 0.000010 0.000010 0.000010 0.000010 0.000010 0.000010 0.000010 0.000010 0.180933 0.000010 0.818927 0.000010 0.000010
0.000010 0.000010 0.029592 0.028285 0.000010 0.000010 0.031342 0.118837 0.000010 0.000010 0.151553 0.033629 0.392452 0.000010 0.214230 0.000010
0.000010 0.000010 0.000010 0.000010 0.000010 0.000010 0.000010 0.000010 0.000010 0.000010 0.000010 0.000010 0.999850 0.000010 0.000010 0.000010
0.040463 0.000010 0.000010 0.053291 0.000010 0.025525 0.000010 0.000010 0.000011 0.050050 0.080250 0.000010 0.000010 0.054760 0.695569 0.000010
0.000010 0.000010 0.003380 0.000010 0.000010 0.000010 0.000010 0.035173 0.000010 0.000010 0.038606 0.885103 0.000010 0.012533 0.000010 0.025105
0.029819 0.008925 0.000010 0.000010 0.000010 0.155105 0.000010 0.000010 0.000010 0.001516 0.000010 0.024492 0.000010 0.012610 0.000010 0.767443
0.114175 0.005983 0.024751 0.000010 0.007658 0.088270 0.025013 0.044279 0.000010 0.000010 0.000010 0.026589 0.000010 0.014308 0.000010 0.648914
0.323723 0.039529 0.010974 0.042347 0.002423 0.000010 0.008902 0.502284 0.000010 0.015113 0.054636 0.000010 0.000010 0.000010 0.000010 0.000010
0.221729 0.012059 0.000010 0.000010 0.072410 0.043567 0.033990 0.548498 0.001937 0.000010 0.065731 0.000010 0.000010 0.000010 0.000010 0.000010
0.067796 0.000010 0.000010 0.000010 0.000010 0.000010 0.021323 0.000010 0.004737 0.000010 0.000010 0.049724 0.000010 0.008540 0.000010 0.847779
0.007179 0.351820 0.000010 0.000010 0.045123 0.025786 0.068406 0.002831 0.036070 0.000010 0.000010 0.249703 0.028493 0.000010 0.000010 0.184529
0.344125 0.124729 0.004065 0.000010 0.101908 0.034325 0.048133 0.000010 0.000010 0.000010 0.000010 0.122463 0.009659 0.017422 0.000010 0.193111
0.160971 0.045203 0.000010 0.000010 0.118907 0.000010 0.000010 0.053564 0.091815 0.000010 0.000010 0.054375 0.004381 0.081108 0.000010 0.389606
0.000010 0.000010 0.000010 0.000010 0.000010 0.000010 0.000010 0.000010 0.000010 0.999850 0.000010 0.000010 0.000010 0.000010 0.000010 0.000010
0.193839 0.005779 0.025513 0.036164 0.034899 0.164930 0.015833 0.000010 0.000010 0.001107 0.000010 0.017604 0.000010 0.009474 0.000010 0.494809
0.043347 0.011299 0.000010 0.000010 0.000010 0.052792 0.000010 0.000010 0.000010 0.000010 0.000010 0.000010 0.000010 0.035653 0.000010 0.856799
0.160697 0.000010 0.004147 0.032182 0.052048 0.508719 0.016176 0.000010 0.035988 0.000010 0.001604 0.027969 0.000010 0.011077 0.000010 0.149344
0.275044 0.015497 0.039362 0.000010 0.000010 0.033994 0.028218 0.000010 0.019819 0.000010 0.000010 0.000010 0.006085 0.000010 0.000010 0.581901
0.289729 0.038594 0.020586 0.000010 0.000010 0.478325 0.000010 0.000010 0.000010 0.000010 0.000010 0.000010 0.000010 0.000010 0.000010 0.172656
0.433186 0.029953 0.001224 0.000010 0.015902 0.033501 0.005496 0.075539 0.037476 0.001773 0.008832 0.000010 0.000010 0.010620 0.029404 0.317064
0.000010 0.000010 0.000010 0.000010 0.000010 0.000010 0.000010 0.000010 0.000010 0.000010 0.000010 0.000010 0.000010 0.999850 0.000010 0.000010
0.050110 0.001422 0.024927 0.000010 0.000010 0.009539 0.009810 0.204016 0.032134 0.000010 0.004815 0.092533 0.000010 0.013966 0.000010 0.556678
0.271957 0.006207 0.000010 0.000366 0.000010 0.112324 0.000010 0.017951 0.000010 0.000010 0.028959 0.000010 0.000010 0.000010 0.000010 0.562146
0.208805 0.009073 0.002796 0.000010 0.036178 0.065364 0.005617 0.057688 0.000010 0.000893 0.000010 0.039368 0.005203 0.000010 0.000010 0.568965
0.564111 0.037088 0.000010 0.000010 0.030000 0.000010 0.057494 0.000010 0.053319 0.000010 0.021518 0.054186 0.011128 0.012424 0.000010 0.158672
0.000010 0.000010 0.000010 0.014683 0.009452 0.000010 0.000010 0.014157 0.000010 0.000010 0.012515 0.059095 0.000010 0.000010 0.000037 0.889971
0.007948 0.014239 0.851593 0.000010 0.000010 0.000010 0.000010 0.000010 0.000010 0.000010 0.000010 0.000010 0.000010 0.000010 0.000010 0.126099
0.646117 0.011996 0.000010 0.000010 0.015470 0.068801 0.000010 0.117849 0.038288 0.000010 0.037619 0.000010 0.063779 0.000010 0.000010 0.000010
