0.479320 0.472592 0.000010 0.000010 0.048058 0.000010
0.758562 0.240447 0.000010 0.000010 0.000961 0.000010
0.451762 0.433670 0.020787 0.010585 0.000010 0.083185
0.076752 0.000010 0.000010 0.000010 0.916840 0.006378
0.603773 0.290608 0.013517 0.000010 0.000010 0.092082
0.195657 0.763984 0.000010 0.000010 0.006949 0.033390
0.173056 0.312081 0.000010 0.000010 0.437976 0.076867
0.046374 0.953586 0.000010 0.000010 0.000010 0.000010
0.808135 0.122745 0.000010 0.000010 0.039714 0.029386
0.057371 0.928697 0.000010 0.000010 0.000010 0.013901
0.201771 0.748875 0.000010 0.000010 0.000010 0.049324
0.617117 0.368968 0.013885 0.000010 0.000010 0.000010
0.571036 0.000010 0.000010 0.122474 0.085118 0.221352
0.435431 0.000010 0.000010 0.001388 0.483325 0.079836
0.006815 0.962070 0.003479 0.000010 0.003431 0.024195
0.542387 0.369758 0.010601 0.000010 0.004699 0.072544
0.222265 0.737237 0.000010 0.000010 0.032445 0.008033
0.156331 0.508233 0.000010 0.000010 0.309082 0.026334
0.035062 0.366127 0.000010 0.000010 0.000010 0.598781
0.000010 0.000010 0.999950 0.000010 0.000010 0.000010
0.000010 0.021930 0.978030 0.000010 0.000010 0.000010
0.000010 0.000010 0.999950 0.000010 0.000010 0.000010
0.000010 0.048469 0.951491 0.000010 0.000010 0.000010
0.132604 0.049253 0.015416 0.032710 0.717409 0.052609
0.088246 0.101607 0.000010 0.000010 0.000010 0.810117
0.000010 0.006041 0.984906 0.000010 0.009023 0.000010
0.852733 0.119105 0.000255 0.000010 0.014553 0.013343
0.000010 0.000010 0.996232 0.000010 0.003728 0.000010
0.797725 0.099767 0.019647 0.000522 0.034325 0.048015
0.884578 0.073285 0.000010 0.003626 0.038490 0.000010
0.920671 0.000010 0.000010 0.000010 0.000010 0.079289
0.849980 0.089521 0.000010 0.032383 0.000010 0.028096
0.440228 0.050171 0.000010 0.213485 0.126239 0.169867
0.634844 0.013911 0.001027 0.110384 0.032598 0.207236
0.746532 0.203173 0.008559 0.000010 0.000010 0.041715
0.278502 0.303693 0.000010 0.000010 0.376641 0.041144
0.107250 0.364648 0.000010 0.000010 0.432469 0.095613
0.009453 0.000010 0.794226 0.196291 0.000010 0.000010
0.852580 0.034430 0.000010 0.000010 0.040391 0.072579
0.800344 0.047730 0.013509 0.000010 0.000010 0.138397
0.000010 0.999950 0.000010 0.000010 0.000010 0.000010
0.653093 0.220691 0.000010 0.026633 0.012332 0.087241
0.222400 0.769622 0.000010 0.000431 0.007526 0.000010
0.123838 0.841024 0.000010 0.000010 0.029745 0.005374
0.491015 0.000010 0.000010 0.027901 0.000010 0.481054
0.000010 0.000010 0.974888 0.000010 0.000010 0.025072
0.000010 0.000010 0.947360 0.005728 0.000010 0.046882
0.238784 0.000010 0.477416 0.202418 0.000010 0.081363
0.492936 0.041673 0.041755 0.097159 0.008502 0.317976
0.556574 0.038976 0.050038 0.051360 0.030820 0.272233
0.000010 0.000010 0.000010 0.000010 0.000010 0.999950
0.522070 0.008083 0.083939 0.085237 0.005691 0.294980
0.000010 0.023145 0.000010 0.000010 0.000010 0.976815
0.603263 0.051109 0.000010 0.115815 0.000010 0.229793
0.548953 0.000010 0.011451 0.127995 0.000010 0.311580
0.999619 0.000010 0.000010 0.000010 0.000341 0.000010
0.099183 0.899813 0.000974 0.000010 0.000010 0.000010
0.876536 0.010417 0.000010 0.000010 0.048289 0.064738
0.804803 0.057100 0.000010 0.000010 0.003200 0.134876
0.119838 0.728579 0.000010 0.000010 0.054633 0.096930
0.893493 0.000010 0.000010 0.000010 0.000010 0.106467
0.812063 0.097992 0.000010 0.000010 0.024710 0.065214
0.403264 0.451320 0.001316 0.000010 0.000010 0.144080
0.919958 0.030984 0.000010 0.000010 0.030982 0.018056
0.715137 0.093849 0.000010 0.000010 0.035102 0.155893
0.234760 0.238209 0.025970 0.048308 0.224083 0.228669
0.000010 0.000010 0.388158 0.451026 0.160786 0.000010
0.270578 0.006127 0.000380 0.041434 0.681471 0.000010
0.080665 0.918896 0.000010 0.000409 0.000010 0.000010
0.586870 0.000010 0.000010 0.071241 0.038644 0.303225
0.513471 0.064224 0.000010 0.095014 0.008173 0.319108
0.395816 0.088341 0.000010 0.032992 0.017421 0.465420
0.865414 0.134546 0.000010 0.000010 0.000010 0.000010
0.827171 0.066488 0.000010 0.000010 0.026751 0.079570
0.823278 0.143314 0.000010 0.000010 0.007024 0.026364
0.862444 0.023588 0.000010 0.000010 0.000010 0.113938
0.871076 0.002197 0.000010 0.000010 0.042421 0.084286
0.729333 0.083162 0.006054 0.000010 0.000010 0.181431
0.000010 0.000010 0.841022 0.158938 0.000010 0.000010
0.798703 0.082354 0.000010 0.000010 0.032035 0.086887
0.778299 0.051781 0.000010 0.000010 0.000010 0.169889
0.259250 0.734505 0.004414 0.000010 0.001810 0.000010
0.213661 0.746723 0.000010 0.000010 0.031354 0.008242
0.898057 0.062338 0.039575 0.000010 0.000010 0.000010
0.090476 0.778152 0.000010 0.000010 0.073091 0.058261
0.000010 0.000010 0.847298 0.152662 0.000010 0.000010
0.090698 0.000010 0.804935 0.000010 0.007483 0.096865
0.254723 0.706761 0.000010 0.000010 0.022888 0.015608
0.684971 0.213851 0.003319 0.015228 0.041629 0.041002
0.000010 0.000010 0.865155 0.000010 0.029507 0.105307
0.152749 0.000010 0.840052 0.000010 0.007168 0.000010
0.098165 0.003886 0.841912 0.006351 0.017518 0.032169
0.063544 0.000010 0.880599 0.000010 0.000010 0.055828
0.030956 0.000010 0.865446 0.014577 0.000010 0.089001
0.453237 0.180421 0.264163 0.000010 0.057708 0.044461
0.284271 0.000010 0.000010 0.090332 0.000010 0.625366
0.313257 0.005588 0.011820 0.083702 0.000010 0.585622
0.492189 0.404225 0.006427 0.035568 0.000010 0.061582
0.077369 0.867012 0.018165 0.000010 0.037434 0.000010
0.257808 0.000010 0.019131 0.085717 0.000010 0.637324
0.906201 0.093759 0.000010 0.000010 0.000010 0.000010
0.341118 0.000010 0.012533 0.048376 0.000092 0.597871
0.688530 0.290521 0.000010 0.000010 0.000010 0.020920
0.000010 0.000010 0.000010 0.000010 0.999950 0.000010
0.141903 0.826613 0.000010 0.000010 0.007468 0.023996
0.163707 0.008477 0.000010 0.045646 0.439732 0.342428
0.250911 0.672505 0.000010 0.000010 0.026197 0.050368
0.832659 0.125351 0.000010 0.000010 0.022836 0.019134
0.678248 0.283611 0.000010 0.000010 0.027601 0.010520
0.102826 0.897134 0.000010 0.000010 0.000010 0.000010
0.191067 0.036013 0.084975 0.022888 0.000010 0.665048
0.374346 0.617824 0.000010 0.000010 0.000010 0.007800
0.162034 0.824740 0.000010 0.000010 0.000010 0.013196
0.040011 0.941504 0.000010 0.000010 0.000010 0.018455
0.812869 0.177990 0.000010 0.009110 0.000010 0.000010
0.252941 0.673360 0.000010 0.000010 0.037648 0.036030
0.000010 0.000010 0.000010 0.000010 0.999950 0.000010
0.000010 0.000010 0.000010 0.000010 0.999950 0.000010
0.149016 0.850944 0.000010 0.000010 0.000010 0.000010
0.000010 0.000010 0.000010 0.000010 0.999950 0.000010
0.056288 0.839220 0.005443 0.000010 0.020718 0.078321
0.000010 0.999950 0.000010 0.000010 0.000010 0.000010
0.000010 0.000010 0.000010 0.000010 0.999950 0.000010
0.000010 0.000010 0.000010 0.000015 0.999945 0.000010
0.000010 0.000010 0.000010 0.000010 0.999950 0.000010
0.000010 0.000010 0.000010 0.000010 0.999950 0.000010
0.120789 0.000010 0.004462 0.024939 0.849791 0.000010
0.699986 0.240912 0.000010 0.000010 0.014952 0.044130
0.807226 0.173198 0.000010 0.000010 0.019547 0.000010
0.000010 0.000010 0.000010 0.000010 0.999950 0.000010
0.191245 0.504217 0.000010 0.000010 0.200427 0.104090
0.181168 0.792749 0.000010 0.000010 0.026053 0.000010
0.000010 0.000010 0.000010 0.000010 0.999950 0.000010
0.004975 0.000266 0.000010 0.006499 0.953475 0.034775
0.000010 0.000010 0.000010 0.000010 0.999950 0.000010
0.729589 0.184362 0.000010 0.009736 0.002485 0.073818
0.800017 0.199943 0.000010 0.000010 0.000010 0.000010
0.795994 0.203966 0.000010 0.000010 0.000010 0.000010
0.873916 0.098741 0.000010 0.000010 0.008887 0.018436
0.000010 0.055121 0.000010 0.000010 0.907683 0.037166
0.000010 0.000010 0.383839 0.325687 0.290444 0.000010
0.000010 0.000010 0.000010 0.000010 0.999950 0.000010
0.000010 0.000013 0.000019 0.000010 0.999938 0.000010
0.000010 0.000010 0.000010 0.000010 0.999950 0.000010
0.000010 0.000010 0.000010 0.000010 0.999950 0.000010
0.000010 0.000011 0.000011 0.000010 0.999947 0.000010
0.000010 0.000010 0.000010 0.000010 0.999950 0.000010
0.713257 0.241366 0.023578 0.007261 0.011776 0.002763
0.000010 0.000010 0.000010 0.000010 0.999950 0.000010
0.073491 0.000010 0.021418 0.000010 0.891185 0.013886
0.054968 0.944992 0.000010 0.000010 0.000010 0.000010
0.043805 0.005264 0.000010 0.008593 0.844596 0.097731
0.183820 0.150433 0.000010 0.000010 0.587603 0.078123
0.000010 0.000010 0.000010 0.000010 0.999950 0.000010
0.000010 0.000010 0.000010 0.000010 0.999950 0.000010
0.000010 0.000010 0.000010 0.000010 0.999950 0.000010
0.000010 0.000010 0.000010 0.000010 0.999950 0.000010
0.018701 0.000010 0.000014 0.000010 0.980636 0.000630
0.000010 0.000010 0.000010 0.000010 0.999950 0.000010
0.960664 0.032491 0.000010 0.000010 0.006815 0.000010
0.000010 0.029734 0.744692 0.225544 0.000010 0.000010
0.034513 0.000010 0.691651 0.222556 0.000010 0.051260
0.016596 0.000010 0.733465 0.249909 0.000010 0.000010
0.000010 0.000010 0.000010 0.000010 0.999950 0.000010
0.000010 0.000010 0.000010 0.000010 0.999950 0.000010
0.000010 0.000010 0.744028 0.244456 0.000010 0.011486
0.092020 0.000010 0.687289 0.204342 0.000010 0.016328
0.000010 0.035834 0.732283 0.231853 0.000010 0.000010
0.000010 0.000010 0.000010 0.000010 0.999950 0.000010
0.000010 0.000010 0.000010 0.000010 0.999950 0.000010
0.000010 0.000010 0.000010 0.000010 0.000010 0.999950
0.000010 0.000010 0.000010 0.000010 0.999950 0.000010
0.089953 0.208387 0.000010 0.000010 0.000010 0.701631
0.000010 0.000010 0.000010 0.820774 0.179186 0.000010
0.000010 0.000010 0.000010 0.819281 0.180679 0.000010
0.235720 0.666485 0.000010 0.000010 0.000010 0.097765
0.000010 0.000010 0.000010 0.843303 0.156657 0.000010
0.047637 0.000010 0.910540 0.000010 0.020988 0.020814
0.405627 0.001051 0.112558 0.064775 0.000010 0.415979
0.270783 0.460283 0.016865 0.000010 0.120167 0.131893
0.222235 0.048886 0.439092 0.188594 0.000010 0.101182
0.291390 0.150648 0.000010 0.000010 0.409936 0.148006
0.277388 0.097845 0.000010 0.000010 0.424027 0.200720
0.097136 0.902824 0.000010 0.000010 0.000010 0.000010
0.157438 0.000010 0.007306 0.047743 0.674063 0.113439
0.517153 0.426366 0.019156 0.005388 0.005653 0.026284
0.111964 0.809096 0.000010 0.000010 0.078910 0.000010
0.138860 0.447356 0.000010 0.000010 0.348439 0.065325
0.534939 0.004664 0.000010 0.031693 0.000010 0.428683
0.435457 0.498573 0.000010 0.004757 0.053975 0.007227
0.746122 0.128092 0.000010 0.000010 0.004102 0.121664
0.145404 0.002732 0.506470 0.189014 0.000010 0.156370
0.065104 0.000010 0.019458 0.011640 0.902512 0.001276
0.143021 0.000010 0.526977 0.161516 0.000010 0.168466
0.000010 0.000010 0.737659 0.247234 0.000010 0.015078
0.459283 0.503516 0.006148 0.000010 0.000010 0.031033
0.303921 0.696039 0.000010 0.000010 0.000010 0.000010
0.000010 0.000010 0.657486 0.000010 0.000010 0.342474
0.312841 0.612275 0.043081 0.002952 0.023694 0.005156
0.150292 0.807196 0.009405 0.000010 0.000010 0.033087
0.107708 0.888947 0.003315 0.000010 0.000010 0.000010
0.446478 0.045997 0.117568 0.026258 0.000010 0.363690
0.000010 0.000010 0.000010 0.000010 0.000966 0.998994
0.400645 0.511057 0.000010 0.000010 0.012966 0.075313
0.042308 0.000010 0.729236 0.228427 0.000010 0.000010
0.861649 0.081157 0.051728 0.000010 0.000010 0.005447
0.240216 0.586521 0.000010 0.000010 0.089611 0.083632
0.193071 0.000010 0.487653 0.275170 0.018171 0.025924
0.756495 0.167946 0.038853 0.005722 0.000010 0.030975
0.000010 0.000010 0.000010 0.000010 0.999950 0.000010
0.331460 0.624081 0.000010 0.005849 0.038591 0.000010
0.326771 0.636522 0.000010 0.000010 0.036677 0.000010
0.315777 0.609387 0.026025 0.000010 0.024976 0.023825
0.068828 0.843476 0.000010 0.000010 0.004326 0.083351
0.273307 0.303257 0.000010 0.000010 0.117657 0.305759
0.635486 0.173970 0.029029 0.000010 0.076638 0.084866
0.044478 0.953580 0.000010 0.000010 0.000010 0.001912
0.000010 0.992238 0.000010 0.000010 0.007722 0.000010
0.808728 0.144148 0.004125 0.000010 0.042979 0.000010
0.065013 0.796183 0.000010 0.000010 0.138774 0.000010
0.805158 0.073177 0.022178 0.000010 0.088725 0.010752
0.188535 0.756378 0.000010 0.001825 0.053242 0.000010
0.199731 0.772273 0.000010 0.000010 0.007212 0.020764
0.847414 0.050543 0.094629 0.000010 0.000010 0.007394
0.042695 0.915261 0.000010 0.000010 0.005535 0.036489
0.190755 0.355967 0.000010 0.020527 0.365597 0.067144
0.081261 0.888775 0.000010 0.000010 0.029933 0.000010
0.165033 0.473651 0.000010 0.000010 0.361287 0.000010
0.365983 0.611015 0.000010 0.000010 0.022972 0.000010
0.093464 0.847248 0.000010 0.000010 0.049137 0.010131
0.216394 0.740257 0.000010 0.000010 0.011142 0.032187
0.302097 0.130871 0.000010 0.000010 0.381156 0.185857
0.278295 0.247314 0.000010 0.000010 0.018825 0.455546
0.000010 0.000010 0.000010 0.000010 0.000010 0.999950
0.064487 0.168240 0.000010 0.000010 0.207107 0.560146
0.184722 0.117878 0.000010 0.000010 0.286673 0.410707
0.239161 0.226990 0.000010 0.000010 0.039498 0.494331
0.181996 0.120918 0.037603 0.000010 0.024271 0.635202
0.330106 0.177758 0.000010 0.000010 0.238301 0.253815
0.000010 0.000010 0.000010 0.000010 0.000010 0.999950
0.415958 0.463699 0.001079 0.011435 0.009334 0.098494
0.237470 0.285099 0.000010 0.000010 0.028371 0.449040
0.000010 0.135512 0.000010 0.000010 0.000010 0.864448
0.012214 0.000010 0.063183 0.074734 0.000010 0.849848
0.241045 0.014246 0.469370 0.266530 0.000010 0.008799
0.175628 0.000010 0.510087 0.313580 0.000010 0.000685
0.000010 0.000010 0.000010 0.016440 0.000010 0.983520
0.102542 0.364191 0.000010 0.000010 0.024943 0.508303
0.211718 0.206846 0.029233 0.000010 0.062679 0.489515
0.000010 0.049907 0.000010 0.000010 0.000010 0.950053
0.182603 0.000010 0.270958 0.453444 0.000010 0.092975
0.000010 0.000010 0.000010 0.999950 0.000010 0.000010
0.009064 0.000010 0.830232 0.000010 0.015728 0.144956
0.241501 0.258229 0.029966 0.000010 0.048606 0.421688
0.000010 0.942486 0.007424 0.000010 0.019742 0.030327
0.175280 0.803337 0.000010 0.000010 0.000010 0.021353
0.981757 0.012513 0.000010 0.004214 0.000010 0.001496
0.920524 0.039754 0.002391 0.000010 0.000010 0.037311
0.046535 0.933559 0.000010 0.000010 0.019875 0.000010
0.224475 0.283067 0.000010 0.000010 0.420286 0.072152
0.480819 0.301806 0.000010 0.000343 0.169431 0.047592
0.375341 0.468717 0.000010 0.007219 0.062733 0.085981
0.000010 0.000010 0.873619 0.126341 0.000010 0.000010
0.242745 0.693625 0.000010 0.000010 0.017306 0.046304
0.000010 0.952284 0.000010 0.000010 0.010736 0.036949
0.361344 0.527597 0.005372 0.000010 0.034833 0.070845
0.257288 0.711154 0.000010 0.000010 0.008540 0.022997
0.371105 0.579833 0.000010 0.000010 0.039505 0.009537
0.518878 0.436203 0.010232 0.000010 0.007662 0.027014
0.000010 0.000010 0.000010 0.000010 0.000010 0.999950
0.324129 0.630655 0.000010 0.000010 0.007265 0.037931
0.248162 0.723293 0.000010 0.000010 0.015072 0.013453
0.266241 0.692174 0.000010 0.004753 0.000010 0.036813
0.658549 0.270981 0.021910 0.000010 0.048539 0.000010
0.000010 0.963688 0.000010 0.000010 0.000010 0.036272
0.086875 0.242123 0.000010 0.000010 0.000010 0.670973
0.811396 0.136869 0.000010 0.012901 0.038814 0.000010
0.705441 0.151740 0.000010 0.007866 0.008878 0.126064
0.793937 0.103724 0.000010 0.004322 0.036843 0.061163
0.732229 0.267731 0.000010 0.000010 0.000010 0.000010
0.089988 0.909972 0.000010 0.000010 0.000010 0.000010
0.143226 0.813861 0.000010 0.000010 0.021086 0.021807
0.212579 0.786060 0.000010 0.000010 0.000010 0.001331
0.099526 0.900434 0.000010 0.000010 0.000010 0.000010
0.653590 0.235859 0.000010 0.000010 0.038299 0.072232
0.389906 0.052433 0.000010 0.000010 0.499115 0.058526
0.269758 0.553305 0.000010 0.000010 0.072305 0.104611
0.220606 0.525337 0.000010 0.021354 0.157608 0.075085
0.868806 0.061269 0.000010 0.000010 0.000010 0.069895
0.081818 0.912771 0.000010 0.000010 0.005381 0.000010
0.765130 0.131388 0.024978 0.001530 0.000551 0.076422
0.162520 0.812517 0.000010 0.000010 0.007635 0.017308
0.000010 0.999950 0.000010 0.000010 0.000010 0.000010
0.103324 0.757580 0.000010 0.000010 0.000010 0.139066
0.778656 0.125724 0.000010 0.000010 0.036488 0.059112
0.000010 0.999950 0.000010 0.000010 0.000010 0.000010
0.928422 0.000010 0.000010 0.000010 0.000010 0.071538
0.885580 0.008948 0.009670 0.000010 0.000010 0.095782
0.940387 0.000010 0.000010 0.000010 0.000010 0.059573
0.892577 0.000010 0.012860 0.000010 0.000010 0.094533
0.894791 0.000010 0.000010 0.000010 0.000010 0.105169
0.133214 0.000010 0.000010 0.000010 0.843556 0.023200
0.335322 0.594385 0.000010 0.005116 0.008519 0.056648
0.000010 0.965495 0.000010 0.000010 0.007908 0.026566
0.169982 0.794434 0.000010 0.000010 0.000010 0.035554
0.157258 0.707948 0.000010 0.000010 0.013163 0.121612
0.000010 0.990358 0.000010 0.000010 0.000010 0.009602
0.963431 0.021457 0.000010 0.000010 0.000010 0.015081
0.000010 0.956535 0.000010 0.000010 0.009638 0.033797
0.806786 0.179853 0.000010 0.000015 0.013325 0.000010
0.000010 0.000010 0.000010 0.000010 0.999950 0.000010
0.530278 0.000010 0.000010 0.064543 0.000010 0.405149
0.804756 0.141525 0.000010 0.000010 0.014309 0.039390
0.620253 0.368572 0.000010 0.000010 0.000010 0.011145
0.782213 0.061450 0.000010 0.041096 0.000010 0.115220
0.803193 0.000010 0.044886 0.000010 0.000010 0.151891
0.776374 0.097786 0.000010 0.000010 0.020337 0.105483
0.977889 0.000010 0.000010 0.000010 0.000010 0.022071
0.695451 0.187588 0.004633 0.000010 0.005641 0.106677
0.825848 0.053091 0.000010 0.000010 0.023104 0.097936
0.129404 0.797889 0.000010 0.000194 0.036948 0.035555
0.852279 0.096456 0.003843 0.000010 0.000010 0.047402
0.921423 0.012588 0.000010 0.000010 0.000010 0.065960
0.797156 0.086196 0.000019 0.000010 0.000010 0.116609
0.336781 0.597228 0.006291 0.000010 0.000010 0.059680
0.000010 0.999950 0.000010 0.000010 0.000010 0.000010
0.872151 0.051179 0.000010 0.000010 0.034442 0.042208
0.000010 0.017383 0.000010 0.000010 0.921636 0.060951
0.000010 0.943643 0.013199 0.000010 0.000010 0.043128
0.000010 0.999950 0.000010 0.000010 0.000010 0.000010
0.848762 0.085979 0.000010 0.005362 0.000010 0.059877
0.426452 0.480225 0.028120 0.005355 0.000010 0.059837
0.765715 0.234245 0.000010 0.000010 0.000010 0.000010
0.937472 0.027709 0.000010 0.000010 0.010742 0.024057
0.000010 0.999950 0.000010 0.000010 0.000010 0.000010
0.000010 0.991385 0.000010 0.000010 0.008575 0.000010
0.445687 0.519984 0.000010 0.000010 0.000010 0.034299
0.385677 0.592325 0.000010 0.000010 0.012617 0.009361
0.000010 0.000010 0.852042 0.147918 0.000010 0.000010
0.814112 0.043057 0.000010 0.000010 0.000010 0.142801
0.047688 0.918907 0.000010 0.000010 0.033375 0.000010
0.000010 0.000010 0.838474 0.161486 0.000010 0.000010
0.522247 0.004817 0.000010 0.018294 0.454622 0.000010
0.000010 0.000010 0.000010 0.999950 0.000010 0.000010
0.244787 0.666887 0.000010 0.000010 0.041537 0.046770
0.446952 0.542790 0.000010 0.008556 0.001682 0.000010
0.172366 0.754121 0.000010 0.000010 0.049889 0.023604
0.580935 0.302284 0.004064 0.000010 0.021865 0.090842
0.000010 0.984572 0.000010 0.000010 0.015388 0.000010
0.000010 0.999950 0.000010 0.000010 0.000010 0.000010
0.849042 0.142876 0.000010 0.000010 0.008051 0.000010
0.270711 0.681752 0.003476 0.005730 0.000010 0.038321
0.348257 0.568214 0.000010 0.006610 0.042656 0.034252
0.485979 0.352803 0.000010 0.000010 0.000010 0.161187
0.266507 0.709372 0.000010 0.000010 0.007367 0.016733
0.178865 0.798209 0.000010 0.000010 0.022895 0.000010
0.197462 0.770815 0.000010 0.000010 0.016689 0.015013
0.153246 0.834294 0.000010 0.000010 0.012430 0.000010
0.000010 0.999950 0.000010 0.000010 0.000010 0.000010
0.018949 0.931893 0.000010 0.000010 0.010198 0.038940
0.716210 0.176234 0.000010 0.000010 0.029533 0.078004
0.325366 0.472716 0.001301 0.004414 0.058044 0.138158
0.948400 0.000010 0.005321 0.000010 0.000010 0.046249
0.000010 0.999950 0.000010 0.000010 0.000010 0.000010
0.712673 0.201593 0.017610 0.000010 0.022413 0.045701
0.095544 0.645946 0.000010 0.000010 0.042689 0.215801
0.353346 0.579568 0.009203 0.000010 0.032688 0.025185
0.771368 0.078400 0.000010 0.000010 0.003807 0.146406
0.227982 0.760974 0.000010 0.000010 0.002716 0.008308
0.793862 0.162182 0.000010 0.000010 0.000010 0.043926
0.923036 0.000010 0.000010 0.000010 0.001417 0.075517
0.857169 0.102333 0.000010 0.000010 0.015302 0.025177
0.392445 0.304406 0.004176 0.025121 0.006572 0.267280
0.841755 0.038259 0.000010 0.000010 0.000010 0.119956
0.327793 0.000010 0.106093 0.042386 0.000010 0.523707
0.821737 0.155200 0.000010 0.000010 0.023033 0.000010
0.290046 0.669217 0.000010 0.000010 0.000010 0.040707
0.037522 0.946901 0.000010 0.000010 0.000010 0.015547
0.066377 0.785405 0.000010 0.000010 0.005857 0.142340
0.014899 0.903027 0.000010 0.000010 0.000010 0.082044
0.899191 0.028699 0.000010 0.000010 0.000010 0.072080
0.255766 0.404801 0.031382 0.000010 0.013382 0.294659
0.292765 0.625764 0.000010 0.000010 0.000010 0.081441
0.000010 0.209168 0.668537 0.122265 0.000010 0.000010
0.179507 0.785979 0.007777 0.000010 0.000545 0.026181
0.133159 0.832225 0.000010 0.000010 0.000010 0.034587
0.000010 0.000010 0.000010 0.000010 0.999950 0.000010
0.000010 0.000010 0.000010 0.000010 0.999950 0.000010
0.752414 0.172483 0.001714 0.000010 0.000010 0.073369
0.790998 0.205986 0.000010 0.000010 0.000010 0.002986
0.584295 0.331703 0.000010 0.000010 0.000010 0.083972
0.616462 0.336299 0.000010 0.000010 0.003277 0.043942
0.000010 0.000010 0.000010 0.000010 0.999950 0.000010
0.000010 0.000010 0.000010 0.000010 0.999950 0.000010
0.888732 0.042698 0.000010 0.000010 0.000010 0.068540
0.895266 0.037734 0.000010 0.000010 0.000010 0.066970
0.000010 0.000010 0.000010 0.000010 0.999950 0.000010
0.000010 0.000010 0.000010 0.000010 0.999950 0.000010
0.000010 0.000010 0.000010 0.000010 0.999950 0.000010
0.870039 0.017182 0.015170 0.025204 0.000010 0.072395
0.954871 0.000010 0.000010 0.000010 0.000010 0.045089
0.353878 0.219102 0.073386 0.149351 0.067542 0.136741
0.809583 0.075076 0.036085 0.000010 0.010172 0.069073
0.272146 0.000010 0.215730 0.271719 0.059656 0.180739
0.866829 0.000010 0.036823 0.000010 0.015506 0.080822
0.000010 0.000010 0.000010 0.000010 0.999950 0.000010
0.860439 0.061823 0.000010 0.000010 0.000010 0.077708
0.680583 0.211375 0.000010 0.000010 0.006372 0.101651
0.324615 0.090963 0.000010 0.000010 0.557804 0.026598
0.063321 0.027220 0.000010 0.000010 0.909429 0.000010
0.837990 0.075170 0.000010 0.000010 0.000010 0.086810
0.000010 0.000010 0.000010 0.000010 0.999950 0.000010
0.000010 0.000010 0.000010 0.000010 0.999950 0.000010
0.000010 0.000010 0.000010 0.000010 0.999950 0.000010
0.000010 0.000010 0.000010 0.000010 0.999950 0.000010
0.000010 0.000010 0.000010 0.000010 0.999950 0.000010
0.253675 0.620895 0.000010 0.000010 0.000010 0.125401
0.159338 0.590990 0.001541 0.000010 0.140802 0.107319
0.186914 0.571351 0.000010 0.000010 0.140364 0.101350
0.000010 0.000010 0.000010 0.000010 0.999950 0.000010
0.000010 0.000010 0.000010 0.999950 0.000010 0.000010
0.514646 0.418123 0.010265 0.000010 0.056946 0.000010
0.158438 0.841522 0.000010 0.000010 0.000010 0.000010
0.323949 0.576474 0.000010 0.000010 0.051402 0.048156
0.757799 0.242161 0.000010 0.000010 0.000010 0.000010
0.753615 0.246345 0.000010 0.000010 0.000010 0.000010
0.170442 0.765885 0.000010 0.000010 0.003572 0.060081
0.778538 0.221422 0.000010 0.000010 0.000010 0.000010
0.488440 0.348269 0.004946 0.000010 0.044044 0.114289
0.138715 0.780399 0.000010 0.000010 0.024621 0.056244
0.147439 0.674849 0.000010 0.006239 0.003799 0.167664
0.698280 0.301680 0.000010 0.000010 0.000010 0.000010
0.163222 0.760340 0.002238 0.000010 0.016354 0.057836
0.211462 0.328851 0.000010 0.000010 0.062890 0.396777
0.001823 0.000010 0.185234 0.107996 0.000010 0.704927
0.692492 0.160240 0.052123 0.008000 0.030073 0.057072
0.530132 0.431814 0.000010 0.000010 0.010971 0.027062
0.419982 0.460881 0.000010 0.011776 0.010644 0.096707
0.008962 0.897789 0.005061 0.000010 0.002659 0.085520
0.143811 0.045280 0.501063 0.201164 0.000010 0.108672
0.384151 0.015042 0.108030 0.156897 0.091202 0.244679
0.339222 0.649906 0.000010 0.000010 0.010842 0.000010
0.172034 0.725513 0.000010 0.000010 0.000010 0.102423
0.082099 0.522770 0.000010 0.000010 0.395101 0.000010
0.422807 0.537413 0.001280 0.000010 0.010388 0.028102
0.120392 0.016405 0.048304 0.036683 0.717873 0.060344
0.496024 0.502782 0.000010 0.000010 0.001164 0.000010
0.405982 0.022109 0.032959 0.042735 0.071126 0.425088
0.062070 0.881814 0.000010 0.000010 0.000010 0.056086
0.000010 0.999950 0.000010 0.000010 0.000010 0.000010
0.099758 0.886620 0.004947 0.000010 0.000010 0.008655
0.102698 0.818466 0.000010 0.000010 0.000010 0.078806
0.185065 0.000010 0.739662 0.075244 0.000010 0.000010
0.927855 0.000010 0.000010 0.000010 0.000010 0.072105
0.131659 0.000010 0.000010 0.000010 0.000010 0.868301
0.811322 0.146848 0.000010 0.000010 0.000675 0.041136
0.495000 0.428743 0.000010 0.000010 0.011383 0.064854
0.968246 0.026963 0.000010 0.000010 0.000010 0.004761
0.528343 0.332365 0.000010 0.000010 0.018969 0.120303
0.783986 0.123030 0.000010 0.000010 0.003356 0.089608
0.098724 0.000010 0.002042 0.000233 0.005257 0.893734
0.160865 0.839050 0.000010 0.000010 0.000056 0.000010
0.067728 0.912301 0.019941 0.000010 0.000010 0.000010
0.765763 0.075093 0.000010 0.003678 0.007880 0.147575
0.000010 0.960902 0.000010 0.000010 0.000010 0.039058
0.831769 0.096638 0.000010 0.002069 0.015317 0.054198
0.103699 0.000010 0.705334 0.114533 0.000010 0.076414
0.096035 0.102211 0.000010 0.000010 0.000010 0.801724
0.000010 0.000010 0.999950 0.000010 0.000010 0.000010
0.324407 0.000010 0.566975 0.108588 0.000010 0.000010
0.312802 0.000010 0.041511 0.056195 0.383447 0.206035
0.000010 0.000010 0.835707 0.164253 0.000010 0.000010
0.000010 0.000010 0.000010 0.000010 0.999950 0.000010
0.244921 0.716705 0.000010 0.000010 0.000010 0.038344
0.902752 0.000010 0.000010 0.000010 0.000010 0.097208
0.829818 0.078273 0.000010 0.000010 0.009459 0.082431
0.017109 0.059860 0.000010 0.000010 0.889166 0.033844
0.551633 0.397892 0.024831 0.000010 0.025623 0.000010
0.477377 0.062809 0.117821 0.111172 0.069487 0.161334
0.516037 0.034718 0.000010 0.000010 0.011128 0.438097
0.785684 0.067246 0.000010 0.000010 0.026608 0.120442
0.789061 0.102190 0.000010 0.000010 0.025448 0.083281
0.519605 0.243002 0.000010 0.000010 0.026195 0.211178
0.793532 0.112179 0.000010 0.000010 0.000010 0.094259
0.113449 0.000010 0.028607 0.040986 0.751594 0.065353
0.149736 0.021438 0.038503 0.062393 0.684448 0.043482
0.133636 0.000010 0.012698 0.014237 0.827706 0.011713
0.464577 0.019091 0.000010 0.061876 0.010098 0.444347
0.000010 0.000010 0.000010 0.000010 0.000010 0.999950
0.296245 0.000010 0.612513 0.021003 0.000010 0.070219
0.194539 0.000010 0.199150 0.065847 0.000010 0.540444
0.000010 0.999950 0.000010 0.000010 0.000010 0.000010
0.058068 0.788106 0.000010 0.000010 0.153796 0.000010
0.453167 0.546793 0.000010 0.000010 0.000010 0.000010
0.243177 0.642647 0.000010 0.000010 0.073963 0.040193
0.985821 0.014139 0.000010 0.000010 0.000010 0.000010
0.000010 0.947044 0.000010 0.000010 0.006041 0.046884
0.038443 0.953061 0.000010 0.000010 0.008466 0.000010
0.111833 0.026987 0.044780 0.055868 0.689405 0.071128
0.072445 0.026706 0.008661 0.062599 0.738685 0.090903
0.011801 0.988159 0.000010 0.000010 0.000010 0.000010
0.538382 0.172237 0.008128 0.088581 0.000010 0.192662
0.067986 0.865494 0.000010 0.009394 0.000010 0.057106
0.224029 0.643172 0.000011 0.000010 0.046433 0.086346
0.828008 0.128134 0.000010 0.033930 0.000933 0.008985
0.023665 0.028308 0.000010 0.000010 0.873036 0.074972
0.205940 0.412789 0.000010 0.000184 0.357571 0.023507
0.334827 0.016866 0.147144 0.164370 0.152296 0.184497
0.129474 0.749714 0.012264 0.000010 0.060438 0.048100
0.611637 0.284611 0.000010 0.000010 0.037293 0.066439
0.222045 0.685136 0.000010 0.000010 0.040537 0.052261
0.000010 0.048565 0.000010 0.000010 0.902114 0.049291
0.096296 0.891532 0.000010 0.000010 0.000010 0.012142
0.360509 0.614075 0.005520 0.000010 0.019876 0.000010
0.482823 0.413225 0.000010 0.000010 0.029288 0.074644
0.382362 0.583393 0.000010 0.004529 0.000010 0.029696
0.121302 0.053760 0.509835 0.227123 0.000010 0.087971
0.000010 0.000010 0.000010 0.000010 0.000010 0.999950
0.188408 0.000010 0.514843 0.242948 0.000010 0.053781
0.859641 0.084482 0.040740 0.000010 0.015117 0.000010
0.823916 0.141627 0.011039 0.000010 0.005000 0.018408
0.000010 0.000010 0.711109 0.288851 0.000010 0.000010
0.000010 0.000010 0.719812 0.280148 0.000010 0.000010
0.592956 0.051004 0.025929 0.013000 0.000010 0.317100
0.000010 0.000010 0.732955 0.267005 0.000010 0.000010
0.223944 0.052222 0.387670 0.091581 0.000010 0.244574
0.258743 0.000010 0.611963 0.093084 0.000010 0.036189
0.999950 0.000010 0.000010 0.000010 0.000010 0.000010
0.060272 0.116263 0.000010 0.000010 0.000010 0.823434
0.105376 0.110657 0.000010 0.000010 0.000010 0.783937
0.000010 0.117684 0.000010 0.000010 0.000010 0.882276
0.020718 0.126120 0.000010 0.000010 0.000010 0.853132
0.026130 0.098911 0.000010 0.000010 0.000010 0.874928
0.078862 0.084251 0.000010 0.000010 0.015189 0.821679
0.047893 0.074837 0.000010 0.000010 0.000010 0.877239
0.038994 0.094310 0.000010 0.000010 0.000010 0.866666
0.000010 0.000010 0.847097 0.140872 0.000010 0.012001
0.000010 0.000010 0.870759 0.103548 0.000010 0.025663
0.000010 0.000010 0.759447 0.240513 0.000010 0.000010
0.000010 0.999950 0.000010 0.000010 0.000010 0.000010
0.000010 0.000010 0.693258 0.306702 0.000010 0.000010
0.712758 0.190926 0.000010 0.000010 0.096286 0.000010
0.000010 0.000010 0.741613 0.258347 0.000010 0.000010
0.000010 0.000010 0.877400 0.122560 0.000010 0.000010
0.000010 0.000010 0.899771 0.100189 0.000010 0.000010
0.044886 0.000010 0.861513 0.089303 0.000010 0.004278
0.000010 0.000010 0.873156 0.126804 0.000010 0.000010
0.071932 0.000613 0.844933 0.082502 0.000010 0.000010
0.000010 0.000010 0.999950 0.000010 0.000010 0.000010
0.072305 0.827694 0.000010 0.000010 0.000010 0.099971
0.619462 0.238336 0.000010 0.033943 0.000010 0.108240
0.062253 0.089581 0.000010 0.000010 0.000010 0.848135
0.016589 0.000010 0.911423 0.000010 0.025313 0.046655
0.000010 0.999950 0.000010 0.000010 0.000010 0.000010
0.140297 0.073095 0.000010 0.000010 0.000010 0.786578
0.134930 0.056077 0.000010 0.000010 0.000010 0.808964
0.000010 0.999950 0.000010 0.000010 0.000010 0.000010
0.918358 0.064939 0.000010 0.000010 0.016672 0.000010
0.000010 0.045780 0.954180 0.000010 0.000010 0.000010
0.000010 0.000010 0.000010 0.000010 0.000010 0.999950
0.063199 0.082206 0.000010 0.000010 0.000010 0.854566
0.000010 0.125839 0.000010 0.000010 0.012841 0.861290
0.000010 0.000010 0.999950 0.000010 0.000010 0.000010
0.762836 0.154480 0.000010 0.013833 0.006956 0.061885
0.207373 0.618293 0.013195 0.000010 0.100329 0.060801
0.202221 0.000010 0.660866 0.078064 0.000010 0.058829
0.175223 0.000010 0.703847 0.072678 0.000010 0.048232
0.294175 0.000010 0.618458 0.081962 0.000010 0.005384
0.000010 0.000010 0.000010 0.000010 0.999950 0.000010
0.005846 0.016019 0.000010 0.000010 0.914126 0.063988
0.000010 0.005252 0.947242 0.008104 0.039263 0.000129
0.000010 0.000036 0.839412 0.099061 0.030913 0.030569
0.000010 0.000010 0.999950 0.000010 0.000010 0.000010
0.000010 0.000010 0.984830 0.000010 0.015130 0.000010
0.000010 0.000010 0.999950 0.000010 0.000010 0.000010
0.000010 0.000010 0.999950 0.000010 0.000010 0.000010
0.000010 0.000010 0.982764 0.000010 0.017196 0.000010
0.001294 0.037024 0.835482 0.126181 0.000010 0.000010
0.233651 0.000010 0.650734 0.107028 0.000010 0.008568
0.288005 0.000010 0.641226 0.062424 0.000010 0.008324
0.022140 0.000010 0.917531 0.031849 0.000010 0.028460
0.234270 0.000010 0.664935 0.076417 0.000010 0.024359
0.405265 0.012280 0.000010 0.024928 0.142016 0.415502
0.304529 0.632699 0.062742 0.000010 0.000010 0.000010
0.999950 0.000010 0.000010 0.000010 0.000010 0.000010
0.088302 0.133462 0.000010 0.000010 0.000010 0.778205
0.004253 0.128329 0.000010 0.000010 0.000010 0.867388
0.082048 0.032090 0.526911 0.282495 0.000010 0.076445
0.441384 0.000010 0.140792 0.191610 0.120511 0.105692
0.528550 0.363458 0.031840 0.035143 0.005284 0.035724
0.584556 0.141484 0.000010 0.080881 0.000010 0.193059
0.204110 0.000010 0.415930 0.244997 0.000010 0.134943
0.063679 0.885622 0.000010 0.000010 0.017982 0.032697
0.000010 0.000010 0.999950 0.000010 0.000010 0.000010
0.000010 0.018957 0.827881 0.153133 0.000010 0.000010
0.000010 0.000010 0.973549 0.000010 0.006572 0.019849
0.962621 0.021161 0.000010 0.000010 0.016188 0.000010
0.000010 0.000010 0.902353 0.090193 0.001299 0.006135
0.000010 0.018449 0.968361 0.000010 0.013160 0.000010
0.015682 0.042999 0.933447 0.000010 0.007852 0.000010
0.000010 0.026093 0.973867 0.000010 0.000010 0.000010
0.000010 0.000010 0.999950 0.000010 0.000010 0.000010
0.000010 0.000010 0.999950 0.000010 0.000010 0.000010
0.439897 0.280947 0.060943 0.036264 0.049566 0.132383
0.850278 0.125795 0.000010 0.018751 0.005155 0.000010
0.120000 0.069957 0.503648 0.244901 0.000010 0.061484
0.045339 0.076447 0.524194 0.224514 0.000010 0.129496
0.829464 0.133524 0.030440 0.006552 0.000010 0.000010
0.296767 0.682004 0.000010 0.000010 0.016711 0.004498
0.149692 0.792535 0.000010 0.000010 0.057743 0.000010
0.010101 0.974593 0.014437 0.000010 0.000849 0.000010
0.000010 0.000010 0.999950 0.000010 0.000010 0.000010
0.006102 0.850674 0.000010 0.000010 0.039938 0.103266
0.000010 0.000010 0.990971 0.000010 0.008989 0.000010
0.000010 0.000010 0.999950 0.000010 0.000010 0.000010
0.000010 0.000010 0.919875 0.030898 0.015341 0.033865
0.039931 0.032496 0.912009 0.015544 0.000010 0.000010
0.000010 0.000010 0.996556 0.000010 0.003404 0.000010
0.045642 0.000010 0.942369 0.000010 0.011959 0.000010
0.035173 0.294683 0.000010 0.000010 0.030612 0.639513
0.168104 0.284940 0.000010 0.000010 0.065107 0.481829
0.194448 0.068276 0.258652 0.122892 0.000010 0.355721
0.265912 0.000010 0.042076 0.156620 0.345821 0.189560
0.150280 0.000010 0.066162 0.089254 0.555625 0.138670
0.222336 0.000010 0.060221 0.067681 0.530638 0.119113
0.351553 0.625795 0.005781 0.008198 0.008663 0.000010
0.000010 0.007748 0.965493 0.000010 0.026729 0.000010
0.000010 0.000010 0.999950 0.000010 0.000010 0.000010
0.000010 0.000010 0.999950 0.000010 0.000010 0.000010
0.203599 0.000010 0.050742 0.129683 0.387904 0.228061
0.272285 0.000010 0.029295 0.105199 0.432491 0.160719
0.164092 0.266401 0.000010 0.000010 0.061133 0.508355
0.000010 0.212188 0.000010 0.000010 0.037240 0.750543
0.150898 0.000010 0.048597 0.110244 0.501217 0.189034
0.156360 0.272832 0.000010 0.000010 0.053681 0.517107
0.214464 0.167256 0.000010 0.000010 0.343092 0.275168
0.224764 0.019341 0.088415 0.116276 0.392043 0.159161
0.320181 0.104058 0.000010 0.000010 0.407152 0.168589
0.248689 0.250343 0.000010 0.000010 0.063606 0.437342
0.127456 0.286604 0.000010 0.000010 0.032469 0.553451
0.000010 0.060977 0.000010 0.000010 0.000010 0.938983
0.099833 0.011669 0.691428 0.112537 0.000355 0.084177
0.000010 0.000010 0.999950 0.000010 0.000010 0.000010
0.142051 0.000010 0.773219 0.044045 0.000010 0.040666
0.140494 0.000010 0.793808 0.017269 0.000010 0.048409
0.632774 0.306874 0.000010 0.000010 0.008817 0.051515
0.626704 0.317829 0.007590 0.017100 0.030767 0.000010
0.222802 0.664052 0.039785 0.000232 0.005518 0.067610
0.790952 0.100201 0.021863 0.012742 0.023247 0.050994
0.000010 0.000010 0.000010 0.000010 0.999950 0.000010
0.000010 0.000010 0.409801 0.284743 0.305426 0.000010
0.832518 0.167442 0.000010 0.000010 0.000010 0.000010
0.775138 0.224822 0.000010 0.000010 0.000010 0.000010
0.202489 0.073994 0.478446 0.146625 0.000010 0.098435
0.739908 0.092871 0.046464 0.000010 0.028259 0.092488
0.071537 0.036799 0.020269 0.046987 0.713099 0.111309
0.999950 0.000010 0.000010 0.000010 0.000010 0.000010
0.758878 0.074375 0.000010 0.046421 0.009682 0.110634
0.956404 0.043556 0.000010 0.000010 0.000010 0.000010
0.027339 0.972621 0.000010 0.000010 0.000010 0.000010
0.000010 0.999950 0.000010 0.000010 0.000010 0.000010
0.099856 0.840313 0.000010 0.000010 0.025389 0.034422
0.000010 0.000010 0.000010 0.000010 0.999950 0.000010
0.000010 0.000010 0.000010 0.000010 0.999950 0.000010
0.000010 0.000010 0.808055 0.191905 0.000010 0.000010
0.000010 0.000010 0.707310 0.292650 0.000010 0.000010
0.000010 0.000010 0.493608 0.506352 0.000010 0.000010
0.000010 0.999950 0.000010 0.000010 0.000010 0.000010
0.000010 0.000010 0.715840 0.241323 0.000010 0.042807
0.017391 0.000010 0.729712 0.252867 0.000010 0.000010
0.017102 0.000010 0.753558 0.229310 0.000010 0.000010
0.000010 0.000010 0.735862 0.230526 0.000010 0.033582
0.735786 0.010777 0.000010 0.086137 0.000010 0.167280
0.109856 0.000010 0.164518 0.246820 0.071888 0.406908
0.113971 0.007759 0.252873 0.129973 0.000010 0.495414
0.127497 0.038928 0.492976 0.193801 0.000010 0.146788
0.550593 0.013287 0.000010 0.141560 0.070696 0.223854
0.293413 0.000010 0.475436 0.067442 0.000010 0.163689
0.115301 0.858167 0.000010 0.000010 0.000010 0.026502
0.000010 0.000010 0.997934 0.000010 0.002026 0.000010
0.000010 0.000010 0.999950 0.000010 0.000010 0.000010
0.000010 0.005459 0.000010 0.000010 0.010664 0.983847
0.000010 0.000010 0.000010 0.000010 0.000010 0.999950
0.000010 0.000010 0.999950 0.000010 0.000010 0.000010
0.138495 0.370531 0.000010 0.000010 0.037246 0.453708
0.227536 0.180928 0.000010 0.000010 0.016066 0.575450
0.000010 0.000010 0.999950 0.000010 0.000010 0.000010
0.136915 0.036263 0.512145 0.220828 0.000010 0.093839
0.000010 0.000010 0.000010 0.000010 0.000010 0.999950
0.285915 0.010759 0.103565 0.120190 0.267353 0.212217
0.298045 0.585583 0.000010 0.000010 0.043509 0.072843
0.170869 0.000010 0.000010 0.000010 0.771302 0.057800
0.087417 0.221310 0.000010 0.000010 0.041334 0.649919
0.168302 0.028676 0.519030 0.179340 0.000010 0.104642
0.877732 0.122228 0.000010 0.000010 0.000010 0.000010
0.166564 0.813555 0.000010 0.000010 0.000010 0.019851
0.080061 0.878016 0.001641 0.000010 0.002514 0.037757
0.746813 0.182364 0.000010 0.000010 0.035421 0.035383
0.000010 0.999950 0.000010 0.000010 0.000010 0.000010
0.292177 0.670050 0.000010 0.000010 0.024280 0.013473
0.753005 0.131611 0.007032 0.008536 0.022759 0.077057
0.729768 0.147154 0.000010 0.000010 0.043589 0.079468
0.244364 0.025833 0.295614 0.297853 0.003653 0.132683
0.166161 0.824439 0.000010 0.006875 0.002505 0.000010
0.856203 0.107278 0.000010 0.000010 0.000010 0.036489
0.079256 0.920704 0.000010 0.000010 0.000010 0.000010
0.069024 0.890677 0.001420 0.000010 0.001101 0.037767
0.169133 0.017643 0.480804 0.154391 0.000010 0.178019
0.000010 0.000010 0.972027 0.000010 0.000010 0.027933
0.214675 0.031349 0.492381 0.186633 0.000010 0.074951
0.095055 0.038963 0.533773 0.202103 0.000010 0.130095
0.000010 0.000010 0.842999 0.156961 0.000010 0.000010
0.000010 0.000010 0.851208 0.148752 0.000010 0.000010
0.181997 0.000010 0.270618 0.120702 0.000010 0.426663
0.075236 0.061890 0.345043 0.132473 0.000010 0.385347
0.051776 0.030707 0.024996 0.000010 0.763071 0.129441
0.000010 0.000010 0.999950 0.000010 0.000010 0.000010
0.000010 0.000010 0.999950 0.000010 0.000010 0.000010
0.000010 0.988409 0.000010 0.000010 0.011551 0.000010
0.427651 0.084982 0.163148 0.098725 0.035480 0.190014
0.380161 0.051212 0.224710 0.157677 0.006457 0.179783
0.345926 0.034129 0.214011 0.126400 0.048011 0.231523
0.093327 0.865589 0.000010 0.000010 0.006400 0.034664
0.000010 0.000157 0.978395 0.000010 0.000010 0.021418
0.000010 0.000010 0.999950 0.000010 0.000010 0.000010
0.000010 0.000010 0.000010 0.000010 0.000010 0.999950
0.000010 0.000010 0.999950 0.000010 0.000010 0.000010
0.000010 0.000010 0.995031 0.000010 0.004929 0.000010
0.000010 0.052865 0.946507 0.000010 0.000599 0.000010
0.031680 0.000010 0.968280 0.000010 0.000010 0.000010
0.278156 0.690678 0.000010 0.000010 0.000010 0.031136
0.099309 0.879773 0.012245 0.000010 0.000010 0.008653
