0.455906 0.445124 0.000010 0.020552 0.063484 0.014923
0.247176 0.641931 0.000010 0.086691 0.024182 0.000010
0.423790 0.434467 0.050086 0.005709 0.003960 0.081989
0.000010 0.056886 0.000010 0.008797 0.910757 0.023540
0.285488 0.509297 0.004239 0.111715 0.000010 0.089252
0.745532 0.189579 0.000010 0.002277 0.028040 0.034562
0.326384 0.177074 0.004296 0.000010 0.432005 0.060231
0.935998 0.042175 0.000010 0.008188 0.013619 0.000010
0.126227 0.709190 0.000010 0.038001 0.059881 0.066691
0.890188 0.086509 0.000010 0.000010 0.016613 0.006670
0.713848 0.241510 0.000010 0.015843 0.003452 0.025337
0.387892 0.537000 0.041198 0.000010 0.001792 0.032109
0.006595 0.565781 0.000010 0.027112 0.146888 0.253615
0.000434 0.389004 0.000043 0.011913 0.493194 0.105413
0.941491 0.024006 0.013392 0.000010 0.012404 0.008697
0.370028 0.462786 0.055949 0.021424 0.018734 0.071078
0.712639 0.217098 0.000010 0.043147 0.027096 0.000010
0.503888 0.161847 0.000010 0.000010 0.300689 0.033555
0.373499 0.224346 0.000010 0.000010 0.000010 0.402125
0.000010 0.000010 0.927569 0.072391 0.000010 0.000010
0.009717 0.000010 0.923279 0.061966 0.005018 0.000010
0.000010 0.000010 0.991838 0.008122 0.000010 0.000010
0.028941 0.000010 0.908184 0.062846 0.000010 0.000010
0.026446 0.090070 0.025304 0.052874 0.731966 0.073340
0.136070 0.231903 0.000010 0.035973 0.009858 0.586186
0.000010 0.000010 0.931756 0.068204 0.000010 0.000010
0.117332 0.679150 0.057491 0.093494 0.035235 0.017298
0.000010 0.000010 0.937640 0.054796 0.007534 0.000010
0.116848 0.678179 0.002935 0.075366 0.029259 0.097413
0.096412 0.731074 0.028675 0.041008 0.076675 0.026155
0.013022 0.831565 0.015178 0.052198 0.000010 0.088027
0.100036 0.700509 0.000010 0.080760 0.037077 0.081608
0.021174 0.381957 0.000010 0.150836 0.181377 0.264646
0.000010 0.566023 0.000010 0.106764 0.073400 0.253793
0.207727 0.692606 0.052210 0.023833 0.010671 0.012952
0.290449 0.270343 0.005598 0.015260 0.374940 0.043410
0.338075 0.123477 0.000010 0.024320 0.441451 0.072667
0.000010 0.059502 0.837189 0.000010 0.071339 0.031951
0.017781 0.827039 0.000010 0.000010 0.042326 0.112833
0.043193 0.733086 0.012836 0.067726 0.016752 0.126406
0.999950 0.000010 0.000010 0.000010 0.000010 0.000010
0.202798 0.545559 0.004182 0.061800 0.039912 0.145749
0.732125 0.193087 0.017332 0.000010 0.023787 0.033659
0.813659 0.154075 0.000010 0.004464 0.025547 0.002245
0.000010 0.480487 0.000010 0.051390 0.000010 0.468094
0.000010 0.000010 0.951041 0.022396 0.000010 0.026533
0.000542 0.053918 0.926810 0.017984 0.000010 0.000735
0.006361 0.276793 0.359176 0.189925 0.061610 0.106135
0.039024 0.465043 0.012162 0.100397 0.051702 0.331671
0.041725 0.540985 0.014911 0.084376 0.072713 0.245290
0.008395 0.000010 0.000010 0.000010 0.000010 0.991565
0.000416 0.470633 0.023674 0.163379 0.041152 0.300746
0.088605 0.000010 0.000010 0.000010 0.006090 0.905275
0.080201 0.524800 0.000010 0.089207 0.022178 0.283604
0.000010 0.492062 0.051661 0.045428 0.047649 0.363190
0.007409 0.975053 0.000010 0.000010 0.017508 0.000010
0.879078 0.060488 0.037810 0.007718 0.014896 0.000010
0.007515 0.800074 0.000010 0.000010 0.073125 0.119265
0.034986 0.766195 0.000010 0.002008 0.041578 0.155223
0.725555 0.134169 0.000010 0.000010 0.047740 0.092516
0.021234 0.843913 0.039275 0.000010 0.000010 0.095558
0.119192 0.744969 0.000010 0.023927 0.055446 0.056456
0.464117 0.377253 0.044915 0.000010 0.009684 0.104021
0.054999 0.828939 0.021761 0.006058 0.042334 0.045908
0.086262 0.661008 0.000010 0.064008 0.038733 0.149979
0.218185 0.231282 0.062368 0.000010 0.236208 0.251947
0.000010 0.035183 0.422281 0.042580 0.373091 0.126855
0.003720 0.191894 0.026676 0.062110 0.703108 0.012492
0.877813 0.062027 0.022794 0.003782 0.021580 0.012003
0.003619 0.556992 0.000010 0.065013 0.064256 0.310111
0.097092 0.459097 0.000010 0.096067 0.060211 0.287523
0.092979 0.381457 0.000010 0.079458 0.024959 0.421138
0.134507 0.795670 0.000010 0.054924 0.010710 0.004179
0.119768 0.736640 0.000010 0.037569 0.034382 0.071631
0.141973 0.742307 0.003478 0.000010 0.050046 0.062186
0.040285 0.763034 0.008957 0.078750 0.000762 0.108212
0.033966 0.799839 0.028455 0.000010 0.022641 0.115090
0.080643 0.670401 0.070291 0.018849 0.000010 0.159807
0.000010 0.014256 0.941637 0.000010 0.044076 0.000010
0.109489 0.713334 0.000010 0.059611 0.037809 0.079746
0.049841 0.735828 0.053375 0.000010 0.010868 0.150078
0.714931 0.218064 0.024852 0.001495 0.040648 0.000010
0.721716 0.210281 0.000010 0.014030 0.033423 0.020540
0.074400 0.865274 0.052671 0.000010 0.007634 0.000010
0.783167 0.128269 0.000010 0.000010 0.066197 0.022346
0.000010 0.000010 0.949233 0.000010 0.050727 0.000010
0.007465 0.047443 0.721155 0.130869 0.000010 0.093058
0.681837 0.266135 0.000010 0.015572 0.036436 0.000010
0.196582 0.555947 0.024626 0.041613 0.070768 0.110465
0.000010 0.000010 0.821471 0.088673 0.024586 0.065250
0.004234 0.110174 0.814425 0.061179 0.006481 0.003508
0.006715 0.086313 0.706294 0.144348 0.012833 0.043496
0.000010 0.091855 0.849472 0.058641 0.000012 0.000010
0.000010 0.035572 0.781163 0.111536 0.000010 0.071710
0.182123 0.407512 0.284448 0.022790 0.055984 0.047143
0.029131 0.273399 0.000010 0.129375 0.009900 0.558185
0.043460 0.313627 0.012223 0.082400 0.033808 0.514484
0.409329 0.440140 0.000010 0.067019 0.025602 0.057900
0.866789 0.000010 0.064660 0.000010 0.068521 0.000010
0.021253 0.228941 0.006924 0.123591 0.013228 0.606062
0.064865 0.844912 0.000010 0.045206 0.014359 0.030648
0.000010 0.334571 0.069470 0.046148 0.036873 0.512928
0.259583 0.669022 0.000010 0.000010 0.005232 0.066143
0.000010 0.000010 0.000010 0.000010 0.999950 0.000010
0.805063 0.128448 0.002952 0.000010 0.005218 0.058309
0.000662 0.151953 0.000010 0.082841 0.454673 0.309861
0.633803 0.264334 0.000010 0.010118 0.043631 0.048103
0.105212 0.757010 0.000010 0.034102 0.046409 0.057257
0.285665 0.594459 0.000010 0.067040 0.021924 0.030902
0.869226 0.104131 0.000010 0.026613 0.000010 0.000010
0.026599 0.188234 0.064816 0.065952 0.013969 0.640429
0.599303 0.329857 0.000010 0.019552 0.000010 0.051267
0.782140 0.178048 0.000010 0.000010 0.000999 0.038793
0.921354 0.058078 0.000010 0.000010 0.020538 0.000010
0.170466 0.764663 0.000010 0.016681 0.000010 0.048170
0.595657 0.244408 0.028922 0.000010 0.045268 0.085736
0.000010 0.000010 0.000010 0.000010 0.999950 0.000010
0.000010 0.000010 0.000010 0.000010 0.999950 0.000010
0.831562 0.148218 0.002952 0.015396 0.001861 0.000010
0.000010 0.000010 0.000010 0.000010 0.999950 0.000010
0.809658 0.062672 0.026993 0.018104 0.027509 0.055064
0.999950 0.000010 0.000010 0.000010 0.000010 0.000010
0.000010 0.000010 0.000010 0.000010 0.999950 0.000010
0.000010 0.000010 0.000010 0.000013 0.999947 0.000010
0.000010 0.000010 0.000010 0.000010 0.999950 0.000010
0.000010 0.000010 0.000010 0.000010 0.999950 0.000010
0.000010 0.087749 0.016110 0.042313 0.853808 0.000010
0.201073 0.640920 0.049304 0.020954 0.044447 0.043302
0.187366 0.683746 0.000010 0.048067 0.042169 0.038643
0.000010 0.000010 0.000010 0.000010 0.999950 0.000010
0.482462 0.243148 0.022593 0.000010 0.187229 0.064557
0.761073 0.190974 0.017681 0.000010 0.030251 0.000010
0.000010 0.000010 0.000010 0.000010 0.999950 0.000010
0.000010 0.002335 0.000010 0.011985 0.952343 0.033317
0.000010 0.000010 0.000010 0.000010 0.999950 0.000010
0.159137 0.664210 0.015869 0.064204 0.035454 0.061126
0.212367 0.742849 0.000010 0.000010 0.044754 0.000010
0.188383 0.722607 0.001159 0.056286 0.023194 0.008371
0.092963 0.841738 0.032794 0.000010 0.032485 0.000010
0.050033 0.000010 0.000010 0.007673 0.905283 0.036990
0.071691 0.000010 0.455882 0.015251 0.457156 0.000010
0.000010 0.000010 0.000010 0.000010 0.999950 0.000010
0.000010 0.000010 0.000010 0.000010 0.999950 0.000010
0.000010 0.000010 0.000010 0.000010 0.999950 0.000010
0.000010 0.000010 0.000010 0.000010 0.999950 0.000010
0.000010 0.000010 0.000010 0.000010 0.999950 0.000010
0.000010 0.000010 0.000010 0.000010 0.999950 0.000010
0.250262 0.626217 0.032659 0.053124 0.037728 0.000010
0.000010 0.000010 0.000010 0.000010 0.999950 0.000010
0.000010 0.000010 0.001426 0.067134 0.886773 0.044647
0.897685 0.100114 0.002172 0.000010 0.000010 0.000010
0.000842 0.029256 0.004922 0.055023 0.842541 0.067415
0.150939 0.217217 0.000010 0.000010 0.568977 0.062846
0.000010 0.000010 0.000010 0.000010 0.999950 0.000010
0.000010 0.000010 0.000010 0.000010 0.999950 0.000010
0.000010 0.000010 0.000010 0.000010 0.999950 0.000010
0.000010 0.000010 0.000010 0.000010 0.999950 0.000010
0.000010 0.012483 0.000010 0.011953 0.975534 0.000010
0.000010 0.000010 0.000010 0.000010 0.999950 0.000010
0.034804 0.956466 0.000010 0.000010 0.008700 0.000010
0.000010 0.000010 0.000010 0.999950 0.000010 0.000010
0.000010 0.000010 0.000010 0.999950 0.000010 0.000010
0.000010 0.000010 0.000010 0.999950 0.000010 0.000010
0.000010 0.000010 0.000010 0.000010 0.999950 0.000010
0.000010 0.000010 0.000010 0.000010 0.999950 0.000010
0.000010 0.000010 0.000010 0.999950 0.000010 0.000010
0.012626 0.000010 0.000010 0.987334 0.000010 0.000010
0.000010 0.000010 0.000010 0.999950 0.000010 0.000010
0.000010 0.000010 0.000010 0.000010 0.999950 0.000010
0.000010 0.000010 0.000010 0.000010 0.999950 0.000010
0.000010 0.000010 0.000010 0.000010 0.000010 0.999950
0.000010 0.000010 0.000010 0.000010 0.999950 0.000010
0.230761 0.218679 0.000010 0.000010 0.000010 0.550530
0.000010 0.112826 0.000010 0.000010 0.657069 0.230076
0.000010 0.139879 0.000010 0.000010 0.658973 0.201118
0.673149 0.220997 0.000010 0.019772 0.000010 0.086062
0.000010 0.139418 0.000010 0.017714 0.632127 0.210720
0.019710 0.000010 0.915531 0.024992 0.004827 0.034931
0.000010 0.322939 0.139774 0.073680 0.057025 0.406572
0.481777 0.297927 0.027450 0.000010 0.089761 0.103075
0.038851 0.119399 0.079792 0.588073 0.048875 0.125011
0.123099 0.347128 0.027789 0.000010 0.385086 0.116888
0.094959 0.325857 0.013552 0.000010 0.410105 0.155516
0.880222 0.085462 0.000010 0.028242 0.006054 0.000010
0.000010 0.093279 0.020000 0.075796 0.696200 0.114715
0.413381 0.436654 0.039188 0.028658 0.037016 0.045103
0.813378 0.110248 0.004241 0.000010 0.072113 0.000010
0.464987 0.112742 0.000010 0.000010 0.339948 0.082303
0.000010 0.542966 0.000010 0.081384 0.009812 0.365818
0.465382 0.394144 0.020949 0.000010 0.054993 0.064522
0.115463 0.706001 0.000010 0.031750 0.000010 0.146766
0.038636 0.041247 0.070707 0.659914 0.020668 0.168829
0.016532 0.023435 0.000010 0.041530 0.897590 0.020903
0.012671 0.080370 0.119858 0.649761 0.006458 0.130882
0.000010 0.000010 0.000010 0.999950 0.000010 0.000010
0.484819 0.438949 0.055776 0.000010 0.000010 0.020436
0.675573 0.224123 0.000010 0.028881 0.007525 0.063889
0.000010 0.000010 0.658802 0.000010 0.000010 0.341158
0.605647 0.273082 0.038357 0.031541 0.026010 0.025362
0.784439 0.130161 0.000010 0.044825 0.016605 0.023960
0.882098 0.102562 0.011170 0.000010 0.004149 0.000010
0.082903 0.442002 0.098745 0.088760 0.001927 0.285662
0.000010 0.000010 0.041275 0.000010 0.000010 0.958685
0.532422 0.340714 0.008912 0.003079 0.044499 0.070375
0.000010 0.000010 0.000010 0.999950 0.000010 0.000010
0.089725 0.715256 0.081430 0.023247 0.017241 0.073100
0.579927 0.252754 0.011702 0.000010 0.091322 0.064284
0.000010 0.198866 0.216963 0.382186 0.117513 0.084462
0.153953 0.603592 0.086000 0.054191 0.012863 0.089401
0.000010 0.000010 0.000010 0.000010 0.999950 0.000010
0.615151 0.285520 0.025877 0.000010 0.061765 0.011676
0.634224 0.315736 0.000010 0.000010 0.039799 0.010221
0.588081 0.246778 0.032954 0.039086 0.024654 0.068448
0.793221 0.115049 0.000010 0.000010 0.019085 0.072625
0.316687 0.297090 0.018616 0.023893 0.095553 0.248161
0.203025 0.528685 0.008303 0.092405 0.057121 0.110462
0.924545 0.044244 0.000010 0.000010 0.000010 0.031181
0.981403 0.000010 0.000010 0.000010 0.018557 0.000010
0.162922 0.719108 0.000010 0.069928 0.043380 0.004653
0.756537 0.093519 0.000010 0.000010 0.149914 0.000010
0.086638 0.671634 0.041897 0.048627 0.099080 0.052122
0.774871 0.117316 0.019697 0.017975 0.068285 0.001856
0.706947 0.245128 0.000010 0.000010 0.046710 0.001194
0.046116 0.732514 0.103731 0.053166 0.000010 0.064462
0.920756 0.037556 0.000010 0.017313 0.000010 0.024355
0.364727 0.184453 0.006542 0.032315 0.355528 0.056434
0.864670 0.092302 0.000010 0.021793 0.021214 0.000010
0.454982 0.186589 0.000010 0.000010 0.347098 0.011311
0.588725 0.348869 0.017576 0.006588 0.021676 0.016566
0.851404 0.078202 0.000010 0.000010 0.046473 0.023901
0.710513 0.202068 0.000010 0.008062 0.034900 0.044447
0.152408 0.378121 0.008249 0.000010 0.358542 0.102671
0.263677 0.356122 0.000010 0.060515 0.041679 0.277997
0.062074 0.000010 0.000010 0.000010 0.000010 0.937886
0.181298 0.170196 0.005180 0.000010 0.196883 0.446434
0.147999 0.216077 0.000010 0.003811 0.270405 0.361699
0.237432 0.292922 0.053530 0.015863 0.065022 0.335230
0.106674 0.230610 0.057716 0.027440 0.042532 0.535028
0.193610 0.340039 0.014769 0.000010 0.228836 0.222735
0.031376 0.000010 0.000010 0.000010 0.000010 0.968584
0.468253 0.410575 0.000010 0.000010 0.018103 0.103048
0.306129 0.332538 0.001311 0.000010 0.041670 0.318342
0.227121 0.000010 0.000010 0.000010 0.000010 0.772839
0.000010 0.000010 0.031699 0.125835 0.022305 0.820141
0.022496 0.191850 0.113867 0.514015 0.070097 0.087675
0.009449 0.141479 0.149535 0.526539 0.093844 0.079153
0.000010 0.000010 0.000010 0.034052 0.000010 0.965908
0.371201 0.210657 0.022596 0.000010 0.048684 0.346852
0.229854 0.242470 0.080664 0.000010 0.065199 0.381803
0.140685 0.000010 0.000010 0.000010 0.004742 0.854543
0.000010 0.307774 0.068756 0.257352 0.159977 0.206131
0.000010 0.154844 0.000010 0.141071 0.369444 0.334621
0.000010 0.005142 0.753433 0.126910 0.015024 0.099482
0.263257 0.309592 0.042519 0.023581 0.053983 0.307068
0.924405 0.020103 0.020735 0.000010 0.029059 0.005688
0.772734 0.181645 0.000010 0.000010 0.012189 0.033412
0.000010 0.832819 0.011191 0.082560 0.036035 0.037385
0.043154 0.815566 0.000010 0.105806 0.010303 0.025161
0.903946 0.090593 0.000010 0.000010 0.002384 0.003057
0.275925 0.258142 0.000010 0.000010 0.401826 0.064087
0.326570 0.480425 0.000010 0.000010 0.146009 0.046975
0.465683 0.317126 0.000010 0.023896 0.073022 0.120263
0.000010 0.000010 0.974745 0.000010 0.025215 0.000010
0.662829 0.270657 0.000010 0.000010 0.017639 0.048855
0.941688 0.000010 0.000010 0.000010 0.019897 0.038385
0.485746 0.348814 0.000010 0.051118 0.031788 0.082524
0.677837 0.273107 0.000010 0.010291 0.031383 0.007371
0.528551 0.375385 0.000010 0.024392 0.071651 0.000010
0.418848 0.467737 0.035568 0.037603 0.034247 0.005997
0.000010 0.000010 0.000010 0.000010 0.000010 0.999950
0.626906 0.275464 0.000010 0.022264 0.007256 0.068099
0.717778 0.235752 0.000010 0.037384 0.009066 0.000010
0.689087 0.277653 0.000010 0.001774 0.017886 0.013590
0.265300 0.587467 0.000010 0.060348 0.057153 0.029722
0.956705 0.020738 0.012886 0.005036 0.000010 0.004624
0.252273 0.243745 0.000010 0.000010 0.010953 0.493009
0.106195 0.724048 0.000010 0.084356 0.066341 0.019049
0.169869 0.615704 0.000010 0.065482 0.026736 0.122199
0.102740 0.655164 0.000010 0.086277 0.059792 0.096017
0.265741 0.708352 0.000010 0.000010 0.004236 0.021651
0.894068 0.104334 0.000010 0.000010 0.001568 0.000010
0.786023 0.170874 0.000010 0.000010 0.029352 0.013731
0.793004 0.180783 0.000010 0.000010 0.000010 0.026183
0.886044 0.113916 0.000010 0.000010 0.000010 0.000010
0.238492 0.597009 0.000010 0.030575 0.043132 0.090783
0.071405 0.326949 0.003339 0.023788 0.482397 0.092122
0.524758 0.270808 0.000010 0.026186 0.080035 0.098203
0.529797 0.202041 0.000010 0.019662 0.165262 0.083229
0.072699 0.789584 0.040199 0.000010 0.014031 0.083477
0.888450 0.086496 0.000010 0.000010 0.025024 0.000010
0.124681 0.619804 0.045351 0.078341 0.000010 0.131814
0.772643 0.180103 0.000010 0.000010 0.021252 0.025982
0.999950 0.000010 0.000010 0.000010 0.000010 0.000010
0.730056 0.135774 0.003821 0.000010 0.000010 0.130329
0.120571 0.698138 0.051528 0.000010 0.076035 0.053718
0.999950 0.000010 0.000010 0.000010 0.000010 0.000010
0.003942 0.817501 0.054526 0.000010 0.000010 0.124010
0.041750 0.796400 0.065196 0.000010 0.000010 0.096634
0.000010 0.884769 0.006021 0.000010 0.000010 0.109180
0.000010 0.813080 0.052983 0.022415 0.000010 0.111502
0.039994 0.800786 0.055589 0.000010 0.000010 0.103611
0.000010 0.114465 0.000010 0.020837 0.844932 0.019745
0.561136 0.333022 0.000010 0.000010 0.028939 0.076883
0.950409 0.000010 0.000010 0.002985 0.020430 0.026156
0.778050 0.221910 0.000010 0.000010 0.000010 0.000010
0.716769 0.203930 0.000010 0.000010 0.010889 0.068392
0.957324 0.012794 0.000010 0.000010 0.000010 0.029852
0.030509 0.851327 0.035173 0.000010 0.000010 0.082970
0.937819 0.002912 0.000010 0.012947 0.011503 0.034809
0.186198 0.711623 0.066368 0.000010 0.035791 0.000010
0.000010 0.000010 0.000010 0.000010 0.999950 0.000010
0.009636 0.537043 0.024915 0.042884 0.010099 0.375423
0.116095 0.726657 0.000010 0.002067 0.040746 0.114424
0.338003 0.623360 0.014849 0.021159 0.002619 0.000010
0.065132 0.711314 0.000010 0.065586 0.027003 0.130955
0.000010 0.755028 0.083452 0.026609 0.000010 0.134891
0.097338 0.725697 0.039058 0.024088 0.050571 0.063248
0.000010 0.916993 0.017059 0.000010 0.000010 0.065918
0.203735 0.615675 0.031126 0.000010 0.031030 0.118425
0.091111 0.758122 0.000534 0.000010 0.020743 0.129481
0.771022 0.129345 0.026590 0.006990 0.032967 0.033087
0.097047 0.740433 0.084246 0.000010 0.014644 0.063620
0.020084 0.862968 0.018600 0.000010 0.011713 0.086624
0.103512 0.719960 0.059221 0.000010 0.000010 0.117288
0.604109 0.267038 0.068041 0.000010 0.013087 0.047715
0.964835 0.035125 0.000010 0.000010 0.000010 0.000010
0.040160 0.855625 0.000010 0.000010 0.039767 0.064429
0.017623 0.000010 0.000010 0.008032 0.916019 0.058306
0.927480 0.000010 0.000010 0.044943 0.003414 0.024142
0.968753 0.031207 0.000010 0.000010 0.000010 0.000010
0.109202 0.740564 0.000010 0.031662 0.022638 0.095924
0.461856 0.338151 0.000010 0.134727 0.022402 0.042853
0.233591 0.753581 0.000010 0.000010 0.012798 0.000010
0.021643 0.845743 0.019873 0.053096 0.031379 0.028266
0.998429 0.000010 0.000010 0.000010 0.001531 0.000010
0.999950 0.000010 0.000010 0.000010 0.000010 0.000010
0.513129 0.401854 0.000010 0.000010 0.016459 0.068538
0.574805 0.321998 0.000010 0.030884 0.039170 0.033134
0.000010 0.000010 0.937657 0.000010 0.062303 0.000010
0.067012 0.716094 0.000010 0.035595 0.025815 0.155474
0.883875 0.074908 0.000010 0.015658 0.025539 0.000010
0.000010 0.000010 0.925094 0.000010 0.074866 0.000010
0.031403 0.454234 0.000010 0.037806 0.476537 0.000010
0.000010 0.163685 0.000010 0.118390 0.391624 0.326280
0.614803 0.288190 0.000010 0.000010 0.049363 0.047624
0.553827 0.349951 0.000010 0.023333 0.038341 0.034538
0.720598 0.223793 0.000010 0.000010 0.024033 0.031556
0.345066 0.406443 0.048372 0.088930 0.009310 0.101880
0.945970 0.033112 0.000010 0.000010 0.020888 0.000010
0.999950 0.000010 0.000010 0.000010 0.000010 0.000010
0.147380 0.797025 0.000010 0.027029 0.028546 0.000010
0.645342 0.284320 0.019002 0.000010 0.005642 0.045683
0.535376 0.369980 0.000010 0.000010 0.056994 0.037630
0.395554 0.410296 0.052060 0.000010 0.000010 0.142071
0.693499 0.249872 0.016703 0.000010 0.024019 0.015897
0.772406 0.171273 0.000010 0.008816 0.047485 0.000010
0.756743 0.178634 0.014480 0.019400 0.026527 0.004216
0.792259 0.141711 0.000010 0.000010 0.019197 0.046813
0.999950 0.000010 0.000010 0.000010 0.000010 0.000010
0.925181 0.018393 0.000010 0.006113 0.023103 0.027201
0.163268 0.694439 0.017764 0.000010 0.031244 0.093276
0.430063 0.355088 0.051247 0.002197 0.063241 0.098164
0.000010 0.815911 0.021923 0.085159 0.000010 0.076987
0.987791 0.000010 0.000010 0.000010 0.012169 0.000010
0.182499 0.696799 0.000010 0.047729 0.038280 0.034684
0.646389 0.110907 0.000010 0.011044 0.047668 0.183982
0.552586 0.369099 0.000010 0.030756 0.042999 0.004551
0.114163 0.654480 0.046591 0.004651 0.018060 0.162056
0.748959 0.219314 0.000010 0.000010 0.007796 0.023911
0.182546 0.769166 0.000010 0.000010 0.024902 0.023365
0.014757 0.829515 0.036311 0.008019 0.037741 0.073658
0.088750 0.748764 0.030429 0.048536 0.050944 0.032578
0.322865 0.342626 0.049341 0.022317 0.000010 0.262842
0.029194 0.786432 0.000010 0.050675 0.000010 0.133679
0.000010 0.277732 0.088930 0.120074 0.034828 0.478426
0.147310 0.810082 0.000010 0.000010 0.042577 0.000010
0.634279 0.299003 0.021189 0.000010 0.000653 0.044865
0.922570 0.042220 0.000010 0.000010 0.003940 0.031250
0.818774 0.018328 0.000010 0.050266 0.000010 0.112612
0.862180 0.069038 0.000010 0.030493 0.000010 0.038269
0.046081 0.818412 0.000010 0.047921 0.000010 0.087566
0.428324 0.248878 0.039182 0.024186 0.024659 0.234770
0.582004 0.255173 0.046676 0.000010 0.013291 0.102846
0.208088 0.039581 0.693585 0.000010 0.027980 0.030756
0.783365 0.153755 0.033806 0.000010 0.006989 0.022074
0.803394 0.129332 0.000010 0.000010 0.013761 0.053494
0.000010 0.000010 0.000010 0.000010 0.999950 0.000010
0.000010 0.000010 0.000010 0.000010 0.999950 0.000010
0.185299 0.703189 0.040980 0.000010 0.000010 0.070513
0.187571 0.739515 0.006576 0.012447 0.028169 0.025721
0.327811 0.539310 0.000010 0.031635 0.016722 0.084512
0.353799 0.576583 0.024052 0.000010 0.008401 0.037155
0.000010 0.000010 0.000010 0.000010 0.999950 0.000010
0.000010 0.000010 0.000010 0.000010 0.999950 0.000010
0.052172 0.818434 0.002899 0.000010 0.002744 0.123741
0.069414 0.846227 0.000010 0.000010 0.001417 0.082922
0.000010 0.000010 0.000010 0.000010 0.999950 0.000010
0.000010 0.000010 0.000010 0.000010 0.999950 0.000010
0.000010 0.000010 0.000010 0.000010 0.999950 0.000010
0.046780 0.817178 0.028724 0.037314 0.002547 0.067456
0.004101 0.914079 0.011212 0.018675 0.000010 0.051922
0.178941 0.278344 0.050855 0.141059 0.136029 0.214772
0.082182 0.699427 0.085868 0.000010 0.033413 0.099100
0.000010 0.206347 0.016028 0.365718 0.143817 0.268080
0.011185 0.735672 0.104856 0.000010 0.028874 0.119403
0.000010 0.000010 0.000010 0.000010 0.999950 0.000010
0.079664 0.765232 0.073534 0.000010 0.000528 0.081032
0.214267 0.640536 0.000010 0.000010 0.015728 0.129448
0.096891 0.298687 0.008748 0.000010 0.538733 0.056931
0.021295 0.079421 0.000010 0.000010 0.899253 0.000010
0.101860 0.750616 0.001279 0.014186 0.002061 0.129998
0.000010 0.000010 0.000010 0.000010 0.999950 0.000010
0.000010 0.000010 0.000010 0.000010 0.999950 0.000010
0.000010 0.000010 0.000010 0.000010 0.999950 0.000010
0.000010 0.000010 0.000010 0.000010 0.999950 0.000010
0.000010 0.000010 0.000010 0.000010 0.999950 0.000010
0.637231 0.284002 0.017539 0.001521 0.000010 0.059697
0.601800 0.143569 0.012984 0.016134 0.121196 0.104317
0.580245 0.201117 0.000010 0.000010 0.141648 0.076970
0.000010 0.000010 0.000010 0.000010 0.999950 0.000010
0.000010 0.140733 0.000010 0.062772 0.501179 0.295297
0.413876 0.440205 0.000010 0.082647 0.063252 0.000010
0.826311 0.157163 0.000010 0.006751 0.009754 0.000010
0.546009 0.328926 0.000010 0.000010 0.051253 0.073792
0.265494 0.705058 0.029418 0.000010 0.000010 0.000010
0.218315 0.754936 0.004723 0.000010 0.022005 0.000010
0.724686 0.196326 0.000010 0.020916 0.005247 0.052815
0.227011 0.731265 0.000010 0.018773 0.000010 0.022931
0.320472 0.499293 0.008327 0.000010 0.059789 0.112109
0.755154 0.160452 0.000010 0.008469 0.034179 0.041736
0.663166 0.114685 0.010013 0.000010 0.047935 0.164191
0.338086 0.643557 0.018328 0.000010 0.000010 0.000010
0.707977 0.151263 0.047747 0.000010 0.016593 0.076409
0.353343 0.263881 0.000010 0.037985 0.063790 0.280991
0.000010 0.000010 0.034964 0.326489 0.035569 0.602958
0.174351 0.620407 0.066495 0.069356 0.038046 0.031345
0.417594 0.480983 0.042136 0.000010 0.040513 0.018764
0.450426 0.432876 0.000010 0.006299 0.017011 0.093378
0.868592 0.046026 0.006866 0.012994 0.000010 0.065513
0.032199 0.128468 0.062488 0.633689 0.012623 0.130532
0.010258 0.340185 0.028969 0.186560 0.137339 0.296688
0.633720 0.324038 0.001382 0.007633 0.027486 0.005742
0.718473 0.227265 0.000010 0.000010 0.001693 0.052550
0.514077 0.088359 0.000010 0.001116 0.391687 0.004750
0.533534 0.310301 0.005530 0.067452 0.012367 0.070816
0.013983 0.056472 0.027165 0.070368 0.739489 0.092523
0.472776 0.450799 0.010336 0.008976 0.041898 0.015216
0.007499 0.413263 0.014123 0.101398 0.068033 0.395684
0.861024 0.083107 0.000010 0.000010 0.000010 0.055839
0.993268 0.000010 0.000010 0.000010 0.006692 0.000010
0.861086 0.102996 0.000010 0.032103 0.000010 0.003794
0.775108 0.178793 0.000010 0.000010 0.000010 0.046068
0.018849 0.122908 0.574226 0.258737 0.004467 0.020813
0.000010 0.867776 0.000010 0.000010 0.000962 0.131233
0.000010 0.143188 0.036907 0.000010 0.002057 0.817828
0.146731 0.731645 0.000010 0.009773 0.019203 0.092639
0.425993 0.475333 0.000010 0.000010 0.026644 0.072009
0.037682 0.922797 0.004451 0.010690 0.000010 0.024369
0.129797 0.761655 0.000010 0.008341 0.019533 0.080665
0.000010 0.105692 0.057951 0.000010 0.000010 0.836327
0.842719 0.142340 0.000010 0.000010 0.000010 0.014911
0.865552 0.088845 0.040654 0.004929 0.000010 0.000010
0.063853 0.729676 0.000010 0.022934 0.033329 0.150197
0.932204 0.052140 0.000010 0.000010 0.000010 0.015626
0.065706 0.760509 0.039658 0.014702 0.030603 0.088822
0.000010 0.098778 0.672001 0.074688 0.015134 0.139388
0.143381 0.255456 0.000010 0.049810 0.000010 0.551332
0.000010 0.000010 0.999950 0.000010 0.000010 0.000010
0.000010 0.254467 0.180375 0.551274 0.013864 0.000010
0.000010 0.292355 0.000690 0.075424 0.393182 0.238339
0.000010 0.068334 0.890764 0.000010 0.040872 0.000010
0.000010 0.000010 0.000010 0.000010 0.999950 0.000010
0.689731 0.281687 0.000010 0.001683 0.000010 0.026879
0.022720 0.797615 0.032325 0.033573 0.012329 0.101438
0.110721 0.694824 0.028537 0.052225 0.032615 0.081078
0.034217 0.000010 0.000010 0.039761 0.890577 0.035425
0.363866 0.536536 0.000951 0.056901 0.041736 0.000010
0.054053 0.388053 0.093393 0.139338 0.091098 0.234065
0.034858 0.538803 0.008731 0.026537 0.000010 0.391061
0.087330 0.747144 0.000010 0.019147 0.048614 0.097755
0.138786 0.728271 0.000010 0.001081 0.047070 0.084781
0.274766 0.430254 0.012634 0.023961 0.072570 0.185813
0.096101 0.730467 0.000010 0.048819 0.026366 0.098236
0.000010 0.074740 0.000010 0.080352 0.762357 0.082531
0.020594 0.101422 0.028050 0.055255 0.711833 0.082846
0.000010 0.110088 0.006236 0.015607 0.833255 0.034804
0.036014 0.484277 0.011337 0.043390 0.033589 0.391393
0.000010 0.000010 0.000010 0.000010 0.000010 0.999950
0.000010 0.176399 0.381291 0.427200 0.000010 0.015090
0.000010 0.149897 0.086773 0.228235 0.004259 0.530826
0.999950 0.000010 0.000010 0.000010 0.000010 0.000010
0.773530 0.082346 0.000010 0.000010 0.144094 0.000010
0.510237 0.449004 0.008422 0.019226 0.013102 0.000010
0.615908 0.234108 0.000010 0.040962 0.088870 0.020143
0.000010 0.987580 0.000010 0.000010 0.012380 0.000010
0.934273 0.030794 0.000010 0.000010 0.000010 0.034903
0.926721 0.046176 0.017660 0.000010 0.003762 0.005672
0.002691 0.086612 0.000010 0.139531 0.699969 0.071188
0.011729 0.011741 0.000010 0.108063 0.768710 0.099747
0.962280 0.019250 0.018440 0.000010 0.000010 0.000010
0.168746 0.458318 0.000010 0.099521 0.037912 0.235492
0.822343 0.125983 0.026159 0.000010 0.025494 0.000010
0.620720 0.246614 0.000010 0.000010 0.036487 0.096160
0.092924 0.776368 0.000010 0.000010 0.035939 0.094749
0.022040 0.023673 0.000010 0.021673 0.878860 0.053744
0.410594 0.219015 0.000010 0.000010 0.352590 0.017782
0.000010 0.304941 0.044671 0.207371 0.212706 0.230301
0.690954 0.172904 0.000010 0.041029 0.061382 0.033721
0.302371 0.559777 0.033472 0.026668 0.027445 0.050266
0.617260 0.249928 0.000010 0.028088 0.054237 0.050478
0.023726 0.007236 0.000010 0.032763 0.897836 0.038430
0.879874 0.092306 0.000010 0.000010 0.000010 0.027791
0.608536 0.290559 0.036990 0.000010 0.034038 0.029867
0.396675 0.509421 0.000010 0.036081 0.047258 0.010554
0.603345 0.309720 0.031758 0.000010 0.011832 0.043334
0.026074 0.091618 0.164750 0.515076 0.055553 0.146928
0.000010 0.012672 0.023540 0.003346 0.000010 0.960422
0.015913 0.119121 0.171366 0.526882 0.073069 0.093649
0.088490 0.713588 0.095979 0.067334 0.029402 0.005206
0.137362 0.709226 0.082256 0.036840 0.034306 0.000010
0.017389 0.014843 0.806990 0.000010 0.111611 0.049156
0.000010 0.010440 0.822171 0.000010 0.123397 0.043972
0.041152 0.603435 0.014714 0.047817 0.017553 0.275329
0.000010 0.003417 0.845119 0.000010 0.126291 0.025153
0.076835 0.189474 0.197413 0.309527 0.000010 0.226740
0.000010 0.213870 0.281144 0.486406 0.000010 0.018560
0.000010 0.964999 0.000010 0.000010 0.034961 0.000010
0.140226 0.217172 0.000010 0.060105 0.004110 0.578378
0.137792 0.260521 0.000010 0.028493 0.000010 0.573174
0.184793 0.134054 0.000010 0.028462 0.000010 0.652671
0.163190 0.186413 0.000010 0.034629 0.000010 0.615748
0.145718 0.190289 0.000010 0.053913 0.000010 0.610060
0.114340 0.275585 0.000010 0.013420 0.023340 0.573304
0.100714 0.249458 0.000010 0.000010 0.000010 0.649797
0.133915 0.191827 0.000010 0.031802 0.000010 0.642437
0.000010 0.065930 0.801743 0.042287 0.032153 0.057876
0.000010 0.107583 0.814506 0.046872 0.013446 0.017582
0.000010 0.000010 0.818194 0.027396 0.097442 0.056948
0.999948 0.000010 0.000010 0.000010 0.000012 0.000010
0.000010 0.032774 0.807707 0.000010 0.156340 0.003159
0.170467 0.736833 0.000010 0.000010 0.092669 0.000010
0.012153 0.028169 0.796235 0.000010 0.104705 0.058728
0.000010 0.037180 0.801441 0.096813 0.042571 0.021984
0.000010 0.015189 0.821310 0.098734 0.000010 0.064747
0.000010 0.115133 0.761116 0.075422 0.010456 0.037863
0.003193 0.000010 0.788878 0.132177 0.037547 0.038195
0.025354 0.098384 0.818218 0.054812 0.003222 0.000010
0.000110 0.000010 0.949453 0.050406 0.000010 0.000010
0.831362 0.050838 0.000010 0.033239 0.013502 0.071048
0.213493 0.559325 0.066320 0.006041 0.027396 0.127425
0.101154 0.234113 0.000010 0.025586 0.000010 0.639127
0.000010 0.020254 0.867821 0.087458 0.024447 0.000010
0.999950 0.000010 0.000010 0.000010 0.000010 0.000010
0.105306 0.293551 0.000010 0.014365 0.000010 0.586758
0.092621 0.294788 0.000010 0.012045 0.000010 0.600527
0.999950 0.000010 0.000010 0.000010 0.000010 0.000010
0.044781 0.881153 0.000010 0.045331 0.028714 0.000010
0.042421 0.000010 0.957539 0.000010 0.000010 0.000010
0.000010 0.000010 0.000010 0.000010 0.000010 0.999950
0.135711 0.197812 0.000010 0.036064 0.000010 0.630394
0.166135 0.133610 0.000010 0.064825 0.008569 0.626851
0.000010 0.000010 0.974091 0.025869 0.000010 0.000010
0.144879 0.742285 0.003972 0.034050 0.047493 0.027321
0.618673 0.145555 0.016391 0.035931 0.107436 0.076016
0.000010 0.099106 0.315303 0.553358 0.004587 0.027637
0.000010 0.101636 0.341121 0.546721 0.000010 0.010502
0.000010 0.202136 0.310732 0.483564 0.000010 0.003548
0.000010 0.000010 0.000010 0.000010 0.999950 0.000010
0.010423 0.000010 0.000010 0.031114 0.905525 0.052918
0.000010 0.000010 0.916566 0.062825 0.020579 0.000010
0.000010 0.006222 0.684132 0.184411 0.063178 0.062046
0.008774 0.000010 0.984375 0.006821 0.000010 0.000010
0.000010 0.000010 0.920094 0.070495 0.009381 0.000010
0.000010 0.000010 0.999950 0.000010 0.000010 0.000010
0.000010 0.000010 0.999950 0.000010 0.000010 0.000010
0.000010 0.000010 0.961336 0.030310 0.008324 0.000010
0.049413 0.017338 0.728740 0.157070 0.047429 0.000010
0.000010 0.185238 0.299429 0.506167 0.009146 0.000010
0.003612 0.181214 0.311151 0.504004 0.000010 0.000010
0.000010 0.000010 0.819040 0.143949 0.000010 0.036981
0.000010 0.134352 0.309356 0.550020 0.000010 0.006252
0.001375 0.404049 0.048322 0.036448 0.147395 0.362411
0.646125 0.293558 0.016705 0.030227 0.000010 0.013376
0.002109 0.976531 0.000010 0.000010 0.021330 0.000010
0.139323 0.246225 0.000010 0.009774 0.012153 0.592515
0.141660 0.193595 0.000010 0.040631 0.000010 0.624094
0.029336 0.069974 0.194607 0.506855 0.093581 0.105647
0.000010 0.380128 0.020520 0.242764 0.183586 0.172991
0.335389 0.483042 0.046441 0.000010 0.060935 0.074183
0.131409 0.560664 0.000010 0.069576 0.056585 0.181756
0.000010 0.090152 0.045091 0.653501 0.050154 0.161092
0.867629 0.055689 0.000010 0.012020 0.024703 0.039949
0.000010 0.000010 0.927323 0.072637 0.000010 0.000010
0.019075 0.000010 0.704256 0.132835 0.060281 0.083543
0.000010 0.000010 0.895074 0.090322 0.000010 0.014575
0.012212 0.953463 0.000010 0.000010 0.034295 0.000010
0.000010 0.015509 0.772914 0.148979 0.031322 0.031267
0.004709 0.000010 0.913274 0.079704 0.002293 0.000010
0.037328 0.000010 0.935256 0.013936 0.013460 0.000010
0.029201 0.000010 0.890189 0.080579 0.000010 0.000010
0.000010 0.000010 0.994660 0.005300 0.000010 0.000010
0.000010 0.000010 0.943795 0.034477 0.000010 0.021698
0.281217 0.355661 0.088046 0.062941 0.084706 0.127428
0.157350 0.687635 0.023494 0.084652 0.013201 0.033667
0.069253 0.060394 0.045573 0.644368 0.041800 0.138613
0.079465 0.004947 0.144235 0.595446 0.045908 0.129999
0.138383 0.683498 0.079678 0.000010 0.022984 0.075447
0.692408 0.274124 0.000010 0.012815 0.003151 0.017492
0.802844 0.095976 0.039813 0.003331 0.058027 0.000010
0.933657 0.034963 0.022924 0.000010 0.008436 0.000010
0.000010 0.000010 0.958178 0.041782 0.000010 0.000010
0.835146 0.030818 0.004157 0.000010 0.057640 0.072229
0.000010 0.000010 0.934498 0.063901 0.001571 0.000010
0.000010 0.000010 0.912603 0.087357 0.000010 0.000010
0.001678 0.000010 0.871073 0.069749 0.014871 0.042620
0.026268 0.000010 0.874987 0.098715 0.000010 0.000010
0.000010 0.000010 0.936756 0.063204 0.000010 0.000010
0.000010 0.005753 0.935608 0.038083 0.020536 0.000010
0.282597 0.149606 0.042673 0.000010 0.041340 0.483775
0.298345 0.308060 0.019502 0.000010 0.056362 0.317721
0.097043 0.174170 0.085468 0.302869 0.011524 0.328926
0.000010 0.213966 0.000010 0.165216 0.387338 0.233460
0.000010 0.141843 0.055577 0.101819 0.580522 0.120230
0.000010 0.201288 0.017290 0.115643 0.548288 0.117482
0.626912 0.279992 0.056789 0.009545 0.026752 0.000010
0.007123 0.000010 0.932662 0.039220 0.020975 0.000010
0.000010 0.000010 0.923462 0.076498 0.000010 0.000010
0.000010 0.000010 0.950152 0.049808 0.000010 0.000010
0.000010 0.227805 0.038342 0.073341 0.424690 0.235812
0.000010 0.250355 0.005616 0.106692 0.483025 0.154301
0.283533 0.253678 0.052104 0.000010 0.053214 0.357461
0.216790 0.101062 0.026706 0.000010 0.044238 0.611194
0.000010 0.141508 0.008110 0.138121 0.534214 0.178036
0.320421 0.227224 0.042979 0.003064 0.067245 0.339067
0.194261 0.252665 0.003051 0.000010 0.328864 0.221148
0.000010 0.216746 0.068582 0.087984 0.430638 0.196040
0.091060 0.342529 0.042437 0.000010 0.402644 0.121321
0.268264 0.324089 0.018530 0.000010 0.066801 0.322305
0.277508 0.229534 0.023942 0.000010 0.043275 0.425731
0.099202 0.049456 0.013559 0.000010 0.000010 0.837763
0.016078 0.101564 0.574874 0.192907 0.037312 0.077264
0.000010 0.000010 0.929555 0.070405 0.000010 0.000010
0.000010 0.132624 0.717885 0.071623 0.014528 0.063330
0.000010 0.095967 0.745624 0.110149 0.000010 0.048241
0.298114 0.597348 0.039457 0.016658 0.021335 0.027088
0.296395 0.559844 0.000010 0.079722 0.063749 0.000279
0.656538 0.170360 0.012697 0.062661 0.028484 0.069260
0.103898 0.623507 0.043287 0.075789 0.041328 0.112191
0.000010 0.000010 0.000010 0.000010 0.999950 0.000010
0.075078 0.000010 0.471237 0.011637 0.442028 0.000010
0.209673 0.778377 0.000010 0.000010 0.011920 0.000010
0.218676 0.716402 0.000010 0.043477 0.021425 0.000010
0.056058 0.132786 0.138547 0.549809 0.000010 0.122789
0.102689 0.598316 0.089151 0.068641 0.030588 0.110615
0.037356 0.051485 0.007762 0.083153 0.735422 0.084822
0.000010 0.985567 0.000010 0.000010 0.014393 0.000010
0.065395 0.673781 0.000010 0.075371 0.054586 0.130857
0.003290 0.955981 0.015293 0.000010 0.025415 0.000010
0.927690 0.045361 0.000010 0.000010 0.000010 0.026918
0.957181 0.000010 0.000010 0.042779 0.000010 0.000010
0.812216 0.131746 0.000010 0.000010 0.034695 0.021324
0.000010 0.000010 0.000010 0.000010 0.999950 0.000010
0.000010 0.000010 0.000010 0.000010 0.999950 0.000010
0.000010 0.064403 0.815273 0.000010 0.056799 0.063505
0.000010 0.058124 0.769666 0.000010 0.135030 0.037160
0.000010 0.054841 0.592909 0.000010 0.220634 0.131597
0.993654 0.006306 0.000010 0.000010 0.000010 0.000010
0.000010 0.000010 0.000010 0.999950 0.000010 0.000010
0.000010 0.000010 0.000010 0.999950 0.000010 0.000010
0.000010 0.000010 0.000010 0.999950 0.000010 0.000010
0.000010 0.000010 0.000010 0.999950 0.000010 0.000010
0.005850 0.674889 0.000010 0.105423 0.043940 0.169888
0.000010 0.087614 0.023447 0.306461 0.134472 0.447996
0.030530 0.057489 0.096401 0.322899 0.030882 0.461798
0.046903 0.091742 0.060407 0.635786 0.023206 0.141955
0.001011 0.486287 0.000010 0.128021 0.118039 0.266632
0.004045 0.240048 0.150306 0.518042 0.012420 0.075139
0.813608 0.118682 0.022526 0.000010 0.000010 0.045163
0.000010 0.000010 0.999950 0.000010 0.000010 0.000010
0.000010 0.000010 0.967835 0.032125 0.000010 0.000010
0.077677 0.000010 0.000010 0.000010 0.009546 0.912747
0.000010 0.000010 0.000010 0.000010 0.000010 0.999950
0.000010 0.000010 0.999950 0.000010 0.000010 0.000010
0.391098 0.221877 0.003014 0.000010 0.031787 0.352214
0.223973 0.294374 0.033543 0.017941 0.013887 0.416281
0.000010 0.000010 0.999950 0.000010 0.000010 0.000010
0.061439 0.077538 0.096605 0.630320 0.016340 0.117758
0.058983 0.000010 0.000010 0.000010 0.000010 0.940977
0.000010 0.222938 0.079848 0.118324 0.322356 0.256524
0.569277 0.280994 0.036826 0.000010 0.056934 0.055959
0.000010 0.129750 0.000010 0.000010 0.784864 0.085355
0.226736 0.148804 0.016073 0.000010 0.053792 0.554585
0.045421 0.074119 0.138989 0.564902 0.030279 0.146290
0.061897 0.840553 0.043808 0.000010 0.034349 0.019384
0.807788 0.161528 0.000010 0.000010 0.000010 0.030654
0.849304 0.083313 0.000549 0.007423 0.016218 0.043193
0.161145 0.716917 0.011119 0.063757 0.047052 0.000010
0.999950 0.000010 0.000010 0.000010 0.000010 0.000010
0.631064 0.311973 0.000010 0.011205 0.030053 0.015695
0.128663 0.706709 0.021532 0.023543 0.036879 0.082673
0.160289 0.687031 0.047192 0.000476 0.045740 0.059272
0.033223 0.192962 0.052847 0.447607 0.107414 0.165948
0.792882 0.171715 0.000010 0.000010 0.030297 0.005086
0.089970 0.838151 0.020062 0.000010 0.004247 0.047560
0.898547 0.090886 0.003853 0.000010 0.006694 0.000010
0.857300 0.106971 0.000010 0.030617 0.000764 0.004338
0.017862 0.154952 0.212627 0.422559 0.022065 0.169934
0.000010 0.000010 0.952748 0.037079 0.000010 0.010143
0.022335 0.141710 0.170800 0.539945 0.033631 0.091578
0.035222 0.073643 0.107337 0.599977 0.056200 0.127621
0.000010 0.000010 0.930687 0.000010 0.069273 0.000010
0.000010 0.000010 0.963249 0.000010 0.036711 0.000010
0.000010 0.212683 0.307871 0.000010 0.028517 0.450909
0.052783 0.077676 0.105622 0.410482 0.038154 0.315284
0.029097 0.070916 0.022035 0.008983 0.756273 0.112697
0.000010 0.000010 0.987028 0.012932 0.000010 0.000010
0.000010 0.000010 0.980109 0.019851 0.000010 0.000010
0.961122 0.026789 0.000010 0.000010 0.012060 0.000010
0.056201 0.385835 0.045074 0.262412 0.064195 0.186283
0.045256 0.317773 0.102115 0.280669 0.086806 0.167381
0.043157 0.264212 0.117625 0.252589 0.082481 0.239937
0.859384 0.106334 0.000010 0.009146 0.019383 0.005743
0.000010 0.000010 0.929787 0.070173 0.000010 0.000010
0.000010 0.000010 0.999950 0.000010 0.000010 0.000010
0.000010 0.000010 0.000010 0.000010 0.000010 0.999950
0.000010 0.000010 0.974736 0.025224 0.000010 0.000010
0.000010 0.000010 0.999950 0.000010 0.000010 0.000010
0.033767 0.000010 0.916191 0.047197 0.002825 0.000010
0.000010 0.010448 0.952165 0.037357 0.000010 0.000010
0.703834 0.201983 0.016450 0.025699 0.010805 0.041229
0.852950 0.096901 0.050120 0.000010 0.000010 0.000010
