0.000010 0.000010 0.065808 0.001021 0.395327 0.000010 0.000010 0.252822 0.000010 0.284971
0.000010 0.000010 0.022500 0.062452 0.170620 0.000010 0.020853 0.216874 0.019898 0.486773
0.050084 0.035442 0.000010 0.000010 0.353419 0.053928 0.000010 0.153622 0.000010 0.353465
0.000010 0.000010 0.887574 0.005422 0.000010 0.054203 0.023938 0.028813 0.000010 0.000010
0.041730 0.000010 0.000010 0.075823 0.186162 0.000010 0.000010 0.051186 0.041293 0.603766
0.017894 0.000010 0.021508 0.003420 0.711407 0.022538 0.016403 0.106782 0.000010 0.100028
0.066095 0.000010 0.427408 0.000010 0.290286 0.006538 0.042624 0.055547 0.000010 0.111473
0.000010 0.000010 0.011949 0.000010 0.896243 0.000010 0.046948 0.000010 0.044799 0.000010
0.000010 0.000010 0.062117 0.015530 0.053479 0.010328 0.000010 0.376327 0.069103 0.413087
0.000010 0.000010 0.014762 0.000010 0.836879 0.000010 0.000010 0.039844 0.053116 0.055349
0.000010 0.000010 0.000010 0.000010 0.636793 0.000010 0.000010 0.083101 0.059498 0.220548
0.006808 0.024475 0.000010 0.000010 0.334898 0.023249 0.031318 0.277833 0.000010 0.301388
0.052419 0.000010 0.065301 0.000010 0.000010 0.261461 0.053546 0.413124 0.074715 0.079404
0.038835 0.000010 0.472023 0.000010 0.000010 0.076357 0.035113 0.345758 0.019015 0.012868
0.000010 0.007713 0.006688 0.000010 0.890262 0.000010 0.000010 0.015565 0.026081 0.053650
0.001035 0.054685 0.000984 0.000664 0.310600 0.059081 0.000010 0.210787 0.040950 0.321204
0.000010 0.000010 0.013761 0.029917 0.669910 0.025881 0.000010 0.104788 0.019526 0.136187
0.034716 0.000010 0.284016 0.000010 0.454600 0.026168 0.047226 0.018984 0.000010 0.134259
0.000010 0.000010 0.000010 0.000010 0.280554 0.023643 0.043674 0.000010 0.652069 0.000010
0.000010 0.894840 0.000010 0.094907 0.000010 0.000010 0.010183 0.000010 0.000010 0.000010
0.000010 0.908990 0.005847 0.061942 0.014184 0.000010 0.008988 0.000010 0.000010 0.000010
0.000010 0.986211 0.000010 0.013709 0.000010 0.000010 0.000010 0.000010 0.000010 0.000010
0.000010 0.880143 0.000010 0.063614 0.014148 0.000010 0.042035 0.000010 0.000010 0.000010
0.019440 0.042575 0.701121 0.038277 0.013822 0.089140 0.000010 0.015499 0.012612 0.067506
0.000010 0.000010 0.014897 0.000010 0.000010 0.000010 0.000010 0.000010 0.985023 0.000010
0.000010 0.904862 0.001925 0.073075 0.000010 0.000010 0.000010 0.020078 0.000010 0.000010
0.000010 0.038589 0.018431 0.057604 0.000010 0.024591 0.024124 0.050618 0.000010 0.786012
0.000010 0.926897 0.015378 0.057655 0.000010 0.000010 0.000010 0.000010 0.000010 0.000010
0.000010 0.000010 0.022919 0.042304 0.081569 0.056281 0.000010 0.550160 0.065434 0.181303
0.000010 0.008561 0.063186 0.014691 0.074420 0.052359 0.000010 0.662088 0.029021 0.095654
0.000010 0.000010 0.015143 0.000010 0.000010 0.000010 0.015408 0.927323 0.042066 0.000010
0.000010 0.000010 0.002166 0.024256 0.042483 0.111150 0.000010 0.482164 0.054968 0.282783
0.087430 0.000010 0.074194 0.105073 0.028790 0.327587 0.006000 0.279416 0.033831 0.057669
0.013788 0.000010 0.013102 0.060610 0.000010 0.212327 0.036906 0.451974 0.166938 0.044336
0.000010 0.024537 0.002934 0.033599 0.135482 0.000010 0.286400 0.140890 0.035693 0.340444
0.011839 0.005288 0.340779 0.000010 0.233444 0.085663 0.003769 0.053744 0.000223 0.265241
0.008979 0.000010 0.413584 0.000010 0.308172 0.073372 0.000010 0.056330 0.024267 0.115266
0.000010 0.801126 0.000010 0.000010 0.000010 0.173813 0.024991 0.000010 0.000010 0.000010
0.000010 0.000010 0.027625 0.000010 0.000010 0.066289 0.075736 0.511604 0.070679 0.248026
0.013746 0.000010 0.023766 0.053719 0.038710 0.037411 0.016006 0.745589 0.033009 0.038034
0.000010 0.000010 0.000010 0.000010 0.999910 0.000010 0.000010 0.000010 0.000010 0.000010
0.034193 0.000946 0.025872 0.036080 0.170553 0.060265 0.003165 0.464536 0.106726 0.097664
0.041195 0.000010 0.000010 0.000010 0.649964 0.031304 0.000010 0.000010 0.001453 0.276034
0.000010 0.000010 0.010505 0.000010 0.732408 0.011270 0.001995 0.000010 0.000010 0.243772
0.090372 0.027126 0.000010 0.000010 0.000010 0.215159 0.000010 0.453734 0.213559 0.000010
0.000010 0.924443 0.000010 0.030047 0.000010 0.000010 0.000010 0.000010 0.045440 0.000010
0.000010 0.904781 0.000010 0.008070 0.000010 0.000533 0.017726 0.000010 0.000010 0.068840
0.000010 0.410405 0.000010 0.123794 0.000010 0.228412 0.005795 0.060607 0.000010 0.170946
0.133158 0.034983 0.000010 0.050299 0.004781 0.196528 0.023098 0.252299 0.115932 0.188913
0.066656 0.032942 0.027839 0.033424 0.016581 0.162274 0.027375 0.359162 0.104577 0.169170
0.999910 0.000010 0.000010 0.000010 0.000010 0.000010 0.000010 0.000010 0.000010 0.000010
0.080157 0.052474 0.000010 0.105119 0.000010 0.166701 0.007247 0.376605 0.167375 0.044303
0.999910 0.000010 0.000010 0.000010 0.000010 0.000010 0.000010 0.000010 0.000010 0.000010
0.055263 0.000010 0.000010 0.040322 0.042113 0.197195 0.036242 0.342359 0.121543 0.164943
0.097692 0.062316 0.000010 0.000010 0.000010 0.236998 0.005202 0.392249 0.189371 0.016141
0.000010 0.000010 0.000010 0.000010 0.000010 0.000010 0.999910 0.000010 0.000010 0.000010
0.000010 0.034615 0.011378 0.035651 0.859199 0.000010 0.038826 0.020291 0.000010 0.000010
0.000010 0.000010 0.045175 0.000010 0.000010 0.097773 0.031872 0.527355 0.055902 0.241883
0.040373 0.000010 0.038964 0.000014 0.000010 0.024432 0.007046 0.500964 0.093444 0.294742
0.086412 0.000010 0.047953 0.000010 0.674307 0.000010 0.014633 0.060552 0.013167 0.102946
0.025233 0.012871 0.000621 0.000010 0.000010 0.003945 0.000010 0.826914 0.000010 0.130376
0.000010 0.000010 0.038553 0.000010 0.090040 0.070750 0.035814 0.549811 0.010499 0.204502
0.026622 0.019604 0.015498 0.000010 0.435418 0.005850 0.035934 0.383126 0.077928 0.000010
0.000010 0.001845 0.021172 0.000010 0.035893 0.084247 0.003049 0.662063 0.000010 0.191700
0.023064 0.000010 0.021740 0.036715 0.056566 0.083565 0.030032 0.503327 0.081249 0.163733
0.131026 0.063953 0.220735 0.000010 0.186076 0.059579 0.088760 0.084189 0.113144 0.052529
0.000010 0.410930 0.226258 0.000010 0.000010 0.362742 0.000010 0.000010 0.000010 0.000010
0.000010 0.013224 0.675231 0.056208 0.000010 0.053666 0.024143 0.032339 0.000010 0.145158
0.000010 0.017057 0.010134 0.000010 0.851710 0.026391 0.029156 0.000010 0.018673 0.046850
0.035416 0.000010 0.000010 0.031354 0.000010 0.211980 0.024515 0.402505 0.181548 0.112652
0.093931 0.028135 0.006228 0.049402 0.072369 0.203622 0.000010 0.273996 0.123408 0.148899
0.128587 0.000010 0.000010 0.043777 0.049952 0.157008 0.032340 0.202176 0.272372 0.113769
0.039454 0.000010 0.000010 0.020064 0.032132 0.000010 0.134827 0.197528 0.004229 0.571736
0.026975 0.000010 0.019072 0.005955 0.074508 0.055677 0.005682 0.516623 0.000010 0.295487
0.000010 0.000010 0.029957 0.000010 0.067581 0.047827 0.098826 0.282146 0.064874 0.408760
0.000010 0.000010 0.000010 0.042512 0.026561 0.083850 0.035692 0.679354 0.036188 0.095814
0.032279 0.000010 0.032123 0.000010 0.024159 0.018246 0.036149 0.731758 0.025834 0.099432
0.036368 0.059303 0.000010 0.000010 0.056038 0.065164 0.033883 0.561359 0.079228 0.108637
0.000010 0.885117 0.000010 0.000010 0.000010 0.114803 0.000010 0.000010 0.000010 0.000010
0.000019 0.000010 0.031564 0.041778 0.080056 0.061087 0.000010 0.576248 0.007394 0.201835
0.044635 0.020263 0.030350 0.000010 0.029685 0.000010 0.041108 0.699170 0.043531 0.091237
0.000010 0.017567 0.031465 0.000010 0.663258 0.012832 0.000014 0.081594 0.000010 0.193241
0.001355 0.000198 0.027009 0.000010 0.654810 0.002650 0.024828 0.038587 0.024692 0.225860
0.000010 0.000010 0.000010 0.047815 0.042870 0.000010 0.728578 0.072182 0.000010 0.108505
0.049996 0.000010 0.059081 0.000010 0.718796 0.000010 0.000010 0.037452 0.000010 0.134625
0.000010 0.879557 0.000010 0.000010 0.000010 0.120363 0.000010 0.000010 0.000010 0.000010
0.088866 0.690307 0.000010 0.133236 0.000010 0.003433 0.002728 0.078886 0.000010 0.002513
0.000010 0.000010 0.020753 0.000010 0.581286 0.001702 0.038687 0.000010 0.022409 0.335124
0.002640 0.019963 0.014297 0.000010 0.154748 0.147582 0.074417 0.232022 0.000010 0.354312
0.058036 0.787953 0.029315 0.093558 0.000010 0.000010 0.000010 0.012797 0.018302 0.000010
0.013377 0.785399 0.009531 0.063861 0.000010 0.000010 0.052592 0.075200 0.000010 0.000010
0.030576 0.685249 0.002120 0.137743 0.000010 0.024209 0.000010 0.013867 0.000010 0.106206
0.000010 0.830748 0.000010 0.062669 0.000010 0.000010 0.007372 0.000010 0.016403 0.082758
0.044413 0.745735 0.000010 0.114752 0.000010 0.000010 0.000225 0.038009 0.024996 0.031839
0.007410 0.278296 0.034859 0.008516 0.125795 0.046638 0.006637 0.103629 0.020696 0.367524
0.084689 0.027769 0.000010 0.037274 0.001493 0.338709 0.000010 0.275052 0.234983 0.000010
0.088383 0.063047 0.000010 0.000010 0.014744 0.330311 0.000010 0.327647 0.175827 0.000010
0.011458 0.000010 0.002331 0.038651 0.336994 0.064637 0.000010 0.136370 0.008438 0.401101
0.000010 0.065378 0.069758 0.000011 0.825728 0.000010 0.000010 0.014718 0.000010 0.024368
0.142110 0.079190 0.000010 0.000010 0.000010 0.347610 0.000010 0.257906 0.173135 0.000010
0.000010 0.000010 0.003215 0.009246 0.000010 0.000010 0.045926 0.125124 0.029208 0.787241
0.118709 0.095390 0.000010 0.000010 0.000010 0.272220 0.000010 0.338204 0.175427 0.000010
0.024051 0.000010 0.001192 0.000010 0.163364 0.000010 0.052127 0.210974 0.043380 0.504882
0.000010 0.000010 0.999905 0.000010 0.000010 0.000015 0.000010 0.000010 0.000010 0.000010
0.009065 0.000010 0.001787 0.000010 0.733732 0.000010 0.000010 0.000010 0.071009 0.184356
0.068992 0.016439 0.380165 0.026414 0.000013 0.242159 0.021545 0.137081 0.107181 0.000010
0.024657 0.000010 0.031130 0.000010 0.461080 0.000010 0.000010 0.000010 0.000010 0.483072
0.021294 0.000010 0.024754 0.000010 0.019519 0.031888 0.068806 0.139765 0.015732 0.678222
0.000010 0.000010 0.021127 0.025382 0.198846 0.004366 0.031970 0.207938 0.030103 0.480249
0.000010 0.000010 0.000010 0.024977 0.822957 0.000694 0.000010 0.070761 0.000010 0.080562
0.412023 0.076062 0.000010 0.048894 0.000010 0.124909 0.000010 0.128626 0.193204 0.016253
0.033014 0.000010 0.000010 0.004443 0.536979 0.000010 0.024682 0.147581 0.020781 0.232490
0.038698 0.000010 0.000010 0.000010 0.722253 0.000010 0.016899 0.060164 0.007734 0.154212
0.000010 0.000010 0.019791 0.000010 0.889004 0.000010 0.000010 0.081721 0.009424 0.000010
0.010980 0.000010 0.000010 0.000010 0.101278 0.028322 0.061892 0.312896 0.000010 0.484593
0.008220 0.000010 0.023759 0.000010 0.484588 0.035939 0.000010 0.000010 0.011219 0.436235
0.000010 0.000010 0.999910 0.000010 0.000010 0.000010 0.000010 0.000010 0.000010 0.000010
0.000010 0.000010 0.999909 0.000010 0.000010 0.000011 0.000010 0.000010 0.000010 0.000010
0.000010 0.012490 0.000010 0.000010 0.790480 0.013014 0.030426 0.043898 0.000010 0.109652
0.000010 0.000010 0.999910 0.000010 0.000010 0.000010 0.000010 0.000010 0.000010 0.000010
0.037717 0.009317 0.015990 0.000010 0.723881 0.004153 0.000010 0.000010 0.001855 0.207057
0.000010 0.000010 0.000010 0.000010 0.999910 0.000010 0.000010 0.000010 0.000010 0.000010
0.000010 0.000010 0.999908 0.000010 0.000010 0.000012 0.000010 0.000010 0.000010 0.000010
0.000013 0.000017 0.999899 0.000010 0.000011 0.000010 0.000010 0.000010 0.000010 0.000010
0.000010 0.000010 0.999910 0.000010 0.000010 0.000010 0.000010 0.000010 0.000010 0.000010
0.000010 0.000010 0.999910 0.000010 0.000010 0.000010 0.000010 0.000010 0.000010 0.000010
0.000010 0.021369 0.840404 0.029669 0.000010 0.030678 0.000771 0.041943 0.000010 0.035136
0.039886 0.043021 0.028812 0.000010 0.102220 0.021127 0.009248 0.161461 0.011881 0.582335
0.008159 0.000010 0.031465 0.003897 0.077192 0.000010 0.004522 0.193298 0.069758 0.611690
0.000010 0.000010 0.999910 0.000010 0.000010 0.000010 0.000010 0.000010 0.000010 0.000010
0.074092 0.006258 0.159278 0.000010 0.420054 0.048073 0.007166 0.009171 0.000010 0.275888
0.000010 0.000010 0.014643 0.000010 0.665786 0.000010 0.035581 0.000010 0.022497 0.261443
0.000010 0.000010 0.999910 0.000010 0.000010 0.000010 0.000010 0.000010 0.000010 0.000010
0.018490 0.000010 0.943259 0.004298 0.000010 0.019300 0.014602 0.000010 0.000010 0.000010
0.000010 0.000010 0.999910 0.000010 0.000010 0.000010 0.000010 0.000010 0.000010 0.000010
0.028728 0.000010 0.007536 0.058809 0.132042 0.077776 0.231985 0.270674 0.001262 0.191177
0.000010 0.000010 0.046896 0.000010 0.119715 0.000010 0.037208 0.245166 0.000010 0.550965
0.000010 0.000010 0.020487 0.025978 0.083054 0.000010 0.037706 0.213206 0.031456 0.588083
0.000010 0.000010 0.031080 0.000010 0.012975 0.000010 0.037428 0.348270 0.002257 0.567950
0.000010 0.000010 0.881622 0.000010 0.027438 0.040360 0.000010 0.000010 0.050520 0.000010
0.000010 0.441398 0.408616 0.000010 0.043484 0.106442 0.000010 0.000010 0.000010 0.000010
0.000010 0.000010 0.999910 0.000010 0.000010 0.000010 0.000010 0.000010 0.000010 0.000010
0.000010 0.000010 0.999910 0.000010 0.000010 0.000010 0.000010 0.000010 0.000010 0.000010
0.000010 0.000010 0.999910 0.000010 0.000010 0.000010 0.000010 0.000010 0.000010 0.000010
0.000010 0.000010 0.999910 0.000010 0.000010 0.000010 0.000010 0.000010 0.000010 0.000010
0.000010 0.000010 0.999910 0.000010 0.000010 0.000010 0.000010 0.000010 0.000010 0.000010
0.000010 0.000010 0.999900 0.000010 0.000010 0.000020 0.000010 0.000010 0.000010 0.000010
0.000010 0.007541 0.025838 0.060566 0.200978 0.016952 0.302851 0.111706 0.012508 0.261050
0.000010 0.000010 0.999910 0.000010 0.000010 0.000010 0.000010 0.000010 0.000010 0.000010
0.026715 0.000010 0.873695 0.065168 0.000010 0.027880 0.000010 0.006492 0.000010 0.000010
0.000010 0.008397 0.000010 0.006791 0.863040 0.000010 0.008540 0.025703 0.000010 0.087488
0.035991 0.006750 0.812792 0.033133 0.000010 0.070658 0.034414 0.000010 0.006231 0.000010
0.024075 0.000010 0.535908 0.000010 0.136108 0.070611 0.075140 0.061001 0.046283 0.050855
0.000010 0.000010 0.999910 0.000010 0.000010 0.000010 0.000010 0.000010 0.000010 0.000010
0.000010 0.000010 0.999910 0.000010 0.000010 0.000010 0.000010 0.000010 0.000010 0.000010
0.000010 0.000010 0.999910 0.000010 0.000010 0.000010 0.000010 0.000010 0.000010 0.000010
0.000010 0.000010 0.999909 0.000010 0.000010 0.000010 0.000010 0.000011 0.000010 0.000010
0.000016 0.000010 0.974443 0.005365 0.000010 0.000010 0.020116 0.000010 0.000010 0.000010
0.000013 0.000010 0.999907 0.000010 0.000010 0.000010 0.000010 0.000010 0.000010 0.000010
0.000010 0.000010 0.000010 0.000010 0.000010 0.000010 0.999910 0.000010 0.000010 0.000010
0.000010 0.000010 0.000010 0.999910 0.000010 0.000010 0.000010 0.000010 0.000010 0.000010
0.000010 0.000010 0.000010 0.999910 0.000010 0.000010 0.000010 0.000010 0.000010 0.000010
0.000010 0.000010 0.000010 0.999910 0.000010 0.000010 0.000010 0.000010 0.000010 0.000010
0.000010 0.000010 0.999910 0.000010 0.000010 0.000010 0.000010 0.000010 0.000010 0.000010
0.000010 0.000010 0.999910 0.000010 0.000010 0.000010 0.000010 0.000010 0.000010 0.000010
0.000010 0.000010 0.000010 0.999910 0.000010 0.000010 0.000010 0.000010 0.000010 0.000010
0.000010 0.000010 0.000010 0.993960 0.005960 0.000010 0.000010 0.000010 0.000010 0.000010
0.000010 0.000010 0.000010 0.999910 0.000010 0.000010 0.000010 0.000010 0.000010 0.000010
0.000019 0.000010 0.999901 0.000010 0.000010 0.000010 0.000010 0.000010 0.000010 0.000010
0.000010 0.000010 0.999910 0.000010 0.000010 0.000010 0.000010 0.000010 0.000010 0.000010
0.916730 0.000010 0.000010 0.000010 0.000010 0.050127 0.000010 0.000010 0.033072 0.000010
0.000010 0.000010 0.999910 0.000010 0.000010 0.000010 0.000010 0.000010 0.000010 0.000010
0.000010 0.000010 0.000010 0.000010 0.114690 0.000010 0.000010 0.000010 0.885230 0.000010
0.000010 0.000010 0.329662 0.000010 0.000010 0.670258 0.000010 0.000010 0.000010 0.000010
0.000010 0.000010 0.338325 0.000010 0.000010 0.661595 0.000010 0.000010 0.000010 0.000010
0.052454 0.000010 0.000010 0.001600 0.611505 0.000010 0.000010 0.157800 0.057428 0.119172
0.000010 0.000010 0.296896 0.000010 0.000010 0.703024 0.000010 0.000010 0.000010 0.000010
0.000010 0.889043 0.000593 0.023562 0.008768 0.000010 0.007437 0.000010 0.070556 0.000010
0.163235 0.166175 0.001263 0.029886 0.000010 0.191530 0.016530 0.189729 0.182043 0.059599
0.069181 0.026029 0.093205 0.000010 0.420703 0.000010 0.039393 0.163908 0.056175 0.131386
0.047584 0.086803 0.003013 0.545070 0.035096 0.135291 0.013284 0.039362 0.000010 0.094487
0.155775 0.000010 0.367204 0.000010 0.018678 0.000010 0.029841 0.000010 0.000010 0.428452
0.166694 0.000010 0.388167 0.000010 0.000010 0.010653 0.000010 0.000010 0.000010 0.434425
0.004604 0.000010 0.000010 0.013067 0.788111 0.000010 0.000010 0.000010 0.000010 0.194159
0.028060 0.034187 0.675844 0.051480 0.000010 0.059597 0.014154 0.016544 0.088186 0.031938
0.013044 0.027801 0.033211 0.018875 0.359503 0.016163 0.046485 0.218154 0.020910 0.245854
0.000010 0.009399 0.069734 0.000010 0.767853 0.001763 0.016315 0.019996 0.000010 0.114910
0.073504 0.000010 0.319634 0.000010 0.394614 0.035534 0.000010 0.000010 0.006174 0.170500
0.052803 0.035650 0.000010 0.000010 0.000010 0.215978 0.000010 0.373546 0.221560 0.100424
0.027782 0.006414 0.042263 0.000010 0.360744 0.013214 0.006054 0.021761 0.041501 0.480257
0.037137 0.000010 0.000010 0.000010 0.014628 0.000010 0.049074 0.216393 0.135312 0.547416
0.044975 0.094216 0.000010 0.606014 0.013036 0.094293 0.000010 0.000010 0.083589 0.063847
0.000010 0.000010 0.873387 0.039539 0.013269 0.053660 0.000010 0.016934 0.003171 0.000010
0.067785 0.115732 0.000010 0.597901 0.000010 0.036476 0.000010 0.000010 0.010964 0.171102
0.000010 0.000010 0.000010 0.999910 0.000010 0.000010 0.000010 0.000010 0.000010 0.000010
0.000010 0.039161 0.000010 0.000010 0.411282 0.019840 0.062023 0.117944 0.012629 0.337092
0.038515 0.000010 0.000010 0.000010 0.575590 0.034043 0.000010 0.000010 0.000010 0.351791
0.355650 0.644270 0.000010 0.000010 0.000010 0.000010 0.000010 0.000010 0.000010 0.000010
0.013359 0.034640 0.020106 0.010935 0.520625 0.000010 0.040164 0.000010 0.036898 0.323253
0.000010 0.000010 0.007318 0.020339 0.679867 0.014905 0.000010 0.000010 0.021717 0.255814
0.000010 0.009371 0.000010 0.000010 0.857418 0.017792 0.046072 0.015856 0.000010 0.053451
0.098942 0.102096 0.000010 0.051047 0.034407 0.080441 0.004181 0.319130 0.156694 0.153052
0.353084 0.060190 0.000010 0.000010 0.000010 0.219926 0.000010 0.000010 0.366740 0.000010
0.025920 0.000010 0.028804 0.000010 0.482381 0.028731 0.151827 0.053113 0.076870 0.152334
0.000010 0.000010 0.000010 0.999910 0.000010 0.000010 0.000010 0.000010 0.000010 0.000010
0.000010 0.058195 0.005517 0.002263 0.000010 0.025118 0.075163 0.033464 0.036886 0.763375
0.041585 0.003919 0.076379 0.000010 0.523217 0.023517 0.000010 0.109956 0.029128 0.192279
0.029237 0.227675 0.060787 0.372028 0.000010 0.163889 0.000010 0.146345 0.000010 0.000010
0.055264 0.053887 0.004002 0.038732 0.056826 0.008208 0.022911 0.151581 0.000010 0.608579
0.000010 0.000010 0.999910 0.000010 0.000010 0.000010 0.000010 0.000010 0.000010 0.000010
0.000010 0.006252 0.044966 0.000010 0.532183 0.007440 0.048440 0.000010 0.069768 0.290921
0.000010 0.000010 0.021886 0.000010 0.539927 0.000010 0.055717 0.000010 0.046542 0.335879
0.027094 0.026740 0.010472 0.015401 0.486447 0.033599 0.000010 0.000010 0.010261 0.389966
0.000010 0.000010 0.019774 0.000010 0.734680 0.000010 0.007616 0.019822 0.116159 0.101908
0.216505 0.000010 0.100835 0.026057 0.254868 0.000010 0.000010 0.252152 0.031781 0.117773
0.031142 0.004365 0.038486 0.070957 0.123138 0.039892 0.091214 0.072023 0.101754 0.427029
0.060911 0.000010 0.000010 0.000010 0.854373 0.000010 0.000010 0.000010 0.000010 0.084645
0.000010 0.000010 0.026417 0.000010 0.973503 0.000010 0.000010 0.000010 0.000010 0.000010
0.000010 0.000010 0.019897 0.045748 0.078697 0.026948 0.250558 0.055446 0.039957 0.482730
0.000010 0.000010 0.147701 0.000010 0.708861 0.000010 0.025630 0.024486 0.000010 0.093271
0.039626 0.013066 0.071930 0.037957 0.014138 0.049885 0.124360 0.178922 0.000010 0.470106
0.000010 0.012409 0.058556 0.005169 0.727568 0.025690 0.015068 0.000010 0.000010 0.155511
0.000010 0.000010 0.031232 0.000010 0.657423 0.017140 0.030154 0.047183 0.000010 0.216828
0.000010 0.059370 0.000010 0.044307 0.000010 0.000010 0.003153 0.080620 0.000010 0.812499
0.000010 0.000010 0.000010 0.010922 0.881088 0.006813 0.000010 0.030420 0.032260 0.038457
0.046683 0.000010 0.332681 0.026111 0.304514 0.046408 0.003247 0.000010 0.011561 0.228775
0.000010 0.000010 0.010862 0.015662 0.790975 0.000010 0.000010 0.000010 0.001633 0.180818
0.032393 0.000010 0.340834 0.000010 0.402675 0.003197 0.017621 0.029627 0.000010 0.173624
0.000010 0.010315 0.000766 0.001178 0.555979 0.050006 0.115444 0.106909 0.016874 0.142518
0.030786 0.000010 0.044703 0.000010 0.792360 0.001098 0.000010 0.057875 0.000010 0.073138
0.015340 0.000010 0.019421 0.000010 0.611894 0.013661 0.007901 0.000010 0.039868 0.291884
0.148025 0.000010 0.341131 0.000010 0.015863 0.000010 0.000010 0.000010 0.000010 0.494920
0.331291 0.000010 0.038156 0.053516 0.182966 0.000010 0.000010 0.209378 0.000010 0.184654
0.999910 0.000010 0.000010 0.000010 0.000010 0.000010 0.000010 0.000010 0.000010 0.000010
0.452899 0.000010 0.198538 0.000010 0.081987 0.005815 0.006079 0.000010 0.026137 0.228515
0.370443 0.000010 0.267843 0.000010 0.041359 0.010108 0.000010 0.000010 0.002230 0.307978
0.379989 0.007742 0.064057 0.049772 0.172697 0.000010 0.015950 0.282091 0.000010 0.027682
0.361966 0.058774 0.027193 0.014676 0.057273 0.095096 0.000010 0.202360 0.107548 0.075103
0.226883 0.000010 0.215814 0.000010 0.114998 0.011045 0.043128 0.011685 0.016823 0.359605
0.999910 0.000010 0.000010 0.000010 0.000010 0.000010 0.000010 0.000010 0.000010 0.000010
0.023309 0.000010 0.000010 0.000010 0.451987 0.068290 0.261338 0.104628 0.046050 0.044368
0.351965 0.000010 0.039225 0.000010 0.229700 0.000010 0.000010 0.252196 0.000010 0.126864
0.957677 0.000010 0.000010 0.000010 0.042243 0.000010 0.000010 0.000010 0.000010 0.000010
0.275434 0.054866 0.000010 0.084160 0.000010 0.220784 0.000010 0.000010 0.364707 0.000010
0.000010 0.140295 0.008278 0.478625 0.012050 0.183480 0.069393 0.067286 0.040572 0.000010
0.000010 0.173205 0.025760 0.487097 0.002348 0.184670 0.015458 0.067483 0.043959 0.000010
0.386627 0.000010 0.000010 0.045847 0.000010 0.209269 0.000010 0.000010 0.358197 0.000010
0.395526 0.000010 0.044903 0.005044 0.290642 0.000010 0.000010 0.180790 0.000010 0.083055
0.453347 0.026800 0.064601 0.000010 0.151421 0.000010 0.009355 0.197121 0.000010 0.097326
0.999910 0.000010 0.000010 0.000010 0.000010 0.000010 0.000010 0.000010 0.000010 0.000010
0.000010 0.146524 0.017994 0.182182 0.010279 0.417668 0.026246 0.163807 0.035281 0.000010
0.000010 0.000010 0.000010 0.000010 0.000010 0.999910 0.000010 0.000010 0.000010 0.000010
0.083058 0.706262 0.008541 0.126657 0.000010 0.000010 0.000010 0.000010 0.000010 0.075431
0.337203 0.000010 0.050512 0.050417 0.207115 0.000010 0.034348 0.262323 0.019546 0.038515
0.018074 0.010534 0.016943 0.000010 0.858482 0.000010 0.000010 0.000010 0.000010 0.095916
0.015318 0.000010 0.010667 0.000010 0.709605 0.000010 0.025671 0.069502 0.041011 0.128196
0.000010 0.000010 0.036605 0.059418 0.000010 0.021965 0.019571 0.642979 0.044851 0.174581
0.000010 0.000010 0.019033 0.069687 0.009799 0.012073 0.046581 0.657013 0.000010 0.185784
0.015040 0.000010 0.003124 0.000010 0.869706 0.000010 0.025051 0.048712 0.008523 0.029814
0.055906 0.000010 0.385059 0.000010 0.240248 0.034143 0.076559 0.048966 0.003616 0.155483
0.039919 0.000010 0.133868 0.000010 0.244730 0.007714 0.058357 0.105331 0.016662 0.393400
0.092765 0.000010 0.046289 0.009013 0.411321 0.074324 0.000010 0.143737 0.000010 0.222522
0.000010 0.908502 0.000010 0.000010 0.000010 0.091418 0.000010 0.000010 0.000010 0.000010
0.006736 0.000010 0.016343 0.000010 0.586955 0.000010 0.024931 0.055777 0.052200 0.257028
0.037189 0.000010 0.014572 0.000010 0.898978 0.000340 0.000010 0.000010 0.000010 0.048871
0.063727 0.000010 0.022560 0.012678 0.381849 0.000010 0.020530 0.000010 0.018483 0.480143
0.000010 0.000010 0.013397 0.000010 0.625944 0.022750 0.035530 0.078197 0.041081 0.183072
0.000010 0.000010 0.059765 0.000010 0.401963 0.000010 0.000398 0.000010 0.013025 0.524799
0.000010 0.021544 0.032975 0.030172 0.351252 0.000010 0.017434 0.206233 0.008648 0.331723
0.999910 0.000010 0.000010 0.000010 0.000010 0.000010 0.000010 0.000010 0.000010 0.000010
0.042298 0.000010 0.019206 0.019441 0.592122 0.000010 0.017521 0.272127 0.011194 0.026070
0.000010 0.000010 0.005641 0.034908 0.646738 0.000010 0.008929 0.085239 0.011195 0.207319
0.003921 0.000010 0.014072 0.000010 0.619801 0.000017 0.016156 0.110366 0.013538 0.222111
0.009042 0.000010 0.047072 0.037220 0.192042 0.029679 0.075750 0.214392 0.000010 0.394783
0.000010 0.004749 0.000010 0.021709 0.918204 0.000010 0.000010 0.048020 0.007268 0.000010
0.000010 0.000010 0.018877 0.000010 0.138588 0.000010 0.000010 0.000010 0.842465 0.000010
0.000010 0.000010 0.032215 0.039615 0.037362 0.078247 0.010473 0.339608 0.000010 0.462450
0.034231 0.000010 0.007921 0.037130 0.130299 0.066364 0.050116 0.386476 0.077946 0.209507
0.029108 0.000010 0.039465 0.061938 0.075699 0.083544 0.041164 0.425899 0.000010 0.243163
0.000010 0.000010 0.002699 0.000010 0.200763 0.000010 0.055721 0.322966 0.000010 0.417801
0.000010 0.000010 0.000010 0.000010 0.852317 0.000194 0.016000 0.029822 0.000010 0.101618
0.000010 0.000010 0.015348 0.000010 0.738620 0.025586 0.004956 0.071996 0.019268 0.124195
0.000010 0.000010 0.000338 0.000010 0.760609 0.000010 0.000010 0.238983 0.000010 0.000010
0.000010 0.000010 0.000010 0.000010 0.859902 0.000010 0.015397 0.124631 0.000010 0.000010
0.000010 0.000010 0.025001 0.000010 0.180552 0.056497 0.046631 0.307669 0.114664 0.268956
0.060449 0.010408 0.464602 0.000186 0.056536 0.058150 0.052680 0.214688 0.000010 0.082289
0.054514 0.000010 0.065659 0.018414 0.476079 0.034125 0.038618 0.135724 0.054047 0.122810
0.085036 0.000010 0.147587 0.007789 0.464304 0.042135 0.009252 0.000010 0.000010 0.243866
0.000010 0.000010 0.034278 0.008731 0.054978 0.000010 0.007171 0.870326 0.024476 0.000010
0.000010 0.000010 0.018735 0.000010 0.835938 0.000010 0.024454 0.000010 0.033110 0.087713
0.056420 0.044735 0.000010 0.036229 0.000010 0.000010 0.013682 0.000010 0.056857 0.792037
0.019560 0.000010 0.004456 0.000010 0.677490 0.005808 0.015147 0.000010 0.000010 0.277499
0.000010 0.000010 0.000010 0.000010 0.999910 0.000010 0.000010 0.000010 0.000010 0.000010
0.000010 0.000179 0.000010 0.000010 0.667409 0.000010 0.039638 0.041895 0.196060 0.054779
0.000010 0.024133 0.074650 0.000010 0.034294 0.000010 0.037463 0.321763 0.062314 0.445353
0.000010 0.000010 0.000010 0.000010 0.999910 0.000010 0.000010 0.000010 0.000010 0.000010
0.018247 0.000010 0.000010 0.000010 0.007821 0.000010 0.047285 0.909501 0.017096 0.000010
0.034465 0.024824 0.026873 0.000010 0.035448 0.000010 0.007692 0.870657 0.000010 0.000010
0.017814 0.000010 0.000010 0.000010 0.000010 0.026903 0.031309 0.904335 0.019589 0.000010
0.009956 0.000010 0.016536 0.000010 0.000010 0.000010 0.007390 0.912653 0.053414 0.000010
0.042515 0.013168 0.000010 0.000010 0.017506 0.019884 0.000010 0.838247 0.000010 0.068640
0.017972 0.000010 0.836814 0.015306 0.000010 0.015713 0.000462 0.112103 0.000818 0.000791
0.027177 0.000010 0.010594 0.000010 0.516942 0.053775 0.008221 0.166542 0.014322 0.202407
0.045432 0.000010 0.019004 0.005258 0.903570 0.000010 0.021942 0.000010 0.000010 0.004753
0.000010 0.000010 0.001282 0.000010 0.746039 0.000010 0.000010 0.252610 0.000010 0.000010
0.030548 0.000010 0.004684 0.000010 0.658468 0.005141 0.039963 0.080436 0.092071 0.088669
0.048603 0.000010 0.000010 0.000010 0.908810 0.000010 0.000010 0.000010 0.000010 0.042517
0.000010 0.000010 0.009436 0.000010 0.013627 0.000010 0.000010 0.932517 0.000010 0.044360
0.000010 0.000010 0.001117 0.007839 0.886605 0.012552 0.000010 0.000010 0.043718 0.048129
0.000010 0.032979 0.027951 0.000010 0.084798 0.000010 0.008654 0.248308 0.000010 0.597269
0.000010 0.000010 0.999910 0.000010 0.000010 0.000010 0.000010 0.000010 0.000010 0.000010
0.052439 0.064741 0.000010 0.000010 0.000010 0.192972 0.018450 0.467358 0.204001 0.000010
0.000010 0.000010 0.037506 0.000010 0.054646 0.036145 0.031832 0.448290 0.103631 0.287919
0.000010 0.000010 0.014970 0.000010 0.314415 0.000010 0.009381 0.653426 0.000010 0.007758
0.016789 0.005608 0.003072 0.019122 0.038822 0.111394 0.038780 0.536705 0.059506 0.170204
0.034534 0.029339 0.013975 0.023397 0.000010 0.000010 0.000010 0.850582 0.048133 0.000010
0.000010 0.024397 0.044796 0.000010 0.080774 0.060961 0.003324 0.669734 0.000010 0.115984
0.000010 0.000010 0.000010 0.000010 0.000010 0.000010 0.000010 0.999910 0.000010 0.000010
0.022733 0.000010 0.038285 0.000010 0.201283 0.027528 0.042939 0.643157 0.024045 0.000010
0.034854 0.000011 0.020853 0.000010 0.060391 0.036573 0.061771 0.565772 0.046934 0.172831
0.025427 0.026013 0.010614 0.000010 0.717704 0.038409 0.000010 0.000010 0.004645 0.177158
0.054483 0.040414 0.007308 0.000010 0.000010 0.000010 0.030744 0.159432 0.023700 0.683888
0.000010 0.000010 0.030491 0.000010 0.013411 0.000010 0.013594 0.904188 0.038266 0.000010
0.014235 0.009708 0.013811 0.000010 0.075750 0.000010 0.000010 0.768712 0.053800 0.063954
0.000010 0.060255 0.019392 0.000010 0.574187 0.000010 0.016227 0.268928 0.052708 0.008273
0.000010 0.000010 0.000010 0.000010 0.925932 0.000010 0.015691 0.000010 0.000010 0.058307
0.000010 0.000010 0.037718 0.000010 0.000010 0.024290 0.045127 0.597724 0.058145 0.236955
0.000010 0.000010 0.902080 0.000010 0.009785 0.026748 0.000010 0.000010 0.061326 0.000010
0.000010 0.000010 0.003814 0.050543 0.905171 0.000010 0.000010 0.000010 0.040413 0.000010
0.000010 0.000010 0.000010 0.000010 0.938549 0.000010 0.027969 0.026367 0.007056 0.000010
0.012887 0.000010 0.014100 0.000010 0.086117 0.053776 0.004818 0.652065 0.020595 0.155623
0.000010 0.000010 0.019422 0.103317 0.434967 0.021782 0.005642 0.350164 0.032495 0.032189
0.000010 0.000010 0.005631 0.000010 0.149724 0.000010 0.072577 0.276740 0.020758 0.474530
0.000010 0.000010 0.049256 0.017064 0.000010 0.000010 0.000010 0.807645 0.000010 0.125975
0.000010 0.000010 0.001237 0.000010 0.998683 0.000010 0.000010 0.000010 0.000010 0.000010
0.000010 0.000010 0.000010 0.000010 0.990863 0.000010 0.000010 0.009057 0.000010 0.000010
0.038314 0.000010 0.028192 0.000010 0.488910 0.000010 0.030057 0.409328 0.000010 0.005158
0.000010 0.000010 0.021492 0.000010 0.452023 0.000010 0.019478 0.000010 0.016930 0.490027
0.000010 0.869596 0.000010 0.000010 0.000010 0.130324 0.000010 0.000010 0.000010 0.000010
0.041479 0.000010 0.038895 0.024935 0.039201 0.021404 0.012713 0.638368 0.052647 0.130349
0.000010 0.000010 0.027130 0.010383 0.850356 0.000010 0.003095 0.041928 0.000010 0.067068
0.000010 0.854670 0.000010 0.000010 0.000010 0.145250 0.000010 0.000010 0.000010 0.000010
0.000010 0.000010 0.469846 0.000010 0.000010 0.004267 0.525817 0.000010 0.000010 0.000010
0.000010 0.000010 0.000010 0.000010 0.000010 0.999910 0.000010 0.000010 0.000010 0.000010
0.012177 0.000010 0.038956 0.000010 0.513296 0.017573 0.000010 0.015633 0.033349 0.368986
0.000010 0.000010 0.017023 0.000010 0.483688 0.036238 0.075865 0.060376 0.046280 0.280500
0.000010 0.000010 0.005732 0.000010 0.661433 0.032412 0.017951 0.021158 0.036677 0.224607
0.052923 0.046734 0.000010 0.059308 0.269430 0.041437 0.057189 0.079129 0.000010 0.393829
0.000010 0.000010 0.013067 0.000010 0.873621 0.000010 0.006239 0.000010 0.035276 0.071748
0.000010 0.000010 0.000010 0.000010 0.999910 0.000010 0.000010 0.000010 0.000010 0.000010
0.000010 0.000010 0.021166 0.011822 0.055347 0.000010 0.098982 0.316405 0.000010 0.496238
0.010376 0.004709 0.006326 0.000010 0.619214 0.000365 0.042573 0.274859 0.041558 0.000010
0.000010 0.000010 0.031651 0.000010 0.457769 0.065646 0.012424 0.044825 0.024725 0.362929
0.062194 0.041469 0.000010 0.000010 0.376499 0.037000 0.004017 0.453648 0.025143 0.000010
0.000010 0.015075 0.017781 0.000010 0.619813 0.000010 0.045215 0.049684 0.041078 0.211324
0.006533 0.000010 0.033121 0.000010 0.674233 0.000010 0.000017 0.000010 0.000010 0.286046
0.000010 0.000010 0.004542 0.000010 0.603079 0.000010 0.000010 0.000010 0.000010 0.392309
0.000010 0.000010 0.010060 0.000010 0.702064 0.000010 0.000010 0.000010 0.039672 0.248144
0.000010 0.000010 0.000010 0.000010 0.999910 0.000010 0.000010 0.000010 0.000010 0.000010
0.019021 0.000010 0.020821 0.016498 0.891926 0.000010 0.017111 0.004665 0.029928 0.000010
0.010217 0.000010 0.023098 0.000010 0.066720 0.022190 0.030604 0.189965 0.078882 0.578304
0.062555 0.023571 0.052485 0.000010 0.322586 0.000010 0.014066 0.028228 0.060329 0.436161
0.000010 0.000016 0.012576 0.063133 0.000010 0.000010 0.015557 0.806206 0.053467 0.049017
0.003016 0.000010 0.006578 0.000010 0.954696 0.000010 0.012942 0.000010 0.022718 0.000010
0.000010 0.000010 0.024846 0.025512 0.105915 0.037886 0.077961 0.220444 0.000010 0.507407
0.079719 0.000010 0.044609 0.002732 0.597049 0.015024 0.041626 0.052753 0.157483 0.008995
0.007316 0.000010 0.035896 0.015194 0.455184 0.000010 0.065132 0.054851 0.017771 0.348637
0.064782 0.011760 0.023224 0.003657 0.100045 0.019459 0.000010 0.742015 0.031664 0.003385
0.000010 0.000010 0.001302 0.000010 0.689786 0.013795 0.056905 0.039589 0.038983 0.159610
0.037352 0.000010 0.005964 0.000010 0.083680 0.000010 0.081832 0.153595 0.000010 0.637537
0.000010 0.006290 0.046159 0.000010 0.020651 0.020011 0.020070 0.884762 0.002027 0.000010
0.000010 0.016249 0.043291 0.011890 0.000010 0.006514 0.015397 0.196675 0.026007 0.683958
0.132521 0.047768 0.000010 0.000010 0.298749 0.076766 0.000010 0.357782 0.072780 0.013604
0.000010 0.000010 0.000010 0.021944 0.013750 0.049559 0.015426 0.750577 0.056931 0.091783
0.235352 0.087462 0.000010 0.109696 0.000010 0.151235 0.000010 0.290968 0.115876 0.009380
0.000010 0.000010 0.038984 0.000010 0.061744 0.000010 0.105462 0.328881 0.000010 0.464879
0.045713 0.008124 0.003239 0.000010 0.598632 0.000010 0.000010 0.344242 0.000010 0.000010
0.000010 0.000010 0.000010 0.000010 0.887489 0.000010 0.000010 0.112431 0.000010 0.000010
0.047500 0.000010 0.000010 0.050969 0.772878 0.004336 0.000010 0.027990 0.096287 0.000010
0.005602 0.000010 0.000010 0.018807 0.830410 0.000010 0.000010 0.122786 0.022346 0.000010
0.000010 0.000010 0.000010 0.008504 0.040021 0.046260 0.000010 0.777320 0.026364 0.101492
0.095660 0.033820 0.025466 0.021604 0.353768 0.004247 0.045998 0.093282 0.224918 0.101237
0.060571 0.044280 0.005576 0.000010 0.533516 0.032441 0.013853 0.167901 0.018441 0.123412
0.000010 0.672942 0.000010 0.000010 0.192139 0.134849 0.000010 0.000010 0.000010 0.000010
0.009824 0.023233 0.002530 0.000010 0.755885 0.000010 0.015272 0.193216 0.000010 0.000010
0.014766 0.000010 0.016525 0.000010 0.765906 0.000010 0.023223 0.128930 0.050610 0.000010
0.000010 0.000010 0.999910 0.000010 0.000010 0.000010 0.000010 0.000010 0.000010 0.000010
0.000010 0.000010 0.999910 0.000010 0.000010 0.000010 0.000010 0.000010 0.000010 0.000010
0.000010 0.013727 0.000010 0.000010 0.177093 0.019864 0.004088 0.720775 0.019482 0.044940
0.000010 0.000010 0.045988 0.002416 0.162015 0.000010 0.000010 0.685603 0.000010 0.103929
0.014420 0.000010 0.032816 0.027638 0.311773 0.012701 0.000010 0.571726 0.000010 0.028897
0.000010 0.000010 0.002249 0.000010 0.342622 0.023435 0.000010 0.627778 0.003866 0.000010
0.000010 0.000010 0.999910 0.000010 0.000010 0.000010 0.000010 0.000010 0.000010 0.000010
0.000010 0.000010 0.999901 0.000013 0.000012 0.000010 0.000010 0.000014 0.000010 0.000010
0.043320 0.000010 0.020961 0.000010 0.038070 0.010569 0.016047 0.864805 0.006199 0.000010
0.000010 0.000010 0.013089 0.000010 0.032911 0.000010 0.020417 0.834441 0.074566 0.024537
0.000010 0.000010 0.999909 0.000010 0.000010 0.000011 0.000010 0.000010 0.000010 0.000010
0.000010 0.000010 0.999910 0.000010 0.000010 0.000010 0.000010 0.000010 0.000010 0.000010
0.000010 0.000010 0.999910 0.000010 0.000010 0.000010 0.000010 0.000010 0.000010 0.000010
0.000010 0.018867 0.000010 0.005680 0.043246 0.094063 0.063214 0.774832 0.000068 0.000010
0.000010 0.000010 0.006633 0.000010 0.000010 0.000010 0.027394 0.894797 0.010458 0.060668
0.036494 0.087715 0.073078 0.087485 0.183203 0.214286 0.000010 0.243673 0.063402 0.010655
0.002284 0.057906 0.057665 0.000010 0.064611 0.000010 0.066030 0.703056 0.048418 0.000010
0.050780 0.106285 0.044067 0.267756 0.000010 0.343900 0.000010 0.024229 0.039816 0.123148
0.021579 0.058030 0.055368 0.000010 0.000010 0.000010 0.000010 0.862795 0.002177 0.000010
0.000010 0.000010 0.999910 0.000010 0.000010 0.000010 0.000010 0.000010 0.000010 0.000010
0.013835 0.026930 0.014678 0.000010 0.069335 0.000010 0.000010 0.875172 0.000010 0.000010
0.000010 0.000010 0.013324 0.000010 0.176207 0.037443 0.017112 0.483063 0.107244 0.165577
0.000394 0.004928 0.530233 0.000010 0.070275 0.031605 0.006881 0.184159 0.036901 0.134614
0.000010 0.000010 0.887041 0.000010 0.021564 0.025805 0.009930 0.036843 0.009631 0.009156
0.018643 0.000010 0.009486 0.000010 0.087828 0.012856 0.016135 0.764581 0.040412 0.050040
0.000010 0.000010 0.999910 0.000010 0.000010 0.000010 0.000010 0.000010 0.000010 0.000010
0.000010 0.000010 0.999910 0.000010 0.000010 0.000010 0.000010 0.000010 0.000010 0.000010
0.000010 0.000010 0.999902 0.000010 0.000010 0.000018 0.000010 0.000010 0.000010 0.000010
0.000010 0.000010 0.999910 0.000010 0.000010 0.000010 0.000010 0.000010 0.000010 0.000010
0.000010 0.000020 0.999900 0.000010 0.000010 0.000010 0.000010 0.000010 0.000010 0.000010
0.060201 0.000010 0.000010 0.015665 0.579744 0.000010 0.062737 0.144769 0.012039 0.124815
0.064372 0.015624 0.111149 0.011841 0.545788 0.021841 0.018302 0.035853 0.045495 0.129736
0.068217 0.000010 0.124260 0.000010 0.508444 0.032957 0.000871 0.013343 0.000010 0.251878
0.000010 0.000010 0.999910 0.000010 0.000010 0.000010 0.000010 0.000010 0.000010 0.000010
0.000010 0.000010 0.097696 0.000010 0.000010 0.902224 0.000010 0.000010 0.000010 0.000010
0.000010 0.000010 0.060881 0.066411 0.356177 0.006909 0.083064 0.107698 0.000010 0.318831
0.000010 0.000010 0.001464 0.005939 0.754385 0.000010 0.020721 0.009495 0.012781 0.195184
0.037960 0.000010 0.048232 0.000010 0.470209 0.004557 0.041112 0.100599 0.047412 0.249898
0.000010 0.003680 0.000010 0.000010 0.182976 0.000010 0.064454 0.278625 0.000010 0.470214
0.000010 0.000010 0.021411 0.000010 0.136219 0.000010 0.074663 0.292876 0.000010 0.474781
0.024129 0.000010 0.002221 0.016828 0.670204 0.006318 0.005880 0.100834 0.023802 0.149773
0.000010 0.000010 0.000010 0.000010 0.133112 0.019259 0.076892 0.174936 0.024946 0.570815
0.099880 0.000010 0.056777 0.000010 0.240400 0.000010 0.034539 0.221964 0.003817 0.342592
0.000010 0.000010 0.042020 0.000010 0.707703 0.000010 0.000010 0.128102 0.076131 0.045994
0.042015 0.014649 0.049443 0.000010 0.608750 0.004997 0.000010 0.045216 0.164135 0.070775
0.000115 0.000010 0.000010 0.004653 0.258552 0.000010 0.060734 0.239773 0.000010 0.436134
0.039570 0.020797 0.012875 0.000010 0.610061 0.000010 0.000010 0.000010 0.060343 0.256314
0.260241 0.000010 0.066219 0.036904 0.295352 0.000010 0.036943 0.233232 0.071078 0.000010
0.181888 0.066534 0.000010 0.274502 0.000010 0.190762 0.000010 0.000010 0.286264 0.000010
0.000010 0.049691 0.008268 0.055469 0.107961 0.051679 0.207360 0.114551 0.036548 0.368462
0.000010 0.017907 0.037180 0.000010 0.359283 0.015096 0.020194 0.237873 0.000010 0.312438
0.001781 0.000010 0.003299 0.000010 0.398485 0.022650 0.206379 0.059497 0.166611 0.141278
0.028519 0.001870 0.000010 0.004986 0.812931 0.000010 0.003584 0.011867 0.103066 0.033158
0.065871 0.066606 0.000010 0.580262 0.000010 0.080060 0.000010 0.000010 0.000047 0.207114
0.086160 0.074732 0.044994 0.121933 0.000010 0.281557 0.000010 0.185859 0.105179 0.099565
0.029910 0.000010 0.015004 0.000010 0.555439 0.000010 0.044385 0.055507 0.000010 0.299715
0.000010 0.000010 0.000010 0.000010 0.659023 0.004366 0.019661 0.102614 0.078900 0.135396
0.000010 0.003110 0.381916 0.004843 0.494801 0.028364 0.000010 0.011976 0.000010 0.074960
