0.001188 0.086395 0.396899 0.010456 0.015323 0.000010 0.000010 0.000010 0.044397 0.000010 0.000010 0.000010 0.000010 0.010646 0.008155 0.000010 0.000010 0.000010 0.067348 0.359093
0.000010 0.000010 0.670994 0.000010 0.000010 0.000010 0.022037 0.000010 0.000010 0.009723 0.026040 0.000010 0.000010 0.052169 0.011838 0.018165 0.048563 0.000010 0.000010 0.140361
0.000381 0.026824 0.273413 0.000010 0.021562 0.000010 0.000010 0.000010 0.000682 0.212084 0.007011 0.000010 0.050805 0.048847 0.000010 0.000010 0.002164 0.031175 0.000010 0.324972
0.000010 0.000010 0.000010 0.013546 0.000010 0.000010 0.000010 0.000010 0.000010 0.000010 0.000010 0.000010 0.000010 0.000010 0.000010 0.000010 0.383490 0.000010 0.602794 0.000010
0.045151 0.000010 0.611223 0.024882 0.022016 0.000010 0.008469 0.000010 0.000010 0.058170 0.000010 0.000010 0.017782 0.000010 0.065824 0.000010 0.000010 0.000010 0.000010 0.146373
0.022665 0.032789 0.145578 0.012783 0.000010 0.010426 0.000010 0.000010 0.000010 0.008752 0.000010 0.011569 0.006380 0.007518 0.000010 0.000010 0.031290 0.011414 0.000010 0.698756
0.000010 0.014516 0.000010 0.000010 0.000010 0.011738 0.000010 0.000010 0.281346 0.000010 0.000010 0.000010 0.000010 0.000010 0.000010 0.022049 0.167973 0.010270 0.273041 0.218948
0.000010 0.000010 0.014704 0.000010 0.000010 0.040774 0.056368 0.000010 0.000010 0.000010 0.000010 0.000010 0.000010 0.000010 0.000010 0.000010 0.000010 0.000010 0.012666 0.875339
0.000010 0.155404 0.594161 0.031209 0.051306 0.000010 0.051038 0.000010 0.000010 0.000010 0.000010 0.000010 0.013402 0.000010 0.015378 0.000010 0.043420 0.000010 0.033848 0.010734
0.000010 0.008187 0.086629 0.000010 0.025296 0.000010 0.055249 0.000010 0.000010 0.000010 0.000010 0.000010 0.000010 0.000010 0.000010 0.000010 0.012739 0.003591 0.003347 0.804841
0.000010 0.015968 0.153958 0.000010 0.183211 0.000010 0.059989 0.000010 0.000010 0.002196 0.000010 0.000010 0.016180 0.026554 0.000010 0.007904 0.000010 0.000010 0.000010 0.533930
0.010996 0.138783 0.328416 0.003815 0.043134 0.021049 0.000010 0.006634 0.000010 0.099202 0.020967 0.000010 0.011204 0.000010 0.000010 0.013296 0.000010 0.000010 0.000575 0.301858
0.093901 0.271061 0.087006 0.059897 0.000010 0.031937 0.051586 0.014039 0.028413 0.111772 0.000010 0.000010 0.000010 0.000010 0.000010 0.000010 0.156215 0.094084 0.000010 0.000010
0.018253 0.303320 0.002478 0.003917 0.013679 0.016584 0.009273 0.000010 0.037674 0.014332 0.000010 0.000010 0.014185 0.000010 0.000010 0.000010 0.263612 0.034853 0.267772 0.000010
0.011394 0.000010 0.033309 0.000010 0.046119 0.000010 0.004235 0.000010 0.005425 0.000010 0.000010 0.018493 0.000010 0.000010 0.000010 0.000010 0.021693 0.000010 0.000010 0.859212
0.025341 0.055145 0.381819 0.018546 0.000010 0.000010 0.008781 0.006214 0.033646 0.069733 0.039641 0.000010 0.000010 0.025894 0.000010 0.000010 0.000010 0.034423 0.007963 0.292785
0.000010 0.024863 0.130356 0.000010 0.013429 0.000010 0.020223 0.000010 0.024992 0.063300 0.000010 0.000010 0.000010 0.000010 0.051668 0.000010 0.000010 0.018355 0.011070 0.641646
0.000010 0.000010 0.003745 0.000010 0.014325 0.039037 0.000010 0.000010 0.205384 0.020959 0.000010 0.000010 0.000010 0.000010 0.000010 0.000010 0.126877 0.014696 0.172572 0.402295
0.000010 0.000010 0.000010 0.011629 0.026563 0.046206 0.648937 0.000010 0.005470 0.000010 0.000010 0.000010 0.000010 0.000010 0.000010 0.000010 0.000010 0.015128 0.000010 0.245938
0.000010 0.000010 0.000010 0.001798 0.000010 0.000010 0.000010 0.040819 0.000010 0.000010 0.709689 0.199530 0.000010 0.000010 0.048013 0.000010 0.000010 0.000010 0.000010 0.000010
0.000010 0.000010 0.000010 0.000010 0.000010 0.000010 0.000010 0.000010 0.000010 0.000010 0.868621 0.116764 0.000010 0.000010 0.009000 0.000010 0.000010 0.000010 0.005455 0.000010
0.000010 0.000010 0.000010 0.000010 0.000010 0.000010 0.000010 0.000010 0.000010 0.000010 0.000010 0.999810 0.000010 0.000010 0.000010 0.000010 0.000010 0.000010 0.000010 0.000010
0.000010 0.000010 0.000010 0.000010 0.000010 0.034089 0.000010 0.000187 0.000010 0.000010 0.760949 0.185826 0.000010 0.000010 0.000010 0.000010 0.000010 0.001817 0.000010 0.016992
0.000010 0.000010 0.000010 0.000010 0.000010 0.000010 0.000010 0.000010 0.000010 0.000010 0.000010 0.025956 0.000010 0.000010 0.000010 0.000010 0.946545 0.000010 0.027328 0.000010
0.000010 0.000010 0.000010 0.000010 0.000010 0.000010 0.999810 0.000010 0.000010 0.000010 0.000010 0.000010 0.000010 0.000010 0.000010 0.000010 0.000010 0.000010 0.000010 0.000010
0.000010 0.000010 0.000010 0.002615 0.000010 0.000010 0.000010 0.033496 0.000010 0.000010 0.788316 0.164016 0.000010 0.000010 0.011341 0.000010 0.000075 0.000010 0.000010 0.000010
0.000010 0.000010 0.562497 0.032571 0.000010 0.000010 0.000010 0.000010 0.000010 0.312169 0.028859 0.000010 0.000010 0.000010 0.006371 0.027604 0.004233 0.000010 0.025575 0.000010
0.000010 0.000010 0.000010 0.000010 0.000010 0.000010 0.000010 0.000010 0.000010 0.000010 0.715914 0.257186 0.000010 0.000010 0.014465 0.000010 0.000010 0.000010 0.012275 0.000010
0.000010 0.379997 0.254974 0.036429 0.000010 0.000010 0.056810 0.000010 0.000010 0.049295 0.014895 0.000010 0.000010 0.039015 0.036332 0.000010 0.026965 0.039661 0.000010 0.065536
0.000010 0.473743 0.263699 0.019710 0.000010 0.000010 0.012137 0.000010 0.000010 0.000010 0.000010 0.000010 0.000010 0.068585 0.000010 0.000010 0.073833 0.017819 0.012326 0.058039
0.000010 0.908685 0.000010 0.001216 0.047045 0.015053 0.025383 0.000010 0.000010 0.000010 0.000010 0.000010 0.000010 0.000010 0.002479 0.000010 0.000010 0.000010 0.000010 0.000010
0.015007 0.281996 0.481621 0.013162 0.000010 0.000010 0.049407 0.016119 0.000010 0.000010 0.000010 0.000010 0.000010 0.000010 0.044412 0.000010 0.044801 0.033126 0.000010 0.020247
0.053019 0.146165 0.125850 0.055419 0.000010 0.005223 0.002567 0.050335 0.000010 0.064405 0.000010 0.000010 0.049658 0.000010 0.054384 0.062944 0.196322 0.133638 0.000010 0.000010
0.074875 0.266542 0.219651 0.063325 0.000010 0.023368 0.124864 0.000010 0.000010 0.000010 0.000010 0.000010 0.000010 0.048697 0.000010 0.035596 0.042880 0.100102 0.000010 0.000010
0.000010 0.000010 0.489789 0.000010 0.003286 0.255319 0.034477 0.030413 0.047225 0.000010 0.000010 0.000010 0.000010 0.043600 0.001359 0.000010 0.001260 0.000010 0.000010 0.093173
0.000010 0.020601 0.095297 0.000010 0.274271 0.000010 0.000010 0.000010 0.001774 0.015071 0.012729 0.000010 0.009509 0.000010 0.000010 0.000010 0.477476 0.000010 0.000010 0.093160
0.000010 0.000010 0.000010 0.000010 0.241466 0.000010 0.000010 0.000010 0.000010 0.000010 0.000010 0.000010 0.000010 0.000010 0.000010 0.000010 0.600326 0.000010 0.000010 0.158038
0.000010 0.000010 0.000010 0.000010 0.000010 0.000010 0.000010 0.974511 0.000010 0.000010 0.000010 0.000010 0.000010 0.025309 0.000010 0.000010 0.000010 0.000010 0.000010 0.000010
0.000010 0.263257 0.484534 0.036652 0.028002 0.052470 0.067545 0.000010 0.000010 0.000010 0.000010 0.000010 0.000010 0.003924 0.000010 0.000010 0.000321 0.042368 0.020827 0.000010
0.026933 0.601883 0.146023 0.033193 0.000010 0.000010 0.009495 0.000010 0.000010 0.000010 0.000010 0.000010 0.006264 0.099113 0.000010 0.000010 0.039351 0.006198 0.000010 0.031447
0.000010 0.000010 0.000010 0.000010 0.000010 0.000010 0.000010 0.000010 0.000010 0.000010 0.000010 0.000010 0.000010 0.000010 0.000010 0.000010 0.000010 0.000010 0.000010 0.999810
0.015084 0.301918 0.226962 0.018984 0.000010 0.000010 0.089251 0.000010 0.014580 0.015069 0.002482 0.000010 0.030868 0.012182 0.000010 0.063011 0.023621 0.024759 0.007741 0.153437
0.000010 0.000010 0.000010 0.000010 0.000010 0.000010 0.000010 0.000010 0.000010 0.392367 0.000010 0.000010 0.000010 0.000010 0.000010 0.000010 0.000010 0.020910 0.000010 0.586553
0.000010 0.000010 0.000010 0.000010 0.000010 0.000010 0.000010 0.000010 0.000010 0.306760 0.000010 0.000010 0.000010 0.000010 0.000010 0.000010 0.000010 0.000010 0.000188 0.692882
0.025044 0.248398 0.000010 0.628894 0.000010 0.000010 0.078830 0.000010 0.000010 0.018684 0.000010 0.000010 0.000010 0.000010 0.000010 0.000010 0.000010 0.000010 0.000010 0.000010
0.000010 0.000010 0.000010 0.000010 0.000010 0.000010 0.000010 0.306267 0.000010 0.000010 0.513739 0.151305 0.000010 0.028529 0.000010 0.000010 0.000010 0.000010 0.000010 0.000010
0.000010 0.000010 0.015065 0.000010 0.000010 0.000010 0.000010 0.262168 0.000010 0.022408 0.533811 0.164266 0.000010 0.000010 0.000010 0.002142 0.000010 0.000010 0.000010 0.000010
0.000010 0.040317 0.083322 0.064412 0.015990 0.002822 0.000010 0.190253 0.000010 0.067740 0.176781 0.053214 0.000010 0.000010 0.113421 0.061313 0.000010 0.130335 0.000010 0.000010
0.112887 0.122115 0.256944 0.071124 0.025142 0.017123 0.065114 0.014689 0.005348 0.030271 0.000010 0.010845 0.074193 0.009409 0.000074 0.062015 0.041735 0.080941 0.000010 0.000010
0.102285 0.162958 0.321267 0.135493 0.000010 0.014775 0.050213 0.000010 0.000010 0.006293 0.000010 0.000135 0.000010 0.062251 0.020566 0.000010 0.082462 0.037780 0.000010 0.003452
0.000010 0.000010 0.000010 0.000010 0.000010 0.000010 0.000010 0.000010 0.000010 0.000010 0.000010 0.000010 0.999810 0.000010 0.000010 0.000010 0.000010 0.000010 0.000010 0.000010
0.065824 0.263121 0.104315 0.060856 0.000010 0.001792 0.126058 0.023231 0.070967 0.000010 0.000010 0.013503 0.018140 0.011155 0.025508 0.128780 0.022251 0.064449 0.000010 0.000010
0.000010 0.000010 0.000010 0.000010 0.000010 0.000010 0.000010 0.000010 0.000010 0.000010 0.000010 0.000010 0.999810 0.000010 0.000010 0.000010 0.000010 0.000010 0.000010 0.000010
0.087227 0.181509 0.234212 0.113030 0.047430 0.030664 0.069902 0.010486 0.000010 0.013535 0.000010 0.000010 0.003118 0.010813 0.000010 0.092400 0.000010 0.091370 0.000010 0.014243
0.091339 0.266208 0.104590 0.113003 0.000010 0.000010 0.137145 0.047824 0.010962 0.046359 0.000010 0.006637 0.034621 0.019096 0.000010 0.000010 0.049105 0.073042 0.000010 0.000010
0.000010 0.000010 0.000010 0.000010 0.000010 0.999810 0.000010 0.000010 0.000010 0.000010 0.000010 0.000010 0.000010 0.000010 0.000010 0.000010 0.000010 0.000010 0.000010 0.000010
0.000010 0.000010 0.000010 0.006888 0.000010 0.029637 0.000010 0.010953 0.000010 0.098648 0.000010 0.000010 0.007070 0.004351 0.000010 0.014141 0.000010 0.000010 0.005410 0.822792
0.024554 0.275646 0.503663 0.000010 0.002634 0.008191 0.053778 0.000010 0.000010 0.000010 0.000010 0.000010 0.000010 0.000010 0.000010 0.000010 0.077087 0.054327 0.000010 0.000010
0.002398 0.278645 0.498301 0.007182 0.000010 0.000010 0.075699 0.000010 0.037909 0.000010 0.000010 0.000010 0.039621 0.000010 0.000010 0.000010 0.052696 0.007440 0.000010 0.000010
0.000010 0.034247 0.015570 0.006701 0.041637 0.015276 0.016151 0.000010 0.150226 0.020764 0.000010 0.000010 0.035474 0.000010 0.000010 0.000010 0.042229 0.000010 0.003830 0.617815
0.000010 0.676265 0.237806 0.031900 0.000010 0.000010 0.000010 0.003425 0.000010 0.016956 0.017189 0.000010 0.016329 0.000010 0.000010 0.000010 0.000010 0.000010 0.000010 0.000010
0.000010 0.354069 0.413275 0.039331 0.000010 0.023273 0.007675 0.000010 0.020434 0.000010 0.000010 0.000010 0.000010 0.000010 0.000010 0.000010 0.041976 0.043993 0.004120 0.051754
0.026257 0.313200 0.032855 0.000010 0.000010 0.035232 0.068403 0.000010 0.001960 0.000010 0.052229 0.000010 0.020377 0.000010 0.000010 0.000010 0.000010 0.006133 0.009153 0.434110
0.000010 0.448276 0.422650 0.003699 0.000010 0.000010 0.000010 0.018941 0.000010 0.000010 0.000010 0.000010 0.000010 0.018513 0.000010 0.000010 0.000010 0.065543 0.019593 0.002664
0.043641 0.316074 0.327261 0.025905 0.000010 0.014411 0.059112 0.010089 0.048425 0.000010 0.000010 0.000010 0.000010 0.000010 0.058521 0.000010 0.044211 0.033053 0.000010 0.019216
0.167264 0.030256 0.018505 0.000010 0.088987 0.086864 0.035922 0.040365 0.057106 0.000010 0.000010 0.009890 0.046101 0.014734 0.000010 0.000010 0.131542 0.007976 0.112122 0.152316
0.000010 0.000010 0.000010 0.000010 0.000010 0.000010 0.000010 0.563034 0.000010 0.000010 0.000010 0.000010 0.000010 0.000010 0.000010 0.000010 0.120955 0.161242 0.154609 0.000010
0.005773 0.020060 0.000010 0.000010 0.000010 0.021562 0.000010 0.003189 0.000010 0.125232 0.000010 0.000010 0.000010 0.000010 0.006813 0.068393 0.272858 0.000010 0.476010 0.000010
0.007502 0.000010 0.000010 0.000010 0.000010 0.023430 0.004514 0.015271 0.026779 0.040655 0.000010 0.002574 0.000010 0.004974 0.000010 0.000010 0.028358 0.008504 0.000010 0.837350
0.042758 0.277105 0.101852 0.107360 0.014587 0.017928 0.145449 0.000010 0.005724 0.109882 0.000010 0.000010 0.000014 0.000010 0.040177 0.000010 0.039217 0.097876 0.000010 0.000010
0.052988 0.099187 0.311058 0.071553 0.006319 0.000010 0.105294 0.000010 0.000010 0.000010 0.027875 0.000010 0.076565 0.000010 0.000992 0.085832 0.030049 0.091270 0.000010 0.040949
0.172939 0.095876 0.163462 0.068827 0.000010 0.030149 0.179049 0.000010 0.000010 0.030879 0.000010 0.000010 0.056681 0.000010 0.000010 0.094140 0.000010 0.053386 0.000010 0.054521
0.000010 0.010676 0.684797 0.000010 0.045887 0.128213 0.002454 0.000010 0.032716 0.022185 0.000010 0.000010 0.027260 0.026895 0.000010 0.005124 0.000010 0.013703 0.000010 0.000010
0.017780 0.300209 0.495171 0.000010 0.000010 0.000010 0.000010 0.009464 0.000010 0.020641 0.000010 0.000010 0.028041 0.006428 0.000010 0.013950 0.049581 0.010612 0.000010 0.048032
0.000010 0.042120 0.612323 0.040762 0.000010 0.083715 0.057494 0.000010 0.036996 0.026370 0.000010 0.000010 0.000010 0.000010 0.000010 0.007276 0.000010 0.026015 0.030262 0.036578
0.050524 0.509612 0.248520 0.000010 0.014642 0.023147 0.014244 0.016852 0.000010 0.000010 0.000010 0.000010 0.000010 0.041009 0.032409 0.000010 0.000010 0.042195 0.000010 0.006755
0.005034 0.605775 0.223103 0.000010 0.000010 0.031455 0.003706 0.000010 0.000010 0.035606 0.000010 0.000010 0.049565 0.000010 0.012177 0.000010 0.012159 0.000010 0.011624 0.009707
0.043377 0.420788 0.262829 0.000010 0.062560 0.026844 0.066952 0.038377 0.000010 0.000010 0.000010 0.016455 0.015717 0.017366 0.000010 0.000010 0.000010 0.027167 0.000010 0.001487
0.000010 0.000010 0.000010 0.000010 0.000010 0.000010 0.000010 0.999810 0.000010 0.000010 0.000010 0.000010 0.000010 0.000010 0.000010 0.000010 0.000010 0.000010 0.000010 0.000010
0.021089 0.360010 0.451509 0.001830 0.000010 0.000010 0.010022 0.000010 0.000010 0.000010 0.000010 0.000010 0.015219 0.000010 0.030188 0.000010 0.055421 0.019492 0.000010 0.035120
0.064411 0.589737 0.097217 0.000010 0.085847 0.025573 0.000010 0.000010 0.000010 0.000010 0.000010 0.000010 0.008103 0.094786 0.000010 0.000010 0.034207 0.000010 0.000010 0.000010
0.000010 0.029918 0.159417 0.000010 0.139459 0.000010 0.000010 0.005012 0.000010 0.027910 0.004935 0.000010 0.007709 0.008880 0.001136 0.000010 0.000010 0.014961 0.022919 0.577665
0.003660 0.000010 0.131529 0.000010 0.196045 0.019875 0.002586 0.000010 0.000010 0.000010 0.000010 0.000010 0.000010 0.000010 0.000010 0.061780 0.007118 0.000010 0.020328 0.556968
0.000010 0.000010 0.168305 0.000010 0.000010 0.716385 0.000010 0.000010 0.048444 0.000010 0.005843 0.000010 0.000010 0.000010 0.017722 0.028496 0.000010 0.000010 0.000010 0.014674
0.000010 0.002364 0.002092 0.000308 0.034850 0.000010 0.000010 0.000010 0.177501 0.073820 0.000010 0.000010 0.000010 0.000010 0.000010 0.000010 0.000010 0.000010 0.048561 0.660384
0.000010 0.000010 0.000010 0.000010 0.000010 0.000010 0.000010 0.999810 0.000010 0.000010 0.000010 0.000010 0.000010 0.000010 0.000010 0.000010 0.000010 0.000010 0.000010 0.000010
0.005458 0.007008 0.000010 0.026773 0.000010 0.005677 0.000010 0.000010 0.000010 0.012599 0.680086 0.045384 0.082553 0.056568 0.020020 0.057783 0.000010 0.000010 0.000010 0.000010
0.000010 0.017188 0.022573 0.000010 0.502881 0.045709 0.000010 0.000010 0.000010 0.057192 0.000010 0.000010 0.000010 0.000010 0.000010 0.000010 0.000010 0.000010 0.015294 0.339034
0.041289 0.107090 0.247885 0.078599 0.058860 0.062375 0.000010 0.000010 0.000010 0.153896 0.000010 0.004949 0.010189 0.015053 0.000010 0.000010 0.000010 0.103252 0.005651 0.110841
0.000010 0.000264 0.000010 0.008376 0.000010 0.000010 0.001651 0.053575 0.000010 0.000010 0.550453 0.225292 0.045881 0.032559 0.000010 0.064255 0.000010 0.003023 0.014582 0.000010
0.000010 0.000010 0.038117 0.006787 0.000010 0.033272 0.000010 0.002967 0.000010 0.000010 0.715206 0.107588 0.002249 0.051686 0.000010 0.020162 0.000010 0.000010 0.021865 0.000010
0.032676 0.000010 0.085216 0.000010 0.000010 0.000010 0.000010 0.006735 0.000010 0.000010 0.592566 0.138617 0.030580 0.027190 0.066980 0.000010 0.000010 0.019330 0.000010 0.000010
0.004364 0.021114 0.005198 0.000010 0.000010 0.001442 0.000010 0.040394 0.000010 0.043302 0.732996 0.067906 0.000010 0.076921 0.000010 0.006264 0.000010 0.000010 0.000010 0.000010
0.029754 0.036973 0.000010 0.002637 0.000010 0.000010 0.001558 0.011431 0.000010 0.024866 0.662279 0.126139 0.029480 0.003111 0.054553 0.016159 0.000992 0.000010 0.000010 0.000010
0.035219 0.009439 0.219288 0.011351 0.074479 0.000010 0.000010 0.000010 0.075939 0.191024 0.193953 0.053856 0.000010 0.041883 0.000010 0.000010 0.000010 0.014393 0.026855 0.052251
0.000010 0.000010 0.000010 0.999810 0.000010 0.000010 0.000010 0.000010 0.000010 0.000010 0.000010 0.000010 0.000010 0.000010 0.000010 0.000010 0.000010 0.000010 0.000010 0.000010
0.000010 0.000010 0.000010 0.999810 0.000010 0.000010 0.000010 0.000010 0.000010 0.000010 0.000010 0.000010 0.000010 0.000010 0.000010 0.000010 0.000010 0.000010 0.000010 0.000010
0.026747 0.000010 0.318303 0.022809 0.283085 0.000010 0.000010 0.000010 0.026720 0.051391 0.000010 0.000010 0.000010 0.000010 0.054949 0.000010 0.000010 0.038726 0.000010 0.177160
0.000010 0.000010 0.000010 0.000010 0.074225 0.000010 0.000010 0.017676 0.074694 0.000010 0.000010 0.028470 0.000010 0.000010 0.000010 0.000010 0.024381 0.000010 0.035092 0.745331
0.000010 0.000010 0.000010 0.999810 0.000010 0.000010 0.000010 0.000010 0.000010 0.000010 0.000010 0.000010 0.000010 0.000010 0.000010 0.000010 0.000010 0.000010 0.000010 0.000010
0.040367 0.000010 0.733566 0.000010 0.000010 0.024961 0.000010 0.000010 0.000010 0.200946 0.000010 0.000010 0.000010 0.000010 0.000010 0.000010 0.000010 0.000010 0.000010 0.000010
0.000010 0.000010 0.000010 0.999810 0.000010 0.000010 0.000010 0.000010 0.000010 0.000010 0.000010 0.000010 0.000010 0.000010 0.000010 0.000010 0.000010 0.000010 0.000010 0.000010
0.000010 0.071250 0.615139 0.010532 0.000010 0.040340 0.022798 0.000010 0.007189 0.029872 0.000010 0.000010 0.030820 0.000010 0.000010 0.000010 0.000010 0.000010 0.014475 0.157487
0.000010 0.000010 0.000010 0.000010 0.000010 0.000010 0.000010 0.000010 0.000010 0.000010 0.000010 0.000010 0.000010 0.000010 0.000010 0.000010 0.000010 0.000010 0.999810 0.000010
0.011883 0.000010 0.093947 0.009228 0.203505 0.000010 0.039803 0.000010 0.000010 0.000010 0.000010 0.000010 0.006089 0.008493 0.000010 0.000010 0.000010 0.000010 0.000010 0.626931
0.000010 0.000010 0.000010 0.477430 0.000010 0.000010 0.000010 0.000010 0.000010 0.000010 0.000010 0.000010 0.000010 0.000010 0.000010 0.000010 0.432914 0.000010 0.089486 0.000010
0.000010 0.000010 0.000010 0.000010 0.999810 0.000010 0.000010 0.000010 0.000010 0.000010 0.000010 0.000010 0.000010 0.000010 0.000010 0.000010 0.000010 0.000010 0.000010 0.000010
0.000010 0.000010 0.634732 0.060705 0.000010 0.051181 0.000010 0.009286 0.000010 0.188946 0.000010 0.000010 0.010585 0.000010 0.000010 0.000010 0.000010 0.000010 0.044435 0.000010
0.027744 0.044780 0.503771 0.019004 0.035236 0.013502 0.020174 0.000010 0.013607 0.108952 0.000010 0.000010 0.000010 0.000010 0.039300 0.000010 0.000010 0.000010 0.017231 0.156620
0.000010 0.000010 0.088808 0.027119 0.036300 0.000010 0.000010 0.000010 0.025590 0.007838 0.000544 0.000010 0.000010 0.012952 0.022655 0.000010 0.000010 0.000010 0.000010 0.778085
0.157994 0.111672 0.041507 0.059916 0.000010 0.000010 0.093448 0.028503 0.000010 0.000010 0.000010 0.000010 0.343721 0.014965 0.000010 0.116413 0.004969 0.026802 0.000010 0.000010
0.027067 0.012657 0.258803 0.000010 0.026203 0.015481 0.023116 0.000010 0.102324 0.047658 0.000010 0.000010 0.000010 0.000010 0.001071 0.000010 0.000010 0.000010 0.000010 0.485520
0.000010 0.010101 0.117909 0.000010 0.011991 0.014531 0.011841 0.000010 0.014958 0.069471 0.000010 0.000010 0.035307 0.000010 0.000010 0.000010 0.012477 0.000010 0.000010 0.701313
0.000010 0.066818 0.000010 0.000010 0.059371 0.000010 0.008225 0.000010 0.000010 0.000010 0.000010 0.007252 0.000010 0.000010 0.000010 0.000010 0.000010 0.000010 0.019390 0.838804
0.000635 0.107375 0.622427 0.048524 0.000010 0.037667 0.000010 0.013118 0.012055 0.055557 0.000010 0.000010 0.010950 0.000010 0.000207 0.000010 0.017705 0.000010 0.000010 0.073700
0.000010 0.000010 0.000010 0.000010 0.999810 0.000010 0.000010 0.000010 0.000010 0.000010 0.000010 0.000010 0.000010 0.000010 0.000010 0.000010 0.000010 0.000010 0.000010 0.000010
0.000010 0.000010 0.000010 0.000010 0.000010 0.000010 0.000010 0.000010 0.000010 0.000010 0.000010 0.000010 0.000010 0.000010 0.000010 0.000010 0.000010 0.000010 0.999810 0.000010
0.000010 0.000010 0.000010 0.000011 0.000010 0.000010 0.000010 0.000010 0.000010 0.000010 0.000010 0.000010 0.000010 0.000010 0.000010 0.000010 0.000010 0.000010 0.999809 0.000010
0.000010 0.000010 0.125161 0.003948 0.090990 0.019893 0.000010 0.000010 0.000010 0.000010 0.000010 0.000010 0.000010 0.000010 0.000010 0.028856 0.011075 0.000010 0.000010 0.719947
0.000010 0.000010 0.000010 0.000010 0.000010 0.000010 0.000010 0.000010 0.000010 0.000010 0.000010 0.000017 0.000010 0.000010 0.000010 0.000010 0.000010 0.000010 0.999803 0.000010
0.000010 0.000010 0.000010 0.000010 0.000010 0.000010 0.000010 0.000010 0.000010 0.336596 0.000010 0.000010 0.000010 0.000010 0.000010 0.000010 0.000010 0.000010 0.000010 0.663224
0.000010 0.000010 0.000010 0.000010 0.009009 0.000010 0.000010 0.000010 0.000010 0.000010 0.000010 0.000010 0.003369 0.000010 0.000010 0.000010 0.000010 0.000010 0.000010 0.987452
0.000010 0.000010 0.000010 0.000010 0.000010 0.000012 0.000010 0.000010 0.000010 0.000010 0.000010 0.000010 0.000010 0.000010 0.000010 0.000010 0.000010 0.000010 0.999808 0.000010
0.000010 0.000010 0.000011 0.000010 0.000010 0.000010 0.000010 0.000010 0.000010 0.000010 0.000010 0.000013 0.000010 0.000010 0.000010 0.000010 0.000010 0.000010 0.999806 0.000010
0.000010 0.000010 0.000010 0.000010 0.000010 0.000010 0.000010 0.000010 0.000010 0.000010 0.000010 0.000010 0.000010 0.000010 0.000010 0.000010 0.000010 0.000010 0.999810 0.000010
0.000010 0.000010 0.000010 0.000010 0.000010 0.000010 0.000010 0.000010 0.000010 0.000010 0.000010 0.000010 0.000010 0.000010 0.000010 0.000010 0.000010 0.013854 0.985966 0.000010
0.000010 0.014762 0.014102 0.000010 0.000010 0.000010 0.000010 0.000010 0.000010 0.000010 0.000010 0.000010 0.000010 0.046560 0.000010 0.020675 0.255204 0.000010 0.648558 0.000010
0.000010 0.000010 0.764475 0.000432 0.000010 0.000010 0.000010 0.000010 0.000010 0.000010 0.027682 0.000010 0.054009 0.047828 0.000010 0.000010 0.062333 0.000010 0.000010 0.043111
0.000010 0.000010 0.704714 0.000010 0.042585 0.000010 0.039708 0.000010 0.049675 0.075198 0.000010 0.000010 0.000010 0.010466 0.004060 0.000010 0.017535 0.000010 0.028955 0.027004
0.000010 0.000010 0.000010 0.000010 0.000010 0.000010 0.000010 0.000010 0.000010 0.000010 0.000010 0.000010 0.000010 0.000010 0.000010 0.000010 0.000010 0.000010 0.999810 0.000010
0.003807 0.000010 0.072504 0.000010 0.017375 0.000010 0.000010 0.019247 0.240867 0.098441 0.000010 0.000010 0.000010 0.000010 0.000010 0.000010 0.066396 0.017062 0.102408 0.361794
0.000010 0.000010 0.041229 0.000010 0.304901 0.036619 0.000010 0.000010 0.000010 0.073793 0.000010 0.000010 0.000010 0.000010 0.000010 0.015491 0.012861 0.000010 0.000010 0.514976
0.000010 0.000010 0.000010 0.000010 0.000010 0.000010 0.000010 0.000010 0.000012 0.000010 0.000010 0.000010 0.000010 0.000010 0.000010 0.000010 0.000010 0.000010 0.999808 0.000010
0.000010 0.000010 0.000010 0.000010 0.000010 0.018921 0.000010 0.000010 0.000010 0.000010 0.000010 0.000010 0.015043 0.000010 0.003689 0.000010 0.029932 0.021704 0.910570 0.000010
0.000010 0.000010 0.000010 0.000010 0.000010 0.000011 0.000011 0.000010 0.000010 0.000010 0.000010 0.000010 0.000010 0.000010 0.000010 0.000010 0.000010 0.000010 0.999809 0.000010
0.000010 0.130346 0.216866 0.035872 0.022501 0.223661 0.002898 0.049439 0.088651 0.052764 0.000010 0.000010 0.000488 0.000010 0.033618 0.000010 0.033046 0.026851 0.000010 0.082939
0.000010 0.000010 0.838343 0.000010 0.000010 0.007293 0.000010 0.000010 0.000010 0.000010 0.000010 0.000010 0.000010 0.000010 0.000010 0.000010 0.043039 0.000010 0.017967 0.093209
0.027134 0.013519 0.710862 0.000010 0.058041 0.018391 0.020698 0.000010 0.000010 0.073348 0.010568 0.000010 0.000010 0.000010 0.008553 0.000985 0.000010 0.000010 0.023047 0.034773
0.000010 0.089688 0.811157 0.000010 0.014782 0.023168 0.000010 0.000010 0.002678 0.000010 0.000010 0.015427 0.000010 0.000010 0.000010 0.000010 0.023556 0.000010 0.019424 0.000010
0.000010 0.000010 0.000010 0.000010 0.000010 0.000010 0.000010 0.000010 0.000010 0.000010 0.000010 0.000010 0.000010 0.000010 0.000010 0.000010 0.666370 0.000010 0.333450 0.000010
0.000010 0.000010 0.000010 0.000010 0.056738 0.000010 0.000010 0.202010 0.000010 0.000010 0.203972 0.070405 0.000010 0.000010 0.000010 0.007354 0.000010 0.035087 0.424304 0.000010
0.000010 0.000010 0.000010 0.000010 0.000010 0.000010 0.000010 0.000010 0.000010 0.000010 0.000010 0.000010 0.000010 0.000010 0.000010 0.000010 0.000010 0.000010 0.999810 0.000010
0.000010 0.000010 0.000011 0.000010 0.000010 0.000010 0.000013 0.000010 0.000010 0.000010 0.000010 0.000010 0.000010 0.000010 0.000010 0.000010 0.000010 0.000010 0.999806 0.000010
0.000010 0.000010 0.000010 0.000010 0.000010 0.000010 0.000010 0.000010 0.000010 0.000010 0.000010 0.000010 0.000010 0.000010 0.000010 0.000010 0.000010 0.000010 0.999809 0.000010
0.000013 0.000010 0.000010 0.000011 0.000010 0.000010 0.000011 0.000010 0.000010 0.000010 0.000010 0.000010 0.000010 0.000010 0.000010 0.000010 0.043747 0.000010 0.956067 0.000010
0.000010 0.000010 0.000010 0.000010 0.000010 0.000010 0.000010 0.000010 0.000010 0.000010 0.000010 0.000010 0.000010 0.000010 0.000010 0.000010 0.000010 0.000010 0.999810 0.000010
0.000010 0.000010 0.000010 0.000010 0.000010 0.000010 0.000010 0.000010 0.000010 0.000010 0.000010 0.000010 0.000010 0.000010 0.000010 0.000010 0.000010 0.000010 0.999810 0.000010
0.000010 0.047220 0.025600 0.024388 0.000010 0.295172 0.000010 0.001657 0.000010 0.341584 0.000010 0.000010 0.000010 0.021262 0.005171 0.014560 0.024689 0.000010 0.000010 0.198607
0.000010 0.000010 0.000010 0.000010 0.000010 0.000010 0.000010 0.000010 0.000010 0.000010 0.000010 0.000010 0.000010 0.000010 0.000010 0.000010 0.000010 0.000010 0.999810 0.000010
0.004775 0.000010 0.000010 0.003201 0.000010 0.000010 0.000010 0.004497 0.007106 0.000010 0.000010 0.000010 0.008118 0.000010 0.041552 0.000010 0.241839 0.000010 0.688791 0.000010
0.000010 0.000010 0.086425 0.000010 0.000010 0.000010 0.000010 0.011435 0.000010 0.041909 0.000010 0.000010 0.000010 0.000010 0.006938 0.000010 0.000010 0.000010 0.000010 0.853144
0.000010 0.000010 0.000010 0.000010 0.000010 0.000010 0.000010 0.000010 0.000010 0.000010 0.000010 0.000010 0.000010 0.000010 0.000010 0.000010 0.667937 0.000010 0.331883 0.000010
0.000010 0.000010 0.000010 0.000010 0.000010 0.034626 0.033747 0.000010 0.170112 0.000010 0.000010 0.000010 0.000010 0.000010 0.000010 0.000010 0.514611 0.025319 0.142901 0.078556
0.000010 0.000010 0.000010 0.000010 0.000013 0.000013 0.000014 0.000010 0.000010 0.000010 0.000012 0.000010 0.000010 0.000011 0.000010 0.000010 0.000010 0.000010 0.999798 0.000010
0.000010 0.000010 0.000010 0.000010 0.000010 0.000011 0.000010 0.000010 0.000010 0.000010 0.000010 0.000010 0.000010 0.000010 0.000010 0.000010 0.000010 0.000010 0.999809 0.000010
0.000010 0.000010 0.000010 0.000010 0.000010 0.000010 0.000010 0.000010 0.000010 0.000010 0.000010 0.000010 0.000010 0.000010 0.000010 0.000010 0.000010 0.000010 0.999810 0.000010
0.000010 0.000010 0.000010 0.000010 0.000010 0.000010 0.000010 0.000010 0.000012 0.000010 0.000010 0.000010 0.000010 0.000010 0.000010 0.000010 0.000010 0.000010 0.999807 0.000010
0.000010 0.000010 0.000010 0.000010 0.000010 0.000010 0.000010 0.000010 0.000010 0.000010 0.000010 0.000010 0.000010 0.000010 0.000010 0.000010 0.166612 0.000010 0.833208 0.000010
0.000010 0.000010 0.000010 0.000010 0.000010 0.000010 0.000010 0.000010 0.000010 0.000010 0.000010 0.000010 0.000010 0.000010 0.000010 0.000010 0.000010 0.000011 0.999809 0.000010
0.000010 0.000010 0.000010 0.000010 0.000010 0.999810 0.000010 0.000010 0.000010 0.000010 0.000010 0.000010 0.000010 0.000010 0.000010 0.000010 0.000010 0.000010 0.000010 0.000010
0.000010 0.000010 0.000010 0.000010 0.000010 0.000010 0.000010 0.000010 0.000010 0.000010 0.000010 0.000010 0.000010 0.000010 0.999810 0.000010 0.000010 0.000010 0.000010 0.000010
0.000010 0.000010 0.000010 0.000010 0.000010 0.000010 0.000010 0.000010 0.000010 0.000010 0.000010 0.000010 0.000010 0.000010 0.999810 0.000010 0.000010 0.000010 0.000010 0.000010
0.000010 0.000010 0.000010 0.000010 0.000010 0.000010 0.000010 0.000010 0.000010 0.000010 0.000010 0.000010 0.000010 0.000010 0.999810 0.000010 0.000010 0.000010 0.000010 0.000010
0.000012 0.000010 0.000010 0.000010 0.000010 0.000010 0.000010 0.000010 0.000010 0.000010 0.000010 0.000010 0.000010 0.000010 0.000010 0.000010 0.000010 0.000012 0.999806 0.000010
0.000010 0.000010 0.000010 0.000010 0.000010 0.000010 0.000010 0.000010 0.000010 0.000017 0.000010 0.000010 0.000017 0.000010 0.000010 0.000010 0.000010 0.000010 0.999796 0.000010
0.000010 0.000010 0.000010 0.000010 0.000010 0.000010 0.000010 0.000010 0.000010 0.000010 0.000010 0.000010 0.000010 0.000010 0.999810 0.000010 0.000010 0.000010 0.000010 0.000010
0.000010 0.000010 0.000010 0.000010 0.000010 0.000010 0.000010 0.000010 0.000010 0.000010 0.000010 0.000010 0.000010 0.000010 0.999810 0.000010 0.000010 0.000010 0.000010 0.000010
0.000010 0.000010 0.000010 0.000010 0.000010 0.000010 0.000010 0.000010 0.000010 0.000010 0.000010 0.000010 0.000010 0.000010 0.999810 0.000010 0.000010 0.000010 0.000010 0.000010
0.000016 0.000010 0.000010 0.000011 0.000010 0.000010 0.000010 0.000010 0.000010 0.000010 0.000010 0.000010 0.000010 0.000010 0.000010 0.000010 0.000010 0.000010 0.999803 0.000010
0.000010 0.000010 0.000010 0.000010 0.000010 0.000010 0.000010 0.000010 0.000010 0.000010 0.000010 0.000010 0.000010 0.000020 0.000010 0.000015 0.000010 0.000010 0.999795 0.000010
0.237604 0.000010 0.000010 0.000010 0.000010 0.000010 0.000010 0.000010 0.000010 0.000010 0.000010 0.000010 0.762216 0.000010 0.000010 0.000010 0.000010 0.000010 0.000010 0.000010
0.000010 0.000010 0.000010 0.000010 0.000010 0.000010 0.000010 0.000010 0.000010 0.000010 0.000010 0.000010 0.000010 0.000010 0.000010 0.000010 0.000010 0.000010 0.999810 0.000010
0.000010 0.000010 0.000010 0.000010 0.000010 0.000010 0.902478 0.000010 0.000575 0.000010 0.000010 0.000010 0.000010 0.000010 0.000010 0.000010 0.000010 0.000010 0.000010 0.096778
0.000010 0.000010 0.000010 0.000010 0.000010 0.000010 0.000010 0.000010 0.000010 0.000010 0.000010 0.000010 0.000010 0.000010 0.000010 0.000010 0.000010 0.999810 0.000010 0.000010
0.000010 0.000010 0.000010 0.000010 0.000010 0.000010 0.000010 0.000010 0.000010 0.000010 0.000010 0.000010 0.000010 0.000010 0.000010 0.000010 0.000010 0.999810 0.000010 0.000010
0.000010 0.028428 0.121822 0.015598 0.053030 0.000010 0.038061 0.000010 0.144641 0.000010 0.000010 0.000010 0.000010 0.067330 0.000010 0.000010 0.000010 0.000010 0.000010 0.530970
0.000010 0.000010 0.000010 0.000010 0.000010 0.000010 0.000010 0.000010 0.000010 0.000010 0.000010 0.000010 0.000010 0.000010 0.000010 0.000010 0.000010 0.999810 0.000010 0.000010
0.000010 0.000010 0.000010 0.000010 0.000010 0.000010 0.042800 0.000010 0.000010 0.019257 0.828577 0.092337 0.000010 0.016879 0.000010 0.000010 0.000010 0.000010 0.000010 0.000010
0.162711 0.098454 0.044004 0.110195 0.000010 0.017047 0.100181 0.042269 0.000010 0.113223 0.000017 0.068104 0.080889 0.050678 0.000010 0.044292 0.000010 0.043725 0.024161 0.000010
0.000010 0.110214 0.009044 0.000010 0.025451 0.024546 0.050007 0.020426 0.274839 0.022052 0.000010 0.007438 0.000010 0.000010 0.000010 0.004674 0.090901 0.000010 0.000010 0.360328
0.000010 0.000010 0.000010 0.006924 0.000010 0.002419 0.000010 0.000010 0.000010 0.000010 0.000010 0.000010 0.000010 0.000010 0.000010 0.954896 0.000010 0.000010 0.035601 0.000010
0.000010 0.000010 0.000010 0.000010 0.000010 0.000010 0.000010 0.000010 0.601078 0.035830 0.000010 0.000010 0.000010 0.000010 0.000010 0.000010 0.239710 0.000010 0.123222 0.000010
0.000010 0.000010 0.000010 0.000010 0.000010 0.000010 0.000010 0.000010 0.615712 0.036485 0.000010 0.000010 0.000010 0.000010 0.000010 0.000010 0.078886 0.000010 0.268756 0.000010
0.000010 0.000010 0.000010 0.000010 0.000010 0.000010 0.000010 0.000010 0.000010 0.223868 0.000010 0.000010 0.000010 0.000010 0.010090 0.000010 0.000010 0.000010 0.000010 0.765872
0.000546 0.000010 0.000010 0.000010 0.000010 0.000010 0.065477 0.017874 0.000010 0.061021 0.000010 0.000010 0.016825 0.000010 0.027310 0.027438 0.414158 0.000010 0.369241 0.000010
0.008474 0.083490 0.338240 0.018758 0.000010 0.036059 0.004198 0.045571 0.007696 0.016104 0.000010 0.000010 0.011969 0.042105 0.000010 0.000010 0.046339 0.000010 0.000010 0.340926
0.001724 0.000010 0.062661 0.000010 0.026461 0.005129 0.000010 0.012819 0.015481 0.061792 0.000010 0.000010 0.000010 0.000010 0.000010 0.000010 0.027830 0.000010 0.045362 0.740641
0.000010 0.000010 0.020566 0.000010 0.019002 0.000010 0.001255 0.000010 0.131793 0.034567 0.000010 0.000010 0.034484 0.000010 0.000010 0.000010 0.217700 0.018436 0.150893 0.371203
0.000010 0.194412 0.113206 0.412832 0.029654 0.006335 0.148421 0.000010 0.000010 0.047214 0.000010 0.000010 0.000010 0.000010 0.000010 0.033210 0.001079 0.013537 0.000010 0.000010
0.006391 0.000010 0.184410 0.000010 0.726735 0.019268 0.009200 0.001427 0.000010 0.000010 0.000010 0.000010 0.006049 0.017189 0.000010 0.000010 0.027153 0.002077 0.000010 0.000010
0.041007 0.077176 0.525179 0.000010 0.022780 0.036868 0.088044 0.000010 0.000010 0.123665 0.000010 0.000010 0.043034 0.000010 0.000010 0.042137 0.000010 0.000010 0.000010 0.000010
0.000010 0.000010 0.000010 0.000010 0.000010 0.000010 0.000010 0.000010 0.000010 0.000010 0.000010 0.000010 0.000010 0.000010 0.091939 0.907881 0.000010 0.000010 0.000010 0.000010
0.000010 0.000010 0.000010 0.017630 0.000010 0.000010 0.000010 0.000010 0.000010 0.000010 0.000010 0.000010 0.000010 0.000010 0.001869 0.031228 0.281430 0.000010 0.667693 0.000010
0.000010 0.000010 0.000010 0.000010 0.000010 0.000010 0.000010 0.000010 0.000010 0.000010 0.000010 0.008259 0.000010 0.068686 0.000010 0.922885 0.000010 0.000010 0.000010 0.000010
0.000010 0.000010 0.000010 0.000010 0.000010 0.000010 0.000010 0.000010 0.000010 0.000010 0.000010 0.000010 0.000010 0.000010 0.999810 0.000010 0.000010 0.000010 0.000010 0.000010
0.000010 0.000010 0.349885 0.000010 0.065584 0.051984 0.000010 0.000010 0.090193 0.000010 0.006970 0.000010 0.000010 0.097050 0.000010 0.000010 0.000010 0.000010 0.000010 0.338203
0.000010 0.000010 0.000010 0.000010 0.000010 0.000010 0.000010 0.000010 0.000010 0.466631 0.000010 0.000010 0.013354 0.000010 0.000010 0.000010 0.000010 0.000010 0.000010 0.519845
0.000010 0.000010 0.000010 0.000010 0.000010 0.000010 0.000010 0.000010 0.000010 0.000010 0.000010 0.640000 0.359820 0.000010 0.000010 0.000010 0.000010 0.000010 0.000010 0.000010
0.000010 0.000010 0.017076 0.000010 0.000010 0.027872 0.012143 0.000010 0.000010 0.383674 0.002649 0.000010 0.029055 0.010157 0.000010 0.000010 0.022268 0.000010 0.000010 0.494996
0.000010 0.000010 0.000010 0.000010 0.000010 0.000010 0.000010 0.000010 0.000010 0.380872 0.000010 0.000010 0.000010 0.000010 0.000010 0.000010 0.000010 0.000010 0.000010 0.618948
0.000010 0.014874 0.000010 0.000010 0.023290 0.037159 0.000010 0.007394 0.000010 0.083024 0.002463 0.000010 0.000010 0.000010 0.000010 0.000010 0.000010 0.007180 0.000010 0.824497
0.128833 0.213070 0.000010 0.046968 0.000010 0.000010 0.071098 0.014536 0.173641 0.133415 0.028504 0.000010 0.000010 0.074670 0.000010 0.105240 0.000010 0.000010 0.000010 0.009936
0.999810 0.000010 0.000010 0.000010 0.000010 0.000010 0.000010 0.000010 0.000010 0.000010 0.000010 0.000010 0.000010 0.000010 0.000010 0.000010 0.000010 0.000010 0.000010 0.000010
0.000010 0.014211 0.000010 0.039998 0.000010 0.136279 0.047021 0.000010 0.000010 0.228618 0.000010 0.000010 0.021661 0.000010 0.001054 0.000010 0.000412 0.000010 0.030604 0.480041
0.000010 0.000010 0.000010 0.000010 0.000010 0.000010 0.000010 0.000010 0.000010 0.000010 0.000010 0.000010 0.000010 0.000010 0.999810 0.000010 0.000010 0.000010 0.000010 0.000010
0.000010 0.000010 0.077523 0.000010 0.000010 0.027474 0.000010 0.000010 0.000010 0.894833 0.000010 0.000010 0.000010 0.000010 0.000010 0.000010 0.000010 0.000010 0.000010 0.000010
0.000010 0.054388 0.043069 0.000010 0.000010 0.000010 0.018685 0.000010 0.242591 0.085431 0.000010 0.004444 0.000010 0.000010 0.000010 0.000010 0.015520 0.025146 0.039456 0.471171
0.000010 0.090143 0.000010 0.000010 0.000010 0.000010 0.000010 0.011144 0.041002 0.000010 0.107854 0.129452 0.025890 0.063495 0.239521 0.099720 0.000010 0.177484 0.014206 0.000010
0.034223 0.029665 0.307845 0.045453 0.023098 0.000010 0.000010 0.027501 0.000010 0.419202 0.020609 0.000010 0.031171 0.012438 0.000010 0.022455 0.000010 0.000010 0.000010 0.026260
0.000010 0.000010 0.000010 0.000010 0.000010 0.000010 0.000010 0.000010 0.000010 0.000010 0.000010 0.000010 0.000010 0.000010 0.000010 0.000010 0.000010 0.000010 0.999810 0.000010
0.000010 0.000010 0.000010 0.000010 0.000010 0.000010 0.000010 0.000010 0.000010 0.488720 0.000010 0.000010 0.000010 0.000010 0.000010 0.000010 0.000010 0.000010 0.023558 0.487552
0.000010 0.000010 0.000010 0.000010 0.000010 0.000010 0.000010 0.000010 0.000010 0.518340 0.000010 0.000010 0.000010 0.000010 0.000010 0.000010 0.000010 0.000010 0.000010 0.481480
0.000010 0.000010 0.000010 0.013093 0.023871 0.000010 0.000010 0.000010 0.000010 0.528328 0.000010 0.000010 0.000010 0.000010 0.000010 0.000010 0.000010 0.000010 0.000010 0.434548
0.000010 0.026633 0.021899 0.017955 0.023979 0.000010 0.107763 0.016418 0.000010 0.046135 0.000010 0.000010 0.000010 0.000010 0.001513 0.000010 0.000010 0.000010 0.016473 0.721132
0.046629 0.045905 0.045088 0.000010 0.000010 0.000010 0.010721 0.000010 0.600834 0.000010 0.000010 0.000010 0.000010 0.054534 0.000010 0.000010 0.000010 0.000010 0.058117 0.138054
0.000010 0.014609 0.050072 0.000010 0.000010 0.073211 0.066435 0.000010 0.000010 0.560056 0.000010 0.000010 0.024580 0.000013 0.046649 0.000010 0.054405 0.015742 0.000010 0.094137
0.000010 0.000010 0.000010 0.000010 0.143843 0.000010 0.000010 0.000010 0.016462 0.005414 0.000010 0.000010 0.053831 0.013851 0.000010 0.000010 0.000010 0.000010 0.000010 0.766459
0.000010 0.000010 0.000010 0.000010 0.005503 0.000010 0.000010 0.000010 0.000010 0.000010 0.000010 0.000010 0.000010 0.000010 0.000010 0.000010 0.000010 0.000010 0.035207 0.959120
0.000010 0.000010 0.130490 0.027267 0.000010 0.224603 0.008906 0.000010 0.027120 0.472519 0.000010 0.000010 0.000010 0.010822 0.008343 0.007863 0.027799 0.007079 0.000010 0.047108
0.000010 0.000010 0.002041 0.009356 0.038718 0.017685 0.000010 0.000010 0.095738 0.024670 0.000010 0.000010 0.000010 0.000010 0.000010 0.000010 0.086480 0.000010 0.066235 0.658965
0.000010 0.113079 0.000010 0.000010 0.000010 0.102746 0.000010 0.000010 0.000010 0.665547 0.000010 0.000010 0.004593 0.000010 0.009375 0.000010 0.104520 0.000010 0.000010 0.000010
0.017481 0.000010 0.096607 0.012381 0.043899 0.004815 0.000010 0.000010 0.011699 0.021046 0.000010 0.023268 0.000010 0.002467 0.004743 0.000010 0.039678 0.008833 0.027206 0.685816
