0.035155 0.440976 0.000964 0.000010 0.011154 0.000010 0.456455 0.000010 0.000010 0.055226 0.000010 0.000010 0.000010
0.000010 0.224004 0.051699 0.003785 0.000010 0.001452 0.706953 0.000010 0.000010 0.000010 0.001760 0.010287 0.000010
0.000010 0.406805 0.011865 0.003603 0.103976 0.000010 0.388428 0.000010 0.002071 0.023266 0.000010 0.000010 0.059936
0.890809 0.000010 0.003695 0.000010 0.069042 0.000010 0.000010 0.000010 0.000010 0.036363 0.000010 0.000010 0.000010
0.000010 0.284029 0.037558 0.000010 0.067445 0.048490 0.484835 0.010981 0.000010 0.000010 0.018117 0.000010 0.048495
0.006492 0.755763 0.002026 0.000010 0.031970 0.025691 0.157405 0.000010 0.000010 0.000010 0.000010 0.020593 0.000010
0.355371 0.173578 0.000010 0.000010 0.000010 0.000010 0.024530 0.000010 0.000010 0.446431 0.000010 0.000010 0.000010
0.000010 0.938354 0.031944 0.000010 0.000010 0.000010 0.000010 0.000010 0.000010 0.000010 0.000010 0.029602 0.000010
0.036184 0.096381 0.035104 0.008917 0.018941 0.000010 0.712972 0.000010 0.000010 0.000010 0.000010 0.091440 0.000010
0.000010 0.902167 0.000010 0.000010 0.000010 0.000010 0.030276 0.000010 0.000010 0.000010 0.000010 0.067457 0.000010
0.000010 0.707960 0.018262 0.000010 0.000010 0.000010 0.160916 0.000010 0.000010 0.039573 0.000010 0.073209 0.000010
0.000010 0.358329 0.045005 0.000010 0.000010 0.037583 0.558992 0.000010 0.000010 0.000010 0.000010 0.000010 0.000010
0.096095 0.000010 0.054194 0.002591 0.513843 0.046548 0.225781 0.000010 0.000010 0.000010 0.000010 0.060889 0.000010
0.456814 0.000010 0.000010 0.000010 0.152798 0.000010 0.302489 0.000010 0.000010 0.087809 0.000010 0.000010 0.000010
0.000856 0.943812 0.005665 0.000010 0.000010 0.024199 0.000010 0.000010 0.000010 0.000010 0.000010 0.019182 0.006217
0.000010 0.342975 0.023646 0.002487 0.027866 0.033412 0.487292 0.000010 0.004086 0.046384 0.000010 0.031812 0.000010
0.029079 0.709254 0.020823 0.000010 0.000010 0.000010 0.162827 0.000010 0.000010 0.024324 0.011174 0.042460 0.000010
0.240336 0.382068 0.000010 0.000010 0.000010 0.000010 0.000010 0.000010 0.000010 0.377496 0.000010 0.000010 0.000010
0.000010 0.246417 0.028880 0.000010 0.000010 0.000010 0.000010 0.000010 0.000010 0.000010 0.000010 0.715512 0.009100
0.000010 0.000010 0.009029 0.000010 0.000010 0.000010 0.000010 0.000010 0.990861 0.000010 0.000010 0.000010 0.000010
0.000010 0.013371 0.000010 0.000010 0.000010 0.000010 0.000010 0.000010 0.986519 0.000010 0.000010 0.000010 0.000010
0.000010 0.000010 0.000010 0.000010 0.000010 0.000010 0.000010 0.000010 0.999880 0.000010 0.000010 0.000010 0.000010
0.000010 0.031072 0.019951 0.000010 0.000010 0.000010 0.000010 0.000010 0.948877 0.000010 0.000010 0.000010 0.000010
0.712474 0.053140 0.008877 0.000010 0.202114 0.007609 0.000010 0.000010 0.015716 0.000010 0.000010 0.000010 0.000010
0.000010 0.000010 0.000010 0.000010 0.000010 0.000010 0.000010 0.000010 0.000010 0.000010 0.000010 0.999880 0.000010
0.011612 0.000010 0.000010 0.000010 0.000010 0.000010 0.000010 0.000010 0.988278 0.000010 0.000010 0.000010 0.000010
0.007306 0.098240 0.032210 0.000010 0.105677 0.000010 0.724153 0.000010 0.000010 0.000010 0.000010 0.000010 0.032344
0.000010 0.000010 0.000010 0.000010 0.000010 0.000010 0.000010 0.000010 0.999880 0.000010 0.000010 0.000010 0.000010
0.034969 0.080275 0.000010 0.000010 0.041782 0.000010 0.783506 0.013638 0.000010 0.003006 0.002798 0.039976 0.000010
0.035341 0.047827 0.000010 0.000010 0.011799 0.000010 0.844275 0.016076 0.000010 0.016991 0.000010 0.027632 0.000010
0.000010 0.000010 0.000010 0.000010 0.000010 0.000010 0.904827 0.000010 0.000010 0.000010 0.000010 0.095063 0.000010
0.000010 0.065053 0.000010 0.007718 0.086379 0.000010 0.817767 0.000010 0.000010 0.000010 0.000010 0.023003 0.000010
0.151648 0.047523 0.008583 0.010715 0.620478 0.041145 0.119848 0.000010 0.000010 0.000010 0.000010 0.000010 0.000010
0.032263 0.000010 0.010129 0.046528 0.233676 0.022391 0.484360 0.000010 0.000010 0.000010 0.031457 0.139147 0.000010
0.000010 0.185659 0.347179 0.000010 0.048026 0.001914 0.350873 0.000010 0.000010 0.000010 0.018720 0.047568 0.000010
0.362430 0.303334 0.000020 0.000010 0.118686 0.019957 0.172585 0.001453 0.000010 0.000010 0.000010 0.021485 0.000010
0.413341 0.369279 0.004400 0.000010 0.185774 0.000010 0.000010 0.000010 0.000010 0.000010 0.000010 0.018320 0.008816
0.000010 0.000010 0.000010 0.000010 0.000010 0.000010 0.000010 0.999880 0.000010 0.000010 0.000010 0.000010 0.000010
0.032538 0.015551 0.037713 0.000010 0.092594 0.000010 0.745833 0.000010 0.000010 0.000010 0.000010 0.075701 0.000010
0.000010 0.029623 0.000010 0.000010 0.032121 0.028571 0.800555 0.000010 0.000010 0.000010 0.013530 0.041080 0.054460
0.000010 0.999880 0.000010 0.000010 0.000010 0.000010 0.000010 0.000010 0.000010 0.000010 0.000010 0.000010 0.000010
0.016745 0.190689 0.000010 0.011161 0.000010 0.072704 0.646939 0.000010 0.000010 0.000010 0.000010 0.061692 0.000010
0.000010 0.757795 0.034291 0.011891 0.011333 0.000010 0.149964 0.000010 0.000010 0.000010 0.000010 0.000010 0.034656
0.024688 0.837144 0.011977 0.000010 0.050053 0.004837 0.060892 0.000010 0.000010 0.000010 0.000010 0.000010 0.010350
0.000010 0.000010 0.000010 0.000010 0.753451 0.019732 0.173680 0.000010 0.000010 0.000010 0.000010 0.047655 0.005403
0.000010 0.000010 0.000010 0.000010 0.000010 0.012649 0.000010 0.307096 0.680154 0.000010 0.000010 0.000010 0.000010
0.000010 0.000010 0.004423 0.000010 0.000010 0.018832 0.000010 0.287238 0.677808 0.000010 0.000010 0.000010 0.011619
0.000010 0.000010 0.029736 0.106447 0.156128 0.043601 0.134877 0.126827 0.287962 0.000010 0.114372 0.000010 0.000010
0.017293 0.036775 0.038456 0.020576 0.275240 0.131301 0.322565 0.017184 0.000010 0.000010 0.011877 0.040944 0.087771
0.026446 0.047667 0.037676 0.010858 0.277671 0.121581 0.376701 0.000010 0.010936 0.000010 0.000010 0.090424 0.000010
0.000010 0.000010 0.000010 0.000010 0.000010 0.000010 0.000010 0.000010 0.000010 0.000010 0.000010 0.000010 0.999880
0.000010 0.000010 0.000010 0.029541 0.271587 0.061406 0.367330 0.000010 0.050051 0.026343 0.030584 0.143749 0.019367
0.000010 0.000010 0.000010 0.000010 0.000010 0.000010 0.000010 0.000010 0.000010 0.000011 0.000010 0.000010 0.999879
0.000010 0.045144 0.079003 0.022458 0.353412 0.091188 0.359041 0.000010 0.000010 0.000010 0.000010 0.049693 0.000010
0.000010 0.000010 0.007517 0.039018 0.349435 0.060507 0.339025 0.000010 0.000010 0.000010 0.037870 0.149098 0.017480
0.000010 0.000010 0.999880 0.000010 0.000010 0.000010 0.000010 0.000010 0.000010 0.000010 0.000010 0.000010 0.000010
0.002719 0.892992 0.032889 0.000010 0.000010 0.000010 0.043645 0.000010 0.000010 0.000010 0.010146 0.014150 0.003399
0.027163 0.000010 0.022144 0.025466 0.075180 0.000010 0.785431 0.000010 0.000010 0.000010 0.000010 0.064546 0.000010
0.001630 0.020139 0.000010 0.000010 0.000010 0.000010 0.806540 0.000010 0.000010 0.061335 0.000010 0.087221 0.023067
0.020919 0.672432 0.000010 0.000010 0.025494 0.011737 0.068748 0.000010 0.000010 0.183279 0.000010 0.000010 0.017331
0.000010 0.000010 0.000010 0.000010 0.015386 0.000010 0.943910 0.000010 0.000010 0.000010 0.000010 0.000010 0.040604
0.002334 0.061125 0.022168 0.019433 0.056425 0.000010 0.749756 0.000010 0.000010 0.057234 0.000010 0.031475 0.000010
0.000010 0.426070 0.003581 0.000010 0.000010 0.046793 0.394284 0.000010 0.006447 0.016515 0.000010 0.087006 0.019254
0.023401 0.005620 0.013262 0.018148 0.000010 0.000010 0.910044 0.000010 0.000010 0.000010 0.000010 0.000010 0.029456
0.030528 0.075552 0.052860 0.002067 0.074382 0.040352 0.637913 0.000010 0.000010 0.000010 0.000010 0.074545 0.011763
0.228774 0.245362 0.086015 0.000016 0.149873 0.158395 0.046538 0.015094 0.000010 0.000010 0.016243 0.009104 0.044566
0.216153 0.000010 0.000010 0.173873 0.000010 0.000010 0.000010 0.609874 0.000010 0.000010 0.000010 0.000010 0.000010
0.681347 0.000010 0.039735 0.006390 0.140188 0.000010 0.130847 0.001423 0.000010 0.000010 0.000010 0.000010 0.000010
0.000010 0.904248 0.044844 0.000010 0.024511 0.000010 0.000010 0.000010 0.000010 0.026308 0.000010 0.000010 0.000010
0.043750 0.000010 0.031234 0.000010 0.338313 0.071876 0.353937 0.000010 0.000010 0.000010 0.000010 0.160687 0.000144
0.021423 0.039046 0.009435 0.024320 0.258885 0.071134 0.364454 0.000010 0.000010 0.000010 0.015768 0.131521 0.063986
0.004304 0.085123 0.038255 0.000010 0.281751 0.192355 0.151019 0.000010 0.000010 0.010283 0.000010 0.192797 0.044073
0.000010 0.096454 0.150812 0.000010 0.000010 0.000010 0.711359 0.000010 0.000010 0.000010 0.000010 0.021552 0.019743
0.023548 0.044594 0.005945 0.000010 0.000010 0.030535 0.843380 0.000010 0.000010 0.000010 0.000010 0.007909 0.044030
0.004110 0.113293 0.115637 0.009268 0.000010 0.000010 0.677687 0.000010 0.000010 0.000010 0.000010 0.079935 0.000010
0.000010 0.005019 0.045409 0.000010 0.108801 0.000860 0.756123 0.000010 0.000010 0.000010 0.000010 0.077953 0.005775
0.045729 0.000010 0.006968 0.000010 0.000010 0.025134 0.885725 0.000010 0.000010 0.000010 0.000010 0.015536 0.020839
0.000010 0.059857 0.016005 0.000010 0.000010 0.013045 0.737016 0.014356 0.000010 0.000010 0.000010 0.101737 0.057923
0.000010 0.000010 0.000010 0.000010 0.000010 0.000010 0.000010 0.999880 0.000010 0.000010 0.000010 0.000010 0.000010
0.028310 0.054331 0.000010 0.001154 0.002501 0.028808 0.830691 0.000010 0.000010 0.000010 0.000010 0.002241 0.051914
0.001477 0.026484 0.042638 0.000010 0.025711 0.060145 0.743096 0.000010 0.000010 0.000010 0.000010 0.055990 0.044408
0.000102 0.722115 0.030544 0.000010 0.000010 0.000010 0.226603 0.000010 0.000010 0.000010 0.000010 0.000010 0.020556
0.027530 0.726748 0.038114 0.000010 0.000010 0.038394 0.155212 0.000010 0.000010 0.000010 0.000010 0.011161 0.002781
0.000010 0.043690 0.765588 0.000010 0.000010 0.000010 0.179243 0.000010 0.000010 0.000010 0.011389 0.000010 0.000010
0.040102 0.697038 0.000010 0.000010 0.000010 0.000010 0.000010 0.000010 0.000010 0.241957 0.000010 0.000010 0.020813
0.000010 0.000010 0.000010 0.000010 0.000010 0.000010 0.000010 0.999880 0.000010 0.000010 0.000010 0.000010 0.000010
0.000010 0.000010 0.024072 0.000010 0.028901 0.018302 0.022191 0.000010 0.724665 0.000010 0.103935 0.000010 0.077874
0.021564 0.695341 0.057922 0.000010 0.050681 0.000010 0.141318 0.000010 0.000010 0.000010 0.000010 0.020212 0.012903
0.020085 0.204526 0.100620 0.024757 0.095116 0.024184 0.509575 0.000010 0.000010 0.000010 0.000010 0.011789 0.009308
0.010389 0.000010 0.000010 0.007873 0.038249 0.000010 0.000010 0.004858 0.822853 0.008360 0.039555 0.000010 0.067812
0.000010 0.001416 0.035210 0.000010 0.000010 0.020985 0.086892 0.000010 0.789569 0.000010 0.065858 0.000010 0.000010
0.006324 0.000010 0.000010 0.000010 0.000010 0.001608 0.102136 0.049514 0.725327 0.000010 0.090426 0.000010 0.024605
0.000291 0.000010 0.001263 0.000010 0.000010 0.027957 0.028321 0.007340 0.838272 0.000010 0.060583 0.035924 0.000010
0.000010 0.000010 0.000010 0.000010 0.042894 0.031106 0.011863 0.032419 0.828545 0.000010 0.021348 0.001755 0.030021
0.041330 0.155076 0.054410 0.004129 0.043545 0.017142 0.340190 0.000010 0.254616 0.074640 0.000010 0.000010 0.014893
0.000010 0.000010 0.000010 0.000010 0.999880 0.000010 0.000010 0.000010 0.000010 0.000010 0.000010 0.000010 0.000010
0.000010 0.000010 0.000010 0.000010 0.999880 0.000010 0.000010 0.000010 0.000010 0.000010 0.000010 0.000010 0.000010
0.003463 0.386725 0.063382 0.000010 0.115649 0.000010 0.359572 0.000010 0.000010 0.034234 0.020103 0.005714 0.011117
0.031466 0.842825 0.000010 0.000010 0.000010 0.001516 0.072635 0.000010 0.020899 0.030590 0.000010 0.000010 0.000010
0.000010 0.000010 0.000010 0.000010 0.999880 0.000010 0.000010 0.000010 0.000010 0.000010 0.000010 0.000010 0.000010
0.000010 0.070538 0.124986 0.000010 0.000010 0.035510 0.768875 0.000010 0.000010 0.000010 0.000010 0.000010 0.000010
0.000010 0.000010 0.000010 0.000010 0.999880 0.000010 0.000010 0.000010 0.000010 0.000010 0.000010 0.000010 0.000010
0.000010 0.269605 0.084439 0.000010 0.000010 0.000010 0.620205 0.000010 0.000010 0.000010 0.000010 0.008694 0.016977
0.999880 0.000010 0.000010 0.000010 0.000010 0.000010 0.000010 0.000010 0.000010 0.000010 0.000010 0.000010 0.000010
0.003516 0.810602 0.000010 0.000010 0.011255 0.000010 0.127749 0.000010 0.000010 0.000010 0.000010 0.028869 0.017939
0.399173 0.000010 0.000010 0.000010 0.600717 0.000010 0.000010 0.000010 0.000010 0.000010 0.000010 0.000010 0.000010
0.024934 0.656383 0.022639 0.000010 0.000010 0.000010 0.222392 0.000010 0.000010 0.000010 0.000010 0.000010 0.073572
0.011000 0.102615 0.127083 0.000010 0.089054 0.000010 0.630816 0.000010 0.000010 0.038418 0.000010 0.000010 0.000953
0.021464 0.259030 0.059439 0.000010 0.021068 0.047313 0.561121 0.000010 0.000010 0.020027 0.000010 0.010488 0.000010
0.000010 0.884244 0.004336 0.000010 0.060448 0.000010 0.050882 0.000010 0.000010 0.000010 0.000010 0.000010 0.000010
0.000010 0.005126 0.015245 0.000010 0.133158 0.188343 0.157766 0.010951 0.016496 0.000010 0.041798 0.088681 0.342407
0.000010 0.600000 0.020189 0.000010 0.017608 0.026877 0.317698 0.000010 0.000010 0.011590 0.000010 0.005978 0.000010
0.000010 0.807151 0.021361 0.000010 0.000010 0.000010 0.141464 0.003474 0.000010 0.000010 0.000010 0.008994 0.017486
0.000010 0.929449 0.000010 0.000010 0.013935 0.000010 0.037185 0.000010 0.000010 0.000010 0.000010 0.005182 0.014168
0.000010 0.155116 0.098651 0.008053 0.017128 0.000010 0.686183 0.000010 0.000010 0.025007 0.000010 0.009802 0.000010
0.029305 0.665476 0.000010 0.000010 0.078119 0.032195 0.184001 0.000010 0.000010 0.010835 0.000010 0.000010 0.000010
0.999880 0.000010 0.000010 0.000010 0.000010 0.000010 0.000010 0.000010 0.000010 0.000010 0.000010 0.000010 0.000010
0.999879 0.000010 0.000010 0.000010 0.000010 0.000010 0.000010 0.000010 0.000010 0.000010 0.000010 0.000011 0.000010
0.000010 0.841925 0.038664 0.000010 0.019731 0.009388 0.090211 0.000010 0.000010 0.000010 0.000010 0.000010 0.000010
0.999880 0.000010 0.000010 0.000010 0.000010 0.000010 0.000010 0.000010 0.000010 0.000010 0.000010 0.000010 0.000010
0.005160 0.809748 0.000010 0.000010 0.045898 0.000010 0.000010 0.000010 0.000010 0.055718 0.005140 0.046364 0.031912
0.000010 0.999880 0.000010 0.000010 0.000010 0.000010 0.000010 0.000010 0.000010 0.000010 0.000010 0.000010 0.000010
0.999880 0.000010 0.000010 0.000010 0.000010 0.000010 0.000010 0.000010 0.000010 0.000010 0.000010 0.000010 0.000010
0.999880 0.000010 0.000010 0.000010 0.000010 0.000010 0.000010 0.000010 0.000010 0.000010 0.000010 0.000010 0.000010
0.999880 0.000010 0.000010 0.000010 0.000010 0.000010 0.000010 0.000010 0.000010 0.000010 0.000010 0.000010 0.000010
0.999880 0.000010 0.000010 0.000010 0.000010 0.000010 0.000010 0.000010 0.000010 0.000010 0.000010 0.000010 0.000010
0.846334 0.000010 0.000010 0.000010 0.081885 0.000010 0.071680 0.000010 0.000010 0.000010 0.000010 0.000010 0.000010
0.010002 0.218814 0.041129 0.000010 0.033838 0.000010 0.654520 0.000010 0.000010 0.000010 0.000010 0.002745 0.038892
0.021095 0.152447 0.031804 0.000010 0.000010 0.003344 0.779862 0.000010 0.000010 0.000010 0.000010 0.011378 0.000010
0.999880 0.000010 0.000010 0.000010 0.000010 0.000010 0.000010 0.000010 0.000010 0.000010 0.000010 0.000010 0.000010
0.142803 0.393775 0.002674 0.000010 0.000010 0.046340 0.019926 0.000010 0.000010 0.394413 0.000010 0.000010 0.000010
0.023506 0.782211 0.057738 0.000010 0.056130 0.002747 0.077598 0.000010 0.000010 0.000010 0.000010 0.000010 0.000010
0.999880 0.000010 0.000010 0.000010 0.000010 0.000010 0.000010 0.000010 0.000010 0.000010 0.000010 0.000010 0.000010
0.953132 0.000010 0.009457 0.000010 0.000010 0.019036 0.000010 0.000010 0.000010 0.000010 0.000010 0.000010 0.018285
0.999880 0.000010 0.000010 0.000010 0.000010 0.000010 0.000010 0.000010 0.000010 0.000010 0.000010 0.000010 0.000010
0.000010 0.156298 0.263040 0.000010 0.089536 0.000010 0.396992 0.000010 0.000010 0.058505 0.000010 0.035339 0.000230
0.003441 0.174128 0.075862 0.000010 0.000010 0.000010 0.746479 0.000010 0.000010 0.000010 0.000010 0.000010 0.000010
0.000010 0.190512 0.048769 0.000010 0.000010 0.054237 0.706392 0.000010 0.000010 0.000010 0.000010 0.000010 0.000010
0.008307 0.081396 0.076712 0.000010 0.000010 0.000010 0.792593 0.000010 0.000010 0.000010 0.000010 0.040912 0.000010
0.883589 0.000010 0.000010 0.000010 0.116301 0.000010 0.000010 0.000010 0.000010 0.000010 0.000010 0.000010 0.000010
0.244417 0.000010 0.000010 0.306863 0.000010 0.000010 0.000010 0.213356 0.235274 0.000010 0.000010 0.000010 0.000010
0.999880 0.000010 0.000010 0.000010 0.000010 0.000010 0.000010 0.000010 0.000010 0.000010 0.000010 0.000010 0.000010
0.999880 0.000010 0.000010 0.000010 0.000010 0.000010 0.000010 0.000010 0.000010 0.000010 0.000010 0.000010 0.000010
0.999880 0.000010 0.000010 0.000010 0.000010 0.000010 0.000010 0.000010 0.000010 0.000010 0.000010 0.000010 0.000010
0.999880 0.000010 0.000010 0.000010 0.000010 0.000010 0.000010 0.000010 0.000010 0.000010 0.000010 0.000010 0.000010
0.999880 0.000010 0.000010 0.000010 0.000010 0.000010 0.000010 0.000010 0.000010 0.000010 0.000010 0.000010 0.000010
0.999880 0.000010 0.000010 0.000010 0.000010 0.000010 0.000010 0.000010 0.000010 0.000010 0.000010 0.000010 0.000010
0.000010 0.224943 0.363218 0.000010 0.135778 0.000010 0.272416 0.000010 0.000010 0.000010 0.000010 0.003566 0.000010
0.999880 0.000010 0.000010 0.000010 0.000010 0.000010 0.000010 0.000010 0.000010 0.000010 0.000010 0.000010 0.000010
0.878983 0.000010 0.000010 0.000010 0.061012 0.000010 0.000010 0.000010 0.000010 0.019488 0.040409 0.000010 0.000028
0.000010 0.920095 0.000010 0.000010 0.000010 0.000010 0.056844 0.000010 0.000010 0.022961 0.000010 0.000010 0.000010
0.833687 0.000010 0.014459 0.000010 0.126354 0.006324 0.000010 0.000010 0.000010 0.000010 0.000010 0.019095 0.000010
0.532910 0.054453 0.035752 0.000010 0.064726 0.000010 0.000010 0.000010 0.000010 0.300514 0.000010 0.000010 0.011576
0.999880 0.000010 0.000010 0.000010 0.000010 0.000010 0.000010 0.000010 0.000010 0.000010 0.000010 0.000010 0.000010
0.999880 0.000010 0.000010 0.000010 0.000010 0.000010 0.000010 0.000010 0.000010 0.000010 0.000010 0.000010 0.000010
0.999880 0.000010 0.000010 0.000010 0.000010 0.000010 0.000010 0.000010 0.000010 0.000010 0.000010 0.000010 0.000010
0.999880 0.000010 0.000010 0.000010 0.000010 0.000010 0.000010 0.000010 0.000010 0.000010 0.000010 0.000010 0.000010
0.978826 0.000010 0.006359 0.000010 0.000010 0.000010 0.000010 0.000010 0.000010 0.000010 0.000010 0.000010 0.014714
0.999880 0.000010 0.000010 0.000010 0.000010 0.000010 0.000010 0.000010 0.000010 0.000010 0.000010 0.000010 0.000010
0.000010 0.000010 0.999880 0.000010 0.000010 0.000010 0.000010 0.000010 0.000010 0.000010 0.000010 0.000010 0.000010
0.000010 0.000010 0.000010 0.000010 0.000010 0.000010 0.000010 0.000010 0.000010 0.000010 0.999880 0.000010 0.000010
0.000010 0.000010 0.000010 0.000010 0.000010 0.000010 0.000010 0.000010 0.000010 0.000010 0.999880 0.000010 0.000010
0.000010 0.000010 0.000010 0.000010 0.000010 0.000010 0.000010 0.000010 0.000010 0.000010 0.999880 0.000010 0.000010
0.999880 0.000010 0.000010 0.000010 0.000010 0.000010 0.000010 0.000010 0.000010 0.000010 0.000010 0.000010 0.000010
0.999880 0.000010 0.000010 0.000010 0.000010 0.000010 0.000010 0.000010 0.000010 0.000010 0.000010 0.000010 0.000010
0.000010 0.000010 0.000010 0.000010 0.000010 0.000010 0.000010 0.000010 0.000010 0.000010 0.999880 0.000010 0.000010
0.000010 0.000010 0.000010 0.000010 0.000010 0.002330 0.000010 0.000010 0.000010 0.000010 0.997560 0.000010 0.000010
0.000010 0.000010 0.000010 0.000010 0.000010 0.000010 0.000010 0.000010 0.000010 0.000010 0.999880 0.000010 0.000010
0.999880 0.000010 0.000010 0.000010 0.000010 0.000010 0.000010 0.000010 0.000010 0.000010 0.000010 0.000010 0.000010
0.999873 0.000010 0.000017 0.000010 0.000010 0.000010 0.000010 0.000010 0.000010 0.000010 0.000010 0.000010 0.000010
0.000010 0.000010 0.000010 0.000010 0.000010 0.182971 0.000010 0.000010 0.000010 0.000010 0.000010 0.000010 0.816919
0.999880 0.000010 0.000010 0.000010 0.000010 0.000010 0.000010 0.000010 0.000010 0.000010 0.000010 0.000010 0.000010
0.000010 0.047950 0.000010 0.000010 0.000010 0.000010 0.000010 0.000010 0.000010 0.000010 0.000010 0.951940 0.000010
0.000010 0.000010 0.000010 0.999880 0.000010 0.000010 0.000010 0.000010 0.000010 0.000010 0.000010 0.000010 0.000010
0.000010 0.000010 0.000010 0.999880 0.000010 0.000010 0.000010 0.000010 0.000010 0.000010 0.000010 0.000010 0.000010
0.000010 0.614813 0.006266 0.000010 0.006331 0.000010 0.193963 0.000010 0.000010 0.117226 0.000010 0.061332 0.000010
0.000010 0.000010 0.000010 0.999880 0.000010 0.000010 0.000010 0.000010 0.000010 0.000010 0.000010 0.000010 0.000010
0.009121 0.000010 0.033131 0.000010 0.025850 0.011911 0.000010 0.000010 0.899631 0.000010 0.012984 0.007312 0.000010
0.005823 0.000010 0.000010 0.000010 0.233585 0.205450 0.272244 0.000010 0.070707 0.000010 0.037683 0.104369 0.070090
0.051316 0.370822 0.029966 0.000010 0.008472 0.000686 0.099536 0.008565 0.000010 0.391140 0.000010 0.039458 0.000010
0.014406 0.032905 0.034494 0.027752 0.020864 0.133417 0.040280 0.000010 0.000010 0.000010 0.695832 0.000010 0.000010
0.254013 0.000010 0.000010 0.000010 0.000010 0.000010 0.000010 0.000010 0.000010 0.745877 0.000010 0.000010 0.000010
0.266943 0.000010 0.000010 0.000010 0.000010 0.000010 0.000010 0.000010 0.000010 0.732947 0.000010 0.000010 0.000010
0.000010 0.885703 0.023761 0.000010 0.035039 0.000010 0.014158 0.000010 0.000010 0.031802 0.000010 0.009466 0.000010
0.669385 0.000010 0.024141 0.009504 0.107641 0.025101 0.022704 0.000010 0.000010 0.054842 0.029948 0.042291 0.014413
0.004522 0.406066 0.102775 0.001722 0.000010 0.035753 0.413566 0.009440 0.011422 0.000010 0.000010 0.000010 0.014693
0.065257 0.778836 0.002888 0.000010 0.005975 0.000010 0.077350 0.000010 0.000010 0.069623 0.000010 0.000010 0.000010
0.293415 0.368970 0.000010 0.000342 0.015028 0.000010 0.017951 0.000010 0.000010 0.297211 0.000010 0.000010 0.007022
0.000010 0.014315 0.000010 0.000010 0.586833 0.000010 0.192354 0.000010 0.000010 0.000010 0.000010 0.206408 0.000010
0.048080 0.473788 0.049263 0.003997 0.027639 0.000010 0.341751 0.000010 0.001152 0.000010 0.000010 0.028400 0.025889
0.000010 0.103725 0.084814 0.000010 0.000010 0.060922 0.649645 0.000010 0.000010 0.000010 0.000010 0.077603 0.023220
0.001870 0.011793 0.000010 0.000010 0.000010 0.212671 0.000010 0.000010 0.000010 0.000010 0.773576 0.000010 0.000010
0.859992 0.000010 0.000010 0.000010 0.035454 0.000010 0.000010 0.000010 0.000010 0.104453 0.000010 0.000010 0.000010
0.000010 0.000010 0.000010 0.000010 0.000010 0.166759 0.000010 0.000010 0.018806 0.000010 0.754901 0.013295 0.046159
0.000010 0.000010 0.000010 0.000010 0.000010 0.000010 0.000010 0.000010 0.000010 0.000010 0.999880 0.000010 0.000010
0.000010 0.487450 0.108644 0.000010 0.016823 0.002569 0.338698 0.000010 0.019577 0.022954 0.000010 0.000010 0.003235
0.000010 0.688341 0.004926 0.000010 0.063480 0.000010 0.220423 0.000010 0.000010 0.000010 0.000010 0.000010 0.022750
0.000010 0.000010 0.000010 0.000010 0.000010 0.000010 0.000010 0.000010 0.658878 0.000010 0.000010 0.000010 0.341012
0.003519 0.584965 0.060576 0.000010 0.084103 0.000010 0.167586 0.000010 0.027848 0.027818 0.008008 0.032275 0.003271
0.000010 0.806595 0.004776 0.000010 0.063592 0.017091 0.046579 0.000010 0.000010 0.000010 0.028442 0.032865 0.000010
0.000010 0.885501 0.023578 0.000010 0.000010 0.000010 0.079801 0.010500 0.000540 0.000010 0.000010 0.000010 0.000010
0.000010 0.031115 0.000010 0.000010 0.012971 0.275969 0.401589 0.000010 0.013280 0.028173 0.090393 0.146459 0.000010
0.000010 0.000010 0.000010 0.000010 0.000010 0.999880 0.000010 0.000010 0.000010 0.000010 0.000010 0.000010 0.000010
0.007139 0.494480 0.158162 0.000010 0.034661 0.018700 0.188594 0.000010 0.000010 0.011304 0.000010 0.069059 0.017861
0.000010 0.000010 0.000010 0.000010 0.000010 0.000010 0.000010 0.000010 0.000010 0.000010 0.999880 0.000010 0.000010
0.000010 0.059900 0.189927 0.000010 0.093843 0.054410 0.580378 0.000010 0.015004 0.000010 0.006479 0.000010 0.000010
0.055338 0.499789 0.000010 0.000010 0.000010 0.000010 0.146339 0.000010 0.000010 0.263058 0.000010 0.035396 0.000010
0.000010 0.000010 0.002070 0.194559 0.012484 0.000010 0.100587 0.000010 0.206858 0.000010 0.463586 0.004941 0.014865
0.000010 0.155374 0.095709 0.000010 0.105935 0.014631 0.569114 0.013822 0.012400 0.000010 0.000010 0.000010 0.032966
0.999880 0.000010 0.000010 0.000010 0.000010 0.000010 0.000010 0.000010 0.000010 0.000010 0.000010 0.000010 0.000010
0.015664 0.577825 0.109532 0.000010 0.058875 0.000010 0.095341 0.000010 0.000010 0.116497 0.000010 0.026206 0.000010
0.021425 0.593244 0.113044 0.000010 0.020860 0.000010 0.129078 0.000010 0.000010 0.098281 0.000010 0.024008 0.000010
0.008351 0.591276 0.023248 0.000010 0.114732 0.025371 0.181733 0.000010 0.000010 0.033751 0.021487 0.000010 0.000010
0.005720 0.818877 0.008883 0.000010 0.000010 0.000010 0.043454 0.000010 0.000010 0.000010 0.000010 0.122986 0.000010
0.038990 0.136963 0.000010 0.000010 0.000010 0.011129 0.131988 0.000010 0.000010 0.668117 0.000010 0.012742 0.000010
0.046046 0.130932 0.146947 0.000010 0.079175 0.018009 0.375806 0.005720 0.000010 0.109289 0.012550 0.075497 0.000010
0.000010 0.905276 0.000010 0.000010 0.000010 0.000010 0.010167 0.000010 0.000010 0.048729 0.000010 0.000010 0.035738
0.008669 0.990989 0.000010 0.000010 0.000010 0.000010 0.000010 0.000010 0.000010 0.000243 0.000010 0.000010 0.000010
0.019902 0.108713 0.274791 0.000010 0.102443 0.003152 0.400456 0.000010 0.000010 0.074274 0.000010 0.016220 0.000010
0.098229 0.744885 0.000010 0.000010 0.000010 0.000010 0.000010 0.000010 0.000010 0.156786 0.000010 0.000010 0.000010
0.055784 0.032014 0.161822 0.000010 0.095526 0.000010 0.524051 0.000010 0.000010 0.130733 0.000010 0.000010 0.000010
0.045777 0.733489 0.022351 0.000010 0.043841 0.000010 0.094919 0.000010 0.000010 0.042375 0.017187 0.000010 0.000010
0.002847 0.740007 0.044305 0.000010 0.000010 0.000014 0.132630 0.000010 0.000010 0.035473 0.000010 0.036047 0.008627
0.000010 0.044468 0.115769 0.000010 0.068617 0.000010 0.659880 0.000010 0.094105 0.001643 0.000010 0.000010 0.015457
0.009292 0.903657 0.014616 0.000010 0.008966 0.000010 0.016039 0.000010 0.000010 0.000010 0.000010 0.030235 0.017134
0.295641 0.249905 0.000010 0.022090 0.003623 0.026139 0.010066 0.000010 0.000010 0.392477 0.000010 0.000010 0.000010
0.027270 0.881727 0.000010 0.000010 0.008686 0.002107 0.056668 0.000010 0.000010 0.000010 0.000010 0.023472 0.000010
0.289032 0.337223 0.000010 0.000010 0.000010 0.000010 0.000010 0.000010 0.000010 0.373645 0.000010 0.000010 0.000010
0.013600 0.585076 0.138522 0.000010 0.040303 0.014791 0.142912 0.000010 0.000010 0.033284 0.000010 0.031461 0.000010
0.033765 0.803854 0.000010 0.000010 0.000010 0.000010 0.028222 0.000010 0.000010 0.127315 0.000010 0.000010 0.006765
0.008316 0.718927 0.059563 0.000010 0.042717 0.000010 0.099504 0.000010 0.000010 0.026945 0.000011 0.043967 0.000010
0.189816 0.000010 0.000010 0.000010 0.000010 0.000010 0.000010 0.000010 0.000010 0.810074 0.000010 0.000010 0.000010
0.000010 0.000010 0.000010 0.000010 0.000010 0.000010 0.000010 0.000010 0.000010 0.999880 0.000010 0.000010 0.000010
0.000010 0.000010 0.000010 0.000010 0.000010 0.000010 0.000010 0.000010 0.000010 0.000010 0.000010 0.000010 0.999880
0.073887 0.000010 0.000010 0.000010 0.000010 0.000010 0.000010 0.000010 0.000010 0.768838 0.000010 0.000010 0.157176
0.157990 0.000010 0.000010 0.000010 0.000010 0.000010 0.000010 0.000010 0.000010 0.759480 0.000010 0.000010 0.082430
0.000010 0.000010 0.000010 0.000010 0.000010 0.000010 0.000010 0.000010 0.000010 0.938370 0.000010 0.038302 0.023228
0.000010 0.010243 0.000010 0.000010 0.012133 0.421923 0.029935 0.000010 0.000010 0.470342 0.000010 0.000010 0.055354
0.132299 0.029576 0.024294 0.000010 0.034631 0.000010 0.065394 0.000010 0.000010 0.685084 0.000010 0.000010 0.028662
0.000010 0.000010 0.000010 0.000010 0.000010 0.000010 0.000010 0.000010 0.000010 0.000010 0.000010 0.000010 0.999880
0.000010 0.459678 0.270993 0.000010 0.053205 0.068674 0.081176 0.000010 0.000010 0.000010 0.000010 0.016648 0.049566
0.000010 0.000010 0.000010 0.000010 0.000010 0.000010 0.000010 0.000010 0.000010 0.999880 0.000010 0.000010 0.000010
0.000010 0.000010 0.000010 0.000010 0.000010 0.000010 0.000010 0.000010 0.000010 0.210586 0.000010 0.000010 0.789304
0.000010 0.000010 0.000010 0.000010 0.000010 0.999880 0.000010 0.000010 0.000010 0.000010 0.000010 0.000010 0.000010
0.000010 0.011203 0.080929 0.163604 0.003706 0.000010 0.003840 0.000010 0.131299 0.000010 0.563488 0.041880 0.000010
0.000010 0.000010 0.008490 0.172976 0.082854 0.000010 0.000010 0.000010 0.128435 0.000016 0.558730 0.048438 0.000010
0.000010 0.000010 0.000010 0.000010 0.000010 0.999880 0.000010 0.000010 0.000010 0.000010 0.000010 0.000010 0.000010
0.000010 0.068136 0.000010 0.000010 0.000010 0.000010 0.000010 0.000010 0.000010 0.905652 0.000010 0.000010 0.026112
0.000010 0.000010 0.000010 0.000010 0.000010 0.000010 0.000010 0.000010 0.000010 0.937068 0.000010 0.000010 0.062822
0.000010 0.000010 0.000010 0.000010 0.000010 0.000010 0.000010 0.000010 0.000010 0.092203 0.000010 0.000010 0.907687
0.000010 0.000010 0.017971 0.418830 0.000010 0.042400 0.094449 0.000010 0.195316 0.000010 0.181928 0.046145 0.002910
0.000010 0.000010 0.000010 0.999880 0.000010 0.000010 0.000010 0.000010 0.000010 0.000010 0.000010 0.000010 0.000010
0.000832 0.000010 0.000010 0.000010 0.000010 0.020313 0.013972 0.038924 0.739967 0.000010 0.073364 0.000010 0.112568
0.000010 0.043439 0.000010 0.000010 0.000010 0.000010 0.047383 0.000010 0.000010 0.854086 0.000010 0.024047 0.030966
0.017647 0.921450 0.000010 0.000010 0.000010 0.037613 0.000010 0.000010 0.008039 0.000010 0.000010 0.000010 0.015172
0.000010 0.778027 0.030823 0.000010 0.000010 0.008829 0.128029 0.000010 0.000010 0.000010 0.000010 0.044010 0.010212
0.000010 0.000010 0.004101 0.000010 0.000010 0.000010 0.943636 0.000010 0.000010 0.000010 0.000010 0.052163 0.000010
0.000010 0.013134 0.026200 0.000010 0.000010 0.000010 0.901605 0.000010 0.000010 0.000010 0.043010 0.000010 0.015971
0.011611 0.906263 0.019047 0.000010 0.000010 0.000010 0.000010 0.000010 0.000010 0.047598 0.000010 0.014301 0.001110
0.339048 0.168543 0.058213 0.000010 0.000010 0.000010 0.000010 0.000010 0.000010 0.434106 0.000010 0.000010 0.000010
0.118878 0.235082 0.082225 0.007571 0.000010 0.005620 0.304792 0.000010 0.000010 0.226459 0.000010 0.019323 0.000010
0.041696 0.426624 0.000010 0.000010 0.086222 0.009764 0.267365 0.000010 0.000010 0.133086 0.000010 0.000010 0.035183
0.000010 0.000010 0.000010 0.000010 0.000010 0.000010 0.000010 0.999880 0.000010 0.000010 0.000010 0.000010 0.000010
0.016161 0.670416 0.022623 0.000010 0.021620 0.006947 0.201729 0.000010 0.000010 0.021857 0.000010 0.026186 0.012420
0.007393 0.932806 0.000010 0.000010 0.000010 0.000010 0.000010 0.000010 0.000010 0.000010 0.000010 0.018963 0.040748
0.022922 0.504085 0.022697 0.000010 0.016804 0.063077 0.298248 0.000010 0.000010 0.050970 0.006238 0.000010 0.014919
0.007793 0.685781 0.056640 0.000010 0.006635 0.000010 0.171360 0.000010 0.000010 0.000010 0.000010 0.071720 0.000010
0.031977 0.567513 0.011567 0.000010 0.065788 0.000010 0.313401 0.000010 0.000010 0.000010 0.000010 0.000010 0.009684
0.000010 0.417657 0.034013 0.000010 0.016446 0.000013 0.486025 0.000010 0.008410 0.021532 0.000010 0.000010 0.015855
0.000010 0.000010 0.000010 0.000010 0.000010 0.000010 0.000010 0.000010 0.000010 0.000010 0.000010 0.000010 0.999880
0.005098 0.609673 0.000010 0.000010 0.000010 0.001450 0.318544 0.000010 0.000010 0.026317 0.000010 0.023434 0.015423
0.014772 0.698685 0.015656 0.000010 0.000010 0.000010 0.225367 0.000010 0.000010 0.018319 0.000010 0.027131 0.000010
0.000010 0.669354 0.000010 0.000010 0.000010 0.059645 0.245714 0.000010 0.000010 0.000010 0.000010 0.025197 0.000010
0.029273 0.234708 0.091682 0.000010 0.000010 0.008784 0.536089 0.015788 0.000010 0.083617 0.000010 0.000010 0.000010
0.000010 0.937663 0.000010 0.000010 0.000010 0.020266 0.000010 0.000010 0.000010 0.000010 0.000010 0.030188 0.011793
0.000010 0.095036 0.000010 0.000010 0.000010 0.000010 0.000010 0.000010 0.000010 0.000010 0.000010 0.904854 0.000010
0.027026 0.115150 0.043843 0.025671 0.015127 0.000010 0.745498 0.000010 0.000010 0.010562 0.000010 0.017073 0.000010
0.006564 0.124856 0.054445 0.000010 0.047957 0.000010 0.595953 0.000010 0.000010 0.000010 0.000010 0.122659 0.047508
0.034107 0.090896 0.062727 0.000010 0.082545 0.000010 0.696548 0.000010 0.000010 0.000010 0.010466 0.000010 0.022652
0.000010 0.241445 0.100474 0.000010 0.000010 0.000010 0.610436 0.000010 0.000010 0.047555 0.000010 0.000010 0.000010
0.000010 0.899577 0.012204 0.000010 0.000010 0.000010 0.081578 0.000010 0.000010 0.000010 0.000010 0.000010 0.006551
0.012166 0.793810 0.000010 0.000010 0.011553 0.000010 0.111927 0.000010 0.000010 0.000010 0.000010 0.070464 0.000010
0.000010 0.767805 0.000010 0.000010 0.000018 0.019362 0.212725 0.000010 0.000010 0.000010 0.000010 0.000010 0.000010
0.000010 0.886120 0.032721 0.000010 0.000010 0.000010 0.081059 0.000010 0.000010 0.000010 0.000010 0.000010 0.000010
0.034635 0.225455 0.065816 0.000010 0.085906 0.000010 0.514829 0.000010 0.000010 0.000010 0.000010 0.073022 0.000278
0.477172 0.025894 0.008202 0.000010 0.030371 0.000010 0.320249 0.000010 0.000010 0.123658 0.000010 0.009024 0.005379
0.042102 0.483469 0.049945 0.000010 0.031417 0.011126 0.145522 0.000010 0.000010 0.219240 0.000010 0.017128 0.000010
0.109054 0.448723 0.012414 0.012831 0.018540 0.007193 0.044524 0.000010 0.000010 0.326181 0.011495 0.000010 0.009015
0.000010 0.027298 0.000010 0.000010 0.000010 0.000010 0.901294 0.000010 0.000010 0.000010 0.000010 0.070705 0.000613
0.000010 0.888543 0.013735 0.000010 0.000010 0.000010 0.038120 0.000010 0.000010 0.017166 0.000010 0.042356 0.000010
0.000010 0.108358 0.116664 0.000010 0.000010 0.067898 0.588910 0.001020 0.000010 0.057051 0.032863 0.000010 0.027187
0.002104 0.800180 0.028197 0.000010 0.069411 0.000010 0.094542 0.000010 0.000010 0.003592 0.000010 0.000010 0.001914
0.000010 0.999880 0.000010 0.000010 0.000010 0.000010 0.000010 0.000010 0.000010 0.000010 0.000010 0.000010 0.000010
0.000010 0.725841 0.030005 0.000010 0.002058 0.000010 0.053158 0.000010 0.000010 0.000010 0.000010 0.188858 0.000010
0.033963 0.097937 0.051554 0.000010 0.026258 0.017457 0.704980 0.000010 0.009585 0.017888 0.000010 0.040338 0.000010
0.000010 0.999880 0.000010 0.000010 0.000010 0.000010 0.000010 0.000010 0.000010 0.000010 0.000010 0.000010 0.000010
0.000010 0.000010 0.007121 0.000010 0.000010 0.016520 0.914807 0.000010 0.000010 0.000010 0.000010 0.061462 0.000010
0.000010 0.000010 0.000010 0.000010 0.000010 0.011228 0.918793 0.000010 0.014821 0.000010 0.000010 0.043398 0.011680
0.000010 0.000010 0.044414 0.000010 0.000010 0.000010 0.907524 0.000010 0.000010 0.000010 0.000010 0.046559 0.001413
0.000010 0.000010 0.000010 0.000010 0.000010 0.000010 0.893824 0.000010 0.000010 0.000010 0.000010 0.106066 0.000010
0.000010 0.000010 0.000010 0.000010 0.027768 0.000010 0.931541 0.000010 0.000010 0.000010 0.000010 0.022658 0.017943
0.827525 0.000010 0.004768 0.001271 0.005348 0.000010 0.062245 0.000010 0.000010 0.081047 0.005221 0.012525 0.000010
0.000010 0.541277 0.020363 0.004329 0.026247 0.000010 0.238924 0.000010 0.000010 0.138483 0.002380 0.027947 0.000010
0.000251 0.925300 0.000015 0.000010 0.000010 0.000010 0.000010 0.000010 0.000010 0.054546 0.000010 0.005917 0.013900
0.000010 0.766682 0.000010 0.000010 0.000010 0.022513 0.158150 0.000010 0.000010 0.000010 0.000010 0.052565 0.000010
0.009548 0.655019 0.032722 0.000010 0.000010 0.000010 0.110481 0.000010 0.000010 0.056959 0.000010 0.126136 0.009075
0.000010 0.968189 0.000010 0.000010 0.000010 0.000010 0.000010 0.000010 0.000010 0.000010 0.000010 0.000010 0.031701
0.000010 0.000010 0.000010 0.000010 0.000010 0.002589 0.997301 0.000010 0.000010 0.000010 0.000010 0.000010 0.000010
0.003391 0.924736 0.000010 0.000010 0.007694 0.000010 0.000010 0.000010 0.000010 0.000010 0.008151 0.055948 0.000010
0.008161 0.157885 0.068057 0.000010 0.000010 0.000010 0.741533 0.007547 0.000010 0.016748 0.000010 0.000010 0.000010
0.999880 0.000010 0.000010 0.000010 0.000010 0.000010 0.000010 0.000010 0.000010 0.000010 0.000010 0.000010 0.000010
0.000010 0.000010 0.000010 0.000010 0.666084 0.000010 0.204519 0.000010 0.000010 0.000010 0.000010 0.129297 0.000010
0.019593 0.110938 0.037372 0.000010 0.005823 0.000010 0.768395 0.000010 0.000010 0.000010 0.000010 0.057809 0.000010
0.000010 0.336034 0.000010 0.000010 0.000010 0.000010 0.640093 0.000010 0.000010 0.000010 0.000010 0.023390 0.000393
0.000010 0.029028 0.043722 0.021018 0.080807 0.028243 0.699546 0.000010 0.000010 0.000010 0.000010 0.082551 0.015035
0.000010 0.000010 0.000010 0.000010 0.000010 0.067053 0.824671 0.000010 0.037716 0.000010 0.000010 0.066798 0.003683
0.021998 0.079649 0.000010 0.000010 0.026286 0.029002 0.771798 0.000010 0.000010 0.000010 0.000010 0.061393 0.009814
0.000010 0.000010 0.000010 0.000010 0.000010 0.015622 0.984268 0.000010 0.000010 0.000010 0.000010 0.000010 0.000010
0.002988 0.180874 0.016769 0.000010 0.000019 0.061063 0.698809 0.000010 0.000010 0.000010 0.000010 0.025516 0.013913
0.018756 0.032037 0.047775 0.004418 0.000010 0.000010 0.793386 0.000010 0.000010 0.000010 0.000010 0.061726 0.041842
0.030502 0.802165 0.005844 0.000010 0.091622 0.010768 0.046844 0.000010 0.000010 0.000010 0.000010 0.000010 0.012196
0.000010 0.059645 0.076157 0.000010 0.000010 0.011286 0.766185 0.000010 0.015713 0.045657 0.000010 0.000010 0.025297
0.000010 0.000010 0.000010 0.000010 0.000010 0.018264 0.915618 0.000010 0.000010 0.000010 0.000010 0.066017 0.000010
0.000010 0.066277 0.000010 0.000010 0.000010 0.000010 0.823461 0.000010 0.000010 0.000010 0.000010 0.079527 0.030644
0.000010 0.568951 0.000010 0.000010 0.000010 0.015701 0.337326 0.000010 0.004066 0.000010 0.000010 0.031948 0.041938
0.000010 0.992075 0.007815 0.000010 0.000010 0.000010 0.000010 0.000010 0.000010 0.000010 0.000010 0.000010 0.000010
0.030586 0.020171 0.034358 0.000010 0.000010 0.000010 0.808709 0.000010 0.000010 0.000010 0.000010 0.106095 0.000010
0.898208 0.000010 0.000010 0.000010 0.101682 0.000010 0.000010 0.000010 0.000010 0.000010 0.000010 0.000010 0.000010
0.000010 0.909538 0.000010 0.000010 0.000010 0.000655 0.000010 0.000010 0.000010 0.000010 0.020510 0.069207 0.000010
0.000010 0.969291 0.018296 0.000010 0.000010 0.000010 0.000010 0.000010 0.000010 0.000010 0.000010 0.012313 0.000010
0.000010 0.074009 0.032106 0.004292 0.030961 0.039316 0.813767 0.000010 0.000010 0.000010 0.000010 0.005489 0.000010
0.000010 0.458860 0.001215 0.002270 0.000010 0.061837 0.392095 0.000010 0.000010 0.000010 0.052915 0.030747 0.000010
0.000010 0.225574 0.066319 0.000010 0.000010 0.000010 0.702602 0.000010 0.000010 0.000010 0.000010 0.005415 0.000010
0.016319 0.006890 0.004541 0.000010 0.000010 0.000010 0.934911 0.000010 0.000010 0.000010 0.000010 0.037260 0.000010
0.000010 0.999880 0.000010 0.000010 0.000010 0.000010 0.000010 0.000010 0.000010 0.000010 0.000010 0.000010 0.000010
0.010353 0.989537 0.000010 0.000010 0.000010 0.000010 0.000010 0.000010 0.000010 0.000010 0.000010 0.000010 0.000010
0.000010 0.499479 0.017591 0.000011 0.000010 0.000010 0.449182 0.000010 0.000010 0.000010 0.000010 0.000010 0.033656
0.008038 0.577879 0.056812 0.000010 0.015185 0.027199 0.299291 0.000010 0.000010 0.000010 0.000010 0.000010 0.015536
0.000010 0.000010 0.000010 0.000010 0.000010 0.000010 0.000010 0.999880 0.000010 0.000010 0.000010 0.000010 0.000010
0.000010 0.034963 0.000010 0.000010 0.000912 0.054298 0.830888 0.000010 0.000010 0.000010 0.000010 0.052160 0.026710
0.018986 0.891384 0.001977 0.000010 0.000010 0.002703 0.022867 0.000010 0.000010 0.062014 0.000010 0.000010 0.000010
