0.464584 0.000010 0.478777 0.000010 0.040980 0.000010 0.015629
0.231406 0.000010 0.755031 0.000010 0.001329 0.012203 0.000010
0.413607 0.008122 0.455020 0.010223 0.000010 0.016694 0.096325
0.000010 0.000010 0.052105 0.000010 0.911950 0.010615 0.025300
0.284968 0.011195 0.593729 0.002698 0.000010 0.068382 0.039018
0.770728 0.000010 0.168222 0.000010 0.001922 0.059098 0.000010
0.257632 0.000010 0.089579 0.000010 0.400347 0.000010 0.252413
0.957014 0.000010 0.042936 0.000010 0.000010 0.000010 0.000010
0.114550 0.000010 0.771338 0.000010 0.035586 0.078496 0.000010
0.935262 0.000010 0.041233 0.000010 0.000010 0.023465 0.000010
0.743925 0.000010 0.219343 0.000010 0.000010 0.000010 0.036692
0.361554 0.010642 0.610999 0.000010 0.000010 0.016776 0.000010
0.000010 0.000010 0.479291 0.001109 0.119991 0.368000 0.031589
0.000010 0.000010 0.405154 0.000010 0.476786 0.063389 0.054641
0.961628 0.000010 0.021921 0.000010 0.004503 0.011919 0.000010
0.365667 0.001986 0.541674 0.000010 0.002466 0.065013 0.023183
0.735326 0.000010 0.208992 0.000010 0.030121 0.025531 0.000010
0.461699 0.000010 0.066773 0.000010 0.281532 0.000010 0.189966
0.413183 0.000010 0.000010 0.000010 0.000010 0.556110 0.030667
0.000010 0.993764 0.000010 0.006186 0.000010 0.000010 0.000010
0.018724 0.981226 0.000010 0.000010 0.000010 0.000010 0.000010
0.000010 0.996228 0.000010 0.003722 0.000010 0.000010 0.000010
0.041274 0.958676 0.000010 0.000010 0.000010 0.000010 0.000010
0.048203 0.024861 0.083549 0.000010 0.726614 0.100471 0.016292
0.147869 0.000010 0.000010 0.000010 0.000010 0.852081 0.000010
0.010280 0.972329 0.000010 0.016356 0.001005 0.000010 0.000010
0.100908 0.000010 0.832980 0.000010 0.012363 0.000010 0.053718
0.000010 0.999940 0.000010 0.000010 0.000010 0.000010 0.000010
0.094325 0.000010 0.784316 0.013404 0.028672 0.067114 0.012159
0.066456 0.000010 0.873695 0.021262 0.036629 0.001938 0.000010
0.005507 0.000010 0.975806 0.000010 0.000010 0.018647 0.000010
0.073855 0.000010 0.797321 0.000010 0.000010 0.128783 0.000010
0.027796 0.000010 0.314182 0.036407 0.190834 0.415671 0.015101
0.018198 0.013148 0.528983 0.017315 0.063351 0.358995 0.000010
0.200472 0.027942 0.722053 0.000010 0.000010 0.047717 0.001796
0.305413 0.000010 0.246141 0.003662 0.373915 0.070849 0.000010
0.377985 0.000010 0.095724 0.000010 0.429655 0.096606 0.000010
0.000010 0.000010 0.000010 0.999940 0.000010 0.000010 0.000010
0.030100 0.000010 0.803035 0.000010 0.032845 0.133991 0.000010
0.046554 0.014053 0.811184 0.000010 0.000010 0.121277 0.006912
0.999940 0.000010 0.000010 0.000010 0.000010 0.000010 0.000010
0.212929 0.000010 0.619771 0.000010 0.022117 0.145153 0.000010
0.757183 0.000010 0.206896 0.000010 0.000010 0.000010 0.035881
0.842436 0.000010 0.116277 0.000010 0.027177 0.001922 0.012168
0.000010 0.000010 0.388920 0.000010 0.000010 0.611030 0.000010
0.000010 0.703317 0.000010 0.296633 0.000010 0.000010 0.000010
0.000010 0.702559 0.010937 0.286464 0.000010 0.000010 0.000010
0.006374 0.331783 0.205728 0.174758 0.028408 0.252939 0.000010
0.044732 0.023239 0.432007 0.029128 0.038369 0.359837 0.072689
0.054012 0.056802 0.496074 0.000010 0.046732 0.346360 0.000010
0.000010 0.000010 0.000010 0.000010 0.000010 0.000010 0.999940
0.016895 0.091304 0.431850 0.002609 0.023703 0.393583 0.040057
0.000010 0.000010 0.000010 0.000010 0.000010 0.000010 0.999940
0.058125 0.000010 0.501695 0.032192 0.000399 0.406289 0.001290
0.000010 0.000790 0.443721 0.032451 0.034800 0.471112 0.017116
0.000010 0.000010 0.999940 0.000010 0.000010 0.000010 0.000010
0.900899 0.000010 0.099051 0.000010 0.000010 0.000010 0.000010
0.007075 0.000010 0.815695 0.000010 0.038266 0.138934 0.000010
0.053416 0.000010 0.812372 0.000010 0.001420 0.077142 0.055630
0.712312 0.000010 0.113659 0.000010 0.035658 0.002231 0.136120
0.000010 0.000010 0.913449 0.000010 0.000010 0.040709 0.045802
0.081654 0.000010 0.781779 0.004415 0.018756 0.079828 0.033558
0.457998 0.003719 0.416106 0.000010 0.000010 0.094935 0.027222
0.017390 0.000010 0.938347 0.000010 0.037150 0.000338 0.006754
0.100547 0.000010 0.702788 0.000010 0.030394 0.166241 0.000010
0.248597 0.015932 0.195422 0.024210 0.236294 0.236721 0.042824
0.000010 0.000010 0.000010 0.681512 0.318438 0.000010 0.000010
0.000014 0.000010 0.268673 0.011659 0.699429 0.020205 0.000010
0.918998 0.000010 0.080952 0.000010 0.000010 0.000010 0.000010
0.006322 0.000010 0.513650 0.000010 0.057050 0.422947 0.000010
0.067920 0.017853 0.423093 0.000010 0.038845 0.388980 0.063298
0.116781 0.000010 0.311705 0.000010 0.018779 0.510137 0.042577
0.111306 0.000010 0.865812 0.000010 0.000010 0.000010 0.022842
0.057740 0.000010 0.836279 0.000010 0.021110 0.043610 0.041242
0.131087 0.000010 0.788187 0.000010 0.001021 0.079674 0.000010
0.012035 0.000010 0.818858 0.000010 0.000010 0.169068 0.000010
0.000010 0.000010 0.881198 0.000010 0.039706 0.079055 0.000010
0.083448 0.000012 0.749579 0.007631 0.000010 0.119232 0.040089
0.000010 0.000010 0.000010 0.999940 0.000010 0.000010 0.000010
0.074879 0.000010 0.794332 0.000010 0.026093 0.070750 0.033926
0.052341 0.000010 0.803518 0.000010 0.000010 0.103831 0.040279
0.729696 0.000010 0.265315 0.000010 0.000353 0.000010 0.004605
0.747529 0.000010 0.195598 0.000010 0.028324 0.028519 0.000010
0.045328 0.037407 0.916809 0.000010 0.000010 0.000010 0.000426
0.741739 0.000010 0.048617 0.000010 0.047897 0.000010 0.161716
0.000010 0.000010 0.000010 0.999940 0.000010 0.000010 0.000010
0.000010 0.802626 0.081795 0.017293 0.000010 0.043163 0.055103
0.707564 0.000010 0.242079 0.000010 0.024016 0.023475 0.002846
0.207862 0.006914 0.650080 0.000010 0.045773 0.089351 0.000010
0.000010 0.842558 0.000010 0.033552 0.011657 0.015654 0.096559
0.000013 0.843485 0.152070 0.000010 0.004402 0.000010 0.000010
0.004302 0.799477 0.113250 0.059980 0.009452 0.000010 0.013529
0.001598 0.871976 0.079967 0.026786 0.000010 0.019653 0.000010
0.000010 0.826523 0.015690 0.061829 0.000010 0.076113 0.019826
0.166678 0.258872 0.446764 0.000782 0.046309 0.006664 0.073931
0.031243 0.000010 0.000010 0.000010 0.000010 0.968707 0.000010
0.053789 0.000010 0.103879 0.000010 0.004925 0.837377 0.000010
0.391658 0.017441 0.468071 0.000010 0.010679 0.084662 0.027479
0.863359 0.017627 0.083450 0.000010 0.035534 0.000010 0.000010
0.040607 0.000010 0.049654 0.000010 0.000010 0.909699 0.000010
0.085906 0.000010 0.914044 0.000010 0.000010 0.000010 0.000010
0.000010 0.016036 0.206970 0.000010 0.003534 0.758615 0.014825
0.277936 0.000010 0.703550 0.000010 0.000010 0.000010 0.018474
0.000010 0.000010 0.000010 0.000010 0.999940 0.000010 0.000010
0.830195 0.000010 0.128442 0.000010 0.005540 0.035793 0.000010
0.043953 0.000010 0.022478 0.000010 0.441531 0.492008 0.000010
0.664534 0.000010 0.260799 0.000010 0.023752 0.000010 0.050885
0.112693 0.000010 0.810871 0.000010 0.019591 0.033161 0.023664
0.275386 0.000010 0.659650 0.000010 0.025299 0.039635 0.000010
0.898519 0.000010 0.101431 0.000010 0.000010 0.000010 0.000010
0.037095 0.070958 0.155319 0.025392 0.000010 0.384771 0.326455
0.616946 0.000010 0.364439 0.000010 0.000010 0.018575 0.000010
0.819498 0.000010 0.166387 0.005778 0.000010 0.000010 0.008307
0.943295 0.000010 0.046779 0.000010 0.000010 0.009886 0.000010
0.169631 0.000010 0.806600 0.012000 0.000010 0.011739 0.000010
0.674166 0.000010 0.240847 0.000010 0.036274 0.036798 0.011894
0.000010 0.000013 0.000010 0.000010 0.999937 0.000010 0.000010
0.000010 0.000015 0.000013 0.000010 0.999933 0.000010 0.000010
0.853501 0.000010 0.146329 0.000010 0.000130 0.000010 0.000010
0.000010 0.000010 0.000010 0.000010 0.999940 0.000010 0.000010
0.834258 0.007558 0.050653 0.000010 0.016591 0.021701 0.069231
0.999940 0.000010 0.000010 0.000010 0.000010 0.000010 0.000010
0.000013 0.000010 0.000010 0.000010 0.999937 0.000010 0.000010
0.000010 0.000010 0.000010 0.000010 0.999940 0.000010 0.000010
0.000010 0.000010 0.000010 0.000010 0.999940 0.000010 0.000010
0.000010 0.000010 0.000010 0.000010 0.999940 0.000010 0.000010
0.000010 0.001111 0.092169 0.000010 0.855687 0.051003 0.000010
0.235747 0.010223 0.701292 0.000010 0.010820 0.039029 0.002879
0.162635 0.000010 0.816320 0.000010 0.021005 0.000010 0.000010
0.000010 0.000010 0.000010 0.000010 0.999940 0.000010 0.000010
0.457751 0.000010 0.143281 0.000010 0.170966 0.000010 0.227972
0.789832 0.000010 0.181761 0.000010 0.028367 0.000010 0.000010
0.000010 0.000010 0.000010 0.000010 0.999940 0.000010 0.000010
0.003341 0.000010 0.000010 0.000010 0.958076 0.004102 0.034452
0.000010 0.000010 0.000010 0.000010 0.999940 0.000010 0.000010
0.176048 0.000010 0.729205 0.021268 0.000643 0.031359 0.041466
0.179840 0.000010 0.820110 0.000010 0.000010 0.000010 0.000010
0.198037 0.000010 0.801913 0.000010 0.000010 0.000010 0.000010
0.092444 0.000010 0.900215 0.000010 0.007301 0.000010 0.000010
0.044269 0.000010 0.000010 0.000010 0.904003 0.051689 0.000010
0.000010 0.000010 0.000010 0.574979 0.424971 0.000010 0.000010
0.000010 0.000010 0.000010 0.000010 0.999940 0.000010 0.000010
0.000010 0.000011 0.000016 0.000010 0.999933 0.000010 0.000010
0.000013 0.000010 0.000018 0.000010 0.999929 0.000010 0.000010
0.000010 0.000013 0.000010 0.000010 0.999937 0.000010 0.000010
0.000010 0.000013 0.000010 0.000010 0.999937 0.000010 0.000010
0.000010 0.000010 0.000010 0.000010 0.999940 0.000010 0.000010
0.233846 0.000012 0.701426 0.015728 0.006117 0.042861 0.000010
0.000014 0.000010 0.000011 0.000010 0.999935 0.000010 0.000010
0.000010 0.031992 0.035267 0.000010 0.891280 0.018571 0.022870
0.938837 0.000010 0.058216 0.000010 0.000010 0.000010 0.002907
0.007779 0.012497 0.005969 0.000010 0.845621 0.105752 0.022372
0.135280 0.000010 0.101546 0.000010 0.567739 0.000010 0.195405
0.000010 0.000010 0.000010 0.000010 0.999940 0.000010 0.000010
0.000010 0.000010 0.000010 0.000010 0.999940 0.000010 0.000010
0.000010 0.000010 0.000010 0.000010 0.999940 0.000010 0.000010
0.000010 0.000010 0.000010 0.000010 0.999940 0.000010 0.000010
0.000015 0.004494 0.007027 0.000010 0.980228 0.000010 0.008216
0.000010 0.000010 0.000010 0.000010 0.999940 0.000010 0.000010
0.020227 0.000010 0.979723 0.000010 0.000010 0.000010 0.000010
0.000010 0.734205 0.000010 0.000010 0.034872 0.230883 0.000010
0.000010 0.695489 0.000010 0.000010 0.035028 0.269443 0.000010
0.000010 0.722480 0.000010 0.000010 0.034271 0.243208 0.000010
0.000010 0.000010 0.000010 0.000010 0.999940 0.000010 0.000010
0.000010 0.000010 0.000010 0.000010 0.999940 0.000010 0.000010
0.000010 0.704581 0.000010 0.000010 0.020397 0.274981 0.000010
0.000010 0.705328 0.000010 0.000010 0.046163 0.248469 0.000010
0.004359 0.729877 0.000010 0.000010 0.041239 0.224495 0.000010
0.000010 0.000010 0.000010 0.000010 0.999940 0.000010 0.000010
0.000010 0.000010 0.000010 0.000010 0.999940 0.000010 0.000010
0.000010 0.000010 0.000010 0.000010 0.000010 0.202972 0.796978
0.000010 0.000010 0.000010 0.000010 0.999940 0.000010 0.000010
0.260931 0.000010 0.000010 0.000010 0.000010 0.739019 0.000010
0.000010 0.000010 0.000010 0.195928 0.559561 0.244471 0.000010
0.000010 0.000010 0.000010 0.221604 0.558229 0.220126 0.000010
0.661438 0.000010 0.236363 0.000010 0.000010 0.040744 0.061425
0.000010 0.000010 0.000010 0.227789 0.539708 0.232463 0.000010
0.000010 0.919904 0.061009 0.000010 0.010858 0.008199 0.000010
0.021619 0.122883 0.333304 0.000010 0.011548 0.445411 0.065225
0.437274 0.000010 0.251741 0.011675 0.081293 0.000010 0.217996
0.047191 0.459771 0.074429 0.010693 0.047656 0.360250 0.000010
0.061134 0.000010 0.169790 0.000010 0.342635 0.000010 0.426411
0.017897 0.000010 0.134675 0.000010 0.368099 0.000010 0.479299
0.903587 0.000010 0.085195 0.000010 0.000010 0.000010 0.011178
0.000010 0.006246 0.118492 0.000010 0.685871 0.139111 0.050260
0.423363 0.003289 0.538601 0.020768 0.004806 0.000010 0.009163
0.800280 0.000010 0.093478 0.000010 0.076499 0.000010 0.029713
0.407656 0.000010 0.060433 0.000010 0.321158 0.000010 0.210724
0.036454 0.000010 0.433948 0.000010 0.000010 0.529558 0.000010
0.490418 0.000010 0.447459 0.000010 0.060098 0.000010 0.001995
0.127302 0.000010 0.769600 0.000010 0.003044 0.100024 0.000010
0.000010 0.532614 0.005312 0.000010 0.023773 0.438271 0.000010
0.000010 0.002629 0.019710 0.000010 0.888482 0.005192 0.083967
0.000010 0.557967 0.000010 0.000010 0.029212 0.412781 0.000010
0.000010 0.701821 0.000010 0.000010 0.036404 0.261735 0.000010
0.494969 0.006974 0.473756 0.000010 0.000010 0.000010 0.024272
0.693392 0.000010 0.300378 0.000010 0.000010 0.003864 0.002337
0.000010 0.681627 0.000010 0.000010 0.000010 0.000010 0.318323
0.604836 0.039816 0.276577 0.000010 0.016951 0.042265 0.019544
0.812222 0.009178 0.132189 0.000010 0.000010 0.046380 0.000010
0.890837 0.000010 0.098763 0.010360 0.000010 0.000010 0.000010
0.063091 0.118164 0.413632 0.000010 0.000010 0.368412 0.036680
0.000010 0.011610 0.000010 0.000010 0.000010 0.970756 0.017594
0.512663 0.000010 0.398719 0.000010 0.011778 0.059527 0.017293
0.000010 0.728156 0.000010 0.000010 0.040483 0.231321 0.000010
0.073987 0.045186 0.829855 0.000010 0.000010 0.050942 0.000010
0.565725 0.000010 0.225586 0.000010 0.078448 0.000010 0.130211
0.000010 0.445651 0.129388 0.051685 0.109318 0.263937 0.000010
0.159438 0.022601 0.762574 0.011253 0.000010 0.010145 0.033980
0.000010 0.000010 0.000010 0.000010 0.999940 0.000010 0.000010
0.615994 0.000010 0.305788 0.000010 0.030525 0.009965 0.037707
0.625611 0.000010 0.309519 0.000010 0.026937 0.000010 0.037903
0.606033 0.028210 0.288862 0.000010 0.021992 0.032985 0.021907
0.852240 0.000010 0.058205 0.000010 0.001020 0.088506 0.000010
0.274368 0.000010 0.262874 0.000010 0.084757 0.003582 0.374399
0.168503 0.004776 0.594807 0.010188 0.061292 0.090058 0.070377
0.928812 0.000010 0.010607 0.000010 0.000010 0.000010 0.060541
0.992845 0.000010 0.000010 0.000010 0.007105 0.000010 0.000010
0.131536 0.013302 0.744227 0.000010 0.035572 0.057360 0.017995
0.774193 0.000010 0.036663 0.000010 0.119371 0.000010 0.069742
0.051505 0.015452 0.779895 0.000010 0.071132 0.000010 0.081996
0.746810 0.010882 0.167760 0.000010 0.052917 0.000010 0.021610
0.766648 0.000010 0.204831 0.000010 0.005069 0.000010 0.023423
0.041854 0.090776 0.843508 0.000010 0.000010 0.000010 0.023832
0.917344 0.000010 0.045058 0.000010 0.005688 0.027034 0.004856
0.314733 0.000010 0.088026 0.000010 0.340312 0.043290 0.213619
0.893214 0.000010 0.076322 0.000010 0.030424 0.000010 0.000010
0.418703 0.000010 0.068853 0.000010 0.321984 0.000010 0.190430
0.608108 0.000010 0.353102 0.000010 0.019693 0.019067 0.000010
0.831387 0.000010 0.046398 0.000010 0.041404 0.000010 0.080781
0.742447 0.000010 0.218447 0.000010 0.010828 0.028247 0.000010
0.041638 0.000010 0.105839 0.000010 0.305549 0.000010 0.546945
0.196982 0.000010 0.253882 0.000010 0.000014 0.000010 0.549091
0.000010 0.000010 0.000010 0.000010 0.000010 0.000010 0.999940
0.078346 0.000010 0.000010 0.000010 0.160539 0.000010 0.761075
0.028862 0.000010 0.083459 0.000010 0.243723 0.000010 0.643927
0.168613 0.000010 0.210127 0.000010 0.017234 0.000010 0.603996
0.118920 0.039724 0.127783 0.000010 0.000055 0.336272 0.377236
0.137596 0.000010 0.270334 0.000010 0.186940 0.000010 0.405100
0.000010 0.000010 0.000010 0.000010 0.000010 0.000010 0.999940
0.467305 0.005693 0.404669 0.000010 0.011704 0.101391 0.009228
0.239616 0.000010 0.216391 0.000010 0.000010 0.000010 0.543954
0.000010 0.000010 0.000010 0.000010 0.000010 0.000010 0.999940
0.007612 0.064438 0.000010 0.000010 0.000010 0.911707 0.016214
0.012802 0.465313 0.107107 0.012469 0.048864 0.353434 0.000010
0.000010 0.460325 0.039037 0.033063 0.089083 0.378473 0.000010
0.000010 0.000010 0.000010 0.000010 0.000010 0.970941 0.029009
0.310790 0.000010 0.067475 0.000010 0.000010 0.000010 0.621695
0.140339 0.000010 0.174375 0.000010 0.025827 0.000010 0.659429
0.000010 0.000010 0.000010 0.000010 0.000010 0.000010 0.999940
0.000010 0.142904 0.069607 0.154201 0.138730 0.494538 0.000010
0.000010 0.000010 0.000010 0.119470 0.283307 0.597183 0.000010
0.000010 0.795247 0.023740 0.048785 0.001187 0.025495 0.105536
0.214062 0.000010 0.263638 0.000010 0.017877 0.000010 0.504393
0.943956 0.000010 0.023452 0.005538 0.015051 0.006831 0.005163
0.803618 0.000010 0.178369 0.000010 0.000010 0.017974 0.000010
0.000010 0.000010 0.937503 0.000010 0.000010 0.062447 0.000010
0.030214 0.007627 0.940068 0.000961 0.000010 0.021110 0.000010
0.926516 0.000010 0.026405 0.000010 0.015038 0.000010 0.032010
0.223575 0.000010 0.133395 0.000010 0.378968 0.000010 0.264031
0.272018 0.000010 0.443529 0.000010 0.145293 0.000010 0.139131
0.450387 0.000010 0.336175 0.000010 0.053406 0.049838 0.110173
0.000010 0.000010 0.000010 0.999940 0.000010 0.000010 0.000010
0.693513 0.000010 0.257377 0.000010 0.016614 0.007162 0.025314
0.948417 0.000010 0.000341 0.000010 0.002547 0.000010 0.048665
0.516214 0.010747 0.365501 0.000010 0.026075 0.013578 0.067874
0.711280 0.000010 0.225582 0.000010 0.005464 0.057643 0.000010
0.574715 0.000010 0.377302 0.000010 0.039952 0.000010 0.008000
0.429333 0.000010 0.541252 0.000010 0.005816 0.000010 0.023569
0.000010 0.000010 0.000010 0.000010 0.000010 0.000010 0.999940
0.624280 0.000010 0.339010 0.000010 0.006230 0.000010 0.030450
0.717516 0.000010 0.261053 0.000010 0.011205 0.000010 0.010196
0.693205 0.000010 0.244685 0.000010 0.000010 0.062070 0.000010
0.249920 0.000010 0.648367 0.012210 0.033289 0.000010 0.056194
0.971410 0.000010 0.000010 0.000010 0.000010 0.027899 0.000651
0.296776 0.000010 0.000010 0.000010 0.000010 0.703174 0.000010
0.125119 0.000010 0.784775 0.000010 0.042589 0.047487 0.000010
0.151825 0.000010 0.691859 0.000010 0.005887 0.150399 0.000010
0.092789 0.000010 0.790420 0.000010 0.033995 0.049302 0.033474
0.255146 0.000010 0.744649 0.000010 0.000010 0.000010 0.000165
0.908276 0.000010 0.091674 0.000010 0.000010 0.000010 0.000010
0.817353 0.000010 0.125731 0.000010 0.017416 0.039471 0.000010
0.785479 0.000010 0.187869 0.000010 0.000010 0.026612 0.000010
0.896310 0.000010 0.103640 0.000010 0.000010 0.000010 0.000010
0.233079 0.000010 0.596403 0.000010 0.032140 0.138348 0.000010
0.045234 0.000010 0.370252 0.000010 0.490316 0.000010 0.094168
0.530802 0.000010 0.259559 0.000010 0.058817 0.027609 0.123193
0.498787 0.000010 0.162729 0.000010 0.143891 0.001606 0.192967
0.056815 0.000010 0.943135 0.000010 0.000010 0.000010 0.000010
0.912395 0.000010 0.083166 0.000010 0.004399 0.000010 0.000010
0.118547 0.025256 0.752701 0.000010 0.000010 0.036112 0.067365
0.811084 0.000010 0.170836 0.000010 0.006283 0.000010 0.011767
0.999940 0.000010 0.000010 0.000010 0.000010 0.000010 0.000010
0.774736 0.000010 0.102691 0.000010 0.000010 0.122533 0.000010
0.118127 0.000010 0.778945 0.000010 0.033706 0.054703 0.014499
0.999940 0.000010 0.000010 0.000010 0.000010 0.000010 0.000010
0.000010 0.000010 0.998777 0.000010 0.000010 0.000010 0.001173
0.008957 0.013222 0.944965 0.000010 0.000010 0.000010 0.032825
0.000010 0.000010 0.957527 0.000010 0.000010 0.042423 0.000010
0.000010 0.016455 0.884829 0.000010 0.000010 0.098675 0.000010
0.000010 0.000010 0.937188 0.000010 0.000010 0.024624 0.038148
0.000010 0.000010 0.113793 0.000010 0.840682 0.017326 0.028169
0.577840 0.000010 0.314914 0.001977 0.005771 0.033352 0.066137
0.957548 0.000010 0.000010 0.000010 0.002853 0.000010 0.039559
0.797206 0.000010 0.193137 0.000010 0.000010 0.009617 0.000010
0.717557 0.000010 0.151997 0.000010 0.012429 0.078588 0.039409
0.995350 0.000010 0.000010 0.000010 0.000010 0.000010 0.004600
0.008049 0.000010 0.991901 0.000010 0.000010 0.000010 0.000010
0.957291 0.000010 0.000010 0.000010 0.006697 0.035972 0.000010
0.163830 0.000010 0.811011 0.000010 0.006760 0.000010 0.018369
0.000010 0.000010 0.000010 0.000010 0.999940 0.000010 0.000010
0.012109 0.000010 0.437031 0.000010 0.000010 0.550819 0.000010
0.135384 0.000010 0.804023 0.000010 0.010059 0.050504 0.000010
0.359274 0.000010 0.640676 0.000010 0.000010 0.000010 0.000010
0.053866 0.000010 0.749289 0.000010 0.003339 0.183225 0.010261
0.000010 0.044355 0.837303 0.000010 0.000010 0.094409 0.023903
0.098524 0.000010 0.760391 0.000010 0.017252 0.123803 0.000010
0.000010 0.000010 0.999940 0.000010 0.000010 0.000010 0.000010
0.189693 0.004220 0.713926 0.000010 0.002445 0.089696 0.000010
0.047515 0.000010 0.841801 0.005853 0.022397 0.045378 0.037046
0.803066 0.000010 0.107026 0.000010 0.039622 0.044109 0.006158
0.069980 0.000015 0.856734 0.000010 0.000010 0.000010 0.073241
0.012050 0.000010 0.940878 0.000010 0.000010 0.047032 0.000010
0.081910 0.000010 0.832389 0.000010 0.000010 0.047263 0.038409
0.595519 0.004353 0.356773 0.000010 0.000010 0.017250 0.026085
0.999940 0.000010 0.000010 0.000010 0.000010 0.000010 0.000010
0.048829 0.000010 0.878330 0.000010 0.027963 0.044848 0.000010
0.013118 0.000010 0.000010 0.000010 0.919952 0.066890 0.000010
0.953980 0.007281 0.000010 0.000010 0.000010 0.038699 0.000010
0.999940 0.000010 0.000010 0.000010 0.000010 0.000010 0.000010
0.079463 0.000010 0.843174 0.000010 0.000010 0.077323 0.000010
0.479899 0.028422 0.380557 0.000010 0.000010 0.111091 0.000010
0.227021 0.000010 0.772929 0.000010 0.000010 0.000010 0.000010
0.025664 0.000010 0.963681 0.000010 0.010615 0.000010 0.000010
0.999940 0.000010 0.000010 0.000010 0.000010 0.000010 0.000010
0.992610 0.000010 0.000010 0.000010 0.007340 0.000010 0.000010
0.518744 0.000010 0.453571 0.000010 0.000010 0.024586 0.003069
0.588174 0.000010 0.396429 0.000010 0.008458 0.000010 0.006908
0.000010 0.000010 0.000010 0.999940 0.000010 0.000010 0.000010
0.050227 0.000010 0.836480 0.000010 0.000010 0.104310 0.008953
0.911619 0.000010 0.032360 0.000010 0.024653 0.001120 0.030228
0.000010 0.000010 0.000010 0.999940 0.000010 0.000010 0.000010
0.001077 0.000010 0.535497 0.000010 0.463386 0.000010 0.000010
0.000010 0.000010 0.000010 0.117569 0.297298 0.585093 0.000010
0.673546 0.000010 0.225500 0.000010 0.039174 0.048098 0.013662
0.537175 0.000010 0.389107 0.000010 0.000010 0.073677 0.000010
0.753836 0.000010 0.172961 0.000010 0.050498 0.022675 0.000010
0.301029 0.000010 0.571528 0.000010 0.016137 0.087670 0.023616
0.986672 0.000010 0.000010 0.000010 0.013278 0.000010 0.000010
0.999940 0.000010 0.000010 0.000010 0.000010 0.000010 0.000010
0.122694 0.000010 0.864440 0.000010 0.004707 0.000010 0.008130
0.682735 0.015934 0.273927 0.000010 0.000010 0.027373 0.000010
0.563941 0.000010 0.343371 0.000010 0.046111 0.046547 0.000010
0.350764 0.000010 0.483544 0.000010 0.000010 0.086241 0.079421
0.709245 0.000010 0.248663 0.000010 0.006046 0.036015 0.000010
0.795854 0.000010 0.181584 0.000010 0.021695 0.000010 0.000837
0.759453 0.000010 0.188189 0.000010 0.010166 0.000010 0.042162
0.835117 0.000010 0.151630 0.000010 0.013213 0.000010 0.000010
0.999940 0.000010 0.000010 0.000010 0.000010 0.000010 0.000010
0.938993 0.000010 0.020370 0.000010 0.008061 0.026950 0.005606
0.170019 0.000010 0.729175 0.000010 0.023170 0.035261 0.042355
0.463412 0.000010 0.321973 0.008868 0.044604 0.061621 0.099512
0.000010 0.015385 0.975143 0.000010 0.000010 0.009431 0.000010
0.999940 0.000010 0.000010 0.000010 0.000010 0.000010 0.000010
0.187435 0.000010 0.739450 0.007844 0.018306 0.000010 0.046944
0.668360 0.000010 0.060252 0.000010 0.039499 0.169424 0.062444
0.569951 0.009117 0.358558 0.000010 0.027887 0.000010 0.034468
0.081537 0.000010 0.798148 0.000010 0.003054 0.078253 0.038988
0.759310 0.000010 0.223527 0.000010 0.001427 0.013803 0.001912
0.143441 0.000010 0.804984 0.000010 0.000010 0.000010 0.051534
0.000010 0.000011 0.947348 0.000010 0.001482 0.051129 0.000010
0.096572 0.000010 0.845235 0.000010 0.011156 0.047007 0.000010
0.319772 0.004421 0.370248 0.000010 0.000010 0.276603 0.028935
0.031951 0.000010 0.852522 0.000010 0.000010 0.097925 0.017572
0.005455 0.121945 0.291732 0.000010 0.000010 0.501834 0.079014
0.143320 0.000010 0.837683 0.000010 0.018957 0.000010 0.000010
0.664104 0.000010 0.311820 0.000010 0.000010 0.000010 0.024036
0.944478 0.000010 0.030709 0.000010 0.000011 0.024773 0.000010
0.803058 0.000010 0.030522 0.000010 0.005313 0.143883 0.017204
0.912578 0.000010 0.028859 0.000010 0.000010 0.058523 0.000010
0.023881 0.000010 0.879692 0.002707 0.000010 0.093690 0.000010
0.428985 0.014149 0.242084 0.000010 0.000010 0.255117 0.059646
0.621749 0.000010 0.294033 0.000010 0.000010 0.036240 0.047948
0.223020 0.000010 0.000010 0.776930 0.000010 0.000010 0.000010
0.783521 0.003175 0.208061 0.000010 0.004145 0.000010 0.001078
0.832201 0.000010 0.155637 0.000010 0.001477 0.010655 0.000010
0.000010 0.000010 0.000010 0.000010 0.999940 0.000010 0.000010
0.000010 0.000010 0.000010 0.000010 0.999940 0.000010 0.000010
0.174811 0.000010 0.796748 0.000010 0.000010 0.026849 0.001562
0.197975 0.000010 0.801975 0.000010 0.000010 0.000010 0.000010
0.333996 0.000010 0.623271 0.000010 0.000010 0.029880 0.012823
0.331157 0.000010 0.606794 0.000010 0.001703 0.060317 0.000010
0.000010 0.000010 0.000010 0.000010 0.999940 0.000010 0.000010
0.000010 0.000010 0.000010 0.000010 0.999940 0.000010 0.000010
0.040862 0.000010 0.920134 0.000010 0.000010 0.038964 0.000010
0.034250 0.000010 0.916884 0.000010 0.000010 0.048826 0.000010
0.000010 0.000010 0.000010 0.000010 0.999940 0.000010 0.000010
0.000010 0.000010 0.000010 0.000010 0.999940 0.000010 0.000010
0.000010 0.000010 0.000010 0.000010 0.999940 0.000010 0.000010
0.010020 0.000010 0.852935 0.022129 0.000010 0.114886 0.000010
0.000010 0.000010 0.984625 0.000010 0.000010 0.015325 0.000010
0.205691 0.090118 0.234236 0.013703 0.117399 0.318535 0.020318
0.073610 0.036050 0.816472 0.000010 0.005820 0.068028 0.000010
0.000010 0.225730 0.067765 0.000849 0.146378 0.559258 0.000010
0.001401 0.042339 0.920047 0.000010 0.015942 0.020251 0.000010
0.000010 0.000012 0.000010 0.000010 0.999932 0.000016 0.000010
0.048728 0.000010 0.916023 0.000010 0.000010 0.000010 0.035208
0.211241 0.000010 0.673827 0.000010 0.004704 0.110198 0.000010
0.077878 0.000010 0.293375 0.000010 0.544312 0.000010 0.084405
0.030107 0.000010 0.055454 0.000010 0.908956 0.005454 0.000010
0.080638 0.000010 0.876586 0.000010 0.000010 0.042736 0.000010
0.000010 0.000010 0.000010 0.000010 0.999940 0.000010 0.000010
0.000010 0.000010 0.000010 0.000010 0.999940 0.000010 0.000010
0.000010 0.000010 0.000010 0.000010 0.999940 0.000010 0.000010
0.000010 0.000010 0.000010 0.000010 0.999940 0.000010 0.000010
0.000010 0.000010 0.000010 0.000010 0.999940 0.000010 0.000010
0.619642 0.000010 0.260685 0.000010 0.000010 0.021452 0.098192
0.558574 0.001989 0.101944 0.000010 0.113194 0.000010 0.224278
0.531250 0.000010 0.142584 0.000010 0.119548 0.000010 0.206588
0.000010 0.000010 0.000010 0.000010 0.999940 0.000010 0.000010
0.000010 0.000010 0.000010 0.148563 0.403484 0.447914 0.000010
0.413859 0.019825 0.512114 0.000010 0.054173 0.000010 0.000010
0.838547 0.000010 0.161403 0.000010 0.000010 0.000010 0.000010
0.569959 0.000010 0.319566 0.000010 0.047499 0.022311 0.040645
0.228597 0.000010 0.771351 0.000010 0.000013 0.000010 0.000010
0.230479 0.000010 0.769471 0.000010 0.000010 0.000010 0.000010
0.765833 0.000010 0.178709 0.000419 0.004006 0.019688 0.031334
0.212563 0.000010 0.787387 0.000010 0.000010 0.000010 0.000010
0.321839 0.000010 0.483744 0.000010 0.028555 0.000010 0.165832
0.780864 0.000010 0.133296 0.000010 0.019283 0.037400 0.029137
0.687308 0.000010 0.144616 0.004104 0.007607 0.125370 0.030985
0.285148 0.000010 0.712890 0.000010 0.000010 0.000010 0.001923
0.761659 0.000373 0.194678 0.000010 0.016312 0.006127 0.020840
0.290259 0.000010 0.202997 0.000010 0.037240 0.000010 0.469474
0.002717 0.176387 0.000010 0.000010 0.000010 0.820856 0.000010
0.155968 0.051692 0.650122 0.000010 0.024540 0.117657 0.000010
0.430441 0.000010 0.534524 0.000010 0.007332 0.027673 0.000010
0.462812 0.000010 0.398084 0.000010 0.015146 0.115080 0.008858
0.898680 0.006881 0.014175 0.000010 0.000468 0.034258 0.045528
0.046138 0.517406 0.009579 0.000010 0.019138 0.407719 0.000010
0.026312 0.119544 0.287043 0.000793 0.138187 0.425179 0.002942
0.639950 0.000012 0.330511 0.000010 0.010658 0.000010 0.018850
0.725016 0.000010 0.169092 0.000010 0.000010 0.063780 0.042082
0.527362 0.000010 0.077194 0.000010 0.395403 0.000011 0.000010
0.529107 0.000747 0.409428 0.000010 0.006485 0.013886 0.040337
0.021116 0.056852 0.065993 0.000010 0.730520 0.125499 0.000010
0.501064 0.000010 0.497812 0.000010 0.001084 0.000010 0.000010
0.051874 0.033657 0.295711 0.002613 0.075076 0.529362 0.011707
0.880443 0.000010 0.083162 0.000010 0.000010 0.006090 0.030274
0.999940 0.000010 0.000010 0.000010 0.000010 0.000010 0.000010
0.888642 0.000012 0.075088 0.000010 0.000010 0.036229 0.000010
0.818549 0.000010 0.115427 0.000010 0.000010 0.005769 0.060225
0.010078 0.641879 0.181437 0.127088 0.000010 0.039499 0.000010
0.000010 0.000010 0.932911 0.000010 0.000010 0.067039 0.000010
0.033413 0.000010 0.067867 0.000010 0.000010 0.871205 0.027485
0.141075 0.000010 0.757919 0.000010 0.000010 0.100967 0.000010
0.417650 0.000010 0.498078 0.000010 0.000010 0.000010 0.084231
0.013380 0.000010 0.986570 0.000010 0.000010 0.000010 0.000010
0.328083 0.000010 0.531540 0.000010 0.014312 0.069460 0.056585
0.122107 0.000010 0.786518 0.000010 0.000010 0.091335 0.000010
0.039907 0.007275 0.002851 0.000010 0.000010 0.864372 0.085574
0.834390 0.000010 0.165246 0.000324 0.000010 0.000010 0.000010
0.911167 0.017256 0.071538 0.000010 0.000010 0.000010 0.000010
0.063075 0.000010 0.753562 0.000010 0.011514 0.111470 0.060358
0.968428 0.000010 0.000010 0.000010 0.000010 0.031522 0.000010
0.094737 0.000010 0.783025 0.008612 0.013254 0.097108 0.003254
0.000010 0.544039 0.085774 0.189676 0.006122 0.174369 0.000010
0.166061 0.000972 0.043170 0.000010 0.000010 0.789766 0.000010
0.005334 0.994616 0.000010 0.000010 0.000010 0.000010 0.000010
0.000010 0.586817 0.238540 0.000010 0.000010 0.174604 0.000010
0.000010 0.050358 0.235025 0.000010 0.395659 0.286556 0.032383
0.000010 0.000010 0.000010 0.999940 0.000010 0.000010 0.000010
0.000010 0.000010 0.000010 0.000010 0.999940 0.000010 0.000010
0.717449 0.000010 0.243338 0.000010 0.000010 0.039173 0.000010
0.000010 0.000010 0.884499 0.000010 0.000010 0.115451 0.000010
0.071066 0.000010 0.843875 0.000010 0.005942 0.055497 0.023600
0.055120 0.000010 0.000010 0.000010 0.884901 0.059940 0.000010
0.390612 0.028981 0.555619 0.000010 0.024758 0.000010 0.000010
0.057821 0.136509 0.379001 0.000010 0.102049 0.299952 0.024658
0.069062 0.000010 0.421071 0.000010 0.000012 0.509825 0.000010
0.055990 0.000010 0.794388 0.000010 0.022773 0.043463 0.083365
0.091017 0.000010 0.830918 0.000010 0.023519 0.004635 0.049890
0.261262 0.000010 0.514758 0.000010 0.021539 0.202411 0.000010
0.110933 0.000010 0.799513 0.000010 0.000010 0.082058 0.007466
0.000010 0.040491 0.045851 0.000010 0.760234 0.153395 0.000010
0.015205 0.056451 0.086066 0.000010 0.702347 0.139911 0.000010
0.000010 0.015851 0.120293 0.000010 0.832428 0.031397 0.000010
0.041856 0.000010 0.353417 0.000010 0.019865 0.504374 0.080469
0.000010 0.000010 0.000010 0.000010 0.000010 0.521518 0.478432
0.000010 0.639557 0.242124 0.000010 0.000010 0.118279 0.000010
0.016183 0.239060 0.086605 0.000010 0.000010 0.658121 0.000010
0.999940 0.000010 0.000010 0.000010 0.000010 0.000010 0.000010
0.744165 0.000010 0.016126 0.000010 0.126920 0.000010 0.112759
0.542465 0.000010 0.457485 0.000010 0.000010 0.000010 0.000010
0.614079 0.000010 0.216431 0.000010 0.050582 0.000010 0.118879
0.000010 0.000010 0.999940 0.000010 0.000010 0.000010 0.000010
0.952097 0.000010 0.000010 0.000010 0.008760 0.000010 0.039103
0.953218 0.000010 0.036875 0.000010 0.009867 0.000010 0.000010
0.027055 0.051147 0.038610 0.000010 0.704077 0.179091 0.000010
0.021690 0.029276 0.000010 0.000010 0.760572 0.188432 0.000010
0.987943 0.000010 0.012007 0.000010 0.000010 0.000010 0.000010
0.168979 0.000010 0.483183 0.022632 0.000010 0.264485 0.060702
0.870772 0.000010 0.009643 0.000010 0.000010 0.119545 0.000010
0.638265 0.000010 0.228413 0.000010 0.044829 0.040465 0.048008
0.105717 0.000010 0.810993 0.000010 0.009687 0.073572 0.000010
0.029995 0.000010 0.000010 0.000010 0.871224 0.098741 0.000010
0.375608 0.000010 0.116748 0.000010 0.331083 0.009427 0.167114
0.020912 0.121581 0.228420 0.035549 0.198441 0.395086 0.000010
0.747276 0.010327 0.120414 0.000010 0.056124 0.018489 0.047360
0.276627 0.000010 0.628152 0.000010 0.033861 0.022496 0.038844
0.678942 0.000010 0.213401 0.000010 0.037858 0.024730 0.045049
0.036669 0.000010 0.000010 0.000010 0.899976 0.063315 0.000010
0.883324 0.000010 0.092941 0.000010 0.000010 0.000010 0.023695
0.611317 0.000010 0.361983 0.008109 0.017496 0.000010 0.001075
0.400823 0.000010 0.492051 0.000010 0.016826 0.017329 0.072950
0.579901 0.000010 0.389177 0.007895 0.000010 0.000010 0.022998
0.041004 0.490886 0.000010 0.017970 0.037865 0.412255 0.000010
0.000010 0.000010 0.000010 0.000010 0.000010 0.983584 0.016366
0.000010 0.487687 0.010989 0.050484 0.043240 0.407580 0.000010
0.069039 0.040575 0.831755 0.000010 0.012987 0.000010 0.045625
0.123026 0.000010 0.823779 0.000010 0.000010 0.000010 0.053155
0.000010 0.000010 0.000010 0.994117 0.005833 0.000010 0.000010
0.000010 0.000010 0.000010 0.971355 0.028595 0.000010 0.000010
0.055055 0.023552 0.529993 0.001196 0.000010 0.355552 0.034642
0.000010 0.001644 0.000010 0.989681 0.008635 0.000010 0.000010
0.064840 0.409716 0.142664 0.000010 0.000010 0.325301 0.057459
0.000010 0.627915 0.203856 0.000010 0.000010 0.168190 0.000010
0.000010 0.000010 0.999940 0.000010 0.000010 0.000010 0.000010
0.136036 0.000010 0.000010 0.000010 0.000010 0.863914 0.000010
0.179859 0.000010 0.000010 0.000010 0.000010 0.820091 0.000010
0.153156 0.000010 0.000010 0.000010 0.000010 0.827705 0.019099
0.168146 0.000010 0.000010 0.000010 0.000010 0.831804 0.000010
0.143819 0.000010 0.000010 0.000010 0.000010 0.856131 0.000010
0.132585 0.000010 0.000010 0.000010 0.000010 0.867365 0.000010
0.114064 0.000010 0.000010 0.000010 0.000010 0.885886 0.000010
0.138177 0.000010 0.000010 0.000010 0.000010 0.823873 0.037910
0.000010 0.566626 0.037755 0.326987 0.000658 0.067953 0.000010
0.000010 0.584628 0.020446 0.326163 0.000010 0.018489 0.050253
0.000010 0.179977 0.000010 0.797172 0.022811 0.000010 0.000010
0.999940 0.000010 0.000010 0.000010 0.000010 0.000010 0.000010
0.000010 0.000010 0.000010 0.939130 0.060820 0.000010 0.000010
0.160198 0.000010 0.706803 0.000010 0.080621 0.000010 0.052348
0.025221 0.138149 0.000010 0.806151 0.029756 0.000703 0.000010
0.000010 0.620051 0.000010 0.309520 0.009041 0.061358 0.000010
0.000010 0.630968 0.000010 0.313302 0.015383 0.029567 0.010759
0.000010 0.628686 0.070145 0.251060 0.002323 0.034200 0.013577
0.004764 0.634577 0.000010 0.306656 0.013599 0.040384 0.000010
0.009878 0.541037 0.100952 0.344028 0.000010 0.004085 0.000010
0.000010 0.999940 0.000010 0.000010 0.000010 0.000010 0.000010
0.841744 0.000010 0.031709 0.000010 0.000010 0.126506 0.000010
0.231253 0.018415 0.585659 0.000010 0.002733 0.113697 0.048232
0.139537 0.000010 0.000010 0.000010 0.000010 0.860413 0.000010
0.000010 0.839646 0.031437 0.071844 0.002983 0.000010 0.054071
0.999932 0.000010 0.000018 0.000010 0.000010 0.000010 0.000010
0.125557 0.000010 0.047776 0.000010 0.000010 0.816129 0.010509
0.124588 0.000010 0.006136 0.000010 0.000010 0.869236 0.000010
0.999940 0.000010 0.000010 0.000010 0.000010 0.000010 0.000010
0.047060 0.000010 0.935379 0.000010 0.017521 0.000010 0.000010
0.037621 0.962329 0.000010 0.000010 0.000010 0.000010 0.000010
0.000010 0.000010 0.000010 0.000010 0.000010 0.000010 0.999940
0.138417 0.000010 0.000010 0.000010 0.000010 0.861533 0.000010
0.186394 0.000010 0.000010 0.000010 0.001853 0.811713 0.000010
0.000010 0.999940 0.000010 0.000010 0.000010 0.000010 0.000010
0.143084 0.009232 0.762570 0.003898 0.010236 0.043614 0.027367
0.593886 0.007009 0.182215 0.000010 0.071466 0.000010 0.145403
0.000010 0.694013 0.135067 0.000010 0.011829 0.159061 0.000010
0.000010 0.746288 0.113599 0.000010 0.000010 0.140072 0.000010
0.000010 0.644531 0.227716 0.000010 0.000010 0.127713 0.000010
0.000010 0.000010 0.000010 0.000010 0.999940 0.000010 0.000010
0.010207 0.000010 0.000010 0.000010 0.909980 0.079773 0.000010
0.007752 0.944707 0.000010 0.013010 0.034501 0.000010 0.000010
0.000010 0.811095 0.000010 0.025313 0.055525 0.108037 0.000010
0.000010 0.999940 0.000010 0.000010 0.000010 0.000010 0.000010
0.000010 0.999940 0.000010 0.000010 0.000010 0.000010 0.000010
0.000010 0.999940 0.000010 0.000010 0.000010 0.000010 0.000010
0.000010 0.999940 0.000010 0.000010 0.000010 0.000010 0.000010
0.000591 0.996504 0.000010 0.000010 0.002865 0.000010 0.000010
0.032237 0.730088 0.008277 0.109953 0.013368 0.106067 0.000010
0.000010 0.682827 0.170834 0.000010 0.029379 0.116930 0.000010
0.000010 0.657890 0.210991 0.000010 0.000010 0.131078 0.000010
0.000010 0.922897 0.014036 0.011158 0.005513 0.022939 0.023445
0.000010 0.701513 0.164537 0.000010 0.000010 0.133910 0.000010
0.031701 0.000010 0.355715 0.000010 0.140736 0.385077 0.086750
0.626993 0.064152 0.307113 0.000010 0.000010 0.000010 0.001712
0.000010 0.000010 0.999940 0.000010 0.000010 0.000010 0.000010
0.190430 0.000010 0.018650 0.000010 0.000010 0.790880 0.000010
0.153280 0.000010 0.000010 0.000010 0.000010 0.846670 0.000010
0.027668 0.482445 0.000010 0.035751 0.072360 0.381756 0.000010
0.000010 0.169877 0.312477 0.005837 0.182108 0.275001 0.054690
0.349836 0.000010 0.536120 0.028709 0.023430 0.037431 0.024464
0.143190 0.000010 0.531251 0.009865 0.023862 0.291813 0.000010
0.000010 0.422242 0.081329 0.005566 0.028824 0.462019 0.000010
0.887044 0.000010 0.092911 0.000010 0.017624 0.002391 0.000010
0.000010 0.973408 0.000010 0.026542 0.000010 0.000010 0.000010
0.010071 0.741132 0.000010 0.092468 0.038957 0.117353 0.000010
0.000010 0.990346 0.000010 0.000010 0.000900 0.000010 0.008715
0.008644 0.000010 0.978763 0.000010 0.012553 0.000010 0.000010
0.000010 0.821918 0.000010 0.088903 0.017122 0.072027 0.000010
0.022419 0.967265 0.006036 0.002348 0.001911 0.000010 0.000010
0.043753 0.917800 0.000010 0.038406 0.000010 0.000010 0.000010
0.017752 0.970907 0.000010 0.011301 0.000010 0.000010 0.000010
0.000010 0.999940 0.000010 0.000010 0.000010 0.000010 0.000010
0.000010 0.999940 0.000010 0.000010 0.000010 0.000010 0.000010
0.271116 0.060672 0.397159 0.005508 0.054726 0.147471 0.063347
0.104302 0.000010 0.817701 0.008821 0.007805 0.037539 0.023822
0.046952 0.493383 0.000010 0.000010 0.042173 0.417462 0.000010
0.047109 0.515139 0.000010 0.000010 0.039244 0.398479 0.000010
0.119715 0.000010 0.820977 0.037911 0.000010 0.000010 0.021367
0.678452 0.000010 0.300144 0.000010 0.013802 0.004493 0.003090
0.777110 0.000010 0.133613 0.000010 0.048375 0.000010 0.040872
0.976513 0.012285 0.006189 0.000010 0.004984 0.000010 0.000010
0.000010 0.999940 0.000010 0.000010 0.000010 0.000010 0.000010
0.830565 0.000010 0.000010 0.000010 0.017280 0.007484 0.144641
0.000228 0.991360 0.000010 0.004850 0.003532 0.000010 0.000010
0.000010 0.999940 0.000010 0.000010 0.000010 0.000010 0.000010
0.000010 0.850541 0.000010 0.093019 0.010379 0.045895 0.000146
0.039239 0.930231 0.021026 0.000010 0.000010 0.000010 0.009474
0.000010 0.999940 0.000010 0.000010 0.000010 0.000010 0.000010
0.000010 0.930158 0.036968 0.032834 0.000010 0.000010 0.000010
0.191617 0.000010 0.000010 0.000010 0.000012 0.000010 0.808332
0.223580 0.000010 0.162009 0.000010 0.036731 0.000010 0.577650
0.081757 0.289842 0.094292 0.000010 0.015122 0.458455 0.060523
0.000010 0.053586 0.154368 0.000010 0.391497 0.345109 0.055420
0.000010 0.094210 0.065354 0.000010 0.581689 0.236833 0.021894
0.000010 0.074270 0.166437 0.000010 0.551560 0.194215 0.013497
0.622431 0.001271 0.353357 0.009174 0.013747 0.000010 0.000010
0.024547 0.965202 0.000010 0.000010 0.010212 0.000010 0.000010
0.000010 0.999940 0.000010 0.000010 0.000010 0.000010 0.000010
0.000010 0.981037 0.000010 0.018913 0.000010 0.000010 0.000010
0.000010 0.079737 0.112738 0.000010 0.425735 0.327657 0.054113
0.000010 0.049430 0.163831 0.000010 0.461630 0.278221 0.046868
0.209990 0.000010 0.153748 0.000010 0.037572 0.000010 0.598660
0.101577 0.000010 0.000010 0.000010 0.000010 0.000010 0.898373
0.000010 0.063203 0.076244 0.000010 0.532719 0.272360 0.055454
