0.386286 0.018211 0.000010 0.000010 0.000010 0.000010 0.071894 0.023753 0.088450 0.000010 0.000010 0.411345
0.171859 0.000010 0.035029 0.007755 0.000010 0.000010 0.010506 0.066988 0.119120 0.000010 0.035524 0.553178
0.382976 0.021328 0.021012 0.000010 0.030215 0.045314 0.000010 0.000010 0.039008 0.052591 0.000010 0.407516
0.000010 0.000010 0.429395 0.000010 0.000010 0.000010 0.570505 0.000010 0.000010 0.000010 0.000010 0.000010
0.195628 0.012027 0.000010 0.014581 0.066111 0.000504 0.000010 0.093331 0.163171 0.000010 0.002825 0.451793
0.709239 0.005039 0.019716 0.000010 0.037993 0.010877 0.011137 0.010979 0.040906 0.000010 0.012646 0.141448
0.242108 0.227581 0.231240 0.000010 0.000010 0.002948 0.243074 0.000010 0.005594 0.000010 0.020206 0.027210
0.891856 0.000010 0.007780 0.051975 0.000010 0.000010 0.008368 0.000010 0.001085 0.000010 0.038875 0.000010
0.031525 0.000010 0.039838 0.063558 0.000010 0.001224 0.047284 0.015629 0.158485 0.000010 0.007758 0.634669
0.827578 0.000010 0.008963 0.054222 0.000010 0.000010 0.014191 0.000010 0.037554 0.000010 0.000010 0.057432
0.545135 0.000010 0.000010 0.065195 0.000010 0.000010 0.000010 0.002360 0.235942 0.000010 0.003710 0.147598
0.328402 0.000010 0.000010 0.000010 0.032539 0.007420 0.012302 0.000010 0.090186 0.021998 0.041042 0.466070
0.009082 0.000010 0.163234 0.067461 0.123780 0.134230 0.000010 0.000010 0.000010 0.000010 0.052621 0.449542
0.000010 0.030922 0.278396 0.014155 0.044212 0.038564 0.268218 0.000010 0.001639 0.000010 0.017019 0.306846
0.869333 0.000010 0.027537 0.010005 0.007472 0.000010 0.000010 0.000010 0.069090 0.016271 0.000010 0.000242
0.323634 0.026523 0.000010 0.014862 0.028280 0.049556 0.013415 0.003672 0.058172 0.055943 0.007310 0.418623
0.661951 0.009297 0.000010 0.024148 0.000010 0.013633 0.026092 0.034905 0.052505 0.000010 0.001084 0.176356
0.430714 0.168096 0.183700 0.000010 0.000010 0.020804 0.137499 0.000010 0.014918 0.000010 0.037189 0.007041
0.248363 0.000010 0.000010 0.650420 0.000010 0.019773 0.000010 0.000010 0.038733 0.000010 0.042641 0.000010
0.000010 0.000010 0.000594 0.000010 0.002677 0.000010 0.000010 0.084509 0.000010 0.903314 0.008835 0.000010
0.007207 0.000010 0.000010 0.011714 0.000010 0.000010 0.008762 0.051760 0.000010 0.910900 0.009598 0.000010
0.000010 0.000010 0.000010 0.000010 0.000010 0.000010 0.000010 0.004848 0.000010 0.995052 0.000010 0.000010
0.013409 0.000014 0.000010 0.000010 0.000010 0.000829 0.000010 0.064967 0.000010 0.879676 0.041046 0.000010
0.000010 0.000010 0.935509 0.000010 0.000010 0.000010 0.045101 0.000010 0.000010 0.019299 0.000010 0.000010
0.000010 0.000010 0.000010 0.999882 0.000010 0.000010 0.000018 0.000010 0.000010 0.000010 0.000010 0.000010
0.000010 0.000010 0.002883 0.000010 0.000010 0.004828 0.000010 0.059031 0.000010 0.919543 0.000010 0.013644
0.024750 0.029436 0.025481 0.000010 0.000010 0.016881 0.019778 0.069228 0.150724 0.041675 0.029922 0.592105
0.000010 0.000010 0.000010 0.000010 0.000010 0.000010 0.019082 0.052701 0.000010 0.928127 0.000010 0.000010
0.094767 0.019300 0.046293 0.090835 0.000827 0.042479 0.000010 0.040755 0.004691 0.002341 0.000010 0.657693
0.082502 0.000010 0.063510 0.061467 0.000010 0.028612 0.030016 0.011290 0.000010 0.001934 0.000010 0.720628
0.000010 0.000010 0.000010 0.102354 0.000010 0.000010 0.018941 0.021975 0.030552 0.000010 0.000010 0.826107
0.061638 0.000010 0.052433 0.069260 0.000010 0.067765 0.000010 0.028271 0.021693 0.000010 0.000010 0.698889
0.035960 0.012019 0.172857 0.021882 0.135387 0.190254 0.000010 0.092250 0.000010 0.000010 0.010742 0.328619
0.000010 0.000010 0.057452 0.160913 0.083737 0.128557 0.000010 0.051499 0.006748 0.000010 0.035641 0.475413
0.118168 0.040273 0.013126 0.031092 0.000010 0.000010 0.000010 0.029780 0.117281 0.031177 0.298389 0.320683
0.099319 0.005384 0.482622 0.000010 0.000010 0.006207 0.000010 0.000010 0.308086 0.000010 0.000010 0.098322
0.151301 0.000010 0.604484 0.000010 0.000010 0.000010 0.000010 0.000010 0.244125 0.000010 0.000010 0.000010
0.000010 0.000010 0.001407 0.000010 0.000010 0.142667 0.000010 0.000010 0.000010 0.822209 0.033637 0.000010
0.000010 0.000010 0.007901 0.083886 0.013577 0.039105 0.032109 0.000010 0.095079 0.000010 0.073662 0.654643
0.041925 0.000010 0.046127 0.039157 0.064864 0.000717 0.010054 0.050302 0.000010 0.000010 0.010610 0.736213
0.999890 0.000010 0.000010 0.000010 0.000010 0.000010 0.000010 0.000010 0.000010 0.000010 0.000010 0.000010
0.173985 0.042806 0.000010 0.111307 0.040234 0.043469 0.030619 0.034078 0.000010 0.000010 0.004156 0.519315
0.715659 0.006554 0.000010 0.000010 0.015949 0.034881 0.016236 0.000010 0.003326 0.009942 0.009504 0.187917
0.788187 0.022197 0.046804 0.000010 0.000010 0.001816 0.000010 0.000010 0.000010 0.000010 0.014259 0.126676
0.000010 0.000010 0.000010 0.118566 0.361414 0.040449 0.000010 0.000010 0.000010 0.000010 0.000010 0.479490
0.000010 0.000010 0.000010 0.016561 0.021136 0.000010 0.006528 0.033709 0.000010 0.921996 0.000010 0.000010
0.000010 0.000010 0.000010 0.000010 0.000010 0.000010 0.000010 0.012952 0.033654 0.909707 0.011750 0.031866
0.000010 0.000010 0.000010 0.000010 0.035001 0.196969 0.000010 0.125161 0.051594 0.418827 0.022093 0.150304
0.000010 0.039077 0.035335 0.075015 0.187570 0.114461 0.000010 0.046198 0.065240 0.030503 0.028737 0.377845
0.039822 0.000010 0.085942 0.075628 0.166860 0.065988 0.000010 0.039546 0.000010 0.021976 0.034414 0.469793
0.000010 0.360364 0.000010 0.000010 0.639536 0.000010 0.000010 0.000010 0.000010 0.000010 0.000010 0.000010
0.000010 0.057819 0.029201 0.155636 0.117462 0.095628 0.000010 0.112004 0.000010 0.047344 0.006044 0.378832
0.000010 0.540922 0.000010 0.000010 0.458978 0.000010 0.000010 0.000010 0.000010 0.000010 0.000010 0.000010
0.035407 0.000010 0.000010 0.081519 0.150052 0.127116 0.000010 0.051866 0.069115 0.000010 0.044039 0.440845
0.000010 0.011255 0.045799 0.153503 0.174623 0.123520 0.000010 0.000010 0.000010 0.052204 0.006379 0.432677
0.000010 0.000010 0.000010 0.000010 0.000010 0.000010 0.000010 0.000010 0.000010 0.000010 0.999890 0.000010
0.872532 0.000010 0.000010 0.000010 0.004239 0.000010 0.013021 0.033124 0.000010 0.028823 0.038366 0.009845
0.000010 0.006842 0.086410 0.069473 0.009593 0.065206 0.000010 0.000010 0.069717 0.000010 0.030076 0.662642
0.000010 0.053833 0.059116 0.091524 0.040858 0.008516 0.012373 0.000010 0.064610 0.000010 0.007538 0.661602
0.634701 0.160308 0.056835 0.027836 0.005753 0.000010 0.000010 0.000010 0.048912 0.000010 0.015200 0.050415
0.000010 0.022365 0.025852 0.020057 0.040153 0.000010 0.000010 0.000010 0.015039 0.014046 0.000010 0.862438
0.089264 0.017893 0.033814 0.022929 0.000010 0.062147 0.019506 0.000010 0.035622 0.000010 0.042117 0.676677
0.437898 0.018107 0.000010 0.082825 0.032725 0.000010 0.016562 0.000010 0.000010 0.025067 0.028601 0.358175
0.041235 0.000010 0.000010 0.000010 0.000010 0.075682 0.032351 0.000010 0.026149 0.008207 0.011390 0.804936
0.043109 0.037214 0.056000 0.082770 0.047361 0.047109 0.000010 0.033844 0.044888 0.000010 0.034948 0.572737
0.161771 0.042922 0.132640 0.051398 0.188105 0.020195 0.120377 0.000010 0.083266 0.050604 0.084876 0.063838
0.000010 0.000010 0.100166 0.000010 0.000010 0.325132 0.130168 0.000010 0.000010 0.444454 0.000010 0.000010
0.000010 0.008436 0.306491 0.000010 0.008344 0.009500 0.455686 0.042587 0.011390 0.013449 0.038348 0.105749
0.854101 0.027264 0.031464 0.012710 0.000010 0.017535 0.000010 0.000010 0.000010 0.025314 0.031563 0.000010
0.000010 0.043418 0.042615 0.165861 0.112752 0.119194 0.000010 0.033251 0.005729 0.000010 0.028379 0.448771
0.059136 0.000010 0.038470 0.112961 0.146438 0.120473 0.000010 0.052494 0.061529 0.019763 0.000010 0.388707
0.079965 0.000010 0.000010 0.201610 0.263252 0.080921 0.000010 0.036914 0.007948 0.000010 0.037548 0.291803
0.006883 0.060228 0.000010 0.000010 0.000010 0.030599 0.000010 0.041379 0.184108 0.000010 0.143377 0.533378
0.086463 0.033429 0.057294 0.000010 0.030608 0.027139 0.000010 0.013200 0.042919 0.000010 0.009765 0.699153
0.080723 0.025782 0.000010 0.058777 0.000010 0.042839 0.037234 0.000010 0.072476 0.000010 0.116350 0.565780
0.013048 0.000010 0.007624 0.059250 0.038998 0.049686 0.000010 0.041737 0.044138 0.004740 0.030942 0.709817
0.015372 0.014950 0.000126 0.047489 0.042852 0.000010 0.042381 0.000010 0.029385 0.000010 0.038527 0.768889
0.018256 0.001441 0.000010 0.088407 0.054772 0.046965 0.000010 0.000010 0.084365 0.065551 0.037001 0.603212
0.000010 0.000010 0.000010 0.000010 0.000010 0.101154 0.000010 0.000010 0.000010 0.898746 0.000010 0.000010
0.096737 0.001988 0.085615 0.033162 0.023742 0.017741 0.000010 0.040804 0.000010 0.000010 0.000010 0.700170
0.000010 0.015022 0.047098 0.037429 0.070924 0.000010 0.000011 0.000010 0.096449 0.024096 0.036593 0.672348
0.594735 0.000246 0.000010 0.000010 0.000010 0.015482 0.029233 0.000016 0.178166 0.018047 0.000010 0.164036
0.566985 0.001301 0.023148 0.013717 0.002043 0.000010 0.012882 0.000010 0.229025 0.000010 0.040969 0.109901
0.033142 0.023964 0.000010 0.000010 0.000010 0.000010 0.002132 0.050899 0.036819 0.000010 0.733327 0.119668
0.685190 0.155445 0.054572 0.000010 0.000010 0.000010 0.014903 0.000010 0.046545 0.000010 0.000010 0.043284
0.000010 0.000010 0.000010 0.000010 0.000010 0.102740 0.000010 0.000010 0.000010 0.897160 0.000010 0.000010
0.003151 0.000010 0.000010 0.000010 0.106161 0.000010 0.000010 0.136789 0.004412 0.687981 0.004138 0.057318
0.353363 0.000010 0.000010 0.013085 0.000010 0.000010 0.013496 0.000010 0.516000 0.000010 0.050871 0.053125
0.144710 0.000010 0.000010 0.000010 0.092837 0.104406 0.024190 0.000010 0.106221 0.017382 0.080490 0.429724
0.000010 0.004868 0.000010 0.009914 0.039868 0.004340 0.026514 0.089133 0.000010 0.793335 0.000010 0.031988
0.000010 0.000010 0.000010 0.000010 0.002684 0.000010 0.013506 0.057651 0.003072 0.790048 0.050880 0.082109
0.003472 0.000010 0.010678 0.000010 0.048442 0.014853 0.000010 0.132440 0.012019 0.690730 0.000010 0.087325
0.000010 0.000010 0.004499 0.019668 0.016280 0.001019 0.000010 0.051412 0.000010 0.831195 0.012778 0.063110
0.000010 0.000010 0.013782 0.009644 0.060136 0.000010 0.000010 0.112035 0.000010 0.751983 0.001798 0.050572
0.100542 0.062892 0.016649 0.005944 0.017991 0.030130 0.029538 0.020971 0.117666 0.269868 0.021124 0.306684
0.039335 0.000010 0.000010 0.048455 0.517956 0.095183 0.000010 0.033581 0.000010 0.000010 0.002098 0.263343
0.044542 0.000010 0.000010 0.002543 0.470943 0.107331 0.000010 0.005872 0.000010 0.001992 0.000010 0.366728
0.203492 0.024619 0.000010 0.003538 0.013909 0.051674 0.000010 0.043477 0.350460 0.000010 0.004144 0.304658
0.751498 0.053018 0.038459 0.000010 0.000010 0.000010 0.028145 0.000010 0.087356 0.041463 0.000010 0.000010
0.022297 0.000010 0.000010 0.012449 0.566089 0.091913 0.000010 0.026857 0.000010 0.000010 0.000010 0.280335
0.000010 0.000010 0.000010 0.000010 0.011446 0.000010 0.031143 0.021709 0.144827 0.000010 0.092188 0.698627
0.000010 0.000010 0.041379 0.040975 0.456843 0.053419 0.000010 0.000010 0.000010 0.046356 0.000010 0.360967
0.167049 0.059712 0.000010 0.020973 0.017708 0.000010 0.018408 0.000010 0.115623 0.000010 0.066908 0.533580
0.000010 0.000010 0.000010 0.000010 0.000010 0.000010 0.999890 0.000010 0.000010 0.000010 0.000010 0.000010
0.654269 0.000010 0.000010 0.045410 0.019064 0.000010 0.000629 0.000010 0.215856 0.000010 0.000010 0.064712
0.012406 0.000010 0.527633 0.000010 0.250983 0.058500 0.033966 0.001224 0.000010 0.000010 0.029447 0.085801
0.000016 0.000010 0.000010 0.000010 0.000011 0.000010 0.000010 0.000010 0.999883 0.000010 0.000010 0.000010
0.062724 0.009234 0.000010 0.003777 0.025151 0.023061 0.056266 0.000010 0.081629 0.000010 0.106635 0.631495
0.202551 0.026545 0.045429 0.005600 0.008470 0.000010 0.000010 0.045792 0.127426 0.000010 0.054463 0.483693
0.798239 0.016853 0.004409 0.000010 0.000010 0.000010 0.000010 0.022547 0.066524 0.000010 0.000010 0.091369
0.017530 0.077842 0.001875 0.111208 0.505334 0.037189 0.000010 0.052717 0.000753 0.039285 0.000010 0.156247
0.508491 0.094413 0.000010 0.019139 0.000010 0.000010 0.000010 0.019554 0.080536 0.000010 0.026862 0.250955
0.710543 0.054931 0.015279 0.015176 0.000718 0.000010 0.000010 0.000010 0.057186 0.000010 0.020900 0.125228
0.850194 0.000010 0.000010 0.020968 0.000010 0.000010 0.021352 0.000010 0.062266 0.000010 0.000010 0.045151
0.112982 0.041349 0.011939 0.000010 0.025312 0.016794 0.000010 0.000010 0.083683 0.000010 0.078861 0.629041
0.000010 0.000010 0.000010 0.000010 0.000010 0.000010 0.000010 0.000010 0.999890 0.000010 0.000010 0.000010
0.000010 0.000010 0.000010 0.000010 0.000010 0.000010 0.999890 0.000010 0.000010 0.000010 0.000010 0.000010
0.000010 0.000010 0.000010 0.000010 0.000010 0.000010 0.999890 0.000010 0.000010 0.000010 0.000010 0.000010
0.714224 0.000010 0.011336 0.000010 0.000010 0.000010 0.000010 0.000010 0.154399 0.014554 0.028635 0.076791
0.000010 0.000010 0.000010 0.000010 0.000010 0.000010 0.999890 0.000010 0.000010 0.000010 0.000010 0.000010
0.758350 0.092113 0.030464 0.024174 0.000010 0.029333 0.000010 0.016702 0.000010 0.014156 0.000010 0.034669
0.999890 0.000010 0.000010 0.000010 0.000010 0.000010 0.000010 0.000010 0.000010 0.000010 0.000010 0.000010
0.000010 0.000010 0.000010 0.000010 0.000010 0.000010 0.999890 0.000010 0.000010 0.000010 0.000010 0.000010
0.000010 0.000010 0.000010 0.000010 0.000010 0.000010 0.999889 0.000010 0.000010 0.000010 0.000010 0.000010
0.000010 0.000010 0.000010 0.000010 0.000012 0.000010 0.999881 0.000012 0.000010 0.000010 0.000015 0.000010
0.000010 0.000010 0.000010 0.000010 0.000010 0.011587 0.988313 0.000010 0.000010 0.000010 0.000010 0.000010
0.000010 0.000010 0.264683 0.000010 0.000010 0.000013 0.642733 0.025983 0.015262 0.012688 0.000010 0.038588
0.091176 0.020584 0.062063 0.001542 0.020975 0.000010 0.009629 0.000010 0.190780 0.037931 0.027739 0.537562
0.065177 0.035674 0.025024 0.048750 0.000010 0.000010 0.031771 0.020162 0.173202 0.000010 0.019621 0.580589
0.000010 0.000010 0.000010 0.000010 0.000010 0.000010 0.999890 0.000010 0.000010 0.000010 0.000010 0.000010
0.385700 0.220234 0.112831 0.000010 0.000010 0.035032 0.072246 0.000010 0.060485 0.000010 0.008901 0.104531
0.538472 0.000242 0.020245 0.000010 0.000010 0.000010 0.000010 0.000010 0.340009 0.008373 0.051130 0.041479
0.000010 0.000013 0.000010 0.000011 0.000010 0.000010 0.999884 0.000010 0.000010 0.000010 0.000012 0.000010
0.000010 0.008873 0.034523 0.000010 0.009312 0.019286 0.909625 0.000012 0.000010 0.000010 0.018319 0.000010
0.000010 0.000010 0.000010 0.000010 0.000010 0.000010 0.999890 0.000010 0.000010 0.000010 0.000010 0.000010
0.104131 0.074452 0.037972 0.017375 0.000010 0.043071 0.000010 0.058160 0.058245 0.005893 0.232587 0.368093
0.115650 0.000010 0.052162 0.000010 0.000010 0.000010 0.016623 0.000010 0.151426 0.000010 0.059953 0.604125
0.082190 0.000010 0.000010 0.003477 0.008595 0.000010 0.036529 0.043788 0.183150 0.000010 0.048748 0.593482
0.000010 0.000010 0.047590 0.000014 0.000010 0.000010 0.008241 0.000010 0.168830 0.010280 0.052474 0.712520
0.000010 0.000010 0.655939 0.000010 0.000010 0.000010 0.343960 0.000010 0.000010 0.000010 0.000010 0.000010
0.025857 0.000010 0.000010 0.000010 0.000010 0.095751 0.401937 0.000010 0.024558 0.451827 0.000010 0.000010
0.000010 0.000010 0.000010 0.000010 0.000010 0.000012 0.999888 0.000010 0.000010 0.000010 0.000010 0.000010
0.000010 0.000010 0.000010 0.000010 0.000010 0.000010 0.999890 0.000010 0.000010 0.000010 0.000010 0.000010
0.000012 0.000010 0.000010 0.000010 0.000010 0.000010 0.999888 0.000010 0.000010 0.000010 0.000010 0.000010
0.000010 0.000010 0.010418 0.000010 0.000010 0.000010 0.989482 0.000010 0.000010 0.000010 0.000010 0.000010
0.000010 0.000010 0.025048 0.000010 0.000010 0.000010 0.974851 0.000010 0.000010 0.000010 0.000010 0.000010
0.000010 0.000010 0.000010 0.000010 0.000010 0.000010 0.999890 0.000010 0.000010 0.000010 0.000010 0.000010
0.243037 0.000010 0.052554 0.009917 0.000010 0.008817 0.000010 0.056953 0.000010 0.014063 0.315035 0.299584
0.000010 0.000010 0.000010 0.000010 0.000010 0.000010 0.999890 0.000010 0.000010 0.000010 0.000010 0.000010
0.000010 0.010483 0.254972 0.000010 0.013126 0.000010 0.679663 0.039589 0.000010 0.002108 0.000010 0.000010
0.880520 0.008331 0.000010 0.000010 0.000010 0.000010 0.001324 0.000010 0.000010 0.001955 0.009745 0.098066
0.000010 0.000010 0.680423 0.000010 0.000010 0.000010 0.319477 0.000010 0.000010 0.000010 0.000010 0.000010
0.084274 0.148981 0.575115 0.030212 0.000010 0.012369 0.113229 0.000010 0.000010 0.000010 0.035771 0.000010
0.000010 0.000010 0.000010 0.000010 0.000010 0.000010 0.999890 0.000010 0.000010 0.000010 0.000010 0.000010
0.000010 0.000010 0.000010 0.000010 0.000010 0.000010 0.999890 0.000010 0.000010 0.000010 0.000010 0.000010
0.000010 0.000010 0.000010 0.000014 0.000010 0.000010 0.999886 0.000010 0.000010 0.000010 0.000010 0.000010
0.000010 0.000010 0.000010 0.000010 0.000010 0.000010 0.999890 0.000010 0.000010 0.000010 0.000010 0.000010
0.000010 0.000010 0.166602 0.000010 0.000010 0.000010 0.833298 0.000010 0.000010 0.000010 0.000010 0.000010
0.000010 0.000010 0.000010 0.000010 0.000019 0.000011 0.999879 0.000010 0.000010 0.000010 0.000011 0.000010
0.000010 0.000010 0.000010 0.000010 0.000010 0.000010 0.000010 0.000010 0.000010 0.000010 0.999890 0.000010
0.000010 0.000010 0.000010 0.000010 0.000010 0.000010 0.000010 0.999890 0.000010 0.000010 0.000010 0.000010
0.000010 0.000010 0.000010 0.000010 0.000010 0.000010 0.000010 0.999890 0.000010 0.000010 0.000010 0.000010
0.000010 0.000010 0.000010 0.000010 0.000010 0.000010 0.000010 0.999890 0.000010 0.000010 0.000010 0.000010
0.000010 0.000010 0.000010 0.000010 0.000010 0.000010 0.999890 0.000010 0.000010 0.000010 0.000010 0.000010
0.000010 0.000010 0.000010 0.000010 0.000010 0.000010 0.999890 0.000010 0.000010 0.000010 0.000010 0.000010
0.000010 0.000010 0.000010 0.000010 0.000010 0.000010 0.000010 0.999890 0.000010 0.000010 0.000010 0.000010
0.016822 0.000010 0.000010 0.000010 0.000010 0.000010 0.000010 0.983078 0.000010 0.000010 0.000010 0.000010
0.000010 0.000010 0.000010 0.000010 0.000010 0.000010 0.000010 0.999890 0.000010 0.000010 0.000010 0.000010
0.000010 0.000011 0.000010 0.000010 0.000010 0.000010 0.999889 0.000010 0.000010 0.000010 0.000010 0.000010
0.000010 0.000010 0.000010 0.000010 0.000010 0.000010 0.999890 0.000010 0.000010 0.000010 0.000010 0.000010
0.000010 0.000010 0.000010 0.000010 0.999890 0.000010 0.000010 0.000010 0.000010 0.000010 0.000010 0.000010
0.000010 0.000010 0.000010 0.000011 0.000010 0.000010 0.999889 0.000010 0.000010 0.000010 0.000010 0.000010
0.093470 0.002229 0.000010 0.904211 0.000010 0.000010 0.000010 0.000010 0.000010 0.000010 0.000010 0.000010
0.000010 0.000010 0.000010 0.000010 0.000010 0.873685 0.126215 0.000010 0.000010 0.000010 0.000010 0.000010
0.000010 0.000010 0.000010 0.000010 0.000010 0.837652 0.162247 0.000011 0.000010 0.000010 0.000010 0.000010
0.534658 0.141495 0.000010 0.060018 0.000010 0.000010 0.000010 0.004245 0.110759 0.000010 0.000010 0.148765
0.000010 0.000010 0.000010 0.000010 0.000010 0.892325 0.107575 0.000010 0.000010 0.000010 0.000010 0.000010
0.000679 0.000010 0.016486 0.070421 0.000010 0.000010 0.000010 0.009919 0.000010 0.902426 0.000010 0.000010
0.001170 0.004509 0.000010 0.114875 0.295019 0.078381 0.033957 0.039252 0.000010 0.147757 0.019816 0.265244
0.383807 0.239765 0.112343 0.061284 0.000010 0.000010 0.000010 0.000010 0.016492 0.029569 0.027121 0.129580
0.011512 0.015414 0.000010 0.000010 0.108683 0.062376 0.024008 0.563109 0.064948 0.065167 0.016879 0.067884
0.000010 0.537049 0.451802 0.000010 0.000010 0.000010 0.000010 0.000010 0.004885 0.000010 0.004124 0.002069
0.000010 0.554164 0.276278 0.000010 0.000010 0.000010 0.152364 0.000010 0.005921 0.000010 0.011203 0.000010
0.815553 0.048643 0.020785 0.000010 0.000010 0.000010 0.000010 0.029044 0.043962 0.000010 0.001714 0.040249
0.000010 0.014592 0.438760 0.070919 0.024291 0.013461 0.349711 0.029804 0.000010 0.040632 0.017306 0.000506
0.360393 0.012738 0.047504 0.014167 0.038091 0.000010 0.009964 0.015716 0.069224 0.027951 0.050597 0.353645
0.760674 0.013461 0.023031 0.000010 0.002641 0.000010 0.055827 0.000010 0.053155 0.010343 0.015309 0.065529
0.394835 0.145615 0.277619 0.003570 0.005983 0.029653 0.105264 0.000010 0.034066 0.000010 0.000010 0.003365
0.000010 0.000010 0.000010 0.177476 0.216706 0.088999 0.000010 0.000010 0.031080 0.013819 0.001109 0.470760
0.000010 0.000010 0.033520 0.045904 0.000010 0.000010 0.000010 0.000010 0.780249 0.002429 0.027325 0.110512
0.032268 0.000010 0.000010 0.089270 0.075554 0.000010 0.007015 0.020333 0.120013 0.000010 0.071465 0.584042
0.038782 0.000010 0.000010 0.038865 0.135392 0.033084 0.014156 0.640707 0.004089 0.065090 0.004337 0.025478
0.000010 0.016870 0.345235 0.000010 0.000010 0.000010 0.622068 0.015746 0.000010 0.000010 0.000010 0.000010
0.000010 0.042088 0.022415 0.000010 0.096396 0.000010 0.000010 0.622000 0.074772 0.104692 0.000010 0.037587
0.000010 0.000010 0.000010 0.000010 0.000010 0.000010 0.000010 0.999890 0.000010 0.000010 0.000010 0.000010
0.366659 0.064545 0.000010 0.000010 0.000010 0.018293 0.000010 0.000010 0.148139 0.041452 0.070389 0.290473
0.664596 0.000010 0.000010 0.000010 0.077337 0.023967 0.004385 0.021709 0.000010 0.000010 0.013611 0.194347
0.000010 0.063600 0.000010 0.000010 0.293460 0.000010 0.000010 0.000010 0.000010 0.642850 0.000010 0.000010
0.569307 0.034869 0.045853 0.029994 0.000010 0.009170 0.000010 0.023897 0.000010 0.033087 0.052925 0.200868
0.747113 0.033144 0.005272 0.033251 0.005909 0.018377 0.010375 0.041871 0.007566 0.000010 0.000010 0.097102
0.854278 0.000010 0.008251 0.000010 0.000010 0.008278 0.000010 0.000010 0.020170 0.012800 0.045045 0.051128
0.040479 0.110441 0.000010 0.106312 0.160630 0.038227 0.000010 0.070021 0.005697 0.086119 0.004200 0.377854
0.000010 0.000010 0.000010 0.000010 0.999890 0.000010 0.000010 0.000010 0.000010 0.000010 0.000010 0.000010
0.514003 0.000010 0.013448 0.063025 0.043410 0.027210 0.022823 0.000010 0.000010 0.000010 0.155176 0.160864
0.000010 0.000010 0.000010 0.000010 0.000010 0.000010 0.000010 0.999890 0.000010 0.000010 0.000010 0.000010
0.048419 0.000010 0.000010 0.000010 0.065672 0.022572 0.020894 0.017455 0.072544 0.060199 0.131993 0.560220
0.505160 0.211047 0.035851 0.031664 0.000010 0.021571 0.044278 0.000010 0.000010 0.000010 0.002063 0.148326
0.000010 0.077179 0.000010 0.000010 0.000010 0.184359 0.021798 0.375571 0.000010 0.238607 0.000010 0.102425
0.090481 0.010065 0.029775 0.000010 0.092027 0.000010 0.000010 0.038660 0.108585 0.060466 0.049198 0.520715
0.000010 0.000010 0.000010 0.000010 0.000010 0.000010 0.999890 0.000010 0.000010 0.000010 0.000010 0.000010
0.574640 0.085790 0.053084 0.067940 0.000010 0.039980 0.000010 0.000010 0.000010 0.015252 0.060944 0.102330
0.596457 0.066890 0.037263 0.049596 0.000010 0.028707 0.000010 0.000010 0.000010 0.000010 0.071838 0.149199
0.544330 0.008397 0.026980 0.000010 0.051946 0.025405 0.000010 0.037609 0.049364 0.029005 0.010052 0.216892
0.728270 0.000010 0.000010 0.117392 0.000010 0.012819 0.016528 0.000010 0.046491 0.000010 0.009813 0.068636
0.154302 0.517438 0.000010 0.046480 0.000010 0.000010 0.074177 0.045823 0.031994 0.000010 0.000010 0.129736
0.183060 0.026059 0.087356 0.080556 0.037520 0.020475 0.000010 0.077012 0.000010 0.002998 0.108957 0.375987
0.770818 0.060084 0.000010 0.000010 0.000046 0.000010 0.000010 0.000010 0.168972 0.000010 0.000010 0.000010
0.966186 0.000010 0.000010 0.000010 0.000010 0.000010 0.027106 0.000010 0.006618 0.000010 0.000010 0.000010
0.128851 0.027479 0.065575 0.000955 0.003045 0.010064 0.000010 0.052993 0.039725 0.000010 0.269944 0.401349
0.685033 0.074869 0.126612 0.000010 0.000010 0.000010 0.042659 0.000010 0.042230 0.000010 0.024318 0.004230
0.077985 0.034605 0.134970 0.000010 0.019967 0.024969 0.000010 0.043245 0.000010 0.026082 0.142755 0.495392
0.704824 0.002577 0.050370 0.000010 0.019699 0.011409 0.024279 0.013335 0.079059 0.010693 0.016760 0.066986
0.592019 0.004555 0.041775 0.000010 0.000010 0.011610 0.005717 0.000011 0.162031 0.000010 0.037695 0.144556
0.000010 0.069920 0.000010 0.000010 0.013082 0.009170 0.008346 0.056544 0.085491 0.078432 0.059925 0.619059
0.899081 0.003265 0.000010 0.028917 0.011777 0.001471 0.000010 0.010973 0.000010 0.000010 0.000010 0.044466
0.242914 0.181527 0.256150 0.000010 0.000010 0.047193 0.118735 0.024147 0.102946 0.000010 0.010590 0.015769
0.816064 0.016115 0.000010 0.005875 0.000010 0.000010 0.021835 0.025129 0.041253 0.000010 0.010092 0.063597
0.380220 0.180308 0.175204 0.000010 0.000010 0.010553 0.191469 0.000010 0.000010 0.000010 0.008576 0.053619
0.580313 0.006735 0.000010 0.010690 0.013599 0.044328 0.005967 0.001236 0.000010 0.013875 0.120228 0.203009
0.766091 0.081559 0.029109 0.000010 0.000010 0.000892 0.025571 0.000010 0.055243 0.000010 0.000010 0.041486
0.638238 0.067178 0.040765 0.066470 0.000010 0.007225 0.000010 0.010175 0.041929 0.000010 0.045066 0.082925
0.000010 0.637119 0.211359 0.000010 0.000010 0.018306 0.133136 0.000010 0.000010 0.000010 0.000010 0.000010
0.012552 0.882287 0.000010 0.000010 0.000010 0.000010 0.000010 0.029308 0.028311 0.000010 0.000010 0.047471
0.000010 0.552290 0.000010 0.000010 0.447610 0.000010 0.000010 0.000010 0.000010 0.000010 0.000010 0.000010
0.000010 0.742190 0.210463 0.000010 0.047257 0.000010 0.000010 0.000010 0.000010 0.000010 0.000010 0.000010
0.000010 0.630011 0.259999 0.000010 0.069998 0.000010 0.039913 0.000010 0.000010 0.000010 0.000010 0.000010
0.000010 0.890756 0.000010 0.033426 0.000010 0.000010 0.013045 0.040350 0.000010 0.000010 0.000010 0.022354
0.017188 0.410565 0.000010 0.000669 0.352519 0.005552 0.028399 0.040722 0.000010 0.013322 0.000010 0.131033
0.082255 0.489697 0.231835 0.010447 0.009396 0.018035 0.023088 0.000010 0.000010 0.000010 0.044729 0.090488
0.000010 0.511785 0.000010 0.000010 0.488115 0.000010 0.000010 0.000010 0.000010 0.000010 0.000010 0.000010
0.439169 0.000010 0.004488 0.029210 0.085546 0.026220 0.000010 0.000010 0.049028 0.000010 0.255082 0.111216
0.079260 0.901274 0.000010 0.000010 0.000010 0.000010 0.000010 0.000010 0.000010 0.000010 0.000010 0.019376
0.000010 0.842265 0.000010 0.000010 0.157635 0.000010 0.000010 0.000010 0.000010 0.000010 0.000010 0.000010
0.000010 0.000010 0.000010 0.076948 0.811747 0.001064 0.026263 0.083909 0.000010 0.000010 0.000010 0.000010
0.002368 0.000013 0.003289 0.067491 0.000010 0.160427 0.000010 0.490768 0.000010 0.155088 0.074335 0.046191
0.000010 0.000010 0.000010 0.053107 0.000010 0.171398 0.006184 0.503787 0.043182 0.178947 0.023205 0.020149
0.000010 0.000010 0.000010 0.000010 0.999890 0.000010 0.000010 0.000010 0.000010 0.000010 0.000010 0.000010
0.099847 0.876681 0.000010 0.004225 0.000010 0.000010 0.000010 0.000010 0.019167 0.000010 0.000010 0.000010
0.000010 0.992109 0.002847 0.004954 0.000010 0.000010 0.000010 0.000010 0.000010 0.000010 0.000010 0.000010
0.000010 0.757431 0.000010 0.000010 0.242469 0.000010 0.000010 0.000010 0.000010 0.000010 0.000010 0.000010
0.000010 0.038929 0.000010 0.049735 0.005061 0.401110 0.000010 0.196838 0.000010 0.175432 0.025284 0.107571
0.000010 0.000010 0.000010 0.000010 0.000010 0.999890 0.000010 0.000010 0.000010 0.000010 0.000010 0.000010
0.000010 0.000010 0.021140 0.000010 0.100776 0.000010 0.000010 0.116976 0.040229 0.720809 0.000010 0.000010
0.058798 0.829815 0.000010 0.023180 0.000010 0.000010 0.000010 0.052262 0.000010 0.000010 0.000010 0.035875
0.773575 0.014078 0.029814 0.000010 0.001994 0.000010 0.000010 0.000010 0.180469 0.000010 0.000010 0.000010
0.651483 0.027047 0.004028 0.036741 0.000010 0.000010 0.011297 0.000010 0.136239 0.000010 0.029425 0.103701
0.000010 0.000010 0.051647 0.063455 0.000010 0.000010 0.028419 0.064018 0.000010 0.000010 0.020708 0.771694
0.000010 0.000010 0.000010 0.020723 0.000010 0.000010 0.038929 0.078781 0.065520 0.000010 0.050512 0.745475
0.867635 0.046099 0.006777 0.005371 0.000010 0.000010 0.000010 0.000010 0.000010 0.000010 0.024026 0.050032
0.212745 0.215582 0.319443 0.000010 0.000010 0.029882 0.130495 0.000010 0.013849 0.000010 0.077954 0.000010
0.236838 0.119130 0.109197 0.001366 0.000010 0.010678 0.058474 0.000010 0.085397 0.000010 0.073037 0.305854
0.420009 0.094175 0.082222 0.000010 0.059771 0.049282 0.000010 0.007413 0.025103 0.000010 0.000010 0.261986
0.000010 0.000010 0.000010 0.000010 0.000010 0.072407 0.000010 0.000010 0.000010 0.927493 0.000010 0.000010
0.510597 0.004683 0.033026 0.029989 0.026584 0.000010 0.000010 0.000010 0.209436 0.000010 0.022890 0.162755
0.864493 0.000010 0.023235 0.000010 0.026166 0.000010 0.000010 0.000010 0.086026 0.000010 0.000010 0.000010
0.158743 0.011541 0.000010 0.007690 0.047583 0.000010 0.007875 0.022169 0.570098 0.000010 0.024552 0.149719
0.599088 0.000010 0.000010 0.052037 0.000010 0.010604 0.022622 0.000010 0.090716 0.000010 0.044420 0.180462
0.170785 0.000010 0.052734 0.035583 0.000010 0.000010 0.000010 0.000010 0.580545 0.000010 0.004841 0.155451
0.346322 0.000010 0.063054 0.000418 0.000010 0.000010 0.000010 0.031646 0.100854 0.022579 0.028719 0.406369
0.000010 0.084127 0.000010 0.000010 0.915773 0.000010 0.000010 0.000010 0.000010 0.000010 0.000010 0.000010
0.565754 0.091818 0.000010 0.055869 0.013799 0.000010 0.016450 0.010918 0.012270 0.000010 0.014170 0.218921
0.584595 0.000010 0.000010 0.000010 0.000010 0.000010 0.010611 0.037215 0.184899 0.000010 0.008079 0.174542
0.587463 0.040600 0.026091 0.003080 0.005311 0.000010 0.000010 0.000010 0.113753 0.000010 0.023330 0.200332
0.203731 0.055538 0.000011 0.000010 0.000010 0.019528 0.054779 0.044861 0.072472 0.000010 0.092773 0.456276
0.924587 0.037286 0.000010 0.000010 0.017536 0.000010 0.000010 0.005657 0.000010 0.010290 0.000010 0.004585
0.128809 0.000010 0.020113 0.850988 0.000010 0.000010 0.000010 0.000010 0.000010 0.000010 0.000010 0.000010
0.000010 0.000010 0.000010 0.000010 0.000010 0.062136 0.045982 0.051999 0.182426 0.000010 0.026634 0.630764
0.122171 0.030808 0.000010 0.087412 0.025174 0.060083 0.008993 0.048318 0.057276 0.000010 0.051783 0.507962
0.043638 0.038133 0.035621 0.002788 0.026843 0.059170 0.020253 0.066148 0.105723 0.000010 0.046735 0.554937
0.199332 0.035996 0.000010 0.000010 0.006809 0.000010 0.016332 0.000010 0.081571 0.000010 0.068226 0.591683
0.811709 0.016377 0.001242 0.000010 0.000010 0.000019 0.000010 0.000010 0.097619 0.000010 0.017083 0.055901
0.726635 0.027692 0.007704 0.031110 0.000010 0.020807 0.013819 0.000010 0.043237 0.000010 0.007645 0.121321
0.769444 0.000010 0.000010 0.009619 0.023186 0.000010 0.000010 0.000010 0.000010 0.000010 0.000010 0.197671
0.860113 0.001141 0.000010 0.000010 0.000010 0.000010 0.003132 0.000010 0.011097 0.000010 0.022446 0.102011
0.086773 0.000010 0.000010 0.108112 0.004566 0.031721 0.032695 0.000010 0.238804 0.000010 0.051471 0.445818
0.032405 0.081412 0.199271 0.000010 0.022280 0.025911 0.316313 0.000010 0.032262 0.002756 0.047461 0.239909
0.465300 0.149605 0.077919 0.056806 0.000010 0.034779 0.000010 0.014877 0.000010 0.002549 0.039199 0.158936
0.407301 0.213419 0.053584 0.000010 0.006080 0.061793 0.082873 0.000205 0.088350 0.000010 0.014625 0.071751
0.040548 0.014654 0.000010 0.052213 0.011317 0.000010 0.049752 0.000010 0.000010 0.025850 0.000010 0.805615
0.820005 0.000010 0.034656 0.036911 0.000010 0.000010 0.000010 0.000010 0.074143 0.000010 0.032265 0.001960
0.070195 0.152588 0.015007 0.014899 0.051729 0.000010 0.000010 0.082135 0.034894 0.030981 0.082121 0.465431
0.430711 0.000010 0.000010 0.000010 0.000010 0.000010 0.000010 0.000010 0.563222 0.000010 0.005977 0.000010
0.999890 0.000010 0.000010 0.000010 0.000010 0.000010 0.000010 0.000010 0.000010 0.000010 0.000010 0.000010
0.594721 0.037517 0.000010 0.181665 0.004758 0.000010 0.000010 0.000010 0.118468 0.004767 0.043975 0.014089
0.011103 0.019940 0.068517 0.050607 0.000010 0.000010 0.031233 0.000010 0.158109 0.023993 0.053046 0.583421
0.999890 0.000010 0.000010 0.000010 0.000010 0.000010 0.000010 0.000010 0.000010 0.000010 0.000010 0.000010
0.000010 0.008709 0.000010 0.057826 0.068665 0.000010 0.000010 0.000010 0.034844 0.011204 0.027072 0.791631
0.000010 0.071038 0.037308 0.038666 0.015447 0.000010 0.000010 0.000010 0.019742 0.041256 0.000010 0.776493
0.000010 0.038080 0.000010 0.069183 0.014328 0.018128 0.000010 0.000010 0.000010 0.000010 0.038563 0.821659
0.000010 0.019389 0.000010 0.108398 0.000010 0.000010 0.020433 0.007581 0.000010 0.020669 0.000010 0.823469
0.000010 0.130154 0.000010 0.032641 0.000010 0.011703 0.000010 0.000010 0.000010 0.022427 0.000010 0.803004
0.000010 0.034097 0.281714 0.004618 0.000010 0.000010 0.612946 0.003255 0.001961 0.000010 0.000010 0.061358
0.530638 0.088260 0.038967 0.012347 0.007969 0.034997 0.000010 0.000010 0.000010 0.000010 0.021425 0.265358
0.844090 0.068783 0.018161 0.000010 0.000010 0.000010 0.000010 0.000010 0.064042 0.000010 0.004855 0.000010
0.752020 0.000670 0.020743 0.002259 0.000010 0.000010 0.000010 0.000010 0.000010 0.000010 0.000010 0.224238
0.638161 0.085703 0.024102 0.099153 0.000010 0.002759 0.000010 0.000010 0.020953 0.000010 0.034396 0.094732
0.856415 0.043327 0.000010 0.012062 0.000010 0.000010 0.000010 0.000010 0.088116 0.000010 0.000010 0.000010
0.000010 0.000010 0.000010 0.010965 0.029015 0.000010 0.013597 0.000010 0.075449 0.000010 0.000010 0.870905
0.878833 0.000010 0.011422 0.034782 0.033334 0.000010 0.000010 0.000010 0.041559 0.000010 0.000010 0.000010
0.112566 0.000010 0.000010 0.000010 0.000010 0.000010 0.052335 0.000010 0.121297 0.038669 0.028827 0.646246
0.000010 0.000010 0.000010 0.000010 0.000010 0.000010 0.999890 0.000010 0.000010 0.000010 0.000010 0.000010
0.000010 0.000010 0.000010 0.142275 0.221603 0.090826 0.000010 0.000010 0.000010 0.042649 0.018390 0.484197
0.036463 0.019968 0.000010 0.104553 0.014098 0.013817 0.052323 0.000010 0.093417 0.000010 0.038715 0.626617
0.265185 0.029785 0.000010 0.000010 0.000010 0.000010 0.013250 0.000010 0.084748 0.000010 0.005389 0.601583
0.039524 0.000010 0.013556 0.080689 0.043294 0.084310 0.000010 0.027379 0.020882 0.007238 0.044739 0.638369
0.000010 0.022740 0.000010 0.054574 0.054902 0.000010 0.016941 0.027103 0.000010 0.045272 0.000010 0.778418
0.078029 0.000010 0.042114 0.022119 0.007529 0.047216 0.022907 0.000010 0.028967 0.036850 0.004040 0.710209
0.000010 0.000010 0.000010 0.013459 0.018841 0.000010 0.012164 0.000010 0.000010 0.000010 0.005062 0.950404
0.187359 0.000010 0.030020 0.043726 0.055207 0.016016 0.020179 0.000010 0.022515 0.006155 0.037756 0.581047
0.064033 0.066284 0.000010 0.074686 0.025201 0.020863 0.035908 0.000010 0.001165 0.000010 0.065122 0.646709
0.674088 0.018765 0.040778 0.000010 0.022483 0.011155 0.000010 0.000010 0.127283 0.028532 0.001098 0.075788
0.021891 0.077839 0.000010 0.002673 0.023715 0.000010 0.023298 0.000010 0.105628 0.055973 0.059153 0.629801
0.000010 0.002053 0.000010 0.080297 0.011746 0.000010 0.034212 0.000010 0.036356 0.000010 0.008512 0.826774
0.033399 0.070859 0.021735 0.089669 0.000010 0.000010 0.000010 0.000010 0.058407 0.023183 0.000010 0.702698
0.544506 0.000010 0.000010 0.041074 0.028859 0.001994 0.017641 0.000010 0.058273 0.062321 0.010301 0.235000
0.937412 0.000010 0.000010 0.000010 0.000010 0.000010 0.011335 0.000010 0.022842 0.000010 0.024880 0.003462
0.016883 0.000010 0.031007 0.087974 0.000010 0.019566 0.027614 0.000010 0.012805 0.000010 0.053082 0.751029
0.000010 0.000010 0.699766 0.000010 0.000010 0.000010 0.300132 0.000010 0.000010 0.000012 0.000010 0.000010
0.861663 0.000010 0.000010 0.033877 0.007958 0.000010 0.005439 0.038805 0.052198 0.000010 0.000010 0.000010
0.949483 0.000010 0.000010 0.014378 0.000010 0.000010 0.000010 0.000010 0.000010 0.000010 0.035199 0.000860
0.078988 0.035138 0.010411 0.047297 0.032238 0.027356 0.018966 0.003844 0.027544 0.000010 0.008753 0.709457
0.418786 0.000010 0.000010 0.032579 0.029318 0.000654 0.037779 0.109092 0.040018 0.000010 0.007144 0.324601
0.168054 0.001845 0.000010 0.029926 0.000010 0.000010 0.019049 0.000010 0.094182 0.000010 0.089234 0.597658
0.000010 0.024862 0.000010 0.002890 0.000010 0.000010 0.051671 0.041168 0.065393 0.000010 0.000010 0.813956
0.983297 0.000010 0.000010 0.000010 0.000010 0.000010 0.016603 0.000010 0.000010 0.000010 0.000010 0.000010
0.943657 0.000010 0.000010 0.000010 0.000010 0.000010 0.000010 0.000010 0.056243 0.000010 0.000010 0.000010
0.488713 0.019489 0.000010 0.000010 0.041839 0.003132 0.035716 0.000010 0.000010 0.000010 0.028232 0.382830
0.092038 0.000010 0.000010 0.000010 0.000010 0.000010 0.000010 0.000010 0.856050 0.000010 0.046192 0.005640
0.000010 0.000010 0.000010 0.000010 0.000010 0.113465 0.000010 0.000010 0.000010 0.886435 0.000010 0.000010
0.036572 0.019049 0.042406 0.058554 0.067636 0.000010 0.024860 0.021521 0.032643 0.000010 0.011454 0.685286
0.836305 0.014871 0.039789 0.000010 0.005917 0.000010 0.000010 0.009751 0.041445 0.000010 0.006113 0.045768
0.000010 0.000010 0.000010 0.000010 0.000010 0.125150 0.000010 0.000010 0.000010 0.874750 0.000010 0.000010
0.000010 0.000010 0.372796 0.000010 0.000010 0.000010 0.168840 0.000010 0.000010 0.000010 0.458274 0.000010
0.000010 0.000010 0.000010 0.000010 0.000010 0.999890 0.000010 0.000010 0.000010 0.000010 0.000010 0.000010
0.226172 0.000010 0.000010 0.000010 0.002659 0.017420 0.008427 0.000010 0.676108 0.000010 0.000010 0.069154
0.518302 0.000010 0.000010 0.022994 0.021344 0.045878 0.020445 0.000010 0.036465 0.000010 0.092007 0.242524
0.679689 0.000010 0.019517 0.023736 0.007257 0.028416 0.000010 0.000010 0.039676 0.000010 0.039083 0.162586
0.321088 0.039111 0.031856 0.000010 0.088722 0.001208 0.000010 0.084851 0.014247 0.026692 0.078031 0.314173
0.829691 0.000010 0.024584 0.019411 0.000010 0.000010 0.000010 0.000010 0.119834 0.000010 0.006410 0.000010
0.999890 0.000010 0.000010 0.000010 0.000010 0.000010 0.000010 0.000010 0.000010 0.000010 0.000010 0.000010
0.008522 0.000010 0.000010 0.000010 0.000010 0.000010 0.040053 0.013690 0.219336 0.000010 0.110863 0.607476
0.607423 0.048691 0.000010 0.051341 0.000010 0.012905 0.005511 0.000010 0.000010 0.003577 0.042163 0.228350
0.389230 0.014409 0.000010 0.015441 0.000010 0.074444 0.022594 0.000010 0.233978 0.000010 0.020839 0.229025
0.373020 0.055158 0.000010 0.018266 0.090405 0.005504 0.001276 0.000010 0.008726 0.035861 0.000010 0.411755
0.598656 0.000010 0.033553 0.021120 0.016272 0.000010 0.000010 0.000010 0.117364 0.000010 0.055646 0.157338
0.348244 0.000010 0.000010 0.000010 0.000010 0.000010 0.000010 0.000010 0.651656 0.000010 0.000010 0.000010
0.192461 0.000010 0.000010 0.000010 0.000010 0.000010 0.000010 0.000010 0.807439 0.000010 0.000010 0.000010
0.515813 0.000010 0.000010 0.033126 0.001188 0.000010 0.008579 0.000010 0.439720 0.000010 0.001513 0.000010
0.977619 0.000010 0.000010 0.000010 0.000010 0.000010 0.000010 0.000010 0.022281 0.000010 0.000010 0.000010
0.894191 0.000010 0.009401 0.022533 0.027571 0.000010 0.016822 0.005270 0.000010 0.000010 0.024161 0.000010
0.088076 0.023641 0.065815 0.048864 0.024327 0.000010 0.000010 0.000010 0.114805 0.000010 0.043045 0.591388
0.034657 0.024003 0.000010 0.052350 0.012676 0.000010 0.036348 0.000010 0.674920 0.013351 0.003656 0.148010
0.000010 0.000493 0.022920 0.079388 0.000010 0.000010 0.000010 0.070779 0.048269 0.007796 0.010774 0.759539
0.919817 0.000010 0.007893 0.008899 0.000010 0.000010 0.000010 0.000010 0.049229 0.000010 0.014091 0.000010
0.035769 0.000010 0.053061 0.000010 0.007708 0.016585 0.000999 0.024102 0.260388 0.000010 0.090617 0.510740
0.578378 0.051677 0.052607 0.133672 0.094408 0.004133 0.003513 0.000010 0.040765 0.000010 0.033806 0.007022
0.265859 0.000010 0.000010 0.000010 0.000010 0.000010 0.024967 0.014291 0.479944 0.000010 0.067078 0.147801
0.097575 0.019283 0.035835 0.071922 0.065965 0.000010 0.009034 0.000010 0.000010 0.000899 0.000010 0.699448
0.603983 0.000010 0.000010 0.035516 0.014058 0.000709 0.001476 0.000010 0.193909 0.000010 0.065270 0.085040
0.015068 0.064097 0.000010 0.000010 0.000010 0.006644 0.013928 0.000010 0.248017 0.000010 0.089461 0.562735
