0.406660 0.002383 0.527624 0.063333
0.552628 0.077885 0.343019 0.026468
0.457544 0.049221 0.489331 0.003903
0.089011 0.000019 0.000010 0.910959
0.550578 0.087018 0.362393 0.000010
0.191735 0.000010 0.780408 0.027847
0.208392 0.000010 0.358507 0.433091
0.032979 0.000010 0.952752 0.014259
0.706926 0.020646 0.218192 0.054236
0.071463 0.000010 0.912604 0.015923
0.233330 0.000076 0.761803 0.004791
0.472186 0.059221 0.468583 0.000010
0.751957 0.012324 0.082167 0.153552
0.446641 0.006058 0.053282 0.494019
0.007503 0.015799 0.959882 0.016816
0.472807 0.072841 0.438025 0.016327
0.210355 0.010762 0.754790 0.024093
0.158401 0.000010 0.540866 0.300723
0.578760 0.000010 0.421220 0.000010
0.000010 0.999413 0.000010 0.000567
0.000010 0.976215 0.017605 0.006169
0.000010 0.999970 0.000010 0.000010
0.000010 0.965883 0.034097 0.000010
0.173176 0.050941 0.038495 0.737388
0.774432 0.000010 0.187945 0.037613
0.000010 0.993828 0.000010 0.006152
0.620188 0.132971 0.213871 0.032970
0.000010 0.988533 0.000010 0.011447
0.718845 0.050524 0.199938 0.030694
0.682429 0.062713 0.191330 0.063528
0.825628 0.068244 0.106117 0.000010
0.737238 0.030451 0.195877 0.036435
0.655305 0.069802 0.076627 0.198265
0.800359 0.047330 0.068260 0.084050
0.610035 0.066255 0.314811 0.008899
0.283042 0.013801 0.328796 0.374361
0.195231 0.000010 0.359888 0.444871
0.089251 0.833935 0.000010 0.076804
0.829349 0.000010 0.131976 0.038665
0.774065 0.066901 0.143964 0.015070
0.000010 0.000010 0.999970 0.000010
0.631383 0.046548 0.277531 0.044538
0.191096 0.008718 0.774139 0.026046
0.122861 0.000010 0.851756 0.025373
0.965850 0.025925 0.000461 0.007764
0.027264 0.972716 0.000010 0.000010
0.043091 0.948938 0.007960 0.000010
0.395079 0.487588 0.040545 0.076788
0.763713 0.059309 0.109367 0.067611
0.738481 0.061884 0.117028 0.082606
0.813102 0.004662 0.134967 0.047269
0.748969 0.123077 0.065402 0.062552
0.714464 0.000010 0.202725 0.082801
0.778587 0.032463 0.152592 0.036358
0.812939 0.071505 0.049381 0.066175
0.776711 0.014872 0.187652 0.020765
0.037881 0.043049 0.903471 0.015598
0.811720 0.002056 0.116958 0.069266
0.815854 0.001902 0.145776 0.036467
0.192802 0.000010 0.755838 0.051350
0.812146 0.044470 0.143373 0.000010
0.725866 0.000010 0.217055 0.057069
0.421140 0.045232 0.521561 0.012066
0.764983 0.039634 0.157922 0.037460
0.758604 0.029215 0.171108 0.041073
0.429597 0.064542 0.258308 0.247553
0.179697 0.439844 0.000010 0.380450
0.208519 0.066469 0.019787 0.705225
0.052934 0.023549 0.900736 0.022781
0.830582 0.013075 0.079609 0.076734
0.704439 0.060131 0.157795 0.077636
0.765832 0.032399 0.153789 0.047980
0.708233 0.042847 0.242778 0.006143
0.727203 0.029081 0.214191 0.029525
0.712377 0.006388 0.237300 0.043936
0.814178 0.055436 0.130376 0.000010
0.793802 0.038606 0.148112 0.019480
0.752213 0.082482 0.165295 0.000010
0.000010 0.949529 0.000010 0.050451
0.747536 0.004224 0.210982 0.037258
0.772061 0.062845 0.154046 0.011047
0.176438 0.024837 0.759246 0.039479
0.204541 0.001032 0.762664 0.031763
0.705583 0.084906 0.208174 0.001337
0.113156 0.000010 0.818671 0.068163
0.000010 0.936527 0.007439 0.056023
0.161822 0.810773 0.025264 0.002141
0.230048 0.003310 0.731674 0.034968
0.607567 0.043963 0.278819 0.069651
0.085154 0.882304 0.000010 0.032533
0.097038 0.865931 0.027793 0.009238
0.138960 0.814747 0.023516 0.022776
0.078785 0.902016 0.017427 0.001772
0.127724 0.859416 0.000010 0.012850
0.396868 0.310203 0.239727 0.053203
0.844994 0.040136 0.071681 0.043190
0.805080 0.054207 0.083676 0.057037
0.456162 0.035649 0.479749 0.028439
0.000010 0.050945 0.880225 0.068820
0.812290 0.079582 0.057032 0.051096
0.779331 0.035916 0.176858 0.007896
0.846442 0.090444 0.000010 0.063103
0.628804 0.000010 0.365894 0.005292
0.000010 0.000010 0.000010 0.999970
0.163430 0.000010 0.830121 0.006439
0.470520 0.039309 0.015704 0.474467
0.272284 0.000010 0.683801 0.043905
0.736813 0.000010 0.222617 0.040560
0.590153 0.020257 0.368841 0.020749
0.078450 0.008730 0.905383 0.007437
0.770508 0.097994 0.074960 0.056538
0.341788 0.000010 0.658192 0.000010
0.176407 0.000010 0.821100 0.002483
0.035294 0.000010 0.942845 0.021852
0.707458 0.017659 0.274873 0.000010
0.287156 0.018446 0.646556 0.047842
0.000010 0.000010 0.000010 0.999970
0.000015 0.000010 0.000010 0.999965
0.109538 0.015668 0.872767 0.002027
0.000010 0.000010 0.000010 0.999970
0.109004 0.028078 0.831569 0.031349
0.000010 0.000010 0.999970 0.000010
0.000010 0.000010 0.000010 0.999970
0.000010 0.000010 0.000010 0.999970
0.000010 0.000010 0.000010 0.999970
0.000010 0.000010 0.000010 0.999970
0.103355 0.041817 0.000010 0.854818
0.596740 0.070233 0.290679 0.042347
0.646820 0.035608 0.278985 0.038588
0.000010 0.000010 0.000010 0.999970
0.260833 0.017154 0.534286 0.187727
0.150804 0.014159 0.804823 0.030214
0.000010 0.000019 0.000010 0.999961
0.040310 0.000956 0.003121 0.955612
0.000015 0.000010 0.000010 0.999965
0.669160 0.060482 0.239218 0.031140
0.617255 0.000010 0.340615 0.042121
0.637286 0.049634 0.288142 0.024938
0.714969 0.044292 0.211448 0.029291
0.032712 0.000010 0.056091 0.911187
0.000010 0.464372 0.077441 0.458176
0.000010 0.000013 0.000010 0.999967
0.000010 0.000010 0.000010 0.999970
0.000010 0.000010 0.000010 0.999970
0.000010 0.000010 0.000010 0.999970
0.000010 0.000020 0.000010 0.999960
0.000010 0.000011 0.000010 0.999969
0.539383 0.084915 0.339508 0.036194
0.000010 0.000010 0.000010 0.999970
0.070558 0.039002 0.000010 0.890430
0.043012 0.010330 0.946648 0.000010
0.110510 0.034685 0.005413 0.849392
0.254152 0.000010 0.178297 0.567542
0.000010 0.000010 0.000010 0.999970
0.000010 0.000010 0.000010 0.999970
0.000010 0.000010 0.000010 0.999970
0.000010 0.000010 0.000010 0.999970
0.022657 0.000010 0.000010 0.977323
0.000010 0.000010 0.000010 0.999970
0.822411 0.000010 0.174097 0.003482
0.165247 0.742110 0.000010 0.092633
0.268371 0.657766 0.000010 0.073853
0.234745 0.689053 0.000010 0.076192
0.000010 0.000010 0.000010 0.999970
0.000010 0.000010 0.000010 0.999970
0.257832 0.670331 0.000010 0.071827
0.244051 0.671996 0.011326 0.072627
0.241002 0.672182 0.016585 0.070231
0.000010 0.000010 0.000010 0.999970
0.000010 0.000010 0.000010 0.999970
0.832501 0.069600 0.010752 0.087147
0.000010 0.000010 0.000010 0.999970
0.711575 0.000010 0.274231 0.014183
0.334824 0.000010 0.000010 0.665156
0.333603 0.000010 0.000010 0.666377
0.285479 0.000010 0.714501 0.000010
0.356656 0.000010 0.000010 0.643324
0.030940 0.939020 0.023054 0.006985
0.679698 0.183394 0.055071 0.081837
0.346061 0.026140 0.535865 0.091935
0.401060 0.436570 0.068525 0.093844
0.407368 0.024949 0.180543 0.387140
0.426461 0.011658 0.148907 0.412974
0.078166 0.001570 0.910819 0.009445
0.232724 0.062929 0.000010 0.704337
0.418195 0.060114 0.483282 0.038410
0.077161 0.004687 0.845920 0.072231
0.170146 0.000010 0.487876 0.341967
0.871322 0.031659 0.067260 0.029759
0.393915 0.019557 0.532661 0.053867
0.774805 0.006208 0.218977 0.000010
0.393168 0.497748 0.042925 0.066158
0.055540 0.018560 0.023593 0.902308
0.367606 0.539830 0.020955 0.071609
0.227749 0.696485 0.000010 0.075755
0.392972 0.054509 0.552509 0.000010
0.260925 0.006567 0.720674 0.011834
0.300728 0.672745 0.000010 0.026517
0.256802 0.061950 0.655212 0.026036
0.149828 0.015898 0.811757 0.022517
0.060072 0.011645 0.920146 0.008137
0.689884 0.149715 0.143766 0.016635
0.851815 0.076171 0.000010 0.072004
0.357004 0.010652 0.588407 0.043937
0.220553 0.704623 0.000010 0.074814
0.677174 0.113157 0.193543 0.016126
0.276206 0.003744 0.626994 0.093056
0.401245 0.448935 0.000010 0.149810
0.617243 0.129010 0.240949 0.012798
0.000010 0.000010 0.000010 0.999970
0.245843 0.026238 0.669368 0.058552
0.267488 0.000010 0.695020 0.037482
0.281803 0.056269 0.632178 0.029750
0.160454 0.000010 0.817811 0.021725
0.499539 0.028018 0.367348 0.105095
0.579968 0.076425 0.281247 0.062359
0.055913 0.000010 0.944067 0.000010
0.000010 0.000010 0.983175 0.016805
0.660785 0.043966 0.262310 0.032939
0.050618 0.000010 0.797330 0.152042
0.629203 0.093907 0.179822 0.097067
0.111359 0.020689 0.800076 0.067876
0.194712 0.000010 0.760639 0.044639
0.683230 0.168001 0.148759 0.000010
0.066311 0.000010 0.933669 0.000010
0.226819 0.020058 0.395549 0.357574
0.079343 0.000010 0.894368 0.026279
0.169780 0.000010 0.486158 0.344052
0.314558 0.023585 0.643516 0.018341
0.079217 0.000010 0.873487 0.047286
0.214254 0.000010 0.751131 0.034605
0.422799 0.005590 0.213148 0.358463
0.592120 0.026588 0.326284 0.055008
0.775431 0.017195 0.148497 0.058877
0.562317 0.000010 0.219621 0.218052
0.518147 0.004860 0.187678 0.289315
0.561308 0.063294 0.294515 0.080883
0.699549 0.065466 0.157004 0.077981
0.501787 0.015357 0.247361 0.235494
0.779004 0.013706 0.146667 0.060623
0.441624 0.000010 0.538138 0.020228
0.578492 0.000010 0.367017 0.054481
0.648945 0.000010 0.310392 0.040653
0.815180 0.099688 0.000010 0.085122
0.422252 0.434096 0.034368 0.109284
0.365050 0.484931 0.017018 0.133001
0.903656 0.045851 0.000010 0.050484
0.513967 0.000826 0.419560 0.065646
0.561806 0.063913 0.293599 0.080681
0.717973 0.000010 0.213312 0.068706
0.573643 0.208590 0.034130 0.183637
0.608811 0.000010 0.000010 0.391169
0.137095 0.834195 0.000010 0.028700
0.555707 0.051265 0.323682 0.069346
0.017300 0.009669 0.944193 0.028838
0.173835 0.000010 0.814598 0.011557
0.823631 0.073271 0.065240 0.037858
0.759442 0.081411 0.149410 0.009737
0.070446 0.000010 0.927606 0.001937
0.283100 0.000010 0.316040 0.400851
0.445588 0.000010 0.411258 0.143143
0.410155 0.000010 0.514338 0.075497
0.000010 0.971586 0.000010 0.028394
0.275649 0.000010 0.707526 0.016815
0.032302 0.000010 0.950763 0.016926
0.413125 0.013064 0.543177 0.030635
0.244358 0.000010 0.725727 0.029905
0.345377 0.005965 0.584674 0.063984
0.424217 0.053324 0.491950 0.030508
0.883339 0.016894 0.038192 0.061574
0.314362 0.000010 0.677170 0.008458
0.230713 0.000010 0.761079 0.008199
0.246004 0.000010 0.736953 0.017033
0.573126 0.022479 0.351881 0.052515
0.011795 0.015728 0.972467 0.000010
0.676820 0.000010 0.295258 0.027912
0.725712 0.007827 0.205134 0.061327
0.691795 0.020114 0.259045 0.029046
0.703470 0.034727 0.199600 0.062203
0.615129 0.000010 0.384851 0.000010
0.058756 0.000010 0.936609 0.004625
0.155871 0.000010 0.817212 0.026907
0.168636 0.000010 0.831344 0.000010
0.080363 0.000010 0.916429 0.003198
0.645922 0.000010 0.313247 0.040821
0.382544 0.019343 0.112929 0.485185
0.335459 0.006946 0.572716 0.084880
0.254457 0.006908 0.569286 0.169350
0.756342 0.055852 0.180875 0.006932
0.065292 0.000010 0.910783 0.023914
0.679370 0.102747 0.217449 0.000434
0.165040 0.000010 0.815334 0.019616
0.000010 0.000010 0.999970 0.000010
0.237045 0.005719 0.757226 0.000010
0.653133 0.057407 0.218958 0.070501
0.000010 0.000010 0.999970 0.000010
0.825341 0.059053 0.115596 0.000010
0.790247 0.071819 0.137924 0.000010
0.883537 0.012774 0.103679 0.000010
0.827889 0.079904 0.092198 0.000010
0.796968 0.067585 0.135437 0.000010
0.137591 0.007752 0.009931 0.844726
0.354683 0.000010 0.618097 0.027210
0.025139 0.000010 0.957388 0.017462
0.179269 0.000010 0.820029 0.000692
0.230578 0.000010 0.756510 0.012902
0.031656 0.000010 0.968324 0.000010
0.799573 0.063136 0.137281 0.000010
0.037313 0.003615 0.944794 0.014278
0.590342 0.086578 0.288971 0.034109
0.000010 0.000010 0.000010 0.999970
0.840873 0.050585 0.085016 0.023526
0.756125 0.000010 0.208409 0.035456
0.554547 0.027052 0.418391 0.000010
0.776247 0.043769 0.146179 0.033805
0.830171 0.127324 0.036416 0.006090
0.710170 0.063094 0.184867 0.041870
0.852633 0.065243 0.082114 0.000010
0.643809 0.039420 0.287386 0.029385
0.786307 0.000010 0.193530 0.020153
0.138304 0.023518 0.803635 0.034542
0.696175 0.091218 0.201586 0.011021
0.858725 0.027815 0.108011 0.005450
0.723048 0.076896 0.200046 0.000010
0.270366 0.064355 0.652725 0.012554
0.011580 0.000010 0.988000 0.000409
0.821479 0.000010 0.143122 0.035389
0.053076 0.000010 0.023883 0.923031
0.012792 0.031681 0.940751 0.014776
0.004194 0.000010 0.995786 0.000010
0.757515 0.018962 0.204405 0.019118
0.405518 0.053729 0.511442 0.029311
0.658266 0.000010 0.331143 0.010582
0.763495 0.086672 0.123623 0.026210
0.000010 0.000010 0.993877 0.006103
0.000010 0.000010 0.999970 0.000010
0.408231 0.000010 0.576811 0.014948
0.320648 0.000010 0.638184 0.041158
0.000010 0.931829 0.000010 0.068151
0.785649 0.024474 0.167660 0.022217
0.065717 0.000010 0.909159 0.025114
0.000010 0.917006 0.000010 0.082974
0.393327 0.037436 0.094455 0.474781
0.590275 0.000010 0.000010 0.409705
0.284709 0.000010 0.665739 0.049542
0.353796 0.000010 0.608556 0.037639
0.204725 0.000010 0.771303 0.023962
0.472957 0.105582 0.408322 0.013138
0.000010 0.000010 0.976642 0.023338
0.000010 0.000010 0.999970 0.000010
0.669176 0.037824 0.268252 0.024748
0.281460 0.013916 0.698755 0.005870
0.352684 0.000010 0.592919 0.054387
0.486302 0.055840 0.457848 0.000010
0.219853 0.008586 0.748810 0.022750
0.136048 0.008772 0.808130 0.047050
0.156829 0.023122 0.794838 0.025211
0.155190 0.000010 0.824603 0.020197
0.000010 0.000010 0.999970 0.000010
0.045301 0.000010 0.937183 0.017505
0.666238 0.037231 0.270175 0.026356
0.394976 0.050931 0.490071 0.064022
0.811605 0.107238 0.081147 0.000010
0.000010 0.000010 0.989376 0.010604
0.649231 0.040110 0.277005 0.033654
0.269532 0.000010 0.672282 0.058176
0.324544 0.025763 0.609919 0.039773
0.724130 0.057675 0.202691 0.015505
0.202818 0.000010 0.788986 0.008185
0.691433 0.000010 0.295817 0.012740
0.809296 0.050138 0.108779 0.031788
0.699994 0.077668 0.181944 0.040394
0.550447 0.066261 0.382114 0.001178
0.830724 0.034349 0.134917 0.000010
0.727871 0.164627 0.036956 0.070545
0.684428 0.013729 0.268636 0.033207
0.291863 0.019952 0.688175 0.000010
0.058646 0.000010 0.935954 0.005390
0.142106 0.021342 0.826441 0.010112
0.110887 0.003281 0.885822 0.000010
0.825170 0.026842 0.147979 0.000010
0.458654 0.038411 0.470561 0.032375
0.316732 0.040498 0.626304 0.016466
0.055179 0.688331 0.227016 0.029473
0.141441 0.025702 0.822657 0.010200
0.147756 0.000010 0.835298 0.016936
0.000010 0.000020 0.000010 0.999960
0.000010 0.000010 0.000010 0.999970
0.680600 0.049817 0.269572 0.000010
0.678365 0.025891 0.275503 0.020240
0.561186 0.017355 0.406818 0.014640
0.532987 0.030506 0.432313 0.004195
0.000010 0.000010 0.000010 0.999970
0.000010 0.000010 0.000010 0.999970
0.824507 0.019633 0.155850 0.000010
0.839554 0.000010 0.160426 0.000010
0.000010 0.000010 0.000010 0.999970
0.000010 0.000010 0.000010 0.999970
0.000010 0.000010 0.000010 0.999970
0.793882 0.063605 0.142503 0.000010
0.832696 0.044636 0.122658 0.000010
0.496703 0.134653 0.215121 0.153523
0.695343 0.102318 0.172115 0.030224
0.566164 0.248445 0.000613 0.184777
0.749804 0.121266 0.106798 0.022132
0.000010 0.000010 0.000010 0.999970
0.744216 0.090710 0.165064 0.000010
0.684329 0.000010 0.302268 0.013393
0.315830 0.012234 0.135104 0.536833
0.068950 0.000010 0.032783 0.898257
0.782249 0.020781 0.196960 0.000010
0.000010 0.000010 0.000010 0.999970
0.000014 0.000010 0.000010 0.999966
0.000010 0.000010 0.000010 0.999970
0.000010 0.000010 0.000010 0.999970
0.000010 0.000010 0.000010 0.999970
0.291284 0.017412 0.691294 0.000010
0.224380 0.017342 0.631923 0.126355
0.238631 0.000010 0.618786 0.142573
0.000010 0.000010 0.000010 0.999970
0.482474 0.000010 0.000010 0.517506
0.389115 0.052759 0.490341 0.067784
0.128235 0.000010 0.861059 0.010696
0.348056 0.000010 0.600806 0.051128
0.592504 0.038764 0.368722 0.000010
0.614693 0.023096 0.347569 0.014642
0.224197 0.000010 0.767400 0.008393
0.648490 0.019590 0.331910 0.000010
0.528237 0.006303 0.405325 0.060135
0.174483 0.000010 0.790482 0.035025
0.243125 0.013630 0.686245 0.057000
0.532661 0.020842 0.446487 0.000010
0.195723 0.041332 0.742053 0.020892
0.514742 0.000533 0.407652 0.077072
0.654604 0.248820 0.000010 0.096565
0.592286 0.110312 0.262634 0.034767
0.429975 0.039694 0.492632 0.037700
0.458929 0.000010 0.522209 0.018852
0.091157 0.016239 0.890028 0.002575
0.403780 0.485500 0.051818 0.058902
0.650632 0.134404 0.054738 0.160226
0.273380 0.010449 0.690536 0.025635
0.236774 0.000010 0.761310 0.001906
0.068298 0.002268 0.537609 0.391826
0.349656 0.044816 0.589948 0.015580
0.166211 0.065001 0.019851 0.748937
0.406433 0.018629 0.536723 0.038215
0.773605 0.079276 0.056135 0.090984
0.114429 0.000010 0.885551 0.000010
0.000010 0.000010 0.996449 0.003531
0.107699 0.008933 0.883358 0.000010
0.188281 0.000010 0.811699 0.000010
0.186599 0.761257 0.037647 0.014497
0.919151 0.000010 0.080829 0.000010
0.887009 0.051016 0.000010 0.061966
0.745734 0.000010 0.231639 0.022617
0.467346 0.000010 0.505519 0.027125
0.798733 0.032416 0.168841 0.000010
0.746951 0.008339 0.227172 0.017538
0.865705 0.076811 0.000010 0.057474
0.125394 0.000010 0.874586 0.000010
0.064772 0.044465 0.890753 0.000010
0.811182 0.000010 0.160253 0.028555
0.049639 0.000010 0.950341 0.000010
0.761290 0.054161 0.157986 0.026563
0.232449 0.720346 0.023098 0.024106
0.790989 0.004974 0.199982 0.004055
0.000010 0.999970 0.000010 0.000010
0.403085 0.558313 0.000010 0.038593
0.521705 0.044590 0.023555 0.410151
0.084525 0.872092 0.000010 0.043372
0.000010 0.000010 0.000010 0.999970
0.264629 0.000017 0.735344 0.000010
0.804470 0.063253 0.123168 0.009109
0.702692 0.066038 0.202657 0.028613
0.058348 0.000010 0.044469 0.897173
0.465853 0.042057 0.451751 0.040339
0.615106 0.170501 0.109032 0.105361
0.841230 0.033203 0.110396 0.015170
0.778742 0.000010 0.179231 0.042017
0.722779 0.000010 0.236508 0.040703
0.552034 0.025781 0.344089 0.078096
0.748004 0.033827 0.192443 0.025726
0.179398 0.048929 0.000010 0.771664
0.181245 0.061358 0.038021 0.719376
0.146704 0.017968 0.000010 0.835318
0.810914 0.037949 0.100121 0.051017
0.905161 0.041430 0.000010 0.053399
0.336516 0.658234 0.005240 0.000010
0.681702 0.233106 0.036088 0.049103
0.000010 0.000010 0.999970 0.000010
0.058279 0.000010 0.798422 0.143289
0.401914 0.009046 0.580714 0.008326
0.233840 0.021541 0.656398 0.088221
0.798186 0.018061 0.169979 0.013775
0.051129 0.000010 0.948851 0.000010
0.042683 0.005876 0.943662 0.007779
0.199702 0.067192 0.022060 0.711046
0.202502 0.003184 0.019595 0.774720
0.000010 0.014894 0.984552 0.000544
0.663141 0.051887 0.233082 0.051890
0.108149 0.016431 0.848337 0.027084
0.295165 0.000010 0.665777 0.039048
0.753360 0.000010 0.212027 0.034602
0.094516 0.000010 0.021769 0.883705
0.207284 0.000010 0.442553 0.350153
0.565345 0.162011 0.038230 0.234414
0.177298 0.030553 0.727820 0.064328
0.536509 0.055883 0.384050 0.023557
0.277644 0.000032 0.667830 0.054494
0.067689 0.000010 0.029602 0.902699
0.092080 0.000010 0.907900 0.000010
0.268942 0.033607 0.663458 0.033994
0.477528 0.000010 0.477181 0.045281
0.293215 0.036099 0.659591 0.011096
0.385115 0.486061 0.041414 0.087410
0.903284 0.050009 0.000010 0.046698
0.368053 0.505351 0.018892 0.107705
0.632866 0.154861 0.185864 0.026410
0.604863 0.123027 0.244191 0.027919
0.055623 0.796834 0.035963 0.111580
0.074909 0.801417 0.000010 0.123664
0.807585 0.040820 0.123987 0.027608
0.046820 0.828875 0.000010 0.124294
0.473559 0.393200 0.110636 0.022605
0.369108 0.603278 0.002812 0.024802
0.821879 0.000010 0.148095 0.030016
0.785840 0.000010 0.187338 0.026812
0.797183 0.000010 0.193703 0.009105
0.755719 0.000010 0.223745 0.020526
0.772312 0.014223 0.200624 0.012841
0.775430 0.012677 0.190380 0.021513
0.789929 0.000010 0.163594 0.046467
0.834675 0.000010 0.165305 0.000010
0.807693 0.000010 0.192287 0.000010
0.131079 0.834115 0.000010 0.034795
0.115554 0.859047 0.007965 0.017433
0.053372 0.839577 0.000010 0.107041
0.000010 0.000010 0.999970 0.000010
0.049032 0.796150 0.000010 0.154808
0.601737 0.004463 0.306406 0.087395
0.076632 0.786672 0.026394 0.110302
0.078013 0.870483 0.000010 0.051494
0.098531 0.889414 0.000010 0.012046
0.157794 0.823919 0.000010 0.018276
0.039455 0.892110 0.011811 0.056624
0.084617 0.864899 0.038595 0.011888
0.000010 0.994545 0.005435 0.000010
0.119203 0.015109 0.846453 0.019236
0.608760 0.080985 0.283902 0.026354
0.845036 0.000010 0.154944 0.000010
0.037152 0.934699 0.000010 0.028140
0.000010 0.000010 0.999970 0.000010
0.828607 0.000010 0.168357 0.003026
0.849000 0.000010 0.137247 0.013743
0.000010 0.000010 0.999970 0.000010
0.735765 0.060441 0.174414 0.029381
0.000010 0.960312 0.039668 0.000010
0.804631 0.000010 0.147319 0.048040
0.809164 0.000010 0.181842 0.008984
0.765584 0.007960 0.199534 0.026922
0.000010 0.999970 0.000010 0.000010
0.668396 0.048369 0.245505 0.037730
0.204874 0.034423 0.648085 0.112619
0.288579 0.677760 0.000010 0.033651
0.270192 0.709409 0.000010 0.020388
0.347408 0.632758 0.007104 0.012730
0.000010 0.000010 0.000010 0.999970
0.069389 0.008753 0.010793 0.911065
0.000010 0.973755 0.000010 0.026225
0.117758 0.806415 0.000010 0.075817
0.000010 0.999970 0.000010 0.000010
0.000010 0.985077 0.000010 0.014903
0.000010 0.999970 0.000010 0.000010
0.000010 0.999970 0.000010 0.000010
0.000010 0.991857 0.000010 0.008123
0.045491 0.839264 0.057044 0.058201
0.320613 0.642662 0.000010 0.036714
0.312038 0.648159 0.020474 0.019330
0.062833 0.930227 0.000010 0.006930
0.298090 0.680573 0.021327 0.000010
0.692180 0.079569 0.062088 0.166163
0.261037 0.041106 0.697847 0.000010
0.790880 0.038335 0.151173 0.019612
0.779709 0.000010 0.182179 0.038102
0.790004 0.000010 0.181448 0.028538
0.329129 0.497742 0.044193 0.128935
0.596134 0.161140 0.038463 0.204263
0.478086 0.049555 0.414529 0.057831
0.719763 0.007354 0.211242 0.061641
0.426251 0.459706 0.015382 0.098661
0.089850 0.000010 0.884192 0.025948
0.000017 0.999963 0.000010 0.000010
0.086774 0.804638 0.030530 0.078058
0.000010 0.986523 0.000010 0.013457
0.794795 0.000010 0.174695 0.030499
0.076242 0.879464 0.000010 0.044283
0.000010 0.981723 0.010067 0.008200
0.000010 0.950065 0.039057 0.010869
0.000010 0.965557 0.034423 0.000010
0.000010 0.998091 0.001889 0.000010
0.000010 0.989241 0.000010 0.010739
0.450744 0.127140 0.331574 0.090542
0.645530 0.093373 0.247039 0.014057
0.377925 0.450856 0.074528 0.096691
0.316664 0.513978 0.078235 0.091123
0.647483 0.091381 0.240861 0.020275
0.249737 0.000010 0.747807 0.002446
0.063142 0.044576 0.832418 0.059864
0.001807 0.021823 0.963621 0.012749
0.000010 0.999970 0.000010 0.000010
0.092467 0.001027 0.846058 0.060448
0.000010 0.991471 0.000010 0.008509
0.000010 0.999970 0.000010 0.000010
0.034167 0.932140 0.005467 0.028226
0.000456 0.958769 0.034911 0.005864
0.000010 0.992504 0.000010 0.007476
0.000010 0.976960 0.000010 0.023020
0.581818 0.023865 0.333216 0.061101
0.562170 0.006642 0.362772 0.068416
0.560274 0.266570 0.124681 0.048476
0.503594 0.088902 0.000010 0.407493
0.292218 0.114006 0.000010 0.593766
0.340463 0.097605 0.000010 0.561922
0.237381 0.064126 0.675599 0.022894
0.000010 0.966124 0.010963 0.022903
0.000010 0.999970 0.000010 0.000010
0.000010 0.999970 0.000010 0.000010
0.464215 0.092920 0.000010 0.442855
0.416737 0.071433 0.016833 0.494998
0.548419 0.041637 0.338675 0.071269
0.656142 0.000010 0.276546 0.067302
0.336738 0.107455 0.000010 0.555797
0.507049 0.041134 0.371225 0.080591
0.419719 0.000010 0.241117 0.339154
0.401579 0.128462 0.026112 0.443846
0.403979 0.040716 0.151172 0.404132
0.577262 0.013061 0.329931 0.079745
0.604036 0.000010 0.336073 0.059882
0.775347 0.000770 0.174326 0.049556
0.213834 0.704093 0.029356 0.052718
0.000010 0.999970 0.000010 0.000010
0.194574 0.776629 0.006770 0.022026
0.170724 0.823992 0.000010 0.005273
0.538529 0.061776 0.383681 0.016014
0.520685 0.033049 0.382077 0.064189
0.224060 0.051000 0.691263 0.033678
0.667758 0.101023 0.187225 0.043995
0.000010 0.000010 0.000010 0.999970
0.000010 0.478811 0.080837 0.440342
0.667270 0.000581 0.332138 0.000010
0.623940 0.040428 0.325219 0.010413
0.386730 0.489630 0.086754 0.036887
0.650844 0.141286 0.177758 0.030112
0.159869 0.046644 0.049390 0.744096
0.866504 0.000010 0.127473 0.006013
0.757803 0.030822 0.157281 0.054093
0.769970 0.036403 0.177245 0.016382
0.052281 0.000010 0.947699 0.000010
0.000010 0.019695 0.980285 0.000010
0.124463 0.000010 0.841743 0.033784
0.000010 0.000010 0.000010 0.999970
0.000010 0.000010 0.000010 0.999970
0.139946 0.799791 0.000010 0.060253
0.094495 0.767080 0.000010 0.138415
0.192554 0.579075 0.003339 0.225032
0.000010 0.000010 0.999970 0.000010
0.241605 0.697538 0.000010 0.060847
0.213172 0.686334 0.000010 0.100484
0.193716 0.718816 0.000010 0.087458
0.295787 0.681174 0.000010 0.023029
0.857242 0.000010 0.089322 0.053426
0.602207 0.207010 0.012938 0.177845
0.599642 0.276058 0.045209 0.079090
0.425262 0.451763 0.062044 0.060931
0.740788 0.056476 0.071561 0.131175
0.438279 0.478741 0.042470 0.040510
0.134654 0.023153 0.842183 0.000010
0.000010 0.999970 0.000010 0.000010
0.000010 0.999970 0.000010 0.000010
0.740679 0.020620 0.151543 0.087157
0.791828 0.034288 0.104821 0.069063
0.000010 0.999970 0.000010 0.000010
0.511917 0.000010 0.440375 0.047698
0.640102 0.041288 0.283487 0.035124
0.000010 0.999970 0.000010 0.000010
0.353758 0.507417 0.074990 0.063834
0.765903 0.000010 0.170642 0.063445
0.492126 0.143744 0.023929 0.340201
0.290527 0.029248 0.623259 0.056967
0.210253 0.000010 0.000010 0.789727
0.648077 0.000010 0.273197 0.078716
0.347919 0.511455 0.062572 0.078055
0.743251 0.054645 0.177067 0.025037
0.163789 0.000010 0.836191 0.000010
0.105214 0.004156 0.874914 0.015716
0.630164 0.052480 0.276220 0.041136
0.000010 0.000010 0.999970 0.000010
0.281304 0.000010 0.690279 0.028408
0.689997 0.052453 0.226036 0.031515
0.644960 0.044316 0.272355 0.038369
0.500033 0.302773 0.058929 0.138266
0.140064 0.000010 0.830491 0.029435
0.765233 0.031421 0.203336 0.000010
0.066730 0.001829 0.923856 0.007584
0.111664 0.000010 0.885407 0.002918
0.413164 0.481328 0.047266 0.058242
0.000010 0.999970 0.000010 0.000010
0.382197 0.500447 0.043086 0.074270
0.362706 0.482718 0.057682 0.096893
0.000010 0.922286 0.000010 0.077694
0.000010 0.959728 0.000010 0.040252
0.619334 0.299290 0.024480 0.056896
0.488977 0.355462 0.076751 0.078811
0.184804 0.016647 0.036865 0.761684
0.000010 0.999970 0.000010 0.000010
0.000010 0.999970 0.000010 0.000010
0.000010 0.000010 0.984074 0.015906
0.597528 0.209680 0.105784 0.087008
0.539263 0.269162 0.082875 0.108700
0.536952 0.273120 0.081265 0.108662
0.106362 0.000010 0.875408 0.018220
0.000010 0.999970 0.000010 0.000010
0.000010 0.999970 0.000010 0.000010
0.885750 0.063531 0.000010 0.050709
0.000010 0.999970 0.000010 0.000010
0.000010 0.994130 0.000010 0.005850
0.000010 0.953005 0.042504 0.004481
0.012655 0.987325 0.000010 0.000010
0.211401 0.029948 0.745488 0.013163
0.080172 0.041347 0.878471 0.000010
