0.064321 0.000010 0.407208 0.000010 0.000010 0.000010 0.012515 0.000010 0.000010 0.000010 0.008312 0.039740 0.005953 0.098806 0.000010 0.000010 0.363055
0.005815 0.000010 0.680654 0.014704 0.000010 0.023091 0.000010 0.054396 0.000010 0.000015 0.000010 0.000010 0.016615 0.000010 0.040940 0.014727 0.148974
0.000010 0.027816 0.282308 0.000010 0.014427 0.005139 0.017160 0.020977 0.048535 0.000010 0.000010 0.000010 0.000010 0.034097 0.003006 0.219425 0.327049
0.595781 0.000010 0.000010 0.000010 0.000010 0.000010 0.000010 0.000010 0.000010 0.000010 0.004244 0.000010 0.000010 0.000010 0.399835 0.000010 0.000010
0.000010 0.000010 0.627082 0.006410 0.000010 0.000010 0.019357 0.000010 0.023201 0.000010 0.057421 0.000010 0.062371 0.000010 0.000010 0.049387 0.154681
0.000010 0.012604 0.139686 0.000010 0.000010 0.000010 0.000010 0.004353 0.010629 0.007155 0.032656 0.000010 0.005328 0.043715 0.028620 0.016992 0.698203
0.270170 0.015542 0.000010 0.000010 0.000010 0.000010 0.000010 0.012105 0.000010 0.012973 0.000010 0.281988 0.000010 0.013904 0.170525 0.000010 0.222703
0.008221 0.000010 0.013749 0.055282 0.000010 0.000010 0.000010 0.000010 0.000010 0.039335 0.000010 0.000010 0.000010 0.000010 0.004463 0.000010 0.878840
0.041299 0.000010 0.587268 0.051117 0.000010 0.000010 0.055848 0.000010 0.015093 0.000010 0.017451 0.000010 0.015693 0.159178 0.034492 0.008281 0.014220
0.007729 0.000010 0.095741 0.056289 0.000010 0.000010 0.021134 0.000010 0.000010 0.000010 0.000010 0.000010 0.000010 0.007210 0.011062 0.000010 0.800735
0.000010 0.000010 0.162611 0.051651 0.000010 0.000010 0.182368 0.032860 0.018107 0.000010 0.000010 0.000010 0.000010 0.017779 0.000010 0.000010 0.534524
0.002244 0.000010 0.337355 0.000010 0.014926 0.000010 0.042577 0.018833 0.016353 0.023005 0.003119 0.000010 0.000010 0.150693 0.000010 0.092576 0.298258
0.000010 0.091315 0.084428 0.039794 0.013886 0.000010 0.000010 0.000010 0.000010 0.037693 0.158822 0.018408 0.000010 0.278262 0.158962 0.118361 0.000010
0.273657 0.037094 0.005596 0.002391 0.000010 0.000012 0.011528 0.000010 0.016499 0.018865 0.020671 0.034680 0.000010 0.304662 0.257385 0.016918 0.000010
0.000010 0.000010 0.039716 0.007535 0.000010 0.016051 0.048688 0.000010 0.000010 0.000010 0.001647 0.005680 0.000010 0.000010 0.022571 0.000010 0.858022
0.005862 0.036370 0.384951 0.010495 0.016577 0.037579 0.000010 0.010199 0.000010 0.000010 0.041029 0.040182 0.000010 0.059448 0.000010 0.069125 0.288133
0.015488 0.015031 0.148092 0.020334 0.000010 0.000010 0.013162 0.000010 0.000010 0.000010 0.000010 0.028158 0.047323 0.018752 0.000010 0.058988 0.634604
0.175061 0.014671 0.000010 0.000010 0.000010 0.000010 0.015747 0.000010 0.000010 0.037184 0.000010 0.206020 0.000010 0.000010 0.127587 0.017184 0.406457
0.000010 0.018919 0.000010 0.651775 0.000010 0.000010 0.032439 0.000010 0.000010 0.046893 0.000010 0.000014 0.000010 0.000010 0.000010 0.000010 0.249850
0.000010 0.000010 0.000010 0.000010 0.045165 0.888362 0.000010 0.000010 0.000010 0.003122 0.012228 0.000010 0.051003 0.000010 0.000010 0.000010 0.000010
0.000010 0.003067 0.000010 0.000010 0.000010 0.936197 0.000010 0.000010 0.000010 0.009601 0.000010 0.000010 0.029473 0.000010 0.003623 0.000010 0.017928
0.000010 0.000010 0.000010 0.000010 0.000010 0.999840 0.000010 0.000010 0.000010 0.000010 0.000010 0.000010 0.000010 0.000010 0.000010 0.000010 0.000010
0.000010 0.010220 0.000010 0.000010 0.010856 0.920925 0.000010 0.000010 0.000010 0.042895 0.000010 0.000010 0.001653 0.000010 0.000010 0.000010 0.013340
0.000010 0.000010 0.000010 0.000010 0.000010 0.000010 0.000010 0.000010 0.000010 0.000010 0.000010 0.000010 0.000010 0.000010 0.999840 0.000010 0.000010
0.000010 0.000010 0.000010 0.999840 0.000010 0.000010 0.000010 0.000010 0.000010 0.000010 0.000010 0.000010 0.000010 0.000010 0.000010 0.000010 0.000010
0.000010 0.007911 0.000010 0.000010 0.043598 0.921910 0.000010 0.000010 0.000010 0.000010 0.000010 0.000010 0.016758 0.001411 0.000010 0.008303 0.000010
0.019992 0.000010 0.604441 0.000010 0.000010 0.017179 0.000010 0.003376 0.000010 0.000010 0.000010 0.000010 0.014314 0.000010 0.019839 0.320758 0.000010
0.017287 0.000010 0.000010 0.000010 0.007808 0.955758 0.000010 0.000010 0.000010 0.000010 0.000010 0.000010 0.019017 0.000010 0.000010 0.000010 0.000010
0.000010 0.042005 0.255556 0.060962 0.000010 0.000010 0.000010 0.000010 0.000010 0.000010 0.008256 0.000010 0.049347 0.420694 0.026192 0.069119 0.067789
0.014799 0.023236 0.251116 0.026250 0.001267 0.000010 0.000010 0.034243 0.000010 0.000010 0.000010 0.000010 0.000010 0.519639 0.067874 0.000010 0.061496
0.000010 0.000010 0.000010 0.021110 0.000010 0.000010 0.041171 0.000010 0.000010 0.012772 0.000019 0.000010 0.005958 0.918860 0.000010 0.000010 0.000010
0.000010 0.040767 0.482967 0.056980 0.010518 0.000010 0.000010 0.000010 0.000010 0.000010 0.010558 0.000010 0.040060 0.290213 0.051171 0.000010 0.016686
0.000010 0.145056 0.136869 0.008311 0.064007 0.000010 0.000010 0.000010 0.044740 0.000010 0.131722 0.000010 0.062683 0.139648 0.183765 0.079537 0.003604
0.000010 0.102598 0.222159 0.122857 0.000010 0.000010 0.000010 0.069044 0.000010 0.026115 0.134974 0.000010 0.000010 0.274137 0.048025 0.000010 0.000010
0.000010 0.000010 0.484699 0.028506 0.025094 0.000010 0.008097 0.051750 0.000010 0.260911 0.000010 0.042197 0.000010 0.000010 0.004570 0.000010 0.094096
0.000010 0.000010 0.108487 0.000010 0.003058 0.000010 0.277082 0.000010 0.006157 0.000010 0.000010 0.003617 0.000010 0.018697 0.483823 0.005341 0.093659
0.000010 0.000010 0.000010 0.000010 0.000010 0.000010 0.241572 0.000010 0.000010 0.000010 0.000010 0.000010 0.000010 0.000010 0.602654 0.000010 0.155634
0.000010 0.000010 0.000010 0.000010 0.992049 0.000010 0.000010 0.007801 0.000010 0.000010 0.000010 0.000010 0.000010 0.000010 0.000010 0.000010 0.000010
0.020288 0.044475 0.494569 0.064602 0.000010 0.000010 0.024006 0.000010 0.000010 0.050671 0.027497 0.000010 0.000010 0.273801 0.000011 0.000010 0.000010
0.005410 0.000011 0.153437 0.010738 0.000010 0.000010 0.000010 0.090785 0.003187 0.001525 0.058920 0.000010 0.000010 0.614159 0.031510 0.000010 0.030258
0.000010 0.000010 0.000010 0.000010 0.000010 0.000010 0.000010 0.000010 0.000010 0.000010 0.000010 0.000010 0.000010 0.000010 0.000010 0.000010 0.999840
0.008690 0.025650 0.236418 0.093371 0.000010 0.000010 0.000010 0.070377 0.029435 0.001933 0.032991 0.014916 0.000010 0.301632 0.026109 0.009541 0.148895
0.000010 0.019138 0.000010 0.000010 0.000010 0.000010 0.000010 0.000010 0.000010 0.000010 0.000010 0.000010 0.000010 0.000010 0.000010 0.393093 0.587629
0.003072 0.000010 0.000010 0.000010 0.000010 0.000010 0.000010 0.000010 0.000010 0.000010 0.000010 0.000010 0.000010 0.000010 0.000010 0.305034 0.691754
0.000010 0.000010 0.018662 0.046307 0.000010 0.000010 0.000010 0.000010 0.000010 0.000010 0.605165 0.000010 0.000010 0.268408 0.000010 0.061338 0.000010
0.000010 0.000010 0.000010 0.001223 0.314857 0.635547 0.000010 0.048243 0.000010 0.000010 0.000010 0.000010 0.000010 0.000010 0.000010 0.000010 0.000010
0.000010 0.000010 0.016176 0.000010 0.270435 0.671924 0.000010 0.007271 0.000010 0.007326 0.000010 0.000010 0.000010 0.000010 0.000010 0.026758 0.000010
0.000010 0.141861 0.117286 0.000010 0.188505 0.239352 0.026836 0.016704 0.000010 0.003028 0.044680 0.000010 0.119771 0.035942 0.000010 0.065975 0.000010
0.000010 0.083910 0.279701 0.057725 0.019907 0.002364 0.024884 0.051496 0.073340 0.013659 0.200658 0.008509 0.005776 0.114946 0.038069 0.025036 0.000010
0.000010 0.040620 0.324457 0.040535 0.000010 0.018893 0.000010 0.000010 0.000010 0.016169 0.246294 0.000010 0.031653 0.166909 0.081391 0.026613 0.006406
0.000010 0.000010 0.000010 0.000010 0.000010 0.000010 0.000010 0.000010 0.999840 0.000010 0.000010 0.000010 0.000010 0.000010 0.000010 0.000010 0.000010
0.000010 0.076498 0.115955 0.126983 0.020112 0.015635 0.000010 0.099548 0.014559 0.001377 0.132217 0.074716 0.039136 0.261321 0.021902 0.000010 0.000010
0.000010 0.000010 0.000010 0.000010 0.000010 0.000010 0.000010 0.000010 0.999840 0.000010 0.000010 0.000010 0.000010 0.000010 0.000010 0.000010 0.000010
0.000010 0.094780 0.248975 0.060386 0.011458 0.000010 0.052947 0.075712 0.001707 0.033048 0.209728 0.001982 0.000010 0.174520 0.000010 0.018764 0.015954
0.000010 0.079384 0.112828 0.130465 0.051328 0.000010 0.000010 0.011490 0.037548 0.000010 0.196171 0.003672 0.000010 0.271094 0.047910 0.058050 0.000010
0.000010 0.000010 0.000010 0.000010 0.000010 0.000010 0.000010 0.000010 0.000010 0.999840 0.000010 0.000010 0.000010 0.000010 0.000010 0.000010 0.000010
0.007132 0.000010 0.000010 0.000010 0.013701 0.000010 0.000010 0.012072 0.008797 0.027200 0.000010 0.000010 0.000010 0.000010 0.000010 0.101200 0.829799
0.000010 0.062545 0.513926 0.054146 0.000010 0.000010 0.003077 0.000010 0.000010 0.006543 0.004940 0.000010 0.000010 0.281236 0.073497 0.000010 0.000010
0.002861 0.007917 0.484576 0.075218 0.000010 0.000010 0.000010 0.000010 0.043296 0.000010 0.004345 0.042919 0.000010 0.288914 0.049872 0.000010 0.000010
0.007775 0.001149 0.013829 0.021587 0.000010 0.000010 0.045271 0.000010 0.036666 0.017057 0.000010 0.145195 0.000010 0.026772 0.036304 0.029865 0.618480
0.000010 0.000010 0.236637 0.000010 0.011462 0.000010 0.000012 0.000010 0.020054 0.000010 0.019650 0.000010 0.000010 0.701649 0.000020 0.010426 0.000010
0.002053 0.049416 0.425599 0.016465 0.000010 0.000010 0.000010 0.000010 0.000010 0.029521 0.000010 0.019443 0.000010 0.353923 0.046272 0.000010 0.057229
0.005247 0.011080 0.027457 0.067754 0.000010 0.037047 0.000010 0.000010 0.026980 0.036436 0.015017 0.000568 0.000010 0.335682 0.000010 0.000010 0.436672
0.021344 0.062940 0.427805 0.000010 0.019884 0.000010 0.000010 0.000010 0.000010 0.000010 0.000010 0.000010 0.000010 0.458358 0.000010 0.000010 0.009558
0.000010 0.034979 0.320521 0.057082 0.008569 0.000010 0.000010 0.000010 0.000010 0.016772 0.072619 0.048205 0.049075 0.321070 0.042840 0.000010 0.028207
0.121277 0.001890 0.022083 0.038202 0.047534 0.000654 0.091443 0.000010 0.052589 0.081237 0.166341 0.059287 0.011202 0.026775 0.129087 0.000010 0.150379
0.165290 0.163676 0.000010 0.000010 0.564137 0.000010 0.000010 0.000010 0.000010 0.000010 0.000010 0.000010 0.000010 0.000010 0.106767 0.000010 0.000010
0.468815 0.000010 0.000010 0.000010 0.010578 0.000010 0.000010 0.000010 0.000010 0.022762 0.021575 0.000010 0.031916 0.020565 0.287616 0.136084 0.000010
0.000010 0.011259 0.000010 0.007909 0.015789 0.005473 0.000010 0.000010 0.000010 0.025061 0.000010 0.027291 0.000010 0.000010 0.027946 0.042299 0.836891
0.000010 0.097515 0.101795 0.130784 0.000010 0.000010 0.009880 0.000010 0.000010 0.015615 0.169231 0.030219 0.039464 0.266553 0.032863 0.106021 0.000010
0.000010 0.106635 0.322513 0.104639 0.000010 0.036597 0.013884 0.003271 0.080359 0.000010 0.134250 0.000010 0.025824 0.101712 0.028399 0.000010 0.041866
0.000010 0.067382 0.164460 0.188325 0.000010 0.008611 0.000010 0.020046 0.056550 0.026254 0.263354 0.000010 0.006870 0.098091 0.000010 0.044358 0.055649
0.000010 0.010332 0.697353 0.013218 0.000010 0.000010 0.041783 0.027870 0.031706 0.132855 0.000010 0.041571 0.000010 0.000010 0.000010 0.003233 0.000010
0.000010 0.013754 0.493224 0.000010 0.003285 0.000010 0.000010 0.027463 0.030182 0.000010 0.000010 0.000010 0.000010 0.312901 0.050915 0.021160 0.047037
0.035218 0.028784 0.604440 0.062686 0.000010 0.000010 0.000010 0.000010 0.000010 0.087814 0.009446 0.037869 0.000010 0.054130 0.000010 0.039018 0.040526
0.000010 0.037280 0.264252 0.024472 0.027442 0.000010 0.014725 0.000010 0.000010 0.024083 0.042032 0.000010 0.037861 0.515638 0.000010 0.000010 0.012145
0.020457 0.000010 0.219971 0.015794 0.000010 0.000010 0.000010 0.000010 0.052059 0.031903 0.000010 0.000010 0.011270 0.608390 0.002227 0.028263 0.009596
0.000010 0.031884 0.256408 0.074008 0.039206 0.022351 0.059534 0.007312 0.033185 0.026973 0.008513 0.000010 0.000010 0.437058 0.000010 0.000010 0.003518
0.000010 0.000010 0.000010 0.000010 0.999836 0.000010 0.000010 0.000010 0.000010 0.000014 0.000010 0.000010 0.000010 0.000010 0.000010 0.000010 0.000010
0.000010 0.021205 0.444758 0.007058 0.000010 0.000010 0.000010 0.000010 0.018186 0.000010 0.008789 0.000010 0.029737 0.372215 0.059314 0.000010 0.038657
0.000010 0.000010 0.104935 0.000010 0.000010 0.000010 0.094183 0.057766 0.011287 0.031704 0.051708 0.000010 0.000010 0.615783 0.032539 0.000016 0.000010
0.024149 0.013132 0.146447 0.000010 0.011018 0.000207 0.143143 0.004441 0.002477 0.000010 0.000010 0.000010 0.005243 0.035721 0.000010 0.034695 0.579277
0.015503 0.000010 0.136402 0.009779 0.000010 0.000010 0.198002 0.042951 0.000010 0.023570 0.000010 0.000010 0.000010 0.000010 0.016596 0.000010 0.557107
0.000114 0.000010 0.166546 0.000010 0.000010 0.000010 0.006631 0.020637 0.000010 0.721423 0.000010 0.046973 0.022160 0.000010 0.000010 0.000010 0.015426
0.048575 0.000010 0.009940 0.000010 0.000010 0.000010 0.036702 0.000010 0.000013 0.000010 0.000010 0.180537 0.000010 0.000010 0.000010 0.067117 0.657015
0.000010 0.000010 0.000010 0.000010 0.999840 0.000010 0.000010 0.000010 0.000010 0.000010 0.000010 0.000010 0.000010 0.000010 0.000010 0.000010 0.000010
0.000010 0.000010 0.000010 0.000010 0.000010 0.693111 0.000010 0.124871 0.075423 0.008040 0.022541 0.000010 0.022239 0.021288 0.000010 0.032397 0.000010
0.012308 0.001360 0.036444 0.000010 0.000010 0.000010 0.497160 0.000010 0.000010 0.043899 0.000010 0.000010 0.000010 0.015337 0.000010 0.053707 0.339695
0.009427 0.095870 0.275546 0.000010 0.000010 0.006017 0.050712 0.000010 0.003658 0.063802 0.104563 0.000010 0.000010 0.110714 0.000010 0.166193 0.113439
0.020024 0.006726 0.000010 0.005857 0.060408 0.756841 0.000010 0.091501 0.046578 0.000010 0.000010 0.000010 0.000010 0.011976 0.000010 0.000010 0.000010
0.021987 0.000010 0.038876 0.000010 0.007127 0.787688 0.000010 0.090916 0.000010 0.044461 0.000010 0.000010 0.000010 0.006805 0.000010 0.000010 0.002049
0.000010 0.027919 0.105103 0.000010 0.010620 0.719633 0.000010 0.030006 0.034485 0.000010 0.000010 0.000010 0.068537 0.000010 0.000246 0.003370 0.000010
0.000010 0.000010 0.010719 0.000010 0.060799 0.761604 0.000010 0.104576 0.000010 0.008355 0.000010 0.000010 0.000010 0.000010 0.000010 0.053836 0.000010
0.000010 0.000010 0.000010 0.002660 0.009993 0.767405 0.000010 0.027570 0.023940 0.000013 0.036193 0.000010 0.053209 0.035414 0.008601 0.034942 0.000010
0.036161 0.011826 0.215421 0.000010 0.000010 0.257111 0.074572 0.016655 0.000010 0.000010 0.038560 0.072214 0.000010 0.013049 0.000010 0.205019 0.059354
0.000010 0.000010 0.000010 0.000010 0.000010 0.000010 0.000010 0.000010 0.000010 0.000010 0.999840 0.000010 0.000010 0.000010 0.000010 0.000010 0.000010
0.000010 0.000010 0.000010 0.000010 0.000010 0.000010 0.000010 0.000010 0.000010 0.000010 0.999840 0.000010 0.000010 0.000010 0.000010 0.000010 0.000010
0.000010 0.039656 0.326957 0.000010 0.000010 0.000010 0.279378 0.000010 0.000010 0.000010 0.041495 0.028556 0.055019 0.000010 0.000010 0.045989 0.182860
0.033392 0.000010 0.000010 0.000010 0.024395 0.015148 0.077071 0.000010 0.000010 0.000010 0.000010 0.083820 0.000010 0.000010 0.027528 0.000010 0.738547
0.000010 0.000010 0.000010 0.000010 0.000010 0.000010 0.000010 0.000010 0.000012 0.000010 0.999838 0.000010 0.000010 0.000010 0.000010 0.000010 0.000010
0.007257 0.000010 0.737279 0.000010 0.000010 0.000010 0.000010 0.000010 0.000010 0.031125 0.027116 0.000010 0.000010 0.000010 0.000010 0.197103 0.000010
0.000010 0.000010 0.000010 0.000010 0.000010 0.000010 0.000010 0.000010 0.000010 0.000010 0.999840 0.000010 0.000010 0.000010 0.000010 0.000010 0.000010
0.012957 0.000010 0.611376 0.028120 0.000010 0.000010 0.004626 0.000010 0.026045 0.042083 0.000010 0.021609 0.000010 0.069799 0.000010 0.027491 0.155823
0.999840 0.000010 0.000010 0.000010 0.000010 0.000010 0.000010 0.000010 0.000010 0.000010 0.000010 0.000010 0.000010 0.000010 0.000010 0.000010 0.000010
0.000118 0.000010 0.104853 0.040225 0.000010 0.000010 0.197803 0.000010 0.010924 0.000010 0.013265 0.000010 0.000010 0.000010 0.000010 0.000010 0.632712
0.076754 0.000010 0.000010 0.000010 0.000010 0.000010 0.000010 0.000010 0.000010 0.000010 0.449211 0.000010 0.000010 0.000010 0.473895 0.000010 0.000010
0.000010 0.000010 0.000010 0.000010 0.000010 0.000010 0.999840 0.000010 0.000010 0.000010 0.000010 0.000010 0.000010 0.000010 0.000010 0.000010 0.000010
0.045303 0.000010 0.648888 0.000010 0.010171 0.000010 0.000010 0.000010 0.012056 0.054184 0.039594 0.000010 0.000010 0.000010 0.000010 0.183687 0.006028
0.020219 0.000010 0.500881 0.020064 0.000010 0.000010 0.034064 0.000010 0.000010 0.013738 0.027808 0.022707 0.042783 0.051901 0.000010 0.103506 0.162266
0.000010 0.000010 0.121356 0.000010 0.001260 0.000010 0.033874 0.000010 0.000010 0.000010 0.005038 0.033969 0.021283 0.000010 0.000010 0.005281 0.777849
0.000010 0.029506 0.044952 0.112517 0.029364 0.000010 0.000010 0.121401 0.344600 0.000010 0.213979 0.000010 0.000010 0.095115 0.008487 0.000010 0.000010
0.000010 0.000010 0.250424 0.027035 0.000010 0.000010 0.024174 0.000010 0.000010 0.018749 0.007567 0.106094 0.013838 0.018340 0.000010 0.045481 0.488229
0.000010 0.000010 0.114612 0.012105 0.000010 0.000010 0.006336 0.000015 0.036488 0.013600 0.000010 0.013648 0.000010 0.013390 0.014364 0.070242 0.705138
0.019016 0.000010 0.000010 0.009124 0.000010 0.000010 0.060944 0.000010 0.000010 0.000010 0.000010 0.000010 0.000010 0.069996 0.000010 0.000010 0.840800
0.000010 0.000010 0.643999 0.000010 0.005690 0.000010 0.000010 0.000010 0.004192 0.041136 0.038547 0.027031 0.000010 0.095736 0.013347 0.053878 0.076372
0.000010 0.000010 0.000010 0.000010 0.000010 0.000010 0.999840 0.000010 0.000010 0.000010 0.000010 0.000010 0.000010 0.000010 0.000010 0.000010 0.000010
0.999840 0.000010 0.000010 0.000010 0.000010 0.000010 0.000010 0.000010 0.000010 0.000010 0.000010 0.000010 0.000010 0.000010 0.000010 0.000010 0.000010
0.999840 0.000010 0.000010 0.000010 0.000010 0.000010 0.000010 0.000010 0.000010 0.000010 0.000010 0.000010 0.000010 0.000010 0.000010 0.000010 0.000010
0.000010 0.000010 0.136895 0.000010 0.001306 0.000010 0.090942 0.015729 0.000010 0.023051 0.000010 0.000010 0.000010 0.000010 0.010711 0.000010 0.721267
0.999836 0.000010 0.000010 0.000014 0.000010 0.000010 0.000010 0.000010 0.000010 0.000010 0.000010 0.000010 0.000010 0.000010 0.000010 0.000010 0.000010
0.000010 0.000010 0.000010 0.000010 0.000010 0.000010 0.000010 0.000010 0.000010 0.000010 0.000010 0.000010 0.000010 0.000010 0.000010 0.339179 0.660671
0.000010 0.000010 0.000010 0.000010 0.000010 0.000010 0.010196 0.000010 0.002153 0.000010 0.000010 0.000010 0.000010 0.000010 0.000010 0.000010 0.987512
0.999840 0.000010 0.000010 0.000010 0.000010 0.000010 0.000010 0.000010 0.000010 0.000010 0.000010 0.000010 0.000010 0.000010 0.000010 0.000010 0.000010
0.999840 0.000010 0.000010 0.000010 0.000010 0.000010 0.000010 0.000010 0.000010 0.000010 0.000010 0.000010 0.000010 0.000010 0.000010 0.000010 0.000010
0.999836 0.000010 0.000010 0.000010 0.000010 0.000010 0.000010 0.000014 0.000010 0.000010 0.000010 0.000010 0.000010 0.000010 0.000010 0.000010 0.000010
0.996795 0.003055 0.000010 0.000010 0.000010 0.000010 0.000010 0.000010 0.000010 0.000010 0.000010 0.000010 0.000010 0.000010 0.000010 0.000010 0.000010
0.647034 0.000010 0.011861 0.000010 0.000010 0.000010 0.000010 0.074479 0.000010 0.000010 0.000010 0.000010 0.000010 0.006352 0.260154 0.000010 0.000010
0.000010 0.000010 0.794371 0.000010 0.000010 0.027542 0.000010 0.000929 0.058820 0.000010 0.000010 0.000010 0.000010 0.000010 0.068361 0.000010 0.049866
0.027776 0.000010 0.719636 0.052378 0.000010 0.000010 0.037579 0.000010 0.004334 0.000010 0.000010 0.044577 0.005598 0.000010 0.015010 0.062713 0.030330
0.999840 0.000010 0.000010 0.000010 0.000010 0.000010 0.000010 0.000010 0.000010 0.000010 0.000010 0.000010 0.000010 0.000010 0.000010 0.000010 0.000010
0.099010 0.019981 0.067870 0.000010 0.017403 0.000010 0.021120 0.000010 0.000010 0.000010 0.000010 0.244776 0.000010 0.000010 0.068988 0.102127 0.358645
0.000010 0.000010 0.048381 0.000010 0.000010 0.000010 0.304662 0.000010 0.000010 0.037681 0.000010 0.000010 0.000010 0.000010 0.012986 0.082330 0.513849
0.999826 0.000010 0.000010 0.000018 0.000010 0.000010 0.000010 0.000010 0.000010 0.000010 0.000010 0.000016 0.000010 0.000010 0.000010 0.000010 0.000010
0.911189 0.022155 0.000010 0.000010 0.000010 0.000010 0.000010 0.000010 0.015411 0.018190 0.000010 0.000010 0.003960 0.000010 0.028985 0.000010 0.000010
0.999840 0.000010 0.000010 0.000010 0.000010 0.000010 0.000010 0.000010 0.000010 0.000010 0.000010 0.000010 0.000010 0.000010 0.000010 0.000010 0.000010
0.000010 0.031490 0.231614 0.009913 0.052590 0.000010 0.023467 0.000010 0.000010 0.220668 0.000010 0.081284 0.042684 0.123757 0.030603 0.064070 0.087810
0.033382 0.000010 0.846976 0.000010 0.000010 0.000010 0.000010 0.000010 0.000010 0.007084 0.000010 0.000010 0.000010 0.000010 0.024192 0.000010 0.088245
0.031418 0.000010 0.728862 0.030853 0.000010 0.000010 0.056402 0.025208 0.000010 0.026146 0.000010 0.000010 0.009693 0.004335 0.000010 0.054687 0.032326
0.032393 0.000010 0.826603 0.000010 0.000010 0.000010 0.018868 0.000010 0.000010 0.027341 0.000010 0.000010 0.000010 0.089118 0.005566 0.000010 0.000010
0.350724 0.000010 0.000010 0.000010 0.000010 0.000010 0.000010 0.000010 0.000010 0.000010 0.000010 0.000011 0.000010 0.000010 0.649125 0.000010 0.000010
0.419855 0.038901 0.000010 0.000010 0.219379 0.259087 0.059285 0.000010 0.000010 0.000010 0.000010 0.000010 0.000010 0.000010 0.000010 0.000010 0.003382
0.999840 0.000010 0.000010 0.000010 0.000010 0.000010 0.000010 0.000010 0.000010 0.000010 0.000010 0.000010 0.000010 0.000010 0.000010 0.000010 0.000010
0.999840 0.000010 0.000010 0.000010 0.000010 0.000010 0.000010 0.000010 0.000010 0.000010 0.000010 0.000010 0.000010 0.000010 0.000010 0.000010 0.000010
0.999840 0.000010 0.000010 0.000010 0.000010 0.000010 0.000010 0.000010 0.000010 0.000010 0.000010 0.000010 0.000010 0.000010 0.000010 0.000010 0.000010
0.999840 0.000010 0.000010 0.000010 0.000010 0.000010 0.000010 0.000010 0.000010 0.000010 0.000010 0.000010 0.000010 0.000010 0.000010 0.000010 0.000010
0.999840 0.000010 0.000010 0.000010 0.000010 0.000010 0.000010 0.000010 0.000010 0.000010 0.000010 0.000010 0.000010 0.000010 0.000010 0.000010 0.000010
0.999840 0.000010 0.000010 0.000010 0.000010 0.000010 0.000010 0.000010 0.000010 0.000010 0.000010 0.000010 0.000010 0.000010 0.000010 0.000010 0.000010
0.000010 0.000010 0.024909 0.000010 0.000124 0.000010 0.000010 0.036373 0.000010 0.299176 0.000010 0.000010 0.010392 0.040567 0.032396 0.356351 0.199632
0.999840 0.000010 0.000010 0.000010 0.000010 0.000010 0.000010 0.000010 0.000010 0.000010 0.000010 0.000010 0.000010 0.000010 0.000010 0.000010 0.000010
0.697598 0.000010 0.000010 0.000010 0.002871 0.000010 0.000010 0.000010 0.006428 0.000010 0.011672 0.005638 0.043503 0.000010 0.232191 0.000010 0.000010
0.000010 0.000010 0.084156 0.000010 0.009650 0.000010 0.000010 0.000010 0.000010 0.000010 0.000010 0.000010 0.006258 0.000010 0.000010 0.049881 0.849934
0.334450 0.000010 0.000010 0.000010 0.000010 0.000010 0.000010 0.000010 0.000010 0.000010 0.000010 0.000010 0.000010 0.000010 0.665400 0.000010 0.000010
0.147204 0.030295 0.000010 0.030401 0.000010 0.000010 0.000010 0.000010 0.000010 0.031136 0.000010 0.173450 0.000010 0.000014 0.509680 0.000010 0.077730
0.999840 0.000010 0.000010 0.000010 0.000010 0.000010 0.000010 0.000010 0.000010 0.000010 0.000010 0.000010 0.000010 0.000010 0.000010 0.000010 0.000010
0.999840 0.000010 0.000010 0.000010 0.000010 0.000010 0.000010 0.000010 0.000010 0.000010 0.000010 0.000010 0.000010 0.000010 0.000010 0.000010 0.000010
0.999829 0.000010 0.000010 0.000013 0.000010 0.000010 0.000018 0.000010 0.000010 0.000010 0.000010 0.000010 0.000010 0.000010 0.000010 0.000010 0.000010
0.999840 0.000010 0.000010 0.000010 0.000010 0.000010 0.000010 0.000010 0.000010 0.000010 0.000010 0.000010 0.000010 0.000010 0.000010 0.000010 0.000010
0.834967 0.000010 0.000010 0.000010 0.000010 0.000010 0.000010 0.000010 0.000010 0.000010 0.000010 0.000010 0.000010 0.000010 0.164883 0.000010 0.000010
0.999840 0.000010 0.000010 0.000010 0.000010 0.000010 0.000010 0.000010 0.000010 0.000010 0.000010 0.000010 0.000010 0.000010 0.000010 0.000010 0.000010
0.000010 0.000010 0.000010 0.000010 0.000010 0.000010 0.000010 0.000010 0.000010 0.999840 0.000010 0.000010 0.000010 0.000010 0.000010 0.000010 0.000010
0.000010 0.000010 0.000010 0.000010 0.000010 0.000010 0.000010 0.000010 0.000010 0.000010 0.000010 0.000010 0.999840 0.000010 0.000010 0.000010 0.000010
0.000010 0.000010 0.000010 0.000010 0.000010 0.000010 0.000010 0.000010 0.000010 0.000010 0.000010 0.000010 0.999840 0.000010 0.000010 0.000010 0.000010
0.000010 0.000010 0.000010 0.000010 0.000010 0.000010 0.000010 0.000010 0.000010 0.000010 0.000010 0.000010 0.999840 0.000010 0.000010 0.000010 0.000010
0.999840 0.000010 0.000010 0.000010 0.000010 0.000010 0.000010 0.000010 0.000010 0.000010 0.000010 0.000010 0.000010 0.000010 0.000010 0.000010 0.000010
0.999831 0.000010 0.000010 0.000010 0.000010 0.000010 0.000010 0.000019 0.000010 0.000010 0.000010 0.000010 0.000010 0.000010 0.000010 0.000010 0.000010
0.000010 0.000010 0.000010 0.000010 0.000010 0.000010 0.000010 0.000010 0.000010 0.000010 0.000010 0.000010 0.999840 0.000010 0.000010 0.000010 0.000010
0.000010 0.000010 0.000010 0.000010 0.000010 0.000010 0.000010 0.000010 0.000010 0.000010 0.000010 0.000010 0.999840 0.000010 0.000010 0.000010 0.000010
0.000010 0.000010 0.000010 0.000010 0.000010 0.000010 0.000010 0.000010 0.000010 0.000010 0.000010 0.000010 0.999840 0.000010 0.000010 0.000010 0.000010
0.999830 0.000010 0.000010 0.000010 0.000010 0.000010 0.000020 0.000010 0.000010 0.000010 0.000010 0.000010 0.000010 0.000010 0.000010 0.000010 0.000010
0.999837 0.000013 0.000010 0.000010 0.000010 0.000010 0.000010 0.000010 0.000010 0.000010 0.000010 0.000010 0.000010 0.000010 0.000010 0.000010 0.000010
0.000010 0.000010 0.000010 0.000010 0.000010 0.000010 0.000010 0.000010 0.814052 0.000010 0.185798 0.000010 0.000010 0.000010 0.000010 0.000010 0.000010
0.999840 0.000010 0.000010 0.000010 0.000010 0.000010 0.000010 0.000010 0.000010 0.000010 0.000010 0.000010 0.000010 0.000010 0.000010 0.000010 0.000010
0.000010 0.000010 0.000010 0.904568 0.000010 0.000010 0.000010 0.000010 0.000010 0.000010 0.000010 0.000010 0.000010 0.000010 0.000010 0.000010 0.095282
0.000010 0.999840 0.000010 0.000010 0.000010 0.000010 0.000010 0.000010 0.000010 0.000010 0.000010 0.000010 0.000010 0.000010 0.000010 0.000010 0.000010
0.006256 0.993589 0.000010 0.000010 0.000015 0.000010 0.000010 0.000010 0.000010 0.000010 0.000010 0.000010 0.000010 0.000010 0.000010 0.000010 0.000010
0.000010 0.000010 0.125517 0.039600 0.000010 0.000010 0.055806 0.054041 0.000010 0.000010 0.011069 0.147251 0.000010 0.027750 0.000010 0.000010 0.538875
0.000010 0.999840 0.000010 0.000010 0.000010 0.000010 0.000010 0.000010 0.000010 0.000010 0.000010 0.000010 0.000010 0.000010 0.000010 0.000010 0.000010
0.000010 0.000010 0.000010 0.053416 0.000010 0.914373 0.000010 0.000010 0.000010 0.000010 0.000010 0.000010 0.000010 0.000010 0.014471 0.017610 0.000010
0.026002 0.047648 0.040065 0.096021 0.045540 0.073784 0.000010 0.067138 0.088496 0.015875 0.263174 0.000010 0.000010 0.112929 0.000010 0.123279 0.000010
0.000010 0.000010 0.011402 0.055482 0.023298 0.000010 0.024037 0.000010 0.000010 0.023309 0.000010 0.270159 0.000010 0.110751 0.093432 0.021573 0.366486
0.042522 0.050572 0.011275 0.000010 0.000010 0.000010 0.000010 0.776550 0.000010 0.014668 0.047880 0.000010 0.056433 0.000010 0.000010 0.000010 0.000010
0.119897 0.000010 0.000010 0.000010 0.000010 0.000010 0.000010 0.000010 0.000010 0.000010 0.000010 0.599373 0.000010 0.000010 0.249515 0.031085 0.000010
0.258606 0.000010 0.000010 0.000010 0.000010 0.000010 0.000010 0.000010 0.000010 0.000010 0.000010 0.611933 0.000010 0.000010 0.093922 0.035409 0.000010
0.000010 0.000010 0.000010 0.000010 0.000010 0.000010 0.000010 0.000010 0.000010 0.000010 0.000010 0.000010 0.008320 0.000010 0.000010 0.228235 0.763305
0.372340 0.000010 0.000010 0.063553 0.018759 0.000010 0.000010 0.024184 0.017676 0.001720 0.000010 0.000010 0.022734 0.000010 0.414175 0.064780 0.000010
0.000010 0.000010 0.352012 0.013244 0.055530 0.000010 0.000010 0.001691 0.014372 0.038576 0.022270 0.015175 0.000010 0.080122 0.050490 0.010936 0.345531
0.048148 0.000010 0.059285 0.000010 0.011047 0.000010 0.028064 0.000010 0.000010 0.007271 0.000010 0.018679 0.000010 0.000010 0.027390 0.061337 0.738697
0.144550 0.019761 0.026889 0.000010 0.000010 0.000011 0.014092 0.000010 0.027776 0.000010 0.000010 0.132203 0.000010 0.000010 0.224643 0.029900 0.380104
0.000010 0.029511 0.181001 0.136650 0.000010 0.000010 0.020160 0.000010 0.000010 0.000010 0.370072 0.000010 0.000010 0.184495 0.000010 0.078011 0.000010
0.000010 0.000010 0.185518 0.027153 0.013173 0.000010 0.724460 0.000010 0.004783 0.016225 0.000010 0.000010 0.000010 0.000010 0.028590 0.000010 0.000010
0.003786 0.000010 0.544260 0.102261 0.000010 0.000010 0.021100 0.003080 0.050798 0.043003 0.019912 0.000010 0.000010 0.083730 0.000010 0.127999 0.000010
0.019182 0.031561 0.000010 0.038709 0.000010 0.000010 0.000010 0.671155 0.009373 0.000010 0.032195 0.000010 0.189275 0.000010 0.000010 0.000010 0.008460
0.647551 0.000010 0.000010 0.000010 0.000010 0.000010 0.000010 0.000010 0.000010 0.000010 0.000010 0.022453 0.017639 0.000010 0.312227 0.000010 0.000010
0.000010 0.000010 0.000010 0.000010 0.000010 0.000010 0.000010 0.856550 0.007892 0.000010 0.000013 0.000010 0.088474 0.000010 0.046951 0.000010 0.000010
0.000010 0.000010 0.000010 0.000010 0.000010 0.000010 0.000010 0.000010 0.000010 0.000010 0.000010 0.000010 0.999840 0.000010 0.000010 0.000010 0.000010
0.000010 0.000010 0.357253 0.000010 0.010509 0.000010 0.066880 0.053614 0.000010 0.056528 0.000010 0.081754 0.000010 0.000010 0.000010 0.034221 0.339152
0.000010 0.000010 0.000010 0.000010 0.000010 0.000010 0.000010 0.000010 0.011558 0.000010 0.000010 0.000010 0.000010 0.000010 0.000010 0.466420 0.521882
0.000010 0.000010 0.000010 0.000010 0.000010 0.650210 0.000010 0.000010 0.349640 0.000010 0.000010 0.000010 0.000010 0.000010 0.000010 0.000010 0.000010
0.000010 0.000010 0.005739 0.019675 0.000010 0.000010 0.000010 0.000010 0.029440 0.034094 0.000010 0.000010 0.000010 0.000010 0.020539 0.395388 0.495024
0.000010 0.000010 0.000010 0.000010 0.000010 0.000010 0.000010 0.000010 0.000010 0.000010 0.000010 0.000010 0.000010 0.000010 0.000010 0.378724 0.621126
0.000010 0.005835 0.000010 0.000010 0.008894 0.000010 0.023402 0.000010 0.000010 0.035746 0.000010 0.000010 0.000010 0.018536 0.000010 0.082308 0.825178
0.000010 0.002776 0.011594 0.073086 0.020614 0.000010 0.000010 0.214281 0.000010 0.000010 0.174170 0.193972 0.000010 0.191178 0.000010 0.108158 0.010100
0.000010 0.000010 0.000010 0.000010 0.000010 0.000010 0.000010 0.000010 0.000010 0.000010 0.999840 0.000010 0.000010 0.000010 0.000010 0.000010 0.000010
0.029444 0.003908 0.000010 0.059940 0.000010 0.000010 0.000010 0.000010 0.027154 0.137064 0.002439 0.000010 0.007827 0.020302 0.000010 0.234413 0.477440
0.000010 0.000010 0.000010 0.000010 0.000010 0.000010 0.000010 0.000010 0.000010 0.000010 0.000010 0.000010 0.999840 0.000010 0.000010 0.000010 0.000010
0.000010 0.000010 0.090129 0.000010 0.000010 0.000010 0.000010 0.000010 0.000010 0.033445 0.000010 0.000010 0.000010 0.000010 0.000010 0.876286 0.000010
0.037814 0.017795 0.044530 0.023870 0.000010 0.000010 0.000010 0.000010 0.000010 0.000010 0.000010 0.249403 0.000010 0.049770 0.025497 0.085367 0.465875
0.017824 0.175583 0.000010 0.000010 0.013105 0.209293 0.000010 0.195457 0.026801 0.000010 0.000010 0.036839 0.233305 0.091713 0.000010 0.000010 0.000010
0.000010 0.000010 0.316519 0.000010 0.029072 0.008957 0.020863 0.033975 0.033295 0.000010 0.064867 0.000010 0.006135 0.035902 0.000010 0.421590 0.028766
0.999840 0.000010 0.000010 0.000010 0.000010 0.000010 0.000010 0.000010 0.000010 0.000010 0.000010 0.000010 0.000010 0.000010 0.000010 0.000010 0.000010
0.023237 0.000010 0.000010 0.000010 0.000010 0.000010 0.000010 0.000010 0.000010 0.000010 0.000010 0.000010 0.000010 0.000010 0.000010 0.494376 0.482247
0.000010 0.000010 0.000010 0.000010 0.000010 0.000010 0.000010 0.000010 0.000010 0.000010 0.000010 0.000010 0.000010 0.000010 0.000010 0.523343 0.476507
0.000010 0.000010 0.000010 0.000010 0.000010 0.000010 0.020912 0.000010 0.000010 0.000010 0.000010 0.000010 0.000010 0.000010 0.000010 0.542575 0.436373
0.018878 0.001110 0.026642 0.111529 0.017468 0.000010 0.023552 0.000010 0.000010 0.000010 0.000010 0.000010 0.002862 0.032531 0.000010 0.047382 0.717975
0.060689 0.000010 0.050324 0.021835 0.001536 0.000010 0.007630 0.011733 0.000010 0.000010 0.014464 0.596916 0.017558 0.078648 0.000010 0.000010 0.138607
0.002396 0.011717 0.055619 0.067856 0.000010 0.000010 0.000010 0.000010 0.021502 0.071901 0.000010 0.000010 0.040687 0.016746 0.054181 0.566206 0.091129
0.000010 0.000010 0.000010 0.000010 0.000010 0.000010 0.144398 0.000010 0.051365 0.000010 0.000010 0.021006 0.000010 0.000010 0.000010 0.012270 0.770841
0.032975 0.000010 0.000010 0.000010 0.000010 0.000010 0.004185 0.000010 0.000010 0.000010 0.000010 0.000010 0.000010 0.000010 0.000010 0.000010 0.962700
0.000010 0.012945 0.140533 0.006384 0.000010 0.000010 0.000010 0.021673 0.000010 0.228148 0.016714 0.032198 0.009095 0.000010 0.026529 0.458770 0.046950
0.069144 0.000010 0.000010 0.000010 0.000010 0.000010 0.034149 0.000010 0.000010 0.018851 0.000010 0.096499 0.000010 0.000010 0.086454 0.028000 0.666804
0.000010 0.000010 0.000010 0.000010 0.000010 0.000010 0.000010 0.000010 0.000389 0.106215 0.000010 0.000010 0.000010 0.114534 0.102222 0.676520 0.000010
0.031250 0.010741 0.092607 0.000010 0.000010 0.014560 0.049507 0.000010 0.000010 0.004517 0.023795 0.019194 0.000596 0.000010 0.034136 0.035006 0.684042
0.020584 0.024255 0.161220 0.000010 0.000010 0.000010 0.127932 0.000010 0.000010 0.025250 0.000010 0.011388 0.000010 0.000099 0.000010 0.059151 0.570041
0.000010 0.000010 0.000010 0.000010 0.000010 0.000010 0.000010 0.000010 0.000010 0.000010 0.000010 0.000010 0.000010 0.000010 0.000010 0.999840 0.000010
0.000010 0.000010 0.000010 0.020754 0.000010 0.000010 0.000018 0.008708 0.000017 0.000010 0.014105 0.002314 0.000010 0.017006 0.000010 0.076612 0.860385
0.172632 0.037798 0.042089 0.000010 0.000010 0.000010 0.081785 0.013639 0.000010 0.004555 0.000010 0.229127 0.000010 0.000010 0.178468 0.022716 0.217121
0.002196 0.000010 0.000010 0.000010 0.000010 0.000010 0.017887 0.000010 0.000010 0.000010 0.000010 0.000010 0.000010 0.000010 0.000010 0.206029 0.773757
0.214137 0.001236 0.000010 0.000010 0.000010 0.000010 0.000010 0.000010 0.000010 0.003247 0.000010 0.200426 0.000010 0.000010 0.138679 0.098829 0.343348
0.000010 0.031918 0.008119 0.001181 0.005183 0.000010 0.000010 0.000010 0.000010 0.112312 0.000010 0.027857 0.012402 0.070822 0.000010 0.196048 0.534087
0.028884 0.000512 0.041528 0.000010 0.012128 0.000010 0.040345 0.000010 0.007635 0.000010 0.000010 0.072195 0.000010 0.015744 0.018777 0.016238 0.745955
0.002951 0.000010 0.000010 0.000010 0.000010 0.000010 0.031659 0.000010 0.000010 0.000010 0.000010 0.000010 0.000010 0.000010 0.000010 0.414147 0.551113
0.268380 0.000010 0.000010 0.000010 0.000010 0.000010 0.000010 0.000010 0.000010 0.000010 0.000010 0.731470 0.000010 0.000010 0.000010 0.000010 0.000010
0.000010 0.000010 0.001739 0.000010 0.000010 0.000010 0.000010 0.000010 0.000010 0.000010 0.000010 0.994076 0.004045 0.000010 0.000010 0.000010 0.000010
0.000010 0.000010 0.000010 0.000010 0.000010 0.000010 0.000010 0.000010 0.999840 0.000010 0.000010 0.000010 0.000010 0.000010 0.000010 0.000010 0.000010
0.014402 0.000010 0.000010 0.000010 0.000010 0.000010 0.000010 0.000010 0.140363 0.000010 0.000010 0.691812 0.000010 0.000010 0.153293 0.000010 0.000010
0.132301 0.000010 0.000010 0.000010 0.000010 0.000010 0.000010 0.000010 0.114012 0.000010 0.000010 0.646431 0.000010 0.000010 0.107125 0.000010 0.000010
0.000010 0.000010 0.000010 0.000010 0.000010 0.000010 0.000010 0.000010 0.000010 0.000010 0.000010 0.998650 0.001200 0.000010 0.000010 0.000010 0.000010
0.011902 0.000010 0.000010 0.000010 0.000010 0.000010 0.000010 0.039224 0.019566 0.000010 0.374857 0.504652 0.000010 0.041724 0.000010 0.007975 0.000010
0.071631 0.000010 0.000010 0.000010 0.003597 0.000010 0.000010 0.000010 0.048709 0.018397 0.000010 0.499520 0.000010 0.000010 0.148495 0.173183 0.036378
0.000010 0.000010 0.000010 0.000010 0.000010 0.000010 0.000010 0.000010 0.999840 0.000010 0.000010 0.000010 0.000010 0.000010 0.000010 0.000010 0.000010
0.000010 0.021611 0.074461 0.016773 0.000010 0.000010 0.039780 0.000010 0.011915 0.248950 0.098940 0.000010 0.000010 0.037765 0.000010 0.025814 0.423920
0.000010 0.000010 0.000010 0.000010 0.000010 0.000010 0.000010 0.000010 0.000010 0.000010 0.000010 0.999840 0.000010 0.000010 0.000010 0.000010 0.000010
0.000010 0.000010 0.000010 0.000010 0.000010 0.000010 0.000010 0.000010 0.672310 0.000010 0.000010 0.327540 0.000010 0.000010 0.000010 0.000010 0.000010
0.010515 0.000010 0.000010 0.032634 0.000010 0.000010 0.000010 0.099405 0.000010 0.000010 0.857315 0.000010 0.000010 0.000010 0.000010 0.000010 0.000010
0.000010 0.166055 0.000010 0.049389 0.000010 0.142092 0.000010 0.334495 0.000010 0.070943 0.000010 0.000010 0.229415 0.007511 0.000010 0.000010 0.000010
0.006392 0.160735 0.000010 0.036779 0.019857 0.121861 0.023366 0.418199 0.000010 0.022799 0.000010 0.000010 0.186004 0.003939 0.000010 0.000010 0.000010
0.000010 0.000010 0.000010 0.000010 0.000010 0.000010 0.000010 0.000010 0.000010 0.000010 0.999840 0.000010 0.000010 0.000010 0.000010 0.000010 0.000010
0.000010 0.000010 0.000010 0.000010 0.000010 0.000010 0.022915 0.000010 0.000010 0.000010 0.000010 0.935410 0.000010 0.000010 0.000010 0.000010 0.041534
0.000010 0.000010 0.000010 0.000010 0.000010 0.000010 0.000010 0.000010 0.000010 0.000010 0.000010 0.999840 0.000010 0.000010 0.000010 0.000010 0.000010
0.000010 0.000010 0.000010 0.000010 0.000010 0.000010 0.000010 0.000010 0.810448 0.000010 0.000010 0.189402 0.000010 0.000010 0.000010 0.000010 0.000010
0.000010 0.402731 0.000010 0.030713 0.000010 0.221259 0.000010 0.049832 0.000010 0.029440 0.015314 0.023074 0.100526 0.127031 0.000010 0.000010 0.000010
0.000011 0.999839 0.000010 0.000010 0.000010 0.000010 0.000010 0.000010 0.000010 0.000010 0.000010 0.000010 0.000010 0.000010 0.000010 0.000010 0.000010
0.000010 0.000010 0.033315 0.000010 0.048457 0.690924 0.027985 0.047576 0.057688 0.000010 0.044332 0.000010 0.048179 0.000010 0.001465 0.000010 0.000010
0.000010 0.000010 0.000010 0.003898 0.000010 0.000010 0.000010 0.000010 0.002568 0.000010 0.000010 0.890817 0.050138 0.029087 0.000010 0.000010 0.023382
0.000010 0.000010 0.022872 0.000010 0.000010 0.000611 0.150784 0.000010 0.009556 0.000010 0.000010 0.022116 0.000010 0.000010 0.026711 0.000010 0.767250
0.001689 0.000010 0.114586 0.025886 0.000010 0.000010 0.088537 0.000010 0.012567 0.024148 0.000010 0.028008 0.000010 0.038932 0.010479 0.008185 0.646922
0.019574 0.000010 0.326389 0.009005 0.013978 0.000010 0.000010 0.014556 0.000010 0.006148 0.038792 0.000010 0.042641 0.496249 0.032597 0.000010 0.000010
0.017589 0.000010 0.222761 0.000010 0.000010 0.000010 0.045185 0.006349 0.000010 0.033666 0.000010 0.000010 0.066376 0.553017 0.000010 0.054967 0.000010
0.000010 0.000010 0.069010 0.000010 0.000010 0.000010 0.000010 0.000010 0.008763 0.021756 0.000010 0.052277 0.000010 0.000010 0.001435 0.000010 0.846648
0.189208 0.018098 0.000010 0.000010 0.000010 0.000010 0.020281 0.000010 0.000010 0.066860 0.000010 0.235501 0.000010 0.000010 0.237329 0.053477 0.179157
0.098614 0.000010 0.329710 0.005628 0.000010 0.000010 0.039982 0.000010 0.015259 0.045340 0.000010 0.119483 0.000010 0.000010 0.048197 0.108588 0.189127
