0.000010 0.007464 0.042298 0.000010 0.461943 0.000010 0.000010 0.488234 0.000010 0.000010
0.000010 0.000010 0.000010 0.000010 0.229292 0.000010 0.000010 0.709797 0.005657 0.055194
0.020450 0.091428 0.000010 0.011819 0.413520 0.000010 0.000010 0.415311 0.013304 0.034138
0.000010 0.018710 0.913138 0.000010 0.000010 0.013847 0.000010 0.032792 0.000010 0.021464
0.000010 0.029247 0.000010 0.000010 0.287907 0.053122 0.007545 0.537072 0.043276 0.041801
0.000010 0.000010 0.006756 0.000010 0.757662 0.050748 0.000010 0.183229 0.000010 0.001556
0.000010 0.255295 0.397901 0.000010 0.253160 0.000010 0.000010 0.069328 0.000010 0.024267
0.000010 0.000010 0.000010 0.000010 0.955885 0.001448 0.000010 0.002600 0.000010 0.040007
0.008102 0.000010 0.033630 0.000010 0.111324 0.063438 0.000010 0.739049 0.000010 0.044418
0.000010 0.000010 0.000010 0.000010 0.915092 0.046747 0.000010 0.038091 0.000010 0.000010
0.000010 0.030129 0.000010 0.000010 0.734068 0.030467 0.000010 0.184558 0.000010 0.020728
0.000010 0.000010 0.000010 0.015138 0.364965 0.000010 0.000010 0.577304 0.000010 0.042533
0.116456 0.035143 0.065344 0.000010 0.000010 0.251562 0.000010 0.468603 0.000010 0.062852
0.021801 0.050725 0.466363 0.000010 0.000010 0.041927 0.000010 0.407148 0.000010 0.011997
0.000010 0.000010 0.002074 0.007753 0.950128 0.032524 0.000010 0.000010 0.000010 0.007471
0.010324 0.019626 0.000010 0.006426 0.363284 0.056039 0.000010 0.518377 0.000010 0.025894
0.000010 0.000010 0.031625 0.000010 0.728335 0.029976 0.000010 0.182623 0.001474 0.025928
0.000010 0.191647 0.280135 0.000010 0.461708 0.000010 0.000010 0.054355 0.000010 0.012106
0.000010 0.000043 0.000010 0.000010 0.303041 0.656143 0.000010 0.000010 0.000010 0.040713
0.000010 0.000010 0.000010 0.997590 0.000010 0.000010 0.000010 0.000010 0.000010 0.002330
0.000010 0.000010 0.000010 0.989851 0.010069 0.000010 0.000010 0.000010 0.000010 0.000010
0.000010 0.000010 0.000010 0.999910 0.000010 0.000010 0.000010 0.000010 0.000010 0.000010
0.000010 0.000010 0.000010 0.949454 0.031331 0.000010 0.000010 0.000010 0.000010 0.019146
0.025228 0.023086 0.718233 0.020226 0.043799 0.049152 0.000010 0.089469 0.011867 0.018932
0.000010 0.000010 0.000010 0.000010 0.012964 0.986956 0.000010 0.000010 0.000010 0.000010
0.000010 0.000010 0.010893 0.989027 0.000010 0.000010 0.000010 0.000010 0.000010 0.000010
0.000010 0.038379 0.013728 0.000010 0.100962 0.000010 0.000010 0.814157 0.000010 0.032723
0.000010 0.000010 0.000010 0.999910 0.000010 0.000010 0.000010 0.000010 0.000010 0.000010
0.003425 0.000010 0.035127 0.000010 0.098080 0.024492 0.020843 0.817992 0.000010 0.000010
0.000010 0.000010 0.033301 0.000010 0.068346 0.000010 0.010123 0.888170 0.000010 0.000010
0.000010 0.000010 0.000010 0.000010 0.000010 0.054646 0.000010 0.943973 0.000010 0.001311
0.014779 0.000010 0.000010 0.000010 0.065164 0.050839 0.000010 0.865164 0.000798 0.003216
0.173925 0.044091 0.119392 0.000010 0.024399 0.185857 0.000010 0.335242 0.088249 0.028825
0.090202 0.000010 0.019905 0.000010 0.000010 0.267046 0.000010 0.567912 0.047289 0.007606
0.000010 0.000010 0.000010 0.000010 0.191081 0.064948 0.000010 0.373381 0.019385 0.351156
0.000010 0.000010 0.376681 0.000010 0.300955 0.066073 0.004833 0.244656 0.000010 0.006761
0.000010 0.000010 0.431431 0.000010 0.359378 0.116807 0.000010 0.091576 0.000010 0.000757
0.000010 0.000010 0.000010 0.000010 0.000010 0.000010 0.999910 0.000010 0.000010 0.000010
0.010310 0.000010 0.030631 0.000010 0.020998 0.105057 0.000010 0.795746 0.000010 0.037218
0.000010 0.000909 0.000010 0.000010 0.048481 0.082029 0.000010 0.851187 0.017344 0.000010
0.000010 0.000010 0.000010 0.000010 0.999910 0.000010 0.000010 0.000010 0.000010 0.000010
0.014030 0.000010 0.011550 0.000010 0.198786 0.120633 0.000010 0.651874 0.003087 0.000010
0.014070 0.031778 0.000010 0.000010 0.759303 0.000010 0.000010 0.157340 0.000010 0.037459
0.000010 0.010261 0.028658 0.000010 0.837746 0.009747 0.000010 0.097759 0.000010 0.015790
0.010249 0.000010 0.000010 0.000010 0.000010 0.613512 0.000010 0.371604 0.000010 0.004575
0.000010 0.000010 0.000010 0.682210 0.000010 0.008775 0.308946 0.000010 0.000010 0.000010
0.000010 0.002465 0.000010 0.684319 0.000010 0.016820 0.291404 0.000010 0.000010 0.004941
0.136705 0.000010 0.000010 0.303082 0.000010 0.089832 0.125370 0.190674 0.123863 0.030444
0.088136 0.086836 0.000913 0.021605 0.031301 0.261666 0.005116 0.425767 0.032510 0.046149
0.043273 0.002039 0.028260 0.042868 0.029850 0.317259 0.000010 0.472430 0.024825 0.039185
0.000010 0.999910 0.000010 0.000010 0.000010 0.000010 0.000010 0.000010 0.000010 0.000010
0.076028 0.044956 0.000010 0.057031 0.000010 0.281722 0.000010 0.475308 0.064915 0.000010
0.000010 0.999910 0.000010 0.000010 0.000010 0.000010 0.000010 0.000010 0.000010 0.000010
0.094749 0.000011 0.000010 0.000010 0.037830 0.284918 0.006332 0.494501 0.000010 0.081628
0.111712 0.012843 0.000010 0.000010 0.000010 0.343917 0.000321 0.463649 0.052553 0.014975
0.000010 0.000010 0.000010 0.000010 0.000010 0.000010 0.000010 0.000010 0.000010 0.999910
0.000010 0.000010 0.001804 0.000010 0.900858 0.010340 0.000010 0.046590 0.007615 0.032753
0.045564 0.000010 0.015709 0.000010 0.000010 0.064058 0.000010 0.850959 0.000010 0.023660
0.000010 0.039794 0.001725 0.000010 0.047194 0.065834 0.000010 0.845402 0.000010 0.000010
0.000010 0.133682 0.035302 0.000010 0.706470 0.000010 0.000010 0.122570 0.000010 0.001925
0.000010 0.015916 0.000010 0.000010 0.000010 0.016749 0.000010 0.967266 0.000010 0.000010
0.021620 0.021068 0.008231 0.000010 0.083931 0.033059 0.006644 0.804235 0.000010 0.021191
0.000010 0.021177 0.000010 0.009386 0.440375 0.132050 0.000010 0.387238 0.000010 0.009734
0.021753 0.000010 0.018557 0.000010 0.017319 0.000010 0.000010 0.927409 0.000010 0.014912
0.013326 0.000010 0.027000 0.000010 0.087396 0.140321 0.000010 0.679700 0.000010 0.052217
0.036773 0.041484 0.223315 0.000010 0.230835 0.208976 0.021310 0.122302 0.028687 0.086308
0.173437 0.000010 0.218297 0.000010 0.000010 0.000010 0.608197 0.000010 0.000010 0.000010
0.030390 0.000010 0.683847 0.000010 0.003075 0.000010 0.002476 0.216330 0.024760 0.039093
0.000010 0.005531 0.000010 0.000010 0.918467 0.000010 0.000010 0.028105 0.000010 0.047837
0.070863 0.000010 0.023379 0.000010 0.000010 0.347477 0.000010 0.501847 0.026394 0.030001
0.069321 0.059279 0.010443 0.000010 0.047896 0.292188 0.000010 0.435429 0.068035 0.017389
0.017689 0.030047 0.016206 0.000010 0.077996 0.515384 0.000010 0.267223 0.022548 0.052887
0.000010 0.019132 0.000010 0.000010 0.115549 0.000010 0.000010 0.715074 0.000010 0.150185
0.000010 0.039773 0.020772 0.000010 0.056967 0.000010 0.000010 0.871415 0.000010 0.011023
0.009227 0.000010 0.000010 0.000010 0.127141 0.052503 0.000010 0.687753 0.000010 0.123326
0.000010 0.000010 0.000010 0.000010 0.013648 0.126167 0.000010 0.817575 0.000010 0.042551
0.000010 0.000010 0.043069 0.000010 0.005224 0.041580 0.000010 0.900029 0.000010 0.010048
0.000010 0.031649 0.000010 0.000010 0.081029 0.111189 0.013879 0.747718 0.000010 0.014496
0.000010 0.000010 0.000010 0.000010 0.000010 0.000010 0.999910 0.000010 0.000010 0.000010
0.000010 0.028795 0.030918 0.000010 0.065535 0.021673 0.000010 0.853029 0.000010 0.000010
0.000010 0.025971 0.000010 0.000010 0.039748 0.118138 0.000010 0.769060 0.000010 0.047034
0.003792 0.003508 0.000010 0.000010 0.728459 0.000010 0.000010 0.231183 0.000010 0.033009
0.000010 0.000010 0.028544 0.000010 0.737650 0.028365 0.000010 0.166478 0.000010 0.038913
0.000010 0.000010 0.000010 0.000018 0.046100 0.000010 0.000010 0.178155 0.006586 0.769092
0.000010 0.154897 0.050350 0.000010 0.739624 0.000010 0.000010 0.040600 0.000010 0.014478
0.000010 0.000010 0.000010 0.000010 0.000010 0.000010 0.999910 0.000010 0.000010 0.000010
0.000010 0.045225 0.000010 0.718816 0.000010 0.032005 0.004623 0.061160 0.119002 0.019138
0.000010 0.003624 0.022579 0.000010 0.700183 0.028524 0.000010 0.182746 0.000010 0.062305
0.031395 0.000010 0.024148 0.003839 0.207661 0.057985 0.000010 0.560498 0.000010 0.114444
0.010343 0.084409 0.016273 0.826630 0.000010 0.007065 0.007641 0.000015 0.047604 0.000010
0.000010 0.000010 0.001516 0.791355 0.000488 0.000010 0.000010 0.095691 0.074308 0.036602
0.000010 0.000010 0.008802 0.723279 0.000010 0.000010 0.049148 0.114504 0.104216 0.000010
0.000010 0.000010 0.000010 0.834545 0.000010 0.038998 0.008143 0.036457 0.078625 0.003192
0.008820 0.020943 0.000010 0.833057 0.000010 0.060172 0.031814 0.017534 0.027631 0.000010
0.008765 0.070739 0.043994 0.256776 0.167958 0.000010 0.000010 0.389674 0.000235 0.061838
0.000010 0.000010 0.000010 0.000010 0.000010 0.999910 0.000010 0.000010 0.000010 0.000010
0.000010 0.000010 0.015476 0.000010 0.000010 0.905827 0.000010 0.078626 0.000010 0.000010
0.028992 0.031182 0.000010 0.000010 0.395053 0.036924 0.000010 0.421793 0.022996 0.063030
0.000010 0.000010 0.034753 0.026843 0.858654 0.000010 0.000010 0.079689 0.000010 0.000010
0.000010 0.000010 0.002649 0.000010 0.000010 0.947739 0.000010 0.049542 0.000010 0.000010
0.000010 0.000010 0.000010 0.000010 0.086868 0.000010 0.000010 0.781582 0.000010 0.131480
0.000010 0.000010 0.012913 0.012227 0.000010 0.825675 0.000010 0.137990 0.000010 0.011145
0.000010 0.012147 0.000010 0.000010 0.279363 0.000016 0.000010 0.623674 0.000010 0.084750
0.000010 0.000010 0.999903 0.000010 0.000010 0.000010 0.000014 0.000010 0.000013 0.000010
0.000010 0.000010 0.005193 0.000010 0.818574 0.031493 0.000010 0.144680 0.000010 0.000010
0.000010 0.000010 0.447384 0.000010 0.018972 0.527362 0.000010 0.000010 0.000010 0.006223
0.000010 0.054998 0.022935 0.000010 0.663941 0.002086 0.000010 0.231282 0.000010 0.024717
0.000010 0.030994 0.017560 0.000010 0.120827 0.000016 0.000010 0.685757 0.000010 0.144807
0.000010 0.000010 0.026916 0.000010 0.269683 0.047756 0.000010 0.589046 0.000010 0.066549
0.000010 0.000010 0.000010 0.000010 0.891911 0.002499 0.000010 0.092090 0.000010 0.013441
0.000953 0.302892 0.000010 0.034000 0.006445 0.413545 0.032886 0.157259 0.052001 0.000010
0.000010 0.000010 0.000010 0.000010 0.609070 0.022904 0.000014 0.341620 0.000010 0.026342
0.000010 0.008224 0.000010 0.000010 0.815195 0.000010 0.007271 0.146431 0.000010 0.022829
0.000010 0.000010 0.000010 0.000010 0.933654 0.022589 0.000010 0.043687 0.000010 0.000010
0.009538 0.000010 0.000010 0.000010 0.171032 0.001493 0.000010 0.716532 0.000010 0.101355
0.012954 0.008974 0.026769 0.000010 0.668267 0.059288 0.000010 0.220133 0.000010 0.003586
0.000010 0.000012 0.999908 0.000010 0.000010 0.000010 0.000010 0.000010 0.000010 0.000010
0.000010 0.000010 0.999910 0.000010 0.000010 0.000010 0.000010 0.000010 0.000010 0.000010
0.000010 0.000010 0.000010 0.000010 0.845653 0.005913 0.000010 0.111038 0.000010 0.037335
0.000010 0.000010 0.999910 0.000010 0.000010 0.000010 0.000010 0.000010 0.000010 0.000010
0.000010 0.067535 0.016082 0.001038 0.829518 0.029182 0.000010 0.043742 0.012873 0.000010
0.000010 0.000010 0.000010 0.000010 0.999910 0.000010 0.000010 0.000010 0.000010 0.000010
0.000010 0.000010 0.999910 0.000010 0.000010 0.000010 0.000010 0.000010 0.000010 0.000010
0.000010 0.000010 0.999910 0.000010 0.000010 0.000010 0.000010 0.000010 0.000010 0.000010
0.000010 0.000010 0.999910 0.000010 0.000010 0.000010 0.000010 0.000010 0.000010 0.000010
0.000010 0.000010 0.999910 0.000010 0.000010 0.000010 0.000010 0.000010 0.000010 0.000010
0.000010 0.000010 0.859683 0.000010 0.000010 0.000010 0.000010 0.108211 0.032036 0.000010
0.000010 0.005104 0.011821 0.008167 0.240282 0.000010 0.000010 0.688751 0.000010 0.045835
0.000010 0.000010 0.018020 0.000010 0.161136 0.000010 0.000010 0.783127 0.000010 0.037657
0.000010 0.000010 0.999910 0.000010 0.000010 0.000010 0.000010 0.000010 0.000010 0.000010
0.000010 0.224656 0.170818 0.000010 0.455443 0.000010 0.000010 0.115842 0.000010 0.033190
0.000010 0.000010 0.026131 0.000010 0.787987 0.012150 0.000010 0.114303 0.000010 0.059379
0.000018 0.000010 0.999902 0.000010 0.000010 0.000010 0.000010 0.000010 0.000010 0.000010
0.001550 0.026498 0.955944 0.000010 0.000010 0.000010 0.000010 0.000010 0.007418 0.008540
0.000010 0.000010 0.999910 0.000010 0.000010 0.000010 0.000010 0.000010 0.000010 0.000010
0.000010 0.031570 0.002904 0.000010 0.171551 0.041939 0.000016 0.482157 0.000010 0.269833
0.000010 0.000010 0.000010 0.000010 0.184311 0.000010 0.000010 0.730295 0.000010 0.085324
0.000010 0.000010 0.000010 0.000010 0.203959 0.000010 0.000010 0.726751 0.011928 0.057302
0.000010 0.000010 0.007339 0.000010 0.088790 0.025755 0.000010 0.798620 0.000010 0.079446
0.000010 0.000010 0.905650 0.000010 0.032471 0.061810 0.000010 0.000010 0.000010 0.000010
0.288745 0.000010 0.255434 0.243249 0.000010 0.000010 0.212512 0.000010 0.000010 0.000010
0.000010 0.000010 0.999904 0.000010 0.000010 0.000010 0.000010 0.000016 0.000010 0.000010
0.000010 0.000010 0.999910 0.000010 0.000010 0.000010 0.000010 0.000010 0.000010 0.000010
0.000010 0.000010 0.999910 0.000010 0.000010 0.000010 0.000010 0.000010 0.000010 0.000010
0.000010 0.000010 0.999910 0.000010 0.000010 0.000010 0.000010 0.000010 0.000010 0.000010
0.000010 0.000010 0.999910 0.000010 0.000010 0.000010 0.000010 0.000010 0.000010 0.000010
0.000010 0.000010 0.999910 0.000010 0.000010 0.000010 0.000010 0.000010 0.000010 0.000010
0.000010 0.000010 0.006949 0.000010 0.218554 0.038522 0.000010 0.352011 0.019861 0.364063
0.000010 0.000010 0.999910 0.000010 0.000010 0.000010 0.000010 0.000010 0.000010 0.000010
0.000010 0.032699 0.890438 0.000010 0.000010 0.000010 0.000010 0.013680 0.063123 0.000010
0.000010 0.000010 0.000010 0.000010 0.934447 0.000010 0.000010 0.065473 0.000010 0.000010
0.000010 0.014082 0.846474 0.000010 0.000010 0.097296 0.000010 0.000010 0.020184 0.021914
0.004809 0.196024 0.561547 0.000010 0.139576 0.000010 0.000010 0.034019 0.000010 0.063987
0.000010 0.000010 0.999910 0.000010 0.000010 0.000010 0.000010 0.000010 0.000010 0.000010
0.000010 0.000010 0.999910 0.000010 0.000010 0.000010 0.000010 0.000010 0.000010 0.000010
0.000010 0.000010 0.999910 0.000010 0.000010 0.000010 0.000010 0.000010 0.000010 0.000010
0.000010 0.000014 0.999906 0.000010 0.000010 0.000010 0.000010 0.000010 0.000010 0.000010
0.000010 0.000489 0.979635 0.006410 0.000010 0.000010 0.000010 0.000010 0.000010 0.013406
0.000010 0.000010 0.999910 0.000010 0.000010 0.000010 0.000010 0.000010 0.000010 0.000010
0.000010 0.000010 0.000010 0.000010 0.000010 0.000010 0.000010 0.000010 0.000010 0.999910
0.000010 0.000010 0.000010 0.000010 0.000010 0.000010 0.000010 0.000010 0.999910 0.000010
0.000010 0.000010 0.000010 0.000010 0.000010 0.000010 0.000010 0.000010 0.999910 0.000010
0.000010 0.000010 0.000010 0.000010 0.000010 0.000010 0.000010 0.000010 0.999910 0.000010
0.000010 0.000010 0.999900 0.000010 0.000020 0.000010 0.000010 0.000010 0.000010 0.000010
0.000010 0.000010 0.999908 0.000010 0.000012 0.000010 0.000010 0.000010 0.000010 0.000010
0.000010 0.000010 0.000010 0.000010 0.000010 0.000010 0.000010 0.000010 0.999910 0.000010
0.000010 0.000010 0.000010 0.000010 0.000010 0.000010 0.000010 0.000010 0.999910 0.000010
0.000010 0.000010 0.000010 0.000010 0.000010 0.000010 0.000010 0.000010 0.999910 0.000010
0.000010 0.000010 0.999910 0.000010 0.000010 0.000010 0.000010 0.000010 0.000010 0.000010
0.000010 0.000010 0.999903 0.000017 0.000010 0.000010 0.000010 0.000010 0.000010 0.000010
0.000010 0.782813 0.000010 0.000010 0.000010 0.217107 0.000010 0.000010 0.000010 0.000010
0.000010 0.000010 0.999910 0.000010 0.000010 0.000010 0.000010 0.000010 0.000010 0.000010
0.000010 0.000010 0.000010 0.000010 0.154374 0.845546 0.000010 0.000010 0.000010 0.000010
0.999910 0.000010 0.000010 0.000010 0.000010 0.000010 0.000010 0.000010 0.000010 0.000010
0.999910 0.000010 0.000010 0.000010 0.000010 0.000010 0.000010 0.000010 0.000010 0.000010
0.000010 0.056339 0.000010 0.000010 0.650564 0.045293 0.000010 0.235317 0.000010 0.012437
0.999910 0.000010 0.000010 0.000010 0.000010 0.000010 0.000010 0.000010 0.000010 0.000010
0.000010 0.000010 0.013321 0.904733 0.000010 0.029525 0.000010 0.000010 0.019009 0.033363
0.038677 0.065046 0.000010 0.068270 0.000010 0.399967 0.008264 0.342888 0.075258 0.001610
0.000010 0.217089 0.082185 0.000010 0.434426 0.003025 0.012822 0.197498 0.000010 0.052925
0.036800 0.000010 0.014865 0.000010 0.037237 0.091267 0.000010 0.045987 0.737349 0.036464
0.000010 0.426466 0.343833 0.000010 0.069564 0.000010 0.000010 0.118462 0.000010 0.041626
0.000010 0.478045 0.371322 0.000010 0.029272 0.000010 0.000010 0.104091 0.000010 0.017220
0.000010 0.013374 0.000010 0.000010 0.897986 0.002774 0.000010 0.054705 0.000010 0.031111
0.045407 0.052645 0.665226 0.000010 0.000010 0.084323 0.000010 0.083647 0.038409 0.030312
0.000960 0.000010 0.004840 0.009688 0.420992 0.009825 0.017263 0.429830 0.000010 0.106581
0.000010 0.031143 0.073793 0.000010 0.796238 0.000010 0.000010 0.093310 0.000010 0.005466
0.012442 0.208189 0.314082 0.000010 0.406658 0.000010 0.000010 0.042031 0.000010 0.016558
0.013630 0.000010 0.000010 0.000010 0.000010 0.533720 0.000010 0.449626 0.000010 0.002964
0.011354 0.000010 0.049510 0.004687 0.486397 0.003468 0.000010 0.392541 0.000010 0.052013
0.000010 0.000010 0.000010 0.000010 0.118901 0.119757 0.000010 0.674502 0.000010 0.086780
0.000010 0.000010 0.008751 0.000010 0.010207 0.166491 0.000010 0.000010 0.814490 0.000010
0.011074 0.073010 0.881542 0.000010 0.000010 0.000010 0.000010 0.000010 0.034315 0.000010
0.000010 0.014484 0.000010 0.002495 0.000010 0.168886 0.000010 0.007806 0.806280 0.000010
0.000010 0.000010 0.000010 0.000010 0.000010 0.000010 0.000010 0.000010 0.999910 0.000010
0.000010 0.022238 0.000010 0.019041 0.492389 0.000010 0.000010 0.356164 0.000010 0.110118
0.000010 0.005370 0.000010 0.000010 0.696043 0.003252 0.000010 0.281214 0.001718 0.012363
0.000010 0.310292 0.000010 0.689628 0.000010 0.000010 0.000010 0.000010 0.000010 0.000010
0.000010 0.029458 0.014379 0.015708 0.598640 0.000010 0.000010 0.235924 0.044686 0.061174
0.000010 0.000010 0.000010 0.000010 0.807267 0.055003 0.000010 0.101848 0.034965 0.000867
0.000010 0.000010 0.000010 0.000469 0.888209 0.000010 0.010893 0.076493 0.000010 0.023885
0.007684 0.014989 0.000010 0.029157 0.040456 0.364476 0.009566 0.419327 0.114324 0.000010
0.000010 0.000010 0.000010 0.000010 0.000010 0.999910 0.000010 0.000010 0.000010 0.000010
0.000010 0.013633 0.008716 0.000010 0.505109 0.095299 0.000010 0.219066 0.000010 0.158137
0.000010 0.000010 0.000010 0.000010 0.000010 0.000010 0.000010 0.000010 0.999910 0.000010
0.000010 0.000010 0.000010 0.013371 0.067515 0.054999 0.000010 0.623149 0.040925 0.200002
0.000010 0.127598 0.076747 0.000010 0.563150 0.000010 0.000010 0.232444 0.000010 0.000010
0.201038 0.008139 0.001806 0.210007 0.000010 0.000010 0.000010 0.117816 0.461154 0.000010
0.008872 0.029118 0.000010 0.019291 0.164194 0.000010 0.012953 0.643331 0.013166 0.109054
0.000010 0.000010 0.999910 0.000010 0.000010 0.000010 0.000010 0.000010 0.000010 0.000010
0.000010 0.037112 0.031160 0.000010 0.612302 0.000010 0.000010 0.172533 0.015365 0.131488
0.000010 0.033708 0.029488 0.000010 0.623992 0.000010 0.000010 0.181598 0.000010 0.131164
0.000010 0.014694 0.019427 0.000010 0.599413 0.045267 0.000010 0.239848 0.040833 0.040489
0.000010 0.000010 0.002679 0.000010 0.833459 0.117156 0.000010 0.042648 0.000010 0.004009
0.000010 0.357372 0.084362 0.000010 0.262945 0.000010 0.000010 0.295261 0.000010 0.000010
0.000010 0.064563 0.062757 0.000010 0.158672 0.076532 0.000010 0.436212 0.035392 0.165841
0.000010 0.057298 0.000010 0.000010 0.920658 0.000010 0.000010 0.021975 0.000010 0.000010
0.000010 0.000010 0.007581 0.000010 0.992339 0.000010 0.000010 0.000010 0.000010 0.000010
0.000010 0.019300 0.031314 0.000010 0.127333 0.042716 0.000010 0.470255 0.021279 0.287772
0.000010 0.065309 0.121295 0.000010 0.769823 0.000010 0.000010 0.027058 0.000010 0.016465
0.000010 0.069531 0.069870 0.019757 0.056004 0.000010 0.000010 0.606672 0.000010 0.178125
0.002176 0.019696 0.051306 0.000010 0.748149 0.000010 0.000010 0.132810 0.023065 0.022768
0.000010 0.015415 0.006015 0.000010 0.760450 0.027226 0.000010 0.143392 0.000010 0.047463
0.000010 0.022308 0.000010 0.090745 0.047923 0.000013 0.000010 0.717155 0.004693 0.117132
0.000010 0.005667 0.006422 0.000010 0.905051 0.038729 0.000010 0.034772 0.000010 0.009319
0.027285 0.218034 0.328815 0.000010 0.317603 0.000010 0.000010 0.103804 0.004419 0.000010
0.000010 0.000010 0.031961 0.000010 0.888414 0.000010 0.000010 0.079555 0.000010 0.000010
0.000010 0.184423 0.326164 0.000010 0.414748 0.000010 0.000010 0.061855 0.000010 0.012760
0.000010 0.000010 0.015961 0.000010 0.603693 0.043685 0.000010 0.191496 0.000010 0.145116
0.000010 0.079379 0.041940 0.000010 0.824300 0.000010 0.000010 0.054321 0.000010 0.000010
0.000010 0.000010 0.012335 0.000010 0.734374 0.049682 0.000010 0.138693 0.000010 0.064866
0.000010 0.545642 0.305594 0.000010 0.047176 0.000010 0.000010 0.101528 0.000010 0.000010
0.000010 0.545231 0.000010 0.000010 0.203254 0.000010 0.000010 0.245979 0.000010 0.005475
0.000010 0.999910 0.000010 0.000010 0.000010 0.000010 0.000010 0.000010 0.000010 0.000010
0.000010 0.758053 0.161900 0.000010 0.079977 0.000010 0.000010 0.000010 0.000010 0.000010
0.000010 0.642133 0.245901 0.000010 0.037688 0.000010 0.000010 0.046671 0.000010 0.027556
0.000010 0.596103 0.017028 0.000010 0.171481 0.000010 0.000010 0.215328 0.000010 0.000010
0.000010 0.347306 0.006994 0.000010 0.093991 0.353448 0.000010 0.140303 0.057917 0.000010
0.000010 0.400484 0.190522 0.000010 0.138400 0.000010 0.000010 0.232139 0.000010 0.038405
0.000010 0.999910 0.000010 0.000010 0.000010 0.000010 0.000010 0.000010 0.000010 0.000010
0.000010 0.023195 0.000010 0.000010 0.454561 0.137758 0.000010 0.112595 0.000010 0.271843
0.000010 0.531285 0.000010 0.000010 0.237190 0.000010 0.000010 0.231455 0.000010 0.000010
0.000010 0.999910 0.000010 0.000010 0.000010 0.000010 0.000010 0.000010 0.000010 0.000010
0.007480 0.000010 0.000010 0.000010 0.000010 0.877230 0.000010 0.000010 0.115220 0.000010
0.153733 0.000010 0.000010 0.130298 0.018638 0.048916 0.000010 0.001491 0.568280 0.078614
0.184520 0.000010 0.000010 0.122784 0.000010 0.060520 0.000010 0.031805 0.586538 0.013793
0.000010 0.000010 0.000010 0.000010 0.000010 0.999910 0.000010 0.000010 0.000010 0.000010
0.000010 0.615237 0.000010 0.000010 0.310220 0.000010 0.000010 0.074473 0.000010 0.000010
0.000010 0.659495 0.027195 0.000010 0.142036 0.000010 0.000010 0.154997 0.000010 0.016227
0.000010 0.999910 0.000010 0.000010 0.000010 0.000010 0.000010 0.000010 0.000010 0.000010
0.420244 0.005601 0.000010 0.207150 0.000010 0.046393 0.000010 0.121849 0.182136 0.016597
0.999910 0.000010 0.000010 0.000010 0.000010 0.000010 0.000010 0.000010 0.000010 0.000010
0.000010 0.096957 0.002766 0.747526 0.000010 0.022139 0.036788 0.010103 0.083690 0.000010
0.000010 0.496718 0.016469 0.000010 0.215043 0.000010 0.000010 0.271710 0.000010 0.000010
0.000010 0.000259 0.020474 0.017934 0.932484 0.016820 0.000010 0.011989 0.000010 0.000010
0.000010 0.000010 0.000010 0.000010 0.794839 0.036377 0.000010 0.135710 0.000010 0.033014
0.000010 0.000010 0.000010 0.000010 0.000011 0.020290 0.000010 0.973219 0.000010 0.006420
0.000010 0.000010 0.000010 0.000010 0.022622 0.000010 0.000010 0.915357 0.034980 0.026981
0.000010 0.035339 0.017011 0.000010 0.922179 0.000010 0.000010 0.001318 0.000010 0.024103
0.000010 0.264736 0.379385 0.000010 0.224971 0.000010 0.000010 0.052881 0.000010 0.077978
0.008851 0.124579 0.143251 0.000010 0.277737 0.000010 0.000010 0.339962 0.000010 0.105579
0.013697 0.116418 0.052467 0.000010 0.451477 0.001211 0.000010 0.355717 0.000010 0.008982
0.000010 0.000010 0.000010 0.000010 0.000010 0.000010 0.999910 0.000010 0.000010 0.000010
0.000010 0.013423 0.018253 0.000010 0.682669 0.046091 0.000010 0.212425 0.000010 0.027099
0.000010 0.044734 0.003845 0.000010 0.941548 0.003666 0.000010 0.006157 0.000010 0.000010
0.000019 0.066960 0.025759 0.000010 0.515996 0.000424 0.000010 0.336622 0.024058 0.030143
0.000010 0.000010 0.005902 0.000010 0.701187 0.055219 0.000010 0.183051 0.000010 0.054591
0.000010 0.008231 0.037807 0.000010 0.572009 0.009191 0.000010 0.361471 0.000010 0.011251
0.000010 0.018681 0.010369 0.011068 0.425948 0.006955 0.000010 0.490241 0.000010 0.036708
0.000010 0.999910 0.000010 0.000010 0.000010 0.000010 0.000010 0.000010 0.000010 0.000010
0.000010 0.029338 0.006532 0.000010 0.626421 0.000221 0.000010 0.336958 0.000010 0.000490
0.000010 0.008724 0.014105 0.000010 0.715997 0.003074 0.000010 0.243113 0.000010 0.014947
0.000010 0.000010 0.000010 0.000010 0.681990 0.053433 0.000010 0.264507 0.000010 0.000010
0.000010 0.048483 0.034569 0.000010 0.253820 0.000010 0.015942 0.545537 0.000010 0.101609
0.000010 0.000010 0.000010 0.000010 0.952003 0.047917 0.000010 0.000010 0.000010 0.000010
0.000010 0.000010 0.000010 0.000010 0.187216 0.812704 0.000010 0.000010 0.000010 0.000010
0.022526 0.000010 0.027519 0.000010 0.126352 0.000010 0.000010 0.772181 0.000010 0.051372
0.019658 0.000010 0.000010 0.000010 0.148837 0.106958 0.000010 0.664687 0.000010 0.059811
0.018665 0.027384 0.027397 0.000010 0.097038 0.000015 0.000010 0.751672 0.010706 0.067103
0.000010 0.000010 0.000010 0.000010 0.259869 0.000010 0.000010 0.638493 0.000010 0.101568
0.000010 0.000010 0.000010 0.000010 0.906606 0.000010 0.000010 0.077069 0.000010 0.016255
0.000010 0.000010 0.016228 0.000010 0.804841 0.036431 0.000010 0.142440 0.000010 0.000010
0.000010 0.000010 0.000010 0.000010 0.772855 0.006532 0.000010 0.220543 0.000010 0.000010
0.000010 0.000010 0.000010 0.000010 0.893670 0.000010 0.000010 0.071601 0.000010 0.034659
0.025981 0.000010 0.023307 0.000010 0.233750 0.091088 0.000010 0.549920 0.000010 0.075914
0.000010 0.085796 0.490592 0.000010 0.043861 0.000010 0.000010 0.368895 0.000010 0.010805
0.000010 0.123349 0.061531 0.000010 0.524585 0.025840 0.000010 0.205001 0.000010 0.059653
0.016448 0.186486 0.135901 0.000010 0.495467 0.000010 0.000010 0.117157 0.012372 0.036138
0.000010 0.000010 0.000010 0.000010 0.039366 0.044561 0.000010 0.916002 0.000010 0.000010
0.000010 0.000010 0.005450 0.000010 0.905087 0.011915 0.000010 0.061421 0.000010 0.016077
0.000010 0.068886 0.000010 0.000010 0.125081 0.006471 0.002081 0.627963 0.052237 0.117251
0.000010 0.009768 0.005157 0.000010 0.798861 0.025939 0.000010 0.115456 0.000010 0.044779
0.000010 0.000010 0.000010 0.000010 0.999910 0.000010 0.000010 0.000010 0.000010 0.000010
0.000010 0.000010 0.000010 0.000010 0.751872 0.178568 0.000010 0.034747 0.000010 0.034753
0.000010 0.008805 0.034266 0.004874 0.112355 0.040233 0.000010 0.744338 0.000010 0.055099
0.000010 0.000010 0.000010 0.000010 0.999910 0.000010 0.000010 0.000010 0.000010 0.000010
0.000010 0.000010 0.000010 0.000010 0.000010 0.032597 0.000010 0.947078 0.000010 0.020255
0.000010 0.000454 0.000010 0.010719 0.003711 0.038276 0.000010 0.946790 0.000010 0.000010
0.000010 0.000010 0.000010 0.000010 0.000010 0.019554 0.000010 0.937016 0.000010 0.043360
0.000010 0.000010 0.000010 0.000010 0.000010 0.078638 0.000010 0.921282 0.000010 0.000010
0.000010 0.000010 0.000010 0.000010 0.000010 0.016942 0.000010 0.982978 0.000010 0.000010
0.005581 0.025625 0.838348 0.000010 0.000010 0.003945 0.000010 0.103724 0.007150 0.015597
0.005358 0.064112 0.003672 0.000010 0.575708 0.024672 0.000010 0.290034 0.005075 0.031348
0.000010 0.038629 0.007040 0.000010 0.948484 0.000010 0.000010 0.000010 0.000010 0.005787
0.000010 0.000010 0.000010 0.000010 0.780690 0.060984 0.000010 0.158256 0.000010 0.000010
0.000010 0.025478 0.013045 0.000010 0.695850 0.104661 0.000010 0.129339 0.000010 0.031588
0.000010 0.004822 0.000010 0.000010 0.983500 0.011608 0.000010 0.000010 0.000010 0.000010
0.000010 0.000010 0.000010 0.000010 0.000010 0.000010 0.000010 0.999910 0.000010 0.000010
0.000010 0.000010 0.005846 0.000010 0.942609 0.051476 0.000010 0.000010 0.000010 0.000010
0.000010 0.014322 0.007471 0.000010 0.168157 0.000010 0.000010 0.734992 0.000010 0.075008
0.000010 0.000010 0.999908 0.000010 0.000010 0.000012 0.000010 0.000010 0.000010 0.000010
0.040134 0.000010 0.000010 0.000010 0.000010 0.513775 0.000010 0.436096 0.000010 0.009935
0.000010 0.000010 0.016890 0.000010 0.121519 0.028894 0.000010 0.789794 0.000010 0.042854
0.000010 0.000010 0.000010 0.000010 0.353986 0.000010 0.000010 0.645934 0.000010 0.000010
0.036694 0.004711 0.000010 0.000010 0.038595 0.127672 0.000010 0.748262 0.000010 0.044026
0.000010 0.000010 0.000010 0.031491 0.000010 0.132757 0.000010 0.835683 0.000010 0.000010
0.000010 0.000010 0.022051 0.000010 0.089395 0.091496 0.000010 0.796999 0.000010 0.000010
0.000010 0.000010 0.000010 0.000010 0.000010 0.000011 0.000010 0.999909 0.000010 0.000010
0.000010 0.000010 0.002730 0.006180 0.185470 0.097800 0.000010 0.693960 0.000010 0.013818
0.006885 0.021272 0.018071 0.000010 0.046017 0.048761 0.000010 0.811156 0.000010 0.047807
0.000010 0.003870 0.038628 0.000010 0.792814 0.046549 0.000010 0.099707 0.000010 0.018393
0.000010 0.061328 0.000010 0.009818 0.075185 0.000010 0.000010 0.771413 0.000010 0.082207
0.000010 0.000010 0.000010 0.000010 0.000010 0.053537 0.000010 0.946383 0.000010 0.000010
0.000010 0.012397 0.000010 0.000010 0.084197 0.036835 0.000010 0.866511 0.000010 0.000010
0.000010 0.006076 0.000010 0.009249 0.586552 0.052358 0.000010 0.345714 0.000010 0.000010
0.000010 0.000010 0.000010 0.000010 0.995044 0.000010 0.000010 0.000010 0.000010 0.004876
0.000010 0.000010 0.029315 0.000010 0.044404 0.061740 0.000010 0.831821 0.000010 0.032670
0.000010 0.000010 0.921568 0.000010 0.000010 0.078352 0.000010 0.000010 0.000010 0.000010
0.000010 0.000010 0.000010 0.000010 0.930568 0.046438 0.000010 0.000010 0.022924 0.000010
0.000010 0.000010 0.000010 0.000010 0.982158 0.000010 0.000010 0.000010 0.000010 0.017762
0.007024 0.000010 0.000010 0.000010 0.079382 0.034024 0.000010 0.846597 0.000010 0.032922
0.002566 0.000010 0.000010 0.000010 0.468333 0.061177 0.000010 0.406200 0.055223 0.006461
0.000010 0.000010 0.000010 0.000010 0.229517 0.000010 0.000010 0.702429 0.000010 0.067984
0.000010 0.000010 0.013769 0.000010 0.022152 0.000010 0.000010 0.959576 0.000010 0.004443
0.000010 0.000010 0.000010 0.000010 0.999910 0.000010 0.000010 0.000010 0.000010 0.000010
0.000010 0.000010 0.010049 0.000010 0.989871 0.000010 0.000010 0.000010 0.000010 0.000010
0.000010 0.004406 0.000010 0.000010 0.512635 0.003567 0.000010 0.460173 0.000010 0.019169
0.000010 0.007019 0.009173 0.000010 0.583130 0.015545 0.000010 0.323598 0.000010 0.061495
0.000010 0.000010 0.000010 0.000010 0.000010 0.000010 0.999910 0.000010 0.000010 0.000010
0.000010 0.000010 0.000010 0.000010 0.042195 0.107429 0.000010 0.850306 0.000010 0.000010
0.000010 0.032699 0.028231 0.000010 0.907902 0.000010 0.000010 0.026033 0.000010 0.005085
0.000010 0.000010 0.000010 0.000010 0.000010 0.000010 0.999910 0.000010 0.000010 0.000010
0.000010 0.000010 0.463422 0.000010 0.000010 0.000010 0.000010 0.000010 0.000010 0.536498
0.999910 0.000010 0.000010 0.000010 0.000010 0.000010 0.000010 0.000010 0.000010 0.000010
0.000010 0.007862 0.042026 0.000010 0.661091 0.062683 0.000010 0.192276 0.000010 0.034022
0.012340 0.000010 0.000010 0.000010 0.529671 0.046761 0.000010 0.286645 0.000010 0.124533
0.000010 0.000010 0.049490 0.000010 0.746912 0.034511 0.000010 0.136475 0.000010 0.032562
0.000010 0.020084 0.014333 0.000010 0.302074 0.070569 0.000010 0.425572 0.056218 0.111120
0.000010 0.000010 0.009460 0.000010 0.957836 0.019640 0.000010 0.000010 0.000010 0.013004
0.000010 0.000010 0.000010 0.000010 0.999910 0.000010 0.000010 0.000010 0.000010 0.000010
0.000010 0.007801 0.003292 0.000010 0.124899 0.000011 0.000010 0.742224 0.000010 0.121733
0.000010 0.000010 0.000010 0.000010 0.671129 0.035069 0.000010 0.262029 0.014359 0.017364
0.025099 0.000010 0.035010 0.000010 0.566603 0.018100 0.000010 0.349967 0.000010 0.005181
0.000010 0.069544 0.000010 0.000010 0.347110 0.085398 0.000010 0.484618 0.003276 0.010013
0.000010 0.000010 0.008389 0.000010 0.702035 0.034702 0.000010 0.207162 0.000010 0.047662
0.000010 0.003085 0.022284 0.000010 0.793597 0.000010 0.000010 0.153562 0.000010 0.027422
0.000010 0.044824 0.009227 0.000010 0.757993 0.000010 0.000010 0.142171 0.000010 0.045736
0.000010 0.000010 0.010765 0.000010 0.829216 0.018564 0.000010 0.140211 0.000010 0.001193
0.000010 0.000010 0.000010 0.000010 0.999910 0.000010 0.000010 0.000010 0.000010 0.000010
0.000010 0.000010 0.009549 0.000010 0.922534 0.051942 0.000010 0.000010 0.000010 0.015915
0.000010 0.026712 0.024843 0.000010 0.169687 0.065683 0.000010 0.657765 0.000010 0.055269
0.001728 0.095584 0.045948 0.000010 0.455961 0.065122 0.008192 0.321871 0.000010 0.005574
0.000010 0.000010 0.000010 0.000010 0.000010 0.000010 0.000010 0.996696 0.003224 0.000010
0.000010 0.000010 0.000010 0.000010 0.997824 0.000010 0.000010 0.000010 0.000010 0.002096
0.003446 0.040845 0.014606 0.000010 0.189735 0.000010 0.009103 0.656783 0.000010 0.085452
0.000010 0.048473 0.039539 0.000010 0.636263 0.221275 0.000010 0.020068 0.000010 0.034343
0.000010 0.031666 0.028690 0.012739 0.565207 0.000010 0.000010 0.290520 0.000010 0.071138
0.000010 0.020896 0.000025 0.000010 0.075568 0.082563 0.000010 0.819357 0.000010 0.001551
0.000010 0.000010 0.002905 0.000010 0.751178 0.027161 0.000010 0.174604 0.000010 0.044102
0.000010 0.047868 0.000016 0.000010 0.147629 0.000010 0.000010 0.695689 0.000010 0.108747
0.000010 0.000010 0.004972 0.000010 0.000010 0.026372 0.000010 0.943476 0.006782 0.018348
0.000010 0.000010 0.011311 0.000010 0.092674 0.039962 0.000010 0.817242 0.000010 0.038761
0.000107 0.007688 0.009447 0.004324 0.302164 0.282446 0.000010 0.390476 0.000010 0.003327
0.000010 0.000010 0.000010 0.000010 0.024436 0.072956 0.000010 0.902539 0.000010 0.000010
0.000010 0.061747 0.000368 0.000010 0.000010 0.476594 0.000010 0.304897 0.156344 0.000010
0.000010 0.000010 0.019804 0.000010 0.145088 0.000010 0.000010 0.746986 0.000010 0.088062
0.000010 0.020617 0.000010 0.001440 0.656424 0.000012 0.000010 0.321457 0.000010 0.000010
0.000010 0.000010 0.000010 0.000010 0.933163 0.018411 0.000010 0.048356 0.000010 0.000010
0.000010 0.007479 0.008851 0.000010 0.780199 0.162029 0.000010 0.000010 0.017278 0.024124
0.000010 0.000010 0.000010 0.000010 0.893991 0.086423 0.000010 0.019516 0.000010 0.000010
0.000010 0.000010 0.000010 0.000010 0.024088 0.048036 0.005753 0.922063 0.000010 0.000010
0.000010 0.031857 0.004127 0.000010 0.388534 0.329896 0.000010 0.179353 0.021043 0.045159
0.000010 0.040017 0.000010 0.009680 0.612354 0.047695 0.000010 0.252831 0.000010 0.037383
0.000010 0.000010 0.000010 0.000010 0.203741 0.000010 0.796179 0.000010 0.000010 0.000010
0.000010 0.000011 0.000010 0.014096 0.774041 0.017633 0.000010 0.189109 0.000010 0.005070
0.000010 0.000010 0.000010 0.000010 0.824171 0.037837 0.000010 0.115794 0.000010 0.022139
0.000010 0.000010 0.999910 0.000010 0.000010 0.000010 0.000010 0.000010 0.000010 0.000010
0.000010 0.000010 0.999910 0.000010 0.000010 0.000010 0.000010 0.000010 0.000010 0.000010
0.000010 0.000010 0.000010 0.004385 0.167247 0.027025 0.000010 0.801283 0.000010 0.000010
0.000010 0.000010 0.000010 0.000010 0.189233 0.000010 0.000010 0.810687 0.000010 0.000010
0.000010 0.000010 0.000010 0.000010 0.324016 0.024380 0.000010 0.651535 0.000010 0.000010
0.000010 0.000010 0.000010 0.000010 0.320117 0.033834 0.000010 0.645979 0.000010 0.000010
0.000010 0.000010 0.999910 0.000010 0.000010 0.000010 0.000010 0.000010 0.000010 0.000010
0.000010 0.000010 0.999910 0.000010 0.000010 0.000010 0.000010 0.000010 0.000010 0.000010
0.000010 0.000010 0.000010 0.000010 0.030079 0.047856 0.000010 0.921995 0.000010 0.000010
0.000010 0.000010 0.000010 0.000010 0.009461 0.040472 0.000010 0.949998 0.000010 0.000010
0.000010 0.000010 0.999910 0.000010 0.000010 0.000010 0.000010 0.000010 0.000010 0.000010
0.000010 0.000010 0.999910 0.000010 0.000010 0.000010 0.000010 0.000010 0.000010 0.000010
0.000011 0.000010 0.999901 0.000010 0.000010 0.000010 0.000010 0.000010 0.000018 0.000010
0.006707 0.000010 0.000010 0.000010 0.001714 0.096135 0.029531 0.808365 0.000010 0.057508
0.000010 0.000010 0.000010 0.000010 0.000010 0.042590 0.000010 0.957330 0.000010 0.000010
0.117086 0.033525 0.058666 0.010019 0.207198 0.128264 0.000010 0.300582 0.133390 0.011261
0.000010 0.000010 0.009359 0.031508 0.066657 0.069722 0.000010 0.773040 0.000010 0.049675
0.188466 0.012342 0.052428 0.014475 0.000010 0.225562 0.000010 0.164084 0.342614 0.000010
0.000010 0.000010 0.012661 0.032956 0.000010 0.026021 0.000010 0.928302 0.000010 0.000010
0.000010 0.000010 0.999910 0.000010 0.000010 0.000010 0.000010 0.000010 0.000010 0.000010
0.000010 0.022342 0.000010 0.000010 0.041012 0.000010 0.000010 0.936576 0.000010 0.000010
0.000010 0.000010 0.004025 0.000010 0.206326 0.115181 0.000010 0.674408 0.000010 0.000010
0.000010 0.076805 0.545894 0.000010 0.077675 0.000010 0.000010 0.292595 0.000010 0.006981
0.000010 0.000010 0.909576 0.000010 0.028861 0.003194 0.000010 0.048621 0.000010 0.009697
0.000010 0.000010 0.000010 0.000010 0.074312 0.053613 0.000010 0.872005 0.000010 0.000010
0.000010 0.000010 0.999910 0.000010 0.000010 0.000010 0.000010 0.000010 0.000010 0.000010
0.000015 0.000010 0.999905 0.000010 0.000010 0.000010 0.000010 0.000010 0.000010 0.000010
0.000010 0.000010 0.999910 0.000010 0.000010 0.000010 0.000010 0.000010 0.000010 0.000010
0.000010 0.000010 0.999910 0.000010 0.000010 0.000010 0.000010 0.000010 0.000010 0.000010
0.000010 0.000020 0.999900 0.000010 0.000010 0.000010 0.000010 0.000010 0.000010 0.000010
0.000010 0.091342 0.000010 0.000010 0.609193 0.037884 0.000010 0.204933 0.000010 0.056597
0.000010 0.215515 0.112761 0.000010 0.553767 0.000010 0.000010 0.060006 0.018240 0.039671
0.001804 0.207332 0.116973 0.000010 0.532026 0.000010 0.000010 0.114040 0.000010 0.027786
0.000010 0.000010 0.999910 0.000010 0.000010 0.000010 0.000010 0.000010 0.000010 0.000010
0.999910 0.000010 0.000010 0.000010 0.000010 0.000010 0.000010 0.000010 0.000010 0.000010
0.000010 0.000010 0.054418 0.000010 0.415502 0.000010 0.000010 0.368115 0.041468 0.120447
0.000010 0.000010 0.000010 0.000010 0.831249 0.013932 0.000010 0.117907 0.000010 0.036853
0.000010 0.035601 0.047410 0.000010 0.558751 0.051316 0.000010 0.245793 0.000010 0.061088
0.000010 0.000010 0.000010 0.000010 0.229192 0.000010 0.000010 0.646840 0.000010 0.123898
0.000010 0.000010 0.000010 0.000010 0.232776 0.000010 0.000010 0.646002 0.000010 0.121152
0.000010 0.027236 0.002900 0.000010 0.754796 0.039403 0.000010 0.175614 0.000010 0.000010
0.000010 0.000010 0.000010 0.000010 0.211822 0.003988 0.000014 0.662693 0.000010 0.121432
0.000010 0.159124 0.026051 0.000010 0.324520 0.000010 0.003971 0.447516 0.000010 0.038779
0.000010 0.024709 0.020093 0.000010 0.761845 0.054136 0.000010 0.132401 0.000010 0.006776
0.009665 0.005677 0.002937 0.000010 0.666026 0.155473 0.000010 0.160182 0.000010 0.000010
0.000010 0.000010 0.000010 0.000010 0.288331 0.000010 0.000010 0.597909 0.000010 0.113690
0.000010 0.005404 0.017994 0.008086 0.746758 0.047956 0.000011 0.173761 0.000010 0.000010
0.000010 0.464009 0.035216 0.000010 0.292460 0.000010 0.000010 0.194666 0.010580 0.003029
0.007007 0.000010 0.000010 0.000010 0.000010 0.712855 0.000010 0.000010 0.280068 0.000010
0.000010 0.000010 0.015956 0.000010 0.152592 0.080779 0.000010 0.378303 0.060284 0.312046
0.000010 0.000010 0.009829 0.000010 0.426802 0.019364 0.000010 0.510411 0.000010 0.033544
0.000010 0.000010 0.011923 0.000010 0.446314 0.149464 0.000010 0.178279 0.000010 0.213971
0.000010 0.026312 0.004691 0.000314 0.881586 0.074810 0.000010 0.007785 0.000010 0.004473
0.036724 0.000010 0.000010 0.000010 0.041824 0.122864 0.000010 0.008789 0.789749 0.000010
0.132934 0.005365 0.079022 0.085907 0.006475 0.281559 0.000010 0.343868 0.064849 0.000010
0.000010 0.017114 0.009180 0.000010 0.637435 0.000010 0.003130 0.269274 0.011050 0.052788
0.000010 0.034666 0.000010 0.000010 0.713600 0.079137 0.000010 0.150764 0.000010 0.021783
0.000010 0.000010 0.395789 0.000010 0.521038 0.000010 0.000010 0.056528 0.000010 0.026584
