0.194772 0.000010 0.007434 0.000010 0.285678 0.051468 0.029784 0.000010 0.064956 0.000010 0.000010 0.000010 0.365828 0.000010 0.000010
0.130261 0.019354 0.000010 0.000010 0.530831 0.053038 0.000010 0.009054 0.016349 0.024037 0.025554 0.000010 0.148706 0.000010 0.042766
0.086684 0.010100 0.000010 0.050863 0.396204 0.030291 0.005394 0.000010 0.000010 0.000010 0.010874 0.029773 0.341652 0.038115 0.000010
0.000010 0.000010 0.006159 0.000010 0.000010 0.000010 0.000010 0.000010 0.596555 0.000010 0.397166 0.000010 0.000010 0.000010 0.000010
0.000010 0.000010 0.052592 0.029473 0.625895 0.069534 0.000010 0.000010 0.000010 0.011365 0.000010 0.000010 0.157111 0.000010 0.053949
0.073562 0.000010 0.028342 0.016717 0.104892 0.016013 0.000010 0.010247 0.000010 0.000010 0.029865 0.000010 0.701039 0.013256 0.006016
0.013188 0.000016 0.000010 0.000010 0.000010 0.000010 0.291430 0.013553 0.265619 0.000010 0.172473 0.000010 0.222969 0.020681 0.000010
0.000010 0.000010 0.000010 0.000010 0.000010 0.000221 0.000010 0.042430 0.013118 0.058929 0.000018 0.000010 0.885192 0.000010 0.000010
0.298116 0.000010 0.001834 0.003724 0.419964 0.107068 0.000010 0.000010 0.042008 0.062297 0.026274 0.000010 0.008690 0.016503 0.013481
0.016806 0.000010 0.000010 0.000010 0.066190 0.036044 0.000010 0.000010 0.011531 0.051557 0.008394 0.000010 0.809399 0.000010 0.000010
0.080746 0.000010 0.000010 0.014111 0.100222 0.214059 0.000010 0.000010 0.000010 0.054934 0.000010 0.000010 0.535838 0.000010 0.000010
0.226822 0.000210 0.010176 0.014549 0.309884 0.066243 0.007839 0.030452 0.005266 0.000010 0.000010 0.020355 0.304109 0.004066 0.000010
0.312186 0.000010 0.163209 0.000010 0.129144 0.000010 0.022580 0.044231 0.000010 0.041694 0.163883 0.024527 0.000010 0.098485 0.000010
0.319916 0.000010 0.022123 0.017933 0.000010 0.004045 0.037062 0.019434 0.271368 0.006811 0.260088 0.000010 0.000010 0.041168 0.000010
0.005827 0.015256 0.008582 0.000010 0.000010 0.067219 0.003797 0.001589 0.000010 0.008959 0.025858 0.000010 0.862852 0.000010 0.000010
0.122306 0.038474 0.042822 0.000010 0.362064 0.014474 0.041516 0.000010 0.009081 0.013451 0.000010 0.018302 0.297442 0.040027 0.000010
0.061564 0.000010 0.000010 0.000010 0.162250 0.029265 0.022463 0.000644 0.019301 0.025982 0.000010 0.000010 0.640443 0.015759 0.022278
0.000010 0.000010 0.000010 0.000010 0.017506 0.014234 0.206574 0.035014 0.170260 0.000010 0.132664 0.000010 0.407752 0.015926 0.000010
0.000010 0.000010 0.000010 0.000010 0.000010 0.039878 0.000010 0.045409 0.000010 0.650068 0.000010 0.000010 0.245685 0.018859 0.000010
0.000010 0.893827 0.012026 0.000010 0.000010 0.000010 0.000010 0.005385 0.000010 0.000010 0.000010 0.048108 0.000010 0.000010 0.040554
0.000010 0.953632 0.000010 0.000010 0.000010 0.000010 0.000010 0.020222 0.000010 0.000010 0.010838 0.000010 0.012846 0.002362 0.000010
0.000010 0.999860 0.000010 0.000010 0.000010 0.000010 0.000010 0.000010 0.000010 0.000010 0.000010 0.000010 0.000010 0.000010 0.000010
0.000010 0.920239 0.000010 0.000010 0.000010 0.000010 0.000010 0.042121 0.000010 0.000010 0.000010 0.011724 0.012817 0.009527 0.003482
0.000010 0.000010 0.000010 0.000010 0.000010 0.000010 0.000010 0.000010 0.000010 0.000010 0.999860 0.000010 0.000010 0.000010 0.000010
0.000010 0.000010 0.000010 0.000010 0.000010 0.000010 0.000010 0.000010 0.000010 0.999860 0.000010 0.000010 0.000010 0.000010 0.000010
0.000010 0.932031 0.000010 0.000010 0.002482 0.000010 0.000010 0.000010 0.000010 0.000010 0.000010 0.043616 0.000010 0.012517 0.009254
0.000010 0.015332 0.000551 0.002458 0.892868 0.009716 0.000010 0.000223 0.038378 0.000010 0.022314 0.000010 0.000010 0.000010 0.018100
0.000010 0.969313 0.000010 0.000010 0.000010 0.000010 0.000010 0.000010 0.019563 0.000010 0.000010 0.006696 0.000010 0.000010 0.004319
0.503580 0.001870 0.004320 0.002604 0.218014 0.000010 0.004186 0.000010 0.000010 0.069536 0.032914 0.000010 0.079853 0.048611 0.034470
0.601693 0.000010 0.000010 0.000010 0.165467 0.000010 0.000010 0.000010 0.019297 0.031766 0.060714 0.006651 0.071408 0.028777 0.014167
0.914383 0.000010 0.000010 0.000010 0.000010 0.030351 0.000010 0.018023 0.006886 0.030256 0.000010 0.000010 0.000010 0.000010 0.000010
0.423564 0.000010 0.000010 0.000010 0.344037 0.000010 0.000010 0.000010 0.000010 0.063580 0.045168 0.013714 0.034914 0.057224 0.017729
0.171490 0.000010 0.134908 0.050124 0.156837 0.000010 0.000010 0.002441 0.000010 0.010336 0.181788 0.061344 0.012744 0.153883 0.064065
0.387880 0.000018 0.143072 0.000010 0.103815 0.000010 0.000010 0.034538 0.000010 0.128736 0.046411 0.000010 0.000010 0.112522 0.042948
0.070930 0.000010 0.000010 0.000010 0.334379 0.061587 0.065417 0.276234 0.000010 0.035119 0.006232 0.030177 0.094548 0.000010 0.025327
0.018087 0.000010 0.000010 0.009712 0.107292 0.287023 0.000254 0.000010 0.000010 0.000010 0.486313 0.000855 0.090393 0.000010 0.000010
0.000010 0.000010 0.000010 0.000010 0.000010 0.245566 0.000010 0.000010 0.000010 0.000010 0.603297 0.000010 0.151018 0.000010 0.000010
0.000010 0.000010 0.000010 0.000010 0.000010 0.000010 0.000010 0.000010 0.000010 0.000010 0.000010 0.999860 0.000010 0.000010 0.000010
0.411236 0.000010 0.032140 0.000010 0.293581 0.063230 0.000010 0.063242 0.009920 0.063622 0.011304 0.000010 0.000010 0.051665 0.000010
0.685749 0.000010 0.057127 0.007274 0.089063 0.000010 0.000010 0.009412 0.002440 0.016778 0.033694 0.011382 0.042246 0.005260 0.039544
0.000010 0.000010 0.000010 0.000010 0.000010 0.000010 0.000010 0.000010 0.000010 0.000010 0.000010 0.000010 0.999860 0.000010 0.000010
0.397374 0.008070 0.040772 0.029432 0.150072 0.000010 0.020477 0.000150 0.010513 0.092767 0.022527 0.000010 0.163252 0.030619 0.033956
0.000010 0.000010 0.000010 0.036224 0.271384 0.000010 0.000015 0.000010 0.001902 0.000010 0.000010 0.000010 0.652084 0.038301 0.000010
0.000010 0.000010 0.000010 0.000010 0.244422 0.000010 0.000010 0.000010 0.000719 0.000010 0.021972 0.000010 0.729288 0.003499 0.000010
0.239613 0.000010 0.616172 0.000010 0.086899 0.000010 0.000010 0.000010 0.000010 0.057206 0.000010 0.000010 0.000010 0.000010 0.000010
0.000010 0.664074 0.011689 0.000010 0.000010 0.000010 0.000010 0.000010 0.000010 0.006142 0.000010 0.313000 0.000010 0.000010 0.004996
0.000010 0.672316 0.000010 0.000010 0.037168 0.007375 0.000010 0.008753 0.000010 0.000010 0.000010 0.274287 0.000010 0.000010 0.000010
0.043811 0.245703 0.057073 0.000010 0.142891 0.035154 0.000010 0.009399 0.000010 0.000010 0.000010 0.185537 0.000010 0.146820 0.133553
0.160083 0.013301 0.205534 0.074483 0.236828 0.041355 0.010247 0.020761 0.000010 0.061257 0.038560 0.020616 0.000010 0.085995 0.030959
0.225363 0.023910 0.244145 0.000015 0.273637 0.000010 0.000010 0.025530 0.000010 0.051462 0.085113 0.000010 0.017574 0.044878 0.008334
0.000010 0.000010 0.000010 0.999860 0.000010 0.000010 0.000010 0.000010 0.000010 0.000010 0.000010 0.000010 0.000010 0.000010 0.000010
0.312908 0.028241 0.142241 0.015187 0.054611 0.000010 0.080663 0.006461 0.000010 0.132506 0.020561 0.021025 0.000010 0.080098 0.105468
0.000010 0.000010 0.000010 0.999856 0.000010 0.000010 0.000010 0.000010 0.000014 0.000010 0.000010 0.000010 0.000010 0.000010 0.000010
0.245801 0.000010 0.216499 0.004540 0.199338 0.066284 0.003800 0.038860 0.000010 0.059159 0.000010 0.021992 0.019030 0.097308 0.027358
0.319723 0.000010 0.210334 0.038531 0.099387 0.000010 0.009191 0.003924 0.000010 0.131811 0.050169 0.055014 0.000010 0.081865 0.000010
0.000010 0.000010 0.000010 0.000010 0.000010 0.000010 0.000010 0.999860 0.000010 0.000010 0.000010 0.000010 0.000010 0.000010 0.000010
0.000010 0.000010 0.000010 0.016325 0.026141 0.000010 0.000010 0.033311 0.002998 0.000010 0.006816 0.026864 0.857345 0.000010 0.030129
0.447750 0.000010 0.012086 0.000010 0.281549 0.037692 0.006368 0.019135 0.000010 0.055338 0.068356 0.000010 0.000010 0.071665 0.000010
0.412909 0.000010 0.000018 0.036519 0.320992 0.011311 0.057078 0.000798 0.000010 0.090592 0.060026 0.000010 0.000010 0.009706 0.000010
0.030054 0.000010 0.000010 0.036819 0.024936 0.047543 0.150627 0.015287 0.003748 0.022021 0.042144 0.000010 0.623902 0.002880 0.000010
0.765943 0.000010 0.019203 0.022136 0.168929 0.001874 0.000010 0.000010 0.000010 0.000010 0.008436 0.013400 0.000010 0.000010 0.000010
0.473347 0.000010 0.000010 0.000010 0.257020 0.016224 0.027548 0.034607 0.000010 0.015202 0.046130 0.000010 0.071906 0.057955 0.000010
0.360974 0.035534 0.016353 0.029411 0.000010 0.000010 0.000010 0.035239 0.008291 0.064780 0.000010 0.000010 0.439913 0.009446 0.000010
0.590464 0.000010 0.000010 0.000010 0.274564 0.000010 0.000010 0.002963 0.020618 0.000010 0.000010 0.011111 0.030230 0.069970 0.000010
0.418390 0.000010 0.066869 0.000010 0.198167 0.023908 0.042688 0.026839 0.000010 0.066786 0.048193 0.015173 0.036981 0.037341 0.018636
0.050199 0.005386 0.159237 0.053451 0.000010 0.088690 0.056403 0.083392 0.115644 0.044517 0.136392 0.046772 0.154294 0.005602 0.000010
0.000010 0.000010 0.000010 0.000010 0.000010 0.000010 0.000010 0.000010 0.155955 0.000010 0.121040 0.563111 0.000010 0.159783 0.000010
0.000010 0.000010 0.029279 0.000010 0.108488 0.004519 0.007289 0.028345 0.463496 0.000010 0.298007 0.017562 0.000010 0.000010 0.042956
0.000010 0.008328 0.001282 0.000010 0.020475 0.000010 0.031139 0.025716 0.000010 0.010007 0.032575 0.019205 0.840504 0.010718 0.000010
0.304590 0.000010 0.174789 0.000010 0.149050 0.008035 0.037679 0.023487 0.000010 0.140217 0.041685 0.000010 0.000010 0.100218 0.020200
0.163948 0.030115 0.138555 0.073565 0.242852 0.035247 0.000010 0.000010 0.000010 0.106923 0.026987 0.000010 0.040463 0.108297 0.033009
0.109144 0.002723 0.273353 0.056698 0.181056 0.000010 0.000010 0.027807 0.000010 0.192263 0.000010 0.000010 0.060790 0.070019 0.026097
0.105180 0.000010 0.000010 0.035616 0.554444 0.097980 0.033812 0.125832 0.000010 0.002380 0.000010 0.000010 0.000010 0.021617 0.023078
0.421428 0.000010 0.011294 0.028127 0.378562 0.000010 0.006370 0.000010 0.000010 0.000010 0.053215 0.004120 0.070685 0.023871 0.002279
0.176757 0.000010 0.012332 0.000010 0.476636 0.031029 0.036847 0.092122 0.036483 0.056888 0.000010 0.000010 0.049518 0.031339 0.000010
0.626456 0.000010 0.032852 0.000010 0.131269 0.026886 0.000010 0.030432 0.000010 0.033316 0.000010 0.027383 0.015843 0.043960 0.031552
0.672582 0.000010 0.000010 0.050878 0.166626 0.000010 0.000010 0.035978 0.020904 0.025695 0.009798 0.000010 0.017468 0.000010 0.000010
0.513633 0.028931 0.004853 0.033652 0.153096 0.065755 0.000010 0.031112 0.000010 0.079045 0.000010 0.037360 0.015440 0.037084 0.000010
0.000010 0.000010 0.000010 0.000010 0.000010 0.000010 0.000010 0.000010 0.000010 0.000010 0.000010 0.999860 0.000010 0.000010 0.000010
0.487495 0.000010 0.009869 0.017668 0.291203 0.000010 0.000010 0.000010 0.000010 0.009219 0.069420 0.000010 0.066134 0.023649 0.025284
0.677223 0.018539 0.060063 0.009013 0.057348 0.098079 0.000010 0.036382 0.000010 0.000010 0.038589 0.004702 0.000010 0.000010 0.000010
0.066933 0.003932 0.000010 0.000490 0.130150 0.164494 0.000010 0.000010 0.024052 0.000010 0.000010 0.012424 0.581138 0.016328 0.000010
0.044681 0.000010 0.005027 0.000010 0.086829 0.219195 0.000010 0.034926 0.017464 0.012927 0.009958 0.004933 0.558040 0.005981 0.000010
0.036301 0.000010 0.000010 0.000010 0.102487 0.021290 0.046466 0.724490 0.002371 0.000010 0.000010 0.000010 0.021965 0.000010 0.044558
0.000010 0.000010 0.000010 0.009179 0.064870 0.031522 0.178098 0.000010 0.047133 0.000010 0.004753 0.000010 0.664365 0.000010 0.000010
0.000010 0.000010 0.000010 0.000010 0.000010 0.000010 0.000010 0.000010 0.000010 0.000010 0.000010 0.999860 0.000010 0.000010 0.000010
0.039312 0.718105 0.035355 0.082216 0.017107 0.000010 0.000010 0.010984 0.000010 0.000010 0.000010 0.004567 0.000010 0.000010 0.092284
0.004777 0.000010 0.000010 0.000010 0.080675 0.505124 0.000010 0.046470 0.013667 0.007975 0.000010 0.000010 0.341232 0.000010 0.000010
0.143397 0.005853 0.110657 0.009443 0.358583 0.065746 0.000010 0.068880 0.015510 0.000010 0.000010 0.000010 0.122073 0.099807 0.000010
0.008321 0.779845 0.000010 0.049974 0.000575 0.000010 0.000010 0.000010 0.017790 0.012943 0.000010 0.062307 0.000010 0.013218 0.054967
0.032181 0.811773 0.002060 0.000967 0.022570 0.019558 0.000010 0.047410 0.021499 0.000010 0.000010 0.020193 0.000010 0.000010 0.021738
0.000010 0.724873 0.000010 0.035409 0.113343 0.000010 0.000010 0.000010 0.000010 0.000010 0.000010 0.014245 0.000010 0.029852 0.082189
0.000010 0.794126 0.009961 0.000010 0.080314 0.000010 0.000010 0.006554 0.000010 0.008999 0.000010 0.069571 0.000010 0.000010 0.030394
0.024626 0.780556 0.043814 0.026359 0.027123 0.000010 0.000010 0.001405 0.000010 0.005754 0.014864 0.016770 0.000010 0.000010 0.058680
0.027770 0.277243 0.047035 0.000010 0.338996 0.090901 0.089798 0.000113 0.039007 0.002735 0.000010 0.000168 0.067257 0.018946 0.000010
0.000010 0.000010 0.999860 0.000010 0.000010 0.000010 0.000010 0.000010 0.000010 0.000010 0.000010 0.000010 0.000010 0.000010 0.000010
0.000010 0.000010 0.999860 0.000010 0.000010 0.000010 0.000010 0.000010 0.000010 0.000010 0.000010 0.000010 0.000010 0.000010 0.000010
0.069827 0.000010 0.036470 0.000010 0.290307 0.304738 0.031615 0.000010 0.000010 0.000010 0.000010 0.000010 0.184596 0.047957 0.034420
0.000010 0.016139 0.000010 0.000010 0.000010 0.085190 0.080528 0.000010 0.038040 0.000010 0.021230 0.021609 0.737183 0.000010 0.000010
0.000010 0.000010 0.999860 0.000010 0.000010 0.000010 0.000010 0.000010 0.000010 0.000010 0.000010 0.000010 0.000010 0.000010 0.000010
0.000010 0.000010 0.039722 0.000010 0.887906 0.000010 0.000010 0.041428 0.030429 0.000415 0.000010 0.000010 0.000010 0.000010 0.000010
0.000010 0.000010 0.952501 0.000010 0.045931 0.000010 0.000010 0.000010 0.001448 0.000010 0.000010 0.000010 0.000010 0.000010 0.000010
0.120292 0.000010 0.000010 0.023248 0.527027 0.057118 0.030003 0.048371 0.011691 0.036950 0.000010 0.000010 0.145240 0.000010 0.000010
0.000010 0.000010 0.000010 0.000010 0.000010 0.000010 0.000010 0.000010 0.999860 0.000010 0.000010 0.000010 0.000010 0.000010 0.000010
0.000010 0.000010 0.018360 0.008574 0.090866 0.209861 0.000010 0.000010 0.000010 0.038580 0.000010 0.000010 0.633668 0.000010 0.000010
0.000010 0.000010 0.447982 0.000010 0.000010 0.000010 0.000010 0.000010 0.087534 0.000010 0.464364 0.000010 0.000010 0.000010 0.000010
0.000010 0.000010 0.000010 0.000010 0.000010 0.999860 0.000010 0.000010 0.000010 0.000010 0.000010 0.000010 0.000010 0.000010 0.000010
0.000010 0.000010 0.040322 0.019159 0.751069 0.000010 0.000015 0.071476 0.053695 0.015569 0.000010 0.018111 0.024748 0.005786 0.000010
0.122896 0.000010 0.031038 0.000010 0.477311 0.067375 0.032263 0.024804 0.022594 0.017241 0.007376 0.000010 0.172201 0.000010 0.024861
0.023474 0.000010 0.001459 0.000010 0.080585 0.056856 0.041804 0.000010 0.000010 0.000010 0.000010 0.000010 0.777905 0.000010 0.017836
0.120065 0.004821 0.232522 0.346585 0.029420 0.000010 0.000010 0.001847 0.000010 0.123133 0.003833 0.045637 0.000010 0.031929 0.060168
0.055966 0.000010 0.005297 0.000010 0.242629 0.048361 0.106665 0.023532 0.000010 0.027407 0.000010 0.000010 0.490072 0.000010 0.000010
0.021477 0.000010 0.000010 0.036559 0.150497 0.020516 0.015917 0.015668 0.000010 0.014909 0.016721 0.000010 0.707675 0.000010 0.000010
0.065530 0.000010 0.000010 0.000010 0.000010 0.062562 0.000010 0.000010 0.019756 0.008872 0.000010 0.000010 0.843181 0.000010 0.000010
0.198896 0.000010 0.035143 0.011597 0.546049 0.009402 0.036140 0.053268 0.000010 0.000010 0.013377 0.000010 0.095353 0.000724 0.000010
0.000010 0.000010 0.000010 0.000010 0.000010 0.999860 0.000010 0.000010 0.000010 0.000010 0.000010 0.000010 0.000010 0.000010 0.000010
0.000010 0.000010 0.000010 0.000010 0.000010 0.000010 0.000010 0.000010 0.999860 0.000010 0.000010 0.000010 0.000010 0.000010 0.000010
0.000010 0.000010 0.000010 0.000010 0.000010 0.000010 0.000010 0.000010 0.999860 0.000010 0.000010 0.000010 0.000010 0.000010 0.000010
0.037284 0.001962 0.005078 0.000010 0.053964 0.138074 0.000010 0.032890 0.000010 0.000010 0.007497 0.009029 0.713843 0.000010 0.000330
0.000010 0.000010 0.000010 0.000010 0.000010 0.000010 0.000010 0.000010 0.999860 0.000010 0.000010 0.000010 0.000010 0.000010 0.000010
0.000010 0.000010 0.000010 0.026153 0.183931 0.000010 0.035521 0.000010 0.000010 0.000010 0.024553 0.000010 0.715224 0.014529 0.000010
0.000010 0.000010 0.000010 0.000010 0.000010 0.014039 0.000010 0.000010 0.000010 0.000010 0.000010 0.000010 0.985831 0.000010 0.000010
0.000010 0.000010 0.000010 0.000010 0.000010 0.000010 0.000010 0.000010 0.999860 0.000010 0.000010 0.000010 0.000010 0.000010 0.000010
0.000010 0.000010 0.000010 0.000010 0.000010 0.000010 0.000010 0.000010 0.999852 0.000010 0.000010 0.000010 0.000010 0.000018 0.000010
0.000010 0.000010 0.000010 0.000010 0.000010 0.000010 0.000010 0.000010 0.999860 0.000010 0.000010 0.000010 0.000010 0.000010 0.000010
0.000010 0.000010 0.000010 0.000010 0.000010 0.000010 0.000010 0.000010 0.996705 0.000010 0.000010 0.000010 0.000010 0.003165 0.000010
0.043977 0.000010 0.000010 0.000010 0.000010 0.007889 0.000010 0.000010 0.654100 0.000010 0.248838 0.020324 0.000010 0.000010 0.024782
0.047872 0.045130 0.000010 0.054783 0.615536 0.092803 0.000010 0.000010 0.000010 0.015027 0.072486 0.000010 0.056293 0.000010 0.000010
0.078545 0.000010 0.000010 0.005447 0.639482 0.084973 0.050567 0.002034 0.033093 0.065833 0.012096 0.000010 0.026665 0.000010 0.001225
0.000010 0.000010 0.000010 0.000010 0.000010 0.000010 0.000010 0.000010 0.999860 0.000010 0.000010 0.000010 0.000010 0.000010 0.000010
0.000010 0.000010 0.000010 0.000010 0.138593 0.028948 0.256418 0.000010 0.095759 0.000010 0.074338 0.020938 0.361075 0.023862 0.000010
0.000010 0.000010 0.000010 0.000010 0.112550 0.311849 0.000010 0.040318 0.000010 0.000010 0.018528 0.000010 0.516655 0.000010 0.000010
0.000010 0.000010 0.000012 0.000010 0.000010 0.000010 0.000010 0.000010 0.999858 0.000010 0.000010 0.000010 0.000010 0.000010 0.000010
0.000010 0.000010 0.000010 0.016452 0.000010 0.000010 0.000010 0.018918 0.910974 0.000010 0.029451 0.000010 0.000010 0.022772 0.001343
0.000010 0.000010 0.000010 0.000010 0.000010 0.000010 0.000010 0.000010 0.999860 0.000010 0.000010 0.000010 0.000010 0.000010 0.000010
0.161067 0.000010 0.000010 0.001074 0.235022 0.031877 0.082003 0.222937 0.000010 0.018376 0.038549 0.054299 0.091739 0.031213 0.031814
0.139241 0.000010 0.000010 0.000010 0.592447 0.082320 0.000010 0.033184 0.051718 0.000010 0.011650 0.000010 0.089360 0.000010 0.000010
0.126645 0.000010 0.000010 0.000010 0.625641 0.098344 0.000010 0.029098 0.035166 0.025521 0.000010 0.000010 0.042744 0.000010 0.016771
0.233456 0.000010 0.000010 0.000010 0.616375 0.075420 0.000010 0.027810 0.030144 0.008947 0.007767 0.000010 0.000010 0.000010 0.000010
0.000015 0.000010 0.000011 0.000010 0.000010 0.000010 0.000010 0.000010 0.345318 0.000010 0.654545 0.000010 0.000010 0.000010 0.000010
0.000010 0.259686 0.000010 0.000010 0.000010 0.056564 0.000010 0.000010 0.419407 0.000010 0.000010 0.218019 0.007300 0.038934 0.000010
0.000010 0.000010 0.000010 0.000010 0.000010 0.000010 0.000010 0.000010 0.999860 0.000010 0.000010 0.000010 0.000010 0.000010 0.000010
0.000010 0.000010 0.000010 0.000010 0.000010 0.000010 0.000010 0.000010 0.999860 0.000010 0.000010 0.000010 0.000010 0.000010 0.000010
0.000010 0.000010 0.000010 0.000010 0.000010 0.000010 0.000010 0.000010 0.999859 0.000010 0.000010 0.000010 0.000011 0.000010 0.000010
0.000010 0.000010 0.000010 0.000010 0.000010 0.000010 0.000010 0.000010 0.999860 0.000010 0.000010 0.000010 0.000010 0.000010 0.000010
0.000010 0.000010 0.000010 0.000010 0.000010 0.000010 0.000010 0.000010 0.999860 0.000010 0.000010 0.000010 0.000010 0.000010 0.000010
0.000010 0.000010 0.000010 0.000010 0.000010 0.000010 0.000010 0.000010 0.999860 0.000010 0.000010 0.000010 0.000010 0.000010 0.000010
0.038124 0.000010 0.000010 0.004773 0.315973 0.000010 0.000010 0.296143 0.000010 0.010301 0.050434 0.038606 0.203197 0.000010 0.042388
0.000010 0.000010 0.000010 0.000010 0.000010 0.000010 0.000010 0.000010 0.999860 0.000010 0.000010 0.000010 0.000010 0.000010 0.000010
0.000010 0.000010 0.005368 0.006502 0.000010 0.000010 0.012252 0.000010 0.689551 0.000010 0.242339 0.006906 0.000010 0.000010 0.037003
0.000010 0.000010 0.000010 0.000010 0.117740 0.000010 0.004604 0.004772 0.000010 0.000010 0.000010 0.011320 0.861465 0.000010 0.000010
0.000010 0.000010 0.000010 0.000010 0.000010 0.000010 0.000010 0.000010 0.337981 0.000010 0.661889 0.000010 0.000010 0.000010 0.000010
0.000010 0.000010 0.000010 0.000010 0.000010 0.000010 0.176320 0.029680 0.142612 0.032351 0.519084 0.000010 0.075137 0.024737 0.000010
0.000013 0.000016 0.000010 0.000010 0.000010 0.000010 0.000010 0.000010 0.999851 0.000010 0.000010 0.000010 0.000010 0.000010 0.000010
0.000010 0.000011 0.000010 0.000010 0.000010 0.000010 0.000010 0.000010 0.999859 0.000010 0.000010 0.000010 0.000010 0.000010 0.000010
0.000019 0.000010 0.000010 0.000010 0.000010 0.000010 0.000010 0.000012 0.999840 0.000020 0.000010 0.000010 0.000010 0.000010 0.000010
0.000010 0.000010 0.000010 0.000010 0.000010 0.000010 0.000010 0.000010 0.999860 0.000010 0.000010 0.000010 0.000010 0.000010 0.000010
0.000010 0.000010 0.000010 0.000010 0.000010 0.000010 0.000010 0.000010 0.833618 0.000010 0.166252 0.000010 0.000010 0.000010 0.000010
0.000010 0.000010 0.000010 0.000010 0.000010 0.000010 0.000010 0.000010 0.999860 0.000010 0.000010 0.000010 0.000010 0.000010 0.000010
0.000010 0.000010 0.000010 0.000010 0.000010 0.000010 0.000010 0.999860 0.000010 0.000010 0.000010 0.000010 0.000010 0.000010 0.000010
0.000010 0.000010 0.000010 0.000010 0.000010 0.000010 0.000010 0.000010 0.000010 0.000010 0.000010 0.000010 0.000010 0.000010 0.999860
0.000010 0.000010 0.000010 0.000010 0.000010 0.000010 0.000010 0.000010 0.000010 0.000010 0.000010 0.000010 0.000010 0.000010 0.999860
0.000010 0.000015 0.000010 0.000010 0.000010 0.000010 0.000010 0.000010 0.000010 0.000010 0.000010 0.000010 0.000010 0.000010 0.999855
0.000010 0.000010 0.000010 0.000010 0.000010 0.000010 0.000010 0.000011 0.999859 0.000010 0.000010 0.000010 0.000010 0.000010 0.000010
0.000010 0.000010 0.000010 0.000010 0.000010 0.000010 0.000010 0.000010 0.999855 0.000010 0.000010 0.000010 0.000015 0.000010 0.000010
0.000010 0.000010 0.000010 0.000010 0.000010 0.000010 0.000010 0.000010 0.000010 0.000010 0.000010 0.000010 0.000010 0.000010 0.999860
0.000010 0.000010 0.000010 0.000010 0.000010 0.000010 0.000010 0.000010 0.000010 0.000010 0.000010 0.000010 0.014618 0.000010 0.985252
0.000010 0.000010 0.000010 0.000010 0.000010 0.000010 0.000010 0.000010 0.000010 0.000010 0.000010 0.000010 0.000010 0.000010 0.999860
0.000010 0.000010 0.000010 0.000011 0.000010 0.000010 0.000010 0.000010 0.999859 0.000010 0.000010 0.000010 0.000010 0.000010 0.000010
0.000010 0.000010 0.000010 0.000010 0.000010 0.000010 0.000010 0.000010 0.999860 0.000010 0.000010 0.000010 0.000010 0.000010 0.000010
0.000010 0.000010 0.190243 0.809627 0.000010 0.000010 0.000010 0.000010 0.000010 0.000010 0.000010 0.000010 0.000010 0.000010 0.000010
0.000010 0.000010 0.000010 0.000010 0.000010 0.000010 0.000010 0.000010 0.999860 0.000010 0.000010 0.000010 0.000010 0.000010 0.000010
0.000010 0.000010 0.000010 0.000010 0.000010 0.000010 0.000010 0.000010 0.000010 0.906424 0.000010 0.000010 0.093446 0.000010 0.000010
0.000010 0.000010 0.000010 0.000010 0.000010 0.000010 0.000010 0.000010 0.000010 0.000010 0.000010 0.000010 0.000010 0.999860 0.000010
0.000010 0.000010 0.000010 0.000010 0.000010 0.000010 0.000010 0.000010 0.013983 0.000012 0.000011 0.000010 0.000010 0.985884 0.000010
0.101173 0.000010 0.008203 0.000010 0.065840 0.091003 0.149485 0.000010 0.000010 0.053142 0.000010 0.000010 0.531074 0.000010 0.000010
0.000010 0.000010 0.000010 0.000010 0.000010 0.000010 0.000010 0.000010 0.000010 0.000010 0.000010 0.000010 0.000010 0.999860 0.000010
0.000010 0.919872 0.000010 0.000010 0.000010 0.000010 0.000010 0.004423 0.000010 0.060178 0.015417 0.000010 0.000010 0.000010 0.000010
0.117754 0.096303 0.279015 0.097741 0.126196 0.000010 0.000010 0.017874 0.028613 0.101575 0.000010 0.053278 0.000010 0.053342 0.028270
0.112537 0.000010 0.000010 0.000010 0.019618 0.021023 0.275493 0.023138 0.000010 0.058653 0.095888 0.023441 0.370150 0.000010 0.000010
0.034382 0.030608 0.156666 0.000010 0.000010 0.059649 0.074513 0.011121 0.019604 0.000010 0.000010 0.040903 0.000537 0.040469 0.531508
0.000010 0.000010 0.000010 0.000010 0.003436 0.000010 0.620169 0.000010 0.101653 0.000010 0.274632 0.000010 0.000010 0.000010 0.000010
0.000010 0.000010 0.000010 0.000010 0.000010 0.000010 0.641205 0.000010 0.247708 0.000010 0.110968 0.000010 0.000010 0.000010 0.000010
0.000010 0.000010 0.000010 0.000010 0.157440 0.018224 0.031127 0.000010 0.000010 0.000010 0.006896 0.004940 0.775926 0.000010 0.005368
0.013928 0.000010 0.000010 0.023340 0.007030 0.000010 0.000516 0.014295 0.371514 0.069161 0.417367 0.038089 0.000010 0.000010 0.044710
0.150469 0.000010 0.016657 0.016192 0.271805 0.021825 0.011967 0.041550 0.000010 0.018989 0.052717 0.048751 0.349037 0.000010 0.000010
0.000010 0.000010 0.000010 0.000010 0.093649 0.038161 0.020851 0.010796 0.049764 0.000010 0.027815 0.013315 0.745580 0.000010 0.000010
0.000010 0.000010 0.000010 0.025060 0.050238 0.019011 0.135533 0.000010 0.141929 0.000010 0.228584 0.000010 0.378796 0.020779 0.000010
0.210504 0.000010 0.375159 0.000010 0.213241 0.023290 0.000010 0.000010 0.000010 0.145373 0.000010 0.000010 0.000010 0.032344 0.000010
0.000010 0.000010 0.000010 0.007194 0.142201 0.745571 0.000010 0.018493 0.000010 0.039293 0.035244 0.011923 0.000010 0.000010 0.000010
0.120416 0.000010 0.029671 0.049655 0.599042 0.042193 0.000010 0.041664 0.011190 0.106099 0.000010 0.000010 0.000010 0.000010 0.000010
0.000010 0.089057 0.145516 0.017137 0.043405 0.000010 0.000010 0.000010 0.012578 0.041041 0.000010 0.000010 0.028574 0.026840 0.595792
0.000010 0.000010 0.000010 0.000010 0.000010 0.000010 0.021794 0.000010 0.642258 0.000010 0.318822 0.000010 0.000010 0.000010 0.017016
0.000010 0.162658 0.113598 0.028416 0.056957 0.034987 0.043287 0.000010 0.000010 0.000010 0.021721 0.000010 0.000010 0.000010 0.538307
0.000010 0.000010 0.000010 0.000010 0.000010 0.000010 0.000010 0.000010 0.000010 0.000010 0.000010 0.000010 0.000010 0.000010 0.999860
0.048574 0.026809 0.000010 0.000010 0.315279 0.104228 0.081265 0.058508 0.000010 0.000516 0.000010 0.010585 0.343611 0.010574 0.000010
0.000010 0.000010 0.018362 0.037524 0.346588 0.000010 0.000010 0.000010 0.000010 0.000010 0.000010 0.000010 0.576702 0.020724 0.000010
0.000010 0.650016 0.000010 0.349854 0.000010 0.000010 0.000010 0.000010 0.000010 0.000010 0.000010 0.000010 0.000010 0.000010 0.000010
0.000010 0.020002 0.000010 0.024418 0.337048 0.000010 0.004752 0.033311 0.000010 0.019932 0.044345 0.005524 0.510609 0.000010 0.000010
0.000010 0.000010 0.009137 0.000010 0.266010 0.000010 0.000010 0.000010 0.022612 0.011865 0.000010 0.006741 0.678495 0.000010 0.005059
0.026573 0.001747 0.000010 0.000010 0.039197 0.026538 0.000010 0.042912 0.000010 0.000010 0.001843 0.012162 0.840252 0.008716 0.000010
0.207341 0.044441 0.229317 0.000010 0.131653 0.000010 0.212419 0.000010 0.000010 0.078488 0.000010 0.039551 0.010083 0.000010 0.046647
0.000010 0.000010 0.999860 0.000010 0.000010 0.000010 0.000010 0.000010 0.000010 0.000010 0.000010 0.000010 0.000010 0.000010 0.000010
0.012142 0.000010 0.016425 0.030840 0.184017 0.000010 0.000010 0.145265 0.022212 0.069025 0.015886 0.014124 0.479451 0.010574 0.000010
0.000010 0.000010 0.000010 0.000010 0.000010 0.000010 0.000010 0.000010 0.000010 0.000010 0.000010 0.000010 0.000010 0.000010 0.999860
0.000010 0.014355 0.064985 0.000010 0.820925 0.000010 0.000010 0.052630 0.032313 0.000010 0.000010 0.014702 0.000010 0.000010 0.000010
0.042331 0.000010 0.000010 0.000010 0.113402 0.000010 0.258588 0.000010 0.043059 0.027481 0.023292 0.000010 0.472480 0.019298 0.000010
0.123320 0.236194 0.000010 0.025777 0.000010 0.000010 0.044535 0.000010 0.015839 0.000010 0.000010 0.022255 0.000010 0.179206 0.352804
0.041742 0.009342 0.085417 0.043919 0.629201 0.040751 0.000010 0.015240 0.000010 0.000010 0.019697 0.045201 0.046148 0.000010 0.023301
0.000010 0.000010 0.000010 0.000010 0.000010 0.000010 0.000010 0.000010 0.999860 0.000010 0.000010 0.000010 0.000010 0.000010 0.000010
0.000010 0.000010 0.000010 0.000010 0.231750 0.000010 0.099180 0.023102 0.000010 0.041589 0.061346 0.025039 0.517807 0.000117 0.000010
0.000010 0.000010 0.000010 0.000010 0.303539 0.000010 0.061679 0.041382 0.000010 0.022173 0.039787 0.000010 0.531350 0.000010 0.000010
0.000010 0.000010 0.042930 0.017689 0.362108 0.020734 0.000010 0.000010 0.000010 0.000010 0.033730 0.040957 0.481772 0.000010 0.000010
0.023947 0.000010 0.000010 0.000010 0.067642 0.032592 0.000010 0.000010 0.020946 0.116018 0.000010 0.019605 0.719169 0.000010 0.000010
0.121566 0.000010 0.014130 0.000010 0.000010 0.019288 0.598190 0.000010 0.060577 0.017914 0.000010 0.003745 0.139742 0.000010 0.024788
0.000010 0.000010 0.000010 0.036924 0.487177 0.000010 0.022896 0.082732 0.000010 0.090533 0.087496 0.001339 0.117280 0.015870 0.057704
0.000010 0.000010 0.000010 0.053308 0.002798 0.154169 0.018550 0.000010 0.000010 0.000010 0.000010 0.000010 0.771074 0.000010 0.000010
0.000010 0.000010 0.000010 0.000010 0.000010 0.007297 0.000010 0.000010 0.030586 0.000010 0.000010 0.000010 0.961997 0.000010 0.000010
0.000010 0.000010 0.031873 0.000010 0.491416 0.000010 0.059577 0.237649 0.000010 0.008190 0.058740 0.000010 0.072416 0.007719 0.032361
0.000010 0.000010 0.000010 0.000010 0.031709 0.031396 0.098238 0.015260 0.069153 0.000010 0.086166 0.000010 0.667999 0.000010 0.000010
0.088796 0.000010 0.000010 0.042076 0.532985 0.000010 0.014814 0.117417 0.000010 0.000010 0.138825 0.031173 0.006774 0.004455 0.022636
0.000010 0.006195 0.022863 0.000010 0.124229 0.056262 0.015970 0.006654 0.035841 0.000010 0.031454 0.002305 0.686812 0.011376 0.000010
0.024529 0.000010 0.000010 0.000010 0.163350 0.145291 0.014786 0.028350 0.019742 0.000010 0.008035 0.000010 0.574618 0.021240 0.000010
0.000010 0.021500 0.006569 0.000010 0.871562 0.000010 0.043025 0.000010 0.009670 0.000010 0.000010 0.028979 0.000010 0.000010 0.018616
0.025533 0.000010 0.024190 0.000010 0.031032 0.000010 0.011417 0.000010 0.000010 0.017506 0.000010 0.000010 0.882972 0.000010 0.007271
0.000010 0.000010 0.000010 0.000010 0.056547 0.090034 0.232522 0.005121 0.162849 0.000010 0.191439 0.000010 0.215604 0.037696 0.008128
0.000010 0.000010 0.000010 0.000010 0.150636 0.020427 0.016946 0.000010 0.015317 0.000010 0.000010 0.000010 0.784662 0.000525 0.011406
0.000010 0.000010 0.000010 0.000010 0.061117 0.000010 0.224228 0.003729 0.211307 0.000010 0.142503 0.000010 0.351678 0.005358 0.000010
0.060719 0.000010 0.004113 0.000010 0.182237 0.000010 0.032802 0.109861 0.000016 0.017380 0.000010 0.015629 0.541352 0.035842 0.000010
0.034457 0.000010 0.000010 0.009154 0.018800 0.055353 0.079535 0.000010 0.027615 0.000010 0.021307 0.000010 0.753460 0.000258 0.000010
0.000010 0.000010 0.000010 0.000010 0.257795 0.016320 0.047906 0.000010 0.010209 0.044257 0.020302 0.000010 0.595387 0.007753 0.000010
0.000010 0.000010 0.000010 0.000010 0.000010 0.000010 0.731229 0.000010 0.262354 0.000010 0.006297 0.000010 0.000010 0.000010 0.000010
0.000010 0.000010 0.000010 0.000010 0.005971 0.000010 0.993899 0.000010 0.000010 0.000010 0.000010 0.000010 0.000010 0.000010 0.000010
0.000010 0.000010 0.000010 0.999860 0.000010 0.000010 0.000010 0.000010 0.000010 0.000010 0.000010 0.000010 0.000010 0.000010 0.000010
0.000010 0.000010 0.000010 0.139187 0.000010 0.000010 0.691191 0.000010 0.002587 0.000010 0.166926 0.000010 0.000010 0.000010 0.000010
0.000010 0.000010 0.000010 0.112514 0.000010 0.000010 0.648236 0.000010 0.129427 0.000010 0.109713 0.000010 0.000010 0.000010 0.000010
0.000010 0.000010 0.000010 0.000010 0.000010 0.000010 0.998143 0.000010 0.000010 0.000010 0.000010 0.000010 0.000010 0.000010 0.001727
0.060174 0.000010 0.392006 0.022579 0.000010 0.000010 0.512676 0.000010 0.012465 0.000010 0.000010 0.000010 0.000010 0.000010 0.000010
0.000010 0.000010 0.000010 0.054237 0.135825 0.000010 0.516050 0.021626 0.057988 0.000010 0.172808 0.007832 0.033564 0.000010 0.000010
0.000010 0.000010 0.000010 0.999860 0.000010 0.000010 0.000010 0.000010 0.000010 0.000010 0.000010 0.000010 0.000010 0.000010 0.000010
0.046677 0.000010 0.105417 0.013544 0.067914 0.049975 0.000010 0.250058 0.000010 0.016609 0.000010 0.000010 0.427416 0.022330 0.000010
0.000010 0.000010 0.000010 0.000010 0.000010 0.000010 0.999860 0.000010 0.000010 0.000010 0.000010 0.000010 0.000010 0.000010 0.000010
0.000010 0.000010 0.000010 0.677786 0.000010 0.000010 0.322084 0.000010 0.000010 0.000010 0.000010 0.000010 0.000010 0.000010 0.000010
0.000010 0.005965 0.885973 0.000010 0.000010 0.000010 0.000010 0.000010 0.011952 0.046762 0.000010 0.000010 0.000010 0.000010 0.049247
0.067838 0.187141 0.012193 0.000010 0.000010 0.000010 0.000010 0.072933 0.000010 0.049491 0.000010 0.000010 0.000010 0.164690 0.445634
0.060077 0.187950 0.000010 0.000010 0.000010 0.047282 0.000010 0.015172 0.003572 0.032157 0.000010 0.029019 0.000010 0.165249 0.459462
0.000010 0.000010 0.999860 0.000010 0.000010 0.000010 0.000010 0.000010 0.000010 0.000010 0.000010 0.000010 0.000010 0.000010 0.000010
0.000010 0.000010 0.000010 0.000010 0.000010 0.022700 0.929652 0.000010 0.000010 0.000010 0.000010 0.000010 0.047527 0.000010 0.000010
0.000010 0.000010 0.000010 0.000010 0.000010 0.000010 0.999860 0.000010 0.000010 0.000010 0.000010 0.000010 0.000010 0.000010 0.000010
0.000010 0.000010 0.000010 0.815485 0.000010 0.000010 0.184385 0.000010 0.000010 0.000010 0.000010 0.000010 0.000010 0.000010 0.000010
0.140043 0.216405 0.014403 0.000010 0.000010 0.000010 0.024278 0.027855 0.000010 0.028551 0.000010 0.000010 0.000010 0.402338 0.146056
0.000010 0.000010 0.000010 0.000010 0.000010 0.000010 0.000010 0.000010 0.000010 0.000010 0.000010 0.000010 0.000010 0.999860 0.000010
0.000010 0.702488 0.047655 0.058962 0.027372 0.032573 0.000010 0.000010 0.000010 0.000010 0.004735 0.047448 0.000010 0.000010 0.078698
0.039098 0.000010 0.000010 0.012421 0.000010 0.000010 0.886940 0.000010 0.000010 0.005608 0.000010 0.000010 0.022642 0.000010 0.033200
0.000010 0.003569 0.000010 0.006697 0.000016 0.164360 0.025262 0.000010 0.000010 0.000010 0.028861 0.000011 0.771154 0.000010 0.000010
0.059062 0.000010 0.000010 0.013378 0.077351 0.105707 0.025840 0.025429 0.000010 0.030407 0.012991 0.000010 0.649774 0.000010 0.000010
0.564776 0.000010 0.040878 0.000010 0.244265 0.000010 0.000010 0.010494 0.020581 0.013922 0.038826 0.012309 0.000010 0.000010 0.053889
0.617549 0.000010 0.000010 0.000010 0.198459 0.050455 0.000010 0.039920 0.025365 0.000010 0.000010 0.000010 0.000010 0.000010 0.068162
0.001889 0.000010 0.000010 0.008086 0.059644 0.000010 0.050462 0.022213 0.000010 0.003846 0.001538 0.000010 0.852252 0.000010 0.000010
0.000010 0.000010 0.000010 0.000010 0.007256 0.024121 0.253351 0.072028 0.177577 0.000010 0.245522 0.000010 0.189217 0.030859 0.000010
0.023208 0.000010 0.000010 0.018350 0.362333 0.051621 0.126492 0.050492 0.096785 0.012456 0.057831 0.000010 0.200383 0.000010 0.000010
0.096371 0.000010 0.006954 0.089732 0.232175 0.010991 0.057822 0.000010 0.000010 0.000010 0.093028 0.000010 0.391238 0.016370 0.005269
0.000010 0.000010 0.000010 0.000010 0.000010 0.000010 0.000010 0.000010 0.000010 0.000010 0.000010 0.999860 0.000010 0.000010 0.000010
0.010768 0.000010 0.031215 0.005121 0.181714 0.182338 0.012970 0.018485 0.000010 0.029017 0.029916 0.001476 0.496939 0.000010 0.000010
0.000010 0.000010 0.000010 0.037789 0.000010 0.081457 0.000010 0.000010 0.000010 0.000010 0.022360 0.000010 0.858284 0.000010 0.000010
0.018102 0.000010 0.036766 0.017344 0.165027 0.537523 0.027802 0.020107 0.005522 0.009988 0.000010 0.000010 0.146639 0.000010 0.015139
0.056500 0.000010 0.000010 0.000010 0.173103 0.065410 0.000010 0.035506 0.020994 0.050423 0.000010 0.000010 0.586672 0.011322 0.000010
0.000010 0.000010 0.000010 0.000010 0.221053 0.530167 0.000010 0.000010 0.006278 0.032827 0.043047 0.000010 0.166538 0.000010 0.000010
0.146508 0.023592 0.000010 0.010553 0.349518 0.057847 0.000010 0.013052 0.030635 0.007081 0.017625 0.000010 0.324917 0.000010 0.018632
0.000010 0.000010 0.000014 0.999856 0.000010 0.000010 0.000010 0.000010 0.000010 0.000010 0.000010 0.000010 0.000010 0.000010 0.000010
0.251965 0.000010 0.000010 0.014962 0.004390 0.019099 0.095898 0.011665 0.009017 0.026280 0.000010 0.000010 0.556865 0.000010 0.009811
0.075905 0.000010 0.002388 0.000010 0.150237 0.148797 0.000010 0.005732 0.008447 0.000010 0.000010 0.000010 0.578508 0.000010 0.029916
0.100791 0.000010 0.000010 0.000010 0.146576 0.092291 0.043664 0.013556 0.002692 0.006919 0.018069 0.001968 0.573284 0.000150 0.000010
0.133480 0.000010 0.000010 0.008050 0.429624 0.022370 0.051850 0.068877 0.045597 0.000012 0.000017 0.000010 0.175715 0.031175 0.033203
0.012349 0.006145 0.013727 0.000010 0.000010 0.000010 0.059536 0.000010 0.000010 0.000010 0.000010 0.000010 0.898371 0.000010 0.009783
0.000011 0.000010 0.000010 0.000010 0.000010 0.000010 0.000010 0.000010 0.000010 0.849879 0.023465 0.000010 0.126532 0.000013 0.000010
0.242419 0.000010 0.000010 0.000010 0.500919 0.111737 0.000010 0.003064 0.034994 0.000010 0.000010 0.000010 0.000010 0.072862 0.033925
0.334803 0.000010 0.000010 0.048426 0.244609 0.034599 0.000010 0.046612 0.001630 0.075311 0.000010 0.000010 0.111173 0.059693 0.043094
0.339955 0.000010 0.034218 0.020260 0.265677 0.072164 0.021225 0.043086 0.009270 0.000010 0.038647 0.000010 0.038214 0.054679 0.062575
0.235847 0.000010 0.013645 0.000010 0.444807 0.019788 0.029823 0.053764 0.010826 0.000010 0.000010 0.000010 0.191429 0.000010 0.000010
0.024405 0.000010 0.000010 0.002876 0.055346 0.082714 0.013988 0.012370 0.000010 0.000010 0.000010 0.000010 0.805135 0.003097 0.000010
0.023348 0.000010 0.000010 0.004020 0.125429 0.033075 0.040262 0.005845 0.000010 0.026729 0.017143 0.000010 0.702071 0.022030 0.000010
0.205663 0.000010 0.031353 0.000010 0.000018 0.000010 0.000010 0.000010 0.000016 0.000010 0.000010 0.000010 0.762849 0.000010 0.000010
0.120809 0.000010 0.000010 0.000010 0.000010 0.008479 0.000010 0.017647 0.000010 0.000010 0.000010 0.000010 0.852954 0.000010 0.000010
0.261458 0.000010 0.024718 0.000010 0.226906 0.194682 0.000010 0.045790 0.014438 0.094064 0.000010 0.000010 0.087910 0.049973 0.000010
0.172921 0.000010 0.011831 0.024618 0.073322 0.034353 0.076775 0.045994 0.335888 0.000010 0.171423 0.013489 0.023219 0.016137 0.000010
0.067235 0.000010 0.022983 0.000010 0.118121 0.000010 0.167441 0.030988 0.000010 0.045591 0.076335 0.004451 0.442205 0.023360 0.001250
0.000010 0.000010 0.000010 0.012392 0.125774 0.067958 0.234104 0.000010 0.087047 0.000010 0.043955 0.000010 0.378836 0.049863 0.000010
0.838170 0.014249 0.000010 0.005598 0.023556 0.000010 0.000010 0.007761 0.035005 0.018776 0.000010 0.000010 0.053702 0.000010 0.003123
0.000010 0.000010 0.000010 0.000010 0.058708 0.052101 0.000010 0.023606 0.000010 0.023120 0.032803 0.000010 0.809571 0.000010 0.000010
0.000010 0.000010 0.022309 0.021248 0.769776 0.000010 0.110405 0.017024 0.000010 0.020665 0.006107 0.030504 0.000010 0.000010 0.001904
0.000010 0.000010 0.000010 0.000010 0.000010 0.573319 0.000010 0.007602 0.000010 0.000010 0.000010 0.000010 0.418959 0.000010 0.000010
0.000010 0.000010 0.000010 0.000010 0.000010 0.000010 0.000010 0.000010 0.000010 0.000010 0.000010 0.000010 0.999860 0.000010 0.000010
0.000018 0.000010 0.035978 0.000010 0.000010 0.107303 0.052780 0.041240 0.000010 0.167935 0.000010 0.000010 0.594667 0.000010 0.000010
0.253725 0.027387 0.001911 0.000010 0.435865 0.099006 0.009198 0.028654 0.036915 0.051368 0.055920 0.000010 0.000010 0.000010 0.000010
0.000010 0.000010 0.000010 0.000010 0.000010 0.000010 0.000010 0.000010 0.000010 0.000010 0.000010 0.000010 0.999860 0.000010 0.000010
