0.406667 0.002386 0.527618 0.063330
0.552638 0.077886 0.343011 0.026465
0.457552 0.049222 0.489325 0.003900
0.089022 0.000010 0.000010 0.910958
0.550585 0.087020 0.362384 0.000010
0.191741 0.000010 0.780404 0.027845
0.208397 0.000010 0.358504 0.433089
0.032983 0.000010 0.952750 0.014256
0.706930 0.020656 0.218181 0.054233
0.071467 0.000010 0.912602 0.015921
0.233337 0.000075 0.761799 0.004789
0.472192 0.059223 0.468575 0.000010
0.751967 0.012326 0.082158 0.153549
0.446647 0.006059 0.053277 0.494017
0.007506 0.015799 0.959880 0.016814
0.472815 0.072842 0.438018 0.016324
0.210360 0.010763 0.754786 0.024091
0.158405 0.000010 0.540863 0.300721
0.578769 0.000010 0.421211 0.000010
0.000010 0.999412 0.000010 0.000568
0.000010 0.976215 0.017607 0.006169
0.000010 0.999970 0.000010 0.000010
0.000010 0.965882 0.034098 0.000010
0.173179 0.050941 0.038493 0.737387
0.774445 0.000010 0.187936 0.037609
0.000010 0.993828 0.000010 0.006152
0.620197 0.132973 0.213863 0.032967
0.000010 0.988533 0.000010 0.011447
0.718855 0.050527 0.199928 0.030690
0.682440 0.062714 0.191320 0.063525
0.825637 0.068248 0.106105 0.000010
0.737248 0.030454 0.195867 0.036431
0.655314 0.069804 0.076619 0.198262
0.800370 0.047332 0.068251 0.084047
0.610046 0.066256 0.314802 0.008896
0.283048 0.013801 0.328792 0.374359
0.195235 0.000010 0.359885 0.444870
0.089252 0.833934 0.000010 0.076804
0.829365 0.000010 0.131965 0.038661
0.774076 0.066903 0.143955 0.015066
0.000010 0.000010 0.999970 0.000010
0.631388 0.046553 0.277522 0.044536
0.191102 0.008719 0.774135 0.026044
0.122866 0.000010 0.851753 0.025371
0.965849 0.025931 0.000460 0.007760
0.027261 0.972719 0.000010 0.000010
0.043094 0.948933 0.007963 0.000010
0.395085 0.487588 0.040541 0.076786
0.763723 0.059311 0.109358 0.067607
0.738493 0.061886 0.117019 0.082602
0.813106 0.004671 0.134958 0.047265
0.748980 0.123079 0.065393 0.062549
0.714474 0.000010 0.202718 0.082797
0.778597 0.032466 0.152583 0.036354
0.812949 0.071508 0.049372 0.066171
0.776724 0.014873 0.187640 0.020762
0.037884 0.043049 0.903470 0.015597
0.811735 0.002056 0.116947 0.069262
0.815866 0.001905 0.145766 0.036464
0.192807 0.000010 0.755835 0.051348
0.812155 0.044473 0.143362 0.000010
0.725878 0.000010 0.217046 0.057065
0.421146 0.045234 0.521556 0.012064
0.764995 0.039636 0.157912 0.037457
0.758615 0.029217 0.171099 0.041069
0.429603 0.064543 0.258303 0.247550
0.179699 0.439842 0.000010 0.380448
0.208521 0.066469 0.019786 0.705224
0.052937 0.023549 0.900735 0.022779
0.830590 0.013078 0.079602 0.076730
0.704448 0.060134 0.157786 0.077632
0.765842 0.032402 0.153780 0.047976
0.708244 0.042849 0.242768 0.006139
0.727215 0.029083 0.214181 0.029521
0.712389 0.006388 0.237290 0.043932
0.814188 0.055438 0.130364 0.000010
0.793812 0.038609 0.148102 0.019476
0.752221 0.082485 0.165284 0.000010
0.000010 0.949528 0.000010 0.050452
0.747547 0.004227 0.210972 0.037254
0.772073 0.062848 0.154035 0.011043
0.176444 0.024836 0.759243 0.039477
0.204547 0.001033 0.762661 0.031760
0.705595 0.084907 0.208164 0.001334
0.113160 0.000010 0.818669 0.068161
0.000010 0.936526 0.007440 0.056023
0.161826 0.810773 0.025262 0.002139
0.230055 0.003310 0.731670 0.034965
0.607578 0.043964 0.278810 0.069648
0.085155 0.882303 0.000010 0.032532
0.097042 0.865930 0.027792 0.009237
0.138965 0.814745 0.023515 0.022775
0.078788 0.902015 0.017426 0.001771
0.127726 0.859415 0.000010 0.012848
0.396874 0.310204 0.239722 0.053200
0.844998 0.040140 0.071677 0.043185
0.805085 0.054210 0.083672 0.057033
0.456170 0.035651 0.479743 0.028436
0.000010 0.050946 0.880225 0.068819
0.812292 0.079585 0.057030 0.051092
0.779344 0.035918 0.176847 0.007892
0.846445 0.090447 0.000010 0.063098
0.628816 0.000010 0.365885 0.005288
0.000010 0.000010 0.000010 0.999970
0.163435 0.000010 0.830118 0.006437
0.470524 0.039310 0.015701 0.474465
0.272292 0.000010 0.683796 0.043902
0.736827 0.000010 0.222607 0.040556
0.590162 0.020259 0.368833 0.020746
0.078454 0.008730 0.905381 0.007435
0.770517 0.097998 0.074951 0.056535
0.341794 0.000010 0.658186 0.000010
0.176412 0.000010 0.821097 0.002481
0.035300 0.000010 0.942841 0.021849
0.707463 0.017664 0.274863 0.000010
0.287162 0.018447 0.646552 0.047840
0.000010 0.000020 0.000010 0.999960
0.000010 0.000010 0.000010 0.999970
0.109542 0.015669 0.872764 0.002026
0.000010 0.000010 0.000010 0.999970
0.109008 0.028078 0.831566 0.031347
0.000010 0.000010 0.999970 0.000010
0.000010 0.000010 0.000010 0.999970
0.000010 0.000010 0.000010 0.999970
0.000010 0.000010 0.000010 0.999970
0.000010 0.000010 0.000010 0.999970
0.103355 0.041817 0.000010 0.854818
0.596750 0.070235 0.290671 0.042344
0.646830 0.035610 0.278976 0.038585
0.000010 0.000010 0.000010 0.999970
0.260838 0.017155 0.534283 0.187724
0.150810 0.014159 0.804820 0.030212
0.000010 0.000010 0.000010 0.999970
0.040310 0.000956 0.003122 0.955612
0.000010 0.000010 0.000010 0.999970
0.669170 0.060484 0.239210 0.031137
0.617267 0.000010 0.340606 0.042117
0.637296 0.049636 0.288133 0.024934
0.714981 0.044293 0.211438 0.029287
0.032715 0.000010 0.056089 0.911186
0.000010 0.464372 0.077443 0.458176
0.000010 0.000010 0.000010 0.999970
0.000010 0.000010 0.000010 0.999970
0.000010 0.000010 0.000010 0.999970
0.000010 0.000010 0.000010 0.999970
0.000010 0.000010 0.000010 0.999970
0.000010 0.000012 0.000010 0.999968
0.539393 0.084915 0.339500 0.036191
0.000010 0.000010 0.000010 0.999970
0.070559 0.039002 0.000010 0.890429
0.043015 0.010329 0.946646 0.000010
0.110512 0.034684 0.005412 0.849391
0.254157 0.000010 0.178293 0.567540
0.000010 0.000010 0.000010 0.999970
0.000010 0.000010 0.000010 0.999970
0.000010 0.000010 0.000010 0.999970
0.000010 0.000010 0.000010 0.999970
0.022659 0.000010 0.000010 0.977321
0.000010 0.000010 0.000010 0.999970
0.822425 0.000010 0.174086 0.003478
0.165252 0.742107 0.000010 0.092631
0.268376 0.657763 0.000010 0.073851
0.234750 0.689051 0.000010 0.076189
0.000010 0.000010 0.000010 0.999970
0.000010 0.000010 0.000010 0.999970
0.257837 0.670329 0.000010 0.071825
0.244059 0.671994 0.011322 0.072625
0.241009 0.672179 0.016583 0.070229
0.000010 0.000010 0.000010 0.999970
0.000010 0.000010 0.000010 0.999970
0.832506 0.069607 0.010743 0.087144
0.000010 0.000010 0.000010 0.999970
0.711588 0.000010 0.274222 0.014180
0.334826 0.000010 0.000010 0.665154
0.333605 0.000010 0.000010 0.666375
0.285484 0.000010 0.714496 0.000010
0.356659 0.000010 0.000010 0.643321
0.030943 0.939019 0.023054 0.006985
0.679707 0.183397 0.055063 0.081833
0.346067 0.026141 0.535860 0.091932
0.401068 0.436570 0.068520 0.093842
0.407372 0.024952 0.180539 0.387138
0.426467 0.011660 0.148902 0.412972
0.078171 0.001570 0.910817 0.009442
0.232725 0.062929 0.000010 0.704335
0.418202 0.060115 0.483275 0.038407
0.077165 0.004687 0.845919 0.072229
0.170151 0.000010 0.487874 0.341966
0.871332 0.031662 0.067250 0.029755
0.393923 0.019558 0.532655 0.053864
0.774812 0.006213 0.218966 0.000010
0.393175 0.497748 0.042921 0.066156
0.055541 0.018560 0.023592 0.902307
0.367614 0.539829 0.020950 0.071607
0.227753 0.696483 0.000010 0.075754
0.392978 0.054510 0.552502 0.000010
0.260931 0.006567 0.720669 0.011832
0.300731 0.672745 0.000010 0.026515
0.256808 0.061951 0.655208 0.026034
0.149834 0.015898 0.811753 0.022514
0.060077 0.011644 0.920144 0.008134
0.689894 0.149717 0.143757 0.016632
0.851817 0.076174 0.000010 0.071999
0.357011 0.010652 0.588402 0.043934
0.220557 0.704621 0.000010 0.074812
0.677185 0.113159 0.193534 0.016123
0.276212 0.003745 0.626989 0.093054
0.401249 0.448934 0.000010 0.149807
0.617252 0.129012 0.240941 0.012795
0.000010 0.000010 0.000010 0.999970
0.245849 0.026238 0.669363 0.058549
0.267495 0.000010 0.695015 0.037480
0.281809 0.056269 0.632174 0.029748
0.160459 0.000010 0.817808 0.021723
0.499546 0.028020 0.367341 0.105092
0.579978 0.076426 0.281239 0.062356
0.055915 0.000010 0.944065 0.000010
0.000010 0.000010 0.983176 0.016804
0.660796 0.043968 0.262301 0.032935
0.050621 0.000010 0.797328 0.152041
0.629213 0.093909 0.179814 0.097064
0.111363 0.020689 0.800075 0.067874
0.194718 0.000010 0.760635 0.044637
0.683239 0.168002 0.148748 0.000010
0.066313 0.000010 0.933667 0.000010
0.226824 0.020059 0.395546 0.357572
0.079347 0.000010 0.894366 0.026277
0.169785 0.000010 0.486155 0.344050
0.314565 0.023586 0.643511 0.018338
0.079221 0.000010 0.873485 0.047284
0.214260 0.000010 0.751127 0.034603
0.422805 0.005592 0.213143 0.358461
0.592129 0.026590 0.326276 0.055004
0.775434 0.017203 0.148489 0.058874
0.562326 0.000010 0.219615 0.218049
0.518154 0.004862 0.187672 0.289312
0.561317 0.063296 0.294507 0.080880
0.699557 0.065469 0.156996 0.077978
0.501795 0.015359 0.247354 0.235492
0.779009 0.013713 0.146659 0.060619
0.441633 0.000010 0.538133 0.020225
0.578502 0.000010 0.367010 0.054478
0.648955 0.000010 0.310385 0.040650
0.815182 0.099691 0.000010 0.085117
0.422259 0.434096 0.034363 0.109282
0.365056 0.484931 0.017013 0.132999
0.903656 0.045855 0.000010 0.050478
0.513975 0.000828 0.419553 0.065643
0.561814 0.063916 0.293591 0.080678
0.717984 0.000010 0.213304 0.068702
0.573651 0.208591 0.034124 0.183635
0.608814 0.000010 0.000010 0.391166
0.137097 0.834194 0.000010 0.028699
0.555715 0.051267 0.323674 0.069343
0.017303 0.009669 0.944193 0.028836
0.173841 0.000010 0.814594 0.011555
0.823643 0.073273 0.065229 0.037854
0.759452 0.081414 0.149400 0.009733
0.070450 0.000010 0.927605 0.001935
0.283105 0.000010 0.316036 0.400849
0.445597 0.000010 0.411252 0.143141
0.410163 0.000010 0.514333 0.075494
0.000010 0.971586 0.000010 0.028394
0.275656 0.000010 0.707521 0.016813
0.032304 0.000010 0.950762 0.016924
0.413133 0.013065 0.543171 0.030632
0.244364 0.000010 0.725723 0.029903
0.345384 0.005966 0.584669 0.063981
0.424224 0.053326 0.491944 0.030505
0.883345 0.016901 0.038184 0.061571
0.314370 0.000010 0.677165 0.008455
0.230719 0.000010 0.761075 0.008196
0.246011 0.000010 0.736949 0.017030
0.573134 0.022482 0.351873 0.052512
0.011796 0.015728 0.972466 0.000010
0.676832 0.000010 0.295250 0.027908
0.725723 0.007829 0.205124 0.061324
0.691804 0.020119 0.259036 0.029042
0.703480 0.034729 0.199591 0.062199
0.615138 0.000010 0.384842 0.000010
0.058760 0.000010 0.936607 0.004623
0.155876 0.000010 0.817208 0.026905
0.168639 0.000010 0.831341 0.000010
0.080367 0.000010 0.916427 0.003196
0.645933 0.000010 0.313240 0.040817
0.382550 0.019344 0.112924 0.485183
0.335466 0.006947 0.572710 0.084877
0.254462 0.006908 0.569282 0.169348
0.756351 0.055856 0.180866 0.006928
0.065296 0.000010 0.910782 0.023912
0.679381 0.102749 0.217439 0.000430
0.165046 0.000010 0.815331 0.019614
0.000010 0.000010 0.999970 0.000010
0.237048 0.005720 0.757222 0.000010
0.653144 0.057409 0.218949 0.070498
0.000010 0.000010 0.999970 0.000010
0.825350 0.059055 0.115585 0.000010
0.790256 0.071822 0.137912 0.000010
0.883547 0.012778 0.103665 0.000010
0.827898 0.079907 0.092186 0.000010
0.796976 0.067588 0.135426 0.000010
0.137594 0.007752 0.009929 0.844725
0.354691 0.000010 0.618092 0.027207
0.025141 0.000010 0.957388 0.017461
0.179274 0.000010 0.820026 0.000690
0.230585 0.000010 0.756506 0.012899
0.031652 0.000010 0.968328 0.000010
0.799583 0.063139 0.137268 0.000010
0.037316 0.003615 0.944793 0.014276
0.590352 0.086579 0.288962 0.034106
0.000010 0.000010 0.000010 0.999970
0.840882 0.050589 0.085007 0.023523
0.756139 0.000010 0.208399 0.035452
0.554555 0.027053 0.418382 0.000010
0.776258 0.043771 0.146170 0.033801
0.830180 0.127327 0.036407 0.006086
0.710180 0.063096 0.184858 0.041866
0.852643 0.065247 0.082100 0.000010
0.643818 0.039423 0.287377 0.029382
0.786321 0.000010 0.193520 0.020149
0.138308 0.023519 0.803633 0.034540
0.696185 0.091220 0.201577 0.011018
0.858734 0.027818 0.108001 0.005447
0.723057 0.076899 0.200034 0.000010
0.270372 0.064356 0.652721 0.012551
0.011584 0.000010 0.987999 0.000407
0.821494 0.000010 0.143112 0.035385
0.053078 0.000010 0.023881 0.923031
0.012794 0.031682 0.940750 0.014775
0.004197 0.000010 0.995783 0.000010
0.757524 0.018966 0.204395 0.019114
0.405525 0.053731 0.511436 0.029308
0.658277 0.000010 0.331133 0.010580
0.763505 0.086675 0.123613 0.026207
0.000010 0.000010 0.993876 0.006104
0.000010 0.000010 0.999970 0.000010
0.408239 0.000010 0.576805 0.014945
0.320656 0.000010 0.638179 0.041156
0.000010 0.931829 0.000010 0.068151
0.785656 0.024481 0.167649 0.022214
0.065720 0.000010 0.909158 0.025113
0.000010 0.917006 0.000010 0.082974
0.393334 0.037437 0.094450 0.474779
0.590278 0.000010 0.000010 0.409702
0.284716 0.000010 0.665734 0.049539
0.353804 0.000010 0.608550 0.037636
0.204732 0.000010 0.771299 0.023960
0.472966 0.105584 0.408315 0.013135
0.000016 0.000010 0.976639 0.023335
0.000010 0.000010 0.999970 0.000010
0.669187 0.037826 0.268243 0.024745
0.281466 0.013917 0.698749 0.005867
0.352692 0.000010 0.592914 0.054384
0.486309 0.055841 0.457840 0.000010
0.219860 0.008585 0.748807 0.022748
0.136053 0.008772 0.808127 0.047048
0.156834 0.023122 0.794835 0.025209
0.155195 0.000010 0.824600 0.020195
0.000010 0.000010 0.999970 0.000010
0.045304 0.000010 0.937182 0.017503
0.666248 0.037234 0.270166 0.026352
0.394984 0.050932 0.490065 0.064020
0.811616 0.107240 0.081134 0.000010
0.000010 0.000010 0.989378 0.010602
0.649242 0.040112 0.276996 0.033650
0.269538 0.000010 0.672278 0.058174
0.324552 0.025764 0.609914 0.039771
0.724140 0.057677 0.202682 0.015501
0.202824 0.000010 0.788983 0.008183
0.691446 0.000010 0.295807 0.012738
0.809306 0.050140 0.108769 0.031785
0.700005 0.077670 0.181935 0.040390
0.550454 0.066264 0.382107 0.001175
0.830734 0.034352 0.134904 0.000010
0.727880 0.164630 0.036948 0.070542
0.684439 0.013731 0.268627 0.033204
0.291868 0.019953 0.688169 0.000010
0.058650 0.000010 0.935952 0.005388
0.142110 0.021342 0.826439 0.010110
0.110890 0.003281 0.885819 0.000010
0.825179 0.026845 0.147967 0.000010
0.458661 0.038413 0.470555 0.032372
0.316738 0.040499 0.626299 0.016463
0.055183 0.688330 0.227015 0.029472
0.141445 0.025702 0.822655 0.010198
0.147760 0.000010 0.835296 0.016934
0.000010 0.000010 0.000010 0.999970
0.000011 0.000010 0.000010 0.999969
0.680608 0.049820 0.269562 0.000010
0.678375 0.025894 0.275495 0.020237
0.561195 0.017358 0.406811 0.014637
0.532995 0.030508 0.432305 0.004192
0.000010 0.000010 0.000010 0.999970
0.000010 0.000010 0.000010 0.999970
0.824515 0.019636 0.155838 0.000010
0.839565 0.000010 0.160415 0.000010
0.000010 0.000010 0.000010 0.999970
0.000010 0.000010 0.000010 0.999970
0.000010 0.000010 0.000010 0.999970
0.793891 0.063607 0.142491 0.000010
0.832706 0.044639 0.122645 0.000010
0.496710 0.134654 0.215115 0.153521
0.695353 0.102321 0.172106 0.030221
0.566173 0.248446 0.000606 0.184774
0.749815 0.121269 0.106788 0.022129
0.000010 0.000010 0.000010 0.999970
0.744224 0.090713 0.165053 0.000010
0.684342 0.000010 0.302259 0.013389
0.315835 0.012234 0.135100 0.536831
0.068952 0.000010 0.032782 0.898257
0.782257 0.020784 0.196949 0.000010
0.000010 0.000010 0.000010 0.999970
0.000014 0.000010 0.000010 0.999966
0.000010 0.000010 0.000010 0.999970
0.000010 0.000010 0.000010 0.999970
0.000010 0.000010 0.000010 0.999970
0.291289 0.017412 0.691289 0.000010
0.224385 0.017343 0.631919 0.126353
0.238637 0.000010 0.618782 0.142571
0.000010 0.000010 0.000010 0.999970
0.482477 0.000010 0.000010 0.517503
0.389122 0.052760 0.490336 0.067782
0.128239 0.000010 0.861056 0.010694
0.348064 0.000010 0.600801 0.051125
0.592511 0.038767 0.368712 0.000010
0.614703 0.023098 0.347560 0.014639
0.224203 0.000010 0.767396 0.008391
0.648498 0.019592 0.331900 0.000010
0.528245 0.006305 0.405317 0.060132
0.174489 0.000010 0.790479 0.035023
0.243130 0.013630 0.686242 0.056998
0.532669 0.020842 0.446478 0.000010
0.195727 0.041332 0.742050 0.020890
0.514751 0.000534 0.407645 0.077069
0.654607 0.248822 0.000010 0.096561
0.592296 0.110314 0.262626 0.034764
0.429983 0.039695 0.492625 0.037697
0.458937 0.000010 0.522203 0.018850
0.091161 0.016240 0.890026 0.002573
0.403788 0.485500 0.051812 0.058900
0.650641 0.134406 0.054731 0.160223
0.273386 0.010450 0.690532 0.025633
0.236781 0.000010 0.761306 0.001903
0.068301 0.002268 0.537607 0.391824
0.349663 0.044817 0.589943 0.015577
0.166213 0.065001 0.019849 0.748936
0.406440 0.018631 0.536717 0.038212
0.773613 0.079279 0.056128 0.090981
0.114432 0.000010 0.885548 0.000010
0.000010 0.000010 0.996450 0.003530
0.107702 0.008933 0.883355 0.000010
0.188285 0.000010 0.811695 0.000010
0.186604 0.761255 0.037645 0.014496
0.919164 0.000010 0.080816 0.000010
0.887010 0.051019 0.000010 0.061960
0.745746 0.000010 0.231630 0.022615
0.467356 0.000010 0.505512 0.027122
0.798742 0.032419 0.168828 0.000010
0.746961 0.008342 0.227163 0.017535
0.865706 0.076815 0.000010 0.057469
0.125397 0.000010 0.874583 0.000010
0.064774 0.044465 0.890751 0.000010
0.811195 0.000010 0.160243 0.028552
0.049640 0.000010 0.950340 0.000010
0.761301 0.054164 0.157976 0.026559
0.232454 0.720346 0.023095 0.024105
0.790999 0.004978 0.199971 0.004051
0.000010 0.999970 0.000010 0.000010
0.403089 0.558311 0.000010 0.038590
0.521712 0.044591 0.023548 0.410149
0.084528 0.872091 0.000010 0.043371
0.000010 0.000010 0.000010 0.999970
0.264640 0.000010 0.735340 0.000010
0.804481 0.063256 0.123158 0.009105
0.702703 0.066040 0.202648 0.028610
0.058351 0.000010 0.044467 0.897172
0.465862 0.042058 0.451745 0.040335
0.615115 0.170502 0.109024 0.105358
0.841243 0.033205 0.110386 0.015166
0.778755 0.000010 0.179222 0.042014
0.722791 0.000010 0.236499 0.040699
0.552043 0.025783 0.344082 0.078092
0.748016 0.033828 0.192433 0.025723
0.179399 0.048929 0.000010 0.771662
0.181248 0.061358 0.038019 0.719375
0.146705 0.017967 0.000010 0.835317
0.810925 0.037951 0.100111 0.051013
0.905161 0.041436 0.000010 0.053393
0.336521 0.658234 0.005235 0.000010
0.681708 0.233110 0.036082 0.049101
0.000010 0.000010 0.999970 0.000010
0.058282 0.000010 0.798420 0.143287
0.401922 0.009047 0.580708 0.008323
0.233845 0.021542 0.656395 0.088219
0.798197 0.018064 0.169966 0.013774
0.051131 0.000010 0.948849 0.000010
0.042686 0.005876 0.943660 0.007777
0.199706 0.067192 0.022058 0.711045
0.202505 0.003184 0.019592 0.774719
0.000010 0.014894 0.984554 0.000542
0.663150 0.051890 0.233074 0.051886
0.108152 0.016431 0.848334 0.027082
0.295173 0.000010 0.665772 0.039045
0.753373 0.000010 0.212018 0.034598
0.094518 0.000010 0.021768 0.883704
0.207289 0.000010 0.442550 0.350151
0.565353 0.162012 0.038223 0.234411
0.177303 0.030553 0.727817 0.064326
0.536518 0.055884 0.384043 0.023554
0.277651 0.000032 0.667826 0.054491
0.067692 0.000010 0.029600 0.902698
0.092083 0.000010 0.907897 0.000010
0.268948 0.033607 0.663454 0.033991
0.477538 0.000010 0.477174 0.045278
0.293221 0.036100 0.659585 0.011094
0.385123 0.486060 0.041408 0.087408
0.903285 0.050012 0.000010 0.046693
0.368059 0.505350 0.018888 0.107703
0.632875 0.154863 0.185855 0.026406
0.604872 0.123029 0.244183 0.027916
0.055625 0.796833 0.035963 0.111579
0.074913 0.801414 0.000010 0.123663
0.807597 0.040822 0.123977 0.027604
0.046824 0.828873 0.000010 0.124294
0.473567 0.393201 0.110630 0.022602
0.369116 0.603277 0.002807 0.024800
0.821894 0.000010 0.148084 0.030012
0.785853 0.000010 0.187328 0.026808
0.797196 0.000010 0.193693 0.009101
0.755732 0.000010 0.223736 0.020522
0.772324 0.014224 0.200614 0.012838
0.775443 0.012679 0.190369 0.021509
0.789942 0.000010 0.163585 0.046463
0.834688 0.000010 0.165292 0.000010
0.807704 0.000010 0.192276 0.000010
0.131082 0.834113 0.000010 0.034794
0.115557 0.859046 0.007964 0.017433
0.053375 0.839575 0.000010 0.107040
0.000010 0.000010 0.999970 0.000010
0.049035 0.796148 0.000010 0.154807
0.601747 0.004465 0.306397 0.087392
0.076635 0.786671 0.026393 0.110301
0.078016 0.870480 0.000010 0.051493
0.098535 0.889411 0.000010 0.012044
0.157798 0.823917 0.000010 0.018275
0.039458 0.892107 0.011812 0.056623
0.084621 0.864898 0.038594 0.011887
0.000010 0.994544 0.005436 0.000010
0.119206 0.015105 0.846454 0.019235
0.608769 0.080987 0.283894 0.026351
0.845047 0.000010 0.154933 0.000010
0.037157 0.934694 0.000010 0.028138
0.000010 0.000010 0.999970 0.000010
0.828621 0.000010 0.168348 0.003021
0.849015 0.000010 0.137236 0.013739
0.000010 0.000010 0.999970 0.000010
0.735777 0.060442 0.174404 0.029377
0.000010 0.960311 0.039669 0.000010
0.804641 0.000010 0.147313 0.048036
0.809177 0.000010 0.181833 0.008980
0.765595 0.007962 0.199525 0.026918
0.000010 0.999970 0.000010 0.000010
0.668407 0.048371 0.245496 0.037726
0.204879 0.034423 0.648082 0.112617
0.288582 0.677759 0.000010 0.033649
0.270197 0.709407 0.000010 0.020386
0.347415 0.632758 0.007099 0.012728
0.000010 0.000010 0.000010 0.999970
0.069392 0.008753 0.010792 0.911064
0.000010 0.973755 0.000010 0.026225
0.117762 0.806412 0.000010 0.075816
0.000010 0.999970 0.000010 0.000010
0.000010 0.985077 0.000010 0.014903
0.000010 0.999970 0.000010 0.000010
0.000010 0.999970 0.000010 0.000010
0.000010 0.991857 0.000010 0.008123
0.045495 0.839261 0.057044 0.058200
0.320618 0.642660 0.000010 0.036712
0.312045 0.648157 0.020470 0.019328
0.062835 0.930225 0.000010 0.006930
0.298095 0.680572 0.021322 0.000010
0.692189 0.079572 0.062080 0.166160
0.261041 0.041107 0.697842 0.000010
0.790892 0.038338 0.151162 0.019608
0.779722 0.000010 0.182170 0.038098
0.790018 0.000010 0.181439 0.028534
0.329135 0.497741 0.044191 0.128933
0.596138 0.161141 0.038462 0.204259
0.478094 0.049556 0.414522 0.057828
0.719772 0.007356 0.211234 0.061638
0.426259 0.459706 0.015377 0.098658
0.089855 0.000010 0.884190 0.025945
0.000010 0.999970 0.000010 0.000010
0.086777 0.804637 0.030529 0.078058
0.000010 0.986523 0.000010 0.013457
0.794810 0.000010 0.174685 0.030495
0.076245 0.879462 0.000010 0.044282
0.000010 0.981721 0.010070 0.008199
0.000010 0.950064 0.039057 0.010869
0.000010 0.965556 0.034424 0.000010
0.000010 0.998090 0.001890 0.000010
0.000010 0.989241 0.000010 0.010739
0.450751 0.127141 0.331568 0.090539
0.645541 0.093375 0.247030 0.014054
0.377933 0.450855 0.074523 0.096689
0.316671 0.513977 0.078231 0.091121
0.647493 0.091383 0.240852 0.020272
0.249744 0.000010 0.747802 0.002444
0.063146 0.044576 0.832417 0.059862
0.001810 0.021823 0.963619 0.012747
0.000010 0.999970 0.000010 0.000010
0.092470 0.001027 0.846056 0.060446
0.000010 0.991471 0.000010 0.008509
0.000010 0.999970 0.000010 0.000010
0.034169 0.932139 0.005467 0.028226
0.000460 0.958766 0.034911 0.005863
0.000010 0.992506 0.000010 0.007474
0.000010 0.976960 0.000010 0.023020
0.581825 0.023868 0.333209 0.061098
0.562179 0.006644 0.362765 0.068413
0.560281 0.266571 0.124675 0.048473
0.503596 0.088904 0.000010 0.407490
0.292219 0.114007 0.000010 0.593764
0.340466 0.097605 0.000010 0.561920
0.237387 0.064126 0.675595 0.022892
0.000010 0.966124 0.010964 0.022902
0.000010 0.999970 0.000010 0.000010
0.000010 0.999970 0.000010 0.000010
0.464218 0.092920 0.000010 0.442852
0.416740 0.071434 0.016831 0.494995
0.548427 0.041639 0.338668 0.071266
0.656152 0.000010 0.276539 0.067298
0.336740 0.107455 0.000010 0.555794
0.507056 0.041136 0.371219 0.080588
0.419727 0.000010 0.241112 0.339151
0.401584 0.128464 0.026108 0.443844
0.403985 0.040718 0.151166 0.404130
0.577270 0.013064 0.329924 0.079742
0.604046 0.000010 0.336065 0.059879
0.775354 0.000775 0.174318 0.049553
0.213839 0.704092 0.029353 0.052716
0.000010 0.999970 0.000010 0.000010
0.194578 0.776629 0.006768 0.022025
0.170728 0.823990 0.000010 0.005271
0.538538 0.061777 0.383673 0.016011
0.520694 0.033051 0.382070 0.064185
0.224065 0.051000 0.691259 0.033675
0.667769 0.101024 0.187215 0.043991
0.000010 0.000010 0.000010 0.999970
0.000010 0.478811 0.080838 0.440342
0.667279 0.000583 0.332127 0.000010
0.623950 0.040430 0.325210 0.010410
0.386738 0.489629 0.086748 0.036885
0.650853 0.141288 0.177751 0.030109
0.159872 0.046644 0.049389 0.744095
0.866520 0.000010 0.127461 0.006009
0.757814 0.030825 0.157271 0.054089
0.769983 0.036405 0.177233 0.016378
0.052283 0.000010 0.947697 0.000010
0.000010 0.019696 0.980284 0.000010
0.124468 0.000010 0.841740 0.033782
0.000010 0.000010 0.000010 0.999970
0.000010 0.000010 0.000010 0.999970
0.139949 0.799789 0.000010 0.060252
0.094499 0.767077 0.000010 0.138414
0.192558 0.579074 0.003337 0.225031
0.000010 0.000010 0.999970 0.000010
0.241609 0.697536 0.000010 0.060845
0.213176 0.686332 0.000010 0.100483
0.193720 0.718813 0.000010 0.087457
0.295791 0.681172 0.000010 0.023027
0.857255 0.000010 0.089312 0.053423
0.602215 0.207012 0.012931 0.177842
0.599649 0.276060 0.045203 0.079087
0.425269 0.451763 0.062039 0.060929
0.740798 0.056478 0.071552 0.131172
0.438287 0.478740 0.042464 0.040508
0.134657 0.023153 0.842180 0.000010
0.000010 0.999970 0.000010 0.000010
0.000010 0.999970 0.000010 0.000010
0.740684 0.020626 0.151536 0.087154
0.791832 0.034296 0.104813 0.069060
0.000010 0.999970 0.000010 0.000010
0.511926 0.000010 0.440369 0.047695
0.640110 0.041291 0.283479 0.035121
0.000010 0.999970 0.000010 0.000010
0.353765 0.507417 0.074987 0.063832
0.765914 0.000010 0.170635 0.063441
0.492133 0.143745 0.023924 0.340198
0.290532 0.029249 0.623255 0.056964
0.210255 0.000010 0.000010 0.789725
0.648087 0.000010 0.273190 0.078712
0.347925 0.511454 0.062567 0.078053
0.743262 0.054648 0.177057 0.025033
0.163793 0.000010 0.836187 0.000010
0.105218 0.004156 0.874912 0.015713
0.630175 0.052482 0.276211 0.041133
0.000010 0.000010 0.999970 0.000010
0.281311 0.000010 0.690274 0.028405
0.690008 0.052455 0.226026 0.031511
0.644971 0.044318 0.272346 0.038366
0.500041 0.302773 0.058922 0.138263
0.140072 0.000010 0.830486 0.029432
0.765242 0.031424 0.203324 0.000010
0.066734 0.001829 0.923854 0.007583
0.111669 0.000010 0.885405 0.002916
0.413171 0.481328 0.047261 0.058240
0.000010 0.999970 0.000010 0.000010
0.382204 0.500447 0.043081 0.074268
0.362713 0.482718 0.057677 0.096892
0.000010 0.922285 0.000010 0.077695
0.000010 0.959727 0.000010 0.040253
0.619342 0.299292 0.024473 0.056893
0.488984 0.355463 0.076745 0.078808
0.184807 0.016648 0.036863 0.761683
0.000010 0.999970 0.000010 0.000010
0.000010 0.999970 0.000010 0.000010
0.000010 0.000010 0.984075 0.015905
0.597538 0.209681 0.105776 0.087005
0.539271 0.269163 0.082868 0.108698
0.536960 0.273121 0.081258 0.108660
0.106366 0.000010 0.875405 0.018218
0.000010 0.999970 0.000010 0.000010
0.000010 0.999970 0.000010 0.000010
0.885752 0.063534 0.000010 0.050704
0.000010 0.999970 0.000010 0.000010
0.000010 0.994131 0.000010 0.005849
0.000010 0.953004 0.042505 0.004481
0.012676 0.987304 0.000010 0.000010
0.211407 0.029948 0.745484 0.013161
0.080175 0.041346 0.878469 0.000010
