0.095671 0.169992 0.734336
0.068316 0.354694 0.576990
0.035133 0.254243 0.710624
0.922729 0.052017 0.025255
0.031876 0.364265 0.603859
0.040472 0.060831 0.898697
0.446710 0.070423 0.482867
0.000010 0.000010 0.999980
0.112805 0.367794 0.519401
0.022464 0.000010 0.977526
0.020427 0.087801 0.891772
0.035095 0.289243 0.675661
0.208033 0.386933 0.405034
0.528154 0.242784 0.229062
0.007320 0.000010 0.992670
0.056947 0.300393 0.642660
0.034349 0.078525 0.887126
0.313233 0.038092 0.648675
0.042626 0.269124 0.688251
0.000010 0.999980 0.000010
0.021321 0.972489 0.006190
0.000010 0.999980 0.000010
0.008339 0.965544 0.026117
0.757034 0.140192 0.102774
0.102216 0.390481 0.507303
0.001093 0.998897 0.000010
0.082883 0.475102 0.442015
0.005370 0.994620 0.000010
0.095318 0.427313 0.477369
0.114450 0.416440 0.469110
0.054661 0.507889 0.437451
0.096253 0.393486 0.510261
0.247462 0.416139 0.336399
0.151684 0.460976 0.387340
0.052146 0.364363 0.583492
0.393238 0.134381 0.472381
0.461656 0.082801 0.455543
0.080560 0.899555 0.019885
0.106402 0.416876 0.476722
0.084045 0.489301 0.426654
0.000010 0.000010 0.999980
0.088471 0.360131 0.551397
0.032325 0.080782 0.886893
0.034736 0.032487 0.932777
0.085147 0.553451 0.361402
0.000501 0.999489 0.000010
0.000010 0.979671 0.020319
0.106753 0.719451 0.173797
0.128670 0.471003 0.400327
0.145936 0.442633 0.411431
0.112704 0.444255 0.443041
0.124917 0.532125 0.342959
0.139014 0.366600 0.494386
0.098378 0.446121 0.455501
0.139664 0.501611 0.358725
0.066495 0.411301 0.522204
0.020513 0.030283 0.949204
0.140137 0.407780 0.452083
0.104310 0.428059 0.467632
0.063684 0.037209 0.899107
0.041282 0.474509 0.484209
0.112565 0.380648 0.506787
0.041116 0.247102 0.711782
0.101454 0.443198 0.455348
0.105461 0.430336 0.464204
0.278177 0.273330 0.448493
0.397989 0.557802 0.044209
0.725148 0.189676 0.085177
0.014738 0.026924 0.958338
0.137742 0.460914 0.401344
0.136442 0.436476 0.427082
0.100532 0.422598 0.476869
0.058802 0.405141 0.536057
0.089936 0.399602 0.510461
0.100941 0.341076 0.557983
0.054035 0.496697 0.449268
0.081071 0.470306 0.448623
0.055562 0.489826 0.454612
0.046320 0.953670 0.000010
0.101295 0.406105 0.492601
0.075113 0.480966 0.443920
0.048581 0.083498 0.867921
0.043252 0.070262 0.886486
0.052748 0.454235 0.493017
0.077581 0.010297 0.912122
0.056583 0.933093 0.010325
0.014495 0.910439 0.075066
0.045972 0.095027 0.859001
0.116172 0.343463 0.540365
0.042459 0.957531 0.000010
0.018766 0.929808 0.051426
0.029524 0.899605 0.070871
0.007019 0.955268 0.037713
0.024973 0.947771 0.027255
0.080873 0.518691 0.400437
0.118727 0.505526 0.375747
0.120863 0.499438 0.379698
0.061617 0.259441 0.678942
0.061740 0.032157 0.906103
0.126446 0.542240 0.331314
0.077121 0.440005 0.482874
0.130301 0.559312 0.310387
0.057421 0.283894 0.658684
0.999980 0.000010 0.000010
0.019834 0.048010 0.932157
0.510845 0.287259 0.201896
0.061862 0.103166 0.834972
0.101552 0.378894 0.519554
0.064675 0.314210 0.621115
0.002549 0.029397 0.968054
0.121951 0.524252 0.353797
0.012190 0.127096 0.860714
0.014302 0.034318 0.951380
0.012850 0.000010 0.987140
0.046995 0.363589 0.589416
0.065598 0.135533 0.798869
0.999980 0.000010 0.000010
0.999980 0.000010 0.000010
0.008196 0.039817 0.951987
0.999980 0.000010 0.000010
0.029777 0.058079 0.912144
0.000010 0.000010 0.999980
0.999980 0.000010 0.000010
0.999980 0.000010 0.000010
0.999980 0.000010 0.000010
0.999980 0.000010 0.000010
0.867930 0.110012 0.022058
0.089039 0.362065 0.548896
0.087630 0.382304 0.530066
0.999980 0.000010 0.000010
0.206468 0.133824 0.659709
0.035930 0.063258 0.900812
0.999980 0.000010 0.000010
0.962657 0.024969 0.012374
0.999980 0.000010 0.000010
0.082169 0.397072 0.520759
0.086529 0.316344 0.597127
0.069666 0.378122 0.552212
0.089734 0.409470 0.500796
0.918433 0.000010 0.081557
0.457358 0.482782 0.059860
0.999980 0.000010 0.000010
0.999980 0.000010 0.000010
0.999980 0.000010 0.000010
0.999973 0.000017 0.000010
0.999980 0.000010 0.000010
0.999980 0.000010 0.000010
0.075664 0.354747 0.569590
0.999980 0.000010 0.000010
0.899744 0.084280 0.015976
0.000450 0.004317 0.995233
0.859943 0.092452 0.047605
0.588336 0.085001 0.326663
0.999980 0.000010 0.000010
0.999980 0.000010 0.000010
0.999980 0.000010 0.000010
0.999980 0.000010 0.000010
0.980168 0.012139 0.007693
0.999980 0.000010 0.000010
0.069850 0.440773 0.489377
0.105395 0.878596 0.016009
0.098032 0.836806 0.065162
0.103973 0.872208 0.023819
0.999980 0.000010 0.000010
0.999980 0.000010 0.000010
0.101708 0.877092 0.021200
0.092296 0.838838 0.068866
0.087218 0.834342 0.078440
0.999971 0.000019 0.000010
0.999980 0.000010 0.000010
0.154216 0.529159 0.316624
0.999980 0.000010 0.000010
0.064697 0.341972 0.593331
0.710663 0.072769 0.216568
0.705257 0.087988 0.206754
0.000010 0.133760 0.866230
0.683225 0.110316 0.206459
0.012936 0.960102 0.026962
0.139989 0.562302 0.297709
0.117593 0.174066 0.708341
0.124148 0.674396 0.201457
0.415728 0.220743 0.363529
0.444151 0.224771 0.331078
0.003801 0.022206 0.973993
0.726066 0.199625 0.074309
0.066713 0.259273 0.674014
0.066782 0.017713 0.915504
0.354551 0.044566 0.600883
0.091231 0.525822 0.382948
0.081021 0.189102 0.729876
0.053602 0.389921 0.556477
0.098248 0.727648 0.174104
0.907677 0.044737 0.047586
0.098751 0.763836 0.137413
0.099906 0.859040 0.041054
0.019255 0.236604 0.744142
0.026399 0.104971 0.868630
0.049496 0.848297 0.102207
0.042711 0.171098 0.786192
0.035472 0.051373 0.913154
0.004594 0.017835 0.977571
0.079131 0.541414 0.379455
0.147771 0.559007 0.293222
0.070112 0.162645 0.767243
0.094599 0.863258 0.042143
0.068088 0.475349 0.456563
0.110417 0.117012 0.772571
0.185014 0.699982 0.115004
0.057440 0.449536 0.493024
0.999980 0.000010 0.000010
0.072012 0.129226 0.798761
0.055047 0.107052 0.837901
0.049457 0.168589 0.781954
0.032221 0.031844 0.935935
0.140631 0.274332 0.585037
0.107013 0.379775 0.513212
0.002076 0.000010 0.997914
0.011946 0.000010 0.988044
0.085532 0.382999 0.531469
0.153318 0.000010 0.846672
0.146548 0.424857 0.428595
0.073860 0.045918 0.880222
0.057042 0.034547 0.908411
0.043815 0.535082 0.421103
0.000010 0.000010 0.999980
0.374471 0.109957 0.515571
0.023589 0.021029 0.955382
0.355152 0.048923 0.595925
0.037180 0.157612 0.805208
0.049650 0.002218 0.948131
0.046936 0.051625 0.901438
0.389173 0.211100 0.399727
0.102985 0.348104 0.548911
0.121352 0.426109 0.452539
0.261990 0.269042 0.468968
0.330005 0.260423 0.409572
0.122933 0.362873 0.514194
0.136711 0.449476 0.413813
0.275301 0.273695 0.451003
0.123140 0.427325 0.449535
0.053947 0.193548 0.752505
0.102032 0.294173 0.603795
0.088136 0.307916 0.603948
0.149001 0.565528 0.285472
0.139138 0.667070 0.193792
0.156689 0.692603 0.150708
0.141848 0.559259 0.298893
0.100211 0.268263 0.631526
0.125326 0.360101 0.514572
0.123145 0.362994 0.513861
0.227701 0.521845 0.250454
0.445100 0.258512 0.296388
0.043299 0.933775 0.022926
0.112285 0.341807 0.545907
0.021485 0.000010 0.978505
0.024869 0.042308 0.932823
0.111531 0.499807 0.388662
0.068734 0.491538 0.439728
0.009542 0.000010 0.990448
0.420542 0.101685 0.477773
0.173575 0.210066 0.616359
0.108155 0.200232 0.691613
0.024064 0.975926 0.000010
0.037382 0.118844 0.843774
0.008955 0.000010 0.991035
0.056825 0.205877 0.737299
0.043269 0.078691 0.878040
0.087960 0.158645 0.753396
0.056877 0.247746 0.695377
0.138232 0.509386 0.352382
0.036739 0.141841 0.821419
0.021600 0.077163 0.901237
0.032409 0.090506 0.877085
0.099206 0.298010 0.602783
0.006336 0.006280 0.987384
0.090316 0.304825 0.604858
0.120688 0.396664 0.482648
0.081141 0.350665 0.568194
0.119852 0.396901 0.483247
0.042381 0.278753 0.678865
0.008825 0.000010 0.991165
0.041055 0.003559 0.955387
0.010839 0.060687 0.928474
0.012839 0.009553 0.977608
0.090719 0.303734 0.605547
0.516238 0.217749 0.266013
0.105411 0.146914 0.747675
0.186105 0.092279 0.721616
0.058883 0.456157 0.484960
0.029994 0.007599 0.962407
0.054464 0.462170 0.483366
0.028722 0.044495 0.926783
0.000010 0.000010 0.999980
0.003121 0.102570 0.894308
0.119560 0.389379 0.491061
0.000010 0.000010 0.999980
0.019544 0.505823 0.474633
0.065443 0.487921 0.446637
0.034708 0.491215 0.474077
0.062069 0.527832 0.410100
0.041568 0.505580 0.452852
0.859276 0.079897 0.060826
0.054600 0.138126 0.807274
0.015128 0.000010 0.984862
0.013952 0.057276 0.928771
0.036530 0.057646 0.905825
0.000010 0.000010 0.999980
0.057995 0.503155 0.438850
0.005860 0.000010 0.994130
0.072450 0.391303 0.536246
0.999980 0.000010 0.000010
0.093688 0.518804 0.387509
0.095060 0.371266 0.533674
0.031322 0.312631 0.656047
0.096704 0.466476 0.436819
0.070587 0.589136 0.340277
0.095648 0.410866 0.493486
0.042939 0.528196 0.428864
0.073618 0.386701 0.539681
0.090553 0.405039 0.504407
0.044000 0.069785 0.886216
0.064381 0.459377 0.476243
0.067189 0.489820 0.442991
0.048327 0.480323 0.471350
0.032008 0.177920 0.790072
0.000010 0.000010 0.999980
0.099929 0.431911 0.468160
0.930563 0.019101 0.050336
0.015383 0.024784 0.959833
0.000010 0.000010 0.999980
0.075056 0.420097 0.504848
0.051041 0.254065 0.694895
0.039740 0.303644 0.656616
0.082560 0.498626 0.418814
0.000010 0.000010 0.999980
0.000010 0.000010 0.999980
0.053459 0.169015 0.777526
0.058550 0.131784 0.809666
0.057815 0.942175 0.000010
0.088165 0.421566 0.490269
0.020190 0.008219 0.971590
0.079267 0.920723 0.000010
0.506896 0.234971 0.258134
0.468997 0.242082 0.288921
0.065819 0.107736 0.826445
0.056363 0.138543 0.805093
0.042892 0.068604 0.888504
0.046397 0.355062 0.598541
0.007372 0.000010 0.992618
0.000010 0.000010 0.999980
0.074283 0.375236 0.550481
0.022526 0.126279 0.851194
0.084920 0.135886 0.779194
0.026659 0.302455 0.670886
0.039279 0.092266 0.868454
0.052164 0.044695 0.903141
0.034410 0.070636 0.894955
0.028015 0.037646 0.934339
0.000010 0.000010 0.999980
0.007784 0.000010 0.992206
0.081094 0.386138 0.532768
0.092423 0.229726 0.677851
0.050497 0.546567 0.402936
0.000010 0.000010 0.999980
0.083505 0.372209 0.544286
0.076598 0.100852 0.822550
0.060504 0.155632 0.783864
0.072423 0.452518 0.475059
0.026849 0.041862 0.931289
0.057841 0.313500 0.628659
0.091923 0.480446 0.427631
0.092771 0.446781 0.460448
0.044642 0.344622 0.610736
0.059006 0.485702 0.455292
0.124370 0.586003 0.289627
0.085042 0.352316 0.562642
0.018089 0.133932 0.847979
0.015144 0.000010 0.984846
0.016047 0.055101 0.928852
0.003817 0.035339 0.960844
0.053032 0.465875 0.481093
0.067013 0.260753 0.672234
0.034701 0.187253 0.778046
0.031383 0.723849 0.244768
0.018468 0.064615 0.916917
0.030341 0.036867 0.932793
0.999980 0.000010 0.000010
0.999980 0.000010 0.000010
0.044598 0.392808 0.562594
0.076053 0.376035 0.547912
0.054390 0.315238 0.630373
0.044891 0.290744 0.664365
0.999980 0.000010 0.000010
0.999980 0.000010 0.000010
0.061206 0.463889 0.474906
0.058320 0.458812 0.482868
0.999980 0.000010 0.000010
0.999980 0.000010 0.000010
0.999980 0.000010 0.000010
0.066670 0.477547 0.455783
0.044226 0.501675 0.454099
0.192533 0.404008 0.403459
0.083694 0.478806 0.437500
0.227809 0.567077 0.205114
0.086334 0.546459 0.367207
0.999980 0.000010 0.000010
0.059409 0.483844 0.456747
0.061078 0.336146 0.602776
0.563376 0.171821 0.264804
0.903815 0.029935 0.066250
0.048309 0.437902 0.513790
0.999980 0.000010 0.000010
0.999980 0.000010 0.000010
0.999971 0.000019 0.000010
0.999980 0.000010 0.000010
0.999980 0.000010 0.000010
0.013538 0.143372 0.843090
0.139598 0.106612 0.753790
0.159663 0.085360 0.754978
0.999975 0.000015 0.000010
0.569461 0.150243 0.280296
0.099937 0.239667 0.660396
0.015856 0.026311 0.957834
0.074898 0.141873 0.783229
0.034207 0.333458 0.632334
0.056576 0.318883 0.624542
0.023928 0.082681 0.893392
0.025072 0.341337 0.633591
0.100313 0.267921 0.631765
0.044061 0.036670 0.919269
0.072871 0.091170 0.835958
0.010120 0.267712 0.722168
0.030691 0.110818 0.858491
0.113647 0.245763 0.640591
0.151035 0.627324 0.221642
0.082314 0.408738 0.508948
0.064631 0.246030 0.689339
0.045450 0.214639 0.739911
0.007876 0.029406 0.962718
0.087458 0.720652 0.191890
0.212235 0.483721 0.304044
0.040266 0.125972 0.833761
0.021808 0.063642 0.914550
0.398560 0.022092 0.579348
0.038487 0.203181 0.758332
0.766086 0.158251 0.075662
0.063696 0.212186 0.724118
0.150342 0.504404 0.345254
0.000010 0.031584 0.968406
0.000010 0.000010 0.999980
0.000010 0.026500 0.973490
0.002321 0.072900 0.924779
0.028758 0.878847 0.092395
0.074787 0.486763 0.438450
0.141322 0.559923 0.298755
0.072049 0.371367 0.556584
0.061276 0.203089 0.735635
0.034497 0.458505 0.506997
0.077346 0.417746 0.504908
0.132518 0.568557 0.298925
0.000902 0.024864 0.974234
0.004106 0.049909 0.945986
0.088679 0.406079 0.505241
0.000010 0.000010 0.999980
0.077058 0.428391 0.494551
0.050752 0.880479 0.068768
0.070522 0.420996 0.508482
0.000010 0.999980 0.000010
0.075139 0.800095 0.124765
0.452590 0.333013 0.214397
0.046660 0.938650 0.014690
0.999980 0.000010 0.000010
0.005998 0.119743 0.874260
0.067461 0.485741 0.446797
0.081507 0.429303 0.489190
0.907101 0.024111 0.068788
0.082243 0.270093 0.647664
0.156782 0.513928 0.329290
0.084885 0.476083 0.439032
0.109335 0.421218 0.469447
0.102454 0.371414 0.526132
0.125029 0.307587 0.567385
0.085912 0.430892 0.483196
0.791598 0.142421 0.065981
0.743603 0.157816 0.098580
0.849053 0.089153 0.061794
0.112524 0.464221 0.423254
0.140849 0.588282 0.270869
0.017465 0.872303 0.110232
0.106142 0.610295 0.283563
0.000010 0.000010 0.999980
0.144167 0.003107 0.852726
0.037173 0.183062 0.779764
0.102235 0.116459 0.781306
0.049096 0.444245 0.506658
0.000010 0.000010 0.999980
0.016113 0.000010 0.983877
0.730847 0.174692 0.094461
0.793194 0.122475 0.084331
0.004836 0.000010 0.995154
0.108987 0.404768 0.486245
0.027573 0.048598 0.923828
0.056249 0.109949 0.833803
0.094158 0.394205 0.511637
0.895412 0.044294 0.060294
0.368316 0.073764 0.557920
0.282964 0.483367 0.233669
0.071020 0.081657 0.847322
0.065918 0.323735 0.610346
0.074082 0.106830 0.819088
0.912265 0.022857 0.064878
0.000010 0.005117 0.994873
0.046898 0.151926 0.801175
0.081670 0.228006 0.690323
0.022501 0.160412 0.817087
0.119630 0.712470 0.167900
0.143412 0.564604 0.291984
0.136301 0.719151 0.144548
0.077115 0.490780 0.432105
0.072389 0.432064 0.495547
0.111981 0.834986 0.053033
0.133283 0.866707 0.000010
0.097499 0.459027 0.443474
0.128210 0.871780 0.000010
0.063493 0.662279 0.274228
0.053034 0.835325 0.111641
0.095789 0.452924 0.451287
0.096185 0.392823 0.510993
0.076782 0.402331 0.520888
0.077964 0.370514 0.551521
0.074615 0.389186 0.536200
0.081022 0.399898 0.519079
0.116238 0.395118 0.488643
0.070070 0.400437 0.529493
0.060752 0.422822 0.516426
0.042682 0.923733 0.033585
0.026858 0.940214 0.032928
0.108305 0.891685 0.000010
0.000010 0.000010 0.999980
0.156763 0.843227 0.000010
0.135157 0.296739 0.568104
0.113090 0.839769 0.047141
0.060252 0.939738 0.000010
0.023700 0.958230 0.018070
0.029387 0.932705 0.037908
0.053249 0.929055 0.017696
0.012998 0.924687 0.062315
0.000010 0.995367 0.004623
0.024794 0.051423 0.923783
0.071227 0.385746 0.543028
0.077656 0.425311 0.497033
0.032147 0.967843 0.000010
0.000010 0.000010 0.999980
0.083784 0.425962 0.490255
0.084231 0.438790 0.476979
0.000010 0.000010 0.999980
0.089125 0.439558 0.471317
0.000010 0.972975 0.027015
0.112531 0.436955 0.450515
0.094851 0.399402 0.505748
0.090995 0.430593 0.478412
0.000010 0.999980 0.000010
0.081937 0.387131 0.530933
0.124264 0.104578 0.771158
0.070487 0.887009 0.042503
0.045442 0.890315 0.064243
0.040325 0.836901 0.122773
0.999980 0.000010 0.000010
0.919288 0.044511 0.036201
0.028703 0.971287 0.000010
0.088532 0.881901 0.029566
0.000010 0.999980 0.000010
0.029143 0.970847 0.000010
0.000010 0.999980 0.000010
0.000010 0.999980 0.000010
0.006830 0.993160 0.000010
0.063543 0.874857 0.061600
0.065122 0.840465 0.094413
0.045455 0.836211 0.118334
0.017175 0.982815 0.000010
0.020850 0.864617 0.114533
0.219525 0.451316 0.329160
0.000010 0.155844 0.844146
0.081705 0.460270 0.458025
0.106788 0.375678 0.517534
0.097612 0.394521 0.507867
0.157848 0.706428 0.135724
0.257736 0.503396 0.238868
0.089035 0.288177 0.622788
0.121982 0.386280 0.491738
0.132554 0.711743 0.155703
0.031177 0.000010 0.968813
0.000010 0.999980 0.000010
0.082537 0.868516 0.048947
0.000010 0.999980 0.000010
0.093262 0.429329 0.477409
0.053021 0.937073 0.009907
0.008780 0.987287 0.003933
0.014017 0.952406 0.033577
0.002413 0.961424 0.036163
0.000010 0.990470 0.009520
0.006619 0.993371 0.000010
0.121804 0.361677 0.516519
0.067472 0.441764 0.490763
0.125904 0.673011 0.201085
0.117101 0.704949 0.177951
0.068264 0.422343 0.509393
0.021607 0.101501 0.876892
0.058386 0.051152 0.890462
0.009371 0.011653 0.978976
0.000010 0.999980 0.000010
0.063976 0.016679 0.919345
0.005856 0.994134 0.000010
0.000010 0.999980 0.000010
0.030724 0.957969 0.011307
0.006655 0.969252 0.024093
0.006815 0.993175 0.000010
0.029451 0.970539 0.000010
0.105433 0.326598 0.567969
0.107071 0.293501 0.599428
0.095735 0.576893 0.327372
0.462580 0.413093 0.124327
0.620858 0.288244 0.090898
0.592544 0.301412 0.106045
0.037156 0.163149 0.799695
0.031132 0.968858 0.000010
0.000010 0.999980 0.000010
0.000010 0.999980 0.000010
0.484211 0.356291 0.159498
0.534144 0.325265 0.140592
0.113835 0.331994 0.554171
0.118292 0.337026 0.544682
0.591959 0.312895 0.095146
0.117400 0.313351 0.569249
0.372219 0.211975 0.415806
0.480388 0.364301 0.155311
0.433806 0.233542 0.332652
0.123178 0.312902 0.563920
0.102499 0.318505 0.578995
0.109644 0.420602 0.469753
0.064981 0.845891 0.089128
0.000010 0.999980 0.000010
0.038482 0.896972 0.064546
0.030702 0.942443 0.026855
0.053316 0.316395 0.630289
0.105278 0.288709 0.606013
0.048994 0.139879 0.811127
0.096396 0.461209 0.442395
0.999980 0.000010 0.000010
0.442367 0.489827 0.067806
0.051612 0.351992 0.596397
0.058038 0.358755 0.583207
0.067711 0.716051 0.216238
0.082924 0.505865 0.411211
0.757603 0.126360 0.116037
0.079130 0.460076 0.460794
0.114020 0.418086 0.467894
0.068162 0.432460 0.499378
0.000010 0.000010 0.999980
0.000010 0.000010 0.999980
0.042210 0.013290 0.944500
0.999980 0.000010 0.000010
0.999980 0.000010 0.000010
0.068180 0.896324 0.035496
0.143443 0.835828 0.020729
0.241560 0.699194 0.059246
0.000010 0.000010 0.999980
0.094895 0.905095 0.000010
0.129289 0.862928 0.007783
0.104120 0.875081 0.020799
0.070115 0.924914 0.004971
0.118011 0.453657 0.428332
0.222890 0.552816 0.224294
0.129014 0.635411 0.235576
0.092115 0.700633 0.207253
0.186887 0.460863 0.352250
0.071657 0.734650 0.193694
0.009604 0.055611 0.934785
0.000010 0.999980 0.000010
0.000010 0.999980 0.000010
0.148774 0.419916 0.431310
0.132465 0.474964 0.392571
0.000010 0.999038 0.000952
0.083177 0.264559 0.652264
0.091410 0.392159 0.516431
0.000010 0.999980 0.000010
0.091050 0.722581 0.186369
0.124841 0.422405 0.452754
0.377061 0.404912 0.218027
0.075258 0.163385 0.761357
0.811678 0.102167 0.086154
0.131013 0.335393 0.533595
0.105746 0.715426 0.178828
0.090030 0.452996 0.456974
0.001933 0.038272 0.959795
0.019960 0.025222 0.954818
0.088606 0.368759 0.542635
0.000010 0.000010 0.999980
0.046576 0.114340 0.839085
0.085258 0.408482 0.506261
0.088018 0.369039 0.542944
0.178682 0.596412 0.224906
0.033484 0.021014 0.945502
0.055788 0.439218 0.504994
0.011013 0.016866 0.972120
0.007472 0.030815 0.961712
0.092778 0.721861 0.185362
0.000010 0.999980 0.000010
0.100249 0.720773 0.178979
0.125420 0.697168 0.177412
0.069354 0.929067 0.001579
0.036849 0.963141 0.000010
0.110354 0.636170 0.253476
0.119863 0.629662 0.250475
0.781731 0.119923 0.098346
0.000010 0.999980 0.000010
0.000010 0.999980 0.000010
0.009453 0.000010 0.990537
0.137843 0.548106 0.314051
0.151169 0.585747 0.263084
0.152465 0.575658 0.271877
0.028521 0.000010 0.971469
0.000010 0.999980 0.000010
0.000010 0.999980 0.000010
0.155175 0.591393 0.253432
0.000010 0.999980 0.000010
0.010075 0.989915 0.000010
0.010960 0.957470 0.031570
0.000010 0.999980 0.000010
0.025792 0.110745 0.863464
0.000010 0.063454 0.936536
