0.000010 0.420713 0.000010 0.004667 0.059435 0.000010 0.389783 0.025826 0.099527 0.000010 0.000010
0.017333 0.556824 0.035896 0.000010 0.019050 0.018555 0.164064 0.054981 0.133267 0.000010 0.000010
0.000010 0.387863 0.000010 0.076923 0.000010 0.005286 0.382692 0.000010 0.050801 0.049397 0.046998
0.000010 0.000010 0.024567 0.071493 0.902121 0.001749 0.000010 0.000010 0.000010 0.000010 0.000010
0.016033 0.427605 0.000010 0.065759 0.000010 0.000010 0.187704 0.089650 0.174306 0.012884 0.026029
0.000010 0.130967 0.014615 0.053066 0.021704 0.000010 0.704841 0.007318 0.061442 0.000010 0.006017
0.000010 0.134505 0.045320 0.000010 0.430289 0.000010 0.300712 0.000010 0.006493 0.001070 0.081572
0.050405 0.000010 0.041919 0.000010 0.007544 0.000010 0.891053 0.000010 0.009019 0.000010 0.000010
0.071157 0.619000 0.003247 0.035627 0.050718 0.000010 0.020992 0.018716 0.180512 0.000010 0.000010
0.052146 0.061140 0.000010 0.000010 0.016895 0.000010 0.826975 0.000010 0.042784 0.000010 0.000010
0.067957 0.143350 0.004404 0.000010 0.000010 0.000010 0.538763 0.000861 0.244616 0.000010 0.000010
0.000010 0.463028 0.040157 0.037072 0.000010 0.003736 0.324913 0.000010 0.098477 0.029106 0.003483
0.047303 0.398185 0.052933 0.313087 0.128406 0.000010 0.023965 0.000010 0.000010 0.027363 0.008727
0.016501 0.328815 0.037357 0.087842 0.486190 0.000010 0.000010 0.000010 0.005976 0.001894 0.035395
0.017525 0.006177 0.000010 0.000010 0.007210 0.021548 0.866927 0.000010 0.080562 0.000010 0.000010
0.017175 0.418173 0.006496 0.069065 0.014719 0.031011 0.327742 0.009137 0.068611 0.030139 0.007731
0.026208 0.181704 0.000014 0.008470 0.020735 0.000010 0.662978 0.035859 0.064003 0.000010 0.000010
0.000010 0.095714 0.059790 0.000010 0.296687 0.000010 0.469431 0.000010 0.025116 0.001365 0.051859
0.645540 0.000010 0.045701 0.020399 0.000010 0.000010 0.243837 0.000010 0.044463 0.000010 0.000010
0.000010 0.000010 0.009347 0.000010 0.000010 0.889713 0.000010 0.047234 0.000010 0.053636 0.000010
0.000010 0.000010 0.016230 0.000010 0.007216 0.957305 0.016596 0.000010 0.000010 0.002594 0.000010
0.000010 0.000010 0.000010 0.000010 0.000010 0.999900 0.000010 0.000010 0.000010 0.000010 0.000010
0.000010 0.000010 0.043612 0.000010 0.000010 0.908527 0.016470 0.011441 0.000010 0.019890 0.000010
0.008897 0.061662 0.000010 0.083438 0.726924 0.038192 0.019734 0.032939 0.021353 0.000010 0.006841
0.998236 0.000010 0.000010 0.000010 0.001674 0.000010 0.000010 0.000010 0.000010 0.000010 0.000010
0.000010 0.013915 0.000010 0.000010 0.000010 0.921920 0.000010 0.017184 0.000010 0.046910 0.000010
0.000010 0.590066 0.029753 0.044035 0.021000 0.010223 0.028027 0.071504 0.166473 0.038897 0.000010
0.000010 0.000010 0.000010 0.000010 0.014940 0.961816 0.000010 0.008452 0.000010 0.014722 0.000010
0.088335 0.634137 0.000010 0.087214 0.022925 0.007748 0.099738 0.037109 0.015854 0.002866 0.004064
0.063161 0.698821 0.000010 0.052499 0.066911 0.013330 0.084855 0.004455 0.000010 0.015936 0.000010
0.122855 0.815851 0.000010 0.000010 0.000010 0.013885 0.000010 0.015823 0.031526 0.000010 0.000010
0.067169 0.678557 0.000010 0.078724 0.032777 0.000010 0.059388 0.025611 0.039659 0.018084 0.000010
0.000010 0.275221 0.005933 0.336174 0.166391 0.000010 0.043568 0.075922 0.000010 0.053660 0.043101
0.132845 0.422388 0.038999 0.280977 0.058236 0.000010 0.000010 0.049742 0.016773 0.000010 0.000010
0.029904 0.341305 0.304507 0.000010 0.000010 0.006623 0.125265 0.038307 0.128566 0.025492 0.000010
0.000010 0.152999 0.003249 0.041007 0.357303 0.000447 0.115215 0.000010 0.311029 0.015620 0.003112
0.000775 0.045849 0.000010 0.086111 0.423582 0.000010 0.190015 0.000010 0.253618 0.000010 0.000010
0.000010 0.000010 0.000010 0.000010 0.000010 0.000010 0.000010 0.000010 0.000010 0.999900 0.000010
0.075776 0.618160 0.077259 0.096135 0.027159 0.000010 0.000010 0.000010 0.105461 0.000010 0.000010
0.052701 0.714943 0.008656 0.083910 0.015327 0.000010 0.039880 0.039704 0.000010 0.020208 0.024649
0.000010 0.000010 0.000010 0.000010 0.000010 0.000010 0.999900 0.000010 0.000010 0.000010 0.000010
0.116699 0.489342 0.007711 0.091452 0.033014 0.020294 0.178730 0.029930 0.004716 0.000010 0.028103
0.000010 0.162574 0.006612 0.035344 0.016233 0.011938 0.707210 0.000010 0.018976 0.003428 0.037666
0.005236 0.123824 0.014141 0.007035 0.028024 0.000010 0.797576 0.001623 0.000010 0.017825 0.004697
0.080824 0.323600 0.000010 0.595497 0.000010 0.000010 0.000010 0.000010 0.000010 0.000010 0.000010
0.014207 0.000010 0.000010 0.000010 0.000010 0.660471 0.000010 0.008426 0.000010 0.316826 0.000010
0.000010 0.019355 0.006976 0.000010 0.000010 0.668169 0.000010 0.000010 0.019794 0.285646 0.000010
0.000010 0.139220 0.025410 0.176412 0.036202 0.200477 0.000010 0.148435 0.072857 0.200956 0.000010
0.065766 0.334882 0.032048 0.291697 0.032815 0.006682 0.000257 0.042236 0.074721 0.028845 0.090051
0.065814 0.417319 0.031300 0.287213 0.064086 0.048499 0.040454 0.014786 0.015920 0.000010 0.014600
0.000010 0.000010 0.000010 0.000010 0.000010 0.000010 0.000010 0.000010 0.000010 0.000010 0.999900
0.146953 0.368693 0.013839 0.223501 0.031508 0.020507 0.000010 0.109369 0.000010 0.029012 0.056598
0.000010 0.000010 0.000010 0.000010 0.000010 0.000010 0.000010 0.000010 0.000010 0.000010 0.999900
0.061536 0.377460 0.048222 0.321126 0.001462 0.000010 0.034997 0.024891 0.091472 0.027557 0.011267
0.137779 0.385283 0.005625 0.330619 0.030272 0.000431 0.000010 0.000010 0.000010 0.050669 0.059292
0.000010 0.000010 0.999899 0.000011 0.000010 0.000010 0.000010 0.000010 0.000010 0.000010 0.000010
0.000010 0.000098 0.040232 0.000010 0.008731 0.000010 0.879763 0.041745 0.000010 0.029382 0.000010
0.068838 0.657655 0.037098 0.098928 0.062395 0.000010 0.000010 0.000010 0.075035 0.000010 0.000010
0.105005 0.689290 0.012496 0.025126 0.038389 0.000010 0.000010 0.000010 0.071870 0.001282 0.056512
0.020000 0.109383 0.017815 0.000010 0.043743 0.000010 0.664274 0.000010 0.052936 0.000010 0.091808
0.024287 0.850215 0.000010 0.052793 0.000010 0.000010 0.000010 0.000010 0.019897 0.025538 0.027219
0.028264 0.670442 0.041834 0.068381 0.049861 0.000010 0.094951 0.000010 0.046226 0.000010 0.000010
0.092759 0.342560 0.027178 0.019874 0.006895 0.049524 0.441491 0.000010 0.000010 0.000010 0.019689
0.000010 0.769187 0.009814 0.088128 0.033255 0.000010 0.040311 0.000010 0.038747 0.020518 0.000010
0.084510 0.574386 0.032458 0.112978 0.033121 0.000010 0.050627 0.028644 0.052620 0.018963 0.011683
0.067232 0.068779 0.082745 0.155724 0.223332 0.029866 0.164771 0.000010 0.090135 0.034909 0.082498
0.000010 0.000010 0.000010 0.090584 0.333598 0.000010 0.000010 0.000010 0.000010 0.575738 0.000010
0.000010 0.113833 0.036137 0.065253 0.691393 0.000010 0.000010 0.046116 0.018268 0.028960 0.000010
0.014082 0.020512 0.031713 0.012408 0.017669 0.010063 0.866628 0.000010 0.001460 0.020348 0.005108
0.145849 0.421023 0.033254 0.293582 0.049991 0.000010 0.000010 0.029124 0.023717 0.000010 0.003430
0.101260 0.339811 0.000010 0.264366 0.049789 0.022427 0.059681 0.048645 0.061909 0.000010 0.052092
0.197831 0.233845 0.030865 0.343106 0.009184 0.018496 0.085594 0.013375 0.014414 0.000010 0.053279
0.008524 0.557136 0.143260 0.000010 0.000010 0.000010 0.003714 0.050452 0.195236 0.000010 0.041638
0.001836 0.697637 0.009226 0.067814 0.026623 0.000010 0.091876 0.008223 0.054217 0.015363 0.027176
0.047182 0.559446 0.117166 0.069037 0.037526 0.000010 0.085135 0.000010 0.084469 0.000010 0.000010
0.063947 0.680261 0.028059 0.103131 0.000010 0.000010 0.015925 0.037033 0.041117 0.030496 0.000010
0.057829 0.766488 0.034915 0.011845 0.019269 0.008341 0.011504 0.000010 0.038082 0.001383 0.050334
0.090967 0.589974 0.036420 0.080748 0.000010 0.031113 0.015251 0.000010 0.089775 0.036653 0.029078
0.000010 0.000010 0.000010 0.000010 0.000010 0.000010 0.000010 0.000010 0.000010 0.999900 0.000010
0.040061 0.692808 0.000010 0.074947 0.038676 0.000010 0.096876 0.046670 0.009922 0.000010 0.000010
0.059731 0.663692 0.039678 0.042175 0.006227 0.026744 0.000010 0.000010 0.102812 0.011305 0.047616
0.000010 0.165088 0.000010 0.003769 0.033224 0.004653 0.593096 0.000011 0.184039 0.016089 0.000010
0.017574 0.099187 0.040927 0.013570 0.020360 0.000010 0.569065 0.000010 0.235001 0.003929 0.000367
0.000010 0.131017 0.736984 0.000010 0.000010 0.000010 0.039432 0.051372 0.041136 0.000010 0.000010
0.000010 0.115068 0.000010 0.000010 0.059386 0.000010 0.720163 0.000010 0.047411 0.000010 0.057911
0.000010 0.000010 0.000010 0.000010 0.000010 0.000010 0.000010 0.000010 0.000010 0.999900 0.000010
0.000010 0.049454 0.010061 0.044492 0.000010 0.729526 0.000010 0.088495 0.000010 0.010069 0.067862
0.014742 0.057750 0.049964 0.000010 0.001672 0.000010 0.351516 0.000010 0.524305 0.000010 0.000010
0.000010 0.397278 0.080717 0.185895 0.049263 0.015394 0.138767 0.000010 0.121374 0.011282 0.000010
0.011199 0.013714 0.000010 0.004417 0.024122 0.774475 0.000010 0.053473 0.000010 0.067923 0.050649
0.000010 0.039045 0.050745 0.006115 0.018271 0.816143 0.000010 0.020579 0.024916 0.024157 0.000010
0.000010 0.089246 0.000010 0.027748 0.010356 0.707829 0.006408 0.090552 0.016291 0.028917 0.022632
0.020675 0.068012 0.007031 0.006732 0.000010 0.788977 0.000010 0.028933 0.000010 0.079600 0.000010
0.016297 0.046589 0.003947 0.042224 0.000010 0.788667 0.000010 0.055413 0.000010 0.021643 0.025190
0.010619 0.320804 0.022170 0.070490 0.045937 0.280133 0.119597 0.000010 0.117767 0.012464 0.000010
0.000010 0.000010 0.000010 0.999900 0.000010 0.000010 0.000010 0.000010 0.000010 0.000010 0.000010
0.000010 0.034306 0.000010 0.945846 0.000010 0.000010 0.019767 0.000010 0.000010 0.000010 0.000010
0.000010 0.295367 0.003345 0.085832 0.004891 0.000010 0.209675 0.043834 0.357016 0.000010 0.000010
0.000010 0.000010 0.000010 0.000010 0.060469 0.037471 0.780019 0.000010 0.097120 0.024861 0.000010
0.000010 0.000010 0.000010 0.999900 0.000010 0.000010 0.000010 0.000010 0.000010 0.000010 0.000010
0.000010 0.678304 0.090004 0.044253 0.003214 0.000010 0.000010 0.020948 0.163227 0.000010 0.000010
0.000010 0.103468 0.000010 0.829829 0.000010 0.066623 0.000010 0.000010 0.000010 0.000010 0.000010
0.039013 0.546762 0.066498 0.000010 0.000013 0.000010 0.164348 0.000010 0.139712 0.000010 0.043614
0.000010 0.000010 0.000010 0.000010 0.999900 0.000010 0.000010 0.000010 0.000010 0.000010 0.000010
0.050860 0.058897 0.000010 0.012209 0.000010 0.000010 0.651980 0.000010 0.225678 0.000010 0.000326
0.000010 0.000010 0.006658 0.526643 0.433498 0.000052 0.033088 0.000010 0.000010 0.000010 0.000010
0.000010 0.000010 0.000010 0.000010 0.000010 0.000010 0.000010 0.000010 0.999900 0.000010 0.000010
0.004048 0.612810 0.099736 0.042847 0.040858 0.000010 0.054726 0.000010 0.095568 0.023627 0.025761
0.009709 0.498032 0.050858 0.042243 0.014004 0.000010 0.206280 0.043222 0.135622 0.000010 0.000010
0.000010 0.093753 0.001067 0.001524 0.000010 0.000010 0.803846 0.021840 0.071801 0.006130 0.000010
0.132304 0.109178 0.000010 0.272953 0.000010 0.033680 0.000010 0.042629 0.011152 0.048797 0.349278
0.021447 0.274485 0.030567 0.016291 0.000010 0.000010 0.531035 0.015007 0.083904 0.000010 0.027233
0.011267 0.142699 0.020500 0.000010 0.000010 0.000010 0.716532 0.000010 0.064366 0.000010 0.044587
0.025276 0.045606 0.000010 0.000010 0.014175 0.000010 0.846495 0.000010 0.068388 0.000010 0.000010
0.000010 0.626864 0.075850 0.057848 0.000010 0.000010 0.117819 0.000010 0.092657 0.016077 0.012845
0.000010 0.000010 0.000010 0.000010 0.000010 0.000010 0.000010 0.000010 0.999900 0.000010 0.000010
0.000010 0.000010 0.000010 0.000010 0.999900 0.000010 0.000010 0.000010 0.000010 0.000010 0.000010
0.000010 0.000010 0.000010 0.000010 0.999900 0.000010 0.000010 0.000010 0.000010 0.000010 0.000010
0.000010 0.077931 0.030018 0.001092 0.000010 0.000010 0.712442 0.001663 0.163816 0.012999 0.000010
0.000010 0.000010 0.000010 0.000010 0.999900 0.000010 0.000010 0.000010 0.000010 0.000010 0.000010
0.031173 0.063273 0.000010 0.000010 0.024009 0.002046 0.781159 0.023428 0.000010 0.013599 0.061282
0.000010 0.000010 0.000010 0.000010 0.000010 0.000010 0.997966 0.000010 0.001944 0.000010 0.000010
0.000010 0.000010 0.000010 0.000010 0.999900 0.000010 0.000010 0.000010 0.000010 0.000010 0.000010
0.000010 0.000010 0.000010 0.000010 0.999900 0.000010 0.000010 0.000010 0.000010 0.000010 0.000010
0.000010 0.000010 0.000010 0.000010 0.999900 0.000010 0.000010 0.000010 0.000010 0.000010 0.000010
0.000010 0.000010 0.000010 0.000010 0.999900 0.000010 0.000010 0.000010 0.000010 0.000010 0.000010
0.000010 0.065610 0.000010 0.012361 0.850267 0.000010 0.000010 0.034183 0.011294 0.026235 0.000010
0.006438 0.548439 0.029793 0.011666 0.031670 0.039763 0.076301 0.000971 0.211013 0.006196 0.037750
0.058113 0.598060 0.018283 0.000010 0.034095 0.000010 0.061269 0.021002 0.189667 0.010736 0.008755
0.000010 0.000010 0.000010 0.000010 0.999900 0.000010 0.000010 0.000010 0.000010 0.000010 0.000010
0.000010 0.180794 0.023948 0.013235 0.177544 0.000010 0.424618 0.004133 0.056850 0.029679 0.089180
0.004156 0.040336 0.051481 0.000010 0.006169 0.000010 0.538515 0.000010 0.349899 0.009405 0.000010
0.000010 0.000010 0.000010 0.000010 0.999900 0.000010 0.000010 0.000010 0.000010 0.000010 0.000010
0.000010 0.000010 0.015583 0.000010 0.951236 0.000010 0.000010 0.008371 0.000010 0.000010 0.024741
0.000010 0.000010 0.000010 0.000010 0.999900 0.000010 0.000010 0.000010 0.000010 0.000010 0.000010
0.015290 0.365706 0.231938 0.064696 0.022473 0.000010 0.125235 0.039186 0.052182 0.055158 0.028126
0.000010 0.620764 0.059850 0.000010 0.038841 0.000010 0.102269 0.000010 0.178217 0.000010 0.000010
0.022084 0.594892 0.047139 0.000010 0.013712 0.000010 0.078410 0.050682 0.193041 0.000010 0.000010
0.011536 0.716186 0.048822 0.000010 0.023032 0.021848 0.000010 0.000010 0.173423 0.005112 0.000010
0.035457 0.000010 0.000010 0.035292 0.895911 0.000010 0.014617 0.000010 0.018664 0.000010 0.000010
0.000010 0.000010 0.000010 0.000010 0.443915 0.249340 0.014810 0.000985 0.060927 0.229973 0.000010
0.000010 0.000010 0.000010 0.000010 0.999900 0.000010 0.000010 0.000010 0.000010 0.000010 0.000010
0.000010 0.000010 0.000010 0.000010 0.999899 0.000011 0.000010 0.000010 0.000010 0.000010 0.000010
0.000010 0.000010 0.000010 0.000010 0.999900 0.000010 0.000010 0.000010 0.000010 0.000010 0.000010
0.000010 0.000010 0.000012 0.000010 0.999898 0.000010 0.000010 0.000010 0.000010 0.000010 0.000010
0.000010 0.000010 0.000010 0.000010 0.999900 0.000010 0.000010 0.000010 0.000010 0.000010 0.000010
0.000010 0.000010 0.000010 0.000010 0.999900 0.000010 0.000010 0.000010 0.000010 0.000010 0.000010
0.010637 0.268583 0.315319 0.020679 0.028814 0.000010 0.249643 0.047084 0.000010 0.059212 0.000010
0.000010 0.000010 0.000010 0.000010 0.999900 0.000010 0.000010 0.000010 0.000010 0.000010 0.000010
0.000686 0.004123 0.000010 0.023191 0.884158 0.000010 0.000010 0.058131 0.000010 0.005825 0.023846
0.000010 0.089447 0.008973 0.000010 0.000010 0.000010 0.887087 0.000010 0.000010 0.014423 0.000010
0.000010 0.000010 0.034808 0.071929 0.835087 0.013789 0.000010 0.024303 0.000010 0.000010 0.020035
0.049233 0.109516 0.072191 0.038475 0.560695 0.000010 0.137790 0.000010 0.000010 0.000010 0.032060
0.000010 0.000010 0.000010 0.000010 0.999900 0.000010 0.000010 0.000010 0.000010 0.000010 0.000010
0.000010 0.000010 0.000011 0.000010 0.999899 0.000010 0.000010 0.000010 0.000010 0.000010 0.000010
0.000010 0.000010 0.000010 0.000010 0.999900 0.000010 0.000010 0.000010 0.000010 0.000010 0.000010
0.000010 0.000010 0.000010 0.000010 0.999900 0.000010 0.000010 0.000010 0.000010 0.000010 0.000010
0.000010 0.000010 0.019187 0.000010 0.974290 0.000010 0.000010 0.006443 0.000010 0.000010 0.000010
0.000010 0.000010 0.000010 0.000010 0.999900 0.000010 0.000010 0.000010 0.000010 0.000010 0.000010
0.000010 0.000010 0.999900 0.000010 0.000010 0.000010 0.000010 0.000010 0.000010 0.000010 0.000010
0.000010 0.000010 0.000010 0.000010 0.000010 0.000010 0.000010 0.999900 0.000010 0.000010 0.000010
0.000010 0.000010 0.000010 0.000010 0.000010 0.000010 0.000010 0.999900 0.000010 0.000010 0.000010
0.000010 0.000010 0.000010 0.000010 0.000010 0.000010 0.000010 0.999900 0.000010 0.000010 0.000010
0.000010 0.000010 0.000010 0.000010 0.999900 0.000010 0.000010 0.000010 0.000010 0.000010 0.000010
0.000010 0.000010 0.000010 0.000010 0.999900 0.000010 0.000010 0.000010 0.000010 0.000010 0.000010
0.000010 0.000010 0.000010 0.000010 0.000010 0.000010 0.000010 0.999900 0.000010 0.000010 0.000010
0.000010 0.000010 0.000010 0.000010 0.000010 0.000010 0.005783 0.994127 0.000010 0.000010 0.000010
0.000010 0.000010 0.000010 0.000010 0.000010 0.000010 0.000010 0.999900 0.000010 0.000010 0.000010
0.000010 0.000010 0.000010 0.000010 0.999900 0.000010 0.000010 0.000010 0.000010 0.000010 0.000010
0.000010 0.000010 0.000010 0.000010 0.999894 0.000010 0.000010 0.000016 0.000010 0.000010 0.000010
0.000010 0.000010 0.000010 0.213797 0.000010 0.000010 0.000010 0.000010 0.000010 0.000010 0.786113
0.000010 0.000010 0.000010 0.000010 0.999900 0.000010 0.000010 0.000010 0.000010 0.000010 0.000010
0.906046 0.000010 0.000010 0.000010 0.000010 0.000010 0.093864 0.000010 0.000010 0.000010 0.000010
0.000010 0.000010 0.000010 0.409283 0.590621 0.000010 0.000010 0.000010 0.000010 0.000017 0.000010
0.000010 0.000010 0.000010 0.410090 0.589820 0.000010 0.000010 0.000010 0.000010 0.000010 0.000010
0.069270 0.193132 0.000010 0.000010 0.000010 0.000010 0.563013 0.000323 0.115182 0.000010 0.059029
0.000010 0.000010 0.000010 0.434755 0.565155 0.000010 0.000010 0.000010 0.000010 0.000010 0.000010
0.063486 0.000010 0.007578 0.000010 0.003586 0.922944 0.002346 0.000010 0.000010 0.000010 0.000010
0.120540 0.203097 0.020158 0.320859 0.041587 0.120168 0.000010 0.019595 0.000010 0.049682 0.104294
0.075023 0.244798 0.036276 0.000010 0.085551 0.000010 0.430160 0.000010 0.017072 0.027539 0.083551
0.000010 0.029444 0.012387 0.217095 0.029616 0.060779 0.020361 0.511932 0.065879 0.036071 0.016427
0.000010 0.291609 0.050952 0.000010 0.374516 0.000010 0.085233 0.000010 0.012789 0.000010 0.184852
0.000010 0.301074 0.009278 0.000010 0.400700 0.000010 0.041235 0.000010 0.025646 0.000010 0.222017
0.000010 0.055987 0.001252 0.000010 0.002618 0.000010 0.825131 0.026889 0.050503 0.014829 0.022761
0.080330 0.048638 0.014342 0.059502 0.690455 0.002013 0.000010 0.060073 0.000010 0.030698 0.013930
0.028788 0.357471 0.051888 0.011974 0.031028 0.000010 0.357033 0.015036 0.076343 0.055174 0.015254
0.000010 0.081062 0.012801 0.000010 0.068821 0.000010 0.765817 0.000010 0.056156 0.014317 0.000986
0.001978 0.077503 0.011901 0.032883 0.332144 0.000010 0.420391 0.000010 0.033905 0.000010 0.089267
0.146729 0.365970 0.000010 0.429302 0.000010 0.016161 0.000010 0.000010 0.041777 0.000010 0.000010
0.047593 0.108350 0.029126 0.000010 0.015797 0.000010 0.000010 0.000010 0.786048 0.013035 0.000010
0.104823 0.577673 0.067477 0.047910 0.000010 0.000010 0.018386 0.021215 0.132000 0.000010 0.030486
0.031284 0.000010 0.000010 0.200223 0.015335 0.126742 0.031076 0.574228 0.017476 0.000010 0.003605
0.013176 0.007530 0.000010 0.027782 0.892732 0.000010 0.014346 0.034741 0.000010 0.000010 0.009653
0.000010 0.013464 0.000010 0.166264 0.000010 0.197258 0.000010 0.523706 0.069620 0.000010 0.029638
0.000010 0.000010 0.000010 0.000010 0.000010 0.000010 0.000010 0.999900 0.000010 0.000010 0.000010
0.000010 0.313659 0.073779 0.017309 0.000010 0.039025 0.379243 0.000010 0.158262 0.011311 0.007382
0.000010 0.173851 0.009892 0.093076 0.000015 0.000010 0.658191 0.010144 0.013859 0.011530 0.029422
0.000010 0.000010 0.000010 0.000010 0.000010 0.661131 0.000010 0.000010 0.000010 0.000010 0.338779
0.031275 0.203788 0.054116 0.000010 0.020291 0.027283 0.575840 0.025727 0.009570 0.014918 0.037183
0.030762 0.094479 0.000010 0.034235 0.013629 0.000010 0.759329 0.028842 0.012982 0.021535 0.004189
0.000010 0.054774 0.046704 0.000010 0.000010 0.000010 0.855543 0.000010 0.025314 0.017605 0.000010
0.117712 0.379444 0.006794 0.201545 0.000010 0.090945 0.073500 0.035172 0.000010 0.038350 0.056518
0.029959 0.000010 0.000010 0.858871 0.000010 0.028591 0.000010 0.000010 0.000010 0.000010 0.082509
0.062649 0.136457 0.151278 0.052283 0.036538 0.000010 0.514428 0.000010 0.000010 0.025612 0.020724
0.000010 0.000010 0.000010 0.000010 0.000010 0.000010 0.000010 0.999900 0.000010 0.000010 0.000010
0.000010 0.538976 0.128526 0.118714 0.000010 0.018081 0.046513 0.008232 0.085029 0.055901 0.000010
0.038009 0.239602 0.009373 0.002273 0.089460 0.000010 0.551246 0.000010 0.000010 0.005853 0.064155
0.000010 0.167041 0.006670 0.085330 0.110236 0.172128 0.000010 0.364830 0.000010 0.046473 0.047263
0.000010 0.490157 0.043299 0.094832 0.000010 0.019035 0.089077 0.034337 0.120451 0.065277 0.043515
0.000017 0.000010 0.000010 0.000010 0.999893 0.000010 0.000010 0.000010 0.000010 0.000010 0.000010
0.080575 0.145957 0.066612 0.000010 0.056226 0.000010 0.593624 0.000010 0.000010 0.056956 0.000010
0.059863 0.177907 0.080029 0.000010 0.034474 0.000010 0.613122 0.000010 0.000010 0.026673 0.007891
0.000010 0.206950 0.007438 0.078459 0.016908 0.000010 0.547698 0.021714 0.057399 0.051240 0.012173
0.120287 0.056421 0.000010 0.000010 0.022453 0.000010 0.729428 0.000010 0.049887 0.021474 0.000010
0.055270 0.309965 0.000010 0.000010 0.092835 0.000010 0.252295 0.041089 0.007869 0.005718 0.234930
0.083715 0.367238 0.111908 0.065224 0.051008 0.000010 0.190545 0.079235 0.000010 0.023386 0.027721
0.000010 0.000010 0.000010 0.000010 0.000010 0.000010 0.778756 0.000010 0.163612 0.000010 0.057552
0.000010 0.000010 0.000010 0.000010 0.021804 0.000010 0.962461 0.000010 0.015656 0.000010 0.000010
0.000010 0.390254 0.269724 0.075359 0.027605 0.000010 0.139763 0.051022 0.046234 0.000010 0.000010
0.000010 0.054310 0.034060 0.000010 0.145863 0.000010 0.702834 0.000010 0.051788 0.000010 0.011094
0.000010 0.488631 0.143341 0.069392 0.087191 0.000013 0.086546 0.043226 0.000010 0.045989 0.035651
0.000010 0.071910 0.013959 0.041885 0.061947 0.018259 0.712720 0.000692 0.075323 0.003286 0.000010
0.000010 0.158715 0.037588 0.011734 0.032123 0.000010 0.594664 0.000010 0.165125 0.000010 0.000010
0.000010 0.627292 0.058561 0.044558 0.000010 0.001732 0.001640 0.052693 0.093246 0.092534 0.027725
0.026782 0.044438 0.000010 0.017502 0.000010 0.000010 0.903097 0.003638 0.000010 0.000010 0.004493
0.000010 0.117659 0.020583 0.030707 0.345440 0.008141 0.291673 0.022389 0.092847 0.006264 0.064286
0.008533 0.063859 0.007824 0.008539 0.016704 0.000010 0.825604 0.027802 0.041105 0.000010 0.000010
0.000010 0.147755 0.028060 0.000010 0.345929 0.000010 0.432437 0.000010 0.000010 0.000010 0.045759
0.013088 0.191953 0.119208 0.052427 0.011855 0.000010 0.587298 0.000010 0.000010 0.024131 0.000010
0.000010 0.076921 0.000010 0.000010 0.041402 0.000010 0.780540 0.000010 0.059358 0.001999 0.039730
0.068450 0.104967 0.044358 0.021239 0.029879 0.000010 0.657717 0.011929 0.045757 0.000010 0.015684
0.000010 0.353850 0.000010 0.000010 0.348647 0.000010 0.098297 0.000010 0.000010 0.000010 0.199135
0.000010 0.343526 0.001455 0.000010 0.027777 0.000010 0.189214 0.059872 0.008787 0.000010 0.369329
0.000010 0.000010 0.000010 0.000010 0.000010 0.000010 0.000010 0.000010 0.000010 0.000010 0.999900
0.017470 0.174351 0.013219 0.000010 0.197276 0.000010 0.118285 0.000010 0.000010 0.000010 0.479349
0.004451 0.199839 0.022088 0.000010 0.268991 0.000010 0.093128 0.009821 0.005022 0.001216 0.395425
0.021744 0.296728 0.003458 0.000010 0.049556 0.000010 0.164329 0.052388 0.000010 0.000010 0.411757
0.017374 0.222093 0.000010 0.289656 0.029917 0.056845 0.086340 0.000010 0.000010 0.000010 0.297736
0.012176 0.271852 0.054208 0.000010 0.222456 0.000010 0.162436 0.000010 0.000010 0.027533 0.249299
0.000010 0.000010 0.000010 0.000010 0.000010 0.000010 0.000010 0.000010 0.000010 0.000010 0.999900
0.026289 0.087851 0.262462 0.121494 0.001292 0.000010 0.442600 0.000010 0.051027 0.000010 0.006956
0.000010 0.346043 0.000010 0.000010 0.025869 0.000010 0.235387 0.000010 0.000010 0.000010 0.392632
0.000010 0.000010 0.000010 0.000010 0.000010 0.000010 0.009546 0.000010 0.000010 0.000010 0.990364
0.117213 0.000010 0.000010 0.750180 0.000010 0.086473 0.000010 0.000010 0.000010 0.000010 0.046064
0.044488 0.033536 0.074446 0.177854 0.054634 0.145085 0.020245 0.449682 0.000010 0.000010 0.000010
0.036202 0.024189 0.020540 0.163895 0.073226 0.126018 0.000010 0.457492 0.044117 0.054300 0.000010
0.000010 0.000010 0.000010 0.914242 0.000010 0.000010 0.000010 0.000010 0.000010 0.000010 0.085668
0.014944 0.214553 0.000010 0.000010 0.030812 0.000010 0.280799 0.011614 0.017583 0.000010 0.429656
0.000719 0.264158 0.005144 0.000010 0.056661 0.036927 0.157938 0.000010 0.000010 0.000010 0.478413
0.000010 0.000010 0.000010 0.000010 0.000010 0.000010 0.000010 0.000010 0.000010 0.000010 0.999900
0.020673 0.141651 0.046586 0.354635 0.142311 0.118174 0.010410 0.165531 0.000010 0.000010 0.000010
0.000010 0.000010 0.000010 0.688116 0.311794 0.000010 0.000010 0.000010 0.000010 0.000010 0.000010
0.000010 0.000010 0.000010 0.037810 0.001268 0.717189 0.000010 0.082447 0.051334 0.050933 0.058978
0.046399 0.284519 0.026135 0.000010 0.037753 0.000010 0.194020 0.047741 0.000010 0.000010 0.363393
0.000010 0.000010 0.000010 0.000010 0.010496 0.000010 0.783412 0.000010 0.185656 0.002402 0.017974
0.038423 0.115446 0.028897 0.000010 0.004816 0.000010 0.655233 0.000010 0.140610 0.000010 0.016536
0.066677 0.747164 0.021079 0.048504 0.033339 0.000010 0.000010 0.057317 0.000010 0.025881 0.000010
0.025890 0.748657 0.050740 0.000010 0.007056 0.000010 0.000010 0.080572 0.075633 0.011411 0.000010
0.007959 0.064595 0.025624 0.000010 0.002882 0.000010 0.881268 0.000010 0.000010 0.000010 0.017622
0.008332 0.161090 0.080895 0.015262 0.396695 0.000010 0.253622 0.000010 0.014708 0.000010 0.069366
0.012531 0.354490 0.081262 0.000010 0.137640 0.000010 0.259471 0.000010 0.086085 0.003901 0.064591
0.000010 0.280198 0.000010 0.079184 0.064843 0.000010 0.427312 0.015733 0.038065 0.000010 0.094626
0.000010 0.000010 0.000010 0.000010 0.000010 0.000010 0.000010 0.000010 0.000010 0.999900 0.000010
0.044092 0.171129 0.025616 0.009971 0.003021 0.000010 0.513919 0.000010 0.215199 0.006717 0.010315
0.000010 0.001984 0.000010 0.000010 0.017104 0.000010 0.856217 0.000010 0.087843 0.000010 0.036792
0.009586 0.157839 0.027945 0.019526 0.000010 0.000010 0.155097 0.029403 0.578089 0.000010 0.022485
0.048707 0.180092 0.043052 0.011663 0.023686 0.000010 0.597286 0.000010 0.095473 0.000010 0.000010
0.036116 0.156901 0.010093 0.000010 0.037307 0.000010 0.168858 0.000010 0.590674 0.000010 0.000010
0.008172 0.410202 0.025566 0.000010 0.030618 0.023793 0.340604 0.035781 0.113621 0.009569 0.002063
0.000010 0.000010 0.000010 0.000010 0.000010 0.000010 0.000010 0.000010 0.000010 0.000010 0.999900
0.058491 0.249238 0.015482 0.000010 0.009305 0.000010 0.582737 0.016547 0.016422 0.000010 0.051749
0.000509 0.179473 0.009825 0.000010 0.000010 0.000010 0.580676 0.034915 0.194552 0.000010 0.000010
0.012297 0.221299 0.021700 0.000010 0.010679 0.000010 0.592977 0.000783 0.127139 0.000623 0.012482
0.000010 0.463160 0.094858 0.021149 0.051297 0.000010 0.208473 0.051886 0.083895 0.000010 0.025253
0.000010 0.016332 0.000010 0.017685 0.000010 0.014660 0.939150 0.010968 0.000010 0.000010 0.001153
0.855416 0.000010 0.000010 0.000010 0.013133 0.000010 0.131371 0.000010 0.000010 0.000010 0.000010
0.000010 0.614660 0.024878 0.072604 0.044685 0.000010 0.000010 0.052644 0.190479 0.000010 0.000010
0.093500 0.498573 0.059070 0.054388 0.019827 0.000010 0.119793 0.049237 0.066537 0.000010 0.039055
0.000010 0.537761 0.046357 0.109879 0.050084 0.000010 0.049840 0.069350 0.111895 0.000010 0.024803
0.000010 0.598557 0.068945 0.028249 0.000010 0.000010 0.205920 0.000010 0.098171 0.000010 0.000107
0.000010 0.057719 0.018187 0.000010 0.000010 0.000010 0.819471 0.000010 0.100725 0.000010 0.003838
0.028297 0.126836 0.010587 0.025427 0.023056 0.000010 0.733152 0.000010 0.052605 0.000010 0.000010
0.000010 0.205676 0.000010 0.019736 0.000010 0.000010 0.774508 0.000010 0.000010 0.000010 0.000010
0.000010 0.103981 0.022460 0.000010 0.000010 0.000010 0.866354 0.000010 0.007135 0.000010 0.000010
0.099959 0.415740 0.052281 0.074685 0.022938 0.000010 0.081278 0.000010 0.253080 0.000010 0.000010
0.000010 0.253965 0.052515 0.056929 0.475749 0.000010 0.048486 0.000010 0.032882 0.019461 0.059983
0.060973 0.198250 0.043518 0.029882 0.074405 0.000010 0.495986 0.023107 0.000010 0.011446 0.062415
0.000010 0.125443 0.035722 0.017847 0.158122 0.000010 0.461906 0.014605 0.076507 0.011515 0.098312
0.068729 0.811555 0.002544 0.000010 0.015614 0.038849 0.048374 0.000010 0.003621 0.000010 0.010684
0.038879 0.008368 0.029888 0.002503 0.019206 0.000010 0.822338 0.000010 0.076022 0.002765 0.000010
0.006862 0.504053 0.079716 0.058091 0.000010 0.000010 0.099029 0.075083 0.038148 0.057529 0.081471
0.000010 0.000010 0.004745 0.000010 0.000010 0.000010 0.430470 0.000010 0.564705 0.000010 0.000010
0.000010 0.000010 0.000010 0.000010 0.000010 0.000010 0.999900 0.000010 0.000010 0.000010 0.000010
0.185573 0.023126 0.045313 0.009046 0.000010 0.006444 0.606815 0.000010 0.123643 0.000010 0.000010
0.061693 0.587920 0.050637 0.008797 0.068504 0.044374 0.008691 0.000010 0.169353 0.000010 0.000010
0.000010 0.000010 0.000010 0.000010 0.000010 0.000010 0.999900 0.000010 0.000010 0.000010 0.000010
0.083622 0.781972 0.023107 0.007402 0.000010 0.000010 0.000010 0.000010 0.040522 0.030918 0.032418
0.065976 0.794374 0.004542 0.000010 0.003320 0.061733 0.004782 0.000010 0.031268 0.000010 0.033975
0.077842 0.819819 0.036470 0.022717 0.000010 0.000010 0.000010 0.000010 0.000010 0.020119 0.022984
0.123546 0.816299 0.002893 0.000010 0.000010 0.046451 0.000010 0.000010 0.000010 0.000010 0.010750
0.037060 0.841220 0.000010 0.005455 0.000010 0.000010 0.014812 0.000010 0.000010 0.041213 0.060189
0.014478 0.100475 0.001748 0.000010 0.841630 0.000010 0.000010 0.019432 0.004848 0.000010 0.017349
0.014421 0.285007 0.025337 0.061290 0.026669 0.000010 0.543081 0.000010 0.011468 0.000010 0.032697
0.000010 0.000010 0.011803 0.000010 0.010109 0.000010 0.865029 0.000010 0.071829 0.000010 0.041169
0.020081 0.215229 0.000010 0.000010 0.002025 0.000010 0.758885 0.000010 0.000010 0.003721 0.000010
0.100740 0.125085 0.039044 0.000010 0.009452 0.000010 0.655198 0.000010 0.026161 0.000010 0.044281
0.004013 0.000010 0.000010 0.000010 0.000010 0.000010 0.861552 0.000010 0.092119 0.000010 0.042246
0.029372 0.857788 0.000010 0.000010 0.000010 0.017067 0.000010 0.000010 0.073515 0.000010 0.022198
0.047659 0.000010 0.000010 0.021767 0.003860 0.000010 0.877603 0.000010 0.049052 0.000010 0.000010
0.000010 0.643450 0.032130 0.000010 0.026018 0.024823 0.100870 0.000010 0.143710 0.028958 0.000010
0.000010 0.000010 0.000010 0.000010 0.999900 0.000010 0.000010 0.000010 0.000010 0.000010 0.000010
0.102510 0.357430 0.017302 0.462774 0.000010 0.052746 0.007189 0.000010 0.000010 0.000010 0.000010
0.104500 0.620554 0.039045 0.060449 0.035731 0.000010 0.039614 0.000010 0.100067 0.000010 0.000010
0.000010 0.602779 0.005581 0.000010 0.000010 0.024394 0.267231 0.000010 0.093078 0.000010 0.006888
0.070574 0.614460 0.046695 0.134102 0.020022 0.000010 0.035852 0.033954 0.038521 0.000010 0.005799
0.084812 0.775403 0.000010 0.027314 0.000010 0.070202 0.000010 0.010160 0.000010 0.005386 0.026682
0.030227 0.700546 0.005969 0.057959 0.049317 0.000010 0.076676 0.001408 0.032363 0.045516 0.000010
0.050484 0.924027 0.000122 0.000010 0.000010 0.025297 0.000010 0.000010 0.000010 0.000010 0.000010
0.056825 0.558332 0.033209 0.042841 0.029026 0.000010 0.178256 0.000010 0.034361 0.044868 0.022263
0.072597 0.670995 0.068123 0.039550 0.019443 0.000010 0.074160 0.000010 0.006014 0.000010 0.049088
0.000010 0.072991 0.003913 0.045701 0.019281 0.000010 0.681806 0.000010 0.130380 0.030923 0.014976
0.001978 0.638174 0.058911 0.009671 0.003516 0.006272 0.024897 0.000010 0.119570 0.074138 0.062864
0.100017 0.816114 0.013546 0.015098 0.010616 0.012752 0.000010 0.000010 0.031617 0.000010 0.000209
0.099487 0.725398 0.000010 0.000010 0.000010 0.037602 0.041217 0.000010 0.060052 0.000010 0.036194
0.053241 0.229236 0.011197 0.017331 0.010115 0.050315 0.544002 0.000010 0.061219 0.023324 0.000010
0.000010 0.009694 0.022988 0.000010 0.003007 0.000010 0.928885 0.000010 0.035366 0.000010 0.000010
0.098167 0.755150 0.055883 0.023515 0.035979 0.000010 0.015383 0.000010 0.015883 0.000010 0.000010
0.029501 0.000010 0.000010 0.046240 0.909559 0.000010 0.014631 0.000010 0.000010 0.000010 0.000010
0.036042 0.000010 0.000010 0.000010 0.000719 0.000010 0.864351 0.043403 0.055425 0.000010 0.000010
0.014429 0.000010 0.033860 0.000010 0.000010 0.000010 0.951631 0.000010 0.000010 0.000010 0.000010
0.049022 0.703893 0.012590 0.085489 0.014375 0.000951 0.082337 0.001516 0.037853 0.000010 0.011964
0.032209 0.316553 0.007034 0.052768 0.016352 0.000010 0.415879 0.107221 0.051954 0.000010 0.000010
0.034925 0.608643 0.088424 0.000010 0.001645 0.000010 0.161959 0.000010 0.104354 0.000010 0.000010
0.025041 0.812783 0.000010 0.000010 0.026047 0.019802 0.000010 0.034693 0.071330 0.000010 0.010266
0.000010 0.000010 0.000010 0.000010 0.002552 0.000010 0.997358 0.000010 0.000010 0.000010 0.000010
0.000010 0.000010 0.000010 0.000010 0.000010 0.000010 0.941959 0.000010 0.057951 0.000010 0.000010
0.000010 0.391466 0.032744 0.015308 0.015611 0.000010 0.488018 0.000010 0.004967 0.000010 0.051845
0.000010 0.000010 0.046911 0.000010 0.000010 0.000010 0.086262 0.000010 0.866747 0.000010 0.000010
0.000010 0.000010 0.000010 0.000010 0.000010 0.000010 0.000010 0.000010 0.000010 0.999900 0.000010
0.064344 0.672944 0.013691 0.086025 0.025781 0.000010 0.037073 0.022872 0.042844 0.000010 0.034406
0.000010 0.059674 0.006303 0.000010 0.025871 0.000010 0.843775 0.009263 0.042041 0.006387 0.006655
0.000010 0.000010 0.000010 0.000010 0.000010 0.000010 0.000010 0.000010 0.000010 0.999900 0.000010
0.000010 0.000010 0.525800 0.000010 0.474110 0.000010 0.000010 0.000010 0.000010 0.000010 0.000010
0.000010 0.000010 0.000010 0.665821 0.334089 0.000010 0.000010 0.000010 0.000010 0.000010 0.000010
0.000010 0.049010 0.000010 0.028112 0.016480 0.000010 0.230242 0.000010 0.671518 0.004587 0.000010
0.013708 0.206327 0.085240 0.093558 0.027145 0.000010 0.520810 0.000010 0.037866 0.015316 0.000010
0.016912 0.146501 0.039856 0.046901 0.016334 0.000010 0.679208 0.000010 0.044887 0.009370 0.000010
0.000010 0.292432 0.074177 0.110313 0.000010 0.000010 0.334631 0.071005 0.013750 0.061750 0.041912
0.025948 0.000010 0.007385 0.000010 0.009428 0.000010 0.829591 0.000010 0.127587 0.000010 0.000010
0.000010 0.000010 0.000010 0.000010 0.000010 0.000010 0.999900 0.000010 0.000010 0.000010 0.000010
0.000010 0.622662 0.111595 0.000010 0.012033 0.000010 0.004221 0.015082 0.234356 0.000010 0.000010
0.061718 0.243330 0.044175 0.000010 0.004226 0.009513 0.616433 0.000010 0.000010 0.000010 0.020564
0.011728 0.235977 0.024722 0.061248 0.041231 0.000010 0.384329 0.000010 0.240725 0.000010 0.000010
0.024528 0.408356 0.000010 0.070707 0.000010 0.051726 0.377584 0.000010 0.005318 0.000010 0.061741
0.032639 0.146210 0.055622 0.011603 0.013448 0.018766 0.597002 0.000010 0.124681 0.000010 0.000010
0.000010 0.000010 0.000010 0.000010 0.000010 0.000010 0.347997 0.000010 0.651913 0.000010 0.000010
0.000010 0.000010 0.000010 0.000010 0.000010 0.000010 0.196004 0.000010 0.803906 0.000010 0.000010
0.042048 0.000010 0.001275 0.000010 0.001200 0.000010 0.513524 0.000010 0.441894 0.000010 0.000010
0.000010 0.000010 0.000010 0.000010 0.000010 0.000010 0.970875 0.000010 0.029035 0.000010 0.000010
0.031766 0.000010 0.020197 0.000337 0.023077 0.000010 0.892155 0.008637 0.000010 0.000010 0.023790
0.051253 0.580013 0.042353 0.064348 0.023646 0.004519 0.089110 0.000010 0.128341 0.005595 0.010813
0.056876 0.157836 0.005483 0.000010 0.029343 0.000010 0.031140 0.000010 0.680779 0.007907 0.030605
0.092022 0.755848 0.010778 0.000010 0.000010 0.038546 0.000010 0.053626 0.049130 0.000010 0.000010
0.005512 0.000010 0.011557 0.000010 0.001939 0.000010 0.922880 0.000010 0.053064 0.000010 0.004999
0.000010 0.503925 0.089213 0.060438 0.022996 0.000010 0.028525 0.018475 0.276388 0.000010 0.000010
0.148108 0.021592 0.039402 0.052708 0.042171 0.000010 0.584401 0.000010 0.044864 0.000010 0.066723
0.000010 0.147161 0.067016 0.000010 0.017436 0.000010 0.261444 0.015151 0.488195 0.000010 0.003557
0.078383 0.690860 0.000010 0.046169 0.011560 0.022569 0.092813 0.000010 0.000010 0.000010 0.057606
0.023541 0.073259 0.063877 0.027070 0.000010 0.000010 0.603777 0.000010 0.208425 0.000010 0.000010
0.000010 0.580829 0.090304 0.000010 0.005381 0.000010 0.018412 0.000010 0.256911 0.000010 0.048113
0.060780 0.809410 0.023031 0.034907 0.036559 0.031434 0.002217 0.000010 0.000010 0.000010 0.001633
0.012367 0.643849 0.031816 0.035330 0.040033 0.038442 0.000010 0.017944 0.180188 0.000010 0.000010
0.019975 0.298541 0.000010 0.204341 0.000010 0.028953 0.283331 0.000010 0.060198 0.029116 0.075514
0.102566 0.759210 0.020085 0.081155 0.000010 0.000010 0.015307 0.021627 0.000010 0.000010 0.000010
0.031910 0.261195 0.000010 0.369766 0.016973 0.075559 0.000010 0.083439 0.000010 0.030583 0.130545
0.000010 0.620497 0.119786 0.000010 0.028559 0.000500 0.026367 0.000010 0.202807 0.000010 0.001445
0.002178 0.314240 0.000010 0.000010 0.000362 0.017043 0.591698 0.000010 0.009464 0.000010 0.064974
0.004027 0.068223 0.000010 0.011658 0.000010 0.000010 0.900820 0.000010 0.000010 0.000010 0.015212
0.089157 0.000010 0.000010 0.044497 0.000010 0.002903 0.763848 0.030463 0.032878 0.000010 0.036215
0.043441 0.080845 0.000010 0.000010 0.000010 0.000010 0.835645 0.016949 0.000010 0.000010 0.023060
0.055016 0.796548 0.000010 0.078273 0.000010 0.000010 0.041590 0.013739 0.014783 0.000010 0.000010
0.216369 0.126521 0.047692 0.042672 0.018365 0.038847 0.342897 0.021244 0.051014 0.000010 0.094369
0.002055 0.204745 0.017437 0.063227 0.004395 0.032876 0.517255 0.000010 0.077567 0.011792 0.068640
0.000010 0.000010 0.000010 0.000010 0.000010 0.000010 0.197875 0.000010 0.016236 0.785810 0.000010
0.010933 0.156194 0.016052 0.000010 0.001788 0.035680 0.760962 0.000010 0.000010 0.000010 0.018351
0.055156 0.098493 0.025870 0.004062 0.011952 0.000010 0.759993 0.000010 0.025896 0.000010 0.018548
0.000010 0.000010 0.000010 0.000010 0.999895 0.000010 0.000010 0.000010 0.000010 0.000015 0.000010
0.000010 0.000010 0.000010 0.000010 0.999896 0.000010 0.000014 0.000010 0.000010 0.000010 0.000010
0.069209 0.693965 0.007532 0.017561 0.000010 0.022836 0.167191 0.000010 0.003119 0.000010 0.018557
0.000010 0.725753 0.000010 0.007419 0.025282 0.007485 0.121862 0.001675 0.110485 0.000010 0.000010
0.036561 0.551090 0.000010 0.022385 0.018962 0.000010 0.302919 0.020786 0.018659 0.000010 0.028607
0.062919 0.601307 0.000010 0.000010 0.001000 0.000010 0.334704 0.000010 0.000010 0.000010 0.000010
0.000010 0.000010 0.000010 0.000010 0.999900 0.000010 0.000010 0.000010 0.000010 0.000010 0.000010
0.000010 0.000010 0.000010 0.000010 0.999900 0.000010 0.000010 0.000010 0.000010 0.000010 0.000010
0.060431 0.794444 0.022203 0.022485 0.004666 0.000010 0.034356 0.000010 0.004555 0.001979 0.054861
0.099775 0.835607 0.001575 0.000010 0.000010 0.000010 0.044219 0.000010 0.000010 0.007583 0.011192
0.000010 0.000010 0.000010 0.000010 0.999900 0.000010 0.000010 0.000010 0.000010 0.000010 0.000010
0.000010 0.000010 0.000010 0.000010 0.999900 0.000010 0.000010 0.000010 0.000010 0.000010 0.000010
0.000010 0.000010 0.000010 0.000010 0.999900 0.000010 0.000010 0.000010 0.000010 0.000010 0.000010
0.046287 0.714543 0.065680 0.097712 0.000010 0.000010 0.041068 0.001155 0.000010 0.033514 0.000010
0.058106 0.876217 0.016930 0.009605 0.000010 0.010398 0.000010 0.000010 0.028694 0.000010 0.000010
0.045238 0.211969 0.000010 0.244419 0.126849 0.050018 0.183757 0.089678 0.006197 0.029837 0.012027
0.082279 0.651453 0.060425 0.011776 0.035805 0.062537 0.068604 0.000010 0.000010 0.000010 0.027090
0.000010 0.020634 0.000010 0.446904 0.123607 0.065675 0.000010 0.237635 0.082790 0.022715 0.000010
