0.000010 0.479909 0.041739 0.000010 0.000010 0.013250 0.000010 0.000865 0.464196
0.000010 0.710555 0.000010 0.000010 0.000010 0.000010 0.000010 0.057710 0.231675
0.020645 0.425057 0.000010 0.017045 0.000010 0.089645 0.000010 0.035078 0.412500
0.000010 0.030553 0.912808 0.000010 0.000010 0.019109 0.015807 0.021683 0.000010
0.000010 0.537381 0.000010 0.000010 0.039523 0.025078 0.059829 0.046033 0.292125
0.000010 0.182296 0.006202 0.000010 0.000010 0.000010 0.053257 0.000473 0.757731
0.000010 0.067968 0.397330 0.000010 0.000010 0.256943 0.000010 0.023645 0.254074
0.000010 0.000010 0.000010 0.000010 0.000010 0.000010 0.003999 0.039540 0.956401
0.011101 0.736090 0.031235 0.000010 0.000010 0.000010 0.061541 0.046506 0.113497
0.000010 0.036679 0.000010 0.000010 0.000010 0.000010 0.046171 0.000010 0.917090
0.000010 0.185679 0.000010 0.000010 0.000010 0.030144 0.030019 0.019821 0.734297
0.000010 0.574619 0.000010 0.014562 0.000010 0.000010 0.000805 0.042627 0.367348
0.106077 0.468499 0.073217 0.000010 0.000010 0.035502 0.249973 0.066702 0.000010
0.016353 0.409017 0.469596 0.000010 0.000010 0.051007 0.039693 0.014305 0.000010
0.000010 0.000010 0.001924 0.007257 0.000010 0.000010 0.032156 0.007476 0.951146
0.005668 0.518085 0.000813 0.005418 0.000010 0.020253 0.057975 0.027399 0.364379
0.000010 0.183528 0.031325 0.000010 0.000010 0.000010 0.030181 0.026142 0.728784
0.002020 0.053550 0.278958 0.000010 0.000010 0.190405 0.000010 0.012191 0.462846
0.000010 0.000010 0.000011 0.000010 0.000010 0.001534 0.651061 0.038748 0.308606
0.000010 0.000010 0.000010 0.985647 0.014274 0.000010 0.000010 0.000019 0.000010
0.000010 0.000010 0.000010 0.990177 0.000010 0.000010 0.000010 0.000010 0.009753
0.000018 0.000010 0.000010 0.999912 0.000010 0.000010 0.000010 0.000010 0.000010
0.000010 0.000010 0.000010 0.948112 0.000010 0.000010 0.000010 0.019844 0.031985
0.017089 0.092552 0.721617 0.023235 0.000010 0.020250 0.064461 0.018734 0.042051
0.000010 0.000010 0.000010 0.000010 0.000010 0.000010 0.980493 0.000010 0.019437
0.000010 0.000010 0.011084 0.988846 0.000010 0.000010 0.000010 0.000010 0.000010
0.000010 0.813223 0.013544 0.000010 0.000010 0.034725 0.000010 0.035290 0.103179
0.000010 0.000010 0.000014 0.999916 0.000010 0.000010 0.000010 0.000010 0.000010
0.001811 0.816159 0.036083 0.000010 0.026042 0.000010 0.018942 0.000010 0.100933
0.000010 0.892865 0.033961 0.000010 0.000010 0.000010 0.000010 0.000010 0.073114
0.000010 0.944412 0.000010 0.000010 0.000010 0.000010 0.049439 0.005093 0.001007
0.006862 0.860660 0.000010 0.000010 0.000010 0.000010 0.057395 0.005054 0.069989
0.157759 0.353911 0.129602 0.000010 0.059093 0.042834 0.200144 0.032163 0.024484
0.082602 0.586799 0.027192 0.000010 0.013790 0.000010 0.281805 0.007782 0.000010
0.000010 0.380608 0.000010 0.000010 0.000010 0.000010 0.074668 0.352851 0.191823
0.000010 0.241945 0.376480 0.000805 0.000010 0.000010 0.070753 0.008284 0.301703
0.000010 0.088469 0.430857 0.000010 0.000010 0.000010 0.119527 0.001271 0.359836
0.000010 0.000010 0.000010 0.000010 0.970788 0.000010 0.000010 0.029142 0.000010
0.000010 0.792469 0.036509 0.000010 0.000010 0.000010 0.105304 0.038975 0.026703
0.000010 0.850741 0.000010 0.010843 0.000010 0.000010 0.089367 0.000010 0.048999
0.000010 0.000010 0.000010 0.000010 0.000010 0.000010 0.000010 0.000010 0.999920
0.022610 0.643839 0.006323 0.000010 0.000010 0.000010 0.121776 0.000010 0.205412
0.013857 0.160327 0.000010 0.000010 0.000010 0.030139 0.000010 0.037277 0.758361
0.000010 0.097592 0.028061 0.000010 0.000010 0.009826 0.011591 0.015454 0.837446
0.006458 0.367723 0.000010 0.000010 0.000010 0.000010 0.615154 0.010615 0.000010
0.000010 0.000010 0.000010 0.736401 0.263529 0.000010 0.000010 0.000010 0.000010
0.000010 0.004164 0.000010 0.766502 0.210712 0.004493 0.008798 0.005301 0.000010
0.138157 0.192407 0.000010 0.306755 0.231224 0.000010 0.094848 0.036579 0.000010
0.074524 0.433494 0.007703 0.017696 0.033758 0.080943 0.272609 0.047162 0.032111
0.041270 0.475378 0.030810 0.052551 0.000010 0.000010 0.325733 0.042303 0.031936
0.000010 0.000010 0.000010 0.000010 0.000010 0.999920 0.000010 0.000010 0.000010
0.069885 0.495183 0.000059 0.066242 0.031171 0.043511 0.292595 0.000010 0.001344
0.000010 0.000010 0.000010 0.000010 0.000010 0.999920 0.000010 0.000010 0.000010
0.092032 0.493838 0.000010 0.000010 0.000010 0.000010 0.291004 0.083695 0.039391
0.104279 0.474852 0.000010 0.000010 0.046133 0.000014 0.357669 0.017022 0.000010
0.000010 0.000010 0.000010 0.000010 0.000010 0.000010 0.000010 0.999920 0.000010
0.000010 0.054797 0.001450 0.000010 0.000010 0.000010 0.011964 0.032045 0.899705
0.040493 0.843262 0.019081 0.000010 0.000010 0.000010 0.066933 0.026966 0.003235
0.000010 0.841635 0.001531 0.000010 0.000010 0.040694 0.059781 0.005439 0.050890
0.000010 0.121508 0.035317 0.000010 0.000010 0.134099 0.000010 0.002123 0.706913
0.000010 0.967227 0.000010 0.000010 0.000010 0.018856 0.013857 0.000010 0.000010
0.020322 0.805935 0.008781 0.000010 0.000010 0.022416 0.032273 0.024414 0.085838
0.000010 0.386948 0.000010 0.009744 0.000010 0.021419 0.126665 0.011263 0.443932
0.018208 0.921135 0.020717 0.000010 0.000010 0.000010 0.000010 0.019094 0.020807
0.012817 0.675369 0.026982 0.000010 0.000010 0.000010 0.138829 0.053629 0.092343
0.033236 0.121432 0.224708 0.001840 0.041271 0.040871 0.214798 0.089006 0.232838
0.295214 0.000010 0.161051 0.000010 0.543675 0.000010 0.000010 0.000010 0.000010
0.027736 0.218067 0.685494 0.000010 0.023782 0.000010 0.000010 0.040673 0.004218
0.000010 0.023768 0.000010 0.000010 0.000010 0.007289 0.000010 0.048709 0.920183
0.056085 0.505768 0.036664 0.000010 0.000010 0.000010 0.368180 0.033264 0.000010
0.069353 0.456400 0.009154 0.000010 0.006926 0.061532 0.325684 0.020558 0.050382
0.000010 0.276955 0.026179 0.000010 0.000010 0.024460 0.537581 0.054900 0.079895
0.000010 0.710444 0.000010 0.000010 0.000010 0.019047 0.000010 0.152924 0.117534
0.000010 0.866284 0.020106 0.000010 0.000010 0.039363 0.000010 0.013819 0.060388
0.007741 0.680252 0.000010 0.000010 0.000010 0.000010 0.057266 0.124515 0.130186
0.000010 0.817694 0.000010 0.000010 0.000010 0.000010 0.119852 0.044256 0.018148
0.000010 0.896508 0.043112 0.000010 0.000010 0.000010 0.036961 0.013377 0.010001
0.000010 0.748788 0.000010 0.002543 0.000010 0.037401 0.107193 0.018234 0.085811
0.000010 0.000010 0.000010 0.000010 0.999920 0.000010 0.000010 0.000010 0.000010
0.000010 0.853448 0.030886 0.000010 0.000010 0.027787 0.017677 0.000010 0.070162
0.000010 0.765705 0.000010 0.000010 0.000010 0.027404 0.114623 0.047988 0.044240
0.000010 0.230018 0.001249 0.000010 0.000010 0.005764 0.000010 0.033702 0.729227
0.000010 0.162574 0.028318 0.000010 0.000010 0.000010 0.032389 0.037724 0.738954
0.000010 0.180258 0.000010 0.000010 0.000010 0.000010 0.000010 0.772042 0.047640
0.000010 0.040924 0.049773 0.000010 0.000010 0.154749 0.000010 0.014516 0.739997
0.000010 0.000010 0.000010 0.000010 0.999920 0.000010 0.000010 0.000010 0.000010
0.000010 0.080191 0.000010 0.721150 0.095964 0.042959 0.044684 0.015022 0.000010
0.000010 0.181856 0.022047 0.000010 0.000010 0.002855 0.030841 0.061730 0.700642
0.027215 0.555495 0.026253 0.003528 0.000010 0.000010 0.060876 0.117223 0.209389
0.011243 0.000010 0.015731 0.833750 0.041547 0.082512 0.015188 0.000010 0.000010
0.000010 0.111618 0.000010 0.791053 0.057842 0.000010 0.000010 0.039437 0.000010
0.000010 0.126283 0.009994 0.728566 0.131197 0.000010 0.000010 0.000010 0.003920
0.000010 0.046255 0.000010 0.831393 0.075569 0.000010 0.044287 0.002455 0.000010
0.008293 0.014762 0.000010 0.826812 0.060398 0.019109 0.070595 0.000010 0.000010
0.006980 0.389478 0.044761 0.254644 0.000010 0.070896 0.000010 0.063219 0.170002
0.000010 0.000010 0.000010 0.000010 0.000010 0.000010 0.999920 0.000010 0.000010
0.000010 0.076071 0.016951 0.000010 0.000010 0.000010 0.906918 0.000010 0.000010
0.031256 0.425317 0.000010 0.011220 0.000010 0.031517 0.040181 0.064525 0.395964
0.000010 0.079349 0.034355 0.024152 0.000010 0.002059 0.000010 0.000010 0.860045
0.000010 0.044180 0.001503 0.000010 0.000010 0.000010 0.954257 0.000010 0.000010
0.000010 0.779908 0.000010 0.000010 0.000010 0.000010 0.000010 0.131521 0.088511
0.000010 0.127270 0.014314 0.008605 0.000010 0.000010 0.830832 0.018939 0.000010
0.000010 0.617811 0.000010 0.000010 0.000010 0.013215 0.000010 0.086388 0.282536
0.000010 0.000010 0.999920 0.000010 0.000010 0.000010 0.000010 0.000010 0.000010
0.000010 0.143932 0.005043 0.000010 0.000010 0.000010 0.031171 0.000010 0.819804
0.000010 0.000010 0.446996 0.000010 0.000010 0.000010 0.530011 0.006360 0.016583
0.000010 0.227587 0.022982 0.000010 0.000010 0.054211 0.003954 0.025807 0.665430
0.000010 0.682208 0.017621 0.000010 0.000010 0.031085 0.000010 0.144739 0.124307
0.000010 0.588400 0.026765 0.000010 0.000010 0.000010 0.044883 0.067652 0.272259
0.000010 0.092039 0.000010 0.000010 0.000010 0.000010 0.000320 0.014421 0.893170
0.002940 0.160977 0.000010 0.037360 0.067676 0.299996 0.420383 0.000010 0.010648
0.000010 0.334302 0.000010 0.000010 0.000010 0.000010 0.027063 0.026309 0.612275
0.000010 0.146888 0.000010 0.000010 0.000010 0.009440 0.000010 0.023910 0.819712
0.000010 0.046931 0.000010 0.000010 0.000010 0.000010 0.020025 0.000010 0.932984
0.009820 0.708963 0.000010 0.000010 0.000010 0.000010 0.000010 0.105540 0.175627
0.011763 0.219234 0.027119 0.000010 0.000010 0.007912 0.058840 0.004454 0.670658
0.000010 0.000010 0.999920 0.000010 0.000010 0.000010 0.000010 0.000010 0.000010
0.000017 0.000010 0.999913 0.000010 0.000010 0.000010 0.000010 0.000010 0.000010
0.000010 0.109236 0.000010 0.000010 0.000010 0.000010 0.007775 0.036536 0.846402
0.000010 0.000010 0.999920 0.000010 0.000010 0.000010 0.000010 0.000010 0.000010
0.000010 0.051669 0.016299 0.007859 0.000010 0.067693 0.026490 0.000010 0.829960
0.000010 0.000010 0.000010 0.000010 0.000010 0.000010 0.000010 0.000010 0.999920
0.000010 0.000010 0.999920 0.000010 0.000010 0.000010 0.000010 0.000010 0.000010
0.000010 0.000010 0.999920 0.000010 0.000010 0.000010 0.000010 0.000010 0.000010
0.000010 0.000010 0.999920 0.000010 0.000010 0.000010 0.000010 0.000010 0.000010
0.000010 0.000010 0.999920 0.000010 0.000010 0.000010 0.000010 0.000010 0.000010
0.000010 0.113099 0.858867 0.000010 0.013917 0.000010 0.014066 0.000010 0.000010
0.000010 0.687426 0.012143 0.003216 0.000010 0.000010 0.005793 0.048061 0.243331
0.000010 0.779133 0.018266 0.000010 0.000010 0.000010 0.000010 0.038809 0.163742
0.000010 0.000010 0.999920 0.000010 0.000010 0.000010 0.000010 0.000010 0.000010
0.000010 0.113174 0.170357 0.000010 0.000010 0.225742 0.000010 0.033542 0.457146
0.000010 0.110923 0.025988 0.000010 0.000010 0.000010 0.012999 0.060152 0.789897
0.000010 0.000010 0.999911 0.000010 0.000019 0.000010 0.000010 0.000010 0.000010
0.000018 0.000010 0.956990 0.000010 0.000010 0.029931 0.000010 0.013011 0.000010
0.000010 0.000010 0.999920 0.000010 0.000010 0.000010 0.000010 0.000010 0.000010
0.000010 0.476478 0.002961 0.000010 0.000010 0.031018 0.041135 0.273262 0.175117
0.000010 0.721306 0.000010 0.000010 0.000010 0.000010 0.000010 0.089028 0.189606
0.000010 0.733764 0.000010 0.000010 0.000010 0.000010 0.000010 0.060441 0.205736
0.000010 0.789843 0.006956 0.000010 0.000010 0.000010 0.025095 0.085758 0.092308
0.000010 0.000010 0.905471 0.000010 0.000010 0.000010 0.063328 0.000010 0.031141
0.345319 0.000010 0.233619 0.385307 0.031951 0.000010 0.000010 0.000010 0.003764
0.000010 0.000010 0.999920 0.000010 0.000010 0.000010 0.000010 0.000010 0.000010
0.000010 0.000010 0.999920 0.000010 0.000010 0.000010 0.000010 0.000010 0.000010
0.000010 0.000010 0.999920 0.000010 0.000010 0.000010 0.000010 0.000010 0.000010
0.000010 0.000010 0.999920 0.000010 0.000010 0.000010 0.000010 0.000010 0.000010
0.000010 0.000010 0.999920 0.000010 0.000010 0.000010 0.000010 0.000010 0.000010
0.000010 0.000010 0.999920 0.000010 0.000010 0.000010 0.000010 0.000010 0.000010
0.000010 0.356214 0.006620 0.000010 0.008745 0.000010 0.044165 0.365291 0.218936
0.000010 0.000010 0.999920 0.000010 0.000010 0.000010 0.000010 0.000010 0.000010
0.000010 0.046106 0.890118 0.000010 0.038079 0.022675 0.000010 0.002982 0.000010
0.000010 0.064157 0.000010 0.000010 0.000010 0.000010 0.000010 0.000010 0.935773
0.000010 0.000010 0.846169 0.000010 0.010625 0.011426 0.109283 0.022456 0.000010
0.004078 0.037488 0.561502 0.000010 0.000010 0.195966 0.000010 0.062315 0.138620
0.000010 0.000010 0.999912 0.000018 0.000010 0.000010 0.000010 0.000010 0.000010
0.000010 0.000010 0.999920 0.000010 0.000010 0.000010 0.000010 0.000010 0.000010
0.000010 0.000010 0.999920 0.000010 0.000010 0.000010 0.000010 0.000010 0.000010
0.000010 0.000010 0.999920 0.000010 0.000010 0.000010 0.000010 0.000010 0.000010
0.000010 0.000010 0.979891 0.005578 0.000010 0.001308 0.000010 0.013172 0.000010
0.000010 0.000010 0.999920 0.000010 0.000010 0.000010 0.000010 0.000010 0.000010
0.000010 0.000010 0.000010 0.000010 0.000010 0.000010 0.000010 0.999920 0.000010
0.000010 0.000010 0.000010 0.000010 0.999920 0.000010 0.000010 0.000010 0.000010
0.000010 0.000010 0.000010 0.000010 0.908087 0.000010 0.091843 0.000010 0.000010
0.000010 0.000010 0.000010 0.000010 0.983356 0.000010 0.016574 0.000010 0.000010
0.000010 0.000010 0.999920 0.000010 0.000010 0.000010 0.000010 0.000010 0.000010
0.000010 0.000010 0.999920 0.000010 0.000010 0.000010 0.000010 0.000010 0.000010
0.000010 0.000010 0.000010 0.000010 0.975496 0.000010 0.024434 0.000010 0.000010
0.000010 0.005575 0.013725 0.000010 0.894882 0.000010 0.069778 0.000010 0.016000
0.000010 0.000010 0.004202 0.000010 0.951627 0.000010 0.000010 0.000010 0.044111
0.000010 0.000010 0.999920 0.000010 0.000010 0.000010 0.000010 0.000010 0.000010
0.000010 0.000010 0.999920 0.000010 0.000010 0.000010 0.000010 0.000010 0.000010
0.000010 0.000010 0.000010 0.000010 0.000010 0.778667 0.221263 0.000010 0.000010
0.000010 0.000010 0.999920 0.000010 0.000010 0.000010 0.000010 0.000010 0.000010
0.000010 0.000010 0.000010 0.000010 0.000010 0.000010 0.838040 0.000010 0.161890
0.999920 0.000010 0.000010 0.000010 0.000010 0.000010 0.000010 0.000010 0.000010
0.999920 0.000010 0.000010 0.000010 0.000010 0.000010 0.000010 0.000010 0.000010
0.000010 0.236580 0.000010 0.000010 0.000010 0.055833 0.045565 0.010665 0.651317
0.999909 0.000011 0.000010 0.000010 0.000010 0.000010 0.000019 0.000010 0.000010
0.000010 0.000010 0.013560 0.917211 0.000010 0.000010 0.038081 0.031098 0.000010
0.031740 0.352968 0.004654 0.075768 0.054713 0.064176 0.412729 0.003242 0.000010
0.000010 0.194658 0.081479 0.001922 0.005661 0.216704 0.008628 0.056735 0.434205
0.041911 0.136147 0.010867 0.000019 0.541891 0.000010 0.202945 0.018936 0.047275
0.000010 0.113629 0.343104 0.000010 0.000010 0.428060 0.000010 0.042998 0.072170
0.000010 0.103820 0.370930 0.000010 0.000010 0.478785 0.000010 0.017630 0.028794
0.000010 0.052528 0.000010 0.000010 0.000010 0.012953 0.007722 0.029495 0.897262
0.042806 0.097595 0.666177 0.000010 0.011919 0.052358 0.094438 0.034687 0.000010
0.002307 0.427029 0.006119 0.014859 0.010132 0.000010 0.007387 0.109518 0.422639
0.000010 0.093590 0.074021 0.000010 0.000010 0.031964 0.000010 0.002292 0.798093
0.010859 0.044436 0.314936 0.000010 0.000010 0.208095 0.000010 0.014874 0.406770
0.009796 0.444461 0.001703 0.000010 0.000010 0.000010 0.536247 0.003898 0.003865
0.011632 0.390047 0.049790 0.005179 0.000010 0.000010 0.000500 0.052622 0.490210
0.000010 0.668469 0.000182 0.000010 0.000010 0.000010 0.120521 0.089305 0.121483
0.021178 0.093486 0.000010 0.000010 0.609683 0.000010 0.249167 0.000010 0.026446
0.000010 0.014756 0.888151 0.000010 0.017927 0.079117 0.000010 0.000010 0.000010
0.000010 0.105494 0.011643 0.049974 0.579807 0.000010 0.253042 0.000010 0.000010
0.000010 0.000010 0.008466 0.000010 0.926395 0.000010 0.065079 0.000010 0.000010
0.000010 0.356229 0.000010 0.017869 0.000010 0.022022 0.000010 0.110505 0.493336
0.000010 0.282048 0.000010 0.000010 0.000010 0.005132 0.002410 0.013165 0.697205
0.000010 0.000010 0.000010 0.688400 0.000010 0.311530 0.000010 0.000010 0.000010
0.000010 0.240297 0.020273 0.034765 0.010401 0.028039 0.006670 0.059678 0.599867
0.000010 0.114094 0.000010 0.000010 0.018959 0.000010 0.057936 0.002421 0.806550
0.000010 0.079391 0.000010 0.010106 0.000010 0.000010 0.000010 0.022807 0.887647
0.008285 0.432992 0.000010 0.025991 0.096427 0.017879 0.375361 0.000010 0.043044
0.000010 0.000010 0.000010 0.000010 0.000010 0.000010 0.999920 0.000010 0.000010
0.000010 0.217504 0.008328 0.000010 0.000010 0.014060 0.094211 0.158292 0.507575
0.000010 0.000010 0.010699 0.000010 0.966041 0.000010 0.022954 0.000256 0.000010
0.000010 0.632274 0.000010 0.017225 0.023089 0.000010 0.055789 0.203047 0.068545
0.009232 0.228498 0.070953 0.000010 0.000010 0.127094 0.000010 0.000010 0.564183
0.192098 0.204305 0.013437 0.208514 0.369485 0.010406 0.001736 0.000010 0.000010
0.005052 0.643552 0.000010 0.022335 0.020154 0.031640 0.000010 0.110966 0.166281
0.000010 0.000010 0.999920 0.000010 0.000010 0.000010 0.000010 0.000010 0.000010
0.000010 0.181236 0.031102 0.000010 0.000010 0.038642 0.000010 0.137140 0.611841
0.000010 0.179436 0.029355 0.000010 0.000010 0.033823 0.000010 0.132843 0.624503
0.000010 0.250411 0.019221 0.000010 0.027976 0.017227 0.041535 0.042748 0.600863
0.000010 0.041316 0.002202 0.000010 0.000010 0.000010 0.115426 0.005395 0.835622
0.000010 0.295195 0.083789 0.000010 0.000010 0.358129 0.000010 0.000010 0.262838
0.000010 0.438523 0.062550 0.000010 0.022289 0.064769 0.084022 0.167248 0.160579
0.000010 0.021704 0.000010 0.000010 0.000010 0.056818 0.000010 0.000010 0.921418
0.000010 0.000010 0.007497 0.000010 0.000010 0.000010 0.000010 0.000010 0.992433
0.000010 0.479900 0.031545 0.002534 0.000010 0.019038 0.046844 0.291250 0.128869
0.000010 0.025677 0.120878 0.000010 0.000010 0.067041 0.000010 0.016270 0.770095
0.000010 0.605915 0.069354 0.015834 0.000010 0.069637 0.000010 0.180941 0.058289
0.001235 0.143986 0.051467 0.000010 0.006789 0.022111 0.000010 0.027006 0.747385
0.000010 0.140646 0.006190 0.000010 0.000010 0.017860 0.022835 0.048706 0.763733
0.000010 0.720149 0.000010 0.091276 0.000010 0.021463 0.000010 0.117780 0.049293
0.000010 0.035456 0.005930 0.000010 0.000010 0.005544 0.040778 0.007281 0.904981
0.025289 0.107447 0.329317 0.000010 0.000010 0.220655 0.000010 0.000010 0.317251
0.000010 0.080452 0.031306 0.000010 0.000010 0.000010 0.000010 0.000010 0.888182
0.000010 0.060243 0.325279 0.000010 0.000010 0.184785 0.000010 0.013676 0.415978
0.000010 0.189259 0.015733 0.000010 0.000010 0.000010 0.044559 0.145048 0.605361
0.000010 0.055662 0.041321 0.000010 0.000010 0.079230 0.000010 0.000010 0.823736
0.000010 0.142958 0.011505 0.000010 0.000010 0.000010 0.048362 0.063388 0.733747
0.000010 0.098383 0.305350 0.000010 0.000010 0.546862 0.000010 0.000010 0.049355
0.000010 0.243376 0.000010 0.000010 0.000010 0.547361 0.000010 0.005079 0.204134
0.000010 0.000010 0.000010 0.000010 0.000010 0.999920 0.000010 0.000010 0.000010
0.000010 0.000010 0.161781 0.000010 0.000010 0.759267 0.000010 0.000010 0.078891
0.000010 0.044080 0.245623 0.000010 0.000010 0.643794 0.000010 0.027994 0.038469
0.000010 0.213281 0.016648 0.000010 0.000010 0.597258 0.000010 0.000010 0.172764
0.000010 0.158676 0.007979 0.020473 0.004288 0.346904 0.369141 0.000010 0.092518
0.000010 0.233097 0.189597 0.000010 0.000010 0.400627 0.000010 0.038319 0.138320
0.000010 0.000010 0.000010 0.000010 0.000010 0.999920 0.000010 0.000010 0.000010
0.000010 0.108901 0.000010 0.000010 0.000010 0.019470 0.144880 0.271607 0.455102
0.000010 0.230081 0.000010 0.000010 0.000010 0.532114 0.000010 0.000010 0.237745
0.000010 0.000010 0.000010 0.000010 0.000010 0.999920 0.000010 0.000010 0.000010
0.006387 0.000010 0.000010 0.000010 0.071047 0.000010 0.922506 0.000010 0.000010
0.151185 0.133360 0.000010 0.155935 0.389408 0.000010 0.098685 0.062579 0.008827
0.174000 0.112240 0.000010 0.149242 0.434655 0.000010 0.119828 0.010006 0.000010
0.000010 0.000010 0.000010 0.000010 0.000010 0.000010 0.999920 0.000010 0.000010
0.000010 0.072393 0.000010 0.000010 0.000010 0.616207 0.000010 0.000010 0.311340
0.000010 0.154497 0.026577 0.000010 0.000010 0.659750 0.000010 0.015250 0.143887
0.000010 0.000010 0.000010 0.000010 0.000010 0.999920 0.000010 0.000010 0.000010
0.419872 0.165453 0.000010 0.251055 0.059386 0.003343 0.081990 0.018881 0.000010
0.999920 0.000010 0.000010 0.000010 0.000010 0.000010 0.000010 0.000010 0.000010
0.000010 0.027524 0.004975 0.760450 0.090690 0.095490 0.020841 0.000010 0.000010
0.000010 0.268443 0.016284 0.000010 0.000010 0.497797 0.000010 0.000010 0.217427
0.000010 0.007973 0.019815 0.018295 0.000010 0.000898 0.018963 0.000010 0.934026
0.000010 0.134382 0.000010 0.000010 0.000010 0.000010 0.036661 0.032831 0.796076
0.000010 0.974509 0.000010 0.000010 0.000010 0.000010 0.015075 0.010356 0.000010
0.000010 0.928126 0.000010 0.000010 0.015726 0.000010 0.000010 0.030955 0.025144
0.000010 0.000010 0.016646 0.000010 0.000010 0.036678 0.000010 0.023716 0.922910
0.000010 0.050779 0.378910 0.000010 0.000010 0.266276 0.000010 0.078021 0.225975
0.008302 0.334120 0.143059 0.000010 0.000010 0.126060 0.000010 0.107934 0.280495
0.011536 0.354270 0.053089 0.000010 0.000010 0.115859 0.002620 0.010347 0.452259
0.000010 0.000010 0.000010 0.000010 0.999920 0.000010 0.000010 0.000010 0.000010
0.000010 0.209298 0.018107 0.000010 0.000010 0.013809 0.046737 0.027528 0.684491
0.000010 0.006430 0.003473 0.000010 0.000010 0.046176 0.001609 0.000010 0.942272
0.000010 0.343831 0.026235 0.000010 0.004462 0.068228 0.007169 0.033147 0.516909
0.000010 0.181574 0.005781 0.000010 0.000010 0.000010 0.054311 0.055151 0.703144
0.000010 0.358323 0.037689 0.000010 0.000010 0.006288 0.013340 0.010695 0.573635
0.000010 0.487323 0.010650 0.010651 0.000010 0.019996 0.002121 0.039854 0.429384
0.000010 0.000010 0.000010 0.000010 0.000010 0.999920 0.000010 0.000010 0.000010
0.000010 0.334640 0.006483 0.000010 0.000010 0.028378 0.000010 0.001712 0.628746
0.000010 0.238507 0.013978 0.000010 0.000010 0.007041 0.007644 0.015127 0.717673
0.000010 0.260937 0.000010 0.000010 0.000010 0.000010 0.055521 0.000010 0.683482
0.000010 0.543940 0.034518 0.003337 0.015309 0.048661 0.000010 0.100822 0.253393
0.000010 0.000010 0.000010 0.000010 0.000010 0.000010 0.047371 0.000010 0.952559
0.000010 0.000010 0.000010 0.000010 0.000010 0.000010 0.806105 0.000010 0.193825
0.015208 0.771301 0.032069 0.000010 0.000010 0.000010 0.000010 0.052218 0.129165
0.017930 0.661147 0.000175 0.000010 0.000010 0.000010 0.107436 0.062964 0.150317
0.015105 0.755228 0.029847 0.000010 0.000010 0.031319 0.000010 0.068192 0.100279
0.000010 0.632974 0.000010 0.000010 0.000010 0.000010 0.000010 0.103033 0.263933
0.000010 0.076863 0.000010 0.000010 0.000010 0.000010 0.000010 0.015856 0.907220
0.000010 0.144217 0.016030 0.000010 0.000010 0.000010 0.032608 0.000010 0.807095
0.000010 0.224053 0.000010 0.000010 0.000010 0.000010 0.000283 0.000010 0.775604
0.000010 0.071944 0.000010 0.000010 0.000010 0.000010 0.000010 0.034010 0.893987
0.019178 0.546690 0.025873 0.000010 0.000010 0.000010 0.096952 0.077024 0.234253
0.000010 0.365863 0.490587 0.000010 0.000010 0.087272 0.000010 0.010887 0.045351
0.000010 0.202555 0.061134 0.000010 0.000010 0.123876 0.024756 0.061485 0.526164
0.026064 0.120313 0.130581 0.000010 0.000010 0.189343 0.000010 0.037619 0.496049
0.000010 0.911219 0.000010 0.000010 0.000010 0.000010 0.043817 0.000010 0.044904
0.000010 0.062631 0.005325 0.000010 0.000010 0.000010 0.011026 0.015140 0.905838
0.002117 0.643903 0.000010 0.000010 0.035220 0.066910 0.011136 0.114143 0.126551
0.000010 0.116898 0.004720 0.000010 0.000010 0.010274 0.023402 0.045464 0.799212
0.000010 0.000010 0.000010 0.000010 0.000010 0.000010 0.000010 0.000010 0.999920
0.000010 0.033013 0.000010 0.000010 0.000010 0.000010 0.179826 0.033542 0.753570
0.000010 0.732783 0.034358 0.003101 0.000010 0.008392 0.046504 0.057294 0.117548
0.000010 0.000010 0.000010 0.000010 0.000010 0.000010 0.000010 0.000010 0.999920
0.000010 0.954349 0.000010 0.000010 0.000010 0.000010 0.023268 0.022323 0.000010
0.000010 0.949260 0.000010 0.007825 0.000010 0.002686 0.029780 0.000862 0.009556
0.000010 0.942160 0.000010 0.000010 0.000010 0.000010 0.010924 0.046857 0.000010
0.000010 0.925538 0.000010 0.000010 0.000010 0.000010 0.072058 0.002344 0.000010
0.000010 0.983118 0.000010 0.000010 0.000010 0.000010 0.016812 0.000010 0.000010
0.004784 0.106239 0.838051 0.000010 0.000010 0.026015 0.007532 0.017349 0.000010
0.004917 0.288864 0.003454 0.000010 0.000010 0.065942 0.027367 0.033282 0.576154
0.000010 0.000010 0.006434 0.000010 0.000010 0.039365 0.000010 0.005253 0.948899
0.000010 0.157410 0.000010 0.000010 0.000010 0.000010 0.058468 0.000010 0.784062
0.000010 0.128917 0.012513 0.000010 0.000010 0.025839 0.104151 0.031132 0.697418
0.000010 0.000010 0.000010 0.000010 0.000010 0.005717 0.008446 0.000010 0.985777
0.000010 0.999920 0.000010 0.000010 0.000010 0.000010 0.000010 0.000010 0.000010
0.000010 0.000010 0.005098 0.000010 0.000010 0.000010 0.053465 0.000010 0.941378
0.000010 0.730192 0.007650 0.000010 0.000010 0.015064 0.000010 0.075971 0.171083
0.000010 0.000010 0.999920 0.000010 0.000010 0.000010 0.000010 0.000010 0.000010
0.036326 0.434371 0.000010 0.000010 0.000010 0.000010 0.515900 0.013353 0.000010
0.000010 0.783990 0.016514 0.000010 0.000010 0.000010 0.030427 0.045458 0.123571
0.000010 0.642293 0.000010 0.000010 0.000010 0.000010 0.000010 0.000010 0.357637
0.028317 0.743608 0.000010 0.000010 0.000010 0.005460 0.132541 0.046656 0.043388
0.000010 0.835591 0.000010 0.027080 0.000010 0.000010 0.137269 0.000010 0.000010
0.000010 0.793783 0.022056 0.000010 0.000010 0.000010 0.090005 0.000010 0.094105
0.000010 0.999920 0.000010 0.000010 0.000010 0.000010 0.000010 0.000010 0.000010
0.000010 0.688331 0.003239 0.007962 0.000010 0.000010 0.094379 0.014957 0.191101
0.003968 0.808347 0.019737 0.000010 0.000010 0.023102 0.047354 0.049463 0.048010
0.000010 0.098939 0.038164 0.000010 0.000010 0.005384 0.045723 0.018617 0.793145
0.000010 0.769444 0.000010 0.003469 0.000010 0.063103 0.000010 0.085186 0.078758
0.000010 0.947878 0.000010 0.000010 0.000010 0.000010 0.047007 0.000010 0.005055
0.000010 0.865593 0.000010 0.000010 0.000010 0.012892 0.034255 0.000010 0.087211
0.000010 0.342685 0.000010 0.009773 0.000010 0.006889 0.051238 0.000010 0.589375
0.000010 0.000010 0.000010 0.000010 0.000010 0.000010 0.000010 0.004352 0.995578
0.000010 0.824570 0.030489 0.000010 0.000010 0.000010 0.058917 0.035466 0.050518
0.000010 0.000010 0.921182 0.000010 0.000010 0.000010 0.078748 0.000010 0.000010
0.000010 0.000010 0.000010 0.000010 0.005287 0.000010 0.060366 0.000010 0.934287
0.000010 0.000010 0.000010 0.000010 0.000010 0.000010 0.000010 0.016930 0.983000
0.006454 0.842670 0.000010 0.000010 0.000010 0.000010 0.034105 0.034003 0.082729
0.001432 0.423555 0.000010 0.009290 0.008409 0.000010 0.079518 0.009559 0.468216
0.000010 0.697486 0.000010 0.000010 0.000010 0.000010 0.000010 0.069220 0.233233
0.000010 0.956066 0.013457 0.000010 0.000010 0.000010 0.000010 0.005875 0.024551
0.000010 0.000010 0.000010 0.000010 0.000010 0.000010 0.000010 0.000010 0.999920
0.000010 0.000010 0.009698 0.000010 0.000010 0.000010 0.000010 0.000010 0.990232
0.000010 0.456915 0.000010 0.000010 0.000010 0.006935 0.000010 0.021034 0.515066
0.000010 0.322534 0.009184 0.000010 0.000010 0.007028 0.015052 0.059953 0.586220
0.000010 0.000010 0.000010 0.042541 0.957389 0.000010 0.000010 0.000010 0.000010
0.000010 0.847363 0.000010 0.000010 0.000010 0.000010 0.110008 0.000010 0.042570
0.000010 0.024257 0.028058 0.000010 0.000010 0.033524 0.000010 0.004910 0.909211
0.000010 0.000010 0.000010 0.027856 0.972074 0.000010 0.000010 0.000010 0.000010
0.000010 0.000010 0.463545 0.000010 0.000010 0.000010 0.000010 0.536385 0.000010
0.999913 0.000013 0.000010 0.000015 0.000010 0.000010 0.000010 0.000010 0.000010
0.000010 0.193425 0.041474 0.000010 0.000010 0.007304 0.063922 0.033548 0.660298
0.010331 0.283269 0.000010 0.000010 0.000010 0.000010 0.049651 0.125640 0.531070
0.000010 0.133343 0.049284 0.000010 0.000010 0.000010 0.035433 0.032755 0.749144
0.000010 0.444364 0.016584 0.000010 0.021543 0.022122 0.083314 0.111085 0.300968
0.000010 0.000010 0.009791 0.000010 0.000010 0.000010 0.016148 0.012878 0.961133
0.000010 0.000010 0.000010 0.000010 0.000010 0.000010 0.000010 0.000010 0.999920
0.000010 0.734989 0.003486 0.000010 0.000010 0.007887 0.000010 0.124118 0.129481
0.000010 0.264378 0.000010 0.000010 0.009678 0.000010 0.035888 0.017618 0.672397
0.021220 0.348760 0.036549 0.000010 0.000010 0.000010 0.018879 0.006812 0.567749
0.000015 0.484235 0.000010 0.000010 0.000010 0.066841 0.090542 0.010479 0.347857
0.000010 0.203371 0.007414 0.000010 0.000010 0.000010 0.039266 0.047330 0.702579
0.000010 0.151402 0.022300 0.000010 0.000010 0.003306 0.000010 0.027878 0.795074
0.000010 0.141261 0.007784 0.000010 0.000010 0.043950 0.004073 0.044843 0.758058
0.000010 0.136803 0.010279 0.000010 0.000010 0.000010 0.021853 0.000919 0.830105
0.000010 0.000010 0.000010 0.000010 0.000010 0.000010 0.000010 0.000010 0.999920
0.000010 0.000010 0.009025 0.000010 0.000010 0.000010 0.051761 0.015956 0.923208
0.000010 0.652926 0.025058 0.000010 0.000010 0.030859 0.058291 0.057704 0.175133
0.008832 0.322961 0.043033 0.000251 0.000010 0.095832 0.064008 0.006818 0.458254
0.000010 0.998599 0.000010 0.000010 0.000010 0.000010 0.001331 0.000010 0.000010
0.000010 0.000010 0.000010 0.000010 0.000010 0.000010 0.000010 0.001807 0.998123
0.002770 0.647072 0.014866 0.000010 0.012658 0.041650 0.000010 0.087163 0.193801
0.000010 0.021363 0.039106 0.000010 0.000010 0.047643 0.219720 0.033667 0.638472
0.000010 0.288428 0.028901 0.012538 0.000010 0.031843 0.000010 0.071383 0.566877
0.000010 0.818985 0.000010 0.000010 0.000010 0.020403 0.080700 0.001315 0.078558
0.000010 0.171985 0.002553 0.000010 0.000010 0.000010 0.026629 0.044792 0.754001
0.000010 0.688581 0.000010 0.000010 0.000010 0.048208 0.000010 0.111813 0.151348
0.000010 0.942101 0.005510 0.000010 0.000010 0.000010 0.029771 0.022569 0.000010
0.000010 0.814426 0.011539 0.000010 0.000010 0.000010 0.036712 0.039428 0.097856
0.000010 0.392193 0.010346 0.001923 0.000010 0.003032 0.285808 0.002294 0.304383
0.000015 0.901665 0.000010 0.000010 0.000010 0.001665 0.067887 0.000175 0.028562
0.000010 0.330522 0.000010 0.000010 0.109459 0.060454 0.499516 0.000010 0.000010
0.000010 0.740293 0.020019 0.000010 0.000010 0.000010 0.000010 0.090669 0.148970
0.000010 0.320278 0.000010 0.001893 0.000010 0.019408 0.000575 0.000010 0.657806
0.000010 0.047859 0.000010 0.000010 0.000010 0.000010 0.018567 0.000010 0.933514
0.000010 0.000010 0.009190 0.000010 0.000010 0.007067 0.176376 0.023816 0.783511
0.000010 0.020036 0.000010 0.000010 0.000010 0.000010 0.086895 0.000010 0.893009
0.000010 0.923706 0.000010 0.000010 0.000010 0.000010 0.046072 0.000010 0.030162
0.000010 0.186927 0.003656 0.000010 0.007784 0.031753 0.333964 0.045643 0.390254
0.000010 0.251348 0.000010 0.009742 0.000010 0.038225 0.049046 0.037530 0.614079
0.000010 0.000010 0.000010 0.000010 0.777930 0.000010 0.000010 0.000010 0.222000
0.000010 0.185912 0.000010 0.013621 0.000010 0.000010 0.015375 0.008245 0.776807
0.000010 0.116572 0.000010 0.000010 0.000010 0.000010 0.037156 0.021867 0.824355
0.000010 0.000010 0.999920 0.000010 0.000010 0.000010 0.000010 0.000010 0.000010
0.000010 0.000010 0.999920 0.000010 0.000010 0.000010 0.000010 0.000010 0.000010
0.000010 0.805195 0.000010 0.000465 0.000010 0.000010 0.022055 0.000010 0.172235
0.000010 0.808518 0.000010 0.000010 0.000010 0.000010 0.000010 0.000010 0.191412
0.000010 0.651860 0.000010 0.000010 0.000010 0.000010 0.019848 0.000010 0.328232
0.000010 0.650203 0.000010 0.000010 0.000010 0.000010 0.024822 0.000010 0.324915
0.000010 0.000010 0.999920 0.000010 0.000010 0.000010 0.000010 0.000010 0.000010
0.000010 0.000010 0.999920 0.000010 0.000010 0.000010 0.000010 0.000010 0.000010
0.000010 0.923468 0.000010 0.000010 0.000010 0.000010 0.040940 0.000010 0.035531
0.000010 0.947726 0.000010 0.000010 0.000010 0.000010 0.037712 0.000010 0.014502
0.000010 0.000010 0.999920 0.000010 0.000010 0.000010 0.000010 0.000010 0.000010
0.000010 0.000010 0.999920 0.000010 0.000010 0.000010 0.000010 0.000010 0.000010
0.000010 0.000010 0.999920 0.000010 0.000010 0.000010 0.000010 0.000010 0.000010
0.017903 0.808620 0.000010 0.000010 0.015627 0.000010 0.090845 0.059957 0.007017
0.000010 0.958315 0.000010 0.000010 0.000010 0.000010 0.041615 0.000010 0.000010
0.103453 0.320997 0.068301 0.029845 0.071389 0.032627 0.159658 0.011478 0.202252
0.000010 0.770990 0.009283 0.030342 0.000010 0.000010 0.069355 0.050761 0.069239
0.160458 0.208115 0.072503 0.027460 0.246159 0.005454 0.279832 0.000010 0.000010
0.000010 0.936266 0.013217 0.028966 0.000010 0.000010 0.021500 0.000010 0.000010
0.000010 0.000010 0.999920 0.000010 0.000010 0.000010 0.000010 0.000010 0.000010
0.000010 0.931008 0.000010 0.000010 0.000010 0.022765 0.000010 0.000010 0.046167
0.000010 0.672624 0.004362 0.000010 0.000010 0.000010 0.113744 0.000010 0.209221
0.000010 0.290792 0.545627 0.000010 0.000010 0.077206 0.000010 0.006550 0.079786
0.000010 0.048309 0.909652 0.000010 0.000010 0.000010 0.002225 0.010377 0.029397
0.000010 0.864758 0.000010 0.000010 0.000010 0.000010 0.053841 0.002867 0.078485
0.000010 0.000010 0.999920 0.000010 0.000010 0.000010 0.000010 0.000010 0.000010
0.000010 0.000010 0.999911 0.000010 0.000010 0.000019 0.000010 0.000010 0.000010
0.000010 0.000010 0.999920 0.000010 0.000010 0.000010 0.000010 0.000010 0.000010
0.000010 0.000010 0.999920 0.000010 0.000010 0.000010 0.000010 0.000010 0.000010
0.000010 0.000010 0.999920 0.000010 0.000010 0.000010 0.000010 0.000010 0.000010
0.000010 0.206552 0.000010 0.000010 0.000010 0.090580 0.037280 0.055389 0.610160
0.000010 0.069338 0.112295 0.000010 0.000010 0.222584 0.000010 0.042055 0.553688
0.000010 0.112436 0.117676 0.000010 0.000010 0.208102 0.000010 0.028749 0.532997
0.000010 0.000010 0.999920 0.000010 0.000010 0.000010 0.000010 0.000010 0.000010
0.999920 0.000010 0.000010 0.000010 0.000010 0.000010 0.000010 0.000010 0.000010
0.000010 0.381460 0.054861 0.000010 0.022206 0.000010 0.000010 0.123220 0.418212
0.000010 0.116738 0.000010 0.000010 0.000010 0.000010 0.014792 0.036292 0.832128
0.000010 0.245001 0.047642 0.000010 0.000010 0.037504 0.045462 0.062516 0.561844
0.000010 0.639741 0.000010 0.000010 0.000010 0.000010 0.000010 0.126146 0.234054
0.000010 0.633570 0.000010 0.000010 0.000010 0.000010 0.000010 0.129613 0.236758
0.000010 0.172648 0.002698 0.000010 0.000010 0.028167 0.039681 0.000010 0.756765
0.000010 0.649629 0.000010 0.000010 0.000010 0.000010 0.007439 0.127196 0.215685
0.000010 0.444351 0.025957 0.000010 0.000010 0.162670 0.000010 0.039747 0.327234
0.000010 0.128237 0.020642 0.000010 0.000010 0.025251 0.053109 0.007519 0.765212
0.008546 0.157319 0.003050 0.000010 0.000010 0.007437 0.155558 0.000010 0.668061
0.000010 0.589654 0.000010 0.000010 0.000010 0.000010 0.000010 0.116673 0.293612
0.000010 0.172739 0.018238 0.009299 0.000010 0.006111 0.043844 0.000010 0.749738
0.000010 0.202594 0.034893 0.000010 0.000010 0.466366 0.000010 0.003297 0.292810
0.015127 0.000010 0.000010 0.009523 0.186777 0.000010 0.788523 0.000010 0.000010
0.000010 0.390478 0.017080 0.024505 0.000010 0.000010 0.099505 0.315903 0.152500
0.000010 0.509278 0.010108 0.000010 0.000010 0.000010 0.017173 0.034421 0.428979
0.000010 0.178805 0.011414 0.000010 0.000010 0.000010 0.146467 0.214322 0.448952
0.000010 0.008257 0.004063 0.000258 0.000010 0.026596 0.073329 0.004988 0.882489
0.046216 0.110583 0.000010 0.000010 0.601545 0.000010 0.178602 0.000010 0.063014
0.123212 0.353279 0.085420 0.081373 0.044528 0.000010 0.304252 0.003371 0.004555
0.000010 0.272957 0.009371 0.000010 0.008977 0.016638 0.000010 0.053776 0.638252
0.000010 0.148281 0.000010 0.000010 0.000010 0.035359 0.078218 0.023228 0.714873
0.000010 0.055279 0.396046 0.000010 0.000010 0.000010 0.000010 0.025655 0.522970
0.000010 0.339639 0.005915 0.000010 0.016634 0.040429 0.006939 0.059303 0.531121
0.024411 0.071854 0.721736 0.053331 0.000010 0.000010 0.086146 0.030544 0.011957
0.000010 0.453218 0.000010 0.000010 0.000010 0.000010 0.000010 0.042039 0.504683
0.021755 0.282439 0.070744 0.000010 0.040136 0.002421 0.534726 0.031707 0.016062
0.000011 0.060897 0.000010 0.000010 0.000010 0.023624 0.034769 0.007101 0.873568
0.000010 0.000010 0.000010 0.000010 0.000010 0.000010 0.000010 0.000010 0.999920
0.000010 0.046733 0.000010 0.000010 0.000010 0.000010 0.058863 0.017028 0.877326
0.000010 0.104745 0.000010 0.000010 0.000010 0.046334 0.039861 0.000010 0.809009
0.000018 0.151952 0.000010 0.362641 0.448443 0.000010 0.000010 0.029819 0.007097
0.000010 0.952834 0.000010 0.000010 0.000010 0.000010 0.047096 0.000010 0.000010
0.000010 0.000010 0.000010 0.000010 0.000010 0.000010 0.971476 0.028454 0.000010
0.000010 0.795396 0.000010 0.000010 0.000010 0.000010 0.077609 0.000010 0.126935
0.000010 0.338174 0.000010 0.000010 0.000010 0.082729 0.017996 0.145279 0.415783
0.000010 0.932804 0.000010 0.000010 0.000010 0.000010 0.000010 0.050619 0.016517
0.000010 0.577120 0.016269 0.000010 0.000010 0.041398 0.054548 0.000010 0.310624
0.000010 0.810953 0.001356 0.000010 0.000010 0.000010 0.072719 0.000010 0.114921
0.000010 0.000010 0.002277 0.000010 0.000010 0.047887 0.942813 0.006974 0.000010
0.000010 0.174722 0.000010 0.000010 0.000010 0.000010 0.000010 0.000010 0.825208
0.000010 0.089356 0.000010 0.015513 0.000010 0.000010 0.000010 0.000010 0.895072
0.006358 0.673666 0.000010 0.000010 0.000010 0.056590 0.108445 0.089338 0.065573
0.000010 0.017305 0.000010 0.000010 0.000010 0.000010 0.035889 0.000010 0.946746
0.018061 0.797271 0.007194 0.000010 0.000010 0.000010 0.046264 0.037014 0.094165
0.080631 0.072304 0.000010 0.558592 0.188645 0.000010 0.099788 0.000010 0.000010
0.000010 0.000010 0.000010 0.000010 0.000010 0.000010 0.916407 0.000010 0.083523
0.000010 0.000010 0.000010 0.999920 0.000010 0.000010 0.000010 0.000010 0.000010
0.000010 0.291238 0.000010 0.002159 0.644954 0.000010 0.043686 0.017923 0.000010
0.052663 0.288311 0.376821 0.039174 0.000010 0.027292 0.215709 0.000010 0.000010
0.000010 0.000010 0.000010 0.000010 0.999920 0.000010 0.000010 0.000010 0.000010
0.000010 0.000010 0.999920 0.000010 0.000010 0.000010 0.000010 0.000010 0.000010
0.000010 0.284391 0.000010 0.000010 0.000010 0.000010 0.016407 0.000010 0.699142
0.000010 0.892017 0.000010 0.000010 0.000010 0.000010 0.094740 0.013184 0.000010
0.000010 0.892560 0.003568 0.000010 0.000010 0.020649 0.000010 0.004397 0.078786
0.000010 0.000010 0.886005 0.000010 0.000010 0.000010 0.058122 0.007180 0.048643
0.000010 0.055987 0.001218 0.000010 0.000010 0.000010 0.043866 0.513300 0.385589
0.068356 0.443895 0.072686 0.068650 0.074633 0.025590 0.182242 0.016017 0.047929
0.000010 0.440731 0.012269 0.000010 0.000010 0.000010 0.519753 0.000010 0.027197
0.000010 0.745039 0.024348 0.000010 0.000010 0.070236 0.043228 0.061030 0.056090
0.000010 0.863310 0.026421 0.000010 0.000010 0.011745 0.000010 0.000010 0.098475
0.000010 0.520319 0.027635 0.000010 0.000010 0.000010 0.211461 0.000010 0.240534
0.000010 0.819697 0.000010 0.000010 0.000010 0.000010 0.059562 0.008439 0.112252
0.000010 0.047944 0.762676 0.000010 0.042395 0.000010 0.119013 0.027932 0.000010
0.053276 0.080638 0.683111 0.053480 0.000010 0.000010 0.070746 0.049654 0.009074
0.009105 0.102251 0.828121 0.000010 0.014900 0.000010 0.018035 0.027558 0.000010
0.045089 0.389488 0.004724 0.000010 0.000010 0.058797 0.483294 0.000010 0.018578
0.000010 0.000010 0.000010 0.000010 0.000010 0.430168 0.569762 0.000010 0.000010
0.000010 0.296197 0.000010 0.206798 0.459523 0.000010 0.037432 0.000010 0.000010
0.000010 0.099959 0.000010 0.037256 0.189076 0.000010 0.630348 0.043321 0.000010
0.000010 0.000010 0.000010 0.000010 0.000010 0.000010 0.000010 0.000010 0.999920
0.000010 0.000010 0.127377 0.000010 0.000010 0.105393 0.000010 0.029576 0.737605
