0.417295 0.000010 0.040661 0.000010 0.018499 0.000010 0.070764 0.000010 0.004614 0.000010 0.000010 0.448107
0.220636 0.016529 0.000010 0.034217 0.000010 0.035354 0.025094 0.000010 0.000010 0.056784 0.000010 0.611336
0.403658 0.000010 0.011775 0.000010 0.015898 0.058992 0.000010 0.055651 0.000010 0.000010 0.052403 0.401572
0.000010 0.000010 0.006898 0.021127 0.014642 0.031773 0.889118 0.000010 0.036383 0.000010 0.000010 0.000010
0.269018 0.011312 0.000010 0.004855 0.057250 0.025548 0.000010 0.024208 0.052057 0.047094 0.006730 0.501909
0.736285 0.000010 0.000010 0.019524 0.014909 0.017735 0.023643 0.017887 0.017788 0.000010 0.000010 0.152191
0.232132 0.000010 0.320192 0.013769 0.000010 0.048361 0.385476 0.000010 0.000010 0.000010 0.000010 0.000010
0.898870 0.047260 0.000010 0.040367 0.000010 0.000010 0.013423 0.000010 0.000010 0.000010 0.000010 0.000010
0.100796 0.062149 0.000010 0.012128 0.000010 0.024869 0.061026 0.008220 0.035073 0.000010 0.000010 0.695698
0.859853 0.055685 0.000010 0.000010 0.000010 0.000010 0.019226 0.000010 0.000010 0.000010 0.000010 0.065157
0.676497 0.062711 0.000010 0.006892 0.000010 0.000010 0.002754 0.022454 0.000010 0.000010 0.000010 0.228632
0.377464 0.000010 0.008406 0.045658 0.021285 0.000010 0.001996 0.016696 0.010302 0.000010 0.025649 0.492515
0.000010 0.046137 0.057815 0.044549 0.094902 0.221013 0.061733 0.022700 0.056762 0.000010 0.021491 0.372879
0.000010 0.017409 0.053201 0.028109 0.035711 0.062045 0.464072 0.023545 0.005219 0.000010 0.000010 0.310659
0.918162 0.016969 0.009730 0.000010 0.022212 0.000010 0.008906 0.000010 0.001020 0.014685 0.000010 0.008275
0.349368 0.007966 0.049423 0.009500 0.021200 0.049875 0.005730 0.000010 0.028252 0.024876 0.027900 0.425900
0.693275 0.025443 0.026454 0.004276 0.004081 0.032619 0.010699 0.000010 0.000010 0.008559 0.000010 0.194564
0.432862 0.000010 0.239576 0.040562 0.000010 0.019894 0.267036 0.000010 0.000010 0.000010 0.000010 0.000010
0.268748 0.656787 0.000010 0.049470 0.000010 0.000010 0.000010 0.005964 0.018961 0.000010 0.000010 0.000010
0.000010 0.000010 0.000010 0.009812 0.000227 0.000010 0.000890 0.000010 0.013750 0.881837 0.093424 0.000010
0.013198 0.000010 0.000010 0.005880 0.000010 0.000010 0.008493 0.000010 0.014069 0.909207 0.049092 0.000010
0.000010 0.000010 0.000010 0.000010 0.000010 0.000010 0.000010 0.000010 0.000010 0.981984 0.017916 0.000010
0.020256 0.000010 0.000010 0.044889 0.000010 0.000016 0.000010 0.000010 0.000010 0.865998 0.068771 0.000010
0.018818 0.006791 0.021832 0.000010 0.000010 0.117189 0.688543 0.016921 0.000010 0.067918 0.000010 0.061948
0.000010 0.999890 0.000010 0.000010 0.000010 0.000010 0.000010 0.000010 0.000010 0.000010 0.000010 0.000010
0.000010 0.000010 0.000010 0.000010 0.000010 0.013905 0.000010 0.000010 0.010834 0.895439 0.079741 0.000010
0.090241 0.000010 0.038689 0.034487 0.000010 0.049286 0.023014 0.000010 0.056529 0.073150 0.016588 0.617986
0.000010 0.000010 0.000010 0.000010 0.000010 0.000010 0.015030 0.000010 0.000010 0.935338 0.049542 0.000010
0.085319 0.084836 0.016622 0.000010 0.000010 0.070700 0.011594 0.001697 0.049587 0.029102 0.001813 0.648709
0.073358 0.049773 0.000010 0.000010 0.000010 0.047997 0.061833 0.000010 0.035795 0.013648 0.008151 0.709404
0.000010 0.110193 0.000010 0.001146 0.015071 0.000010 0.002094 0.000010 0.016524 0.009982 0.000010 0.844940
0.070141 0.053000 0.000010 0.000010 0.019715 0.129402 0.000010 0.000010 0.001404 0.000010 0.025745 0.700542
0.024718 0.002789 0.016961 0.014788 0.063952 0.337815 0.069627 0.066823 0.038268 0.000010 0.077696 0.286552
0.000010 0.134950 0.000010 0.031870 0.091089 0.208094 0.000010 0.000010 0.054303 0.024212 0.000010 0.455431
0.170577 0.035396 0.061214 0.303084 0.000010 0.007592 0.000010 0.000010 0.008315 0.029201 0.020591 0.364001
0.281307 0.000010 0.000010 0.017770 0.000010 0.101426 0.333876 0.014377 0.026797 0.000010 0.010726 0.213681
0.328671 0.012847 0.000010 0.000010 0.000010 0.054139 0.416833 0.010202 0.056771 0.000010 0.000010 0.120487
0.000010 0.000010 0.000010 0.000010 0.000010 0.005057 0.000010 0.000010 0.000010 0.000010 0.994843 0.000010
0.004025 0.088012 0.000010 0.087116 0.011274 0.048568 0.032183 0.000010 0.047586 0.000010 0.000010 0.681196
0.018115 0.036493 0.000010 0.004137 0.053505 0.028776 0.019757 0.026247 0.040751 0.019882 0.012148 0.740179
0.999890 0.000010 0.000010 0.000010 0.000010 0.000010 0.000010 0.000010 0.000010 0.000010 0.000010 0.000010
0.165320 0.109507 0.028335 0.003683 0.029350 0.060946 0.019046 0.037939 0.016725 0.020926 0.000010 0.508213
0.712152 0.000010 0.004911 0.009426 0.002098 0.054919 0.000010 0.042603 0.000010 0.000010 0.005782 0.168069
0.789990 0.000010 0.030492 0.011391 0.000010 0.016840 0.017234 0.000010 0.000010 0.000010 0.015057 0.118947
0.000010 0.095504 0.000010 0.000010 0.040339 0.000010 0.000010 0.000010 0.636856 0.000010 0.000010 0.227221
0.000010 0.006259 0.000010 0.000010 0.000010 0.000010 0.000010 0.000010 0.000010 0.660068 0.333584 0.000010
0.000010 0.000010 0.000010 0.012480 0.000010 0.000010 0.000010 0.004761 0.000010 0.640304 0.318252 0.024133
0.002045 0.000010 0.000010 0.023065 0.012344 0.201984 0.000010 0.000010 0.072753 0.322019 0.207863 0.157888
0.026900 0.070553 0.031657 0.033586 0.123477 0.149500 0.000010 0.079151 0.075984 0.036702 0.023780 0.348698
0.038364 0.057931 0.008033 0.032361 0.105249 0.088241 0.046441 0.001511 0.140980 0.046893 0.000010 0.433985
0.000010 0.000010 0.000010 0.000010 0.000010 0.000010 0.000010 0.999890 0.000010 0.000010 0.000010 0.000010
0.000010 0.140029 0.089722 0.004203 0.091845 0.144790 0.000010 0.019912 0.058871 0.099361 0.020439 0.330807
0.000010 0.000010 0.000010 0.000010 0.000010 0.000010 0.000010 0.999890 0.000010 0.000010 0.000010 0.000010
0.064323 0.065090 0.000010 0.048192 0.108217 0.145428 0.000010 0.020285 0.111592 0.000010 0.032829 0.404014
0.000010 0.135868 0.028649 0.001208 0.106346 0.147140 0.000010 0.046100 0.110659 0.000010 0.055665 0.368335
0.000010 0.000010 0.000010 0.999890 0.000010 0.000010 0.000010 0.000010 0.000010 0.000010 0.000010 0.000010
0.868183 0.000010 0.000010 0.035877 0.000010 0.000010 0.014852 0.011049 0.023128 0.023122 0.023740 0.000010
0.000010 0.080971 0.013933 0.038130 0.039932 0.082419 0.047762 0.000010 0.000010 0.000010 0.000010 0.696803
0.000010 0.101172 0.080486 0.011083 0.003401 0.042235 0.024976 0.040399 0.009611 0.000010 0.000010 0.686607
0.659397 0.014471 0.161295 0.015634 0.000010 0.010441 0.033205 0.039987 0.008968 0.000010 0.000010 0.056572
0.000010 0.015165 0.000010 0.000010 0.000010 0.000010 0.000010 0.035289 0.061474 0.000010 0.019153 0.868848
0.081413 0.026646 0.033989 0.039224 0.000010 0.063048 0.030982 0.000010 0.044772 0.000010 0.000010 0.679886
0.429925 0.091716 0.009372 0.032350 0.032814 0.000010 0.011372 0.020186 0.004511 0.042528 0.000010 0.325206
0.034354 0.000010 0.000010 0.012476 0.007516 0.075389 0.023231 0.000010 0.007889 0.000010 0.021280 0.817824
0.050418 0.076499 0.059112 0.028332 0.051170 0.086850 0.010862 0.000010 0.030962 0.000010 0.027166 0.578610
0.199560 0.051990 0.048932 0.094371 0.162539 0.018998 0.216803 0.063175 0.000010 0.000010 0.050882 0.092730
0.000010 0.000010 0.000010 0.000010 0.000010 0.203440 0.249674 0.000010 0.000010 0.000010 0.546797 0.000010
0.000010 0.000010 0.022580 0.034607 0.017483 0.066743 0.671166 0.000010 0.006296 0.027465 0.032110 0.121521
0.856301 0.002543 0.051681 0.030183 0.011449 0.015332 0.010281 0.000010 0.000010 0.000010 0.022190 0.000010
0.000010 0.151224 0.050340 0.029968 0.061895 0.166490 0.007409 0.001813 0.109415 0.000010 0.000126 0.421299
0.084451 0.098104 0.000010 0.000010 0.065891 0.171991 0.005743 0.077194 0.077669 0.045583 0.006934 0.366421
0.081988 0.180776 0.000010 0.041346 0.191439 0.101982 0.000010 0.055801 0.073189 0.020217 0.000010 0.253233
0.100948 0.000010 0.014603 0.154079 0.000010 0.045926 0.000010 0.032711 0.000010 0.000010 0.005139 0.646545
0.100548 0.000010 0.026835 0.011680 0.040577 0.039737 0.019884 0.026382 0.000010 0.000010 0.014795 0.719532
0.100150 0.047157 0.051114 0.115572 0.000010 0.058822 0.020945 0.000010 0.040999 0.000010 0.000010 0.565202
0.024098 0.050290 0.000010 0.033387 0.056868 0.077105 0.000010 0.000010 0.000455 0.000010 0.039854 0.717903
0.016267 0.034368 0.000010 0.042589 0.023950 0.000010 0.025715 0.056923 0.000010 0.000010 0.000010 0.800139
0.057849 0.083051 0.000010 0.039769 0.059774 0.042225 0.000010 0.027297 0.000010 0.000191 0.052679 0.637134
0.000010 0.000010 0.000010 0.000010 0.000010 0.000010 0.000010 0.000010 0.000010 0.000010 0.999890 0.000010
0.081098 0.035307 0.000985 0.000010 0.040367 0.062528 0.023881 0.016218 0.000010 0.000010 0.000010 0.739576
0.021539 0.043432 0.003773 0.038669 0.082237 0.000010 0.020948 0.038340 0.011176 0.006832 0.014218 0.718826
0.701524 0.000010 0.000010 0.000010 0.000010 0.031574 0.028875 0.014198 0.000010 0.004122 0.009665 0.209992
0.697317 0.007468 0.007273 0.045388 0.037471 0.001303 0.031693 0.006672 0.005722 0.000010 0.005641 0.154042
0.045593 0.000010 0.054529 0.728940 0.001719 0.000010 0.000010 0.000010 0.000010 0.029902 0.000010 0.139258
0.701916 0.000010 0.194050 0.000010 0.000010 0.000010 0.049428 0.011327 0.010552 0.000010 0.000010 0.032666
0.000010 0.000010 0.000010 0.000010 0.000010 0.000010 0.000010 0.000010 0.000010 0.000010 0.999890 0.000010
0.000010 0.000010 0.000010 0.015409 0.012061 0.008297 0.000010 0.084579 0.040905 0.747651 0.047894 0.043164
0.660198 0.030290 0.000010 0.067232 0.000010 0.016512 0.029030 0.000283 0.025635 0.003035 0.000010 0.167756
0.194758 0.000010 0.000010 0.080901 0.046349 0.090152 0.031605 0.018065 0.099600 0.000010 0.019701 0.418838
0.000010 0.013519 0.000010 0.000010 0.000010 0.001904 0.031744 0.053816 0.011373 0.786947 0.100647 0.000010
0.000979 0.000010 0.000010 0.052010 0.000010 0.000010 0.026905 0.006435 0.012856 0.805994 0.057536 0.037245
0.012256 0.000010 0.000010 0.000319 0.025221 0.040458 0.002843 0.028703 0.000010 0.758965 0.043259 0.087945
0.000010 0.000010 0.000010 0.014467 0.026966 0.000010 0.001715 0.000010 0.000010 0.768572 0.120218 0.068002
0.000010 0.020937 0.000010 0.007800 0.028921 0.000010 0.004521 0.028287 0.028723 0.785132 0.059433 0.036217
0.148240 0.000010 0.110851 0.022028 0.034891 0.030648 0.029653 0.000010 0.028393 0.254536 0.030854 0.309884
0.000010 0.000010 0.000010 0.000015 0.000010 0.000010 0.000010 0.000010 0.999885 0.000010 0.000010 0.000010
0.000010 0.000010 0.000010 0.000010 0.000010 0.000010 0.000010 0.000010 0.999890 0.000010 0.000010 0.000010
0.393817 0.000010 0.035591 0.022075 0.033683 0.066524 0.003311 0.000010 0.032391 0.007495 0.005737 0.399355
0.813842 0.000010 0.089422 0.000010 0.000010 0.000010 0.053914 0.000010 0.000010 0.013709 0.029044 0.000010
0.000010 0.000010 0.000010 0.000010 0.000010 0.000010 0.000010 0.000011 0.999889 0.000010 0.000010 0.000010
0.051196 0.000010 0.000010 0.094212 0.072111 0.000010 0.021832 0.000010 0.000010 0.000010 0.000010 0.760579
0.000010 0.000010 0.000010 0.000010 0.000010 0.000010 0.000010 0.000010 0.999890 0.000010 0.000010 0.000010
0.225389 0.026933 0.024591 0.069295 0.008585 0.000010 0.013767 0.035351 0.005339 0.000010 0.000010 0.590721
0.000010 0.000010 0.000010 0.000010 0.000010 0.000010 0.999890 0.000010 0.000010 0.000010 0.000010 0.000010
0.775126 0.055112 0.000010 0.000010 0.020093 0.000010 0.008905 0.012815 0.024986 0.000010 0.000010 0.102913
0.000010 0.000010 0.000010 0.000010 0.000010 0.000010 0.439499 0.000010 0.560401 0.000010 0.000010 0.000010
0.598596 0.000010 0.000010 0.007317 0.000010 0.000010 0.043423 0.074437 0.021525 0.000010 0.000010 0.254642
0.074609 0.000010 0.004079 0.108855 0.000010 0.012947 0.049633 0.033260 0.067878 0.000010 0.013376 0.635332
0.253811 0.000629 0.047328 0.060544 0.042144 0.016929 0.016911 0.000010 0.031262 0.000010 0.000010 0.530412
0.838126 0.000010 0.035343 0.000010 0.000010 0.000010 0.000010 0.000010 0.042293 0.013927 0.000010 0.070242
0.000010 0.112247 0.000010 0.004066 0.180883 0.061592 0.000010 0.344413 0.061842 0.053085 0.034527 0.147316
0.550788 0.015416 0.102727 0.025998 0.031651 0.000010 0.000010 0.000010 0.000010 0.000010 0.000010 0.273360
0.748374 0.008828 0.026920 0.022789 0.006348 0.000010 0.000014 0.037974 0.000010 0.000010 0.000010 0.148713
0.896055 0.020228 0.000010 0.000010 0.000010 0.000010 0.021166 0.000010 0.000010 0.000010 0.000010 0.062471
0.137417 0.000010 0.048021 0.076264 0.006520 0.017029 0.000010 0.019489 0.048628 0.000010 0.010829 0.635772
0.578651 0.016689 0.000010 0.006024 0.000010 0.005178 0.046839 0.021272 0.091074 0.000010 0.004773 0.229471
0.000010 0.000010 0.000010 0.000010 0.000010 0.000010 0.999890 0.000010 0.000010 0.000010 0.000010 0.000010
0.000010 0.000010 0.000010 0.000010 0.000010 0.000010 0.999890 0.000010 0.000010 0.000010 0.000010 0.000010
0.818419 0.000010 0.004633 0.032130 0.000010 0.000010 0.003137 0.000010 0.022056 0.000010 0.002552 0.117023
0.000010 0.000010 0.000010 0.000010 0.000010 0.000010 0.999890 0.000010 0.000010 0.000010 0.000010 0.000010
0.756114 0.035285 0.102633 0.000010 0.000010 0.036961 0.000010 0.027053 0.000010 0.007203 0.018263 0.016448
0.999890 0.000010 0.000010 0.000010 0.000010 0.000010 0.000010 0.000010 0.000010 0.000010 0.000010 0.000010
0.000010 0.000010 0.000010 0.000010 0.000010 0.000010 0.999890 0.000010 0.000010 0.000010 0.000010 0.000010
0.000010 0.000010 0.000010 0.000010 0.000010 0.000010 0.999890 0.000010 0.000010 0.000010 0.000010 0.000010
0.000010 0.000010 0.000010 0.000010 0.000010 0.000010 0.999890 0.000010 0.000010 0.000010 0.000010 0.000010
0.000010 0.000010 0.000010 0.000010 0.000010 0.000010 0.999890 0.000010 0.000010 0.000010 0.000010 0.000010
0.000010 0.000010 0.000010 0.000010 0.000010 0.042492 0.838097 0.000010 0.000010 0.015020 0.028098 0.076222
0.176313 0.000010 0.000010 0.028896 0.000010 0.028551 0.035770 0.049443 0.016552 0.030572 0.010175 0.623698
0.152504 0.045376 0.030830 0.023154 0.000010 0.010400 0.051862 0.005093 0.000010 0.000010 0.017234 0.663518
0.000010 0.000010 0.000010 0.000010 0.000010 0.000010 0.999890 0.000010 0.000010 0.000010 0.000010 0.000010
0.413034 0.000010 0.277366 0.000010 0.012266 0.038320 0.145457 0.000010 0.000010 0.000010 0.023848 0.089659
0.739191 0.018916 0.001152 0.057129 0.000010 0.000010 0.029907 0.000010 0.019649 0.011134 0.007468 0.115425
0.000010 0.000010 0.000010 0.000010 0.000010 0.000010 0.999890 0.000010 0.000010 0.000010 0.000010 0.000010
0.000010 0.000010 0.000010 0.014459 0.012871 0.015891 0.943683 0.013025 0.000010 0.000010 0.000010 0.000010
0.000010 0.000010 0.000010 0.000010 0.000010 0.000010 0.999890 0.000010 0.000010 0.000010 0.000010 0.000010
0.122595 0.005855 0.094739 0.233878 0.000010 0.074615 0.004096 0.005298 0.045022 0.000010 0.057165 0.356716
0.187223 0.000010 0.000010 0.062492 0.000010 0.011577 0.051764 0.000010 0.000010 0.000010 0.000010 0.686874
0.178691 0.000010 0.000010 0.052200 0.050108 0.000010 0.028466 0.000010 0.000010 0.001020 0.000010 0.689456
0.072238 0.010323 0.000010 0.054133 0.000010 0.000010 0.043279 0.000010 0.019334 0.000010 0.013775 0.786869
0.024608 0.017300 0.000010 0.000010 0.000010 0.044930 0.879898 0.000010 0.033194 0.000010 0.000010 0.000010
0.048568 0.000010 0.000010 0.000010 0.000010 0.050875 0.426341 0.000010 0.000010 0.255467 0.218680 0.000010
0.000010 0.000011 0.000010 0.000011 0.000010 0.000010 0.999887 0.000010 0.000010 0.000010 0.000011 0.000010
0.000010 0.000010 0.000010 0.000010 0.000010 0.000010 0.999890 0.000010 0.000010 0.000010 0.000010 0.000010
0.000010 0.000010 0.000010 0.000010 0.000010 0.000010 0.999890 0.000010 0.000010 0.000010 0.000010 0.000010
0.000010 0.000010 0.000010 0.000010 0.000010 0.000010 0.999890 0.000010 0.000010 0.000010 0.000010 0.000010
0.000010 0.000010 0.000010 0.000010 0.000010 0.000010 0.999890 0.000010 0.000010 0.000010 0.000010 0.000010
0.000010 0.000010 0.000010 0.000010 0.000010 0.000010 0.999890 0.000010 0.000010 0.000010 0.000010 0.000010
0.239685 0.013204 0.000010 0.309511 0.000010 0.018620 0.025332 0.000010 0.043911 0.000010 0.064665 0.285032
0.000010 0.000010 0.000010 0.000010 0.000010 0.000010 0.999890 0.000010 0.000010 0.000010 0.000010 0.000010
0.000010 0.005388 0.047317 0.000010 0.001101 0.044174 0.863825 0.001225 0.001448 0.032644 0.002848 0.000010
0.886329 0.000010 0.004969 0.006652 0.000010 0.000010 0.000010 0.000010 0.000010 0.000010 0.014727 0.087253
0.000010 0.008445 0.002762 0.030034 0.000010 0.069313 0.817890 0.032202 0.000010 0.039304 0.000010 0.000010
0.089006 0.032072 0.236449 0.050028 0.000010 0.090995 0.501390 0.000010 0.000010 0.000010 0.000010 0.000010
0.000011 0.000012 0.000010 0.000010 0.000010 0.000010 0.999887 0.000010 0.000010 0.000010 0.000010 0.000010
0.000010 0.000010 0.000010 0.000010 0.000010 0.000010 0.999890 0.000010 0.000010 0.000010 0.000010 0.000010
0.000010 0.000010 0.000010 0.000010 0.000010 0.000010 0.999890 0.000010 0.000010 0.000010 0.000010 0.000010
0.000010 0.000010 0.000010 0.000010 0.000010 0.000010 0.999890 0.000010 0.000010 0.000010 0.000010 0.000010
0.000010 0.000010 0.000010 0.018610 0.000010 0.002078 0.971868 0.000010 0.007364 0.000010 0.000010 0.000010
0.000010 0.000010 0.000010 0.000010 0.000010 0.000010 0.999890 0.000010 0.000010 0.000010 0.000010 0.000010
0.000010 0.000010 0.000010 0.999890 0.000010 0.000010 0.000010 0.000010 0.000010 0.000010 0.000010 0.000010
0.000010 0.000010 0.000010 0.000010 0.000010 0.246833 0.000010 0.000010 0.000010 0.753067 0.000010 0.000010
0.000010 0.000010 0.000010 0.000010 0.000010 0.260113 0.000010 0.000010 0.021429 0.718368 0.000010 0.000010
0.000010 0.000010 0.000010 0.000010 0.000010 0.278708 0.000010 0.000010 0.000010 0.721192 0.000010 0.000010
0.000010 0.000010 0.000010 0.000010 0.000010 0.000011 0.999889 0.000010 0.000010 0.000010 0.000010 0.000010
0.000010 0.000010 0.000010 0.000010 0.000010 0.000010 0.999890 0.000010 0.000010 0.000010 0.000010 0.000010
0.000010 0.000010 0.000010 0.000010 0.000010 0.290110 0.000010 0.000010 0.000010 0.709790 0.000010 0.000010
0.000010 0.000010 0.008682 0.000010 0.004710 0.251480 0.000010 0.000010 0.000010 0.735048 0.000010 0.000010
0.000010 0.000010 0.000010 0.000010 0.000010 0.272186 0.000010 0.000010 0.000010 0.727714 0.000010 0.000010
0.000010 0.000010 0.000010 0.000010 0.000010 0.000010 0.999890 0.000010 0.000010 0.000010 0.000010 0.000010
0.000010 0.000010 0.000010 0.000010 0.000010 0.000010 0.999890 0.000010 0.000010 0.000010 0.000010 0.000010
0.000010 0.000010 0.000010 0.000010 0.234699 0.000010 0.000010 0.765201 0.000010 0.000010 0.000010 0.000010
0.000010 0.000010 0.000010 0.000010 0.000010 0.000010 0.999890 0.000010 0.000010 0.000010 0.000010 0.000010
0.091862 0.904621 0.003427 0.000010 0.000010 0.000010 0.000010 0.000010 0.000010 0.000010 0.000010 0.000010
0.000010 0.000010 0.000010 0.000010 0.000010 0.703166 0.296734 0.000010 0.000010 0.000011 0.000010 0.000010
0.000010 0.000010 0.000010 0.000010 0.000010 0.682613 0.317287 0.000010 0.000010 0.000010 0.000010 0.000010
0.590238 0.067579 0.147296 0.000010 0.000010 0.000010 0.000010 0.001076 0.020791 0.000010 0.000010 0.172960
0.000010 0.000010 0.000010 0.000010 0.000010 0.719877 0.280023 0.000010 0.000010 0.000010 0.000010 0.000010
0.004117 0.060393 0.000010 0.010241 0.000010 0.000010 0.002479 0.000010 0.004984 0.871040 0.046696 0.000010
0.000010 0.105735 0.000010 0.018914 0.188029 0.080331 0.019536 0.092310 0.115719 0.111221 0.064280 0.203904
0.380904 0.063664 0.300508 0.021693 0.000010 0.000010 0.067328 0.004526 0.000010 0.000010 0.028093 0.133245
0.033993 0.000010 0.064930 0.007197 0.086933 0.246938 0.000010 0.000010 0.034595 0.472509 0.000010 0.052864
0.000010 0.000010 0.692782 0.000010 0.000010 0.000010 0.307118 0.000010 0.000010 0.000010 0.000010 0.000010
0.000010 0.000010 0.667710 0.000010 0.000010 0.000010 0.332190 0.000010 0.000010 0.000010 0.000010 0.000010
0.842908 0.000010 0.075520 0.000010 0.000010 0.004961 0.000010 0.000010 0.028258 0.000010 0.014864 0.033429
0.000010 0.089262 0.002376 0.009307 0.016851 0.075049 0.671851 0.016449 0.000010 0.053090 0.023780 0.041966
0.384661 0.011522 0.021150 0.048643 0.007476 0.000010 0.034388 0.012611 0.034508 0.000010 0.058904 0.386117
0.792748 0.000010 0.032227 0.011748 0.006376 0.000010 0.067231 0.000010 0.006180 0.000010 0.013980 0.069469
0.412192 0.001414 0.185764 0.000010 0.000010 0.050893 0.304019 0.037193 0.008070 0.000010 0.000010 0.000416
0.000010 0.168261 0.000010 0.016615 0.000010 0.054750 0.000010 0.002461 0.419510 0.000010 0.000010 0.338343
0.440682 0.029475 0.000010 0.043192 0.005502 0.000010 0.057376 0.033354 0.019874 0.000010 0.020210 0.350304
0.086565 0.081350 0.000010 0.070369 0.070189 0.009040 0.000010 0.043653 0.011434 0.000010 0.000010 0.627360
0.007594 0.028489 0.000010 0.000010 0.126671 0.253235 0.000010 0.000010 0.000010 0.558097 0.000010 0.025855
0.002268 0.006767 0.022820 0.000010 0.000010 0.048815 0.871195 0.000010 0.023807 0.019161 0.005126 0.000010
0.000010 0.000010 0.047785 0.000010 0.078925 0.231818 0.000010 0.011299 0.000010 0.607089 0.000010 0.023024
0.000010 0.000010 0.000010 0.000010 0.000010 0.255602 0.000010 0.000010 0.000010 0.744298 0.000010 0.000010
0.442492 0.000010 0.083177 0.072252 0.010074 0.029268 0.000010 0.000010 0.001148 0.030792 0.015442 0.315324
0.661029 0.000010 0.000010 0.007370 0.024627 0.036316 0.000010 0.045351 0.032043 0.000010 0.019428 0.173795
0.000010 0.000010 0.000010 0.000010 0.000010 0.000010 0.000010 0.356037 0.000010 0.643863 0.000010 0.000010
0.570939 0.030865 0.029502 0.049716 0.000010 0.029796 0.010872 0.035601 0.000010 0.042239 0.008626 0.191823
0.747312 0.038268 0.059296 0.000010 0.012160 0.025025 0.002411 0.000010 0.022676 0.000010 0.023284 0.069537
0.877152 0.000010 0.000010 0.045311 0.000010 0.012299 0.000010 0.000010 0.000010 0.000010 0.013960 0.051209
0.018536 0.087335 0.206866 0.000512 0.199108 0.000010 0.000010 0.000010 0.050537 0.081214 0.036595 0.319267
0.000010 0.000010 0.000010 0.000010 0.999890 0.000010 0.000010 0.000010 0.000010 0.000010 0.000010 0.000010
0.513672 0.056125 0.000010 0.151502 0.000010 0.017171 0.032052 0.026400 0.049630 0.000010 0.016592 0.136826
0.000010 0.000327 0.000010 0.000010 0.000010 0.257919 0.000010 0.000010 0.000010 0.741664 0.000010 0.000010
0.077102 0.000010 0.046747 0.126306 0.062625 0.000383 0.005910 0.000010 0.061067 0.011388 0.053333 0.555121
0.493660 0.031166 0.274042 0.000010 0.000010 0.005909 0.062671 0.000010 0.013359 0.000010 0.003165 0.115987
0.000010 0.000010 0.048480 0.000010 0.000010 0.293112 0.026863 0.031516 0.000010 0.497332 0.012276 0.090370
0.143798 0.000010 0.000010 0.049937 0.051652 0.000574 0.007493 0.053499 0.065368 0.023530 0.068971 0.535160
0.000010 0.000010 0.000010 0.000010 0.000010 0.000010 0.999889 0.000010 0.000011 0.000010 0.000010 0.000010
0.560798 0.081509 0.148921 0.042229 0.000010 0.028677 0.032200 0.000010 0.000010 0.000010 0.051263 0.054364
0.579283 0.066345 0.128528 0.053586 0.000010 0.023835 0.014103 0.000010 0.000010 0.000010 0.022117 0.112162
0.566530 0.000010 0.045377 0.008071 0.032046 0.014358 0.015586 0.002682 0.063097 0.000010 0.050931 0.201300
0.769264 0.117927 0.000010 0.000483 0.000010 0.000010 0.022484 0.000010 0.027865 0.000010 0.020026 0.041902
0.148512 0.025051 0.594773 0.000010 0.050196 0.000010 0.059188 0.000010 0.000010 0.000010 0.008597 0.113634
0.168432 0.089481 0.057210 0.108142 0.020294 0.072559 0.031116 0.023995 0.007703 0.044507 0.015079 0.361483
0.874559 0.000010 0.033349 0.000010 0.000010 0.000010 0.000010 0.068748 0.000010 0.000010 0.000010 0.023263
0.974593 0.000010 0.000010 0.000010 0.000010 0.000010 0.025307 0.000010 0.000010 0.000010 0.000010 0.000010
0.132409 0.000010 0.090495 0.263736 0.020661 0.045951 0.014493 0.000010 0.033201 0.021642 0.000010 0.377382
0.707443 0.000010 0.113389 0.017288 0.000010 0.000010 0.132831 0.000010 0.022562 0.000010 0.000010 0.006428
0.062518 0.000010 0.061551 0.138947 0.000010 0.058690 0.074846 0.031651 0.015510 0.033178 0.036356 0.486733
0.747280 0.000010 0.037829 0.015166 0.019883 0.010258 0.057633 0.000010 0.022010 0.015066 0.005903 0.068952
0.684739 0.000010 0.032905 0.044521 0.003806 0.000010 0.043920 0.003746 0.020446 0.000010 0.000010 0.165877
0.018650 0.000010 0.110315 0.062792 0.007007 0.009676 0.000010 0.000010 0.047626 0.043511 0.074392 0.626000
0.892168 0.009117 0.032399 0.000010 0.000016 0.007722 0.000010 0.000010 0.040047 0.000010 0.000010 0.018481
0.289137 0.000010 0.249288 0.012186 0.013475 0.061960 0.310064 0.000010 0.000010 0.019653 0.000010 0.044198
0.831076 0.018541 0.049005 0.008202 0.013593 0.005665 0.013720 0.000010 0.011235 0.005007 0.000010 0.043935
0.375503 0.000010 0.257035 0.005434 0.000010 0.039088 0.305460 0.000010 0.000010 0.000010 0.000010 0.017420
0.564314 0.031650 0.060871 0.116489 0.001350 0.031123 0.000010 0.000010 0.013828 0.000010 0.025255 0.155091
0.804444 0.000010 0.081410 0.000010 0.003109 0.000010 0.047300 0.012274 0.000010 0.000010 0.000312 0.051102
0.662147 0.064867 0.113429 0.036148 0.000010 0.028644 0.011628 0.000010 0.021713 0.000010 0.000010 0.061384
0.000010 0.000010 0.735463 0.000010 0.000010 0.000010 0.264437 0.000010 0.000010 0.000010 0.000010 0.000010
0.000010 0.000010 0.999890 0.000010 0.000010 0.000010 0.000010 0.000010 0.000010 0.000010 0.000010 0.000010
0.000010 0.000010 0.000010 0.000010 0.000010 0.000010 0.000010 0.999890 0.000010 0.000010 0.000010 0.000010
0.000010 0.000010 0.725857 0.000010 0.000010 0.000010 0.134422 0.139631 0.000010 0.000010 0.000010 0.000010
0.000010 0.000010 0.660644 0.000010 0.019867 0.000010 0.206769 0.112640 0.000010 0.000010 0.000010 0.000010
0.000010 0.004044 0.995856 0.000010 0.000010 0.000010 0.000010 0.000010 0.000010 0.000010 0.000010 0.000010
0.000106 0.000010 0.533615 0.000010 0.410421 0.000010 0.002910 0.000010 0.018780 0.000010 0.000010 0.034107
0.048968 0.007193 0.574156 0.033047 0.000010 0.028363 0.167689 0.058478 0.003411 0.000010 0.019865 0.058811
0.000010 0.000010 0.000010 0.000010 0.000010 0.000010 0.000010 0.999890 0.000010 0.000010 0.000010 0.000010
0.464981 0.026178 0.000010 0.266881 0.035075 0.015438 0.000749 0.024709 0.085272 0.000010 0.000010 0.080688
0.000010 0.000010 0.999890 0.000010 0.000010 0.000010 0.000010 0.000010 0.000010 0.000010 0.000010 0.000010
0.000010 0.000010 0.305534 0.000010 0.000010 0.000010 0.000010 0.694366 0.000010 0.000010 0.000010 0.000010
0.000010 0.000010 0.000010 0.000010 0.999890 0.000010 0.000010 0.000010 0.000010 0.000010 0.000010 0.000010
0.000010 0.062029 0.000010 0.062731 0.000010 0.319568 0.000010 0.000010 0.017372 0.508256 0.000010 0.029984
0.000010 0.043331 0.000010 0.022840 0.000010 0.353512 0.000010 0.000010 0.000010 0.563290 0.000010 0.016956
0.000010 0.000010 0.000010 0.000010 0.999890 0.000010 0.000010 0.000010 0.000010 0.000010 0.000010 0.000010
0.062022 0.000010 0.911971 0.000010 0.000010 0.000010 0.000010 0.025918 0.000010 0.000010 0.000010 0.000010
0.000010 0.000010 0.985467 0.000010 0.000010 0.000010 0.000010 0.014433 0.000010 0.000010 0.000010 0.000010
0.000010 0.000010 0.171000 0.000010 0.000010 0.000010 0.000010 0.828900 0.000010 0.000010 0.000010 0.000010
0.000010 0.024527 0.039259 0.027106 0.056994 0.474765 0.000010 0.000010 0.000010 0.296408 0.000010 0.080890
0.000010 0.000010 0.000010 0.000010 0.000010 0.999890 0.000010 0.000010 0.000010 0.000010 0.000010 0.000010
0.000010 0.000010 0.000010 0.000010 0.037864 0.000010 0.014648 0.058348 0.040696 0.734144 0.089942 0.024308
0.032607 0.020473 0.890895 0.000010 0.000010 0.000010 0.000010 0.023450 0.000010 0.004499 0.010090 0.017935
0.880118 0.000010 0.045985 0.000010 0.003899 0.000010 0.019389 0.020010 0.004534 0.000010 0.019580 0.006444
0.735611 0.039728 0.031705 0.026582 0.000010 0.000010 0.010539 0.021107 0.000010 0.000010 0.000010 0.134678
0.000010 0.058146 0.000015 0.021726 0.033322 0.007958 0.033362 0.000010 0.027423 0.015237 0.023400 0.779392
0.013056 0.022504 0.000010 0.050341 0.000010 0.039273 0.013714 0.013704 0.000010 0.027911 0.007478 0.811989
0.872648 0.009246 0.058353 0.019614 0.000010 0.000010 0.000010 0.004810 0.000010 0.000010 0.000010 0.035269
0.200533 0.003647 0.282937 0.068641 0.015623 0.025928 0.367124 0.000010 0.000010 0.000010 0.000010 0.035528
0.272764 0.014932 0.145420 0.076108 0.000010 0.000010 0.133746 0.023801 0.004986 0.000010 0.002883 0.325331
0.426048 0.000010 0.079934 0.000010 0.000010 0.078337 0.039818 0.089588 0.017154 0.000010 0.000010 0.269071
0.000010 0.000010 0.000010 0.000010 0.000010 0.000010 0.000010 0.000010 0.000010 0.000010 0.999890 0.000010
0.627482 0.032243 0.018834 0.025213 0.019768 0.000010 0.016984 0.020126 0.016130 0.000010 0.004633 0.218565
0.918295 0.000010 0.000010 0.000010 0.019907 0.005748 0.016090 0.030416 0.000010 0.000010 0.000010 0.009484
0.471190 0.000010 0.000010 0.039407 0.067039 0.038938 0.024068 0.035762 0.007592 0.001120 0.000010 0.314855
0.657717 0.050084 0.000010 0.042068 0.000010 0.029154 0.013952 0.000010 0.012334 0.000010 0.000010 0.194641
0.500636 0.025593 0.000010 0.027935 0.000010 0.000010 0.068528 0.000010 0.067625 0.000010 0.000010 0.309623
0.392977 0.006466 0.000010 0.031723 0.000010 0.020346 0.031951 0.019279 0.000010 0.041110 0.005864 0.450254
0.000010 0.000010 0.000010 0.000010 0.000010 0.000010 0.000010 0.999890 0.000010 0.000010 0.000010 0.000010
0.564854 0.048151 0.105180 0.007251 0.027147 0.000010 0.006303 0.010541 0.000010 0.000010 0.000010 0.230533
0.696673 0.000010 0.000010 0.018607 0.027398 0.000010 0.014212 0.000173 0.000010 0.000010 0.000010 0.242877
0.654571 0.000010 0.049453 0.023426 0.034348 0.003550 0.010602 0.002331 0.000010 0.000010 0.000228 0.221460
0.236085 0.000010 0.058663 0.086792 0.000010 0.070356 0.031084 0.013442 0.000010 0.013477 0.000010 0.490061
0.911945 0.000010 0.061222 0.000010 0.024147 0.000010 0.000010 0.000010 0.000010 0.002606 0.000010 0.000010
0.121280 0.846031 0.000010 0.000010 0.000010 0.000010 0.004399 0.000010 0.028211 0.000010 0.000010 0.000010
0.094324 0.000010 0.000010 0.024820 0.009798 0.124955 0.027630 0.000010 0.000010 0.000010 0.000010 0.718414
0.149363 0.085218 0.000010 0.058612 0.015303 0.086725 0.003457 0.049274 0.000010 0.009149 0.000010 0.542868
0.089153 0.000010 0.031017 0.049210 0.000010 0.090258 0.034136 0.025106 0.061048 0.026659 0.000010 0.593384
0.238297 0.000010 0.028654 0.072747 0.000010 0.000010 0.004811 0.000010 0.031990 0.000010 0.000010 0.623441
0.868914 0.000010 0.020981 0.015338 0.000010 0.000010 0.001753 0.006350 0.000010 0.000010 0.000010 0.086605
0.756148 0.013720 0.044372 0.002715 0.000010 0.007022 0.019779 0.000010 0.042511 0.000010 0.000010 0.113694
0.772208 0.000010 0.000010 0.000010 0.041591 0.000010 0.000010 0.000010 0.017935 0.000010 0.000010 0.168186
0.869917 0.000010 0.000010 0.021736 0.000010 0.000010 0.002163 0.000010 0.000010 0.000010 0.000010 0.106105
0.210184 0.094659 0.000010 0.056697 0.000010 0.076233 0.017824 0.000010 0.060938 0.000010 0.000010 0.483415
0.054598 0.000010 0.073529 0.048981 0.009642 0.054504 0.451771 0.030892 0.021900 0.000010 0.015056 0.239108
0.454637 0.046028 0.186020 0.041285 0.013169 0.023172 0.053257 0.000392 0.031944 0.000010 0.005178 0.144909
0.450635 0.000010 0.240222 0.015392 0.000010 0.039044 0.130900 0.026087 0.012430 0.000010 0.007936 0.077324
0.034955 0.053171 0.000010 0.005526 0.024917 0.000010 0.022250 0.016584 0.000010 0.024454 0.001939 0.816176
0.869931 0.035669 0.002316 0.034125 0.011131 0.010379 0.022234 0.000010 0.000010 0.000010 0.001761 0.012424
0.055293 0.011884 0.196272 0.078301 0.074228 0.022690 0.000010 0.010731 0.000010 0.029026 0.044074 0.477481
0.744838 0.000010 0.000010 0.033805 0.000010 0.000010 0.016517 0.037320 0.041551 0.000010 0.000010 0.125908
0.999890 0.000010 0.000010 0.000010 0.000010 0.000010 0.000010 0.000010 0.000010 0.000010 0.000010 0.000010
0.679389 0.184621 0.050936 0.044157 0.019135 0.000010 0.000010 0.000010 0.021702 0.000010 0.000010 0.000010
0.091507 0.052842 0.003491 0.049772 0.029043 0.008619 0.077684 0.000010 0.000010 0.026573 0.000010 0.660438
0.999890 0.000010 0.000010 0.000010 0.000010 0.000010 0.000010 0.000010 0.000010 0.000010 0.000010 0.000010
0.000010 0.056193 0.000010 0.022193 0.087430 0.000010 0.000010 0.006465 0.004281 0.000010 0.023190 0.800198
0.000010 0.057744 0.069299 0.004597 0.029052 0.000010 0.012564 0.000010 0.000010 0.038997 0.004358 0.783349
0.000010 0.075786 0.000010 0.035729 0.005333 0.000010 0.000010 0.019968 0.036173 0.000010 0.009448 0.817513
0.000010 0.110895 0.000010 0.002640 0.016730 0.000010 0.010100 0.008864 0.000010 0.038025 0.000010 0.812696
0.000010 0.028256 0.095500 0.000010 0.000010 0.000010 0.000010 0.026482 0.032994 0.000010 0.030301 0.786407
0.000010 0.009631 0.031905 0.000010 0.007837 0.017518 0.831553 0.004501 0.000010 0.001256 0.000010 0.095759
0.528336 0.000010 0.125873 0.017399 0.000010 0.059098 0.000010 0.000040 0.050681 0.000010 0.000010 0.218523
0.885346 0.000010 0.077811 0.011238 0.000010 0.000010 0.007382 0.018153 0.000010 0.000010 0.000010 0.000010
0.748086 0.000010 0.011131 0.000010 0.009560 0.000010 0.005734 0.000010 0.038419 0.000010 0.000010 0.187011
0.657719 0.095771 0.079117 0.035015 0.000010 0.024594 0.000010 0.025157 0.000010 0.000010 0.000010 0.082576
0.923473 0.008414 0.027713 0.000010 0.000010 0.000010 0.000010 0.040321 0.000010 0.000010 0.000010 0.000010
0.000010 0.019648 0.000010 0.000010 0.017950 0.000010 0.000657 0.040573 0.000010 0.000010 0.000010 0.921102
0.915120 0.039396 0.000010 0.000010 0.012617 0.012300 0.003126 0.012669 0.004721 0.000010 0.000010 0.000010
0.165313 0.000010 0.008503 0.032533 0.000010 0.000010 0.037884 0.000010 0.004364 0.000010 0.041669 0.709684
0.000010 0.000010 0.000010 0.000010 0.000010 0.000010 0.999890 0.000010 0.000010 0.000010 0.000010 0.000010
0.000010 0.138137 0.000010 0.023371 0.000010 0.025275 0.000010 0.012781 0.497505 0.000010 0.000010 0.302869
0.069837 0.094308 0.020316 0.037495 0.027497 0.048153 0.034371 0.000010 0.004635 0.000010 0.000010 0.663359
0.309458 0.000010 0.037210 0.012969 0.000010 0.000010 0.002209 0.000010 0.000010 0.014674 0.000010 0.623420
0.041340 0.072765 0.000010 0.042996 0.018886 0.110457 0.000010 0.016041 0.037828 0.014960 0.004053 0.640653
0.000010 0.042115 0.017782 0.000010 0.061438 0.000010 0.000010 0.010980 0.036835 0.050723 0.011227 0.768860
0.084935 0.024197 0.000010 0.006412 0.004800 0.063233 0.028690 0.008527 0.029180 0.000010 0.041599 0.708407
0.000010 0.007710 0.000010 0.000010 0.058023 0.000010 0.000010 0.000010 0.000010 0.000010 0.000010 0.934176
0.181297 0.047761 0.000010 0.039950 0.052965 0.007012 0.029202 0.023399 0.012661 0.000010 0.036510 0.569224
0.045962 0.079125 0.045544 0.067648 0.002484 0.027771 0.015919 0.042050 0.006474 0.000010 0.000010 0.667002
0.754205 0.000010 0.039127 0.000010 0.018716 0.018047 0.021984 0.000010 0.024079 0.000010 0.033132 0.090670
0.078296 0.000153 0.040866 0.060570 0.028483 0.000010 0.015778 0.033481 0.000010 0.000010 0.070205 0.672140
0.000010 0.081354 0.025291 0.005937 0.027468 0.000010 0.018707 0.000010 0.016649 0.000010 0.000010 0.824544
0.048180 0.089475 0.077160 0.003519 0.001329 0.000010 0.000010 0.023621 0.000010 0.024884 0.000010 0.731793
0.577274 0.032984 0.000010 0.010267 0.053635 0.000010 0.016881 0.000717 0.000010 0.024343 0.033229 0.250639
0.957307 0.000010 0.000010 0.023355 0.000010 0.006046 0.000010 0.000010 0.000010 0.000010 0.000010 0.013212
0.003310 0.095592 0.000010 0.055682 0.008623 0.008958 0.046130 0.000010 0.011897 0.000010 0.000010 0.769768
0.012560 0.016554 0.000010 0.000010 0.032152 0.026997 0.898601 0.000010 0.013076 0.000010 0.000010 0.000010
0.895230 0.036910 0.000010 0.000010 0.000010 0.000010 0.007429 0.000010 0.039654 0.020707 0.000010 0.000010
0.938046 0.007245 0.027130 0.027498 0.000010 0.000010 0.000010 0.000010 0.000010 0.000010 0.000010 0.000010
0.074109 0.018820 0.046287 0.009481 0.062622 0.049073 0.007746 0.000010 0.000010 0.000010 0.000010 0.731821
0.441666 0.018488 0.000010 0.008959 0.081681 0.023822 0.014663 0.000010 0.000010 0.055143 0.000010 0.355538
0.205381 0.025726 0.008174 0.090154 0.000010 0.020639 0.003532 0.000010 0.000010 0.000010 0.000010 0.646344
0.000010 0.017376 0.012923 0.003308 0.000010 0.000010 0.044141 0.000010 0.022188 0.037234 0.000010 0.862780
0.983033 0.000010 0.000010 0.000010 0.000010 0.000010 0.000010 0.000010 0.016867 0.000010 0.000010 0.000010
0.995404 0.000010 0.000010 0.000010 0.000010 0.000010 0.004496 0.000010 0.000010 0.000010 0.000010 0.000010
0.485425 0.000010 0.000010 0.032953 0.001164 0.004383 0.020514 0.052018 0.000010 0.000010 0.000010 0.403493
0.547890 0.000010 0.000010 0.056938 0.048099 0.000010 0.037994 0.022673 0.000010 0.000010 0.000010 0.286347
0.000010 0.000010 0.000010 0.000010 0.000010 0.000010 0.000010 0.000010 0.000010 0.000010 0.999890 0.000010
0.044510 0.057661 0.001508 0.019295 0.082246 0.013065 0.035263 0.021246 0.016886 0.000010 0.000010 0.708300
0.865459 0.000010 0.026627 0.005102 0.000010 0.003452 0.023937 0.000010 0.011106 0.000010 0.006682 0.057595
0.000010 0.000010 0.000010 0.000010 0.000010 0.000010 0.000010 0.000010 0.000010 0.000010 0.999890 0.000010
0.000010 0.000010 0.000010 0.518408 0.000010 0.019145 0.462357 0.000010 0.000010 0.000010 0.000010 0.000010
0.000010 0.000010 0.000010 0.000010 0.000010 0.999890 0.000010 0.000010 0.000010 0.000010 0.000010 0.000010
0.596141 0.031330 0.000010 0.020485 0.013631 0.010274 0.049236 0.010509 0.020476 0.000010 0.003742 0.244156
0.540066 0.029351 0.000010 0.089321 0.030131 0.060511 0.011301 0.000010 0.006597 0.000010 0.014690 0.218002
0.709256 0.003836 0.000010 0.043810 0.028283 0.025169 0.016242 0.000010 0.014768 0.000010 0.007018 0.151588
0.309919 0.000010 0.088189 0.070892 0.040386 0.021525 0.000010 0.012775 0.086629 0.032549 0.052612 0.284505
0.917293 0.025456 0.000010 0.014632 0.000010 0.000010 0.018332 0.000010 0.024216 0.000010 0.000010 0.000010
0.999890 0.000010 0.000010 0.000010 0.000010 0.000010 0.000010 0.000010 0.000010 0.000010 0.000010 0.000010
0.123641 0.000010 0.000010 0.119345 0.005025 0.018282 0.028310 0.000010 0.000010 0.004382 0.000010 0.700965
0.607733 0.063701 0.051082 0.039873 0.000010 0.000010 0.005006 0.000010 0.000010 0.002028 0.000010 0.230527
0.516544 0.023411 0.011747 0.029999 0.003515 0.081241 0.029346 0.000010 0.009700 0.000010 0.000010 0.294466
0.368330 0.019071 0.034254 0.000462 0.046376 0.000010 0.000010 0.056905 0.039340 0.034537 0.000010 0.400697
0.672605 0.021772 0.000010 0.057648 0.026848 0.000010 0.020527 0.000010 0.010255 0.009418 0.000010 0.180887
0.741784 0.000010 0.000010 0.020260 0.002823 0.000010 0.040519 0.051599 0.000010 0.000010 0.000010 0.142955
0.723980 0.000010 0.023146 0.028046 0.000010 0.000010 0.021738 0.017005 0.022361 0.020786 0.000010 0.142900
0.777347 0.043867 0.000010 0.010115 0.045678 0.000010 0.016788 0.000010 0.001867 0.000010 0.005215 0.099082
0.996299 0.000010 0.000010 0.000010 0.000010 0.000010 0.000010 0.000010 0.003601 0.000010 0.000010 0.000010
0.898876 0.012016 0.000010 0.018061 0.000010 0.000010 0.020865 0.025228 0.024895 0.000010 0.000010 0.000010
0.130942 0.041096 0.033471 0.050935 0.000010 0.000010 0.035254 0.017975 0.077625 0.000010 0.002029 0.610642
0.388716 0.051873 0.000010 0.025303 0.000995 0.000010 0.065067 0.073513 0.018130 0.010877 0.030015 0.335490
0.000010 0.082526 0.001681 0.018111 0.045695 0.000010 0.001453 0.000010 0.000010 0.071773 0.000010 0.778711
0.956504 0.006124 0.000010 0.008099 0.013107 0.002979 0.005440 0.007697 0.000010 0.000010 0.000010 0.000010
0.167757 0.000010 0.000010 0.095807 0.038514 0.043028 0.030405 0.000010 0.001103 0.000010 0.000010 0.623337
0.592548 0.129943 0.075425 0.033155 0.056814 0.007864 0.035762 0.051921 0.016538 0.000010 0.000010 0.000010
0.520657 0.014110 0.000010 0.081471 0.000010 0.000010 0.045576 0.025456 0.030063 0.016013 0.000010 0.266615
0.075107 0.073572 0.010807 0.000010 0.008093 0.003961 0.018627 0.065012 0.054322 0.005049 0.000010 0.685430
0.722373 0.033758 0.000010 0.068092 0.000010 0.000010 0.007686 0.000010 0.041575 0.000010 0.000010 0.126456
0.139462 0.000010 0.026571 0.101954 0.000010 0.014381 0.012066 0.047097 0.000010 0.000010 0.000010 0.658419
