0.000010 0.000010 0.000010 0.000010 0.007384 0.298146 0.047582 0.378886 0.000010 0.000010 0.000010 0.197495 0.000010 0.070427
0.039319 0.000010 0.000010 0.000010 0.000010 0.525826 0.000010 0.161424 0.043875 0.027130 0.019880 0.161310 0.012008 0.009178
0.011956 0.033996 0.054599 0.041181 0.000010 0.352700 0.015332 0.355619 0.000010 0.000010 0.005909 0.128659 0.000010 0.000010
0.386704 0.000010 0.000010 0.000010 0.010590 0.000010 0.000010 0.000010 0.000010 0.000010 0.000010 0.000010 0.000010 0.602596
0.000010 0.000010 0.025461 0.000010 0.067838 0.635238 0.013700 0.179334 0.063873 0.014487 0.000010 0.000010 0.000010 0.000010
0.032317 0.000010 0.017219 0.015491 0.022359 0.116374 0.000010 0.707920 0.000010 0.000010 0.000010 0.072734 0.015525 0.000010
0.171190 0.000010 0.000010 0.023397 0.000010 0.000010 0.295973 0.224390 0.000010 0.000010 0.000010 0.009318 0.011384 0.264278
0.000010 0.000010 0.000010 0.000010 0.000010 0.000010 0.000010 0.886948 0.000010 0.052120 0.000010 0.000010 0.043727 0.017105
0.023430 0.000010 0.006730 0.017125 0.005187 0.457354 0.000010 0.045379 0.014121 0.060387 0.000010 0.318649 0.000010 0.051597
0.003136 0.000010 0.000010 0.000010 0.000010 0.062440 0.000010 0.837432 0.000010 0.051671 0.000010 0.028472 0.000010 0.016769
0.000010 0.000010 0.021059 0.000010 0.000010 0.223534 0.000010 0.631312 0.000010 0.060888 0.000010 0.059985 0.000010 0.003142
0.000010 0.024872 0.012096 0.002188 0.011452 0.312198 0.018405 0.338308 0.000010 0.000010 0.000010 0.242192 0.031962 0.006288
0.160704 0.024666 0.000010 0.103793 0.156864 0.104101 0.033411 0.000010 0.000010 0.051196 0.000010 0.326600 0.038614 0.000010
0.252683 0.000010 0.017137 0.040442 0.023488 0.000010 0.038331 0.000010 0.000010 0.013960 0.000010 0.318132 0.017798 0.277979
0.029890 0.000010 0.000010 0.000010 0.005901 0.038740 0.006677 0.893692 0.000010 0.006803 0.018228 0.000010 0.000010 0.000010
0.000010 0.020246 0.000010 0.032333 0.038863 0.343204 0.045697 0.303106 0.000010 0.015926 0.030839 0.152862 0.000010 0.016884
0.000010 0.000010 0.000010 0.010475 0.000010 0.154111 0.021423 0.659516 0.024968 0.026125 0.000010 0.081780 0.000010 0.021542
0.131561 0.000010 0.000010 0.012971 0.000010 0.021441 0.216209 0.410823 0.000010 0.000010 0.000010 0.000010 0.036525 0.170401
0.000010 0.000010 0.001539 0.020406 0.004691 0.000010 0.000010 0.269074 0.000010 0.656537 0.000010 0.000010 0.047672 0.000010
0.000010 0.045203 0.000010 0.000010 0.010173 0.000010 0.000010 0.000010 0.045927 0.000010 0.891744 0.000010 0.006863 0.000010
0.000010 0.000010 0.000010 0.003868 0.000010 0.000010 0.000010 0.014926 0.000010 0.000010 0.959124 0.000010 0.016278 0.005715
0.000010 0.000010 0.000010 0.000010 0.000010 0.000010 0.000010 0.000010 0.000010 0.000010 0.999870 0.000010 0.000010 0.000010
0.000010 0.008510 0.000010 0.009460 0.000010 0.000010 0.000010 0.013055 0.008711 0.000010 0.918043 0.000010 0.042141 0.000010
0.999870 0.000010 0.000010 0.000010 0.000010 0.000010 0.000010 0.000010 0.000010 0.000010 0.000010 0.000010 0.000010 0.000010
0.000010 0.000010 0.000010 0.000010 0.000010 0.000010 0.000010 0.000010 0.000010 0.999870 0.000010 0.000010 0.000010 0.000010
0.000010 0.038782 0.000010 0.013041 0.000010 0.000010 0.000010 0.000010 0.010238 0.000010 0.935303 0.002546 0.000010 0.000010
0.020655 0.008251 0.000196 0.000010 0.031775 0.820042 0.003431 0.000010 0.038182 0.000010 0.036597 0.000010 0.008775 0.032055
0.000010 0.004323 0.000010 0.000010 0.000010 0.000010 0.000010 0.000010 0.006918 0.000010 0.968986 0.000010 0.000010 0.019673
0.032598 0.000010 0.000524 0.049952 0.005407 0.192869 0.006344 0.073225 0.042168 0.072484 0.006018 0.518381 0.000010 0.000010
0.052892 0.006253 0.000010 0.032434 0.000010 0.141182 0.000010 0.061806 0.017951 0.022420 0.007733 0.629022 0.000010 0.028268
0.000010 0.000010 0.000010 0.000010 0.000010 0.000010 0.000010 0.000010 0.000010 0.042700 0.000010 0.920662 0.025847 0.010691
0.046647 0.018679 0.000010 0.048781 0.000782 0.311649 0.000010 0.035112 0.023259 0.056315 0.000010 0.458726 0.000010 0.000010
0.192001 0.059424 0.051336 0.150966 0.131930 0.111035 0.005620 0.005450 0.078820 0.002028 0.000010 0.199050 0.012320 0.000010
0.042070 0.000010 0.000010 0.116135 0.140478 0.085682 0.000010 0.000010 0.043970 0.130289 0.000010 0.408893 0.032423 0.000010
0.006997 0.030142 0.000010 0.000010 0.000010 0.352233 0.074274 0.116422 0.031754 0.032536 0.000010 0.081031 0.274561 0.000010
0.484526 0.000010 0.023036 0.020384 0.000010 0.250399 0.000010 0.221565 0.000010 0.000010 0.000010 0.000010 0.000010 0.000010
0.615625 0.000010 0.014474 0.000010 0.000010 0.067329 0.000010 0.302472 0.000010 0.000010 0.000010 0.000010 0.000010 0.000010
0.000010 0.997512 0.000010 0.000010 0.000010 0.000010 0.000010 0.000010 0.002368 0.000010 0.000010 0.000010 0.000010 0.000010
0.012554 0.000010 0.000010 0.049215 0.030893 0.320508 0.000010 0.000010 0.000010 0.073549 0.000010 0.428748 0.067747 0.016725
0.037599 0.010301 0.012820 0.008233 0.054316 0.067593 0.000010 0.030299 0.041535 0.020754 0.000010 0.706453 0.007868 0.002210
0.000010 0.000010 0.000010 0.000010 0.000010 0.000010 0.000010 0.999870 0.000010 0.000010 0.000010 0.000010 0.000010 0.000010
0.021631 0.000010 0.031012 0.030453 0.041596 0.127997 0.025728 0.160943 0.032461 0.089960 0.010022 0.415200 0.001741 0.011245
0.001452 0.000010 0.042129 0.042687 0.000010 0.237525 0.000010 0.654807 0.000010 0.005736 0.004597 0.009512 0.000010 0.001505
0.025263 0.000010 0.000010 0.010431 0.000010 0.214045 0.017402 0.732770 0.000010 0.000010 0.000010 0.000010 0.000010 0.000010
0.000010 0.000010 0.000010 0.000010 0.624832 0.051742 0.000010 0.000010 0.000010 0.059297 0.000010 0.264029 0.000010 0.000010
0.000010 0.311401 0.000010 0.000010 0.004933 0.000010 0.000010 0.000010 0.013250 0.004597 0.665730 0.000010 0.000010 0.000010
0.000010 0.273319 0.000010 0.000010 0.000010 0.043569 0.000010 0.000010 0.002242 0.000010 0.673012 0.000010 0.007768 0.000010
0.000010 0.192127 0.000010 0.148651 0.060627 0.156855 0.000010 0.000010 0.134241 0.004872 0.242065 0.047606 0.012908 0.000010
0.045766 0.018277 0.075502 0.084403 0.200753 0.237392 0.020506 0.000115 0.029446 0.071476 0.017299 0.174207 0.024848 0.000010
0.087071 0.000010 0.000010 0.043610 0.241926 0.234906 0.000010 0.014744 0.011755 0.051672 0.022918 0.264523 0.026835 0.000010
0.000010 0.000010 0.999870 0.000010 0.000010 0.000010 0.000010 0.000010 0.000010 0.000010 0.000010 0.000010 0.000010 0.000010
0.021490 0.024998 0.018474 0.076144 0.150348 0.040441 0.081113 0.000010 0.105141 0.132851 0.023322 0.316925 0.008734 0.000010
0.000010 0.000010 0.999870 0.000010 0.000010 0.000010 0.000010 0.000010 0.000010 0.000010 0.000010 0.000010 0.000010 0.000010
0.000010 0.027201 0.008571 0.100588 0.217099 0.221693 0.000520 0.047391 0.023048 0.066370 0.000010 0.251228 0.036261 0.000010
0.050423 0.056258 0.034616 0.081184 0.217352 0.044664 0.021485 0.000010 0.000010 0.134309 0.000010 0.351563 0.008107 0.000010
0.000010 0.000010 0.000010 0.000010 0.000010 0.000010 0.000010 0.000010 0.000010 0.000010 0.000010 0.000010 0.999870 0.000010
0.002308 0.026705 0.013680 0.000010 0.000010 0.000010 0.000010 0.851516 0.037363 0.000010 0.001672 0.019468 0.040180 0.007058
0.073360 0.000010 0.000010 0.068727 0.013372 0.283687 0.006578 0.000010 0.000010 0.059324 0.000010 0.471588 0.023305 0.000010
0.057396 0.000010 0.031036 0.011474 0.000010 0.316094 0.062606 0.000010 0.000010 0.088498 0.000010 0.432826 0.000010 0.000010
0.041475 0.000010 0.037109 0.003275 0.000010 0.038979 0.159112 0.642916 0.000010 0.016366 0.000010 0.039820 0.014114 0.006794
0.008384 0.015993 0.019930 0.000010 0.018008 0.156841 0.000010 0.000010 0.000010 0.000010 0.000010 0.780764 0.000010 0.000010
0.044184 0.000010 0.000010 0.060232 0.000010 0.253160 0.032244 0.061139 0.000010 0.019793 0.000010 0.500076 0.029111 0.000010
0.000010 0.000010 0.028217 0.010995 0.014555 0.000010 0.000010 0.434765 0.000010 0.069809 0.038700 0.357447 0.037262 0.008202
0.000010 0.013745 0.000010 0.067454 0.000010 0.260497 0.000010 0.014701 0.000010 0.000010 0.000010 0.617015 0.003911 0.022607
0.046483 0.013333 0.000010 0.039758 0.063069 0.188573 0.051816 0.032288 0.029428 0.069949 0.000010 0.438521 0.026751 0.000010
0.132453 0.043687 0.059564 0.005946 0.153295 0.028425 0.052379 0.192339 0.000010 0.053564 0.010514 0.060177 0.083829 0.123817
0.120887 0.562302 0.000010 0.164081 0.000010 0.000010 0.000010 0.000010 0.000010 0.000010 0.000010 0.000010 0.000010 0.152631
0.290826 0.020352 0.000010 0.001790 0.033218 0.100807 0.015038 0.000010 0.042172 0.000010 0.000010 0.000010 0.029317 0.466430
0.034753 0.022269 0.000010 0.007185 0.000010 0.005019 0.048224 0.840294 0.002766 0.007763 0.003207 0.000010 0.028480 0.000010
0.044913 0.000010 0.000010 0.103245 0.170027 0.147776 0.030348 0.000010 0.021259 0.141006 0.000010 0.315907 0.025468 0.000010
0.028213 0.000010 0.070429 0.107142 0.143877 0.238543 0.000010 0.056951 0.035079 0.105979 0.032595 0.181154 0.000010 0.000010
0.000010 0.000010 0.053160 0.067522 0.277612 0.174555 0.000010 0.062088 0.028840 0.188795 0.001719 0.112422 0.033247 0.000010
0.000010 0.000010 0.034758 0.022675 0.000010 0.597044 0.046276 0.015868 0.023206 0.000010 0.000010 0.132779 0.127335 0.000010
0.051465 0.005789 0.026681 0.025867 0.015092 0.346901 0.014630 0.061422 0.000010 0.000010 0.000010 0.449074 0.003040 0.000010
0.000010 0.000010 0.000010 0.035878 0.016360 0.449604 0.058334 0.052360 0.000010 0.055566 0.000010 0.213464 0.090227 0.028157
0.000488 0.025104 0.000010 0.046439 0.034978 0.125354 0.000010 0.017192 0.038932 0.032037 0.000010 0.645477 0.033959 0.000010
0.012204 0.000010 0.046217 0.000010 0.000010 0.146499 0.000010 0.008833 0.000010 0.024374 0.000010 0.703401 0.039716 0.018696
0.000010 0.039965 0.031619 0.038279 0.008304 0.173619 0.000010 0.042983 0.000010 0.082716 0.023741 0.526526 0.032207 0.000010
0.000010 0.999870 0.000010 0.000010 0.000010 0.000010 0.000010 0.000010 0.000010 0.000010 0.000010 0.000010 0.000010 0.000010
0.064382 0.000010 0.019008 0.029249 0.013095 0.257951 0.000010 0.058841 0.016954 0.014147 0.000010 0.526323 0.000010 0.000010
0.048542 0.008557 0.017612 0.000010 0.059977 0.099973 0.000010 0.028117 0.000010 0.016461 0.014665 0.674775 0.031281 0.000010
0.000010 0.009040 0.011924 0.014482 0.000010 0.213734 0.000010 0.658564 0.000010 0.000010 0.000010 0.059424 0.000010 0.032762
0.000010 0.007091 0.008647 0.001092 0.009964 0.217878 0.004621 0.652335 0.000010 0.021515 0.000010 0.015396 0.024083 0.037349
0.000010 0.000010 0.000010 0.000010 0.000010 0.110972 0.051074 0.029599 0.045020 0.000010 0.000010 0.041591 0.719583 0.002091
0.006038 0.000010 0.009143 0.000010 0.000010 0.073027 0.182614 0.681203 0.000010 0.000010 0.000010 0.000010 0.000010 0.047894
0.000010 0.999870 0.000010 0.000010 0.000010 0.000010 0.000010 0.000010 0.000010 0.000010 0.000010 0.000010 0.000010 0.000010
0.000010 0.006615 0.081710 0.000010 0.037784 0.012219 0.000010 0.000010 0.088297 0.000010 0.717414 0.042491 0.013409 0.000010
0.000010 0.000010 0.000010 0.005224 0.000010 0.312615 0.000010 0.584499 0.000010 0.022661 0.000010 0.000010 0.039339 0.035582
0.000010 0.000010 0.012944 0.102431 0.117367 0.345127 0.000010 0.153382 0.000010 0.000010 0.010548 0.169340 0.069390 0.019420
0.000010 0.062275 0.052706 0.012985 0.000010 0.000010 0.000010 0.000010 0.054854 0.013937 0.781423 0.003940 0.000010 0.017820
0.000010 0.027461 0.002842 0.000010 0.007381 0.029048 0.000010 0.002968 0.028295 0.000010 0.809721 0.020130 0.047976 0.024138
0.003282 0.012571 0.035155 0.028037 0.000010 0.111115 0.000010 0.000010 0.086904 0.000010 0.722867 0.000010 0.000010 0.000010
0.000010 0.073144 0.000010 0.000010 0.008164 0.077686 0.000010 0.000010 0.032897 0.005303 0.792295 0.000010 0.010441 0.000010
0.017297 0.019602 0.026041 0.000010 0.044544 0.023183 0.000010 0.000010 0.059778 0.006464 0.779004 0.021020 0.003027 0.000010
0.000010 0.005821 0.000010 0.020373 0.055073 0.354457 0.104401 0.106170 0.000010 0.003205 0.272444 0.041665 0.000010 0.036350
0.000010 0.000010 0.000010 0.000010 0.999870 0.000010 0.000010 0.000010 0.000010 0.000010 0.000010 0.000010 0.000010 0.000010
0.000010 0.000010 0.000010 0.000010 0.999870 0.000010 0.000010 0.000010 0.000010 0.000010 0.000010 0.000010 0.000010 0.000010
0.007521 0.000010 0.000010 0.050251 0.047905 0.432852 0.040847 0.325972 0.034463 0.000010 0.000010 0.060129 0.000010 0.000010
0.024533 0.021750 0.000010 0.000010 0.000010 0.000010 0.086437 0.799524 0.000010 0.000010 0.025835 0.000010 0.000010 0.041841
0.000010 0.000010 0.000010 0.000010 0.999870 0.000010 0.000010 0.000010 0.000010 0.000010 0.000010 0.000010 0.000010 0.000010
0.000010 0.000010 0.000010 0.000010 0.041355 0.898545 0.000010 0.000010 0.000010 0.000010 0.000010 0.000010 0.040482 0.019518
0.000010 0.000010 0.000010 0.000010 0.973397 0.000010 0.000010 0.000010 0.000010 0.000010 0.000010 0.026483 0.000010 0.000010
0.000010 0.000010 0.025756 0.000010 0.000010 0.532809 0.032083 0.158411 0.000010 0.034496 0.000010 0.154067 0.047924 0.014394
0.000010 0.000010 0.000010 0.000010 0.000010 0.000010 0.000010 0.000010 0.000010 0.000010 0.000010 0.000010 0.000010 0.999870
0.000010 0.000010 0.010098 0.000010 0.015467 0.171884 0.000010 0.733561 0.000010 0.059793 0.000010 0.000010 0.000010 0.009117
0.475598 0.000010 0.000010 0.000010 0.446024 0.000010 0.000010 0.000010 0.000010 0.000010 0.000010 0.000010 0.000010 0.078268
0.000010 0.000010 0.051664 0.000010 0.000010 0.430130 0.000010 0.474408 0.000010 0.000010 0.000010 0.000010 0.000010 0.043698
0.000010 0.018816 0.032467 0.005647 0.028318 0.709894 0.000446 0.017568 0.000010 0.012488 0.000010 0.055933 0.064236 0.054158
0.013700 0.000010 0.000010 0.000010 0.032457 0.492471 0.040612 0.187223 0.015939 0.026641 0.000010 0.142284 0.029481 0.019150
0.000010 0.000010 0.000010 0.000010 0.004781 0.091541 0.037826 0.812470 0.025094 0.000010 0.000010 0.028208 0.000010 0.000010
0.006625 0.045783 0.350231 0.030915 0.236611 0.026062 0.000010 0.000010 0.064354 0.112046 0.000653 0.121851 0.004839 0.000010
0.000010 0.000010 0.000010 0.000010 0.005145 0.267087 0.114241 0.508870 0.000010 0.031379 0.000010 0.055023 0.018184 0.000010
0.012261 0.000010 0.034157 0.000010 0.000010 0.156020 0.026612 0.712298 0.000010 0.011425 0.000010 0.032053 0.015114 0.000010
0.000010 0.000010 0.000010 0.000010 0.000010 0.000010 0.000010 0.881315 0.000010 0.014290 0.000010 0.081024 0.000010 0.023271
0.020587 0.000010 0.013224 0.004130 0.035176 0.502811 0.049728 0.087504 0.000010 0.000010 0.000010 0.235276 0.051515 0.000010
0.000010 0.000010 0.010945 0.015923 0.043019 0.403880 0.000010 0.486682 0.000010 0.000010 0.000010 0.000010 0.000010 0.039471
0.000010 0.000010 0.000010 0.000010 0.000010 0.000010 0.000010 0.000010 0.000010 0.000010 0.000010 0.000010 0.000010 0.999870
0.000010 0.000010 0.000010 0.000010 0.000010 0.000010 0.000010 0.000010 0.000010 0.000010 0.000010 0.000010 0.000010 0.999870
0.023690 0.007110 0.000010 0.000010 0.004572 0.125904 0.000010 0.783790 0.002078 0.000010 0.001873 0.025339 0.025594 0.000010
0.000010 0.000010 0.000010 0.000010 0.000018 0.000010 0.000010 0.000010 0.000010 0.000010 0.000010 0.000010 0.000010 0.999862
0.023363 0.000010 0.022684 0.014282 0.000010 0.146131 0.063511 0.709895 0.000010 0.010983 0.009092 0.000010 0.000010 0.000010
0.000010 0.000010 0.000010 0.000010 0.000010 0.000010 0.000010 0.999870 0.000010 0.000010 0.000010 0.000010 0.000010 0.000010
0.000010 0.000010 0.000010 0.000010 0.000010 0.000010 0.000010 0.000010 0.000010 0.000010 0.000010 0.000010 0.000010 0.999870
0.000010 0.000010 0.000010 0.000010 0.000010 0.000010 0.000010 0.000010 0.000010 0.000010 0.000010 0.000010 0.000010 0.999870
0.000010 0.000010 0.000010 0.000010 0.000010 0.000010 0.000010 0.000010 0.000010 0.000010 0.000010 0.000010 0.000010 0.999870
0.000010 0.000010 0.000010 0.007099 0.000010 0.000010 0.000010 0.000010 0.000010 0.000010 0.000010 0.000010 0.000010 0.992781
0.259824 0.019319 0.000010 0.000010 0.000010 0.000010 0.000010 0.000010 0.025087 0.000010 0.000010 0.048011 0.000010 0.647669
0.079317 0.000010 0.054955 0.000010 0.000010 0.641401 0.000010 0.087555 0.000010 0.020714 0.048456 0.067532 0.000010 0.000010
0.024638 0.000010 0.000010 0.000010 0.000010 0.635181 0.064680 0.064168 0.005934 0.053612 0.000010 0.117570 0.002236 0.031932
0.000010 0.000010 0.000010 0.000010 0.000010 0.000011 0.000010 0.000010 0.000010 0.000012 0.000010 0.000010 0.000010 0.999867
0.076252 0.021172 0.000010 0.022419 0.000010 0.149026 0.260696 0.374973 0.000010 0.000010 0.000010 0.000010 0.000010 0.095392
0.041243 0.000010 0.000010 0.000010 0.000010 0.248606 0.000010 0.668331 0.000010 0.008409 0.000010 0.000010 0.033320 0.000010
0.000010 0.000010 0.000010 0.000010 0.000010 0.000012 0.000010 0.000010 0.000010 0.000010 0.000010 0.000010 0.000010 0.999868
0.026106 0.000215 0.016311 0.023370 0.000010 0.000010 0.000010 0.000010 0.000301 0.000010 0.000010 0.000010 0.020241 0.913386
0.000010 0.000010 0.000010 0.000010 0.000010 0.000010 0.000010 0.000010 0.000010 0.000010 0.000010 0.000010 0.000010 0.999870
0.046192 0.050394 0.005945 0.025525 0.000010 0.205591 0.092653 0.099978 0.033039 0.014642 0.000010 0.198555 0.227456 0.000010
0.039057 0.000010 0.000010 0.000010 0.000010 0.609507 0.000010 0.112453 0.000010 0.000010 0.000010 0.172952 0.031439 0.034512
0.000010 0.000010 0.000010 0.000010 0.000010 0.641574 0.000010 0.084158 0.028458 0.033037 0.000010 0.148750 0.028288 0.035664
0.038278 0.000010 0.000010 0.000010 0.000010 0.620412 0.016483 0.012727 0.000010 0.002422 0.000010 0.266237 0.030573 0.012809
0.657683 0.000019 0.000010 0.000010 0.000010 0.000010 0.000010 0.000010 0.000010 0.000010 0.000010 0.000010 0.000010 0.342188
0.000010 0.201606 0.000010 0.055451 0.000010 0.000010 0.000010 0.040051 0.000010 0.000010 0.285609 0.000010 0.000010 0.417192
0.000010 0.000010 0.000010 0.000010 0.000010 0.000010 0.000010 0.000010 0.000010 0.000010 0.000010 0.000010 0.000010 0.999870
0.000010 0.000010 0.000010 0.000010 0.000010 0.000010 0.000010 0.000010 0.000010 0.000010 0.000010 0.000010 0.000010 0.999870
0.000010 0.000010 0.000010 0.000014 0.000010 0.000010 0.000010 0.000010 0.000010 0.000010 0.000011 0.000010 0.000010 0.999865
0.029270 0.000010 0.000010 0.000020 0.000010 0.000010 0.000010 0.000010 0.000010 0.000010 0.000010 0.000010 0.000010 0.970600
0.000010 0.000010 0.000010 0.000010 0.000010 0.000010 0.000010 0.000010 0.000010 0.000010 0.000010 0.000010 0.000010 0.999870
0.000010 0.000010 0.000010 0.000010 0.000010 0.000010 0.000010 0.000010 0.000010 0.000010 0.000010 0.000010 0.000010 0.999870
0.050385 0.049446 0.000010 0.000010 0.000010 0.230308 0.000010 0.202135 0.036482 0.019632 0.000010 0.118659 0.292894 0.000010
0.000010 0.000010 0.000010 0.000010 0.000010 0.000010 0.000010 0.000010 0.000010 0.000010 0.000010 0.000010 0.000010 0.999870
0.240345 0.007165 0.005128 0.000010 0.005297 0.000010 0.013922 0.000010 0.037019 0.000010 0.000010 0.000010 0.000010 0.691054
0.000010 0.015387 0.000010 0.000010 0.000010 0.091247 0.012501 0.861328 0.003340 0.000010 0.000010 0.011693 0.004435 0.000010
0.650520 0.000010 0.000010 0.000010 0.000010 0.000010 0.000010 0.000010 0.000010 0.000010 0.000010 0.000010 0.000010 0.349360
0.506873 0.000010 0.000010 0.023558 0.000010 0.000010 0.173809 0.076529 0.000010 0.034049 0.000010 0.000010 0.033165 0.151947
0.000010 0.000010 0.000012 0.000010 0.000010 0.000012 0.000010 0.000010 0.000010 0.000010 0.000010 0.000010 0.000010 0.999866
0.000010 0.000010 0.000010 0.000010 0.000010 0.000010 0.000019 0.000010 0.000010 0.000010 0.000010 0.000010 0.000010 0.999861
0.000010 0.000010 0.000010 0.000010 0.000010 0.000010 0.000010 0.000010 0.000010 0.000010 0.000010 0.000010 0.000010 0.999870
0.000010 0.000010 0.000010 0.000010 0.000010 0.000015 0.000010 0.000010 0.000010 0.000010 0.000010 0.000010 0.000010 0.999865
0.164374 0.000010 0.000010 0.000010 0.000010 0.000010 0.000010 0.000010 0.000010 0.000010 0.000010 0.000010 0.000010 0.835506
0.000010 0.000010 0.000010 0.000010 0.000010 0.000010 0.000010 0.000010 0.000010 0.000010 0.000010 0.000010 0.000010 0.999870
0.000010 0.000010 0.000010 0.000010 0.000010 0.000010 0.000010 0.000010 0.000010 0.000010 0.000010 0.000010 0.999870 0.000010
0.000010 0.000010 0.000010 0.000010 0.000010 0.000010 0.000010 0.000010 0.999870 0.000010 0.000010 0.000010 0.000010 0.000010
0.000010 0.000010 0.000010 0.000010 0.000010 0.000010 0.000010 0.000010 0.999870 0.000010 0.000010 0.000010 0.000010 0.000010
0.000010 0.000010 0.000010 0.000010 0.000010 0.000010 0.000010 0.000010 0.999870 0.000010 0.000010 0.000010 0.000010 0.000010
0.000010 0.000010 0.000013 0.000010 0.000010 0.000010 0.000010 0.000010 0.000010 0.000010 0.000010 0.000010 0.000010 0.999867
0.000010 0.000020 0.000012 0.000010 0.000010 0.000010 0.000010 0.000010 0.000010 0.000010 0.000010 0.000010 0.000010 0.999858
0.000010 0.000010 0.000010 0.000010 0.000010 0.000010 0.000010 0.000010 0.999870 0.000010 0.000010 0.000010 0.000010 0.000010
0.000010 0.000010 0.000010 0.000010 0.000010 0.000010 0.000010 0.011355 0.988525 0.000010 0.000010 0.000010 0.000010 0.000010
0.000010 0.000010 0.000010 0.000010 0.000010 0.000010 0.000010 0.000010 0.999870 0.000010 0.000010 0.000010 0.000010 0.000010
0.000010 0.000010 0.000010 0.000010 0.000010 0.000010 0.000010 0.000010 0.000010 0.000010 0.000010 0.000010 0.000010 0.999870
0.000010 0.000015 0.000010 0.000010 0.000010 0.000010 0.000010 0.000010 0.000010 0.000010 0.000010 0.000010 0.000010 0.999865
0.000010 0.000010 0.811956 0.000010 0.187924 0.000010 0.000010 0.000010 0.000010 0.000010 0.000010 0.000010 0.000010 0.000010
0.000010 0.000010 0.000010 0.000010 0.000013 0.000010 0.000010 0.000010 0.000018 0.000010 0.000010 0.000010 0.000010 0.999859
0.000010 0.000010 0.000010 0.000010 0.000010 0.000010 0.002519 0.092558 0.000010 0.904813 0.000010 0.000010 0.000010 0.000010
0.000010 0.000010 0.000010 0.999870 0.000010 0.000010 0.000010 0.000010 0.000010 0.000010 0.000010 0.000010 0.000010 0.000010
0.000010 0.000010 0.000010 0.999870 0.000010 0.000010 0.000010 0.000010 0.000010 0.000010 0.000010 0.000010 0.000010 0.000010
0.000010 0.000010 0.000010 0.000010 0.010044 0.102716 0.145986 0.567408 0.000010 0.057049 0.000010 0.116718 0.000010 0.000010
0.000010 0.000010 0.000010 0.999870 0.000010 0.000010 0.000010 0.000010 0.000010 0.000010 0.000010 0.000010 0.000010 0.000010
0.011521 0.000010 0.000010 0.000010 0.000010 0.000010 0.000010 0.000010 0.000010 0.064291 0.924078 0.000010 0.000010 0.000010
0.000010 0.053888 0.092430 0.055264 0.283115 0.081129 0.000010 0.000010 0.037020 0.110019 0.098375 0.142874 0.017926 0.027930
0.094739 0.023464 0.000010 0.000010 0.000010 0.026117 0.292806 0.371866 0.000010 0.055854 0.000010 0.110760 0.024334 0.000010
0.000010 0.048710 0.000010 0.044190 0.155024 0.042995 0.069143 0.024591 0.522396 0.000010 0.036787 0.023695 0.011684 0.020756
0.264320 0.000010 0.000010 0.000010 0.000010 0.000010 0.629765 0.000010 0.000010 0.000010 0.000010 0.000010 0.000010 0.105806
0.089437 0.000010 0.000010 0.000010 0.000010 0.000010 0.649391 0.000010 0.000010 0.000010 0.000010 0.000010 0.000010 0.261063
0.008989 0.007570 0.000010 0.000010 0.000010 0.148346 0.039334 0.784572 0.011109 0.000010 0.000010 0.000010 0.000010 0.000010
0.417512 0.037886 0.025237 0.000010 0.000010 0.007889 0.000731 0.000010 0.042536 0.072892 0.000010 0.012350 0.010846 0.372080
0.048947 0.051805 0.009736 0.000010 0.026346 0.263688 0.027704 0.348299 0.000010 0.008185 0.000010 0.177275 0.037974 0.000010
0.031590 0.014446 0.000010 0.000010 0.000010 0.107148 0.027062 0.761093 0.000010 0.000010 0.000010 0.000010 0.012537 0.046053
0.214983 0.000010 0.028164 0.021741 0.000010 0.055525 0.144301 0.380410 0.000010 0.000622 0.000010 0.000010 0.000010 0.154194
0.001386 0.000010 0.000390 0.033619 0.375818 0.203244 0.000010 0.000010 0.000010 0.138710 0.000010 0.244551 0.002221 0.000010
0.064087 0.009402 0.031429 0.000546 0.000010 0.484432 0.000010 0.360098 0.000010 0.036045 0.000010 0.000010 0.006558 0.007353
0.000010 0.000010 0.047396 0.000010 0.031759 0.590682 0.000010 0.010588 0.000010 0.112789 0.000010 0.153200 0.043423 0.010103
0.000010 0.000010 0.015903 0.034499 0.147213 0.056740 0.000010 0.033789 0.573602 0.031530 0.097046 0.000010 0.000010 0.009628
0.324650 0.000010 0.000010 0.000010 0.000010 0.000010 0.018925 0.000010 0.017787 0.000010 0.000010 0.000010 0.000010 0.638539
0.015003 0.000010 0.025069 0.007245 0.119295 0.104294 0.033784 0.000010 0.525589 0.000010 0.169661 0.000010 0.000010 0.000010
0.000010 0.000010 0.000010 0.000010 0.000010 0.000010 0.000010 0.000010 0.999870 0.000010 0.000010 0.000010 0.000010 0.000010
0.000010 0.012496 0.000010 0.013433 0.000116 0.338412 0.095657 0.388630 0.000010 0.000010 0.028160 0.069014 0.054033 0.000010
0.000010 0.000010 0.036167 0.019682 0.038865 0.321073 0.000010 0.580089 0.000010 0.000010 0.000010 0.000010 0.000010 0.004044
0.000010 0.000010 0.350435 0.000010 0.000010 0.000010 0.000010 0.000010 0.000010 0.000010 0.649445 0.000010 0.000010 0.000010
0.049367 0.002314 0.024379 0.000010 0.000010 0.300181 0.012310 0.510687 0.003338 0.029347 0.033721 0.000010 0.034315 0.000010
0.009892 0.004908 0.000010 0.000010 0.014675 0.237699 0.000010 0.681645 0.014989 0.022065 0.000010 0.000010 0.000010 0.014068
0.000010 0.012553 0.000010 0.010423 0.000010 0.040944 0.000010 0.858520 0.000010 0.000010 0.000019 0.032542 0.044928 0.000010
0.000010 0.040811 0.000010 0.000010 0.234989 0.097255 0.209630 0.009427 0.055300 0.078564 0.037403 0.236572 0.000010 0.000010
0.000010 0.000010 0.000010 0.000010 0.999870 0.000010 0.000010 0.000010 0.000010 0.000010 0.000010 0.000010 0.000010 0.000010
0.018075 0.016349 0.025895 0.010668 0.020200 0.144898 0.000010 0.482218 0.000010 0.064338 0.000010 0.046961 0.147746 0.022623
0.000010 0.000010 0.000010 0.000010 0.000010 0.000010 0.000010 0.000010 0.999870 0.000010 0.000010 0.000010 0.000010 0.000010
0.000010 0.034271 0.000010 0.000010 0.094033 0.725154 0.045669 0.000010 0.000010 0.000221 0.014926 0.000010 0.060809 0.024856
0.022378 0.000010 0.000010 0.023550 0.000010 0.095315 0.262783 0.475016 0.000010 0.027878 0.000010 0.055738 0.000010 0.037282
0.000010 0.022525 0.026187 0.180978 0.000010 0.000010 0.044614 0.000010 0.351554 0.000010 0.238675 0.119723 0.000010 0.015683
0.020388 0.049074 0.042289 0.000010 0.091703 0.610329 0.000010 0.065009 0.024762 0.000010 0.010311 0.070668 0.015427 0.000010
0.000010 0.000010 0.000010 0.000010 0.000010 0.000010 0.000010 0.000010 0.000010 0.000010 0.000010 0.000010 0.000010 0.999870
0.055946 0.038713 0.000010 0.007436 0.000010 0.155149 0.128492 0.520119 0.000010 0.062805 0.000010 0.000010 0.031279 0.000010
0.039993 0.010466 0.000010 0.000918 0.000010 0.223565 0.103393 0.530710 0.000010 0.048631 0.000010 0.000010 0.042265 0.000010
0.035786 0.042566 0.007935 0.000010 0.062381 0.332503 0.024869 0.493889 0.000010 0.000010 0.000010 0.000010 0.000010 0.000010
0.000010 0.019364 0.000010 0.000010 0.000010 0.071174 0.000010 0.737640 0.000010 0.119553 0.000010 0.032248 0.000010 0.019940
0.000010 0.000894 0.000010 0.000010 0.007529 0.000010 0.600907 0.147648 0.035461 0.020444 0.000010 0.125992 0.000010 0.061067
0.081733 0.008373 0.028334 0.019504 0.000010 0.385414 0.061463 0.114044 0.069583 0.100945 0.000010 0.043381 0.087196 0.000010
0.000010 0.000010 0.058807 0.000010 0.000010 0.066246 0.030869 0.843978 0.000010 0.000010 0.000010 0.000010 0.000010 0.000010
0.000010 0.000010 0.000010 0.000010 0.000010 0.000010 0.000010 0.968180 0.000010 0.000010 0.000010 0.000010 0.000010 0.031700
0.050421 0.000010 0.000010 0.012298 0.037260 0.429380 0.087625 0.067392 0.038301 0.011721 0.000010 0.026104 0.239457 0.000010
0.089870 0.000010 0.000010 0.000010 0.000010 0.042934 0.104396 0.681711 0.000010 0.000010 0.000010 0.000010 0.015327 0.065682
0.130486 0.035667 0.029967 0.014027 0.000010 0.425408 0.056133 0.006406 0.029476 0.000010 0.000010 0.154518 0.117872 0.000010
0.043916 0.005977 0.000010 0.006620 0.024747 0.138494 0.019773 0.714730 0.008008 0.000010 0.002911 0.000010 0.007223 0.027569
0.013667 0.000010 0.002387 0.020447 0.000010 0.203606 0.021150 0.649232 0.000010 0.000010 0.000010 0.031139 0.032863 0.025458
0.000010 0.033572 0.000010 0.000010 0.018853 0.752999 0.091067 0.000010 0.037579 0.000010 0.026234 0.032714 0.000010 0.006921
0.000010 0.000010 0.000010 0.000010 0.021255 0.010641 0.035157 0.878172 0.012718 0.009816 0.000010 0.032170 0.000010 0.000010
0.192057 0.000010 0.000010 0.033956 0.000010 0.098322 0.231308 0.256242 0.013203 0.000010 0.000010 0.000010 0.004119 0.170734
0.000010 0.000010 0.000010 0.000010 0.000010 0.141950 0.029795 0.787976 0.015579 0.006925 0.000010 0.000010 0.000010 0.017696
0.143890 0.000010 0.000010 0.009089 0.000010 0.046160 0.239359 0.352579 0.000010 0.000010 0.000010 0.000010 0.002377 0.206475
0.000010 0.019096 0.000010 0.036356 0.008690 0.124987 0.051669 0.542005 0.000010 0.021419 0.000010 0.084544 0.111184 0.000010
0.021107 0.000010 0.010931 0.001494 0.000010 0.046639 0.073961 0.779820 0.000010 0.000010 0.000010 0.031482 0.000010 0.034504
0.015150 0.000010 0.000010 0.011637 0.000010 0.234726 0.077221 0.601840 0.000010 0.044769 0.000010 0.000010 0.004333 0.010264
0.000010 0.000010 0.000010 0.000010 0.000010 0.000010 0.735136 0.000010 0.000010 0.000010 0.000010 0.000010 0.000010 0.264744
0.000010 0.000010 0.000010 0.000010 0.000010 0.000010 0.999870 0.000010 0.000010 0.000010 0.000010 0.000010 0.000010 0.000010
0.000010 0.000010 0.999869 0.000010 0.000010 0.000011 0.000010 0.000010 0.000010 0.000010 0.000010 0.000010 0.000010 0.000010
0.161580 0.000010 0.131940 0.000010 0.000010 0.000010 0.706371 0.000010 0.000010 0.000010 0.000010 0.000010 0.000010 0.000010
0.099139 0.000010 0.112599 0.000010 0.000010 0.000010 0.652673 0.000010 0.000010 0.000010 0.000010 0.000010 0.000010 0.135489
0.000010 0.000010 0.000010 0.000010 0.000010 0.000010 0.998364 0.000010 0.001516 0.000010 0.000010 0.000010 0.000010 0.000010
0.000010 0.000010 0.027124 0.000010 0.394486 0.000010 0.512831 0.000010 0.000010 0.000013 0.000010 0.054048 0.000010 0.011417
0.171008 0.012069 0.055887 0.004618 0.000010 0.097304 0.552401 0.030463 0.000010 0.000010 0.000010 0.000010 0.022848 0.053352
0.000010 0.000010 0.999870 0.000010 0.000010 0.000010 0.000010 0.000010 0.000010 0.000010 0.000010 0.000010 0.000010 0.000010
0.001464 0.000010 0.015941 0.019645 0.112597 0.084098 0.000010 0.446992 0.000010 0.015722 0.000010 0.049167 0.254324 0.000010
0.000010 0.000010 0.000010 0.000010 0.000010 0.000010 0.999870 0.000010 0.000010 0.000010 0.000010 0.000010 0.000010 0.000010
0.000010 0.000010 0.683256 0.000010 0.000010 0.000010 0.316624 0.000010 0.000010 0.000010 0.000010 0.000010 0.000010 0.000010
0.000010 0.000010 0.000010 0.000010 0.876587 0.000010 0.000010 0.000010 0.045307 0.060099 0.007677 0.000010 0.000010 0.010240
0.000010 0.000010 0.000010 0.160234 0.015547 0.000010 0.000010 0.000010 0.442503 0.052853 0.185267 0.066934 0.076592 0.000010
0.000010 0.027589 0.000010 0.168201 0.007457 0.000010 0.000010 0.000010 0.462552 0.038673 0.196491 0.070942 0.018310 0.009736
0.000010 0.000010 0.000010 0.000010 0.999870 0.000010 0.000010 0.000010 0.000010 0.000010 0.000010 0.000010 0.000010 0.000010
0.000010 0.000010 0.015217 0.000010 0.000010 0.000010 0.917435 0.067238 0.000010 0.000010 0.000010 0.000010 0.000010 0.000010
0.000010 0.000010 0.007544 0.000010 0.000010 0.000010 0.992336 0.000010 0.000010 0.000010 0.000010 0.000010 0.000010 0.000010
0.000010 0.000010 0.820788 0.000010 0.000010 0.000010 0.179092 0.000010 0.000010 0.000010 0.000010 0.000010 0.000010 0.000010
0.000010 0.000010 0.000010 0.394384 0.024035 0.000010 0.009893 0.000010 0.152991 0.036709 0.210808 0.141258 0.029861 0.000010
0.000010 0.000010 0.000010 0.999870 0.000010 0.000010 0.000010 0.000010 0.000010 0.000010 0.000010 0.000010 0.000010 0.000010
0.005623 0.054203 0.058204 0.000010 0.048210 0.058951 0.000010 0.000010 0.079002 0.000010 0.695736 0.000010 0.000010 0.000010
0.000010 0.000010 0.013883 0.000010 0.000010 0.000010 0.884035 0.030930 0.030279 0.001686 0.000010 0.039107 0.000010 0.000010
0.037183 0.006757 0.016342 0.000010 0.000010 0.076721 0.021179 0.841738 0.000010 0.000010 0.000010 0.000010 0.000010 0.000010
0.007186 0.000010 0.012020 0.000010 0.000010 0.117424 0.030600 0.702156 0.000010 0.035498 0.000010 0.062635 0.022833 0.009597
0.041654 0.014350 0.000010 0.000010 0.040674 0.211308 0.000010 0.000010 0.052969 0.012919 0.000010 0.601201 0.012333 0.012543
0.000010 0.000010 0.000621 0.000010 0.000010 0.217407 0.000010 0.000771 0.068939 0.000010 0.000010 0.637609 0.042013 0.032569
0.000010 0.000010 0.004824 0.000010 0.000010 0.026387 0.061621 0.854921 0.000010 0.002811 0.000010 0.026062 0.023304 0.000010
0.247589 0.000010 0.000010 0.035385 0.000010 0.006447 0.264210 0.198873 0.000010 0.000010 0.000010 0.000010 0.071169 0.176258
0.057014 0.000010 0.015190 0.002416 0.000010 0.344715 0.147984 0.221680 0.000010 0.011073 0.000010 0.053561 0.050995 0.095331
0.088751 0.000010 0.081990 0.019183 0.010677 0.195868 0.070736 0.391805 0.007487 0.000010 0.000010 0.133453 0.000010 0.000010
0.000010 0.999863 0.000010 0.000017 0.000010 0.000010 0.000010 0.000010 0.000010 0.000010 0.000010 0.000010 0.000010 0.000010
0.042400 0.003914 0.009697 0.000010 0.029011 0.246576 0.010759 0.583728 0.000010 0.031408 0.000010 0.026232 0.016233 0.000010
0.025741 0.000010 0.038477 0.000010 0.000010 0.037658 0.000010 0.898024 0.000010 0.000010 0.000010 0.000010 0.000010 0.000010
0.000010 0.000010 0.037116 0.000010 0.057542 0.442608 0.000010 0.394407 0.010271 0.006688 0.000010 0.000010 0.010776 0.040531
0.000010 0.000010 0.000010 0.014836 0.000010 0.194398 0.000010 0.621135 0.000010 0.051235 0.000010 0.063197 0.033466 0.021663
0.033878 0.000010 0.001991 0.000010 0.000010 0.488144 0.000010 0.403763 0.000010 0.024245 0.000010 0.000010 0.000010 0.047900
0.028531 0.000010 0.015128 0.000010 0.000010 0.360287 0.000010 0.343424 0.024690 0.005655 0.024917 0.160310 0.014783 0.022234
0.000010 0.000010 0.999870 0.000010 0.000010 0.000010 0.000010 0.000010 0.000010 0.000010 0.000010 0.000010 0.000010 0.000010
0.000010 0.000010 0.017325 0.000010 0.000010 0.011778 0.099735 0.558842 0.006825 0.017487 0.000010 0.262849 0.011184 0.013925
0.000010 0.000010 0.000010 0.000010 0.005575 0.241174 0.000010 0.643434 0.019131 0.002079 0.000010 0.060906 0.005571 0.022071
0.023425 0.003401 0.004725 0.000010 0.000010 0.179699 0.050557 0.616184 0.000010 0.004447 0.000010 0.101171 0.013814 0.002537
0.002636 0.000010 0.010053 0.031273 0.000010 0.427579 0.061557 0.174127 0.033460 0.000010 0.000010 0.154121 0.062924 0.042230
0.000010 0.000010 0.000010 0.000010 0.010935 0.000010 0.057488 0.895235 0.012885 0.000010 0.006788 0.016589 0.000010 0.000010
0.019150 0.000010 0.000010 0.000010 0.000010 0.000010 0.000010 0.125586 0.000010 0.855153 0.000010 0.000010 0.000010 0.000010
0.015199 0.000010 0.000010 0.077271 0.000010 0.534180 0.000010 0.029908 0.033286 0.000010 0.000010 0.273873 0.004032 0.032191
0.000010 0.000010 0.046765 0.055510 0.000010 0.251370 0.000010 0.124199 0.041887 0.078273 0.000010 0.348591 0.048080 0.005274
0.047533 0.000010 0.017797 0.050529 0.033095 0.296906 0.027864 0.064135 0.061844 0.000010 0.000010 0.353123 0.040135 0.007010
0.000010 0.000010 0.000010 0.000010 0.016668 0.432817 0.038210 0.187742 0.000010 0.000010 0.000010 0.260576 0.052186 0.011731
0.002349 0.000010 0.002241 0.004199 0.000010 0.101465 0.015858 0.840730 0.000010 0.000010 0.000010 0.024282 0.006988 0.001839
0.015983 0.000010 0.001679 0.026123 0.000010 0.126307 0.034830 0.726684 0.000010 0.020845 0.000010 0.045371 0.002103 0.000035
0.000010 0.000010 0.000010 0.000010 0.028467 0.000010 0.000010 0.763071 0.000010 0.000010 0.000010 0.206872 0.000010 0.001490
0.000010 0.000010 0.000010 0.000010 0.000010 0.000010 0.000010 0.856087 0.000010 0.000010 0.000010 0.127038 0.016675 0.000100
0.000010 0.000010 0.000010 0.053196 0.032014 0.306346 0.000010 0.176733 0.000010 0.099600 0.000010 0.262548 0.043445 0.026058
0.166114 0.013366 0.022148 0.016571 0.014896 0.076509 0.069307 0.047623 0.000010 0.000010 0.000010 0.188552 0.046565 0.338319
0.068157 0.001844 0.000010 0.027010 0.023732 0.113474 0.174724 0.435905 0.002073 0.045312 0.000010 0.072457 0.035283 0.000010
0.042699 0.000010 0.016204 0.049623 0.000010 0.151540 0.237483 0.413061 0.000010 0.000010 0.000010 0.000010 0.000010 0.089320
0.000010 0.000010 0.007763 0.000010 0.000010 0.000010 0.000010 0.049968 0.000010 0.026650 0.016028 0.850727 0.013844 0.034949
0.036023 0.000010 0.000010 0.000010 0.000010 0.077998 0.000010 0.838410 0.000010 0.022744 0.000010 0.000010 0.024735 0.000010
0.000010 0.037854 0.011245 0.000010 0.037448 0.656637 0.177663 0.000010 0.036322 0.026224 0.000010 0.000010 0.016548 0.000010
0.010677 0.000010 0.032500 0.001710 0.000010 0.259979 0.000010 0.674516 0.000010 0.000010 0.000010 0.000010 0.013849 0.006698
0.000010 0.000010 0.000010 0.000010 0.000010 0.000010 0.000010 0.999870 0.000010 0.000010 0.000010 0.000010 0.000010 0.000010
0.000010 0.000010 0.000010 0.000010 0.034544 0.038819 0.043521 0.660233 0.000010 0.182045 0.000010 0.000010 0.040759 0.000010
0.070328 0.000010 0.000010 0.000017 0.012154 0.468625 0.023085 0.023420 0.000010 0.048680 0.029521 0.268545 0.026556 0.029040
0.000010 0.000010 0.000010 0.000010 0.000010 0.000010 0.000010 0.999870 0.000010 0.000010 0.000010 0.000010 0.000010 0.000010
0.000010 0.000010 0.000010 0.000010 0.035233 0.000010 0.000010 0.001779 0.000010 0.007388 0.000010 0.906580 0.048930 0.000010
0.036082 0.000010 0.000010 0.000010 0.016103 0.000010 0.045079 0.027436 0.000010 0.000010 0.026256 0.842557 0.006418 0.000010
0.000010 0.000010 0.026471 0.007033 0.000010 0.000010 0.000010 0.000010 0.000010 0.017836 0.000010 0.909651 0.038919 0.000010
0.000010 0.000010 0.006352 0.000010 0.000010 0.000010 0.000216 0.000010 0.000010 0.050963 0.000010 0.920893 0.005500 0.015996
0.000010 0.031870 0.025510 0.000010 0.000010 0.060116 0.084474 0.000010 0.000010 0.000010 0.000010 0.797940 0.000010 0.000010
0.259236 0.000010 0.000010 0.000010 0.000010 0.000010 0.030621 0.000010 0.005418 0.000010 0.000010 0.074686 0.000010 0.629949
0.035380 0.000010 0.000010 0.015612 0.028255 0.171219 0.113910 0.493631 0.000010 0.005046 0.000010 0.128336 0.008561 0.000010
0.025455 0.000010 0.017247 0.000010 0.000010 0.000010 0.072711 0.870214 0.000010 0.000010 0.000010 0.000010 0.014284 0.000010
0.015222 0.000010 0.000010 0.000010 0.000010 0.000010 0.000010 0.745927 0.000010 0.000010 0.000010 0.238741 0.000010 0.000010
0.011409 0.000010 0.020275 0.008411 0.000010 0.064385 0.080529 0.633122 0.000010 0.093804 0.000010 0.053337 0.034677 0.000010
0.000010 0.000010 0.042476 0.000010 0.000010 0.039915 0.017461 0.898272 0.000010 0.001784 0.000010 0.000010 0.000010 0.000010
0.000010 0.000010 0.007229 0.000010 0.000010 0.057613 0.000010 0.001774 0.000010 0.000010 0.000010 0.931494 0.000010 0.001800
0.009413 0.000010 0.007861 0.003570 0.013075 0.036792 0.000010 0.888493 0.005109 0.035627 0.000010 0.000010 0.000010 0.000010
0.000010 0.018922 0.000010 0.000010 0.000010 0.615080 0.011953 0.085237 0.000010 0.000010 0.023244 0.200040 0.000112 0.045351
0.000010 0.000010 0.000010 0.000010 0.000010 0.000010 0.000010 0.000010 0.000010 0.000010 0.000010 0.000010 0.000010 0.999870
0.000010 0.000010 0.000010 0.041763 0.435192 0.089711 0.000010 0.000084 0.000010 0.085332 0.015460 0.301277 0.031122 0.000010
0.017359 0.000010 0.000010 0.022155 0.020278 0.317283 0.022477 0.040739 0.000010 0.094144 0.000010 0.408678 0.025015 0.031833
0.000010 0.000010 0.000010 0.000010 0.000010 0.015883 0.019077 0.305929 0.000010 0.000010 0.000010 0.633463 0.014628 0.010940
0.003636 0.000010 0.012408 0.083742 0.043406 0.237139 0.000010 0.025453 0.009473 0.062106 0.013330 0.476454 0.032822 0.000010
0.000010 0.008169 0.010299 0.000010 0.077230 0.000010 0.017882 0.000010 0.014214 0.013644 0.026404 0.828174 0.000010 0.003934
0.030278 0.039069 0.000014 0.050389 0.000010 0.143898 0.000010 0.081034 0.000010 0.001794 0.000010 0.640503 0.000862 0.012120
