0.000010 0.000010 0.066085 0.000010 0.000010 0.015139 0.007859 0.383042 0.000010 0.359231 0.041187 0.027752 0.000010 0.099594 0.000010 0.000010 0.000010 0.000010 0.000010
0.000010 0.050024 0.000010 0.035573 0.015727 0.000010 0.000010 0.681811 0.020790 0.140301 0.000010 0.000010 0.019151 0.003170 0.000010 0.033354 0.000010 0.000010 0.000010
0.046671 0.001213 0.000010 0.009996 0.230796 0.025086 0.000010 0.278721 0.000010 0.323777 0.004632 0.000010 0.000010 0.027233 0.017166 0.000010 0.000010 0.034630 0.000010
0.000010 0.377887 0.607063 0.000010 0.000010 0.000010 0.014890 0.000010 0.000010 0.000010 0.000010 0.000010 0.000010 0.000010 0.000010 0.000010 0.000010 0.000010 0.000010
0.018809 0.000010 0.000010 0.000010 0.034058 0.019680 0.028444 0.631979 0.000010 0.149271 0.000010 0.000010 0.008233 0.000010 0.000010 0.061898 0.000010 0.000010 0.047527
0.010647 0.030316 0.000010 0.000010 0.017014 0.001401 0.012945 0.144603 0.000010 0.697002 0.000010 0.000010 0.000010 0.037469 0.000010 0.005252 0.010128 0.012348 0.020805
0.000010 0.169475 0.269897 0.000010 0.000010 0.000010 0.000010 0.000010 0.019015 0.219742 0.283921 0.000010 0.000010 0.012574 0.000010 0.000010 0.012153 0.013113 0.000010
0.000010 0.008518 0.006241 0.000010 0.000010 0.000010 0.000010 0.012421 0.000010 0.877079 0.000010 0.000010 0.056339 0.000010 0.000010 0.000010 0.039272 0.000010 0.000010
0.013928 0.037024 0.040712 0.000010 0.000010 0.050563 0.031981 0.593018 0.000010 0.008644 0.000010 0.000010 0.049925 0.159447 0.000010 0.014669 0.000010 0.000010 0.000010
0.000010 0.012230 0.004713 0.000010 0.000010 0.025971 0.000010 0.086500 0.000010 0.805129 0.000010 0.000010 0.055825 0.006963 0.000010 0.000010 0.000010 0.002559 0.000010
0.015597 0.000010 0.000010 0.000010 0.000010 0.185793 0.000010 0.154766 0.018531 0.532067 0.000010 0.000010 0.059805 0.033321 0.000010 0.000010 0.000010 0.000010 0.000010
0.008679 0.000010 0.000010 0.000010 0.103203 0.044361 0.001317 0.321239 0.016901 0.302869 0.000010 0.034752 0.000010 0.139243 0.000010 0.000010 0.021437 0.000010 0.005920
0.000010 0.158931 0.000010 0.000010 0.080494 0.000010 0.064688 0.100261 0.000010 0.000010 0.017860 0.043259 0.053609 0.267418 0.000010 0.000010 0.034204 0.088455 0.090741
0.014853 0.251275 0.278926 0.000010 0.006312 0.012061 0.004074 0.000386 0.000010 0.000010 0.035241 0.019972 0.012721 0.301984 0.000010 0.000010 0.014858 0.031414 0.015874
0.000010 0.022053 0.000010 0.017034 0.000010 0.045138 0.000010 0.033433 0.000010 0.860867 0.005309 0.000010 0.004256 0.000010 0.000010 0.000010 0.000010 0.000010 0.011800
0.000010 0.000010 0.012665 0.032203 0.077272 0.000010 0.018894 0.386303 0.000010 0.292912 0.034038 0.011032 0.006283 0.063640 0.009920 0.000010 0.000010 0.028687 0.026091
0.000010 0.000010 0.011970 0.000010 0.074843 0.012924 0.000010 0.126446 0.000010 0.642129 0.023769 0.000010 0.016220 0.023450 0.000010 0.046378 0.000010 0.021782 0.000010
0.000010 0.120512 0.176911 0.000010 0.000010 0.014427 0.000010 0.014520 0.000010 0.405715 0.209660 0.000010 0.000010 0.000010 0.000010 0.000010 0.041383 0.016761 0.000010
0.000010 0.000010 0.000010 0.000010 0.000010 0.027433 0.011215 0.000010 0.000010 0.246825 0.003801 0.000010 0.648677 0.000010 0.000010 0.000010 0.045918 0.016012 0.000010
0.000010 0.000010 0.000010 0.879853 0.000010 0.000010 0.008009 0.000010 0.000010 0.000010 0.000010 0.000010 0.000010 0.000010 0.055765 0.045724 0.004593 0.000010 0.005926
0.000010 0.000010 0.004509 0.929373 0.000010 0.000010 0.000010 0.000010 0.000010 0.014257 0.000010 0.000010 0.000010 0.000010 0.020287 0.020600 0.003071 0.007783 0.000010
0.000010 0.000010 0.000010 0.999820 0.000010 0.000010 0.000010 0.000010 0.000010 0.000010 0.000010 0.000010 0.000010 0.000010 0.000010 0.000010 0.000010 0.000010 0.000010
0.000010 0.000010 0.000010 0.913845 0.000010 0.000010 0.000010 0.000010 0.000010 0.015845 0.000010 0.019563 0.000010 0.000010 0.000010 0.000010 0.041877 0.008730 0.000010
0.000010 0.989166 0.000010 0.000010 0.000010 0.000010 0.000010 0.000010 0.000010 0.000010 0.000010 0.000010 0.000010 0.000010 0.010664 0.000010 0.000010 0.000010 0.000010
0.000010 0.000010 0.000010 0.000010 0.000010 0.000010 0.000010 0.000010 0.000010 0.000010 0.000010 0.000010 0.999820 0.000010 0.000010 0.000010 0.000010 0.000010 0.000010
0.000010 0.000010 0.000010 0.916677 0.000010 0.000010 0.006149 0.000010 0.000010 0.000010 0.000010 0.000010 0.000010 0.000010 0.057172 0.009525 0.000010 0.010338 0.000010
0.000010 0.004395 0.020918 0.000010 0.248536 0.000010 0.027377 0.614288 0.014340 0.000010 0.000010 0.070026 0.000010 0.000010 0.000010 0.000010 0.000010 0.000010 0.000010
0.000010 0.000010 0.020268 0.947390 0.000011 0.000010 0.000010 0.000010 0.000010 0.000010 0.000010 0.000010 0.000010 0.000010 0.018815 0.013375 0.000010 0.000010 0.000010
0.000010 0.027468 0.000010 0.000010 0.066371 0.000010 0.035856 0.248392 0.000010 0.067421 0.000010 0.032350 0.055202 0.392447 0.000010 0.043103 0.000010 0.031300 0.000010
0.000010 0.061185 0.021595 0.010956 0.007586 0.000010 0.023496 0.254574 0.000010 0.058290 0.000010 0.000488 0.017107 0.506865 0.012560 0.000776 0.000010 0.024462 0.000010
0.000010 0.000010 0.000010 0.000010 0.000010 0.044467 0.002983 0.000010 0.000010 0.000010 0.000010 0.000010 0.023565 0.905386 0.000010 0.005691 0.016408 0.000010 0.001380
0.000010 0.043478 0.000010 0.000010 0.000010 0.000010 0.012589 0.477052 0.000010 0.019361 0.000010 0.000010 0.052636 0.292083 0.019674 0.032232 0.000010 0.037591 0.013215
0.050302 0.199333 0.000010 0.000010 0.044681 0.000010 0.054568 0.142228 0.059836 0.000010 0.000010 0.000010 0.006019 0.137367 0.063763 0.048602 0.003863 0.135652 0.053727
0.000010 0.043757 0.000010 0.000010 0.000010 0.000010 0.060148 0.210429 0.051585 0.000010 0.000010 0.016370 0.125959 0.288238 0.000010 0.009194 0.022840 0.099794 0.071605
0.000010 0.000010 0.000010 0.000010 0.000010 0.006553 0.000010 0.494195 0.006015 0.089139 0.057144 0.000010 0.036761 0.000010 0.040846 0.013332 0.255915 0.000010 0.000010
0.004074 0.473281 0.000010 0.000010 0.000010 0.273656 0.000010 0.100438 0.000010 0.096913 0.004222 0.030115 0.000010 0.017191 0.000010 0.000010 0.000010 0.000010 0.000010
0.000010 0.600818 0.000010 0.000010 0.000010 0.243639 0.000010 0.000010 0.000010 0.155382 0.000010 0.000010 0.000010 0.000010 0.000010 0.000010 0.000010 0.000010 0.000010
0.000010 0.000010 0.000010 0.000010 0.000010 0.000010 0.000010 0.000010 0.000010 0.000010 0.000010 0.000010 0.000010 0.000010 0.999820 0.000010 0.000010 0.000010 0.000010
0.000010 0.000010 0.022064 0.000010 0.000010 0.026293 0.036348 0.482598 0.000010 0.000010 0.000010 0.000010 0.069679 0.267167 0.000010 0.000010 0.053010 0.042733 0.000010
0.008671 0.032062 0.003884 0.000010 0.000010 0.000010 0.032267 0.152251 0.047728 0.023945 0.000010 0.027226 0.010364 0.634842 0.000010 0.000010 0.000010 0.000010 0.026679
0.000010 0.000010 0.000010 0.000010 0.000010 0.000010 0.000010 0.000010 0.000010 0.999820 0.000010 0.000010 0.000010 0.000010 0.000010 0.000010 0.000010 0.000010 0.000010
0.031708 0.012083 0.015090 0.000050 0.020383 0.000010 0.018632 0.223390 0.065479 0.151872 0.017898 0.000010 0.089123 0.310867 0.000010 0.000010 0.000010 0.028677 0.014697
0.000010 0.000010 0.000010 0.000010 0.381321 0.000010 0.000010 0.000010 0.000010 0.594373 0.000010 0.000010 0.000010 0.000010 0.000010 0.000010 0.000010 0.024147 0.000010
0.000010 0.000010 0.006521 0.000010 0.291478 0.000010 0.000010 0.000010 0.000010 0.701841 0.000010 0.000010 0.000010 0.000010 0.000010 0.000010 0.000010 0.000010 0.000010
0.000012 0.000010 0.000010 0.000010 0.005515 0.000010 0.631971 0.000010 0.000010 0.000010 0.000010 0.000010 0.081859 0.253962 0.000010 0.000010 0.000010 0.000010 0.026550
0.000010 0.000010 0.000010 0.670974 0.000010 0.000010 0.000010 0.000010 0.000010 0.000010 0.000010 0.273710 0.000010 0.000010 0.055156 0.000010 0.000010 0.000010 0.000010
0.000010 0.000010 0.000010 0.671402 0.000010 0.000010 0.000010 0.000010 0.000010 0.000010 0.000010 0.261619 0.000010 0.000010 0.066819 0.000010 0.000010 0.000010 0.000010
0.000010 0.000010 0.000010 0.215212 0.013325 0.010417 0.060533 0.098408 0.053044 0.000010 0.000010 0.206496 0.000010 0.049421 0.064160 0.106640 0.011253 0.111021 0.000010
0.075703 0.039576 0.000010 0.007794 0.006993 0.025135 0.070844 0.269460 0.067307 0.000010 0.007254 0.011416 0.065027 0.126056 0.011857 0.000434 0.016676 0.085041 0.113407
0.000010 0.080376 0.000010 0.021688 0.027325 0.000010 0.135467 0.317587 0.000010 0.003763 0.000010 0.000010 0.050854 0.175448 0.000010 0.026473 0.017048 0.041191 0.102710
0.999820 0.000010 0.000010 0.000010 0.000010 0.000010 0.000010 0.000010 0.000010 0.000010 0.000010 0.000010 0.000010 0.000010 0.000010 0.000010 0.000010 0.000010 0.000010
0.018452 0.023022 0.000010 0.000010 0.000010 0.000010 0.062216 0.103351 0.133280 0.000010 0.070023 0.000010 0.126018 0.266792 0.043148 0.024538 0.000145 0.064197 0.064757
0.999820 0.000010 0.000010 0.000010 0.000010 0.000010 0.000010 0.000010 0.000010 0.000010 0.000010 0.000010 0.000010 0.000010 0.000010 0.000010 0.000010 0.000010 0.000010
0.003863 0.000010 0.000010 0.000010 0.027156 0.048392 0.114165 0.232141 0.089440 0.011201 0.000010 0.003645 0.071045 0.180657 0.011665 0.000010 0.030671 0.089840 0.086069
0.034800 0.048075 0.000010 0.000010 0.065773 0.000010 0.110949 0.092811 0.000010 0.000010 0.009745 0.000010 0.137346 0.274338 0.059006 0.000010 0.000010 0.077451 0.089626
0.000010 0.000010 0.000010 0.000010 0.000010 0.000010 0.000010 0.000010 0.000010 0.000010 0.000010 0.000010 0.000010 0.000010 0.000010 0.000010 0.999820 0.000010 0.000010
0.005799 0.000010 0.007901 0.000010 0.090899 0.000010 0.005046 0.000010 0.003762 0.829453 0.000010 0.000010 0.000010 0.000010 0.015187 0.010286 0.031567 0.000010 0.000010
0.000010 0.075260 0.000010 0.000010 0.000010 0.000713 0.000010 0.498326 0.000010 0.000010 0.000010 0.000010 0.055872 0.278836 0.000010 0.000010 0.007904 0.057240 0.025737
0.040389 0.051857 0.000010 0.000010 0.000010 0.000010 0.004782 0.493631 0.000010 0.000010 0.037262 0.000010 0.074850 0.280084 0.006601 0.000010 0.000010 0.008045 0.002409
0.035472 0.036507 0.005866 0.000010 0.023708 0.042786 0.005793 0.011879 0.000010 0.619201 0.151127 0.000010 0.014631 0.031453 0.000010 0.000010 0.016364 0.005153 0.000010
0.016730 0.000010 0.000010 0.000010 0.001709 0.000010 0.032382 0.239817 0.000010 0.000010 0.000010 0.010830 0.000010 0.686138 0.012276 0.000010 0.000010 0.000010 0.000010
0.000010 0.037150 0.008210 0.000010 0.000010 0.000010 0.038555 0.402719 0.000010 0.052465 0.020022 0.000010 0.009688 0.360682 0.000010 0.000010 0.024492 0.045927 0.000010
0.022894 0.000010 0.008115 0.034594 0.000010 0.000010 0.000010 0.023363 0.000010 0.437271 0.000010 0.011863 0.068625 0.325045 0.000010 0.000010 0.037203 0.004670 0.026277
0.000010 0.000010 0.017223 0.000010 0.000010 0.000010 0.004472 0.419429 0.000010 0.000010 0.000010 0.044977 0.000010 0.456001 0.000010 0.000010 0.000010 0.057767 0.000010
0.000010 0.043430 0.000010 0.000010 0.000010 0.000010 0.025632 0.321124 0.000010 0.017886 0.049874 0.000010 0.058558 0.316763 0.020417 0.048341 0.015470 0.038500 0.043935
0.045165 0.133839 0.109317 0.000010 0.000010 0.093035 0.000010 0.013518 0.000010 0.150945 0.054749 0.000010 0.038534 0.037619 0.056794 0.006423 0.086174 0.007534 0.166303
0.000010 0.000010 0.213802 0.000010 0.000010 0.000010 0.000010 0.000010 0.000010 0.000010 0.000010 0.786028 0.000010 0.000010 0.000010 0.000010 0.000010 0.000010 0.000010
0.000010 0.275502 0.475108 0.000010 0.092099 0.000010 0.000010 0.019048 0.079515 0.000010 0.000010 0.013355 0.000010 0.013299 0.000010 0.000010 0.024082 0.000010 0.007893
0.000010 0.027573 0.000010 0.000010 0.019016 0.000010 0.000010 0.005124 0.000010 0.844950 0.027922 0.036419 0.004795 0.000010 0.000010 0.000010 0.021424 0.000010 0.012676
0.000010 0.044034 0.000010 0.000010 0.082342 0.013046 0.107879 0.116304 0.000106 0.000010 0.013162 0.000010 0.146265 0.274344 0.000010 0.034133 0.021434 0.100815 0.046074
0.078221 0.028956 0.000010 0.009984 0.000010 0.004635 0.074075 0.318989 0.088064 0.040384 0.000010 0.000010 0.102324 0.095403 0.007704 0.005973 0.000010 0.092051 0.053187
0.058011 0.000010 0.000010 0.000010 0.000010 0.000010 0.069562 0.184519 0.094706 0.055821 0.000010 0.000010 0.180319 0.090552 0.000010 0.000010 0.031091 0.060017 0.175311
0.029424 0.000010 0.000010 0.000010 0.027060 0.045607 0.000010 0.686344 0.016349 0.000010 0.028991 0.000010 0.007219 0.018703 0.001894 0.000588 0.127313 0.010439 0.000010
0.026472 0.050265 0.000010 0.000010 0.022625 0.000010 0.000010 0.491473 0.008389 0.047968 0.000010 0.000010 0.000010 0.304866 0.015218 0.000010 0.000010 0.013494 0.019140
0.000010 0.000010 0.030636 0.000010 0.018040 0.000010 0.041451 0.613701 0.000015 0.038949 0.037875 0.000010 0.057030 0.048202 0.000010 0.000010 0.084542 0.029479 0.000010
0.000010 0.000010 0.000010 0.000010 0.000010 0.014649 0.000010 0.243863 0.000010 0.010897 0.000010 0.008671 0.017647 0.518174 0.021888 0.051731 0.023048 0.038061 0.051290
0.047849 0.017356 0.010423 0.000010 0.011618 0.000010 0.000010 0.237831 0.000010 0.011725 0.000010 0.000010 0.006458 0.606914 0.000010 0.008591 0.033769 0.000010 0.007384
0.014813 0.000010 0.000010 0.014809 0.000010 0.064559 0.000010 0.258245 0.000010 0.002268 0.000010 0.060290 0.061554 0.432435 0.000010 0.000010 0.023818 0.020928 0.046202
0.000010 0.000010 0.000010 0.000010 0.000010 0.000010 0.000010 0.000010 0.000010 0.000010 0.000010 0.000010 0.000010 0.000010 0.999820 0.000010 0.000010 0.000010 0.000010
0.014488 0.051278 0.000010 0.000010 0.000010 0.000010 0.000723 0.444968 0.000010 0.035411 0.000010 0.000010 0.007607 0.365087 0.000010 0.032919 0.000010 0.027180 0.020250
0.008223 0.038778 0.000010 0.008243 0.061000 0.087584 0.000010 0.077976 0.000010 0.000010 0.000010 0.000010 0.000010 0.621323 0.006941 0.000010 0.023616 0.000010 0.066226
0.007806 0.000010 0.024080 0.000010 0.029255 0.142509 0.000010 0.159876 0.003609 0.576826 0.000010 0.001812 0.000010 0.032833 0.007079 0.000010 0.000010 0.014236 0.000010
0.000010 0.009910 0.018509 0.000010 0.000010 0.197314 0.000010 0.128615 0.062138 0.557876 0.000010 0.000010 0.003057 0.000010 0.000010 0.000010 0.019386 0.000010 0.003095
0.000010 0.000010 0.000010 0.000010 0.000010 0.000010 0.000010 0.172803 0.032081 0.013865 0.048926 0.000010 0.000010 0.000010 0.000010 0.015415 0.716780 0.000010 0.000010
0.003228 0.000010 0.049099 0.000010 0.058733 0.032033 0.001217 0.013452 0.000010 0.663465 0.178664 0.000010 0.000010 0.000010 0.000010 0.000010 0.000010 0.000010 0.000010
0.000010 0.000010 0.000010 0.000010 0.000010 0.000010 0.000010 0.000010 0.000010 0.000010 0.000010 0.000010 0.000010 0.000010 0.999820 0.000010 0.000010 0.000010 0.000010
0.075786 0.000010 0.000010 0.706826 0.037013 0.000010 0.026614 0.000010 0.077805 0.000010 0.000010 0.020745 0.000010 0.015430 0.000010 0.027870 0.008922 0.000010 0.002898
0.000010 0.000010 0.016493 0.000010 0.051277 0.503356 0.000010 0.027157 0.000010 0.340604 0.000010 0.000010 0.000010 0.014277 0.000010 0.000010 0.046717 0.000010 0.000010
0.008114 0.000010 0.004100 0.000010 0.155230 0.058248 0.078324 0.257275 0.000010 0.112505 0.000010 0.000010 0.000010 0.102353 0.009209 0.000010 0.061038 0.110209 0.043325
0.047822 0.000010 0.004195 0.762146 0.000010 0.000010 0.002599 0.000010 0.061625 0.000010 0.000010 0.119307 0.000010 0.002185 0.000010 0.000010 0.000010 0.000010 0.000010
0.000010 0.000010 0.024318 0.806452 0.000010 0.000010 0.007533 0.033414 0.058829 0.000010 0.000010 0.000010 0.000010 0.002334 0.020866 0.000010 0.046145 0.000010 0.000010
0.027670 0.000771 0.000010 0.712188 0.000010 0.000010 0.000010 0.100588 0.000010 0.000010 0.000010 0.027719 0.000010 0.000010 0.002293 0.080091 0.000010 0.021133 0.027447
0.000010 0.000010 0.000010 0.795384 0.081915 0.000010 0.000010 0.000010 0.032527 0.000010 0.000010 0.059794 0.004147 0.000010 0.015961 0.000010 0.010151 0.000010 0.000010
0.023915 0.013764 0.000010 0.770687 0.019710 0.000010 0.007554 0.000010 0.026403 0.000010 0.000010 0.015689 0.008654 0.030770 0.001118 0.051416 0.004017 0.000010 0.026243
0.000010 0.000010 0.026811 0.256953 0.209611 0.074349 0.012478 0.231403 0.000010 0.050312 0.078288 0.000010 0.000010 0.005274 0.000010 0.000010 0.000010 0.019886 0.034556
0.000010 0.000010 0.000010 0.000010 0.000010 0.000010 0.999820 0.000010 0.000010 0.000010 0.000010 0.000010 0.000010 0.000010 0.000010 0.000010 0.000010 0.000010 0.000010
0.000010 0.000010 0.000010 0.000010 0.000010 0.000010 0.999820 0.000010 0.000010 0.000010 0.000010 0.000010 0.000010 0.000010 0.000010 0.000010 0.000010 0.000010 0.000010
0.000010 0.000010 0.000010 0.000010 0.026421 0.283734 0.021469 0.335556 0.000010 0.178266 0.031113 0.000010 0.000010 0.000010 0.000010 0.052569 0.000010 0.043028 0.027744
0.000010 0.029752 0.029438 0.021128 0.000010 0.077297 0.000010 0.000010 0.000010 0.744747 0.076981 0.000010 0.000010 0.000010 0.020536 0.000010 0.000010 0.000010 0.000010
0.000010 0.000010 0.000010 0.000010 0.000010 0.000010 0.999812 0.000010 0.000010 0.000010 0.000010 0.000010 0.000010 0.000010 0.000018 0.000010 0.000010 0.000010 0.000010
0.000010 0.000010 0.002244 0.000010 0.141866 0.000010 0.000010 0.779605 0.000010 0.000010 0.000010 0.000010 0.000010 0.000010 0.000010 0.000010 0.029110 0.000010 0.047035
0.000010 0.000010 0.000010 0.000010 0.000010 0.000011 0.999819 0.000010 0.000010 0.000010 0.000010 0.000010 0.000010 0.000010 0.000010 0.000010 0.000010 0.000010 0.000010
0.027681 0.000010 0.015995 0.000010 0.038617 0.000462 0.008249 0.613866 0.000010 0.154338 0.006439 0.000010 0.024869 0.068348 0.000010 0.000010 0.041056 0.000010 0.000010
0.000010 0.000010 0.999811 0.000011 0.000010 0.000010 0.000010 0.000010 0.000010 0.000010 0.000019 0.000010 0.000010 0.000010 0.000010 0.000010 0.000010 0.000010 0.000010
0.006975 0.000010 0.000010 0.000010 0.000010 0.203378 0.010404 0.100605 0.000010 0.627220 0.000010 0.000010 0.038581 0.000010 0.000010 0.000010 0.000010 0.000010 0.012718
0.000010 0.429025 0.093542 0.000010 0.000010 0.000010 0.477273 0.000010 0.000010 0.000010 0.000010 0.000010 0.000010 0.000010 0.000010 0.000010 0.000010 0.000010 0.000010
0.000010 0.000010 0.000010 0.000010 0.000010 0.999820 0.000010 0.000010 0.000010 0.000010 0.000010 0.000010 0.000010 0.000010 0.000010 0.000010 0.000010 0.000010 0.000010
0.013699 0.000010 0.049718 0.000010 0.140064 0.000010 0.062398 0.666575 0.000010 0.000010 0.000010 0.000010 0.000010 0.000010 0.013099 0.000010 0.054327 0.000010 0.000010
0.000010 0.000010 0.021453 0.000010 0.086917 0.036573 0.022287 0.518286 0.000010 0.157612 0.016338 0.000010 0.017690 0.047154 0.000010 0.030776 0.016683 0.000010 0.028161
0.000010 0.000010 0.000010 0.000010 0.001305 0.037448 0.026794 0.097178 0.000010 0.779368 0.026847 0.005025 0.000010 0.000010 0.000248 0.025687 0.000010 0.000010 0.000010
0.344837 0.001728 0.000010 0.000010 0.010366 0.000010 0.057933 0.036581 0.110004 0.000010 0.000010 0.048140 0.096676 0.115135 0.000010 0.000010 0.000010 0.019766 0.158755
0.000010 0.000010 0.000010 0.000010 0.020319 0.026849 0.000010 0.279169 0.000010 0.487074 0.106777 0.000010 0.024788 0.008136 0.000010 0.000010 0.016465 0.000010 0.030322
0.037126 0.013161 0.000010 0.000010 0.046986 0.012096 0.000010 0.131131 0.000010 0.703175 0.015799 0.000010 0.014984 0.010725 0.000010 0.000010 0.014726 0.000010 0.000010
0.000010 0.000010 0.015914 0.000010 0.000010 0.059063 0.000010 0.000010 0.000010 0.839507 0.000010 0.013111 0.000010 0.072265 0.000010 0.000010 0.000010 0.000010 0.000010
0.011260 0.018208 0.000010 0.000010 0.044319 0.000010 0.048595 0.624664 0.000010 0.074787 0.014640 0.001192 0.000010 0.107587 0.014327 0.000010 0.038887 0.000010 0.001465
0.000010 0.000010 0.000010 0.000010 0.000010 0.999820 0.000010 0.000010 0.000010 0.000010 0.000010 0.000010 0.000010 0.000010 0.000010 0.000010 0.000010 0.000010 0.000010
0.000015 0.000010 0.999798 0.000010 0.000010 0.000010 0.000010 0.000010 0.000020 0.000010 0.000010 0.000010 0.000010 0.000010 0.000010 0.000017 0.000010 0.000010 0.000010
0.000010 0.000010 0.999812 0.000010 0.000010 0.000010 0.000010 0.000018 0.000010 0.000010 0.000010 0.000010 0.000010 0.000010 0.000010 0.000010 0.000010 0.000010 0.000010
0.000010 0.010488 0.000010 0.000010 0.000010 0.093964 0.004143 0.122788 0.030419 0.719040 0.000010 0.000010 0.000010 0.000010 0.000010 0.000010 0.019039 0.000010 0.000010
0.000010 0.000010 0.999820 0.000010 0.000010 0.000010 0.000010 0.000010 0.000010 0.000010 0.000010 0.000010 0.000010 0.000010 0.000010 0.000010 0.000010 0.000010 0.000010
0.000010 0.002961 0.000010 0.000010 0.326094 0.000010 0.000010 0.000010 0.000010 0.670786 0.000010 0.000010 0.000010 0.000010 0.000010 0.000010 0.000010 0.000010 0.000010
0.002467 0.000010 0.000010 0.000010 0.000010 0.010154 0.000010 0.000010 0.000010 0.987219 0.000010 0.000010 0.000010 0.000010 0.000010 0.000010 0.000010 0.000010 0.000010
0.000010 0.000010 0.999818 0.000010 0.000010 0.000010 0.000010 0.000010 0.000010 0.000010 0.000010 0.000011 0.000011 0.000010 0.000010 0.000010 0.000011 0.000010 0.000010
0.000010 0.000010 0.999813 0.000010 0.000010 0.000010 0.000010 0.000010 0.000010 0.000010 0.000015 0.000010 0.000012 0.000010 0.000010 0.000010 0.000010 0.000010 0.000010
0.000010 0.000010 0.999818 0.000010 0.000010 0.000010 0.000010 0.000010 0.000010 0.000010 0.000011 0.000012 0.000010 0.000010 0.000010 0.000010 0.000010 0.000010 0.000010
0.000012 0.000010 0.986962 0.000010 0.000010 0.000010 0.000011 0.000010 0.000010 0.000010 0.000010 0.000013 0.000010 0.000010 0.000010 0.000010 0.000010 0.012862 0.000010
0.000010 0.256679 0.647279 0.000010 0.000010 0.000010 0.000010 0.008719 0.044320 0.000010 0.000010 0.000010 0.000010 0.025909 0.016964 0.000010 0.000010 0.000010 0.000010
0.059355 0.070981 0.000010 0.039955 0.000010 0.000010 0.002302 0.781419 0.000010 0.041774 0.000010 0.000010 0.000010 0.000010 0.004093 0.000010 0.000010 0.000010 0.000010
0.000010 0.003916 0.039569 0.000010 0.076184 0.040555 0.000010 0.706254 0.000010 0.026556 0.049059 0.006668 0.040252 0.000010 0.000010 0.010896 0.000010 0.000010 0.000010
0.000010 0.000010 0.999813 0.000013 0.000010 0.000010 0.000010 0.000012 0.000010 0.000010 0.000010 0.000010 0.000010 0.000010 0.000012 0.000010 0.000010 0.000010 0.000010
0.000010 0.065697 0.101251 0.000010 0.082838 0.016968 0.000010 0.075239 0.000010 0.364939 0.243688 0.019285 0.000010 0.000010 0.007601 0.000010 0.000010 0.019477 0.002936
0.000010 0.015822 0.000010 0.000010 0.052215 0.304840 0.002137 0.056685 0.013792 0.517187 0.000010 0.000010 0.000010 0.000010 0.000010 0.000010 0.037212 0.000010 0.000010
0.000010 0.000010 0.999820 0.000010 0.000010 0.000010 0.000010 0.000010 0.000010 0.000010 0.000010 0.000010 0.000010 0.000010 0.000010 0.000010 0.000010 0.000010 0.000010
0.014819 0.034931 0.907428 0.000010 0.000010 0.000010 0.000010 0.000010 0.000010 0.000010 0.000010 0.000010 0.000010 0.000010 0.003921 0.000380 0.017144 0.021258 0.000010
0.000010 0.000010 0.999817 0.000011 0.000010 0.000011 0.000010 0.000011 0.000010 0.000010 0.000010 0.000010 0.000011 0.000010 0.000010 0.000010 0.000010 0.000010 0.000010
0.002235 0.032411 0.000010 0.000010 0.025258 0.020642 0.034970 0.229233 0.000010 0.087422 0.086942 0.014535 0.004017 0.134443 0.048223 0.026679 0.223732 0.029219 0.000010
0.000010 0.058098 0.007003 0.000010 0.000010 0.004518 0.000010 0.827028 0.000010 0.090185 0.000010 0.000010 0.000010 0.000010 0.000010 0.000010 0.013038 0.000010 0.000010
0.000010 0.000010 0.023982 0.000010 0.062315 0.058329 0.000010 0.724612 0.009490 0.034570 0.000010 0.000010 0.021219 0.013600 0.000010 0.007596 0.017866 0.000010 0.026342
0.000010 0.029079 0.014536 0.000010 0.000010 0.018508 0.000010 0.812654 0.000010 0.000010 0.004385 0.000010 0.000010 0.098068 0.000010 0.000010 0.022650 0.000010 0.000010
0.000010 0.664836 0.334985 0.000010 0.000010 0.000010 0.000010 0.000010 0.000010 0.000019 0.000010 0.000010 0.000010 0.000010 0.000010 0.000010 0.000010 0.000010 0.000010
0.000010 0.000010 0.363652 0.000010 0.000010 0.000010 0.000010 0.000010 0.000010 0.000010 0.000010 0.636178 0.000010 0.000010 0.000010 0.000010 0.000010 0.000010 0.000010
0.000010 0.000010 0.999820 0.000010 0.000010 0.000010 0.000010 0.000010 0.000010 0.000010 0.000010 0.000010 0.000010 0.000010 0.000010 0.000010 0.000010 0.000010 0.000010
0.000010 0.000010 0.999819 0.000010 0.000010 0.000011 0.000010 0.000010 0.000010 0.000010 0.000010 0.000010 0.000010 0.000010 0.000010 0.000010 0.000010 0.000010 0.000010
0.000010 0.000010 0.999818 0.000010 0.000010 0.000010 0.000010 0.000010 0.000010 0.000010 0.000010 0.000010 0.000010 0.000010 0.000010 0.000010 0.000012 0.000010 0.000010
0.000010 0.043278 0.956550 0.000010 0.000010 0.000010 0.000010 0.000010 0.000010 0.000010 0.000010 0.000010 0.000010 0.000010 0.000012 0.000010 0.000010 0.000010 0.000010
0.000010 0.000010 0.999820 0.000010 0.000010 0.000010 0.000010 0.000010 0.000010 0.000010 0.000010 0.000010 0.000010 0.000010 0.000010 0.000010 0.000010 0.000010 0.000010
0.000010 0.000010 0.999820 0.000010 0.000010 0.000010 0.000010 0.000010 0.000010 0.000010 0.000010 0.000010 0.000010 0.000010 0.000010 0.000010 0.000010 0.000010 0.000010
0.000010 0.027487 0.000010 0.000010 0.341798 0.000010 0.029121 0.042429 0.000010 0.206440 0.000010 0.022285 0.000010 0.036272 0.000010 0.000326 0.293741 0.000010 0.000010
0.000010 0.000010 0.999820 0.000010 0.000010 0.000010 0.000010 0.000010 0.000010 0.000010 0.000010 0.000010 0.000010 0.000010 0.000010 0.000010 0.000010 0.000010 0.000010
0.009231 0.235031 0.693128 0.000010 0.000010 0.000010 0.000010 0.000010 0.000010 0.000010 0.008073 0.013880 0.000010 0.000010 0.000010 0.036234 0.000010 0.000010 0.004303
0.000010 0.000010 0.000010 0.000010 0.033352 0.000010 0.000010 0.086782 0.000010 0.855957 0.000010 0.000010 0.000010 0.000010 0.015636 0.008133 0.000010 0.000010 0.000010
0.000010 0.668548 0.331282 0.000010 0.000010 0.000010 0.000010 0.000010 0.000010 0.000010 0.000010 0.000010 0.000010 0.000010 0.000010 0.000010 0.000010 0.000010 0.000010
0.000010 0.514158 0.142972 0.000010 0.000010 0.000010 0.000010 0.000010 0.000010 0.077375 0.170353 0.000010 0.034774 0.000010 0.000010 0.000010 0.034139 0.026109 0.000010
0.000013 0.000010 0.999804 0.000010 0.000010 0.000010 0.000010 0.000018 0.000010 0.000012 0.000010 0.000010 0.000010 0.000010 0.000014 0.000010 0.000010 0.000010 0.000010
0.000012 0.000010 0.999809 0.000010 0.000010 0.000010 0.000010 0.000010 0.000010 0.000010 0.000012 0.000010 0.000013 0.000013 0.000010 0.000010 0.000011 0.000010 0.000010
0.000010 0.000010 0.999818 0.000010 0.000011 0.000010 0.000010 0.000010 0.000010 0.000010 0.000010 0.000010 0.000010 0.000011 0.000010 0.000010 0.000010 0.000010 0.000010
0.000010 0.000010 0.999820 0.000010 0.000010 0.000010 0.000010 0.000010 0.000010 0.000010 0.000010 0.000010 0.000010 0.000010 0.000010 0.000010 0.000010 0.000010 0.000010
0.000010 0.167243 0.832587 0.000010 0.000010 0.000010 0.000010 0.000010 0.000010 0.000010 0.000010 0.000010 0.000010 0.000010 0.000010 0.000010 0.000010 0.000010 0.000010
0.000010 0.000010 0.999813 0.000010 0.000010 0.000013 0.000010 0.000010 0.000010 0.000010 0.000013 0.000010 0.000011 0.000010 0.000010 0.000010 0.000010 0.000010 0.000010
0.000010 0.000010 0.000010 0.000010 0.000010 0.000010 0.000010 0.000010 0.000013 0.000010 0.000010 0.000010 0.000010 0.000010 0.000010 0.000010 0.999817 0.000010 0.000010
0.000010 0.000010 0.000010 0.000010 0.000010 0.000010 0.000010 0.000010 0.000010 0.000010 0.000010 0.000010 0.000010 0.000010 0.000010 0.999820 0.000010 0.000010 0.000010
0.000010 0.000010 0.000010 0.000010 0.000010 0.000010 0.000010 0.000010 0.000010 0.000010 0.000010 0.000010 0.000010 0.000010 0.000010 0.999820 0.000010 0.000010 0.000010
0.000010 0.000010 0.000010 0.000010 0.000010 0.000010 0.000010 0.000010 0.000010 0.000010 0.000010 0.000010 0.000010 0.000010 0.000010 0.999820 0.000010 0.000010 0.000010
0.000010 0.000010 0.999808 0.000010 0.000018 0.000010 0.000014 0.000010 0.000010 0.000010 0.000010 0.000010 0.000010 0.000010 0.000010 0.000010 0.000010 0.000010 0.000010
0.000010 0.000010 0.999820 0.000010 0.000010 0.000010 0.000010 0.000010 0.000010 0.000010 0.000010 0.000010 0.000010 0.000010 0.000010 0.000010 0.000010 0.000010 0.000010
0.000010 0.000010 0.000010 0.000010 0.000010 0.000010 0.000010 0.000010 0.000010 0.000010 0.000010 0.000010 0.000010 0.000010 0.000010 0.999820 0.000010 0.000010 0.000010
0.000010 0.000010 0.000010 0.000010 0.000010 0.000010 0.000010 0.000010 0.000010 0.000010 0.000010 0.000010 0.000010 0.000010 0.000010 0.999820 0.000010 0.000010 0.000010
0.000010 0.000010 0.000010 0.000010 0.000010 0.000010 0.000010 0.000010 0.000010 0.000010 0.000010 0.000010 0.000010 0.000010 0.000010 0.999820 0.000010 0.000010 0.000010
0.000010 0.000010 0.999816 0.000010 0.000012 0.000010 0.000010 0.000010 0.000010 0.000010 0.000010 0.000010 0.000010 0.000010 0.000011 0.000010 0.000010 0.000010 0.000010
0.000010 0.000010 0.999820 0.000010 0.000010 0.000010 0.000010 0.000010 0.000010 0.000010 0.000010 0.000010 0.000010 0.000010 0.000010 0.000010 0.000010 0.000010 0.000010
0.762712 0.000016 0.000010 0.000010 0.000010 0.000010 0.000010 0.000010 0.000010 0.000010 0.000010 0.000010 0.000010 0.000010 0.000010 0.000010 0.000010 0.000010 0.237112
0.000010 0.000010 0.999820 0.000010 0.000010 0.000010 0.000010 0.000010 0.000010 0.000010 0.000010 0.000010 0.000010 0.000010 0.000010 0.000010 0.000010 0.000010 0.000010
0.000010 0.000010 0.000010 0.000010 0.000010 0.000010 0.000010 0.000010 0.000010 0.097665 0.001248 0.000010 0.900927 0.000010 0.000010 0.000010 0.000010 0.000010 0.000010
0.000010 0.000010 0.000010 0.000010 0.000010 0.000010 0.000010 0.000010 0.000010 0.000010 0.000010 0.000010 0.000010 0.000010 0.000010 0.000010 0.000010 0.999820 0.000010
0.000010 0.000010 0.000010 0.000010 0.000010 0.000010 0.000010 0.000010 0.000010 0.000010 0.000010 0.000010 0.000010 0.000010 0.000010 0.000010 0.000010 0.999820 0.000010
0.000010 0.000010 0.000010 0.000010 0.001824 0.061462 0.013548 0.116845 0.021318 0.525345 0.145527 0.000010 0.050656 0.063375 0.000010 0.000010 0.000010 0.000010 0.000010
0.000010 0.000010 0.000010 0.000010 0.000010 0.000010 0.000010 0.000010 0.000010 0.000010 0.000010 0.000010 0.000010 0.000010 0.000010 0.000010 0.000010 0.999820 0.000010
0.000010 0.012081 0.000010 0.909784 0.020142 0.000010 0.000010 0.000010 0.000010 0.000010 0.000010 0.000010 0.057843 0.000010 0.000010 0.000010 0.000010 0.000010 0.000010
0.083179 0.000010 0.021759 0.083985 0.115043 0.000010 0.111002 0.052126 0.050699 0.000010 0.000010 0.012053 0.100435 0.098170 0.033777 0.008604 0.017528 0.048468 0.163134
0.000010 0.090508 0.000010 0.000010 0.013569 0.021696 0.000010 0.012034 0.004769 0.365205 0.277536 0.011431 0.050310 0.109497 0.018122 0.000010 0.025255 0.000010 0.000010
0.000010 0.000010 0.037374 0.000010 0.000010 0.000010 0.006162 0.000010 0.937196 0.000010 0.000010 0.000010 0.000010 0.000010 0.018135 0.000010 0.000993 0.000010 0.000010
0.000010 0.221459 0.137897 0.000010 0.029405 0.000010 0.000010 0.000010 0.000010 0.000010 0.611088 0.000010 0.000010 0.000010 0.000010 0.000010 0.000010 0.000010 0.000010
0.000010 0.071706 0.274738 0.000010 0.027998 0.000010 0.000010 0.000010 0.000010 0.000010 0.625408 0.000010 0.000010 0.000010 0.000010 0.000010 0.000010 0.000010 0.000010
0.000010 0.000010 0.000010 0.000010 0.209972 0.000010 0.000010 0.000010 0.000010 0.776897 0.005777 0.000010 0.000010 0.000010 0.000010 0.007204 0.000010 0.000010 0.000010
0.013761 0.416001 0.370950 0.000010 0.048666 0.000010 0.000010 0.000010 0.034067 0.000010 0.000010 0.000010 0.070112 0.000010 0.041426 0.004907 0.000010 0.000010 0.000010
0.017641 0.042354 0.000010 0.000010 0.022982 0.000010 0.017980 0.342098 0.000010 0.340541 0.009029 0.018740 0.005240 0.090739 0.051822 0.000452 0.035077 0.000010 0.005254
0.000010 0.029125 0.043985 0.000010 0.055664 0.026193 0.000010 0.063350 0.000010 0.743510 0.015240 0.009237 0.000010 0.000010 0.006265 0.000010 0.004912 0.000010 0.002439
0.033146 0.207649 0.157881 0.000010 0.022439 0.019972 0.000010 0.026364 0.000010 0.371602 0.138042 0.000010 0.001450 0.000010 0.000010 0.000010 0.000010 0.021364 0.000010
0.000010 0.002580 0.000010 0.000010 0.029930 0.031412 0.412800 0.124908 0.028685 0.000010 0.000010 0.000010 0.150537 0.195340 0.000010 0.000010 0.006747 0.016970 0.000010
0.005756 0.025355 0.000010 0.000010 0.009148 0.725320 0.000010 0.183792 0.000010 0.000010 0.000010 0.027160 0.005211 0.000010 0.000010 0.000010 0.018147 0.000010 0.000010
0.044412 0.000010 0.002424 0.000010 0.088521 0.026258 0.000010 0.548077 0.040640 0.000010 0.000010 0.000010 0.090234 0.079014 0.000010 0.000010 0.039568 0.000010 0.040762
0.000010 0.000010 0.000010 0.000010 0.000010 0.000010 0.000010 0.000010 0.916810 0.000010 0.000010 0.000010 0.000010 0.000010 0.000010 0.083020 0.000010 0.000010 0.000010
0.000010 0.274495 0.673623 0.000010 0.000010 0.000010 0.017430 0.000010 0.034128 0.000010 0.000184 0.000010 0.000010 0.000010 0.000010 0.000010 0.000010 0.000010 0.000010
0.000010 0.000010 0.000010 0.000010 0.000010 0.000010 0.000010 0.000010 0.965544 0.000010 0.000010 0.000010 0.000010 0.000010 0.000010 0.034286 0.000010 0.000010 0.000010
0.000010 0.000010 0.000010 0.000010 0.000010 0.000010 0.000010 0.000010 0.000010 0.000010 0.000010 0.000010 0.000010 0.000010 0.000010 0.999820 0.000010 0.000010 0.000010
0.000010 0.000010 0.000010 0.004951 0.052406 0.068096 0.000010 0.365845 0.000010 0.332965 0.089707 0.000010 0.000010 0.000010 0.036294 0.000010 0.046814 0.000010 0.002823
0.017986 0.000010 0.000010 0.000010 0.441349 0.000010 0.000010 0.000010 0.000010 0.540505 0.000010 0.000010 0.000010 0.000010 0.000010 0.000010 0.000010 0.000010 0.000010
0.349720 0.000010 0.000010 0.650110 0.000010 0.000010 0.000010 0.000010 0.000010 0.000010 0.000010 0.000010 0.000010 0.000010 0.000010 0.000010 0.000010 0.000010 0.000010
0.028109 0.023851 0.000010 0.000010 0.349130 0.000010 0.000010 0.046817 0.000010 0.501359 0.006905 0.000010 0.012955 0.000010 0.000010 0.000010 0.030762 0.000010 0.000010
0.000010 0.000010 0.000010 0.000010 0.371569 0.000010 0.000010 0.000010 0.000010 0.628261 0.000010 0.000010 0.000010 0.000010 0.000010 0.000010 0.000010 0.000010 0.000010
0.000010 0.000010 0.000010 0.000010 0.075535 0.027240 0.000010 0.000010 0.000020 0.825525 0.000010 0.000218 0.000010 0.017201 0.008500 0.000010 0.037075 0.008585 0.000010
0.000010 0.000010 0.000010 0.002965 0.169980 0.000010 0.045664 0.000010 0.141384 0.010477 0.168794 0.000010 0.073586 0.223627 0.038702 0.000010 0.000010 0.000010 0.124730
0.000010 0.000010 0.000010 0.000010 0.000010 0.000010 0.000010 0.000010 0.000010 0.000010 0.000010 0.000010 0.000010 0.000010 0.000010 0.000010 0.000010 0.000010 0.999820
0.020062 0.000471 0.030388 0.000010 0.203812 0.000010 0.040144 0.000010 0.000010 0.489423 0.000010 0.000010 0.047383 0.019874 0.000010 0.000010 0.139700 0.008652 0.000010
0.000010 0.000010 0.000010 0.000010 0.000010 0.000010 0.000010 0.000010 0.000010 0.000010 0.000010 0.000010 0.000010 0.000010 0.000010 0.999820 0.000010 0.000010 0.000010
0.000010 0.000010 0.000010 0.000010 0.836085 0.000010 0.000010 0.116319 0.000010 0.000010 0.000010 0.000010 0.000010 0.000010 0.000010 0.000010 0.047437 0.000010 0.000010
0.000010 0.011315 0.043413 0.000010 0.060358 0.000010 0.000290 0.048309 0.000010 0.478187 0.247644 0.020409 0.018515 0.052663 0.000010 0.000010 0.000010 0.018818 0.000010
0.024345 0.000010 0.015801 0.251764 0.000010 0.000010 0.000010 0.000010 0.108705 0.000010 0.049708 0.005737 0.000010 0.099195 0.020176 0.246023 0.000010 0.178457 0.000010
0.034384 0.000010 0.000010 0.009450 0.385691 0.024635 0.050633 0.343602 0.025491 0.034644 0.000010 0.008484 0.000010 0.017007 0.025311 0.003315 0.000010 0.000010 0.037291
0.000010 0.000010 0.999817 0.000010 0.000012 0.000011 0.000010 0.000010 0.000010 0.000010 0.000010 0.000010 0.000010 0.000010 0.000010 0.000010 0.000010 0.000010 0.000010
0.000010 0.000010 0.034030 0.000010 0.466018 0.000010 0.000010 0.000010 0.000010 0.499793 0.000010 0.000010 0.000010 0.000010 0.000010 0.000010 0.000010 0.000010 0.000010
0.000010 0.000010 0.001494 0.000010 0.491337 0.000010 0.000010 0.000010 0.000010 0.507010 0.000010 0.000010 0.000010 0.000010 0.000010 0.000010 0.000010 0.000010 0.000010
0.000010 0.000010 0.000010 0.000010 0.492163 0.034863 0.026111 0.000010 0.000010 0.446712 0.000010 0.000010 0.000010 0.000010 0.000010 0.000010 0.000010 0.000010 0.000010
0.000010 0.000010 0.017844 0.000010 0.026866 0.029790 0.019311 0.027305 0.000010 0.722443 0.000010 0.000010 0.108721 0.024211 0.023409 0.000010 0.000010 0.000010 0.000010
0.000010 0.000010 0.059287 0.000010 0.000010 0.009280 0.000010 0.026305 0.000010 0.138681 0.598543 0.000010 0.013212 0.086426 0.000010 0.021762 0.000010 0.000010 0.046403
0.018778 0.061390 0.000010 0.000010 0.539724 0.000010 0.000010 0.076444 0.000010 0.102287 0.000010 0.000010 0.073420 0.000010 0.000010 0.033130 0.076461 0.018267 0.000010
0.051996 0.000010 0.000010 0.000010 0.016514 0.148048 0.000010 0.000010 0.000010 0.764135 0.019167 0.000010 0.000010 0.000010 0.000010 0.000010 0.000010 0.000010 0.000010
0.000010 0.000010 0.034987 0.000010 0.000010 0.003799 0.000010 0.000010 0.000010 0.961054 0.000010 0.000010 0.000010 0.000010 0.000010 0.000010 0.000010 0.000010 0.000010
0.000010 0.033297 0.000010 0.000010 0.451348 0.000010 0.020299 0.155285 0.000010 0.053106 0.029369 0.000010 0.006859 0.000010 0.000010 0.008803 0.228840 0.012704 0.000010
0.000010 0.079416 0.072225 0.000010 0.014286 0.040868 0.011291 0.005383 0.000010 0.660820 0.098257 0.000010 0.000010 0.000010 0.000010 0.000010 0.017355 0.000010 0.000010
0.001313 0.111396 0.000010 0.000010 0.639275 0.000010 0.000010 0.012795 0.000010 0.007056 0.000010 0.000010 0.000010 0.106154 0.000010 0.000012 0.110595 0.011304 0.000010
0.000010 0.029741 0.033881 0.006967 0.024392 0.042163 0.010744 0.101459 0.000010 0.687882 0.010043 0.000010 0.000010 0.000010 0.003366 0.015682 0.003651 0.010378 0.019601
0.000010 0.000010 0.024942 0.000010 0.038761 0.123656 0.013778 0.166790 0.000010 0.569025 0.014406 0.000010 0.000010 0.000010 0.000010 0.000010 0.027170 0.017867 0.003515
0.000010 0.000010 0.000010 0.000010 0.999820 0.000010 0.000010 0.000010 0.000010 0.000010 0.000010 0.000010 0.000010 0.000010 0.000010 0.000010 0.000010 0.000010 0.000010
0.000010 0.000010 0.000010 0.000010 0.067044 0.000010 0.029147 0.000010 0.008185 0.862959 0.000010 0.000010 0.008589 0.023946 0.000010 0.000010 0.000010 0.000010 0.000010
0.000010 0.159219 0.186316 0.000010 0.000010 0.081638 0.000010 0.055447 0.000010 0.215654 0.224172 0.034216 0.000010 0.000010 0.000010 0.004494 0.000010 0.032810 0.005944
0.000010 0.000010 0.006735 0.000010 0.202141 0.018464 0.000010 0.000010 0.000010 0.772511 0.000010 0.000010 0.000010 0.000010 0.000010 0.000010 0.000010 0.000010 0.000010
0.000010 0.138251 0.212559 0.000010 0.086521 0.000010 0.000010 0.000010 0.000010 0.348109 0.206667 0.000010 0.000010 0.000010 0.000010 0.000010 0.002244 0.005530 0.000010
0.000010 0.000010 0.000010 0.000010 0.166026 0.000010 0.000010 0.017157 0.000010 0.545050 0.028387 0.010325 0.010606 0.070167 0.000010 0.004658 0.114471 0.033063 0.000010
0.005395 0.019344 0.033944 0.000010 0.000010 0.039261 0.000010 0.053266 0.000010 0.748898 0.070462 0.000010 0.000010 0.013355 0.015159 0.000010 0.000010 0.000825 0.000010
0.000010 0.000010 0.009389 0.000010 0.401211 0.000827 0.000010 0.000010 0.000010 0.581986 0.000010 0.000010 0.006446 0.000010 0.000010 0.000010 0.000010 0.000010 0.000010
0.000010 0.000010 0.267683 0.000010 0.000010 0.000010 0.000010 0.000010 0.000010 0.000010 0.732147 0.000010 0.000010 0.000010 0.000010 0.000010 0.000010 0.000010 0.000010
0.000010 0.000010 0.000010 0.000010 0.000010 0.000010 0.000010 0.000010 0.000010 0.000010 0.996624 0.000010 0.000010 0.000010 0.000010 0.003206 0.000010 0.000010 0.000010
