0.000010 0.000010 0.060289 0.000010 0.208964 0.066429 0.000488 0.012604 0.000010 0.191361 0.000010 0.000010 0.000020 0.000010 0.038179 0.389045 0.024773 0.007769 0.000010
0.033496 0.040515 0.000689 0.000010 0.000010 0.014008 0.000010 0.017636 0.000010 0.164507 0.000010 0.000010 0.044795 0.000010 0.000010 0.672311 0.000010 0.000010 0.011944
0.004270 0.002308 0.000010 0.007884 0.046623 0.033323 0.000010 0.227953 0.013202 0.298186 0.045085 0.028772 0.000010 0.000010 0.000010 0.276642 0.015682 0.000010 0.000010
0.000010 0.384051 0.602930 0.000010 0.000010 0.000010 0.012859 0.000010 0.000010 0.000010 0.000010 0.000010 0.000010 0.000010 0.000010 0.000010 0.000010 0.000010 0.000010
0.000010 0.000010 0.000010 0.000010 0.007500 0.000010 0.024845 0.046952 0.000010 0.160894 0.016024 0.000010 0.060488 0.000010 0.000010 0.618036 0.015817 0.045893 0.003462
0.000010 0.028744 0.000010 0.011301 0.149956 0.032962 0.012201 0.014587 0.000010 0.572638 0.004913 0.009423 0.003684 0.005985 0.000010 0.129004 0.000624 0.023928 0.000010
0.000010 0.173410 0.263400 0.000010 0.067082 0.010040 0.000010 0.000010 0.000010 0.170172 0.000010 0.022078 0.000010 0.014264 0.279444 0.000010 0.000010 0.000010 0.000010
0.000010 0.001003 0.010918 0.000010 0.095072 0.000010 0.000010 0.000010 0.000010 0.799123 0.000010 0.000010 0.000010 0.039058 0.000010 0.001476 0.000010 0.000423 0.052817
0.000010 0.032878 0.038127 0.000010 0.000010 0.168880 0.028997 0.000010 0.000010 0.032086 0.015012 0.000010 0.012086 0.000010 0.000010 0.577185 0.046397 0.000010 0.048262
0.000010 0.012708 0.005884 0.000010 0.094610 0.010364 0.000010 0.000010 0.000010 0.728086 0.000010 0.000010 0.000010 0.000010 0.000010 0.078502 0.014598 0.000010 0.055137
0.000010 0.000010 0.000010 0.000010 0.106051 0.028981 0.000010 0.000010 0.000010 0.449091 0.019456 0.000010 0.000010 0.000010 0.000010 0.163282 0.182253 0.000010 0.050766
0.022260 0.000010 0.000367 0.000010 0.016568 0.143035 0.004334 0.101721 0.002973 0.293475 0.015258 0.000010 0.000010 0.019259 0.000010 0.320936 0.037942 0.021813 0.000010
0.000010 0.154514 0.000010 0.000010 0.021880 0.283401 0.064058 0.096587 0.012984 0.000010 0.000010 0.096726 0.000010 0.039272 0.014277 0.081661 0.000010 0.096790 0.037780
0.000010 0.255777 0.270868 0.000010 0.017653 0.302555 0.000178 0.016115 0.000010 0.000010 0.013573 0.042042 0.000010 0.019388 0.030156 0.003197 0.009639 0.016776 0.002033
0.002426 0.021915 0.000010 0.014671 0.046226 0.000010 0.000010 0.000010 0.000010 0.827675 0.000010 0.000010 0.000010 0.000010 0.000010 0.035460 0.038598 0.009029 0.003900
0.045872 0.000010 0.000891 0.000010 0.073228 0.048447 0.018002 0.072735 0.012696 0.234973 0.000010 0.038277 0.000014 0.000010 0.037539 0.378352 0.000010 0.027867 0.011057
0.000010 0.000010 0.015192 0.000010 0.157915 0.001972 0.000010 0.070295 0.000010 0.501302 0.000010 0.015158 0.021059 0.000010 0.029450 0.148804 0.016436 0.000010 0.022337
0.000010 0.131327 0.168924 0.000010 0.159781 0.000010 0.000010 0.000010 0.000010 0.276203 0.000010 0.018998 0.000010 0.040458 0.189004 0.000010 0.015194 0.000010 0.000010
0.000010 0.000010 0.000010 0.000010 0.000010 0.000010 0.007052 0.000010 0.000010 0.272670 0.000010 0.017024 0.000010 0.046887 0.000010 0.000010 0.008458 0.000010 0.647780
0.703694 0.000010 0.000010 0.215051 0.000010 0.000010 0.006276 0.000010 0.048984 0.000010 0.000010 0.000010 0.025854 0.000010 0.000010 0.000010 0.000010 0.000010 0.000010
0.859689 0.000010 0.003689 0.120102 0.016370 0.000010 0.000010 0.000010 0.000010 0.000010 0.000010 0.000010 0.000010 0.000010 0.000010 0.000010 0.000010 0.000010 0.000010
0.000010 0.000010 0.000010 0.999820 0.000010 0.000010 0.000010 0.000010 0.000010 0.000010 0.000010 0.000010 0.000010 0.000010 0.000010 0.000010 0.000010 0.000010 0.000010
0.749646 0.000010 0.000010 0.191848 0.025024 0.000010 0.000010 0.000010 0.001007 0.000010 0.000010 0.000010 0.000010 0.032335 0.000010 0.000010 0.000010 0.000010 0.000010
0.000010 0.986552 0.000010 0.013278 0.000010 0.000010 0.000010 0.000010 0.000010 0.000010 0.000010 0.000010 0.000010 0.000010 0.000010 0.000010 0.000010 0.000010 0.000010
0.000010 0.000010 0.000010 0.000010 0.000010 0.000010 0.000010 0.000010 0.000010 0.000010 0.000010 0.000010 0.000010 0.000010 0.000010 0.000010 0.000010 0.000010 0.999820
0.772483 0.000010 0.000010 0.178407 0.000010 0.000010 0.005067 0.000010 0.036904 0.000010 0.000010 0.000010 0.006998 0.000010 0.000010 0.000010 0.000010 0.000010 0.000010
0.026589 0.018550 0.017266 0.000010 0.013893 0.000010 0.032090 0.298225 0.000010 0.000010 0.000010 0.000010 0.000010 0.000010 0.000010 0.593266 0.000010 0.000010 0.000010
0.710513 0.000010 0.014455 0.274731 0.000010 0.000010 0.000010 0.000010 0.000152 0.000010 0.000010 0.000010 0.000010 0.000010 0.000010 0.000010 0.000010 0.000010 0.000010
0.022354 0.025581 0.000010 0.000010 0.000010 0.419637 0.034226 0.067809 0.000010 0.079212 0.000010 0.043004 0.019774 0.000010 0.000010 0.235554 0.000010 0.000010 0.052760
0.019796 0.061608 0.012268 0.000010 0.000010 0.527187 0.025172 0.000010 0.000010 0.077680 0.000010 0.028568 0.005013 0.000010 0.000010 0.226129 0.000010 0.000010 0.016489
0.000010 0.000010 0.000010 0.000010 0.000010 0.917919 0.000798 0.000010 0.000010 0.000010 0.000010 0.000010 0.000010 0.011740 0.000010 0.000010 0.052185 0.000010 0.017217
0.000010 0.042182 0.000010 0.000010 0.000010 0.305422 0.004627 0.000010 0.011117 0.030533 0.000010 0.044291 0.025686 0.000010 0.000010 0.461821 0.000010 0.021675 0.052557
0.000010 0.174369 0.000010 0.000010 0.023894 0.156933 0.061319 0.073446 0.057848 0.000010 0.042564 0.152076 0.062182 0.001950 0.000010 0.119729 0.000010 0.065156 0.008473
0.000010 0.041409 0.000010 0.000010 0.000010 0.297564 0.055196 0.000010 0.000010 0.000010 0.000010 0.104845 0.042124 0.028042 0.000010 0.210980 0.000010 0.096102 0.123638
0.000010 0.000010 0.000010 0.000010 0.000010 0.000010 0.000010 0.000010 0.039193 0.113404 0.000010 0.000010 0.014206 0.258272 0.056542 0.485076 0.000010 0.000010 0.033187
0.011236 0.479347 0.000010 0.000010 0.000010 0.023263 0.000010 0.000010 0.000010 0.103998 0.008797 0.001635 0.000010 0.000010 0.000069 0.104297 0.267259 0.000010 0.000010
0.000010 0.599431 0.000010 0.000010 0.000010 0.000010 0.000010 0.000010 0.000010 0.164552 0.000010 0.000010 0.000010 0.000010 0.000010 0.000010 0.235857 0.000010 0.000010
0.000010 0.000010 0.000010 0.000010 0.000010 0.000010 0.000010 0.000010 0.999764 0.000010 0.000010 0.000010 0.000066 0.000010 0.000010 0.000010 0.000010 0.000010 0.000010
0.000010 0.000010 0.018306 0.000010 0.000010 0.275569 0.039156 0.000010 0.000010 0.000010 0.000010 0.043713 0.000010 0.049106 0.000010 0.477627 0.029638 0.000010 0.066775
0.000010 0.033188 0.000010 0.000010 0.014967 0.640806 0.035027 0.005746 0.012888 0.036898 0.005541 0.002240 0.034380 0.002575 0.000010 0.139035 0.000010 0.030253 0.006406
0.000010 0.000010 0.000010 0.000010 0.000010 0.000010 0.000010 0.000010 0.000010 0.999820 0.000010 0.000010 0.000010 0.000010 0.000010 0.000010 0.000010 0.000010 0.000010
0.016788 0.021520 0.004827 0.000010 0.111588 0.289722 0.016838 0.029210 0.000010 0.066062 0.022562 0.033525 0.019431 0.000010 0.022124 0.221684 0.000010 0.031086 0.092993
0.000010 0.000010 0.000010 0.000010 0.000010 0.000010 0.000010 0.374592 0.000010 0.604604 0.000010 0.020644 0.000010 0.000010 0.000010 0.000010 0.000010 0.000010 0.000010
0.000010 0.000010 0.006889 0.000010 0.004504 0.000010 0.000010 0.291646 0.000010 0.696812 0.000010 0.000010 0.000010 0.000010 0.000010 0.000010 0.000010 0.000010 0.000010
0.000010 0.000010 0.000010 0.000010 0.000010 0.249695 0.623066 0.020636 0.000010 0.000010 0.000010 0.000012 0.000010 0.000010 0.000010 0.000010 0.000010 0.028417 0.078043
0.505919 0.000010 0.000010 0.171737 0.000010 0.000010 0.001975 0.000010 0.308260 0.000010 0.000010 0.000010 0.000010 0.000010 0.000010 0.000010 0.000010 0.007189 0.004791
0.501865 0.000010 0.000010 0.192044 0.000010 0.000010 0.000010 0.021353 0.264721 0.000010 0.000010 0.000010 0.000010 0.000010 0.000010 0.018260 0.001627 0.000010 0.000010
0.195339 0.000010 0.000010 0.057775 0.000010 0.038809 0.066767 0.036168 0.187760 0.000010 0.000010 0.142183 0.127843 0.000938 0.000010 0.124841 0.015124 0.006384 0.000010
0.000459 0.035922 0.000010 0.012020 0.033930 0.110925 0.078673 0.020770 0.020794 0.000010 0.069360 0.081334 0.033851 0.013350 0.005960 0.268891 0.024427 0.131881 0.057433
0.000010 0.076010 0.000010 0.032142 0.029256 0.164813 0.132425 0.026422 0.000010 0.000010 0.000010 0.040382 0.016188 0.017474 0.000010 0.303625 0.000010 0.111750 0.049443
0.000010 0.000010 0.000010 0.000010 0.000010 0.000010 0.000010 0.000010 0.000010 0.000010 0.999820 0.000010 0.000010 0.000010 0.000010 0.000010 0.000010 0.000010 0.000010
0.010365 0.015476 0.000010 0.025256 0.026332 0.263824 0.060610 0.000010 0.019979 0.000010 0.010603 0.079192 0.094756 0.000430 0.074380 0.106225 0.000010 0.086381 0.126151
0.000010 0.000010 0.000010 0.000010 0.000010 0.000010 0.000010 0.000010 0.000010 0.000010 0.999820 0.000010 0.000010 0.000010 0.000010 0.000010 0.000010 0.000010 0.000010
0.000010 0.000010 0.000010 0.000010 0.034246 0.185140 0.118732 0.050316 0.019499 0.000010 0.003814 0.091444 0.027027 0.033162 0.000010 0.220564 0.053592 0.103201 0.059203
0.000010 0.045306 0.000010 0.014714 0.000010 0.280041 0.113999 0.067349 0.042071 0.000010 0.032745 0.077631 0.000010 0.000010 0.010723 0.088043 0.000010 0.096187 0.131122
0.000010 0.000010 0.000010 0.000010 0.000010 0.000010 0.000010 0.000010 0.000010 0.000010 0.000010 0.000010 0.000010 0.999820 0.000010 0.000010 0.000010 0.000010 0.000010
0.000010 0.000010 0.002970 0.000010 0.163453 0.000010 0.002593 0.091060 0.014031 0.692337 0.002250 0.000010 0.009923 0.021284 0.000010 0.000010 0.000010 0.000010 0.000010
0.000010 0.068834 0.000010 0.000010 0.000010 0.281103 0.000010 0.000010 0.000010 0.000010 0.000010 0.058476 0.000010 0.004944 0.000010 0.498398 0.009730 0.023540 0.054866
0.000010 0.048290 0.000010 0.000010 0.000010 0.297717 0.006030 0.000010 0.000010 0.000010 0.040289 0.010603 0.000010 0.000010 0.048523 0.473728 0.000010 0.000010 0.074710
0.000010 0.043900 0.000233 0.000010 0.034985 0.032301 0.006206 0.025200 0.000010 0.596536 0.037161 0.000096 0.000010 0.016531 0.143156 0.002267 0.040796 0.000010 0.020585
0.002689 0.000010 0.000010 0.000010 0.026022 0.697627 0.033416 0.000010 0.007434 0.000010 0.017368 0.000010 0.000010 0.000010 0.000010 0.215324 0.000010 0.000010 0.000010
0.000010 0.045169 0.000010 0.000010 0.000010 0.365416 0.027209 0.000010 0.000010 0.082565 0.000010 0.045795 0.000010 0.027947 0.014317 0.389061 0.000010 0.000010 0.002422
0.046005 0.000010 0.007403 0.000010 0.143842 0.313804 0.000015 0.000010 0.000010 0.322522 0.020520 0.007607 0.000010 0.034765 0.000947 0.015770 0.000010 0.023686 0.063054
0.000010 0.000010 0.015390 0.000010 0.000010 0.462295 0.006563 0.000010 0.017640 0.024399 0.000010 0.064114 0.000010 0.000010 0.000010 0.409479 0.000010 0.000010 0.000010
0.000010 0.043922 0.000010 0.000010 0.000010 0.332237 0.025285 0.000010 0.013482 0.042815 0.000010 0.033742 0.024866 0.020432 0.042354 0.315317 0.000010 0.045019 0.060461
0.000010 0.134231 0.114838 0.008844 0.002084 0.046878 0.000010 0.000010 0.045210 0.156899 0.049870 0.003419 0.000010 0.086859 0.053878 0.017934 0.081147 0.168733 0.029137
0.000010 0.115872 0.161129 0.000010 0.000010 0.000010 0.000010 0.000010 0.563875 0.000010 0.000010 0.158973 0.000010 0.000010 0.000010 0.000010 0.000010 0.000010 0.000010
0.000010 0.288871 0.466621 0.000010 0.000010 0.022527 0.001189 0.128051 0.009772 0.000010 0.000010 0.000010 0.031671 0.024158 0.000010 0.001773 0.005809 0.019477 0.000010
0.000010 0.029541 0.000010 0.006081 0.147525 0.000010 0.000010 0.034225 0.012682 0.712482 0.000010 0.006595 0.000010 0.024594 0.016487 0.000010 0.000010 0.007366 0.002341
0.000010 0.036914 0.000010 0.000010 0.000010 0.296935 0.104063 0.088246 0.000010 0.000010 0.000010 0.095407 0.021098 0.019689 0.028880 0.091172 0.014821 0.056950 0.145753
0.048554 0.027756 0.000010 0.000010 0.000010 0.111258 0.071990 0.000010 0.000010 0.054608 0.078723 0.101880 0.025133 0.000010 0.000010 0.303006 0.004651 0.067648 0.104723
0.000010 0.000010 0.000010 0.016454 0.000010 0.109308 0.064759 0.026284 0.000010 0.070047 0.054977 0.063450 0.017460 0.033147 0.000010 0.159705 0.000010 0.201398 0.182942
0.000010 0.000010 0.000010 0.000010 0.036789 0.000010 0.000010 0.007292 0.000010 0.000010 0.028721 0.011464 0.014962 0.129069 0.028393 0.701972 0.025336 0.000010 0.015913
0.000010 0.042617 0.000010 0.000010 0.000010 0.324431 0.000010 0.026504 0.006640 0.064653 0.025427 0.014751 0.000010 0.000010 0.000010 0.471088 0.000010 0.023790 0.000010
0.000010 0.000010 0.031863 0.000010 0.058878 0.028745 0.033829 0.035851 0.000010 0.000010 0.000010 0.025746 0.000010 0.086237 0.037551 0.599098 0.000010 0.000010 0.062112
0.000010 0.000010 0.000010 0.000010 0.050999 0.511913 0.000010 0.000010 0.028293 0.000010 0.000010 0.036379 0.034441 0.021093 0.000010 0.250454 0.000010 0.047324 0.019003
0.000010 0.010522 0.013232 0.000010 0.048640 0.594155 0.000010 0.000010 0.000010 0.000010 0.052530 0.000010 0.000010 0.030866 0.000010 0.237585 0.000010 0.004388 0.007983
0.008096 0.000010 0.000010 0.014537 0.016814 0.436392 0.000010 0.000010 0.039381 0.004693 0.020193 0.026018 0.000010 0.027263 0.000010 0.238890 0.059253 0.044579 0.063831
0.000010 0.000010 0.000010 0.000010 0.000010 0.000010 0.000010 0.000010 0.999820 0.000010 0.000010 0.000010 0.000010 0.000010 0.000010 0.000010 0.000010 0.000010 0.000010
0.000010 0.052040 0.000010 0.000010 0.000010 0.380997 0.000010 0.000010 0.000010 0.055830 0.013136 0.024111 0.019109 0.000010 0.000010 0.428394 0.000010 0.024234 0.002049
0.014701 0.032372 0.000010 0.000010 0.000010 0.635519 0.000010 0.028745 0.000010 0.000010 0.006451 0.000010 0.000010 0.027200 0.000010 0.083414 0.101847 0.069650 0.000010
0.011388 0.000010 0.021349 0.000010 0.137354 0.022169 0.000010 0.035951 0.008175 0.474116 0.000012 0.015719 0.000010 0.000010 0.000010 0.136600 0.137087 0.000010 0.000010
0.014631 0.024655 0.003570 0.000010 0.167366 0.000010 0.000010 0.000010 0.000010 0.424333 0.000010 0.000010 0.000010 0.029835 0.000010 0.121225 0.193588 0.020696 0.000010
0.009196 0.000010 0.000066 0.000010 0.000010 0.000010 0.000010 0.000010 0.000010 0.021868 0.000010 0.000010 0.033510 0.721346 0.048176 0.160659 0.005069 0.000010 0.000010
0.000010 0.000010 0.048012 0.000010 0.120950 0.000010 0.000010 0.058444 0.000010 0.559904 0.000849 0.000010 0.000010 0.000010 0.176718 0.002046 0.032968 0.000010 0.000010
0.000010 0.000010 0.000010 0.000010 0.000010 0.000010 0.000010 0.000010 0.999820 0.000010 0.000010 0.000010 0.000010 0.000010 0.000010 0.000010 0.000010 0.000010 0.000010
0.669557 0.000010 0.000010 0.075856 0.000010 0.036290 0.030285 0.036444 0.000010 0.000010 0.079968 0.000010 0.065827 0.005662 0.000010 0.000010 0.000010 0.000010 0.000010
0.000010 0.000010 0.010251 0.000010 0.054754 0.010956 0.000010 0.054680 0.000010 0.298595 0.000010 0.002133 0.000010 0.044069 0.000010 0.030895 0.493566 0.000010 0.000010
0.000010 0.000010 0.008640 0.013155 0.000010 0.114988 0.083681 0.154668 0.000010 0.130906 0.010713 0.094789 0.000010 0.065342 0.000010 0.260730 0.037743 0.024576 0.000010
0.558879 0.000010 0.011769 0.241433 0.000010 0.010955 0.011539 0.000010 0.058723 0.000010 0.044330 0.013902 0.042167 0.000010 0.000010 0.000010 0.000010 0.000010 0.006212
0.695612 0.000010 0.018224 0.146721 0.000010 0.012544 0.005910 0.000010 0.010802 0.005336 0.007612 0.000010 0.009217 0.039336 0.000010 0.037384 0.011232 0.000010 0.000010
0.581268 0.000010 0.000010 0.157578 0.000010 0.000010 0.000010 0.000010 0.015214 0.000010 0.034447 0.019532 0.072790 0.000010 0.000010 0.096935 0.000010 0.022126 0.000010
0.746798 0.000010 0.000010 0.094270 0.000010 0.032462 0.000010 0.073046 0.043792 0.000010 0.000010 0.000010 0.000010 0.000010 0.000010 0.000010 0.000010 0.009502 0.000010
0.648964 0.003320 0.000010 0.148861 0.000010 0.039135 0.010969 0.028418 0.010418 0.000010 0.027271 0.000010 0.054318 0.000010 0.000010 0.000010 0.000010 0.028237 0.000010
0.196969 0.000010 0.034505 0.068995 0.000010 0.012845 0.009779 0.209461 0.000010 0.085839 0.000010 0.009033 0.000010 0.000010 0.064699 0.210285 0.061867 0.035652 0.000010
0.000010 0.000010 0.000012 0.000010 0.000010 0.000010 0.999818 0.000010 0.000010 0.000010 0.000010 0.000010 0.000010 0.000010 0.000010 0.000010 0.000010 0.000010 0.000010
0.000010 0.000010 0.000010 0.000010 0.000010 0.000010 0.999820 0.000010 0.000010 0.000010 0.000010 0.000010 0.000010 0.000010 0.000010 0.000010 0.000010 0.000010 0.000010
0.000010 0.000010 0.000010 0.002115 0.000010 0.010551 0.018610 0.017661 0.000010 0.203463 0.000010 0.039816 0.041546 0.000010 0.026556 0.340796 0.266806 0.032001 0.000010
0.000010 0.020397 0.037418 0.031591 0.026950 0.000010 0.000010 0.000010 0.015771 0.728210 0.000010 0.000010 0.000010 0.000010 0.075772 0.000010 0.063782 0.000010 0.000010
0.000010 0.000010 0.000010 0.000010 0.000010 0.000010 0.999820 0.000010 0.000010 0.000010 0.000010 0.000010 0.000010 0.000010 0.000010 0.000010 0.000010 0.000010 0.000010
0.000010 0.000010 0.001164 0.000010 0.000010 0.000010 0.000010 0.141464 0.000010 0.000010 0.000010 0.000010 0.000010 0.027404 0.000010 0.772580 0.000010 0.057248 0.000010
0.000010 0.000010 0.000010 0.000010 0.000010 0.000010 0.999820 0.000010 0.000010 0.000010 0.000010 0.000010 0.000010 0.000010 0.000010 0.000010 0.000010 0.000010 0.000010
0.000010 0.000010 0.007544 0.000010 0.061424 0.054500 0.004961 0.048958 0.000010 0.118673 0.024322 0.000010 0.000010 0.040091 0.018174 0.594787 0.000010 0.000010 0.026486
0.000010 0.000010 0.999820 0.000010 0.000010 0.000010 0.000010 0.000010 0.000010 0.000010 0.000010 0.000010 0.000010 0.000010 0.000010 0.000010 0.000010 0.000010 0.000010
0.000010 0.000010 0.000010 0.000010 0.044405 0.000010 0.010887 0.000010 0.000010 0.605381 0.008759 0.000010 0.000010 0.000010 0.000010 0.094189 0.188902 0.013550 0.033817
0.000010 0.428699 0.090896 0.000010 0.000010 0.000010 0.480246 0.000010 0.000010 0.000010 0.000010 0.000010 0.000010 0.000010 0.000010 0.000010 0.000010 0.000010 0.000010
0.000010 0.000010 0.000010 0.000010 0.000010 0.000010 0.000010 0.000010 0.000010 0.000010 0.000010 0.000010 0.000010 0.000010 0.000010 0.000010 0.999820 0.000010 0.000010
0.000010 0.000010 0.042804 0.000010 0.012404 0.000010 0.058829 0.156580 0.009257 0.000032 0.009030 0.000010 0.000010 0.052881 0.000010 0.655843 0.000010 0.000010 0.002249
0.000010 0.006062 0.013644 0.000010 0.006286 0.059855 0.023610 0.085003 0.000010 0.172444 0.000010 0.000010 0.023574 0.013386 0.018942 0.507778 0.029414 0.027077 0.012875
0.002614 0.000010 0.000010 0.000010 0.083092 0.000010 0.017871 0.000010 0.000914 0.720347 0.000010 0.000010 0.018673 0.000010 0.028251 0.104653 0.023484 0.000010 0.000010
0.019272 0.000010 0.000010 0.000010 0.000010 0.119508 0.062505 0.018566 0.039985 0.000010 0.337999 0.033269 0.041057 0.000010 0.000010 0.034923 0.000010 0.176930 0.115906
0.000010 0.000010 0.000010 0.000010 0.239908 0.000010 0.000010 0.030987 0.000010 0.293074 0.000010 0.000010 0.000010 0.017032 0.097359 0.255583 0.027096 0.023790 0.015072
0.000010 0.014207 0.000010 0.000010 0.227430 0.000010 0.000010 0.053991 0.000010 0.519023 0.038183 0.000010 0.000010 0.014225 0.009074 0.115007 0.008534 0.000236 0.000010
0.000010 0.000010 0.016998 0.000010 0.141791 0.059933 0.000010 0.000010 0.000010 0.725426 0.000010 0.000010 0.000010 0.000010 0.000010 0.000010 0.055712 0.000010 0.000010
0.000010 0.006510 0.000010 0.000010 0.063787 0.091191 0.047135 0.051302 0.008811 0.031317 0.000010 0.000010 0.000010 0.039083 0.026702 0.628673 0.000010 0.005410 0.000010
0.000010 0.000010 0.000010 0.000010 0.000010 0.000010 0.000010 0.000010 0.000010 0.000010 0.000010 0.000010 0.000010 0.000010 0.000010 0.000010 0.999820 0.000010 0.000010
0.000010 0.000010 0.999820 0.000010 0.000010 0.000010 0.000010 0.000010 0.000010 0.000010 0.000010 0.000010 0.000010 0.000010 0.000010 0.000010 0.000010 0.000010 0.000010
0.000010 0.000010 0.999818 0.000010 0.000010 0.000010 0.000010 0.000010 0.000010 0.000010 0.000010 0.000010 0.000010 0.000010 0.000012 0.000010 0.000010 0.000010 0.000010
0.011219 0.009933 0.000010 0.000010 0.000010 0.000010 0.007986 0.000010 0.002689 0.726608 0.000010 0.000010 0.000010 0.020988 0.000010 0.134112 0.086354 0.000010 0.000010
0.000010 0.000010 0.999820 0.000010 0.000010 0.000010 0.000010 0.000010 0.000010 0.000010 0.000010 0.000010 0.000010 0.000010 0.000010 0.000010 0.000010 0.000010 0.000010
0.000010 0.000010 0.000010 0.000010 0.000010 0.000010 0.000010 0.329229 0.000010 0.670601 0.000010 0.000010 0.000010 0.000010 0.000010 0.000010 0.000010 0.000010 0.000010
0.000010 0.000010 0.000010 0.000010 0.008720 0.000010 0.000010 0.000010 0.000010 0.988011 0.000010 0.000010 0.000010 0.000010 0.000010 0.000010 0.003109 0.000010 0.000010
0.000010 0.000010 0.999818 0.000010 0.000010 0.000010 0.000010 0.000010 0.000010 0.000010 0.000010 0.000012 0.000010 0.000010 0.000010 0.000010 0.000010 0.000010 0.000010
0.000010 0.000010 0.999820 0.000010 0.000010 0.000010 0.000010 0.000010 0.000010 0.000010 0.000010 0.000010 0.000010 0.000010 0.000010 0.000010 0.000010 0.000010 0.000010
0.000010 0.000010 0.999820 0.000010 0.000010 0.000010 0.000010 0.000010 0.000010 0.000010 0.000010 0.000010 0.000010 0.000010 0.000010 0.000010 0.000010 0.000010 0.000010
0.000010 0.000010 0.999820 0.000010 0.000010 0.000010 0.000010 0.000010 0.000010 0.000010 0.000010 0.000010 0.000010 0.000010 0.000010 0.000010 0.000010 0.000010 0.000010
0.007769 0.248448 0.652939 0.000010 0.000010 0.035089 0.000010 0.000010 0.015466 0.000010 0.000010 0.000010 0.016044 0.000010 0.000010 0.020106 0.004028 0.000010 0.000010
0.041858 0.060618 0.000010 0.000010 0.012990 0.000010 0.005039 0.000010 0.000010 0.048801 0.059080 0.000010 0.000010 0.000010 0.000010 0.771494 0.000010 0.000010 0.000010
0.000010 0.005604 0.031797 0.000010 0.000010 0.000010 0.000010 0.072031 0.000010 0.045705 0.002018 0.000010 0.000010 0.000010 0.043810 0.712424 0.032144 0.000010 0.054366
0.000010 0.000010 0.999816 0.000010 0.000010 0.000010 0.000010 0.000010 0.000010 0.000010 0.000010 0.000010 0.000010 0.000010 0.000010 0.000010 0.000014 0.000010 0.000010
0.000010 0.069963 0.095056 0.000010 0.000010 0.000010 0.000010 0.088696 0.018363 0.370313 0.000010 0.022666 0.000010 0.000010 0.243949 0.073183 0.014168 0.003554 0.000010
0.000010 0.012266 0.000010 0.000010 0.000010 0.000010 0.004093 0.074610 0.000010 0.519834 0.000010 0.000010 0.000010 0.038659 0.000010 0.050589 0.299829 0.000010 0.000010
0.000010 0.000019 0.999805 0.000010 0.000010 0.000010 0.000010 0.000010 0.000010 0.000010 0.000016 0.000010 0.000010 0.000010 0.000010 0.000010 0.000010 0.000010 0.000010
0.000010 0.032140 0.909260 0.000010 0.003008 0.000010 0.000010 0.000010 0.000010 0.000010 0.014481 0.021289 0.002480 0.017216 0.000010 0.000010 0.000010 0.000017 0.000010
0.000010 0.000010 0.999804 0.000010 0.000017 0.000010 0.000010 0.000010 0.000010 0.000010 0.000010 0.000014 0.000015 0.000010 0.000010 0.000010 0.000010 0.000010 0.000010
0.000010 0.025760 0.000010 0.000010 0.000010 0.146479 0.033039 0.031356 0.054892 0.120716 0.000010 0.035085 0.031408 0.220886 0.071610 0.222501 0.005815 0.000010 0.000395
0.000010 0.022683 0.032380 0.000010 0.112153 0.000010 0.000010 0.000010 0.000010 0.003895 0.000010 0.000010 0.000010 0.004044 0.000010 0.824715 0.000010 0.000010 0.000010
0.005089 0.000010 0.024695 0.000010 0.002988 0.010231 0.000010 0.062392 0.000010 0.051522 0.000010 0.000010 0.000542 0.021266 0.000010 0.721661 0.043866 0.037478 0.018200
0.000010 0.003690 0.028803 0.008002 0.000010 0.097441 0.000010 0.000010 0.000010 0.000976 0.000010 0.000010 0.000010 0.023862 0.000010 0.816216 0.020901 0.000010 0.000010
0.000010 0.665398 0.334430 0.000010 0.000010 0.000010 0.000010 0.000012 0.000010 0.000010 0.000010 0.000010 0.000010 0.000010 0.000010 0.000010 0.000010 0.000010 0.000010
0.183379 0.000010 0.419797 0.071548 0.032490 0.000010 0.000010 0.000010 0.213352 0.000010 0.000010 0.032383 0.000010 0.000010 0.000010 0.000010 0.046931 0.000010 0.000010
0.000010 0.000010 0.999818 0.000010 0.000010 0.000010 0.000010 0.000010 0.000010 0.000012 0.000010 0.000010 0.000010 0.000010 0.000010 0.000010 0.000010 0.000010 0.000010
0.000010 0.000010 0.999820 0.000010 0.000010 0.000010 0.000010 0.000010 0.000010 0.000010 0.000010 0.000010 0.000010 0.000010 0.000010 0.000010 0.000010 0.000010 0.000010
0.000010 0.000010 0.999818 0.000010 0.000010 0.000010 0.000010 0.000010 0.000010 0.000010 0.000010 0.000010 0.000010 0.000010 0.000010 0.000010 0.000012 0.000010 0.000010
0.000010 0.000010 0.999820 0.000010 0.000010 0.000010 0.000010 0.000010 0.000010 0.000010 0.000010 0.000010 0.000010 0.000010 0.000010 0.000010 0.000010 0.000010 0.000010
0.000010 0.000010 0.999820 0.000010 0.000010 0.000010 0.000010 0.000010 0.000010 0.000010 0.000010 0.000010 0.000010 0.000010 0.000010 0.000010 0.000010 0.000010 0.000010
0.000010 0.000010 0.999820 0.000010 0.000010 0.000010 0.000010 0.000010 0.000010 0.000010 0.000010 0.000010 0.000010 0.000010 0.000010 0.000010 0.000010 0.000010 0.000010
0.000010 0.031636 0.000010 0.000010 0.000010 0.035715 0.023479 0.351419 0.000010 0.210912 0.000010 0.000010 0.024866 0.303352 0.000010 0.018511 0.000010 0.000010 0.000010
0.000010 0.000010 0.999817 0.000010 0.000010 0.000010 0.000011 0.000010 0.000010 0.000010 0.000010 0.000010 0.000010 0.000010 0.000010 0.000010 0.000012 0.000010 0.000010
0.000010 0.241636 0.688420 0.000010 0.000010 0.000010 0.002733 0.000010 0.006230 0.000010 0.006044 0.000010 0.038243 0.000010 0.013994 0.000010 0.000010 0.002590 0.000010
0.000010 0.000010 0.000010 0.000010 0.000010 0.000010 0.000010 0.068972 0.007421 0.851245 0.000010 0.000010 0.000010 0.002176 0.000010 0.070045 0.000010 0.000010 0.000010
0.000010 0.685858 0.313972 0.000010 0.000010 0.000010 0.000010 0.000010 0.000010 0.000010 0.000010 0.000010 0.000010 0.000010 0.000010 0.000010 0.000010 0.000010 0.000010
0.000010 0.522505 0.134342 0.000010 0.012893 0.000010 0.000010 0.000010 0.000010 0.064176 0.000010 0.030768 0.000010 0.030703 0.172559 0.000010 0.000010 0.000010 0.031944
0.000010 0.000010 0.999820 0.000010 0.000010 0.000010 0.000010 0.000010 0.000010 0.000010 0.000010 0.000010 0.000010 0.000010 0.000010 0.000010 0.000010 0.000010 0.000010
0.000010 0.000010 0.999815 0.000010 0.000010 0.000010 0.000010 0.000010 0.000010 0.000010 0.000010 0.000015 0.000010 0.000010 0.000010 0.000010 0.000010 0.000010 0.000010
0.000010 0.000010 0.999797 0.000010 0.000018 0.000010 0.000010 0.000018 0.000010 0.000015 0.000010 0.000011 0.000010 0.000010 0.000011 0.000010 0.000010 0.000010 0.000010
0.000010 0.000010 0.999820 0.000010 0.000010 0.000010 0.000010 0.000010 0.000010 0.000010 0.000010 0.000010 0.000010 0.000010 0.000010 0.000010 0.000010 0.000010 0.000010
0.000010 0.167277 0.832553 0.000010 0.000010 0.000010 0.000010 0.000010 0.000010 0.000010 0.000010 0.000010 0.000010 0.000010 0.000010 0.000010 0.000010 0.000010 0.000010
0.000010 0.000010 0.999820 0.000010 0.000010 0.000010 0.000010 0.000010 0.000010 0.000010 0.000010 0.000010 0.000010 0.000010 0.000010 0.000010 0.000010 0.000010 0.000010
0.000010 0.000010 0.000010 0.000012 0.000010 0.000010 0.000010 0.000014 0.000010 0.000010 0.000010 0.000016 0.000014 0.999803 0.000011 0.000010 0.000010 0.000010 0.000010
0.000010 0.000010 0.000010 0.000010 0.000010 0.000010 0.000010 0.000010 0.000010 0.000010 0.000010 0.000010 0.999820 0.000010 0.000010 0.000010 0.000010 0.000010 0.000010
0.000012 0.000010 0.000010 0.000010 0.000010 0.000010 0.000010 0.000010 0.000010 0.000010 0.000010 0.000010 0.999818 0.000010 0.000010 0.000010 0.000010 0.000010 0.000010
0.000010 0.000010 0.000010 0.000010 0.000010 0.000010 0.000010 0.000010 0.000010 0.000010 0.000010 0.000010 0.999820 0.000010 0.000010 0.000010 0.000010 0.000010 0.000010
0.000010 0.000010 0.999820 0.000010 0.000010 0.000010 0.000010 0.000010 0.000010 0.000010 0.000010 0.000010 0.000010 0.000010 0.000010 0.000010 0.000010 0.000010 0.000010
0.000010 0.000010 0.999802 0.000010 0.000010 0.000010 0.000010 0.000018 0.000010 0.000010 0.000010 0.000010 0.000010 0.000010 0.000010 0.000010 0.000010 0.000020 0.000010
0.000010 0.000010 0.000010 0.000010 0.000010 0.000010 0.000010 0.000010 0.000010 0.000010 0.000010 0.000010 0.999820 0.000010 0.000010 0.000010 0.000010 0.000010 0.000010
0.000010 0.000010 0.000010 0.000010 0.000010 0.000010 0.000010 0.000010 0.000010 0.017628 0.000010 0.000010 0.982202 0.000010 0.000010 0.000010 0.000010 0.000010 0.000010
0.000010 0.000010 0.000010 0.000010 0.000010 0.000010 0.000010 0.000010 0.000010 0.000010 0.000010 0.000010 0.999820 0.000010 0.000010 0.000010 0.000010 0.000010 0.000010
0.000010 0.000010 0.999796 0.000010 0.000010 0.000014 0.000010 0.000010 0.000010 0.000018 0.000010 0.000010 0.000010 0.000014 0.000018 0.000010 0.000010 0.000010 0.000010
0.000010 0.000013 0.999811 0.000010 0.000010 0.000010 0.000010 0.000010 0.000010 0.000014 0.000010 0.000010 0.000010 0.000010 0.000012 0.000010 0.000010 0.000010 0.000010
0.000010 0.000010 0.000010 0.000010 0.000010 0.000010 0.000010 0.000010 0.000010 0.000010 0.765308 0.000010 0.000010 0.000010 0.000010 0.000010 0.000010 0.234522 0.000010
0.000010 0.000010 0.999817 0.000010 0.000010 0.000010 0.000010 0.000010 0.000010 0.000010 0.000010 0.000010 0.000010 0.000012 0.000011 0.000010 0.000010 0.000010 0.000010
0.000010 0.000010 0.000010 0.000010 0.000010 0.000010 0.000010 0.000010 0.000010 0.099571 0.000010 0.000010 0.000010 0.000010 0.000010 0.000010 0.000010 0.000010 0.900259
0.000010 0.000010 0.000010 0.000010 0.000010 0.000010 0.000010 0.000010 0.000010 0.000010 0.000016 0.999814 0.000010 0.000010 0.000010 0.000010 0.000010 0.000010 0.000010
0.000010 0.000010 0.019000 0.000010 0.000010 0.000010 0.000010 0.000010 0.000010 0.000010 0.000010 0.980830 0.000010 0.000010 0.000010 0.000010 0.000010 0.000010 0.000010
0.000010 0.000010 0.000010 0.000010 0.054251 0.054691 0.014268 0.002438 0.000010 0.492850 0.000010 0.000010 0.000010 0.000010 0.151071 0.115993 0.062812 0.000010 0.051525
0.000010 0.000010 0.000010 0.000010 0.000010 0.000010 0.000010 0.000010 0.000010 0.000010 0.000010 0.999820 0.000010 0.000010 0.000010 0.000010 0.000010 0.000010 0.000010
0.808493 0.008639 0.000010 0.122866 0.000010 0.000010 0.000068 0.018811 0.000010 0.000010 0.000010 0.000010 0.000010 0.000010 0.000010 0.000010 0.000010 0.000010 0.040992
0.008334 0.000010 0.025598 0.080642 0.000010 0.120468 0.107028 0.121493 0.042575 0.000010 0.082005 0.046510 0.026096 0.021934 0.000010 0.038472 0.000010 0.184649 0.094148
0.000010 0.094196 0.000010 0.004748 0.000010 0.118108 0.000010 0.012108 0.020115 0.378365 0.000010 0.000010 0.000010 0.022980 0.264278 0.009639 0.020023 0.000010 0.055360
0.044730 0.000010 0.013067 0.018224 0.000010 0.014490 0.045585 0.073702 0.032540 0.003286 0.000010 0.050438 0.476701 0.009504 0.063360 0.004793 0.049605 0.099936 0.000010
0.000010 0.259183 0.112375 0.000010 0.000010 0.000010 0.000010 0.026179 0.000010 0.000010 0.000010 0.000010 0.000010 0.000010 0.602114 0.000010 0.000010 0.000010 0.000010
0.000010 0.094324 0.259454 0.000010 0.000010 0.000010 0.000010 0.031780 0.000010 0.000010 0.000010 0.000010 0.000010 0.000010 0.614292 0.000010 0.000010 0.000010 0.000010
0.000010 0.000010 0.000010 0.000010 0.018655 0.000010 0.000012 0.222658 0.000010 0.758266 0.000010 0.000010 0.000010 0.000010 0.000010 0.000014 0.000265 0.000010 0.000010
0.000010 0.422518 0.364000 0.000010 0.000010 0.000010 0.000010 0.070330 0.023370 0.000010 0.017404 0.000010 0.031676 0.004007 0.000010 0.000010 0.000010 0.000010 0.066585
0.000010 0.048165 0.000010 0.000010 0.148968 0.059314 0.019882 0.009289 0.053958 0.229921 0.014053 0.000010 0.000010 0.038852 0.014780 0.346687 0.000010 0.005570 0.010499
0.000010 0.030858 0.046507 0.000010 0.014174 0.000010 0.000010 0.053480 0.010732 0.738598 0.000010 0.000010 0.000010 0.005893 0.019342 0.063452 0.016874 0.000010 0.000010
0.000010 0.234622 0.133230 0.000010 0.000010 0.000010 0.000010 0.019649 0.000010 0.385539 0.030283 0.022979 0.000010 0.000010 0.131138 0.031470 0.010989 0.000010 0.000010
0.000010 0.000504 0.000010 0.005666 0.000010 0.192562 0.419992 0.046654 0.000010 0.000010 0.000010 0.015003 0.000010 0.004423 0.000010 0.116565 0.032344 0.000010 0.166196
0.000010 0.026939 0.000010 0.005380 0.026938 0.000010 0.000010 0.009580 0.007693 0.000010 0.000010 0.000010 0.000010 0.014876 0.000010 0.171354 0.707638 0.006040 0.023472
0.000010 0.000010 0.000010 0.000010 0.075821 0.051417 0.000010 0.110434 0.000010 0.000010 0.039485 0.000010 0.000010 0.042904 0.000010 0.538174 0.006928 0.057688 0.077047
0.125116 0.000010 0.010759 0.000010 0.089278 0.000010 0.000010 0.025743 0.000010 0.000010 0.003353 0.028028 0.533190 0.000010 0.000010 0.008548 0.000010 0.160013 0.015881
0.000010 0.284472 0.666142 0.000010 0.000010 0.000010 0.019724 0.000010 0.000010 0.000010 0.000010 0.000010 0.021014 0.000010 0.008508 0.000010 0.000010 0.000010 0.000010
0.179495 0.014363 0.000010 0.016165 0.045282 0.000010 0.004745 0.118412 0.000010 0.000010 0.015047 0.011035 0.479066 0.000010 0.021330 0.000010 0.005182 0.089809 0.000010
0.000010 0.000010 0.000010 0.000010 0.000010 0.000010 0.000010 0.000010 0.000010 0.000010 0.000010 0.000010 0.999820 0.000010 0.000010 0.000010 0.000010 0.000010 0.000010
0.028856 0.000010 0.000010 0.000010 0.075987 0.000010 0.000010 0.058548 0.008150 0.280027 0.000010 0.000242 0.000010 0.052544 0.078866 0.346462 0.068635 0.001603 0.000010
0.000010 0.000010 0.000010 0.000010 0.012317 0.000010 0.000010 0.437155 0.000010 0.529787 0.020591 0.000010 0.000010 0.000010 0.000010 0.000010 0.000010 0.000010 0.000010
0.000010 0.000010 0.000010 0.640209 0.000010 0.000010 0.000010 0.000010 0.000010 0.000010 0.359621 0.000010 0.000010 0.000010 0.000010 0.000010 0.000010 0.000010 0.000010
0.002498 0.023249 0.000010 0.000010 0.000010 0.000010 0.000010 0.364567 0.000010 0.503084 0.027416 0.000010 0.000010 0.029979 0.004168 0.024587 0.000010 0.000010 0.020352
0.000010 0.000010 0.000010 0.000010 0.000010 0.000010 0.000010 0.363987 0.000010 0.635843 0.000010 0.000010 0.000010 0.000010 0.000010 0.000010 0.000010 0.000010 0.000010
0.000010 0.000010 0.000010 0.000010 0.193108 0.000010 0.000010 0.081816 0.003228 0.657421 0.000010 0.006508 0.000010 0.034192 0.000010 0.000010 0.023607 0.000010 0.000010
0.095173 0.000010 0.000010 0.000010 0.072305 0.203101 0.038807 0.177384 0.016580 0.000010 0.000010 0.000010 0.000010 0.000010 0.157098 0.000010 0.000010 0.178616 0.060837
0.000010 0.000010 0.000010 0.000010 0.000010 0.000010 0.000010 0.000010 0.000010 0.000010 0.000010 0.000010 0.000010 0.000010 0.000010 0.000010 0.000010 0.999820 0.000010
0.000010 0.000010 0.027424 0.000010 0.164711 0.000010 0.042563 0.198749 0.000012 0.350188 0.017709 0.006161 0.000010 0.140411 0.000010 0.000010 0.000010 0.000010 0.051983
0.000010 0.000010 0.000010 0.000010 0.000010 0.000010 0.000010 0.000010 0.000010 0.000010 0.000010 0.000010 0.999812 0.000010 0.000010 0.000018 0.000010 0.000010 0.000010
0.000010 0.000010 0.000310 0.000010 0.000010 0.000010 0.000010 0.822534 0.000010 0.000010 0.000010 0.000010 0.000010 0.046225 0.000010 0.130781 0.000010 0.000010 0.000010
0.000010 0.028751 0.034588 0.004745 0.023750 0.052129 0.000010 0.057090 0.000010 0.453808 0.000010 0.018947 0.000010 0.000010 0.252106 0.051928 0.000010 0.000010 0.022077
0.121229 0.000010 0.015441 0.139023 0.000010 0.112279 0.000010 0.000010 0.018264 0.000010 0.026556 0.181291 0.330647 0.000010 0.055170 0.000010 0.000010 0.000010 0.000010
0.016817 0.000010 0.000010 0.000010 0.000010 0.032928 0.044160 0.401324 0.029465 0.046665 0.034301 0.000010 0.011250 0.000373 0.000010 0.320607 0.021382 0.040657 0.000010
0.000010 0.000010 0.999820 0.000010 0.000010 0.000010 0.000010 0.000010 0.000010 0.000010 0.000010 0.000010 0.000010 0.000010 0.000010 0.000010 0.000010 0.000010 0.000010
0.000010 0.000010 0.032845 0.000010 0.000010 0.000010 0.000010 0.463000 0.000010 0.503995 0.000010 0.000010 0.000010 0.000010 0.000010 0.000010 0.000010 0.000010 0.000010
0.000010 0.000110 0.000010 0.000010 0.027360 0.000010 0.000010 0.487901 0.000010 0.484479 0.000010 0.000010 0.000010 0.000010 0.000010 0.000010 0.000010 0.000010 0.000010
0.000010 0.000010 0.000010 0.000010 0.000010 0.000010 0.023042 0.493541 0.000010 0.454994 0.000010 0.000010 0.000010 0.000010 0.000010 0.000010 0.028273 0.000010 0.000010
0.000010 0.000010 0.018629 0.000010 0.168865 0.000010 0.017335 0.030951 0.017173 0.582638 0.000010 0.000010 0.000010 0.000010 0.000010 0.039037 0.022533 0.000010 0.102738
0.000010 0.000010 0.058095 0.000010 0.000010 0.100877 0.000010 0.000010 0.001629 0.160768 0.000010 0.000010 0.013013 0.000010 0.585828 0.023592 0.000010 0.055640 0.000458
0.000010 0.070669 0.000010 0.000010 0.121213 0.000010 0.000010 0.538780 0.000010 0.004286 0.014986 0.012214 0.012977 0.075115 0.000010 0.071617 0.000010 0.000010 0.078054
0.000010 0.000010 0.000010 0.000010 0.098920 0.000010 0.000010 0.012878 0.000010 0.687896 0.050370 0.000010 0.000010 0.000010 0.012176 0.000010 0.137630 0.000010 0.000010
0.000010 0.000010 0.025449 0.000010 0.000010 0.000010 0.000010 0.000010 0.000010 0.974381 0.000010 0.000010 0.000010 0.000010 0.000010 0.000010 0.000010 0.000010 0.000010
0.000010 0.040569 0.000010 0.000010 0.003557 0.000010 0.015157 0.430211 0.000010 0.061410 0.000010 0.006483 0.015543 0.233374 0.025217 0.158049 0.000010 0.000010 0.010351
0.000010 0.086009 0.068264 0.000010 0.115411 0.000010 0.003636 0.014059 0.000010 0.570895 0.000010 0.000010 0.000010 0.018370 0.088948 0.000010 0.034307 0.000010 0.000010
0.000010 0.110856 0.000010 0.000010 0.000010 0.116123 0.000010 0.637659 0.000010 0.023288 0.000010 0.000010 0.000010 0.111933 0.000010 0.000010 0.000010 0.000010 0.000010
0.000010 0.037235 0.028478 0.027059 0.030902 0.000010 0.011214 0.017577 0.000010 0.664575 0.000010 0.009893 0.000010 0.002387 0.010725 0.099767 0.045822 0.014306 0.000010
0.000010 0.000010 0.023734 0.000010 0.108541 0.000010 0.012740 0.036319 0.000010 0.494730 0.000010 0.017402 0.000010 0.027248 0.002334 0.163000 0.113862 0.000010 0.000010
0.000010 0.000010 0.000010 0.000010 0.000010 0.000010 0.000010 0.999820 0.000010 0.000010 0.000010 0.000010 0.000010 0.000010 0.000010 0.000010 0.000010 0.000010 0.000010
0.000010 0.000010 0.000010 0.000010 0.126240 0.016313 0.028893 0.064505 0.000010 0.763909 0.000010 0.000010 0.000010 0.000010 0.000010 0.000010 0.000010 0.000010 0.000010
0.004693 0.184717 0.164947 0.000010 0.014180 0.000010 0.000010 0.009884 0.000010 0.214768 0.000010 0.040152 0.006978 0.006176 0.221822 0.045474 0.075553 0.010598 0.000010
0.000010 0.000010 0.001904 0.000010 0.065225 0.000010 0.000010 0.196780 0.000010 0.718430 0.000010 0.000010 0.000010 0.000010 0.000010 0.000010 0.017521 0.000010 0.000010
0.000010 0.142176 0.207194 0.000010 0.013659 0.000010 0.000010 0.085867 0.000010 0.337535 0.000010 0.008207 0.000010 0.002476 0.202775 0.000010 0.000010 0.000010 0.000010
0.000010 0.000010 0.000010 0.001541 0.000010 0.082960 0.000010 0.167357 0.007534 0.549421 0.000010 0.037469 0.000010 0.115792 0.020751 0.017075 0.000010 0.000010 0.000010
0.000010 0.014738 0.030296 0.000010 0.000010 0.036424 0.000010 0.000010 0.000398 0.760665 0.011305 0.000010 0.000010 0.000010 0.076459 0.037294 0.032321 0.000010 0.000010
0.000010 0.000010 0.008013 0.000010 0.000010 0.000010 0.000010 0.391416 0.000010 0.580399 0.000010 0.000010 0.000010 0.000010 0.000010 0.000010 0.016003 0.000010 0.004030
0.000010 0.005196 0.264916 0.000010 0.000010 0.000010 0.000010 0.000010 0.000010 0.000010 0.000010 0.000010 0.000010 0.000010 0.729728 0.000010 0.000010 0.000010 0.000010
0.000010 0.000010 0.000010 0.000010 0.000010 0.000010 0.000010 0.000010 0.000010 0.000010 0.000010 0.000010 0.000010 0.000010 0.993699 0.006131 0.000010 0.000010 0.000010
