0.447271 0.000010 0.024973 0.000010 0.000010 0.000010 0.462340 0.065376
0.231711 0.000010 0.055864 0.046982 0.000010 0.026455 0.616197 0.022772
0.423249 0.063125 0.000010 0.018326 0.056244 0.006926 0.425759 0.006361
0.000010 0.022781 0.014920 0.026636 0.000010 0.002141 0.024090 0.909411
0.282162 0.079119 0.095745 0.010222 0.026626 0.000010 0.506106 0.000010
0.742629 0.023223 0.000010 0.028859 0.000010 0.000010 0.174896 0.030363
0.324146 0.057133 0.000010 0.050399 0.011215 0.000010 0.126678 0.430409
0.930529 0.000010 0.003228 0.050207 0.000010 0.000010 0.000010 0.015997
0.120733 0.011857 0.025457 0.026825 0.000010 0.000010 0.753001 0.062107
0.884562 0.001855 0.000010 0.000010 0.000010 0.000010 0.098241 0.015302
0.707995 0.008652 0.010190 0.011044 0.000010 0.000299 0.261108 0.000703
0.394694 0.000010 0.000010 0.054399 0.040330 0.006769 0.503779 0.000010
0.004400 0.227322 0.004528 0.066358 0.055719 0.000010 0.497991 0.143673
0.000010 0.088496 0.008735 0.047060 0.005466 0.001975 0.357421 0.490836
0.936747 0.004728 0.000010 0.000010 0.000010 0.022598 0.022314 0.013584
0.370588 0.039181 0.005706 0.024342 0.032177 0.032159 0.473782 0.022065
0.714401 0.000010 0.035783 0.010228 0.000010 0.000010 0.216642 0.022917
0.506472 0.033269 0.000010 0.065342 0.006070 0.000010 0.091332 0.297495
0.355395 0.356316 0.000010 0.039400 0.000010 0.000010 0.248850 0.000010
0.000018 0.000010 0.040376 0.006019 0.052464 0.901093 0.000010 0.000010
0.018499 0.000010 0.000010 0.010732 0.000010 0.965315 0.000010 0.005413
0.000010 0.000010 0.000010 0.000010 0.000010 0.999930 0.000010 0.000010
0.017386 0.000010 0.013980 0.041202 0.014464 0.912938 0.000010 0.000010
0.030807 0.066635 0.045640 0.003100 0.004644 0.032127 0.084946 0.732101
0.119537 0.503092 0.048087 0.000010 0.000010 0.000010 0.320268 0.008986
0.000010 0.000010 0.017994 0.000010 0.041873 0.929702 0.010144 0.000258
0.112307 0.000010 0.081840 0.051412 0.047821 0.019981 0.656392 0.030239
0.000010 0.000010 0.000010 0.000010 0.010071 0.972806 0.000010 0.017073
0.114900 0.051141 0.056867 0.014379 0.014912 0.005904 0.715191 0.026705
0.089139 0.000010 0.014180 0.006459 0.011357 0.023651 0.782863 0.072340
0.023876 0.019220 0.000010 0.013723 0.000010 0.042740 0.900410 0.000010
0.093025 0.027033 0.045217 0.000010 0.030902 0.000010 0.769899 0.033903
0.015697 0.245995 0.121127 0.028867 0.070140 0.000010 0.330436 0.187728
0.000010 0.208245 0.089583 0.054453 0.016235 0.000010 0.561132 0.070332
0.201123 0.000010 0.040376 0.318079 0.026584 0.014521 0.399297 0.000010
0.292260 0.031506 0.000010 0.029525 0.020909 0.000010 0.254254 0.371526
0.331972 0.061629 0.012131 0.000010 0.000010 0.000010 0.156121 0.438118
0.000010 0.000010 0.005108 0.000010 0.994832 0.000010 0.000010 0.000010
0.012563 0.057650 0.000010 0.104877 0.000010 0.000010 0.784572 0.040308
0.040116 0.073796 0.048422 0.016500 0.021283 0.000010 0.782356 0.017517
0.999930 0.000010 0.000010 0.000010 0.000010 0.000010 0.000010 0.000010
0.200076 0.101626 0.045637 0.026512 0.000010 0.019007 0.571638 0.035493
0.728931 0.034525 0.000010 0.008991 0.007956 0.014823 0.181743 0.023020
0.808825 0.000010 0.001252 0.011445 0.017396 0.000010 0.138251 0.022812
0.000010 0.421841 0.043037 0.003703 0.010368 0.000010 0.521022 0.000010
0.000010 0.000010 0.006915 0.000010 0.315951 0.677083 0.000010 0.000010
0.000010 0.000010 0.010558 0.010462 0.291046 0.670591 0.017313 0.000010
0.007797 0.082568 0.193926 0.051812 0.220566 0.167614 0.223871 0.051845
0.039030 0.302300 0.082885 0.053102 0.029588 0.000010 0.442694 0.050391
0.037444 0.209419 0.061249 0.060315 0.000010 0.030233 0.528348 0.072982
0.000010 0.999930 0.000010 0.000010 0.000010 0.000010 0.000010 0.000010
0.000298 0.263669 0.150836 0.035883 0.039660 0.000010 0.470673 0.038972
0.078362 0.921578 0.000010 0.000010 0.000010 0.000010 0.000010 0.000010
0.075337 0.247758 0.065522 0.066810 0.042006 0.000010 0.484267 0.018290
0.000010 0.334398 0.028712 0.017438 0.063658 0.000010 0.513700 0.042074
0.000010 0.000010 0.000010 0.999930 0.000010 0.000010 0.000010 0.000010
0.879284 0.000010 0.025122 0.040148 0.030859 0.003281 0.007943 0.013353
0.002775 0.069019 0.000010 0.064119 0.000010 0.000010 0.791106 0.072951
0.031729 0.099185 0.000010 0.034547 0.001294 0.000010 0.794300 0.038925
0.717967 0.085620 0.000010 0.020413 0.000010 0.000010 0.128270 0.047700
0.003016 0.030431 0.000010 0.011744 0.027699 0.022178 0.904912 0.000010
0.107623 0.024315 0.007884 0.055959 0.000010 0.000010 0.753659 0.050540
0.455679 0.076051 0.000010 0.035308 0.000010 0.059083 0.366433 0.007426
0.044245 0.000010 0.000010 0.036449 0.029239 0.000010 0.851476 0.038561
0.077884 0.109574 0.052915 0.055957 0.019138 0.000010 0.648214 0.036309
0.220127 0.242547 0.000010 0.098582 0.036246 0.030974 0.141574 0.229940
0.000010 0.012430 0.000010 0.000010 0.630051 0.000010 0.000010 0.357469
0.001170 0.011291 0.058658 0.049420 0.038609 0.000010 0.141443 0.699399
0.882711 0.014874 0.010373 0.035788 0.024981 0.000010 0.012519 0.018744
0.000010 0.264997 0.055020 0.055898 0.000010 0.000010 0.558179 0.065877
0.090449 0.251027 0.083188 0.015084 0.014517 0.000010 0.485029 0.060696
0.094627 0.389721 0.078649 0.054260 0.000010 0.000010 0.360402 0.022321
0.131253 0.000010 0.046817 0.169766 0.003259 0.000010 0.645729 0.003157
0.116469 0.042031 0.007791 0.031181 0.025332 0.000010 0.748194 0.028990
0.135231 0.025961 0.000010 0.134756 0.000010 0.000010 0.662261 0.041760
0.034469 0.051558 0.052808 0.050815 0.036940 0.000010 0.773390 0.000010
0.033886 0.050851 0.000010 0.052074 0.000010 0.035117 0.811150 0.016901
0.076845 0.100328 0.000010 0.051875 0.045459 0.033411 0.692062 0.000010
0.000010 0.000010 0.000010 0.000010 0.999930 0.000010 0.000010 0.000010
0.102155 0.040842 0.038048 0.005406 0.000010 0.000010 0.776545 0.036984
0.040386 0.085994 0.000010 0.050522 0.011958 0.041435 0.756865 0.012830
0.711200 0.000010 0.000010 0.008968 0.017026 0.010463 0.213613 0.038709
0.714676 0.016709 0.012022 0.046315 0.005645 0.000010 0.171309 0.033315
0.067215 0.000010 0.045180 0.737613 0.000010 0.013029 0.136933 0.000010
0.780651 0.027479 0.000010 0.000010 0.000010 0.000010 0.127450 0.064380
0.000010 0.000010 0.000010 0.000010 0.999930 0.000010 0.000010 0.000010
0.004939 0.086064 0.092174 0.015057 0.012479 0.732845 0.056431 0.000010
0.677507 0.000010 0.006598 0.079103 0.000010 0.008466 0.191145 0.037160
0.195944 0.103769 0.037136 0.095553 0.021819 0.005625 0.471885 0.068269
0.000010 0.049451 0.045763 0.000010 0.065920 0.792968 0.020662 0.025216
0.006535 0.000010 0.023777 0.054592 0.028975 0.825585 0.036925 0.023603
0.014611 0.034386 0.103929 0.000010 0.034439 0.708334 0.088150 0.016141
0.000010 0.000010 0.025982 0.011382 0.087532 0.791472 0.083602 0.000010
0.000010 0.064318 0.066026 0.006392 0.026327 0.784227 0.052689 0.000010
0.178658 0.036356 0.000010 0.042542 0.024528 0.276888 0.391268 0.049748
0.014993 0.525641 0.128785 0.022242 0.000010 0.000010 0.298915 0.009403
0.025164 0.472255 0.072201 0.000010 0.006337 0.014531 0.376033 0.033469
0.405802 0.039132 0.057235 0.037332 0.009471 0.000010 0.425359 0.025659
0.863976 0.000010 0.000010 0.000010 0.019620 0.046117 0.004527 0.065730
0.002041 0.563521 0.104669 0.000010 0.034843 0.000010 0.283471 0.011435
0.065633 0.000010 0.031138 0.116813 0.000010 0.006455 0.768073 0.011869
0.000010 0.476619 0.028255 0.000010 0.011556 0.075830 0.372829 0.034892
0.253314 0.038778 0.000010 0.084830 0.000010 0.000010 0.617962 0.005086
0.000010 0.000010 0.000010 0.000010 0.000010 0.000010 0.000010 0.999930
0.798734 0.047856 0.000010 0.001642 0.000010 0.002010 0.142228 0.007510
0.000010 0.298543 0.079926 0.039135 0.000010 0.000010 0.127309 0.455057
0.628859 0.048425 0.004923 0.021005 0.000010 0.001618 0.252860 0.042299
0.096811 0.021378 0.009725 0.117170 0.037270 0.000010 0.671531 0.046107
0.279431 0.011525 0.054138 0.073163 0.000010 0.000010 0.560992 0.020731
0.863179 0.000010 0.030462 0.006101 0.004325 0.000010 0.095903 0.000010
0.026256 0.620123 0.069827 0.009588 0.049019 0.025990 0.188064 0.011134
0.596605 0.030615 0.017428 0.036004 0.000010 0.000010 0.319317 0.000010
0.778850 0.034258 0.000010 0.028309 0.000010 0.000010 0.158542 0.000010
0.912926 0.000010 0.000010 0.000010 0.000010 0.000010 0.068972 0.018052
0.165069 0.024901 0.000010 0.091451 0.027791 0.000010 0.690758 0.000010
0.587781 0.069937 0.000010 0.023015 0.008079 0.022378 0.243867 0.044932
0.000010 0.000010 0.000010 0.000010 0.000010 0.000010 0.000010 0.999930
0.000010 0.000010 0.000010 0.000010 0.000010 0.000010 0.000010 0.999930
0.826387 0.000010 0.010514 0.035002 0.005397 0.000010 0.119441 0.003240
0.000010 0.000010 0.000010 0.000010 0.000010 0.000010 0.000010 0.999930
0.803159 0.043257 0.015165 0.000010 0.012596 0.020469 0.079262 0.026083
0.999930 0.000010 0.000010 0.000010 0.000010 0.000010 0.000010 0.000010
0.000010 0.000010 0.000010 0.000010 0.000010 0.000010 0.000010 0.999930
0.000010 0.000010 0.000010 0.000018 0.000010 0.000010 0.000010 0.999922
0.000010 0.000010 0.000010 0.000010 0.000010 0.000010 0.000010 0.999930
0.000010 0.000010 0.000010 0.000010 0.000010 0.000010 0.000010 0.999930
0.000010 0.000010 0.038122 0.001298 0.026145 0.000010 0.081406 0.853000
0.202215 0.014345 0.003351 0.046680 0.004720 0.061110 0.626320 0.041260
0.183480 0.010091 0.026903 0.034275 0.021772 0.000010 0.678297 0.045174
0.000010 0.000010 0.000010 0.000010 0.000010 0.000010 0.000010 0.999930
0.486030 0.050809 0.000010 0.040316 0.051489 0.000010 0.186715 0.184621
0.759058 0.000010 0.000010 0.063081 0.005995 0.017032 0.125278 0.029535
0.000010 0.000010 0.000010 0.000010 0.000010 0.000010 0.000010 0.999930
0.000010 0.027688 0.000011 0.019850 0.000010 0.000010 0.000010 0.952410
0.000010 0.000010 0.000010 0.000010 0.000010 0.000010 0.000010 0.999930
0.151752 0.048414 0.040886 0.248296 0.058103 0.000010 0.420507 0.032032
0.201833 0.000010 0.000010 0.080185 0.000010 0.000010 0.678473 0.039470
0.189791 0.000010 0.038506 0.064211 0.000010 0.015361 0.673947 0.018163
0.080588 0.000010 0.000010 0.066553 0.000010 0.038843 0.783185 0.030801
0.054579 0.031709 0.008307 0.000010 0.000010 0.000010 0.000010 0.905365
0.055672 0.000010 0.006474 0.000010 0.221173 0.264699 0.000010 0.451952
0.000010 0.000010 0.000010 0.000010 0.000010 0.000010 0.000010 0.999930
0.000010 0.000010 0.000010 0.000010 0.000011 0.000010 0.000010 0.999929
0.000010 0.000010 0.000010 0.000010 0.000010 0.000010 0.000010 0.999930
0.000010 0.000010 0.000010 0.000010 0.000010 0.000010 0.000010 0.999930
0.000010 0.000010 0.000010 0.000010 0.000010 0.000010 0.000010 0.999930
0.000010 0.000010 0.000010 0.000010 0.000010 0.000010 0.000010 0.999930
0.249015 0.000010 0.041391 0.315264 0.067435 0.000010 0.302070 0.024804
0.000010 0.000010 0.000010 0.000010 0.000010 0.000010 0.000010 0.999930
0.000010 0.042299 0.061326 0.000010 0.007235 0.000010 0.001392 0.887717
0.898246 0.000010 0.000010 0.003757 0.014929 0.000010 0.083028 0.000010
0.000010 0.071402 0.029769 0.037173 0.000010 0.016932 0.000010 0.844695
0.152372 0.063994 0.000010 0.087531 0.000010 0.000010 0.130928 0.565145
0.000010 0.000010 0.000010 0.000010 0.000010 0.000010 0.000010 0.999930
0.000010 0.000010 0.000010 0.000010 0.000010 0.000010 0.000010 0.999930
0.000010 0.000010 0.000010 0.000010 0.000010 0.000010 0.000010 0.999930
0.000010 0.000010 0.000010 0.000010 0.000010 0.000010 0.000010 0.999930
0.000010 0.000010 0.005509 0.019168 0.000010 0.000010 0.000010 0.975273
0.000010 0.000010 0.000010 0.000010 0.000010 0.000010 0.000010 0.999930
0.000010 0.000010 0.000010 0.999930 0.000010 0.000010 0.000010 0.000010
0.000010 0.000010 0.999930 0.000010 0.000010 0.000010 0.000010 0.000010
0.000010 0.000010 0.999930 0.000010 0.000010 0.000010 0.000010 0.000010
0.000010 0.000010 0.999930 0.000010 0.000010 0.000010 0.000010 0.000010
0.000010 0.000010 0.000010 0.000010 0.000010 0.000010 0.000010 0.999930
0.000010 0.000010 0.000010 0.000010 0.000010 0.000010 0.000010 0.999930
0.000010 0.000010 0.999930 0.000010 0.000010 0.000010 0.000010 0.000010
0.010652 0.000010 0.956755 0.000010 0.000010 0.032543 0.000010 0.000010
0.000010 0.000010 0.999930 0.000010 0.000010 0.000010 0.000010 0.000010
0.000010 0.000010 0.000010 0.000010 0.000010 0.000010 0.000010 0.999930
0.000010 0.000010 0.000010 0.000010 0.000010 0.000010 0.000010 0.999930
0.000010 0.999930 0.000010 0.000010 0.000010 0.000010 0.000010 0.000010
0.000010 0.000010 0.000010 0.000010 0.000010 0.000010 0.000010 0.999930
0.209766 0.471419 0.005330 0.000010 0.008086 0.000010 0.305369 0.000010
0.000010 0.263928 0.000010 0.086029 0.000010 0.000010 0.000010 0.649992
0.000010 0.226707 0.000010 0.094977 0.024021 0.000010 0.000010 0.654255
0.654411 0.070420 0.012861 0.000010 0.000010 0.000010 0.262268 0.000010
0.000010 0.243429 0.013747 0.086798 0.017378 0.000010 0.010635 0.627994
0.016880 0.021850 0.000010 0.003506 0.000010 0.933531 0.017511 0.006702
0.000010 0.378619 0.074290 0.027271 0.070466 0.081308 0.317384 0.050651
0.475883 0.087432 0.000010 0.050035 0.028662 0.000010 0.270186 0.087782
0.044279 0.117219 0.583914 0.027946 0.064024 0.030305 0.087548 0.044765
0.138481 0.116559 0.000010 0.071673 0.003472 0.028036 0.264257 0.377510
0.105873 0.151565 0.000010 0.032862 0.000010 0.023674 0.279477 0.406529
0.873310 0.000010 0.029203 0.000010 0.018691 0.000010 0.074109 0.004657
0.000010 0.109624 0.079176 0.021033 0.029237 0.000010 0.064635 0.696275
0.406873 0.022110 0.008074 0.054325 0.064133 0.000010 0.414321 0.030153
0.813542 0.000010 0.000010 0.012366 0.014110 0.000010 0.091901 0.068051
0.459470 0.090371 0.000010 0.024288 0.000010 0.000010 0.084737 0.341104
0.001274 0.315999 0.066016 0.032847 0.000010 0.000010 0.572624 0.011220
0.461413 0.032211 0.000010 0.051758 0.025371 0.005627 0.370937 0.052672
0.109788 0.115760 0.029179 0.081189 0.000010 0.000010 0.664054 0.000010
0.046012 0.157642 0.639226 0.008279 0.000010 0.085640 0.042424 0.020766
0.011975 0.017636 0.040060 0.000010 0.000010 0.000010 0.033106 0.897194
0.010994 0.118209 0.599579 0.000010 0.000010 0.181780 0.081996 0.007423
0.000010 0.000010 0.995616 0.000010 0.000010 0.004324 0.000010 0.000010
0.482684 0.007478 0.000010 0.081830 0.018272 0.043703 0.366014 0.000010
0.674118 0.063900 0.020722 0.016382 0.024117 0.000010 0.194084 0.006667
0.000010 0.329719 0.000010 0.000010 0.000010 0.670221 0.000010 0.000010
0.599481 0.015955 0.029032 0.058379 0.011680 0.031886 0.230306 0.023282
0.780959 0.016661 0.034030 0.000010 0.021876 0.000010 0.132397 0.014056
0.883124 0.000010 0.000010 0.052409 0.019165 0.000010 0.045262 0.000010
0.076956 0.250537 0.080914 0.022384 0.058208 0.050307 0.460684 0.000010
0.000010 0.947625 0.000010 0.000010 0.000010 0.052315 0.000010 0.000010
0.531144 0.062664 0.000010 0.156043 0.030772 0.000010 0.178203 0.041154
0.000010 0.000010 0.999930 0.000010 0.000010 0.000010 0.000010 0.000010
0.102171 0.047280 0.026705 0.145707 0.079751 0.005527 0.590712 0.002147
0.580042 0.048308 0.000010 0.016001 0.008310 0.005838 0.254378 0.087113
0.000010 0.069845 0.370128 0.023028 0.046181 0.184836 0.190287 0.115686
0.160786 0.072215 0.044026 0.062922 0.080802 0.020582 0.554337 0.004330
0.000010 0.000010 0.000010 0.000010 0.000010 0.000010 0.000010 0.999930
0.618691 0.005271 0.000010 0.069183 0.060267 0.000010 0.188183 0.058384
0.637279 0.002339 0.000010 0.076889 0.032941 0.000010 0.213097 0.037434
0.590920 0.056543 0.029363 0.010366 0.060081 0.000010 0.232063 0.020654
0.793299 0.060333 0.000010 0.007702 0.021902 0.000010 0.098932 0.017813
0.307051 0.220044 0.011253 0.000010 0.033794 0.000010 0.333743 0.094095
0.203095 0.094014 0.092216 0.121880 0.024598 0.000010 0.412711 0.051477
0.915649 0.036370 0.000010 0.000010 0.000010 0.000010 0.047930 0.000010
0.979620 0.000010 0.000010 0.000010 0.000010 0.000010 0.000010 0.020320
0.165975 0.013662 0.068467 0.282775 0.000010 0.000010 0.435492 0.033610
0.749107 0.000010 0.000010 0.043728 0.000010 0.000010 0.057914 0.149211
0.086479 0.038868 0.049722 0.160397 0.056560 0.000010 0.515784 0.092179
0.769790 0.006861 0.021516 0.029934 0.003966 0.018755 0.083836 0.065340
0.704092 0.000010 0.000010 0.051669 0.000010 0.000010 0.199721 0.044479
0.053669 0.030910 0.054744 0.076512 0.094092 0.018384 0.671678 0.000010
0.912142 0.025614 0.019931 0.000010 0.000169 0.000010 0.042114 0.000010
0.360173 0.053539 0.034600 0.029871 0.014451 0.000010 0.152954 0.354400
0.858007 0.000010 0.025777 0.009989 0.000010 0.000010 0.083835 0.022362
0.455315 0.012848 0.000010 0.031125 0.000010 0.000010 0.154109 0.346575
0.594499 0.015128 0.003274 0.123510 0.032542 0.000010 0.216867 0.014170
0.839936 0.012308 0.000010 0.001152 0.006289 0.000010 0.090940 0.049356
0.710297 0.044468 0.012380 0.042677 0.000010 0.000010 0.158029 0.032129
0.160359 0.093089 0.000010 0.014982 0.020728 0.000010 0.356966 0.353856
0.259003 0.262828 0.039176 0.031448 0.000010 0.022800 0.341927 0.042808
0.055081 0.944859 0.000010 0.000010 0.000010 0.000010 0.000010 0.000010
0.180131 0.443852 0.000010 0.033236 0.014587 0.000010 0.135208 0.192966
0.148852 0.349058 0.000010 0.025492 0.022869 0.000010 0.186224 0.267485
0.235431 0.316766 0.000010 0.028436 0.000010 0.076716 0.277559 0.065072
0.102386 0.518633 0.012645 0.009145 0.002627 0.072417 0.238643 0.043503
0.193378 0.207586 0.000010 0.063837 0.036817 0.000010 0.275007 0.223355
0.024678 0.975262 0.000010 0.000010 0.000010 0.000010 0.000010 0.000010
0.466758 0.105633 0.000010 0.267397 0.000010 0.000010 0.148553 0.011630
0.301892 0.299907 0.000010 0.022752 0.000010 0.008330 0.326181 0.040918
0.214922 0.785018 0.000010 0.000010 0.000010 0.000010 0.000010 0.000010
0.000010 0.784356 0.118509 0.000010 0.003763 0.032804 0.038128 0.022420
0.019893 0.077507 0.498689 0.091734 0.000010 0.129872 0.117517 0.064778
0.011422 0.067196 0.516432 0.032154 0.063168 0.104066 0.116941 0.088622
0.000010 0.948297 0.051643 0.000010 0.000010 0.000010 0.000010 0.000010
0.369729 0.341476 0.000010 0.018593 0.000010 0.036265 0.186141 0.047776
0.219809 0.373773 0.000010 0.032013 0.000010 0.087733 0.220954 0.065699
0.142964 0.856976 0.000010 0.000010 0.000010 0.000010 0.000010 0.000010
0.000010 0.202720 0.252390 0.090331 0.010767 0.067170 0.220314 0.156297
0.000010 0.359946 0.144618 0.066257 0.000010 0.000010 0.067067 0.362083
0.000010 0.094404 0.088063 0.000010 0.067794 0.722103 0.017409 0.010206
0.266938 0.287319 0.015423 0.043404 0.000010 0.047952 0.288254 0.050700
0.909468 0.016244 0.000010 0.000010 0.014733 0.005706 0.027753 0.026075
0.768549 0.023221 0.000010 0.032570 0.000010 0.000010 0.163803 0.011827
0.000010 0.000010 0.059545 0.034816 0.033498 0.000010 0.848736 0.023375
0.039406 0.000010 0.070676 0.061097 0.017040 0.000010 0.806407 0.005355
0.901928 0.001810 0.000010 0.024410 0.000010 0.000010 0.070810 0.001011
0.276245 0.067163 0.000010 0.088502 0.000745 0.000010 0.165134 0.402190
0.327368 0.041084 0.000010 0.092546 0.006458 0.000010 0.390160 0.142365
0.457670 0.100620 0.026848 0.003580 0.007197 0.000010 0.333479 0.070595
0.000010 0.000010 0.000010 0.000010 0.999930 0.000010 0.000010 0.000010
0.651836 0.031039 0.000010 0.032887 0.010470 0.000010 0.257343 0.016405
0.932649 0.032829 0.000010 0.000010 0.000010 0.000010 0.014940 0.019542
0.481362 0.073812 0.046649 0.045998 0.000010 0.000010 0.321768 0.030392
0.673147 0.000010 0.008116 0.048670 0.000010 0.000010 0.240147 0.029889
0.520137 0.000010 0.022697 0.035930 0.000010 0.000010 0.352435 0.068770
0.410882 0.000010 0.031640 0.036887 0.006695 0.036147 0.447525 0.030214
0.000010 0.999930 0.000010 0.000010 0.000010 0.000010 0.000010 0.000010
0.617143 0.047175 0.010740 0.017014 0.000010 0.000010 0.297346 0.010562
0.712140 0.000010 0.035778 0.022731 0.000010 0.000010 0.219364 0.009958
0.686928 0.004012 0.000010 0.028292 0.002837 0.000010 0.261900 0.016013
0.265059 0.010521 0.052800 0.107749 0.000010 0.001867 0.509421 0.052572
0.950449 0.000010 0.004932 0.000010 0.000010 0.023391 0.021187 0.000010
0.237216 0.418334 0.000010 0.000010 0.000010 0.000010 0.333143 0.011267
0.100677 0.000010 0.069236 0.047470 0.000010 0.000010 0.719408 0.063178
0.171997 0.082295 0.060415 0.076654 0.000010 0.000010 0.585252 0.023367
0.103597 0.060816 0.081227 0.064749 0.000010 0.000010 0.634146 0.055444
0.261904 0.000010 0.000010 0.085311 0.013475 0.000010 0.637960 0.001319
0.886106 0.000010 0.000010 0.026858 0.000010 0.000010 0.085181 0.001815
0.782551 0.006223 0.000010 0.017087 0.000010 0.000010 0.168882 0.025227
0.786076 0.000010 0.000010 0.000010 0.000010 0.006319 0.207555 0.000010
0.880125 0.000010 0.000010 0.019118 0.000010 0.000010 0.100707 0.000010
0.229663 0.069282 0.021261 0.068754 0.000010 0.000010 0.567273 0.043748
0.074022 0.070177 0.012800 0.062261 0.016693 0.000010 0.287496 0.476541
0.520383 0.087561 0.025237 0.053553 0.008247 0.000010 0.231978 0.073030
0.529310 0.077554 0.013953 0.046810 0.022678 0.000010 0.148188 0.161498
0.060811 0.040284 0.000010 0.018447 0.000010 0.048033 0.827119 0.005285
0.882640 0.000010 0.000010 0.035596 0.005032 0.000010 0.051697 0.025005
0.117827 0.110984 0.081332 0.093455 0.063040 0.000010 0.533342 0.000010
0.761137 0.025006 0.000010 0.043800 0.000010 0.006187 0.146324 0.017526
0.999930 0.000010 0.000010 0.000010 0.000010 0.000010 0.000010 0.000010
0.723392 0.119276 0.000010 0.053323 0.000010 0.009522 0.094458 0.000010
0.106298 0.017073 0.000010 0.063048 0.000010 0.058762 0.681684 0.073115
0.999930 0.000010 0.000010 0.000010 0.000010 0.000010 0.000010 0.000010
0.008912 0.071414 0.000010 0.036683 0.034063 0.006764 0.842143 0.000010
0.034292 0.036506 0.000010 0.015782 0.000010 0.074645 0.834496 0.004259
0.000010 0.042410 0.000010 0.051300 0.027090 0.000010 0.879160 0.000010
0.000010 0.050839 0.000010 0.014267 0.000010 0.068568 0.864588 0.001708
0.023837 0.034316 0.000010 0.004796 0.049152 0.007707 0.880171 0.000010
0.000010 0.012304 0.020151 0.007502 0.000010 0.000010 0.114214 0.845799
0.560649 0.052221 0.000010 0.041293 0.002393 0.000010 0.316368 0.027056
0.936334 0.027825 0.000787 0.014213 0.000010 0.000010 0.000010 0.020811
0.768129 0.000010 0.000010 0.000010 0.002681 0.000010 0.225896 0.003254
0.709059 0.056502 0.000010 0.042574 0.000010 0.000010 0.181138 0.010698
0.948410 0.027710 0.000010 0.000010 0.000010 0.000010 0.023831 0.000010
0.025637 0.010384 0.000010 0.000010 0.000010 0.043740 0.920199 0.000010
0.935107 0.032943 0.010677 0.000010 0.000010 0.000010 0.010697 0.010547
0.176625 0.000010 0.000010 0.045460 0.029547 0.034562 0.685395 0.028392
0.000010 0.000010 0.000010 0.000010 0.000010 0.000010 0.000010 0.999930
0.000010 0.323275 0.021532 0.034839 0.007560 0.031495 0.566344 0.014945
0.097221 0.065182 0.000010 0.061544 0.000010 0.000010 0.734955 0.041069
0.327288 0.000010 0.000010 0.023449 0.000010 0.025326 0.623897 0.000010
0.060508 0.080994 0.046564 0.064287 0.005630 0.000010 0.716266 0.025741
0.000010 0.057256 0.004670 0.000010 0.011671 0.078656 0.847717 0.000010
0.100838 0.006774 0.000010 0.025914 0.048670 0.000010 0.773114 0.044669
0.000010 0.000010 0.000010 0.007387 0.000010 0.042709 0.949854 0.000010
0.201432 0.067939 0.000010 0.050220 0.051858 0.000010 0.598535 0.029996
0.081072 0.086078 0.000010 0.080465 0.000010 0.007154 0.725859 0.019352
0.772394 0.024397 0.000010 0.000010 0.043485 0.000010 0.125505 0.034189
0.099101 0.023914 0.000010 0.077771 0.078817 0.022306 0.687615 0.010467
0.011109 0.031109 0.000010 0.019959 0.000010 0.021352 0.904284 0.012168
0.091282 0.050147 0.000010 0.013015 0.000010 0.062652 0.782874 0.000010
0.592991 0.037185 0.000010 0.021707 0.021178 0.052346 0.259347 0.015235
0.962300 0.000010 0.000010 0.020977 0.000010 0.000010 0.016673 0.000010
0.027841 0.000010 0.000010 0.064079 0.000010 0.000010 0.868962 0.039079
0.025272 0.052101 0.006179 0.000010 0.000010 0.000010 0.000010 0.916409
0.925769 0.018575 0.051852 0.000010 0.000010 0.000010 0.000010 0.003764
0.965397 0.000010 0.000010 0.034543 0.000010 0.000010 0.000010 0.000010
0.097165 0.041176 0.013819 0.028121 0.000010 0.011250 0.783989 0.024470
0.458510 0.003679 0.129529 0.021039 0.000010 0.000010 0.365997 0.021226
0.222819 0.000010 0.000010 0.104356 0.000010 0.000010 0.667598 0.005188
0.010945 0.000161 0.021241 0.010209 0.000010 0.053009 0.871543 0.032882
0.998963 0.000010 0.000010 0.000010 0.000010 0.000010 0.000010 0.000977
0.996671 0.000010 0.000010 0.000010 0.000010 0.000010 0.000010 0.003269
0.508012 0.019115 0.000010 0.042180 0.000010 0.000010 0.416948 0.013714
0.569590 0.025818 0.027508 0.073168 0.000010 0.000010 0.269861 0.034036
0.000010 0.000010 0.000010 0.000010 0.999930 0.000010 0.000010 0.000010
0.058925 0.106627 0.029499 0.026134 0.000010 0.000010 0.754628 0.024167
0.882220 0.000010 0.015117 0.005783 0.004986 0.000010 0.066616 0.025258
0.000010 0.000010 0.000010 0.000010 0.999930 0.000010 0.000010 0.000010
0.000010 0.000010 0.000010 0.525133 0.000010 0.000010 0.000010 0.474807
0.000010 0.348471 0.118026 0.051515 0.000010 0.000010 0.095924 0.386034
0.610901 0.033864 0.000010 0.028975 0.016687 0.000010 0.262731 0.046822
0.548050 0.021164 0.018971 0.099732 0.017796 0.000010 0.258230 0.036047
0.715240 0.025539 0.000010 0.048956 0.011492 0.000010 0.174088 0.024664
0.342070 0.092064 0.087255 0.087104 0.066550 0.000010 0.323835 0.001111
0.934812 0.000010 0.000010 0.013684 0.000010 0.000010 0.033182 0.018282
0.999930 0.000010 0.000010 0.000010 0.000010 0.000010 0.000010 0.000010
0.143046 0.000010 0.013807 0.128535 0.000010 0.008098 0.684654 0.021841
0.639352 0.029112 0.000010 0.043377 0.000010 0.021462 0.263717 0.002960
0.524280 0.025835 0.000010 0.044882 0.000010 0.000010 0.350283 0.054691
0.388890 0.112620 0.000010 0.005639 0.000010 0.060788 0.432033 0.000010
0.687542 0.006853 0.000010 0.064637 0.000010 0.019154 0.201251 0.020544
0.770534 0.000010 0.000286 0.035656 0.000010 0.012909 0.133875 0.046720
0.753188 0.000420 0.010668 0.039761 0.000010 0.025207 0.148857 0.021890
0.792849 0.040664 0.000010 0.018848 0.002177 0.000010 0.131401 0.014041
0.999930 0.000010 0.000010 0.000010 0.000010 0.000010 0.000010 0.000010
0.914525 0.031123 0.016188 0.014947 0.000010 0.000010 0.000010 0.023187
0.158463 0.054682 0.000010 0.059073 0.020808 0.010017 0.666770 0.030177
0.414145 0.080109 0.000010 0.035567 0.023073 0.034310 0.352448 0.060338
0.000010 0.021809 0.040760 0.029443 0.000010 0.062524 0.845434 0.000010
0.972037 0.000010 0.000010 0.016962 0.000010 0.000010 0.000010 0.010951
0.177899 0.019745 0.036829 0.108455 0.000010 0.000010 0.622995 0.034057
0.641548 0.178773 0.013288 0.037401 0.000010 0.000010 0.078822 0.050148
0.542920 0.000010 0.027445 0.088933 0.005907 0.000010 0.292339 0.042436
0.101350 0.104239 0.000010 0.000010 0.000010 0.040731 0.741431 0.012219
0.741837 0.027075 0.000010 0.077304 0.000010 0.000010 0.146011 0.007743
0.173698 0.015342 0.000010 0.119541 0.000010 0.000010 0.673112 0.018277
0.000010 0.016402 0.000010 0.033121 0.000010 0.046371 0.868455 0.035621
0.077101 0.006325 0.026402 0.055847 0.000010 0.051940 0.731983 0.050393
0.317461 0.238946 0.017280 0.009044 0.047727 0.008958 0.360574 0.000010
0.023897 0.076280 0.030790 0.036561 0.000010 0.006431 0.826021 0.000010
0.000010 0.443484 0.113484 0.000010 0.057080 0.037393 0.320480 0.028059
0.146981 0.000010 0.000010 0.133715 0.000010 0.004289 0.681847 0.033138
0.623502 0.022227 0.000010 0.000010 0.000010 0.022700 0.330947 0.000594
0.913982 0.020316 0.000010 0.000010 0.000010 0.000010 0.062426 0.003236
0.810837 0.111518 0.048428 0.000010 0.000010 0.000824 0.028363 0.000010
0.860960 0.026441 0.010934 0.000010 0.000010 0.000010 0.101625 0.000010
0.058541 0.017891 0.027283 0.008493 0.000010 0.000010 0.887761 0.000010
0.409237 0.217448 0.026515 0.057824 0.000010 0.040497 0.222135 0.026333
0.573078 0.089172 0.000010 0.026549 0.013220 0.039074 0.247083 0.011814
0.215245 0.000010 0.000010 0.000010 0.784695 0.000010 0.000010 0.000010
0.773807 0.018353 0.000010 0.016102 0.000865 0.036406 0.154447 0.000010
0.799996 0.044960 0.000010 0.028893 0.000010 0.000010 0.111852 0.014269
0.000010 0.000010 0.000010 0.000010 0.000010 0.000010 0.000010 0.999930
0.000010 0.000010 0.000010 0.000010 0.000010 0.000010 0.000010 0.999930
0.174876 0.031968 0.000010 0.012298 0.000010 0.034194 0.746634 0.000010
0.174710 0.000010 0.000010 0.000010 0.000010 0.019145 0.781251 0.024854
0.325186 0.040532 0.003321 0.000010 0.012235 0.000010 0.598579 0.020126
0.340801 0.000010 0.000010 0.000010 0.000010 0.018177 0.633209 0.007773
0.000010 0.000010 0.000010 0.000010 0.000010 0.000010 0.000010 0.999930
0.000010 0.000010 0.000010 0.000010 0.000010 0.000010 0.000010 0.999930
0.040618 0.076850 0.000010 0.034810 0.008924 0.000010 0.838768 0.000010
0.051678 0.033474 0.000010 0.021261 0.002359 0.000010 0.891198 0.000010
0.000010 0.000010 0.000010 0.000010 0.000010 0.000010 0.000010 0.999930
0.000010 0.000010 0.000010 0.000010 0.000010 0.000010 0.000010 0.999930
0.000010 0.000010 0.000010 0.000010 0.000010 0.000010 0.000010 0.999930
0.038062 0.025559 0.015393 0.081796 0.047750 0.000010 0.791032 0.000397
0.000010 0.000010 0.000010 0.033650 0.000010 0.027088 0.939212 0.000010
0.174677 0.192600 0.139571 0.005506 0.054169 0.001909 0.298153 0.133416
0.081051 0.047765 0.000010 0.065568 0.000010 0.081450 0.687869 0.036276
0.000010 0.244747 0.349010 0.000010 0.051567 0.000010 0.208553 0.146093
0.000010 0.057470 0.000010 0.000700 0.000010 0.117697 0.790205 0.033897
0.000010 0.000010 0.000010 0.000010 0.000010 0.000010 0.000010 0.999930
0.077034 0.028657 0.000010 0.000010 0.000010 0.073620 0.820649 0.000010
0.203662 0.071869 0.000010 0.036369 0.000010 0.000010 0.672471 0.015599
0.103224 0.030810 0.000010 0.026122 0.000010 0.016152 0.284740 0.538932
0.019971 0.000010 0.000010 0.013968 0.014138 0.000010 0.053091 0.898801
0.094215 0.065108 0.000010 0.030876 0.005166 0.002651 0.800594 0.001380
0.000010 0.000010 0.000010 0.000010 0.000010 0.000010 0.000010 0.999930
0.000010 0.000010 0.000010 0.000010 0.000010 0.000010 0.000010 0.999930
0.000010 0.000010 0.000010 0.000010 0.000010 0.000010 0.000010 0.999930
0.000010 0.000010 0.000010 0.000010 0.000010 0.000010 0.000010 0.999930
0.000010 0.000010 0.000010 0.000010 0.000010 0.000010 0.000010 0.999930
0.630050 0.048118 0.000010 0.065549 0.000010 0.022409 0.233845 0.000010
0.602209 0.098952 0.014836 0.030743 0.000010 0.021463 0.108802 0.122985
0.581124 0.073547 0.000013 0.020015 0.000010 0.000010 0.181170 0.144112
0.000010 0.000010 0.000010 0.000010 0.000010 0.000010 0.000010 0.999930
0.000010 0.330298 0.065005 0.070688 0.000010 0.000010 0.039605 0.494373
0.408375 0.000010 0.072828 0.092696 0.014392 0.000010 0.348330 0.063359
0.818096 0.000010 0.009149 0.035390 0.000010 0.000010 0.130378 0.006956
0.543812 0.055323 0.000010 0.062315 0.000010 0.000010 0.289238 0.049283
0.255481 0.000010 0.000010 0.097266 0.010354 0.018628 0.618241 0.000010
0.210863 0.000010 0.000010 0.108460 0.000010 0.000010 0.663270 0.017367
0.716944 0.044590 0.016890 0.014285 0.000010 0.000010 0.199199 0.008072
0.220266 0.000010 0.006613 0.121925 0.022732 0.000010 0.628434 0.000010
0.317720 0.084701 0.000010 0.052668 0.017898 0.000010 0.467218 0.059775
0.745848 0.020118 0.003775 0.003736 0.000010 0.000010 0.190793 0.035711
0.657538 0.136340 0.000010 0.000010 0.015181 0.000010 0.142136 0.048775
0.332588 0.000010 0.000010 0.088372 0.012314 0.001028 0.565668 0.000010
0.695615 0.059073 0.000010 0.000010 0.018603 0.035434 0.176922 0.014331
0.346210 0.263873 0.033618 0.043555 0.000010 0.000010 0.252596 0.060128
0.000010 0.591132 0.323254 0.007034 0.000010 0.044840 0.000010 0.033710
0.171786 0.014668 0.083868 0.246223 0.060846 0.002369 0.393913 0.026327
0.416633 0.000010 0.000010 0.038459 0.037813 0.004768 0.464183 0.038124
0.440689 0.081691 0.011717 0.222509 0.000010 0.000010 0.233489 0.009886
0.866724 0.055210 0.011163 0.011825 0.000010 0.012543 0.042515 0.000010
0.031746 0.123098 0.619686 0.005726 0.000010 0.077366 0.128601 0.013768
0.009873 0.256891 0.176723 0.032156 0.057902 0.000010 0.330751 0.135693
0.632035 0.000010 0.002441 0.068529 0.006798 0.000694 0.265508 0.023985
0.713269 0.028331 0.000010 0.030355 0.015726 0.000010 0.209461 0.002838
0.513724 0.012045 0.000010 0.020461 0.003795 0.000010 0.060048 0.389907
0.527812 0.054455 0.064544 0.025153 0.024438 0.000010 0.297816 0.005772
0.012445 0.098785 0.064812 0.024785 0.000010 0.036414 0.025316 0.737433
0.473510 0.000010 0.000010 0.039227 0.000010 0.019594 0.427716 0.039923
0.000010 0.355847 0.083334 0.047728 0.050287 0.000010 0.395051 0.067734
0.862562 0.052445 0.000010 0.029860 0.004642 0.000010 0.050462 0.000010
0.991354 0.000010 0.000010 0.000972 0.000010 0.000010 0.000010 0.007624
0.858019 0.000013 0.034367 0.034409 0.000010 0.000010 0.073162 0.000010
0.769100 0.029890 0.000010 0.000010 0.000010 0.004369 0.196601 0.000010
0.017795 0.000010 0.257664 0.039356 0.179388 0.419399 0.086378 0.000010
0.000010 0.069782 0.000010 0.020996 0.000010 0.000269 0.906977 0.001946
0.000010 0.788235 0.000010 0.012204 0.022408 0.029600 0.142973 0.004560
0.131308 0.034476 0.000010 0.000010 0.005577 0.000010 0.815277 0.013332
0.421847 0.058142 0.000010 0.143481 0.000010 0.000010 0.352665 0.023836
0.033404 0.000010 0.000010 0.057276 0.010004 0.000010 0.899276 0.000010
0.305166 0.020945 0.089680 0.000010 0.000010 0.000010 0.584169 0.000010
0.122514 0.025953 0.000010 0.014379 0.000010 0.001916 0.813947 0.021271
0.000010 0.801765 0.000010 0.019056 0.000010 0.070748 0.108391 0.000010
0.835692 0.004593 0.000010 0.013432 0.000010 0.000010 0.146244 0.000010
0.853874 0.000010 0.001348 0.000010 0.000010 0.035904 0.108835 0.000010
0.066018 0.106408 0.022060 0.111845 0.000010 0.000010 0.666288 0.027361
0.915847 0.000010 0.000010 0.000010 0.000010 0.000010 0.084093 0.000010
0.068878 0.038956 0.004932 0.077562 0.046652 0.000010 0.736096 0.026914
0.000010 0.134004 0.071056 0.019441 0.240846 0.470682 0.062226 0.001735
0.123532 0.463976 0.044415 0.000010 0.000010 0.000010 0.368037 0.000010
0.000010 0.000010 0.000010 0.000010 0.000010 0.999930 0.000010 0.000010
0.000010 0.000010 0.546360 0.032956 0.077155 0.117536 0.222928 0.003044
0.000010 0.213725 0.042610 0.000010 0.000010 0.024500 0.328051 0.391084
0.000010 0.000010 0.000010 0.000010 0.999930 0.000010 0.000010 0.000010
0.000010 0.000010 0.000010 0.000010 0.000010 0.000010 0.000010 0.999930
0.679770 0.006837 0.000010 0.017178 0.000010 0.010353 0.285832 0.000010
0.009373 0.033057 0.020795 0.047741 0.027280 0.011757 0.840658 0.009338
0.110864 0.025149 0.032193 0.048669 0.027004 0.009301 0.723181 0.023639
0.034921 0.034832 0.040139 0.000010 0.000010 0.000010 0.000010 0.890069
0.368861 0.011613 0.070600 0.501429 0.000010 0.000010 0.032858 0.014618
0.049434 0.200364 0.134654 0.025215 0.052175 0.054452 0.395904 0.087802
0.031797 0.347181 0.013694 0.008674 0.016073 0.000010 0.582544 0.000027
0.084151 0.065318 0.007402 0.108454 0.000010 0.000010 0.695030 0.039625
0.130599 0.021086 0.000010 0.028992 0.000010 0.000010 0.775819 0.043473
0.262037 0.143365 0.010397 0.020521 0.000010 0.030532 0.463116 0.070022
0.088414 0.044375 0.042791 0.076797 0.002707 0.000010 0.722330 0.022576
0.000010 0.077819 0.082083 0.036241 0.000010 0.000010 0.042102 0.761724
0.017067 0.077352 0.049020 0.030418 0.000010 0.041672 0.071501 0.712960
0.000010 0.034791 0.013575 0.029530 0.000010 0.010903 0.078866 0.832314
0.032402 0.353069 0.028656 0.024995 0.023772 0.004355 0.501948 0.030803
0.000010 0.999930 0.000010 0.000010 0.000010 0.000010 0.000010 0.000010
0.000010 0.000010 0.375145 0.000010 0.051538 0.347856 0.225422 0.000010
0.000010 0.515783 0.210560 0.042958 0.000010 0.109992 0.120677 0.000010
0.999930 0.000010 0.000010 0.000010 0.000010 0.000010 0.000010 0.000010
0.770472 0.000010 0.000010 0.044887 0.005831 0.000010 0.034514 0.144266
0.501516 0.000010 0.011004 0.076438 0.018913 0.000010 0.383627 0.008481
0.615068 0.022861 0.036633 0.060201 0.010335 0.000010 0.170900 0.083992
0.000010 0.000010 0.000010 0.999930 0.000010 0.000010 0.000010 0.000010
0.925596 0.030982 0.000010 0.000010 0.000010 0.000010 0.043373 0.000010
0.919092 0.000010 0.000010 0.000010 0.014130 0.003586 0.059063 0.004099
0.005192 0.066815 0.139095 0.021325 0.000010 0.000010 0.069299 0.698255
0.010594 0.094333 0.112212 0.000010 0.000010 0.000010 0.013042 0.769789
0.957318 0.000010 0.000010 0.016054 0.026578 0.000010 0.000010 0.000010
0.168172 0.206698 0.078288 0.073693 0.032653 0.000010 0.406633 0.033854
0.822158 0.000010 0.001681 0.029078 0.035411 0.000010 0.091305 0.020346
0.620325 0.089427 0.000010 0.094167 0.005438 0.000010 0.158210 0.032413
0.103020 0.108086 0.000010 0.627928 0.000010 0.000010 0.154184 0.006752
0.018795 0.043688 0.019736 0.000010 0.000010 0.000010 0.038937 0.878815
0.401083 0.022571 0.000010 0.044497 0.000010 0.000010 0.177549 0.354270
0.000010 0.187371 0.208077 0.034082 0.076694 0.000010 0.283372 0.210384
0.682356 0.035021 0.034696 0.033406 0.000010 0.008640 0.144145 0.061726
0.294080 0.019713 0.006525 0.076106 0.000010 0.057435 0.520569 0.025562
0.614049 0.043975 0.036642 0.068927 0.000010 0.000010 0.184440 0.051945
0.024697 0.032366 0.029214 0.000010 0.000010 0.000010 0.015816 0.897877
0.870435 0.022614 0.000010 0.045469 0.000010 0.000010 0.061442 0.000010
0.606517 0.032168 0.000010 0.067938 0.044339 0.000010 0.218365 0.030652
0.386575 0.002016 0.032768 0.037529 0.000010 0.000010 0.496427 0.044664
0.606190 0.030845 0.000010 0.059820 0.042832 0.000010 0.256719 0.003574
0.024329 0.132498 0.489692 0.038446 0.076994 0.108995 0.073775 0.055272
0.000010 0.927414 0.000010 0.000010 0.009286 0.019195 0.044064 0.000010
0.017454 0.081322 0.505382 0.000010 0.000010 0.196622 0.129603 0.069597
0.086964 0.000010 0.045955 0.052759 0.055647 0.058953 0.676956 0.022757
0.130563 0.000010 0.018120 0.042849 0.025408 0.067506 0.685535 0.030009
0.004945 0.002817 0.000010 0.000010 0.948040 0.000010 0.000010 0.044157
0.000010 0.000010 0.000010 0.000010 0.932858 0.000473 0.000010 0.066619
0.050101 0.211051 0.023889 0.000010 0.021306 0.009911 0.673270 0.010462
0.000010 0.000010 0.000010 0.002717 0.812856 0.122297 0.000010 0.062090
0.061155 0.202901 0.287556 0.000010 0.066595 0.159536 0.222237 0.000010
0.000010 0.010969 0.452232 0.017314 0.070334 0.244737 0.204395 0.000010
0.000010 0.000010 0.000010 0.999930 0.000010 0.000010 0.000010 0.000010
0.129192 0.504396 0.066361 0.022093 0.000010 0.000010 0.275231 0.002709
0.117307 0.488407 0.029979 0.000010 0.000010 0.000010 0.364267 0.000010
0.163148 0.570092 0.029600 0.000010 0.000010 0.000010 0.237120 0.000010
0.135961 0.519063 0.029313 0.000010 0.000010 0.000010 0.315623 0.000010
0.130358 0.532699 0.060563 0.009485 0.000010 0.000010 0.265729 0.001147
0.095487 0.493354 0.017950 0.012104 0.000010 0.000010 0.353743 0.027342
0.081481 0.567636 0.000010 0.000010 0.000010 0.000010 0.350833 0.000010
0.120801 0.574643 0.037536 0.005697 0.000010 0.000010 0.261292 0.000010
0.000010 0.051958 0.027144 0.000010 0.272420 0.567774 0.063895 0.016788
0.000010 0.004607 0.038817 0.008214 0.234951 0.608385 0.102516 0.002500
0.000010 0.000010 0.050043 0.000010 0.775355 0.111785 0.000010 0.062777
0.999175 0.000010 0.000010 0.000010 0.000010 0.000010 0.000010 0.000765
0.000010 0.000010 0.000010 0.000010 0.858441 0.049002 0.000010 0.092507
0.201863 0.000010 0.000010 0.709329 0.000010 0.000010 0.001050 0.087717
0.037446 0.018084 0.000010 0.000010 0.714609 0.179323 0.000010 0.050509
0.000010 0.000010 0.098327 0.000010 0.293485 0.541244 0.040139 0.026774
0.000015 0.039529 0.094940 0.002528 0.282947 0.577380 0.002650 0.000010
0.000010 0.032831 0.068136 0.036662 0.213090 0.579005 0.070255 0.000010
0.000010 0.029896 0.123942 0.003684 0.219224 0.600855 0.000010 0.022379
0.018275 0.000010 0.040948 0.006339 0.306229 0.551046 0.077142 0.000010
0.000010 0.000010 0.010161 0.021699 0.000010 0.968090 0.000010 0.000010
0.826717 0.059925 0.030838 0.018098 0.000010 0.005366 0.043404 0.015643
0.210726 0.104304 0.000010 0.054821 0.000010 0.083090 0.522579 0.024460
0.085242 0.557204 0.024045 0.000010 0.000010 0.000010 0.333470 0.000010
0.000010 0.000010 0.044544 0.000010 0.145309 0.755670 0.037445 0.017001
0.999930 0.000010 0.000010 0.000010 0.000010 0.000010 0.000010 0.000010
0.089075 0.506403 0.018196 0.018697 0.000010 0.000010 0.367599 0.000010
