0.442775 0.454803 0.000010 0.020981 0.067990 0.013440
0.646185 0.241665 0.000010 0.087004 0.025126 0.000010
0.429841 0.425055 0.048520 0.006833 0.005864 0.083887
0.056979 0.000010 0.000010 0.007628 0.910227 0.025146
0.508816 0.280546 0.008428 0.107969 0.000010 0.094230
0.193909 0.746504 0.000010 0.000010 0.030524 0.029043
0.174445 0.325651 0.002679 0.000010 0.431751 0.065464
0.042568 0.933091 0.000010 0.008815 0.015507 0.000010
0.714694 0.123157 0.000010 0.038305 0.060626 0.063209
0.083207 0.894152 0.000010 0.000010 0.016648 0.005973
0.238466 0.714781 0.000010 0.019683 0.002190 0.024870
0.536676 0.394454 0.042954 0.000010 0.000518 0.025388
0.555719 0.007184 0.000010 0.029770 0.146863 0.260453
0.384861 0.000626 0.000010 0.012124 0.492384 0.109995
0.025125 0.940468 0.013904 0.000010 0.013161 0.007333
0.468755 0.374930 0.052863 0.016189 0.021663 0.065601
0.216631 0.717229 0.000010 0.041116 0.025004 0.000010
0.163071 0.503434 0.000010 0.000010 0.299085 0.034390
0.232450 0.366086 0.000010 0.000010 0.000010 0.401434
0.000010 0.000010 0.926413 0.073547 0.000010 0.000010
0.000010 0.010733 0.926315 0.059677 0.003256 0.000010
0.000010 0.000010 0.992367 0.007593 0.000010 0.000010
0.000010 0.031292 0.904028 0.064650 0.000010 0.000010
0.090657 0.028002 0.025915 0.051740 0.731325 0.072362
0.232692 0.130398 0.000010 0.050715 0.006303 0.579882
0.000010 0.000010 0.932855 0.067102 0.000013 0.000010
0.678769 0.113266 0.060625 0.094447 0.034547 0.018346
0.000010 0.000010 0.938227 0.053458 0.008285 0.000010
0.675314 0.117414 0.004635 0.079782 0.027720 0.095135
0.739343 0.096520 0.030262 0.044976 0.079936 0.008962
0.841204 0.019270 0.013913 0.047218 0.000010 0.078385
0.709195 0.104534 0.000010 0.079627 0.034214 0.072420
0.375791 0.017875 0.000010 0.156305 0.187813 0.262206
0.571874 0.000010 0.000010 0.108441 0.071155 0.248511
0.695594 0.204699 0.050728 0.027758 0.008955 0.012265
0.273349 0.291318 0.007959 0.009285 0.372729 0.045360
0.125454 0.337861 0.000010 0.021065 0.438272 0.077339
0.061550 0.000010 0.840650 0.000010 0.074411 0.023370
0.829808 0.019375 0.000010 0.000010 0.042485 0.108312
0.741968 0.040667 0.005402 0.069192 0.019513 0.123258
0.000010 0.999950 0.000010 0.000010 0.000010 0.000010
0.546496 0.208317 0.004861 0.059123 0.040039 0.141166
0.190797 0.731410 0.014409 0.000010 0.024265 0.039109
0.156086 0.813816 0.000010 0.005377 0.024570 0.000141
0.475073 0.000010 0.000010 0.056468 0.000010 0.468429
0.000010 0.000010 0.959024 0.035296 0.000010 0.005650
0.050476 0.000010 0.927935 0.020060 0.000010 0.001509
0.269269 0.007294 0.365013 0.185285 0.065516 0.107623
0.462560 0.041818 0.014585 0.095834 0.054124 0.331080
0.544258 0.041761 0.015643 0.081363 0.073639 0.243335
0.000010 0.009696 0.000010 0.000010 0.000010 0.990264
0.468916 0.000010 0.024154 0.161207 0.040254 0.305459
0.000010 0.091101 0.000010 0.000010 0.001289 0.907580
0.523377 0.080141 0.000010 0.086300 0.022179 0.287992
0.489558 0.000010 0.050557 0.045411 0.047206 0.367258
0.974584 0.008697 0.000010 0.000010 0.016690 0.000010
0.062731 0.872934 0.036505 0.014053 0.013768 0.000010
0.801278 0.008566 0.000011 0.000010 0.074115 0.116021
0.771515 0.040881 0.000010 0.000010 0.039229 0.148356
0.136785 0.722568 0.000010 0.000010 0.048152 0.092476
0.854975 0.018586 0.040557 0.000010 0.000010 0.085863
0.747879 0.111226 0.000010 0.027094 0.052880 0.060911
0.375142 0.464591 0.045669 0.000010 0.010726 0.103862
0.839907 0.049437 0.019751 0.010744 0.043172 0.036989
0.665091 0.081041 0.000010 0.069977 0.039138 0.144743
0.233232 0.220765 0.060586 0.000010 0.233982 0.251425
0.033371 0.000010 0.419711 0.043605 0.373452 0.129851
0.193289 0.003602 0.026167 0.060862 0.702062 0.014018
0.061985 0.877947 0.022525 0.004629 0.020722 0.012192
0.564078 0.000458 0.000010 0.065273 0.067909 0.302272
0.462803 0.095063 0.003644 0.092243 0.059373 0.286874
0.383011 0.097842 0.000010 0.082660 0.022777 0.413700
0.802238 0.134480 0.000010 0.053546 0.009716 0.000010
0.733164 0.122132 0.000010 0.038393 0.032852 0.073449
0.750611 0.141184 0.003597 0.000010 0.046050 0.058549
0.766187 0.033578 0.004722 0.085910 0.001300 0.108303
0.814699 0.033731 0.028450 0.000010 0.020005 0.103105
0.680969 0.080120 0.069833 0.016475 0.000010 0.152594
0.014553 0.000010 0.940131 0.000010 0.045286 0.000010
0.717265 0.110814 0.000010 0.055437 0.034278 0.082197
0.739536 0.047366 0.052955 0.000010 0.012304 0.147829
0.223464 0.713414 0.022638 0.000010 0.040463 0.000010
0.204967 0.721011 0.000010 0.017188 0.035242 0.021583
0.864816 0.075040 0.053803 0.000010 0.006321 0.000010
0.127613 0.784376 0.000010 0.000010 0.065912 0.022079
0.000010 0.000010 0.949287 0.000010 0.050673 0.000010
0.046810 0.013079 0.723892 0.124879 0.000010 0.091331
0.262213 0.685561 0.000010 0.012817 0.039390 0.000010
0.542299 0.197827 0.022219 0.044633 0.072730 0.120292
0.000010 0.000010 0.824171 0.086424 0.024652 0.064733
0.096131 0.003105 0.824272 0.059751 0.010345 0.006397
0.078946 0.007193 0.708296 0.144790 0.014622 0.046153
0.092750 0.000010 0.850330 0.056890 0.000010 0.000010
0.033067 0.000010 0.782526 0.111312 0.000010 0.073075
0.416215 0.178814 0.285828 0.015208 0.052181 0.051753
0.269096 0.020861 0.000010 0.136281 0.009455 0.564297
0.306003 0.037823 0.013334 0.087883 0.033548 0.521409
0.443527 0.408944 0.000010 0.062534 0.027076 0.057910
0.000010 0.870179 0.062988 0.000010 0.066803 0.000010
0.224314 0.014089 0.005538 0.130405 0.013133 0.612521
0.850352 0.066878 0.000010 0.045803 0.015051 0.021906
0.323104 0.000010 0.069894 0.053975 0.035784 0.517234
0.671981 0.257221 0.000010 0.000010 0.007422 0.063357
0.000010 0.000010 0.000010 0.000010 0.999950 0.000010
0.134553 0.802464 0.001247 0.000010 0.006246 0.055480
0.145103 0.000888 0.000010 0.083179 0.454996 0.315824
0.262939 0.633054 0.000010 0.010840 0.043700 0.049457
0.759263 0.097383 0.000010 0.038262 0.048490 0.056592
0.601850 0.282242 0.000010 0.062409 0.021803 0.031685
0.098348 0.870178 0.000010 0.031442 0.000012 0.000010
0.187083 0.024862 0.063873 0.069514 0.014955 0.639714
0.328278 0.601288 0.000010 0.020348 0.000010 0.050066
0.178209 0.782351 0.000010 0.000010 0.000357 0.039063
0.060629 0.919173 0.000010 0.000010 0.020168 0.000010
0.762361 0.168472 0.000010 0.014527 0.000010 0.054620
0.247628 0.594285 0.029352 0.000010 0.046933 0.081793
0.000010 0.000010 0.000019 0.000010 0.999941 0.000010
0.000010 0.000010 0.000010 0.000010 0.999950 0.000010
0.147957 0.829823 0.000010 0.017359 0.004841 0.000010
0.000010 0.000010 0.000010 0.000010 0.999950 0.000010
0.065163 0.808856 0.031121 0.016243 0.027739 0.050878
0.000010 0.999950 0.000010 0.000010 0.000010 0.000010
0.000010 0.000010 0.000010 0.000010 0.999950 0.000010
0.000010 0.000010 0.000010 0.000010 0.999950 0.000010
0.000010 0.000010 0.000010 0.000010 0.999950 0.000010
0.000010 0.000010 0.000010 0.000010 0.999950 0.000010
0.088171 0.000010 0.013914 0.044334 0.853562 0.000010
0.639834 0.199738 0.052177 0.024142 0.044147 0.039963
0.689939 0.186296 0.000010 0.047842 0.048476 0.027437
0.000014 0.000010 0.000010 0.000010 0.999946 0.000010
0.240793 0.483886 0.023776 0.000010 0.187559 0.063977
0.188434 0.761843 0.018589 0.000010 0.031114 0.000010
0.000010 0.000010 0.000010 0.000010 0.999950 0.000010
0.002586 0.000010 0.000010 0.011212 0.952441 0.033740
0.000010 0.000010 0.000010 0.000010 0.999950 0.000010
0.667056 0.154978 0.012812 0.062441 0.037848 0.064866
0.745577 0.209837 0.000010 0.000010 0.044556 0.000010
0.722997 0.193634 0.002913 0.057735 0.019829 0.002893
0.838731 0.093063 0.034105 0.000010 0.034081 0.000010
0.000010 0.052294 0.000010 0.007493 0.904622 0.035571
0.000010 0.063795 0.458949 0.015190 0.462047 0.000010
0.000010 0.000010 0.000010 0.000010 0.999950 0.000010
0.000010 0.000010 0.000010 0.000010 0.999950 0.000010
0.000010 0.000010 0.000010 0.000010 0.999950 0.000010
0.000010 0.000010 0.000010 0.000010 0.999950 0.000010
0.000010 0.000010 0.000010 0.000010 0.999950 0.000010
0.000010 0.000010 0.000010 0.000010 0.999950 0.000010
0.630636 0.248963 0.031988 0.052904 0.035499 0.000010
0.000010 0.000010 0.000010 0.000010 0.999950 0.000010
0.000010 0.000010 0.001484 0.067084 0.886894 0.044518
0.097567 0.900310 0.002093 0.000010 0.000010 0.000010
0.025305 0.002322 0.009171 0.044821 0.845359 0.073022
0.215366 0.153395 0.000010 0.000010 0.567421 0.063797
0.000010 0.000010 0.000010 0.000010 0.999950 0.000010
0.000010 0.000010 0.000010 0.000010 0.999950 0.000010
0.000010 0.000010 0.000010 0.000010 0.999950 0.000010
0.000010 0.000010 0.000010 0.000010 0.999950 0.000010
0.012079 0.000010 0.000010 0.011601 0.976290 0.000010
0.000010 0.000010 0.000010 0.000010 0.999950 0.000010
0.952057 0.037311 0.000010 0.000010 0.010603 0.000010
0.000010 0.000010 0.000010 0.999950 0.000010 0.000010
0.000010 0.000010 0.000010 0.999950 0.000010 0.000010
0.000010 0.000010 0.000010 0.999950 0.000010 0.000010
0.000010 0.000010 0.000010 0.000010 0.999950 0.000010
0.000010 0.000010 0.000010 0.000010 0.999950 0.000010
0.000010 0.000010 0.000010 0.999950 0.000010 0.000010
0.000010 0.013012 0.000010 0.986948 0.000010 0.000010
0.000010 0.000010 0.000010 0.999950 0.000010 0.000010
0.000010 0.000010 0.000010 0.000010 0.999950 0.000010
0.000010 0.000010 0.000010 0.000010 0.999950 0.000010
0.000010 0.000010 0.000010 0.000010 0.000010 0.999950
0.000010 0.000010 0.000010 0.000010 0.999950 0.000010
0.228992 0.227548 0.000010 0.000010 0.000010 0.543430
0.099451 0.000010 0.000010 0.000010 0.653663 0.246856
0.122410 0.000010 0.000010 0.000010 0.657264 0.220297
0.229940 0.664161 0.000010 0.021184 0.000010 0.084695
0.121864 0.000010 0.000010 0.015647 0.631878 0.230591
0.000010 0.020200 0.922814 0.018097 0.002776 0.036103
0.320028 0.000010 0.138967 0.080464 0.054925 0.405605
0.301688 0.478853 0.027827 0.000010 0.089747 0.101875
0.112563 0.041941 0.088803 0.581246 0.048909 0.126539
0.343353 0.132961 0.025010 0.000010 0.380244 0.118421
0.319964 0.100365 0.013454 0.000010 0.407974 0.158233
0.084725 0.878091 0.000010 0.031586 0.005578 0.000010
0.087057 0.000010 0.019083 0.079000 0.696917 0.117933
0.449113 0.408363 0.043428 0.022884 0.034773 0.041439
0.110415 0.814247 0.005121 0.000010 0.070198 0.000010
0.107992 0.460095 0.000010 0.000010 0.342222 0.089672
0.549947 0.000298 0.000010 0.076979 0.011628 0.361138
0.405953 0.464587 0.021633 0.000010 0.056379 0.051439
0.702679 0.114816 0.000010 0.032439 0.000010 0.150045
0.042610 0.051032 0.075820 0.645297 0.020185 0.165056
0.022941 0.010953 0.000010 0.044596 0.897051 0.024448
0.074145 0.016355 0.128221 0.644282 0.002862 0.134134
0.000010 0.000010 0.000010 0.999950 0.000010 0.000010
0.434593 0.486236 0.056946 0.000010 0.000010 0.022205
0.218700 0.673268 0.000010 0.032854 0.008237 0.066931
0.000010 0.000010 0.659928 0.000010 0.000010 0.340032
0.277509 0.602734 0.036089 0.034417 0.026150 0.023101
0.134702 0.781876 0.000010 0.045403 0.014595 0.023413
0.101236 0.882282 0.012024 0.000010 0.004438 0.000010
0.445078 0.081757 0.092962 0.095754 0.000010 0.284438
0.000010 0.000010 0.046348 0.000010 0.000010 0.953612
0.341991 0.532818 0.005542 0.007248 0.046575 0.065827
0.000010 0.000010 0.000010 0.999950 0.000010 0.000010
0.709998 0.097539 0.084253 0.022611 0.014640 0.070960
0.258040 0.582942 0.009209 0.000010 0.089048 0.060751
0.197188 0.000010 0.221363 0.375567 0.119400 0.086471
0.601006 0.157049 0.089712 0.050126 0.013145 0.088962
0.000010 0.000010 0.000010 0.000010 0.999950 0.000010
0.290693 0.619487 0.019764 0.000010 0.062558 0.007487
0.314407 0.636624 0.000010 0.000010 0.039709 0.009240
0.239806 0.589281 0.030110 0.045200 0.022453 0.073150
0.113934 0.794411 0.000010 0.000010 0.018008 0.073627
0.296040 0.315427 0.014316 0.033305 0.093764 0.247148
0.523321 0.205168 0.003964 0.097643 0.055278 0.114625
0.043250 0.921398 0.000010 0.000010 0.000010 0.035322
0.000010 0.979794 0.000010 0.000010 0.020166 0.000010
0.715681 0.162425 0.000010 0.072681 0.042192 0.007010
0.098903 0.752923 0.000010 0.000010 0.148144 0.000010
0.664246 0.087044 0.038926 0.053947 0.098196 0.057641
0.115724 0.772735 0.018337 0.022246 0.065856 0.005102
0.246685 0.703750 0.000010 0.000010 0.047668 0.001876
0.723915 0.049135 0.100259 0.059310 0.000010 0.067371
0.034643 0.917104 0.000010 0.021309 0.000010 0.026924
0.189253 0.359561 0.006720 0.033601 0.355970 0.054895
0.094412 0.860527 0.000010 0.022852 0.022190 0.000010
0.184758 0.456032 0.000010 0.000010 0.347872 0.011318
0.345368 0.591899 0.015986 0.008633 0.019471 0.018643
0.079226 0.849255 0.000010 0.000010 0.050564 0.020935
0.197470 0.711753 0.000010 0.009657 0.033571 0.047540
0.377877 0.159687 0.005898 0.000010 0.355692 0.100836
0.357306 0.262775 0.000010 0.057934 0.042050 0.279925
0.000010 0.066205 0.000010 0.000010 0.000010 0.933755
0.168425 0.182576 0.005588 0.000010 0.193840 0.449561
0.218390 0.149271 0.000010 0.001825 0.268912 0.361591
0.291438 0.241142 0.054273 0.017247 0.064269 0.331632
0.228003 0.105868 0.058996 0.028052 0.042375 0.536707
0.343856 0.194697 0.009967 0.000010 0.225279 0.226190
0.000010 0.031708 0.000010 0.000010 0.000010 0.968252
0.412161 0.463512 0.000010 0.000454 0.017580 0.106283
0.331653 0.307530 0.000010 0.000010 0.041300 0.319496
0.000010 0.225920 0.000010 0.000010 0.000010 0.774040
0.000010 0.000010 0.033623 0.126032 0.021225 0.819100
0.200120 0.022305 0.116557 0.508720 0.068531 0.083767
0.142672 0.010286 0.150875 0.523031 0.093993 0.079143
0.000010 0.000010 0.000010 0.038622 0.000010 0.961338
0.197895 0.374482 0.026403 0.000010 0.049607 0.351603
0.240717 0.226040 0.080481 0.000010 0.066998 0.385754
0.000010 0.147156 0.000010 0.000010 0.002561 0.850254
0.298030 0.000010 0.069913 0.258106 0.160325 0.213616
0.142280 0.000010 0.000010 0.131890 0.367525 0.358285
0.000010 0.000010 0.759406 0.124833 0.015123 0.100618
0.314882 0.270795 0.039760 0.022275 0.051552 0.300735
0.020783 0.913863 0.021021 0.000010 0.028929 0.015395
0.184879 0.771396 0.000010 0.000010 0.012725 0.030980
0.850418 0.000010 0.007108 0.084163 0.030403 0.027898
0.818158 0.045064 0.000010 0.105139 0.011474 0.020155
0.092475 0.904392 0.000010 0.000010 0.001411 0.001702
0.253091 0.274905 0.000010 0.000010 0.403648 0.068336
0.476903 0.327672 0.000010 0.000010 0.145672 0.049733
0.320288 0.462053 0.000010 0.025492 0.070558 0.121599
0.000010 0.000010 0.974917 0.000010 0.025043 0.000010
0.277082 0.658608 0.000010 0.000010 0.017728 0.046562
0.000010 0.939145 0.000010 0.000010 0.021742 0.039083
0.347015 0.484734 0.000010 0.051808 0.031908 0.084526
0.271439 0.679719 0.000010 0.010292 0.031457 0.007082
0.370807 0.524026 0.000010 0.025142 0.070863 0.009153
0.470325 0.415334 0.036400 0.038313 0.031678 0.007951
0.000010 0.000010 0.000010 0.000010 0.000010 0.999950
0.288708 0.621319 0.000010 0.017612 0.009819 0.062533
0.238882 0.716169 0.000010 0.031828 0.013102 0.000010
0.274328 0.690454 0.000010 0.002503 0.017870 0.014835
0.591483 0.267029 0.000010 0.057835 0.055759 0.027883
0.025268 0.955463 0.015330 0.003919 0.000010 0.000010
0.248922 0.249911 0.000010 0.000010 0.009744 0.491403
0.727748 0.108866 0.000010 0.082812 0.070508 0.010056
0.619714 0.174617 0.000010 0.064904 0.026176 0.114578
0.660458 0.107006 0.000010 0.084940 0.058391 0.089196
0.711244 0.263835 0.000926 0.000010 0.006109 0.017877
0.108462 0.888846 0.000010 0.000010 0.002661 0.000010
0.173921 0.785771 0.000010 0.000010 0.027642 0.012647
0.183240 0.795761 0.000010 0.000010 0.000492 0.020487
0.113773 0.884502 0.000010 0.000010 0.001695 0.000010
0.594768 0.233162 0.000010 0.033778 0.044564 0.093719
0.331946 0.077193 0.001869 0.025337 0.477927 0.085728
0.271433 0.523493 0.000010 0.028209 0.075707 0.101148
0.203813 0.530451 0.000010 0.020088 0.163522 0.082116
0.788924 0.076406 0.037624 0.000010 0.012860 0.084175
0.084990 0.889128 0.000010 0.000010 0.025853 0.000010
0.617342 0.117477 0.042600 0.082731 0.000010 0.139840
0.187841 0.765839 0.000010 0.000010 0.020012 0.026288
0.000010 0.999950 0.000010 0.000010 0.000010 0.000010
0.134849 0.730650 0.002662 0.000010 0.000010 0.131819
0.702674 0.114807 0.051665 0.000010 0.074986 0.055858
0.000010 0.999950 0.000010 0.000010 0.000010 0.000010
0.820055 0.004486 0.055906 0.000010 0.000010 0.119533
0.798065 0.041185 0.064502 0.000010 0.002233 0.094006
0.887371 0.000010 0.003896 0.000010 0.000010 0.108703
0.815640 0.000010 0.050977 0.023730 0.000010 0.109633
0.804467 0.039501 0.054122 0.000010 0.000010 0.101890
0.112813 0.000010 0.000010 0.019766 0.845677 0.021724
0.337225 0.562783 0.000010 0.000010 0.028854 0.071118
0.000010 0.946380 0.000010 0.004179 0.022381 0.027040
0.221496 0.774760 0.000010 0.000010 0.003714 0.000010
0.205651 0.714436 0.000010 0.000010 0.011665 0.068228
0.013303 0.956423 0.000010 0.000010 0.000010 0.030244
0.855315 0.029762 0.037109 0.000010 0.000010 0.077793
0.003711 0.940734 0.000010 0.009540 0.010978 0.035027
0.715717 0.182730 0.065718 0.000010 0.035816 0.000010
0.000010 0.000010 0.000010 0.000010 0.999950 0.000010
0.545464 0.004672 0.021276 0.035988 0.014276 0.378324
0.735289 0.114956 0.000010 0.000076 0.043643 0.106027
0.624376 0.342816 0.021904 0.010759 0.000135 0.000010
0.718551 0.068787 0.000010 0.060784 0.027348 0.124520
0.765442 0.000010 0.086175 0.022398 0.000010 0.125965
0.733091 0.102770 0.038825 0.017654 0.044961 0.062700
0.924940 0.000010 0.014840 0.000010 0.000010 0.060191
0.615554 0.203470 0.029629 0.000010 0.033026 0.118311
0.762476 0.088179 0.002687 0.000010 0.022494 0.124153
0.132386 0.767531 0.024730 0.008303 0.033229 0.033820
0.736667 0.102819 0.087975 0.000010 0.015104 0.057425
0.870464 0.021570 0.013570 0.000010 0.013996 0.080390
0.721710 0.099313 0.061417 0.000010 0.000010 0.117540
0.266441 0.597820 0.067148 0.000010 0.017524 0.051057
0.034423 0.965537 0.000010 0.000010 0.000010 0.000010
0.859873 0.036935 0.000010 0.000010 0.041466 0.061706
0.000010 0.021003 0.000010 0.006423 0.914799 0.057755
0.000010 0.925718 0.000010 0.047630 0.003087 0.023545
0.033881 0.966079 0.000010 0.000010 0.000010 0.000010
0.752179 0.102205 0.000010 0.031032 0.023467 0.091106
0.344359 0.465429 0.000010 0.137395 0.020484 0.032324
0.756408 0.232202 0.000010 0.000010 0.011360 0.000010
0.849206 0.018355 0.018842 0.054030 0.031442 0.028125
0.000010 0.998047 0.000010 0.000010 0.001913 0.000010
0.000010 0.999950 0.000010 0.000010 0.000010 0.000010
0.413776 0.515477 0.000010 0.000010 0.014356 0.056371
0.329173 0.574215 0.000010 0.029595 0.036325 0.030682
0.000010 0.000010 0.936563 0.000010 0.063397 0.000010
0.719538 0.062667 0.000010 0.037007 0.024691 0.156087
0.074428 0.883178 0.000010 0.016714 0.025660 0.000010
0.000010 0.000010 0.923675 0.000010 0.076285 0.000010
0.453206 0.031288 0.000010 0.038828 0.476658 0.000010
0.152952 0.000010 0.000010 0.108555 0.390702 0.347771
0.286978 0.616831 0.000010 0.000010 0.049703 0.046467
0.351202 0.550811 0.000010 0.027546 0.038648 0.031783
0.221418 0.719983 0.000010 0.000010 0.025970 0.032608
0.407662 0.341492 0.043572 0.091803 0.006796 0.108675
0.045430 0.937277 0.000010 0.000010 0.017263 0.000010
0.000010 0.999950 0.000010 0.000010 0.000010 0.000010
0.797117 0.148808 0.000010 0.026045 0.028010 0.000010
0.285747 0.647084 0.016347 0.000010 0.005121 0.045692
0.371915 0.529779 0.000010 0.000542 0.056314 0.041440
0.411834 0.392773 0.052598 0.000010 0.000010 0.142776
0.252420 0.691412 0.016345 0.000010 0.024192 0.015620
0.170189 0.773363 0.000010 0.009409 0.047019 0.000010
0.185687 0.759053 0.016807 0.014785 0.023659 0.000010
0.142982 0.795456 0.000010 0.000010 0.015192 0.046350
0.000010 0.999950 0.000010 0.000010 0.000010 0.000010
0.014766 0.920856 0.000010 0.012605 0.023761 0.028003
0.694248 0.160593 0.021403 0.000010 0.031168 0.092578
0.357535 0.418781 0.055473 0.002183 0.063183 0.102844
0.817417 0.000010 0.024926 0.082090 0.000010 0.075548
0.000010 0.986067 0.000010 0.000010 0.013893 0.000010
0.701766 0.182895 0.000010 0.043354 0.037670 0.034305
0.105346 0.645436 0.000010 0.011856 0.050016 0.187336
0.369894 0.549894 0.000010 0.031598 0.044843 0.003761
0.656554 0.111346 0.045057 0.006517 0.017955 0.162570
0.219215 0.746090 0.000010 0.000010 0.007438 0.027236
0.768615 0.176358 0.000010 0.000010 0.022364 0.032643
0.835440 0.007806 0.032285 0.012633 0.038082 0.073753
0.751480 0.082956 0.033429 0.046867 0.051795 0.033472
0.347615 0.318844 0.050345 0.017450 0.000010 0.265737
0.797479 0.029232 0.000010 0.047724 0.000010 0.125545
0.282667 0.000010 0.085694 0.119570 0.033090 0.478970
0.806173 0.151602 0.000010 0.000010 0.042195 0.000010
0.304318 0.629542 0.020554 0.000010 0.004772 0.040804
0.039197 0.924739 0.000010 0.000010 0.004653 0.031391
0.016078 0.816590 0.000010 0.051085 0.000010 0.116228
0.078816 0.866881 0.000010 0.017228 0.000010 0.037055
0.828510 0.050909 0.000010 0.041742 0.000010 0.078819
0.253194 0.417653 0.029044 0.032394 0.027126 0.240588
0.253116 0.580880 0.047729 0.000010 0.013538 0.104728
0.042648 0.206519 0.696084 0.000010 0.029514 0.025225
0.159033 0.781036 0.035935 0.000010 0.000010 0.023977
0.128719 0.805274 0.000010 0.000010 0.014606 0.051381
0.000010 0.000010 0.000010 0.000010 0.999950 0.000010
0.000010 0.000010 0.000010 0.000010 0.999950 0.000010
0.705482 0.183562 0.039833 0.000010 0.000010 0.071103
0.738933 0.185473 0.013899 0.003859 0.026950 0.030887
0.541031 0.329983 0.000010 0.023006 0.014724 0.091245
0.577554 0.349989 0.018776 0.005690 0.010755 0.037236
0.000010 0.000010 0.000010 0.000010 0.999950 0.000010
0.000010 0.000010 0.000010 0.000010 0.999950 0.000010
0.821517 0.049678 0.003488 0.000010 0.002830 0.122477
0.853443 0.069464 0.000010 0.000010 0.000010 0.077063
0.000010 0.000010 0.000010 0.000010 0.999950 0.000010
0.000010 0.000010 0.000010 0.000010 0.999950 0.000010
0.000010 0.000010 0.000010 0.000010 0.999950 0.000010
0.818193 0.043455 0.027259 0.041262 0.004160 0.065671
0.917598 0.007318 0.009983 0.021423 0.000010 0.043668
0.272235 0.176239 0.047086 0.148198 0.136257 0.219985
0.705814 0.086673 0.082336 0.000010 0.036567 0.088599
0.204050 0.000010 0.011924 0.367794 0.144236 0.271986
0.741966 0.010810 0.099512 0.000010 0.034167 0.113535
0.000010 0.000010 0.000010 0.000010 0.999950 0.000010
0.766446 0.081704 0.072306 0.000010 0.000010 0.079523
0.654382 0.207779 0.000010 0.000010 0.016897 0.120922
0.295636 0.103152 0.010151 0.000010 0.538662 0.052389
0.080732 0.020197 0.000010 0.000010 0.899041 0.000010
0.759046 0.101967 0.003784 0.011978 0.003981 0.119245
0.000010 0.000010 0.000010 0.000010 0.999950 0.000010
0.000010 0.000010 0.000010 0.000010 0.999950 0.000010
0.000010 0.000010 0.000010 0.000010 0.999950 0.000010
0.000010 0.000010 0.000010 0.000010 0.999950 0.000010
0.000010 0.000010 0.000010 0.000010 0.999950 0.000010
0.289416 0.636393 0.014796 0.004062 0.000010 0.055322
0.138044 0.605176 0.011708 0.018088 0.123358 0.103626
0.194115 0.582289 0.000010 0.000010 0.143917 0.079658
0.000010 0.000010 0.000010 0.000010 0.999950 0.000010
0.125201 0.000010 0.000010 0.056778 0.498735 0.319267
0.437159 0.412811 0.000010 0.083766 0.066244 0.000010
0.160581 0.824364 0.000010 0.006599 0.008436 0.000010
0.334871 0.548582 0.000010 0.000010 0.051320 0.065207
0.704861 0.265318 0.029791 0.000010 0.000010 0.000010
0.761262 0.214425 0.000010 0.000010 0.024283 0.000010
0.193687 0.723636 0.000010 0.020038 0.008312 0.054317
0.728842 0.223270 0.002875 0.020738 0.000010 0.024266
0.502664 0.318872 0.007161 0.000010 0.061634 0.109659
0.166539 0.751905 0.000010 0.008696 0.034466 0.038385
0.114181 0.666412 0.009762 0.000010 0.051175 0.158461
0.643088 0.339267 0.017615 0.000010 0.000010 0.000010
0.151272 0.705913 0.051227 0.000010 0.016470 0.075108
0.269223 0.350778 0.000010 0.035970 0.061349 0.282670
0.000010 0.000010 0.044418 0.322236 0.032630 0.600696
0.616085 0.173448 0.064673 0.076745 0.037637 0.031412
0.482083 0.416999 0.043281 0.000010 0.039878 0.017748
0.440368 0.441883 0.000010 0.009361 0.015279 0.093099
0.049908 0.869346 0.004479 0.015205 0.000010 0.061052
0.121391 0.030892 0.063995 0.636928 0.012479 0.134315
0.337485 0.013354 0.037081 0.184024 0.138529 0.289528
0.320840 0.636973 0.005987 0.005930 0.026845 0.003424
0.228930 0.715149 0.000010 0.000010 0.002315 0.053586
0.085924 0.517436 0.000283 0.000010 0.390218 0.006129
0.309225 0.529000 0.002790 0.075509 0.010281 0.073196
0.057000 0.013682 0.027316 0.068781 0.736789 0.096432
0.454243 0.478869 0.006664 0.007802 0.043292 0.009129
0.412013 0.006653 0.012232 0.107852 0.068493 0.392758
0.084398 0.861918 0.000010 0.000010 0.000010 0.053654
0.000010 0.992808 0.000010 0.000010 0.007152 0.000010
0.101894 0.860742 0.000010 0.032672 0.000010 0.004672
0.179406 0.779049 0.000010 0.000010 0.000010 0.041515
0.127417 0.020285 0.577138 0.263730 0.011420 0.000010
0.865248 0.000010 0.000010 0.000010 0.000010 0.134712
0.132588 0.000010 0.044540 0.000010 0.004569 0.818284
0.732011 0.148025 0.000010 0.009346 0.015543 0.095066
0.476390 0.425236 0.000010 0.000010 0.027329 0.071025
0.935624 0.035207 0.002245 0.016206 0.000010 0.010708
0.514666 0.312439 0.000010 0.097983 0.000010 0.074893
0.762738 0.126961 0.000010 0.011625 0.017018 0.081647
0.102506 0.000010 0.064775 0.000010 0.000010 0.832689
0.143577 0.842910 0.000010 0.000010 0.000010 0.013483
0.095132 0.863707 0.034448 0.006693 0.000010 0.000010
0.733817 0.067573 0.000010 0.026192 0.030751 0.141657
0.051101 0.933595 0.000010 0.000010 0.000010 0.015274
0.769359 0.067468 0.036432 0.013440 0.032065 0.081236
0.090711 0.000010 0.673423 0.075785 0.014635 0.145436
0.264008 0.138196 0.000010 0.057079 0.000010 0.540696
0.000010 0.000010 0.999950 0.000010 0.000010 0.000010
0.252899 0.000010 0.181679 0.556366 0.009036 0.000010
0.298749 0.000010 0.002676 0.067887 0.389865 0.240812
0.063646 0.000010 0.889618 0.000010 0.046705 0.000010
0.000010 0.000010 0.000010 0.000010 0.999950 0.000010
0.284503 0.691168 0.000016 0.003489 0.000010 0.020813
0.808474 0.023642 0.032233 0.035817 0.011915 0.087919
0.700332 0.116589 0.029748 0.048830 0.030225 0.074276
0.000010 0.036948 0.000010 0.039706 0.890096 0.033230
0.532027 0.363459 0.000010 0.061862 0.042632 0.000010
0.384757 0.050946 0.089929 0.147875 0.092553 0.233941
0.541579 0.030279 0.004952 0.028025 0.000010 0.395155
0.755348 0.088978 0.000010 0.016504 0.044264 0.094896
0.735691 0.137089 0.000010 0.005708 0.045277 0.076225
0.436343 0.270475 0.009998 0.028835 0.072049 0.182301
0.735951 0.097060 0.000010 0.053426 0.024971 0.088581
0.077211 0.000010 0.000010 0.080227 0.762455 0.080087
0.099951 0.020549 0.030643 0.053624 0.712523 0.082709
0.108614 0.000010 0.006454 0.015308 0.833651 0.035963
0.477363 0.031067 0.018983 0.043112 0.032391 0.397082
0.000010 0.000010 0.000010 0.000010 0.000010 0.999950
0.182633 0.000010 0.377250 0.427763 0.000010 0.012333
0.155441 0.001525 0.089409 0.226367 0.000456 0.526802
0.000010 0.999950 0.000010 0.000010 0.000010 0.000010
0.084534 0.770627 0.000010 0.000010 0.144809 0.000010
0.446897 0.507983 0.008308 0.022129 0.013057 0.001626
0.234879 0.615171 0.000010 0.039620 0.087196 0.023124
0.984790 0.002401 0.000010 0.000010 0.012779 0.000010
0.033833 0.931503 0.000010 0.000010 0.000010 0.034634
0.049998 0.924982 0.019655 0.000010 0.005345 0.000010
0.086724 0.002342 0.000010 0.140477 0.698573 0.071873
0.012847 0.009387 0.000010 0.111890 0.770024 0.095842
0.020976 0.963313 0.015680 0.000010 0.000010 0.000010
0.458679 0.172335 0.000010 0.097553 0.037536 0.233888
0.129665 0.822731 0.022155 0.001837 0.023603 0.000010
0.248437 0.625609 0.000010 0.000420 0.036622 0.088902
0.776117 0.097087 0.000010 0.000010 0.034250 0.092526
0.022348 0.022941 0.000010 0.023231 0.878194 0.053276
0.219363 0.401582 0.000010 0.000010 0.355527 0.023508
0.301770 0.000010 0.047845 0.213090 0.212535 0.224751
0.173995 0.685283 0.000010 0.041084 0.062010 0.037618
0.564487 0.303314 0.036520 0.026779 0.025669 0.043230
0.248718 0.619865 0.000010 0.034019 0.054944 0.042444
0.008164 0.026005 0.000010 0.031976 0.897216 0.036629
0.100714 0.875373 0.000010 0.000010 0.000010 0.023883
0.290133 0.606159 0.035969 0.000010 0.035017 0.032713
0.513225 0.392641 0.000010 0.034161 0.047488 0.012475
0.308517 0.605663 0.029293 0.000806 0.012742 0.042978
0.102514 0.023118 0.173769 0.494058 0.061696 0.144844
0.012649 0.000010 0.029473 0.001460 0.000010 0.956398
0.115408 0.019180 0.175621 0.530203 0.069547 0.090041
0.712595 0.089110 0.103262 0.061663 0.028185 0.005185
0.712156 0.136345 0.090269 0.027641 0.033580 0.000010
0.013417 0.017501 0.806436 0.000010 0.113353 0.049283
0.015228 0.000010 0.822448 0.000010 0.122286 0.040018
0.602245 0.049798 0.022194 0.046903 0.013598 0.265262
0.001625 0.000010 0.848739 0.000010 0.124925 0.024691
0.191741 0.066597 0.203552 0.309209 0.000010 0.228892
0.205633 0.000010 0.289661 0.479439 0.000010 0.025247
0.965726 0.000010 0.000010 0.000010 0.034234 0.000010
0.218073 0.138668 0.000010 0.070770 0.001909 0.570570
0.268685 0.128715 0.000010 0.039765 0.000010 0.562814
0.134248 0.180941 0.000010 0.037205 0.000010 0.647587
0.188826 0.162576 0.000010 0.040862 0.000010 0.607716
0.199215 0.138704 0.000010 0.061054 0.000010 0.601007
0.283721 0.106219 0.000010 0.020087 0.025099 0.564865
0.253036 0.094676 0.000010 0.000010 0.000010 0.652258
0.190707 0.130205 0.000010 0.040268 0.000010 0.638800
0.063670 0.000010 0.802413 0.041302 0.032629 0.059976
0.107470 0.001443 0.816676 0.044308 0.016212 0.013890
0.000010 0.000010 0.818098 0.029700 0.094448 0.057734
0.000010 0.999656 0.000010 0.000010 0.000304 0.000010
0.033355 0.000010 0.807068 0.000010 0.154178 0.005380
0.739014 0.168483 0.000486 0.000010 0.091998 0.000010
0.035770 0.014549 0.790181 0.000010 0.101507 0.057982
0.033069 0.000010 0.801852 0.102515 0.043805 0.018749
0.009248 0.000010 0.819559 0.102412 0.000010 0.068762
0.109608 0.000010 0.764248 0.073722 0.011720 0.040692
0.000010 0.001032 0.791307 0.132598 0.037452 0.037601
0.099135 0.028023 0.818145 0.051790 0.002897 0.000010
0.000010 0.000197 0.948303 0.051470 0.000010 0.000010
0.049711 0.831107 0.000010 0.035257 0.013704 0.070211
0.559585 0.216181 0.067683 0.002601 0.026119 0.127831
0.245476 0.094049 0.000010 0.028248 0.000010 0.632208
0.024246 0.000010 0.868629 0.083252 0.023852 0.000010
0.000010 0.999950 0.000010 0.000010 0.000010 0.000010
0.295778 0.099905 0.000010 0.022524 0.000010 0.581772
0.300081 0.088079 0.000010 0.021467 0.000010 0.590352
0.000010 0.999950 0.000010 0.000010 0.000010 0.000010
0.879716 0.040467 0.000010 0.046929 0.032869 0.000010
0.000010 0.042849 0.957111 0.000010 0.000010 0.000010
0.000010 0.000010 0.000010 0.000010 0.000010 0.999950
0.197955 0.132519 0.000010 0.043938 0.000010 0.625568
0.129497 0.162007 0.000010 0.076079 0.009684 0.622722
0.000010 0.000010 0.976755 0.023205 0.000010 0.000010
0.746145 0.147518 0.007352 0.030726 0.046839 0.021419
0.146657 0.622795 0.016487 0.035629 0.103569 0.074863
0.095392 0.000010 0.312566 0.558747 0.003589 0.029696
0.097443 0.000010 0.336689 0.553652 0.000010 0.012196
0.209900 0.000010 0.307501 0.482435 0.000010 0.000144
0.000010 0.000010 0.000010 0.000010 0.999950 0.000010
0.000010 0.011635 0.000010 0.031159 0.906197 0.050990
0.000010 0.000010 0.920259 0.056827 0.022885 0.000010
0.008991 0.000010 0.690832 0.178375 0.061296 0.060495
0.000010 0.004367 0.995593 0.000010 0.000010 0.000010
0.000010 0.000010 0.931776 0.058968 0.009226 0.000010
0.000010 0.000010 0.999950 0.000010 0.000010 0.000010
0.000010 0.000010 0.999950 0.000010 0.000010 0.000010
0.000010 0.000010 0.957578 0.033137 0.009255 0.000010
0.014733 0.049965 0.729852 0.156036 0.049403 0.000010
0.187662 0.000010 0.296626 0.505350 0.010342 0.000010
0.176453 0.006867 0.309745 0.506914 0.000010 0.000010
0.000010 0.000010 0.819764 0.145266 0.000010 0.034941
0.135593 0.000010 0.302609 0.554578 0.000010 0.007201
0.407684 0.003362 0.047512 0.038536 0.148172 0.354735
0.287326 0.647640 0.020767 0.031511 0.000010 0.012746
0.973980 0.005309 0.000010 0.000010 0.020681 0.000010
0.244480 0.135769 0.000010 0.018151 0.014839 0.586751
0.198412 0.135908 0.000010 0.046912 0.001151 0.617607
0.064401 0.032769 0.199421 0.506646 0.094655 0.102108
0.384558 0.000010 0.024366 0.238435 0.184313 0.168318
0.484099 0.329681 0.043288 0.000010 0.060186 0.082736
0.558574 0.134417 0.000010 0.067798 0.055093 0.184108
0.093381 0.000010 0.045683 0.651987 0.049793 0.159145
0.062752 0.869651 0.000010 0.012215 0.022388 0.032985
0.000010 0.000010 0.928144 0.071813 0.000013 0.000010
0.000010 0.017322 0.705547 0.129842 0.060158 0.087120
0.000010 0.000010 0.896943 0.086838 0.000010 0.016189
0.951793 0.014065 0.000010 0.000010 0.034112 0.000010
0.008627 0.000010 0.775770 0.150809 0.032866 0.031918
0.000010 0.007597 0.917019 0.070755 0.004609 0.000010
0.000010 0.035647 0.937077 0.011235 0.016021 0.000010
0.000010 0.027763 0.888655 0.083552 0.000010 0.000010
0.000010 0.000010 0.996849 0.003111 0.000010 0.000010
0.000010 0.000010 0.944885 0.035183 0.000010 0.019902
0.345038 0.279120 0.091875 0.068126 0.084746 0.131095
0.692580 0.152602 0.023354 0.085411 0.012783 0.033271
0.052901 0.077933 0.052020 0.632995 0.042538 0.141613
0.000010 0.082246 0.146445 0.590034 0.049564 0.131701
0.686881 0.132032 0.077694 0.001468 0.022126 0.079799
0.282639 0.687031 0.000010 0.010680 0.002672 0.016968
0.095952 0.798888 0.037713 0.008842 0.058595 0.000010
0.033044 0.934526 0.022614 0.000010 0.009796 0.000010
0.000010 0.000010 0.960581 0.039379 0.000010 0.000010
0.033576 0.832968 0.005041 0.000010 0.055138 0.073267
0.000010 0.000010 0.933752 0.064791 0.001427 0.000010
0.000010 0.000010 0.916504 0.083456 0.000010 0.000010
0.000010 0.004951 0.876452 0.055784 0.015896 0.046907
0.000010 0.030706 0.874417 0.094847 0.000010 0.000010
0.000010 0.000010 0.938660 0.060617 0.000693 0.000010
0.004958 0.000010 0.938347 0.035008 0.021667 0.000010
0.151217 0.285786 0.041452 0.000010 0.038683 0.482853
0.298827 0.298388 0.018583 0.000010 0.057912 0.326280
0.173926 0.096081 0.085268 0.305302 0.009585 0.329837
0.218348 0.000010 0.000010 0.164413 0.385814 0.231405
0.135119 0.000010 0.059690 0.100337 0.579985 0.124860
0.197042 0.000010 0.018557 0.118387 0.549953 0.116051
0.273358 0.625746 0.055831 0.013792 0.027980 0.003292
0.000010 0.009385 0.933999 0.036950 0.019645 0.000010
0.000010 0.000010 0.925106 0.074854 0.000010 0.000010
0.000010 0.000010 0.951178 0.048782 0.000010 0.000010
0.233560 0.000010 0.037669 0.069456 0.428676 0.230630
0.253771 0.000010 0.004355 0.106048 0.480358 0.155459
0.251683 0.278699 0.052769 0.000010 0.052073 0.364766
0.106301 0.218043 0.025015 0.000010 0.042969 0.607662
0.151268 0.000010 0.008974 0.135161 0.535414 0.169173
0.227710 0.323881 0.044623 0.000010 0.063752 0.340024
0.254578 0.198554 0.001624 0.000010 0.323688 0.221546
0.214986 0.000985 0.070993 0.086610 0.432592 0.193834
0.338903 0.098405 0.041052 0.000010 0.398758 0.122872
0.325509 0.273188 0.015609 0.000010 0.064184 0.321500
0.234417 0.278907 0.023167 0.000010 0.041496 0.422003
0.045207 0.105683 0.017144 0.000010 0.000010 0.831945
0.103412 0.021927 0.578528 0.182065 0.041309 0.072759
0.000010 0.000010 0.930421 0.069539 0.000010 0.000010
0.133592 0.000010 0.721462 0.070706 0.012190 0.062040
0.101045 0.000010 0.746729 0.108368 0.000010 0.043839
0.595866 0.294444 0.038408 0.020525 0.023391 0.027366
0.560617 0.294765 0.000010 0.082529 0.061632 0.000448
0.167111 0.652415 0.013577 0.063838 0.027693 0.075365
0.611217 0.106868 0.039499 0.081906 0.044028 0.116483
0.000010 0.000010 0.000010 0.000010 0.999950 0.000010
0.000010 0.073240 0.471679 0.009030 0.446031 0.000010
0.779815 0.208785 0.000010 0.000010 0.011370 0.000010
0.717185 0.216742 0.002035 0.042838 0.021190 0.000010
0.126302 0.055301 0.142637 0.547842 0.000010 0.127908
0.589743 0.100199 0.091612 0.068891 0.031856 0.117699
0.047783 0.034974 0.007008 0.087395 0.735402 0.087438
0.985101 0.000010 0.000010 0.000010 0.014859 0.000010
0.680957 0.068288 0.000010 0.077719 0.052776 0.120250
0.956122 0.003200 0.016653 0.000010 0.024006 0.000010
0.041734 0.933177 0.000010 0.000010 0.000010 0.025060
0.000010 0.954996 0.000010 0.044964 0.000010 0.000010
0.133130 0.811038 0.000010 0.000010 0.036915 0.018896
0.000010 0.000010 0.000010 0.000010 0.999950 0.000010
0.000010 0.000010 0.000010 0.000010 0.999950 0.000010
0.055341 0.000010 0.818338 0.000010 0.057995 0.068307
0.054554 0.000010 0.768762 0.000010 0.136478 0.040186
0.049785 0.000010 0.590147 0.000010 0.222424 0.137625
0.007186 0.992774 0.000010 0.000010 0.000010 0.000010
0.000010 0.000010 0.000010 0.999950 0.000010 0.000010
0.000010 0.000010 0.000010 0.999950 0.000010 0.000010
0.000010 0.000010 0.000010 0.999950 0.000010 0.000010
0.000010 0.000010 0.000010 0.999950 0.000010 0.000010
0.675857 0.000010 0.000010 0.109600 0.041531 0.172992
0.074287 0.000010 0.025754 0.303901 0.136910 0.459138
0.051899 0.032958 0.097305 0.328105 0.030560 0.459173
0.089491 0.052649 0.063931 0.642526 0.023062 0.128339
0.491705 0.000010 0.000010 0.131080 0.117843 0.259352
0.238931 0.004418 0.146090 0.527558 0.012048 0.070956
0.115785 0.816029 0.020464 0.000010 0.000010 0.047701
0.000010 0.000010 0.999950 0.000010 0.000010 0.000010
0.000010 0.000010 0.969754 0.030206 0.000010 0.000010
0.000010 0.078196 0.000010 0.000010 0.010487 0.911287
0.000010 0.000010 0.000010 0.000010 0.000010 0.999950
0.000010 0.000010 0.999950 0.000010 0.000010 0.000010
0.221382 0.393857 0.001614 0.000010 0.030946 0.352191
0.297851 0.224151 0.035229 0.013681 0.012116 0.416973
0.000010 0.000010 0.999950 0.000010 0.000010 0.000010
0.072017 0.059954 0.103763 0.627356 0.018390 0.118519
0.000010 0.059229 0.000010 0.000010 0.000010 0.940731
0.219503 0.000010 0.077447 0.124250 0.320732 0.258057
0.286306 0.569184 0.031188 0.000010 0.054982 0.058330
0.133733 0.000010 0.000010 0.000010 0.785089 0.081149
0.153031 0.226516 0.015351 0.000010 0.052335 0.552758
0.069148 0.049010 0.144422 0.562389 0.031060 0.143971
0.843046 0.063966 0.046427 0.000010 0.031929 0.014622
0.166265 0.811713 0.000010 0.000010 0.000010 0.021993
0.088180 0.847711 0.007729 0.000010 0.013414 0.042957
0.713350 0.164824 0.017464 0.056731 0.047622 0.000010
0.000010 0.999950 0.000010 0.000010 0.000010 0.000010
0.316392 0.631918 0.000010 0.003875 0.029736 0.018069
0.707017 0.132298 0.015972 0.022238 0.040075 0.082400
0.684709 0.162014 0.047549 0.004000 0.043526 0.058201
0.184511 0.039626 0.054742 0.439717 0.110373 0.171032
0.171140 0.794580 0.000010 0.000010 0.028223 0.006037
0.843615 0.095714 0.020418 0.000010 0.000010 0.040233
0.092940 0.901631 0.001470 0.000010 0.003938 0.000010
0.107231 0.853801 0.000010 0.032811 0.000395 0.005752
0.154627 0.026145 0.213422 0.422335 0.018473 0.164998
0.000010 0.000010 0.969328 0.021304 0.000010 0.009337
0.132729 0.026769 0.171859 0.544868 0.035016 0.088760
0.072305 0.026746 0.105532 0.600976 0.054325 0.140116
0.000010 0.000010 0.929480 0.000010 0.070480 0.000010
0.000010 0.000010 0.963269 0.000010 0.036691 0.000010
0.216779 0.000010 0.306044 0.000010 0.028167 0.448990
0.073122 0.050335 0.117734 0.405196 0.036324 0.317290
0.070031 0.031665 0.022923 0.007394 0.755140 0.112847
0.000010 0.000010 0.988690 0.011270 0.000010 0.000010
0.000010 0.000010 0.984437 0.015523 0.000010 0.000010
0.026421 0.962402 0.000010 0.000952 0.010205 0.000010
0.374377 0.063214 0.047807 0.259770 0.069967 0.184865
0.310076 0.042997 0.102505 0.281164 0.093711 0.169546
0.253596 0.042128 0.119870 0.252089 0.089333 0.242985
0.105890 0.858593 0.000010 0.010406 0.018680 0.006421
0.000010 0.000010 0.927547 0.072413 0.000010 0.000010
0.000010 0.000010 0.999950 0.000010 0.000010 0.000010
0.000010 0.000010 0.000010 0.000010 0.000010 0.999950
0.000010 0.000010 0.980782 0.019178 0.000010 0.000010
0.000010 0.000010 0.999950 0.000010 0.000010 0.000010
0.000010 0.034695 0.924525 0.039818 0.000942 0.000010
0.007943 0.000010 0.954745 0.037282 0.000010 0.000010
0.204505 0.699886 0.018514 0.024343 0.011913 0.040840
0.092888 0.850575 0.051708 0.000010 0.000083 0.004736
