0.000010 0.470383 0.000010 0.000010 0.000010 0.041243 0.000010 0.000010 0.000010 0.017514 0.059607 0.000010 0.000010 0.000010 0.000010 0.000010 0.012872 0.002006 0.032555 0.363700
0.019636 0.843802 0.000010 0.000010 0.000010 0.000010 0.000010 0.000010 0.000010 0.000010 0.008504 0.004552 0.003980 0.000010 0.000010 0.000010 0.000010 0.000010 0.000010 0.119385
0.000010 0.187507 0.000010 0.000010 0.000010 0.065926 0.000010 0.000010 0.042153 0.287695 0.000010 0.000010 0.017015 0.000010 0.000011 0.074774 0.000010 0.000010 0.000010 0.324798
0.000010 0.000010 0.000010 0.000010 0.000010 0.000010 0.000010 0.000010 0.000010 0.000010 0.000010 0.000010 0.000010 0.000010 0.000010 0.060669 0.121315 0.000010 0.817845 0.000010
0.035929 0.520731 0.000010 0.000010 0.058973 0.000010 0.000010 0.000010 0.030222 0.231908 0.000010 0.000010 0.000010 0.001873 0.000010 0.000010 0.000010 0.000995 0.000010 0.119248
0.025755 0.135941 0.000010 0.000010 0.010828 0.000010 0.000388 0.000010 0.003573 0.014004 0.063300 0.000010 0.013451 0.000010 0.000010 0.021688 0.000010 0.000010 0.004597 0.706385
0.000010 0.000010 0.000010 0.000010 0.000010 0.000010 0.000010 0.000010 0.000010 0.000010 0.000010 0.000010 0.000010 0.000010 0.000010 0.000010 0.606345 0.000010 0.171360 0.222125
0.000010 0.053331 0.000010 0.028669 0.000010 0.000010 0.022848 0.000010 0.000010 0.000010 0.000010 0.000010 0.000010 0.000010 0.000010 0.000010 0.000010 0.000010 0.000010 0.894992
0.000010 0.671979 0.000010 0.000010 0.031191 0.000010 0.074882 0.000010 0.000010 0.000010 0.169637 0.000010 0.000010 0.000010 0.000010 0.000010 0.013131 0.008045 0.024327 0.006687
0.000010 0.064033 0.000010 0.000010 0.000010 0.000010 0.062828 0.000010 0.000010 0.000010 0.014724 0.000010 0.000010 0.000010 0.000010 0.000010 0.009981 0.000010 0.000010 0.848284
0.000010 0.119330 0.000010 0.014724 0.253366 0.032614 0.059900 0.000010 0.000010 0.000010 0.016754 0.000010 0.000010 0.000010 0.000010 0.000010 0.000010 0.000010 0.000010 0.503182
0.029346 0.445626 0.013028 0.006692 0.055051 0.000010 0.000010 0.000010 0.000010 0.019004 0.162029 0.000010 0.000010 0.000010 0.000010 0.000010 0.000010 0.003106 0.000010 0.266008
0.000010 0.000010 0.000010 0.037305 0.000010 0.000010 0.004625 0.000010 0.000010 0.000010 0.213941 0.000010 0.000010 0.000010 0.000010 0.679561 0.000010 0.064418 0.000010 0.000010
0.000010 0.000010 0.000010 0.000010 0.000010 0.000010 0.000010 0.000010 0.000010 0.000010 0.310785 0.000010 0.000010 0.000010 0.000010 0.189213 0.121384 0.000141 0.378328 0.000010
0.009645 0.051925 0.005462 0.000010 0.030985 0.000010 0.012998 0.000010 0.008085 0.000010 0.000010 0.000010 0.000010 0.000010 0.000010 0.000010 0.005279 0.000010 0.001949 0.873562
0.040452 0.453766 0.009865 0.000010 0.000010 0.063278 0.014874 0.000010 0.000010 0.122016 0.029554 0.000010 0.000010 0.000010 0.001195 0.000010 0.000010 0.001084 0.000010 0.263815
0.000010 0.102360 0.000010 0.000010 0.085464 0.031359 0.032414 0.000010 0.000010 0.123339 0.000010 0.000010 0.000010 0.000010 0.000010 0.000010 0.000010 0.000010 0.025361 0.599572
0.000010 0.000010 0.000010 0.000010 0.000010 0.000010 0.000010 0.000010 0.000010 0.000010 0.000010 0.000010 0.000010 0.000010 0.000010 0.000010 0.480011 0.000010 0.100660 0.419159
0.000010 0.000010 0.000010 0.032469 0.034969 0.016106 0.700373 0.000010 0.005359 0.000010 0.000010 0.000010 0.000010 0.000010 0.000010 0.000010 0.000010 0.000010 0.000010 0.210584
0.000010 0.000010 0.829587 0.000010 0.000010 0.000010 0.000010 0.000010 0.000010 0.000010 0.000010 0.167764 0.000010 0.002479 0.000010 0.000010 0.000010 0.000010 0.000010 0.000010
0.000010 0.000010 0.999810 0.000010 0.000010 0.000010 0.000010 0.000010 0.000010 0.000010 0.000010 0.000010 0.000010 0.000010 0.000010 0.000010 0.000010 0.000010 0.000010 0.000010
0.000010 0.000010 0.000010 0.000010 0.000010 0.000010 0.000010 0.000010 0.000010 0.000010 0.000010 0.999810 0.000010 0.000010 0.000010 0.000010 0.000010 0.000010 0.000010 0.000010
0.000010 0.000010 0.875294 0.012469 0.000010 0.000010 0.000010 0.000010 0.000010 0.000010 0.000010 0.084191 0.000010 0.000010 0.000010 0.000010 0.000010 0.000010 0.000010 0.027886
0.000010 0.000010 0.000010 0.000010 0.000010 0.000010 0.000010 0.000010 0.000010 0.000010 0.000010 0.000010 0.000010 0.000010 0.000010 0.342547 0.000010 0.000010 0.643352 0.013931
0.000010 0.000010 0.000010 0.000010 0.000010 0.000010 0.999810 0.000010 0.000010 0.000010 0.000010 0.000010 0.000010 0.000010 0.000010 0.000010 0.000010 0.000010 0.000010 0.000010
0.000010 0.000010 0.999810 0.000010 0.000010 0.000010 0.000010 0.000010 0.000010 0.000010 0.000010 0.000010 0.000010 0.000010 0.000010 0.000010 0.000010 0.000010 0.000010 0.000010
0.000010 0.545493 0.000010 0.000010 0.000010 0.000010 0.000010 0.000010 0.000010 0.442198 0.000010 0.000010 0.000010 0.000010 0.000010 0.000010 0.000010 0.012139 0.000010 0.000010
0.000010 0.000010 0.792024 0.000010 0.000010 0.000010 0.000010 0.000010 0.000010 0.000010 0.000010 0.207796 0.000010 0.000010 0.000010 0.000010 0.000010 0.000010 0.000010 0.000010
0.000010 0.314241 0.012209 0.000010 0.000010 0.056565 0.010549 0.000010 0.000010 0.053973 0.438666 0.000010 0.012173 0.000010 0.000010 0.005675 0.000010 0.026133 0.032376 0.037350
0.000010 0.348986 0.000010 0.000010 0.000010 0.000010 0.000010 0.000410 0.000010 0.000010 0.537389 0.000010 0.000013 0.000010 0.000010 0.050293 0.015101 0.000010 0.019713 0.027975
0.000010 0.000010 0.000010 0.008744 0.000010 0.000010 0.022287 0.000010 0.000010 0.000010 0.968799 0.000010 0.000010 0.000010 0.000010 0.000010 0.000010 0.000010 0.000010 0.000010
0.000019 0.576655 0.000010 0.000010 0.004809 0.000010 0.015864 0.000010 0.000010 0.000010 0.303808 0.000010 0.000010 0.006682 0.005149 0.066192 0.000010 0.020712 0.000010 0.000010
0.000010 0.000010 0.000010 0.000010 0.000010 0.000010 0.000010 0.000010 0.000010 0.000010 0.000010 0.000010 0.000010 0.000010 0.000010 0.990541 0.000010 0.000010 0.000010 0.009279
0.025532 0.242218 0.000010 0.007886 0.000010 0.000010 0.124670 0.000010 0.000010 0.000010 0.240991 0.000010 0.049372 0.000010 0.045468 0.212295 0.000010 0.051459 0.000010 0.000010
0.008758 0.526979 0.000010 0.282253 0.000010 0.000010 0.035313 0.000010 0.000010 0.000010 0.000010 0.000010 0.040558 0.000010 0.000010 0.018099 0.000010 0.000010 0.000010 0.087910
0.000010 0.124944 0.000339 0.000010 0.308678 0.000010 0.005145 0.000010 0.000010 0.000010 0.014283 0.000010 0.000010 0.000010 0.000010 0.141851 0.000010 0.000010 0.324065 0.080576
0.000010 0.000010 0.000010 0.000010 0.220603 0.000010 0.000010 0.000010 0.000010 0.000010 0.000010 0.000010 0.000010 0.000010 0.000010 0.213130 0.000010 0.000010 0.367370 0.198738
0.000010 0.000010 0.000010 0.000010 0.000010 0.000010 0.000010 0.999810 0.000010 0.000010 0.000010 0.000010 0.000010 0.000010 0.000010 0.000010 0.000010 0.000010 0.000010 0.000010
0.000010 0.716439 0.000010 0.000010 0.000010 0.000010 0.037345 0.000010 0.000010 0.000010 0.172944 0.000010 0.000010 0.000010 0.000010 0.000010 0.000010 0.048152 0.024969 0.000010
0.008130 0.134641 0.000010 0.000010 0.000010 0.000010 0.000010 0.000010 0.031856 0.000010 0.690272 0.000010 0.059228 0.000010 0.000010 0.000010 0.000010 0.042004 0.000010 0.033740
0.000010 0.000010 0.000010 0.000010 0.000010 0.000010 0.000010 0.000010 0.000010 0.000010 0.000010 0.000010 0.000010 0.000010 0.000010 0.000010 0.000010 0.000010 0.000010 0.999810
0.068481 0.332907 0.000010 0.000010 0.000010 0.000010 0.032643 0.000010 0.000010 0.000010 0.320782 0.000010 0.036077 0.000010 0.000010 0.000010 0.000010 0.027562 0.017349 0.164079
0.000010 0.000010 0.000010 0.000010 0.000010 0.000010 0.000010 0.000010 0.000010 0.401004 0.000010 0.000010 0.000010 0.000010 0.000010 0.000010 0.000010 0.000010 0.000010 0.598816
0.000010 0.000010 0.000010 0.000010 0.000010 0.000011 0.000010 0.000010 0.000010 0.297911 0.000010 0.000010 0.000010 0.000010 0.000010 0.000010 0.000010 0.000010 0.000010 0.701909
0.000010 0.000010 0.000010 0.000010 0.000010 0.000010 0.051797 0.000010 0.000010 0.000010 0.273930 0.000010 0.000010 0.000010 0.000010 0.000010 0.000010 0.674103 0.000010 0.000010
0.000010 0.000010 0.698684 0.000010 0.000010 0.000010 0.000010 0.273181 0.000010 0.000010 0.000010 0.000010 0.027965 0.000010 0.000010 0.000010 0.000010 0.000010 0.000010 0.000010
0.022435 0.000010 0.693950 0.003934 0.000010 0.000010 0.000010 0.239862 0.003491 0.000010 0.000010 0.036188 0.000010 0.000010 0.000010 0.000010 0.000010 0.000010 0.000010 0.000010
0.044516 0.072881 0.280146 0.026076 0.006016 0.000010 0.000010 0.123269 0.000010 0.000010 0.085034 0.029124 0.012153 0.098012 0.105613 0.034872 0.000010 0.082217 0.000010 0.000010
0.130945 0.230919 0.000010 0.024330 0.008270 0.019676 0.027416 0.005885 0.076273 0.058880 0.084330 0.000010 0.026026 0.000010 0.018349 0.182541 0.000010 0.106100 0.000010 0.000010
0.123012 0.304103 0.012385 0.017405 0.000010 0.000010 0.092954 0.000010 0.000010 0.015331 0.117044 0.000010 0.025384 0.000010 0.010948 0.154388 0.000010 0.111767 0.009433 0.005774
0.000010 0.000010 0.000010 0.000010 0.000010 0.000010 0.000010 0.000010 0.999810 0.000010 0.000010 0.000010 0.000010 0.000010 0.000010 0.000010 0.000010 0.000010 0.000010 0.000010
0.051407 0.160021 0.025338 0.000010 0.000010 0.000010 0.128764 0.000010 0.015840 0.000010 0.244167 0.036460 0.000010 0.000010 0.009889 0.267504 0.004418 0.056102 0.000010 0.000010
0.000010 0.000010 0.000010 0.000010 0.000010 0.000010 0.000010 0.000010 0.999810 0.000010 0.000010 0.000010 0.000010 0.000010 0.000010 0.000010 0.000010 0.000010 0.000010 0.000010
0.096192 0.257367 0.000010 0.048541 0.034772 0.000010 0.051080 0.000010 0.000010 0.039154 0.111845 0.000010 0.000010 0.000010 0.019000 0.205812 0.000010 0.136136 0.000010 0.000010
0.060333 0.021296 0.000010 0.011234 0.000010 0.000010 0.135963 0.000010 0.006980 0.021555 0.269496 0.000010 0.084607 0.000010 0.027940 0.276948 0.000010 0.083558 0.000010 0.000010
0.000010 0.000010 0.000010 0.999810 0.000010 0.000010 0.000010 0.000010 0.000010 0.000010 0.000010 0.000010 0.000010 0.000010 0.000010 0.000010 0.000010 0.000010 0.000010 0.000010
0.000010 0.000010 0.000010 0.016289 0.000010 0.000010 0.003447 0.000010 0.000010 0.128429 0.000010 0.000010 0.000010 0.000010 0.000010 0.000010 0.000010 0.009768 0.004041 0.837887
0.000010 0.677888 0.000010 0.000010 0.000010 0.000010 0.028632 0.000010 0.000010 0.000010 0.187228 0.000010 0.000010 0.000010 0.013917 0.083688 0.000010 0.000010 0.008509 0.000010
0.000010 0.604447 0.000010 0.000010 0.000010 0.042311 0.043380 0.000010 0.018623 0.000010 0.291089 0.000010 0.000010 0.000010 0.000010 0.000010 0.000010 0.000010 0.000010 0.000010
0.004363 0.065511 0.000010 0.000010 0.040053 0.076002 0.000010 0.000010 0.019732 0.000010 0.027866 0.000010 0.000010 0.000010 0.000010 0.012308 0.110969 0.019373 0.000010 0.623725
0.000010 0.148534 0.000010 0.000010 0.000010 0.000010 0.000010 0.000010 0.011686 0.000010 0.824867 0.000010 0.000010 0.000010 0.000010 0.000010 0.000010 0.014753 0.000010 0.000010
0.000010 0.456340 0.000010 0.008802 0.000010 0.072416 0.000010 0.000010 0.000010 0.000010 0.397372 0.000010 0.000010 0.000010 0.022351 0.000016 0.000010 0.029218 0.005670 0.007705
0.046427 0.151006 0.015541 0.001105 0.000010 0.049215 0.056581 0.000010 0.003592 0.000010 0.264846 0.000010 0.000010 0.000010 0.000010 0.000010 0.000010 0.008093 0.000010 0.403494
0.000010 0.462064 0.000010 0.000010 0.000010 0.002623 0.000010 0.000010 0.003035 0.000010 0.496587 0.000010 0.000010 0.000010 0.014883 0.000010 0.000010 0.000010 0.020668 0.000010
0.035916 0.453546 0.000010 0.035707 0.000010 0.060795 0.052934 0.000010 0.000010 0.000010 0.274325 0.000010 0.000010 0.000010 0.000010 0.026688 0.000010 0.038267 0.019164 0.002558
0.161146 0.000010 0.000010 0.088153 0.067702 0.000010 0.000010 0.000012 0.029906 0.000010 0.029708 0.000010 0.000010 0.013528 0.000010 0.223107 0.000010 0.000010 0.186475 0.200165
0.000010 0.000010 0.000010 0.000010 0.000010 0.000010 0.000010 0.610553 0.000010 0.000010 0.000010 0.000010 0.000010 0.000010 0.177339 0.000010 0.000010 0.000010 0.211939 0.000010
0.000010 0.000010 0.000010 0.005858 0.000010 0.000010 0.000010 0.000010 0.000010 0.134369 0.000010 0.000010 0.000010 0.000010 0.000010 0.218847 0.000010 0.000010 0.640767 0.000010
0.000010 0.000010 0.000010 0.023098 0.000010 0.019801 0.000010 0.000010 0.000010 0.089711 0.000010 0.000010 0.000010 0.000010 0.000010 0.000010 0.000010 0.001994 0.000010 0.865246
0.073616 0.024581 0.000010 0.025873 0.000010 0.048896 0.139052 0.000010 0.000010 0.047781 0.274870 0.000010 0.000010 0.000010 0.000010 0.305351 0.000010 0.059870 0.000010 0.000010
0.071236 0.279749 0.000010 0.000010 0.000010 0.012006 0.123072 0.000010 0.054055 0.000010 0.131872 0.000010 0.000010 0.025189 0.021936 0.242075 0.000010 0.036225 0.000010 0.002495
0.198730 0.038925 0.000010 0.038840 0.000010 0.082697 0.179447 0.000010 0.024240 0.061060 0.039601 0.000010 0.000010 0.000010 0.000010 0.210092 0.000010 0.075596 0.000010 0.050681
0.000010 0.849302 0.000010 0.110578 0.000010 0.018456 0.021504 0.000010 0.000010 0.000010 0.000010 0.000010 0.000010 0.000010 0.000010 0.000010 0.000010 0.000010 0.000010 0.000010
0.010768 0.581190 0.000010 0.000010 0.000010 0.034874 0.000010 0.000010 0.030970 0.000013 0.322064 0.000010 0.000010 0.000010 0.000010 0.018974 0.000010 0.000010 0.001026 0.000010
0.000010 0.784032 0.000010 0.061850 0.000010 0.000010 0.090916 0.000010 0.000010 0.020963 0.000010 0.000010 0.000010 0.000010 0.007119 0.000010 0.001444 0.005839 0.004759 0.022969
0.006479 0.349600 0.000010 0.031077 0.000010 0.000010 0.035054 0.000010 0.000010 0.000010 0.481860 0.000010 0.014023 0.000010 0.000010 0.043748 0.000010 0.038039 0.000010 0.000010
0.002012 0.219539 0.000010 0.010012 0.000010 0.000010 0.000010 0.000010 0.005059 0.000010 0.713865 0.000010 0.000010 0.000010 0.000010 0.000010 0.000010 0.000010 0.049372 0.000010
0.006974 0.388038 0.000010 0.000010 0.016616 0.043864 0.072064 0.000010 0.038633 0.000010 0.403629 0.007094 0.022978 0.000010 0.000010 0.000010 0.000010 0.000010 0.000010 0.000010
0.000010 0.000010 0.000010 0.000010 0.000010 0.000010 0.000010 0.999810 0.000010 0.000010 0.000010 0.000010 0.000010 0.000010 0.000010 0.000010 0.000010 0.000010 0.000010 0.000010
0.020413 0.625637 0.000010 0.000010 0.000010 0.009852 0.000010 0.000010 0.037397 0.000010 0.286941 0.000010 0.000010 0.000010 0.000010 0.000010 0.000010 0.000010 0.019620 0.000010
0.062058 0.083941 0.000010 0.027908 0.062011 0.041649 0.000010 0.000010 0.011803 0.000010 0.653102 0.000010 0.045328 0.000010 0.000010 0.008215 0.000010 0.000164 0.003730 0.000010
0.000010 0.243273 0.000010 0.007120 0.169457 0.000010 0.000010 0.000010 0.012284 0.007341 0.000010 0.000010 0.000010 0.000010 0.000010 0.000010 0.000010 0.000010 0.000010 0.560385
0.019770 0.161140 0.000010 0.016606 0.220787 0.000010 0.007313 0.000010 0.000010 0.008476 0.000010 0.000010 0.000010 0.000010 0.000010 0.000010 0.000010 0.000010 0.019157 0.546631
0.000010 0.252856 0.000010 0.742328 0.004646 0.000010 0.000010 0.000010 0.000010 0.000010 0.000010 0.000010 0.000010 0.000010 0.000010 0.000010 0.000010 0.000010 0.000010 0.000010
0.000010 0.000010 0.000010 0.000010 0.000010 0.043870 0.000010 0.000010 0.032392 0.032738 0.015974 0.000010 0.009270 0.000010 0.000010 0.000010 0.173916 0.000010 0.000010 0.691710
0.000010 0.000010 0.000010 0.000010 0.000010 0.000010 0.000010 0.999810 0.000010 0.000010 0.000010 0.000010 0.000010 0.000010 0.000010 0.000010 0.000010 0.000010 0.000010 0.000010
0.000010 0.000010 0.759537 0.026485 0.000010 0.000010 0.000010 0.000010 0.084737 0.000010 0.019607 0.000010 0.077298 0.018954 0.000010 0.000010 0.000010 0.013251 0.000010 0.000010
0.000010 0.000010 0.000010 0.038966 0.602374 0.011393 0.000227 0.000010 0.000010 0.013370 0.041585 0.000010 0.000010 0.000010 0.000010 0.000010 0.000010 0.000010 0.000010 0.291956
0.007476 0.257125 0.000010 0.062788 0.025053 0.000010 0.000010 0.000010 0.001123 0.247116 0.186597 0.000432 0.000010 0.000010 0.028357 0.028777 0.000010 0.023547 0.012599 0.118940
0.000010 0.000010 0.785931 0.000010 0.000010 0.000010 0.000010 0.000010 0.073934 0.000010 0.000010 0.087924 0.000010 0.000010 0.004531 0.000010 0.000010 0.029577 0.017963 0.000010
0.037843 0.043480 0.717586 0.029113 0.000010 0.000010 0.000010 0.000010 0.001551 0.000010 0.012785 0.085019 0.070271 0.000010 0.000010 0.000010 0.000010 0.000010 0.002242 0.000010
0.008311 0.002818 0.772404 0.000010 0.000010 0.000010 0.000010 0.028535 0.026537 0.003277 0.086539 0.000010 0.000010 0.062077 0.000010 0.000010 0.000010 0.000010 0.009392 0.000010
0.002912 0.000010 0.811357 0.000010 0.000010 0.000010 0.000817 0.000010 0.000010 0.053379 0.000010 0.013000 0.118394 0.000010 0.000010 0.000010 0.000010 0.000010 0.000010 0.000010
0.031756 0.000037 0.762582 0.000010 0.000010 0.000010 0.006018 0.029962 0.031589 0.000010 0.000010 0.093979 0.000010 0.010917 0.000010 0.003160 0.000010 0.029899 0.000010 0.000010
0.021207 0.143881 0.228627 0.014985 0.059549 0.026160 0.000010 0.000010 0.009601 0.282770 0.049823 0.020275 0.010045 0.000010 0.000010 0.000010 0.032742 0.000010 0.027844 0.072432
0.000010 0.000010 0.000010 0.000010 0.000010 0.000010 0.000010 0.000010 0.000010 0.000010 0.000010 0.000010 0.000010 0.000010 0.000010 0.000010 0.000010 0.999810 0.000010 0.000010
0.000010 0.000010 0.000010 0.000010 0.000010 0.000010 0.000010 0.000010 0.000010 0.000010 0.000010 0.000010 0.000010 0.000010 0.000010 0.000010 0.000010 0.999810 0.000010 0.000010
0.000293 0.341556 0.000010 0.007804 0.354438 0.033585 0.000010 0.000010 0.000010 0.098211 0.000010 0.000010 0.000010 0.017107 0.000010 0.021617 0.000010 0.026612 0.000010 0.098676
0.007716 0.000010 0.000010 0.000010 0.123905 0.051079 0.000010 0.000010 0.000010 0.000010 0.045511 0.017093 0.000010 0.000010 0.000010 0.000010 0.000010 0.000010 0.031252 0.723314
0.000010 0.000010 0.000010 0.000010 0.000010 0.000010 0.000010 0.000010 0.000010 0.000010 0.000010 0.000010 0.000010 0.000010 0.000010 0.000010 0.000010 0.999810 0.000010 0.000010
0.000010 0.712632 0.000010 0.021324 0.000010 0.000010 0.000010 0.000010 0.000010 0.265874 0.000010 0.000010 0.000010 0.000010 0.000010 0.000010 0.000010 0.000010 0.000010 0.000010
0.000010 0.000012 0.000010 0.000010 0.000010 0.000010 0.000010 0.000010 0.000010 0.000010 0.000010 0.000010 0.000010 0.000010 0.000010 0.000010 0.000010 0.999808 0.000010 0.000010
0.000010 0.663991 0.000010 0.033686 0.074817 0.004759 0.001642 0.000010 0.000010 0.066246 0.000010 0.000010 0.000010 0.000010 0.000010 0.000010 0.000010 0.036851 0.000010 0.117889
0.000010 0.000010 0.000010 0.000010 0.000010 0.000010 0.000010 0.000010 0.000010 0.000010 0.000010 0.000010 0.000010 0.000010 0.000010 0.000010 0.000010 0.000010 0.999810 0.000010
0.000010 0.117085 0.000010 0.000010 0.267446 0.000010 0.014605 0.000010 0.003607 0.000010 0.000010 0.000010 0.000010 0.000010 0.000010 0.000010 0.000010 0.000010 0.003251 0.593867
0.000010 0.000010 0.000010 0.000010 0.000010 0.000010 0.000010 0.000010 0.000010 0.000010 0.000010 0.000010 0.000010 0.000010 0.000010 0.000010 0.000010 0.570708 0.429112 0.000010
0.000010 0.000010 0.000010 0.000010 0.999810 0.000010 0.000010 0.000010 0.000010 0.000010 0.000010 0.000010 0.000010 0.000010 0.000010 0.000010 0.000010 0.000010 0.000010 0.000010
0.000010 0.679590 0.000010 0.029546 0.000010 0.000010 0.000010 0.000010 0.000010 0.223565 0.000010 0.000010 0.000010 0.000010 0.000010 0.000010 0.016599 0.050550 0.000010 0.000010
0.035012 0.638534 0.000010 0.015174 0.020218 0.000010 0.021676 0.000010 0.000010 0.090238 0.000010 0.000010 0.000010 0.000010 0.000010 0.000010 0.000010 0.027736 0.014163 0.137138
0.000010 0.128691 0.002463 0.000010 0.031593 0.016215 0.000010 0.000010 0.000010 0.000010 0.000010 0.000010 0.000010 0.000010 0.000010 0.013044 0.000010 0.008238 0.000010 0.799626
0.186904 0.082658 0.000010 0.003408 0.000010 0.000010 0.087351 0.000010 0.340751 0.016584 0.088527 0.035862 0.042377 0.000010 0.000010 0.063724 0.000010 0.051763 0.000010 0.000010
0.013606 0.251017 0.000010 0.010141 0.027394 0.083144 0.000010 0.000010 0.000010 0.065709 0.046197 0.000010 0.000010 0.000010 0.000010 0.008489 0.000010 0.000010 0.000010 0.494194
0.000010 0.100479 0.000010 0.014089 0.023906 0.000010 0.000010 0.000010 0.011448 0.091811 0.023181 0.000010 0.000010 0.000010 0.000010 0.000010 0.000010 0.000010 0.000010 0.734955
0.000010 0.000010 0.000010 0.000010 0.095618 0.000010 0.000010 0.000010 0.000010 0.000010 0.064563 0.000010 0.000010 0.000010 0.000010 0.000010 0.000010 0.006411 0.004967 0.828291
0.000010 0.704806 0.000010 0.051545 0.012985 0.013386 0.000010 0.000010 0.000010 0.085273 0.052652 0.000010 0.000010 0.000010 0.006450 0.000010 0.000010 0.019561 0.000010 0.053233
0.000010 0.000010 0.000010 0.000010 0.999810 0.000010 0.000010 0.000010 0.000010 0.000010 0.000010 0.000010 0.000010 0.000010 0.000010 0.000010 0.000010 0.000010 0.000010 0.000010
0.000010 0.000011 0.000010 0.000010 0.000010 0.000010 0.000010 0.000010 0.000010 0.000010 0.000010 0.000010 0.000010 0.000010 0.000010 0.000010 0.000010 0.000010 0.999809 0.000010
0.000010 0.000010 0.000010 0.000010 0.000010 0.000010 0.000010 0.000010 0.000010 0.000010 0.000010 0.000010 0.000010 0.000010 0.000010 0.000010 0.000010 0.000010 0.999810 0.000010
0.000010 0.162791 0.000010 0.018203 0.101512 0.000010 0.000010 0.000010 0.000010 0.000010 0.000010 0.000010 0.000010 0.000010 0.000010 0.000010 0.000010 0.003396 0.000010 0.713948
0.000010 0.000010 0.000010 0.000010 0.000010 0.000010 0.000010 0.000010 0.000010 0.000010 0.000010 0.000010 0.000010 0.000010 0.000010 0.000010 0.000010 0.000010 0.999810 0.000010
0.000010 0.000010 0.000010 0.000010 0.000010 0.000010 0.000010 0.000010 0.000010 0.333831 0.000010 0.000010 0.000010 0.000010 0.000010 0.000010 0.000010 0.000010 0.000010 0.665989
0.000010 0.000010 0.000010 0.000010 0.000010 0.000010 0.000010 0.000010 0.002345 0.000010 0.000010 0.000010 0.000010 0.000010 0.000010 0.000010 0.000010 0.000010 0.000010 0.997475
0.000010 0.000010 0.000010 0.000010 0.000010 0.000010 0.000010 0.000010 0.000010 0.000010 0.000010 0.000010 0.000010 0.000010 0.000010 0.000010 0.000010 0.000010 0.999810 0.000010
0.000010 0.000010 0.000010 0.000010 0.000010 0.000010 0.000010 0.000010 0.000010 0.000010 0.000010 0.000010 0.000010 0.000010 0.000010 0.000010 0.000010 0.000010 0.999810 0.000010
0.000010 0.000010 0.000012 0.000010 0.000011 0.000010 0.000010 0.000010 0.000010 0.000010 0.000010 0.000010 0.000016 0.000010 0.000010 0.000010 0.000010 0.000010 0.999802 0.000010
0.000010 0.000010 0.000010 0.000010 0.000010 0.000010 0.000010 0.000010 0.000010 0.000010 0.000010 0.000010 0.000010 0.000010 0.000010 0.000010 0.000010 0.000010 0.999810 0.000010
0.000010 0.009230 0.000010 0.000010 0.000010 0.000010 0.000010 0.000010 0.000010 0.000010 0.000010 0.000010 0.013489 0.000010 0.000010 0.149874 0.022084 0.000010 0.805173 0.000010
0.000010 0.930754 0.000010 0.000010 0.000010 0.000010 0.000010 0.000010 0.028044 0.000010 0.000010 0.000010 0.000010 0.000010 0.000010 0.000010 0.000010 0.000010 0.000010 0.041032
0.000010 0.972442 0.000010 0.000010 0.000010 0.000010 0.000010 0.000010 0.000010 0.000010 0.000010 0.000010 0.000010 0.000010 0.000010 0.000010 0.000010 0.000010 0.001810 0.025578
0.000010 0.000010 0.000010 0.000010 0.000010 0.000010 0.000010 0.000010 0.000010 0.000010 0.000010 0.000010 0.000010 0.000010 0.000010 0.000010 0.000010 0.000010 0.999810 0.000010
0.042172 0.024710 0.000010 0.000010 0.000010 0.114640 0.000010 0.000010 0.000010 0.050498 0.000010 0.000010 0.000010 0.000010 0.000010 0.000010 0.306145 0.000010 0.061808 0.399897
0.000010 0.000010 0.000010 0.045482 0.321328 0.000010 0.000010 0.000010 0.000010 0.060977 0.000010 0.000010 0.000010 0.000010 0.000010 0.000010 0.000010 0.015928 0.008664 0.547481
0.000010 0.000011 0.000010 0.000010 0.000010 0.000010 0.000010 0.000010 0.000010 0.000010 0.000010 0.000010 0.000010 0.000010 0.000010 0.000010 0.000010 0.000010 0.999809 0.000010
0.005466 0.000010 0.000010 0.000010 0.000010 0.000010 0.000010 0.000010 0.013531 0.000010 0.000010 0.000010 0.000010 0.000010 0.000010 0.037270 0.000010 0.000010 0.943572 0.000010
0.000010 0.000010 0.000010 0.000010 0.000010 0.000010 0.000010 0.000010 0.000010 0.000010 0.000010 0.000010 0.000010 0.000010 0.000010 0.000010 0.000010 0.000010 0.999810 0.000010
0.000010 0.330812 0.000010 0.232357 0.031565 0.075339 0.020052 0.000010 0.000010 0.100173 0.056001 0.000010 0.000010 0.000010 0.000010 0.064082 0.000010 0.013799 0.000010 0.075720
0.000010 0.986770 0.000010 0.000010 0.000010 0.000010 0.000010 0.000010 0.000010 0.000010 0.000010 0.000010 0.000010 0.000010 0.000010 0.000010 0.000010 0.000010 0.000010 0.013050
0.030233 0.892552 0.000010 0.008958 0.000010 0.000010 0.000010 0.000010 0.000010 0.007581 0.000010 0.000010 0.000010 0.000010 0.000010 0.000010 0.000010 0.000010 0.000010 0.060525
0.000010 0.986888 0.000010 0.011572 0.000010 0.000010 0.001370 0.000010 0.000010 0.000010 0.000010 0.000010 0.000010 0.000010 0.000010 0.000010 0.000010 0.000010 0.000010 0.000010
0.000010 0.000010 0.000010 0.000010 0.000010 0.000010 0.000010 0.000010 0.000010 0.000010 0.000010 0.000010 0.000010 0.000010 0.000010 0.143776 0.000010 0.000010 0.856044 0.000010
0.000010 0.000010 0.008476 0.000010 0.000010 0.000010 0.000010 0.233153 0.000010 0.000010 0.000010 0.200991 0.000010 0.000010 0.314222 0.000010 0.000010 0.000010 0.243007 0.000010
0.000010 0.000010 0.000010 0.000010 0.000010 0.000010 0.000010 0.000010 0.000010 0.000010 0.000010 0.000010 0.000010 0.000010 0.000010 0.000010 0.000010 0.000010 0.999810 0.000010
0.000010 0.000010 0.000010 0.000010 0.000010 0.000010 0.000010 0.000010 0.000010 0.000010 0.000010 0.000010 0.000010 0.000010 0.000010 0.000010 0.000010 0.000010 0.999810 0.000010
0.000010 0.000010 0.000010 0.000010 0.000010 0.000010 0.000010 0.000010 0.000010 0.000010 0.000010 0.000010 0.000010 0.000010 0.000010 0.000010 0.000010 0.000010 0.999810 0.000010
0.000010 0.000010 0.000010 0.000010 0.000010 0.000010 0.000010 0.000010 0.000010 0.000010 0.000010 0.000010 0.000010 0.000010 0.000010 0.000010 0.000010 0.000010 0.999810 0.000010
0.000010 0.000010 0.000010 0.000010 0.000010 0.000010 0.000010 0.000010 0.000010 0.000010 0.000010 0.000010 0.000010 0.000010 0.000010 0.000010 0.000010 0.000010 0.999810 0.000010
0.000010 0.000010 0.000010 0.000010 0.000010 0.000010 0.000010 0.000010 0.000010 0.000010 0.000010 0.000010 0.000010 0.000010 0.000010 0.000010 0.000010 0.000010 0.999810 0.000010
0.000010 0.000010 0.000010 0.318199 0.000010 0.000010 0.000010 0.000010 0.000010 0.445373 0.000010 0.000010 0.000010 0.000010 0.000010 0.072456 0.000010 0.003315 0.000010 0.160507
0.000010 0.000010 0.000010 0.000010 0.000010 0.000010 0.000010 0.000010 0.000010 0.000010 0.000010 0.000010 0.000010 0.000010 0.000010 0.000010 0.000010 0.000010 0.999810 0.000010
0.000010 0.000010 0.000010 0.000010 0.000010 0.000010 0.000010 0.000010 0.000011 0.000010 0.000010 0.000010 0.000010 0.031082 0.000010 0.065380 0.056053 0.000010 0.847323 0.000010
0.000010 0.073393 0.000010 0.000010 0.000010 0.022519 0.000010 0.000010 0.000010 0.039968 0.000010 0.000010 0.000010 0.000010 0.000010 0.000010 0.000010 0.000010 0.000010 0.863960
0.000010 0.000010 0.000010 0.000010 0.000010 0.000010 0.000010 0.000010 0.000010 0.000010 0.000010 0.000010 0.000010 0.000010 0.000010 0.213990 0.000010 0.000010 0.785830 0.000010
0.000010 0.000010 0.000010 0.020211 0.000010 0.035425 0.000010 0.000010 0.023039 0.000010 0.000010 0.000010 0.000010 0.000010 0.000010 0.076861 0.326218 0.000010 0.420267 0.097849
0.000010 0.000010 0.000010 0.000010 0.000010 0.000010 0.000010 0.000010 0.000010 0.000010 0.000010 0.000010 0.000010 0.000010 0.000010 0.000010 0.000010 0.000010 0.999810 0.000010
0.000010 0.000010 0.000010 0.000011 0.000010 0.000010 0.000015 0.000010 0.000010 0.000010 0.000010 0.000010 0.000010 0.000010 0.000010 0.000010 0.000010 0.000010 0.999804 0.000010
0.000010 0.000010 0.000012 0.000017 0.000010 0.000010 0.000010 0.000010 0.000010 0.000010 0.000010 0.000010 0.000010 0.000010 0.000010 0.000010 0.000010 0.000010 0.999801 0.000010
0.000010 0.000010 0.000010 0.000010 0.000010 0.000010 0.000010 0.000010 0.000010 0.000010 0.000010 0.000010 0.000010 0.000010 0.000010 0.000010 0.000010 0.000010 0.999810 0.000010
0.000010 0.000010 0.000010 0.009502 0.000010 0.000010 0.000010 0.000010 0.003102 0.000010 0.000010 0.005932 0.000010 0.004882 0.000010 0.000010 0.000010 0.000010 0.976432 0.000010
0.000010 0.000010 0.000010 0.000014 0.000010 0.000010 0.000020 0.000010 0.000011 0.000010 0.000010 0.000010 0.000010 0.000010 0.000010 0.000010 0.000010 0.000010 0.999795 0.000010
0.000010 0.000010 0.000010 0.999810 0.000010 0.000010 0.000010 0.000010 0.000010 0.000010 0.000010 0.000010 0.000010 0.000010 0.000010 0.000010 0.000010 0.000010 0.000010 0.000010
0.000010 0.000010 0.000010 0.000010 0.000010 0.000010 0.000010 0.000010 0.000010 0.000010 0.000010 0.000010 0.000010 0.999810 0.000010 0.000010 0.000010 0.000010 0.000010 0.000010
0.000010 0.000010 0.000010 0.000010 0.000010 0.000010 0.000010 0.000010 0.000010 0.000010 0.000010 0.000010 0.000010 0.999810 0.000010 0.000010 0.000010 0.000010 0.000010 0.000010
0.000010 0.000010 0.000010 0.000010 0.000014 0.000010 0.000010 0.000010 0.000010 0.000010 0.000010 0.000010 0.000010 0.999805 0.000010 0.000010 0.000010 0.000010 0.000010 0.000010
0.000010 0.000011 0.000010 0.000011 0.000010 0.000010 0.000010 0.000010 0.000010 0.000010 0.000010 0.000010 0.000010 0.000010 0.000010 0.000010 0.000010 0.000010 0.999807 0.000010
0.000010 0.000010 0.000010 0.000010 0.000010 0.000010 0.000010 0.000010 0.000010 0.000010 0.000010 0.000010 0.000010 0.000010 0.000010 0.000010 0.000010 0.000010 0.999810 0.000010
0.000010 0.000010 0.000010 0.000010 0.000010 0.000010 0.000010 0.000010 0.000010 0.000010 0.000010 0.000010 0.000010 0.999810 0.000010 0.000010 0.000010 0.000010 0.000010 0.000010
0.000010 0.000010 0.000010 0.000010 0.000010 0.000010 0.000010 0.000010 0.000010 0.000010 0.000010 0.000010 0.000010 0.999810 0.000010 0.000010 0.000010 0.000010 0.000010 0.000010
0.000010 0.000010 0.000010 0.000010 0.000010 0.000010 0.000010 0.000010 0.000010 0.000010 0.000010 0.000010 0.000010 0.999810 0.000010 0.000010 0.000010 0.000010 0.000010 0.000010
0.000010 0.000010 0.000010 0.000010 0.000010 0.000015 0.000010 0.000010 0.000010 0.000010 0.000010 0.000010 0.000010 0.000010 0.000010 0.000010 0.000010 0.000010 0.999805 0.000010
0.000010 0.000010 0.000010 0.000010 0.000010 0.000010 0.000010 0.000010 0.000010 0.000010 0.000010 0.000010 0.000010 0.000010 0.000010 0.000010 0.000010 0.000010 0.999810 0.000010
0.178078 0.000010 0.000010 0.000010 0.000010 0.000010 0.000010 0.000010 0.821742 0.000010 0.000010 0.000010 0.000010 0.000010 0.000010 0.000010 0.000010 0.000010 0.000010 0.000010
0.000010 0.000010 0.000010 0.000010 0.000010 0.000010 0.000010 0.000010 0.000010 0.000010 0.000010 0.000010 0.000010 0.000010 0.000010 0.000010 0.000018 0.000010 0.999802 0.000010
0.000010 0.000010 0.000010 0.000010 0.000010 0.000010 0.943835 0.000010 0.000010 0.000010 0.000010 0.000010 0.000010 0.000010 0.000010 0.000010 0.000010 0.000010 0.000010 0.055985
0.000010 0.000010 0.000010 0.000010 0.000010 0.000010 0.000010 0.000010 0.000010 0.000010 0.000010 0.000010 0.000010 0.000010 0.999810 0.000010 0.000010 0.000010 0.000010 0.000010
0.000010 0.000010 0.000010 0.000010 0.000010 0.000010 0.000010 0.000010 0.000010 0.000010 0.000010 0.000010 0.000010 0.000010 0.999810 0.000010 0.000010 0.000010 0.000010 0.000010
0.000010 0.150089 0.000010 0.000010 0.068297 0.185088 0.040948 0.000010 0.000010 0.000010 0.044950 0.000010 0.000010 0.000010 0.000010 0.000010 0.000010 0.002451 0.000010 0.508048
0.000010 0.000010 0.000010 0.000010 0.000010 0.000010 0.000010 0.000010 0.000010 0.000010 0.000010 0.000010 0.000010 0.000010 0.999810 0.000010 0.000010 0.000010 0.000010 0.000010
0.011494 0.000010 0.879467 0.018516 0.000010 0.000010 0.000010 0.000010 0.000018 0.000010 0.000010 0.031705 0.020375 0.000010 0.000010 0.000010 0.000010 0.034789 0.003517 0.000010
0.187031 0.027714 0.037166 0.000010 0.000010 0.000010 0.095597 0.000010 0.063752 0.132062 0.137110 0.011096 0.074481 0.000010 0.000010 0.105503 0.000010 0.128399 0.000010 0.000010
0.000010 0.008376 0.000010 0.024296 0.003179 0.112563 0.048036 0.000010 0.000010 0.000991 0.092323 0.020009 0.000010 0.000010 0.000010 0.000010 0.308463 0.000010 0.000010 0.381663
0.135145 0.029022 0.000010 0.023744 0.061842 0.052674 0.000010 0.000010 0.000010 0.000010 0.000010 0.000010 0.202885 0.444872 0.022425 0.000013 0.000010 0.017518 0.009770 0.000010
0.000010 0.000010 0.000010 0.000010 0.000010 0.000010 0.000010 0.000010 0.000010 0.000010 0.000010 0.000010 0.000010 0.000010 0.000010 0.000010 0.999810 0.000010 0.000010 0.000010
0.000010 0.000010 0.000010 0.000010 0.000010 0.000010 0.000010 0.000010 0.000010 0.000010 0.000010 0.000010 0.000010 0.000010 0.000010 0.000010 0.999810 0.000010 0.000010 0.000010
0.000010 0.000010 0.000010 0.000600 0.000010 0.000010 0.000010 0.000010 0.000010 0.211620 0.000010 0.000010 0.000010 0.000010 0.000010 0.000010 0.006357 0.000314 0.000010 0.780959
0.000010 0.000010 0.000010 0.000010 0.000010 0.000010 0.028283 0.000010 0.000010 0.000010 0.000010 0.000010 0.004906 0.000010 0.000010 0.256126 0.136122 0.000010 0.574414 0.000010
0.039989 0.416988 0.000010 0.074858 0.019348 0.022823 0.000010 0.011196 0.000010 0.000010 0.069897 0.011376 0.000010 0.000010 0.000010 0.000010 0.000010 0.000010 0.000010 0.333414
0.000010 0.059617 0.000010 0.000010 0.015177 0.000010 0.000010 0.000010 0.000010 0.041197 0.020190 0.000010 0.000010 0.000010 0.000010 0.014876 0.068265 0.000010 0.043307 0.737250
0.000010 0.000010 0.000010 0.000010 0.000010 0.000010 0.000010 0.000010 0.028060 0.000010 0.000010 0.000010 0.000010 0.000010 0.000010 0.000010 0.448173 0.000010 0.155193 0.368414
0.000010 0.000010 0.000010 0.000010 0.037119 0.062621 0.187882 0.000010 0.000010 0.000010 0.226804 0.000010 0.000010 0.000010 0.000010 0.054573 0.000010 0.430861 0.000010 0.000010
0.000010 0.120866 0.000010 0.006995 0.809347 0.000010 0.019129 0.000010 0.000010 0.028479 0.000010 0.000010 0.000010 0.000010 0.000010 0.000010 0.000010 0.000010 0.015044 0.000010
0.051110 0.491568 0.000010 0.031673 0.000010 0.000010 0.068122 0.000010 0.017119 0.246758 0.075856 0.000010 0.000010 0.000010 0.000010 0.000010 0.000010 0.000010 0.003896 0.013790
0.219225 0.039193 0.014734 0.000010 0.000010 0.000010 0.000010 0.000010 0.000010 0.050088 0.000010 0.000010 0.078284 0.598336 0.000010 0.000010 0.000010 0.000010 0.000010 0.000010
0.000010 0.000010 0.000010 0.000010 0.000010 0.000010 0.000010 0.000010 0.000010 0.000010 0.000010 0.000010 0.000010 0.000010 0.000010 0.000010 0.241454 0.000010 0.758366 0.000010
0.150783 0.025313 0.066115 0.000010 0.000297 0.000010 0.015232 0.000010 0.031987 0.022975 0.000010 0.000010 0.233034 0.454154 0.000010 0.000010 0.000010 0.000010 0.000010 0.000010
0.000010 0.000010 0.000010 0.000010 0.000010 0.000010 0.000010 0.000010 0.000010 0.000010 0.000010 0.000010 0.000010 0.999810 0.000010 0.000010 0.000010 0.000010 0.000010 0.000010
0.000010 0.375558 0.000010 0.079392 0.027925 0.055313 0.000010 0.000010 0.000010 0.024164 0.000010 0.000010 0.049826 0.000010 0.000010 0.000010 0.000010 0.003571 0.000010 0.384131
0.000010 0.000010 0.000010 0.000010 0.000010 0.000010 0.000010 0.000010 0.000010 0.502048 0.000010 0.000010 0.000010 0.000010 0.000010 0.000010 0.000010 0.000010 0.000010 0.497772
0.000010 0.000010 0.000010 0.000010 0.000010 0.000010 0.000010 0.000010 0.332320 0.000010 0.000010 0.667500 0.000010 0.000010 0.000010 0.000010 0.000010 0.000010 0.000010 0.000010
0.000010 0.000010 0.000010 0.000010 0.000010 0.000010 0.000010 0.000010 0.000010 0.428669 0.000010 0.000010 0.000010 0.000010 0.000010 0.087970 0.000010 0.000010 0.000010 0.483191
0.000010 0.000010 0.000010 0.000010 0.000010 0.000010 0.000010 0.000010 0.000010 0.380338 0.000010 0.000010 0.000010 0.000010 0.000010 0.000010 0.000010 0.000010 0.000010 0.619482
0.000010 0.000010 0.000010 0.010633 0.045941 0.000010 0.000010 0.007911 0.000010 0.072327 0.037947 0.002915 0.000010 0.000010 0.000010 0.006114 0.000010 0.000010 0.000010 0.816092
0.238950 0.030906 0.000010 0.000010 0.000010 0.103738 0.121077 0.000010 0.000010 0.007088 0.286896 0.000010 0.153916 0.000010 0.000010 0.000010 0.000010 0.033738 0.000010 0.023581
0.999808 0.000010 0.000010 0.000010 0.000010 0.000010 0.000010 0.000010 0.000010 0.000010 0.000010 0.000010 0.000010 0.000010 0.000012 0.000010 0.000010 0.000010 0.000010 0.000010
0.000010 0.053978 0.000010 0.130447 0.000010 0.006970 0.063869 0.000010 0.001607 0.237056 0.000010 0.000010 0.000010 0.000010 0.000010 0.000010 0.031112 0.030257 0.000010 0.444594
0.000010 0.000010 0.000010 0.000010 0.000010 0.000010 0.000010 0.000010 0.000010 0.000010 0.000010 0.000010 0.000010 0.999810 0.000010 0.000010 0.000010 0.000010 0.000010 0.000010
0.000010 0.000010 0.000010 0.000010 0.000010 0.000010 0.000010 0.000010 0.000010 0.999810 0.000010 0.000010 0.000010 0.000010 0.000010 0.000010 0.000010 0.000010 0.000010 0.000010
0.000010 0.093881 0.000010 0.000010 0.000010 0.114367 0.038534 0.000010 0.000010 0.029093 0.058949 0.000010 0.000010 0.000010 0.000010 0.000010 0.176865 0.000010 0.011307 0.476884
0.000010 0.000010 0.191084 0.000010 0.000010 0.045634 0.000010 0.000010 0.000360 0.000010 0.092107 0.012328 0.192266 0.273205 0.182141 0.007661 0.000010 0.000010 0.003114 0.000010
0.011878 0.287425 0.000010 0.016303 0.074499 0.000010 0.000010 0.000010 0.003761 0.537272 0.031264 0.011488 0.000010 0.000010 0.000010 0.000010 0.000010 0.026001 0.000010 0.000010
0.000010 0.000010 0.000010 0.000010 0.000010 0.000010 0.000010 0.000010 0.000010 0.000010 0.000010 0.000010 0.000010 0.000010 0.000010 0.000010 0.083541 0.000010 0.916279 0.000010
0.000010 0.000010 0.000010 0.030743 0.000010 0.000010 0.000010 0.000010 0.000010 0.414847 0.000010 0.000010 0.000010 0.000010 0.000010 0.000010 0.061966 0.000010 0.000010 0.492283
0.000010 0.000010 0.000010 0.008167 0.000010 0.000010 0.000010 0.000010 0.000010 0.458327 0.000010 0.000010 0.000010 0.000010 0.000010 0.000010 0.057351 0.000010 0.000010 0.475996
0.000010 0.000010 0.000010 0.000010 0.000010 0.000010 0.000010 0.000010 0.000010 0.560418 0.000010 0.000010 0.000010 0.000010 0.000010 0.000010 0.000010 0.000010 0.000010 0.439402
0.000010 0.000010 0.000010 0.007679 0.019848 0.000010 0.102055 0.000010 0.000010 0.037654 0.036638 0.000010 0.000010 0.000010 0.000010 0.000010 0.000010 0.022533 0.006876 0.766596
0.012168 0.034533 0.000010 0.000010 0.000010 0.618120 0.000010 0.000010 0.000010 0.000010 0.052227 0.000010 0.018567 0.000010 0.000010 0.000010 0.130870 0.000010 0.025476 0.107919
0.000010 0.000010 0.000010 0.073177 0.000010 0.000010 0.080503 0.000010 0.000010 0.680271 0.000010 0.000010 0.000010 0.000010 0.000010 0.000010 0.118125 0.000010 0.006499 0.041285
0.000010 0.000010 0.000010 0.000010 0.131925 0.075235 0.000010 0.000010 0.005300 0.000010 0.001685 0.000010 0.000010 0.000010 0.000010 0.000010 0.007595 0.000010 0.000010 0.778119
0.000010 0.000010 0.000010 0.000011 0.025313 0.000010 0.000010 0.000010 0.000010 0.000010 0.000010 0.000010 0.000010 0.000010 0.000010 0.000010 0.032242 0.000010 0.002077 0.940207
0.000010 0.121490 0.000010 0.207982 0.001877 0.000010 0.021397 0.000010 0.000010 0.536648 0.000010 0.000010 0.000010 0.000010 0.000010 0.000010 0.078641 0.031835 0.000010 0.000010
0.000010 0.000010 0.000010 0.000848 0.008180 0.000010 0.000010 0.000010 0.000010 0.028297 0.000010 0.000010 0.000010 0.000010 0.000010 0.000010 0.183685 0.000010 0.049356 0.729494
0.000010 0.000010 0.000010 0.097201 0.000010 0.000010 0.000010 0.000010 0.000010 0.712428 0.074376 0.000010 0.000010 0.000010 0.000010 0.000010 0.091196 0.000010 0.024650 0.000010
0.000010 0.049057 0.000010 0.004092 0.017820 0.000010 0.000010 0.000010 0.000010 0.129835 0.000010 0.000010 0.000010 0.006073 0.000010 0.000010 0.047538 0.019191 0.042672 0.683613
