0.298156 0.037739 0.384010 0.007226 0.000010 0.000010 0.211205 0.000010 0.000010 0.061594 0.000010 0.000010 0.000010
0.527993 0.000010 0.170708 0.000010 0.000010 0.020176 0.169788 0.044425 0.014388 0.027235 0.000010 0.000010 0.025237
0.355264 0.015444 0.355875 0.000010 0.044445 0.003638 0.135162 0.000010 0.000010 0.000010 0.037233 0.052890 0.000010
0.000010 0.001693 0.000010 0.061744 0.017576 0.000010 0.000010 0.000010 0.025288 0.893620 0.000010 0.000010 0.000010
0.635949 0.012894 0.185696 0.063554 0.000010 0.000010 0.000010 0.062193 0.000010 0.000010 0.000010 0.024142 0.015512
0.108088 0.000010 0.709584 0.026606 0.019580 0.000010 0.086164 0.007774 0.012232 0.014992 0.000010 0.014940 0.000010
0.000010 0.306507 0.229100 0.000010 0.029756 0.000010 0.026448 0.000010 0.020363 0.387755 0.000010 0.000010 0.000010
0.000010 0.000010 0.890315 0.000010 0.000010 0.000010 0.000010 0.000010 0.044023 0.012932 0.000010 0.000010 0.052639
0.449371 0.000010 0.051976 0.007164 0.020791 0.000010 0.330504 0.014571 0.000010 0.052729 0.000010 0.008262 0.064594
0.066212 0.000010 0.832538 0.000010 0.000010 0.000010 0.033082 0.000010 0.000010 0.015960 0.000010 0.000010 0.052127
0.225767 0.000010 0.631050 0.000010 0.000010 0.000010 0.065002 0.000010 0.000010 0.000017 0.000010 0.022877 0.055217
0.308156 0.013229 0.335240 0.014595 0.002333 0.000010 0.255452 0.000010 0.032050 0.000010 0.023402 0.015502 0.000010
0.088615 0.047988 0.000010 0.158051 0.159567 0.000010 0.359105 0.000010 0.052421 0.064024 0.017289 0.009309 0.043601
0.000010 0.042904 0.000010 0.030445 0.062253 0.000010 0.338251 0.000010 0.034201 0.457426 0.000010 0.023099 0.011372
0.047092 0.004665 0.891610 0.013784 0.000010 0.015723 0.000010 0.000010 0.000010 0.007668 0.000010 0.000010 0.019398
0.334827 0.051541 0.298469 0.038917 0.041662 0.034889 0.156942 0.000010 0.000010 0.000010 0.022564 0.000010 0.020150
0.162022 0.024325 0.655459 0.000010 0.013900 0.000010 0.079721 0.025069 0.000010 0.013173 0.000010 0.000010 0.026281
0.034186 0.226612 0.414058 0.000010 0.031372 0.000010 0.000010 0.000010 0.036169 0.257534 0.000010 0.000010 0.000010
0.000010 0.000010 0.272608 0.000010 0.021557 0.000010 0.000010 0.000010 0.047692 0.000010 0.000010 0.002400 0.655664
0.000010 0.000010 0.000010 0.011236 0.000010 0.893141 0.000010 0.039556 0.005371 0.000010 0.050617 0.000010 0.000010
0.000010 0.000010 0.015818 0.000010 0.000010 0.953646 0.000010 0.000010 0.019673 0.009430 0.001352 0.000010 0.000010
0.000010 0.000010 0.000010 0.000010 0.000010 0.999880 0.000010 0.000010 0.000010 0.000010 0.000010 0.000010 0.000010
0.000010 0.000010 0.011034 0.000010 0.009715 0.920793 0.000010 0.000776 0.043188 0.000010 0.014423 0.000010 0.000010
0.058388 0.029199 0.004775 0.008319 0.076978 0.056370 0.013318 0.026344 0.000010 0.692417 0.000010 0.018925 0.014948
0.000010 0.000010 0.000010 0.000010 0.000010 0.000010 0.000010 0.000010 0.000010 0.000409 0.000010 0.000010 0.999481
0.000010 0.000010 0.000010 0.000010 0.008024 0.926728 0.006929 0.013420 0.000010 0.000010 0.044820 0.000010 0.000010
0.830111 0.014267 0.000010 0.023264 0.021862 0.042173 0.000010 0.033140 0.008694 0.019713 0.006736 0.000010 0.000010
0.000010 0.000010 0.000010 0.000010 0.000010 0.964147 0.000010 0.006602 0.000010 0.017761 0.011399 0.000010 0.000010
0.191795 0.010721 0.076132 0.006098 0.057825 0.001902 0.532940 0.040659 0.000010 0.008329 0.000010 0.001649 0.071929
0.125121 0.000010 0.066553 0.000010 0.036732 0.005908 0.648092 0.016709 0.000010 0.057330 0.010506 0.000010 0.033009
0.000010 0.000010 0.000010 0.001182 0.000010 0.000010 0.931185 0.000897 0.022761 0.007799 0.000010 0.000010 0.036105
0.302673 0.000010 0.036283 0.000010 0.090361 0.000010 0.472144 0.027538 0.000010 0.000010 0.010013 0.000010 0.060928
0.073112 0.021814 0.018127 0.120608 0.238371 0.000010 0.246129 0.082260 0.004344 0.066487 0.058037 0.049164 0.021539
0.071165 0.000010 0.000010 0.141845 0.144962 0.000010 0.417168 0.052258 0.035950 0.001639 0.000010 0.000010 0.134964
0.354029 0.070810 0.121849 0.000010 0.000010 0.000930 0.084472 0.028228 0.280053 0.000010 0.029154 0.000010 0.030436
0.285934 0.000010 0.232660 0.000010 0.050796 0.014939 0.029031 0.000010 0.000010 0.349438 0.003451 0.027653 0.006060
0.145514 0.000010 0.296044 0.060136 0.003198 0.000010 0.025822 0.000010 0.000010 0.437590 0.000010 0.015977 0.015669
0.000010 0.000010 0.000010 0.000010 0.000010 0.000010 0.000010 0.000010 0.000010 0.000010 0.999880 0.000010 0.000010
0.310361 0.000010 0.000010 0.035489 0.057681 0.000010 0.446235 0.000010 0.066731 0.013590 0.000010 0.000010 0.069853
0.059199 0.000010 0.035828 0.059398 0.009956 0.000010 0.712979 0.043083 0.013049 0.019654 0.013788 0.010371 0.022675
0.000010 0.000010 0.999880 0.000010 0.000010 0.000010 0.000010 0.000010 0.000010 0.000010 0.000010 0.000010 0.000010
0.125589 0.025949 0.156711 0.040094 0.041324 0.014847 0.424191 0.027019 0.001571 0.016724 0.000010 0.029414 0.096555
0.245748 0.000010 0.654750 0.000010 0.042593 0.005753 0.006005 0.000010 0.000010 0.000010 0.000010 0.039133 0.005957
0.228251 0.012007 0.733822 0.000010 0.012073 0.000010 0.000010 0.000010 0.000576 0.010217 0.000401 0.000010 0.002602
0.042768 0.000010 0.000010 0.624185 0.000010 0.000010 0.275520 0.000010 0.002854 0.000010 0.000010 0.000010 0.054592
0.000010 0.000010 0.000010 0.008271 0.000010 0.664718 0.000010 0.002383 0.000010 0.000010 0.314970 0.000010 0.009578
0.043905 0.000010 0.000010 0.000010 0.000010 0.672445 0.000010 0.000010 0.008798 0.000010 0.274762 0.000010 0.000010
0.172159 0.000010 0.000010 0.059816 0.148654 0.246792 0.047614 0.125434 0.008220 0.000010 0.189101 0.000010 0.002170
0.237462 0.028782 0.000010 0.200793 0.112764 0.017669 0.177225 0.035645 0.023425 0.000010 0.018930 0.077933 0.069351
0.228650 0.000010 0.017367 0.248499 0.063124 0.027374 0.274823 0.015165 0.028368 0.043493 0.000010 0.000010 0.053107
0.000010 0.000010 0.000010 0.000010 0.000010 0.000011 0.000010 0.000010 0.000010 0.000010 0.000010 0.999878 0.000010
0.036663 0.091144 0.000010 0.142020 0.095637 0.032168 0.324924 0.104565 0.006529 0.000010 0.019341 0.014718 0.132271
0.000010 0.000010 0.000010 0.000010 0.000010 0.000010 0.000010 0.000010 0.000010 0.000010 0.000010 0.999880 0.000010
0.207834 0.004194 0.047085 0.215771 0.101303 0.000010 0.263767 0.025078 0.039721 0.000010 0.025703 0.010372 0.059154
0.037527 0.039254 0.000010 0.210483 0.117606 0.000010 0.358181 0.000010 0.008500 0.000010 0.054470 0.041559 0.132380
0.000010 0.000010 0.000010 0.000010 0.000010 0.000010 0.000010 0.000010 0.999880 0.000010 0.000010 0.000010 0.000010
0.000010 0.000010 0.858255 0.000010 0.000010 0.000010 0.016707 0.034561 0.038720 0.009052 0.028624 0.014020 0.000010
0.278188 0.014915 0.000010 0.018083 0.085684 0.000010 0.490301 0.000010 0.022373 0.029572 0.000010 0.000010 0.060833
0.301997 0.071350 0.000010 0.000010 0.022529 0.000010 0.454390 0.000010 0.000010 0.025744 0.000010 0.031467 0.092463
0.042379 0.155767 0.645518 0.000010 0.008836 0.000010 0.038370 0.000010 0.017436 0.030787 0.000010 0.039365 0.021503
0.140422 0.000021 0.000010 0.024122 0.000010 0.000010 0.799938 0.000010 0.000010 0.000010 0.016336 0.019090 0.000010
0.253952 0.025939 0.072860 0.000010 0.062304 0.000010 0.503273 0.000010 0.035424 0.024449 0.000010 0.000010 0.021750
0.000010 0.000010 0.434841 0.017325 0.007271 0.035682 0.368099 0.000010 0.036327 0.007509 0.000010 0.028767 0.064138
0.245503 0.000010 0.026438 0.000010 0.072237 0.000010 0.628679 0.000010 0.002096 0.010862 0.014124 0.000010 0.000010
0.178223 0.051550 0.042173 0.068762 0.051635 0.000010 0.454170 0.024014 0.027894 0.017066 0.015828 0.000010 0.068666
0.040618 0.059076 0.186291 0.154498 0.024135 0.020723 0.058498 0.000010 0.086598 0.216106 0.039360 0.062274 0.051814
0.000010 0.000010 0.000010 0.000010 0.183238 0.000010 0.000010 0.000010 0.000010 0.241957 0.574704 0.000010 0.000010
0.119548 0.019774 0.000010 0.037602 0.025192 0.000010 0.017808 0.053605 0.027158 0.679145 0.020127 0.000010 0.000010
0.011665 0.051322 0.842739 0.000010 0.015366 0.000010 0.000010 0.000010 0.031370 0.010660 0.025359 0.000010 0.011470
0.128248 0.050483 0.000010 0.172914 0.131265 0.000010 0.328569 0.023554 0.025628 0.000010 0.000010 0.000010 0.139287
0.222642 0.000010 0.061266 0.134176 0.132314 0.035006 0.196297 0.034032 0.000010 0.000579 0.000010 0.074197 0.109461
0.154484 0.000014 0.058002 0.274163 0.082360 0.007148 0.127499 0.020225 0.030815 0.000010 0.000010 0.052372 0.192897
0.581757 0.043683 0.020505 0.000010 0.014647 0.000010 0.145339 0.022213 0.128577 0.000010 0.000010 0.034867 0.008372
0.344676 0.018680 0.063319 0.015065 0.039845 0.000010 0.473048 0.000010 0.000010 0.014594 0.005455 0.025280 0.000010
0.447694 0.059478 0.055963 0.015841 0.032967 0.000010 0.212405 0.000010 0.093991 0.024527 0.000010 0.000010 0.057094
0.119307 0.000010 0.021022 0.034771 0.048585 0.000010 0.650559 0.031323 0.034709 0.000010 0.027729 0.000010 0.031956
0.134656 0.000010 0.012203 0.000010 0.000010 0.000010 0.709042 0.000010 0.037597 0.027056 0.000010 0.049360 0.030026
0.152750 0.000010 0.046109 0.006526 0.041196 0.029241 0.538794 0.000010 0.031778 0.000010 0.037671 0.034453 0.081452
0.000010 0.000010 0.000010 0.000010 0.000010 0.000010 0.000010 0.000010 0.000010 0.000010 0.999880 0.000010 0.000010
0.253050 0.002725 0.062955 0.008820 0.048336 0.000010 0.544181 0.024375 0.000010 0.023477 0.000010 0.019401 0.012650
0.093914 0.001510 0.035638 0.070188 0.000010 0.010687 0.690054 0.000010 0.036401 0.021055 0.010203 0.021686 0.008645
0.200574 0.000010 0.662952 0.000010 0.015966 0.003899 0.068464 0.000010 0.000015 0.029195 0.011925 0.006970 0.000010
0.217052 0.001640 0.656174 0.013427 0.002413 0.000010 0.024600 0.000010 0.025271 0.027368 0.005161 0.008511 0.018364
0.104811 0.046943 0.034185 0.000010 0.000010 0.000010 0.044573 0.044015 0.725404 0.000010 0.000010 0.000010 0.000010
0.078645 0.185795 0.679310 0.000010 0.000010 0.000010 0.000010 0.000010 0.000010 0.046751 0.000010 0.009419 0.000010
0.000010 0.000010 0.000010 0.000010 0.000010 0.000010 0.000010 0.000010 0.000010 0.000010 0.999880 0.000010 0.000010
0.005844 0.000010 0.000010 0.037062 0.000010 0.718917 0.049858 0.092134 0.009767 0.000010 0.005975 0.080392 0.000010
0.323948 0.000010 0.582349 0.000010 0.017000 0.000010 0.000010 0.000010 0.037354 0.014904 0.000010 0.000010 0.024376
0.353962 0.000010 0.153533 0.114639 0.107367 0.009779 0.176572 0.000010 0.072395 0.002640 0.000010 0.009072 0.000010
0.000010 0.000010 0.000010 0.000010 0.014145 0.782734 0.005146 0.052704 0.000010 0.019412 0.064501 0.050893 0.010415
0.031474 0.000010 0.007863 0.005157 0.000010 0.804015 0.030600 0.025265 0.049526 0.017829 0.025609 0.002632 0.000010
0.112313 0.000010 0.000010 0.000010 0.032448 0.725469 0.000010 0.081807 0.000010 0.000010 0.015413 0.032479 0.000010
0.076208 0.000010 0.000010 0.009838 0.000010 0.794303 0.000010 0.032878 0.007765 0.000010 0.071839 0.000010 0.007109
0.025400 0.000010 0.000010 0.045241 0.000010 0.774131 0.030824 0.060569 0.002863 0.000010 0.021705 0.029138 0.010089
0.348777 0.104930 0.111403 0.043909 0.029413 0.277933 0.046505 0.000010 0.000010 0.025435 0.004691 0.000010 0.006975
0.000010 0.000010 0.000010 0.999880 0.000010 0.000010 0.000010 0.000010 0.000010 0.000010 0.000010 0.000010 0.000010
0.000010 0.000010 0.000010 0.999880 0.000010 0.000010 0.000010 0.000010 0.000010 0.000010 0.000010 0.000010 0.000010
0.435499 0.035670 0.328945 0.046895 0.050376 0.000010 0.066623 0.035791 0.000010 0.000010 0.000010 0.000010 0.000149
0.000010 0.095110 0.796352 0.000010 0.000010 0.024923 0.000010 0.000010 0.000010 0.057465 0.026070 0.000010 0.000010
0.000010 0.000010 0.000010 0.999880 0.000010 0.000010 0.000010 0.000010 0.000010 0.000010 0.000010 0.000010 0.000010
0.882129 0.000010 0.000010 0.049710 0.000010 0.000010 0.016461 0.000010 0.039237 0.009277 0.000010 0.000010 0.003117
0.000010 0.000010 0.000010 0.951022 0.000010 0.000010 0.047737 0.000010 0.000010 0.001142 0.000010 0.000010 0.000010
0.533013 0.033314 0.162042 0.000010 0.000010 0.000010 0.159978 0.000010 0.047928 0.000010 0.000010 0.024133 0.039532
0.000010 0.000010 0.000010 0.000010 0.000010 0.000010 0.000010 0.000010 0.000010 0.999880 0.000010 0.000010 0.000010
0.175167 0.000010 0.735460 0.015630 0.000010 0.000010 0.000010 0.000010 0.000010 0.002915 0.000010 0.012525 0.058234
0.000010 0.000010 0.008597 0.538338 0.019855 0.000010 0.000010 0.000010 0.000010 0.433120 0.000010 0.000010 0.000010
0.447114 0.000010 0.470025 0.000010 0.000010 0.000010 0.000010 0.000010 0.000010 0.032528 0.000010 0.050243 0.000010
0.706243 0.000010 0.025730 0.023609 0.013259 0.000010 0.062176 0.000010 0.064080 0.032115 0.019496 0.029812 0.023449
0.489990 0.048277 0.192222 0.030352 0.000010 0.000010 0.149319 0.020515 0.025835 0.018271 0.000010 0.000010 0.025179
0.087924 0.040453 0.809391 0.006637 0.000010 0.000010 0.037480 0.018046 0.000010 0.000010 0.000010 0.000010 0.000010
0.022792 0.000010 0.000010 0.233593 0.039730 0.011382 0.119799 0.056615 0.001847 0.000010 0.045744 0.344319 0.124149
0.245379 0.110736 0.511259 0.006179 0.000010 0.000010 0.077944 0.000010 0.022461 0.000010 0.000010 0.000010 0.025982
0.150067 0.026326 0.713977 0.000010 0.000010 0.000010 0.046612 0.000010 0.014876 0.000010 0.000010 0.035626 0.012455
0.000010 0.000010 0.884027 0.000010 0.000010 0.000010 0.079498 0.000010 0.000010 0.020181 0.000010 0.000010 0.016204
0.499446 0.055155 0.091435 0.037796 0.000576 0.000010 0.244487 0.000010 0.057919 0.000010 0.000224 0.012922 0.000010
0.405864 0.000010 0.485322 0.046040 0.019452 0.000010 0.000010 0.000010 0.000010 0.025738 0.000010 0.017513 0.000010
0.000010 0.000010 0.000010 0.000010 0.000010 0.000010 0.000010 0.000010 0.000010 0.999880 0.000010 0.000010 0.000010
0.000010 0.000010 0.000010 0.000010 0.000010 0.000010 0.000010 0.000010 0.000010 0.999880 0.000010 0.000010 0.000010
0.123715 0.000010 0.790324 0.013559 0.000010 0.002212 0.030899 0.000010 0.029787 0.000010 0.009444 0.000010 0.000010
0.000010 0.000010 0.000010 0.000010 0.000010 0.000010 0.000010 0.000010 0.000010 0.999880 0.000010 0.000010 0.000010
0.152314 0.073641 0.709202 0.000010 0.022665 0.002101 0.000010 0.000010 0.000010 0.000010 0.000010 0.023782 0.016234
0.000010 0.000010 0.999880 0.000010 0.000010 0.000010 0.000010 0.000010 0.000010 0.000010 0.000010 0.000010 0.000010
0.000010 0.000010 0.000010 0.000010 0.000010 0.000010 0.000010 0.000010 0.000010 0.999880 0.000010 0.000010 0.000010
0.000010 0.000010 0.000010 0.000010 0.000010 0.000010 0.000010 0.000010 0.000010 0.999880 0.000010 0.000010 0.000010
0.000010 0.000010 0.000010 0.000010 0.000010 0.000010 0.000010 0.000010 0.000010 0.999880 0.000010 0.000010 0.000010
0.000010 0.000010 0.000010 0.000010 0.013424 0.000010 0.000010 0.000010 0.000010 0.986466 0.000010 0.000010 0.000010
0.028587 0.000010 0.000010 0.000010 0.014164 0.000010 0.050069 0.033907 0.000011 0.844743 0.028460 0.000010 0.000010
0.629065 0.000010 0.094530 0.000010 0.019503 0.048968 0.103009 0.000010 0.000010 0.028626 0.000010 0.055534 0.020715
0.638376 0.054443 0.066721 0.000010 0.000010 0.000010 0.127553 0.002374 0.000617 0.031781 0.000010 0.002859 0.075236
0.000010 0.000010 0.000010 0.000010 0.000010 0.000010 0.000010 0.000010 0.000010 0.999880 0.000010 0.000010 0.000010
0.161717 0.269060 0.376700 0.000010 0.034048 0.000010 0.000010 0.000010 0.000010 0.138715 0.019689 0.000010 0.000010
0.263075 0.000010 0.668893 0.000010 0.000010 0.000010 0.000010 0.000010 0.033574 0.018618 0.000010 0.000010 0.015761
0.000010 0.000010 0.000010 0.000010 0.000010 0.000010 0.000010 0.000010 0.000010 0.999880 0.000010 0.000010 0.000010
0.000010 0.001791 0.000010 0.000010 0.023217 0.000010 0.000010 0.004090 0.015111 0.937844 0.000010 0.017876 0.000010
0.000010 0.000010 0.000010 0.000010 0.000010 0.000010 0.000010 0.000010 0.000010 0.999880 0.000010 0.000010 0.000010
0.205173 0.095273 0.108047 0.000010 0.047813 0.000010 0.200956 0.040320 0.226894 0.005091 0.053092 0.000722 0.016599
0.610733 0.000010 0.118763 0.000010 0.000010 0.000010 0.187907 0.000010 0.031928 0.050589 0.000010 0.000010 0.000010
0.632080 0.000010 0.083453 0.000010 0.000010 0.000010 0.169759 0.024329 0.031225 0.023833 0.000010 0.000010 0.035263
0.616802 0.003676 0.016455 0.000010 0.000010 0.000010 0.287995 0.000010 0.033368 0.030330 0.000010 0.000010 0.011314
0.000010 0.000010 0.033991 0.013626 0.020153 0.000010 0.000010 0.000010 0.000010 0.889805 0.000010 0.000010 0.042345
0.000010 0.000010 0.046356 0.000010 0.070208 0.275028 0.000010 0.000010 0.000010 0.402708 0.205619 0.000010 0.000010
0.000010 0.000010 0.000010 0.000010 0.000010 0.000010 0.000010 0.000010 0.000010 0.999880 0.000010 0.000010 0.000010
0.000010 0.000010 0.000010 0.000010 0.000010 0.000010 0.000010 0.000010 0.000010 0.999880 0.000010 0.000010 0.000010
0.000010 0.000010 0.000010 0.000010 0.000010 0.000010 0.000010 0.000010 0.000010 0.999880 0.000010 0.000010 0.000010
0.000010 0.000010 0.000010 0.000010 0.000010 0.000010 0.000010 0.000010 0.000010 0.999880 0.000010 0.000010 0.000010
0.000010 0.000010 0.000010 0.000010 0.000010 0.000010 0.000010 0.000010 0.000010 0.999880 0.000010 0.000010 0.000010
0.000010 0.000010 0.000010 0.000010 0.000010 0.000010 0.000010 0.000010 0.000010 0.999880 0.000010 0.000010 0.000010
0.237681 0.000010 0.204629 0.000010 0.000010 0.000010 0.111798 0.045262 0.301524 0.033055 0.045777 0.000010 0.020224
0.000010 0.000010 0.000010 0.000010 0.000010 0.000010 0.000010 0.000010 0.000010 0.999880 0.000010 0.000010 0.000010
0.000010 0.042746 0.000010 0.014753 0.004512 0.000010 0.000371 0.047938 0.000010 0.875898 0.010536 0.003196 0.000010
0.091243 0.008087 0.860391 0.000010 0.000010 0.000010 0.014037 0.004652 0.006841 0.000010 0.014689 0.000010 0.000010
0.000010 0.002757 0.000010 0.024784 0.045691 0.023870 0.000010 0.024948 0.033994 0.816654 0.000010 0.025950 0.001313
0.000010 0.237883 0.083597 0.000010 0.069217 0.000010 0.007142 0.000010 0.056260 0.503915 0.000010 0.000010 0.041926
0.000010 0.000010 0.000010 0.000010 0.000010 0.000010 0.000010 0.000010 0.000010 0.999880 0.000010 0.000010 0.000010
0.000010 0.000010 0.000010 0.000010 0.000010 0.000010 0.000010 0.000010 0.000010 0.999880 0.000010 0.000010 0.000010
0.000010 0.000010 0.000010 0.000010 0.000010 0.000010 0.000010 0.000010 0.000010 0.999880 0.000010 0.000010 0.000010
0.000010 0.000010 0.000010 0.000010 0.000010 0.000010 0.000010 0.000010 0.000010 0.999880 0.000010 0.000010 0.000010
0.000010 0.000010 0.000010 0.000010 0.000010 0.000010 0.000010 0.002910 0.022441 0.974550 0.000010 0.000010 0.000010
0.000010 0.000010 0.000010 0.000010 0.000010 0.000017 0.000010 0.000010 0.000010 0.999873 0.000010 0.000010 0.000010
0.000010 0.000010 0.000010 0.000010 0.000010 0.000010 0.000010 0.000010 0.999880 0.000010 0.000010 0.000010 0.000010
0.000010 0.000010 0.000010 0.000010 0.000010 0.000010 0.000010 0.999880 0.000010 0.000010 0.000010 0.000010 0.000010
0.000010 0.000010 0.000010 0.000010 0.000010 0.000010 0.000010 0.999880 0.000010 0.000010 0.000010 0.000010 0.000010
0.000010 0.000010 0.000010 0.000010 0.000010 0.000010 0.000010 0.999880 0.000010 0.000010 0.000010 0.000010 0.000010
0.000010 0.000010 0.000010 0.000010 0.000010 0.000010 0.000010 0.000010 0.000010 0.999880 0.000010 0.000010 0.000010
0.000010 0.000010 0.000010 0.000010 0.000010 0.000010 0.000010 0.000010 0.000010 0.999880 0.000010 0.000010 0.000010
0.000010 0.000010 0.000010 0.000010 0.000010 0.000010 0.000010 0.999880 0.000010 0.000010 0.000010 0.000010 0.000010
0.000010 0.000010 0.010572 0.000010 0.000010 0.000010 0.000010 0.989318 0.000010 0.000010 0.000010 0.000010 0.000010
0.000010 0.000010 0.000010 0.000010 0.000010 0.000010 0.000010 0.999880 0.000010 0.000010 0.000010 0.000010 0.000010
0.000010 0.000010 0.000010 0.000010 0.000010 0.000010 0.000010 0.000010 0.000010 0.999880 0.000010 0.000010 0.000010
0.000010 0.000010 0.000010 0.000010 0.000010 0.000010 0.000010 0.000010 0.000010 0.999880 0.000010 0.000010 0.000010
0.000010 0.000010 0.000010 0.190074 0.000010 0.000010 0.000010 0.000010 0.000010 0.000010 0.000010 0.809816 0.000010
0.000010 0.000010 0.000010 0.000010 0.000010 0.000010 0.000010 0.000010 0.000010 0.999880 0.000010 0.000010 0.000010
0.000010 0.000010 0.093067 0.000010 0.000010 0.000010 0.000010 0.000010 0.000010 0.000010 0.000010 0.000010 0.906823
0.000010 0.000010 0.000010 0.000010 0.999880 0.000010 0.000010 0.000010 0.000010 0.000010 0.000010 0.000010 0.000010
0.000010 0.000010 0.000010 0.000010 0.967050 0.000010 0.000010 0.000010 0.000010 0.032840 0.000010 0.000010 0.000010
0.102432 0.147065 0.577345 0.008620 0.000010 0.000010 0.106770 0.000010 0.000010 0.000010 0.000010 0.001012 0.056697
0.000010 0.000010 0.000010 0.000010 0.999880 0.000010 0.000010 0.000010 0.000010 0.000010 0.000010 0.000010 0.000010
0.000010 0.000010 0.001066 0.000010 0.000010 0.920648 0.000010 0.000010 0.007835 0.007025 0.000010 0.000010 0.063346
0.078003 0.000010 0.000010 0.279519 0.072951 0.105405 0.148678 0.025709 0.018901 0.013966 0.054679 0.097809 0.104359
0.027128 0.289162 0.376428 0.000010 0.000010 0.001297 0.121161 0.000010 0.024885 0.067723 0.024440 0.000010 0.067736
0.046358 0.076613 0.021905 0.158998 0.050530 0.034118 0.023031 0.526943 0.010160 0.007935 0.043388 0.000010 0.000010
0.019713 0.670561 0.000010 0.000010 0.000010 0.000010 0.000010 0.000010 0.000010 0.309625 0.000010 0.000010 0.000010
0.000010 0.666546 0.000010 0.000010 0.000010 0.000010 0.000010 0.000010 0.000010 0.333344 0.000010 0.000010 0.000010
0.156544 0.037724 0.787159 0.000010 0.000010 0.000010 0.000010 0.009929 0.000010 0.000010 0.008565 0.000010 0.000010
0.013418 0.004110 0.000010 0.009883 0.040818 0.006452 0.036453 0.062154 0.016053 0.674372 0.031419 0.016581 0.088277
0.257891 0.023752 0.354182 0.026843 0.000010 0.000010 0.176434 0.007807 0.042720 0.032969 0.048118 0.011760 0.017504
0.111535 0.030262 0.760926 0.002736 0.003410 0.000010 0.000010 0.000010 0.010520 0.065207 0.015354 0.000010 0.000010
0.069071 0.172173 0.388269 0.000010 0.045833 0.000010 0.000010 0.000010 0.000010 0.297224 0.000010 0.027361 0.000010
0.196081 0.000010 0.000010 0.374466 0.043177 0.000010 0.242903 0.000010 0.001044 0.000010 0.000010 0.000010 0.142259
0.487230 0.000010 0.357404 0.000010 0.000010 0.000010 0.000010 0.000010 0.005233 0.046954 0.016451 0.043351 0.043317
0.589676 0.000010 0.015037 0.031629 0.000010 0.000010 0.158971 0.000010 0.047065 0.000010 0.000010 0.043118 0.114443
0.052544 0.000010 0.022663 0.143323 0.041095 0.097436 0.000010 0.586148 0.000010 0.000990 0.000010 0.016651 0.039111
0.000010 0.031985 0.000355 0.000010 0.046503 0.000010 0.018208 0.034960 0.000010 0.865362 0.002567 0.000010 0.000010
0.102559 0.050647 0.000010 0.114812 0.009861 0.160807 0.000010 0.534211 0.000010 0.000010 0.000010 0.027043 0.000010
0.000010 0.000010 0.000010 0.000010 0.000010 0.000010 0.000010 0.999880 0.000010 0.000010 0.000010 0.000010 0.000010
0.335045 0.084448 0.393145 0.007391 0.004560 0.023259 0.077679 0.000010 0.059523 0.000010 0.014908 0.000010 0.000010
0.326607 0.000010 0.582915 0.042804 0.017131 0.000011 0.000010 0.000010 0.000010 0.000010 0.000010 0.030462 0.000010
0.000010 0.000010 0.000010 0.000010 0.000010 0.650477 0.000010 0.000010 0.000010 0.000010 0.000010 0.349413 0.000010
0.303527 0.012261 0.516553 0.000010 0.005722 0.029049 0.000010 0.005831 0.036605 0.015821 0.007750 0.025159 0.041702
0.242684 0.000010 0.684252 0.014374 0.000010 0.000010 0.000010 0.013112 0.000010 0.016227 0.007298 0.000010 0.021992
0.041716 0.000010 0.858045 0.000010 0.007934 0.000010 0.033496 0.000010 0.043807 0.000010 0.014931 0.000010 0.000010
0.101383 0.215232 0.010011 0.228220 0.000010 0.043719 0.233094 0.043740 0.000010 0.000010 0.045158 0.000010 0.079402
0.000010 0.000010 0.000010 0.999880 0.000010 0.000010 0.000010 0.000010 0.000010 0.000010 0.000010 0.000010 0.000010
0.139519 0.000010 0.482419 0.023078 0.012671 0.000010 0.047654 0.000010 0.148991 0.029946 0.018905 0.025512 0.071274
0.000010 0.000010 0.000010 0.000010 0.000010 0.000010 0.000010 0.999880 0.000010 0.000010 0.000010 0.000010 0.000010
0.728430 0.048166 0.000010 0.100497 0.000010 0.009938 0.000010 0.000010 0.066283 0.009012 0.037614 0.000010 0.000010
0.097100 0.267372 0.472295 0.000010 0.022893 0.000010 0.055132 0.000010 0.000010 0.053209 0.000010 0.000010 0.031939
0.000010 0.044138 0.000010 0.000010 0.187238 0.242307 0.115473 0.352215 0.000010 0.012729 0.017341 0.028509 0.000010
0.611705 0.000010 0.063493 0.096489 0.000010 0.008964 0.080102 0.029078 0.018597 0.002384 0.047040 0.042118 0.000010
0.000010 0.000010 0.000010 0.000010 0.000010 0.000010 0.000010 0.000010 0.000010 0.999880 0.000010 0.000010 0.000010
0.156985 0.139879 0.515003 0.000010 0.016582 0.000010 0.000010 0.000010 0.032122 0.029426 0.040974 0.000010 0.068978
0.227714 0.112528 0.526850 0.000010 0.011499 0.000010 0.000010 0.000010 0.047148 0.010571 0.008122 0.000010 0.055518
0.349807 0.023033 0.492724 0.063666 0.000010 0.000010 0.000010 0.000010 0.000010 0.023214 0.042188 0.005309 0.000010
0.078650 0.000010 0.734726 0.000010 0.000010 0.000010 0.026774 0.000010 0.000010 0.021957 0.020335 0.000010 0.117488
0.000010 0.593493 0.153390 0.007654 0.000010 0.000010 0.131473 0.025220 0.000010 0.063235 0.006601 0.000010 0.018884
0.389837 0.065756 0.115549 0.004524 0.041691 0.000010 0.055083 0.067838 0.088306 0.030352 0.012211 0.026452 0.102390
0.068839 0.026140 0.847528 0.000010 0.000010 0.000010 0.000010 0.000010 0.000010 0.000010 0.000010 0.057403 0.000010
0.000010 0.000010 0.970967 0.000010 0.000010 0.000010 0.000010 0.000010 0.000010 0.028923 0.000010 0.000010 0.000010
0.430827 0.094581 0.072314 0.038161 0.023556 0.000010 0.029332 0.039907 0.246564 0.012956 0.000010 0.000010 0.011772
0.044439 0.109059 0.689826 0.000010 0.000010 0.000010 0.006501 0.000010 0.015622 0.134483 0.000010 0.000010 0.000010
0.431835 0.057384 0.012951 0.001138 0.032709 0.000010 0.170647 0.030827 0.122531 0.072676 0.035429 0.031855 0.000010
0.141971 0.021301 0.718014 0.028187 0.010050 0.007992 0.000010 0.002318 0.007694 0.057661 0.004782 0.000010 0.000010
0.208303 0.016560 0.655272 0.000010 0.018102 0.000010 0.036393 0.000010 0.032398 0.030325 0.000010 0.002596 0.000010
0.761868 0.082269 0.000010 0.018067 0.000010 0.025099 0.048663 0.027813 0.000010 0.000010 0.036162 0.000010 0.000010
0.026881 0.022777 0.879837 0.022934 0.000010 0.000010 0.024429 0.006963 0.000010 0.000010 0.000283 0.000010 0.015845
0.106188 0.249231 0.265904 0.000010 0.051739 0.000010 0.000010 0.019766 0.003276 0.303836 0.000010 0.000010 0.000010
0.147870 0.028680 0.792337 0.000010 0.001804 0.000010 0.000010 0.016824 0.000010 0.008167 0.000010 0.000010 0.004258
0.058136 0.251544 0.355824 0.000010 0.022267 0.000010 0.000583 0.000010 0.003728 0.307857 0.000010 0.000010 0.000010
0.125295 0.051180 0.540216 0.007998 0.037731 0.000010 0.090328 0.000010 0.111322 0.000010 0.019428 0.000010 0.016461
0.040892 0.081504 0.781746 0.000010 0.005279 0.000010 0.041515 0.000010 0.000010 0.039685 0.000010 0.009319 0.000010
0.247391 0.071795 0.601603 0.000010 0.009990 0.000010 0.000010 0.000010 0.007858 0.017403 0.000010 0.000010 0.043900
0.000010 0.734544 0.000010 0.000010 0.000010 0.000010 0.000010 0.000010 0.000010 0.265346 0.000010 0.000010 0.000010
0.003509 0.996381 0.000010 0.000010 0.000010 0.000010 0.000010 0.000010 0.000010 0.000010 0.000010 0.000010 0.000010
0.000010 0.000010 0.000010 0.000010 0.000010 0.000010 0.000010 0.000010 0.000010 0.000011 0.000010 0.999879 0.000010
0.000010 0.709857 0.000010 0.000010 0.000010 0.000010 0.000010 0.000010 0.000010 0.137554 0.000010 0.152489 0.000010
0.000010 0.667209 0.000010 0.000010 0.000010 0.000010 0.000010 0.000010 0.000010 0.211755 0.000010 0.120935 0.000010
0.000010 0.997656 0.000010 0.000010 0.000010 0.000010 0.000010 0.002234 0.000010 0.000010 0.000010 0.000010 0.000010
0.000010 0.519393 0.000010 0.390930 0.000010 0.000010 0.056843 0.000010 0.000010 0.006940 0.000010 0.025814 0.000010
0.098572 0.558710 0.032616 0.000010 0.015059 0.000010 0.000010 0.000010 0.028903 0.171756 0.017056 0.062351 0.014937
0.000010 0.000010 0.000010 0.000010 0.000010 0.000010 0.000010 0.000010 0.000010 0.000010 0.000010 0.999880 0.000010
0.080025 0.000010 0.450382 0.105004 0.023528 0.000010 0.053928 0.000010 0.255420 0.000010 0.000010 0.013891 0.017772
0.000010 0.999880 0.000010 0.000010 0.000010 0.000010 0.000010 0.000010 0.000010 0.000010 0.000010 0.000010 0.000010
0.000010 0.312567 0.000010 0.000010 0.000010 0.000010 0.000010 0.000010 0.000010 0.000010 0.000010 0.687323 0.000010
0.000010 0.000010 0.000010 0.884428 0.000010 0.009608 0.000010 0.046875 0.000010 0.005884 0.000010 0.000010 0.053126
0.000010 0.000010 0.000010 0.013200 0.164622 0.183116 0.062044 0.448807 0.072613 0.000010 0.000010 0.000010 0.055539
0.000010 0.000010 0.000010 0.009118 0.175096 0.195265 0.063605 0.462312 0.019389 0.003940 0.028680 0.000010 0.042557
0.000010 0.000010 0.000010 0.999880 0.000010 0.000010 0.000010 0.000010 0.000010 0.000010 0.000010 0.000010 0.000010
0.000010 0.911283 0.073334 0.000010 0.000010 0.000010 0.000010 0.000010 0.000010 0.000010 0.000010 0.015283 0.000010
0.000010 0.992242 0.000010 0.000010 0.000010 0.000010 0.000010 0.000010 0.000010 0.000010 0.000010 0.007648 0.000010
0.000010 0.176593 0.000010 0.000010 0.000010 0.000010 0.000010 0.000010 0.000010 0.000010 0.000010 0.823297 0.000010
0.000010 0.015550 0.000010 0.003815 0.418215 0.226178 0.135638 0.139547 0.023886 0.000010 0.000010 0.000010 0.037120
0.000010 0.000010 0.000010 0.000010 0.999880 0.000010 0.000010 0.000010 0.000010 0.000010 0.000010 0.000010 0.000010
0.066371 0.000010 0.000010 0.048388 0.000010 0.694038 0.000010 0.081107 0.000010 0.000015 0.049883 0.060138 0.000010
0.000010 0.871234 0.031444 0.000010 0.000010 0.000010 0.031085 0.032753 0.000010 0.000010 0.000010 0.025005 0.008409
0.089659 0.018547 0.852145 0.000010 0.000010 0.000010 0.000010 0.000010 0.000010 0.016398 0.010303 0.012878 0.000010
0.118214 0.028507 0.703727 0.000010 0.000010 0.000010 0.063061 0.000010 0.024606 0.008358 0.000010 0.016845 0.036632
0.196919 0.000010 0.000010 0.045065 0.000010 0.000010 0.616822 0.054453 0.016682 0.038420 0.018401 0.000010 0.013187
0.209532 0.000010 0.004322 0.000010 0.000010 0.000010 0.651571 0.071692 0.044004 0.018810 0.000010 0.000010 0.000010
0.032217 0.055299 0.854680 0.000010 0.000010 0.000010 0.022178 0.000010 0.022045 0.000010 0.000010 0.005225 0.008296
0.025328 0.272769 0.199674 0.000010 0.047423 0.000010 0.018934 0.000010 0.075118 0.352356 0.000010 0.000010 0.008347
0.349818 0.143799 0.224178 0.000010 0.006469 0.000010 0.065068 0.000010 0.053943 0.124562 0.000010 0.020606 0.011517
0.203535 0.077335 0.396259 0.009013 0.038046 0.000010 0.130210 0.012776 0.000010 0.048546 0.000010 0.084239 0.000010
0.000010 0.000010 0.000010 0.000010 0.000010 0.000010 0.000010 0.000010 0.000010 0.000010 0.999880 0.000010 0.000010
0.251597 0.019808 0.589040 0.042690 0.000010 0.000010 0.018489 0.000010 0.020723 0.015393 0.004422 0.006602 0.031205
0.042054 0.000010 0.899745 0.000010 0.000010 0.000010 0.000010 0.000010 0.000010 0.016680 0.000010 0.041431 0.000010
0.451528 0.000010 0.396070 0.057075 0.000010 0.000010 0.000010 0.007814 0.015439 0.026311 0.000010 0.042509 0.003206
0.196175 0.000010 0.621201 0.000010 0.020715 0.000010 0.064397 0.000010 0.035331 0.010388 0.000010 0.000010 0.051732
0.506275 0.000010 0.409625 0.000010 0.000010 0.000010 0.000010 0.000010 0.000010 0.065981 0.000010 0.002769 0.015269
0.356815 0.000010 0.349504 0.000010 0.000010 0.024310 0.169641 0.024841 0.017056 0.035580 0.000238 0.013239 0.008747
0.000010 0.000010 0.000010 0.000010 0.000010 0.000010 0.000010 0.000010 0.000010 0.000010 0.000010 0.999880 0.000010
0.000010 0.100087 0.565402 0.000010 0.000010 0.000010 0.264115 0.010261 0.012237 0.007860 0.000010 0.014613 0.025375
0.236197 0.000010 0.645921 0.006548 0.000010 0.000010 0.064637 0.030085 0.005748 0.008009 0.000010 0.000010 0.002805
0.197025 0.047998 0.613817 0.000010 0.001422 0.000010 0.102081 0.000010 0.012421 0.011934 0.002022 0.000721 0.010529
0.418929 0.058173 0.176940 0.000010 0.035725 0.000010 0.156002 0.036959 0.070752 0.034449 0.000010 0.012031 0.000010
0.000010 0.055300 0.896158 0.009002 0.000010 0.003527 0.019150 0.016793 0.000010 0.000010 0.000010 0.000010 0.000010
0.000010 0.000010 0.128600 0.000010 0.000010 0.000010 0.000010 0.000010 0.000010 0.013466 0.000010 0.000010 0.857835
0.523035 0.000010 0.033118 0.000010 0.083086 0.000010 0.296454 0.037071 0.008048 0.019050 0.000010 0.000010 0.000088
0.239324 0.000010 0.122690 0.000010 0.061105 0.000010 0.358427 0.041488 0.048118 0.000010 0.000010 0.048831 0.079967
0.280687 0.028233 0.065194 0.032227 0.071547 0.000010 0.368901 0.063271 0.043432 0.025526 0.000010 0.020951 0.000010
0.419571 0.039359 0.192202 0.018959 0.000010 0.000010 0.277782 0.000010 0.052056 0.000010 0.000010 0.000010 0.000010
0.101442 0.018273 0.845026 0.000010 0.001105 0.000010 0.020303 0.000010 0.010504 0.000010 0.000010 0.003287 0.000010
0.119362 0.048711 0.722856 0.000010 0.022668 0.000010 0.050086 0.000010 0.004126 0.009289 0.000010 0.001216 0.021645
0.000010 0.000010 0.758998 0.029252 0.000010 0.000010 0.211648 0.000010 0.000010 0.000012 0.000010 0.000010 0.000010
0.000010 0.000010 0.857591 0.000010 0.000010 0.000010 0.125215 0.000010 0.017094 0.000010 0.000010 0.000010 0.000010
0.304926 0.000010 0.183729 0.031085 0.062236 0.000010 0.267654 0.000010 0.044611 0.008298 0.000010 0.000010 0.097410
0.070774 0.079787 0.043607 0.020594 0.036076 0.000010 0.194409 0.000481 0.051241 0.458563 0.018111 0.026336 0.000010
0.098508 0.176385 0.439620 0.024867 0.027502 0.000010 0.092156 0.004903 0.036933 0.051271 0.003199 0.000010 0.044636
0.154873 0.242295 0.414880 0.000010 0.049019 0.000010 0.000010 0.000010 0.000010 0.121440 0.000010 0.017423 0.000010
0.000010 0.000010 0.049819 0.000010 0.000010 0.014571 0.864115 0.005672 0.007665 0.024327 0.000010 0.009356 0.024426
0.090078 0.000010 0.835210 0.000010 0.000688 0.000010 0.000010 0.000010 0.022945 0.022387 0.000010 0.000010 0.028623
0.676805 0.166506 0.000010 0.033461 0.000010 0.000010 0.000010 0.029441 0.015507 0.000010 0.040732 0.008352 0.029145
0.264360 0.000010 0.678054 0.000010 0.003117 0.000010 0.000010 0.000010 0.010405 0.007879 0.000010 0.036115 0.000010
0.000010 0.000010 0.999880 0.000010 0.000010 0.000010 0.000010 0.000010 0.000010 0.000010 0.000010 0.000010 0.000010
0.034801 0.054952 0.657382 0.036525 0.000010 0.000010 0.000010 0.000010 0.040547 0.000010 0.000010 0.000010 0.175724
0.471285 0.013219 0.031792 0.007439 0.000010 0.031921 0.279359 0.000010 0.031649 0.074388 0.000010 0.000010 0.058907
0.000010 0.000010 0.999880 0.000010 0.000010 0.000010 0.000010 0.000010 0.000010 0.000010 0.000010 0.000010 0.000010
0.000010 0.000010 0.000725 0.030553 0.000010 0.000010 0.918297 0.000010 0.046651 0.000010 0.000010 0.000010 0.003694
0.000192 0.042840 0.034327 0.020751 0.000010 0.025304 0.855059 0.000010 0.004836 0.014770 0.000010 0.000010 0.001880
0.000010 0.000010 0.000010 0.000010 0.008480 0.000010 0.918359 0.000010 0.033272 0.000010 0.000010 0.024226 0.015583
0.000010 0.000010 0.000010 0.000010 0.000010 0.000010 0.926343 0.000010 0.005900 0.006261 0.000010 0.003738 0.057679
0.059122 0.080752 0.000010 0.000010 0.000010 0.000010 0.803658 0.000010 0.000010 0.000010 0.032082 0.024306 0.000010
0.000010 0.023630 0.000010 0.001229 0.006301 0.000010 0.107585 0.013504 0.000863 0.835939 0.000010 0.010167 0.000743
0.177208 0.115418 0.494475 0.035395 0.028406 0.000010 0.127266 0.000010 0.006304 0.005646 0.000010 0.000010 0.009843
0.000010 0.079166 0.876415 0.000010 0.000010 0.000010 0.000010 0.000010 0.016499 0.009108 0.000010 0.018733 0.000010
0.000010 0.004729 0.747006 0.004100 0.000010 0.000010 0.243907 0.000010 0.000010 0.000178 0.000010 0.000010 0.000010
0.060146 0.076733 0.637420 0.000010 0.011426 0.000010 0.057003 0.000010 0.037123 0.000010 0.000010 0.021865 0.098234
0.036845 0.023679 0.898352 0.000010 0.000010 0.000010 0.000010 0.000010 0.000010 0.000010 0.000010 0.036754 0.004289
0.053288 0.000010 0.002134 0.000010 0.000010 0.000010 0.936930 0.000010 0.000010 0.000010 0.000010 0.007557 0.000010
0.035374 0.000010 0.885201 0.009243 0.008814 0.000010 0.000010 0.009488 0.000010 0.000983 0.000010 0.009713 0.041134
0.612037 0.013343 0.092169 0.000010 0.000010 0.024819 0.210034 0.000010 0.004110 0.028034 0.015404 0.000010 0.000010
0.000010 0.000010 0.000010 0.000010 0.000010 0.000010 0.000010 0.000010 0.000010 0.999880 0.000010 0.000010 0.000010
0.078681 0.000010 0.000010 0.426837 0.050464 0.027864 0.301216 0.000010 0.028231 0.000010 0.000010 0.000010 0.086648
0.311600 0.022331 0.045258 0.020608 0.032982 0.000010 0.415021 0.000010 0.026872 0.027852 0.000010 0.000010 0.097437
0.020604 0.019930 0.302684 0.000010 0.000010 0.000010 0.640250 0.000010 0.009865 0.006597 0.000010 0.000010 0.000010
0.208617 0.000010 0.025488 0.044001 0.085850 0.014536 0.495135 0.014495 0.037186 0.000010 0.000010 0.014934 0.059728
0.000010 0.008689 0.000010 0.074130 0.000010 0.023568 0.832078 0.019498 0.000010 0.000010 0.006082 0.011393 0.024512
0.135390 0.000010 0.077687 0.000010 0.054003 0.000010 0.654600 0.000010 0.000723 0.031677 0.041796 0.004074 0.000010
0.000010 0.000010 0.000010 0.000010 0.000010 0.000010 0.999880 0.000010 0.000010 0.000010 0.000010 0.000010 0.000010
0.000010 0.000010 0.199316 0.038698 0.018203 0.000010 0.634275 0.000010 0.034943 0.028343 0.029241 0.006471 0.010469
0.192827 0.055942 0.037013 0.000010 0.043241 0.000010 0.521059 0.000010 0.058792 0.000010 0.000010 0.032355 0.058721
0.161019 0.028040 0.712384 0.035537 0.015726 0.000010 0.000010 0.000010 0.000010 0.015467 0.026145 0.005632 0.000010
0.689684 0.054332 0.000010 0.000010 0.000010 0.012914 0.103416 0.000010 0.024488 0.005852 0.035994 0.046514 0.026766
0.000010 0.017392 0.000318 0.012544 0.000010 0.000010 0.898615 0.000010 0.011664 0.020470 0.000010 0.000010 0.038937
0.059757 0.045125 0.062215 0.000010 0.000010 0.014676 0.751393 0.000010 0.000014 0.002822 0.000010 0.006687 0.057271
0.000010 0.000010 0.578464 0.023244 0.000010 0.031458 0.276727 0.000010 0.015149 0.015200 0.028325 0.000010 0.031382
0.056903 0.000010 0.926027 0.000010 0.000010 0.000010 0.000010 0.000010 0.016970 0.000010 0.000010 0.000010 0.000010
0.273046 0.000010 0.000010 0.000010 0.029291 0.000010 0.560565 0.000010 0.047186 0.026825 0.000010 0.000010 0.063017
0.000010 0.000010 0.012934 0.054543 0.000010 0.000010 0.000010 0.000010 0.000010 0.912624 0.000010 0.000010 0.019810
0.000010 0.000010 0.899929 0.017068 0.000010 0.000010 0.000010 0.047491 0.000010 0.002651 0.000010 0.000010 0.032781
0.000010 0.017060 0.931279 0.000010 0.000010 0.000010 0.014611 0.000010 0.026856 0.000010 0.000010 0.000010 0.010114
0.166689 0.033557 0.078961 0.045838 0.044550 0.000010 0.627776 0.000010 0.002570 0.000010 0.000010 0.000010 0.000010
0.040897 0.000010 0.432411 0.043083 0.013428 0.000010 0.351309 0.090353 0.001325 0.014487 0.000010 0.000010 0.012667
0.485873 0.001361 0.154118 0.000010 0.001489 0.000010 0.252855 0.000010 0.070658 0.004671 0.000010 0.000010 0.028925
0.145361 0.015970 0.000010 0.000010 0.000010 0.000013 0.782892 0.014695 0.000010 0.041000 0.000010 0.000010 0.000010
0.000010 0.000010 0.996164 0.000010 0.000010 0.000010 0.000010 0.000010 0.000010 0.003726 0.000010 0.000010 0.000010
0.000010 0.000010 0.990137 0.000010 0.000010 0.000010 0.009092 0.000010 0.000010 0.000671 0.000010 0.000010 0.000010
0.021647 0.000010 0.480914 0.000010 0.000010 0.000010 0.397642 0.000010 0.027763 0.024007 0.000010 0.047956 0.000010
0.483946 0.000010 0.456058 0.015010 0.000010 0.000010 0.000010 0.000010 0.008631 0.026863 0.000010 0.009421 0.000010
0.000010 0.000010 0.000010 0.000010 0.000010 0.000010 0.000010 0.000010 0.000010 0.000010 0.999880 0.000010 0.000010
0.155822 0.000010 0.040789 0.076358 0.000010 0.000010 0.600409 0.021477 0.010991 0.037354 0.000010 0.020686 0.036074
0.047465 0.029163 0.845473 0.000010 0.000010 0.000010 0.034503 0.009126 0.003314 0.026855 0.004051 0.000010 0.000010
