0.298188 0.037742 0.384004 0.007232 0.000010 0.000010 0.211167 0.000010 0.000010 0.061596 0.000010 0.000010 0.000010
0.528050 0.000010 0.170695 0.000010 0.000010 0.020179 0.169718 0.044426 0.014388 0.027241 0.000010 0.000010 0.025251
0.355282 0.015449 0.355871 0.000010 0.044449 0.003638 0.135131 0.000010 0.000010 0.000010 0.037237 0.052894 0.000010
0.000010 0.001691 0.000010 0.061746 0.017575 0.000010 0.000010 0.000010 0.025288 0.893620 0.000010 0.000010 0.000010
0.635928 0.012888 0.185687 0.063587 0.000010 0.000010 0.000010 0.062193 0.000010 0.000010 0.000010 0.024146 0.015511
0.108095 0.000010 0.709581 0.026609 0.019581 0.000010 0.086155 0.007773 0.012232 0.014992 0.000010 0.014940 0.000010
0.000010 0.306509 0.229100 0.000010 0.029756 0.000010 0.026449 0.000010 0.020362 0.387755 0.000010 0.000010 0.000010
0.000010 0.000010 0.890315 0.000010 0.000010 0.000010 0.000010 0.000010 0.044024 0.012932 0.000010 0.000010 0.052639
0.449422 0.000010 0.051964 0.007181 0.020789 0.000010 0.330436 0.014570 0.000010 0.052733 0.000010 0.008266 0.064600
0.066232 0.000010 0.832533 0.000010 0.000010 0.000010 0.033066 0.000010 0.000010 0.015960 0.000010 0.000010 0.052129
0.225789 0.000010 0.631044 0.000010 0.000010 0.000010 0.064982 0.000010 0.000010 0.000012 0.000010 0.022880 0.055222
0.308193 0.013233 0.335234 0.014604 0.002335 0.000010 0.255407 0.000010 0.032051 0.000010 0.023401 0.015503 0.000010
0.088619 0.047996 0.000010 0.158060 0.159563 0.000010 0.359085 0.000010 0.052422 0.064026 0.017290 0.009307 0.043602
0.000010 0.042909 0.000010 0.030446 0.062253 0.000010 0.338245 0.000010 0.034202 0.457426 0.000010 0.023098 0.011372
0.047100 0.004665 0.891606 0.013780 0.000010 0.015724 0.000010 0.000010 0.000010 0.007667 0.000010 0.000010 0.019398
0.334845 0.051545 0.298462 0.038927 0.041663 0.034890 0.156909 0.000010 0.000010 0.000010 0.022563 0.000010 0.020156
0.162047 0.024331 0.655452 0.000010 0.013901 0.000010 0.079691 0.025070 0.000010 0.013173 0.000010 0.000010 0.026285
0.034192 0.226614 0.414053 0.000010 0.031370 0.000010 0.000010 0.000010 0.036167 0.257534 0.000010 0.000010 0.000010
0.000010 0.000010 0.272608 0.000010 0.021557 0.000010 0.000010 0.000010 0.047692 0.000010 0.000010 0.002401 0.655663
0.000010 0.000010 0.000010 0.011237 0.000010 0.893142 0.000010 0.039554 0.005371 0.000010 0.050617 0.000010 0.000010
0.000010 0.000010 0.015819 0.000010 0.000010 0.953647 0.000010 0.000010 0.019672 0.009430 0.001352 0.000010 0.000010
0.000010 0.000010 0.000010 0.000010 0.000010 0.999880 0.000010 0.000010 0.000010 0.000010 0.000010 0.000010 0.000010
0.000010 0.000010 0.011035 0.000010 0.009715 0.920793 0.000010 0.000777 0.043188 0.000010 0.014423 0.000010 0.000010
0.058394 0.029201 0.004773 0.008324 0.076975 0.056370 0.013308 0.026344 0.000010 0.692418 0.000010 0.018925 0.014949
0.000010 0.000010 0.000010 0.000010 0.000010 0.000010 0.000010 0.000010 0.000010 0.000410 0.000010 0.000010 0.999480
0.000010 0.000010 0.000010 0.000010 0.008024 0.926728 0.006928 0.013420 0.000010 0.000010 0.044820 0.000010 0.000010
0.830042 0.014273 0.000010 0.023313 0.021863 0.042167 0.000010 0.033141 0.008698 0.019716 0.006747 0.000010 0.000010
0.000010 0.000010 0.000010 0.000010 0.000010 0.964147 0.000010 0.006602 0.000010 0.017762 0.011399 0.000010 0.000010
0.191824 0.010722 0.076130 0.006106 0.057825 0.001903 0.532903 0.040658 0.000010 0.008330 0.000010 0.001649 0.071929
0.125169 0.000010 0.066550 0.000010 0.036733 0.005910 0.648047 0.016706 0.000010 0.057331 0.010504 0.000010 0.033010
0.000010 0.000010 0.000010 0.001174 0.000010 0.000010 0.931186 0.000899 0.022769 0.007800 0.000010 0.000010 0.036102
0.302720 0.000010 0.036277 0.000010 0.090363 0.000010 0.472093 0.027539 0.000010 0.000010 0.010013 0.000010 0.060934
0.073119 0.021818 0.018126 0.120620 0.238367 0.000010 0.246108 0.082261 0.004345 0.066487 0.058037 0.049161 0.021540
0.071190 0.000010 0.000010 0.141852 0.144960 0.000010 0.417138 0.052256 0.035950 0.001639 0.000010 0.000010 0.134965
0.354062 0.070812 0.121839 0.000010 0.000010 0.000928 0.084432 0.028228 0.280054 0.000010 0.029157 0.000010 0.030449
0.285940 0.000010 0.232657 0.000010 0.050797 0.014939 0.029017 0.000010 0.000010 0.349440 0.003451 0.027657 0.006063
0.145517 0.000010 0.296041 0.060145 0.003197 0.000010 0.025812 0.000010 0.000010 0.437591 0.000010 0.015978 0.015668
0.000010 0.000010 0.000010 0.000010 0.000010 0.000010 0.000010 0.000010 0.000010 0.000010 0.999880 0.000010 0.000010
0.310400 0.000010 0.000010 0.035499 0.057682 0.000010 0.446179 0.000010 0.066731 0.013591 0.000010 0.000010 0.069858
0.059221 0.000010 0.035829 0.059400 0.009954 0.000010 0.712962 0.043081 0.013050 0.019655 0.013787 0.010369 0.022673
0.000010 0.000010 0.999880 0.000010 0.000010 0.000010 0.000010 0.000010 0.000010 0.000010 0.000010 0.000010 0.000010
0.125614 0.025947 0.156709 0.040100 0.041323 0.014847 0.424156 0.027021 0.001572 0.016725 0.000010 0.029416 0.096558
0.245723 0.000010 0.654753 0.000010 0.042597 0.005761 0.006015 0.000010 0.000010 0.000010 0.000010 0.039137 0.005954
0.228228 0.012009 0.733823 0.000010 0.012074 0.000010 0.000010 0.000010 0.000579 0.010220 0.000408 0.000010 0.002609
0.042765 0.000010 0.000010 0.624200 0.000010 0.000010 0.275507 0.000010 0.002856 0.000010 0.000010 0.000010 0.054593
0.000010 0.000010 0.000010 0.008272 0.000010 0.664718 0.000010 0.002383 0.000010 0.000010 0.314970 0.000010 0.009577
0.043905 0.000010 0.000010 0.000010 0.000010 0.672445 0.000010 0.000010 0.008799 0.000010 0.274761 0.000010 0.000010
0.172149 0.000010 0.000010 0.059830 0.148653 0.246791 0.047605 0.125438 0.008222 0.000010 0.189102 0.000010 0.002171
0.237473 0.028784 0.000010 0.200808 0.112762 0.017667 0.177195 0.035647 0.023426 0.000010 0.018931 0.077934 0.069353
0.228671 0.000010 0.017363 0.248510 0.063124 0.027373 0.274789 0.015165 0.028369 0.043494 0.000010 0.000010 0.053111
0.000010 0.000010 0.000010 0.000010 0.000010 0.000010 0.000010 0.000010 0.000010 0.000010 0.000010 0.999880 0.000010
0.036674 0.091145 0.000010 0.142025 0.095636 0.032167 0.324909 0.104566 0.006530 0.000010 0.019340 0.014717 0.132270
0.000010 0.000010 0.000010 0.000010 0.000010 0.000010 0.000010 0.000010 0.000010 0.000010 0.000010 0.999880 0.000010
0.207853 0.004196 0.047082 0.215781 0.101302 0.000010 0.263731 0.025079 0.039722 0.000010 0.025703 0.010373 0.059158
0.037546 0.039254 0.000010 0.210492 0.117604 0.000010 0.358154 0.000010 0.008500 0.000010 0.054471 0.041558 0.132381
0.000010 0.000010 0.000010 0.000010 0.000010 0.000010 0.000010 0.000010 0.999880 0.000010 0.000010 0.000010 0.000010
0.000010 0.000010 0.858256 0.000010 0.000010 0.000010 0.016710 0.034560 0.038719 0.009051 0.028625 0.014019 0.000010
0.278232 0.014914 0.000010 0.018094 0.085684 0.000010 0.490241 0.000010 0.022374 0.029573 0.000010 0.000010 0.060838
0.302039 0.071350 0.000010 0.000010 0.022530 0.000010 0.454339 0.000010 0.000010 0.025745 0.000010 0.031469 0.092469
0.042387 0.155766 0.645516 0.000010 0.008836 0.000010 0.038365 0.000010 0.017435 0.030787 0.000010 0.039366 0.021501
0.140451 0.000023 0.000010 0.024126 0.000010 0.000010 0.799907 0.000010 0.000010 0.000010 0.016334 0.019089 0.000010
0.254004 0.025940 0.072853 0.000010 0.062306 0.000010 0.503217 0.000010 0.035424 0.024449 0.000010 0.000010 0.021757
0.000010 0.000010 0.434844 0.017323 0.007273 0.035683 0.368090 0.000010 0.036330 0.007508 0.000010 0.028769 0.064140
0.245551 0.000010 0.026434 0.000010 0.072238 0.000010 0.628632 0.000010 0.002097 0.010864 0.014124 0.000010 0.000010
0.178255 0.051550 0.042169 0.068764 0.051636 0.000010 0.454135 0.024013 0.027895 0.017066 0.015827 0.000010 0.068671
0.040623 0.059075 0.186290 0.154495 0.024135 0.020723 0.058492 0.000010 0.086598 0.216105 0.039360 0.062276 0.051817
0.000010 0.000010 0.000010 0.000010 0.183237 0.000010 0.000010 0.000010 0.000010 0.241958 0.574705 0.000010 0.000010
0.119533 0.019775 0.000010 0.037613 0.025192 0.000010 0.017807 0.053605 0.027160 0.679145 0.020129 0.000010 0.000010
0.011664 0.051324 0.842738 0.000010 0.015364 0.000012 0.000010 0.000010 0.031371 0.010660 0.025358 0.000010 0.011470
0.128257 0.050490 0.000010 0.172925 0.131263 0.000010 0.328544 0.023554 0.025630 0.000010 0.000010 0.000010 0.139287
0.222658 0.000010 0.061263 0.134188 0.132314 0.035005 0.196268 0.034033 0.000010 0.000580 0.000010 0.074197 0.109463
0.154477 0.000010 0.058004 0.274179 0.082360 0.007148 0.127486 0.020228 0.030818 0.000010 0.000010 0.052371 0.192899
0.581806 0.043685 0.020489 0.000010 0.014650 0.000010 0.145281 0.022211 0.128580 0.000010 0.000010 0.034872 0.008385
0.344712 0.018682 0.063313 0.015075 0.039847 0.000010 0.473000 0.000010 0.000010 0.014595 0.005455 0.025281 0.000010
0.447736 0.059480 0.055953 0.015854 0.032966 0.000010 0.212347 0.000010 0.093992 0.024530 0.000010 0.000010 0.057101
0.119339 0.000010 0.021021 0.034767 0.048587 0.000010 0.650524 0.031324 0.034709 0.000010 0.027728 0.000010 0.031961
0.134686 0.000010 0.012203 0.000010 0.000010 0.000010 0.709008 0.000010 0.037598 0.027057 0.000010 0.049360 0.030028
0.152781 0.000010 0.046106 0.006529 0.041197 0.029240 0.538760 0.000010 0.031779 0.000010 0.037671 0.034453 0.081454
0.000010 0.000010 0.000010 0.000010 0.000010 0.000010 0.000010 0.000010 0.000010 0.000010 0.999880 0.000010 0.000010
0.253096 0.002723 0.062949 0.008826 0.048336 0.000010 0.544130 0.024373 0.000010 0.023478 0.000010 0.019402 0.012655
0.093936 0.001509 0.035641 0.070189 0.000010 0.010686 0.690031 0.000010 0.036402 0.021055 0.010201 0.021686 0.008645
0.200589 0.000010 0.662948 0.000010 0.015967 0.003899 0.068451 0.000010 0.000010 0.029198 0.011925 0.006973 0.000010
0.217058 0.001639 0.656170 0.013435 0.002414 0.000010 0.024583 0.000010 0.025271 0.027368 0.005162 0.008513 0.018367
0.104834 0.046944 0.034181 0.000010 0.000010 0.000010 0.044551 0.044016 0.725404 0.000010 0.000010 0.000010 0.000010
0.078644 0.185795 0.679309 0.000010 0.000010 0.000010 0.000010 0.000010 0.000010 0.046752 0.000010 0.009420 0.000010
0.000010 0.000010 0.000010 0.000010 0.000010 0.000010 0.000010 0.000010 0.000010 0.000010 0.999880 0.000010 0.000010
0.005842 0.000010 0.000010 0.037065 0.000010 0.718917 0.049858 0.092134 0.009767 0.000010 0.005974 0.080392 0.000010
0.323944 0.000010 0.582343 0.000010 0.017001 0.000010 0.000010 0.000010 0.037355 0.014907 0.000010 0.000010 0.024380
0.353979 0.000010 0.153527 0.114657 0.107366 0.009781 0.176538 0.000010 0.072396 0.002643 0.000010 0.009074 0.000010
0.000010 0.000010 0.000010 0.000010 0.014145 0.782735 0.005149 0.052704 0.000010 0.019411 0.064500 0.050893 0.010413
0.031476 0.000010 0.007863 0.005159 0.000010 0.804015 0.030595 0.025266 0.049526 0.017829 0.025608 0.002632 0.000010
0.112309 0.000010 0.000010 0.000010 0.032450 0.725473 0.000010 0.081806 0.000010 0.000010 0.015411 0.032481 0.000010
0.076200 0.000010 0.000010 0.009842 0.000010 0.794304 0.000010 0.032876 0.007765 0.000010 0.071840 0.000010 0.007112
0.025392 0.000010 0.000010 0.045243 0.000010 0.774131 0.030827 0.060570 0.002865 0.000010 0.021705 0.029139 0.010090
0.348785 0.104935 0.111395 0.043921 0.029412 0.277933 0.046478 0.000010 0.000010 0.025437 0.004692 0.000010 0.006981
0.000010 0.000010 0.000010 0.999880 0.000010 0.000010 0.000010 0.000010 0.000010 0.000010 0.000010 0.000010 0.000010
0.000010 0.000010 0.000010 0.999880 0.000010 0.000010 0.000010 0.000010 0.000010 0.000010 0.000010 0.000010 0.000010
0.435514 0.035675 0.328938 0.046912 0.050377 0.000010 0.066587 0.035792 0.000010 0.000010 0.000010 0.000010 0.000155
0.000010 0.095107 0.796354 0.000010 0.000010 0.024924 0.000010 0.000010 0.000010 0.057465 0.026070 0.000010 0.000010
0.000010 0.000010 0.000010 0.999880 0.000010 0.000010 0.000010 0.000010 0.000010 0.000010 0.000010 0.000010 0.000010
0.882050 0.000010 0.000010 0.049768 0.000010 0.000010 0.016457 0.000010 0.039251 0.009281 0.000010 0.000010 0.003124
0.000010 0.000010 0.000010 0.951071 0.000010 0.000010 0.047699 0.000010 0.000010 0.001130 0.000010 0.000010 0.000010
0.533045 0.033314 0.162030 0.000010 0.000010 0.000010 0.159934 0.000010 0.047930 0.000010 0.000010 0.024139 0.039547
0.000010 0.000010 0.000010 0.000010 0.000010 0.000010 0.000010 0.000010 0.000010 0.999880 0.000010 0.000010 0.000010
0.175165 0.000010 0.735456 0.015631 0.000010 0.000010 0.000010 0.000010 0.000010 0.002916 0.000010 0.012527 0.058235
0.000010 0.000010 0.008594 0.538343 0.019853 0.000010 0.000010 0.000010 0.000010 0.433120 0.000010 0.000010 0.000010
0.447111 0.000010 0.470016 0.000010 0.000010 0.000010 0.000010 0.000010 0.000010 0.032530 0.000010 0.050253 0.000010
0.706250 0.000010 0.025722 0.023639 0.013255 0.000010 0.062124 0.000010 0.064085 0.032122 0.019499 0.029817 0.023457
0.490002 0.048284 0.192212 0.030376 0.000010 0.000010 0.149278 0.020515 0.025836 0.018274 0.000010 0.000010 0.025184
0.087936 0.040452 0.809388 0.006641 0.000010 0.000010 0.037468 0.018045 0.000010 0.000010 0.000010 0.000010 0.000010
0.022793 0.000010 0.000010 0.233595 0.039730 0.011380 0.119794 0.056616 0.001847 0.000010 0.045744 0.344319 0.124151
0.245387 0.110739 0.511255 0.006191 0.000010 0.000010 0.077921 0.000010 0.022463 0.000010 0.000010 0.000010 0.025985
0.150079 0.026327 0.713972 0.000010 0.000010 0.000010 0.046599 0.000010 0.014877 0.000010 0.000010 0.035628 0.012457
0.000010 0.000010 0.884028 0.000010 0.000010 0.000010 0.079500 0.000010 0.000010 0.020180 0.000010 0.000010 0.016202
0.499483 0.055163 0.091425 0.037817 0.000578 0.000010 0.244430 0.000010 0.057919 0.000010 0.000223 0.012922 0.000010
0.405858 0.000010 0.485313 0.046044 0.019455 0.000010 0.000010 0.000010 0.000010 0.025740 0.000010 0.017521 0.000010
0.000010 0.000010 0.000010 0.000010 0.000010 0.000010 0.000010 0.000010 0.000010 0.999877 0.000010 0.000013 0.000010
0.000010 0.000010 0.000010 0.000010 0.000010 0.000010 0.000010 0.000010 0.000010 0.999880 0.000010 0.000010 0.000010
0.123736 0.000010 0.790319 0.013561 0.000010 0.002211 0.030883 0.000010 0.029786 0.000010 0.009445 0.000010 0.000010
0.000010 0.000010 0.000010 0.000010 0.000010 0.000010 0.000010 0.000010 0.000010 0.999880 0.000010 0.000010 0.000010
0.152294 0.073648 0.709204 0.000010 0.022668 0.002104 0.000010 0.000010 0.000010 0.000010 0.000010 0.023780 0.016242
0.000010 0.000010 0.999880 0.000010 0.000010 0.000010 0.000010 0.000010 0.000010 0.000010 0.000010 0.000010 0.000010
0.000010 0.000010 0.000010 0.000010 0.000012 0.000010 0.000010 0.000010 0.000010 0.999878 0.000010 0.000010 0.000010
0.000010 0.000010 0.000010 0.000010 0.000010 0.000010 0.000010 0.000010 0.000010 0.999880 0.000010 0.000010 0.000010
0.000010 0.000010 0.000010 0.000010 0.000010 0.000010 0.000010 0.000010 0.000010 0.999880 0.000010 0.000010 0.000010
0.000010 0.000010 0.000010 0.000010 0.013426 0.000010 0.000010 0.000010 0.000010 0.986464 0.000010 0.000010 0.000010
0.028591 0.000010 0.000010 0.000010 0.014164 0.000010 0.050065 0.033907 0.000010 0.844743 0.028460 0.000010 0.000010
0.629120 0.000010 0.094511 0.000010 0.019504 0.048976 0.102937 0.000010 0.000010 0.028632 0.000010 0.055541 0.020730
0.638413 0.054440 0.066708 0.000010 0.000010 0.000010 0.127490 0.002380 0.000622 0.031788 0.000010 0.002868 0.075250
0.000010 0.000010 0.000010 0.000010 0.000010 0.000010 0.000010 0.000010 0.000010 0.999880 0.000010 0.000010 0.000010
0.161715 0.269063 0.376696 0.000010 0.034048 0.000010 0.000010 0.000010 0.000010 0.138717 0.019690 0.000010 0.000010
0.263063 0.000010 0.668889 0.000010 0.000010 0.000010 0.000010 0.000010 0.033582 0.018621 0.000010 0.000010 0.015764
0.000010 0.000010 0.000010 0.000010 0.000010 0.000010 0.000010 0.000010 0.000010 0.999880 0.000010 0.000010 0.000010
0.000010 0.001792 0.000010 0.000010 0.023217 0.000010 0.000010 0.004090 0.015111 0.937844 0.000010 0.017876 0.000010
0.000010 0.000010 0.000010 0.000010 0.000010 0.000010 0.000010 0.000010 0.000010 0.999880 0.000010 0.000010 0.000010
0.205188 0.095273 0.108044 0.000010 0.047813 0.000010 0.200930 0.040322 0.226895 0.005093 0.053094 0.000724 0.016604
0.610818 0.000010 0.118747 0.000010 0.000010 0.000010 0.187828 0.000010 0.031929 0.050597 0.000010 0.000010 0.000010
0.632113 0.000010 0.083435 0.000010 0.000010 0.000010 0.169697 0.024341 0.031229 0.023839 0.000010 0.000010 0.035286
0.616861 0.003674 0.016442 0.000010 0.000010 0.000010 0.287923 0.000010 0.033372 0.030336 0.000010 0.000010 0.011333
0.000010 0.000010 0.033992 0.013632 0.020151 0.000010 0.000010 0.000010 0.000010 0.889805 0.000010 0.000010 0.042340
0.000010 0.000010 0.046356 0.000010 0.070207 0.275028 0.000010 0.000010 0.000010 0.402709 0.205620 0.000010 0.000010
0.000010 0.000010 0.000010 0.000010 0.000010 0.000010 0.000010 0.000010 0.000010 0.999880 0.000010 0.000010 0.000010
0.000010 0.000010 0.000010 0.000010 0.000010 0.000010 0.000010 0.000010 0.000010 0.999880 0.000010 0.000010 0.000010
0.000010 0.000010 0.000010 0.000010 0.000010 0.000010 0.000010 0.000010 0.000010 0.999880 0.000010 0.000010 0.000010
0.000010 0.000010 0.000010 0.000010 0.000010 0.000010 0.000010 0.000010 0.000010 0.999880 0.000010 0.000010 0.000010
0.000010 0.000010 0.000010 0.000010 0.000010 0.000010 0.000010 0.000010 0.000010 0.999880 0.000010 0.000010 0.000010
0.000010 0.000010 0.000010 0.000010 0.000010 0.000010 0.000010 0.000010 0.000010 0.999880 0.000010 0.000010 0.000010
0.237674 0.000010 0.204628 0.000010 0.000010 0.000010 0.111790 0.045263 0.301527 0.033058 0.045782 0.000010 0.020228
0.000010 0.000010 0.000010 0.000010 0.000010 0.000010 0.000010 0.000010 0.000010 0.999880 0.000010 0.000010 0.000010
0.000010 0.042748 0.000010 0.014755 0.004512 0.000010 0.000368 0.047939 0.000010 0.875897 0.010536 0.003195 0.000010
0.091270 0.008089 0.860386 0.000010 0.000010 0.000010 0.014017 0.004651 0.006838 0.000010 0.014690 0.000010 0.000010
0.000010 0.002760 0.000010 0.024791 0.045688 0.023868 0.000010 0.024947 0.033995 0.816654 0.000010 0.025948 0.001309
0.000010 0.237887 0.083596 0.000010 0.069215 0.000010 0.007140 0.000010 0.056260 0.503916 0.000010 0.000010 0.041926
0.000010 0.000010 0.000010 0.000010 0.000010 0.000010 0.000010 0.000010 0.000010 0.999880 0.000010 0.000010 0.000010
0.000010 0.000010 0.000010 0.000010 0.000010 0.000010 0.000010 0.000010 0.000010 0.999880 0.000010 0.000010 0.000010
0.000010 0.000010 0.000010 0.000010 0.000010 0.000010 0.000011 0.000014 0.000010 0.999874 0.000010 0.000010 0.000010
0.000010 0.000010 0.000010 0.000010 0.000010 0.000010 0.000010 0.000010 0.000010 0.999880 0.000010 0.000010 0.000010
0.000010 0.000010 0.000010 0.000010 0.000010 0.000010 0.000010 0.002910 0.022440 0.974550 0.000010 0.000010 0.000010
0.000010 0.000010 0.000010 0.000010 0.000010 0.000010 0.000010 0.000010 0.000010 0.999880 0.000010 0.000010 0.000010
0.000014 0.000010 0.000010 0.000010 0.000010 0.000010 0.000010 0.000010 0.999874 0.000010 0.000012 0.000010 0.000010
0.000010 0.000010 0.000010 0.000010 0.000010 0.000010 0.000010 0.999880 0.000010 0.000010 0.000010 0.000010 0.000010
0.000010 0.000010 0.000010 0.000010 0.000010 0.000010 0.000010 0.999880 0.000010 0.000010 0.000010 0.000010 0.000010
0.000010 0.000010 0.000010 0.000010 0.000010 0.000010 0.000010 0.999880 0.000010 0.000010 0.000010 0.000010 0.000010
0.000010 0.000010 0.000010 0.000010 0.000010 0.000010 0.000010 0.000010 0.000010 0.999880 0.000010 0.000010 0.000010
0.000010 0.000010 0.000010 0.000010 0.000010 0.000010 0.000010 0.000010 0.000010 0.999880 0.000010 0.000010 0.000010
0.000010 0.000010 0.000010 0.000010 0.000010 0.000010 0.000010 0.999880 0.000010 0.000010 0.000010 0.000010 0.000010
0.000010 0.000010 0.010570 0.000010 0.000010 0.000010 0.000010 0.989320 0.000010 0.000010 0.000010 0.000010 0.000010
0.000010 0.000010 0.000010 0.000010 0.000010 0.000010 0.000010 0.999880 0.000010 0.000010 0.000010 0.000010 0.000010
0.000010 0.000010 0.000010 0.000010 0.000010 0.000010 0.000010 0.000010 0.000010 0.999880 0.000010 0.000010 0.000010
0.000010 0.000010 0.000010 0.000010 0.000010 0.000010 0.000010 0.000010 0.000010 0.999874 0.000016 0.000010 0.000010
0.000010 0.000010 0.000010 0.190070 0.000010 0.000010 0.000010 0.000010 0.000010 0.000010 0.000010 0.809820 0.000010
0.000010 0.000010 0.000010 0.000010 0.000010 0.000010 0.000010 0.000010 0.000010 0.999880 0.000010 0.000010 0.000010
0.000010 0.000010 0.093068 0.000010 0.000010 0.000010 0.000010 0.000010 0.000010 0.000010 0.000010 0.000010 0.906822
0.000010 0.000010 0.000010 0.000010 0.999880 0.000010 0.000010 0.000010 0.000010 0.000010 0.000010 0.000010 0.000010
0.000010 0.000010 0.000010 0.000010 0.967059 0.000010 0.000010 0.000010 0.000010 0.032831 0.000010 0.000010 0.000010
0.102451 0.147062 0.577341 0.008623 0.000010 0.000010 0.106751 0.000010 0.000010 0.000010 0.000010 0.001013 0.056699
0.000010 0.000010 0.000010 0.000010 0.999880 0.000010 0.000010 0.000010 0.000010 0.000010 0.000010 0.000010 0.000010
0.000010 0.000010 0.001066 0.000010 0.000010 0.920648 0.000010 0.000010 0.007834 0.007025 0.000010 0.000010 0.063347
0.078002 0.000010 0.000010 0.279527 0.072950 0.105404 0.148667 0.025710 0.018903 0.013966 0.054680 0.097809 0.104362
0.027139 0.289165 0.376427 0.000010 0.000010 0.001296 0.121152 0.000010 0.024884 0.067723 0.024440 0.000010 0.067735
0.046350 0.076614 0.021905 0.159008 0.050529 0.034114 0.023027 0.526948 0.010160 0.007935 0.043390 0.000010 0.000010
0.019697 0.670578 0.000010 0.000010 0.000010 0.000010 0.000010 0.000010 0.000010 0.309625 0.000010 0.000010 0.000010
0.000010 0.666547 0.000010 0.000010 0.000010 0.000010 0.000010 0.000010 0.000010 0.333343 0.000010 0.000010 0.000010
0.156532 0.037728 0.787161 0.000010 0.000010 0.000010 0.000010 0.009931 0.000010 0.000010 0.008567 0.000010 0.000010
0.013407 0.004112 0.000010 0.009891 0.040817 0.006453 0.036459 0.062154 0.016053 0.674372 0.031419 0.016579 0.088274
0.257917 0.023752 0.354175 0.026849 0.000010 0.000010 0.176400 0.007807 0.042721 0.032970 0.048118 0.011761 0.017509
0.111538 0.030262 0.760922 0.002738 0.003408 0.000010 0.000010 0.000010 0.010519 0.065209 0.015354 0.000010 0.000010
0.069070 0.172175 0.388267 0.000010 0.045832 0.000010 0.000010 0.000010 0.000010 0.297224 0.000010 0.027361 0.000010
0.196093 0.000010 0.000010 0.374485 0.043174 0.000010 0.242869 0.000010 0.001046 0.000010 0.000010 0.000010 0.142262
0.487228 0.000010 0.357391 0.000010 0.000010 0.000010 0.000010 0.000010 0.005236 0.046957 0.016451 0.043355 0.043321
0.589662 0.000010 0.015032 0.031660 0.000010 0.000010 0.158943 0.000010 0.047071 0.000010 0.000010 0.043122 0.114449
0.052524 0.000010 0.022667 0.143336 0.041092 0.097431 0.000010 0.586156 0.000010 0.000991 0.000010 0.016651 0.039112
0.000010 0.031985 0.000356 0.000010 0.046502 0.000010 0.018207 0.034960 0.000010 0.865362 0.002568 0.000010 0.000010
0.102536 0.050652 0.000010 0.114830 0.009858 0.160803 0.000010 0.534219 0.000010 0.000010 0.000010 0.027043 0.000010
0.000010 0.000010 0.000010 0.000010 0.000010 0.000010 0.000010 0.999880 0.000010 0.000010 0.000010 0.000010 0.000010
0.335066 0.084451 0.393138 0.007402 0.004561 0.023260 0.077646 0.000010 0.059526 0.000010 0.014910 0.000010 0.000010
0.326576 0.000010 0.582922 0.042829 0.017132 0.000010 0.000010 0.000010 0.000010 0.000010 0.000010 0.030462 0.000010
0.000010 0.000010 0.000010 0.000010 0.000010 0.650477 0.000010 0.000010 0.000010 0.000010 0.000010 0.349413 0.000010
0.303511 0.012263 0.516551 0.000010 0.005723 0.029051 0.000010 0.005835 0.036606 0.015823 0.007750 0.025162 0.041706
0.242657 0.000010 0.684258 0.014385 0.000010 0.000010 0.000010 0.013117 0.000010 0.016230 0.007299 0.000010 0.021994
0.041722 0.000010 0.858043 0.000010 0.007935 0.000010 0.033491 0.000010 0.043808 0.000010 0.014932 0.000010 0.000010
0.101378 0.215233 0.010014 0.228229 0.000010 0.043716 0.233085 0.043743 0.000010 0.000010 0.045159 0.000010 0.079402
0.000011 0.000014 0.000010 0.999869 0.000014 0.000011 0.000010 0.000010 0.000010 0.000010 0.000011 0.000010 0.000010
0.139513 0.000010 0.482419 0.023089 0.012670 0.000010 0.047646 0.000010 0.148992 0.029947 0.018907 0.025511 0.071274
0.000010 0.000010 0.000010 0.000010 0.000010 0.000010 0.000010 0.999880 0.000010 0.000010 0.000010 0.000010 0.000010
0.728362 0.048172 0.000010 0.100547 0.000010 0.009934 0.000010 0.000010 0.066291 0.009014 0.037620 0.000010 0.000010
0.097109 0.267372 0.472293 0.000010 0.022893 0.000010 0.055123 0.000010 0.000010 0.053209 0.000010 0.000010 0.031941
0.000010 0.044136 0.000010 0.000010 0.187238 0.242308 0.115472 0.352217 0.000010 0.012729 0.017341 0.028510 0.000010
0.611676 0.000010 0.063489 0.096527 0.000010 0.008961 0.080081 0.029079 0.018602 0.002388 0.047045 0.042120 0.000010
0.000010 0.000010 0.000017 0.000010 0.000010 0.000010 0.000010 0.000010 0.000010 0.999873 0.000010 0.000010 0.000010
0.156952 0.139887 0.515004 0.000010 0.016585 0.000010 0.000010 0.000010 0.032126 0.029427 0.040982 0.000010 0.068987
0.227679 0.112537 0.526849 0.000010 0.011500 0.000010 0.000010 0.000010 0.047151 0.010573 0.008132 0.000010 0.055529
0.349765 0.023040 0.492729 0.063691 0.000010 0.000010 0.000010 0.000010 0.000010 0.023216 0.042191 0.005308 0.000010
0.078665 0.000010 0.734723 0.000010 0.000010 0.000010 0.026758 0.000010 0.000010 0.021957 0.020336 0.000010 0.117491
0.000010 0.593492 0.153392 0.007653 0.000010 0.000010 0.131466 0.025223 0.000010 0.063235 0.006602 0.000010 0.018887
0.389823 0.065759 0.115546 0.004547 0.041690 0.000010 0.055063 0.067839 0.088309 0.030355 0.012214 0.026450 0.102395
0.068842 0.026138 0.847526 0.000010 0.000010 0.000010 0.000010 0.000010 0.000010 0.000010 0.000010 0.057404 0.000010
0.000010 0.000010 0.970967 0.000010 0.000010 0.000010 0.000010 0.000010 0.000010 0.028923 0.000010 0.000010 0.000010
0.430811 0.094586 0.072310 0.038187 0.023554 0.000010 0.029312 0.039909 0.246567 0.012960 0.000010 0.000010 0.011774
0.044438 0.109057 0.689822 0.000010 0.000010 0.000010 0.006509 0.000010 0.015620 0.134483 0.000010 0.000010 0.000010
0.431812 0.057389 0.012949 0.001166 0.032709 0.000010 0.170631 0.030826 0.122535 0.072679 0.035432 0.031852 0.000010
0.141971 0.021298 0.718012 0.028190 0.010049 0.007994 0.000010 0.002318 0.007694 0.057662 0.004782 0.000010 0.000010
0.208316 0.016559 0.655265 0.000010 0.018105 0.000010 0.036376 0.000010 0.032402 0.030325 0.000010 0.002602 0.000010
0.761800 0.082282 0.000010 0.018122 0.000010 0.025097 0.048652 0.027816 0.000010 0.000010 0.036172 0.000010 0.000010
0.026874 0.022779 0.879838 0.022933 0.000010 0.000010 0.024434 0.006963 0.000010 0.000010 0.000283 0.000010 0.015845
0.106189 0.249232 0.265901 0.000010 0.051738 0.000010 0.000010 0.019765 0.003278 0.303837 0.000010 0.000010 0.000010
0.147855 0.028686 0.792338 0.000010 0.001803 0.000010 0.000010 0.016827 0.000010 0.008169 0.000010 0.000010 0.004263
0.058153 0.251551 0.355821 0.000010 0.022266 0.000010 0.000564 0.000010 0.003727 0.307858 0.000010 0.000010 0.000010
0.125288 0.051183 0.540215 0.008006 0.037732 0.000010 0.090322 0.000010 0.111322 0.000010 0.019430 0.000010 0.016462
0.040910 0.081500 0.781742 0.000010 0.005281 0.000010 0.041503 0.000010 0.000010 0.039684 0.000010 0.009320 0.000010
0.247355 0.071806 0.601603 0.000010 0.009993 0.000010 0.000010 0.000010 0.007866 0.017404 0.000010 0.000010 0.043912
0.000010 0.734545 0.000010 0.000010 0.000010 0.000010 0.000010 0.000010 0.000010 0.265345 0.000010 0.000010 0.000010
0.003535 0.996355 0.000010 0.000010 0.000010 0.000010 0.000010 0.000010 0.000010 0.000010 0.000010 0.000010 0.000010
0.000010 0.000010 0.000010 0.000010 0.000010 0.000010 0.000010 0.000010 0.000010 0.000010 0.000010 0.999880 0.000010
0.000010 0.709856 0.000010 0.000010 0.000010 0.000010 0.000010 0.000010 0.000010 0.137554 0.000010 0.152491 0.000010
0.000010 0.667209 0.000010 0.000010 0.000010 0.000010 0.000010 0.000010 0.000010 0.211755 0.000010 0.120936 0.000010
0.000010 0.997649 0.000010 0.000010 0.000010 0.000010 0.000010 0.002241 0.000010 0.000010 0.000010 0.000010 0.000010
0.000010 0.519387 0.000010 0.390928 0.000010 0.000010 0.056844 0.000010 0.000010 0.006940 0.000010 0.025820 0.000010
0.098564 0.558711 0.032616 0.000010 0.015058 0.000010 0.000010 0.000010 0.028904 0.171757 0.017057 0.062354 0.014938
0.000010 0.000010 0.000010 0.000010 0.000010 0.000010 0.000010 0.000010 0.000010 0.000010 0.000010 0.999880 0.000010
0.080032 0.000010 0.450381 0.105008 0.023528 0.000010 0.053917 0.000010 0.255421 0.000010 0.000010 0.013890 0.017772
0.000010 0.999880 0.000010 0.000010 0.000010 0.000010 0.000010 0.000010 0.000010 0.000010 0.000010 0.000010 0.000010
0.000010 0.312563 0.000010 0.000010 0.000010 0.000010 0.000010 0.000010 0.000010 0.000010 0.000010 0.687327 0.000010
0.000010 0.000010 0.000010 0.884422 0.000010 0.009609 0.000010 0.046872 0.000010 0.005883 0.000010 0.000010 0.053134
0.000010 0.000010 0.000010 0.013201 0.164621 0.183116 0.062040 0.448809 0.072613 0.000010 0.000010 0.000010 0.055540
0.000010 0.000010 0.000010 0.009123 0.175095 0.195263 0.063604 0.462313 0.019389 0.003939 0.028680 0.000010 0.042554
0.000010 0.000010 0.000010 0.999870 0.000012 0.000014 0.000010 0.000012 0.000010 0.000010 0.000010 0.000011 0.000010
0.000010 0.911268 0.073336 0.000010 0.000010 0.000010 0.000010 0.000010 0.000010 0.000010 0.000010 0.015295 0.000010
0.000010 0.992231 0.000010 0.000010 0.000010 0.000010 0.000010 0.000010 0.000010 0.000010 0.000010 0.007659 0.000010
0.000010 0.176589 0.000010 0.000010 0.000010 0.000010 0.000010 0.000010 0.000010 0.000010 0.000010 0.823301 0.000010
0.000010 0.015550 0.000010 0.003816 0.418215 0.226178 0.135636 0.139547 0.023887 0.000010 0.000010 0.000010 0.037120
0.000010 0.000010 0.000010 0.000010 0.999880 0.000010 0.000010 0.000010 0.000010 0.000010 0.000010 0.000010 0.000010
0.066365 0.000010 0.000010 0.048388 0.000010 0.694039 0.000010 0.081106 0.000010 0.000019 0.049883 0.060139 0.000010
0.000010 0.871219 0.031447 0.000010 0.000010 0.000010 0.031084 0.032754 0.000010 0.000010 0.000010 0.025016 0.008410
0.089662 0.018544 0.852142 0.000010 0.000010 0.000010 0.000010 0.000010 0.000010 0.016398 0.010303 0.012880 0.000010
0.118224 0.028508 0.703723 0.000010 0.000010 0.000010 0.063050 0.000010 0.024606 0.008358 0.000010 0.016846 0.036635
0.196945 0.000010 0.000010 0.045072 0.000010 0.000010 0.616782 0.054453 0.016685 0.038421 0.018400 0.000010 0.013193
0.209569 0.000010 0.004320 0.000010 0.000010 0.000010 0.651531 0.071692 0.044006 0.018812 0.000010 0.000010 0.000010
0.032233 0.055297 0.854678 0.000010 0.000010 0.000010 0.022164 0.000010 0.022045 0.000010 0.000010 0.005224 0.008299
0.025322 0.272775 0.199674 0.000010 0.047422 0.000010 0.018931 0.000010 0.075120 0.352356 0.000010 0.000010 0.008350
0.349851 0.143800 0.224169 0.000010 0.006468 0.000010 0.065029 0.000010 0.053944 0.124565 0.000010 0.020611 0.011524
0.203548 0.077340 0.396255 0.009024 0.038044 0.000010 0.130186 0.012777 0.000010 0.048548 0.000010 0.084239 0.000010
0.000010 0.000010 0.000010 0.000010 0.000010 0.000010 0.000010 0.000010 0.000010 0.000010 0.999880 0.000010 0.000010
0.251601 0.019811 0.589036 0.042701 0.000010 0.000010 0.018471 0.000010 0.020724 0.015394 0.004422 0.006602 0.031208
0.042061 0.000010 0.899741 0.000010 0.000010 0.000010 0.000010 0.000010 0.000010 0.016679 0.000010 0.041430 0.000010
0.451511 0.000010 0.396062 0.057084 0.000010 0.000010 0.000010 0.007814 0.015441 0.026315 0.000010 0.042514 0.003210
0.196201 0.000010 0.621195 0.000010 0.020717 0.000010 0.064373 0.000010 0.035330 0.010389 0.000010 0.000010 0.051735
0.506260 0.000010 0.409617 0.000010 0.000010 0.000010 0.000010 0.000010 0.000010 0.065987 0.000010 0.002779 0.015278
0.356841 0.000010 0.349495 0.000010 0.000010 0.024313 0.169598 0.024842 0.017059 0.035585 0.000238 0.013246 0.008754
0.000010 0.000010 0.000010 0.000010 0.000010 0.000010 0.000010 0.000010 0.000010 0.000010 0.000010 0.999880 0.000010
0.000010 0.100087 0.565405 0.000010 0.000010 0.000010 0.264111 0.010262 0.012238 0.007861 0.000010 0.014612 0.025374
0.236227 0.000010 0.645911 0.006549 0.000010 0.000010 0.064610 0.030084 0.005746 0.008011 0.000010 0.000010 0.002811
0.197046 0.047999 0.613809 0.000010 0.001423 0.000010 0.102057 0.000010 0.012420 0.011935 0.002023 0.000722 0.010536
0.418961 0.058174 0.176929 0.000010 0.035726 0.000010 0.155959 0.036961 0.070753 0.034453 0.000010 0.012044 0.000010
0.000010 0.055300 0.896158 0.009000 0.000010 0.003525 0.019155 0.016792 0.000010 0.000010 0.000010 0.000010 0.000010
0.000010 0.000010 0.128599 0.000010 0.000010 0.000010 0.000010 0.000010 0.000010 0.013466 0.000010 0.000010 0.857835
0.523082 0.000010 0.033106 0.000010 0.083089 0.000010 0.296389 0.037072 0.008050 0.019053 0.000010 0.000010 0.000110
0.239356 0.000010 0.122684 0.000010 0.061107 0.000010 0.358385 0.041489 0.048118 0.000010 0.000010 0.048836 0.079975
0.280728 0.028232 0.065189 0.032238 0.071546 0.000010 0.368852 0.063272 0.043433 0.025528 0.000010 0.020953 0.000010
0.419607 0.039367 0.192194 0.018980 0.000010 0.000010 0.277724 0.000010 0.052058 0.000010 0.000010 0.000010 0.000010
0.101456 0.018272 0.845023 0.000010 0.001105 0.000010 0.020293 0.000010 0.010504 0.000010 0.000010 0.003287 0.000010
0.119375 0.048711 0.722852 0.000010 0.022669 0.000010 0.050072 0.000010 0.004127 0.009289 0.000010 0.001219 0.021646
0.000010 0.000010 0.758999 0.029248 0.000010 0.000010 0.211650 0.000010 0.000010 0.000013 0.000010 0.000010 0.000010
0.000010 0.000010 0.857591 0.000010 0.000010 0.000010 0.125215 0.000010 0.017094 0.000010 0.000010 0.000010 0.000010
0.304965 0.000010 0.183722 0.031093 0.062237 0.000010 0.267604 0.000010 0.044611 0.008299 0.000010 0.000010 0.097418
0.070794 0.079787 0.043606 0.020596 0.036076 0.000010 0.194389 0.000480 0.051240 0.458564 0.018111 0.026337 0.000010
0.098520 0.176383 0.439619 0.024869 0.027502 0.000010 0.092144 0.004902 0.036932 0.051272 0.003199 0.000010 0.044638
0.154868 0.242297 0.414879 0.000010 0.049021 0.000010 0.000010 0.000010 0.000010 0.121440 0.000010 0.017426 0.000010
0.000010 0.000010 0.049831 0.000010 0.000010 0.014565 0.864102 0.005684 0.007669 0.024327 0.000010 0.009352 0.024421
0.090079 0.000010 0.835206 0.000010 0.000687 0.000010 0.000010 0.000010 0.022945 0.022388 0.000010 0.000010 0.028626
0.676738 0.166520 0.000010 0.033502 0.000010 0.000010 0.000010 0.029449 0.015514 0.000010 0.040736 0.008356 0.029134
0.264357 0.000010 0.678049 0.000010 0.003119 0.000010 0.000010 0.000010 0.010405 0.007880 0.000010 0.036119 0.000010
0.000010 0.000010 0.999880 0.000010 0.000010 0.000010 0.000010 0.000010 0.000010 0.000010 0.000010 0.000010 0.000010
0.034804 0.054951 0.657380 0.036525 0.000010 0.000010 0.000010 0.000010 0.040546 0.000010 0.000010 0.000010 0.175724
0.471320 0.013220 0.031780 0.007456 0.000010 0.031924 0.279301 0.000010 0.031652 0.074391 0.000010 0.000010 0.058916
0.000010 0.000010 0.999880 0.000010 0.000010 0.000010 0.000010 0.000010 0.000010 0.000010 0.000010 0.000010 0.000010
0.000010 0.000010 0.000734 0.030537 0.000010 0.000010 0.918291 0.000010 0.046658 0.000010 0.000010 0.000010 0.003700
0.000211 0.042835 0.034333 0.020750 0.000010 0.025302 0.855044 0.000010 0.004838 0.014771 0.000010 0.000010 0.001874
0.000010 0.000010 0.000010 0.000010 0.008482 0.000010 0.918354 0.000010 0.033275 0.000010 0.000010 0.024224 0.015585
0.000010 0.000010 0.000010 0.000010 0.000010 0.000010 0.926349 0.000010 0.005902 0.006261 0.000010 0.003735 0.057673
0.059129 0.080753 0.000010 0.000010 0.000010 0.000010 0.803652 0.000010 0.000010 0.000010 0.032080 0.024307 0.000010
0.000010 0.023629 0.000010 0.001230 0.006301 0.000010 0.107585 0.013503 0.000863 0.835939 0.000010 0.010167 0.000743
0.177206 0.115420 0.494473 0.035405 0.028405 0.000010 0.127254 0.000010 0.006306 0.005647 0.000010 0.000010 0.009843
0.000010 0.079165 0.876416 0.000010 0.000010 0.000010 0.000010 0.000010 0.016498 0.009108 0.000010 0.018733 0.000010
0.000010 0.004726 0.747010 0.004093 0.000010 0.000010 0.243912 0.000010 0.000010 0.000179 0.000010 0.000010 0.000010
0.060156 0.076733 0.637417 0.000010 0.011426 0.000010 0.056994 0.000010 0.037124 0.000010 0.000010 0.021866 0.098235
0.036859 0.023670 0.898347 0.000010 0.000010 0.000010 0.000010 0.000010 0.000010 0.000010 0.000010 0.036756 0.004287
0.053334 0.000010 0.002134 0.000010 0.000010 0.000010 0.936888 0.000010 0.000010 0.000010 0.000010 0.007554 0.000010
0.035378 0.000010 0.885200 0.009241 0.008811 0.000010 0.000010 0.009486 0.000010 0.000983 0.000010 0.009715 0.041136
0.612073 0.013353 0.092158 0.000010 0.000010 0.024824 0.209985 0.000010 0.004111 0.028040 0.015406 0.000010 0.000010
0.000010 0.000010 0.000010 0.000010 0.000010 0.000010 0.000010 0.000010 0.000010 0.999880 0.000010 0.000010 0.000010
0.078696 0.000010 0.000010 0.426849 0.050461 0.027861 0.301189 0.000010 0.028235 0.000010 0.000010 0.000010 0.086649
0.311644 0.022336 0.045250 0.020618 0.032981 0.000010 0.414963 0.000010 0.026872 0.027854 0.000010 0.000010 0.097442
0.020629 0.019928 0.302685 0.000010 0.000010 0.000010 0.640226 0.000010 0.009866 0.006597 0.000010 0.000010 0.000010
0.208660 0.000010 0.025485 0.044005 0.085851 0.014535 0.495085 0.014495 0.037186 0.000010 0.000010 0.014933 0.059733
0.000010 0.008686 0.000010 0.074129 0.000010 0.023564 0.832078 0.019504 0.000010 0.000010 0.006081 0.011392 0.024516
0.135421 0.000010 0.077688 0.000010 0.054004 0.000010 0.654566 0.000010 0.000724 0.031678 0.041795 0.004074 0.000010
0.000010 0.000010 0.000010 0.000010 0.000010 0.000010 0.999880 0.000010 0.000010 0.000010 0.000010 0.000010 0.000010
0.000010 0.000010 0.199324 0.038695 0.018204 0.000010 0.634270 0.000010 0.034945 0.028343 0.029243 0.006468 0.010468
0.192859 0.055943 0.037012 0.000010 0.043243 0.000010 0.521021 0.000010 0.058793 0.000010 0.000010 0.032355 0.058724
0.161015 0.028042 0.712381 0.035544 0.015724 0.000010 0.000010 0.000010 0.000010 0.015469 0.026145 0.005630 0.000010
0.689675 0.054332 0.000010 0.000012 0.000010 0.012922 0.103377 0.000010 0.024492 0.005861 0.036000 0.046520 0.026779
0.000010 0.017388 0.000326 0.012538 0.000010 0.000010 0.898613 0.000010 0.011669 0.020471 0.000010 0.000010 0.038934
0.059776 0.045122 0.062220 0.000010 0.000010 0.014675 0.751379 0.000010 0.000010 0.002823 0.000010 0.006687 0.057269
0.000010 0.000010 0.578466 0.023239 0.000010 0.031460 0.276723 0.000010 0.015152 0.015201 0.028324 0.000010 0.031384
0.056907 0.000010 0.926023 0.000010 0.000010 0.000010 0.000010 0.000010 0.016970 0.000010 0.000010 0.000010 0.000010
0.273093 0.000010 0.000010 0.000010 0.029291 0.000010 0.560511 0.000010 0.047186 0.026826 0.000010 0.000010 0.063022
0.000010 0.000010 0.012934 0.054545 0.000010 0.000010 0.000010 0.000010 0.000010 0.912623 0.000010 0.000010 0.019808
0.000010 0.000010 0.899929 0.017065 0.000010 0.000010 0.000010 0.047493 0.000010 0.002651 0.000010 0.000010 0.032782
0.000010 0.017059 0.931278 0.000010 0.000010 0.000010 0.014609 0.000010 0.026858 0.000010 0.000010 0.000010 0.010116
0.166713 0.033560 0.078961 0.045842 0.044550 0.000010 0.627744 0.000010 0.002570 0.000010 0.000010 0.000010 0.000010
0.040902 0.000010 0.432413 0.043082 0.013428 0.000010 0.351305 0.090351 0.001326 0.014487 0.000010 0.000010 0.012666
0.485901 0.001366 0.154110 0.000010 0.001493 0.000010 0.252811 0.000010 0.070660 0.004675 0.000010 0.000010 0.028935
0.145390 0.015961 0.000010 0.000010 0.000010 0.000010 0.782870 0.014695 0.000010 0.041003 0.000010 0.000010 0.000010
0.000010 0.000010 0.996165 0.000010 0.000010 0.000010 0.000010 0.000010 0.000010 0.003725 0.000010 0.000010 0.000010
0.000010 0.000010 0.990137 0.000010 0.000010 0.000010 0.009092 0.000010 0.000010 0.000671 0.000010 0.000010 0.000010
0.021669 0.000010 0.480914 0.000010 0.000010 0.000010 0.397624 0.000010 0.027762 0.024006 0.000010 0.047955 0.000010
0.483942 0.000010 0.456048 0.015014 0.000010 0.000010 0.000010 0.000010 0.008632 0.026867 0.000010 0.009427 0.000010
0.000010 0.000010 0.000010 0.000010 0.000010 0.000010 0.000010 0.000010 0.000010 0.000010 0.999880 0.000010 0.000010
0.155845 0.000010 0.040789 0.076363 0.000010 0.000010 0.600377 0.021477 0.010992 0.037355 0.000010 0.020686 0.036076
0.047471 0.029164 0.845471 0.000010 0.000010 0.000010 0.034497 0.009126 0.003314 0.026855 0.004051 0.000010 0.000010
