0.095670 0.169992 0.734339
0.068315 0.354693 0.576992
0.035132 0.254242 0.710626
0.922728 0.052016 0.025255
0.031875 0.364264 0.603861
0.040471 0.060830 0.898699
0.446709 0.070422 0.482869
0.000010 0.000010 0.999980
0.112803 0.367793 0.519404
0.022462 0.000010 0.977528
0.020426 0.087800 0.891774
0.035094 0.289243 0.675664
0.208031 0.386932 0.405037
0.528153 0.242784 0.229064
0.007318 0.000010 0.992672
0.056945 0.300392 0.642663
0.034347 0.078524 0.887129
0.313232 0.038092 0.648676
0.042624 0.269123 0.688253
0.000010 0.999980 0.000010
0.021319 0.972490 0.006191
0.000010 0.999980 0.000010
0.008337 0.965544 0.026118
0.757033 0.140192 0.102775
0.102214 0.390480 0.507306
0.001091 0.998899 0.000010
0.082881 0.475101 0.442018
0.005369 0.994621 0.000010
0.095316 0.427312 0.477371
0.114448 0.416439 0.469112
0.054659 0.507887 0.437454
0.096252 0.393485 0.510264
0.247461 0.416138 0.336401
0.151683 0.460975 0.387342
0.052144 0.364362 0.583494
0.393237 0.134380 0.472383
0.461655 0.082801 0.455544
0.080558 0.899556 0.019886
0.106400 0.416875 0.476725
0.084043 0.489300 0.426656
0.000010 0.000010 0.999980
0.088470 0.360130 0.551400
0.032324 0.080781 0.886895
0.034735 0.032486 0.932779
0.085145 0.553450 0.361405
0.000497 0.999493 0.000010
0.000010 0.979672 0.020318
0.106751 0.719450 0.173799
0.128669 0.471002 0.400329
0.145935 0.442632 0.411433
0.112702 0.444254 0.443044
0.124915 0.532124 0.342961
0.139012 0.366599 0.494388
0.098377 0.446120 0.455503
0.139662 0.501610 0.358728
0.066493 0.411300 0.522207
0.020512 0.030283 0.949205
0.140135 0.407779 0.452086
0.104308 0.428057 0.467634
0.063683 0.037208 0.899109
0.041280 0.474508 0.484212
0.112563 0.380647 0.506789
0.041115 0.247101 0.711785
0.101453 0.443197 0.455351
0.105459 0.430334 0.464207
0.278176 0.273329 0.448495
0.397988 0.557802 0.044211
0.725147 0.189675 0.085178
0.014737 0.026923 0.958339
0.137740 0.460913 0.401347
0.136441 0.436475 0.427084
0.100531 0.422597 0.476872
0.058800 0.405140 0.536060
0.089935 0.399601 0.510464
0.100939 0.341075 0.557986
0.054033 0.496696 0.449271
0.081069 0.470305 0.448626
0.055561 0.489825 0.454615
0.046319 0.953671 0.000010
0.101293 0.406104 0.492603
0.075111 0.480965 0.443923
0.048580 0.083497 0.867923
0.043251 0.070261 0.886488
0.052747 0.454234 0.493019
0.077580 0.010296 0.912124
0.056581 0.933093 0.010326
0.014493 0.910439 0.075068
0.045971 0.095026 0.859003
0.116171 0.343462 0.540367
0.042458 0.957532 0.000010
0.018764 0.929808 0.051428
0.029522 0.899605 0.070873
0.007018 0.955268 0.037714
0.024971 0.947772 0.027257
0.080871 0.518690 0.400439
0.118725 0.505525 0.375750
0.120862 0.499437 0.379701
0.061615 0.259440 0.678944
0.061739 0.032157 0.906105
0.126444 0.542239 0.331317
0.077119 0.440004 0.482877
0.130299 0.559311 0.310390
0.057420 0.283893 0.658687
0.999980 0.000010 0.000010
0.019832 0.048009 0.932159
0.510844 0.287258 0.201898
0.061861 0.103165 0.834974
0.101550 0.378893 0.519557
0.064673 0.314210 0.621117
0.002548 0.029397 0.968055
0.121949 0.524251 0.353800
0.012189 0.127095 0.860716
0.014301 0.034317 0.951382
0.012849 0.000010 0.987141
0.046993 0.363588 0.589419
0.065597 0.135532 0.798871
0.999979 0.000011 0.000010
0.999980 0.000010 0.000010
0.008195 0.039816 0.951988
0.999980 0.000010 0.000010
0.029776 0.058078 0.912146
0.000010 0.000010 0.999980
0.999980 0.000010 0.000010
0.999980 0.000010 0.000010
0.999980 0.000010 0.000010
0.999980 0.000010 0.000010
0.867930 0.110012 0.022058
0.089037 0.362064 0.548899
0.087629 0.382303 0.530068
0.999980 0.000010 0.000010
0.206466 0.133823 0.659711
0.035929 0.063257 0.900814
0.999980 0.000010 0.000010
0.962657 0.024968 0.012375
0.999980 0.000010 0.000010
0.082167 0.397071 0.520761
0.086527 0.316343 0.597129
0.069664 0.378121 0.552215
0.089732 0.409469 0.500799
0.918432 0.000010 0.081558
0.457356 0.482782 0.059861
0.999979 0.000011 0.000010
0.999979 0.000011 0.000010
0.999980 0.000010 0.000010
0.999980 0.000010 0.000010
0.999980 0.000010 0.000010
0.999973 0.000017 0.000010
0.075662 0.354746 0.569592
0.999980 0.000010 0.000010
0.899743 0.084280 0.015977
0.000449 0.004311 0.995240
0.859943 0.092451 0.047606
0.588335 0.085001 0.326664
0.999980 0.000010 0.000010
0.999980 0.000010 0.000010
0.999980 0.000010 0.000010
0.999980 0.000010 0.000010
0.980166 0.012138 0.007696
0.999980 0.000010 0.000010
0.069848 0.440772 0.489380
0.105393 0.878596 0.016011
0.098030 0.836806 0.065164
0.103971 0.872208 0.023821
0.999980 0.000010 0.000010
0.999980 0.000010 0.000010
0.101706 0.877092 0.021202
0.092294 0.838838 0.068868
0.087216 0.834342 0.078442
0.999979 0.000011 0.000010
0.999980 0.000010 0.000010
0.154214 0.529158 0.316627
0.999980 0.000010 0.000010
0.064696 0.341971 0.593334
0.710662 0.072768 0.216570
0.705257 0.087988 0.206756
0.000010 0.133759 0.866231
0.683224 0.110315 0.206461
0.012935 0.960103 0.026963
0.139987 0.562301 0.297712
0.117592 0.174065 0.708343
0.124146 0.674395 0.201459
0.415727 0.220742 0.363530
0.444150 0.224771 0.331079
0.003800 0.022206 0.973994
0.726065 0.199625 0.074310
0.066712 0.259272 0.674017
0.066781 0.017713 0.915506
0.354550 0.044566 0.600884
0.091229 0.525821 0.382951
0.081020 0.189101 0.729879
0.053600 0.389920 0.556480
0.098246 0.727648 0.174106
0.907676 0.044738 0.047586
0.098750 0.763835 0.137415
0.099904 0.859040 0.041056
0.019253 0.236603 0.744144
0.026398 0.104970 0.868632
0.049494 0.848296 0.102209
0.042709 0.171097 0.786194
0.035471 0.051373 0.913156
0.004592 0.017834 0.977573
0.079129 0.541413 0.379457
0.147769 0.559006 0.293225
0.070111 0.162644 0.767245
0.094597 0.863258 0.042145
0.068087 0.475348 0.456565
0.110416 0.117011 0.772573
0.185012 0.699982 0.115006
0.057438 0.449535 0.493026
0.999980 0.000010 0.000010
0.072011 0.129225 0.798764
0.055045 0.107051 0.837904
0.049455 0.168588 0.781956
0.032219 0.031844 0.935937
0.140630 0.274331 0.585039
0.107012 0.379774 0.513215
0.002075 0.000010 0.997915
0.011945 0.000010 0.988045
0.085530 0.382998 0.531471
0.153317 0.000010 0.846673
0.146547 0.424856 0.428597
0.073859 0.045918 0.880224
0.057041 0.034546 0.908412
0.043813 0.535081 0.421106
0.000010 0.000010 0.999980
0.374470 0.109957 0.515573
0.023588 0.021028 0.955384
0.355151 0.048922 0.595926
0.037179 0.157611 0.805210
0.049649 0.002217 0.948134
0.046935 0.051624 0.901440
0.389172 0.211099 0.399729
0.102984 0.348103 0.548914
0.121350 0.426108 0.452542
0.261989 0.269041 0.468970
0.330004 0.260422 0.409575
0.122931 0.362872 0.514197
0.136710 0.449475 0.413815
0.275300 0.273694 0.451006
0.123138 0.427324 0.449538
0.053946 0.193547 0.752507
0.102031 0.294172 0.603798
0.088134 0.307915 0.603951
0.148999 0.565527 0.285474
0.139136 0.667070 0.193794
0.156688 0.692602 0.150710
0.141846 0.559257 0.298896
0.100210 0.268262 0.631528
0.125325 0.360100 0.514575
0.123144 0.362993 0.513864
0.227699 0.521845 0.250456
0.445099 0.258511 0.296390
0.043297 0.933776 0.022928
0.112284 0.341806 0.545910
0.021483 0.000010 0.978507
0.024867 0.042308 0.932825
0.111529 0.499806 0.388665
0.068732 0.491537 0.439731
0.009542 0.000010 0.990448
0.420541 0.101684 0.477775
0.173574 0.210065 0.616361
0.108154 0.200231 0.691616
0.024062 0.975928 0.000010
0.037381 0.118843 0.843776
0.008954 0.000010 0.991036
0.056823 0.205876 0.737301
0.043268 0.078690 0.878042
0.087958 0.158644 0.753398
0.056876 0.247745 0.695379
0.138230 0.509385 0.352385
0.036738 0.141840 0.821422
0.021599 0.077162 0.901239
0.032408 0.090505 0.877087
0.099205 0.298009 0.602786
0.006336 0.006280 0.987385
0.090315 0.304824 0.604861
0.120686 0.396663 0.482651
0.081139 0.350664 0.568196
0.119850 0.396900 0.483250
0.042380 0.278752 0.678868
0.008826 0.000010 0.991164
0.041053 0.003558 0.955389
0.010838 0.060686 0.928477
0.012839 0.009552 0.977609
0.090717 0.303733 0.605550
0.516237 0.217749 0.266014
0.105410 0.146913 0.747677
0.186104 0.092279 0.721618
0.058881 0.456156 0.484963
0.029993 0.007597 0.962409
0.054463 0.462169 0.483368
0.028721 0.044494 0.926784
0.000010 0.000010 0.999980
0.003120 0.102570 0.894310
0.119558 0.389378 0.491064
0.000010 0.000010 0.999980
0.019542 0.505822 0.474636
0.065441 0.487919 0.446640
0.034706 0.491214 0.474080
0.062067 0.527831 0.410103
0.041566 0.505579 0.452855
0.859276 0.079897 0.060827
0.054599 0.138125 0.807276
0.015126 0.000010 0.984864
0.013951 0.057276 0.928774
0.036528 0.057645 0.905827
0.000010 0.000010 0.999980
0.057994 0.503154 0.438853
0.005859 0.000010 0.994131
0.072449 0.391302 0.536249
0.999980 0.000010 0.000010
0.093686 0.518803 0.387511
0.095058 0.371265 0.533677
0.031321 0.312630 0.656050
0.096703 0.466475 0.436822
0.070585 0.589135 0.340279
0.095647 0.410865 0.493489
0.042937 0.528195 0.428867
0.073617 0.386700 0.539683
0.090552 0.405038 0.504410
0.043999 0.069784 0.886217
0.064379 0.459376 0.476245
0.067188 0.489819 0.442994
0.048325 0.480322 0.471352
0.032007 0.177919 0.790074
0.000010 0.000010 0.999980
0.099927 0.431910 0.468163
0.930562 0.019101 0.050337
0.015383 0.024784 0.959834
0.000010 0.000010 0.999980
0.075054 0.420096 0.504850
0.051039 0.254064 0.694897
0.039739 0.303642 0.656619
0.082558 0.498625 0.418817
0.000010 0.000010 0.999980
0.000010 0.000010 0.999980
0.053458 0.169014 0.777528
0.058549 0.131783 0.809668
0.057814 0.942176 0.000010
0.088163 0.421565 0.490272
0.020190 0.008218 0.971592
0.079266 0.920724 0.000010
0.506895 0.234970 0.258135
0.468996 0.242081 0.288923
0.065818 0.107735 0.826447
0.056362 0.138542 0.805095
0.042891 0.068603 0.888506
0.046395 0.355061 0.598544
0.007371 0.000010 0.992619
0.000010 0.000010 0.999980
0.074282 0.375235 0.550483
0.022525 0.126279 0.851196
0.084918 0.135885 0.779196
0.026657 0.302454 0.670888
0.039278 0.092265 0.868457
0.052163 0.044694 0.903143
0.034408 0.070635 0.894957
0.028014 0.037645 0.934341
0.000010 0.000010 0.999980
0.007782 0.000010 0.992208
0.081093 0.386137 0.532771
0.092421 0.229725 0.677854
0.050495 0.546566 0.402939
0.000010 0.000010 0.999980
0.083504 0.372208 0.544288
0.076596 0.100852 0.822552
0.060503 0.155631 0.783866
0.072421 0.452517 0.475062
0.026848 0.041861 0.931291
0.057840 0.313499 0.628662
0.091921 0.480445 0.427634
0.092769 0.446780 0.460451
0.044640 0.344621 0.610739
0.059005 0.485701 0.455295
0.124368 0.586002 0.289629
0.085040 0.352315 0.562644
0.018087 0.133931 0.847982
0.015143 0.000010 0.984847
0.016046 0.055100 0.928853
0.003816 0.035338 0.960846
0.053030 0.465874 0.481096
0.067012 0.260752 0.672236
0.034699 0.187252 0.778049
0.031381 0.723849 0.244769
0.018467 0.064615 0.916919
0.030339 0.036866 0.932794
0.999979 0.000011 0.000010
0.999980 0.000010 0.000010
0.044597 0.392806 0.562597
0.076052 0.376034 0.547915
0.054388 0.315237 0.630375
0.044889 0.290743 0.664368
0.999979 0.000011 0.000010
0.999980 0.000010 0.000010
0.061204 0.463888 0.474908
0.058318 0.458811 0.482871
0.999980 0.000010 0.000010
0.999980 0.000010 0.000010
0.999980 0.000010 0.000010
0.066668 0.477546 0.455786
0.044225 0.501674 0.454102
0.192532 0.404007 0.403461
0.083692 0.478805 0.437502
0.227807 0.567077 0.205116
0.086332 0.546458 0.367210
0.999980 0.000010 0.000010
0.059407 0.483843 0.456750
0.061077 0.336145 0.602778
0.563375 0.171820 0.264805
0.903815 0.029935 0.066250
0.048307 0.437901 0.513792
0.999980 0.000010 0.000010
0.999980 0.000010 0.000010
0.999980 0.000010 0.000010
0.999980 0.000010 0.000010
0.999980 0.000010 0.000010
0.013537 0.143371 0.843092
0.139596 0.106611 0.753792
0.159661 0.085359 0.754980
0.999979 0.000011 0.000010
0.569460 0.150242 0.280298
0.099935 0.239666 0.660399
0.015855 0.026310 0.957835
0.074897 0.141872 0.783232
0.034206 0.333457 0.632337
0.056574 0.318882 0.624544
0.023926 0.082680 0.893393
0.025070 0.341336 0.633594
0.100312 0.267920 0.631768
0.044060 0.036670 0.919270
0.072870 0.091170 0.835960
0.010119 0.267711 0.722170
0.030690 0.110817 0.858493
0.113645 0.245762 0.640593
0.151033 0.627323 0.221644
0.082312 0.408737 0.508950
0.064630 0.246029 0.689341
0.045448 0.214638 0.739914
0.007875 0.029406 0.962719
0.087456 0.720652 0.191892
0.212233 0.483720 0.304047
0.040265 0.125971 0.833763
0.021806 0.063641 0.914553
0.398559 0.022092 0.579350
0.038486 0.203180 0.758334
0.766086 0.158251 0.075663
0.063695 0.212185 0.724120
0.150340 0.504403 0.345257
0.000010 0.031583 0.968407
0.000010 0.000010 0.999980
0.000010 0.026499 0.973491
0.002320 0.072899 0.924781
0.028757 0.878847 0.092397
0.074785 0.486762 0.438453
0.141321 0.559922 0.298757
0.072047 0.371366 0.556587
0.061275 0.203088 0.735637
0.034496 0.458504 0.507000
0.077344 0.417745 0.504911
0.132516 0.568556 0.298928
0.000901 0.024864 0.974236
0.004104 0.049908 0.945988
0.088677 0.406078 0.505244
0.000010 0.000010 0.999980
0.077056 0.428389 0.494554
0.050751 0.880480 0.068770
0.070521 0.420995 0.508484
0.000010 0.999980 0.000010
0.075138 0.800095 0.124768
0.452588 0.333012 0.214399
0.046658 0.938650 0.014691
0.999980 0.000010 0.000010
0.005996 0.119742 0.874262
0.067460 0.485740 0.446800
0.081506 0.429302 0.489192
0.907101 0.024110 0.068789
0.082242 0.270092 0.647666
0.156780 0.513928 0.329292
0.084884 0.476082 0.439035
0.109334 0.421217 0.469450
0.102452 0.371413 0.526135
0.125027 0.307586 0.567387
0.085911 0.430891 0.483198
0.791597 0.142421 0.065981
0.743603 0.157816 0.098581
0.849052 0.089153 0.061795
0.112522 0.464220 0.423257
0.140847 0.588281 0.270872
0.017463 0.872303 0.110233
0.106140 0.610294 0.283566
0.000010 0.000010 0.999980
0.144166 0.003106 0.852728
0.037172 0.183062 0.779767
0.102233 0.116458 0.781308
0.049095 0.444244 0.506661
0.000010 0.000010 0.999980
0.016112 0.000010 0.983878
0.730846 0.174691 0.094462
0.793194 0.122474 0.084332
0.004834 0.000010 0.995156
0.108985 0.404767 0.486248
0.027572 0.048598 0.923830
0.056248 0.109948 0.833805
0.094156 0.394204 0.511640
0.895411 0.044294 0.060295
0.368315 0.073763 0.557922
0.282962 0.483366 0.233671
0.071019 0.081657 0.847324
0.065917 0.323734 0.610349
0.074081 0.106829 0.819090
0.912264 0.022857 0.064879
0.000010 0.005116 0.994874
0.046897 0.151926 0.801177
0.081669 0.228005 0.690326
0.022500 0.160411 0.817089
0.119629 0.712469 0.167902
0.143411 0.564603 0.291987
0.136300 0.719151 0.144550
0.077113 0.490779 0.432108
0.072387 0.432063 0.495550
0.111979 0.834986 0.053034
0.133282 0.866708 0.000010
0.097497 0.459026 0.443477
0.128209 0.871781 0.000010
0.063491 0.662279 0.274231
0.053032 0.835325 0.111643
0.095788 0.452923 0.451289
0.096183 0.392822 0.510996
0.076780 0.402329 0.520891
0.077962 0.370513 0.551524
0.074613 0.389184 0.536202
0.081021 0.399897 0.519082
0.116237 0.395117 0.488646
0.070069 0.400435 0.529496
0.060751 0.422820 0.516429
0.042681 0.923733 0.033586
0.026856 0.940214 0.032930
0.108304 0.891686 0.000010
0.000010 0.000010 0.999980
0.156762 0.843228 0.000010
0.135155 0.296738 0.568106
0.113089 0.839769 0.047143
0.060251 0.939739 0.000010
0.023698 0.958231 0.018072
0.029386 0.932705 0.037909
0.053247 0.929056 0.017697
0.012996 0.924687 0.062317
0.000010 0.995367 0.004623
0.024793 0.051423 0.923785
0.071225 0.385745 0.543030
0.077654 0.425310 0.497036
0.032146 0.967844 0.000010
0.000010 0.000010 0.999980
0.083782 0.425961 0.490258
0.084229 0.438789 0.476982
0.000010 0.000010 0.999980
0.089123 0.439557 0.471320
0.000010 0.972975 0.027015
0.112529 0.436954 0.450517
0.094849 0.399400 0.505751
0.090994 0.430591 0.478415
0.000010 0.999980 0.000010
0.081935 0.387130 0.530935
0.124263 0.104577 0.771160
0.070486 0.887009 0.042506
0.045440 0.890315 0.064245
0.040324 0.836901 0.122775
0.999980 0.000010 0.000010
0.919288 0.044511 0.036201
0.028701 0.971289 0.000010
0.088531 0.881902 0.029568
0.000010 0.999980 0.000010
0.029142 0.970848 0.000010
0.000010 0.999980 0.000010
0.000010 0.999980 0.000010
0.006829 0.993161 0.000010
0.063541 0.874857 0.061602
0.065120 0.840464 0.094415
0.045453 0.836211 0.118336
0.017174 0.982816 0.000010
0.020848 0.864617 0.114535
0.219523 0.451315 0.329162
0.000010 0.155843 0.844147
0.081703 0.460268 0.458028
0.106786 0.375677 0.517537
0.097610 0.394519 0.507870
0.157846 0.706428 0.135726
0.257735 0.503395 0.238870
0.089034 0.288176 0.622790
0.121980 0.386279 0.491741
0.132552 0.711742 0.155705
0.031177 0.000010 0.968813
0.000010 0.999980 0.000010
0.082535 0.868516 0.048949
0.000010 0.999980 0.000010
0.093260 0.429328 0.477411
0.053019 0.937073 0.009908
0.008778 0.987288 0.003934
0.014015 0.952407 0.033578
0.002411 0.961425 0.036164
0.000010 0.990471 0.009519
0.006614 0.993376 0.000010
0.121802 0.361677 0.516521
0.067471 0.441763 0.490766
0.125902 0.673011 0.201087
0.117099 0.704949 0.177953
0.068262 0.422342 0.509396
0.021606 0.101500 0.876894
0.058385 0.051151 0.890463
0.009370 0.011653 0.978978
0.000010 0.999980 0.000010
0.063975 0.016679 0.919346
0.005854 0.994136 0.000010
0.000010 0.999980 0.000010
0.030722 0.957970 0.011309
0.006653 0.969252 0.024095
0.006815 0.993175 0.000010
0.029450 0.970540 0.000010
0.105431 0.326597 0.567972
0.107070 0.293500 0.599430
0.095733 0.576892 0.327375
0.462578 0.413093 0.124329
0.620857 0.288244 0.090899
0.592543 0.301411 0.106046
0.037155 0.163148 0.799697
0.031131 0.968859 0.000010
0.000010 0.999980 0.000010
0.000010 0.999980 0.000010
0.484210 0.356291 0.159500
0.534143 0.325264 0.140593
0.113834 0.331993 0.554173
0.118291 0.337025 0.544685
0.591958 0.312894 0.095147
0.117398 0.313350 0.569252
0.372218 0.211975 0.415807
0.480387 0.364301 0.155312
0.433805 0.233541 0.332654
0.123177 0.312901 0.563922
0.102498 0.318504 0.578998
0.109643 0.420601 0.469756
0.064980 0.845891 0.089130
0.000010 0.999980 0.000010
0.038480 0.896972 0.064548
0.030700 0.942443 0.026857
0.053315 0.316394 0.630291
0.105277 0.288708 0.606015
0.048993 0.139878 0.811129
0.096395 0.461208 0.442398
0.999980 0.000010 0.000010
0.442366 0.489827 0.067807
0.051610 0.351991 0.596399
0.058037 0.358754 0.583210
0.067709 0.716051 0.216240
0.082922 0.505864 0.411214
0.757602 0.126360 0.116038
0.079129 0.460075 0.460797
0.114018 0.418085 0.467896
0.068161 0.432459 0.499381
0.000011 0.000010 0.999979
0.000010 0.000010 0.999980
0.042209 0.013290 0.944501
0.999980 0.000010 0.000010
0.999980 0.000010 0.000010
0.068178 0.896324 0.035498
0.143441 0.835829 0.020731
0.241558 0.699194 0.059248
0.000010 0.000010 0.999980
0.094894 0.905096 0.000010
0.129287 0.862928 0.007785
0.104119 0.875081 0.020800
0.070113 0.924914 0.004973
0.118009 0.453656 0.428335
0.222889 0.552815 0.224296
0.129012 0.635410 0.235578
0.092113 0.700632 0.207255
0.186886 0.460862 0.352252
0.071655 0.734649 0.193696
0.009603 0.055610 0.934786
0.000010 0.999980 0.000010
0.000010 0.999980 0.000010
0.148772 0.419915 0.431313
0.132463 0.474963 0.392574
0.000010 0.999035 0.000955
0.083176 0.264558 0.652267
0.091408 0.392158 0.516434
0.000010 0.999980 0.000010
0.091048 0.722581 0.186371
0.124840 0.422404 0.452756
0.377060 0.404912 0.218029
0.075257 0.163384 0.761359
0.811678 0.102167 0.086156
0.131011 0.335391 0.533597
0.105744 0.715426 0.178830
0.090028 0.452995 0.456977
0.001932 0.038271 0.959797
0.019959 0.025222 0.954819
0.088604 0.368758 0.542637
0.000010 0.000010 0.999980
0.046574 0.114339 0.839087
0.085256 0.408481 0.506263
0.088016 0.369038 0.542946
0.178680 0.596412 0.224908
0.033482 0.021014 0.945504
0.055786 0.439217 0.504997
0.011012 0.016866 0.972121
0.007471 0.030815 0.961714
0.092776 0.721860 0.185364
0.000010 0.999980 0.000010
0.100247 0.720772 0.178981
0.125418 0.697167 0.177414
0.069353 0.929068 0.001580
0.036848 0.963142 0.000010
0.110353 0.636169 0.253478
0.119861 0.629662 0.250477
0.781730 0.119923 0.098347
0.000010 0.999980 0.000010
0.000010 0.999980 0.000010
0.009454 0.000010 0.990536
0.137841 0.548105 0.314054
0.151167 0.585747 0.263087
0.152464 0.575657 0.271879
0.028520 0.000010 0.971470
0.000010 0.999980 0.000010
0.000010 0.999980 0.000010
0.155173 0.591392 0.253435
0.000010 0.999980 0.000010
0.010073 0.989917 0.000010
0.010958 0.957470 0.031572
0.000010 0.999980 0.000010
0.025790 0.110744 0.863465
0.000010 0.063453 0.936537
