0.463890 0.454392 0.000010 0.018600 0.063108
0.679436 0.246542 0.044544 0.000010 0.029468
0.433736 0.426090 0.044612 0.093469 0.002093
0.059981 0.000010 0.000010 0.030474 0.909525
0.529770 0.287708 0.074105 0.108407 0.000010
0.188860 0.744396 0.000010 0.040051 0.026682
0.180890 0.329235 0.000010 0.058087 0.431779
0.051558 0.933552 0.000010 0.001536 0.013344
0.730510 0.125881 0.000122 0.084078 0.059409
0.084941 0.892082 0.000010 0.006908 0.016060
0.256774 0.712167 0.000010 0.027281 0.003768
0.540810 0.388315 0.034131 0.035209 0.001535
0.551790 0.015417 0.000010 0.288053 0.144729
0.386344 0.006541 0.000010 0.114543 0.492562
0.028328 0.940916 0.010750 0.008201 0.011804
0.471008 0.371036 0.060935 0.078709 0.018313
0.235003 0.711898 0.009670 0.016367 0.027061
0.161833 0.511131 0.000010 0.025649 0.301376
0.188209 0.390290 0.000010 0.421481 0.000010
0.000010 0.000010 0.999960 0.000010 0.000010
0.000010 0.019314 0.975870 0.000010 0.004795
0.000010 0.000010 0.999960 0.000010 0.000010
0.000010 0.034162 0.965808 0.000010 0.000010
0.095867 0.024865 0.052575 0.094147 0.732545
0.219171 0.149594 0.000010 0.624149 0.007076
0.000010 0.000010 0.995006 0.000010 0.004964
0.711818 0.115567 0.096446 0.037679 0.038490
0.000010 0.000010 0.988725 0.000010 0.011245
0.698702 0.116627 0.028412 0.125506 0.030753
0.748949 0.097476 0.032647 0.044626 0.076301
0.861778 0.016246 0.028265 0.093701 0.000010
0.741343 0.097407 0.007934 0.114150 0.039166
0.405863 0.025432 0.057674 0.325415 0.185616
0.581876 0.000010 0.038531 0.303835 0.075748
0.708218 0.208091 0.057344 0.014731 0.011616
0.280245 0.288955 0.005320 0.050952 0.374527
0.133770 0.339198 0.000010 0.086651 0.440371
0.050032 0.000010 0.830441 0.048122 0.071396
0.810981 0.022455 0.000010 0.127677 0.038877
0.742161 0.042067 0.047351 0.150216 0.018205
0.000010 0.999960 0.000010 0.000010 0.000010
0.553581 0.204964 0.030777 0.167526 0.043151
0.193804 0.733059 0.007936 0.042271 0.022929
0.159737 0.812103 0.000010 0.003083 0.025066
0.486591 0.000010 0.001199 0.512190 0.000010
0.000010 0.000010 0.970875 0.029095 0.000010
0.057153 0.003191 0.939636 0.000010 0.000010
0.285411 0.009065 0.481351 0.154715 0.069458
0.472795 0.046544 0.054852 0.370999 0.054810
0.544361 0.045879 0.054601 0.280931 0.074227
0.000010 0.061825 0.000010 0.938145 0.000010
0.488897 0.005070 0.113999 0.342513 0.049520
0.000010 0.146964 0.000010 0.837380 0.015636
0.542143 0.086631 0.019438 0.329226 0.022563
0.484193 0.000010 0.060422 0.409650 0.045725
0.969115 0.011979 0.000010 0.000010 0.018886
0.063165 0.878738 0.042886 0.000010 0.015201
0.782244 0.012987 0.000010 0.135198 0.069561
0.764642 0.039993 0.000010 0.157339 0.038016
0.132336 0.729746 0.000010 0.090477 0.047430
0.847603 0.026755 0.026080 0.099552 0.000010
0.752041 0.118719 0.000010 0.074889 0.054342
0.383434 0.467977 0.036562 0.102116 0.009911
0.827570 0.056629 0.013904 0.062447 0.039451
0.673414 0.088586 0.018699 0.180373 0.038928
0.220896 0.226441 0.058949 0.259197 0.234516
0.015977 0.000010 0.448743 0.161396 0.373874
0.212342 0.001641 0.057795 0.023045 0.705178
0.060826 0.879512 0.023653 0.013627 0.022382
0.573541 0.011357 0.001807 0.346967 0.066329
0.456467 0.102502 0.045071 0.332252 0.063708
0.399954 0.101957 0.012012 0.459341 0.026737
0.831348 0.131772 0.000833 0.021899 0.014148
0.757743 0.122020 0.002741 0.083000 0.034495
0.738574 0.137403 0.000010 0.077578 0.046435
0.781792 0.042877 0.034527 0.140362 0.000443
0.814778 0.039710 0.006517 0.118233 0.020762
0.676722 0.082893 0.063081 0.177294 0.000010
0.000010 0.000010 0.951441 0.000010 0.048529
0.741684 0.111368 0.000010 0.110210 0.036728
0.751786 0.053991 0.035683 0.147077 0.011463
0.219797 0.715310 0.024508 0.000010 0.040375
0.216021 0.721937 0.000010 0.029645 0.032387
0.876149 0.071391 0.045311 0.000010 0.007139
0.136840 0.784701 0.000010 0.012337 0.066112
0.000010 0.009360 0.937463 0.000010 0.053156
0.060265 0.015647 0.816109 0.107969 0.000010
0.279606 0.680621 0.000010 0.003182 0.036581
0.560987 0.198723 0.031488 0.139428 0.069374
0.000010 0.000010 0.891749 0.078519 0.029712
0.112682 0.015077 0.854772 0.009589 0.007879
0.099654 0.012681 0.811242 0.058253 0.018171
0.098642 0.002944 0.896666 0.000010 0.001738
0.050313 0.000010 0.860428 0.085121 0.004128
0.411770 0.186891 0.293795 0.052836 0.054708
0.290168 0.046787 0.027814 0.625184 0.010046
0.290322 0.059738 0.056881 0.562447 0.030613
0.461359 0.409160 0.024511 0.075163 0.029807
0.005208 0.867649 0.059118 0.000010 0.068015
0.214735 0.035282 0.074962 0.660480 0.014541
0.874810 0.066006 0.000010 0.043816 0.015357
0.324488 0.000010 0.084772 0.554809 0.035921
0.670728 0.265043 0.000010 0.058882 0.005337
0.000010 0.000010 0.000010 0.000010 0.999960
0.130442 0.806313 0.000010 0.058397 0.004838
0.149041 0.008639 0.040097 0.345665 0.456558
0.275766 0.632901 0.000010 0.047378 0.043944
0.771772 0.105032 0.000010 0.077668 0.045519
0.633420 0.285678 0.000010 0.056597 0.024296
0.128876 0.866988 0.002146 0.000010 0.001980
0.179928 0.043285 0.099937 0.664000 0.012850
0.341221 0.599257 0.000010 0.059502 0.000010
0.180976 0.783357 0.000010 0.035022 0.000635
0.061557 0.918990 0.000010 0.000010 0.019433
0.767682 0.170805 0.005245 0.056259 0.000010
0.257544 0.600822 0.012186 0.084600 0.044848
0.000010 0.000010 0.000010 0.000010 0.999960
0.000010 0.000010 0.000010 0.000010 0.999960
0.154079 0.829567 0.013214 0.000010 0.003130
0.000010 0.000010 0.000010 0.000010 0.999960
0.071616 0.810345 0.029604 0.061931 0.026504
0.000010 0.999960 0.000010 0.000010 0.000010
0.000010 0.000010 0.000010 0.000010 0.999960
0.000010 0.000010 0.000010 0.000010 0.999960
0.000010 0.000010 0.000010 0.000010 0.999960
0.000010 0.000010 0.000010 0.000010 0.999960
0.090988 0.000010 0.043758 0.009016 0.856228
0.658003 0.201126 0.047459 0.049894 0.043519
0.716952 0.187500 0.001044 0.051134 0.043370
0.000010 0.000010 0.000010 0.000010 0.999960
0.251545 0.486757 0.013097 0.062529 0.186072
0.205563 0.761570 0.004079 0.000010 0.028778
0.000010 0.000010 0.000010 0.000010 0.999960
0.004311 0.000010 0.005411 0.037488 0.952780
0.000010 0.000010 0.000010 0.000010 0.999960
0.671421 0.159675 0.043960 0.088753 0.036192
0.744641 0.211062 0.000010 0.000010 0.044277
0.734651 0.186756 0.025031 0.029338 0.024225
0.848765 0.095776 0.024050 0.000010 0.031400
0.000010 0.045848 0.000010 0.051073 0.903060
0.000010 0.077992 0.465279 0.000010 0.456709
0.000010 0.000010 0.000010 0.000010 0.999960
0.000010 0.000010 0.000010 0.000010 0.999960
0.000010 0.000010 0.000010 0.000010 0.999960
0.000010 0.000010 0.000010 0.000010 0.999960
0.000010 0.000010 0.000010 0.000010 0.999960
0.000010 0.000010 0.000010 0.000010 0.999960
0.644319 0.251087 0.059385 0.005367 0.039841
0.000010 0.000010 0.000010 0.000010 0.999960
0.018088 0.000010 0.043365 0.047790 0.890747
0.102132 0.897838 0.000010 0.000010 0.000010
0.026501 0.000010 0.035575 0.092976 0.844939
0.208385 0.153279 0.000010 0.070414 0.567912
0.000010 0.000010 0.000010 0.000010 0.999960
0.000010 0.000010 0.000010 0.000010 0.999960
0.000010 0.000010 0.000010 0.000010 0.999960
0.000010 0.000010 0.000010 0.000010 0.999960
0.021141 0.000010 0.000010 0.002198 0.976641
0.000010 0.000010 0.000010 0.000010 0.999960
0.950400 0.040298 0.000010 0.000010 0.009282
0.085111 0.000010 0.749554 0.074984 0.090342
0.125057 0.000010 0.663254 0.144782 0.066897
0.108033 0.000010 0.702328 0.118633 0.070995
0.000010 0.000010 0.000010 0.000010 0.999960
0.000010 0.000010 0.000010 0.000010 0.999960
0.041564 0.000010 0.695460 0.198674 0.064292
0.154791 0.000010 0.676754 0.099814 0.068630
0.130320 0.007244 0.680690 0.116074 0.065672
0.000010 0.000010 0.000010 0.000010 0.999960
0.000010 0.000010 0.000010 0.000010 0.999960
0.000010 0.000010 0.000010 0.995844 0.004126
0.000010 0.000010 0.000010 0.000010 0.999960
0.184393 0.244340 0.000010 0.571247 0.000010
0.000010 0.000010 0.000010 0.349860 0.650110
0.018701 0.000010 0.000010 0.328581 0.652698
0.236482 0.672849 0.000010 0.090650 0.000010
0.039782 0.000010 0.000010 0.337990 0.622208
0.006117 0.018893 0.936200 0.036895 0.001895
0.315875 0.005699 0.177648 0.442814 0.057964
0.307701 0.484591 0.017148 0.101676 0.088884
0.191165 0.050918 0.440017 0.240066 0.077834
0.354507 0.132396 0.018264 0.109280 0.385553
0.333764 0.102225 0.004098 0.150525 0.409389
0.106307 0.879940 0.004731 0.000010 0.009012
0.104057 0.000010 0.062416 0.133583 0.699933
0.452397 0.414502 0.047029 0.048065 0.038006
0.109199 0.815393 0.002649 0.000010 0.072749
0.108701 0.471344 0.000010 0.079329 0.340616
0.548733 0.000010 0.019970 0.421236 0.010051
0.405494 0.467624 0.013230 0.058712 0.054939
0.725906 0.116525 0.000010 0.157550 0.000010
0.125970 0.024340 0.500506 0.299589 0.049596
0.025200 0.020902 0.020264 0.033602 0.900032
0.137709 0.002124 0.549686 0.256387 0.054095
0.104582 0.000010 0.703348 0.121161 0.070898
0.448878 0.485617 0.044528 0.020967 0.000010
0.231785 0.676954 0.003894 0.078994 0.008374
0.000010 0.000010 0.662248 0.337722 0.000010
0.285328 0.605573 0.053034 0.029388 0.026677
0.141839 0.781887 0.015885 0.040977 0.019411
0.106956 0.882304 0.006196 0.000010 0.004534
0.450004 0.087649 0.144213 0.313694 0.004440
0.000010 0.000010 0.030523 0.969447 0.000010
0.335601 0.536809 0.005980 0.078113 0.043496
0.104698 0.000010 0.713388 0.112802 0.069102
0.727533 0.090981 0.083712 0.081515 0.016259
0.260819 0.584279 0.000010 0.062764 0.092128
0.250423 0.000010 0.443837 0.165562 0.140168
0.625440 0.154756 0.107042 0.098155 0.014607
0.000010 0.000010 0.000010 0.000010 0.999960
0.284587 0.616560 0.017881 0.020857 0.060115
0.312032 0.633642 0.000010 0.015013 0.039302
0.260228 0.589296 0.053916 0.069057 0.027503
0.115451 0.793531 0.000010 0.073221 0.017787
0.313356 0.323702 0.024764 0.241983 0.096195
0.545122 0.203769 0.059812 0.129582 0.061714
0.046693 0.927819 0.000010 0.025467 0.000010
0.000010 0.981307 0.000010 0.000010 0.018663
0.748003 0.161294 0.019907 0.024168 0.046629
0.092769 0.758170 0.000010 0.000010 0.149041
0.683026 0.088465 0.067421 0.060110 0.100978
0.124395 0.773018 0.024257 0.011417 0.066913
0.247349 0.707034 0.000010 0.000010 0.045597
0.755320 0.048591 0.122539 0.073540 0.000010
0.045141 0.920394 0.000010 0.034445 0.000010
0.190670 0.365742 0.020610 0.066207 0.356771
0.110606 0.863643 0.000010 0.000010 0.025731
0.183423 0.458225 0.000010 0.011247 0.347096
0.346307 0.590079 0.012721 0.031478 0.019416
0.080362 0.850416 0.000010 0.023175 0.046037
0.206588 0.710040 0.000010 0.049221 0.034141
0.388545 0.158754 0.000010 0.094078 0.358613
0.390916 0.272016 0.022916 0.268599 0.045553
0.000010 0.105920 0.000010 0.894050 0.000010
0.171290 0.199056 0.000010 0.433386 0.196258
0.217965 0.157739 0.000010 0.353684 0.270601
0.311234 0.250599 0.059942 0.311434 0.066791
0.237920 0.120888 0.062111 0.535611 0.043468
0.350594 0.198208 0.007048 0.216794 0.227355
0.000010 0.097126 0.000010 0.902844 0.000010
0.405784 0.472246 0.000010 0.104531 0.017429
0.337906 0.317736 0.000010 0.302856 0.041493
0.000010 0.282107 0.000010 0.717863 0.000010
0.000010 0.000010 0.111869 0.861249 0.026862
0.272904 0.001725 0.432393 0.191774 0.101204
0.203276 0.000010 0.488236 0.185282 0.123196
0.000010 0.000010 0.000010 0.999960 0.000010
0.229275 0.387323 0.010253 0.323528 0.049620
0.262403 0.249808 0.067387 0.355746 0.064656
0.000010 0.189628 0.000010 0.791788 0.018564
0.314815 0.000010 0.205698 0.307971 0.171506
0.088450 0.000010 0.000010 0.547917 0.363614
0.019697 0.000010 0.842987 0.115479 0.021827
0.324772 0.275842 0.051221 0.291207 0.056958
0.029555 0.925864 0.012815 0.003102 0.028665
0.185027 0.772637 0.000010 0.028813 0.013513
0.852378 0.000010 0.049187 0.060143 0.038282
0.846459 0.038798 0.050594 0.047041 0.017107
0.088395 0.906314 0.000010 0.003050 0.002232
0.260933 0.282971 0.000010 0.053928 0.402158
0.479033 0.331306 0.000010 0.043932 0.145719
0.324855 0.468048 0.000010 0.134256 0.072831
0.000010 0.000010 0.973827 0.000010 0.026143
0.273546 0.662342 0.000010 0.047167 0.016935
0.000010 0.942789 0.000010 0.037771 0.019420
0.383067 0.485212 0.004567 0.095340 0.031815
0.277540 0.675693 0.000010 0.015225 0.031532
0.397514 0.527632 0.000010 0.002392 0.072452
0.485417 0.416748 0.049361 0.013342 0.035132
0.000010 0.000010 0.000010 0.999960 0.000010
0.290075 0.627027 0.000010 0.075640 0.007248
0.272016 0.718776 0.000010 0.000010 0.009188
0.277685 0.688909 0.000010 0.015212 0.018184
0.610019 0.263317 0.020948 0.046638 0.059078
0.026056 0.955597 0.014791 0.003546 0.000010
0.205812 0.268138 0.000010 0.517962 0.008078
0.766066 0.105335 0.000010 0.060628 0.067961
0.638144 0.169902 0.006174 0.155849 0.029932
0.681083 0.104054 0.021124 0.132042 0.061696
0.711546 0.267105 0.000010 0.015454 0.005885
0.104518 0.894908 0.000010 0.000010 0.000553
0.166286 0.787667 0.000010 0.017594 0.028443
0.184813 0.792084 0.000010 0.023083 0.000010
0.113938 0.886032 0.000010 0.000010 0.000010
0.607785 0.235102 0.000010 0.114844 0.042259
0.334503 0.072969 0.010011 0.099858 0.482659
0.277573 0.528623 0.000824 0.112492 0.080488
0.198349 0.534665 0.000010 0.102540 0.164436
0.803631 0.076341 0.029016 0.077729 0.013283
0.088343 0.886781 0.000010 0.000010 0.024856
0.653343 0.127721 0.078470 0.140456 0.000010
0.186021 0.774696 0.000010 0.016162 0.023112
0.000010 0.999960 0.000010 0.000010 0.000010
0.136776 0.735061 0.000010 0.128143 0.000010
0.712800 0.124137 0.032990 0.053909 0.076163
0.000010 0.999960 0.000010 0.000010 0.000010
0.827729 0.013632 0.038745 0.119884 0.000010
0.807825 0.047947 0.050324 0.093464 0.000440
0.887015 0.000010 0.000010 0.112955 0.000010
0.831432 0.000010 0.052864 0.115684 0.000010
0.807589 0.043126 0.041985 0.107290 0.000010
0.125677 0.000010 0.001872 0.028367 0.844074
0.327166 0.563147 0.000010 0.083177 0.026500
0.000010 0.951912 0.000010 0.025658 0.022410
0.221705 0.778265 0.000010 0.000010 0.000010
0.199112 0.719830 0.000010 0.070941 0.010108
0.016759 0.958484 0.000010 0.024737 0.000010
0.866752 0.033486 0.018957 0.080794 0.000010
0.006376 0.938810 0.000010 0.044938 0.009866
0.730956 0.187703 0.046411 0.000010 0.034920
0.000010 0.000010 0.000010 0.000010 0.999960
0.528241 0.020648 0.037358 0.405462 0.008291
0.721318 0.112556 0.000010 0.128979 0.037137
0.638563 0.337045 0.022347 0.000010 0.002035
0.730219 0.067460 0.019974 0.153642 0.028705
0.776348 0.000010 0.085387 0.138245 0.000010
0.729159 0.097561 0.039495 0.086027 0.047758
0.939084 0.000010 0.000010 0.060886 0.000010
0.624539 0.210143 0.013199 0.121271 0.030849
0.759512 0.094153 0.000010 0.124502 0.021823
0.134225 0.772118 0.021327 0.041034 0.031296
0.756455 0.099837 0.063488 0.065630 0.014590
0.876379 0.021212 0.000010 0.089604 0.012795
0.741625 0.105060 0.040657 0.112649 0.000010
0.269331 0.606450 0.061601 0.049205 0.013412
0.036426 0.963544 0.000010 0.000010 0.000010
0.856199 0.040260 0.000010 0.065726 0.037804
0.000010 0.014778 0.000010 0.071470 0.913733
0.000010 0.927868 0.023050 0.039666 0.009407
0.031656 0.968314 0.000010 0.000010 0.000010
0.759049 0.109976 0.000010 0.106583 0.024382
0.382637 0.457670 0.048149 0.081570 0.029974
0.759724 0.228226 0.000010 0.002860 0.009180
0.876641 0.022482 0.038299 0.028644 0.033935
0.000010 0.998072 0.000010 0.000010 0.001898
0.000010 0.999960 0.000010 0.000010 0.000010
0.397190 0.516270 0.000010 0.071968 0.014562
0.352038 0.571862 0.000010 0.035906 0.040183
0.000010 0.000010 0.933173 0.000010 0.066797
0.728373 0.070098 0.009964 0.166206 0.025358
0.091806 0.881372 0.000756 0.000010 0.026055
0.000010 0.000010 0.918468 0.000010 0.081502
0.468288 0.034680 0.016981 0.000010 0.480040
0.083675 0.000010 0.000010 0.530147 0.386159
0.287389 0.615646 0.000010 0.048504 0.048451
0.355889 0.552528 0.000010 0.052991 0.038581
0.218722 0.721345 0.000010 0.037849 0.022074
0.430714 0.345946 0.092111 0.118633 0.012596
0.032602 0.947145 0.000010 0.000010 0.020233
0.000010 0.999960 0.000010 0.000010 0.000010
0.810629 0.143667 0.016142 0.000010 0.029551
0.284807 0.650158 0.010501 0.050097 0.004436
0.359953 0.534535 0.000010 0.050777 0.054726
0.410570 0.400508 0.045490 0.143421 0.000010
0.262821 0.691138 0.006135 0.016806 0.023100
0.184448 0.768873 0.000010 0.000010 0.046659
0.196498 0.754784 0.020706 0.000348 0.027664
0.140915 0.794437 0.000010 0.045807 0.018831
0.000010 0.999960 0.000010 0.000010 0.000010
0.027555 0.924085 0.000010 0.025872 0.022478
0.705544 0.164706 0.000711 0.099039 0.030000
0.366622 0.432526 0.043147 0.094331 0.063375
0.840242 0.000010 0.072701 0.086731 0.000316
0.000010 0.988663 0.000010 0.000010 0.011307
0.725684 0.183445 0.000010 0.050753 0.040108
0.105828 0.655319 0.000010 0.191171 0.047672
0.382209 0.551011 0.018661 0.004140 0.043979
0.669954 0.118133 0.031058 0.165856 0.015000
0.218979 0.750425 0.000010 0.024471 0.006115
0.774786 0.181548 0.000010 0.017931 0.025725
0.842650 0.015994 0.026257 0.079950 0.035149
0.773706 0.086697 0.047064 0.039836 0.052697
0.345354 0.328011 0.055499 0.271125 0.000010
0.803227 0.033348 0.007536 0.155879 0.000010
0.290901 0.000257 0.156537 0.511732 0.040573
0.815296 0.144702 0.000010 0.000010 0.039982
0.304804 0.635671 0.017902 0.041042 0.000581
0.042475 0.924591 0.000010 0.030976 0.001948
0.027642 0.823187 0.021449 0.127712 0.000010
0.086665 0.864746 0.004649 0.043930 0.000010
0.838407 0.048060 0.000010 0.113513 0.000010
0.252930 0.435547 0.044495 0.243553 0.023475
0.257668 0.586377 0.038911 0.104025 0.013020
0.023790 0.223843 0.689846 0.036555 0.025966
0.160990 0.787527 0.023242 0.018356 0.009884
0.129509 0.805198 0.000010 0.051417 0.013867
0.000010 0.000010 0.000010 0.000010 0.999960
0.000010 0.000010 0.000010 0.000010 0.999960
0.713797 0.189955 0.025965 0.070272 0.000010
0.749210 0.184342 0.006090 0.033774 0.026584
0.557763 0.329037 0.000010 0.096769 0.016421
0.583498 0.352108 0.010577 0.047973 0.005844
0.000010 0.000010 0.000010 0.000010 0.999960
0.000010 0.000010 0.000010 0.000010 0.999960
0.819113 0.057510 0.000010 0.121479 0.001888
0.851048 0.070868 0.000010 0.077380 0.000694
0.000010 0.000010 0.000010 0.000010 0.999960
0.000010 0.000010 0.000010 0.000010 0.999960
0.000010 0.000010 0.000010 0.000010 0.999960
0.828778 0.047651 0.036959 0.083375 0.003237
0.939592 0.006581 0.000010 0.053807 0.000010
0.282832 0.180905 0.130211 0.263683 0.142369
0.718474 0.083919 0.069384 0.095282 0.032941
0.218908 0.000010 0.243161 0.376681 0.161240
0.748902 0.015562 0.088841 0.118923 0.027772
0.000010 0.000010 0.000010 0.000010 0.999960
0.781897 0.081462 0.059770 0.076860 0.000010
0.633651 0.219434 0.000010 0.133615 0.013290
0.296248 0.097190 0.002491 0.068256 0.535815
0.079109 0.022060 0.000010 0.000010 0.898811
0.756991 0.105977 0.000010 0.137012 0.000010
0.000010 0.000010 0.000010 0.000010 0.999960
0.000010 0.000010 0.000010 0.000010 0.999960
0.000010 0.000010 0.000010 0.000010 0.999960
0.000010 0.000010 0.000010 0.000010 0.999960
0.000010 0.000010 0.000010 0.000010 0.999960
0.296897 0.638890 0.011316 0.052886 0.000010
0.148382 0.605568 0.015516 0.109503 0.121031
0.200173 0.583762 0.000010 0.075779 0.140276
0.000010 0.000010 0.000010 0.000010 0.999960
0.039776 0.000010 0.000010 0.466380 0.493824
0.474585 0.413838 0.042256 0.000010 0.069311
0.164724 0.825637 0.000010 0.000010 0.009619
0.329579 0.548670 0.000010 0.070154 0.051587
0.723346 0.267727 0.008907 0.000010 0.000010
0.758429 0.221392 0.000010 0.000010 0.020159
0.211156 0.724879 0.000010 0.058032 0.005924
0.739901 0.226762 0.000010 0.033318 0.000010
0.512635 0.325133 0.000010 0.102491 0.059730
0.166733 0.756390 0.000010 0.043119 0.033747
0.114433 0.670934 0.004608 0.162397 0.047628
0.649484 0.340169 0.010327 0.000010 0.000010
0.166075 0.710119 0.040181 0.064951 0.018673
0.293743 0.363723 0.000010 0.276459 0.066065
0.000010 0.000010 0.261066 0.682650 0.056265
0.642911 0.173506 0.095495 0.047392 0.040696
0.495685 0.418155 0.025467 0.020223 0.040469
0.430981 0.454479 0.000010 0.096864 0.017666
0.050097 0.870942 0.012976 0.065975 0.000010
0.207997 0.026797 0.487759 0.231766 0.045681
0.358063 0.010903 0.130179 0.355828 0.145027
0.340530 0.631821 0.000010 0.000010 0.027629
0.221795 0.721597 0.000010 0.055925 0.000673
0.090423 0.512901 0.000010 0.004936 0.391730
0.336625 0.533883 0.036140 0.079215 0.014137
0.060402 0.015336 0.062766 0.121055 0.740442
0.468133 0.472124 0.001143 0.015813 0.042787
0.409647 0.014297 0.070445 0.433918 0.071693
0.082666 0.866413 0.000010 0.050901 0.000010
0.000010 0.993284 0.000010 0.000010 0.006686
0.116981 0.856683 0.009791 0.016535 0.000010
0.176952 0.775780 0.000010 0.047247 0.000010
0.167254 0.017993 0.753302 0.048850 0.012602
0.874357 0.000010 0.000010 0.125613 0.000010
0.113860 0.000010 0.037034 0.845702 0.003394
0.729657 0.144488 0.000010 0.108666 0.017179
0.479044 0.429685 0.000010 0.064876 0.026385
0.942139 0.034933 0.000010 0.022907 0.000010
0.768478 0.126876 0.000010 0.086855 0.017780
0.096025 0.000010 0.050195 0.853591 0.000180
0.142349 0.842170 0.000010 0.015461 0.000010
0.093704 0.865875 0.040401 0.000010 0.000010
0.735375 0.066852 0.000010 0.166285 0.031478
0.053818 0.930720 0.000010 0.015442 0.000010
0.755071 0.067905 0.038043 0.109841 0.029140
0.093662 0.008584 0.724525 0.157449 0.015781
0.262737 0.156431 0.000010 0.580812 0.000010
0.000010 0.000010 0.999960 0.000010 0.000010
0.346588 0.000010 0.545844 0.070836 0.036722
0.301420 0.000010 0.039046 0.263028 0.396496
0.081963 0.000010 0.871556 0.003269 0.043201
0.000010 0.000010 0.000010 0.000010 0.999960
0.281895 0.686720 0.000010 0.031365 0.000010
0.810465 0.024957 0.033895 0.119418 0.011266
0.711071 0.111853 0.045831 0.098585 0.032659
0.000010 0.039347 0.000010 0.072495 0.888138
0.563324 0.363605 0.027436 0.000010 0.045624
0.399962 0.056736 0.167825 0.280110 0.095367
0.533894 0.045879 0.003811 0.416406 0.000010
0.761591 0.089154 0.000010 0.100628 0.048617
0.731206 0.137500 0.000010 0.086832 0.044451
0.443317 0.279493 0.014750 0.190055 0.072385
0.747188 0.096770 0.015507 0.113030 0.027504
0.079107 0.000010 0.045673 0.111446 0.763764
0.100433 0.022103 0.057655 0.108874 0.710934
0.111112 0.000010 0.014587 0.040566 0.833725
0.472787 0.044637 0.025865 0.425652 0.031060
0.000010 0.000010 0.000010 0.999960 0.000010
0.267612 0.000010 0.650726 0.081641 0.000010
0.162362 0.000372 0.238617 0.580842 0.017806
0.000010 0.999960 0.000010 0.000010 0.000010
0.081453 0.774461 0.000010 0.000010 0.144066
0.466011 0.508562 0.010876 0.000010 0.014541
0.256714 0.615856 0.011780 0.024900 0.090750
0.981785 0.005501 0.000010 0.000010 0.012694
0.027235 0.936574 0.000010 0.035449 0.000733
0.049535 0.926577 0.013087 0.007434 0.003366
0.103227 0.011683 0.064948 0.117073 0.703069
0.065718 0.013988 0.017315 0.135946 0.767033
0.027625 0.961771 0.010584 0.000010 0.000010
0.470936 0.172880 0.040661 0.275544 0.039978
0.129386 0.821849 0.013392 0.013143 0.022230
0.251787 0.620708 0.000010 0.091432 0.036063
0.765784 0.098874 0.000010 0.100247 0.035084
0.025875 0.023491 0.000010 0.073353 0.877271
0.214051 0.411759 0.000010 0.022286 0.351894
0.314445 0.000010 0.161031 0.302644 0.221870
0.181339 0.690221 0.028970 0.035739 0.063731
0.573452 0.302707 0.038017 0.058145 0.027678
0.273655 0.617613 0.000010 0.054217 0.054505
0.019807 0.029290 0.000010 0.053834 0.897059
0.091860 0.882984 0.000010 0.025136 0.000010
0.294416 0.610340 0.027967 0.034446 0.032831
0.537144 0.393775 0.000010 0.020732 0.048339
0.315447 0.603326 0.025071 0.044405 0.011750
0.168716 0.025912 0.490031 0.242949 0.072393
0.000010 0.000010 0.023599 0.976371 0.000010
0.203540 0.000010 0.508614 0.189332 0.098503
0.740345 0.087307 0.123386 0.017214 0.031748
0.738917 0.136649 0.088800 0.000010 0.035625
0.003731 0.036513 0.796727 0.056416 0.106613
0.008063 0.000010 0.812558 0.056412 0.122957
0.601482 0.043734 0.028762 0.308572 0.017449
0.000010 0.000010 0.831224 0.048090 0.120666
0.238426 0.078982 0.392597 0.280598 0.009397
0.299618 0.000010 0.593260 0.086572 0.020539
0.961144 0.000010 0.000010 0.000010 0.038826
0.215074 0.154087 0.000010 0.623520 0.007310
0.244845 0.150977 0.000010 0.604158 0.000010
0.115622 0.199857 0.000010 0.684501 0.000010
0.169150 0.179243 0.008005 0.643592 0.000010
0.189063 0.159035 0.001102 0.650789 0.000010
0.254015 0.126365 0.000010 0.599202 0.020409
0.208096 0.116670 0.000010 0.675214 0.000010
0.179627 0.148963 0.000010 0.671389 0.000010
0.053887 0.000010 0.838924 0.072792 0.034387
0.101442 0.000010 0.852826 0.030386 0.015336
0.000010 0.000010 0.831998 0.071876 0.096106
0.000010 0.999960 0.000010 0.000010 0.000010
0.032471 0.000010 0.798357 0.016246 0.152915
0.733594 0.173757 0.000010 0.000010 0.092629
0.012142 0.027140 0.791781 0.064159 0.104780
0.035319 0.000010 0.872549 0.045197 0.046925
0.017955 0.000010 0.893872 0.084399 0.003764
0.116804 0.000010 0.817076 0.053737 0.012373
0.000010 0.007547 0.879973 0.071170 0.041300
0.097019 0.035267 0.859929 0.000010 0.007775
0.000010 0.007608 0.992362 0.000010 0.000010
0.059669 0.830092 0.015108 0.079003 0.016128
0.554967 0.215009 0.060528 0.142787 0.026709
0.214445 0.113501 0.000010 0.672034 0.000010
0.037488 0.000010 0.933870 0.002525 0.026107
0.000010 0.999960 0.000010 0.000010 0.000010
0.261232 0.121087 0.000010 0.617661 0.000010
0.276930 0.099222 0.000010 0.623828 0.000010
0.000010 0.999960 0.000010 0.000010 0.000010
0.885301 0.046565 0.033683 0.000010 0.034441
0.000010 0.040454 0.959516 0.000010 0.000010
0.000010 0.048140 0.000010 0.951830 0.000010
0.184180 0.154132 0.000010 0.661668 0.000010
0.132340 0.184149 0.019486 0.655535 0.008489
0.000010 0.000010 0.999960 0.000010 0.000010
0.759146 0.145085 0.012168 0.034523 0.049079
0.151113 0.620760 0.033527 0.086584 0.108016
0.189038 0.000010 0.677613 0.103997 0.029342
0.187922 0.000010 0.705620 0.091897 0.014550
0.302603 0.000010 0.620110 0.068791 0.008486
0.000010 0.000010 0.000010 0.000010 0.999960
0.000010 0.011498 0.004548 0.080804 0.903141
0.000010 0.000010 0.973411 0.000010 0.026559
0.012499 0.000010 0.814325 0.101928 0.071237
0.000010 0.001652 0.998318 0.000010 0.000010
0.000010 0.000010 0.984769 0.000010 0.015201
0.000010 0.000010 0.999960 0.000010 0.000010
0.000010 0.000010 0.999960 0.000010 0.000010
0.000010 0.000010 0.986738 0.010669 0.002573
0.039165 0.056763 0.839755 0.008185 0.056132
0.278184 0.000010 0.629812 0.059956 0.032038
0.275594 0.000010 0.639190 0.066565 0.018640
0.000010 0.000010 0.932129 0.066794 0.001057
0.243228 0.000010 0.675532 0.081221 0.000010
0.398813 0.010374 0.060266 0.384012 0.146535
0.300480 0.644865 0.037694 0.016951 0.000010
0.969804 0.006424 0.000010 0.000010 0.023752
0.222701 0.150595 0.000010 0.618284 0.008409
0.186678 0.154598 0.000010 0.658704 0.000010
0.143365 0.029563 0.503264 0.206545 0.117263
0.408925 0.000010 0.155794 0.238871 0.196401
0.483758 0.339637 0.040604 0.075816 0.060185
0.578065 0.137792 0.000010 0.228037 0.056096
0.165220 0.000010 0.463380 0.290734 0.080656
0.063536 0.867544 0.000010 0.044101 0.024810
0.000010 0.000010 0.999960 0.000010 0.000010
0.000010 0.021829 0.797239 0.115637 0.065286
0.000010 0.000010 0.971965 0.028005 0.000010
0.950487 0.013346 0.000010 0.000010 0.036147
0.024329 0.000010 0.877830 0.059753 0.038078
0.000010 0.011864 0.982140 0.000010 0.005976
0.000010 0.039643 0.950995 0.000010 0.009343
0.000010 0.036918 0.963052 0.000010 0.000010
0.000010 0.002841 0.997129 0.000010 0.000010
0.000010 0.000010 0.970053 0.029917 0.000010
0.359736 0.284149 0.118635 0.151325 0.086156
0.718313 0.155088 0.059723 0.051742 0.015135
0.138755 0.059043 0.459056 0.264551 0.078595
0.105394 0.070188 0.524713 0.220250 0.079456
0.688437 0.144399 0.064730 0.082389 0.020045
0.283452 0.691604 0.000010 0.021418 0.003517
0.099868 0.803102 0.039639 0.000010 0.057381
0.036880 0.934672 0.020512 0.000010 0.007927
0.000010 0.000010 0.999960 0.000010 0.000010
0.032377 0.839476 0.000010 0.071319 0.056818
0.000010 0.000010 0.991723 0.000010 0.008247
0.000010 0.000010 0.999960 0.000010 0.000010
0.000010 0.000962 0.925887 0.055779 0.017363
0.000010 0.036484 0.953618 0.008938 0.000950
0.000010 0.000010 0.991808 0.000010 0.008162
0.019512 0.000010 0.963812 0.000010 0.016656
0.172162 0.303837 0.032849 0.450759 0.040394
0.330319 0.313701 0.003826 0.294178 0.057976
0.211795 0.097426 0.273766 0.390553 0.026459
0.225574 0.000010 0.099352 0.278607 0.396457
0.148943 0.000010 0.116234 0.148359 0.586454
0.206133 0.000010 0.094464 0.143760 0.555633
0.282127 0.628380 0.059123 0.003610 0.026760
0.000010 0.012391 0.965916 0.000010 0.021673
0.000010 0.000010 0.999960 0.000010 0.000010
0.000010 0.000010 0.999960 0.000010 0.000010
0.220492 0.000010 0.080554 0.272406 0.426538
0.262031 0.000010 0.068885 0.179769 0.489305
0.270872 0.300464 0.045119 0.329346 0.054199
0.132622 0.244086 0.009657 0.569083 0.044552
0.142257 0.000010 0.104761 0.210100 0.542871
0.233391 0.335362 0.038166 0.325842 0.067239
0.256254 0.203879 0.000010 0.211837 0.328020
0.224634 0.001799 0.124906 0.214558 0.434103
0.349240 0.101112 0.030718 0.117368 0.401562
0.339729 0.281630 0.012034 0.298368 0.068239
0.249040 0.296033 0.011402 0.401090 0.042435
0.053779 0.135923 0.010558 0.799729 0.000010
0.113670 0.013363 0.702612 0.125970 0.044386
0.000010 0.000010 0.999960 0.000010 0.000010
0.135928 0.000010 0.771895 0.074751 0.017417
0.113159 0.000010 0.819619 0.067202 0.000010
0.612450 0.298013 0.037506 0.031192 0.020839
0.603300 0.298627 0.005885 0.024331 0.067857
0.179330 0.657199 0.049287 0.084908 0.029276
0.651624 0.103377 0.070267 0.131547 0.043185
0.000010 0.000010 0.000010 0.000010 0.999960
0.000010 0.077185 0.474397 0.011469 0.436939
0.779230 0.210111 0.000010 0.000010 0.010639
0.740230 0.217490 0.013309 0.004160 0.024811
0.205534 0.062020 0.491403 0.215658 0.025385
0.617537 0.105184 0.117161 0.127243 0.032875
0.068635 0.037735 0.047983 0.107864 0.737783
0.985886 0.000010 0.000010 0.000010 0.014084
0.697474 0.068468 0.008087 0.171711 0.054260
0.960981 0.010884 0.000010 0.000010 0.028115
0.046857 0.930263 0.000010 0.022859 0.000010
0.028602 0.958156 0.013222 0.000010 0.000010
0.132855 0.812784 0.000010 0.019736 0.034615
0.000010 0.000019 0.000010 0.000010 0.999951
0.000010 0.000010 0.000010 0.000010 0.999960
0.053622 0.000010 0.805019 0.085541 0.055808
0.039111 0.000010 0.770918 0.056063 0.133898
0.030506 0.000982 0.586532 0.162488 0.219492
0.005554 0.994416 0.000010 0.000010 0.000010
0.053522 0.000010 0.722504 0.168750 0.055214
0.135906 0.000010 0.692003 0.073964 0.098117
0.102799 0.000010 0.730815 0.080359 0.086017
0.094716 0.000010 0.699102 0.190022 0.016149
0.713462 0.008834 0.000010 0.231116 0.046577
0.087592 0.000010 0.214308 0.548502 0.149588
0.108362 0.030981 0.292365 0.520588 0.047705
0.218881 0.037669 0.457253 0.235741 0.050457
0.504171 0.005272 0.049615 0.319781 0.121162
0.323101 0.004692 0.475164 0.160713 0.036330
0.114247 0.815277 0.018448 0.052018 0.000010
0.000010 0.000010 0.999960 0.000010 0.000010
0.000010 0.000010 0.999960 0.000010 0.000010
0.000010 0.113807 0.000010 0.870085 0.016088
0.000010 0.000010 0.000010 0.999960 0.000010
0.000010 0.000010 0.999960 0.000010 0.000010
0.228406 0.403377 0.000010 0.337127 0.031080
0.309375 0.235981 0.037057 0.403042 0.014545
0.000010 0.000010 0.999960 0.000010 0.000010
0.152332 0.056943 0.510980 0.231618 0.048127
0.000010 0.107819 0.000010 0.892151 0.000010
0.223760 0.000010 0.142757 0.308077 0.325396
0.292834 0.573504 0.021254 0.056201 0.056207
0.119922 0.000010 0.000010 0.097127 0.782931
0.165636 0.250134 0.000010 0.529646 0.054575
0.148074 0.044473 0.514595 0.227840 0.065017
0.862770 0.064830 0.025807 0.014449 0.032144
0.158599 0.806898 0.000010 0.034483 0.000010
0.092160 0.848847 0.001418 0.041427 0.016148
0.749696 0.159344 0.040881 0.000010 0.050069
0.000010 0.999960 0.000010 0.000010 0.000010
0.323925 0.628888 0.000010 0.017944 0.029233
0.720706 0.131128 0.017748 0.094513 0.035905
0.698384 0.162908 0.034465 0.060383 0.043860
0.261274 0.027391 0.304656 0.280909 0.125770
0.170618 0.793870 0.000010 0.005837 0.029665
0.855759 0.096622 0.000010 0.047560 0.000049
0.095027 0.898423 0.000010 0.000010 0.006530
0.120747 0.857135 0.000398 0.019188 0.002533
0.202750 0.024513 0.482915 0.244627 0.045195
0.000010 0.000010 0.984377 0.015593 0.000010
0.225550 0.015660 0.504293 0.187667 0.066830
0.161975 0.039511 0.483840 0.231469 0.083204
0.000010 0.000778 0.923799 0.000010 0.075404
0.000010 0.000010 0.961464 0.000010 0.038506
0.196853 0.001219 0.302130 0.470649 0.029149
0.131826 0.060080 0.365934 0.384272 0.057889
0.071809 0.030062 0.023831 0.118094 0.756203
0.000010 0.000010 0.999960 0.000010 0.000010
0.000010 0.000010 0.999960 0.000010 0.000010
0.030029 0.958537 0.000010 0.000010 0.011415
0.423494 0.053124 0.204362 0.239805 0.079216
0.370554 0.040215 0.265756 0.220604 0.102871
0.290837 0.040159 0.274997 0.299879 0.094128
0.107805 0.856758 0.000010 0.018035 0.017392
0.000010 0.000010 0.999960 0.000010 0.000010
0.000010 0.000010 0.999960 0.000010 0.000010
0.000010 0.000010 0.000010 0.999960 0.000010
0.000010 0.000010 0.999960 0.000010 0.000010
0.000010 0.000010 0.994816 0.000010 0.005154
0.000010 0.044711 0.952778 0.000010 0.002492
0.019159 0.000010 0.980811 0.000010 0.000010
0.209759 0.704237 0.029290 0.043487 0.013227
0.098954 0.855249 0.044815 0.000971 0.000010
