0.194732 0.000010 0.007436 0.000010 0.285721 0.051462 0.029789 0.000010 0.064953 0.000010 0.000010 0.000010 0.365827 0.000010 0.000010
0.130188 0.019358 0.000010 0.000010 0.530914 0.053029 0.000010 0.009049 0.016347 0.024039 0.025553 0.000010 0.148705 0.000010 0.042768
0.086652 0.010104 0.000010 0.050865 0.396234 0.030290 0.005390 0.000010 0.000010 0.000010 0.010872 0.029775 0.341652 0.038116 0.000010
0.000010 0.000010 0.006157 0.000010 0.000010 0.000010 0.000010 0.000010 0.596536 0.000010 0.397186 0.000010 0.000010 0.000010 0.000010
0.000010 0.000010 0.052597 0.029470 0.625911 0.069521 0.000010 0.000010 0.000010 0.011358 0.000010 0.000010 0.157111 0.000010 0.053953
0.073549 0.000010 0.028343 0.016716 0.104908 0.016011 0.000010 0.010246 0.000010 0.000010 0.029861 0.000010 0.701041 0.013259 0.006017
0.013193 0.000010 0.000010 0.000010 0.000010 0.000010 0.291423 0.013554 0.265597 0.000010 0.172502 0.000010 0.222969 0.020682 0.000010
0.000010 0.000010 0.000010 0.000010 0.000010 0.000219 0.000010 0.042431 0.013123 0.058930 0.000013 0.000010 0.885194 0.000010 0.000010
0.298057 0.000010 0.001837 0.003725 0.420030 0.107062 0.000010 0.000010 0.042004 0.062297 0.026279 0.000010 0.008687 0.016500 0.013481
0.016794 0.000010 0.000010 0.000010 0.066204 0.036042 0.000010 0.000010 0.011530 0.051557 0.008395 0.000010 0.809398 0.000010 0.000010
0.080728 0.000010 0.000010 0.014112 0.100244 0.214053 0.000010 0.000010 0.000010 0.054934 0.000010 0.000010 0.535839 0.000010 0.000010
0.226785 0.000212 0.010177 0.014550 0.309925 0.066241 0.007839 0.030450 0.005265 0.000010 0.000010 0.020354 0.304107 0.004065 0.000010
0.312165 0.000010 0.163208 0.000010 0.129168 0.000010 0.022578 0.044232 0.000010 0.041696 0.163878 0.024527 0.000010 0.098489 0.000010
0.319915 0.000010 0.022123 0.017933 0.000010 0.004047 0.037058 0.019435 0.271356 0.006812 0.260101 0.000010 0.000010 0.041170 0.000010
0.005827 0.015255 0.008581 0.000010 0.000010 0.067219 0.003797 0.001592 0.000010 0.008959 0.025857 0.000010 0.862852 0.000010 0.000010
0.122273 0.038475 0.042824 0.000010 0.362098 0.014470 0.041517 0.000010 0.009080 0.013452 0.000010 0.018304 0.297441 0.040026 0.000010
0.061546 0.000010 0.000010 0.000010 0.162267 0.029262 0.022467 0.000644 0.019302 0.025983 0.000010 0.000010 0.640442 0.015757 0.022280
0.000010 0.000010 0.000010 0.000010 0.017501 0.014234 0.206567 0.035015 0.170237 0.000010 0.132696 0.000010 0.407755 0.015923 0.000010
0.000010 0.000010 0.000010 0.000010 0.000010 0.039877 0.000010 0.045410 0.000010 0.650068 0.000010 0.000010 0.245686 0.018859 0.000010
0.000010 0.893828 0.012027 0.000010 0.000010 0.000010 0.000010 0.005385 0.000010 0.000010 0.000010 0.048108 0.000010 0.000010 0.040552
0.000010 0.953631 0.000010 0.000010 0.000010 0.000010 0.000010 0.020222 0.000010 0.000010 0.010836 0.000010 0.012847 0.002364 0.000010
0.000010 0.999860 0.000010 0.000010 0.000010 0.000010 0.000010 0.000010 0.000010 0.000010 0.000010 0.000010 0.000010 0.000010 0.000010
0.000010 0.920238 0.000010 0.000010 0.000010 0.000010 0.000010 0.042121 0.000010 0.000010 0.000010 0.011725 0.012817 0.009527 0.003483
0.000010 0.000010 0.000010 0.000010 0.000010 0.000010 0.000010 0.000010 0.000010 0.000010 0.999860 0.000010 0.000010 0.000010 0.000010
0.000010 0.000010 0.000010 0.000010 0.000010 0.000010 0.000010 0.000010 0.000010 0.999860 0.000010 0.000010 0.000010 0.000010 0.000010
0.000010 0.932031 0.000010 0.000010 0.002483 0.000010 0.000010 0.000010 0.000010 0.000010 0.000010 0.043616 0.000010 0.012517 0.009253
0.000010 0.015341 0.000555 0.002458 0.892860 0.009715 0.000010 0.000222 0.038377 0.000010 0.022309 0.000010 0.000010 0.000010 0.018103
0.000010 0.969313 0.000010 0.000010 0.000010 0.000010 0.000010 0.000010 0.019562 0.000010 0.000010 0.006696 0.000010 0.000010 0.004319
0.503546 0.001870 0.004321 0.002602 0.218057 0.000010 0.004188 0.000010 0.000010 0.069537 0.032912 0.000010 0.079850 0.048608 0.034470
0.601652 0.000010 0.000010 0.000010 0.165516 0.000010 0.000010 0.000010 0.019290 0.031766 0.060718 0.006651 0.071405 0.028777 0.014164
0.914387 0.000010 0.000010 0.000010 0.000010 0.030354 0.000010 0.018026 0.006881 0.030251 0.000010 0.000010 0.000010 0.000010 0.000010
0.423504 0.000010 0.000010 0.000010 0.344107 0.000010 0.000010 0.000010 0.000010 0.063583 0.045169 0.013715 0.034908 0.057218 0.017728
0.171467 0.000010 0.134908 0.050125 0.156862 0.000010 0.000010 0.002439 0.000010 0.010337 0.181778 0.061345 0.012743 0.153890 0.064065
0.387848 0.000010 0.143074 0.000010 0.103855 0.000010 0.000010 0.034537 0.000010 0.128736 0.046411 0.000010 0.000010 0.112518 0.042951
0.070891 0.000010 0.000010 0.000010 0.334424 0.061581 0.065420 0.276231 0.000010 0.035121 0.006231 0.030180 0.094545 0.000010 0.025327
0.018080 0.000010 0.000010 0.009712 0.107303 0.287020 0.000252 0.000010 0.000010 0.000010 0.486308 0.000860 0.090395 0.000010 0.000010
0.000010 0.000010 0.000010 0.000010 0.000010 0.245564 0.000010 0.000010 0.000010 0.000010 0.603292 0.000010 0.151024 0.000010 0.000010
0.000010 0.000010 0.000010 0.000010 0.000010 0.000010 0.000010 0.000010 0.000010 0.000010 0.000010 0.999860 0.000010 0.000010 0.000010
0.411179 0.000010 0.032140 0.000010 0.293649 0.063223 0.000010 0.063238 0.009921 0.063626 0.011302 0.000010 0.000010 0.051662 0.000010
0.685733 0.000010 0.057128 0.007272 0.089089 0.000010 0.000010 0.009412 0.002436 0.016776 0.033697 0.011380 0.042247 0.005258 0.039542
0.000010 0.000010 0.000010 0.000010 0.000010 0.000010 0.000010 0.000010 0.000010 0.000010 0.000010 0.000010 0.999860 0.000010 0.000010
0.397337 0.008069 0.040773 0.029430 0.150116 0.000010 0.020480 0.000148 0.010516 0.092769 0.022522 0.000010 0.163248 0.030618 0.033955
0.000010 0.000010 0.000010 0.036227 0.271377 0.000010 0.000010 0.000010 0.001904 0.000010 0.000010 0.000010 0.652091 0.038300 0.000010
0.000010 0.000010 0.000010 0.000010 0.244414 0.000010 0.000010 0.000010 0.000713 0.000010 0.021980 0.000010 0.729293 0.003500 0.000010
0.239602 0.000010 0.616173 0.000010 0.086910 0.000010 0.000010 0.000010 0.000010 0.057206 0.000010 0.000010 0.000010 0.000010 0.000010
0.000010 0.664074 0.011689 0.000010 0.000010 0.000010 0.000010 0.000010 0.000010 0.006142 0.000010 0.313000 0.000010 0.000010 0.004995
0.000010 0.672317 0.000010 0.000010 0.037167 0.007375 0.000010 0.008753 0.000010 0.000010 0.000010 0.274288 0.000010 0.000010 0.000010
0.043803 0.245703 0.057074 0.000010 0.142898 0.035151 0.000010 0.009399 0.000010 0.000010 0.000010 0.185537 0.000010 0.146822 0.133552
0.160054 0.013300 0.205535 0.074483 0.236861 0.041353 0.010247 0.020759 0.000010 0.061259 0.038558 0.020617 0.000010 0.085993 0.030960
0.225330 0.023910 0.244148 0.000010 0.273675 0.000010 0.000010 0.025529 0.000010 0.051463 0.085112 0.000010 0.017572 0.044875 0.008335
0.000010 0.000010 0.000010 0.999860 0.000010 0.000010 0.000010 0.000010 0.000010 0.000010 0.000010 0.000010 0.000010 0.000010 0.000010
0.312890 0.028242 0.142242 0.015186 0.054634 0.000010 0.080662 0.006460 0.000010 0.132506 0.020561 0.021023 0.000010 0.080097 0.105467
0.000010 0.000010 0.000010 0.999860 0.000010 0.000010 0.000010 0.000010 0.000010 0.000010 0.000010 0.000010 0.000010 0.000010 0.000010
0.245765 0.000013 0.216500 0.004542 0.199377 0.066283 0.003798 0.038860 0.000010 0.059161 0.000010 0.021990 0.019027 0.097304 0.027357
0.319701 0.000010 0.210335 0.038531 0.099411 0.000010 0.009190 0.003924 0.000010 0.131812 0.050166 0.055013 0.000010 0.081867 0.000010
0.000010 0.000010 0.000011 0.000010 0.000010 0.000010 0.000010 0.999856 0.000010 0.000010 0.000013 0.000010 0.000010 0.000010 0.000010
0.000010 0.000010 0.000010 0.016325 0.026133 0.000010 0.000010 0.033312 0.002997 0.000010 0.006818 0.026865 0.857349 0.000010 0.030130
0.447686 0.000010 0.012090 0.000010 0.281627 0.037684 0.006363 0.019131 0.000010 0.055341 0.068357 0.000010 0.000010 0.071662 0.000010
0.412858 0.000010 0.000010 0.036523 0.321059 0.011306 0.057073 0.000798 0.000010 0.090595 0.060023 0.000010 0.000010 0.009704 0.000010
0.030047 0.000010 0.000010 0.036818 0.024946 0.047543 0.150625 0.015286 0.003743 0.022022 0.042153 0.000010 0.623901 0.002877 0.000010
0.765914 0.000010 0.019203 0.022134 0.168966 0.001872 0.000010 0.000010 0.000010 0.000010 0.008435 0.013397 0.000010 0.000010 0.000010
0.473291 0.000010 0.000010 0.000010 0.257088 0.016219 0.027550 0.034605 0.000010 0.015204 0.046129 0.000010 0.071903 0.057951 0.000010
0.360967 0.035535 0.016352 0.029411 0.000010 0.000010 0.000010 0.035241 0.008289 0.064783 0.000010 0.000010 0.439916 0.009447 0.000010
0.590407 0.000010 0.000010 0.000010 0.274634 0.000010 0.000010 0.002960 0.020617 0.000010 0.000010 0.011110 0.030225 0.069967 0.000010
0.418353 0.000010 0.066868 0.000010 0.198218 0.023903 0.042686 0.026837 0.000010 0.066788 0.048193 0.015171 0.036979 0.037339 0.018634
0.050197 0.005386 0.159237 0.053453 0.000010 0.088691 0.056401 0.083392 0.115640 0.044518 0.136396 0.046773 0.154295 0.005601 0.000010
0.000010 0.000010 0.000010 0.000010 0.000010 0.000010 0.000010 0.000010 0.155939 0.000010 0.121057 0.563109 0.000010 0.159786 0.000010
0.000010 0.000010 0.029280 0.000010 0.108484 0.004517 0.007288 0.028346 0.463478 0.000010 0.298026 0.017564 0.000010 0.000010 0.042956
0.000010 0.008326 0.001281 0.000010 0.020475 0.000010 0.031138 0.025717 0.000010 0.010008 0.032572 0.019207 0.840505 0.010721 0.000010
0.304563 0.000010 0.174789 0.000010 0.149081 0.008037 0.037679 0.023486 0.000010 0.140219 0.041678 0.000010 0.000010 0.100219 0.020201
0.163911 0.030116 0.138555 0.073566 0.242893 0.035242 0.000010 0.000010 0.000010 0.106925 0.026980 0.000010 0.040463 0.108300 0.033008
0.109127 0.002725 0.273354 0.056698 0.181075 0.000010 0.000010 0.027806 0.000010 0.192263 0.000010 0.000010 0.060789 0.070016 0.026097
0.105119 0.000010 0.000010 0.035617 0.554515 0.097968 0.033816 0.125829 0.000010 0.002382 0.000010 0.000010 0.000010 0.021612 0.023080
0.421376 0.000010 0.011295 0.028130 0.378623 0.000018 0.006369 0.000010 0.000010 0.000010 0.053212 0.004120 0.070675 0.023867 0.002275
0.176700 0.000010 0.012335 0.000010 0.476699 0.031026 0.036849 0.092120 0.036481 0.056888 0.000010 0.000010 0.049513 0.031338 0.000010
0.626416 0.000010 0.032850 0.000010 0.131319 0.026885 0.000010 0.030430 0.000010 0.033318 0.000010 0.027381 0.015840 0.043958 0.031553
0.672548 0.000010 0.000010 0.050878 0.166666 0.000010 0.000010 0.035977 0.020897 0.025693 0.009804 0.000010 0.017467 0.000010 0.000010
0.513595 0.028929 0.004851 0.033652 0.153144 0.065751 0.000010 0.031111 0.000010 0.079045 0.000010 0.037360 0.015438 0.037084 0.000010
0.000010 0.000010 0.000010 0.000010 0.000010 0.000010 0.000010 0.000010 0.000010 0.000010 0.000010 0.999860 0.000010 0.000010 0.000010
0.487444 0.000010 0.009866 0.017671 0.291263 0.000010 0.000010 0.000010 0.000010 0.009220 0.069418 0.000010 0.066128 0.023648 0.025283
0.677202 0.018536 0.060065 0.009014 0.057376 0.098079 0.000010 0.036382 0.000010 0.000010 0.038584 0.004701 0.000010 0.000010 0.000010
0.066920 0.003932 0.000010 0.000490 0.130164 0.164491 0.000010 0.000010 0.024050 0.000010 0.000010 0.012424 0.581139 0.016330 0.000010
0.044662 0.000010 0.005028 0.000010 0.086853 0.219190 0.000010 0.034924 0.017464 0.012927 0.009959 0.004935 0.558039 0.005979 0.000010
0.036279 0.000010 0.000010 0.000010 0.102511 0.021289 0.046470 0.724489 0.002372 0.000010 0.000010 0.000010 0.021963 0.000010 0.044557
0.000010 0.000010 0.000010 0.009179 0.064863 0.031525 0.178098 0.000010 0.047119 0.000010 0.004771 0.000010 0.664365 0.000010 0.000010
0.000010 0.000010 0.000010 0.000010 0.000010 0.000010 0.000010 0.000010 0.000010 0.000010 0.000010 0.999860 0.000010 0.000010 0.000010
0.039313 0.718105 0.035355 0.082216 0.017105 0.000010 0.000010 0.010984 0.000010 0.000010 0.000010 0.004567 0.000010 0.000010 0.092284
0.004777 0.000010 0.000010 0.000010 0.080677 0.505122 0.000010 0.046470 0.013669 0.007972 0.000010 0.000010 0.341233 0.000010 0.000010
0.143370 0.005855 0.110659 0.009444 0.358615 0.065741 0.000010 0.068878 0.015515 0.000010 0.000010 0.000010 0.122073 0.099800 0.000010
0.008325 0.779846 0.000010 0.049974 0.000570 0.000010 0.000010 0.000010 0.017789 0.012942 0.000010 0.062307 0.000010 0.013219 0.054968
0.032176 0.811775 0.002060 0.000967 0.022576 0.019557 0.000010 0.047409 0.021500 0.000010 0.000010 0.020192 0.000010 0.000010 0.021738
0.000010 0.724873 0.000010 0.035408 0.113346 0.000010 0.000010 0.000010 0.000010 0.000010 0.000010 0.014245 0.000010 0.029851 0.082188
0.000010 0.794127 0.009962 0.000010 0.080312 0.000010 0.000010 0.006555 0.000010 0.008998 0.000010 0.069571 0.000010 0.000010 0.030395
0.024631 0.780555 0.043813 0.026359 0.027117 0.000010 0.000010 0.001406 0.000010 0.005756 0.014862 0.016770 0.000010 0.000010 0.058681
0.027753 0.277244 0.047034 0.000010 0.339019 0.090896 0.089799 0.000111 0.039006 0.002735 0.000010 0.000170 0.067256 0.018946 0.000010
0.000010 0.000010 0.999860 0.000010 0.000010 0.000010 0.000010 0.000010 0.000010 0.000010 0.000010 0.000010 0.000010 0.000010 0.000010
0.000010 0.000010 0.999860 0.000010 0.000010 0.000010 0.000010 0.000010 0.000010 0.000010 0.000010 0.000010 0.000010 0.000010 0.000010
0.069796 0.000010 0.036472 0.000010 0.290342 0.304733 0.031616 0.000010 0.000010 0.000010 0.000010 0.000010 0.184596 0.047956 0.034421
0.000010 0.016139 0.000010 0.000010 0.000010 0.085188 0.080529 0.000010 0.038044 0.000010 0.021226 0.021610 0.737185 0.000010 0.000010
0.000010 0.000010 0.999860 0.000010 0.000010 0.000010 0.000010 0.000010 0.000010 0.000010 0.000010 0.000010 0.000010 0.000010 0.000010
0.000010 0.000010 0.039722 0.000010 0.887927 0.000010 0.000010 0.041422 0.030423 0.000406 0.000010 0.000010 0.000010 0.000010 0.000010
0.000010 0.000010 0.952500 0.000010 0.045935 0.000010 0.000010 0.000010 0.001444 0.000010 0.000010 0.000010 0.000010 0.000010 0.000010
0.120250 0.000010 0.000010 0.023247 0.527079 0.057108 0.030005 0.048371 0.011690 0.036951 0.000010 0.000010 0.145240 0.000010 0.000010
0.000010 0.000010 0.000010 0.000010 0.000010 0.000010 0.000010 0.000010 0.999860 0.000010 0.000010 0.000010 0.000010 0.000010 0.000010
0.000010 0.000010 0.018359 0.008575 0.090870 0.209859 0.000010 0.000010 0.000010 0.038578 0.000010 0.000010 0.633668 0.000010 0.000010
0.000010 0.000010 0.447981 0.000010 0.000010 0.000010 0.000010 0.000010 0.087518 0.000010 0.464382 0.000010 0.000010 0.000010 0.000010
0.000010 0.000010 0.000010 0.000010 0.000010 0.999860 0.000010 0.000010 0.000010 0.000010 0.000010 0.000010 0.000010 0.000010 0.000010
0.000010 0.000010 0.040319 0.019159 0.751098 0.000010 0.000010 0.071471 0.053693 0.015561 0.000010 0.018114 0.024744 0.005781 0.000010
0.122851 0.000010 0.031041 0.000010 0.477364 0.067370 0.032263 0.024800 0.022587 0.017241 0.007382 0.000010 0.172198 0.000010 0.024862
0.023460 0.000010 0.001458 0.000010 0.080604 0.056852 0.041804 0.000010 0.000010 0.000010 0.000010 0.000010 0.777906 0.000010 0.017835
0.120059 0.004822 0.232519 0.346585 0.029426 0.000010 0.000010 0.001846 0.000010 0.123135 0.003834 0.045636 0.000010 0.031930 0.060167
0.055937 0.000010 0.005299 0.000010 0.242656 0.048355 0.106670 0.023532 0.000010 0.027409 0.000010 0.000010 0.490072 0.000010 0.000010
0.021463 0.000010 0.000010 0.036560 0.150513 0.020512 0.015918 0.015669 0.000010 0.014907 0.016720 0.000010 0.707678 0.000010 0.000010
0.065532 0.000010 0.000010 0.000010 0.000010 0.062565 0.000010 0.000010 0.019755 0.008865 0.000010 0.000010 0.843184 0.000010 0.000010
0.198843 0.000010 0.035148 0.011600 0.546114 0.009393 0.036137 0.053266 0.000010 0.000010 0.013376 0.000010 0.095352 0.000720 0.000010
0.000010 0.000010 0.000010 0.000010 0.000010 0.999860 0.000010 0.000010 0.000010 0.000010 0.000010 0.000010 0.000010 0.000010 0.000010
0.000010 0.000010 0.000010 0.000010 0.000010 0.000010 0.000010 0.000012 0.999858 0.000010 0.000010 0.000010 0.000010 0.000010 0.000010
0.000010 0.000010 0.000010 0.000010 0.000010 0.000010 0.000010 0.000010 0.999860 0.000010 0.000010 0.000010 0.000010 0.000010 0.000010
0.037264 0.001966 0.005079 0.000010 0.053990 0.138068 0.000010 0.032887 0.000010 0.000010 0.007499 0.009027 0.713843 0.000010 0.000327
0.000010 0.000010 0.000010 0.000010 0.000010 0.000010 0.000010 0.000010 0.999860 0.000010 0.000010 0.000010 0.000010 0.000010 0.000010
0.000010 0.000010 0.000010 0.026154 0.183921 0.000010 0.035523 0.000010 0.000010 0.000010 0.024553 0.000010 0.715228 0.014531 0.000010
0.000010 0.000010 0.000010 0.000010 0.000010 0.014039 0.000010 0.000010 0.000010 0.000010 0.000010 0.000010 0.985831 0.000010 0.000010
0.000010 0.000010 0.000010 0.000010 0.000010 0.000010 0.000010 0.000010 0.999860 0.000010 0.000010 0.000010 0.000010 0.000010 0.000010
0.000010 0.000010 0.000010 0.000010 0.000010 0.000010 0.000010 0.000010 0.999860 0.000010 0.000010 0.000010 0.000010 0.000010 0.000010
0.000010 0.000010 0.000010 0.000010 0.000010 0.000010 0.000010 0.000010 0.999860 0.000010 0.000010 0.000010 0.000010 0.000010 0.000010
0.000010 0.000010 0.000010 0.000010 0.000010 0.000010 0.000010 0.000010 0.996924 0.000010 0.000010 0.000010 0.000010 0.002946 0.000010
0.043974 0.000010 0.000010 0.000010 0.000010 0.007890 0.000010 0.000010 0.654087 0.000010 0.248853 0.020324 0.000010 0.000010 0.024782
0.047802 0.045139 0.000010 0.054785 0.615615 0.092791 0.000010 0.000010 0.000010 0.015028 0.072482 0.000010 0.056288 0.000010 0.000010
0.078481 0.000010 0.000010 0.005450 0.639551 0.084966 0.050570 0.002029 0.033088 0.065832 0.012097 0.000010 0.026660 0.000010 0.001236
0.000010 0.000010 0.000010 0.000010 0.000010 0.000010 0.000010 0.000010 0.999860 0.000010 0.000010 0.000010 0.000010 0.000010 0.000010
0.000010 0.000010 0.000010 0.000010 0.138591 0.028946 0.256415 0.000010 0.095749 0.000010 0.074353 0.020939 0.361077 0.023860 0.000010
0.000010 0.000010 0.000010 0.000010 0.112550 0.311848 0.000010 0.040319 0.000010 0.000010 0.018526 0.000010 0.516658 0.000010 0.000010
0.000010 0.000010 0.000010 0.000010 0.000010 0.000010 0.000010 0.000010 0.999860 0.000010 0.000010 0.000010 0.000010 0.000010 0.000010
0.000010 0.000010 0.000010 0.016451 0.000010 0.000010 0.000010 0.018918 0.910980 0.000010 0.029453 0.000010 0.000010 0.022764 0.001344
0.000010 0.000010 0.000010 0.000010 0.000010 0.000010 0.000010 0.000010 0.999860 0.000010 0.000010 0.000010 0.000010 0.000010 0.000010
0.161040 0.000010 0.000010 0.001074 0.235052 0.031875 0.082004 0.222935 0.000010 0.018377 0.038546 0.054301 0.091738 0.031214 0.031815
0.139157 0.000010 0.000010 0.000010 0.592544 0.082317 0.000010 0.033182 0.051712 0.000010 0.011656 0.000010 0.089353 0.000010 0.000010
0.126576 0.000010 0.000010 0.000010 0.625713 0.098341 0.000010 0.029095 0.035164 0.025525 0.000010 0.000010 0.042736 0.000010 0.016779
0.233384 0.000010 0.000010 0.000010 0.616460 0.075414 0.000010 0.027807 0.030141 0.008945 0.007768 0.000010 0.000010 0.000010 0.000010
0.000010 0.000010 0.000012 0.000010 0.000010 0.000010 0.000010 0.000010 0.345298 0.000010 0.654570 0.000010 0.000010 0.000010 0.000010
0.000010 0.259683 0.000010 0.000010 0.000010 0.056564 0.000010 0.000010 0.419408 0.000010 0.000010 0.218022 0.007302 0.038931 0.000010
0.000010 0.000010 0.000010 0.000010 0.000010 0.000010 0.000010 0.000010 0.999860 0.000010 0.000010 0.000010 0.000010 0.000010 0.000010
0.000010 0.000010 0.000010 0.000010 0.000010 0.000010 0.000010 0.000010 0.999860 0.000010 0.000010 0.000010 0.000010 0.000010 0.000010
0.000010 0.000010 0.000010 0.000010 0.000010 0.000010 0.000010 0.000010 0.999858 0.000010 0.000010 0.000010 0.000012 0.000010 0.000010
0.000010 0.000010 0.000010 0.000010 0.000010 0.000010 0.000010 0.000010 0.999860 0.000010 0.000010 0.000010 0.000010 0.000010 0.000010
0.000010 0.000010 0.000010 0.000010 0.000010 0.000010 0.000010 0.000010 0.999860 0.000010 0.000010 0.000010 0.000010 0.000010 0.000010
0.000010 0.000010 0.000010 0.000010 0.000010 0.000010 0.000010 0.000010 0.999860 0.000010 0.000010 0.000010 0.000010 0.000010 0.000010
0.038118 0.000010 0.000010 0.004774 0.315980 0.000010 0.000010 0.296143 0.000010 0.010299 0.050430 0.038610 0.203197 0.000010 0.042389
0.000010 0.000010 0.000011 0.000010 0.000010 0.000010 0.000010 0.000011 0.999858 0.000010 0.000010 0.000010 0.000010 0.000010 0.000010
0.000010 0.000010 0.005369 0.006498 0.000010 0.000010 0.012253 0.000010 0.689548 0.000010 0.242341 0.006905 0.000010 0.000010 0.037006
0.000015 0.000010 0.000010 0.000010 0.117743 0.000010 0.004597 0.004766 0.000010 0.000010 0.000010 0.011322 0.861467 0.000010 0.000010
0.000010 0.000010 0.000010 0.000010 0.000010 0.000010 0.000010 0.000010 0.337970 0.000010 0.661900 0.000010 0.000010 0.000010 0.000010
0.000010 0.000010 0.000010 0.000010 0.000010 0.000010 0.176314 0.029681 0.142587 0.032352 0.519113 0.000010 0.075136 0.024736 0.000010
0.000010 0.000016 0.000010 0.000010 0.000010 0.000010 0.000010 0.000010 0.999854 0.000010 0.000010 0.000010 0.000010 0.000010 0.000010
0.000010 0.000014 0.000010 0.000013 0.000012 0.000012 0.000010 0.000010 0.999850 0.000010 0.000010 0.000010 0.000010 0.000010 0.000010
0.000015 0.000010 0.000010 0.000010 0.000010 0.000010 0.000010 0.000015 0.999844 0.000017 0.000010 0.000010 0.000010 0.000010 0.000010
0.000010 0.000010 0.000010 0.000010 0.000010 0.000010 0.000010 0.000010 0.999860 0.000010 0.000010 0.000010 0.000010 0.000010 0.000010
0.000010 0.000010 0.000010 0.000010 0.000010 0.000010 0.000010 0.000010 0.833626 0.000010 0.166244 0.000010 0.000010 0.000010 0.000010
0.000010 0.000010 0.000010 0.000010 0.000010 0.000010 0.000010 0.000010 0.999860 0.000010 0.000010 0.000010 0.000010 0.000010 0.000010
0.000010 0.000010 0.000010 0.000010 0.000010 0.000010 0.000010 0.999860 0.000010 0.000010 0.000010 0.000010 0.000010 0.000010 0.000010
0.000010 0.000010 0.000010 0.000010 0.000010 0.000010 0.000010 0.000010 0.000010 0.000010 0.000010 0.000010 0.000010 0.000010 0.999860
0.000010 0.000010 0.000010 0.000010 0.000010 0.000010 0.000010 0.000010 0.000010 0.000010 0.000010 0.000010 0.000010 0.000010 0.999860
0.000010 0.000010 0.000010 0.000010 0.000010 0.000010 0.000010 0.000010 0.000010 0.000010 0.000010 0.000010 0.000010 0.000010 0.999860
0.000012 0.000010 0.000013 0.000013 0.000010 0.000010 0.000010 0.000010 0.999853 0.000010 0.000010 0.000010 0.000010 0.000010 0.000010
0.000010 0.000010 0.000010 0.000015 0.000010 0.000010 0.000010 0.000010 0.999849 0.000010 0.000010 0.000010 0.000016 0.000010 0.000010
0.000010 0.000010 0.000010 0.000010 0.000010 0.000010 0.000010 0.000010 0.000010 0.000010 0.000010 0.000010 0.000010 0.000010 0.999860
0.000010 0.000010 0.000010 0.000010 0.000010 0.000010 0.000010 0.000010 0.000010 0.000010 0.000010 0.000010 0.014618 0.000010 0.985252
0.000010 0.000010 0.000010 0.000010 0.000010 0.000010 0.000010 0.000010 0.000010 0.000010 0.000010 0.000010 0.000010 0.000010 0.999860
0.000010 0.000010 0.000010 0.000010 0.000010 0.000010 0.000010 0.000010 0.999860 0.000010 0.000010 0.000010 0.000010 0.000010 0.000010
0.000010 0.000010 0.000010 0.000010 0.000010 0.000010 0.000010 0.000010 0.999853 0.000017 0.000010 0.000010 0.000010 0.000010 0.000010
0.000010 0.000010 0.190242 0.809628 0.000010 0.000010 0.000010 0.000010 0.000010 0.000010 0.000010 0.000010 0.000010 0.000010 0.000010
0.000010 0.000010 0.000010 0.000010 0.000010 0.000010 0.000010 0.000010 0.999860 0.000010 0.000010 0.000010 0.000010 0.000010 0.000010
0.000010 0.000010 0.000010 0.000010 0.000010 0.000010 0.000010 0.000010 0.000010 0.906423 0.000010 0.000010 0.093447 0.000010 0.000010
0.000010 0.000010 0.000010 0.000010 0.000010 0.000010 0.000010 0.000010 0.000010 0.000010 0.000010 0.000010 0.000010 0.999860 0.000010
0.000010 0.000010 0.000010 0.000010 0.000010 0.000010 0.000010 0.000010 0.013990 0.000010 0.000010 0.000010 0.000010 0.985880 0.000010
0.101156 0.000010 0.008205 0.000010 0.065857 0.090997 0.149489 0.000010 0.000010 0.053141 0.000010 0.000010 0.531075 0.000010 0.000010
0.000010 0.000010 0.000010 0.000010 0.000010 0.000010 0.000010 0.000010 0.000010 0.000010 0.000010 0.000010 0.000010 0.999860 0.000010
0.000010 0.919872 0.000010 0.000010 0.000010 0.000010 0.000010 0.004422 0.000010 0.060178 0.015418 0.000010 0.000010 0.000010 0.000010
0.117741 0.096304 0.279016 0.097742 0.126208 0.000010 0.000010 0.017873 0.028612 0.101575 0.000010 0.053279 0.000010 0.053343 0.028269
0.112530 0.000010 0.000010 0.000016 0.019624 0.021022 0.275488 0.023138 0.000010 0.058652 0.095889 0.023441 0.370150 0.000010 0.000010
0.034381 0.030611 0.156667 0.000010 0.000010 0.059649 0.074512 0.011121 0.019605 0.000010 0.000010 0.040903 0.000538 0.040470 0.531504
0.000010 0.000010 0.000010 0.000010 0.003428 0.000010 0.620151 0.000010 0.101586 0.000010 0.274725 0.000010 0.000010 0.000010 0.000010
0.000010 0.000010 0.000010 0.000010 0.000010 0.000010 0.641184 0.000010 0.247660 0.000010 0.111036 0.000010 0.000010 0.000010 0.000010
0.000010 0.000010 0.000010 0.000010 0.157427 0.018225 0.031127 0.000010 0.000010 0.000010 0.006898 0.004942 0.775930 0.000010 0.005370
0.013933 0.000010 0.000010 0.023340 0.007022 0.000010 0.000514 0.014297 0.371488 0.069159 0.417396 0.038090 0.000010 0.000010 0.044710
0.150441 0.000010 0.016659 0.016192 0.271836 0.021822 0.011968 0.041549 0.000010 0.018990 0.052715 0.048752 0.349037 0.000010 0.000010
0.000010 0.000010 0.000010 0.000010 0.093653 0.038159 0.020850 0.010794 0.049766 0.000010 0.027811 0.013316 0.745582 0.000010 0.000010
0.000010 0.000010 0.000010 0.025062 0.050237 0.019008 0.135522 0.000010 0.141898 0.000010 0.228625 0.000010 0.378800 0.020778 0.000010
0.210474 0.000010 0.375160 0.000010 0.213273 0.023286 0.000010 0.000010 0.000010 0.145373 0.000010 0.000010 0.000010 0.032344 0.000010
0.000010 0.000010 0.000010 0.007194 0.142211 0.745568 0.000010 0.018492 0.000010 0.039291 0.035241 0.011924 0.000010 0.000010 0.000010
0.120382 0.000010 0.029672 0.049657 0.599082 0.042186 0.000010 0.041663 0.011189 0.106099 0.000010 0.000010 0.000010 0.000010 0.000010
0.000010 0.089059 0.145518 0.017137 0.043404 0.000010 0.000010 0.000010 0.012580 0.041040 0.000010 0.000010 0.028574 0.026838 0.595789
0.000010 0.000010 0.000010 0.000010 0.000010 0.000010 0.021789 0.000010 0.642236 0.000010 0.318850 0.000010 0.000010 0.000010 0.017015
0.000010 0.162661 0.113600 0.028417 0.056954 0.034986 0.043286 0.000010 0.000010 0.000010 0.021720 0.000010 0.000010 0.000010 0.538306
0.000010 0.000010 0.000010 0.000010 0.000010 0.000010 0.000010 0.000010 0.000010 0.000010 0.000010 0.000010 0.000010 0.000010 0.999860
0.048535 0.026807 0.000017 0.000010 0.315319 0.104222 0.081269 0.058506 0.000010 0.000515 0.000010 0.010588 0.343609 0.010572 0.000010
0.000010 0.000010 0.018370 0.037524 0.346571 0.000010 0.000010 0.000010 0.000010 0.000010 0.000010 0.000010 0.576710 0.020725 0.000010
0.000010 0.650016 0.000010 0.349854 0.000010 0.000010 0.000010 0.000010 0.000010 0.000010 0.000010 0.000010 0.000010 0.000010 0.000010
0.000010 0.020006 0.000010 0.024419 0.337041 0.000010 0.004752 0.033312 0.000010 0.019932 0.044342 0.005526 0.510611 0.000010 0.000010
0.000010 0.000010 0.009140 0.000010 0.265995 0.000010 0.000010 0.000010 0.022611 0.011862 0.000010 0.006740 0.678504 0.000010 0.005067
0.026570 0.001748 0.000010 0.000010 0.039199 0.026538 0.000010 0.042911 0.000010 0.000010 0.001842 0.012161 0.840253 0.008718 0.000010
0.207339 0.044441 0.229317 0.000010 0.131651 0.000010 0.212423 0.000010 0.000010 0.078486 0.000010 0.039552 0.010083 0.000010 0.046648
0.000010 0.000010 0.999860 0.000010 0.000010 0.000010 0.000010 0.000010 0.000010 0.000010 0.000010 0.000010 0.000010 0.000010 0.000010
0.012136 0.000010 0.016428 0.030840 0.184017 0.000010 0.000010 0.145264 0.022211 0.069023 0.015887 0.014127 0.479452 0.010575 0.000010
0.000010 0.000010 0.000010 0.000010 0.000010 0.000010 0.000010 0.000010 0.000010 0.000010 0.000010 0.000010 0.000010 0.000010 0.999860
0.000010 0.014357 0.064995 0.000010 0.820897 0.000010 0.000010 0.052633 0.032309 0.000010 0.000010 0.014718 0.000010 0.000010 0.000010
0.042326 0.000010 0.000010 0.000010 0.113408 0.000010 0.258587 0.000010 0.043062 0.027480 0.023291 0.000010 0.472479 0.019296 0.000010
0.123320 0.236193 0.000010 0.025777 0.000010 0.000010 0.044536 0.000010 0.015839 0.000010 0.000010 0.022255 0.000010 0.179207 0.352803
0.041723 0.009342 0.085420 0.043920 0.629210 0.040748 0.000010 0.015241 0.000010 0.000010 0.019693 0.045207 0.046150 0.000010 0.023306
0.000010 0.000010 0.000010 0.000010 0.000010 0.000010 0.000010 0.000010 0.999860 0.000010 0.000010 0.000010 0.000010 0.000010 0.000010
0.000015 0.000010 0.000010 0.000010 0.231725 0.000010 0.099180 0.023105 0.000010 0.041594 0.061347 0.025046 0.517811 0.000117 0.000010
0.000010 0.000010 0.000010 0.000010 0.303520 0.000010 0.061679 0.041387 0.000010 0.022180 0.039789 0.000010 0.531356 0.000010 0.000010
0.000010 0.000010 0.042936 0.017689 0.362087 0.020738 0.000010 0.000010 0.000010 0.000010 0.033729 0.040963 0.481777 0.000010 0.000010
0.023944 0.000010 0.000010 0.000010 0.067648 0.032590 0.000010 0.000010 0.020946 0.116017 0.000010 0.019605 0.719171 0.000010 0.000010
0.121562 0.000010 0.014130 0.000010 0.000010 0.019285 0.598194 0.000010 0.060578 0.017916 0.000010 0.003746 0.139743 0.000010 0.024786
0.000010 0.000010 0.000010 0.036924 0.487173 0.000010 0.022892 0.082731 0.000010 0.090532 0.087491 0.001344 0.117283 0.015871 0.057710
0.000010 0.000010 0.000010 0.053308 0.002798 0.154168 0.018550 0.000010 0.000010 0.000010 0.000010 0.000010 0.771076 0.000010 0.000010
0.000010 0.000010 0.000010 0.000010 0.000010 0.007295 0.000010 0.000010 0.030586 0.000010 0.000010 0.000010 0.961999 0.000010 0.000010
0.000010 0.000010 0.031875 0.000010 0.491423 0.000012 0.059573 0.237647 0.000010 0.008184 0.058739 0.000010 0.072417 0.007716 0.032364
0.000010 0.000010 0.000010 0.000010 0.031707 0.031395 0.098234 0.015261 0.069139 0.000010 0.086184 0.000010 0.668000 0.000010 0.000010
0.088791 0.000010 0.000010 0.042076 0.532980 0.000010 0.014811 0.117417 0.000010 0.000010 0.138821 0.031178 0.006778 0.004456 0.022643
0.000010 0.006196 0.022862 0.000010 0.124228 0.056260 0.015970 0.006653 0.035838 0.000010 0.031457 0.002308 0.686813 0.011375 0.000010
0.024511 0.000010 0.000010 0.000010 0.163371 0.145288 0.014782 0.028350 0.019735 0.000010 0.008043 0.000010 0.574620 0.021239 0.000010
0.000010 0.021497 0.006575 0.000010 0.871539 0.000010 0.043031 0.000010 0.009663 0.000010 0.000010 0.028993 0.000010 0.000010 0.018623
0.025539 0.000010 0.024191 0.000010 0.031021 0.000010 0.011417 0.000010 0.000010 0.017504 0.000010 0.000010 0.882976 0.000010 0.007272
0.000010 0.000010 0.000010 0.000010 0.056548 0.090029 0.232514 0.005122 0.162819 0.000010 0.191480 0.000010 0.215607 0.037695 0.008127
0.000010 0.000010 0.000010 0.000010 0.150628 0.020431 0.016942 0.000010 0.015327 0.000010 0.000010 0.000010 0.784664 0.000519 0.011410
0.000010 0.000010 0.000010 0.000010 0.061117 0.000010 0.224223 0.003728 0.211288 0.000010 0.142527 0.000010 0.351678 0.005359 0.000010
0.060712 0.000010 0.004114 0.000010 0.182242 0.000010 0.032803 0.109860 0.000010 0.017380 0.000010 0.015631 0.541353 0.035845 0.000010
0.034452 0.000010 0.000010 0.009154 0.018809 0.055350 0.079533 0.000010 0.027614 0.000010 0.021305 0.000010 0.753461 0.000261 0.000010
0.000010 0.000010 0.000010 0.000010 0.257780 0.016322 0.047910 0.000010 0.010209 0.044261 0.020305 0.000010 0.595392 0.007751 0.000010
0.000010 0.000010 0.000010 0.000010 0.000010 0.000010 0.731198 0.000010 0.262290 0.000010 0.006392 0.000010 0.000010 0.000010 0.000010
0.000010 0.000010 0.000010 0.000010 0.005959 0.000010 0.993911 0.000010 0.000010 0.000010 0.000010 0.000010 0.000010 0.000010 0.000010
0.000010 0.000010 0.000010 0.999860 0.000010 0.000010 0.000010 0.000010 0.000010 0.000010 0.000010 0.000010 0.000010 0.000010 0.000010
0.000010 0.000010 0.000010 0.139185 0.000010 0.000010 0.691179 0.000010 0.002531 0.000010 0.166996 0.000010 0.000010 0.000010 0.000010
0.000010 0.000010 0.000010 0.112512 0.000010 0.000010 0.648216 0.000010 0.129379 0.000010 0.109783 0.000010 0.000010 0.000010 0.000010
0.000010 0.000010 0.000010 0.000010 0.000010 0.000010 0.998147 0.000010 0.000010 0.000010 0.000010 0.000010 0.000010 0.000010 0.001723
0.060175 0.000010 0.392005 0.022578 0.000010 0.000010 0.512677 0.000010 0.012465 0.000010 0.000010 0.000010 0.000010 0.000010 0.000010
0.000010 0.000010 0.000010 0.054237 0.135818 0.000010 0.516042 0.021628 0.057963 0.000010 0.172843 0.007834 0.033565 0.000010 0.000010
0.000010 0.000010 0.000010 0.999860 0.000010 0.000010 0.000010 0.000010 0.000010 0.000010 0.000010 0.000010 0.000010 0.000010 0.000010
0.046662 0.000010 0.105418 0.013544 0.067930 0.049976 0.000010 0.250057 0.000010 0.016609 0.000010 0.000010 0.427414 0.022330 0.000010
0.000010 0.000010 0.000010 0.000010 0.000010 0.000010 0.999860 0.000010 0.000010 0.000010 0.000010 0.000010 0.000010 0.000010 0.000010
0.000010 0.000010 0.000010 0.677782 0.000010 0.000010 0.322088 0.000010 0.000010 0.000010 0.000010 0.000010 0.000010 0.000010 0.000010
0.000010 0.005967 0.885971 0.000010 0.000010 0.000010 0.000010 0.000010 0.011951 0.046766 0.000010 0.000010 0.000010 0.000010 0.049245
0.067836 0.187141 0.012193 0.000010 0.000010 0.000010 0.000010 0.072933 0.000010 0.049492 0.000010 0.000010 0.000010 0.164691 0.445634
0.060079 0.187950 0.000010 0.000010 0.000010 0.047284 0.000010 0.015173 0.003571 0.032156 0.000010 0.029018 0.000010 0.165249 0.459460
0.000010 0.000010 0.999860 0.000010 0.000010 0.000010 0.000010 0.000010 0.000010 0.000010 0.000010 0.000010 0.000010 0.000010 0.000010
0.000010 0.000010 0.000010 0.000010 0.000010 0.022701 0.929654 0.000010 0.000010 0.000010 0.000010 0.000010 0.047525 0.000010 0.000010
0.000010 0.000010 0.000010 0.000010 0.000010 0.000010 0.999860 0.000010 0.000010 0.000010 0.000010 0.000010 0.000010 0.000010 0.000010
0.000010 0.000010 0.000010 0.815482 0.000010 0.000010 0.184388 0.000010 0.000010 0.000010 0.000010 0.000010 0.000010 0.000010 0.000010
0.140034 0.216405 0.014403 0.000010 0.000010 0.000010 0.024283 0.027857 0.000010 0.028552 0.000010 0.000010 0.000010 0.402340 0.146055
0.000011 0.000010 0.000010 0.000010 0.000010 0.000010 0.000010 0.000010 0.000010 0.000010 0.000010 0.000010 0.000010 0.999859 0.000010
0.000010 0.702487 0.047655 0.058962 0.027370 0.032572 0.000010 0.000010 0.000010 0.000010 0.004736 0.047449 0.000010 0.000010 0.078699
0.039096 0.000010 0.000010 0.012417 0.000010 0.000010 0.886949 0.000010 0.000010 0.005608 0.000010 0.000010 0.022639 0.000010 0.033200
0.000010 0.003573 0.000010 0.006697 0.000010 0.164358 0.025262 0.000010 0.000010 0.000010 0.028863 0.000010 0.771157 0.000010 0.000010
0.059050 0.000010 0.000010 0.013378 0.077368 0.105701 0.025841 0.025427 0.000010 0.030408 0.012991 0.000010 0.649776 0.000010 0.000010
0.564739 0.000010 0.040877 0.000010 0.244308 0.000010 0.000010 0.010493 0.020585 0.013924 0.038817 0.012308 0.000010 0.000010 0.053889
0.617519 0.000010 0.000010 0.000010 0.198494 0.050453 0.000010 0.039919 0.025364 0.000010 0.000010 0.000010 0.000010 0.000010 0.068160
0.001873 0.000010 0.000010 0.008086 0.059660 0.000010 0.050463 0.022213 0.000010 0.003846 0.001537 0.000010 0.852252 0.000010 0.000010
0.000010 0.000010 0.000010 0.000010 0.007251 0.024120 0.253343 0.072030 0.177556 0.000010 0.245553 0.000010 0.189220 0.030857 0.000010
0.023177 0.000010 0.000010 0.018350 0.362366 0.051619 0.126490 0.050491 0.096771 0.012458 0.057848 0.000010 0.200380 0.000010 0.000010
0.096352 0.000010 0.006955 0.089734 0.232200 0.010986 0.057817 0.000010 0.000010 0.000010 0.093029 0.000010 0.391240 0.016369 0.005270
0.000010 0.000010 0.000010 0.000010 0.000010 0.000010 0.000010 0.000010 0.000010 0.000010 0.000010 0.999860 0.000010 0.000010 0.000010
0.010751 0.000010 0.031217 0.005121 0.181733 0.182334 0.012971 0.018484 0.000010 0.029017 0.029915 0.001477 0.496939 0.000010 0.000010
0.000018 0.000010 0.000010 0.037787 0.000010 0.081450 0.000010 0.000010 0.000010 0.000010 0.022359 0.000010 0.858286 0.000010 0.000010
0.018090 0.000010 0.036767 0.017345 0.165048 0.537515 0.027799 0.020106 0.005521 0.009987 0.000010 0.000010 0.146643 0.000010 0.015139
0.056473 0.000010 0.000010 0.000010 0.173137 0.065407 0.000010 0.035504 0.020993 0.050423 0.000010 0.000010 0.586671 0.011323 0.000010
0.000010 0.000010 0.000010 0.000010 0.221068 0.530155 0.000010 0.000010 0.006260 0.032821 0.043067 0.000010 0.166540 0.000010 0.000010
0.146468 0.023592 0.000010 0.010553 0.349562 0.057841 0.000010 0.013050 0.030611 0.007079 0.017657 0.000016 0.324915 0.000010 0.018628
0.000010 0.000010 0.000010 0.999860 0.000010 0.000010 0.000010 0.000010 0.000010 0.000010 0.000010 0.000010 0.000010 0.000010 0.000010
0.251952 0.000010 0.000010 0.014963 0.004402 0.019099 0.095898 0.011665 0.009016 0.026280 0.000010 0.000010 0.556865 0.000010 0.009809
0.075884 0.000010 0.002389 0.000010 0.150269 0.148791 0.000010 0.005730 0.008445 0.000010 0.000010 0.000010 0.578507 0.000010 0.029915
0.100772 0.000010 0.000010 0.000010 0.146599 0.092286 0.043665 0.013554 0.002687 0.006920 0.018077 0.001970 0.573284 0.000147 0.000010
0.133438 0.000010 0.000010 0.008051 0.429681 0.022368 0.051851 0.068874 0.045602 0.000010 0.000010 0.000010 0.175711 0.031171 0.033204
0.012350 0.006143 0.013728 0.000010 0.000010 0.000010 0.059537 0.000010 0.000010 0.000010 0.000010 0.000010 0.898371 0.000010 0.009782
0.000010 0.000010 0.000010 0.000010 0.000010 0.000010 0.000010 0.000010 0.000010 0.849881 0.023465 0.000010 0.126534 0.000010 0.000010
0.242358 0.000010 0.000010 0.000010 0.500995 0.111730 0.000010 0.003059 0.034994 0.000010 0.000010 0.000010 0.000010 0.072859 0.033926
0.334762 0.000010 0.000010 0.048426 0.244659 0.034595 0.000010 0.046609 0.001630 0.075313 0.000010 0.000010 0.111170 0.059691 0.043093
0.339899 0.000010 0.034220 0.020261 0.265744 0.072158 0.021225 0.043083 0.009263 0.000010 0.038654 0.000010 0.038211 0.054678 0.062574
0.235793 0.000010 0.013647 0.000010 0.444867 0.019781 0.029829 0.053762 0.010824 0.000010 0.000010 0.000010 0.191427 0.000010 0.000010
0.024391 0.000010 0.000010 0.002876 0.055358 0.082712 0.013986 0.012370 0.000010 0.000010 0.000015 0.000010 0.805136 0.003096 0.000010
0.023334 0.000010 0.000010 0.004022 0.125446 0.033072 0.040257 0.005846 0.000010 0.026728 0.017146 0.000010 0.702071 0.022028 0.000010
0.205672 0.000010 0.031355 0.000010 0.000010 0.000010 0.000010 0.000010 0.000010 0.000010 0.000010 0.000010 0.762853 0.000010 0.000010
0.120808 0.000010 0.000010 0.000010 0.000010 0.008479 0.000010 0.017647 0.000010 0.000010 0.000010 0.000010 0.852956 0.000010 0.000010
0.261400 0.000010 0.024721 0.000010 0.226975 0.194675 0.000010 0.045788 0.014439 0.094066 0.000010 0.000010 0.087908 0.049969 0.000010
0.172901 0.000010 0.011830 0.024618 0.073345 0.034351 0.076772 0.045993 0.335874 0.000010 0.171441 0.013490 0.023219 0.016136 0.000010
0.067227 0.000010 0.022983 0.000010 0.118132 0.000010 0.167433 0.030988 0.000010 0.045592 0.076337 0.004451 0.442206 0.023359 0.001253
0.000010 0.000010 0.000010 0.012393 0.125774 0.067958 0.234104 0.000010 0.087051 0.000010 0.043952 0.000010 0.378836 0.049862 0.000010
0.838150 0.014246 0.000010 0.005594 0.023590 0.000010 0.000010 0.007763 0.035005 0.018771 0.000010 0.000010 0.053702 0.000010 0.003119
0.000010 0.000010 0.000010 0.000010 0.058713 0.052097 0.000010 0.023606 0.000010 0.023119 0.032802 0.000010 0.809573 0.000010 0.000010
0.000010 0.000010 0.022315 0.021251 0.769743 0.000010 0.110410 0.017027 0.000010 0.020661 0.006103 0.030512 0.000010 0.000010 0.001918
0.000010 0.000010 0.000010 0.000010 0.000010 0.573317 0.000010 0.007603 0.000010 0.000010 0.000010 0.000010 0.418960 0.000010 0.000010
0.000010 0.000010 0.000010 0.000010 0.000010 0.000010 0.000010 0.000010 0.000010 0.000010 0.000010 0.000010 0.999860 0.000010 0.000010
0.000010 0.000010 0.035980 0.000010 0.000010 0.107302 0.052783 0.041241 0.000010 0.167936 0.000010 0.000010 0.594669 0.000010 0.000010
0.253665 0.027391 0.001914 0.000010 0.435931 0.098997 0.009199 0.028651 0.036908 0.051368 0.055926 0.000010 0.000010 0.000010 0.000010
0.000010 0.000010 0.000010 0.000010 0.000010 0.000010 0.000010 0.000010 0.000010 0.000010 0.000010 0.000010 0.999860 0.000010 0.000010
