0.025710 0.000010 0.064297 0.000010 0.106384 0.415044 0.003410 0.000010 0.000010 0.385114
0.067346 0.000010 0.018905 0.000010 0.136255 0.559389 0.000010 0.036341 0.024091 0.157643
0.000010 0.048885 0.000010 0.044645 0.054288 0.387414 0.082520 0.000010 0.000010 0.382208
0.000010 0.000010 0.901347 0.000010 0.000010 0.002362 0.071302 0.024928 0.000010 0.000010
0.090758 0.028727 0.000010 0.000010 0.181940 0.426108 0.070915 0.002222 0.019355 0.179955
0.000010 0.005315 0.023892 0.000010 0.067974 0.128752 0.049437 0.019960 0.000010 0.704640
0.000010 0.082863 0.430359 0.000010 0.014682 0.131300 0.000010 0.044656 0.000010 0.296099
0.000010 0.000010 0.009645 0.000010 0.009518 0.000010 0.000010 0.042326 0.049538 0.888923
0.017900 0.000010 0.052305 0.000010 0.181374 0.624339 0.030842 0.002036 0.073316 0.017870
0.000010 0.000010 0.016814 0.000010 0.048221 0.053386 0.000010 0.000010 0.051893 0.829636
0.005082 0.000010 0.000010 0.000010 0.242626 0.136451 0.000010 0.003475 0.072501 0.539825
0.000010 0.001449 0.000010 0.028752 0.101242 0.459343 0.037089 0.042680 0.000010 0.329416
0.000010 0.016972 0.126446 0.000010 0.000010 0.401791 0.319926 0.050603 0.058531 0.025701
0.000010 0.035233 0.485070 0.000010 0.007543 0.322272 0.088116 0.035361 0.026374 0.000010
0.000010 0.000010 0.008039 0.013880 0.077026 0.015249 0.000010 0.000010 0.018817 0.866948
0.004739 0.010566 0.018039 0.051041 0.073812 0.419312 0.062932 0.011487 0.018913 0.329160
0.034315 0.000010 0.019689 0.000010 0.064648 0.180452 0.005269 0.002012 0.026362 0.667233
0.000010 0.048828 0.295744 0.000010 0.028393 0.095233 0.000010 0.063015 0.000010 0.468748
0.000010 0.000010 0.000010 0.000010 0.042136 0.000010 0.022279 0.046018 0.648235 0.241282
0.088448 0.000010 0.000010 0.905566 0.000010 0.000010 0.000010 0.005916 0.000010 0.000010
0.065959 0.000010 0.000690 0.912810 0.006895 0.000010 0.000010 0.003150 0.006118 0.004348
0.006329 0.000010 0.000010 0.993591 0.000010 0.000010 0.000010 0.000010 0.000010 0.000010
0.070549 0.000010 0.000010 0.879368 0.000010 0.000010 0.000010 0.038465 0.000010 0.011558
0.035808 0.008248 0.725443 0.031664 0.023025 0.063297 0.077758 0.000010 0.013191 0.021556
0.000010 0.000010 0.000010 0.000010 0.000010 0.000010 0.000010 0.000010 0.999910 0.000010
0.068576 0.000010 0.000010 0.915657 0.000010 0.015697 0.000010 0.000010 0.000010 0.000010
0.070905 0.000010 0.022417 0.044135 0.166704 0.587383 0.052006 0.033203 0.000010 0.023229
0.057985 0.000010 0.009010 0.932934 0.000010 0.000010 0.000010 0.000010 0.000010 0.000010
0.040666 0.002299 0.020338 0.004873 0.018766 0.630378 0.089168 0.000010 0.093385 0.100117
0.008545 0.000010 0.069425 0.020977 0.000010 0.703416 0.055201 0.000010 0.055983 0.086423
0.015615 0.000010 0.000010 0.000010 0.033835 0.820469 0.000010 0.000010 0.130020 0.000010
0.029175 0.000010 0.028484 0.000010 0.036749 0.685107 0.088785 0.000010 0.063033 0.068638
0.103427 0.055618 0.169986 0.000010 0.000010 0.273885 0.336585 0.016927 0.000010 0.043543
0.046771 0.000010 0.053968 0.000010 0.020611 0.426400 0.279511 0.035615 0.137093 0.000010
0.040556 0.000010 0.000010 0.025954 0.126419 0.340489 0.002020 0.305346 0.036914 0.122283
0.000010 0.003942 0.353677 0.007559 0.309612 0.147780 0.055623 0.007545 0.000010 0.114242
0.000010 0.000010 0.420592 0.000010 0.256195 0.042804 0.083311 0.000010 0.006837 0.190220
0.000010 0.000010 0.060047 0.815699 0.000010 0.000010 0.089087 0.035108 0.000010 0.000010
0.000010 0.000010 0.027850 0.000010 0.112655 0.612107 0.082972 0.080975 0.083400 0.000010
0.045400 0.026687 0.017206 0.001745 0.000010 0.723345 0.086401 0.007307 0.054185 0.037714
0.000010 0.000010 0.000010 0.000010 0.000010 0.000010 0.000010 0.000010 0.000010 0.999910
0.032095 0.037561 0.033178 0.005249 0.008499 0.494373 0.085291 0.009042 0.112521 0.182190
0.000010 0.043760 0.016349 0.003142 0.022636 0.166647 0.033178 0.008633 0.000010 0.705636
0.003670 0.008440 0.026925 0.000010 0.000010 0.135502 0.011204 0.015775 0.000010 0.798455
0.000010 0.005174 0.000010 0.000010 0.000010 0.324373 0.582801 0.000010 0.087593 0.000010
0.034193 0.000010 0.000010 0.943127 0.000010 0.000010 0.000010 0.000010 0.022610 0.000010
0.008401 0.000010 0.000010 0.916982 0.032401 0.026349 0.000010 0.015818 0.000010 0.000010
0.135746 0.000010 0.051464 0.383185 0.064577 0.126856 0.205218 0.032924 0.000010 0.000010
0.040087 0.097055 0.037531 0.028995 0.075614 0.327358 0.277112 0.035475 0.078674 0.002098
0.025151 0.025239 0.061968 0.029005 0.017538 0.426682 0.275512 0.030570 0.067045 0.041290
0.000010 0.999910 0.000010 0.000010 0.000010 0.000010 0.000010 0.000010 0.000010 0.000010
0.106812 0.065194 0.029882 0.041268 0.000010 0.365646 0.224419 0.016144 0.150615 0.000010
0.000010 0.999910 0.000010 0.000010 0.000010 0.000010 0.000010 0.000010 0.000010 0.000010
0.024581 0.015188 0.000010 0.000010 0.096741 0.378545 0.323623 0.050226 0.075029 0.036048
0.000010 0.066871 0.029430 0.044292 0.000010 0.376191 0.329710 0.005978 0.147498 0.000010
0.000010 0.000010 0.000010 0.000010 0.000010 0.000010 0.000010 0.999910 0.000010 0.000010
0.045665 0.000010 0.010237 0.021946 0.000010 0.007441 0.000010 0.043522 0.000010 0.871149
0.000010 0.000010 0.062800 0.000010 0.079072 0.647761 0.095759 0.041628 0.072940 0.000010
0.000010 0.053386 0.034692 0.000010 0.085619 0.684891 0.025261 0.011243 0.104878 0.000010
0.000010 0.093051 0.044706 0.000010 0.053312 0.114979 0.000010 0.015366 0.016140 0.662416
0.000010 0.026291 0.000010 0.021114 0.020960 0.853629 0.053851 0.000010 0.024115 0.000010
0.000010 0.000010 0.046670 0.000010 0.045262 0.673906 0.076086 0.036968 0.032048 0.089030
0.000010 0.023438 0.009603 0.035324 0.000010 0.344350 0.015309 0.029555 0.100815 0.441586
0.000010 0.000010 0.034914 0.011991 0.047463 0.772303 0.088794 0.014463 0.000010 0.030042
0.041038 0.015249 0.032802 0.000010 0.053731 0.578761 0.111048 0.034196 0.088119 0.045047
0.000010 0.091649 0.221814 0.053288 0.091249 0.071926 0.141514 0.084734 0.079809 0.164008
0.000010 0.000010 0.347461 0.408308 0.000010 0.000010 0.244161 0.000010 0.000010 0.000010
0.049675 0.000010 0.690848 0.015483 0.018568 0.117022 0.069151 0.039224 0.000010 0.000010
0.000010 0.003788 0.018052 0.022823 0.001562 0.021223 0.018088 0.032767 0.013488 0.868199
0.032209 0.001605 0.052299 0.000010 0.027970 0.417040 0.279665 0.035821 0.153372 0.000010
0.049743 0.058309 0.046623 0.018096 0.064142 0.340613 0.262747 0.000010 0.100141 0.059578
0.031433 0.065561 0.004331 0.000010 0.024220 0.229275 0.319188 0.036716 0.202364 0.086901
0.049317 0.042279 0.000010 0.000010 0.203302 0.557718 0.000010 0.146060 0.000857 0.000438
0.014689 0.029380 0.024827 0.000010 0.057317 0.688035 0.065812 0.016294 0.010676 0.092960
0.000010 0.000010 0.032832 0.000010 0.085967 0.562806 0.070396 0.115147 0.049241 0.083582
0.051558 0.000010 0.000010 0.000010 0.048984 0.684014 0.110194 0.030870 0.065885 0.008464
0.000010 0.044550 0.018030 0.002030 0.037641 0.778382 0.015574 0.037524 0.051970 0.014288
0.000010 0.028931 0.000010 0.057921 0.097185 0.592874 0.079229 0.037174 0.096179 0.010487
0.000010 0.000010 0.038747 0.921434 0.000010 0.010852 0.015760 0.013156 0.000010 0.000010
0.042372 0.000661 0.034495 0.000010 0.021675 0.688540 0.072329 0.000010 0.047405 0.092503
0.000010 0.047244 0.008144 0.029743 0.100536 0.666964 0.041220 0.037217 0.068912 0.000010
0.000010 0.000010 0.032574 0.014605 0.186441 0.161865 0.013385 0.000010 0.000010 0.591091
0.000110 0.001925 0.022888 0.000010 0.239929 0.096400 0.012253 0.040462 0.020752 0.565271
0.052136 0.000010 0.000010 0.000010 0.039656 0.134264 0.000010 0.734449 0.000010 0.039444
0.000010 0.057448 0.059388 0.000010 0.045926 0.114174 0.000010 0.000010 0.000010 0.723014
0.000010 0.000010 0.044812 0.925101 0.000010 0.000010 0.021086 0.008940 0.000010 0.000010
0.118023 0.076846 0.000010 0.710614 0.000010 0.051308 0.036786 0.002550 0.000010 0.003842
0.000010 0.000010 0.004641 0.000010 0.529112 0.044234 0.000010 0.051332 0.019356 0.351285
0.000010 0.000010 0.051942 0.017920 0.127812 0.394168 0.187229 0.081174 0.000010 0.139724
0.093995 0.062099 0.023330 0.797041 0.000010 0.004573 0.000010 0.000010 0.018922 0.000010
0.071238 0.017741 0.012096 0.803342 0.000010 0.039324 0.000010 0.056067 0.000162 0.000010
0.133879 0.029189 0.011128 0.693917 0.021421 0.085098 0.025337 0.000010 0.000010 0.000010
0.054087 0.000010 0.000010 0.835356 0.004302 0.066309 0.000373 0.011874 0.027669 0.000010
0.105948 0.036865 0.000011 0.766353 0.000010 0.041412 0.021231 0.004046 0.024115 0.000010
0.011273 0.000640 0.040770 0.272694 0.118839 0.328435 0.078313 0.024637 0.007061 0.117337
0.000010 0.000010 0.000010 0.000010 0.000010 0.000010 0.999910 0.000010 0.000010 0.000010
0.000010 0.000010 0.000010 0.000010 0.000010 0.036309 0.943752 0.000010 0.000010 0.019869
0.036848 0.000010 0.005113 0.000010 0.364749 0.291049 0.086807 0.009357 0.000010 0.206048
0.000010 0.000010 0.060083 0.058980 0.098436 0.000010 0.000010 0.000010 0.000010 0.782441
0.000010 0.000010 0.000010 0.000010 0.000010 0.000010 0.999910 0.000010 0.000010 0.000010
0.021327 0.000010 0.003669 0.000010 0.170602 0.670383 0.038815 0.095164 0.000010 0.000010
0.000010 0.000010 0.000010 0.054018 0.000010 0.113886 0.832025 0.000010 0.000010 0.000010
0.000010 0.042968 0.001740 0.000010 0.138338 0.549054 0.000010 0.067741 0.036330 0.163799
0.000010 0.000016 0.999904 0.000010 0.000010 0.000010 0.000010 0.000010 0.000010 0.000010
0.000010 0.001253 0.000010 0.000010 0.231982 0.059215 0.006161 0.000010 0.055516 0.645834
0.000010 0.000010 0.432523 0.000010 0.000010 0.000010 0.522598 0.005197 0.000010 0.039622
0.000010 0.000010 0.000010 0.000010 0.999910 0.000010 0.000010 0.000010 0.000010 0.000010
0.000010 0.034632 0.042777 0.000010 0.103254 0.616936 0.050985 0.106825 0.000010 0.044561
0.040050 0.000010 0.014450 0.000010 0.140387 0.494193 0.037163 0.056583 0.016493 0.200661
0.030140 0.000010 0.000010 0.000010 0.074874 0.081512 0.003431 0.005425 0.000010 0.804579
0.049817 0.366194 0.002143 0.065308 0.012552 0.114591 0.265908 0.000010 0.123468 0.000010
0.016629 0.026674 0.000010 0.000010 0.092331 0.271697 0.012479 0.027827 0.024146 0.528197
0.000010 0.044706 0.000010 0.000010 0.070708 0.137606 0.000010 0.022216 0.010968 0.713756
0.000010 0.000010 0.014490 0.000010 0.065319 0.048712 0.000010 0.000010 0.023296 0.848133
0.000010 0.014533 0.000010 0.000010 0.097313 0.626645 0.068381 0.077602 0.000010 0.115485
0.000010 0.000010 0.000010 0.000010 0.999907 0.000010 0.000010 0.000010 0.000013 0.000010
0.000010 0.000010 0.999910 0.000010 0.000010 0.000010 0.000010 0.000010 0.000010 0.000010
0.000010 0.000010 0.999910 0.000010 0.000010 0.000010 0.000010 0.000010 0.000010 0.000010
0.005626 0.000010 0.000010 0.006340 0.168500 0.079308 0.004046 0.027314 0.000010 0.708836
0.000010 0.000020 0.999900 0.000010 0.000010 0.000010 0.000010 0.000010 0.000010 0.000010
0.024769 0.062019 0.024764 0.010314 0.000010 0.071456 0.000010 0.000010 0.024295 0.782352
0.000010 0.000010 0.000010 0.000010 0.002705 0.000010 0.000010 0.000010 0.000010 0.997215
0.000010 0.000010 0.999910 0.000010 0.000010 0.000010 0.000010 0.000010 0.000010 0.000010
0.000010 0.000010 0.999908 0.000010 0.000012 0.000010 0.000010 0.000010 0.000010 0.000010
0.000010 0.000010 0.999910 0.000010 0.000010 0.000010 0.000010 0.000010 0.000010 0.000010
0.000010 0.000010 0.999910 0.000010 0.000010 0.000010 0.000010 0.000010 0.000010 0.000010
0.041425 0.000010 0.850524 0.013266 0.008340 0.074746 0.010898 0.000772 0.000010 0.000010
0.003216 0.034220 0.031589 0.041448 0.213323 0.545626 0.017577 0.028448 0.009441 0.075112
0.024503 0.011201 0.040806 0.000010 0.190523 0.603600 0.000010 0.024718 0.044744 0.059886
0.000010 0.000010 0.999910 0.000010 0.000010 0.000010 0.000010 0.000010 0.000010 0.000010
0.005657 0.091135 0.178059 0.001927 0.059222 0.188229 0.022437 0.025983 0.000010 0.427340
0.000010 0.000010 0.007416 0.010254 0.349784 0.035370 0.000010 0.053217 0.004807 0.539123
0.000010 0.000010 0.999910 0.000010 0.000010 0.000010 0.000010 0.000010 0.000010 0.000010
0.006231 0.025161 0.951452 0.000010 0.000010 0.000010 0.000010 0.017096 0.000010 0.000010
0.000010 0.000010 0.999910 0.000010 0.000010 0.000010 0.000010 0.000010 0.000010 0.000010
0.052973 0.037605 0.024509 0.000010 0.057313 0.380090 0.075956 0.239794 0.012155 0.119595
0.000010 0.000010 0.039939 0.000010 0.175194 0.622320 0.000010 0.061504 0.000010 0.100993
0.050545 0.000010 0.010516 0.000010 0.196563 0.593384 0.000010 0.046645 0.022293 0.080025
0.000010 0.000010 0.025467 0.019245 0.175305 0.719185 0.000010 0.050290 0.010467 0.000010
0.000010 0.000010 0.895123 0.000010 0.018897 0.000010 0.037506 0.000010 0.029496 0.018928
0.000010 0.000010 0.458040 0.460524 0.062868 0.000010 0.002889 0.000010 0.000010 0.015629
0.000010 0.000010 0.999910 0.000010 0.000010 0.000010 0.000010 0.000010 0.000010 0.000010
0.000010 0.000010 0.999910 0.000010 0.000010 0.000010 0.000010 0.000010 0.000010 0.000010
0.000010 0.000010 0.999910 0.000010 0.000010 0.000010 0.000010 0.000010 0.000010 0.000010
0.000010 0.000010 0.999910 0.000010 0.000010 0.000010 0.000010 0.000010 0.000010 0.000010
0.000010 0.000010 0.999900 0.000010 0.000010 0.000010 0.000020 0.000010 0.000010 0.000010
0.000010 0.000010 0.999910 0.000010 0.000010 0.000010 0.000010 0.000010 0.000010 0.000010
0.051164 0.000010 0.025656 0.019604 0.000010 0.287469 0.043056 0.316057 0.009233 0.247740
0.000010 0.000010 0.999910 0.000010 0.000010 0.000010 0.000010 0.000010 0.000010 0.000010
0.061215 0.024977 0.883436 0.000323 0.000010 0.004006 0.026003 0.000010 0.000010 0.000010
0.002570 0.000010 0.000010 0.000010 0.000010 0.095480 0.000010 0.010997 0.000010 0.890893
0.030016 0.028138 0.835747 0.000144 0.000010 0.000010 0.065400 0.038186 0.002339 0.000010
0.000010 0.028868 0.558674 0.000010 0.000010 0.100428 0.040670 0.076354 0.053918 0.141059
0.000010 0.000010 0.999910 0.000010 0.000010 0.000010 0.000010 0.000010 0.000010 0.000010
0.000010 0.000010 0.999910 0.000010 0.000010 0.000010 0.000010 0.000010 0.000010 0.000010
0.000010 0.000010 0.999910 0.000010 0.000010 0.000010 0.000010 0.000010 0.000010 0.000010
0.000010 0.000010 0.999910 0.000010 0.000010 0.000010 0.000010 0.000010 0.000010 0.000010
0.006471 0.000010 0.974494 0.000010 0.000010 0.000018 0.000010 0.018957 0.000010 0.000010
0.000010 0.000010 0.999910 0.000010 0.000010 0.000010 0.000010 0.000010 0.000010 0.000010
0.000010 0.000010 0.000010 0.000010 0.000010 0.000010 0.000010 0.999910 0.000010 0.000010
0.999910 0.000010 0.000010 0.000010 0.000010 0.000010 0.000010 0.000010 0.000010 0.000010
0.999910 0.000010 0.000010 0.000010 0.000010 0.000010 0.000010 0.000010 0.000010 0.000010
0.999910 0.000010 0.000010 0.000010 0.000010 0.000010 0.000010 0.000010 0.000010 0.000010
0.000010 0.000010 0.999910 0.000010 0.000010 0.000010 0.000010 0.000010 0.000010 0.000010
0.000010 0.000010 0.999910 0.000010 0.000010 0.000010 0.000010 0.000010 0.000010 0.000010
0.999910 0.000010 0.000010 0.000010 0.000010 0.000010 0.000010 0.000010 0.000010 0.000010
0.994699 0.000010 0.000010 0.000010 0.000010 0.000010 0.000010 0.000010 0.000010 0.005221
0.999910 0.000010 0.000010 0.000010 0.000010 0.000010 0.000010 0.000010 0.000010 0.000010
0.000010 0.000010 0.999910 0.000010 0.000010 0.000010 0.000010 0.000010 0.000010 0.000010
0.000010 0.000014 0.999906 0.000010 0.000010 0.000010 0.000010 0.000010 0.000010 0.000010
0.000010 0.806406 0.000010 0.000010 0.000010 0.000010 0.193514 0.000010 0.000010 0.000010
0.000010 0.000010 0.999910 0.000010 0.000010 0.000010 0.000010 0.000010 0.000010 0.000010
0.000010 0.000010 0.000010 0.000010 0.000010 0.000010 0.000010 0.000010 0.904215 0.095705
0.000010 0.000010 0.580742 0.000010 0.000010 0.000010 0.419178 0.000010 0.000010 0.000010
0.000010 0.000010 0.581329 0.000010 0.000010 0.000010 0.418591 0.000010 0.000010 0.000010
0.000010 0.057866 0.000010 0.000010 0.117074 0.199835 0.000010 0.000010 0.071642 0.553533
0.000010 0.000010 0.556889 0.000010 0.000010 0.000010 0.443031 0.000010 0.000010 0.000010
0.006738 0.000010 0.000010 0.911238 0.000010 0.000010 0.000010 0.000010 0.081259 0.000705
0.031043 0.110889 0.039399 0.152408 0.000010 0.199137 0.315192 0.020786 0.131126 0.000010
0.000010 0.084971 0.087033 0.027683 0.018609 0.241969 0.000010 0.042166 0.071804 0.425744
0.519171 0.021084 0.030900 0.087313 0.071826 0.027145 0.208447 0.012902 0.000010 0.021200
0.000010 0.179814 0.370467 0.000010 0.022356 0.283009 0.000010 0.051258 0.000010 0.093056
0.000010 0.223776 0.399129 0.000010 0.033231 0.292249 0.000010 0.008347 0.000010 0.043229
0.031951 0.023189 0.001918 0.000010 0.046831 0.061633 0.007317 0.000010 0.000010 0.827130
0.058906 0.017439 0.692296 0.031135 0.000010 0.042094 0.063469 0.011751 0.082890 0.000010
0.016694 0.011723 0.031302 0.037515 0.076524 0.371780 0.025272 0.052476 0.022135 0.354580
0.000010 0.002244 0.068737 0.005590 0.058290 0.082857 0.000987 0.015995 0.000010 0.765281
0.000010 0.094556 0.334358 0.000010 0.040491 0.067808 0.034352 0.012829 0.003615 0.411971
0.000010 0.000010 0.000010 0.000010 0.049546 0.381306 0.422782 0.001798 0.144518 0.000010
0.000010 0.000010 0.019860 0.000010 0.791622 0.120436 0.000010 0.030035 0.037998 0.000010
0.022451 0.038429 0.000010 0.000010 0.138857 0.573724 0.039117 0.067248 0.106341 0.013813
0.585611 0.009620 0.012504 0.099623 0.023533 0.008468 0.189443 0.000010 0.025952 0.045236
0.035996 0.006270 0.891501 0.000010 0.000010 0.002607 0.033915 0.000010 0.017401 0.012279
0.574674 0.032771 0.000010 0.138174 0.084060 0.016276 0.154006 0.000010 0.000010 0.000010
0.999910 0.000010 0.000010 0.000010 0.000010 0.000010 0.000010 0.000010 0.000010 0.000010
0.000010 0.012011 0.000010 0.048449 0.159257 0.316533 0.012318 0.070173 0.001392 0.379848
0.018412 0.035147 0.000010 0.000010 0.012586 0.170659 0.093350 0.012051 0.000010 0.657765
0.000010 0.348434 0.000010 0.646804 0.000010 0.000010 0.004693 0.000010 0.000010 0.000010
0.033577 0.038433 0.021654 0.029231 0.008829 0.215537 0.000010 0.053736 0.023390 0.575602
0.038385 0.000054 0.010911 0.000010 0.016200 0.099685 0.044821 0.000790 0.031199 0.757946
0.000010 0.000010 0.000757 0.014619 0.023151 0.051895 0.005081 0.049606 0.000010 0.854861
0.056958 0.068808 0.000010 0.099072 0.000010 0.378077 0.190721 0.013817 0.121687 0.070840
0.000010 0.139107 0.000010 0.021064 0.000010 0.000010 0.777791 0.000010 0.061978 0.000010
0.000010 0.024345 0.038843 0.000010 0.000010 0.149151 0.058267 0.156122 0.056962 0.516280
0.999910 0.000010 0.000010 0.000010 0.000010 0.000010 0.000010 0.000010 0.000010 0.000010
0.000010 0.000010 0.000010 0.071583 0.091413 0.537089 0.120629 0.129379 0.000010 0.049868
0.000010 0.058926 0.087486 0.002168 0.000010 0.238410 0.010420 0.010751 0.034265 0.557553
0.362529 0.047476 0.114099 0.209677 0.000010 0.169088 0.090461 0.006641 0.000010 0.000010
0.033217 0.041480 0.000010 0.073334 0.129590 0.486472 0.100990 0.047732 0.000010 0.087166
0.000010 0.000010 0.999910 0.000010 0.000010 0.000010 0.000010 0.000010 0.000010 0.000010
0.000010 0.000010 0.058719 0.016494 0.000010 0.162941 0.001529 0.082487 0.078308 0.599493
0.001946 0.012238 0.034641 0.000010 0.000010 0.190436 0.000010 0.087661 0.057304 0.615743
0.035556 0.016569 0.016031 0.028095 0.060721 0.193993 0.090198 0.010832 0.001417 0.546587
0.000010 0.000010 0.021847 0.000010 0.048718 0.067966 0.000010 0.009225 0.121776 0.730428
0.045955 0.238537 0.092536 0.000010 0.004374 0.309548 0.000010 0.000010 0.056135 0.252885
0.086028 0.032539 0.048320 0.000010 0.000010 0.364536 0.074145 0.115754 0.084568 0.194092
0.000010 0.060753 0.000010 0.000010 0.165865 0.000010 0.000010 0.000010 0.000010 0.773312
0.000010 0.000010 0.023111 0.000010 0.018224 0.000010 0.000010 0.000010 0.000010 0.958595
0.052998 0.000010 0.026690 0.000010 0.050086 0.389024 0.074224 0.267795 0.000468 0.138696
0.000010 0.011259 0.143440 0.000010 0.061228 0.054451 0.000010 0.035062 0.000010 0.694520
0.050277 0.038725 0.086694 0.023178 0.000010 0.487375 0.081284 0.143599 0.000010 0.088848
0.006990 0.000010 0.059897 0.015237 0.072974 0.074106 0.041809 0.015151 0.000010 0.713816
0.000010 0.000010 0.034369 0.000010 0.163284 0.158907 0.010421 0.040421 0.000010 0.592558
0.051349 0.031288 0.000010 0.086440 0.100316 0.601569 0.062993 0.066015 0.000010 0.000010
0.005796 0.010127 0.000010 0.000010 0.000010 0.041649 0.017466 0.000010 0.023531 0.901392
0.024693 0.067804 0.345742 0.010632 0.098245 0.118514 0.028821 0.022503 0.000010 0.283035
0.025622 0.000010 0.017061 0.000010 0.038663 0.062826 0.009845 0.009489 0.013162 0.823311
0.000010 0.044768 0.347144 0.000010 0.000010 0.147832 0.000010 0.026391 0.000010 0.433816
0.000010 0.000010 0.010687 0.006740 0.000010 0.190413 0.056186 0.122581 0.023801 0.589562
0.000010 0.032077 0.046238 0.000010 0.061781 0.078118 0.000651 0.000010 0.000010 0.781095
0.011150 0.018559 0.029899 0.000010 0.039995 0.105267 0.018494 0.042091 0.072586 0.661950
0.000010 0.197457 0.346917 0.000010 0.001863 0.349289 0.000010 0.000010 0.000010 0.104424
0.060146 0.372348 0.030314 0.000010 0.006930 0.333796 0.000010 0.008235 0.000010 0.188202
0.000010 0.999910 0.000010 0.000010 0.000010 0.000010 0.000010 0.000010 0.000010 0.000010
0.000010 0.482987 0.195694 0.000010 0.000010 0.177973 0.000010 0.009428 0.013667 0.120212
0.002468 0.397380 0.268820 0.000010 0.004568 0.209663 0.000010 0.021028 0.002483 0.093569
0.053759 0.413905 0.050007 0.000010 0.000010 0.290541 0.000010 0.006163 0.017732 0.167862
0.011104 0.316493 0.028755 0.042542 0.000010 0.217675 0.271115 0.003317 0.024224 0.084766
0.000010 0.255725 0.219724 0.000010 0.000010 0.289077 0.000010 0.053075 0.015111 0.167249
0.000010 0.999910 0.000010 0.000010 0.000010 0.000010 0.000010 0.000010 0.000010 0.000010
0.000010 0.013551 0.000010 0.000010 0.051459 0.082662 0.121274 0.265410 0.026465 0.439149
0.000010 0.394703 0.028228 0.000010 0.000010 0.336573 0.000010 0.002320 0.002161 0.235975
0.000010 0.990518 0.000010 0.000010 0.000010 0.000010 0.000010 0.000010 0.000010 0.009402
0.039188 0.097972 0.000010 0.040887 0.000010 0.000010 0.687401 0.000010 0.134502 0.000010
0.465330 0.000010 0.050630 0.122087 0.000010 0.035201 0.177342 0.078194 0.051099 0.020096
0.468511 0.000010 0.073621 0.156939 0.052019 0.026537 0.168563 0.020310 0.033481 0.000010
0.000010 0.166494 0.000010 0.000010 0.000010 0.000010 0.833423 0.000013 0.000010 0.000010
0.012555 0.436935 0.033153 0.000010 0.017938 0.199095 0.000010 0.000010 0.017359 0.282935
0.000010 0.490815 0.058620 0.025580 0.000010 0.263478 0.000010 0.008020 0.000010 0.153447
0.000010 0.999910 0.000010 0.000010 0.000010 0.000010 0.000010 0.000010 0.000010 0.000010
0.182023 0.000010 0.139520 0.103610 0.000010 0.133848 0.349178 0.049500 0.036641 0.005658
0.000010 0.000010 0.301895 0.000010 0.000010 0.000010 0.698025 0.000010 0.000010 0.000010
0.119305 0.066817 0.004591 0.731880 0.044364 0.000010 0.033003 0.000010 0.000010 0.000010
0.041971 0.360485 0.036885 0.000010 0.000010 0.291870 0.000010 0.022431 0.044254 0.202075
0.000010 0.029929 0.011807 0.000010 0.181761 0.000010 0.000010 0.000010 0.000010 0.776443
0.000010 0.016036 0.005481 0.000010 0.143580 0.115941 0.000010 0.027029 0.039372 0.652531
0.062135 0.000010 0.027883 0.000010 0.000010 0.764608 0.052710 0.022449 0.070175 0.000010
0.086217 0.001250 0.008494 0.000013 0.079545 0.747622 0.000010 0.050975 0.025863 0.000010
0.000010 0.016825 0.001982 0.000010 0.000010 0.066690 0.000010 0.026168 0.005062 0.883234
0.000010 0.069438 0.398584 0.000010 0.020157 0.154569 0.018317 0.078262 0.010693 0.249960
0.000010 0.063633 0.138205 0.000010 0.083306 0.351768 0.000010 0.084044 0.015870 0.263145
0.012548 0.095347 0.062565 0.000010 0.034904 0.278062 0.088492 0.000010 0.000010 0.428051
0.000010 0.000010 0.014800 0.947377 0.000010 0.000010 0.037753 0.000010 0.000010 0.000010
0.000010 0.014300 0.003071 0.000010 0.219071 0.179597 0.007270 0.025163 0.044725 0.506783
0.000010 0.035366 0.017607 0.000010 0.093273 0.004555 0.000010 0.000010 0.000010 0.849150
0.032978 0.019917 0.000010 0.000010 0.578933 0.149940 0.028812 0.024063 0.010146 0.155191
0.000010 0.000010 0.022294 0.000010 0.099319 0.173044 0.017303 0.041001 0.048178 0.598832
0.000010 0.000010 0.037258 0.000010 0.593885 0.146660 0.000010 0.009184 0.050771 0.162202
0.037614 0.006094 0.028669 0.026557 0.119803 0.410342 0.000010 0.027131 0.011295 0.332486
0.000010 0.999910 0.000010 0.000010 0.000010 0.000010 0.000010 0.000010 0.000010 0.000010
0.010501 0.052841 0.012427 0.000010 0.013122 0.264078 0.000010 0.014897 0.050898 0.581216
0.030301 0.000010 0.003458 0.000010 0.200099 0.181787 0.000010 0.007957 0.000010 0.576357
0.000010 0.017856 0.011235 0.000010 0.127852 0.215379 0.000010 0.022941 0.011131 0.593575
0.046742 0.023278 0.050507 0.000010 0.088171 0.471586 0.021642 0.089791 0.000010 0.208263
0.016680 0.000010 0.000010 0.002850 0.000010 0.023768 0.016913 0.000010 0.000010 0.939740
0.000010 0.000010 0.010123 0.000010 0.000010 0.000010 0.000010 0.000010 0.857285 0.132523
0.049348 0.000010 0.049229 0.000010 0.192570 0.613069 0.070403 0.025219 0.000010 0.000131
0.042388 0.036272 0.020061 0.000010 0.063083 0.501688 0.052657 0.059845 0.097477 0.126519
0.063443 0.025471 0.048637 0.000010 0.110844 0.543130 0.107209 0.046148 0.000010 0.055097
0.000010 0.000010 0.000010 0.000010 0.099977 0.596507 0.028509 0.070020 0.000010 0.204937
0.000010 0.005111 0.000010 0.000010 0.103438 0.061509 0.000010 0.014687 0.000010 0.815205
0.000010 0.000010 0.020942 0.000010 0.056888 0.123100 0.030620 0.009763 0.024852 0.733806
0.000010 0.000010 0.000010 0.000010 0.000010 0.211197 0.010456 0.000010 0.000127 0.778160
0.000010 0.000010 0.000010 0.000010 0.000010 0.107478 0.000010 0.022308 0.000010 0.870145
0.000010 0.000010 0.024993 0.000010 0.252601 0.414731 0.071565 0.051587 0.106599 0.077894
0.005467 0.053546 0.470925 0.004131 0.032501 0.260450 0.063056 0.053444 0.000010 0.056471
0.024645 0.065934 0.070155 0.002126 0.000010 0.194796 0.039758 0.046307 0.060086 0.496182
0.017225 0.100400 0.156724 0.000010 0.076038 0.127895 0.020544 0.037890 0.000010 0.463264
0.005237 0.013863 0.014040 0.022519 0.001690 0.807969 0.000010 0.007647 0.073194 0.053833
0.000010 0.000010 0.020200 0.000010 0.076276 0.002865 0.001920 0.032520 0.041862 0.824327
0.078244 0.085726 0.000010 0.032847 0.047016 0.496868 0.069518 0.084187 0.018946 0.086638
0.000010 0.000010 0.000010 0.000010 0.561886 0.000010 0.000010 0.009426 0.000010 0.428618
0.000010 0.000010 0.000010 0.000010 0.000010 0.000010 0.000010 0.000010 0.000010 0.999910
0.000010 0.000010 0.000010 0.002062 0.124720 0.016783 0.008737 0.046855 0.193298 0.607516
0.000010 0.000010 0.067093 0.030173 0.171289 0.600403 0.016405 0.048299 0.060799 0.005519
0.000010 0.000010 0.000010 0.000010 0.000010 0.000010 0.000010 0.000010 0.000010 0.999910
0.000010 0.031317 0.000010 0.029677 0.039455 0.782313 0.004305 0.024126 0.088778 0.000010
0.000010 0.037136 0.004762 0.053204 0.029535 0.796858 0.000010 0.005217 0.067016 0.006252
0.000010 0.026385 0.000010 0.000010 0.000010 0.822300 0.025734 0.041953 0.083577 0.000010
0.010538 0.013873 0.000010 0.027301 0.000010 0.823075 0.000010 0.000179 0.124994 0.000010
0.000010 0.058287 0.000010 0.033704 0.000010 0.832762 0.014226 0.000010 0.045879 0.015102
0.016592 0.019401 0.842138 0.000010 0.004100 0.097793 0.000428 0.002165 0.017363 0.000010
0.000010 0.030746 0.026699 0.000010 0.008884 0.286972 0.059638 0.028311 0.010844 0.547886
0.000010 0.042047 0.012597 0.000010 0.073988 0.000010 0.000010 0.010480 0.000010 0.860837
0.000010 0.000010 0.008067 0.000010 0.000010 0.222687 0.000010 0.000010 0.009088 0.760098
0.000010 0.046979 0.010027 0.000010 0.024792 0.126127 0.000010 0.038635 0.098629 0.654781
0.000010 0.047403 0.000010 0.000010 0.089694 0.000010 0.000010 0.000010 0.000197 0.862645
0.000010 0.021844 0.000010 0.004297 0.074032 0.870173 0.000010 0.000010 0.029604 0.000010
0.000010 0.000010 0.004029 0.000010 0.053434 0.000010 0.018963 0.000010 0.044109 0.879415
0.000010 0.000010 0.027698 0.046801 0.145161 0.647872 0.000010 0.033387 0.000010 0.099041
0.000010 0.000010 0.999910 0.000010 0.000010 0.000010 0.000010 0.000010 0.000010 0.000010
0.000010 0.000010 0.000010 0.026743 0.000010 0.370468 0.459053 0.023254 0.111060 0.009383
0.000010 0.000010 0.038759 0.000010 0.103842 0.625028 0.052087 0.037445 0.106381 0.036429
0.000010 0.000010 0.000010 0.011836 0.091793 0.609781 0.000010 0.010580 0.000010 0.275960
0.023399 0.001184 0.019657 0.000010 0.045345 0.620619 0.131830 0.045550 0.075449 0.036958
0.018313 0.028887 0.000010 0.061308 0.000010 0.790212 0.022815 0.000010 0.078425 0.000010
0.000010 0.000010 0.043603 0.033491 0.037157 0.693775 0.072091 0.007582 0.032985 0.079296
0.000010 0.000010 0.000010 0.000010 0.000010 0.943205 0.000010 0.001842 0.054883 0.000010
0.000010 0.032084 0.032865 0.010540 0.032196 0.570898 0.040262 0.043046 0.059647 0.178451
0.000010 0.047607 0.022261 0.000010 0.009814 0.672252 0.026667 0.071194 0.081077 0.069107
0.000010 0.018303 0.020965 0.022825 0.133753 0.076998 0.049689 0.001338 0.000010 0.676109
0.000010 0.059778 0.005922 0.068387 0.128709 0.629331 0.013777 0.065789 0.001672 0.026625
0.000010 0.000295 0.013298 0.002636 0.030110 0.824570 0.017336 0.012212 0.099522 0.000010
0.000010 0.045268 0.000010 0.026657 0.061569 0.730827 0.000010 0.000010 0.096256 0.039383
0.000010 0.000994 0.016090 0.066065 0.054561 0.232767 0.017706 0.012725 0.057263 0.541819
0.000010 0.000010 0.000318 0.000010 0.037967 0.007644 0.000010 0.024107 0.000010 0.929914
0.000010 0.000010 0.037069 0.000010 0.015221 0.751730 0.026043 0.055819 0.100604 0.013484
0.000010 0.000010 0.908687 0.000010 0.000010 0.000010 0.045658 0.000010 0.029275 0.016320
0.043430 0.000010 0.000958 0.000010 0.056565 0.000010 0.000010 0.000010 0.036345 0.862653
0.000010 0.000010 0.000010 0.000010 0.000010 0.000010 0.000010 0.034264 0.013491 0.952176
0.002418 0.013688 0.015034 0.000010 0.041453 0.714431 0.085179 0.011321 0.041926 0.074540
0.110197 0.000010 0.012523 0.000010 0.053803 0.313464 0.051601 0.008855 0.030087 0.419450
0.000010 0.000010 0.000450 0.000010 0.113215 0.607864 0.000010 0.089281 0.031492 0.157658
0.046708 0.012587 0.026089 0.000010 0.068864 0.822644 0.000010 0.000010 0.023069 0.000010
0.000010 0.000010 0.004120 0.000010 0.000010 0.000010 0.000010 0.000010 0.000010 0.995800
0.000010 0.000010 0.000011 0.000010 0.055559 0.000010 0.000010 0.000010 0.000010 0.944361
0.000010 0.042534 0.014629 0.000010 0.004399 0.403222 0.010163 0.033017 0.000010 0.492007
0.000010 0.000010 0.000010 0.000010 0.882771 0.000010 0.000010 0.042928 0.000010 0.074231
0.000010 0.000010 0.054199 0.916011 0.000010 0.000010 0.029721 0.000010 0.000010 0.000010
0.024030 0.041965 0.024803 0.000010 0.039699 0.675048 0.076876 0.013447 0.068281 0.035840
0.012523 0.012441 0.026596 0.000010 0.038273 0.059296 0.000010 0.005966 0.000010 0.844876
0.000010 0.000010 0.067500 0.899256 0.000010 0.000010 0.033173 0.000010 0.000010 0.000010
0.000010 0.000010 0.474590 0.000010 0.000010 0.000010 0.000010 0.525330 0.000010 0.000010
0.000010 0.000010 0.326060 0.000010 0.000010 0.000010 0.673860 0.000010 0.000010 0.000010
0.000010 0.000010 0.017242 0.000010 0.670713 0.049826 0.030626 0.000010 0.000010 0.231543
0.002914 0.000010 0.029194 0.000010 0.032311 0.213018 0.097076 0.088516 0.011771 0.525180
0.000010 0.000010 0.018797 0.000010 0.042557 0.146650 0.048941 0.046305 0.014700 0.682020
0.078748 0.049309 0.000010 0.032962 0.011120 0.299298 0.119761 0.077419 0.000010 0.331362
0.000010 0.000010 0.009489 0.000010 0.128788 0.000010 0.000010 0.005884 0.027323 0.828466
0.000010 0.000010 0.000010 0.000010 0.000010 0.000010 0.000010 0.000010 0.000010 0.999910
0.014365 0.000010 0.012840 0.000010 0.239492 0.619354 0.000010 0.110891 0.000010 0.003018
0.000010 0.020638 0.003603 0.000010 0.006714 0.245180 0.000010 0.041153 0.068397 0.614286
0.000010 0.000010 0.040283 0.000010 0.240562 0.233139 0.065395 0.024552 0.015066 0.380973
0.000010 0.068719 0.000010 0.043904 0.004102 0.411691 0.069835 0.000010 0.025620 0.376098
0.000010 0.000010 0.015032 0.011847 0.127297 0.150084 0.014132 0.056335 0.029340 0.595913
0.000010 0.000010 0.000010 0.000010 0.648614 0.000010 0.000010 0.000010 0.000010 0.351306
0.000010 0.000010 0.000010 0.000010 0.804250 0.000010 0.000010 0.000010 0.000010 0.195670
0.000010 0.000010 0.000010 0.000010 0.450098 0.000010 0.000010 0.000010 0.042124 0.507708
0.000010 0.000010 0.000010 0.000010 0.026763 0.000010 0.000010 0.000010 0.000010 0.973157
0.009918 0.024335 0.023704 0.000010 0.002603 0.000010 0.000010 0.016833 0.035556 0.887021
0.000010 0.012639 0.022220 0.004238 0.125281 0.582252 0.074005 0.042275 0.046326 0.090755
0.000010 0.035319 0.031291 0.010229 0.679282 0.161527 0.000010 0.000734 0.060562 0.021036
0.071968 0.000010 0.000010 0.008411 0.048040 0.762796 0.000010 0.010462 0.098284 0.000010
0.000010 0.007858 0.005182 0.000010 0.045055 0.000010 0.000010 0.010156 0.004141 0.927568
0.016500 0.000015 0.022025 0.000010 0.286669 0.501581 0.062376 0.086190 0.000010 0.024624
0.000010 0.073943 0.044602 0.000010 0.038173 0.020373 0.049088 0.036973 0.149615 0.587212
0.015145 0.002569 0.021596 0.000010 0.484129 0.151755 0.000010 0.063478 0.000010 0.261298
0.000010 0.061575 0.011862 0.007737 0.000010 0.700312 0.047528 0.000010 0.080496 0.090459
0.000010 0.000010 0.000010 0.000010 0.205719 0.070912 0.032635 0.065241 0.020258 0.605195
0.000010 0.050649 0.004500 0.000010 0.262951 0.578798 0.000010 0.091859 0.000010 0.011203
0.000010 0.008664 0.037072 0.018414 0.000010 0.821540 0.033758 0.022352 0.058169 0.000010
0.024535 0.000010 0.040387 0.024421 0.180724 0.647145 0.038181 0.036827 0.007759 0.000010
0.000010 0.082617 0.000010 0.041514 0.061618 0.302999 0.198486 0.000010 0.034315 0.278419
0.016652 0.000010 0.000010 0.000010 0.000010 0.762133 0.078491 0.024182 0.101777 0.016724
0.101504 0.154081 0.013815 0.078600 0.000010 0.265445 0.349258 0.000010 0.037267 0.000010
0.000010 0.000010 0.028910 0.000010 0.213322 0.616032 0.000010 0.116731 0.000010 0.024955
0.000010 0.067515 0.004950 0.011448 0.011885 0.318422 0.000010 0.000010 0.000010 0.585739
0.000010 0.016097 0.000010 0.000010 0.000010 0.064933 0.008154 0.000010 0.008495 0.902271
0.035899 0.042551 0.000011 0.000010 0.029275 0.000010 0.039366 0.000010 0.089054 0.763814
0.005435 0.017048 0.000010 0.000010 0.000010 0.088333 0.000010 0.000010 0.047774 0.841360
0.003185 0.000010 0.000010 0.000010 0.009928 0.807996 0.077451 0.000010 0.053654 0.047745
0.029231 0.101582 0.021212 0.022366 0.054592 0.131701 0.038526 0.046140 0.222400 0.332249
0.000010 0.075222 0.005670 0.040289 0.076090 0.204353 0.056492 0.018212 0.007029 0.516634
0.000010 0.000010 0.018682 0.674202 0.056897 0.000010 0.075163 0.007953 0.000010 0.167063
0.000010 0.014211 0.000010 0.031323 0.000010 0.154083 0.004560 0.018797 0.015743 0.761253
0.000010 0.020874 0.013200 0.000010 0.025195 0.099496 0.000010 0.023251 0.055684 0.762271
0.000010 0.000010 0.999910 0.000010 0.000010 0.000010 0.000010 0.000010 0.000010 0.000010
0.000010 0.000010 0.999910 0.000010 0.000010 0.000010 0.000010 0.000010 0.000010 0.000010
0.000010 0.020739 0.000010 0.020069 0.006917 0.694654 0.018064 0.006851 0.067946 0.164741
0.000010 0.000010 0.024296 0.004124 0.104968 0.728803 0.013816 0.000010 0.000010 0.123953
0.010359 0.029828 0.017317 0.000010 0.024376 0.547624 0.026385 0.000010 0.041709 0.302381
0.000010 0.000010 0.004360 0.000010 0.000010 0.598827 0.000010 0.000010 0.064484 0.332269
0.000010 0.000010 0.999910 0.000010 0.000010 0.000010 0.000010 0.000010 0.000010 0.000010
0.000010 0.000010 0.999910 0.000010 0.000010 0.000010 0.000010 0.000010 0.000010 0.000010
0.000010 0.058876 0.005361 0.000010 0.000010 0.799728 0.019935 0.021026 0.059951 0.035093
0.000010 0.015959 0.000010 0.000010 0.000010 0.844632 0.000010 0.001910 0.092628 0.044822
0.000010 0.000010 0.999910 0.000010 0.000010 0.000010 0.000010 0.000010 0.000010 0.000010
0.000010 0.000010 0.999910 0.000010 0.000010 0.000010 0.000010 0.000010 0.000010 0.000010
0.000010 0.000010 0.999910 0.000010 0.000010 0.000010 0.000010 0.000010 0.000010 0.000010
0.009245 0.000010 0.000010 0.015926 0.000010 0.713090 0.106819 0.066106 0.047782 0.041002
0.003370 0.000010 0.000010 0.000010 0.030554 0.881143 0.001346 0.019123 0.064425 0.000010
0.100157 0.019694 0.125817 0.063429 0.011630 0.205142 0.248162 0.000010 0.046562 0.179397
0.000010 0.023340 0.037367 0.050002 0.000010 0.661792 0.006817 0.061581 0.082751 0.076331
0.257600 0.000010 0.120559 0.059856 0.093377 0.021581 0.446987 0.000010 0.000010 0.000010
0.005681 0.039455 0.036120 0.081250 0.021253 0.756930 0.000010 0.000010 0.059281 0.000010
0.000010 0.000010 0.999907 0.000010 0.000010 0.000010 0.000010 0.000010 0.000013 0.000010
0.000010 0.032919 0.000010 0.043756 0.000010 0.815660 0.000010 0.000010 0.034707 0.072909
0.000010 0.000010 0.009102 0.000010 0.021843 0.577136 0.076328 0.018514 0.113515 0.183531
0.000010 0.001442 0.534086 0.005715 0.065150 0.252073 0.027153 0.010932 0.042260 0.061179
0.000010 0.000010 0.896206 0.000010 0.000010 0.050853 0.005869 0.013912 0.013728 0.019392
0.000010 0.036600 0.000010 0.000010 0.022746 0.744238 0.032703 0.013816 0.069472 0.080395
0.000010 0.000010 0.999910 0.000010 0.000010 0.000010 0.000010 0.000010 0.000010 0.000010
0.000014 0.000010 0.999906 0.000010 0.000010 0.000010 0.000010 0.000010 0.000010 0.000010
0.000010 0.000010 0.999910 0.000010 0.000010 0.000010 0.000010 0.000010 0.000010 0.000010
0.000014 0.000010 0.999906 0.000010 0.000010 0.000010 0.000010 0.000010 0.000010 0.000010
0.000010 0.000010 0.999910 0.000010 0.000010 0.000010 0.000010 0.000010 0.000010 0.000010
0.017418 0.070317 0.000010 0.000010 0.042767 0.200762 0.000010 0.065506 0.025270 0.577931
0.017458 0.083312 0.119157 0.007206 0.006646 0.100614 0.029099 0.028455 0.037809 0.570244
0.002242 0.078139 0.135118 0.000010 0.098443 0.139118 0.032990 0.010329 0.000010 0.503601
0.000010 0.000010 0.999910 0.000010 0.000010 0.000010 0.000010 0.000010 0.000010 0.000010
0.000010 0.000010 0.426775 0.000010 0.000010 0.000010 0.573145 0.000010 0.000010 0.000010
0.081291 0.000010 0.059775 0.000010 0.109718 0.310669 0.000513 0.086326 0.007195 0.344494
0.001055 0.000010 0.000010 0.000010 0.214217 0.068664 0.000010 0.019973 0.023371 0.672681
0.000010 0.028630 0.039039 0.000010 0.262505 0.202246 0.012893 0.044440 0.033728 0.376499
0.000010 0.000010 0.000010 0.015712 0.143582 0.575925 0.000010 0.083704 0.000010 0.181027
0.000010 0.000010 0.017379 0.000010 0.105387 0.628708 0.000010 0.093808 0.000010 0.154668
0.016112 0.034426 0.005903 0.000010 0.047493 0.177425 0.018007 0.007313 0.020739 0.672573
0.002437 0.000010 0.000010 0.000010 0.218690 0.534295 0.048509 0.096133 0.004179 0.095726
0.000010 0.116410 0.054042 0.002064 0.135979 0.418927 0.000010 0.043286 0.014812 0.214460
0.000010 0.004470 0.036699 0.000010 0.064622 0.127271 0.000010 0.003405 0.088209 0.675295
0.000010 0.042491 0.049214 0.015652 0.048774 0.075074 0.005284 0.000010 0.162946 0.600545
0.005238 0.028753 0.000010 0.000010 0.128402 0.518482 0.000010 0.070791 0.000010 0.248295
0.000010 0.030938 0.003795 0.034273 0.292305 0.070015 0.000010 0.000010 0.066103 0.502542
0.041447 0.285441 0.051493 0.000010 0.000010 0.213299 0.000010 0.024248 0.112364 0.271678
0.238110 0.034774 0.001455 0.065149 0.000010 0.000010 0.589826 0.000010 0.070647 0.000010
0.072558 0.000010 0.024651 0.047211 0.077199 0.339760 0.048196 0.234197 0.031487 0.124730
0.000010 0.000010 0.031042 0.023877 0.163387 0.403644 0.029882 0.028917 0.000010 0.319221
0.000010 0.003372 0.004527 0.000010 0.069976 0.141529 0.019465 0.216131 0.169524 0.375456
0.000010 0.034085 0.000010 0.003269 0.093651 0.000010 0.000010 0.001031 0.103261 0.764663
0.576177 0.021621 0.000010 0.074477 0.125907 0.036617 0.165161 0.000010 0.000010 0.000010
0.122222 0.046955 0.116843 0.054402 0.074548 0.195238 0.331388 0.008114 0.050280 0.000010
0.001772 0.030824 0.006718 0.000010 0.231337 0.193173 0.000010 0.058767 0.000010 0.477379
0.000010 0.000010 0.000010 0.000010 0.095954 0.160414 0.000010 0.024827 0.088751 0.630004
0.003266 0.000010 0.386714 0.000010 0.000011 0.039779 0.048029 0.000010 0.000010 0.522162
