0.455913 0.445112 0.000010 0.020552 0.063486 0.014928
0.247185 0.641917 0.000010 0.086694 0.024184 0.000010
0.423796 0.434450 0.050085 0.005709 0.003960 0.082000
0.000010 0.056885 0.000010 0.008796 0.910757 0.023542
0.285494 0.509280 0.004238 0.111715 0.000010 0.089263
0.745536 0.189570 0.000010 0.002277 0.028041 0.034566
0.326387 0.177066 0.004296 0.000010 0.432006 0.060235
0.936003 0.042170 0.000010 0.008188 0.013619 0.000010
0.126234 0.709162 0.000010 0.038001 0.059881 0.066712
0.890192 0.086502 0.000010 0.000010 0.016613 0.006672
0.713853 0.241498 0.000010 0.015844 0.003452 0.025343
0.387898 0.536984 0.041197 0.000010 0.001793 0.032119
0.006601 0.565753 0.000010 0.027110 0.146888 0.253639
0.000437 0.388989 0.000043 0.011912 0.493195 0.105425
0.941496 0.024000 0.013394 0.000010 0.012404 0.008696
0.370034 0.462768 0.055948 0.021425 0.018735 0.071090
0.712644 0.217090 0.000010 0.043148 0.027098 0.000010
0.503892 0.161840 0.000010 0.000010 0.300690 0.033558
0.373504 0.224317 0.000010 0.000010 0.000010 0.402148
0.000010 0.000010 0.927567 0.072393 0.000010 0.000010
0.009717 0.000010 0.923277 0.061968 0.005018 0.000010
0.000010 0.000010 0.991837 0.008123 0.000010 0.000010
0.028940 0.000010 0.908181 0.062848 0.000010 0.000010
0.026447 0.090064 0.025305 0.052871 0.731966 0.073347
0.136074 0.231870 0.000010 0.035966 0.009858 0.586222
0.000010 0.000010 0.931754 0.068206 0.000010 0.000010
0.117338 0.679130 0.057490 0.093492 0.035235 0.017314
0.000010 0.000010 0.937638 0.054798 0.007534 0.000010
0.116855 0.678151 0.002934 0.075364 0.029259 0.097436
0.096420 0.731043 0.028675 0.041007 0.076675 0.026181
0.013030 0.831530 0.015175 0.052200 0.000010 0.088056
0.100043 0.700484 0.000010 0.080757 0.037078 0.081628
0.021178 0.381937 0.000010 0.150831 0.181377 0.264667
0.000010 0.565999 0.000010 0.106761 0.073401 0.253819
0.207734 0.692593 0.052207 0.023834 0.010672 0.012960
0.290452 0.270335 0.005599 0.015258 0.374940 0.043416
0.338078 0.123470 0.000010 0.024318 0.441451 0.072673
0.000010 0.059501 0.837188 0.000010 0.071339 0.031953
0.017789 0.827006 0.000010 0.000010 0.042327 0.112859
0.043200 0.733057 0.012835 0.067725 0.016752 0.126431
0.999950 0.000010 0.000010 0.000010 0.000010 0.000010
0.202804 0.545535 0.004182 0.061799 0.039913 0.145767
0.732130 0.193077 0.017331 0.000010 0.023787 0.033664
0.813663 0.154066 0.000010 0.004463 0.025547 0.002250
0.000010 0.480465 0.000010 0.051382 0.000010 0.468123
0.000010 0.000010 0.951039 0.022397 0.000010 0.026533
0.000542 0.053918 0.926809 0.017985 0.000010 0.000735
0.006364 0.276781 0.359176 0.189923 0.061610 0.106147
0.039030 0.465019 0.012164 0.100391 0.051703 0.331693
0.041730 0.540961 0.014912 0.084372 0.072713 0.245311
0.008400 0.000010 0.000010 0.000010 0.000010 0.991560
0.000421 0.470607 0.023674 0.163375 0.041153 0.300770
0.088608 0.000010 0.000010 0.000010 0.006093 0.905270
0.080207 0.524775 0.000010 0.089202 0.022178 0.283628
0.000010 0.492038 0.051663 0.045423 0.047649 0.363218
0.007413 0.975049 0.000010 0.000010 0.017509 0.000010
0.879080 0.060484 0.037810 0.007717 0.014898 0.000010
0.007524 0.800038 0.000010 0.000010 0.073126 0.119293
0.034994 0.766163 0.000010 0.002006 0.041578 0.155248
0.725559 0.134161 0.000010 0.000010 0.047741 0.092520
0.021243 0.843881 0.039273 0.000010 0.000010 0.095583
0.119199 0.744944 0.000010 0.023926 0.055447 0.056474
0.464122 0.377235 0.044914 0.000010 0.009685 0.104033
0.055009 0.828909 0.021761 0.006055 0.042335 0.045930
0.086268 0.660980 0.000010 0.064005 0.038733 0.150003
0.218188 0.231269 0.062368 0.000010 0.236208 0.251956
0.000010 0.035177 0.422282 0.042578 0.373091 0.126862
0.003721 0.191888 0.026675 0.062110 0.703108 0.012497
0.877816 0.062019 0.022795 0.003784 0.021581 0.012006
0.003624 0.556962 0.000010 0.065009 0.064256 0.310138
0.097098 0.459071 0.000010 0.096062 0.060211 0.287547
0.092983 0.381433 0.000010 0.079454 0.024959 0.421161
0.134514 0.795649 0.000010 0.054925 0.010710 0.004191
0.119776 0.736612 0.000010 0.037568 0.034383 0.071652
0.141980 0.742282 0.003477 0.000010 0.050046 0.062204
0.040292 0.763003 0.008955 0.078749 0.000762 0.108239
0.033973 0.799809 0.028452 0.000010 0.022641 0.115115
0.080650 0.670371 0.070291 0.018847 0.000010 0.159832
0.000010 0.014258 0.941636 0.000010 0.044076 0.000010
0.109497 0.713306 0.000010 0.059609 0.037810 0.079769
0.049849 0.735798 0.053373 0.000010 0.010868 0.150101
0.714936 0.218058 0.024852 0.001496 0.040648 0.000010
0.721721 0.210270 0.000010 0.014029 0.033423 0.020546
0.074407 0.865268 0.052668 0.000010 0.007637 0.000010
0.783172 0.128263 0.000010 0.000010 0.066198 0.022348
0.000010 0.000010 0.949233 0.000010 0.050727 0.000010
0.007466 0.047440 0.721154 0.130870 0.000010 0.093060
0.681843 0.266127 0.000010 0.015573 0.036437 0.000010
0.196588 0.555927 0.024626 0.041611 0.070768 0.110480
0.000010 0.000010 0.821469 0.088675 0.024586 0.065251
0.004234 0.110169 0.814423 0.061181 0.006481 0.003512
0.006716 0.086310 0.706292 0.144350 0.012833 0.043498
0.000010 0.091857 0.849469 0.058643 0.000010 0.000010
0.000010 0.035569 0.781161 0.111537 0.000010 0.071713
0.182128 0.407496 0.284446 0.022791 0.055984 0.047155
0.029134 0.273376 0.000010 0.129365 0.009900 0.558216
0.043464 0.313601 0.012228 0.082387 0.033808 0.514513
0.409335 0.440123 0.000010 0.067017 0.025602 0.057911
0.866791 0.000010 0.064659 0.000010 0.068521 0.000010
0.021256 0.228918 0.006931 0.123578 0.013229 0.606088
0.064872 0.844885 0.000010 0.045206 0.014359 0.030667
0.000010 0.334551 0.069477 0.046135 0.036873 0.512955
0.259591 0.668998 0.000010 0.000010 0.005232 0.066159
0.000010 0.000010 0.000010 0.000010 0.999950 0.000010
0.805067 0.128437 0.002953 0.000010 0.005218 0.058314
0.000664 0.151942 0.000010 0.082835 0.454672 0.309876
0.633808 0.264322 0.000010 0.010120 0.043632 0.048108
0.105218 0.756985 0.000010 0.034100 0.046410 0.057277
0.285672 0.594437 0.000010 0.067039 0.021924 0.030918
0.869230 0.104126 0.000010 0.026614 0.000010 0.000010
0.026601 0.188219 0.064818 0.065948 0.013969 0.640445
0.599309 0.329842 0.000010 0.019551 0.000010 0.051278
0.782145 0.178039 0.000010 0.000010 0.000999 0.038797
0.921358 0.058073 0.000010 0.000010 0.020539 0.000010
0.170474 0.764640 0.000010 0.016679 0.000010 0.048186
0.595663 0.244391 0.028922 0.000010 0.045268 0.085746
0.000010 0.000010 0.000010 0.000010 0.999950 0.000010
0.000010 0.000010 0.000010 0.000010 0.999950 0.000010
0.831567 0.148213 0.002953 0.015395 0.001862 0.000010
0.000010 0.000010 0.000010 0.000010 0.999950 0.000010
0.809662 0.062662 0.026993 0.018107 0.027509 0.055068
0.999950 0.000010 0.000010 0.000010 0.000010 0.000010
0.000010 0.000010 0.000010 0.000010 0.999950 0.000010
0.000010 0.000011 0.000010 0.000010 0.999949 0.000010
0.000010 0.000010 0.000010 0.000010 0.999950 0.000010
0.000010 0.000010 0.000010 0.000010 0.999950 0.000010
0.000010 0.087749 0.016110 0.042313 0.853808 0.000010
0.201079 0.640901 0.049302 0.020954 0.044448 0.043315
0.187373 0.683726 0.000010 0.048065 0.042170 0.038657
0.000010 0.000010 0.000010 0.000010 0.999950 0.000010
0.482466 0.243138 0.022593 0.000010 0.187230 0.064563
0.761079 0.190966 0.017683 0.000010 0.030252 0.000010
0.000010 0.000010 0.000010 0.000010 0.999950 0.000010
0.000010 0.002334 0.000010 0.011985 0.952343 0.033318
0.000010 0.000010 0.000010 0.000010 0.999950 0.000010
0.159144 0.664192 0.015866 0.064205 0.035455 0.061139
0.212376 0.742837 0.000010 0.000010 0.044757 0.000010
0.188391 0.722589 0.001156 0.056285 0.023195 0.008384
0.092974 0.841723 0.032795 0.000010 0.032488 0.000010
0.050032 0.000010 0.000010 0.007670 0.905283 0.036994
0.071691 0.000010 0.455882 0.015251 0.457156 0.000010
0.000010 0.000010 0.000010 0.000010 0.999950 0.000010
0.000010 0.000010 0.000010 0.000010 0.999950 0.000010
0.000010 0.000010 0.000010 0.000010 0.999950 0.000010
0.000010 0.000010 0.000010 0.000010 0.999950 0.000010
0.000012 0.000010 0.000010 0.000010 0.999948 0.000010
0.000010 0.000010 0.000010 0.000010 0.999950 0.000010
0.250270 0.626206 0.032658 0.053127 0.037730 0.000010
0.000010 0.000010 0.000010 0.000010 0.999950 0.000010
0.000010 0.000010 0.001426 0.067133 0.886773 0.044648
0.897689 0.100111 0.002170 0.000010 0.000010 0.000010
0.000842 0.029254 0.004922 0.055022 0.842541 0.067419
0.150943 0.217205 0.000010 0.000010 0.568977 0.062855
0.000010 0.000010 0.000010 0.000010 0.999950 0.000010
0.000010 0.000010 0.000010 0.000010 0.999950 0.000010
0.000010 0.000010 0.000010 0.000010 0.999950 0.000010
0.000010 0.000010 0.000010 0.000010 0.999950 0.000010
0.000010 0.012484 0.000010 0.011952 0.975534 0.000010
0.000010 0.000010 0.000010 0.000010 0.999950 0.000010
0.034808 0.956462 0.000010 0.000010 0.008700 0.000010
0.000010 0.000010 0.000010 0.999950 0.000010 0.000010
0.000010 0.000010 0.000010 0.999950 0.000010 0.000010
0.000010 0.000010 0.000010 0.999950 0.000010 0.000010
0.000010 0.000010 0.000010 0.000010 0.999950 0.000010
0.000010 0.000010 0.000010 0.000010 0.999950 0.000010
0.000010 0.000010 0.000010 0.999950 0.000010 0.000010
0.012624 0.000010 0.000010 0.987336 0.000010 0.000010
0.000010 0.000010 0.000010 0.999950 0.000010 0.000010
0.000010 0.000010 0.000010 0.000010 0.999950 0.000010
0.000010 0.000010 0.000010 0.000010 0.999950 0.000010
0.000010 0.000010 0.000010 0.000010 0.000010 0.999950
0.000010 0.000010 0.000010 0.000010 0.999950 0.000010
0.230765 0.218644 0.000010 0.000010 0.000010 0.550561
0.000010 0.112809 0.000010 0.000010 0.657069 0.230092
0.000010 0.139864 0.000010 0.000010 0.658973 0.201133
0.673155 0.220983 0.000010 0.019772 0.000010 0.086070
0.000010 0.139403 0.000010 0.017710 0.632128 0.210739
0.019709 0.000010 0.915530 0.024992 0.004827 0.034932
0.000010 0.322921 0.139777 0.073675 0.057026 0.406591
0.481782 0.297915 0.027449 0.000010 0.089762 0.103083
0.038851 0.119393 0.079792 0.588070 0.048875 0.125020
0.123103 0.347115 0.027788 0.000010 0.385086 0.116898
0.094963 0.325845 0.013552 0.000010 0.410105 0.155525
0.880228 0.085456 0.000010 0.028242 0.006054 0.000010
0.000010 0.093273 0.020000 0.075795 0.696200 0.114722
0.413386 0.436641 0.039187 0.028657 0.037017 0.045112
0.813383 0.110242 0.004241 0.000010 0.072113 0.000010
0.464990 0.112733 0.000010 0.000010 0.339948 0.082308
0.000010 0.542941 0.000010 0.081377 0.009813 0.365849
0.465388 0.394128 0.020948 0.000010 0.054993 0.064532
0.115470 0.705976 0.000010 0.031750 0.000010 0.146784
0.038637 0.041239 0.070708 0.659910 0.020669 0.168838
0.016532 0.023433 0.000010 0.041529 0.897590 0.020906
0.012672 0.080362 0.119857 0.649760 0.006459 0.130890
0.000010 0.000010 0.000010 0.999950 0.000010 0.000010
0.484825 0.438935 0.055775 0.000010 0.000010 0.020445
0.675579 0.224111 0.000010 0.028881 0.007525 0.063895
0.000010 0.000010 0.658801 0.000010 0.000010 0.341159
0.605652 0.273071 0.038356 0.031542 0.026010 0.025368
0.784443 0.130151 0.000010 0.044826 0.016605 0.023964
0.882100 0.102557 0.011175 0.000010 0.004149 0.000010
0.082907 0.441979 0.098746 0.088758 0.001927 0.285683
0.000010 0.000010 0.041273 0.000010 0.000010 0.958687
0.532427 0.340701 0.008910 0.003080 0.044499 0.070382
0.000010 0.000010 0.000010 0.999950 0.000010 0.000010
0.089732 0.715237 0.081428 0.023247 0.017242 0.073114
0.579932 0.252742 0.011702 0.000010 0.091323 0.064292
0.000010 0.198858 0.216962 0.382184 0.117513 0.084473
0.153960 0.603573 0.085999 0.054190 0.012864 0.089415
0.000010 0.000010 0.000010 0.000010 0.999950 0.000010
0.615155 0.285506 0.025877 0.000010 0.061765 0.011686
0.634229 0.315724 0.000010 0.000010 0.039800 0.010228
0.588085 0.246765 0.032953 0.039088 0.024654 0.068455
0.793226 0.115040 0.000010 0.000010 0.019085 0.072630
0.316692 0.297073 0.018615 0.023893 0.095553 0.248173
0.203030 0.528669 0.008301 0.092404 0.057121 0.110475
0.924550 0.044240 0.000010 0.000010 0.000010 0.031180
0.981403 0.000010 0.000010 0.000010 0.018557 0.000010
0.162927 0.719089 0.000010 0.069927 0.043381 0.004666
0.756540 0.093516 0.000010 0.000010 0.149914 0.000010
0.086644 0.671617 0.041895 0.048627 0.099081 0.052136
0.774875 0.117312 0.019697 0.017975 0.068286 0.001856
0.706952 0.245118 0.000010 0.000010 0.046711 0.001198
0.046123 0.732494 0.103729 0.053167 0.000010 0.064477
0.920759 0.037551 0.000010 0.017311 0.000010 0.024359
0.364731 0.184444 0.006542 0.032315 0.355528 0.056439
0.864675 0.092296 0.000010 0.021794 0.021214 0.000010
0.454986 0.186580 0.000010 0.000010 0.347098 0.011316
0.588730 0.348854 0.017576 0.006587 0.021676 0.016577
0.851408 0.078197 0.000010 0.000010 0.046474 0.023902
0.710516 0.202057 0.000010 0.008067 0.034900 0.044450
0.152413 0.378108 0.008248 0.000010 0.358542 0.102679
0.263682 0.356106 0.000010 0.060515 0.041679 0.278008
0.062078 0.000010 0.000010 0.000010 0.000010 0.937882
0.181301 0.170183 0.005180 0.000010 0.196883 0.446444
0.148001 0.216065 0.000010 0.003811 0.270405 0.361708
0.237437 0.292908 0.053529 0.015863 0.065023 0.335240
0.106678 0.230595 0.057717 0.027438 0.042532 0.535041
0.193614 0.340023 0.014769 0.000010 0.228836 0.222747
0.031379 0.000010 0.000010 0.000010 0.000010 0.968581
0.468258 0.410560 0.000010 0.000010 0.018104 0.103058
0.306134 0.332518 0.001311 0.000010 0.041671 0.318356
0.227124 0.000010 0.000010 0.000010 0.000010 0.772836
0.000010 0.000010 0.031699 0.125826 0.022303 0.820152
0.022497 0.191841 0.113866 0.514013 0.070097 0.087686
0.009450 0.141469 0.149535 0.526537 0.093844 0.079166
0.000010 0.000010 0.000010 0.034047 0.000010 0.965913
0.371206 0.210642 0.022596 0.000010 0.048685 0.346861
0.229858 0.242456 0.080664 0.000010 0.065200 0.381813
0.140685 0.000010 0.000010 0.000010 0.004744 0.854541
0.000010 0.307759 0.068757 0.257347 0.159977 0.206150
0.000010 0.154824 0.000010 0.141063 0.369443 0.334649
0.000010 0.005141 0.753431 0.126912 0.015024 0.099483
0.263261 0.309577 0.042519 0.023582 0.053983 0.307078
0.924409 0.020097 0.020736 0.000010 0.029060 0.005688
0.772738 0.181636 0.000010 0.000010 0.012190 0.033416
0.000010 0.832793 0.011192 0.082558 0.036037 0.037411
0.043162 0.815535 0.000010 0.105805 0.010303 0.025185
0.903950 0.090586 0.000010 0.000010 0.002384 0.003060
0.275928 0.258132 0.000010 0.000010 0.401826 0.064093
0.326576 0.480411 0.000010 0.000010 0.146010 0.046983
0.465688 0.317111 0.000010 0.023895 0.073023 0.120274
0.000010 0.000010 0.974745 0.000010 0.025215 0.000010
0.662835 0.270643 0.000010 0.000010 0.017639 0.048863
0.941689 0.000010 0.000010 0.000010 0.019897 0.038384
0.485751 0.348801 0.000010 0.051118 0.031789 0.082531
0.677842 0.273097 0.000010 0.010289 0.031384 0.007378
0.528559 0.375374 0.000010 0.024394 0.071653 0.000010
0.418854 0.467723 0.035566 0.037602 0.034248 0.006006
0.000010 0.000010 0.000010 0.000010 0.000010 0.999950
0.626912 0.275450 0.000010 0.022264 0.007257 0.068108
0.717784 0.235744 0.000010 0.037386 0.009067 0.000010
0.689092 0.277640 0.000010 0.001775 0.017886 0.013598
0.265306 0.587450 0.000010 0.060347 0.057154 0.029733
0.956710 0.020733 0.012887 0.005037 0.000010 0.004624
0.252279 0.243707 0.000010 0.000010 0.010952 0.493043
0.106202 0.724024 0.000010 0.084354 0.066342 0.019068
0.169876 0.615679 0.000010 0.065479 0.026736 0.122219
0.102747 0.655139 0.000010 0.086275 0.059793 0.096036
0.265748 0.708338 0.000010 0.000010 0.004236 0.021658
0.894073 0.104329 0.000010 0.000010 0.001568 0.000010
0.786028 0.170863 0.000010 0.000010 0.029353 0.013736
0.793009 0.180771 0.000010 0.000010 0.000010 0.026190
0.886048 0.113912 0.000010 0.000010 0.000010 0.000010
0.238499 0.596985 0.000010 0.030574 0.043132 0.090800
0.071408 0.326936 0.003339 0.023788 0.482397 0.092133
0.524763 0.270794 0.000010 0.026186 0.080036 0.098211
0.529801 0.202031 0.000010 0.019662 0.165263 0.083234
0.072707 0.789559 0.040197 0.000010 0.014031 0.083495
0.888455 0.086491 0.000010 0.000010 0.025025 0.000010
0.124686 0.619785 0.045348 0.078341 0.000010 0.131829
0.772649 0.180094 0.000010 0.000010 0.021253 0.025985
0.999950 0.000010 0.000010 0.000010 0.000010 0.000010
0.730061 0.135762 0.003821 0.000010 0.000010 0.130336
0.120579 0.698113 0.051527 0.000010 0.076036 0.053736
0.999950 0.000010 0.000010 0.000010 0.000010 0.000010
0.003949 0.817475 0.054524 0.000010 0.000010 0.124032
0.041756 0.796373 0.065194 0.000010 0.000010 0.096656
0.000010 0.884743 0.006018 0.000010 0.000010 0.109210
0.000010 0.813053 0.052982 0.022416 0.000010 0.111530
0.040002 0.800756 0.055586 0.000010 0.000010 0.103635
0.000010 0.114460 0.000010 0.020836 0.844932 0.019751
0.561142 0.333004 0.000010 0.000010 0.028940 0.076894
0.950411 0.000010 0.000010 0.002983 0.020430 0.026156
0.778057 0.221903 0.000010 0.000010 0.000010 0.000010
0.716774 0.203917 0.000010 0.000010 0.010889 0.068400
0.957329 0.012788 0.000010 0.000010 0.000010 0.029854
0.030519 0.851296 0.035171 0.000010 0.000010 0.082995
0.937822 0.002907 0.000010 0.012946 0.011504 0.034811
0.186208 0.711610 0.066368 0.000010 0.035793 0.000010
0.000010 0.000010 0.000010 0.000010 0.999950 0.000010
0.009642 0.537013 0.024918 0.042876 0.010099 0.375452
0.116103 0.726625 0.000010 0.002066 0.040746 0.114450
0.338013 0.623344 0.014848 0.021165 0.002620 0.000010
0.065139 0.711282 0.000010 0.065584 0.027004 0.130980
0.000010 0.755005 0.083450 0.026609 0.000010 0.134915
0.097345 0.725663 0.039057 0.024087 0.050571 0.063276
0.000010 0.916970 0.017058 0.000010 0.000010 0.065942
0.203741 0.615651 0.031124 0.000010 0.031030 0.118444
0.091118 0.758098 0.000532 0.000010 0.020744 0.129498
0.771026 0.129337 0.026590 0.006989 0.032968 0.033091
0.097054 0.740409 0.084243 0.000010 0.014645 0.063638
0.020091 0.862938 0.018599 0.000010 0.011713 0.086649
0.103520 0.719931 0.059219 0.000010 0.000010 0.117310
0.604114 0.267027 0.068040 0.000010 0.013088 0.047721
0.964837 0.035123 0.000010 0.000010 0.000010 0.000010
0.040169 0.855586 0.000010 0.000010 0.039767 0.064458
0.017623 0.000010 0.000010 0.008029 0.916018 0.058309
0.927481 0.000010 0.000010 0.044942 0.003414 0.024142
0.968757 0.031203 0.000010 0.000010 0.000010 0.000010
0.109209 0.740536 0.000010 0.031660 0.022638 0.095947
0.461862 0.338133 0.000010 0.134726 0.022402 0.042867
0.233602 0.753568 0.000010 0.000010 0.012800 0.000010
0.021652 0.845721 0.019870 0.053098 0.031380 0.028279
0.998429 0.000010 0.000010 0.000010 0.001531 0.000010
0.999945 0.000010 0.000010 0.000010 0.000015 0.000010
0.513135 0.401834 0.000010 0.000010 0.016459 0.068552
0.574811 0.321985 0.000010 0.030886 0.039170 0.033138
0.000010 0.000010 0.937657 0.000010 0.062303 0.000010
0.067019 0.716064 0.000010 0.035594 0.025815 0.155497
0.883879 0.074904 0.000010 0.015658 0.025540 0.000010
0.000010 0.000010 0.925094 0.000010 0.074866 0.000010
0.031405 0.454231 0.000010 0.037806 0.476538 0.000010
0.000010 0.163668 0.000010 0.118381 0.391624 0.326306
0.614809 0.288175 0.000010 0.000010 0.049364 0.047632
0.553832 0.349937 0.000010 0.023333 0.038341 0.034547
0.720603 0.223783 0.000010 0.000010 0.024033 0.031560
0.345070 0.406432 0.048370 0.088929 0.009310 0.101888
0.945975 0.033107 0.000010 0.000010 0.020888 0.000010
0.999950 0.000010 0.000010 0.000010 0.000010 0.000010
0.147389 0.797011 0.000010 0.027030 0.028549 0.000010
0.645348 0.284307 0.019002 0.000010 0.005643 0.045690
0.535382 0.369960 0.000010 0.000010 0.056994 0.037644
0.395560 0.410278 0.052059 0.000010 0.000010 0.142084
0.693505 0.249860 0.016703 0.000010 0.024019 0.015903
0.772411 0.171267 0.000010 0.008817 0.047486 0.000010
0.756748 0.178625 0.014479 0.019402 0.026528 0.004218
0.792264 0.141702 0.000010 0.000010 0.019198 0.046817
0.999950 0.000010 0.000010 0.000010 0.000010 0.000010
0.925184 0.018388 0.000010 0.006112 0.023103 0.027203
0.163275 0.694415 0.017762 0.000010 0.031244 0.093294
0.430069 0.355072 0.051247 0.002197 0.063241 0.098175
0.000010 0.815881 0.021921 0.085161 0.000010 0.077017
0.987792 0.000010 0.000010 0.000010 0.012168 0.000010
0.182507 0.696780 0.000010 0.047727 0.038281 0.034695
0.646393 0.110897 0.000010 0.011043 0.047667 0.183990
0.552592 0.369085 0.000010 0.030756 0.043000 0.004558
0.114170 0.654451 0.046591 0.004649 0.018060 0.162080
0.748964 0.219305 0.000010 0.000010 0.007796 0.023915
0.182554 0.769151 0.000010 0.000010 0.024903 0.023371
0.014764 0.829483 0.036307 0.008020 0.037741 0.073684
0.088757 0.748745 0.030425 0.048537 0.050945 0.032590
0.322869 0.342610 0.049341 0.022316 0.000010 0.262854
0.029202 0.786402 0.000010 0.050672 0.000010 0.133704
0.000010 0.277716 0.088932 0.120071 0.034828 0.478443
0.147319 0.810070 0.000010 0.000010 0.042580 0.000010
0.634285 0.298990 0.021188 0.000010 0.000654 0.044873
0.922574 0.042211 0.000010 0.000010 0.003941 0.031253
0.818778 0.018319 0.000010 0.050265 0.000010 0.112618
0.862183 0.069032 0.000010 0.030491 0.000010 0.038273
0.046089 0.818378 0.000010 0.047918 0.000010 0.087595
0.428329 0.248858 0.039183 0.024184 0.024659 0.234787
0.582009 0.255160 0.046676 0.000010 0.013292 0.102854
0.208089 0.039577 0.693585 0.000010 0.027980 0.030759
0.783369 0.153749 0.033806 0.000010 0.006989 0.022076
0.803398 0.129323 0.000010 0.000010 0.013761 0.053498
0.000010 0.000010 0.000010 0.000010 0.999950 0.000010
0.000010 0.000010 0.000010 0.000010 0.999950 0.000010
0.185307 0.703166 0.040979 0.000010 0.000010 0.070529
0.187578 0.739489 0.006575 0.012447 0.028170 0.025742
0.327817 0.539288 0.000010 0.031634 0.016722 0.084528
0.353806 0.576556 0.024052 0.000010 0.008401 0.037176
0.000010 0.000010 0.000010 0.000010 0.999950 0.000010
0.000010 0.000010 0.000010 0.000010 0.999950 0.000010
0.052179 0.818406 0.002896 0.000010 0.002745 0.123763
0.069420 0.846201 0.000010 0.000010 0.001418 0.082941
0.000010 0.000010 0.000010 0.000010 0.999950 0.000010
0.000010 0.000010 0.000010 0.000010 0.999950 0.000010
0.000010 0.000010 0.000010 0.000010 0.999950 0.000010
0.046788 0.817149 0.028723 0.037313 0.002547 0.067481
0.004111 0.914045 0.011211 0.018672 0.000010 0.051950
0.178944 0.278325 0.050856 0.141055 0.136029 0.214791
0.082189 0.699401 0.085866 0.000010 0.033413 0.099120
0.000010 0.206330 0.016032 0.365709 0.143817 0.268102
0.011193 0.735645 0.104854 0.000010 0.028874 0.119425
0.000010 0.000010 0.000010 0.000010 0.999950 0.000010
0.079671 0.765207 0.073532 0.000010 0.000528 0.081052
0.214274 0.640506 0.000010 0.000010 0.015728 0.129472
0.096894 0.298674 0.008748 0.000010 0.538733 0.056942
0.021296 0.079420 0.000010 0.000010 0.899254 0.000010
0.101867 0.750590 0.001277 0.014187 0.002061 0.130019
0.000010 0.000010 0.000010 0.000010 0.999950 0.000010
0.000010 0.000010 0.000010 0.000010 0.999950 0.000010
0.000010 0.000010 0.000010 0.000010 0.999950 0.000010
0.000010 0.000010 0.000010 0.000010 0.999950 0.000010
0.000010 0.000010 0.000010 0.000010 0.999950 0.000010
0.637236 0.283989 0.017539 0.001522 0.000010 0.059704
0.601804 0.143559 0.012984 0.016134 0.121196 0.104324
0.580249 0.201107 0.000010 0.000010 0.141648 0.076976
0.000010 0.000010 0.000010 0.000010 0.999950 0.000010
0.000010 0.140717 0.000010 0.062766 0.501178 0.295318
0.413882 0.440197 0.000010 0.082647 0.063253 0.000010
0.826317 0.157156 0.000010 0.006752 0.009755 0.000010
0.546015 0.328912 0.000010 0.000010 0.051254 0.073800
0.265505 0.705046 0.029419 0.000010 0.000010 0.000010
0.218325 0.754925 0.004722 0.000010 0.022008 0.000010
0.724691 0.196315 0.000010 0.020916 0.005247 0.052820
0.227019 0.731247 0.000010 0.018773 0.000010 0.022941
0.320479 0.499275 0.008326 0.000010 0.059789 0.112120
0.755159 0.160440 0.000010 0.008469 0.034179 0.041743
0.663170 0.114674 0.010014 0.000010 0.047935 0.164197
0.338096 0.643546 0.018328 0.000010 0.000010 0.000010
0.707982 0.151253 0.047748 0.000010 0.016593 0.076414
0.353348 0.263864 0.000010 0.037985 0.063791 0.281003
0.000010 0.000010 0.034964 0.326483 0.035569 0.602965
0.174357 0.620392 0.066493 0.069355 0.038047 0.031356
0.417601 0.480968 0.042135 0.000010 0.040514 0.018772
0.450431 0.432861 0.000010 0.006298 0.017012 0.093388
0.868596 0.046016 0.006868 0.012992 0.000010 0.065518
0.032200 0.128460 0.062487 0.633689 0.012624 0.130542
0.010261 0.340165 0.028971 0.186555 0.137339 0.296709
0.633726 0.324024 0.001382 0.007633 0.027486 0.005750
0.718478 0.227252 0.000010 0.000010 0.001693 0.052557
0.514080 0.088355 0.000010 0.001117 0.391687 0.004752
0.533540 0.310285 0.005529 0.067452 0.012368 0.070825
0.013983 0.056468 0.027167 0.070365 0.739489 0.092528
0.472782 0.450784 0.010336 0.008975 0.041899 0.015225
0.007503 0.413239 0.014126 0.101391 0.068033 0.395707
0.861028 0.083101 0.000010 0.000010 0.000010 0.055841
0.993269 0.000010 0.000010 0.000010 0.006691 0.000010
0.861092 0.102987 0.000010 0.032103 0.000010 0.003799
0.775113 0.178783 0.000010 0.000010 0.000010 0.046073
0.018850 0.122905 0.574223 0.258739 0.004467 0.020816
0.000010 0.867744 0.000010 0.000010 0.000962 0.131264
0.000010 0.143167 0.036909 0.000010 0.002058 0.817846
0.146739 0.731615 0.000010 0.009769 0.019203 0.092664
0.426000 0.475317 0.000010 0.000010 0.026645 0.072019
0.037690 0.922770 0.004448 0.010685 0.000010 0.024398
0.129805 0.761623 0.000010 0.008339 0.019533 0.080690
0.000010 0.105673 0.057953 0.000010 0.000010 0.836344
0.842723 0.142333 0.000010 0.000010 0.000010 0.014913
0.865557 0.088839 0.040654 0.004930 0.000010 0.000010
0.063860 0.729649 0.000010 0.022932 0.033329 0.150220
0.932208 0.052132 0.000010 0.000010 0.000010 0.015631
0.065712 0.760480 0.039657 0.014700 0.030604 0.088847
0.000010 0.098773 0.672001 0.074687 0.015134 0.139394
0.143386 0.255424 0.000010 0.049805 0.000010 0.551365
0.000010 0.000010 0.999950 0.000010 0.000010 0.000010
0.000010 0.254465 0.180372 0.551277 0.013866 0.000010
0.000010 0.292341 0.000691 0.075421 0.393182 0.238354
0.000010 0.068334 0.890764 0.000010 0.040872 0.000010
0.000010 0.000010 0.000010 0.000010 0.999950 0.000010
0.689736 0.281674 0.000010 0.001682 0.000010 0.026888
0.022728 0.797582 0.032325 0.033571 0.012329 0.101465
0.110728 0.694799 0.028536 0.052224 0.032616 0.081097
0.034217 0.000010 0.000010 0.039759 0.890577 0.035428
0.363870 0.536530 0.000949 0.056904 0.041737 0.000010
0.054057 0.388032 0.093394 0.139335 0.091098 0.234084
0.034864 0.538772 0.008733 0.026534 0.000010 0.391087
0.087337 0.747121 0.000010 0.019145 0.048615 0.097771
0.138794 0.728243 0.000010 0.001079 0.047071 0.084802
0.274772 0.430234 0.012635 0.023960 0.072571 0.185829
0.096109 0.730439 0.000010 0.048817 0.026367 0.098259
0.000010 0.074735 0.000010 0.080350 0.762357 0.082538
0.020595 0.101417 0.028051 0.055252 0.711833 0.082852
0.000010 0.110085 0.006236 0.015607 0.833255 0.034807
0.036019 0.484250 0.011340 0.043381 0.033588 0.391421
0.000010 0.000010 0.000010 0.000010 0.000010 0.999950
0.000010 0.176393 0.381287 0.427203 0.000010 0.015097
0.000010 0.149884 0.086775 0.228233 0.004260 0.530838
0.999950 0.000010 0.000010 0.000010 0.000010 0.000010
0.773533 0.082343 0.000010 0.000010 0.144095 0.000010
0.510245 0.448992 0.008423 0.019227 0.013104 0.000010
0.615912 0.234100 0.000010 0.040961 0.088871 0.020146
0.000010 0.987579 0.000010 0.000010 0.012381 0.000010
0.934278 0.030786 0.000010 0.000010 0.000010 0.034906
0.926726 0.046168 0.017661 0.000010 0.003762 0.005673
0.002691 0.086606 0.000010 0.139529 0.699968 0.071196
0.011729 0.011740 0.000010 0.108061 0.768709 0.099751
0.962284 0.019245 0.018441 0.000010 0.000010 0.000010
0.168752 0.458298 0.000010 0.099518 0.037913 0.235511
0.822347 0.125978 0.026160 0.000010 0.025495 0.000010
0.620725 0.246602 0.000010 0.000010 0.036488 0.096166
0.092930 0.776351 0.000010 0.000010 0.035940 0.094759
0.022041 0.023668 0.000010 0.021672 0.878860 0.053749
0.410598 0.219002 0.000010 0.000010 0.352590 0.017791
0.000010 0.304923 0.044674 0.207365 0.212706 0.230322
0.690959 0.172892 0.000010 0.041032 0.061382 0.033725
0.302377 0.559760 0.033470 0.026668 0.027446 0.050279
0.617265 0.249916 0.000010 0.028089 0.054237 0.050483
0.023727 0.007233 0.000010 0.032761 0.897835 0.038433
0.879877 0.092299 0.000010 0.000010 0.000010 0.027794
0.608540 0.290549 0.036989 0.000010 0.034039 0.029872
0.396682 0.509409 0.000010 0.036078 0.047260 0.010561
0.603351 0.309709 0.031758 0.000010 0.011833 0.043340
0.026074 0.091611 0.164750 0.515074 0.055554 0.146938
0.000010 0.012657 0.023542 0.003349 0.000010 0.960432
0.015914 0.119112 0.171367 0.526879 0.073069 0.093660
0.088497 0.713564 0.095977 0.067334 0.029402 0.005225
0.137371 0.709213 0.082255 0.036843 0.034308 0.000010
0.017389 0.014844 0.806990 0.000010 0.111612 0.049156
0.000010 0.010440 0.822170 0.000010 0.123397 0.043973
0.041158 0.603405 0.014715 0.047814 0.017553 0.275356
0.000010 0.003417 0.845118 0.000010 0.126291 0.025154
0.076837 0.189463 0.197412 0.309527 0.000010 0.226751
0.000010 0.213865 0.281140 0.486410 0.000010 0.018565
0.000010 0.964997 0.000010 0.000010 0.034963 0.000010
0.140229 0.217137 0.000010 0.060098 0.004109 0.578416
0.137796 0.260485 0.000010 0.028488 0.000010 0.573210
0.184796 0.134025 0.000010 0.028454 0.000010 0.652705
0.163195 0.186376 0.000010 0.034626 0.000010 0.615783
0.145722 0.190255 0.000010 0.053906 0.000010 0.610098
0.114345 0.275551 0.000010 0.013417 0.023339 0.573339
0.100718 0.249417 0.000010 0.000010 0.000010 0.649835
0.133919 0.191796 0.000010 0.031795 0.000010 0.642470
0.000010 0.065926 0.801743 0.042287 0.032154 0.057880
0.000010 0.107581 0.814505 0.046874 0.013446 0.017584
0.000010 0.000010 0.818194 0.027395 0.097442 0.056950
0.999950 0.000010 0.000010 0.000010 0.000010 0.000010
0.000010 0.032773 0.807706 0.000010 0.156340 0.003160
0.170472 0.736827 0.000010 0.000010 0.092671 0.000010
0.012153 0.028167 0.796235 0.000010 0.104705 0.058731
0.000010 0.037178 0.801440 0.096813 0.042571 0.021987
0.000010 0.015187 0.821309 0.098733 0.000010 0.064751
0.000010 0.115131 0.761115 0.075422 0.010456 0.037867
0.003192 0.000010 0.788878 0.132176 0.037547 0.038197
0.025355 0.098383 0.818216 0.054814 0.003222 0.000010
0.000109 0.000010 0.949451 0.050410 0.000010 0.000010
0.831365 0.050830 0.000010 0.033239 0.013502 0.071054
0.213500 0.559302 0.066320 0.006039 0.027396 0.127443
0.101157 0.234078 0.000010 0.025581 0.000010 0.639164
0.000010 0.020254 0.867819 0.087459 0.024447 0.000010
0.999950 0.000010 0.000010 0.000010 0.000010 0.000010
0.105310 0.293516 0.000010 0.014359 0.000010 0.586795
0.092626 0.294750 0.000010 0.012039 0.000010 0.600565
0.999950 0.000010 0.000010 0.000010 0.000010 0.000010
0.044786 0.881148 0.000010 0.045330 0.028716 0.000010
0.042421 0.000010 0.957539 0.000010 0.000010 0.000010
0.000010 0.000010 0.000010 0.000010 0.000010 0.999950
0.135715 0.197778 0.000010 0.036058 0.000010 0.630428
0.166139 0.133581 0.000010 0.064819 0.008569 0.626882
0.000010 0.000010 0.974090 0.025870 0.000010 0.000010
0.144886 0.742260 0.003970 0.034050 0.047493 0.027340
0.618676 0.145547 0.016391 0.035931 0.107436 0.076019
0.000010 0.099102 0.315298 0.553361 0.004587 0.027642
0.000010 0.101633 0.341115 0.546727 0.000010 0.010506
0.000010 0.202130 0.310727 0.483568 0.000010 0.003555
0.000010 0.000010 0.000010 0.000010 0.999950 0.000010
0.010422 0.000010 0.000010 0.031111 0.905524 0.052922
0.000010 0.000010 0.916565 0.062826 0.020579 0.000010
0.000010 0.006220 0.684131 0.184411 0.063178 0.062050
0.008771 0.000010 0.984381 0.006818 0.000010 0.000010
0.000010 0.000010 0.920093 0.070497 0.009381 0.000010
0.000010 0.000010 0.999950 0.000010 0.000010 0.000010
0.000010 0.000010 0.999950 0.000010 0.000010 0.000010
0.000010 0.000010 0.961336 0.030310 0.008324 0.000010
0.049414 0.017338 0.728739 0.157070 0.047430 0.000010
0.000010 0.185237 0.299424 0.506172 0.009147 0.000010
0.003614 0.181212 0.311145 0.504010 0.000010 0.000010
0.000010 0.000010 0.819038 0.143950 0.000010 0.036982
0.000010 0.134349 0.309350 0.550025 0.000010 0.006256
0.001378 0.404034 0.048324 0.036444 0.147396 0.362424
0.646129 0.293552 0.016703 0.030228 0.000010 0.013378
0.002114 0.976525 0.000010 0.000010 0.021332 0.000010
0.139328 0.246192 0.000010 0.009768 0.012152 0.592550
0.141664 0.193559 0.000010 0.040626 0.000010 0.624130
0.029337 0.069967 0.194607 0.506853 0.093581 0.105656
0.000010 0.380111 0.020523 0.242759 0.183587 0.173011
0.335393 0.483033 0.046440 0.000010 0.060936 0.074188
0.131414 0.560641 0.000010 0.069572 0.056585 0.181777
0.000010 0.090145 0.045091 0.653498 0.050154 0.161102
0.867634 0.055680 0.000010 0.012021 0.024704 0.039951
0.000010 0.000010 0.927320 0.072640 0.000010 0.000010
0.019074 0.000010 0.704255 0.132835 0.060281 0.083545
0.000010 0.000010 0.895072 0.090324 0.000010 0.014574
0.012214 0.953460 0.000010 0.000010 0.034296 0.000010
0.000010 0.015507 0.772913 0.148979 0.031322 0.031270
0.004708 0.000010 0.913271 0.079708 0.002293 0.000010
0.037328 0.000010 0.935254 0.013938 0.013460 0.000010
0.029201 0.000010 0.890187 0.080582 0.000010 0.000010
0.000010 0.000010 0.994657 0.005303 0.000010 0.000010
0.000010 0.000010 0.943795 0.034476 0.000010 0.021699
0.281222 0.355643 0.088047 0.062939 0.084706 0.127443
0.157357 0.687615 0.023493 0.084653 0.013202 0.033680
0.069254 0.060385 0.045573 0.644364 0.041800 0.138623
0.079466 0.004939 0.144235 0.595444 0.045909 0.130008
0.138390 0.683475 0.079678 0.000010 0.022985 0.075461
0.692413 0.274111 0.000010 0.012815 0.003152 0.017499
0.802848 0.095972 0.039813 0.003330 0.058027 0.000010
0.933660 0.034959 0.022924 0.000010 0.008437 0.000010
0.000010 0.000010 0.958176 0.041784 0.000010 0.000010
0.835150 0.030810 0.004158 0.000010 0.057640 0.072232
0.000010 0.000010 0.934495 0.063904 0.001571 0.000010
0.000010 0.000010 0.912601 0.087359 0.000010 0.000010
0.001678 0.000010 0.871071 0.069751 0.014871 0.042620
0.026268 0.000010 0.874985 0.098717 0.000010 0.000010
0.000010 0.000010 0.936753 0.063207 0.000010 0.000010
0.000010 0.005755 0.935607 0.038083 0.020536 0.000010
0.282601 0.149594 0.042673 0.000010 0.041340 0.483782
0.298350 0.308044 0.019503 0.000010 0.056362 0.317731
0.097044 0.174155 0.085469 0.302866 0.011524 0.328941
0.000010 0.213954 0.000010 0.165213 0.387338 0.233475
0.000010 0.141835 0.055577 0.101816 0.580522 0.120240
0.000010 0.201278 0.017290 0.115640 0.548288 0.117493
0.626918 0.279984 0.056789 0.009546 0.026753 0.000010
0.007123 0.000010 0.932661 0.039221 0.020975 0.000010
0.000010 0.000010 0.923460 0.076500 0.000010 0.000010
0.000010 0.000010 0.950150 0.049810 0.000010 0.000010
0.000010 0.227792 0.038344 0.073337 0.424690 0.235827
0.000010 0.250346 0.005617 0.106690 0.483025 0.154312
0.283538 0.253663 0.052104 0.000010 0.053214 0.357470
0.216793 0.101054 0.026706 0.000010 0.044238 0.611199
0.000010 0.141500 0.008111 0.138119 0.534215 0.178046
0.320426 0.227209 0.042980 0.003063 0.067245 0.339077
0.194264 0.252653 0.003051 0.000010 0.328864 0.221157
0.000010 0.216736 0.068583 0.087982 0.430639 0.196051
0.091064 0.342515 0.042436 0.000010 0.402645 0.121331
0.268270 0.324071 0.018530 0.000010 0.066802 0.322317
0.277512 0.229518 0.023942 0.000010 0.043275 0.425742
0.099205 0.049451 0.013562 0.000010 0.000010 0.837763
0.016079 0.101560 0.574873 0.192907 0.037313 0.077268
0.000010 0.000010 0.929554 0.070406 0.000010 0.000010
0.000010 0.132621 0.717884 0.071623 0.014528 0.063333
0.000010 0.095964 0.745622 0.110150 0.000010 0.048245
0.298122 0.597327 0.039455 0.016660 0.021336 0.027102
0.296402 0.559823 0.000010 0.079722 0.063750 0.000293
0.656542 0.170351 0.012697 0.062660 0.028484 0.069266
0.103904 0.623487 0.043286 0.075788 0.041329 0.112206
0.000010 0.000010 0.000010 0.000010 0.999950 0.000010
0.075079 0.000010 0.471236 0.011638 0.442028 0.000010
0.209683 0.778364 0.000010 0.000010 0.011923 0.000010
0.218684 0.716390 0.000010 0.043479 0.021427 0.000010
0.056060 0.132776 0.138546 0.549808 0.000010 0.122799
0.102694 0.598296 0.089149 0.068641 0.030589 0.110632
0.037357 0.051482 0.007763 0.083151 0.735421 0.084826
0.000010 0.985567 0.000010 0.000010 0.014393 0.000010
0.065402 0.673754 0.000010 0.075368 0.054585 0.130881
0.003295 0.955980 0.015287 0.000010 0.025417 0.000010
0.927695 0.045355 0.000010 0.000010 0.000010 0.026920
0.957182 0.000010 0.000010 0.042778 0.000010 0.000010
0.812221 0.131735 0.000010 0.000010 0.034695 0.021329
0.000010 0.000010 0.000010 0.000010 0.999950 0.000010
0.000010 0.000010 0.000010 0.000010 0.999950 0.000010
0.000010 0.064397 0.815273 0.000010 0.056799 0.063510
0.000010 0.058122 0.769665 0.000010 0.135030 0.037163
0.000010 0.054833 0.592909 0.000010 0.220634 0.131604
0.993659 0.006301 0.000010 0.000010 0.000010 0.000010
0.000010 0.000010 0.000010 0.999950 0.000010 0.000010
0.000010 0.000010 0.000010 0.999950 0.000010 0.000010
0.000010 0.000010 0.000010 0.999950 0.000010 0.000010
0.000010 0.000010 0.000010 0.999950 0.000010 0.000010
0.005856 0.674858 0.000010 0.105420 0.043939 0.169917
0.000010 0.087598 0.023452 0.306451 0.134473 0.448016
0.030531 0.057482 0.096403 0.322895 0.030883 0.461808
0.046904 0.091729 0.060406 0.635786 0.023206 0.141967
0.001016 0.486264 0.000010 0.128017 0.118040 0.266654
0.004047 0.240038 0.150304 0.518042 0.012420 0.075149
0.813612 0.118675 0.022526 0.000010 0.000010 0.045167
0.000010 0.000010 0.999950 0.000010 0.000010 0.000010
0.000010 0.000010 0.967833 0.032127 0.000010 0.000010
0.077678 0.000010 0.000010 0.000010 0.009549 0.912744
0.000010 0.000010 0.000010 0.000010 0.000010 0.999950
0.000010 0.000010 0.999950 0.000010 0.000010 0.000010
0.391102 0.221861 0.003014 0.000010 0.031787 0.352225
0.223977 0.294357 0.033544 0.017940 0.013888 0.416295
0.000010 0.000010 0.999950 0.000010 0.000010 0.000010
0.061440 0.077530 0.096604 0.630318 0.016340 0.117768
0.058986 0.000010 0.000010 0.000010 0.000010 0.940974
0.000010 0.222925 0.079851 0.118317 0.322357 0.256541
0.569281 0.280984 0.036825 0.000010 0.056935 0.055965
0.000010 0.129744 0.000010 0.000010 0.784864 0.085362
0.226739 0.148791 0.016074 0.000010 0.053792 0.554594
0.045421 0.074112 0.138989 0.564900 0.030279 0.146298
0.061905 0.840527 0.043805 0.000010 0.034350 0.019402
0.807793 0.161517 0.000010 0.000010 0.000010 0.030660
0.849309 0.083305 0.000550 0.007422 0.016218 0.043195
0.161154 0.716904 0.011116 0.063761 0.047055 0.000010
0.999950 0.000010 0.000010 0.000010 0.000010 0.000010
0.631069 0.311959 0.000010 0.011204 0.030054 0.015704
0.128670 0.706682 0.021532 0.023541 0.036880 0.082695
0.160296 0.687012 0.047190 0.000475 0.045741 0.059286
0.033224 0.192949 0.052849 0.447601 0.107414 0.165964
0.792888 0.171704 0.000010 0.000010 0.030297 0.005091
0.089979 0.838123 0.020060 0.000010 0.004247 0.047581
0.898552 0.090880 0.003853 0.000010 0.006695 0.000010
0.857304 0.106963 0.000010 0.030617 0.000764 0.004342
0.017863 0.154943 0.212627 0.422557 0.022065 0.169944
0.000010 0.000010 0.952746 0.037081 0.000010 0.010142
0.022336 0.141702 0.170798 0.539945 0.033631 0.091587
0.035223 0.073634 0.107335 0.599977 0.056200 0.127631
0.000010 0.000010 0.930687 0.000010 0.069273 0.000010
0.000010 0.000010 0.963249 0.000010 0.036711 0.000010
0.000010 0.212665 0.307871 0.000010 0.028517 0.450927
0.052784 0.077663 0.105622 0.410480 0.038154 0.315296
0.029098 0.070910 0.022036 0.008982 0.756273 0.112702
0.000010 0.000010 0.987027 0.012933 0.000010 0.000010
0.000010 0.000010 0.980105 0.019855 0.000010 0.000010
0.961125 0.026784 0.000010 0.000010 0.012060 0.000010
0.056204 0.385818 0.045075 0.262409 0.064196 0.186299
0.045258 0.317761 0.102114 0.280668 0.086806 0.167393
0.043160 0.264197 0.117625 0.252586 0.082481 0.239952
0.859387 0.106324 0.000010 0.009146 0.019383 0.005750
0.000010 0.000010 0.929785 0.070175 0.000010 0.000010
0.000010 0.000010 0.999950 0.000010 0.000010 0.000010
0.000010 0.000010 0.000010 0.000010 0.000010 0.999950
0.000011 0.000010 0.974735 0.025224 0.000010 0.000010
0.000010 0.000010 0.999950 0.000010 0.000010 0.000010
0.033767 0.000010 0.916189 0.047200 0.002824 0.000010
0.000010 0.010451 0.952163 0.037356 0.000010 0.000010
0.703838 0.201974 0.016449 0.025700 0.010805 0.041233
0.852955 0.096894 0.050121 0.000010 0.000010 0.000010
