0.000010 0.000010 0.000010 0.335510 0.308535 0.000010 0.000010 0.000010 0.152305 0.000010 0.000010 0.125406 0.000010 0.046470 0.000010 0.022323 0.000010 0.009341
0.002943 0.000010 0.003206 0.570661 0.201437 0.000010 0.000010 0.010525 0.000010 0.000010 0.000010 0.184192 0.000010 0.001515 0.000010 0.000010 0.000010 0.025419
0.000010 0.000010 0.000010 0.338241 0.108318 0.000013 0.000010 0.030456 0.281329 0.000010 0.000010 0.031365 0.000010 0.000010 0.120750 0.089419 0.000018 0.000010
0.000010 0.000010 0.000010 0.000010 0.000010 0.000010 0.000010 0.000010 0.000010 0.000010 0.300781 0.000010 0.000010 0.699059 0.000010 0.000010 0.000010 0.000010
0.000010 0.000010 0.000010 0.674993 0.243921 0.000010 0.000010 0.000010 0.000010 0.000010 0.000010 0.000010 0.000010 0.000010 0.000010 0.000010 0.062031 0.018914
0.000796 0.000010 0.000010 0.071819 0.296184 0.000010 0.000010 0.013086 0.456177 0.000010 0.000010 0.074767 0.000010 0.018397 0.018059 0.000010 0.028000 0.022635
0.000010 0.000010 0.000010 0.036016 0.000010 0.000010 0.000010 0.000010 0.201553 0.000010 0.000010 0.000010 0.000010 0.492801 0.000010 0.269490 0.000010 0.000010
0.027017 0.000010 0.025514 0.001092 0.314636 0.000010 0.000010 0.000010 0.631611 0.000010 0.000010 0.000010 0.000010 0.000010 0.000010 0.000010 0.000010 0.000010
0.078828 0.000010 0.000800 0.433022 0.052016 0.005480 0.000010 0.000010 0.000010 0.000010 0.000010 0.306359 0.000010 0.040413 0.000010 0.000010 0.000010 0.082984
0.060527 0.000010 0.000010 0.000010 0.000010 0.000010 0.000010 0.000010 0.870660 0.000010 0.000010 0.050601 0.000010 0.000010 0.000010 0.000010 0.000010 0.018073
0.047727 0.000010 0.023462 0.017631 0.278976 0.000010 0.000010 0.000010 0.283267 0.000010 0.000010 0.045926 0.000010 0.000010 0.000010 0.013298 0.000010 0.289614
0.000010 0.000010 0.018376 0.312025 0.220979 0.000010 0.007012 0.000010 0.113982 0.000010 0.004583 0.242534 0.000010 0.000010 0.000010 0.000010 0.016525 0.063894
0.000010 0.054936 0.030940 0.000010 0.077284 0.000010 0.000010 0.000010 0.000010 0.000010 0.000010 0.118354 0.000010 0.000010 0.718356 0.000010 0.000010 0.000010
0.000010 0.000010 0.000010 0.000010 0.020139 0.000010 0.000010 0.000010 0.000010 0.000010 0.175986 0.302808 0.000010 0.318597 0.175095 0.007256 0.000010 0.000010
0.000010 0.000010 0.000010 0.002213 0.201993 0.000010 0.000010 0.000010 0.713091 0.000010 0.000010 0.002939 0.000010 0.008604 0.000010 0.000010 0.033146 0.037905
0.036373 0.001865 0.002683 0.435001 0.151722 0.000010 0.007977 0.000010 0.186081 0.000010 0.003478 0.110665 0.000010 0.000014 0.012495 0.032230 0.019365 0.000010
0.032782 0.000010 0.002996 0.119632 0.468738 0.000010 0.000010 0.000010 0.219190 0.000010 0.015807 0.000010 0.000010 0.014691 0.000010 0.028533 0.000010 0.097542
0.000010 0.000010 0.000010 0.000010 0.269533 0.000010 0.000010 0.000010 0.134738 0.000010 0.000010 0.000010 0.000010 0.352393 0.000010 0.237377 0.000010 0.005829
0.701692 0.000010 0.028528 0.000010 0.000010 0.000010 0.000010 0.000010 0.237247 0.000010 0.000010 0.000010 0.000010 0.000010 0.000010 0.000010 0.000010 0.032393
0.000010 0.000010 0.001826 0.000010 0.000010 0.000010 0.959756 0.000010 0.000010 0.000010 0.000010 0.000010 0.038268 0.000010 0.000010 0.000010 0.000010 0.000010
0.000010 0.000010 0.000010 0.000010 0.000010 0.000010 0.987483 0.000010 0.012357 0.000010 0.000010 0.000010 0.000010 0.000010 0.000010 0.000010 0.000010 0.000010
0.000010 0.000010 0.000010 0.000010 0.000010 0.000010 0.999830 0.000010 0.000010 0.000010 0.000010 0.000010 0.000010 0.000010 0.000010 0.000010 0.000010 0.000010
0.000010 0.000010 0.017128 0.000010 0.036434 0.000010 0.946287 0.000010 0.000010 0.000010 0.000010 0.000010 0.000010 0.000010 0.000010 0.000010 0.000010 0.000010
0.000010 0.000010 0.000010 0.000010 0.035421 0.000010 0.000010 0.000010 0.000010 0.000010 0.000010 0.000010 0.000010 0.909118 0.055311 0.000010 0.000010 0.000010
0.999830 0.000010 0.000010 0.000010 0.000010 0.000010 0.000010 0.000010 0.000010 0.000010 0.000010 0.000010 0.000010 0.000010 0.000010 0.000010 0.000010 0.000010
0.000010 0.000010 0.000010 0.000010 0.000010 0.000010 0.985760 0.000010 0.002261 0.000010 0.000010 0.000010 0.000010 0.011828 0.000010 0.000010 0.000010 0.000010
0.000010 0.000010 0.000010 0.985332 0.001001 0.000010 0.000010 0.000010 0.000010 0.000010 0.000010 0.000010 0.000010 0.013517 0.000010 0.000010 0.000010 0.000010
0.000010 0.000010 0.000010 0.000010 0.000010 0.000010 0.999830 0.000010 0.000010 0.000010 0.000010 0.000010 0.000010 0.000010 0.000010 0.000010 0.000010 0.000010
0.010972 0.024806 0.000010 0.213929 0.102246 0.000010 0.000010 0.028687 0.004612 0.000690 0.000010 0.551665 0.000010 0.054096 0.000010 0.008216 0.000010 0.000010
0.000010 0.000010 0.000010 0.118838 0.000010 0.000010 0.000010 0.000010 0.087040 0.000010 0.000010 0.712652 0.000010 0.042383 0.038957 0.000010 0.000010 0.000010
0.027204 0.000010 0.003718 0.000010 0.000010 0.000010 0.000010 0.000010 0.000010 0.000010 0.000010 0.955665 0.000010 0.000010 0.000010 0.000010 0.000010 0.013272
0.000010 0.023993 0.000010 0.313463 0.018503 0.005211 0.000010 0.000010 0.036459 0.000010 0.000010 0.497058 0.000010 0.001906 0.080640 0.000010 0.000010 0.022676
0.000010 0.000010 0.000010 0.000010 0.000010 0.000010 0.000010 0.000010 0.000010 0.000010 0.000010 0.000010 0.000010 0.000010 0.999830 0.000010 0.000010 0.000010
0.134095 0.057462 0.010474 0.112456 0.000010 0.041553 0.000010 0.036178 0.000010 0.000010 0.015704 0.359631 0.000010 0.000010 0.232356 0.000010 0.000010 0.000010
0.050030 0.000010 0.269735 0.429835 0.000010 0.000010 0.000010 0.021967 0.155740 0.000010 0.000010 0.007810 0.000010 0.000010 0.064774 0.000010 0.000010 0.000010
0.022131 0.000010 0.000010 0.117848 0.029821 0.000010 0.000010 0.000010 0.063061 0.000010 0.000010 0.010245 0.000010 0.460874 0.000010 0.000010 0.000010 0.295911
0.008202 0.000010 0.000010 0.000010 0.000010 0.000010 0.000010 0.000010 0.203124 0.000010 0.000010 0.000010 0.000010 0.565307 0.000010 0.000010 0.000010 0.223227
0.000010 0.000010 0.000010 0.000010 0.000010 0.000010 0.000010 0.000010 0.000010 0.999830 0.000010 0.000010 0.000010 0.000010 0.000010 0.000010 0.000010 0.000010
0.055827 0.055566 0.017748 0.358036 0.015861 0.000010 0.000010 0.000010 0.000010 0.000010 0.000010 0.423815 0.000010 0.053471 0.000010 0.000010 0.000010 0.019576
0.000010 0.048368 0.000010 0.005213 0.107781 0.000010 0.000010 0.065247 0.000010 0.000010 0.000010 0.745504 0.000010 0.000010 0.000010 0.000010 0.027766 0.000010
0.000010 0.000010 0.000010 0.000010 0.000010 0.000010 0.000010 0.000010 0.999830 0.000010 0.000010 0.000010 0.000010 0.000010 0.000010 0.000010 0.000010 0.000010
0.042107 0.016931 0.000010 0.167273 0.277641 0.002892 0.000010 0.016924 0.000010 0.000010 0.000010 0.393650 0.014500 0.032745 0.000010 0.000010 0.035257 0.000010
0.000010 0.000010 0.000010 0.255148 0.156706 0.005603 0.000010 0.000010 0.563856 0.000010 0.002576 0.000010 0.000010 0.000010 0.000053 0.006634 0.009324 0.000010
0.000010 0.000010 0.000010 0.143571 0.000010 0.000010 0.000010 0.000010 0.777880 0.000010 0.000010 0.000010 0.000010 0.000010 0.078398 0.000010 0.000010 0.000010
0.058808 0.669317 0.000010 0.000010 0.000010 0.000010 0.000010 0.000010 0.000010 0.000010 0.000010 0.271725 0.000010 0.000010 0.000010 0.000010 0.000010 0.000010
0.000010 0.000010 0.000010 0.000010 0.000010 0.000010 0.667201 0.028594 0.000010 0.304055 0.000010 0.000010 0.000010 0.000010 0.000010 0.000010 0.000010 0.000010
0.000010 0.000010 0.005379 0.000010 0.000010 0.000010 0.669928 0.009785 0.000010 0.283350 0.000010 0.000010 0.000010 0.000010 0.000010 0.000010 0.031429 0.000010
0.000010 0.074449 0.024601 0.075527 0.000010 0.096860 0.282213 0.009561 0.000010 0.127535 0.000010 0.062585 0.108216 0.000010 0.078251 0.000010 0.040205 0.019937
0.036769 0.101442 0.027773 0.197123 0.091304 0.022216 0.000010 0.028097 0.000010 0.010794 0.000010 0.133302 0.000010 0.010680 0.190315 0.000010 0.150126 0.000010
0.089614 0.108952 0.018240 0.202278 0.099864 0.009634 0.004298 0.011059 0.000010 0.000010 0.000010 0.155459 0.000010 0.000010 0.217572 0.000010 0.082961 0.000010
0.000010 0.000010 0.000010 0.000010 0.000010 0.000010 0.000010 0.000010 0.000010 0.000010 0.000010 0.000010 0.000010 0.000010 0.000010 0.184655 0.815185 0.000010
0.129195 0.060986 0.000010 0.058322 0.071232 0.011127 0.059031 0.000010 0.000010 0.000010 0.000010 0.281620 0.002087 0.000010 0.276686 0.000010 0.049634 0.000010
0.000010 0.000010 0.000010 0.000010 0.000010 0.000010 0.000010 0.000010 0.000010 0.000010 0.000010 0.000010 0.000010 0.000010 0.000010 0.332804 0.667036 0.000010
0.054190 0.132091 0.060810 0.175306 0.042886 0.022266 0.000010 0.000010 0.000010 0.000010 0.000010 0.209663 0.000010 0.000010 0.218406 0.000010 0.046933 0.037369
0.140539 0.080638 0.017162 0.000010 0.001592 0.024663 0.000010 0.085996 0.000010 0.000010 0.000010 0.293984 0.000010 0.000010 0.305859 0.000010 0.049477 0.000010
0.000010 0.000010 0.999829 0.000010 0.000011 0.000010 0.000010 0.000010 0.000010 0.000010 0.000010 0.000010 0.000010 0.000010 0.000010 0.000010 0.000010 0.000010
0.000010 0.016929 0.025710 0.028260 0.313175 0.000010 0.000010 0.007550 0.602340 0.000010 0.000010 0.000010 0.005925 0.000010 0.000010 0.000010 0.000010 0.000010
0.058366 0.006024 0.000010 0.361304 0.000010 0.028684 0.000010 0.000010 0.000010 0.000010 0.000010 0.479535 0.000010 0.048392 0.017585 0.000010 0.000010 0.000010
0.067721 0.000010 0.000010 0.347831 0.000010 0.000010 0.000010 0.000010 0.035597 0.000010 0.000010 0.516668 0.000010 0.015761 0.000010 0.013746 0.002566 0.000010
0.000010 0.015042 0.000010 0.011452 0.000010 0.000010 0.000010 0.000010 0.627340 0.000010 0.000010 0.061865 0.000010 0.027134 0.009737 0.176661 0.022158 0.048521
0.000010 0.015085 0.000010 0.049193 0.000010 0.000010 0.000010 0.000010 0.020020 0.000010 0.000010 0.915562 0.000010 0.000010 0.000010 0.000010 0.000010 0.000010
0.000010 0.035236 0.019248 0.123823 0.000010 0.015952 0.000010 0.000010 0.100390 0.000010 0.000010 0.635208 0.000010 0.019338 0.000010 0.050704 0.000010 0.000010
0.055050 0.009931 0.013653 0.053396 0.029817 0.000010 0.004991 0.000010 0.417336 0.000010 0.000010 0.353944 0.000010 0.000010 0.000010 0.000010 0.061792 0.000010
0.000010 0.000010 0.008430 0.155114 0.000010 0.020159 0.000010 0.000010 0.032828 0.000010 0.000010 0.737546 0.000010 0.033931 0.000010 0.000010 0.000010 0.011883
0.062060 0.043989 0.039550 0.200646 0.000010 0.000010 0.000010 0.000010 0.091741 0.000010 0.032325 0.463015 0.000010 0.000010 0.031733 0.000010 0.034851 0.000010
0.007721 0.000010 0.092630 0.000010 0.150707 0.000010 0.000010 0.000010 0.060472 0.002195 0.122808 0.011083 0.003194 0.091088 0.215143 0.000010 0.159040 0.083858
0.000010 0.000010 0.000010 0.000010 0.000010 0.172218 0.000010 0.000010 0.000010 0.590199 0.043183 0.000010 0.000010 0.194261 0.000010 0.000010 0.000010 0.000010
0.000010 0.000010 0.013812 0.112206 0.006397 0.000010 0.000010 0.000010 0.000010 0.000010 0.364112 0.000010 0.000010 0.362302 0.141051 0.000010 0.000010 0.000010
0.000010 0.007955 0.030440 0.038235 0.354983 0.000010 0.000010 0.000010 0.564635 0.000010 0.000010 0.000010 0.000010 0.000010 0.000010 0.003633 0.000010 0.000010
0.152593 0.061123 0.032551 0.000010 0.000010 0.000010 0.000010 0.000010 0.000010 0.000010 0.000010 0.330232 0.000010 0.020902 0.330653 0.000010 0.046324 0.025522
0.131161 0.038978 0.000010 0.162450 0.000010 0.006329 0.000010 0.000010 0.038315 0.000010 0.012625 0.208948 0.000010 0.000010 0.302758 0.000010 0.098347 0.000010
0.213963 0.080774 0.035629 0.092584 0.000010 0.000010 0.000010 0.000010 0.078765 0.000010 0.000010 0.059127 0.000010 0.000010 0.283383 0.008792 0.146892 0.000010
0.011732 0.000010 0.100009 0.556941 0.107663 0.000010 0.000010 0.000010 0.000010 0.000010 0.000010 0.183829 0.000010 0.000010 0.000010 0.000010 0.000010 0.039706
0.000010 0.000010 0.000010 0.370868 0.000010 0.000010 0.000010 0.000010 0.052831 0.000010 0.023046 0.514471 0.000010 0.000010 0.000010 0.016585 0.022080 0.000010
0.068563 0.000010 0.063835 0.503409 0.000010 0.008397 0.000010 0.000010 0.080768 0.000010 0.000010 0.232571 0.000010 0.003112 0.000010 0.000010 0.000010 0.039244
0.039565 0.038653 0.048150 0.101925 0.030506 0.000010 0.000010 0.011492 0.006861 0.000010 0.000010 0.649521 0.000010 0.000010 0.073239 0.000010 0.000010 0.000010
0.003438 0.000010 0.007024 0.114294 0.000010 0.000010 0.000010 0.000010 0.027593 0.000010 0.043537 0.797071 0.000010 0.000010 0.000010 0.000010 0.006933 0.000010
0.079665 0.000180 0.007780 0.144443 0.000010 0.000010 0.000010 0.016539 0.051532 0.006883 0.000010 0.558657 0.000010 0.000010 0.027622 0.016406 0.037325 0.052908
0.000010 0.000010 0.000010 0.000010 0.000010 0.000010 0.000010 0.000010 0.000010 0.999830 0.000010 0.000010 0.000010 0.000010 0.000010 0.000010 0.000010 0.000010
0.000010 0.000010 0.000010 0.334530 0.000010 0.000010 0.000010 0.000010 0.070249 0.000010 0.000010 0.517517 0.000010 0.042624 0.000010 0.000010 0.034950 0.000010
0.000010 0.003821 0.033210 0.000010 0.000010 0.000010 0.000010 0.078858 0.020976 0.000010 0.000010 0.709923 0.000010 0.008139 0.001456 0.000010 0.050106 0.093421
0.000010 0.000010 0.005193 0.163590 0.379241 0.000010 0.000010 0.000010 0.260995 0.000010 0.000010 0.003730 0.000010 0.000010 0.010331 0.000010 0.002895 0.173924
0.008635 0.000010 0.021045 0.080627 0.439658 0.000010 0.000010 0.000010 0.183602 0.000010 0.000010 0.000010 0.000010 0.024449 0.000010 0.000010 0.000010 0.241874
0.000010 0.000010 0.756764 0.074921 0.061222 0.000010 0.000010 0.000010 0.000010 0.000010 0.000010 0.068638 0.013741 0.000010 0.000010 0.000010 0.000010 0.024594
0.000010 0.000010 0.000010 0.027450 0.182269 0.000010 0.000010 0.006970 0.510248 0.000010 0.000010 0.000010 0.000010 0.064274 0.000403 0.208277 0.000010 0.000010
0.000010 0.000010 0.000010 0.000010 0.000010 0.000010 0.000010 0.000010 0.000010 0.999830 0.000010 0.000010 0.000010 0.000010 0.000010 0.000010 0.000010 0.000010
0.000010 0.017352 0.025725 0.000010 0.000010 0.000010 0.706312 0.099341 0.000010 0.000010 0.000010 0.000010 0.041531 0.000010 0.016477 0.000010 0.093152 0.000010
0.008181 0.007318 0.042490 0.005250 0.261390 0.000010 0.000010 0.000010 0.088859 0.000010 0.006476 0.000010 0.000010 0.000010 0.000010 0.000010 0.000010 0.579936
0.000010 0.025774 0.055522 0.421430 0.155270 0.028200 0.000010 0.000010 0.036092 0.000010 0.000010 0.182163 0.000010 0.028510 0.022506 0.000010 0.031284 0.013180
0.000010 0.018203 0.000010 0.000010 0.000010 0.006677 0.829487 0.010986 0.000010 0.002994 0.000010 0.000010 0.018911 0.008135 0.016890 0.035052 0.052586 0.000010
0.000010 0.000010 0.032210 0.020222 0.000010 0.000010 0.792633 0.075938 0.005837 0.000010 0.012535 0.033447 0.000010 0.000010 0.000010 0.000010 0.027079 0.000010
0.000010 0.000010 0.000010 0.000010 0.000010 0.000010 0.740676 0.013085 0.000010 0.045454 0.000010 0.088240 0.067756 0.015978 0.000010 0.000010 0.028700 0.000010
0.035720 0.000010 0.000010 0.006013 0.000010 0.000010 0.824015 0.112171 0.000010 0.000010 0.000010 0.000010 0.000010 0.000010 0.000010 0.000010 0.021951 0.000010
0.007713 0.017360 0.000010 0.027490 0.000010 0.000950 0.821708 0.000010 0.000010 0.030914 0.000010 0.000010 0.032820 0.000010 0.000010 0.000010 0.060945 0.000010
0.000010 0.000010 0.029240 0.342366 0.008403 0.005485 0.234569 0.037921 0.098407 0.000010 0.037866 0.059435 0.000010 0.000010 0.000010 0.065507 0.027221 0.053520
0.000010 0.999830 0.000010 0.000010 0.000010 0.000010 0.000010 0.000010 0.000010 0.000010 0.000010 0.000010 0.000010 0.000010 0.000010 0.000010 0.000010 0.000010
0.000010 0.999830 0.000010 0.000010 0.000010 0.000010 0.000010 0.000010 0.000010 0.000010 0.000010 0.000010 0.000010 0.000010 0.000010 0.000010 0.000010 0.000010
0.007609 0.023767 0.001389 0.350357 0.000010 0.000820 0.000010 0.000010 0.137789 0.000010 0.000010 0.039839 0.016835 0.000010 0.040901 0.013503 0.000010 0.367121
0.000010 0.000010 0.000010 0.000010 0.223775 0.000010 0.018160 0.000010 0.563887 0.000010 0.000010 0.033995 0.000010 0.040255 0.000010 0.020013 0.000010 0.099804
0.000010 0.999830 0.000010 0.000010 0.000010 0.000010 0.000010 0.000010 0.000010 0.000010 0.000010 0.000010 0.000010 0.000010 0.000010 0.000010 0.000010 0.000010
0.000010 0.000010 0.000010 0.999830 0.000010 0.000010 0.000010 0.000010 0.000010 0.000010 0.000010 0.000010 0.000010 0.000010 0.000010 0.000010 0.000010 0.000010
0.000010 0.999830 0.000010 0.000010 0.000010 0.000010 0.000010 0.000010 0.000010 0.000010 0.000010 0.000010 0.000010 0.000010 0.000010 0.000010 0.000010 0.000010
0.017717 0.024419 0.029823 0.545420 0.000010 0.000010 0.000010 0.000010 0.185547 0.000010 0.000010 0.114444 0.000010 0.000010 0.000010 0.000010 0.000010 0.082521
0.000010 0.000010 0.000010 0.000010 0.000010 0.000010 0.000010 0.000010 0.000010 0.000010 0.999830 0.000010 0.000010 0.000010 0.000010 0.000010 0.000010 0.000010
0.009303 0.000010 0.000010 0.064197 0.168824 0.000010 0.000010 0.000010 0.467610 0.000010 0.000010 0.011684 0.000010 0.000010 0.000010 0.000010 0.008801 0.269470
0.000010 0.486937 0.000010 0.000010 0.000010 0.000010 0.000010 0.000010 0.000010 0.000010 0.000010 0.000010 0.000010 0.512903 0.000010 0.000010 0.000010 0.000010
0.000010 0.000010 0.000010 0.000010 0.000010 0.000010 0.000010 0.000010 0.000010 0.000010 0.000010 0.000010 0.000010 0.000010 0.000010 0.000010 0.000010 0.999830
0.000010 0.059015 0.036671 0.859067 0.016009 0.000010 0.000010 0.000010 0.019107 0.000014 0.010007 0.000010 0.000010 0.000010 0.000010 0.000010 0.000010 0.000010
0.032116 0.029375 0.020723 0.555920 0.139443 0.000010 0.000010 0.000010 0.065305 0.000010 0.000010 0.087150 0.000010 0.033450 0.000010 0.000010 0.000010 0.036428
0.000010 0.018518 0.000010 0.066745 0.249584 0.000010 0.000010 0.000010 0.610794 0.000010 0.000010 0.000010 0.000010 0.000010 0.023895 0.000010 0.000010 0.030343
0.090819 0.036444 0.011337 0.076215 0.056433 0.000010 0.023974 0.053234 0.000010 0.001400 0.000010 0.084960 0.000010 0.000010 0.065471 0.000010 0.499642 0.000010
0.018265 0.000010 0.005925 0.272252 0.474776 0.000010 0.000010 0.000010 0.144983 0.000010 0.000010 0.019583 0.000010 0.000010 0.030558 0.000584 0.000010 0.032984
0.000010 0.000010 0.018165 0.139917 0.439016 0.000010 0.000010 0.000010 0.365892 0.000010 0.000010 0.000010 0.000010 0.000010 0.000010 0.000010 0.001149 0.035742
0.000010 0.009771 0.000010 0.000010 0.316815 0.000010 0.000010 0.000010 0.560470 0.000010 0.000962 0.014778 0.000010 0.000010 0.000010 0.000010 0.000010 0.097083
0.012558 0.020582 0.043160 0.608130 0.146303 0.006148 0.000010 0.000010 0.000010 0.000010 0.000010 0.148166 0.000010 0.000010 0.000010 0.000010 0.000010 0.014854
0.000010 0.000010 0.000010 0.000010 0.000010 0.000010 0.000010 0.000010 0.000010 0.000010 0.000010 0.000010 0.000010 0.000010 0.000010 0.000010 0.000010 0.999830
0.000010 0.000010 0.000015 0.000010 0.000010 0.000010 0.000011 0.000010 0.000010 0.000010 0.999825 0.000010 0.000010 0.000010 0.000010 0.000010 0.000010 0.000010
0.000010 0.000010 0.000010 0.000010 0.000010 0.000010 0.000010 0.000010 0.000010 0.000010 0.999830 0.000010 0.000010 0.000010 0.000010 0.000010 0.000010 0.000010
0.000010 0.012973 0.029357 0.048915 0.103955 0.000010 0.000010 0.000010 0.642633 0.000010 0.000010 0.032329 0.000010 0.000010 0.000010 0.000010 0.000010 0.129729
0.000010 0.000010 0.000010 0.000010 0.000010 0.000010 0.000010 0.000010 0.000010 0.000010 0.999830 0.000010 0.000010 0.000010 0.000010 0.000010 0.000010 0.000010
0.004979 0.000010 0.000010 0.114021 0.092800 0.000010 0.000010 0.000010 0.699470 0.000010 0.000010 0.000010 0.000010 0.000010 0.088600 0.000010 0.000010 0.000010
0.000010 0.000010 0.000010 0.000010 0.146690 0.000010 0.000010 0.000010 0.853150 0.000010 0.000010 0.000010 0.000010 0.000010 0.000010 0.000010 0.000010 0.000010
0.000010 0.000010 0.000010 0.000010 0.000010 0.000010 0.000010 0.000010 0.000017 0.000010 0.999823 0.000010 0.000010 0.000010 0.000010 0.000010 0.000010 0.000010
0.000010 0.000010 0.000010 0.000010 0.000010 0.000010 0.000010 0.000010 0.000010 0.000010 0.999830 0.000010 0.000010 0.000010 0.000010 0.000010 0.000010 0.000010
0.000011 0.000010 0.000010 0.000010 0.000010 0.000010 0.000010 0.000010 0.000010 0.000010 0.999829 0.000010 0.000010 0.000010 0.000010 0.000010 0.000010 0.000010
0.000010 0.000010 0.000010 0.000010 0.000010 0.000010 0.000010 0.000010 0.000010 0.000010 0.999830 0.000010 0.000010 0.000010 0.000010 0.000010 0.000010 0.000010
0.000010 0.000010 0.000010 0.000010 0.000010 0.000010 0.000010 0.023469 0.000010 0.000010 0.552088 0.000010 0.000010 0.340307 0.078600 0.000010 0.000010 0.005406
0.022237 0.000010 0.000010 0.653167 0.000010 0.000010 0.000010 0.023075 0.128372 0.000010 0.000010 0.060604 0.000010 0.000010 0.042614 0.000010 0.000010 0.069822
0.000010 0.000010 0.000010 0.731395 0.000010 0.000010 0.000010 0.000010 0.087442 0.000010 0.017022 0.139002 0.000010 0.000010 0.000010 0.000010 0.000010 0.025008
0.000010 0.000010 0.000010 0.000010 0.000010 0.000010 0.000010 0.000010 0.000011 0.000011 0.999829 0.000010 0.000010 0.000010 0.000010 0.000010 0.000010 0.000010
0.000010 0.000010 0.000010 0.109313 0.000010 0.000010 0.000010 0.000010 0.381685 0.000010 0.025434 0.000010 0.000010 0.159351 0.000010 0.324086 0.000010 0.000010
0.000010 0.016385 0.044721 0.037178 0.217132 0.000010 0.000010 0.000010 0.356492 0.000010 0.003782 0.000010 0.000010 0.000010 0.000010 0.000010 0.000010 0.324199
0.000010 0.000011 0.000010 0.000010 0.000010 0.000010 0.000010 0.000010 0.000010 0.000010 0.999829 0.000010 0.000010 0.000010 0.000010 0.000010 0.000010 0.000010
0.000010 0.000010 0.000010 0.000010 0.000010 0.000010 0.000010 0.000010 0.000010 0.000010 0.888343 0.000010 0.000010 0.068283 0.025731 0.000010 0.017504 0.000010
0.000010 0.000010 0.000010 0.000010 0.000010 0.000010 0.000010 0.000010 0.000010 0.000010 0.999830 0.000010 0.000010 0.000010 0.000010 0.000010 0.000010 0.000010
0.025912 0.013837 0.239558 0.278421 0.130319 0.000010 0.000010 0.000010 0.000017 0.000010 0.000010 0.128281 0.000010 0.000010 0.060213 0.076314 0.000010 0.047048
0.000010 0.000010 0.021676 0.694773 0.150687 0.000010 0.000010 0.000010 0.000010 0.000010 0.000010 0.082517 0.000010 0.000010 0.000010 0.000010 0.000010 0.050217
0.000010 0.000010 0.003517 0.730110 0.000010 0.000010 0.000010 0.000010 0.129968 0.000010 0.000010 0.090284 0.000010 0.000010 0.027175 0.000010 0.000010 0.018825
0.043328 0.000010 0.007048 0.643811 0.000010 0.000010 0.000010 0.000010 0.048890 0.000010 0.000010 0.229113 0.000010 0.000010 0.000010 0.000010 0.000010 0.027690
0.000010 0.000010 0.000010 0.000010 0.000010 0.000010 0.000010 0.000010 0.000010 0.000010 0.000010 0.000010 0.000010 0.999830 0.000010 0.000010 0.000010 0.000010
0.000010 0.000010 0.000010 0.000010 0.013138 0.291837 0.226114 0.000010 0.000010 0.215174 0.253607 0.000010 0.000010 0.000010 0.000010 0.000010 0.000010 0.000010
0.000010 0.000010 0.000010 0.000010 0.000010 0.000010 0.000010 0.000010 0.000010 0.000010 0.999830 0.000010 0.000010 0.000010 0.000010 0.000010 0.000010 0.000010
0.000010 0.000010 0.000010 0.000010 0.000010 0.000014 0.000010 0.000010 0.000010 0.000010 0.999826 0.000010 0.000010 0.000010 0.000010 0.000010 0.000010 0.000010
0.000010 0.000010 0.000011 0.000010 0.000010 0.000010 0.000010 0.000010 0.000010 0.000010 0.999828 0.000010 0.000011 0.000010 0.000010 0.000010 0.000010 0.000010
0.000010 0.000010 0.000010 0.000010 0.000010 0.000010 0.000010 0.000010 0.000010 0.000010 0.999829 0.000010 0.000010 0.000010 0.000010 0.000011 0.000010 0.000010
0.000010 0.000010 0.000010 0.000010 0.000010 0.000010 0.000010 0.000010 0.000010 0.000010 0.999830 0.000010 0.000010 0.000010 0.000010 0.000010 0.000010 0.000010
0.000010 0.000010 0.000010 0.000010 0.000010 0.000010 0.000010 0.000010 0.000010 0.000010 0.999830 0.000010 0.000010 0.000010 0.000010 0.000010 0.000010 0.000010
0.000010 0.013394 0.313968 0.331493 0.000010 0.000010 0.000010 0.029408 0.213610 0.000010 0.000010 0.000010 0.000010 0.000010 0.098006 0.000010 0.000010 0.000010
0.000010 0.000010 0.000010 0.000010 0.000010 0.000010 0.000010 0.000010 0.000010 0.000010 0.999830 0.000010 0.000010 0.000010 0.000010 0.000010 0.000010 0.000010
0.000010 0.000010 0.000010 0.000010 0.000010 0.000010 0.000010 0.000010 0.000010 0.000010 0.697071 0.000010 0.035443 0.216892 0.043268 0.007196 0.000010 0.000010
0.000010 0.000010 0.000010 0.084790 0.000010 0.000010 0.000010 0.000010 0.912114 0.000010 0.000010 0.000010 0.000010 0.000010 0.000010 0.002947 0.000010 0.000010
0.000010 0.000010 0.000010 0.000010 0.000010 0.000010 0.000010 0.000010 0.000010 0.000010 0.170353 0.000010 0.000010 0.829487 0.000010 0.000010 0.000010 0.000010
0.023013 0.000010 0.000011 0.000010 0.000010 0.000010 0.000010 0.000010 0.059528 0.000010 0.000010 0.000010 0.000010 0.710482 0.000010 0.206836 0.000010 0.000010
0.000010 0.000011 0.000010 0.000010 0.000010 0.000010 0.000010 0.000010 0.000010 0.000014 0.999825 0.000010 0.000010 0.000010 0.000010 0.000010 0.000010 0.000010
0.000010 0.000010 0.000010 0.000010 0.000010 0.000010 0.000010 0.000010 0.000010 0.000010 0.999826 0.000014 0.000010 0.000010 0.000010 0.000010 0.000010 0.000010
0.000019 0.000010 0.000010 0.000010 0.000010 0.000010 0.000010 0.000010 0.000010 0.000017 0.999814 0.000010 0.000010 0.000010 0.000010 0.000010 0.000010 0.000010
0.000010 0.000010 0.000010 0.000010 0.000010 0.000010 0.000010 0.000010 0.000010 0.000010 0.999830 0.000010 0.000010 0.000010 0.000010 0.000010 0.000010 0.000010
0.000010 0.000010 0.000010 0.000010 0.000010 0.000010 0.000010 0.000010 0.000010 0.000010 0.838912 0.000010 0.000010 0.160928 0.000010 0.000010 0.000010 0.000010
0.000010 0.000010 0.000011 0.000010 0.000010 0.000010 0.000010 0.000010 0.000020 0.000010 0.999819 0.000010 0.000010 0.000010 0.000010 0.000010 0.000010 0.000010
0.000010 0.000010 0.999829 0.000010 0.000010 0.000010 0.000010 0.000010 0.000010 0.000010 0.000011 0.000010 0.000010 0.000010 0.000010 0.000010 0.000010 0.000010
0.000010 0.000010 0.000010 0.000010 0.000010 0.000010 0.000010 0.000010 0.000010 0.000010 0.000010 0.000010 0.999830 0.000010 0.000010 0.000010 0.000010 0.000010
0.000010 0.000010 0.000010 0.000010 0.000010 0.000010 0.000010 0.000010 0.000010 0.000010 0.000010 0.000010 0.999830 0.000010 0.000010 0.000010 0.000010 0.000010
0.000010 0.000010 0.000010 0.000010 0.000010 0.000010 0.000010 0.000010 0.000010 0.000010 0.000010 0.000010 0.999830 0.000010 0.000010 0.000010 0.000010 0.000010
0.000010 0.000011 0.000010 0.000010 0.000011 0.000010 0.000010 0.000010 0.000010 0.000010 0.999826 0.000011 0.000010 0.000010 0.000010 0.000011 0.000010 0.000010
0.000010 0.000010 0.000019 0.000010 0.000010 0.000010 0.000014 0.000010 0.000010 0.000010 0.999809 0.000010 0.000018 0.000010 0.000010 0.000010 0.000010 0.000010
0.000010 0.000010 0.000010 0.000010 0.000010 0.000010 0.000010 0.000010 0.000010 0.000010 0.000010 0.000010 0.999830 0.000010 0.000010 0.000010 0.000010 0.000010
0.000010 0.000010 0.000010 0.000010 0.000010 0.000010 0.000010 0.000010 0.000010 0.000010 0.000010 0.000010 0.999830 0.000010 0.000010 0.000010 0.000010 0.000010
0.000010 0.000010 0.000010 0.000010 0.000010 0.000010 0.000010 0.000010 0.000010 0.000010 0.000010 0.000010 0.999830 0.000010 0.000010 0.000010 0.000010 0.000010
0.000010 0.000011 0.000010 0.000010 0.000010 0.000010 0.000010 0.000010 0.000010 0.000010 0.999829 0.000010 0.000010 0.000010 0.000010 0.000010 0.000010 0.000010
0.000010 0.000010 0.000010 0.000010 0.000010 0.000010 0.000010 0.000010 0.000010 0.000010 0.999830 0.000010 0.000010 0.000010 0.000010 0.000010 0.000010 0.000010
0.000010 0.000010 0.000010 0.000010 0.000010 0.000010 0.000010 0.000010 0.000010 0.000010 0.000010 0.000010 0.000010 0.000010 0.000010 0.000010 0.999830 0.000010
0.000010 0.000010 0.000010 0.000010 0.000010 0.000010 0.000010 0.000010 0.000010 0.000010 0.999830 0.000010 0.000010 0.000010 0.000010 0.000010 0.000010 0.000010
0.922623 0.000010 0.000010 0.000010 0.077217 0.000010 0.000010 0.000010 0.000010 0.000010 0.000010 0.000010 0.000010 0.000010 0.000010 0.000010 0.000010 0.000010
0.000010 0.000010 0.000010 0.000010 0.000011 0.999829 0.000010 0.000010 0.000010 0.000010 0.000010 0.000010 0.000010 0.000010 0.000010 0.000010 0.000010 0.000010
0.000010 0.000010 0.000010 0.000010 0.000010 0.999830 0.000010 0.000010 0.000010 0.000010 0.000010 0.000010 0.000010 0.000010 0.000010 0.000010 0.000010 0.000010
0.048366 0.000580 0.000010 0.063747 0.306712 0.000010 0.000010 0.000010 0.268726 0.000010 0.000010 0.079609 0.000010 0.000010 0.000010 0.135987 0.000010 0.096173
0.000010 0.000010 0.000010 0.000010 0.000010 0.999830 0.000010 0.000010 0.000010 0.000010 0.000010 0.000010 0.000010 0.000010 0.000010 0.000010 0.000010 0.000010
0.003138 0.025396 0.033431 0.000010 0.003662 0.000010 0.873376 0.047068 0.000010 0.000010 0.012076 0.000010 0.000010 0.000010 0.000010 0.000010 0.001753 0.000010
0.100747 0.130655 0.000010 0.130522 0.031810 0.000010 0.057023 0.084179 0.000010 0.000010 0.005203 0.111516 0.000010 0.000010 0.154730 0.000010 0.193535 0.000010
0.027277 0.000010 0.027847 0.061667 0.118233 0.000010 0.000010 0.000010 0.234684 0.009985 0.000010 0.058588 0.000010 0.101083 0.009515 0.318306 0.000010 0.032746
0.000010 0.029600 0.033597 0.000010 0.061304 0.013072 0.000010 0.064696 0.000010 0.000010 0.000010 0.021844 0.637603 0.019215 0.000010 0.000010 0.064306 0.054683
0.000010 0.000010 0.000010 0.000010 0.000010 0.000010 0.000010 0.000010 0.000010 0.000010 0.000010 0.000010 0.000010 0.383456 0.000010 0.616384 0.000010 0.000010
0.000010 0.000010 0.000010 0.000010 0.000010 0.000010 0.000010 0.000010 0.000010 0.000010 0.078764 0.000010 0.000010 0.287815 0.000010 0.633271 0.000010 0.000010
0.000010 0.016335 0.000010 0.166092 0.000010 0.000010 0.000010 0.000010 0.817423 0.000010 0.000010 0.000010 0.000010 0.000010 0.000010 0.000010 0.000010 0.000010
0.041199 0.000010 0.000010 0.000010 0.000010 0.000010 0.000010 0.015949 0.000010 0.000010 0.224168 0.000010 0.000010 0.527931 0.190624 0.000010 0.000010 0.000010
0.000010 0.000010 0.081997 0.266446 0.393666 0.000010 0.007478 0.000010 0.015581 0.006570 0.006075 0.119856 0.006267 0.000010 0.000010 0.000010 0.039438 0.056557
0.000010 0.000010 0.000010 0.071268 0.219588 0.000010 0.000010 0.000010 0.546451 0.000010 0.007661 0.009511 0.000010 0.082219 0.000010 0.033776 0.000010 0.029427
0.000010 0.000010 0.000010 0.006907 0.283459 0.000010 0.000010 0.000010 0.086596 0.000010 0.000010 0.000010 0.000010 0.401988 0.000010 0.188650 0.000010 0.032281
0.192105 0.413746 0.000010 0.000010 0.024193 0.000010 0.000010 0.000010 0.000010 0.000010 0.000010 0.236744 0.000010 0.000010 0.092857 0.000010 0.000010 0.040234
0.020810 0.000010 0.004506 0.142662 0.000010 0.000010 0.000010 0.000010 0.000010 0.000010 0.010261 0.000010 0.000010 0.000010 0.000010 0.000010 0.000010 0.821630
0.066237 0.000010 0.015161 0.639829 0.121436 0.000010 0.000010 0.000010 0.000010 0.000010 0.000010 0.096092 0.000010 0.000902 0.000010 0.000010 0.060233 0.000010
0.011179 0.000010 0.000010 0.063523 0.020566 0.000010 0.000010 0.000010 0.000010 0.000010 0.000010 0.000010 0.781341 0.000010 0.000010 0.000010 0.123261 0.000010
0.000010 0.000010 0.000010 0.000010 0.000010 0.000010 0.000010 0.000010 0.000010 0.000010 0.369261 0.000010 0.000010 0.630579 0.000010 0.000010 0.000010 0.000010
0.034311 0.000010 0.000010 0.060771 0.000010 0.000010 0.032852 0.110664 0.000010 0.000010 0.000010 0.000010 0.649435 0.000010 0.000010 0.000010 0.092840 0.019016
0.000010 0.000010 0.000010 0.000010 0.000010 0.000010 0.000010 0.000010 0.000010 0.000010 0.000010 0.000010 0.999830 0.000010 0.000010 0.000010 0.000010 0.000010
0.000010 0.002538 0.080564 0.259718 0.000010 0.000010 0.000010 0.051983 0.419573 0.000010 0.000010 0.096548 0.000010 0.000010 0.000010 0.030350 0.000010 0.058626
0.000010 0.000010 0.000010 0.373713 0.000010 0.000010 0.000010 0.000010 0.603187 0.000010 0.000010 0.000010 0.000010 0.000010 0.000010 0.000010 0.022950 0.000010
0.000010 0.014618 0.000010 0.000010 0.000010 0.000010 0.670466 0.000010 0.000010 0.000010 0.000010 0.000010 0.000010 0.000010 0.000010 0.000010 0.314767 0.000010
0.000010 0.000010 0.000010 0.337900 0.071108 0.000010 0.003506 0.004155 0.459713 0.000010 0.000010 0.000010 0.000010 0.006879 0.087231 0.029407 0.000010 0.000010
0.004490 0.000010 0.000010 0.247724 0.081899 0.000010 0.000010 0.019343 0.646414 0.000010 0.000010 0.000010 0.000010 0.000010 0.000010 0.000010 0.000010 0.000010
0.000010 0.000010 0.020676 0.017893 0.357055 0.000010 0.017472 0.000010 0.524192 0.000010 0.000010 0.000010 0.000010 0.000010 0.027119 0.000010 0.000010 0.035483
0.145941 0.048515 0.000054 0.065936 0.050307 0.000010 0.000010 0.185527 0.000010 0.000010 0.000010 0.292588 0.000010 0.000010 0.044569 0.039686 0.126798 0.000010
0.000010 0.000010 0.000010 0.000010 0.000010 0.000010 0.000010 0.000010 0.000010 0.000010 0.000010 0.000010 0.000010 0.000010 0.000010 0.000010 0.999830 0.000010
0.066099 0.025183 0.140495 0.226734 0.229301 0.000010 0.000010 0.000010 0.269977 0.000010 0.000010 0.000010 0.000010 0.020460 0.000010 0.000010 0.021652 0.000010
0.000010 0.000010 0.000010 0.000010 0.000010 0.000010 0.000010 0.000010 0.000010 0.000010 0.000010 0.000010 0.999830 0.000010 0.000010 0.000010 0.000010 0.000010
0.000914 0.000010 0.066516 0.901520 0.000010 0.000010 0.000010 0.030910 0.000010 0.000010 0.000010 0.000010 0.000010 0.000010 0.000010 0.000010 0.000010 0.000010
0.026109 0.000010 0.000010 0.102831 0.230679 0.009661 0.000010 0.000010 0.287080 0.000010 0.035187 0.057550 0.000010 0.039531 0.000010 0.211282 0.000010 0.000010
0.000010 0.000010 0.008004 0.000010 0.000010 0.188580 0.195771 0.143600 0.000010 0.000010 0.000010 0.114452 0.326688 0.000010 0.002477 0.020330 0.000010 0.000010
0.000010 0.027761 0.025005 0.705653 0.090416 0.000010 0.006566 0.004065 0.000010 0.000010 0.000010 0.008441 0.000010 0.000010 0.045776 0.000010 0.024652 0.061585
0.000010 0.000010 0.000010 0.000010 0.000010 0.000010 0.000010 0.000013 0.000010 0.000010 0.684462 0.000010 0.000010 0.315375 0.000010 0.000010 0.000010 0.000010
0.000010 0.000010 0.067940 0.204948 0.024069 0.000010 0.000010 0.000016 0.550475 0.000010 0.000010 0.000010 0.000010 0.000010 0.127707 0.024735 0.000010 0.000010
0.000010 0.000010 0.060650 0.245514 0.098234 0.000010 0.000010 0.000010 0.491873 0.000010 0.000010 0.000010 0.000010 0.009383 0.078328 0.015908 0.000010 0.000010
0.000010 0.037045 0.000010 0.365123 0.000010 0.000010 0.000010 0.000010 0.548653 0.000010 0.000010 0.000010 0.016171 0.000010 0.019375 0.000010 0.013513 0.000010
0.097114 0.020965 0.000010 0.003076 0.495921 0.000010 0.000010 0.000010 0.334705 0.000010 0.000010 0.000010 0.000010 0.005397 0.000010 0.000010 0.000010 0.042712
0.000010 0.000010 0.000010 0.000010 0.000010 0.000010 0.000010 0.020246 0.131239 0.000010 0.053783 0.141580 0.000010 0.000010 0.000010 0.630487 0.000010 0.022544
0.072786 0.000010 0.086357 0.516232 0.151618 0.000010 0.000010 0.020568 0.000010 0.000010 0.000010 0.000010 0.000010 0.080559 0.007507 0.055182 0.009099 0.000010
0.000010 0.000010 0.000010 0.000010 0.349339 0.000010 0.000010 0.000010 0.480840 0.000010 0.000010 0.000010 0.000010 0.000010 0.000010 0.040540 0.000010 0.129140
0.000010 0.000010 0.000010 0.000010 0.000010 0.000010 0.000010 0.000010 0.986169 0.000010 0.007491 0.000010 0.000010 0.000010 0.000010 0.000010 0.000010 0.006190
0.030528 0.035407 0.209508 0.557377 0.000010 0.000010 0.000010 0.027930 0.048276 0.000010 0.000010 0.000010 0.000010 0.060971 0.000010 0.010280 0.000010 0.019634
0.000010 0.000010 0.005770 0.020028 0.188586 0.000010 0.000010 0.000010 0.543444 0.000010 0.016124 0.000010 0.000010 0.125844 0.000010 0.081203 0.000010 0.018901
0.000010 0.000010 0.123965 0.533543 0.015837 0.000010 0.000010 0.000011 0.000010 0.000010 0.000010 0.126948 0.000010 0.085928 0.028410 0.085258 0.000010 0.000010
0.000010 0.015199 0.000010 0.161830 0.201384 0.000010 0.000010 0.000588 0.516491 0.000010 0.000010 0.000010 0.009471 0.070367 0.000010 0.008871 0.000010 0.015709
0.026477 0.009533 0.010490 0.148506 0.311696 0.000010 0.000010 0.000010 0.358021 0.000010 0.000010 0.000010 0.000010 0.004563 0.000010 0.006559 0.000010 0.124063
0.000010 0.000010 0.000010 0.959565 0.000010 0.000010 0.040275 0.000010 0.000010 0.000010 0.000010 0.000010 0.000010 0.000010 0.000010 0.000010 0.000010 0.000010
0.002030 0.014432 0.008589 0.000010 0.000010 0.000010 0.000010 0.020328 0.896252 0.000010 0.000897 0.043188 0.000010 0.003884 0.000010 0.000010 0.010308 0.000010
0.000010 0.000010 0.000010 0.019175 0.162930 0.015789 0.000010 0.000010 0.077531 0.000010 0.000010 0.000010 0.000010 0.415029 0.000010 0.263415 0.000010 0.046021
0.007422 0.000010 0.000010 0.106856 0.281524 0.000010 0.000010 0.000010 0.564795 0.000010 0.000010 0.000010 0.000010 0.029471 0.000010 0.000010 0.000010 0.009812
0.000010 0.000010 0.000010 0.042273 0.000010 0.000010 0.000010 0.000010 0.320013 0.000010 0.000010 0.000010 0.000010 0.398170 0.000010 0.220625 0.000010 0.018789
0.033593 0.000010 0.129249 0.183503 0.124433 0.000010 0.000010 0.000010 0.458003 0.000010 0.014332 0.013376 0.000010 0.000010 0.032792 0.001942 0.008696 0.000010
0.000010 0.000010 0.000010 0.014143 0.193666 0.000010 0.000010 0.000010 0.575074 0.000010 0.000010 0.000010 0.000010 0.046878 0.000010 0.124605 0.000010 0.045514
0.029716 0.004697 0.000010 0.282482 0.000010 0.000010 0.000010 0.000010 0.662026 0.000010 0.000010 0.000010 0.000010 0.000010 0.000010 0.020949 0.000010 0.000010
0.000010 0.000010 0.000010 0.000010 0.000010 0.000010 0.000010 0.000010 0.000010 0.000010 0.000010 0.000010 0.000010 0.283737 0.000010 0.716103 0.000010 0.000010
0.000010 0.000010 0.000010 0.000010 0.000010 0.000010 0.000010 0.000010 0.000010 0.000010 0.000010 0.000010 0.000010 0.000010 0.000010 0.999830 0.000010 0.000010
0.000010 0.000010 0.000010 0.000010 0.000010 0.000010 0.000010 0.000010 0.000010 0.000010 0.000010 0.000010 0.000010 0.000010 0.000010 0.356082 0.643758 0.000010
0.000010 0.000010 0.000010 0.000010 0.000010 0.000010 0.000010 0.000010 0.000010 0.000010 0.000010 0.000010 0.000010 0.132511 0.000010 0.789626 0.077712 0.000010
0.000010 0.000010 0.000010 0.000010 0.000010 0.000010 0.000010 0.000010 0.000010 0.000010 0.000010 0.000010 0.000010 0.254018 0.000010 0.711760 0.034072 0.000010
0.000010 0.000010 0.000010 0.000010 0.000010 0.000010 0.000010 0.000010 0.000010 0.000010 0.000010 0.000010 0.000010 0.000010 0.000010 0.999830 0.000010 0.000010
0.008342 0.055339 0.000010 0.000010 0.034078 0.000010 0.000010 0.038617 0.000010 0.000010 0.000010 0.059323 0.017997 0.000010 0.000010 0.424583 0.361622 0.000010
0.000010 0.011460 0.006567 0.179674 0.000010 0.000010 0.000010 0.000010 0.025087 0.000010 0.000010 0.000010 0.000010 0.214997 0.000010 0.562095 0.000010 0.000010
0.000010 0.000010 0.000010 0.000010 0.000010 0.000010 0.000010 0.000010 0.000010 0.000010 0.000010 0.000010 0.000010 0.000010 0.000010 0.313217 0.686623 0.000010
0.013556 0.053927 0.258983 0.013996 0.038322 0.000010 0.000010 0.010441 0.409673 0.000010 0.000010 0.090115 0.000010 0.000010 0.000010 0.000010 0.090878 0.020028
0.000010 0.000010 0.000010 0.000010 0.000010 0.000010 0.000010 0.000010 0.000010 0.000010 0.000010 0.000010 0.000010 0.000010 0.000010 0.999830 0.000010 0.000010
0.000010 0.000010 0.000010 0.000010 0.000010 0.000010 0.000010 0.000010 0.000010 0.000010 0.000010 0.000010 0.000010 0.000010 0.000010 0.707781 0.292059 0.000010
0.043231 0.000010 0.000010 0.000010 0.000010 0.000010 0.000010 0.000010 0.000010 0.000010 0.000466 0.000010 0.115581 0.000010 0.000010 0.000010 0.840581 0.000010
0.029244 0.009274 0.070972 0.000010 0.000010 0.160499 0.121626 0.214804 0.013526 0.000010 0.000010 0.000189 0.378074 0.000010 0.000010 0.000010 0.000010 0.001713
0.035291 0.027018 0.000010 0.000010 0.000010 0.173618 0.112830 0.215103 0.000010 0.000010 0.000010 0.011385 0.387586 0.000010 0.011316 0.000010 0.000010 0.025764
