0.446661 0.000010 0.000010 0.000010 0.468536 0.023863 0.060910
0.238863 0.000010 0.000010 0.048450 0.624042 0.068319 0.020306
0.418537 0.051171 0.063887 0.026743 0.436030 0.000010 0.003622
0.000010 0.000010 0.022310 0.028033 0.023205 0.017183 0.909249
0.285678 0.009420 0.076960 0.011541 0.519009 0.097382 0.000010
0.741804 0.000010 0.027902 0.025866 0.177002 0.000010 0.027406
0.324426 0.003097 0.056258 0.051152 0.135035 0.000010 0.430023
0.934604 0.000010 0.000010 0.050665 0.000010 0.000010 0.014691
0.125801 0.000010 0.014535 0.028089 0.746445 0.023628 0.061492
0.881949 0.000010 0.000186 0.000010 0.102926 0.000010 0.014908
0.708141 0.000010 0.005687 0.011758 0.265839 0.006846 0.001719
0.387632 0.037430 0.008802 0.053048 0.512399 0.000010 0.000680
0.004647 0.000010 0.232535 0.081210 0.513553 0.023956 0.144089
0.000010 0.000010 0.085154 0.050600 0.361715 0.011150 0.491361
0.937218 0.013362 0.008991 0.000010 0.028721 0.000010 0.011688
0.365190 0.058577 0.046675 0.021298 0.477165 0.011468 0.019626
0.709834 0.000010 0.000010 0.010622 0.217489 0.037069 0.024966
0.506871 0.000010 0.034799 0.064382 0.095038 0.000010 0.298890
0.365935 0.000010 0.361342 0.039907 0.232786 0.000010 0.000010
0.000010 0.928733 0.000010 0.000010 0.000010 0.071217 0.000010
0.009895 0.922032 0.000010 0.007122 0.000010 0.056843 0.004088
0.000010 0.996563 0.000010 0.000010 0.000010 0.003387 0.000010
0.005775 0.898069 0.000010 0.037955 0.000010 0.058171 0.000010
0.030473 0.028208 0.069083 0.004758 0.083301 0.052139 0.732037
0.127955 0.000010 0.515065 0.000010 0.318690 0.025870 0.012401
0.000010 0.930457 0.000010 0.000010 0.000010 0.069493 0.000010
0.114840 0.050777 0.000010 0.048207 0.674683 0.078217 0.033265
0.000010 0.941546 0.000010 0.000010 0.000010 0.049910 0.008504
0.114520 0.006858 0.054848 0.018042 0.724648 0.053148 0.027934
0.091563 0.020323 0.000010 0.006236 0.796244 0.013412 0.072212
0.020855 0.015127 0.021718 0.008961 0.919480 0.013849 0.000010
0.086816 0.000010 0.040530 0.000010 0.777142 0.057595 0.037897
0.021480 0.000010 0.258199 0.037707 0.356905 0.145595 0.180104
0.000010 0.000010 0.219588 0.059005 0.555639 0.094083 0.071665
0.203968 0.036362 0.000010 0.319039 0.401678 0.035950 0.002994
0.289841 0.006836 0.036546 0.027651 0.258241 0.007523 0.373362
0.333266 0.000010 0.058045 0.000010 0.152158 0.015437 0.441074
0.000010 0.831621 0.043275 0.056664 0.000010 0.000010 0.068409
0.012764 0.000010 0.060072 0.098852 0.787937 0.000010 0.040356
0.041204 0.011704 0.077653 0.019405 0.783279 0.051573 0.015181
0.999940 0.000010 0.000010 0.000010 0.000010 0.000010 0.000010
0.195749 0.003312 0.104619 0.026213 0.579791 0.053434 0.036881
0.730918 0.016200 0.030495 0.009889 0.189689 0.000010 0.022800
0.809577 0.000010 0.000010 0.014045 0.148781 0.003169 0.024408
0.000010 0.000010 0.429240 0.008082 0.525608 0.037040 0.000010
0.000010 0.952925 0.025416 0.000010 0.000010 0.021619 0.000010
0.000010 0.927198 0.000010 0.026160 0.036000 0.010612 0.000010
0.005659 0.355922 0.098537 0.059691 0.234026 0.186580 0.059585
0.036303 0.012789 0.306564 0.055689 0.448263 0.090330 0.050062
0.039088 0.016262 0.213050 0.064099 0.524022 0.072190 0.071290
0.000010 0.000010 0.999940 0.000010 0.000010 0.000010 0.000010
0.002070 0.024629 0.264924 0.038784 0.475397 0.153193 0.041003
0.085112 0.000010 0.914838 0.000010 0.000010 0.000010 0.000010
0.076940 0.000010 0.253813 0.078181 0.491758 0.078879 0.020420
0.000010 0.050492 0.338740 0.019622 0.513123 0.032106 0.045907
0.000010 0.000010 0.000010 0.999940 0.000010 0.000010 0.000010
0.882316 0.036212 0.000010 0.039043 0.010876 0.016359 0.015185
0.001928 0.000010 0.070793 0.060440 0.794835 0.000010 0.071983
0.026259 0.000010 0.100528 0.034978 0.796192 0.000010 0.042023
0.721977 0.000010 0.086480 0.021370 0.122823 0.000010 0.047329
0.004762 0.037710 0.039839 0.007114 0.910556 0.000010 0.000010
0.115937 0.000010 0.018813 0.060308 0.751561 0.000010 0.053360
0.457148 0.040143 0.075178 0.034114 0.385081 0.000010 0.008326
0.049692 0.019358 0.000010 0.037919 0.852904 0.000010 0.040107
0.083311 0.000010 0.115389 0.058178 0.653687 0.053719 0.035706
0.218781 0.057706 0.248826 0.100988 0.140048 0.000010 0.233640
0.000010 0.419431 0.132296 0.026335 0.008045 0.042211 0.371672
0.000010 0.028756 0.009795 0.052750 0.143852 0.062705 0.702132
0.881840 0.021463 0.013084 0.041350 0.015320 0.005920 0.021023
0.000014 0.000010 0.275770 0.054851 0.553472 0.053379 0.062503
0.093391 0.000010 0.259146 0.014838 0.485302 0.086301 0.061012
0.091914 0.000010 0.400318 0.050915 0.359903 0.073315 0.023624
0.130665 0.000010 0.000010 0.165586 0.652056 0.047207 0.004466
0.113450 0.000010 0.040676 0.031675 0.767788 0.016168 0.030232
0.135620 0.000010 0.028226 0.133442 0.656930 0.000010 0.045761
0.041274 0.003277 0.060602 0.053599 0.781888 0.059350 0.000010
0.037286 0.019090 0.054271 0.050029 0.818778 0.000010 0.020536
0.077451 0.069214 0.110357 0.054420 0.688538 0.000010 0.000010
0.000010 0.938260 0.000010 0.017584 0.000010 0.000010 0.044116
0.101504 0.000010 0.038473 0.005018 0.775947 0.039589 0.039458
0.043048 0.041384 0.087443 0.051513 0.764793 0.000010 0.011809
0.712645 0.025983 0.000010 0.010341 0.210153 0.000010 0.040859
0.716443 0.000010 0.015119 0.045153 0.179953 0.011202 0.032120
0.067876 0.000145 0.000010 0.740469 0.139440 0.052051 0.000010
0.779788 0.000010 0.026328 0.000010 0.129837 0.000010 0.064017
0.000010 0.935352 0.000010 0.018331 0.000010 0.000010 0.046277
0.006049 0.721308 0.085775 0.004652 0.057626 0.124580 0.000010
0.676390 0.000010 0.000010 0.076747 0.199574 0.012867 0.034402
0.194240 0.022973 0.094758 0.103936 0.483594 0.032301 0.068198
0.000010 0.818330 0.052577 0.000010 0.024810 0.081306 0.022958
0.000011 0.813331 0.000010 0.058159 0.064476 0.056345 0.007667
0.007603 0.703976 0.036190 0.000010 0.100999 0.138382 0.012841
0.000010 0.846716 0.000010 0.012520 0.087538 0.053197 0.000010
0.000010 0.780707 0.062665 0.005716 0.046482 0.104410 0.000010
0.182078 0.280671 0.033934 0.041568 0.388511 0.019380 0.053858
0.026321 0.000010 0.528302 0.024996 0.292605 0.118702 0.009064
0.034508 0.013255 0.476989 0.000010 0.375380 0.066376 0.033482
0.406239 0.000010 0.040485 0.033813 0.429923 0.064405 0.025124
0.861746 0.065609 0.000010 0.000010 0.004562 0.000010 0.068053
0.015259 0.006889 0.571337 0.000010 0.287462 0.107554 0.011489
0.064885 0.000010 0.000010 0.113201 0.780139 0.029623 0.012132
0.000010 0.076201 0.482389 0.000463 0.380592 0.023001 0.037344
0.255947 0.000010 0.032376 0.082549 0.625416 0.000010 0.003691
0.000010 0.000010 0.000010 0.000010 0.000010 0.000010 0.999940
0.801675 0.000010 0.051989 0.000010 0.140643 0.000010 0.005663
0.000010 0.000010 0.297482 0.043826 0.125885 0.078397 0.454391
0.630757 0.000010 0.046714 0.021630 0.253582 0.005182 0.042125
0.103140 0.000010 0.028075 0.120332 0.688440 0.016068 0.043935
0.284077 0.000010 0.006222 0.065857 0.565617 0.057122 0.021094
0.862673 0.000010 0.000010 0.002185 0.109244 0.025869 0.000010
0.027635 0.064548 0.622809 0.010871 0.196163 0.064631 0.013344
0.594960 0.000010 0.031274 0.037748 0.318466 0.017531 0.000010
0.778803 0.000010 0.032070 0.025447 0.163410 0.000010 0.000250
0.916356 0.000010 0.000010 0.000010 0.065245 0.000010 0.018359
0.166600 0.009246 0.020681 0.098220 0.702660 0.002582 0.000010
0.590806 0.024240 0.075808 0.020113 0.246096 0.000010 0.042927
0.000010 0.000012 0.000010 0.000010 0.000010 0.000010 0.999938
0.000012 0.000010 0.000010 0.000010 0.000010 0.000010 0.999938
0.827890 0.005360 0.000010 0.036320 0.119956 0.009857 0.000607
0.000018 0.000010 0.000016 0.000011 0.000010 0.000010 0.999925
0.804805 0.022344 0.046378 0.000010 0.080172 0.020033 0.026259
0.999940 0.000010 0.000010 0.000010 0.000010 0.000010 0.000010
0.000010 0.000010 0.000010 0.000010 0.000010 0.000010 0.999940
0.000010 0.000010 0.000010 0.000010 0.000010 0.000010 0.999940
0.000010 0.000010 0.000010 0.000010 0.000010 0.000010 0.999940
0.000010 0.000010 0.000010 0.000010 0.000010 0.000010 0.999940
0.000010 0.017063 0.000010 0.005413 0.085303 0.039194 0.853007
0.204371 0.049806 0.017602 0.046382 0.638233 0.001772 0.041834
0.184004 0.000010 0.018672 0.030904 0.692767 0.034130 0.039513
0.000010 0.000010 0.000010 0.000010 0.000010 0.000010 0.999940
0.483936 0.020619 0.059341 0.041178 0.209204 0.000010 0.185713
0.758969 0.017653 0.000010 0.062496 0.132155 0.000010 0.028708
0.000010 0.000010 0.000010 0.000010 0.000010 0.000010 0.999940
0.000010 0.000010 0.026608 0.020741 0.000010 0.000206 0.952415
0.000010 0.000010 0.000010 0.000010 0.000010 0.000010 0.999940
0.156834 0.009376 0.050466 0.251796 0.439033 0.062306 0.030189
0.202932 0.000010 0.000010 0.077575 0.679817 0.000010 0.039645
0.185065 0.001750 0.000010 0.065121 0.685156 0.042159 0.020740
0.081422 0.026489 0.000010 0.069659 0.794276 0.000010 0.028134
0.053307 0.000010 0.033463 0.000010 0.000010 0.007389 0.905811
0.072919 0.455580 0.000010 0.000010 0.000010 0.014185 0.457286
0.000010 0.000010 0.000010 0.000010 0.000010 0.000010 0.999940
0.000010 0.000010 0.000010 0.000010 0.000010 0.000010 0.999940
0.000010 0.000010 0.000012 0.000013 0.000010 0.000010 0.999934
0.000010 0.000010 0.000010 0.000017 0.000020 0.000010 0.999923
0.000010 0.000010 0.000010 0.000010 0.000010 0.000010 0.999940
0.000010 0.000010 0.000010 0.000010 0.000010 0.000010 0.999940
0.249209 0.021913 0.000010 0.327487 0.311561 0.060607 0.029213
0.000010 0.000010 0.000010 0.000010 0.000010 0.000010 0.999940
0.000010 0.003252 0.042618 0.000010 0.002983 0.063699 0.887428
0.895326 0.007620 0.000010 0.008478 0.088547 0.000010 0.000010
0.000010 0.000010 0.071060 0.036604 0.000010 0.051531 0.840775
0.151657 0.000010 0.062254 0.086222 0.133494 0.000010 0.566353
0.000010 0.000010 0.000010 0.000010 0.000010 0.000010 0.999940
0.000010 0.000010 0.000011 0.000010 0.000010 0.000010 0.999939
0.000010 0.000010 0.000010 0.000010 0.000010 0.000010 0.999940
0.000010 0.000010 0.000010 0.000010 0.000010 0.000010 0.999940
0.000010 0.000010 0.000010 0.018418 0.000010 0.007221 0.974321
0.000010 0.000010 0.000010 0.000010 0.000010 0.000010 0.999940
0.000010 0.000010 0.000010 0.999940 0.000010 0.000010 0.000010
0.000010 0.000010 0.000010 0.000010 0.000010 0.999940 0.000010
0.000010 0.000010 0.000010 0.000010 0.000010 0.999940 0.000010
0.000010 0.000010 0.000010 0.000010 0.000010 0.999940 0.000010
0.000010 0.000010 0.000010 0.000010 0.000010 0.000010 0.999940
0.000010 0.000010 0.000010 0.000010 0.000010 0.000010 0.999940
0.000010 0.000010 0.000010 0.000010 0.000010 0.999940 0.000010
0.016194 0.000010 0.000010 0.000010 0.000010 0.983756 0.000010
0.000010 0.000010 0.000010 0.000010 0.000010 0.999940 0.000010
0.000010 0.000010 0.000010 0.000010 0.000010 0.000010 0.999940
0.000010 0.000010 0.000010 0.000010 0.000010 0.000010 0.999940
0.000010 0.000010 0.999940 0.000010 0.000010 0.000010 0.000010
0.000010 0.000010 0.000010 0.000010 0.000010 0.000010 0.999940
0.216524 0.000010 0.487586 0.000010 0.295851 0.000010 0.000010
0.000010 0.000010 0.254707 0.094678 0.000010 0.000010 0.650574
0.000010 0.000010 0.231676 0.113706 0.000010 0.000010 0.654578
0.664543 0.000010 0.072683 0.000013 0.253962 0.008779 0.000010
0.000010 0.000010 0.244311 0.106185 0.002011 0.019070 0.628403
0.016714 0.913912 0.031644 0.000010 0.015684 0.017205 0.004831
0.000010 0.137415 0.386707 0.029975 0.320990 0.068703 0.056201
0.477549 0.022935 0.087561 0.051247 0.272565 0.000010 0.088133
0.042009 0.075008 0.121812 0.027895 0.099658 0.586503 0.047115
0.126859 0.025792 0.115891 0.071793 0.277786 0.000010 0.381869
0.100215 0.010972 0.149864 0.033179 0.297761 0.000010 0.407999
0.876518 0.000010 0.000010 0.003268 0.081380 0.033572 0.005242
0.000010 0.019039 0.111950 0.027926 0.068994 0.076437 0.695645
0.409307 0.037966 0.028003 0.059095 0.409562 0.020686 0.035381
0.811973 0.004218 0.000010 0.015747 0.096247 0.000010 0.071794
0.464449 0.000010 0.082286 0.024753 0.089662 0.000010 0.338830
0.000010 0.000010 0.325622 0.030829 0.569395 0.063744 0.010389
0.461558 0.018125 0.048521 0.052904 0.366035 0.000010 0.052848
0.110918 0.000010 0.107994 0.081065 0.672825 0.027178 0.000010
0.035029 0.065845 0.165558 0.011573 0.045348 0.657423 0.019223
0.017821 0.000010 0.016522 0.000010 0.029123 0.039027 0.897487
0.011296 0.118194 0.118140 0.000010 0.104603 0.640740 0.007017
0.000010 0.000010 0.000010 0.000010 0.000010 0.999940 0.000010
0.482654 0.054468 0.004642 0.083326 0.374890 0.000010 0.000010
0.676390 0.000010 0.061331 0.021962 0.207510 0.026633 0.006164
0.000011 0.659533 0.340415 0.000010 0.000010 0.000010 0.000010
0.602569 0.036395 0.017888 0.061235 0.229197 0.029021 0.023695
0.783226 0.000010 0.020076 0.000010 0.134696 0.045976 0.016007
0.881251 0.007902 0.000010 0.053829 0.056988 0.000010 0.000010
0.078225 0.097776 0.256474 0.018421 0.472840 0.075362 0.000903
0.000010 0.041179 0.958771 0.000010 0.000010 0.000010 0.000010
0.531233 0.000010 0.071956 0.165157 0.191829 0.000010 0.039805
0.000010 0.000010 0.000010 0.000010 0.000010 0.999940 0.000010
0.090205 0.075470 0.054468 0.151147 0.596184 0.021028 0.011498
0.577022 0.011573 0.050708 0.015975 0.254846 0.000010 0.089866
0.000010 0.213706 0.074234 0.023651 0.192936 0.378838 0.116624
0.154605 0.084493 0.073126 0.068404 0.565518 0.043965 0.009890
0.000010 0.000010 0.000010 0.000010 0.000010 0.000010 0.999940
0.614171 0.022119 0.011365 0.078421 0.212542 0.002968 0.058414
0.633554 0.000010 0.009538 0.086618 0.233147 0.000410 0.036723
0.587658 0.031087 0.061045 0.014409 0.242684 0.039122 0.023995
0.789656 0.000010 0.065883 0.020694 0.105421 0.000010 0.018326
0.307264 0.018291 0.224186 0.000010 0.347133 0.006597 0.096520
0.201923 0.003856 0.094896 0.125418 0.428176 0.093025 0.052706
0.919207 0.000010 0.030993 0.000010 0.049760 0.000010 0.000010
0.981493 0.000010 0.000010 0.000010 0.000010 0.000010 0.018457
0.166297 0.000010 0.010002 0.284538 0.441097 0.063989 0.034067
0.754626 0.000010 0.000010 0.044867 0.050465 0.000010 0.150012
0.086414 0.039141 0.032755 0.167494 0.532046 0.047433 0.094717
0.772899 0.016438 0.007143 0.029181 0.087262 0.020388 0.066689
0.707713 0.000010 0.000010 0.049350 0.199457 0.000010 0.043449
0.048141 0.101267 0.038901 0.077624 0.688200 0.045857 0.000010
0.915874 0.000010 0.025244 0.000010 0.046046 0.012806 0.000010
0.365584 0.005224 0.059101 0.029896 0.153877 0.032363 0.353955
0.862268 0.000010 0.000010 0.011911 0.083143 0.021751 0.020906
0.454442 0.000010 0.011085 0.033658 0.155189 0.000010 0.345606
0.589614 0.011112 0.022105 0.125472 0.227384 0.008764 0.015549
0.841607 0.000010 0.016857 0.000010 0.096518 0.000010 0.044988
0.709037 0.000010 0.040888 0.047385 0.160886 0.008215 0.033579
0.153232 0.005475 0.097790 0.015534 0.371573 0.000010 0.356387
0.262537 0.000010 0.255718 0.022044 0.366618 0.051887 0.041186
0.057103 0.000010 0.942847 0.000010 0.000010 0.000010 0.000010
0.180243 0.000184 0.443316 0.035780 0.144557 0.000010 0.195911
0.148119 0.000010 0.352507 0.027439 0.196556 0.006484 0.268886
0.235286 0.053482 0.314967 0.021908 0.300694 0.008882 0.064781
0.103831 0.058702 0.516839 0.006232 0.250993 0.020475 0.042929
0.194057 0.012723 0.210238 0.069481 0.286882 0.000010 0.226609
0.032087 0.000010 0.967863 0.000010 0.000010 0.000010 0.000010
0.473035 0.000010 0.103500 0.265375 0.146085 0.000010 0.011984
0.302860 0.000010 0.294414 0.015359 0.346404 0.000010 0.040943
0.224846 0.000010 0.775104 0.000010 0.000010 0.000010 0.000010
0.000010 0.023206 0.789756 0.000010 0.041795 0.123045 0.022178
0.022398 0.109631 0.089788 0.090607 0.104362 0.517398 0.065816
0.009581 0.148302 0.076697 0.036078 0.114554 0.523517 0.091272
0.000010 0.000010 0.958294 0.000010 0.000010 0.041656 0.000010
0.368841 0.019270 0.331646 0.013343 0.219396 0.000010 0.047494
0.227876 0.076600 0.362543 0.024182 0.245131 0.000010 0.063659
0.144502 0.000010 0.853523 0.000010 0.000010 0.000010 0.001935
0.000010 0.066897 0.204929 0.095657 0.220163 0.257337 0.155007
0.000010 0.000010 0.362620 0.083115 0.042651 0.148108 0.363486
0.000010 0.750832 0.089461 0.000010 0.028090 0.118230 0.013367
0.261159 0.039604 0.289162 0.042387 0.294434 0.021357 0.051898
0.919736 0.019947 0.008339 0.000012 0.023703 0.000010 0.028254
0.770598 0.000010 0.027576 0.034669 0.155934 0.000010 0.011204
0.000010 0.001111 0.000010 0.039967 0.858140 0.070871 0.029892
0.037411 0.004612 0.000010 0.060843 0.816186 0.076012 0.004926
0.902468 0.000010 0.002607 0.023747 0.069414 0.000010 0.001744
0.276907 0.000010 0.062568 0.090161 0.170259 0.000010 0.400085
0.326585 0.000010 0.037325 0.093980 0.399406 0.000010 0.142683
0.461049 0.000010 0.100571 0.006380 0.336368 0.022448 0.073175
0.000010 0.965717 0.000010 0.012085 0.000010 0.000010 0.022158
0.656659 0.000010 0.034421 0.035380 0.257282 0.000010 0.016238
0.938749 0.000010 0.036174 0.000010 0.005617 0.000010 0.019430
0.482601 0.000010 0.072857 0.050623 0.320158 0.043854 0.029897
0.671979 0.000010 0.000010 0.051026 0.242083 0.005040 0.029851
0.522961 0.000010 0.000010 0.036919 0.353611 0.018470 0.068019
0.414103 0.034900 0.000010 0.034444 0.452502 0.031098 0.032942
0.000010 0.000010 0.999940 0.000010 0.000010 0.000010 0.000010
0.622694 0.000010 0.051354 0.016660 0.287670 0.013650 0.007962
0.714723 0.000010 0.000010 0.021808 0.216886 0.039553 0.007010
0.685835 0.000010 0.000615 0.028758 0.268571 0.000010 0.016200
0.263199 0.000010 0.010673 0.111037 0.504615 0.056806 0.053660
0.952234 0.009787 0.008756 0.000010 0.017946 0.011258 0.000010
0.243233 0.000010 0.425498 0.000010 0.319517 0.000010 0.011722
0.098932 0.000010 0.000010 0.048694 0.721934 0.070035 0.060385
0.167690 0.000010 0.091470 0.076083 0.583173 0.057025 0.024549
0.100451 0.000010 0.067433 0.066627 0.631649 0.076854 0.056977
0.262723 0.000010 0.006246 0.084376 0.644918 0.000010 0.001718
0.892053 0.000010 0.000010 0.029280 0.077788 0.000010 0.000849
0.782812 0.000010 0.007527 0.017262 0.165749 0.000010 0.026630
0.784021 0.000010 0.000010 0.000010 0.215929 0.000010 0.000010
0.880976 0.000010 0.000010 0.018682 0.100302 0.000010 0.000010
0.235897 0.000010 0.067144 0.071215 0.567468 0.016227 0.042039
0.068606 0.000961 0.077488 0.066150 0.287538 0.018890 0.480367
0.521553 0.000010 0.086083 0.055246 0.235073 0.023897 0.078137
0.528796 0.000010 0.080018 0.048739 0.159199 0.019898 0.163339
0.056106 0.033293 0.037168 0.018296 0.848560 0.000010 0.006566
0.883924 0.000010 0.000010 0.035961 0.055897 0.000010 0.024188
0.127087 0.043690 0.113599 0.091964 0.547821 0.075829 0.000010
0.769016 0.000065 0.026094 0.044302 0.141558 0.000010 0.018955
0.999940 0.000010 0.000010 0.000010 0.000010 0.000010 0.000010
0.724790 0.006805 0.118754 0.054373 0.095258 0.000010 0.000010
0.113100 0.039751 0.016759 0.065743 0.691374 0.000010 0.073262
0.999940 0.000010 0.000010 0.000010 0.000010 0.000010 0.000010
0.007509 0.039766 0.070706 0.032840 0.849160 0.000010 0.000010
0.034786 0.063825 0.035995 0.011766 0.851111 0.000010 0.002508
0.000010 0.006199 0.045373 0.049424 0.898975 0.000010 0.000010
0.000010 0.048847 0.048886 0.012020 0.888299 0.001928 0.000010
0.024107 0.047356 0.037939 0.005844 0.884734 0.000010 0.000010
0.000010 0.000010 0.009773 0.007436 0.117611 0.020206 0.844954
0.558645 0.000010 0.054912 0.040902 0.317977 0.000010 0.027543
0.942349 0.000010 0.026040 0.012941 0.000010 0.000010 0.018640
0.769613 0.000010 0.000010 0.000010 0.230337 0.000010 0.000010
0.712607 0.000010 0.056112 0.042463 0.179450 0.000010 0.009349
0.949071 0.000010 0.025817 0.000010 0.025072 0.000010 0.000010
0.025679 0.023687 0.011536 0.000010 0.939068 0.000010 0.000010
0.933335 0.000010 0.033494 0.000010 0.009702 0.012638 0.010811
0.179667 0.049504 0.000010 0.045948 0.695997 0.000010 0.028864
0.000010 0.000010 0.000010 0.000010 0.000010 0.000010 0.999940
0.005663 0.026348 0.327629 0.033212 0.563410 0.032810 0.010929
0.100351 0.000010 0.071269 0.062433 0.727750 0.000010 0.038177
0.322695 0.009422 0.000010 0.017859 0.648375 0.000010 0.001629
0.057056 0.000010 0.085917 0.065484 0.717635 0.048575 0.025323
0.000010 0.069191 0.058269 0.000010 0.855017 0.017493 0.000010
0.094460 0.042850 0.008384 0.025676 0.774977 0.000010 0.053644
0.000010 0.015237 0.000010 0.005767 0.978956 0.000010 0.000010
0.201968 0.023492 0.069038 0.050357 0.625608 0.000010 0.029527
0.084495 0.000010 0.088157 0.075377 0.734581 0.000010 0.017371
0.771740 0.030914 0.031915 0.008059 0.121951 0.000990 0.034430
0.091095 0.077277 0.030482 0.079474 0.708866 0.000010 0.012796
0.006648 0.010549 0.039771 0.019953 0.912877 0.000010 0.010193
0.097277 0.039408 0.044393 0.009233 0.809668 0.000010 0.000010
0.599922 0.066164 0.035441 0.023103 0.263460 0.000010 0.011900
0.962614 0.000010 0.000010 0.021012 0.016334 0.000010 0.000010
0.031287 0.000010 0.000010 0.062524 0.869603 0.000010 0.036555
0.020004 0.000010 0.054128 0.000010 0.000010 0.008427 0.917411
0.927829 0.000010 0.021564 0.000010 0.000010 0.046626 0.003951
0.967243 0.000010 0.000010 0.032707 0.000010 0.000010 0.000010
0.104343 0.000010 0.042585 0.028028 0.782502 0.018739 0.023794
0.455401 0.000010 0.012582 0.015747 0.368528 0.124616 0.023117
0.224149 0.000010 0.000010 0.102288 0.670181 0.000010 0.003352
0.020029 0.013202 0.000010 0.010712 0.889425 0.036228 0.030394
0.997935 0.000010 0.000010 0.000010 0.000010 0.000010 0.002015
0.998280 0.000010 0.000010 0.000010 0.000010 0.000010 0.001670
0.506010 0.000010 0.030485 0.040786 0.406924 0.000010 0.015775
0.572020 0.000010 0.027072 0.072662 0.262749 0.028806 0.036681
0.000010 0.937070 0.000010 0.000010 0.000010 0.000010 0.062880
0.064265 0.000010 0.103119 0.023577 0.757273 0.026431 0.025325
0.881796 0.000010 0.000010 0.007136 0.070865 0.014704 0.025480
0.000010 0.924043 0.000010 0.000010 0.000010 0.000010 0.075907
0.000010 0.000010 0.000010 0.525136 0.000010 0.000010 0.474814
0.000011 0.000010 0.352512 0.061675 0.077589 0.121445 0.386758
0.609036 0.000010 0.036937 0.033818 0.272994 0.000010 0.047195
0.553150 0.000010 0.023889 0.100794 0.261161 0.024209 0.036787
0.716232 0.000010 0.026183 0.045431 0.189401 0.000010 0.022733
0.344390 0.044472 0.091862 0.093219 0.329685 0.090171 0.006199
0.946319 0.000010 0.000010 0.017551 0.013924 0.000010 0.022176
0.999940 0.000010 0.000010 0.000010 0.000010 0.000010 0.000010
0.142663 0.000010 0.000010 0.125708 0.693444 0.016726 0.021439
0.639626 0.015952 0.031544 0.046472 0.263360 0.000010 0.003035
0.531078 0.000010 0.022773 0.045107 0.346261 0.000010 0.054761
0.393633 0.049153 0.113626 0.001461 0.442108 0.000010 0.000010
0.689912 0.015357 0.004961 0.065119 0.202726 0.000010 0.021915
0.769922 0.000010 0.000010 0.036291 0.138729 0.009345 0.045691
0.753907 0.015617 0.006331 0.043794 0.136703 0.019389 0.024257
0.790937 0.000010 0.042733 0.020182 0.127882 0.000010 0.018246
0.999940 0.000010 0.000010 0.000010 0.000010 0.000010 0.000010
0.920196 0.000010 0.030758 0.019776 0.000836 0.005357 0.023068
0.160006 0.010210 0.057001 0.062568 0.679999 0.000010 0.030207
0.425756 0.047783 0.075723 0.038210 0.350533 0.000010 0.061985
0.000010 0.023376 0.015562 0.029312 0.866792 0.064937 0.000010
0.974700 0.000010 0.000010 0.016540 0.000010 0.000010 0.008721
0.177580 0.000010 0.018718 0.107916 0.620191 0.041315 0.034270
0.644876 0.000010 0.175680 0.039788 0.080954 0.011296 0.047396
0.546424 0.000010 0.000010 0.089826 0.295871 0.027689 0.040170
0.104837 0.020992 0.102835 0.000010 0.756534 0.002584 0.012208
0.745271 0.000010 0.024730 0.078594 0.144267 0.000010 0.007117
0.180484 0.000010 0.000527 0.118543 0.679284 0.000010 0.021142
0.007043 0.032392 0.014446 0.034482 0.876029 0.000010 0.035599
0.082023 0.030269 0.004603 0.053371 0.745432 0.035346 0.048956
0.322176 0.044308 0.238657 0.009047 0.364672 0.021129 0.000010
0.022982 0.000010 0.081808 0.030516 0.831225 0.033449 0.000010
0.000010 0.084005 0.447630 0.000010 0.320310 0.114146 0.033889
0.141763 0.000010 0.000010 0.134986 0.690351 0.000010 0.032870
0.627314 0.017326 0.025416 0.000010 0.329914 0.000010 0.000010
0.912115 0.000010 0.020405 0.000010 0.064938 0.000010 0.002512
0.814578 0.000010 0.109470 0.000010 0.027278 0.048645 0.000010
0.856866 0.000010 0.027932 0.000010 0.090686 0.024486 0.000010
0.055513 0.000010 0.023431 0.007624 0.891370 0.022042 0.000010
0.423044 0.036947 0.214270 0.060019 0.219475 0.023167 0.023078
0.575463 0.044335 0.086850 0.025280 0.255830 0.000010 0.012232
0.204916 0.688286 0.040152 0.021676 0.018821 0.000010 0.026138
0.777281 0.034023 0.015485 0.016714 0.151598 0.000010 0.004889
0.798482 0.000010 0.044806 0.028964 0.114273 0.000010 0.013455
0.000010 0.000010 0.000010 0.000010 0.000010 0.000010 0.999940
0.000010 0.000010 0.000010 0.000010 0.000010 0.000010 0.999940
0.176961 0.029889 0.026527 0.011535 0.755068 0.000010 0.000010
0.176366 0.009683 0.000010 0.000010 0.788805 0.000010 0.025117
0.323358 0.000012 0.033219 0.000010 0.609049 0.012315 0.022036
0.342899 0.005436 0.000010 0.000010 0.646560 0.000010 0.005075
0.000010 0.000010 0.000010 0.000010 0.000010 0.000010 0.999940
0.000010 0.000010 0.000010 0.000010 0.000010 0.000010 0.999940
0.043139 0.000010 0.076060 0.033903 0.846867 0.000010 0.000010
0.051207 0.000010 0.036109 0.019065 0.893589 0.000010 0.000010
0.000010 0.000010 0.000010 0.000010 0.000010 0.000010 0.999940
0.000010 0.000010 0.000010 0.000010 0.000010 0.000010 0.999940
0.000010 0.000010 0.000010 0.000010 0.000010 0.000010 0.999940
0.042468 0.025263 0.030471 0.085392 0.796068 0.020154 0.000183
0.000010 0.003520 0.000010 0.030067 0.966373 0.000010 0.000010
0.175271 0.049438 0.196586 0.013751 0.296536 0.133090 0.135328
0.078980 0.070969 0.055658 0.061986 0.700596 0.000010 0.031801
0.000010 0.015560 0.258327 0.000010 0.222225 0.359851 0.144018
0.001688 0.101388 0.058024 0.008231 0.803583 0.000010 0.027077
0.000010 0.000010 0.000010 0.000010 0.000010 0.000010 0.999940
0.078602 0.060708 0.022321 0.000010 0.838339 0.000010 0.000010
0.210621 0.000010 0.076281 0.037189 0.661664 0.000010 0.014225
0.096751 0.006352 0.035090 0.027573 0.296541 0.000010 0.537683
0.020661 0.000010 0.000010 0.018841 0.061778 0.000010 0.898690
0.094387 0.000010 0.070484 0.025065 0.810034 0.000010 0.000010
0.000010 0.000010 0.000010 0.000010 0.000010 0.000010 0.999940
0.000010 0.000010 0.000010 0.000010 0.000010 0.000010 0.999940
0.000010 0.000010 0.000010 0.000010 0.000010 0.000010 0.999940
0.000010 0.000010 0.000010 0.000010 0.000010 0.000010 0.999940
0.000010 0.000010 0.000010 0.000010 0.000010 0.000010 0.999940
0.632295 0.015942 0.050019 0.067037 0.234686 0.000010 0.000010
0.599983 0.012289 0.103689 0.031827 0.115111 0.017460 0.119640
0.579019 0.000010 0.070920 0.017538 0.191343 0.000010 0.141160
0.000010 0.000010 0.000010 0.000010 0.000010 0.000010 0.999940
0.000010 0.000010 0.328952 0.081376 0.024194 0.069342 0.496116
0.410458 0.000010 0.000010 0.097910 0.355762 0.076048 0.059802
0.820466 0.000010 0.000010 0.034165 0.129834 0.008002 0.007514
0.542707 0.000010 0.060844 0.059785 0.287360 0.000010 0.049284
0.255148 0.018069 0.000010 0.093652 0.633101 0.000010 0.000010
0.213994 0.000010 0.000010 0.109447 0.663404 0.000010 0.013124
0.718165 0.000010 0.043342 0.013955 0.204701 0.015039 0.004788
0.223235 0.000010 0.000010 0.131195 0.637580 0.007960 0.000010
0.319182 0.002835 0.089360 0.055430 0.475219 0.000010 0.057965
0.750038 0.000010 0.024168 0.001944 0.185937 0.003536 0.034368
0.656505 0.003896 0.148308 0.000010 0.145134 0.000010 0.046136
0.330397 0.013575 0.000010 0.086278 0.569014 0.000716 0.000010
0.696662 0.042206 0.063274 0.000010 0.181647 0.000010 0.016190
0.349996 0.000010 0.259804 0.040196 0.252089 0.035216 0.062689
0.000010 0.027470 0.598018 0.008545 0.000010 0.330412 0.035535
0.171138 0.053899 0.017402 0.247404 0.404211 0.074320 0.031626
0.415857 0.033215 0.000010 0.043336 0.468135 0.000010 0.039437
0.451732 0.000010 0.084142 0.226758 0.222422 0.004629 0.010307
0.866358 0.009163 0.059643 0.009767 0.045298 0.009762 0.000010
0.034783 0.060154 0.122835 0.007155 0.136620 0.626688 0.011766
0.008768 0.027903 0.273981 0.034033 0.338609 0.179887 0.136819
0.628829 0.000010 0.000010 0.067710 0.274769 0.003752 0.024919
0.715699 0.000010 0.039398 0.030543 0.213861 0.000010 0.000479
0.512333 0.000010 0.013333 0.019885 0.059934 0.004212 0.390295
0.531059 0.004666 0.056653 0.028466 0.303728 0.064961 0.010468
0.014577 0.023765 0.101163 0.026263 0.018987 0.076456 0.738790
0.469581 0.007170 0.000010 0.036492 0.446936 0.000010 0.039800
0.001731 0.012874 0.368682 0.055978 0.400153 0.093132 0.067449
0.861848 0.001441 0.053901 0.030821 0.051969 0.000010 0.000010
0.992591 0.000010 0.000010 0.000213 0.000010 0.000010 0.007155
0.858860 0.000010 0.000010 0.036282 0.071661 0.033167 0.000010
0.766329 0.000010 0.035408 0.000010 0.198222 0.000010 0.000010
0.018602 0.569017 0.017443 0.045120 0.093016 0.255110 0.001692
0.000010 0.000010 0.057278 0.023259 0.916219 0.000010 0.003214
0.000010 0.037764 0.796808 0.017819 0.145061 0.000010 0.002528
0.130268 0.000010 0.032669 0.000010 0.821039 0.000010 0.015994
0.423342 0.000010 0.056004 0.144260 0.352442 0.000010 0.023932
0.036318 0.000010 0.000010 0.059384 0.904258 0.000010 0.000010
0.123299 0.000010 0.019498 0.013781 0.819495 0.000010 0.023907
0.000010 0.056891 0.813592 0.017559 0.111929 0.000010 0.000010
0.835983 0.000010 0.006124 0.016421 0.141441 0.000010 0.000010
0.856482 0.035759 0.000010 0.000010 0.102492 0.005237 0.000010
0.062120 0.000010 0.114735 0.114627 0.663426 0.014636 0.030445
0.914576 0.000010 0.000010 0.000010 0.085374 0.000010 0.000010
0.066484 0.041876 0.047642 0.082819 0.732588 0.000699 0.027892
0.000010 0.668512 0.139156 0.028415 0.076697 0.073283 0.013927
0.131777 0.000010 0.481887 0.000010 0.356058 0.030248 0.000010
0.000010 0.999940 0.000010 0.000010 0.000010 0.000010 0.000010
0.000010 0.179667 0.000010 0.039502 0.231188 0.537718 0.011906
0.000010 0.003011 0.211488 0.000010 0.329701 0.062235 0.393545
0.000010 0.889189 0.000010 0.004503 0.065092 0.000010 0.041187
0.000010 0.000010 0.000010 0.000010 0.000010 0.000010 0.999940
0.679062 0.000010 0.012547 0.015652 0.292709 0.000010 0.000010
0.008157 0.028341 0.047190 0.048934 0.836811 0.019417 0.011149
0.103041 0.029514 0.034006 0.049754 0.721832 0.034453 0.027401
0.032772 0.000010 0.037583 0.000010 0.000010 0.039557 0.890059
0.372008 0.000010 0.006459 0.499054 0.043864 0.064751 0.013855
0.051997 0.092326 0.205820 0.031792 0.398336 0.130659 0.089070
0.037436 0.008479 0.349804 0.014719 0.570493 0.019059 0.000010
0.083564 0.000010 0.063009 0.106215 0.693289 0.008565 0.045348
0.131815 0.000010 0.022816 0.029485 0.771356 0.000010 0.044508
0.267756 0.012230 0.145542 0.024028 0.464705 0.015223 0.070517
0.089228 0.000010 0.051630 0.077271 0.717743 0.039598 0.024520
0.000010 0.000010 0.084997 0.034042 0.035733 0.083878 0.761329
0.021825 0.028443 0.082252 0.029925 0.069743 0.056832 0.710981
0.000010 0.005642 0.034509 0.029758 0.081170 0.017331 0.831580
0.036346 0.009689 0.354257 0.032779 0.503172 0.031223 0.032534
0.000010 0.000010 0.999940 0.000010 0.000010 0.000010 0.000010
0.000010 0.373318 0.000010 0.000010 0.232343 0.394299 0.000010
0.000010 0.083978 0.523388 0.034708 0.126330 0.228807 0.002780
0.999940 0.000010 0.000010 0.000010 0.000010 0.000010 0.000010
0.772257 0.000010 0.000010 0.043799 0.040504 0.000010 0.143410
0.503294 0.004328 0.000010 0.081917 0.387466 0.013950 0.009036
0.615979 0.000010 0.018553 0.057158 0.181269 0.040855 0.086176
0.000010 0.000010 0.000010 0.999940 0.000010 0.000010 0.000010
0.929259 0.000010 0.031658 0.000014 0.039039 0.000010 0.000010
0.920489 0.011412 0.002446 0.000010 0.062742 0.000010 0.002890
0.005226 0.000010 0.069455 0.018519 0.068384 0.139037 0.699370
0.014266 0.000010 0.100389 0.000010 0.007853 0.109079 0.768393
0.961570 0.019007 0.000010 0.019384 0.000010 0.000010 0.000010
0.165808 0.000010 0.220624 0.076569 0.410324 0.091596 0.035068
0.822215 0.024627 0.000010 0.032916 0.096019 0.000965 0.023248
0.616615 0.000010 0.094807 0.093247 0.161998 0.000010 0.033313
0.098602 0.000010 0.111691 0.630365 0.151790 0.000010 0.007532
0.018409 0.000010 0.045717 0.000010 0.039225 0.017530 0.879099
0.409960 0.000010 0.017421 0.042502 0.179337 0.000010 0.350760
0.000010 0.039953 0.210399 0.041036 0.291019 0.206408 0.211174
0.689811 0.000010 0.032943 0.033813 0.142539 0.040409 0.060474
0.296133 0.034408 0.025456 0.074664 0.525467 0.018061 0.025812
0.611969 0.000010 0.051660 0.069439 0.187690 0.027619 0.051613
0.023430 0.000010 0.034018 0.000010 0.015317 0.028954 0.898262
0.877514 0.000010 0.026930 0.045708 0.049818 0.000010 0.000010
0.606586 0.034936 0.029216 0.075323 0.222591 0.000010 0.031338
0.390085 0.000010 0.000244 0.035015 0.499329 0.030767 0.044549
0.599782 0.029153 0.035086 0.065251 0.260943 0.000010 0.009775
0.025078 0.164891 0.141616 0.043461 0.059017 0.512069 0.053868
0.000010 0.017986 0.939782 0.000010 0.042192 0.000010 0.000010
0.013975 0.169916 0.087205 0.000010 0.138546 0.518110 0.072238
0.085358 0.091293 0.000010 0.047914 0.700090 0.048309 0.027027
0.129912 0.075267 0.000010 0.038078 0.701105 0.023384 0.032243
0.010191 0.788073 0.050139 0.047887 0.000010 0.000010 0.103689
0.000010 0.812126 0.041282 0.026305 0.000010 0.000010 0.120257
0.041746 0.011816 0.224486 0.000010 0.679103 0.027047 0.015792
0.000010 0.812169 0.007873 0.064051 0.000010 0.000010 0.115877
0.074020 0.198244 0.206194 0.000011 0.226002 0.295518 0.000010
0.000010 0.278953 0.007264 0.024540 0.217074 0.472150 0.000010
0.000010 0.000010 0.000010 0.999940 0.000010 0.000010 0.000010
0.134344 0.000010 0.519255 0.022572 0.269157 0.049983 0.004679
0.130336 0.000010 0.506684 0.000010 0.350457 0.012493 0.000010
0.171861 0.000010 0.583864 0.000010 0.229639 0.014605 0.000010
0.140594 0.000010 0.535491 0.000010 0.304248 0.019638 0.000010
0.139550 0.000010 0.549935 0.011060 0.250604 0.048831 0.000010
0.107608 0.000010 0.509972 0.010658 0.342776 0.004116 0.024860
0.090832 0.000010 0.573907 0.000010 0.335220 0.000010 0.000010
0.127518 0.000010 0.585650 0.007437 0.255600 0.023775 0.000010
0.000010 0.800718 0.053899 0.000116 0.072719 0.039494 0.033045
0.000010 0.811314 0.015088 0.008456 0.108820 0.044636 0.011676
0.000010 0.811603 0.056085 0.013890 0.000010 0.023819 0.094583
0.999492 0.000010 0.000010 0.000010 0.000010 0.000010 0.000458
0.000010 0.799002 0.001223 0.047268 0.000010 0.000010 0.152476
0.198704 0.000010 0.000010 0.712279 0.000010 0.000010 0.088978
0.012955 0.789373 0.061091 0.028162 0.006074 0.000010 0.102335
0.000010 0.799014 0.018023 0.000010 0.047125 0.093777 0.042041
0.000010 0.816613 0.063509 0.002726 0.020092 0.097040 0.000010
0.000010 0.758046 0.037583 0.041418 0.078688 0.076153 0.008104
0.001908 0.779251 0.040103 0.014471 0.000010 0.131645 0.032611
0.022854 0.812932 0.000010 0.023657 0.090564 0.049371 0.000612
0.000010 0.944281 0.000010 0.014154 0.000010 0.041525 0.000010
0.827640 0.000010 0.062716 0.017609 0.046418 0.031082 0.014525
0.210406 0.065916 0.105578 0.055699 0.536231 0.000010 0.026159
0.095333 0.000010 0.573125 0.000010 0.317280 0.014232 0.000010
0.000010 0.863252 0.000010 0.000010 0.044301 0.072468 0.019949
0.999940 0.000010 0.000010 0.000010 0.000010 0.000010 0.000010
0.096483 0.000010 0.519541 0.019313 0.358689 0.005955 0.000010
0.074197 0.000010 0.521633 0.000010 0.404131 0.000010 0.000010
0.999940 0.000010 0.000010 0.000010 0.000010 0.000010 0.000010
0.000010 0.000010 0.000010 0.999940 0.000010 0.000010 0.000010
0.039841 0.955153 0.000010 0.000010 0.004966 0.000010 0.000010
0.000010 0.000010 0.999940 0.000010 0.000010 0.000010 0.000010
0.126954 0.000010 0.562865 0.000010 0.288501 0.021650 0.000010
0.160688 0.000010 0.571043 0.000567 0.202817 0.056512 0.008364
0.000010 0.959123 0.000010 0.020094 0.000010 0.020743 0.000010
0.145931 0.000395 0.000010 0.070526 0.714629 0.023444 0.045065
0.617852 0.016254 0.079172 0.032039 0.113054 0.036214 0.105415
0.000010 0.317653 0.016171 0.005959 0.120159 0.534407 0.005641
0.000010 0.337211 0.000010 0.000010 0.142930 0.519819 0.000010
0.000010 0.305269 0.000010 0.000010 0.236159 0.458531 0.000010
0.000010 0.000010 0.000010 0.000010 0.000010 0.000010 0.999940
0.013055 0.000010 0.049673 0.000010 0.000010 0.030640 0.906603
0.000010 0.918117 0.000010 0.000010 0.000010 0.060245 0.021598
0.000010 0.681573 0.065607 0.005481 0.000010 0.184589 0.062730
0.010095 0.988511 0.000010 0.000010 0.000010 0.001354 0.000010
0.000010 0.923313 0.000010 0.000010 0.000010 0.066652 0.009995
0.000010 0.999940 0.000010 0.000010 0.000010 0.000010 0.000010
0.000010 0.999940 0.000010 0.000010 0.000010 0.000010 0.000010
0.000010 0.961684 0.000010 0.000010 0.000010 0.027968 0.010308
0.047886 0.727573 0.000010 0.016560 0.003680 0.156689 0.047602
0.000010 0.298006 0.000010 0.020123 0.187393 0.489110 0.005349
0.002812 0.311831 0.000010 0.011902 0.184301 0.489134 0.000010
0.000010 0.821448 0.038796 0.000010 0.000010 0.139716 0.000010
0.000010 0.310645 0.004718 0.001696 0.157692 0.525229 0.000010
0.000010 0.037910 0.365249 0.257733 0.159040 0.042812 0.137246
0.653790 0.000010 0.027985 0.256952 0.001059 0.060193 0.000010
0.000010 0.000010 0.000010 0.999940 0.000010 0.000010 0.000010
0.130038 0.000010 0.520421 0.000010 0.336401 0.000010 0.013110
0.133624 0.000010 0.553379 0.000010 0.283165 0.029803 0.000010
0.029228 0.195328 0.113965 0.048984 0.019602 0.502927 0.089965
0.000010 0.020185 0.158800 0.054923 0.348166 0.235774 0.182144
0.335989 0.034778 0.075189 0.397895 0.101007 0.000010 0.055132
0.129526 0.000010 0.163653 0.121576 0.469430 0.063080 0.052724
0.000010 0.043779 0.157100 0.000010 0.100970 0.648657 0.049473
0.861386 0.000010 0.030425 0.000010 0.073763 0.010254 0.024152
0.000010 0.929978 0.000010 0.000010 0.000010 0.069972 0.000010
0.016411 0.703271 0.088154 0.006390 0.000010 0.127650 0.058114
0.000010 0.896597 0.015954 0.000010 0.000010 0.087408 0.000010
0.000010 0.000010 0.000010 0.999940 0.000010 0.000010 0.000010
0.000010 0.760598 0.023100 0.048294 0.000010 0.142408 0.025580
0.008695 0.916344 0.000010 0.000010 0.000010 0.071339 0.003592
0.038191 0.937839 0.000010 0.000010 0.000010 0.009633 0.014307
0.016255 0.884543 0.000010 0.028898 0.000010 0.070274 0.000010
0.000010 0.994781 0.000010 0.000010 0.003392 0.001788 0.000010
0.000010 0.946481 0.027039 0.000010 0.000010 0.026440 0.000010
0.277499 0.086721 0.112144 0.042007 0.343499 0.054844 0.083287
0.155155 0.018560 0.010153 0.030815 0.697797 0.076116 0.011404
0.070810 0.043598 0.137390 0.019756 0.048501 0.640041 0.039904
0.075635 0.139374 0.120542 0.000010 0.032403 0.586861 0.045175
0.135291 0.071914 0.049711 0.072029 0.651569 0.000010 0.019476
0.685880 0.000010 0.006226 0.041595 0.255009 0.009337 0.001942
0.800229 0.041301 0.000010 0.017001 0.082182 0.001568 0.057708
0.922734 0.018713 0.000010 0.000010 0.052556 0.000010 0.005967
0.000010 0.961373 0.000010 0.000010 0.000010 0.038577 0.000010
0.825385 0.001221 0.065500 0.000010 0.053085 0.000010 0.054789
0.000010 0.933650 0.000010 0.023313 0.000010 0.042997 0.000010
0.000010 0.914822 0.000010 0.000010 0.000010 0.085128 0.000010
0.000010 0.861400 0.038712 0.018161 0.000010 0.069897 0.011809
0.029342 0.875428 0.000010 0.000010 0.000010 0.095191 0.000010
0.000010 0.932398 0.000010 0.012551 0.000010 0.055010 0.000010
0.000010 0.930858 0.000010 0.022721 0.000010 0.027332 0.019058
0.280473 0.039895 0.473431 0.031874 0.135470 0.000010 0.038848
0.295125 0.015871 0.304865 0.059992 0.270029 0.000010 0.054109
0.090136 0.082831 0.304528 0.000010 0.220406 0.290687 0.011402
0.000010 0.000010 0.223582 0.043284 0.186311 0.160751 0.386052
0.000010 0.054504 0.119911 0.045233 0.099624 0.102141 0.578577
0.000010 0.017205 0.108700 0.034466 0.179728 0.112097 0.547793
0.623911 0.052975 0.000010 0.076719 0.207140 0.014542 0.024703
0.008393 0.933692 0.000010 0.000010 0.000010 0.037074 0.020811
0.000010 0.925768 0.000010 0.000010 0.000010 0.074182 0.000010
0.000010 0.951927 0.000010 0.000010 0.000010 0.048023 0.000010
0.000010 0.039887 0.218965 0.009710 0.239145 0.068975 0.423307
0.000010 0.006628 0.143791 0.009851 0.256193 0.100562 0.482965
0.279887 0.048614 0.339374 0.018480 0.261623 0.000010 0.052011
0.218761 0.029499 0.612456 0.048043 0.051169 0.000010 0.040063
0.000010 0.005884 0.172892 0.015349 0.135913 0.136772 0.533180
0.318534 0.041344 0.318818 0.000010 0.253431 0.000010 0.067853
