0.000010 0.036965 0.000010 0.006467 0.053698 0.285099 0.000010 0.000010 0.068649 0.000018 0.000010 0.000010 0.361909 0.000010 0.187125
0.007618 0.000010 0.000010 0.000010 0.052428 0.524593 0.000010 0.018089 0.000010 0.043469 0.045985 0.000010 0.142887 0.029307 0.135564
0.000010 0.011998 0.023833 0.000010 0.031046 0.385181 0.039347 0.014606 0.000010 0.000010 0.010156 0.053514 0.341622 0.000010 0.088647
0.000010 0.000010 0.000010 0.006649 0.000010 0.000010 0.000010 0.000010 0.594438 0.000010 0.398792 0.000010 0.000010 0.000010 0.000010
0.000010 0.000010 0.000010 0.056422 0.070539 0.623355 0.000010 0.000010 0.000010 0.054809 0.000010 0.029603 0.151222 0.013970 0.000010
0.014401 0.000010 0.000010 0.022978 0.020744 0.112709 0.015669 0.000010 0.000010 0.000010 0.030544 0.018718 0.699434 0.000010 0.064743
0.012255 0.293728 0.000010 0.000010 0.002345 0.000010 0.022497 0.000010 0.259819 0.000010 0.178065 0.000010 0.219517 0.000010 0.011704
0.041604 0.000010 0.000010 0.000010 0.000010 0.000010 0.000010 0.000010 0.006498 0.000010 0.009514 0.000010 0.883047 0.059236 0.000010
0.000010 0.000010 0.000010 0.002224 0.102492 0.426817 0.016332 0.000010 0.042628 0.013220 0.026756 0.003280 0.006738 0.060822 0.298652
0.000010 0.000010 0.000010 0.000010 0.040958 0.062333 0.000010 0.000010 0.011311 0.000010 0.007925 0.000010 0.812216 0.050446 0.014730
0.000010 0.000010 0.000010 0.000011 0.210523 0.101278 0.000010 0.000010 0.000010 0.001333 0.000010 0.012687 0.536893 0.062161 0.075044
0.031379 0.011006 0.022600 0.008638 0.066081 0.311666 0.000010 0.000010 0.005625 0.000010 0.000010 0.012124 0.309466 0.000010 0.221367
0.037754 0.031360 0.022480 0.157261 0.000010 0.126991 0.104028 0.000010 0.000010 0.000010 0.160049 0.000010 0.000010 0.051766 0.308250
0.016245 0.039569 0.000010 0.021970 0.005991 0.000010 0.040811 0.000010 0.272078 0.000010 0.258394 0.016374 0.000010 0.013733 0.314783
0.001255 0.005651 0.000010 0.007116 0.064367 0.000010 0.000010 0.016169 0.000010 0.000010 0.028558 0.000010 0.864692 0.005683 0.006448
0.000010 0.037512 0.016723 0.041608 0.016871 0.367509 0.032852 0.033601 0.016159 0.000010 0.000010 0.000010 0.302462 0.010702 0.123960
0.001686 0.019550 0.000010 0.000010 0.030445 0.152010 0.013196 0.000010 0.019547 0.023419 0.000010 0.000010 0.646768 0.025056 0.068274
0.035386 0.209319 0.000010 0.000010 0.015296 0.021728 0.014703 0.000010 0.169867 0.000010 0.131350 0.000010 0.402281 0.000010 0.000010
0.046263 0.000010 0.000010 0.000010 0.039356 0.000010 0.019391 0.000010 0.000010 0.000010 0.000010 0.000010 0.242936 0.651954 0.000010
0.006494 0.000010 0.044793 0.011218 0.000010 0.000010 0.000010 0.891954 0.000010 0.045440 0.000010 0.000010 0.000010 0.000010 0.000010
0.016352 0.000010 0.000010 0.000010 0.000010 0.000010 0.004786 0.959477 0.006411 0.000010 0.000010 0.000010 0.012016 0.000868 0.000010
0.000010 0.000010 0.000010 0.000010 0.000010 0.000010 0.000010 0.999860 0.000010 0.000010 0.000010 0.000010 0.000010 0.000010 0.000010
0.040914 0.000010 0.006702 0.000010 0.000010 0.000010 0.009026 0.918680 0.000010 0.008918 0.000010 0.000010 0.015669 0.000010 0.000010
0.000010 0.000010 0.000010 0.000010 0.000010 0.000010 0.000010 0.000010 0.000010 0.000010 0.999860 0.000010 0.000010 0.000010 0.000010
0.000010 0.000010 0.000010 0.000010 0.000010 0.000014 0.000010 0.000010 0.000010 0.000010 0.000011 0.000010 0.000010 0.999855 0.000010
0.000010 0.000010 0.038251 0.000010 0.000010 0.004544 0.012580 0.935138 0.000010 0.009386 0.000010 0.000010 0.000010 0.000010 0.000010
0.000416 0.000010 0.000010 0.007169 0.006397 0.884884 0.000010 0.020696 0.042524 0.020649 0.013452 0.003754 0.000010 0.000010 0.000010
0.000010 0.000010 0.003651 0.000010 0.000010 0.000010 0.000010 0.969924 0.020215 0.006100 0.000010 0.000010 0.000010 0.000010 0.000010
0.000010 0.003501 0.000010 0.005808 0.000010 0.214547 0.048857 0.004882 0.000010 0.038340 0.030133 0.000943 0.081030 0.073526 0.498393
0.000010 0.000010 0.003969 0.000010 0.000010 0.176421 0.031370 0.006036 0.022495 0.014716 0.058123 0.000010 0.070383 0.023832 0.592606
0.020734 0.000010 0.000010 0.000010 0.034677 0.000010 0.000010 0.000010 0.005329 0.000010 0.000010 0.000010 0.000010 0.034390 0.904771
0.000010 0.000010 0.017578 0.000010 0.000010 0.344253 0.051370 0.000010 0.000010 0.016598 0.042472 0.000010 0.040710 0.061764 0.425186
0.007891 0.000010 0.058292 0.132198 0.000010 0.153686 0.149942 0.000010 0.000010 0.074114 0.191874 0.054709 0.009555 0.002155 0.165544
0.031027 0.000010 0.000010 0.139452 0.000010 0.108676 0.111553 0.000010 0.000010 0.042578 0.048726 0.000010 0.000010 0.129434 0.388485
0.274579 0.070169 0.030582 0.000010 0.055019 0.337081 0.000010 0.000010 0.000010 0.027818 0.004014 0.000010 0.092993 0.036954 0.070742
0.000010 0.000010 0.002167 0.000010 0.282038 0.106948 0.000010 0.000010 0.000010 0.000010 0.482437 0.013599 0.091501 0.000010 0.021230
0.000010 0.000010 0.000010 0.000010 0.243643 0.000010 0.000010 0.000010 0.000010 0.000010 0.602463 0.000010 0.153774 0.000010 0.000010
0.000010 0.000010 0.996815 0.000010 0.000010 0.000010 0.000010 0.000010 0.000010 0.003055 0.000010 0.000010 0.000010 0.000010 0.000010
0.066107 0.000010 0.000010 0.032187 0.065982 0.297027 0.046922 0.000010 0.017045 0.000010 0.005030 0.000010 0.000010 0.066549 0.403093
0.006944 0.000010 0.008587 0.056646 0.000010 0.090733 0.006493 0.000010 0.001664 0.039115 0.037386 0.010546 0.038070 0.015916 0.687868
0.000010 0.000010 0.000010 0.000010 0.000010 0.000010 0.000010 0.000010 0.000010 0.000010 0.000010 0.000010 0.999860 0.000010 0.000010
0.001114 0.020377 0.000010 0.039438 0.000010 0.152157 0.030265 0.006975 0.014747 0.032846 0.017587 0.031657 0.168171 0.089645 0.395003
0.000010 0.000010 0.000010 0.000010 0.000010 0.265966 0.039451 0.000010 0.002083 0.000010 0.000010 0.039958 0.652442 0.000010 0.000010
0.000010 0.003351 0.000010 0.000010 0.000010 0.238989 0.005372 0.000010 0.000010 0.000010 0.021519 0.000010 0.730669 0.000010 0.000010
0.000015 0.000010 0.000010 0.620191 0.000010 0.081774 0.000010 0.000010 0.000010 0.000010 0.000010 0.000010 0.000010 0.057834 0.240086
0.000010 0.000010 0.310749 0.004951 0.000010 0.000010 0.000010 0.665327 0.000010 0.014761 0.000010 0.000010 0.000010 0.004111 0.000010
0.008056 0.000010 0.274525 0.000010 0.006296 0.036955 0.000010 0.673406 0.000010 0.000672 0.000010 0.000010 0.000010 0.000010 0.000010
0.013759 0.000010 0.190307 0.058771 0.033812 0.127465 0.146772 0.243286 0.000010 0.135182 0.000010 0.000010 0.000010 0.001295 0.049302
0.022855 0.010613 0.017884 0.200337 0.041219 0.230697 0.083128 0.016752 0.000010 0.028200 0.043555 0.074748 0.000010 0.068434 0.161557
0.023844 0.000010 0.000010 0.241352 0.000010 0.269138 0.043208 0.023878 0.000010 0.007067 0.086847 0.000010 0.018320 0.053134 0.233162
0.000010 0.000010 0.000010 0.000010 0.000010 0.000010 0.000010 0.000010 0.000010 0.000010 0.000010 0.999860 0.000010 0.000010 0.000010
0.008386 0.079153 0.025064 0.149733 0.000010 0.055138 0.075094 0.021729 0.000010 0.105354 0.021224 0.018921 0.000010 0.132707 0.307466
0.000010 0.000010 0.000010 0.000010 0.000010 0.000010 0.000010 0.000010 0.000010 0.000010 0.000010 0.999860 0.000010 0.000010 0.000010
0.036570 0.001854 0.024699 0.216783 0.064577 0.205576 0.098641 0.000010 0.000010 0.021585 0.000010 0.003469 0.018878 0.066992 0.240347
0.003225 0.010805 0.054293 0.213724 0.000010 0.093911 0.079806 0.000010 0.000010 0.000010 0.051215 0.037973 0.000010 0.133992 0.321007
0.999860 0.000010 0.000010 0.000010 0.000010 0.000010 0.000010 0.000010 0.000010 0.000010 0.000010 0.000010 0.000010 0.000010 0.000010
0.036103 0.000010 0.025711 0.000010 0.000010 0.027137 0.000010 0.000010 0.006192 0.034775 0.001924 0.015579 0.852510 0.000010 0.000010
0.022402 0.001207 0.000010 0.015116 0.038573 0.286498 0.068002 0.000010 0.000010 0.000010 0.070635 0.000010 0.000010 0.056524 0.440981
0.000010 0.054274 0.000010 0.000010 0.019602 0.330958 0.011806 0.000010 0.000010 0.000010 0.053755 0.035056 0.000010 0.090676 0.403804
0.013640 0.154834 0.000010 0.000010 0.047013 0.020929 0.005747 0.000010 0.006696 0.000010 0.036789 0.036488 0.622420 0.015884 0.039519
0.000010 0.000010 0.012933 0.017652 0.000358 0.181833 0.000010 0.000010 0.000010 0.000010 0.008570 0.022450 0.000010 0.000010 0.756124
0.030255 0.030107 0.000010 0.000010 0.014191 0.254813 0.059152 0.000010 0.000010 0.000010 0.043882 0.000010 0.065384 0.019421 0.482735
0.037282 0.000010 0.000010 0.014588 0.000010 0.000010 0.010312 0.038757 0.008912 0.000010 0.000010 0.028967 0.439890 0.070922 0.350311
0.005197 0.000010 0.011351 0.000010 0.006327 0.278031 0.069419 0.000011 0.020850 0.000010 0.000010 0.000010 0.020048 0.000010 0.588707
0.025960 0.046347 0.013597 0.063939 0.019561 0.207984 0.034925 0.000010 0.000010 0.025155 0.051579 0.000010 0.031268 0.069724 0.409930
0.083796 0.053688 0.046971 0.156333 0.091678 0.000010 0.000724 0.001661 0.117716 0.000010 0.133753 0.053851 0.154830 0.050789 0.054192
0.000010 0.000010 0.562494 0.000010 0.000010 0.000010 0.162290 0.000010 0.152923 0.000010 0.122183 0.000010 0.000010 0.000010 0.000010
0.029314 0.008866 0.018178 0.029921 0.001980 0.110367 0.000623 0.000010 0.470052 0.042917 0.287734 0.000010 0.000010 0.000010 0.000010
0.024800 0.035620 0.018029 0.000010 0.000010 0.020126 0.012336 0.009910 0.000010 0.000010 0.030265 0.000010 0.840003 0.008851 0.000010
0.025038 0.025869 0.000012 0.169441 0.010994 0.152020 0.102647 0.000013 0.000010 0.020791 0.044871 0.000010 0.000010 0.141611 0.306664
0.000010 0.000010 0.000010 0.143094 0.034034 0.250726 0.106461 0.031504 0.000010 0.031729 0.024801 0.072322 0.040009 0.106165 0.159115
0.030980 0.000010 0.000010 0.273422 0.000010 0.185790 0.067473 0.006460 0.000010 0.026336 0.000010 0.055410 0.064430 0.190138 0.099510
0.126255 0.032304 0.000010 0.000010 0.099223 0.558950 0.021323 0.000010 0.000010 0.022984 0.000010 0.034588 0.000010 0.000010 0.104304
0.000345 0.009485 0.005919 0.013528 0.000010 0.376663 0.024460 0.000010 0.000010 0.002914 0.051804 0.028496 0.072291 0.001869 0.412196
0.089344 0.037032 0.000010 0.013230 0.030539 0.474911 0.032968 0.000010 0.031348 0.000010 0.000010 0.000010 0.048354 0.056558 0.185665
0.031689 0.000014 0.024098 0.032745 0.034694 0.124714 0.044189 0.000010 0.000010 0.038138 0.000010 0.000010 0.007833 0.031459 0.630388
0.037979 0.000010 0.000010 0.000010 0.000010 0.175688 0.000010 0.000010 0.020891 0.000010 0.007420 0.048493 0.016553 0.019721 0.673185
0.030844 0.000010 0.039369 0.008932 0.069327 0.161092 0.034697 0.023723 0.000010 0.000010 0.000010 0.029843 0.012412 0.080364 0.509357
0.000010 0.000010 0.999860 0.000010 0.000010 0.000010 0.000010 0.000010 0.000010 0.000010 0.000010 0.000010 0.000010 0.000010 0.000010
0.000010 0.000010 0.000010 0.011892 0.000010 0.291130 0.026463 0.000010 0.000010 0.022165 0.063087 0.018575 0.065160 0.015624 0.485844
0.032680 0.000010 0.004837 0.058048 0.094054 0.062241 0.000010 0.019125 0.000010 0.000010 0.041732 0.009333 0.000010 0.007051 0.670849
0.000010 0.000010 0.008995 0.000010 0.165387 0.142019 0.017709 0.000010 0.022248 0.000010 0.000010 0.005614 0.578618 0.000010 0.059341
0.033593 0.001601 0.006735 0.003084 0.220673 0.090764 0.007013 0.000010 0.014658 0.000010 0.014945 0.000055 0.555057 0.016922 0.034879
0.720011 0.051755 0.000010 0.000010 0.015192 0.110884 0.000010 0.000010 0.002093 0.043993 0.000010 0.000010 0.022668 0.000010 0.033335
0.000010 0.176365 0.000010 0.000010 0.028854 0.066020 0.000010 0.000010 0.049573 0.000010 0.001951 0.009542 0.667614 0.000010 0.000010
0.000010 0.000010 0.999860 0.000010 0.000010 0.000010 0.000010 0.000010 0.000010 0.000010 0.000010 0.000010 0.000010 0.000010 0.000010
0.012914 0.000010 0.006133 0.036208 0.000010 0.023880 0.000010 0.716367 0.000010 0.088582 0.000010 0.082250 0.000010 0.000010 0.033597
0.048389 0.000010 0.000010 0.000010 0.509635 0.071804 0.000010 0.000010 0.016644 0.000010 0.000010 0.000010 0.341668 0.009370 0.002409
0.065953 0.000010 0.000010 0.113963 0.073064 0.344376 0.100109 0.005361 0.017599 0.000010 0.000010 0.014340 0.120691 0.000010 0.144494
0.000010 0.000010 0.060915 0.000010 0.000010 0.001771 0.013082 0.781417 0.017886 0.054732 0.000010 0.052076 0.000010 0.012983 0.005078
0.046640 0.000010 0.026752 0.006500 0.012345 0.019115 0.000010 0.811322 0.024034 0.026248 0.000010 0.001657 0.000010 0.000010 0.025338
0.000010 0.000010 0.011287 0.000010 0.000010 0.108617 0.029854 0.725838 0.000010 0.085628 0.001544 0.037150 0.000010 0.000010 0.000010
0.008351 0.000010 0.071856 0.007658 0.000010 0.081359 0.000010 0.791257 0.000010 0.031975 0.000010 0.000010 0.000010 0.007463 0.000010
0.001905 0.000010 0.018547 0.045257 0.000010 0.025816 0.000010 0.778238 0.000010 0.060877 0.016726 0.026843 0.000010 0.005740 0.019999
0.000010 0.095643 0.001209 0.054991 0.089726 0.339137 0.019706 0.272634 0.033489 0.000010 0.000010 0.000010 0.062946 0.001421 0.029058
0.000010 0.000010 0.000010 0.999860 0.000010 0.000010 0.000010 0.000010 0.000010 0.000010 0.000010 0.000010 0.000010 0.000010 0.000010
0.000010 0.000010 0.000010 0.999860 0.000010 0.000010 0.000010 0.000010 0.000010 0.000010 0.000010 0.000010 0.000010 0.000010 0.000010
0.000010 0.033774 0.000010 0.038793 0.308472 0.288977 0.046397 0.000010 0.000010 0.032264 0.000010 0.000010 0.180961 0.000010 0.070293
0.000010 0.076625 0.019907 0.000010 0.084711 0.000010 0.000010 0.016818 0.035086 0.000010 0.023799 0.000010 0.742975 0.000010 0.000010
0.000010 0.000010 0.000010 0.999860 0.000010 0.000010 0.000010 0.000010 0.000010 0.000010 0.000010 0.000010 0.000010 0.000010 0.000010
0.042981 0.000010 0.000010 0.034739 0.000010 0.897880 0.000010 0.000010 0.024291 0.000010 0.000010 0.000010 0.000010 0.000010 0.000010
0.000010 0.000010 0.000010 0.961246 0.000010 0.038624 0.000010 0.000010 0.000010 0.000010 0.000010 0.000010 0.000010 0.000010 0.000010
0.048381 0.022201 0.000010 0.000010 0.051089 0.528177 0.000010 0.000010 0.014488 0.000010 0.000010 0.026879 0.148609 0.033875 0.126242
0.000010 0.000010 0.000010 0.000010 0.000010 0.000010 0.000010 0.000010 0.999860 0.000010 0.000010 0.000010 0.000010 0.000010 0.000010
0.000010 0.000010 0.000010 0.016567 0.215775 0.091106 0.000010 0.000010 0.000010 0.000010 0.000010 0.007975 0.627624 0.040862 0.000010
0.000010 0.000010 0.000010 0.447746 0.000010 0.000010 0.000010 0.000010 0.089416 0.000010 0.462718 0.000010 0.000010 0.000010 0.000010
0.000010 0.000010 0.000010 0.000010 0.999860 0.000010 0.000010 0.000010 0.000010 0.000010 0.000010 0.000010 0.000010 0.000010 0.000010
0.071348 0.000010 0.018179 0.045508 0.000010 0.751524 0.000010 0.000010 0.056932 0.000010 0.000010 0.022934 0.019229 0.014277 0.000010
0.027799 0.030872 0.000010 0.033938 0.068144 0.483192 0.000010 0.000010 0.024135 0.020206 0.003268 0.000010 0.167512 0.021539 0.119355
0.000010 0.037840 0.000010 0.001186 0.059954 0.080257 0.000010 0.000010 0.000010 0.023785 0.000010 0.000010 0.779242 0.000010 0.017656
0.004314 0.000010 0.044859 0.235048 0.000010 0.030975 0.030556 0.000016 0.000010 0.064803 0.007089 0.351036 0.000010 0.111399 0.119865
0.020599 0.107520 0.000010 0.002908 0.052455 0.253465 0.000010 0.000010 0.000010 0.000010 0.000010 0.000010 0.487376 0.030800 0.044806
0.016873 0.020080 0.000010 0.000010 0.024816 0.154767 0.000010 0.000010 0.000010 0.000010 0.014600 0.036031 0.704804 0.014457 0.013512
0.000010 0.000010 0.000010 0.000011 0.058980 0.000010 0.000010 0.000010 0.019827 0.000010 0.000010 0.000010 0.844132 0.007902 0.069059
0.049058 0.033449 0.000010 0.036485 0.007138 0.543426 0.003277 0.000010 0.000010 0.000010 0.016990 0.014023 0.095367 0.000010 0.200738
0.000010 0.000010 0.000010 0.000010 0.999860 0.000010 0.000010 0.000010 0.000010 0.000010 0.000010 0.000010 0.000010 0.000010 0.000010
0.000010 0.000010 0.000010 0.000010 0.000010 0.000010 0.000010 0.000010 0.999860 0.000010 0.000010 0.000010 0.000010 0.000010 0.000010
0.000010 0.000010 0.000010 0.000010 0.000020 0.000010 0.000010 0.000017 0.999843 0.000010 0.000010 0.000010 0.000010 0.000010 0.000010
0.029770 0.000010 0.007397 0.004785 0.137612 0.059516 0.000010 0.000010 0.000010 0.002906 0.012134 0.000010 0.711053 0.000010 0.034767
0.000010 0.000010 0.000010 0.000010 0.000010 0.000010 0.000010 0.000010 0.999860 0.000010 0.000010 0.000010 0.000010 0.000010 0.000010
0.000010 0.036300 0.000010 0.000010 0.000010 0.182771 0.014037 0.000010 0.000010 0.000010 0.024162 0.027000 0.715641 0.000010 0.000010
0.000010 0.000010 0.000010 0.000010 0.014268 0.000010 0.000010 0.000010 0.000011 0.000010 0.000010 0.000010 0.985601 0.000010 0.000010
0.000010 0.000010 0.000010 0.000010 0.000010 0.000010 0.000010 0.000010 0.999858 0.000010 0.000012 0.000010 0.000010 0.000010 0.000010
0.000010 0.000010 0.000010 0.000010 0.000010 0.000010 0.000010 0.000010 0.999860 0.000010 0.000010 0.000010 0.000010 0.000010 0.000010
0.000010 0.000010 0.000010 0.000010 0.000013 0.000013 0.000010 0.000010 0.999854 0.000010 0.000010 0.000010 0.000010 0.000010 0.000010
0.000010 0.000010 0.000010 0.000010 0.000010 0.000010 0.006096 0.000010 0.993774 0.000010 0.000010 0.000010 0.000010 0.000010 0.000010
0.000010 0.000010 0.018916 0.000011 0.003239 0.000010 0.000010 0.000010 0.648893 0.025889 0.257004 0.000010 0.000010 0.000010 0.045967
0.000010 0.000010 0.000010 0.000010 0.090936 0.618515 0.000010 0.048728 0.000010 0.000010 0.072830 0.052939 0.053213 0.020057 0.042713
0.003741 0.057723 0.000010 0.000010 0.084308 0.637161 0.000010 0.000010 0.035793 0.004044 0.013962 0.002119 0.027950 0.051345 0.081814
0.000010 0.000010 0.000010 0.000010 0.000010 0.000010 0.000010 0.000010 0.999860 0.000010 0.000010 0.000010 0.000010 0.000010 0.000010
0.000010 0.256512 0.022639 0.000010 0.024583 0.138230 0.022566 0.000010 0.096000 0.000010 0.075582 0.000010 0.363818 0.000010 0.000010
0.041267 0.000010 0.000010 0.000010 0.310280 0.111114 0.000010 0.000010 0.000010 0.000010 0.020137 0.000010 0.517101 0.000010 0.000010
0.000010 0.000010 0.000010 0.000010 0.000010 0.000010 0.000010 0.000010 0.999860 0.000010 0.000010 0.000010 0.000010 0.000010 0.000010
0.019171 0.000010 0.000572 0.000010 0.000010 0.000010 0.022655 0.000010 0.910671 0.000358 0.030141 0.016345 0.000010 0.000016 0.000010
0.000010 0.000010 0.000010 0.000010 0.000010 0.000010 0.000010 0.000010 0.999858 0.000010 0.000012 0.000010 0.000010 0.000010 0.000010
0.225917 0.087374 0.050655 0.000010 0.032335 0.227217 0.025223 0.000010 0.000010 0.029486 0.044080 0.006498 0.087014 0.015419 0.168752
0.035026 0.000010 0.000010 0.000010 0.079788 0.581205 0.000010 0.000010 0.015091 0.000010 0.055968 0.000010 0.089355 0.000010 0.143486
0.027181 0.000010 0.000010 0.000010 0.099116 0.627935 0.000010 0.000010 0.030350 0.020014 0.000010 0.000010 0.046803 0.024890 0.123642
0.025660 0.010621 0.000010 0.000010 0.072556 0.614645 0.000010 0.000010 0.015251 0.000010 0.027684 0.000010 0.000010 0.003573 0.229940
0.000010 0.000010 0.000010 0.000010 0.000010 0.000010 0.000010 0.000010 0.343380 0.000010 0.656490 0.000010 0.000010 0.000010 0.000010
0.000010 0.000010 0.204978 0.000010 0.055522 0.000010 0.041346 0.274894 0.423162 0.000010 0.000010 0.000010 0.000010 0.000010 0.000010
0.000010 0.000010 0.000010 0.000010 0.000010 0.000010 0.000010 0.000010 0.999860 0.000010 0.000010 0.000010 0.000010 0.000010 0.000010
0.000010 0.000010 0.000010 0.000010 0.000010 0.000010 0.000010 0.000010 0.999854 0.000010 0.000016 0.000010 0.000010 0.000010 0.000010
0.000010 0.000010 0.000010 0.000010 0.000010 0.000010 0.000010 0.000010 0.999860 0.000010 0.000010 0.000010 0.000010 0.000010 0.000010
0.000010 0.000010 0.000010 0.000010 0.000010 0.000010 0.000010 0.000010 0.971264 0.000010 0.028606 0.000010 0.000010 0.000010 0.000010
0.000010 0.000010 0.000010 0.000010 0.000010 0.000010 0.000010 0.000010 0.999857 0.000010 0.000010 0.000013 0.000010 0.000010 0.000010
0.000010 0.000010 0.000010 0.000010 0.000010 0.000010 0.000010 0.000010 0.999855 0.000010 0.000015 0.000010 0.000010 0.000010 0.000010
0.291159 0.000010 0.042348 0.000010 0.000010 0.314207 0.000010 0.000010 0.000010 0.034732 0.046055 0.003287 0.202071 0.013555 0.052526
0.000010 0.000010 0.000010 0.000010 0.000010 0.000010 0.000010 0.000010 0.999860 0.000010 0.000010 0.000010 0.000010 0.000010 0.000010
0.000010 0.012329 0.007088 0.005227 0.000010 0.000010 0.000010 0.000010 0.690795 0.036984 0.240702 0.006796 0.000010 0.000010 0.000010
0.002444 0.007957 0.011328 0.000010 0.000010 0.114065 0.000010 0.000010 0.000010 0.000010 0.000010 0.000010 0.864107 0.000010 0.000010
0.000010 0.000010 0.000010 0.000010 0.000010 0.000010 0.000017 0.000010 0.348032 0.000010 0.651831 0.000010 0.000010 0.000010 0.000010
0.032318 0.174111 0.000010 0.000010 0.000010 0.000010 0.024830 0.000010 0.150857 0.000010 0.506425 0.000010 0.077114 0.034265 0.000010
0.000012 0.000010 0.000019 0.000010 0.000010 0.000010 0.000010 0.000010 0.999848 0.000010 0.000010 0.000010 0.000011 0.000010 0.000010
0.000010 0.000010 0.000010 0.000010 0.000010 0.000010 0.000010 0.000010 0.999860 0.000010 0.000010 0.000010 0.000010 0.000010 0.000010
0.000010 0.000010 0.000010 0.000010 0.000010 0.000010 0.000010 0.000010 0.999860 0.000010 0.000010 0.000010 0.000010 0.000010 0.000010
0.000010 0.000010 0.000010 0.000010 0.000010 0.000010 0.000010 0.000010 0.999860 0.000010 0.000010 0.000010 0.000010 0.000010 0.000010
0.000010 0.000010 0.000010 0.000010 0.000010 0.000010 0.000010 0.000010 0.835624 0.000010 0.164246 0.000010 0.000010 0.000010 0.000010
0.000010 0.000010 0.000010 0.000010 0.000010 0.000010 0.000010 0.000010 0.999860 0.000010 0.000010 0.000010 0.000010 0.000010 0.000010
0.999860 0.000010 0.000010 0.000010 0.000010 0.000010 0.000010 0.000010 0.000010 0.000010 0.000010 0.000010 0.000010 0.000010 0.000010
0.000010 0.000010 0.000010 0.000010 0.000010 0.000010 0.000010 0.000010 0.000010 0.999860 0.000010 0.000010 0.000010 0.000010 0.000010
0.000010 0.000010 0.000010 0.000010 0.000010 0.000010 0.000010 0.000010 0.000010 0.999860 0.000010 0.000010 0.000010 0.000010 0.000010
0.000010 0.000010 0.000010 0.000010 0.000010 0.000010 0.000010 0.000010 0.000010 0.999860 0.000010 0.000010 0.000010 0.000010 0.000010
0.000010 0.000010 0.000010 0.000010 0.000010 0.000010 0.000010 0.000010 0.999860 0.000010 0.000010 0.000010 0.000010 0.000010 0.000010
0.000010 0.000010 0.000015 0.000010 0.000010 0.000010 0.000010 0.000010 0.999842 0.000017 0.000010 0.000016 0.000010 0.000010 0.000010
0.000010 0.000010 0.000010 0.000010 0.000010 0.000010 0.000010 0.000010 0.000010 0.999860 0.000010 0.000010 0.000010 0.000010 0.000010
0.000010 0.000010 0.000010 0.000010 0.000010 0.000010 0.000010 0.000010 0.000010 0.985587 0.000010 0.000010 0.014283 0.000010 0.000010
0.000010 0.000010 0.000010 0.000010 0.000010 0.000010 0.000010 0.000010 0.000010 0.999860 0.000010 0.000010 0.000010 0.000010 0.000010
0.000010 0.000010 0.000010 0.000016 0.000010 0.000010 0.000010 0.000010 0.999854 0.000010 0.000010 0.000010 0.000010 0.000010 0.000010
0.000010 0.000010 0.000010 0.000010 0.000010 0.000010 0.000010 0.000010 0.999860 0.000010 0.000010 0.000010 0.000010 0.000010 0.000010
0.000010 0.000010 0.000010 0.187472 0.000010 0.000010 0.000010 0.000010 0.000010 0.000010 0.000010 0.812398 0.000010 0.000010 0.000010
0.000010 0.000010 0.000010 0.000010 0.000010 0.000010 0.000010 0.000010 0.999860 0.000010 0.000010 0.000010 0.000010 0.000010 0.000010
0.000010 0.000010 0.000010 0.000010 0.000010 0.000010 0.000010 0.000010 0.000010 0.000010 0.000010 0.000010 0.094609 0.905261 0.000010
0.000010 0.000010 0.000010 0.000010 0.000010 0.000010 0.999860 0.000010 0.000010 0.000010 0.000010 0.000010 0.000010 0.000010 0.000010
0.000010 0.000010 0.000010 0.000010 0.000010 0.000010 0.999860 0.000010 0.000010 0.000010 0.000010 0.000010 0.000010 0.000010 0.000010
0.000010 0.144819 0.000010 0.007424 0.091004 0.062534 0.000010 0.000010 0.000010 0.000010 0.000010 0.000010 0.523693 0.054633 0.115813
0.000010 0.000010 0.000010 0.000010 0.000010 0.000010 0.999860 0.000010 0.000010 0.000010 0.000010 0.000010 0.000010 0.000010 0.000010
0.000010 0.000010 0.000010 0.000010 0.000010 0.000010 0.000010 0.923474 0.000010 0.000010 0.011931 0.000010 0.000010 0.064476 0.000010
0.016621 0.000015 0.050266 0.278524 0.000010 0.125022 0.055410 0.098032 0.026176 0.034659 0.000010 0.094282 0.000010 0.108593 0.112370
0.025082 0.283655 0.024167 0.000010 0.023613 0.019920 0.000010 0.000010 0.000010 0.000010 0.094998 0.000010 0.364110 0.053949 0.110444
0.011450 0.074251 0.045396 0.154820 0.062588 0.000010 0.042710 0.035363 0.018249 0.522632 0.000010 0.000010 0.002095 0.000010 0.030404
0.000010 0.623421 0.000010 0.000010 0.000010 0.006776 0.000010 0.000010 0.106768 0.000010 0.262925 0.000010 0.000010 0.000010 0.000010
0.000010 0.647235 0.000010 0.000010 0.000010 0.000010 0.000010 0.000010 0.261435 0.000010 0.091210 0.000010 0.000010 0.000010 0.000010
0.000010 0.033508 0.004579 0.000010 0.013366 0.159119 0.000010 0.000010 0.000010 0.006193 0.006446 0.000525 0.776195 0.000010 0.000010
0.010377 0.000010 0.036660 0.000010 0.000010 0.013097 0.000010 0.000010 0.372963 0.047608 0.415771 0.024781 0.000010 0.072860 0.005821
0.039606 0.012565 0.051423 0.019089 0.016766 0.278131 0.000010 0.000010 0.000010 0.000010 0.047878 0.015856 0.347581 0.013632 0.157433
0.009659 0.020382 0.014314 0.000010 0.036649 0.095005 0.000010 0.000010 0.048898 0.000010 0.027043 0.000010 0.747980 0.000010 0.000010
0.000010 0.139680 0.000010 0.000010 0.023136 0.047792 0.021601 0.000010 0.150593 0.000010 0.218911 0.028694 0.369523 0.000010 0.000010
0.001467 0.000010 0.000010 0.373325 0.025714 0.208175 0.031682 0.000010 0.000010 0.000010 0.000010 0.002434 0.000010 0.136549 0.220585
0.018765 0.000010 0.004351 0.000010 0.751653 0.151318 0.000010 0.000010 0.000010 0.000010 0.035924 0.010585 0.000010 0.027324 0.000010
0.038788 0.000010 0.000010 0.027344 0.042030 0.595386 0.000010 0.000010 0.012137 0.000010 0.000010 0.054317 0.000010 0.106128 0.123799
0.000010 0.000010 0.000010 0.146297 0.000010 0.048116 0.032754 0.096082 0.010146 0.576592 0.000010 0.016335 0.040906 0.032711 0.000010
0.000010 0.019023 0.000010 0.000010 0.000010 0.000010 0.000010 0.000010 0.637833 0.017825 0.325209 0.000010 0.000010 0.000010 0.000010
0.000010 0.034325 0.000010 0.120895 0.038402 0.060344 0.006837 0.172492 0.000010 0.527957 0.012958 0.025730 0.000010 0.000010 0.000010
0.000010 0.000010 0.000010 0.000010 0.000010 0.000010 0.000010 0.000010 0.000010 0.999860 0.000010 0.000010 0.000010 0.000010 0.000010
0.053927 0.091149 0.009873 0.000361 0.101129 0.313844 0.010001 0.028081 0.000010 0.000010 0.000010 0.000010 0.343110 0.000899 0.047587
0.000010 0.000010 0.000010 0.017547 0.000010 0.344586 0.021390 0.000010 0.000010 0.000010 0.000010 0.041292 0.575085 0.000010 0.000010
0.000010 0.000010 0.000010 0.000010 0.000010 0.000010 0.000010 0.649239 0.000010 0.000010 0.000010 0.350631 0.000010 0.000010 0.000010
0.031882 0.007122 0.005000 0.000010 0.000010 0.341383 0.000010 0.020150 0.000010 0.000010 0.045656 0.026301 0.509082 0.013363 0.000010
0.000010 0.000010 0.004187 0.011377 0.000010 0.265836 0.000010 0.000010 0.019444 0.007286 0.000010 0.000010 0.676886 0.014905 0.000010
0.044885 0.000010 0.009224 0.000010 0.027838 0.039649 0.009294 0.005232 0.000010 0.000010 0.000010 0.000010 0.839141 0.000010 0.024667
0.000010 0.203395 0.037482 0.233135 0.000010 0.122722 0.000010 0.040079 0.000010 0.053736 0.000010 0.000010 0.013427 0.078080 0.217882
0.000010 0.000010 0.000010 0.999860 0.000010 0.000010 0.000010 0.000010 0.000010 0.000010 0.000010 0.000010 0.000010 0.000010 0.000010
0.144435 0.000010 0.011675 0.013918 0.000010 0.190425 0.009486 0.000010 0.022026 0.000010 0.019750 0.032352 0.479850 0.063780 0.012264
0.000010 0.000010 0.000010 0.000010 0.000010 0.000010 0.000010 0.000010 0.000010 0.999860 0.000010 0.000010 0.000010 0.000010 0.000010
0.048904 0.002761 0.015106 0.066287 0.000010 0.818202 0.000010 0.019524 0.029136 0.000010 0.000010 0.000010 0.000010 0.000010 0.000010
0.000010 0.254840 0.000010 0.000010 0.000010 0.115990 0.024007 0.000010 0.046591 0.000010 0.013264 0.000010 0.476671 0.024867 0.043700
0.000010 0.044350 0.023068 0.000015 0.000010 0.000010 0.180823 0.236693 0.016543 0.351702 0.000010 0.025366 0.000010 0.000010 0.121380
0.013544 0.000010 0.047889 0.088099 0.043690 0.623020 0.000010 0.008084 0.000010 0.021899 0.017021 0.043418 0.049947 0.000010 0.043349
0.000010 0.000010 0.000010 0.000010 0.000010 0.000010 0.000010 0.000010 0.999860 0.000010 0.000010 0.000010 0.000010 0.000010 0.000010
0.026287 0.097011 0.021581 0.000010 0.000010 0.229147 0.001495 0.000010 0.000010 0.000010 0.060310 0.000010 0.524209 0.039891 0.000010
0.039976 0.066361 0.000010 0.000010 0.000010 0.298730 0.000020 0.000010 0.000010 0.000010 0.038606 0.000010 0.534835 0.021392 0.000010
0.000010 0.009241 0.040840 0.046735 0.024091 0.351019 0.000010 0.000010 0.003952 0.000010 0.024527 0.018092 0.481444 0.000010 0.000010
0.000010 0.000010 0.018543 0.000010 0.032959 0.063243 0.000010 0.000010 0.019537 0.000010 0.000010 0.000010 0.720884 0.118177 0.026577
0.000010 0.602477 0.001259 0.006868 0.017114 0.000010 0.000010 0.000010 0.060472 0.033470 0.000010 0.000010 0.137558 0.019472 0.121251
0.082235 0.030973 0.000011 0.000012 0.000010 0.476227 0.016889 0.000010 0.000010 0.060830 0.083831 0.038661 0.118027 0.092262 0.000010
0.000010 0.022158 0.000010 0.000010 0.156502 0.000442 0.000010 0.000010 0.000010 0.000010 0.000010 0.055380 0.765419 0.000010 0.000010
0.000010 0.000010 0.000010 0.000010 0.009579 0.000010 0.000010 0.000010 0.032101 0.000010 0.000010 0.000010 0.958200 0.000010 0.000010
0.232469 0.068098 0.000010 0.030041 0.000010 0.488540 0.010596 0.000010 0.000010 0.035363 0.052340 0.000010 0.069483 0.013010 0.000010
0.014582 0.100382 0.000010 0.000010 0.038760 0.033366 0.000016 0.000010 0.065664 0.000010 0.087787 0.000010 0.659374 0.000010 0.000010
0.113621 0.030329 0.026977 0.000010 0.000010 0.520862 0.008214 0.000010 0.000010 0.028464 0.133797 0.040897 0.005065 0.000010 0.091723
0.006742 0.013985 0.003085 0.025212 0.050179 0.125623 0.007498 0.003274 0.034159 0.006750 0.034593 0.000010 0.688869 0.000010 0.000010
0.030168 0.021082 0.000010 0.000010 0.143734 0.162253 0.019126 0.000010 0.018450 0.000010 0.012348 0.000010 0.570534 0.000010 0.022245
0.000010 0.054535 0.024704 0.010115 0.000010 0.853797 0.000010 0.021209 0.009805 0.025756 0.000010 0.000010 0.000010 0.000010 0.000010
0.000010 0.024623 0.000010 0.024743 0.000010 0.021314 0.000010 0.000010 0.000010 0.010716 0.000010 0.000010 0.880465 0.011899 0.026159
0.004884 0.231627 0.000010 0.000010 0.090808 0.064157 0.034304 0.000010 0.169552 0.010567 0.186354 0.000010 0.207687 0.000010 0.000010
0.000010 0.023850 0.000010 0.000010 0.017486 0.148101 0.000010 0.000010 0.016414 0.011302 0.000010 0.000010 0.781284 0.001484 0.000010
0.000813 0.223286 0.000010 0.000010 0.000010 0.062802 0.006168 0.000010 0.212537 0.000010 0.141827 0.000010 0.352487 0.000010 0.000010
0.109821 0.037469 0.013681 0.001397 0.000010 0.181464 0.034498 0.000010 0.000010 0.000010 0.000010 0.000010 0.541389 0.026011 0.054212
0.000010 0.072352 0.000010 0.000010 0.054506 0.026175 0.001847 0.000010 0.029532 0.000010 0.023620 0.009915 0.754148 0.000010 0.027844
0.000010 0.054539 0.000010 0.000010 0.011066 0.252686 0.009148 0.000010 0.015342 0.000010 0.010376 0.000010 0.597641 0.049132 0.000010
0.000010 0.734707 0.000010 0.000010 0.000010 0.000010 0.000010 0.000010 0.265163 0.000010 0.000010 0.000010 0.000010 0.000010 0.000010
0.000010 0.997797 0.000010 0.000010 0.000010 0.002073 0.000010 0.000010 0.000010 0.000010 0.000010 0.000010 0.000010 0.000010 0.000010
0.000010 0.000010 0.000010 0.000010 0.000010 0.000010 0.000010 0.000010 0.000010 0.000010 0.000010 0.999860 0.000010 0.000010 0.000010
0.000010 0.707066 0.000010 0.000010 0.000010 0.000010 0.000010 0.000010 0.000010 0.000010 0.163164 0.129650 0.000010 0.000010 0.000010
0.000010 0.653729 0.000010 0.000010 0.000010 0.000010 0.000010 0.000010 0.132183 0.000010 0.102882 0.111097 0.000010 0.000010 0.000010
0.000010 0.996169 0.000010 0.000010 0.000010 0.000010 0.000010 0.000010 0.000010 0.003701 0.000010 0.000010 0.000010 0.000010 0.000010
0.000010 0.507668 0.000010 0.394863 0.000010 0.000010 0.000010 0.000010 0.012756 0.000010 0.000010 0.026340 0.000010 0.000010 0.058272
0.016847 0.525129 0.005716 0.000010 0.000010 0.141394 0.000790 0.000010 0.058743 0.000010 0.167510 0.052845 0.030965 0.000010 0.000010
0.000010 0.000010 0.000010 0.000010 0.000010 0.000010 0.000010 0.000010 0.000010 0.000010 0.000010 0.999860 0.000010 0.000010 0.000010
0.252526 0.000010 0.000010 0.111250 0.048878 0.070011 0.018329 0.000010 0.000010 0.000010 0.000010 0.016492 0.423907 0.014836 0.043710
0.000010 0.999860 0.000010 0.000010 0.000010 0.000010 0.000010 0.000010 0.000010 0.000010 0.000010 0.000010 0.000010 0.000010 0.000010
0.000010 0.320531 0.000010 0.000010 0.000010 0.000010 0.000010 0.000010 0.000010 0.000010 0.000010 0.679339 0.000010 0.000010 0.000010
0.000010 0.000010 0.000010 0.879064 0.000010 0.000010 0.000010 0.005095 0.010977 0.047918 0.000010 0.000010 0.000010 0.056847 0.000010
0.076447 0.000010 0.000010 0.014863 0.000010 0.000010 0.161226 0.184958 0.000010 0.442017 0.000010 0.000010 0.000010 0.052531 0.067877
0.014556 0.000010 0.026745 0.000051 0.051442 0.000010 0.164719 0.190608 0.004149 0.457561 0.000010 0.000010 0.000010 0.027469 0.062650
0.000010 0.000010 0.000010 0.999860 0.000010 0.000010 0.000010 0.000010 0.000010 0.000010 0.000010 0.000010 0.000010 0.000010 0.000010
0.000010 0.930927 0.000010 0.000010 0.023599 0.000010 0.000010 0.000010 0.000010 0.000010 0.000010 0.003141 0.042223 0.000010 0.000010
0.000010 0.999643 0.000010 0.000010 0.000010 0.000010 0.000010 0.000010 0.000010 0.000010 0.000010 0.000227 0.000010 0.000010 0.000010
0.000010 0.181702 0.000010 0.000010 0.000010 0.000010 0.000010 0.000010 0.000010 0.000010 0.000010 0.818168 0.000010 0.000010 0.000010
0.030041 0.012654 0.000010 0.025329 0.000010 0.000010 0.394235 0.209172 0.000010 0.153763 0.000010 0.000010 0.000010 0.036387 0.138349
0.000010 0.000010 0.000010 0.000010 0.000010 0.000010 0.999860 0.000010 0.000010 0.000010 0.000010 0.000010 0.000010 0.000010 0.000010
0.000010 0.000010 0.053948 0.048731 0.029673 0.023389 0.000010 0.700097 0.000010 0.078803 0.008770 0.056519 0.000010 0.000010 0.000010
0.000010 0.891101 0.000010 0.000010 0.000100 0.000010 0.000010 0.000010 0.000010 0.031046 0.000010 0.007696 0.026548 0.000010 0.043418
0.000010 0.031100 0.000012 0.000010 0.159095 0.000010 0.000010 0.002677 0.000010 0.000010 0.028417 0.013502 0.765118 0.000010 0.000010
0.023212 0.029828 0.000010 0.000010 0.110569 0.076382 0.000010 0.000010 0.000010 0.000010 0.013695 0.010710 0.645146 0.029742 0.060657
0.008559 0.000010 0.009982 0.039172 0.000010 0.253085 0.000010 0.000010 0.015852 0.051978 0.038384 0.000010 0.000010 0.015020 0.567909
0.038962 0.000010 0.000010 0.000010 0.052453 0.198439 0.000010 0.000010 0.027028 0.068677 0.000010 0.000010 0.000010 0.000010 0.614352
0.022593 0.053366 0.000010 0.000010 0.000010 0.051490 0.000010 0.000010 0.000010 0.000010 0.000010 0.007733 0.853919 0.001359 0.009460
0.069245 0.256784 0.000010 0.000010 0.029594 0.002487 0.033974 0.000010 0.170951 0.000010 0.253831 0.000010 0.183064 0.000011 0.000010
0.049830 0.135922 0.000010 0.000010 0.045918 0.360330 0.002418 0.000010 0.099726 0.000010 0.050630 0.015490 0.202565 0.016708 0.020424
0.000010 0.059213 0.000010 0.010440 0.011970 0.220544 0.014860 0.000010 0.000010 0.007549 0.089734 0.088501 0.388777 0.000010 0.108361
0.000010 0.000010 0.999860 0.000010 0.000010 0.000010 0.000010 0.000010 0.000010 0.000010 0.000010 0.000010 0.000010 0.000010 0.000010
0.016677 0.009591 0.000545 0.025494 0.184887 0.174783 0.000010 0.000010 0.000010 0.000010 0.030320 0.007802 0.492101 0.030883 0.026876
0.000010 0.000010 0.000010 0.000010 0.085426 0.000010 0.000010 0.000010 0.000010 0.000010 0.023952 0.035765 0.851355 0.000010 0.003402
0.015964 0.032026 0.000010 0.040292 0.535285 0.165080 0.000012 0.000010 0.005644 0.016731 0.000010 0.014938 0.146237 0.010631 0.017129
0.033469 0.000010 0.000010 0.000010 0.069480 0.164952 0.013702 0.000010 0.019309 0.000010 0.000010 0.000010 0.587996 0.051743 0.059279
0.000010 0.000010 0.000010 0.000010 0.528505 0.217242 0.000010 0.000010 0.014838 0.000010 0.031561 0.000010 0.161753 0.046010 0.000010
0.013185 0.000010 0.000010 0.000010 0.060015 0.355160 0.000010 0.024444 0.012800 0.017209 0.036508 0.013084 0.318983 0.007919 0.140653
0.000010 0.000010 0.000010 0.000010 0.000010 0.000010 0.000010 0.000010 0.000010 0.000010 0.000010 0.999860 0.000010 0.000010 0.000010
0.011078 0.092396 0.000010 0.000010 0.014971 0.016231 0.000010 0.000010 0.013035 0.005856 0.000010 0.018414 0.555127 0.018851 0.253991
0.005096 0.000010 0.000010 0.000933 0.152964 0.161513 0.001252 0.000010 0.010434 0.020415 0.000010 0.000010 0.574797 0.000010 0.072534
0.014358 0.048702 0.003750 0.000010 0.092211 0.134107 0.000010 0.000010 0.000010 0.000010 0.021795 0.002529 0.575189 0.003275 0.104035
0.062356 0.055804 0.000010 0.000010 0.021875 0.436638 0.030601 0.000010 0.040646 0.029888 0.004207 0.006157 0.175654 0.000010 0.136135
0.000010 0.059889 0.000010 0.011901 0.000011 0.000010 0.000010 0.012795 0.000010 0.005664 0.000010 0.000010 0.900361 0.000010 0.009299
0.000010 0.000010 0.000010 0.000010 0.000010 0.000010 0.000010 0.000010 0.000010 0.000010 0.020991 0.000010 0.126929 0.851960 0.000010
0.000464 0.000010 0.000010 0.000010 0.110755 0.508114 0.074054 0.000010 0.039149 0.029186 0.000010 0.000010 0.000010 0.000010 0.238198
0.047336 0.000010 0.000010 0.000010 0.029601 0.251600 0.054515 0.000010 0.003771 0.041626 0.000010 0.045526 0.116164 0.078041 0.331770
0.040621 0.024277 0.000010 0.033367 0.066440 0.278696 0.050085 0.000010 0.012391 0.061047 0.036265 0.017996 0.042242 0.000010 0.336543
0.053706 0.026320 0.000010 0.012245 0.016421 0.456691 0.000010 0.000010 0.012938 0.000010 0.000010 0.000010 0.191236 0.000010 0.230373
0.009043 0.018455 0.000010 0.000010 0.082087 0.055442 0.007549 0.000010 0.000010 0.000010 0.000010 0.000090 0.802687 0.000010 0.024577
0.004539 0.027588 0.000010 0.000010 0.036588 0.130963 0.023732 0.000010 0.002971 0.000010 0.010513 0.006527 0.704150 0.027285 0.025104
0.000010 0.000010 0.000010 0.028917 0.000010 0.000010 0.000010 0.000010 0.001652 0.000010 0.000010 0.000010 0.767304 0.000010 0.202017
0.017173 0.000010 0.000010 0.000010 0.000010 0.000010 0.000010 0.000010 0.001182 0.000010 0.000010 0.000010 0.858113 0.000010 0.123422
0.044309 0.000010 0.000010 0.026661 0.191002 0.228088 0.048762 0.000010 0.017090 0.000010 0.000010 0.000010 0.084537 0.097316 0.262175
0.045564 0.069075 0.012317 0.014079 0.033727 0.075093 0.015640 0.000010 0.338626 0.000010 0.163638 0.021715 0.030900 0.000010 0.179596
0.031680 0.171635 0.003292 0.026205 0.000010 0.131224 0.024704 0.000010 0.000010 0.001934 0.069489 0.000010 0.437913 0.047612 0.054273
0.000010 0.232292 0.000010 0.000010 0.064660 0.130275 0.049523 0.000010 0.088323 0.000010 0.040575 0.013773 0.380509 0.000010 0.000010
0.013572 0.000010 0.000010 0.000010 0.000010 0.013279 0.000010 0.017194 0.034940 0.000012 0.000010 0.006410 0.058325 0.024555 0.831653
0.024937 0.000010 0.000010 0.000010 0.050057 0.054898 0.000010 0.000010 0.000010 0.000010 0.034265 0.000010 0.812461 0.023292 0.000010
0.016737 0.125113 0.027910 0.027865 0.000010 0.752465 0.000010 0.000010 0.000010 0.006067 0.000872 0.020738 0.000010 0.022172 0.000010
0.013718 0.000010 0.000010 0.000010 0.568530 0.000010 0.000010 0.000010 0.000010 0.000010 0.000010 0.000010 0.417633 0.000010 0.000010
0.000010 0.000010 0.000010 0.000010 0.000010 0.000012 0.000010 0.000010 0.000010 0.000010 0.000010 0.000010 0.999858 0.000010 0.000010
0.041628 0.045130 0.000010 0.036242 0.105389 0.000010 0.000010 0.000010 0.000010 0.000010 0.000010 0.000010 0.598052 0.173468 0.000010
0.024170 0.016340 0.000010 0.008955 0.095178 0.433075 0.000010 0.026293 0.021066 0.000010 0.073282 0.000010 0.000010 0.046166 0.255426
0.000010 0.000010 0.000010 0.000010 0.000010 0.000010 0.000010 0.000010 0.000010 0.000010 0.000010 0.000010 0.999860 0.000010 0.000010
