0.006586 0.000010 0.000010 0.390608 0.000010 0.017262 0.000010 0.000010 0.081355 0.012041 0.000010 0.000010 0.000010 0.087211 0.000010 0.000010 0.000010 0.000010 0.057067 0.347751
0.000010 0.000010 0.036318 0.674219 0.014642 0.000010 0.009959 0.000010 0.000010 0.000010 0.000010 0.009720 0.052671 0.000010 0.034269 0.000010 0.006766 0.000010 0.017559 0.143777
0.000070 0.000010 0.000010 0.279356 0.189010 0.000010 0.000010 0.029442 0.000010 0.012609 0.000010 0.000010 0.010494 0.029003 0.071412 0.028722 0.025313 0.000010 0.000010 0.324479
0.004668 0.009559 0.000010 0.000010 0.000010 0.000010 0.000010 0.000010 0.000010 0.000010 0.000010 0.000010 0.000010 0.000010 0.111512 0.000010 0.014383 0.002905 0.856832 0.000010
0.052300 0.000010 0.000010 0.612814 0.058445 0.000010 0.005509 0.000010 0.036775 0.015965 0.001309 0.063394 0.000010 0.000010 0.000010 0.009713 0.000010 0.000010 0.000010 0.143676
0.020757 0.006144 0.000010 0.142029 0.009054 0.000010 0.000010 0.000010 0.000010 0.000010 0.016849 0.000010 0.000010 0.031240 0.032561 0.003189 0.000010 0.021141 0.018200 0.698747
0.000010 0.014693 0.000010 0.000010 0.000010 0.000010 0.000010 0.000010 0.000010 0.000010 0.000010 0.000010 0.000010 0.019196 0.024791 0.000010 0.408268 0.000010 0.267158 0.265753
0.000010 0.034203 0.000010 0.012185 0.000010 0.000010 0.045368 0.000010 0.000010 0.000010 0.000010 0.000010 0.000010 0.000010 0.029745 0.000010 0.000010 0.000010 0.001498 0.876861
0.000010 0.000010 0.000010 0.591860 0.000010 0.000010 0.052262 0.000010 0.000010 0.051731 0.000010 0.017348 0.000010 0.157925 0.023829 0.020330 0.000010 0.020874 0.051798 0.011944
0.000010 0.000010 0.000010 0.097105 0.000010 0.000010 0.055122 0.000010 0.000010 0.020555 0.000010 0.000010 0.000010 0.007879 0.009004 0.000010 0.000010 0.000010 0.011215 0.798990
0.000010 0.000010 0.000010 0.166038 0.000010 0.000010 0.050891 0.000010 0.000010 0.181323 0.000010 0.000010 0.035563 0.019172 0.000010 0.017144 0.000010 0.000010 0.000010 0.529739
0.012485 0.022305 0.010209 0.332873 0.093829 0.031102 0.000010 0.000010 0.001249 0.043257 0.000010 0.000010 0.000697 0.140925 0.000010 0.013819 0.000010 0.003818 0.000010 0.293363
0.053496 0.041739 0.000010 0.000010 0.034612 0.000010 0.000010 0.000010 0.000010 0.000010 0.000010 0.000010 0.000010 0.227349 0.562205 0.000010 0.000010 0.060955 0.000010 0.019514
0.000010 0.015488 0.000010 0.000010 0.000010 0.016194 0.000010 0.000010 0.000010 0.000010 0.000010 0.000010 0.000010 0.262341 0.183941 0.010857 0.118164 0.000010 0.392884 0.000010
0.015062 0.000010 0.011475 0.037511 0.000010 0.000010 0.013640 0.000010 0.000010 0.048353 0.004592 0.000010 0.000010 0.000010 0.000010 0.000010 0.012330 0.000010 0.000612 0.856314
0.029722 0.000010 0.032869 0.379922 0.074592 0.012069 0.009107 0.016029 0.059845 0.000010 0.000010 0.000012 0.004715 0.051343 0.018630 0.000010 0.000010 0.026616 0.007425 0.277054
0.000010 0.000010 0.000010 0.143384 0.054257 0.000010 0.016391 0.000010 0.049929 0.007042 0.000010 0.048405 0.000010 0.003788 0.000010 0.000010 0.000010 0.030226 0.016950 0.629528
0.000010 0.023171 0.000010 0.012432 0.000010 0.000010 0.000010 0.000010 0.000010 0.000010 0.000010 0.000010 0.000010 0.000010 0.000010 0.000010 0.356522 0.000010 0.164739 0.442985
0.000010 0.044686 0.000010 0.000010 0.000010 0.000010 0.638139 0.000010 0.019830 0.020199 0.000010 0.000010 0.000010 0.000010 0.000010 0.000010 0.000010 0.029829 0.000010 0.247178
0.000010 0.000010 0.698405 0.000010 0.000010 0.000010 0.000010 0.052842 0.000010 0.000010 0.209220 0.039373 0.000010 0.000010 0.000010 0.000010 0.000010 0.000010 0.000010 0.000010
0.000010 0.000010 0.873040 0.000010 0.000010 0.000010 0.000010 0.000010 0.000010 0.000010 0.119120 0.006939 0.000010 0.000010 0.000010 0.000010 0.000010 0.000010 0.000741 0.000010
0.000010 0.000010 0.000010 0.000010 0.000011 0.000010 0.000010 0.000010 0.000010 0.000010 0.999809 0.000010 0.000010 0.000010 0.000010 0.000010 0.000010 0.000010 0.000010 0.000010
0.000010 0.035320 0.720256 0.000010 0.000010 0.050332 0.000010 0.000010 0.000010 0.000010 0.181962 0.003163 0.000010 0.000010 0.000010 0.000010 0.000010 0.000010 0.000010 0.008826
0.000010 0.000010 0.000010 0.000010 0.000010 0.000011 0.000010 0.000010 0.000010 0.000010 0.018395 0.000010 0.000010 0.000010 0.333582 0.000010 0.025695 0.000010 0.622166 0.000010
0.000010 0.000010 0.000010 0.000010 0.000010 0.000010 0.999810 0.000010 0.000010 0.000010 0.000010 0.000010 0.000010 0.000010 0.000010 0.000010 0.000010 0.000010 0.000010 0.000010
0.000010 0.000010 0.766426 0.000010 0.000010 0.000010 0.000010 0.052803 0.000010 0.000010 0.176924 0.003688 0.000010 0.000010 0.000010 0.000010 0.000010 0.000010 0.000010 0.000010
0.000010 0.000010 0.000010 0.570639 0.299661 0.068674 0.000010 0.000010 0.000010 0.000010 0.000010 0.000010 0.000010 0.000010 0.043758 0.000010 0.000010 0.000834 0.016294 0.000010
0.000010 0.000010 0.682670 0.000010 0.000010 0.020770 0.000010 0.008522 0.000010 0.000010 0.261671 0.014286 0.000010 0.000010 0.000010 0.000010 0.011741 0.000010 0.000210 0.000010
0.000010 0.000010 0.000010 0.236111 0.062041 0.028561 0.047705 0.000010 0.016492 0.000010 0.000010 0.037675 0.000010 0.394525 0.025981 0.000010 0.000010 0.066021 0.022672 0.062126
0.000010 0.000010 0.008772 0.234845 0.000010 0.005886 0.016828 0.000010 0.000010 0.000010 0.000010 0.000010 0.020739 0.491155 0.061571 0.000010 0.011512 0.043046 0.047239 0.058316
0.004821 0.012052 0.000010 0.000010 0.000010 0.000010 0.023608 0.000010 0.000010 0.035154 0.000010 0.013621 0.000010 0.910604 0.000010 0.000010 0.000010 0.000010 0.000010 0.000010
0.003895 0.000010 0.000010 0.459530 0.000010 0.000010 0.053338 0.000010 0.000010 0.000010 0.000010 0.024514 0.000010 0.254957 0.145905 0.000010 0.014840 0.024386 0.000010 0.018525
0.018053 0.000010 0.000010 0.089422 0.000010 0.000010 0.000010 0.000010 0.007237 0.000010 0.000010 0.000010 0.000010 0.060353 0.730645 0.032370 0.000010 0.041547 0.000010 0.020253
0.055094 0.032144 0.000010 0.180634 0.000010 0.020255 0.101323 0.000010 0.003179 0.000010 0.000010 0.000010 0.026518 0.225150 0.231787 0.000010 0.000010 0.120071 0.003755 0.000010
0.000010 0.261163 0.000010 0.485642 0.000010 0.000010 0.023732 0.032478 0.042927 0.000537 0.000010 0.000010 0.047419 0.000010 0.000010 0.000010 0.013821 0.000010 0.000010 0.092172
0.000010 0.000010 0.000010 0.085819 0.000010 0.013207 0.000010 0.000010 0.000010 0.265536 0.000010 0.000010 0.000010 0.000010 0.219138 0.012046 0.015687 0.000010 0.285100 0.103347
0.000010 0.000010 0.000010 0.000010 0.000010 0.000010 0.000010 0.000010 0.000010 0.219384 0.000010 0.000010 0.000010 0.000010 0.290679 0.000010 0.000010 0.000010 0.331172 0.158605
0.000010 0.000010 0.000010 0.000010 0.000010 0.000010 0.000010 0.999810 0.000010 0.000010 0.000010 0.000010 0.000010 0.000010 0.000010 0.000010 0.000010 0.000010 0.000010 0.000010
0.000010 0.052158 0.000010 0.478983 0.000010 0.000010 0.057513 0.000010 0.000010 0.022145 0.000010 0.000010 0.000010 0.270147 0.007114 0.000010 0.000010 0.076798 0.035022 0.000010
0.019987 0.000010 0.000010 0.139669 0.000010 0.015282 0.012397 0.000010 0.000010 0.000010 0.000010 0.000010 0.079888 0.612754 0.050138 0.005339 0.000010 0.026110 0.013170 0.025175
0.000010 0.000010 0.000010 0.000010 0.000010 0.000010 0.000010 0.000010 0.000010 0.000010 0.000010 0.000010 0.000010 0.000010 0.000010 0.000010 0.000010 0.000010 0.000010 0.999810
0.013884 0.002073 0.007259 0.219433 0.003640 0.000010 0.085418 0.000010 0.051764 0.000010 0.000010 0.000010 0.067226 0.281588 0.034289 0.019054 0.000010 0.047367 0.026445 0.140500
0.000010 0.000010 0.000010 0.000010 0.413235 0.000010 0.000010 0.000011 0.000010 0.000010 0.000010 0.000010 0.000010 0.000010 0.000010 0.000010 0.000010 0.000010 0.000569 0.586026
0.000010 0.000010 0.000010 0.000010 0.313036 0.000010 0.000010 0.000010 0.000010 0.000010 0.000010 0.000010 0.000010 0.000010 0.000010 0.000010 0.000010 0.000010 0.002047 0.684748
0.056362 0.000010 0.009822 0.000010 0.026837 0.000010 0.056382 0.000010 0.000010 0.000010 0.000010 0.000010 0.000010 0.282364 0.000010 0.010994 0.000010 0.557109 0.000010 0.000010
0.000010 0.000010 0.199899 0.000010 0.000010 0.703372 0.000010 0.030679 0.000010 0.000010 0.065890 0.000010 0.000010 0.000010 0.000010 0.000010 0.000010 0.000010 0.000010 0.000010
0.000010 0.000010 0.263346 0.000010 0.000010 0.630583 0.000010 0.063957 0.000010 0.000010 0.041954 0.000010 0.000010 0.000010 0.000010 0.000010 0.000010 0.000010 0.000010 0.000010
0.000010 0.001479 0.061649 0.118936 0.044856 0.263788 0.000010 0.115660 0.000010 0.024775 0.000010 0.122235 0.006503 0.021366 0.070006 0.000010 0.000010 0.129401 0.019277 0.000010
0.108908 0.013915 0.000010 0.243270 0.006855 0.007816 0.046718 0.016996 0.068757 0.024569 0.000010 0.000010 0.039838 0.084436 0.155210 0.055621 0.000010 0.127033 0.000010 0.000010
0.094329 0.017589 0.013049 0.299459 0.000010 0.000010 0.039160 0.000010 0.026694 0.000010 0.019101 0.012830 0.000010 0.145431 0.161976 0.000010 0.000010 0.146410 0.023891 0.000010
0.000010 0.000010 0.000010 0.000010 0.000010 0.000010 0.000010 0.000010 0.000010 0.000010 0.000010 0.000010 0.000010 0.000010 0.000010 0.999810 0.000010 0.000010 0.000010 0.000010
0.054873 0.000010 0.000010 0.078648 0.000010 0.001592 0.116911 0.017528 0.062799 0.000010 0.022910 0.020057 0.084264 0.233450 0.162144 0.000010 0.047661 0.097093 0.000010 0.000010
0.000010 0.000010 0.000010 0.000010 0.000010 0.000010 0.000010 0.000010 0.000010 0.000010 0.000010 0.000010 0.000010 0.000010 0.000010 0.999810 0.000010 0.000010 0.000010 0.000010
0.085779 0.037148 0.000010 0.199580 0.000010 0.000010 0.046202 0.010260 0.022286 0.057331 0.000010 0.000010 0.071137 0.163927 0.117351 0.000010 0.000010 0.175925 0.000010 0.012994
0.065687 0.002334 0.000010 0.079614 0.014222 0.000010 0.123601 0.038902 0.004388 0.000010 0.011607 0.000010 0.000010 0.236266 0.205431 0.026555 0.026953 0.164370 0.000010 0.000010
0.000010 0.999810 0.000010 0.000010 0.000010 0.000010 0.000010 0.000010 0.000010 0.000010 0.000010 0.000010 0.000010 0.000010 0.000010 0.000010 0.000010 0.000010 0.000010 0.000010
0.000010 0.029138 0.000010 0.000010 0.088490 0.020669 0.000010 0.002439 0.000010 0.000010 0.000010 0.000010 0.014597 0.000010 0.000010 0.007768 0.000010 0.000010 0.008652 0.828127
0.016827 0.008386 0.000010 0.482629 0.000010 0.000010 0.047756 0.000010 0.000010 0.000010 0.000010 0.000010 0.000010 0.263344 0.076207 0.000010 0.035360 0.031664 0.037716 0.000010
0.000010 0.000010 0.000010 0.463121 0.000010 0.000010 0.074645 0.000196 0.026022 0.000010 0.000010 0.000010 0.000010 0.277945 0.076300 0.038045 0.037416 0.000010 0.006199 0.000010
0.000010 0.018092 0.000010 0.000010 0.018153 0.000010 0.015697 0.000010 0.106399 0.042584 0.000010 0.000010 0.000010 0.012059 0.053708 0.033465 0.077422 0.000010 0.000010 0.622321
0.000010 0.000010 0.007413 0.206272 0.000010 0.000010 0.000010 0.015155 0.000010 0.000010 0.000010 0.000010 0.000010 0.696230 0.000010 0.005026 0.044025 0.025748 0.000010 0.000010
0.000010 0.030192 0.000010 0.398770 0.000010 0.000010 0.000010 0.000010 0.037750 0.000010 0.000010 0.000010 0.000010 0.332630 0.032003 0.000010 0.000010 0.072757 0.042352 0.053425
0.026903 0.034079 0.046862 0.026329 0.000010 0.000010 0.058749 0.000010 0.047794 0.000010 0.000010 0.000010 0.000010 0.313108 0.000010 0.014546 0.000010 0.000710 0.009543 0.421288
0.000010 0.000010 0.000010 0.414770 0.000010 0.011264 0.000010 0.015882 0.000010 0.000010 0.000010 0.000010 0.000010 0.434270 0.035856 0.000010 0.000010 0.050283 0.033071 0.004485
0.049138 0.016002 0.000010 0.312203 0.000010 0.000010 0.052099 0.017745 0.058630 0.000010 0.000010 0.044961 0.000010 0.305651 0.048282 0.000010 0.009233 0.048968 0.015042 0.021977
0.160557 0.085007 0.000010 0.003662 0.000010 0.000010 0.022328 0.046087 0.063133 0.088407 0.008645 0.000010 0.000010 0.010979 0.122845 0.038335 0.009246 0.000010 0.182241 0.158468
0.000010 0.000010 0.000010 0.000010 0.000010 0.209443 0.000010 0.361702 0.000010 0.000010 0.000010 0.000010 0.000010 0.000010 0.000010 0.000010 0.021667 0.085829 0.321209 0.000010
0.000010 0.016488 0.000010 0.000010 0.101367 0.000010 0.000010 0.007539 0.000010 0.000010 0.000010 0.020291 0.000010 0.004538 0.146805 0.000010 0.070296 0.011622 0.620944 0.000010
0.008881 0.024966 0.000010 0.000010 0.029174 0.005251 0.003020 0.016486 0.012001 0.000010 0.000010 0.000010 0.000010 0.000010 0.018076 0.000010 0.044777 0.000010 0.000010 0.837267
0.026627 0.013571 0.000010 0.050247 0.088091 0.000010 0.124459 0.000010 0.072806 0.003158 0.000010 0.000010 0.000010 0.228042 0.231633 0.000010 0.000010 0.161267 0.000010 0.000010
0.039637 0.000010 0.035581 0.279762 0.000010 0.000010 0.088103 0.005365 0.017437 0.001392 0.000010 0.000010 0.000010 0.059028 0.237189 0.065349 0.000010 0.127629 0.000010 0.043449
0.176732 0.017138 0.000010 0.113203 0.037232 0.020686 0.161081 0.000010 0.050569 0.000010 0.001011 0.000010 0.000010 0.070502 0.179855 0.043884 0.000010 0.075406 0.000010 0.052629
0.000010 0.130089 0.000010 0.714417 0.005927 0.000010 0.011708 0.002760 0.029233 0.026076 0.000010 0.000010 0.031871 0.000010 0.000010 0.031611 0.016207 0.000010 0.000010 0.000010
0.007173 0.000010 0.000010 0.478195 0.000010 0.000010 0.000010 0.001695 0.035375 0.000010 0.000010 0.000010 0.022111 0.281975 0.118343 0.017685 0.000010 0.000010 0.000010 0.037338
0.000010 0.087951 0.000010 0.598302 0.040607 0.000010 0.059641 0.000010 0.016298 0.000010 0.000010 0.000011 0.000010 0.038167 0.000010 0.000010 0.045598 0.053683 0.023108 0.036544
0.045578 0.026740 0.000010 0.252583 0.000010 0.000010 0.011011 0.025551 0.000010 0.010169 0.000010 0.031540 0.000010 0.489710 0.074852 0.000010 0.000010 0.020916 0.000010 0.011261
0.004021 0.027930 0.007692 0.217679 0.037074 0.000010 0.010457 0.000010 0.002048 0.000010 0.000010 0.009462 0.000010 0.596979 0.009754 0.051538 0.000010 0.000010 0.022156 0.003140
0.032517 0.028461 0.000010 0.234949 0.000010 0.026557 0.059726 0.027133 0.023953 0.056635 0.005840 0.000010 0.000010 0.399886 0.090502 0.013761 0.000010 0.000010 0.000010 0.000010
0.000010 0.000010 0.000010 0.000010 0.000010 0.000010 0.000010 0.999810 0.000010 0.000010 0.000010 0.000010 0.000010 0.000010 0.000010 0.000010 0.000010 0.000010 0.000010 0.000010
0.010435 0.000010 0.000010 0.428165 0.000010 0.000010 0.000010 0.000010 0.000010 0.000010 0.000010 0.028147 0.000010 0.343520 0.131019 0.013161 0.000010 0.000010 0.006033 0.039400
0.056362 0.027767 0.000010 0.083401 0.016348 0.016456 0.000010 0.000010 0.010847 0.088387 0.000010 0.000010 0.021552 0.589901 0.086167 0.002722 0.000010 0.000010 0.000010 0.000010
0.000010 0.000010 0.002113 0.139864 0.027042 0.000010 0.000010 0.006054 0.015603 0.142720 0.000010 0.003924 0.000010 0.024451 0.045206 0.000010 0.000010 0.000010 0.018349 0.574585
0.009994 0.023925 0.000010 0.126605 0.000010 0.000010 0.000676 0.000010 0.015085 0.195497 0.000010 0.000010 0.038954 0.000010 0.018622 0.000010 0.000010 0.000010 0.016101 0.554441
0.000010 0.718999 0.013072 0.174392 0.000010 0.000010 0.000010 0.000010 0.049489 0.005482 0.000010 0.023699 0.002046 0.000010 0.000010 0.000010 0.000010 0.000010 0.000010 0.012700
0.000010 0.000010 0.000010 0.001841 0.028654 0.000010 0.000010 0.000010 0.051221 0.030797 0.000010 0.000010 0.000010 0.029735 0.010263 0.010236 0.149421 0.000010 0.004903 0.682829
0.000010 0.000010 0.000010 0.000010 0.000010 0.000010 0.000010 0.999810 0.000010 0.000010 0.000010 0.000010 0.000010 0.000010 0.000010 0.000010 0.000010 0.000010 0.000010 0.000010
0.005098 0.000020 0.590238 0.000010 0.014909 0.118305 0.000010 0.000010 0.000010 0.000010 0.044849 0.005555 0.114807 0.014505 0.000010 0.081804 0.000010 0.009820 0.000010 0.000010
0.000010 0.042351 0.000010 0.038574 0.051132 0.000010 0.000010 0.000010 0.007879 0.496171 0.000010 0.000010 0.000010 0.012621 0.000010 0.000010 0.000010 0.007399 0.008609 0.335154
0.029752 0.061809 0.000010 0.263250 0.150433 0.000010 0.000010 0.009922 0.000010 0.048170 0.014918 0.000010 0.000010 0.103224 0.003945 0.008947 0.025507 0.135448 0.037730 0.106884
0.000010 0.000010 0.437069 0.000010 0.000010 0.262549 0.000010 0.000010 0.000010 0.000010 0.178672 0.000010 0.063201 0.000010 0.000010 0.045218 0.000010 0.000010 0.013150 0.000010
0.000010 0.041942 0.659810 0.039438 0.000010 0.009915 0.000010 0.014680 0.000010 0.000010 0.135880 0.000010 0.078404 0.000010 0.000010 0.000903 0.000010 0.000010 0.014807 0.004121
0.029368 0.000010 0.526063 0.101156 0.000010 0.095697 0.000010 0.000010 0.000010 0.000010 0.133577 0.075961 0.000653 0.000010 0.005618 0.031797 0.000010 0.000010 0.000010 0.000010
0.004932 0.000010 0.678162 0.005210 0.037305 0.091313 0.000010 0.023064 0.000010 0.000010 0.066055 0.000010 0.082812 0.011037 0.000010 0.000010 0.000010 0.000010 0.000010 0.000010
0.026925 0.000010 0.586341 0.000010 0.030093 0.118792 0.000010 0.000010 0.000010 0.000010 0.118933 0.049017 0.007944 0.017195 0.010132 0.026093 0.008445 0.000010 0.000010 0.000010
0.036158 0.000010 0.202655 0.216209 0.193000 0.000010 0.000010 0.009042 0.067146 0.076534 0.059100 0.000010 0.011720 0.008223 0.020804 0.000010 0.021804 0.000460 0.022571 0.054526
0.000010 0.000010 0.000010 0.000010 0.000010 0.000010 0.000010 0.000010 0.000010 0.000010 0.000010 0.000010 0.000010 0.000010 0.000010 0.000010 0.000010 0.999810 0.000010 0.000010
0.000010 0.000010 0.000010 0.000010 0.000010 0.000010 0.000010 0.000010 0.000010 0.000010 0.000010 0.000010 0.000010 0.000010 0.000010 0.000010 0.000010 0.999810 0.000010 0.000010
0.025322 0.000010 0.000010 0.318892 0.039750 0.000010 0.000010 0.000010 0.042737 0.275986 0.000010 0.056458 0.000010 0.000010 0.000010 0.000010 0.000010 0.061124 0.001297 0.178324
0.002238 0.000010 0.000010 0.000010 0.000010 0.000010 0.000010 0.022213 0.081374 0.073632 0.023338 0.000010 0.000010 0.000010 0.000010 0.000010 0.012857 0.000010 0.049428 0.734799
0.000010 0.000010 0.000010 0.000010 0.000010 0.000010 0.000010 0.000010 0.000010 0.000010 0.000010 0.000010 0.000010 0.000010 0.000010 0.000010 0.000010 0.999810 0.000010 0.000010
0.043736 0.024162 0.000010 0.729440 0.202502 0.000010 0.000010 0.000010 0.000010 0.000010 0.000010 0.000010 0.000010 0.000010 0.000010 0.000010 0.000010 0.000010 0.000010 0.000010
0.000010 0.000010 0.000010 0.000010 0.000010 0.000010 0.000010 0.000010 0.000010 0.000010 0.021589 0.000010 0.000010 0.000010 0.000010 0.000010 0.000010 0.978231 0.000010 0.000010
0.000010 0.040950 0.000010 0.611918 0.030568 0.000010 0.027334 0.000010 0.000010 0.000010 0.000010 0.000010 0.000010 0.076817 0.000010 0.031768 0.026979 0.000010 0.000010 0.153546
0.000010 0.000010 0.000010 0.000010 0.000010 0.000010 0.000010 0.000012 0.000011 0.000010 0.000010 0.000010 0.000010 0.000010 0.000010 0.000010 0.000010 0.000010 0.999807 0.000010
0.012859 0.000010 0.000010 0.099961 0.000010 0.005933 0.035861 0.000010 0.000010 0.194841 0.000010 0.000010 0.000010 0.000010 0.000010 0.008544 0.004066 0.006474 0.000010 0.631351
0.000010 0.000010 0.000010 0.000010 0.000010 0.000010 0.000010 0.000010 0.000010 0.000010 0.000010 0.000010 0.000010 0.000010 0.105714 0.000010 0.000010 0.504819 0.389296 0.000010
0.000010 0.000010 0.000010 0.000010 0.000010 0.000010 0.000010 0.000010 0.000010 0.999810 0.000010 0.000010 0.000010 0.000010 0.000010 0.000010 0.000010 0.000010 0.000010 0.000010
0.000010 0.045271 0.000010 0.634700 0.175894 0.000010 0.000010 0.011444 0.000010 0.000010 0.000010 0.000010 0.000010 0.000010 0.000010 0.013057 0.055292 0.051855 0.012367 0.000010
0.029907 0.013419 0.000010 0.506476 0.100815 0.000010 0.018637 0.000010 0.000020 0.037027 0.000010 0.046419 0.000010 0.051283 0.000010 0.000010 0.033137 0.000010 0.004587 0.158194
0.000010 0.000010 0.000010 0.124249 0.000011 0.009077 0.000010 0.000010 0.032512 0.032468 0.000010 0.018587 0.000010 0.000010 0.000010 0.000010 0.008818 0.000010 0.000010 0.774158
0.151962 0.000010 0.000010 0.035024 0.000010 0.029650 0.101497 0.011767 0.000010 0.000010 0.000010 0.000010 0.085352 0.087571 0.093410 0.336181 0.000010 0.067485 0.000010 0.000010
0.021846 0.019556 0.000013 0.244488 0.041713 0.000010 0.013049 0.000010 0.140955 0.020042 0.000010 0.000235 0.000010 0.000228 0.021162 0.000010 0.000010 0.000010 0.000010 0.476634
0.000010 0.013104 0.000010 0.114178 0.062304 0.000010 0.006555 0.000010 0.007939 0.004454 0.000010 0.000010 0.000010 0.014097 0.031324 0.034256 0.006063 0.000010 0.000010 0.705635
0.000010 0.000010 0.000010 0.000010 0.000010 0.000010 0.005817 0.000010 0.000010 0.063629 0.001121 0.000010 0.000010 0.070933 0.000010 0.000010 0.000010 0.000010 0.018196 0.840164
0.005772 0.036963 0.000010 0.626114 0.053855 0.000010 0.000010 0.017896 0.018243 0.000010 0.000010 0.000010 0.000010 0.098747 0.000010 0.002256 0.021801 0.047509 0.000010 0.070754
0.000010 0.000010 0.000010 0.000016 0.000010 0.000010 0.000010 0.000010 0.000010 0.999804 0.000010 0.000010 0.000010 0.000010 0.000010 0.000010 0.000010 0.000010 0.000010 0.000010
0.000010 0.000010 0.000012 0.000010 0.000010 0.000013 0.000010 0.000010 0.000010 0.000010 0.000010 0.000010 0.000010 0.000010 0.000010 0.000010 0.000010 0.000010 0.999806 0.000010
0.000010 0.000010 0.000010 0.000010 0.000010 0.000010 0.000010 0.000010 0.000010 0.000010 0.000010 0.000010 0.000010 0.000010 0.000010 0.000010 0.000010 0.000010 0.999810 0.000010
0.000010 0.023949 0.000010 0.125845 0.000010 0.000010 0.000011 0.003890 0.000010 0.090630 0.000010 0.000010 0.008393 0.000010 0.027419 0.000010 0.000010 0.000010 0.000010 0.719745
0.000010 0.000010 0.000010 0.000012 0.000010 0.000010 0.000010 0.000010 0.000010 0.000010 0.000010 0.000010 0.000010 0.000010 0.000010 0.000011 0.000010 0.000010 0.999807 0.000010
0.000010 0.000010 0.000010 0.000010 0.344575 0.000010 0.000010 0.000010 0.000010 0.000010 0.000010 0.000010 0.000010 0.000010 0.000010 0.000010 0.000015 0.000010 0.000010 0.655240
0.000010 0.000010 0.000010 0.000010 0.000010 0.000010 0.000010 0.000010 0.000010 0.012200 0.000010 0.000010 0.000010 0.000010 0.000010 0.002364 0.000010 0.000010 0.000010 0.985266
0.000010 0.000010 0.000010 0.000010 0.000010 0.000010 0.000011 0.000010 0.000010 0.000010 0.000010 0.000010 0.000010 0.000011 0.000010 0.000010 0.000010 0.000010 0.999808 0.000010
0.000010 0.000010 0.000010 0.000010 0.000010 0.000010 0.000010 0.000010 0.000010 0.000010 0.000010 0.000013 0.000010 0.000010 0.000010 0.000010 0.000010 0.000010 0.999807 0.000010
0.000011 0.000010 0.000010 0.000010 0.000010 0.000010 0.000010 0.000010 0.000010 0.000010 0.000010 0.000010 0.000010 0.000010 0.000010 0.000012 0.000010 0.000010 0.999807 0.000010
0.000010 0.000010 0.000010 0.000012 0.000010 0.000010 0.000010 0.000010 0.000010 0.000010 0.000010 0.000010 0.000011 0.000010 0.000010 0.000010 0.000010 0.000010 0.999807 0.000010
0.000010 0.000010 0.000010 0.000456 0.000010 0.000010 0.000010 0.011479 0.000010 0.000010 0.000010 0.000010 0.042236 0.000010 0.127882 0.000010 0.018457 0.000010 0.799350 0.000010
0.000010 0.000010 0.041861 0.772261 0.000010 0.000010 0.000010 0.000010 0.000010 0.000010 0.000010 0.000010 0.000010 0.000010 0.065567 0.058234 0.000010 0.000010 0.017244 0.044693
0.000010 0.000010 0.000010 0.711044 0.058434 0.007766 0.044014 0.001734 0.061497 0.034245 0.000010 0.000015 0.000010 0.000010 0.036805 0.000010 0.000010 0.000010 0.022554 0.021801
0.000010 0.000013 0.000010 0.000010 0.000010 0.000010 0.000010 0.000010 0.000010 0.000010 0.000010 0.000010 0.000010 0.000010 0.000010 0.000010 0.000010 0.000010 0.999807 0.000010
0.013730 0.000010 0.000010 0.060706 0.088036 0.000010 0.000010 0.006448 0.063549 0.019492 0.000010 0.000010 0.000010 0.000010 0.041717 0.000010 0.244293 0.000010 0.073084 0.388844
0.000010 0.037005 0.000010 0.041557 0.082149 0.000010 0.000010 0.000010 0.000010 0.306784 0.000010 0.000010 0.000010 0.000010 0.017476 0.000010 0.000010 0.000010 0.000130 0.514769
0.000010 0.000010 0.000012 0.000010 0.000010 0.000010 0.000010 0.000010 0.000010 0.000010 0.000012 0.000010 0.000010 0.000010 0.000010 0.000010 0.000010 0.000010 0.999805 0.000010
0.003834 0.010271 0.000010 0.000010 0.000010 0.000010 0.000010 0.001920 0.002481 0.000010 0.000010 0.004622 0.000010 0.000010 0.022950 0.013784 0.000010 0.000010 0.940019 0.000010
0.000015 0.000011 0.000010 0.000010 0.000011 0.000010 0.000010 0.000012 0.000010 0.000010 0.000011 0.000010 0.000010 0.000010 0.000010 0.000010 0.000010 0.000010 0.999800 0.000010
0.000010 0.218000 0.000010 0.218755 0.038783 0.014511 0.000010 0.040069 0.095643 0.020493 0.000010 0.033885 0.000010 0.094682 0.084021 0.000010 0.000010 0.055429 0.000010 0.085651
0.000010 0.010484 0.000010 0.862713 0.000010 0.000010 0.000010 0.000010 0.000010 0.000010 0.000010 0.000010 0.000010 0.000010 0.000010 0.000010 0.000010 0.000010 0.041891 0.084751
0.031695 0.023098 0.018352 0.743179 0.060859 0.000010 0.018504 0.000010 0.000010 0.050442 0.000010 0.007182 0.000010 0.000010 0.000010 0.000010 0.000010 0.000010 0.018025 0.028564
0.000010 0.028489 0.000010 0.839034 0.000010 0.000010 0.000010 0.000010 0.000010 0.008102 0.013696 0.000010 0.000010 0.080804 0.000010 0.000010 0.000010 0.000010 0.029736 0.000010
0.000010 0.000010 0.000010 0.000010 0.000010 0.000010 0.000010 0.000010 0.000010 0.000010 0.000010 0.000010 0.000010 0.000010 0.183856 0.000010 0.000010 0.000010 0.815964 0.000010
0.000010 0.000010 0.000010 0.000010 0.000010 0.557023 0.000010 0.000010 0.000010 0.000010 0.000010 0.000010 0.000010 0.000010 0.000010 0.000010 0.000010 0.000010 0.442797 0.000010
0.000012 0.000010 0.000012 0.000010 0.000013 0.000010 0.000010 0.000012 0.000010 0.000011 0.000010 0.000010 0.000010 0.000010 0.000010 0.000010 0.000010 0.000010 0.999800 0.000010
0.000010 0.000010 0.000010 0.000010 0.000010 0.000010 0.000010 0.000010 0.000010 0.000010 0.000010 0.000010 0.000010 0.000010 0.000010 0.000010 0.000010 0.000010 0.999810 0.000010
0.000010 0.000010 0.000017 0.000010 0.000010 0.000010 0.000010 0.000010 0.000010 0.000010 0.000010 0.000011 0.000010 0.000010 0.000010 0.000010 0.000010 0.000010 0.999803 0.000010
0.000010 0.000010 0.000010 0.000010 0.000010 0.000010 0.000010 0.000010 0.000010 0.000010 0.000010 0.000010 0.000010 0.000010 0.000010 0.000010 0.000010 0.000010 0.999810 0.000010
0.000010 0.000010 0.000010 0.000010 0.000010 0.000010 0.000010 0.000010 0.000010 0.000010 0.000010 0.000010 0.000010 0.000010 0.000010 0.000010 0.000010 0.000010 0.999809 0.000010
0.000010 0.000010 0.000010 0.000010 0.000010 0.000010 0.000010 0.000010 0.000010 0.000010 0.000010 0.000010 0.000010 0.000011 0.000010 0.000010 0.000010 0.000010 0.999809 0.000010
0.000010 0.299124 0.000010 0.016126 0.331813 0.000010 0.000010 0.002688 0.000010 0.000010 0.000010 0.000702 0.035358 0.039225 0.051643 0.000010 0.000010 0.018912 0.004375 0.199944
0.000011 0.000010 0.000010 0.000010 0.000010 0.000010 0.000010 0.000014 0.000010 0.000010 0.000010 0.000010 0.000010 0.000010 0.000010 0.000010 0.000010 0.000010 0.999805 0.000010
0.000010 0.000010 0.000010 0.000010 0.000010 0.000010 0.000010 0.000010 0.000010 0.000010 0.000010 0.041361 0.000010 0.000010 0.094335 0.000010 0.024322 0.000010 0.839822 0.000010
0.000010 0.001921 0.000010 0.081803 0.038541 0.000010 0.000010 0.013993 0.012726 0.000010 0.000010 0.005994 0.000010 0.000010 0.000010 0.000010 0.000010 0.000010 0.000010 0.844892
0.000010 0.001450 0.000010 0.000010 0.000010 0.000010 0.000010 0.000010 0.000010 0.000010 0.000010 0.000010 0.000010 0.000010 0.213378 0.000010 0.031943 0.000010 0.753068 0.000010
0.000010 0.034917 0.000010 0.000010 0.000010 0.000010 0.023192 0.000010 0.007185 0.000010 0.000010 0.000010 0.000010 0.000010 0.178890 0.000010 0.245545 0.000010 0.410483 0.099660
0.000010 0.000014 0.000010 0.000010 0.000010 0.000010 0.000010 0.000010 0.000012 0.000010 0.000010 0.000010 0.000010 0.000010 0.000010 0.000013 0.000010 0.000010 0.999801 0.000010
0.000015 0.000010 0.000010 0.000010 0.000010 0.000010 0.000011 0.000010 0.000010 0.000010 0.000010 0.000010 0.000010 0.000010 0.000010 0.000010 0.000010 0.000010 0.999805 0.000010
0.000010 0.000010 0.000010 0.000010 0.000010 0.000010 0.000010 0.000010 0.000010 0.000010 0.000010 0.000010 0.000013 0.000010 0.000010 0.000010 0.000010 0.000010 0.999806 0.000010
0.000011 0.000010 0.000010 0.000010 0.000010 0.000010 0.000010 0.000010 0.000010 0.000010 0.000010 0.000010 0.000010 0.000010 0.000010 0.000010 0.000010 0.000010 0.999809 0.000010
0.000010 0.016739 0.000010 0.000010 0.000010 0.000010 0.000010 0.000010 0.000010 0.000010 0.000010 0.013093 0.000010 0.000010 0.000010 0.000010 0.000010 0.000010 0.969998 0.000010
0.000010 0.000010 0.000010 0.000018 0.000010 0.000010 0.000010 0.000010 0.000012 0.000010 0.000010 0.000010 0.000010 0.000010 0.000010 0.000010 0.000010 0.000010 0.999801 0.000010
0.000010 0.999810 0.000010 0.000010 0.000010 0.000010 0.000010 0.000010 0.000010 0.000010 0.000010 0.000010 0.000010 0.000010 0.000010 0.000010 0.000010 0.000010 0.000010 0.000010
0.000010 0.000010 0.000010 0.000010 0.000010 0.000010 0.000010 0.000010 0.000010 0.000010 0.000010 0.999810 0.000010 0.000010 0.000010 0.000010 0.000010 0.000010 0.000010 0.000010
0.000010 0.000010 0.000010 0.000010 0.000010 0.000010 0.000010 0.000010 0.000010 0.000010 0.000010 0.999810 0.000010 0.000010 0.000010 0.000010 0.000010 0.000010 0.000010 0.000010
0.000010 0.000010 0.000010 0.000010 0.000010 0.000010 0.000010 0.000010 0.000010 0.000010 0.000010 0.999810 0.000010 0.000010 0.000010 0.000010 0.000010 0.000010 0.000010 0.000010
0.000011 0.000010 0.000010 0.000010 0.000011 0.000010 0.000010 0.000010 0.000010 0.000010 0.000010 0.000010 0.000010 0.000010 0.000010 0.000010 0.000010 0.000010 0.999808 0.000010
0.000010 0.000010 0.000012 0.000010 0.000010 0.000012 0.000010 0.000010 0.000017 0.000010 0.000011 0.000010 0.000012 0.000010 0.000010 0.000010 0.000010 0.000017 0.999788 0.000010
0.000010 0.000010 0.000010 0.000010 0.000010 0.000010 0.000010 0.000010 0.000010 0.000010 0.000010 0.999810 0.000010 0.000010 0.000010 0.000010 0.000010 0.000010 0.000010 0.000010
0.000010 0.000010 0.000010 0.000010 0.000010 0.000010 0.000010 0.000010 0.000010 0.000010 0.000010 0.999810 0.000010 0.000010 0.000010 0.000010 0.000010 0.000010 0.000010 0.000010
0.000010 0.000010 0.000010 0.000010 0.000010 0.000010 0.000010 0.000010 0.000010 0.000010 0.000010 0.999810 0.000010 0.000010 0.000010 0.000010 0.000010 0.000010 0.000010 0.000010
0.000019 0.000010 0.000010 0.000010 0.000010 0.000010 0.000010 0.000010 0.000010 0.000010 0.000010 0.000010 0.000010 0.000010 0.000010 0.000010 0.000010 0.000010 0.999801 0.000010
0.000010 0.000010 0.000010 0.000010 0.000010 0.000010 0.000010 0.000010 0.000010 0.000010 0.000010 0.000010 0.000010 0.000010 0.000010 0.000010 0.000010 0.000010 0.999810 0.000010
0.237347 0.000010 0.000010 0.000010 0.000010 0.000010 0.000010 0.000010 0.000010 0.000010 0.000010 0.000010 0.000010 0.000010 0.000010 0.762473 0.000010 0.000010 0.000010 0.000010
0.000010 0.000010 0.000010 0.000010 0.000010 0.000010 0.000010 0.000010 0.000010 0.000010 0.000010 0.000010 0.000010 0.000010 0.000010 0.000010 0.000010 0.000010 0.999810 0.000010
0.000010 0.000010 0.000010 0.000010 0.000010 0.000010 0.905243 0.000010 0.000950 0.000010 0.000010 0.000010 0.000010 0.000010 0.000010 0.000010 0.000010 0.000010 0.000010 0.093637
0.000010 0.000010 0.000010 0.000010 0.000010 0.000010 0.000010 0.000010 0.000010 0.000010 0.000010 0.000010 0.000010 0.000010 0.000010 0.000010 0.000010 0.421207 0.578613 0.000010
0.000010 0.000010 0.000010 0.000010 0.000010 0.000010 0.000010 0.000010 0.000010 0.000010 0.000010 0.000010 0.000010 0.000010 0.000010 0.000010 0.000010 0.423611 0.576209 0.000010
0.000016 0.000010 0.000010 0.117817 0.000010 0.000010 0.027301 0.000010 0.182012 0.059719 0.000010 0.000010 0.052505 0.027236 0.000010 0.000017 0.000010 0.006489 0.000010 0.526787
0.000010 0.000010 0.000010 0.000010 0.000010 0.000010 0.000010 0.000010 0.000010 0.000010 0.000010 0.000010 0.000010 0.000010 0.000010 0.000010 0.000010 0.449264 0.550556 0.000010
0.000010 0.000010 0.831186 0.000010 0.003650 0.000010 0.040309 0.002779 0.000010 0.000010 0.100133 0.000010 0.011761 0.000010 0.000010 0.000010 0.000010 0.010052 0.000010 0.000010
0.163141 0.017878 0.000010 0.035943 0.098366 0.018575 0.090826 0.029651 0.000010 0.000010 0.078262 0.000010 0.059771 0.100718 0.072678 0.086803 0.001072 0.122534 0.023731 0.000010
0.000010 0.018800 0.000010 0.000010 0.000010 0.018263 0.071137 0.009447 0.101830 0.007430 0.001679 0.000010 0.000010 0.129462 0.013298 0.000010 0.236238 0.000010 0.000010 0.392325
0.024657 0.016257 0.000010 0.000010 0.000010 0.000010 0.000010 0.000744 0.000010 0.000010 0.000010 0.042920 0.774943 0.000010 0.036671 0.000010 0.009805 0.053010 0.040884 0.000010
0.000010 0.000010 0.000010 0.000010 0.000010 0.000010 0.000010 0.000010 0.000010 0.000010 0.000010 0.000010 0.000010 0.000010 0.000010 0.000010 0.999810 0.000010 0.000010 0.000010
0.000010 0.000010 0.000010 0.000010 0.000010 0.000010 0.000010 0.000010 0.000010 0.000010 0.000010 0.000010 0.000010 0.000010 0.000010 0.000010 0.999810 0.000010 0.000010 0.000010
0.000010 0.000010 0.000010 0.000010 0.219893 0.000010 0.000010 0.000010 0.000010 0.000010 0.000010 0.006025 0.000010 0.000010 0.000010 0.000010 0.018531 0.000010 0.000010 0.755391
0.000010 0.000010 0.000010 0.000010 0.006660 0.000010 0.074135 0.015248 0.000010 0.000010 0.000010 0.013355 0.030853 0.000010 0.174599 0.000010 0.075341 0.000010 0.609688 0.000010
0.012115 0.037210 0.000010 0.354367 0.009919 0.000010 0.013431 0.061722 0.014619 0.000010 0.000010 0.000010 0.000010 0.076412 0.032900 0.015243 0.019827 0.000010 0.016212 0.335954
0.005731 0.006209 0.000010 0.059753 0.062751 0.000010 0.000010 0.009710 0.006601 0.025216 0.000010 0.000010 0.000010 0.000010 0.000010 0.000010 0.018845 0.000010 0.064628 0.740455
0.000010 0.000010 0.000010 0.004634 0.000011 0.000010 0.012525 0.000010 0.000010 0.000010 0.000010 0.000010 0.000010 0.000010 0.019436 0.029420 0.325566 0.006312 0.201086 0.400900
0.000010 0.000010 0.000010 0.065000 0.040445 0.000010 0.148808 0.000010 0.000652 0.017349 0.060340 0.000010 0.000010 0.215867 0.041574 0.009429 0.000010 0.400437 0.000010 0.000010
0.005588 0.018318 0.000010 0.183939 0.000010 0.020501 0.019789 0.000010 0.000010 0.723134 0.000010 0.000010 0.000010 0.000010 0.017160 0.003467 0.000010 0.000010 0.007995 0.000010
0.041589 0.043065 0.000010 0.539632 0.129178 0.000010 0.095181 0.000010 0.000010 0.024157 0.002456 0.000010 0.000010 0.078973 0.000010 0.045658 0.000010 0.000010 0.000010 0.000010
0.077462 0.000010 0.000010 0.000010 0.000010 0.000010 0.023939 0.000010 0.000010 0.000010 0.000010 0.186195 0.649627 0.000010 0.049665 0.000010 0.000010 0.000010 0.007110 0.005872
0.000010 0.000010 0.000010 0.000010 0.000010 0.000010 0.000010 0.000010 0.000010 0.000010 0.000010 0.010619 0.000010 0.000010 0.065792 0.000010 0.075372 0.013519 0.834548 0.000010
0.003942 0.000010 0.000010 0.000010 0.000010 0.000010 0.000010 0.000010 0.000010 0.000010 0.024920 0.076197 0.824986 0.000010 0.056120 0.013695 0.000010 0.000010 0.000010 0.000010
0.000010 0.000010 0.000010 0.000010 0.000010 0.000010 0.000010 0.000010 0.000010 0.000010 0.000010 0.999810 0.000010 0.000010 0.000010 0.000010 0.000010 0.000010 0.000010 0.000010
0.000010 0.055598 0.000010 0.344830 0.041792 0.029017 0.000010 0.000010 0.093802 0.065687 0.000010 0.000010 0.031601 0.000010 0.000010 0.000010 0.000010 0.005003 0.000010 0.332558
0.000010 0.000010 0.000010 0.000010 0.478270 0.000010 0.000010 0.000010 0.000010 0.000010 0.000010 0.000010 0.000010 0.000010 0.000010 0.009377 0.000010 0.000010 0.000010 0.512183
0.000010 0.000010 0.000010 0.000010 0.000010 0.000010 0.000010 0.000010 0.000010 0.000010 0.643785 0.000010 0.000010 0.000010 0.000010 0.356035 0.000010 0.000010 0.000010 0.000010
0.000010 0.030578 0.011048 0.000010 0.392607 0.000010 0.015859 0.000010 0.000010 0.000010 0.000010 0.000010 0.000010 0.000010 0.034863 0.021433 0.000010 0.000010 0.000010 0.493481
0.000010 0.000010 0.000010 0.000010 0.385855 0.000010 0.000010 0.000010 0.000010 0.000010 0.000010 0.000010 0.000010 0.000010 0.000010 0.000010 0.000010 0.000010 0.000010 0.613965
0.000010 0.034786 0.000010 0.000010 0.071563 0.000010 0.000010 0.010453 0.000010 0.021570 0.000010 0.000010 0.000010 0.012320 0.023521 0.000010 0.000010 0.000010 0.000010 0.825657
0.129863 0.000010 0.031640 0.001759 0.110352 0.000010 0.069276 0.023628 0.199205 0.000010 0.000010 0.000010 0.182777 0.205510 0.000010 0.000010 0.000010 0.045890 0.000010 0.000010
0.999810 0.000010 0.000010 0.000010 0.000010 0.000010 0.000010 0.000010 0.000010 0.000010 0.000010 0.000010 0.000010 0.000010 0.000010 0.000010 0.000010 0.000010 0.000010 0.000010
0.000010 0.131966 0.000010 0.000010 0.206675 0.000010 0.052949 0.000010 0.000010 0.000010 0.000010 0.004992 0.000010 0.014752 0.000010 0.016844 0.043941 0.042956 0.013640 0.471186
0.000010 0.000010 0.000010 0.000010 0.000010 0.000010 0.000010 0.000010 0.000010 0.000010 0.000010 0.999810 0.000010 0.000010 0.000010 0.000010 0.000010 0.000010 0.000010 0.000010
0.000010 0.030338 0.000010 0.084512 0.884980 0.000010 0.000010 0.000010 0.000010 0.000010 0.000010 0.000010 0.000010 0.000010 0.000010 0.000010 0.000010 0.000010 0.000010 0.000010
0.000010 0.000010 0.000010 0.036654 0.062813 0.014208 0.032477 0.000010 0.132007 0.000015 0.000010 0.000010 0.000010 0.060519 0.000010 0.000010 0.155879 0.000010 0.028624 0.476705
0.000010 0.001763 0.026844 0.000010 0.000010 0.077678 0.000010 0.001873 0.011531 0.000010 0.097664 0.221336 0.193172 0.074335 0.067435 0.025549 0.030140 0.089943 0.080678 0.000010
0.043928 0.000010 0.041318 0.312793 0.423878 0.000010 0.000010 0.022623 0.000010 0.024822 0.000010 0.007143 0.007771 0.037677 0.002184 0.031766 0.000010 0.025704 0.000010 0.018324
0.000010 0.000010 0.000010 0.000010 0.000013 0.000010 0.000011 0.000010 0.000010 0.000011 0.000010 0.000010 0.000010 0.000010 0.000010 0.000010 0.000010 0.000010 0.999805 0.000010
0.000010 0.000010 0.000010 0.000010 0.476419 0.000010 0.000010 0.000010 0.000010 0.000010 0.000010 0.000010 0.000010 0.000010 0.000010 0.000010 0.033432 0.000010 0.014744 0.475245
0.000010 0.000010 0.000010 0.000010 0.509347 0.000010 0.000010 0.000010 0.000010 0.000010 0.000010 0.000010 0.000010 0.000010 0.000010 0.000010 0.020880 0.000010 0.000010 0.469603
0.000010 0.000010 0.000010 0.000010 0.547804 0.000010 0.000010 0.000010 0.000010 0.022143 0.000010 0.000010 0.000010 0.000010 0.000010 0.000010 0.000010 0.000010 0.000010 0.429883
0.000010 0.000010 0.000010 0.030303 0.036051 0.000010 0.109138 0.020404 0.000010 0.018412 0.000010 0.001898 0.000010 0.032216 0.000010 0.000010 0.010775 0.004423 0.019227 0.717062
0.052766 0.000010 0.000010 0.042623 0.000010 0.000010 0.001396 0.004087 0.534355 0.002372 0.000010 0.001913 0.008453 0.067479 0.000010 0.000010 0.115325 0.000010 0.031678 0.137472
0.000010 0.069790 0.000010 0.051741 0.549313 0.000010 0.066809 0.000010 0.000010 0.000010 0.000010 0.046460 0.000010 0.006961 0.053275 0.010276 0.041262 0.000010 0.015258 0.088765
0.000010 0.000010 0.000010 0.000010 0.014704 0.000010 0.000010 0.000010 0.026216 0.143493 0.000010 0.000010 0.000010 0.000010 0.000010 0.048107 0.000010 0.000010 0.000010 0.767330
0.000010 0.000010 0.000010 0.000010 0.000010 0.000010 0.000010 0.000010 0.000010 0.002363 0.000010 0.000010 0.000010 0.000010 0.000010 0.000010 0.000010 0.000010 0.033732 0.963735
0.000010 0.229804 0.000010 0.127152 0.452524 0.000010 0.000010 0.000010 0.000010 0.000010 0.000010 0.002124 0.017386 0.000010 0.014361 0.000010 0.078367 0.034526 0.000010 0.043644
0.000010 0.014697 0.000010 0.005333 0.015689 0.000010 0.000010 0.000010 0.000010 0.022761 0.000010 0.000010 0.000010 0.009322 0.000010 0.000010 0.142755 0.000010 0.093685 0.695637
0.000010 0.102476 0.000010 0.000010 0.632784 0.000010 0.000010 0.000010 0.000010 0.000010 0.000010 0.004418 0.000010 0.096990 0.070787 0.000010 0.059247 0.000010 0.033168 0.000010
0.016118 0.005637 0.000010 0.096907 0.021964 0.003928 0.000010 0.000010 0.000010 0.044700 0.016499 0.000010 0.000010 0.000010 0.000010 0.000010 0.035592 0.024070 0.049180 0.685316
